-269
-258
-249
-243
-241
-241
-244
-251
-262
-276
-291
-300
-302
-298
-292
-284
-275
-263
-246
-224
-201
-180
-162
-147
-134
-121
-111
-105
-105
-107
-109
-114
-122
-133
-147
-163
-183
-205
-222
-231
-232
-231
-231
-234
-238
-243
-247
-250
-250
-252
-255
-260
-266
-274
-283
-292
-301
-311
-322
-334
-346
-358
-372
-385
-397
-406
-413
-420
-428
-439
-450
-462
-476
-491
-508
-525
-539
-553
-566
-575
-579
-581
-583
-587
-590
-590
-588
-585
-583
-580
-576
-573
-569
-566
-562
-559
-558
-559
-560
-560
-560
-561
-565
-570
-573
-574
-571
-563
-550
-534
-516
-499
-485
-473
-459
-445
-432
-417
-402
-385
-368
-352
-337
-325
-317
-312
-309
-308
-306
-302
-297
-290
-281
-270
-256
-239
-222
-205
-191
-177
-163
-149
-136
-124
-114
-105
-97
-90
-87
-89
-94
-99
-106
-116
-128
-142
-156
-166
-173
-174
-171
-164
-158
-152
-145
-138
-131
-128
-126
-125
-126
-129
-135
-143
-152
-158
-161
-160
-160
-159
-160
-165
-174
-185
-197
-207
-219
-229
-235
-240
-246
-252
-254
-252
-245
-232
-212
-187
-159
-128
-94
-61
-32
-9
9
21
29
36
42
46
48
47
43
38
35
31
30
31
37
51
73
101
135
174
217
261
305
348
386
415
438
456
468
473
475
475
475
478
481
483
479
471
462
455
455
461
476
497
521
545
567
587
600
605
607
607
610
615
625
635
643
650
665
684
703
724
751
779
803
818
826
832
842
853
862
869
878
888
900
916
933
950
969
985
998
1005
1005
998
990
986
984
981
975
961
937
903
863
821
779
737
696
658
619
578
537
502
475
456
444
437
435
434
429
415
396
374
352
335
326
326
333
345
358
371
384
399
412
416
409
394
377
362
349
338
331
330
333
339
347
358
371
379
382
382
381
379
375
371
364
353
334
311
294
286
287
294
302
309
308
297
279
258
241
226
211
200
194
193
196
204
214
225
241
259
270
272
273
271
266
259
254
255
257
255
245
236
230
226
219
206
183
153
126
106
90
77
67
64
67
77
87
86
60
10
-48
-98
-134
-163
-186
-199
-195
-177
-152
-128
-109
-95
-90
-96
-109
-124
-134
-138
-137
-130
-113
-88
-54
-21
0
10
21
41
66
94
124
156
189
224
256
283
302
314
318
321
323
322
315
299
277
251
225
202
183
167
151
139
131
123
112
100
91
85
81
81
84
88
92
93
94
98
99
89
72
52
33
17
-1
-29
-64
-95
-120
-145
-174
-206
-238
-272
-312
-357
-406
-451
-487
-514
-534
-548
-554
-553
-548
-542
-536
-530
-524
-517
-516
-523
-534
-541
-541
-535
-522
-507
-493
-481
-469
-456
-444
-439
-440
-443
-447
-456
-470
-488
-508
-528
-546
-563
-585
-610
-634
-651
-663
-677
-697
-722
-743
-756
-764
-781
-811
-839
-841
-826
-819
-819
-813
-801
-790
-777
-756
-729
-708
-695
-685
-677
-672
-669
-670
-681
-701
-722
-740
-760
-785
-812
-836
-860
-883
-901
-911
-917
-926
-939
-956
-974
-992
-1008
-1020
-1030
-1035
-1039
-1043
-1049
-1055
-1059
-1062
-1064
-1059
-1044
-1024
-1006
-990
-977
-968
-960
-955
-951
-951
-954
-959
-963
-967
-973
-981
-990
-998
-1008
-1019
-1029
-1038
-1045
-1052
-1057
-1060
-1056
-1046
-1033
-1019
-1003
-979
-950
-919
-891
-872
-863
-860
-860
-859
-857
-856
-857
-854
-843
-823
-796
-760
-718
-676
-640
-612
-592
-576
-562
-548
-536
-524
-512
-497
-481
-462
-439
-417
-395
-371
-349
-331
-317
-308
-304
-303
-305
-309
-311
-310
-311
-315
-318
-321
-324
-328
-331
-333
-334
-332
-330
-328
-329
-331
-331
-329
-321
-308
-294
-279
-260
-237
-213
-189
-164
-138
-114
-93
-77
-64
-52
-39
-26
-13
0
17
37
58
76
92
111
134
160
186
212
238
262
286
312
341
367
385
399
412
426
442
461
481
497
512
528
543
555
568
579
586
589
593
596
597
598
598
594
586
571
552
530
504
476
447
418
391
368
350
337
330
328
331
338
349
365
383
404
427
446
459
463
461
453
438
418
393
367
339
308
275
239
201
162
121
78
34
-9
-49
-85
-119
-151
-184
-217
-249
-279
-306
-333
-359
-384
-408
-428
-445
-461
-476
-489
-501
-514
-529
-546
-563
-578
-591
-603
-615
-627
-638
-650
-661
-669
-676
-681
-684
-686
-685
-682
-679
-681
-689
-700
-715
-734
-751
-763
-772
-781
-794
-811
-828
-843
-854
-863
-870
-878
-885
-891
-898
-908
-922
-937
-952
-967
-980
-992
-1001
-1009
-1015
-1020
-1022
-1019
-1012
-1007
-1005
-1008
-1013
-1017
-1014
-1000
-981
-965
-953
-944
-942
-946
-955
-967
-984
-1005
-1025
-1043
-1062
-1083
-1104
-1123
-1143
-1165
-1191
-1219
-1247
-1270
-1286
-1298
-1309
-1317
-1320
-1317
-1303
-1279
-1249
-1222
-1206
-1200
-1200
-1202
-1205
-1207
-1208
-1208
-1209
-1206
-1199
-1188
-1172
-1149
-1118
-1083
-1048
-1013
-980
-946
-914
-887
-863
-841
-821
-803
-789
-779
-772
-769
-769
-772
-772
-769
-763
-752
-734
-712
-689
-665
-641
-621
-609
-603
-600
-597
-597
-598
-601
-605
-609
-612
-613
-614
-616
-619
-623
-627
-632
-637
-643
-649
-654
-653
-646
-633
-615
-595
-577
-562
-550
-539
-529
-519
-509
-500
-491
-483
-476
-468
-455
-439
-422
-408
-399
-393
-388
-382
-373
-363
-355
-350
-347
-344
-342
-341
-340
-336
-330
-324
-319
-316
-315
-314
-315
-315
-314
-312
-310
-308
-308
-309
-309
-308
-306
-305
-303
-301
-300
-300
-301
-301
-300
-297
-296
-298
-304
-310
-314
-315
-314
-313
-315
-320
-325
-329
-333
-337
-342
-349
-355
-361
-367
-373
-376
-374
-369
-363
-358
-355
-356
-359
-361
-359
-353
-344
-330
-307
-277
-243
-207
-172
-140
-115
-99
-92
-89
-86
-86
-89
-93
-96
-98
-102
-106
-107
-105
-98
-87
-74
-58
-41
-24
-9
4
14
24
31
36
41
48
54
61
70
82
93
103
111
119
125
128
131
134
137
138
139
142
146
149
152
153
152
150
147
143
139
134
126
116
104
91
77
62
47
33
23
15
8
3
-1
-5
-8
-9
-10
-11
-13
-16
-17
-18
-18
-18
-17
-19
-22
-23
-24
-25
-25
-25
-26
-28
-30
-32
-34
-35
-35
-35
-37
-42
-47
-51
-55
-59
-64
-68
-73
-77
-83
-88
-93
-97
-102
-107
-114
-122
-130
-137
-142
-147
-153
-157
-161
-163
-165
-166
-164
-161
-156
-148
-138
-128
-117
-104
-87
-68
-48
-29
-9
12
35
57
78
98
118
136
153
168
182
195
206
219
231
241
249
256
261
266
270
275
279
282
284
287
291
295
300
307
315
321
327
333
338
341
346
351
356
358
357
351
340
324
304
284
265
249
236
228
222
221
224
230
239
252
267
282
296
308
316
324
331
336
341
344
345
345
345
343
338
329
316
300
282
264
247
229
213
199
189
181
174
168
162
155
145
134
124
116
109
101
91
84
80
78
81
86
92
99
108
116
123
129
134
141
149
157
164
169
171
174
177
178
176
172
166
159
152
144
133
122
111
99
86
73
60
46
29
11
-6
-20
-27
-29
-27
-24
-24
-22
-18
-10
3
20
40
60
78
95
109
118
125
130
132
133
132
130
129
127
123
119
115
108
102
99
101
105
111
117
121
122
123
125
128
133
138
144
149
154
162
173
186
196
202
202
197
191
184
177
172
170
171
173
174
174
174
177
184
192
203
211
217
221
222
220
217
213
208
200
191
181
169
154
139
124
108
91
74
56
39
22
7
-7
-20
-32
-41
-49
-56
-61
-66
-70
-75
-80
-87
-94
-101
-110
-119
-127
-136
-144
-152
-159
-165
-168
-169
-168
-166
-164
-162
-158
-154
-150
-148
-148
-154
-165
-180
-197
-214
-227
-237
-243
-246
-249
-250
-252
-255
-260
-267
-271
-275
-276
-275
-274
-272
-268
-264
-258
-252
-246
-239
-231
-227
-225
-226
-227
-230
-233
-235
-239
-242
-243
-241
-236
-229
-221
-211
-199
-187
-179
-174
-169
-163
-157
-149
-143
-140
-142
-149
-160
-173
-189
-209
-230
-252
-276
-299
-324
-351
-378
-406
-435
-462
-488
-515
-544
-574
-605
-636
-662
-685
-707
-727
-745
-759
-770
-780
-788
-794
-799
-802
-802
-799
-797
-794
-791
-791
-797
-807
-819
-831
-843
-858
-871
-883
-894
-905
-914
-922
-929
-934
-937
-934
-928
-923
-918
-914
-913
-914
-920
-931
-947
-966
-986
-1006
-1022
-1031
-1034
-1033
-1030
-1029
-1029
-1026
-1020
-1008
-993
-979
-968
-958
-950
-942
-937
-934
-932
-928
-923
-918
-911
-899
-885
-870
-859
-851
-845
-841
-839
-839
-840
-840
-840
-839
-841
-846
-855
-866
-877
-887
-896
-903
-909
-914
-917
-919
-919
-919
-917
-912
-902
-889
-876
-859
-840
-820
-801
-781
-762
-744
-725
-703
-681
-659
-638
-617
-597
-579
-565
-555
-545
-537
-529
-520
-513
-507
-501
-494
-484
-470
-451
-427
-401
-375
-347
-312
-272
-233
-195
-157
-121
-87
-56
-25
2
25
45
65
86
107
123
131
134
138
145
156
171
190
213
235
253
267
283
301
322
345
366
388
411
435
458
479
497
514
531
550
568
585
599
613
626
637
645
649
649
647
647
646
647
650
652
654
657
661
664
666
665
662
656
650
645
641
640
641
644
650
657
665
673
679
682
681
679
677
675
675
674
674
675
676
677
677
676
675
671
665
655
643
633
623
615
606
597
587
578
569
562
560
561
563
565
565
563
560
558
556
551
545
539
534
527
517
505
490
474
455
434
410
387
366
347
330
314
298
284
271
259
248
235
222
209
197
187
176
163
148
129
108
85
65
49
36
24
15
7
1
-2
-4
-6
-9
-10
-7
3
19
37
51
63
76
92
107
118
127
142
165
195
226
254
280
305
333
365
398
427
453
478
502
525
548
570
592
615
636
656
671
680
685
691
696
697
695
692
690
690
692
694
695
695
695
696
698
699
697
694
689
683
676
672
670
668
667
668
671
676
681
685
686
686
686
687
690
694
696
698
701
704
708
714
724
735
747
758
767
774
780
786
794
799
799
795
790
783
775
764
752
740
728
715
701
685
665
641
615
587
558
530
500
471
443
418
397
377
360
344
332
321
313
306
302
299
298
298
298
299
301
305
314
326
339
353
369
387
407
426
445
466
489
513
536
558
578
598
616
633
647
656
659
659
658
657
653
647
639
629
616
603
586
566
544
522
499
477
457
439
424
411
401
393
388
386
387
390
397
405
414
425
437
446
454
460
466
472
479
491
503
514
522
528
534
540
546
553
561
567
574
581
588
595
603
611
619
626
632
638
646
656
665
673
681
688
694
699
702
706
710
715
719
721
723
724
725
726
725
723
719
716
712
709
704
700
697
693
690
688
687
686
685
684
683
682
682
683
683
683
682
682
681
680
679
679
677
675
671
668
665
662
657
653
649
645
642
640
638
634
628
621
616
613
610
605
600
595
590
586
582
576
568
561
555
549
542
535
529
524
519
513
507
502
500
499
497
495
491
489
488
486
484
480
475
468
457
444
430
415
398
379
360
339
316
295
275
256
239
223
208
194
182
173
167
165
163
161
159
158
156
153
150
145
139
131
121
112
102
93
82
69
53
36
21
7
-4
-16
-29
-40
-50
-56
-59
-60
-59
-57
-54
-48
-40
-31
-21
-12
-3
5
13
19
24
30
33
34
34
33
34
37
39
40
40
42
47
55
64
75
85
94
102
107
109
108
107
106
106
107
110
115
124
136
151
168
189
212
239
266
295
325
355
386
416
443
467
487
502
513
523
530
536
543
550
557
559
559
554
544
531
516
499
479
457
436
414
392
372
352
334
317
300
281
264
250
237
220
202
183
162
138
111
80
48
13
-25
-68
-114
-161
-210
-261
-314
-367
-419
-470
-520
-569
-616
-661
-701
-740
-779
-818
-858
-898
-935
-968
-997
-1026
-1053
-1079
-1105
-1131
-1158
-1183
-1208
-1232
-1256
-1280
-1303
-1322
-1338
-1351
-1360
-1367
-1373
-1379
-1384
-1386
-1389
-1394
-1400
-1404
-1405
-1405
-1405
-1404
-1403
-1400
-1397
-1393
-1391
-1389
-1387
-1385
-1385
-1384
-1384
-1383
-1382
-1381
-1379
-1378
-1377
-1377
-1378
-1382
-1390
-1398
-1406
-1413
-1419
-1425
-1431
-1438
-1445
-1451
-1454
-1456
-1457
-1460
-1464
-1468
-1470
-1473
-1477
-1482
-1488
-1494
-1500
-1506
-1513
-1520
-1530
-1541
-1552
-1564
-1576
-1588
-1601
-1615
-1631
-1648
-1664
-1680
-1696
-1712
-1726
-1737
-1746
-1752
-1756
-1760
-1765
-1771
-1780
-1788
-1795
-1799
-1803
-1806
-1808
-1808
-1807
-1805
-1803
-1801
-1798
-1795
-1791
-1786
-1779
-1771
-1763
-1755
-1748
-1740
-1734
-1729
-1724
-1721
-1719
-1717
-1713
-1708
-1702
-1694
-1683
-1666
-1646
-1623
-1598
-1573
-1549
-1526
-1502
-1475
-1444
-1411
-1376
-1340
-1301
-1263
-1226
-1189
-1151
-1110
-1067
-1020
-970
-917
-867
-826
-795
-772
-752
-733
-714
-698
-689
-686
-685
-682
-678
-675
-672
-668
-662
-654
-646
-637
-627
-616
-600
-580
-557
-534
-510
-484
-454
-421
-387
-357
-330
-305
-280
-255
-232
-208
-186
-166
-148
-134
-127
-128
-133
-140
-148
-157
-166
-175
-182
-188
-194
-202
-211
-222
-232
-239
-242
-243
-245
-250
-257
-265
-269
-267
-260
-247
-231
-220
-216
-217
-217
-213
-210
-210
-213
-214
-214
-216
-222
-231
-240
-249
-257
-263
-270
-282
-296
-309
-318
-324
-328
-329
-326
-320
-312
-307
-305
-301
-294
-285
-276
-272
-272
-273
-269
-260
-247
-230
-214
-199
-183
-164
-147
-134
-123
-112
-96
-77
-56
-35
-13
9
33
57
81
105
128
147
163
175
186
196
206
215
225
235
245
255
264
271
276
281
284
288
291
295
302
308
315
320
325
330
333
334
335
337
341
345
348
349
348
346
342
338
333
329
325
321
317
312
306
298
288
279
271
263
255
247
240
232
224
217
208
200
194
187
181
173
167
163
161
162
164
165
168
173
178
184
189
192
194
196
197
197
197
199
200
200
197
194
192
191
190
190
191
195
201
208
216
225
234
243
252
261
271
279
286
293
299
304
307
308
308
306
303
300
296
289
276
259
238
215
191
169
147
128
109
90
70
50
28
5
-18
-40
-60
-79
-94
-101
-100
-92
-83
-73
-63
-49
-31
-11
7
20
27
27
20
8
-8
-27
-46
-66
-90
-119
-155
-192
-226
-255
-283
-310
-335
-356
-373
-390
-405
-417
-426
-430
-429
-421
-409
-397
-389
-388
-391
-399
-409
-421
-432
-443
-453
-464
-476
-486
-496
-506
-517
-526
-532
-534
-534
-534
-535
-535
-534
-533
-531
-529
-529
-527
-526
-525
-526
-528
-527
-522
-517
-513
-509
-503
-495
-487
-477
-469
-463
-459
-458
-459
-462
-466
-469
-472
-474
-478
-481
-483
-483
-481
-478
-472
-465
-456
-448
-439
-432
-425
-419
-417
-418
-425
-434
-445
-456
-467
-476
-487
-497
-505
-511
-517
-523
-529
-534
-538
-542
-544
-545
-545
-546
-544
-541
-536
-532
-528
-522
-516
-511
-508
-507
-504
-500
-496
-493
-492
-491
-488
-484
-481
-479
-477
-476
-474
-470
-464
-457
-448
-438
-428
-418
-407
-397
-388
-379
-369
-357
-344
-331
-319
-308
-297
-286
-275
-266
-256
-246
-236
-225
-213
-201
-190
-179
-169
-162
-156
-151
-147
-142
-136
-129
-121
-113
-104
-95
-86
-75
-62
-47
-29
-11
7
26
45
63
82
101
120
135
147
159
173
188
200
210
221
232
245
258
271
282
292
300
308
316
323
329
336
342
349
356
360
364
367
371
374
376
377
376
373
368
361
352
342
334
326
317
308
300
293
286
280
274
267
260
252
246
240
232
224
217
209
198
184
168
151
134
118
104
93
82
73
67
62
58
54
52
51
51
53
58
64
72
81
90
99
110
122
134
146
159
171
183
194
206
215
222
228
234
239
241
241
240
237
233
229
226
223
221
219
216
211
205
199
191
181
173
165
157
147
136
127
119
112
105
97
91
85
79
74
69
66
63
61
59
59
59
60
60
61
61
60
60
61
63
66
71
79
87
93
97
99
101
102
102
103
104
105
105
104
104
104
107
111
116
119
121
122
122
121
119
116
112
108
104
100
99
98
98
98
99
103
109
117
126
135
146
155
162
168
175
182
189
195
199
202
204
205
206
208
211
216
220
222
225
229
235
242
247
252
255
261
270
279
285
292
300
308
316
324
333
341
349
356
363
369
376
383
390
399
408
418
425
432
439
446
453
459
466
475
483
489
494
500
506
511
513
517
523
529
535
541
546
551
556
561
568
576
585
592
598
603
606
609
611
613
614
614
613
611
607
602
596
588
578
568
558
547
535
523
510
500
491
483
476
471
466
462
459
457
455
453
451
448
447
447
446
446
447
449
452
456
461
468
474
479
481
480
477
474
469
463
456
449
441
432
424
418
414
412
409
406
405
404
403
400
397
394
391
387
383
378
375
373
374
377
383
390
398
405
411
418
425
432
435
436
434
431
426
418
407
394
381
367
352
334
316
297
276
256
237
219
202
186
172
160
150
141
133
126
122
120
120
123
129
138
147
156
163
170
175
180
185
188
188
185
178
169
159
149
138
126
113
100
87
75
63
53
41
28
16
5
-6
-16
-27
-35
-42
-50
-57
-64
-73
-82
-91
-101
-112
-125
-138
-151
-163
-175
-184
-192
-197
-202
-208
-216
-228
-241
-254
-262
-266
-266
-269
-276
-287
-299
-308
-311
-307
-295
-275
-248
-217
-184
-153
-127
-104
-85
-68
-56
-47
-40
-34
-26
-15
0
17
34
52
71
89
106
121
136
149
162
174
185
195
202
206
210
215
222
233
248
265
283
302
320
336
349
359
368
375
381
386
390
393
394
393
389
384
379
373
366
358
350
341
332
324
316
309
300
291
280
268
255
243
231
221
212
203
194
186
178
171
166
164
164
164
164
162
159
155
149
143
136
129
122
114
104
95
86
77
69
61
55
52
51
50
49
48
50
52
54
54
54
53
51
49
48
47
47
47
47
45
41
34
26
16
5
-6
-16
-25
-33
-42
-52
-62
-73
-82
-89
-95
-103
-112
-121
-131
-139
-145
-152
-158
-165
-172
-176
-180
-185
-191
-198
-206
-212
-218
-222
-226
-229
-232
-235
-239
-242
-243
-245
-247
-248
-248
-248
-248
-249
-251
-253
-255
-257
-259
-261
-263
-265
-267
-269
-270
-270
-269
-266
-260
-252
-243
-233
-222
-210
-199
-189
-181
-174
-169
-164
-160
-158
-160
-164
-170
-178
-189
-199
-210
-219
-225
-231
-235
-240
-243
-245
-245
-242
-237
-229
-220
-211
-201
-191
-179
-169
-159
-151
-143
-136
-131
-128
-125
-122
-118
-114
-112
-113
-115
-118
-121
-124
-128
-132
-137
-142
-147
-151
-156
-162
-171
-180
-188
-197
-207
-219
-230
-242
-253
-266
-280
-295
-310
-324
-337
-351
-365
-377
-388
-399
-409
-419
-427
-434
-438
-440
-440
-438
-438
-438
-438
-437
-437
-438
-440
-444
-448
-452
-457
-465
-475
-486
-496
-506
-517
-527
-538
-548
-557
-564
-571
-576
-579
-582
-584
-586
-586
-585
-585
-585
-584
-583
-581
-582
-583
-583
-583
-583
-583
-582
-579
-576
-573
-569
-565
-558
-551
-543
-534
-524
-514
-506
-499
-494
-490
-487
-485
-484
-483
-482
-482
-481
-479
-477
-474
-470
-465
-460
-456
-453
-451
-447
-444
-441
-439
-436
-436
-436
-436
-434
-433
-432
-432
-433
-435
-439
-444
-450
-456
-461
-466
-472
-480
-487
-495
-502
-507
-512
-519
-528
-537
-545
-552
-559
-568
-578
-588
-597
-605
-612
-616
-619
-623
-625
-627
-628
-630
-631
-632
-632
-632
-633
-633
-634
-636
-638
-642
-644
-647
-649
-652
-657
-661
-665
-666
-665
-661
-656
-651
-645
-641
-638
-634
-629
-623
-618
-613
-607
-600
-592
-584
-575
-564
-550
-534
-518
-501
-484
-467
-449
-430
-411
-392
-376
-363
-354
-346
-339
-336
-336
-340
-346
-352
-358
-364
-370
-374
-378
-381
-382
-382
-379
-374
-366
-356
-346
-339
-336
-333
-328
-320
-308
-293
-278
-265
-254
-242
-229
-215
-203
-198
-200
-207
-217
-227
-238
-250
-264
-277
-289
-299
-310
-323
-341
-363
-386
-409
-428
-440
-443
-439
-425
-399
-363
-323
-286
-258
-241
-235
-233
-233
-229
-222
-214
-204
-192
-181
-171
-163
-158
-154
-148
-140
-130
-118
-106
-95
-83
-72
-64
-58
-53
-48
-45
-46
-48
-50
-51
-53
-57
-59
-62
-64
-67
-70
-75
-79
-82
-84
-87
-91
-94
-97
-101
-108
-115
-120
-124
-125
-126
-127
-129
-130
-131
-129
-124
-118
-110
-100
-88
-76
-63
-50
-38
-28
-18
-9
-3
2
7
13
20
29
36
43
50
60
69
74
77
78
78
78
78
81
89
102
117
128
138
150
165
182
198
213
226
240
255
270
283
295
307
320
334
348
362
374
385
394
404
416
428
442
457
472
485
494
502
510
518
523
527
529
530
530
529
528
528
530
533
538
540
539
538
534
530
524
518
512
507
501
496
492
491
491
494
498
502
510
521
534
547
557
567
578
590
602
614
626
636
645
654
661
667
671
673
676
678
679
678
675
670
666
661
656
650
642
632
620
608
594
579
566
553
540
528
515
502
488
474
460
447
435
424
413
400
384
367
350
333
316
297
278
261
244
226
207
188
172
158
145
132
120
108
97
91
87
84
84
84
84
85
87
86
84
82
79
78
79
84
90
98
110
126
146
168
191
216
243
275
310
344
375
397
409
411
406
396
381
365
350
333
313
290
267
244
223
207
195
186
180
173
164
154
142
130
119
110
103
96
90
84
79
76
75
78
82
87
95
106
119
135
150
163
175
187
199
211
222
232
241
250
258
266
276
286
297
309
319
328
337
344
349
352
354
354
352
348
342
335
329
322
314
304
293
284
276
267
258
249
239
232
226
221
218
217
220
226
235
246
256
265
273
280
289
300
311
320
330
342
355
368
382
397
411
426
441
455
469
484
500
516
532
547
564
582
600
619
635
650
664
678
693
709
724
738
749
762
776
792
810
830
852
875
899
924
951
980
1008
1036
1062
1087
1112
1138
1163
1187
1210
1232
1253
1272
1289
1303
1317
1328
1336
1341
1343
1341
1335
1327
1320
1311
1300
1290
1278
1265
1251
1238
1224
1212
1202
1192
1184
1175
1165
1152
1140
1128
1117
1106
1096
1088
1082
1076
1072
1068
1064
1063
1064
1065
1067
1069
1071
1076
1082
1089
1096
1104
1114
1123
1131
1138
1144
1150
1156
1162
1167
1171
1173
1174
1172
1168
1160
1149
1133
1116
1097
1075
1051
1024
996
969
944
922
901
881
863
848
835
824
817
815
817
820
823
822
818
810
801
791
780
766
749
732
714
699
686
676
669
663
656
649
642
636
635
639
649
661
673
682
688
691
691
687
680
668
655
644
634
626
617
607
598
590
581
571
565
562
560
559
559
558
556
554
556
563
570
575
575
573
571
568
565
564
563
561
556
549
540
532
526
521
516
512
511
512
514
516
516
517
519
522
526
533
540
546
552
557
560
564
568
575
583
589
592
595
597
598
599
600
602
603
602
601
600
601
602
604
607
612
617
620
621
622
622
621
620
619
617
615
609
603
597
590
585
579
571
563
555
545
536
529
522
515
506
498
490
482
475
469
465
464
466
469
473
477
480
482
483
485
485
483
479
473
466
460
454
449
444
440
436
434
433
432
432
433
434
437
441
443
445
448
453
459
466
475
488
505
523
540
555
567
577
582
582
579
573
566
555
544
531
519
511
506
503
501
500
502
506
511
516
520
524
529
536
542
549
557
563
569
573
575
576
574
570
564
556
546
536
525
511
497
480
463
445
427
406
383
357
329
300
271
240
207
172
137
102
68
34
-1
-34
-64
-91
-113
-132
-149
-166
-183
-199
-213
-223
-229
-233
-235
-236
-238
-239
-238
-236
-232
-228
-224
-220
-219
-220
-224
-230
-237
-244
-249
-251
-247
-240
-229
-215
-201
-188
-176
-164
-155
-146
-141
-137
-133
-129
-124
-117
-110
-103
-98
-95
-91
-87
-82
-76
-67
-58
-47
-36
-25
-13
0
13
28
42
55
71
87
105
120
132
142
151
157
163
167
170
173
176
179
184
191
199
210
224
240
258
278
300
325
351
377
404
431
455
476
493
508
520
528
530
528
523
517
511
506
502
497
491
485
480
476
472
469
467
465
462
459
457
455
454
453
452
453
455
457
458
458
458
458
457
457
456
456
458
463
468
473
478
484
490
495
499
503
507
511
514
517
521
524
528
533
537
540
541
541
543
545
548
553
558
562
565
567
570
573
574
573
570
566
561
554
545
534
523
511
499
488
477
467
457
448
441
436
432
427
424
421
418
417
415
414
411
408
403
397
391
385
380
376
371
366
362
359
356
352
347
342
335
325
313
299
283
270
259
252
250
251
257
266
278
294
313
336
361
384
406
426
445
463
480
494
506
517
527
535
544
554
564
575
586
596
605
613
620
624
625
623
622
621
622
623
624
625
625
624
622
622
620
618
619
626
637
653
671
692
714
735
756
778
798
819
839
860
881
901
919
936
953
968
981
990
996
998
997
993
987
981
975
970
965
960
955
948
942
935
928
920
910
900
890
880
869
857
846
834
822
809
798
788
778
768
758
746
734
723
712
700
688
677
668
661
657
657
659
662
666
671
674
676
678
680
682
683
681
677
671
661
648
634
618
601
584
569
555
540
526
515
504
494
485
477
470
460
447
431
413
396
379
362
344
324
306
291
278
264
250
235
220
206
193
183
173
162
148
133
115
95
77
63
52
42
31
19
6
-7
-21
-35
-49
-65
-81
-96
-109
-122
-137
-154
-172
-191
-210
-230
-250
-270
-289
-308
-329
-349
-368
-386
-405
-424
-444
-465
-488
-512
-535
-557
-580
-604
-629
-658
-688
-717
-741
-758
-767
-768
-766
-762
-757
-749
-739
-735
-738
-744
-748
-747
-744
-743
-744
-746
-747
-743
-734
-723
-711
-701
-691
-686
-685
-688
-693
-698
-702
-704
-706
-708
-714
-722
-733
-744
-752
-758
-761
-761
-757
-745
-727
-704
-678
-650
-621
-591
-561
-529
-498
-466
-434
-403
-374
-348
-323
-300
-280
-262
-245
-231
-219
-208
-198
-190
-185
-183
-182
-183
-184
-186
-189
-195
-202
-210
-220
-231
-245
-260
-274
-289
-305
-322
-340
-359
-378
-396
-412
-429
-444
-458
-471
-483
-494
-503
-511
-519
-527
-535
-542
-549
-553
-555
-556
-554
-552
-549
-545
-541
-537
-533
-529
-524
-521
-519
-518
-518
-518
-515
-510
-507
-505
-504
-504
-505
-506
-505
-503
-499
-496
-495
-496
-496
-491
-484
-475
-467
-459
-451
-443
-433
-421
-408
-395
-384
-374
-365
-355
-346
-339
-334
-331
-328
-326
-324
-319
-313
-305
-296
-287
-279
-273
-270
-268
-265
-261
-256
-251
-248
-244
-239
-234
-228
-221
-215
-211
-207
-203
-197
-191
-183
-176
-170
-165
-162
-158
-156
-156
-157
-158
-160
-163
-166
-170
-175
-178
-181
-184
-188
-194
-200
-204
-204
-203
-200
-197
-192
-185
-179
-172
-165
-156
-144
-133
-123
-114
-107
-100
-92
-83
-75
-69
-64
-60
-56
-52
-50
-49
-49
-52
-56
-61
-68
-75
-85
-97
-110
-125
-140
-154
-165
-176
-188
-202
-216
-230
-242
-252
-261
-269
-279
-287
-295
-300
-303
-304
-304
-304
-304
-305
-305
-303
-301
-298
-296
-294
-293
-290
-285
-282
-281
-284
-287
-288
-288
-287
-287
-288
-289
-289
-287
-285
-281
-278
-274
-270
-263
-255
-246
-236
-227
-220
-216
-216
-217
-219
-221
-224
-226
-228
-227
-224
-216
-206
-194
-180
-162
-143
-124
-107
-91
-78
-67
-58
-50
-42
-33
-23
-13
-4
5
15
24
32
39
44
48
49
46
42
37
31
22
11
-3
-19
-37
-54
-71
-89
-107
-124
-142
-162
-184
-205
-227
-250
-272
-295
-317
-340
-363
-386
-407
-427
-446
-464
-482
-500
-518
-535
-551
-566
-582
-597
-612
-626
-642
-660
-682
-705
-731
-758
-787
-816
-845
-872
-898
-922
-944
-965
-985
-1000
-1011
-1018
-1024
-1028
-1033
-1041
-1049
-1057
-1066
-1076
-1089
-1101
-1114
-1126
-1137
-1149
-1164
-1179
-1193
-1203
-1210
-1214
-1216
-1216
-1216
-1215
-1215
-1215
-1217
-1219
-1221
-1225
-1231
-1239
-1247
-1255
-1260
-1265
-1269
-1270
-1269
-1269
-1273
-1277
-1278
-1272
-1260
-1244
-1228
-1211
-1195
-1177
-1159
-1140
-1124
-1110
-1101
-1095
-1095
-1100
-1110
-1123
-1139
-1155
-1169
-1179
-1185
-1187
-1183
-1176
-1165
-1154
-1142
-1129
-1119
-1112
-1111
-1115
-1124
-1134
-1144
-1151
-1155
-1156
-1157
-1157
-1155
-1153
-1150
-1148
-1146
-1143
-1140
-1136
-1134
-1133
-1134
-1136
-1139
-1143
-1146
-1145
-1140
-1132
-1124
-1117
-1111
-1106
-1099
-1091
-1082
-1072
-1061
-1049
-1038
-1029
-1022
-1017
-1014
-1013
-1014
-1015
-1018
-1024
-1034
-1045
-1055
-1065
-1074
-1083
-1089
-1093
-1094
-1091
-1084
-1075
-1066
-1059
-1053
-1047
-1040
-1031
-1019
-1006
-994
-982
-971
-958
-944
-927
-910
-892
-874
-856
-839
-822
-805
-788
-772
-754
-736
-719
-704
-689
-670
-648
-625
-603
-581
-563
-550
-540
-534
-531
-528
-524
-521
-518
-516
-515
-517
-525
-536
-549
-563
-577
-590
-601
-609
-613
-614
-613
-614
-617
-622
-629
-638
-648
-662
-678
-695
-712
-727
-740
-751
-762
-773
-787
-803
-820
-836
-853
-871
-887
-898
-905
-908
-910
-911
-911
-907
-903
-900
-898
-897
-896
-895
-891
-888
-884
-880
-875
-869
-863
-857
-852
-844
-838
-836
-843
-859
-876
-891
-902
-911
-920
-930
-938
-945
-953
-965
-978
-993
-1006
-1016
-1024
-1031
-1035
-1036
-1033
-1029
-1025
-1018
-1009
-998
-987
-976
-965
-955
-945
-934
-923
-913
-904
-897
-891
-884
-877
-871
-867
-864
-860
-857
-855
-854
-852
-849
-846
-845
-845
-845
-843
-841
-839
-838
-839
-840
-839
-839
-839
-837
-835
-832
-830
-828
-826
-827
-833
-838
-843
-843
-838
-826
-809
-789
-771
-754
-740
-727
-715
-703
-691
-682
-675
-668
-661
-652
-642
-631
-621
-610
-600
-590
-584
-579
-575
-572
-568
-564
-557
-546
-534
-524
-514
-504
-493
-482
-472
-463
-458
-454
-450
-443
-431
-415
-394
-373
-357
-348
-343
-339
-332
-324
-316
-309
-305
-300
-295
-289
-281
-271
-262
-255
-250
-244
-237
-233
-231
-231
-234
-240
-249
-260
-270
-277
-283
-290
-299
-307
-312
-314
-316
-323
-334
-345
-356
-365
-372
-375
-375
-375
-376
-375
-374
-373
-374
-378
-385
-395
-407
-421
-435
-449
-464
-481
-502
-526
-551
-575
-597
-617
-637
-655
-673
-692
-712
-733
-755
-777
-800
-824
-845
-861
-872
-877
-880
-880
-876
-867
-852
-834
-812
-788
-763
-739
-718
-700
-684
-671
-660
-649
-638
-629
-623
-617
-613
-609
-603
-597
-588
-578
-566
-556
-548
-543
-542
-543
-545
-546
-545
-543
-541
-539
-535
-529
-520
-509
-497
-484
-470
-453
-434
-414
-394
-373
-351
-329
-307
-282
-256
-230
-204
-180
-158
-137
-117
-97
-79
-64
-50
-36
-22
-8
5
17
29
41
54
66
78
90
102
112
120
125
128
132
136
138
139
141
142
142
143
145
149
155
163
172
184
199
214
228
241
252
260
264
268
273
279
284
291
298
307
316
325
331
332
327
321
314
306
296
287
279
271
263
255
249
244
239
235
230
224
219
214
210
206
199
191
184
179
173
165
156
147
138
130
124
119
114
109
104
100
97
93
89
83
74
64
53
41
28
16
2
-12
-26
-41
-54
-66
-78
-91
-106
-122
-138
-152
-166
-179
-191
-202
-214
-225
-236
-246
-255
-263
-270
-277
-284
-293
-301
-309
-315
-320
-323
-324
-323
-321
-317
-312
-306
-301
-295
-291
-287
-283
-279
-276
-274
-271
-268
-267
-266
-267
-266
-265
-262
-259
-255
-251
-248
-244
-240
-236
-233
-231
-227
-221
-215
-211
-207
-204
-199
-195
-191
-188
-186
-183
-179
-174
-171
-170
-170
-170
-169
-168
-165
-161
-156
-152
-149
-146
-142
-137
-130
-123
-118
-113
-107
-101
-97
-95
-95
-95
-95
-94
-91
-89
-87
-83
-80
-76
-72
-68
-65
-65
-66
-67
-68
-69
-69
-68
-68
-68
-67
-65
-61
-59
-58
-59
-62
-65
-68
-71
-74
-77
-78
-78
-78
-79
-81
-84
-89
-94
-99
-103
-107
-113
-119
-124
-127
-129
-131
-131
-130
-127
-123
-119
-114
-110
-105
-98
-89
-77
-65
-54
-42
-30
-18
-7
2
10
16
22
27
33
39
45
50
53
55
56
57
56
53
48
44
41
41
42
44
48
51
53
54
55
57
61
64
65
65
65
65
65
65
67
71
75
80
83
83
83
82
81
78
75
74
76
80
83
84
83
81
79
76
74
72
70
66
59
48
35
20
4
-11
-22
-30
-35
-37
-38
-40
-40
-39
-37
-36
-35
-32
-28
-23
-17
-12
-8
-3
2
7
13
21
31
41
50
58
66
71
76
79
80
81
82
85
87
89
88
85
80
74
68
60
52
44
39
35
32
33
38
47
59
74
90
106
122
138
154
168
180
192
204
216
226
236
246
257
269
282
295
307
317
325
330
332
332
332
330
329
327
325
325
326
330
337
346
356
367
378
387
395
403
409
415
420
424
427
430
433
434
436
440
445
449
453
461
475
492
510
526
542
559
580
602
625
647
666
684
701
719
737
754
767
778
787
796
801
798
790
778
765
752
740
732
728
725
721
714
706
700
698
698
700
701
703
704
705
707
706
701
694
688
683
678
675
673
673
672
671
669
666
662
656
647
634
620
606
590
572
551
528
506
482
458
433
409
386
364
341
320
303
288
275
267
262
259
258
257
254
251
246
238
229
220
211
202
192
179
164
152
145
144
149
159
174
193
212
230
246
261
278
298
319
337
350
358
361
360
358
355
354
351
347
341
334
326
315
301
285
273
269
272
278
284
288
292
297
304
312
320
329
338
349
362
377
394
410
426
444
461
475
483
486
491
499
508
516
521
524
524
522
519
515
513
513
514
516
516
518
521
524
527
530
534
540
549
558
566
574
581
586
593
603
617
634
649
663
676
687
696
703
711
719
726
733
739
745
750
753
754
753
752
750
748
745
740
734
726
716
704
691
677
663
647
632
617
603
590
577
564
553
543
537
534
534
536
542
551
560
568
576
584
592
596
595
589
580
569
557
545
531
516
499
481
461
441
422
402
381
361
343
326
311
299
291
285
279
273
268
265
263
262
260
257
253
248
243
236
227
216
204
193
182
171
159
144
125
107
91
76
62
49
34
16
-3
-21
-38
-54
-71
-89
-108
-127
-147
-167
-189
-210
-231
-251
-270
-288
-307
-328
-348
-368
-387
-406
-426
-446
-466
-487
-508
-525
-530
-522
-504
-481
-453
-423
-395
-376
-367
-365
-365
-365
-363
-358
-352
-344
-332
-318
-304
-294
-289
-287
-287
-287
-289
-293
-298
-302
-310
-328
-356
-393
-428
-456
-471
-468
-447
-413
-380
-360
-354
-357
-360
-362
-361
-358
-358
-360
-363
-365
-362
-355
-346
-339
-336
-334
-330
-322
-312
-301
-291
-283
-279
-277
-275
-272
-267
-263
-260
-261
-262
-262
-259
-256
-254
-254
-254
-254
-254
-252
-249
-246
-244
-241
-237
-232
-224
-215
-208
-200
-191
-181
-172
-163
-156
-150
-145
-142
-140
-140
-139
-138
-138
-139
-143
-148
-154
-161
-169
-181
-198
-217
-236
-256
-276
-297
-319
-340
-357
-372
-387
-402
-412
-417
-418
-415
-410
-402
-392
-381
-371
-360
-348
-332
-312
-292
-272
-253
-233
-211
-190
-170
-150
-131
-114
-99
-86
-76
-68
-62
-53
-43
-33
-22
-11
1
13
22
23
17
4
-11
-27
-43
-58
-74
-89
-101
-110
-115
-118
-118
-115
-109
-101
-91
-80
-70
-63
-58
-55
-54
-53
-54
-56
-62
-69
-76
-82
-88
-96
-105
-115
-124
-132
-140
-147
-154
-164
-174
-184
-190
-193
-195
-197
-199
-200
-199
-195
-187
-176
-163
-148
-134
-120
-105
-87
-68
-50
-33
-16
0
14
26
37
47
52
54
53
50
48
46
44
43
41
40
40
41
44
48
54
63
75
86
96
104
112
120
129
139
149
158
165
173
180
189
198
205
211
216
221
223
222
218
213
209
206
203
200
196
192
187
179
167
154
142
130
119
109
98
89
79
69
59
49
38
26
13
-2
-16
-28
-42
-59
-77
-94
-110
-125
-141
-159
-177
-196
-215
-231
-246
-258
-270
-284
-300
-320
-341
-362
-384
-405
-425
-443
-459
-475
-491
-508
-524
-540
-553
-564
-575
-583
-590
-595
-595
-592
-588
-583
-581
-580
-577
-569
-558
-545
-533
-522
-514
-507
-504
-503
-508
-516
-526
-535
-541
-543
-543
-538
-530
-518
-505
-492
-479
-463
-447
-432
-419
-409
-400
-390
-375
-356
-331
-304
-280
-262
-251
-248
-249
-252
-257
-264
-273
-286
-300
-314
-326
-335
-341
-345
-350
-360
-375
-392
-406
-412
-412
-408
-401
-390
-374
-355
-332
-309
-286
-265
-247
-233
-222
-215
-211
-207
-203
-197
-190
-182
-174
-167
-159
-152
-143
-136
-129
-123
-118
-115
-115
-117
-123
-132
-141
-149
-156
-162
-166
-170
-173
-174
-172
-169
-165
-161
-157
-154
-150
-146
-143
-140
-135
-127
-116
-102
-87
-73
-61
-53
-47
-41
-34
-26
-18
-9
-2
4
10
18
24
29
31
33
35
39
44
51
59
67
75
83
91
99
106
115
125
136
149
165
184
203
220
235
247
256
263
270
276
283
295
307
316
321
324
329
336
344
355
367
376
383
390
401
415
432
450
468
485
499
512
523
533
541
549
557
565
575
587
601
616
631
643
653
660
665
670
674
677
680
682
685
689
696
704
711
716
718
719
718
718
717
717
716
714
714
714
715
720
728
738
749
763
777
792
809
826
843
858
873
888
906
925
944
962
979
994
1006
1017
1024
1031
1036
1040
1042
1041
1038
1034
1029
1025
1026
1031
1036
1039
1042
1049
1060
1074
1087
1101
1115
1128
1144
1163
1185
1208
1233
1258
1284
1309
1335
1361
1387
1414
1441
1469
1498
1527
1554
1579
1599
1613
1625
1636
1643
1645
1645
1645
1643
1641
1638
1632
1622
1610
1598
1585
1570
1558
1548
1541
1535
1530
1525
1524
1526
1532
1541
1551
1562
1574
1585
1594
1601
1608
1616
1624
1631
1640
1650
1656
1658
1657
1654
1651
1646
1641
1635
1629
1622
1618
1616
1618
1623
1630
1640
1652
1667
1684
1703
1721
1739
1757
1776
1794
1813
1831
1849
1868
1889
1910
1929
1943
1953
1959
1963
1964
1962
1957
1949
1941
1932
1922
1911
1900
1889
1878
1867
1852
1836
1819
1801
1785
1772
1762
1754
1748
1742
1737
1732
1730
1729
1729
1728
1725
1723
1723
1725
1728
1735
1744
1755
1765
1774
1780
1785
1790
1794
1796
1793
1787
1779
1770
1763
1757
1754
1750
1745
1740
1735
1729
1723
1716
1709
1703
1697
1693
1693
1696
1702
1709
1717
1724
1730
1737
1743
1750
1758
1767
1776
1784
1791
1795
1796
1795
1793
1789
1783
1774
1763
1750
1735
1718
1698
1678
1659
1641
1624
1606
1587
1567
1549
1536
1527
1522
1519
1515
1509
1497
1479
1455
1428
1402
1376
1351
1329
1310
1293
1276
1260
1250
1245
1242
1238
1231
1220
1204
1185
1166
1149
1137
1128
1120
1109
1094
1076
1057
1038
1018
996
972
947
922
898
875
854
837
821
807
795
785
776
767
761
758
755
751
748
744
740
737
737
741
749
760
768
770
768
760
751
742
735
730
729
728
724
717
706
693
678
663
649
633
617
599
582
565
551
541
532
522
512
501
490
479
465
451
439
430
421
412
408
406
407
410
415
420
426
430
431
425
416
406
397
393
391
391
388
384
374
358
338
317
297
279
263
249
237
228
221
217
218
223
230
238
245
251
254
254
252
251
252
253
256
258
259
260
260
259
258
254
248
240
233
225
219
217
217
218
221
225
230
236
241
245
248
252
256
260
265
270
276
283
292
302
314
326
336
344
354
362
367
370
372
372
369
363
355
345
334
322
310
297
283
267
249
232
215
197
178
161
145
132
124
123
128
137
152
170
190
212
235
260
283
306
324
337
344
346
344
341
337
333
330
327
322
317
313
311
309
307
303
295
285
277
273
275
282
294
310
329
350
371
391
414
441
471
502
531
560
588
615
639
661
680
700
720
742
767
792
817
840
862
884
907
930
956
982
1010
1038
1065
1090
1112
1130
1145
1156
1165
1173
1183
1194
1205
1216
1225
1234
1243
1253
1261
1268
1272
1273
1271
1265
1256
1245
1232
1219
1205
1190
1175
1158
1140
1122
1105
1090
1075
1061
1047
1032
1016
999
982
966
950
932
912
892
870
847
824
800
779
761
745
730
718
708
699
690
683
677
671
665
655
643
631
618
604
591
574
554
532
514
500
491
486
484
487
495
509
525
540
552
557
555
546
531
515
499
487
478
475
473
471
467
463
461
460
461
463
465
468
472
478
482
482
479
474
467
459
449
440
432
424
416
405
392
375
354
331
309
287
268
250
235
220
205
191
180
172
165
159
154
151
148
146
143
139
135
132
131
128
125
121
118
116
115
114
114
115
116
117
117
116
117
118
117
114
112
108
102
96
91
89
91
96
102
105
107
107
107
106
104
102
100
98
96
95
94
92
90
86
82
77
72
67
64
60
56
51
48
46
43
38
29
15
-5
-30
-60
-95
-134
-173
-210
-243
-273
-298
-319
-337
-351
-361
-366
-369
-373
-379
-391
-409
-432
-457
-479
-496
-508
-516
-526
-540
-555
-565
-567
-564
-561
-562
-568
-579
-597
-623
-658
-700
-749
-800
-849
-892
-927
-949
-959
-959
-955
-951
-951
-956
-961
-968
-975
-982
-988
-994
-1001
-1010
-1022
-1037
-1054
-1070
-1084
-1092
-1095
-1095
-1096
-1095
-1095
-1096
-1099
-1103
-1107
-1106
-1098
-1089
-1079
-1066
-1045
-1017
-983
-945
-905
-866
-827
-788
-753
-725
-702
-684
-668
-655
-646
-639
-633
-629
-625
-616
-603
-590
-578
-565
-551
-541
-539
-544
-554
-564
-573
-578
-581
-581
-580
-576
-572
-567
-563
-558
-552
-545
-540
-537
-534
-529
-527
-528
-532
-535
-532
-521
-503
-486
-474
-468
-467
-470
-478
-493
-511
-530
-547
-563
-581
-601
-621
-636
-650
-665
-677
-682
-682
-682
-694
-723
-763
-802
-835
-863
-887
-898
-893
-877
-860
-845
-830
-812
-791
-769
-752
-744
-743
-746
-751
-757
-766
-770
-766
-756
-744
-732
-723
-718
-720
-729
-744
-759
-765
-759
-745
-733
-729
-732
-737
-743
-752
-765
-776
-782
-781
-772
-759
-741
-715
-678
-633
-589
-553
-525
-502
-483
-466
-454
-446
-440
-436
-435
-434
-435
-434
-430
-424
-417
-413
-412
-410
-406
-399
-389
-379
-370
-363
-361
-368
-382
-400
-421
-441
-456
-466
-471
-476
-481
-487
-492
-497
-500
-498
-490
-476
-456
-433
-409
-384
-357
-328
-299
-271
-242
-212
-183
-158
-140
-126
-115
-110
-109
-111
-116
-128
-146
-168
-193
-222
-259
-303
-350
-394
-426
-442
-450
-458
-467
-469
-468
-469
-474
-481
-492
-505
-525
-547
-565
-571
-563
-548
-532
-519
-509
-503
-500
-496
-488
-477
-462
-448
-440
-440
-443
-439
-430
-419
-407
-391
-371
-349
-326
-305
-292
-288
-287
-286
-285
-287
-293
-304
-317
-330
-340
-345
-347
-348
-349
-351
-352
-351
-346
-337
-330
-325
-325
-328
-336
-349
-367
-386
-406
-423
-440
-454
-462
-464
-463
-457
-448
-437
-424
-409
-392
-373
-353
-333
-317
-306
-299
-294
-288
-282
-276
-272
-271
-275
-284
-300
-321
-343
-364
-381
-392
-396
-393
-386
-375
-364
-354
-348
-343
-338
-336
-337
-340
-343
-344
-341
-336
-330
-324
-319
-316
-317
-318
-318
-317
-315
-312
-312
-315
-322
-327
-333
-338
-345
-355
-365
-377
-390
-405
-422
-442
-463
-483
-504
-523
-541
-557
-576
-595
-615
-635
-655
-673
-689
-704
-717
-727
-735
-742
-750
-758
-765
-773
-783
-797
-811
-826
-837
-843
-845
-842
-836
-831
-830
-832
-838
-845
-856
-867
-876
-882
-887
-892
-896
-901
-907
-911
-916
-923
-932
-941
-951
-959
-963
-961
-956
-950
-942
-935
-931
-930
-931
-933
-934
-936
-940
-946
-954
-963
-971
-977
-980
-981
-981
-981
-980
-980
-981
-982
-984
-986
-988
-990
-991
-989
-987
-983
-978
-969
-956
-939
-919
-897
-879
-862
-848
-838
-831
-825
-819
-815
-811
-805
-798
-787
-775
-762
-748
-735
-722
-710
-698
-686
-673
-663
-656
-653
-649
-646
-642
-641
-641
-639
-635
-630
-624
-616
-606
-593
-577
-561
-546
-532
-519
-506
-493
-482
-470
-458
-446
-437
-429
-422
-417
-413
-408
-403
-399
-396
-394
-393
-393
-393
-394
-396
-398
-398
-395
-391
-386
-379
-367
-352
-333
-314
-294
-276
-259
-243
-229
-216
-202
-184
-165
-144
-123
-100
-76
-51
-26
-1
25
52
80
108
136
163
188
211
231
249
267
281
291
298
304
309
312
315
318
321
323
324
325
326
328
331
337
344
353
362
372
380
388
395
400
404
407
409
411
412
413
415
416
414
412
410
407
404
400
396
390
383
374
363
352
339
325
310
295
279
263
247
231
213
195
176
157
137
120
106
93
79
66
54
41
28
17
6
-3
-12
-18
-23
-27
-30
-32
-35
-39
-43
-46
-50
-56
-63
-70
-77
-84
-91
-96
-100
-100
-96
-91
-85
-81
-77
-74
-69
-63
-58
-53
-47
-39
-33
-28
-25
-23
-23
-24
-25
-24
-24
-25
-25
-27
-31
-35
-40
-45
-53
-63
-74
-87
-101
-119
-139
-160
-181
-203
-226
-250
-276
-301
-325
-347
-369
-389
-410
-430
-450
-468
-485
-500
-513
-527
-540
-554
-566
-576
-584
-590
-595
-598
-600
-600
-598
-594
-590
-585
-577
-566
-553
-537
-517
-496
-474
-456
-441
-430
-423
-417
-411
-403
-392
-378
-363
-349
-336
-323
-309
-294
-280
-266
-253
-241
-233
-229
-231
-236
-242
-247
-250
-253
-258
-263
-266
-267
-267
-267
-271
-277
-284
-291
-299
-307
-314
-321
-329
-339
-347
-353
-354
-354
-353
-354
-352
-345
-331
-312
-290
-265
-241
-220
-202
-185
-167
-149
-133
-117
-101
-87
-73
-60
-48
-39
-31
-22
-13
-3
7
17
29
42
54
66
77
89
103
120
138
159
183
207
232
256
278
299
319
336
352
367
380
389
393
394
393
391
388
388
390
393
392
387
381
375
370
365
358
350
342
335
329
325
320
317
314
311
308
306
303
300
296
290
284
277
268
259
249
239
228
216
203
191
180
170
160
148
136
123
112
102
93
83
72
62
54
44
33
20
8
-6
-22
-41
-61
-79
-98
-119
-142
-164
-187
-208
-231
-253
-275
-296
-317
-340
-362
-383
-402
-420
-436
-450
-462
-470
-474
-474
-471
-466
-462
-459
-459
-460
-462
-464
-466
-469
-472
-475
-476
-476
-475
-477
-481
-487
-491
-496
-499
-502
-505
-510
-516
-522
-526
-528
-528
-525
-522
-518
-515
-512
-512
-513
-517
-523
-530
-534
-535
-535
-534
-533
-532
-527
-517
-505
-492
-479
-465
-452
-439
-427
-417
-410
-406
-404
-403
-404
-405
-406
-407
-409
-410
-409
-404
-398
-391
-382
-371
-358
-344
-330
-315
-301
-287
-275
-265
-256
-247
-237
-225
-212
-198
-183
-167
-151
-136
-122
-109
-95
-79
-61
-40
-15
11
38
64
90
115
141
168
195
222
247
268
285
300
315
330
344
354
361
365
365
363
358
349
336
323
310
298
286
274
259
242
223
206
192
180
169
158
146
135
124
115
108
102
97
91
85
79
73
68
62
53
43
30
16
1
-14
-31
-49
-68
-89
-111
-133
-154
-173
-192
-211
-230
-249
-265
-280
-294
-308
-321
-334
-347
-362
-377
-394
-409
-421
-433
-447
-460
-472
-480
-485
-489
-491
-492
-493
-494
-495
-495
-493
-485
-473
-456
-436
-409
-375
-334
-291
-247
-204
-165
-135
-120
-119
-131
-148
-166
-183
-198
-212
-224
-234
-240
-240
-238
-234
-230
-223
-210
-189
-160
-124
-87
-53
-23
0
18
33
48
65
83
103
124
146
170
191
209
224
238
254
269
284
299
315
330
344
356
364
369
372
372
368
366
367
372
379
388
397
406
412
414
415
418
424
433
445
460
476
493
511
528
544
557
567
574
579
584
589
595
605
617
630
644
658
672
684
694
702
708
710
708
703
695
685
672
659
648
642
640
640
643
650
662
677
695
712
727
737
742
746
751
758
767
776
782
784
782
778
773
772
772
772
769
765
761
757
754
751
745
738
733
730
729
727
721
713
706
702
702
706
717
731
748
763
776
789
801
812
822
830
836
841
843
842
840
837
833
827
820
812
801
790
780
771
760
748
735
723
711
697
681
661
639
616
591
568
545
523
499
474
449
425
401
379
360
342
322
301
277
252
225
193
159
123
93
69
45
20
-9
-40
-71
-101
-129
-155
-179
-203
-228
-254
-280
-308
-335
-360
-383
-405
-425
-443
-458
-469
-476
-480
-477
-465
-446
-422
-398
-377
-362
-351
-342
-335
-330
-324
-316
-306
-296
-290
-288
-287
-286
-285
-286
-289
-297
-306
-315
-323
-327
-328
-324
-314
-299
-281
-263
-246
-230
-216
-206
-199
-195
-193
-193
-194
-195
-196
-198
-199
-200
-199
-198
-195
-191
-185
-178
-169
-161
-153
-145
-135
-126
-117
-107
-96
-86
-75
-64
-53
-41
-27
-14
0
14
30
44
56
67
76
86
95
105
115
126
138
151
163
174
183
191
200
209
219
228
235
240
244
249
253
257
262
267
273
280
287
295
303
311
320
329
337
343
349
356
361
364
365
366
364
360
354
346
338
329
320
309
296
282
265
247
229
213
200
189
178
166
156
149
145
144
147
151
157
166
176
186
196
206
214
221
227
232
238
243
249
255
260
263
264
266
265
263
259
257
254
252
251
249
246
241
234
223
211
198
186
175
165
155
144
131
119
109
102
98
96
97
96
93
89
84
82
83
86
92
99
106
113
123
134
144
155
167
179
191
204
215
223
229
234
235
236
234
230
226
221
217
212
206
199
192
186
181
176
173
169
166
163
160
157
154
152
152
152
150
147
146
150
156
162
165
165
164
160
154
145
134
122
106
88
66
41
15
-8
-27
-43
-55
-64
-74
-85
-97
-109
-120
-130
-138
-145
-152
-160
-170
-181
-194
-207
-222
-236
-248
-259
-268
-280
-297
-320
-344
-366
-383
-396
-405
-413
-421
-431
-443
-455
-463
-469
-472
-472
-470
-465
-459
-453
-448
-442
-434
-425
-415
-405
-397
-391
-386
-382
-379
-376
-373
-371
-368
-364
-360
-353
-347
-341
-338
-337
-337
-339
-341
-344
-350
-355
-360
-363
-364
-364
-363
-362
-359
-354
-348
-341
-334
-327
-320
-314
-309
-305
-302
-298
-291
-280
-268
-254
-239
-221
-204
-189
-178
-171
-164
-157
-151
-145
-136
-121
-100
-75
-51
-33
-20
-12
-7
-4
-5
-8
-14
-20
-25
-28
-32
-36
-42
-49
-53
-55
-55
-52
-49
-45
-41
-37
-35
-36
-37
-37
-37
-37
-36
-33
-31
-31
-30
-31
-31
-29
-28
-28
-28
-28
-29
-31
-32
-32
-32
-33
-36
-41
-46
-50
-53
-55
-57
-61
-66
-71
-75
-80
-84
-87
-90
-92
-93
-95
-98
-100
-102
-104
-106
-110
-116
-121
-125
-129
-133
-137
-142
-147
-152
-157
-164
-172
-181
-188
-192
-193
-194
-195
-196
-198
-200
-201
-202
-204
-205
-206
-209
-212
-214
-215
-217
-221
-226
-234
-243
-254
-267
-282
-300
-322
-347
-371
-395
-418
-439
-459
-478
-495
-508
-517
-518
-514
-506
-496
-486
-474
-460
-446
-434
-427
-423
-420
-416
-413
-414
-418
-423
-429
-435
-440
-443
-444
-443
-440
-437
-431
-425
-416
-407
-396
-386
-378
-372
-369
-371
-376
-384
-393
-404
-413
-422
-431
-438
-446
-454
-462
-467
-470
-473
-474
-474
-474
-474
-474
-474
-473
-469
-466
-463
-460
-457
-455
-452
-449
-446
-442
-439
-437
-435
-431
-427
-421
-415
-409
-402
-393
-381
-368
-353
-336
-318
-298
-276
-252
-228
-203
-179
-157
-135
-113
-92
-71
-52
-35
-19
-3
13
27
40
50
57
62
65
66
65
64
62
60
58
53
48
44
39
35
33
32
32
35
41
49
56
62
67
72
78
83
88
91
93
94
95
96
96
98
103
109
116
124
132
139
145
150
153
155
156
157
159
161
161
160
159
158
159
162
167
171
177
184
192
201
213
226
239
254
269
284
298
312
326
339
352
363
371
378
383
387
390
391
390
388
388
390
394
398
401
401
401
400
401
404
405
406
407
407
406
406
408
408
408
408
408
406
405
402
399
397
395
391
387
383
381
379
377
375
372
369
366
365
367
371
377
381
386
391
396
402
409
417
423
430
435
440
444
445
444
443
444
447
451
455
459
464
470
476
483
489
495
500
504
505
505
506
504
499
490
478
463
448
431
416
399
380
361
344
327
311
293
274
254
235
217
197
175
152
129
108
90
72
55
37
22
9
-4
-17
-30
-42
-52
-60
-67
-72
-74
-72
-66
-56
-45
-35
-25
-14
-4
7
18
29
39
47
52
57
61
63
63
60
58
53
47
40
32
22
12
0
-13
-27
-39
-48
-56
-60
-62
-61
-55
-46
-34
-20
-2
17
40
64
89
113
137
161
184
204
220
234
247
257
264
269
271
271
272
274
276
277
275
269
261
252
244
236
228
220
210
200
190
182
174
168
162
155
147
139
132
125
120
116
113
113
115
116
117
117
116
114
111
106
98
88
77
67
57
45
32
18
4
-9
-19
-28
-36
-42
-46
-48
-52
-57
-62
-67
-73
-78
-85
-92
-100
-110
-121
-131
-141
-151
-161
-169
-176
-183
-191
-198
-205
-213
-222
-232
-243
-252
-258
-264
-270
-275
-280
-283
-285
-284
-281
-276
-272
-271
-272
-271
-270
-267
-262
-257
-252
-247
-244
-242
-238
-233
-227
-219
-209
-197
-186
-174
-163
-153
-146
-143
-141
-138
-134
-129
-123
-119
-116
-114
-112
-111
-109
-109
-112
-118
-125
-128
-126
-123
-122
-123
-125
-125
-125
-123
-119
-114
-107
-98
-87
-75
-63
-51
-41
-31
-23
-19
-17
-17
-21
-28
-38
-49
-59
-69
-77
-85
-94
-101
-108
-116
-125
-135
-146
-157
-169
-182
-195
-208
-216
-221
-221
-218
-213
-207
-203
-199
-195
-191
-185
-178
-172
-167
-162
-156
-147
-136
-125
-114
-104
-91
-77
-62
-49
-38
-27
-15
-4
7
18
30
40
50
59
66
73
81
88
96
105
113
123
139
159
179
194
206
215
225
233
237
240
244
249
253
258
263
270
277
284
292
298
304
312
319
326
332
337
340
341
340
338
334
329
324
319
316
313
311
310
309
307
307
310
315
319
321
322
322
323
328
333
341
350
363
376
392
409
426
441
454
464
473
481
487
494
500
505
508
508
506
506
505
505
502
496
489
484
479
475
471
465
459
454
448
442
438
436
437
439
444
451
461
475
492
510
526
541
555
567
577
587
598
610
623
638
652
665
678
692
705
717
727
735
742
750
758
768
778
789
802
815
826
834
841
847
851
857
863
868
874
879
884
889
892
893
892
891
889
885
880
874
867
857
846
834
821
810
801
791
778
764
748
731
716
699
682
663
646
632
622
614
603
590
575
562
553
547
541
535
530
527
526
528
531
532
532
529
525
524
524
527
533
539
545
548
550
548
546
543
539
533
529
525
521
519
518
516
511
504
497
491
485
479
469
458
447
437
428
421
415
411
406
401
394
388
382
374
366
358
348
336
325
314
304
293
282
270
258
247
234
219
203
188
175
163
151
136
120
104
88
71
53
32
10
-13
-34
-54
-72
-89
-106
-121
-136
-150
-164
-177
-190
-202
-213
-223
-233
-244
-255
-269
-282
-295
-309
-324
-338
-353
-367
-379
-390
-398
-406
-414
-423
-432
-440
-448
-456
-464
-472
-479
-485
-490
-492
-493
-492
-492
-493
-496
-498
-500
-501
-499
-498
-496
-493
-490
-485
-479
-471
-462
-453
-443
-433
-424
-413
-401
-388
-376
-364
-350
-338
-326
-316
-305
-294
-283
-272
-261
-251
-242
-235
-230
-227
-225
-223
-221
-221
-222
-222
-222
-222
-222
-222
-221
-219
-216
-214
-213
-211
-210
-209
-210
-212
-213
-212
-211
-210
-214
-220
-226
-231
-235
-239
-241
-243
-245
-248
-252
-256
-259
-262
-263
-263
-263
-265
-268
-274
-279
-283
-285
-287
-289
-292
-294
-296
-297
-302
-309
-319
-330
-344
-360
-378
-399
-422
-446
-467
-487
-504
-518
-532
-546
-561
-574
-586
-599
-612
-626
-641
-656
-668
-678
-685
-690
-691
-693
-698
-705
-713
-719
-725
-734
-743
-754
-763
-768
-766
-760
-752
-747
-746
-749
-753
-755
-755
-752
-746
-739
-734
-730
-725
-718
-711
-703
-696
-692
-689
-688
-689
-692
-693
-695
-696
-697
-695
-694
-691
-688
-683
-674
-661
-646
-630
-614
-598
-582
-567
-554
-541
-527
-512
-497
-482
-468
-458
-450
-444
-439
-436
-435
-436
-435
-432
-429
-426
-423
-420
-416
-412
-407
-401
-394
-387
-379
-371
-364
-356
-346
-335
-322
-308
-294
-280
-267
-254
-240
-227
-217
-208
-200
-192
-184
-176
-169
-163
-157
-151
-144
-137
-130
-123
-116
-109
-102
-96
-93
-92
-91
-91
-93
-96
-100
-106
-112
-119
-125
-131
-138
-146
-156
-166
-177
-188
-198
-207
-214
-221
-230
-238
-245
-249
-252
-253
-253
-250
-245
-237
-227
-218
-209
-199
-190
-180
-169
-158
-146
-135
-123
-114
-107
-101
-94
-88
-82
-77
-72
-67
-61
-54
-48
-43
-38
-33
-27
-23
-20
-16
-11
-6
-3
2
6
11
17
24
34
44
53
63
75
88
102
115
127
138
149
158
166
171
174
175
171
165
157
148
137
125
111
96
81
67
56
46
39
32
28
26
27
33
43
57
74
90
106
122
138
153
167
178
187
194
198
200
198
194
188
180
169
156
141
123
103
82
60
39
19
0
-18
-36
-52
-67
-78
-85
-86
-83
-76
-64
-49
-30
-9
14
40
66
94
124
156
188
218
247
275
299
321
339
352
360
363
363
360
356
350
341
330
318
306
294
282
270
257
245
235
229
225
222
223
226
232
239
247
256
266
279
291
304
317
333
351
370
389
406
419
429
435
439
438
434
427
417
407
394
381
367
353
340
328
317
307
297
289
282
276
271
268
266
265
263
262
261
261
260
258
257
255
253
253
253
253
255
260
265
270
274
276
277
278
278
277
272
264
254
242
227
209
189
169
149
129
109
90
72
56
44
35
28
23
22
25
31
40
52
66
79
93
107
124
143
163
183
199
213
225
235
243
248
249
246
240
231
219
205
191
175
159
142
126
108
91
75
60
49
40
33
31
30
31
32
34
37
41
46
54
61
69
77
83
90
98
106
113
120
130
139
149
158
166
173
178
184
190
196
203
210
217
224
229
233
236
238
238
238
238
238
238
235
232
229
228
228
230
231
233
235
237
239
239
238
236
233
230
228
225
224
221
219
216
214
213
215
217
219
220
223
226
229
232
236
242
248
253
257
261
266
272
281
290
300
310
322
334
346
358
371
383
395
407
417
426
433
440
445
449
453
456
459
462
463
464
464
464
464
462
461
459
456
452
450
447
443
437
431
426
423
421
418
415
413
411
411
412
413
412
411
410
409
409
409
410
411
413
413
412
411
412
413
415
416
417
418
418
420
422
423
423
423
422
421
420
419
420
420
420
418
416
414
414
415
418
422
429
436
443
450
458
467
476
484
492
498
504
509
514
517
519
521
523
526
529
531
531
529
527
525
523
521
520
520
520
520
519
520
521
523
524
524
523
522
522
522
522
521
518
515
512
510
508
504
499
494
488
482
476
471
467
460
451
441
432
425
419
413
409
405
401
400
398
396
394
392
389
387
384
381
375
369
362
353
342
331
320
310
302
296
290
283
278
273
269
264
259
253
247
240
233
226
220
215
211
209
210
210
211
212
212
210
205
198
190
182
174
164
152
140
128
116
103
91
79
67
56
46
38
31
28
28
30
33
37
44
54
65
74
84
95
107
119
130
139
147
153
155
154
149
143
137
133
128
122
115
108
104
101
99
95
91
86
81
75
71
67
67
68
71
76
82
89
95
102
108
115
122
129
135
142
149
154
158
163
169
175
182
188
192
196
203
210
218
223
227
229
232
235
238
241
243
244
242
241
239
236
232
226
219
213
209
205
201
198
194
190
185
180
174
167
163
160
157
156
154
150
147
145
143
140
137
134
130
128
127
127
126
125
125
124
122
118
112
106
100
93
85
79
73
67
61
56
50
44
39
34
30
27
25
24
23
22
21
20
21
22
23
25
28
29
28
25
22
18
15
12
7
1
-7
-13
-18
-23
-27
-32
-39
-46
-53
-60
-66
-71
-72
-70
-68
-66
-64
-61
-55
-45
-31
-17
-3
10
20
27
32
33
31
28
26
23
21
19
17
12
5
-3
-11
-20
-28
-33
-35
-33
-28
-22
-14
-5
6
18
33
49
66
84
102
121
142
164
187
208
228
245
258
269
279
287
294
299
301
299
295
290
283
276
269
261
253
245
236
226
214
202
192
182
173
164
155
147
140
138
139
142
144
148
155
167
180
192
202
207
211
215
219
221
221
218
215
213
209
202
191
177
160
142
122
100
77
54
32
11
-7
-22
-34
-45
-58
-71
-84
-97
-109
-120
-131
-140
-150
-162
-175
-186
-196
-205
-216
-229
-244
-259
-275
-289
-302
-314
-327
-340
-353
-368
-382
-396
-412
-431
-449
-466
-484
-502
-519
-533
-545
-554
-562
-569
-577
-587
-596
-604
-612
-620
-628
-635
-642
-648
-652
-656
-660
-662
-664
-667
-670
-673
-675
-676
-679
-683
-688
-694
-700
-704
-706
-707
-707
-706
-703
-701
-698
-696
-695
-692
-687
-682
-677
-671
-665
-659
-653
-646
-637
-628
-618
-607
-596
-585
-573
-562
-553
-544
-533
-521
-508
-494
-480
-465
-449
-434
-419
-405
-392
-377
-363
-348
-334
-320
-306
-291
-276
-262
-251
-241
-233
-228
-225
-225
-229
-234
-240
-246
-252
-258
-263
-267
-269
-271
-271
-270
-269
-268
-267
-264
-261
-258
-254
-250
-244
-237
-230
-223
-215
-207
-200
-193
-186
-178
-170
-161
-152
-142
-136
-132
-130
-129
-128
-126
-124
-120
-117
-116
-116
-116
-116
-115
-113
-111
-108
-105
-102
-99
-97
-94
-88
-79
-67
-52
-35
-16
7
30
52
74
92
108
123
136
148
159
171
183
195
208
222
235
248
261
272
281
290
298
309
321
335
349
365
382
398
414
432
450
469
487
505
522
538
552
566
580
592
604
613
620
625
629
632
633
634
635
635
635
635
635
635
634
631
626
622
618
614
611
605
595
586
577
570
562
556
552
550
549
550
550
551
553
556
559
563
565
565
565
565
566
565
563
559
554
550
547
545
543
540
536
532
528
526
525
525
526
528
528
528
527
526
526
527
526
526
526
525
523
521
518
515
511
506
501
496
489
479
467
455
447
441
436
433
429
428
429
430
431
433
435
436
439
443
447
451
455
461
467
473
479
487
497
507
516
525
534
542
549
557
566
573
580
587
592
599
607
615
623
630
635
640
643
648
653
659
665
670
673
675
678
679
681
683
686
688
689
689
689
689
690
689
685
680
676
672
667
662
656
650
644
638
631
624
617
610
601
590
581
571
560
548
535
521
507
494
481
469
458
447
434
423
414
405
397
390
384
378
372
367
363
357
352
344
335
326
317
307
298
288
277
267
258
250
243
237
230
223
218
217
216
217
218
222
225
229
234
242
250
259
266
272
277
282
286
290
292
294
297
300
303
309
314
320
324
327
330
332
334
335
336
339
341
343
345
348
351
354
358
361
365
369
373
375
377
379
379
378
376
374
372
371
370
369
368
370
374
379
383
389
394
400
406
411
416
420
423
426
427
426
424
420
413
405
397
388
381
374
368
361
354
348
343
339
337
336
334
332
329
324
320
316
311
305
299
293
288
285
282
277
271
263
254
245
236
226
216
203
187
171
155
140
125
109
92
75
60
46
34
21
7
-8
-23
-38
-50
-62
-73
-85
-98
-112
-124
-134
-141
-148
-154
-160
-168
-175
-181
-186
-190
-196
-202
-209
-217
-226
-236
-246
-256
-266
-276
-286
-296
-306
-314
-321
-327
-333
-338
-341
-344
-346
-349
-352
-354
-354
-355
-356
-355
-354
-354
-355
-354
-352
-349
-346
-343
-340
-338
-335
-334
-335
-334
-334
-333
-332
-332
-331
-332
-333
-336
-339
-341
-343
-344
-344
-343
-342
-341
-340
-339
-339
-338
-338
-338
-339
-341
-343
-344
-345
-346
-348
-350
-353
-356
-362
-367
-372
-376
-380
-387
-396
-408
-420
-432
-441
-451
-461
-473
-484
-492
-500
-507
-515
-522
-529
-534
-537
-539
-541
-544
-546
-547
-546
-544
-544
-547
-551
-555
-561
-567
-573
-578
-584
-589
-594
-599
-602
-605
-608
-612
-616
-621
-624
-626
-628
-629
-632
-636
-639
-642
-644
-648
-654
-662
-670
-678
-686
-694
-702
-711
-721
-733
-743
-754
-764
-776
-789
-802
-816
-829
-841
-848
-853
-854
-853
-849
-841
-831
-818
-802
-784
-766
-750
-734
-718
-706
-698
-694
-691
-689
-687
-683
-678
-675
-674
-676
-677
-674
-668
-660
-653
-648
-643
-637
-630
-623
-613
-602
-590
-577
-562
-546
-531
-516
-502
-488
-475
-463
-451
-439
-428
-418
-409
-399
-391
-385
-381
-376
-368
-360
-354
-348
-343
-339
-337
-336
-335
-336
-339
-345
-352
-361
-373
-386
-401
-417
-436
-460
-485
-509
-533
-558
-582
-607
-631
-652
-673
-692
-712
-732
-749
-765
-780
-794
-806
-818
-830
-840
-846
-850
-855
-860
-867
-874
-880
-887
-894
-903
-914
-927
-940
-956
-973
-991
-1005
-1014
-1019
-1022
-1022
-1020
-1017
-1017
-1018
-1020
-1022
-1025
-1028
-1030
-1030
-1030
-1029
-1029
-1029
-1029
-1027
-1024
-1022
-1020
-1019
-1016
-1011
-1006
-1002
-998
-992
-986
-978
-967
-954
-940
-927
-914
-900
-883
-863
-841
-817
-790
-762
-735
-709
-683
-657
-629
-599
-570
-540
-508
-477
-446
-416
-387
-357
-328
-300
-272
-244
-216
-192
-172
-155
-140
-127
-113
-100
-87
-76
-69
-64
-60
-58
-55
-52
-50
-50
-54
-60
-68
-76
-84
-92
-101
-108
-114
-118
-121
-122
-123
-123
-121
-118
-112
-105
-99
-94
-89
-81
-72
-62
-51
-41
-33
-26
-24
-25
-27
-28
-30
-33
-39
-45
-51
-57
-62
-64
-66
-70
-77
-90
-106
-125
-145
-165
-186
-208
-231
-257
-284
-311
-337
-362
-387
-413
-439
-463
-485
-506
-529
-553
-574
-592
-609
-627
-645
-662
-678
-692
-704
-713
-723
-731
-738
-743
-745
-747
-749
-751
-753
-757
-762
-766
-772
-780
-789
-797
-805
-812
-817
-820
-821
-820
-818
-815
-811
-806
-801
-794
-788
-781
-775
-770
-767
-765
-761
-757
-754
-751
-749
-747
-746
-744
-739
-733
-725
-717
-708
-696
-682
-669
-656
-641
-626
-610
-593
-575
-558
-544
-533
-523
-512
-499
-482
-461
-439
-416
-396
-376
-356
-337
-317
-296
-276
-257
-240
-225
-214
-205
-200
-197
-197
-198
-198
-199
-203
-208
-214
-219
-224
-228
-228
-226
-223
-219
-215
-211
-205
-199
-191
-181
-172
-165
-159
-151
-140
-131
-122
-113
-104
-95
-88
-81
-74
-66
-56
-44
-31
-18
-9
-3
2
8
14
19
25
30
36
41
45
47
47
46
43
40
38
38
41
44
48
51
54
54
53
52
54
57
58
58
59
60
61
61
62
63
64
63
60
55
48
39
29
15
1
-14
-28
-43
-58
-76
-94
-113
-135
-161
-189
-218
-249
-281
-311
-335
-354
-369
-379
-386
-386
-380
-369
-356
-344
-333
-325
-317
-308
-296
-281
-265
-250
-240
-231
-224
-220
-221
-231
-250
-274
-301
-326
-351
-374
-396
-418
-441
-460
-472
-478
-479
-479
-477
-472
-464
-453
-439
-421
-399
-375
-352
-330
-309
-290
-273
-257
-242
-228
-216
-208
-204
-201
-200
-198
-197
-197
-196
-196
-197
-198
-201
-205
-211
-220
-232
-246
-261
-276
-289
-301
-311
-319
-325
-330
-332
-330
-326
-320
-311
-300
-285
-269
-254
-239
-224
-210
-197
-187
-180
-174
-169
-164
-159
-155
-152
-150
-149
-149
-151
-156
-161
-165
-168
-170
-172
-175
-175
-171
-165
-160
-157
-154
-152
-152
-154
-157
-160
-162
-163
-165
-169
-175
-181
-189
-196
-204
-212
-220
-227
-232
-236
-240
-244
-246
-247
-250
-252
-252
-251
-249
-245
-241
-234
-226
-216
-206
-194
-184
-175
-166
-156
-147
-138
-131
-124
-118
-113
-107
-102
-95
-89
-84
-81
-78
-78
-78
-79
-79
-81
-83
-85
-88
-90
-92
-93
-95
-95
-95
-94
-94
-92
-89
-84
-79
-73
-66
-58
-51
-42
-32
-20
-8
5
18
34
49
61
73
84
96
108
119
131
144
160
178
194
211
229
248
270
296
325
358
393
428
459
487
509
529
546
561
570
574
576
579
585
592
597
602
607
613
617
616
611
602
592
583
575
571
571
575
584
599
620
646
675
704
733
756
774
785
790
789
783
770
752
734
717
703
694
686
679
672
662
651
642
640
647
660
675
691
705
716
721
720
714
705
695
684
673
665
660
659
659
657
653
648
644
638
632
625
618
610
603
599
595
590
584
578
571
564
556
546
534
520
505
488
469
449
430
413
399
387
376
368
363
357
353
348
342
336
330
326
322
317
310
300
290
280
269
254
236
218
202
188
174
161
146
131
116
106
106
115
131
145
151
144
128
109
95
88
87
89
97
109
125
144
164
184
203
221
235
243
246
246
244
243
242
242
242
241
233
220
206
191
177
165
155
148
140
131
121
112
103
93
83
72
61
51
41
31
19
6
-6
-17
-28
-41
-55
-69
-80
-87
-91
-91
-90
-89
-89
-88
-87
-85
-85
-89
-96
-104
-113
-122
-132
-141
-149
-157
-162
-168
-174
-181
-190
-203
-219
-238
-259
-280
-303
-328
-358
-392
-426
-458
-489
-521
-555
-590
-624
-657
-691
-724
-757
-790
-822
-854
-886
-916
-947
-980
-1015
-1050
-1086
-1124
-1163
-1202
-1241
-1281
-1322
-1361
-1396
-1426
-1454
-1480
-1503
-1524
-1542
-1558
-1572
-1582
-1586
-1586
-1584
-1580
-1576
-1572
-1569
-1567
-1566
-1563
-1555
-1545
-1537
-1532
-1530
-1529
-1530
-1532
-1536
-1541
-1546
-1548
-1546
-1541
-1536
-1534
-1537
-1545
-1555
-1562
-1567
-1570
-1572
-1573
-1573
-1569
-1564
-1555
-1543
-1524
-1502
-1478
-1453
-1427
-1399
-1370
-1340
-1311
-1284
-1258
-1233
-1210
-1187
-1164
-1141
-1119
-1100
-1083
-1069
-1055
-1041
-1029
-1020
-1010
-998
-987
-976
-967
-959
-952
-947
-942
-937
-933
-929
-926
-922
-918
-913
-908
-902
-897
-894
-892
-889
-888
-886
-882
-878
-875
-873
-871
-868
-866
-863
-862
-861
-859
-857
-856
-858
-861
-864
-867
-870
-872
-872
-868
-864
-861
-861
-863
-867
-872
-877
-881
-884
-887
-889
-890
-889
-883
-874
-861
-845
-826
-804
-779
-753
-725
-694
-663
-630
-597
-562
-525
-489
-458
-430
-405
-380
-356
-335
-322
-319
-324
-333
-345
-357
-369
-379
-385
-388
-391
-390
-382
-364
-339
-308
-276
-239
-201
-162
-124
-89
-57
-30
-6
15
33
48
61
76
95
117
143
170
198
224
248
270
292
313
333
348
361
371
381
391
401
409
414
419
426
436
448
459
470
483
498
513
525
535
545
555
565
577
590
601
612
623
634
644
653
659
662
662
658
652
643
635
627
620
611
601
589
577
564
549
531
512
490
466
440
411
379
344
309
277
248
225
210
204
208
219
231
238
241
244
247
255
269
287
308
331
355
379
401
420
437
454
473
494
517
543
570
596
619
637
652
664
674
683
687
684
674
662
647
629
610
590
569
547
522
493
463
434
410
390
374
358
341
325
313
302
292
280
267
252
232
207
180
153
127
102
76
50
26
3
-17
-34
-50
-63
-75
-88
-107
-131
-160
-192
-227
-261
-289
-313
-335
-356
-377
-396
-415
-431
-443
-449
-452
-455
-460
-466
-474
-483
-492
-501
-507
-512
-516
-521
-525
-529
-531
-531
-533
-539
-547
-555
-561
-566
-572
-578
-586
-592
-597
-600
-603
-605
-608
-611
-611
-611
-609
-607
-606
-605
-602
-596
-587
-577
-566
-556
-551
-549
-550
-552
-551
-549
-545
-540
-535
-528
-517
-504
-491
-478
-467
-457
-447
-440
-435
-433
-432
-433
-434
-435
-435
-433
-431
-429
-425
-419
-411
-406
-402
-401
-402
-408
-417
-429
-441
-454
-466
-479
-491
-498
-502
-504
-506
-508
-509
-511
-515
-520
-524
-528
-534
-539
-544
-547
-549
-552
-556
-559
-563
-567
-571
-575
-582
-590
-599
-610
-624
-639
-654
-669
-686
-702
-717
-730
-742
-753
-763
-773
-783
-791
-795
-795
-790
-780
-764
-745
-723
-701
-683
-668
-659
-653
-650
-648
-647
-648
-651
-660
-675
-695
-718
-743
-766
-789
-811
-835
-861
-887
-913
-937
-961
-981
-1000
-1022
-1046
-1069
-1087
-1102
-1116
-1128
-1140
-1150
-1161
-1173
-1186
-1201
-1217
-1234
-1254
-1275
-1296
-1314
-1329
-1341
-1353
-1362
-1372
-1383
-1395
-1406
-1416
-1426
-1435
-1444
-1454
-1463
-1469
-1472
-1470
-1463
-1448
-1423
-1389
-1351
-1312
-1277
-1244
-1216
-1192
-1170
-1151
-1134
-1117
-1098
-1072
-1038
-993
-941
-885
-831
-782
-735
-689
-644
-602
-563
-526
-489
-451
-410
-366
-319
-269
-219
-172
-128
-90
-58
-32
-9
14
37
61
86
112
135
150
156
156
154
151
148
148
148
148
146
141
136
131
126
121
117
113
110
111
113
116
117
117
115
110
105
97
87
75
62
49
37
26
14
3
-10
-24
-37
-46
-52
-55
-54
-47
-35
-20
-4
14
34
54
72
86
97
107
116
125
134
145
159
175
193
211
229
244
257
267
276
283
290
298
308
319
328
338
351
366
382
397
412
424
435
444
453
462
471
480
489
497
503
506
508
510
512
515
519
523
528
536
545
551
554
555
555
555
556
557
560
565
572
582
595
611
630
649
665
678
687
692
693
689
679
668
659
647
630
608
585
565
549
538
529
521
511
495
475
458
446
437
428
422
419
420
425
433
443
462
489
518
542
561
578
595
610
621
631
638
641
636
623
606
590
576
563
550
535
519
505
495
489
485
480
470
455
441
430
424
421
422
422
421
419
415
408
398
384
367
349
331
314
299
287
278
271
266
261
259
258
257
252
243
233
225
223
225
231
240
254
271
290
314
341
368
389
404
414
426
438
451
464
474
478
476
472
465
456
446
434
418
401
384
370
358
345
332
317
305
297
296
304
320
339
360
377
388
393
398
404
414
424
437
453
472
494
516
536
551
562
568
574
578
582
586
587
583
577
573
571
572
574
574
570
562
549
533
516
500
485
470
455
443
434
424
411
396
383
374
368
363
359
357
359
365
375
388
404
420
432
437
437
436
436
436
437
440
443
446
450
459
473
491
512
531
544
553
559
566
574
584
593
598
598
595
591
588
587
585
582
577
569
558
546
534
524
518
513
508
505
504
502
496
484
464
440
413
383
349
315
282
254
229
209
192
175
158
135
109
82
58
40
28
21
15
9
5
-1
-7
-12
-13
-12
-11
-11
-7
1
6
7
1
-9
-19
-23
-22
-18
-15
-16
-20
-20
-16
-12
-14
-22
-35
-52
-73
-97
-122
-148
-177
-209
-241
-266
-280
-286
-286
-281
-273
-260
-238
-209
-179
-154
-131
-111
-95
-82
-73
-67
-61
-56
-54
-58
-64
-71
-79
-86
-89
-85
-75
-61
-46
-31
-14
1
14
27
38
45
50
53
55
56
55
54
51
44
35
22
9
-4
-12
-16
-16
-11
1
17
36
57
82
112
148
188
229
270
309
343
367
380
381
372
361
350
339
330
323
318
314
311
306
298
290
284
280
281
284
289
292
295
297
297
293
284
270
254
241
232
222
213
207
206
206
201
189
175
165
161
163
168
176
187
195
197
192
181
172
165
162
160
155
145
131
116
103
92
80
69
59
52
47
45
44
45
48
53
61
70
82
96
112
127
141
152
162
170
175
180
187
192
195
199
202
207
214
221
225
226
226
223
218
215
214
213
213
212
211
211
216
229
248
270
289
303
314
322
330
338
346
352
356
361
369
382
398
415
431
447
462
476
488
499
509
518
524
528
530
531
531
532
531
529
525
521
516
508
498
485
472
458
443
425
408
394
383
377
377
381
386
392
395
393
386
378
374
375
382
390
400
412
426
439
449
453
451
443
433
423
412
401
396
400
412
421
422
414
399
382
363
348
340
336
335
335
335
334
332
329
325
324
326
331
338
347
362
385
414
447
481
513
539
559
573
583
591
598
605
610
613
615
616
615
612
606
596
583
570
559
552
548
546
549
557
566
570
572
573
579
591
609
630
650
669
688
706
723
737
747
754
759
763
765
764
756
740
719
696
674
653
636
625
618
612
606
600
597
595
595
599
606
617
629
639
646
650
656
664
671
673
670
667
666
670
675
680
682
681
677
671
660
642
618
589
557
524
492
463
435
408
379
352
329
310
293
282
280
293
317
348
382
415
444
464
473
473
466
456
445
428
403
372
344
322
301
276
245
214
185
161
144
136
127
117
110
112
118
124
132
146
167
190
210
222
227
223
215
208
201
192
183
177
169
157
144
135
127
123
123
127
133
138
139
134
123
105
80
52
21
-11
-42
-71
-96
-118
-138
-155
-169
-178
-181
-177
-168
-159
-153
-150
-150
-153
-156
-155
-146
-130
-110
-88
-66
-44
-24
-10
1
14
27
39
48
51
50
46
39
31
19
5
-8
-19
-28
-38
-50
-64
-77
-89
-97
-104
-113
-123
-131
-135
-136
-137
-140
-143
-146
-146
-145
-142
-137
-133
-129
-121
-110
-98
-88
-79
-72
-65
-54
-39
-26
-16
-10
-6
-5
-7
-12
-19
-26
-33
-42
-53
-66
-79
-89
-94
-96
-97
-98
-99
-99
-96
-89
-78
-66
-56
-48
-41
-38
-36
-32
-29
-25
-19
-9
7
26
44
59
71
80
87
93
101
109
119
131
143
153
160
165
171
177
182
184
186
186
186
184
178
167
154
138
121
105
92
83
79
79
82
85
87
88
88
88
86
85
82
77
70
63
57
52
47
40
32
23
14
3
-9
-22
-38
-54
-69
-86
-104
-125
-146
-170
-196
-226
-257
-289
-321
-353
-385
-417
-450
-482
-513
-543
-568
-589
-607
-624
-640
-654
-664
-669
-670
-670
-673
-681
-695
-712
-728
-746
-767
-787
-804
-823
-843
-863
-881
-896
-910
-926
-944
-966
-989
-1014
-1042
-1072
-1101
-1126
-1149
-1169
-1189
-1209
-1230
-1252
-1272
-1291
-1313
-1336
-1356
-1370
-1380
-1385
-1384
-1378
-1367
-1354
-1338
-1318
-1294
-1267
-1242
-1223
-1210
-1200
-1192
-1187
-1183
-1178
-1171
-1164
-1158
-1151
-1142
-1133
-1125
-1118
-1111
-1105
-1100
-1095
-1090
-1083
-1077
-1069
-1059
-1048
-1036
-1022
-1008
-996
-988
-982
-977
-974
-972
-970
-966
-963
-962
-962
-963
-965
-968
-969
-970
-970
-967
-962
-956
-951
-947
-941
-934
-925
-915
-906
-896
-888
-881
-876
-870
-861
-849
-834
-815
-795
-775
-757
-738
-718
-695
-671
-647
-622
-595
-567
-538
-509
-478
-445
-410
-376
-343
-312
-282
-255
-233
-214
-197
-182
-166
-149
-132
-116
-99
-81
-63
-46
-27
-8
10
30
50
70
90
112
135
157
177
195
212
230
247
263
278
291
304
318
332
345
356
365
371
375
376
374
371
366
359
349
334
316
295
273
249
222
191
158
123
85
43
-1
-46
-92
-136
-178
-216
-249
-276
-298
-316
-331
-340
-345
-348
-353
-359
-366
-374
-382
-393
-409
-431
-456
-483
-509
-536
-562
-587
-611
-633
-654
-671
-684
-694
-702
-707
-708
-709
-707
-703
-696
-687
-675
-662
-649
-636
-624
-613
-604
-594
-583
-574
-564
-554
-544
-536
-530
-526
-522
-520
-516
-512
-506
-500
-496
-494
-495
-495
-493
-490
-487
-484
-482
-483
-485
-487
-489
-491
-494
-496
-496
-495
-493
-490
-489
-488
-488
-488
-488
-491
-495
-499
-504
-510
-516
-522
-525
-528
-533
-537
-543
-549
-553
-555
-553
-549
-546
-544
-545
-549
-557
-567
-577
-583
-586
-585
-580
-569
-555
-542
-529
-520
-518
-521
-530
-542
-556
-569
-582
-592
-600
-609
-620
-634
-649
-668
-692
-719
-750
-781
-808
-826
-836
-841
-843
-843
-841
-839
-833
-824
-813
-801
-787
-769
-744
-713
-677
-637
-595
-555
-517
-482
-453
-427
-404
-382
-362
-341
-320
-299
-279
-259
-236
-211
-184
-158
-135
-118
-107
-101
-98
-93
-87
-80
-71
-61
-48
-34
-19
-7
2
7
8
5
2
-1
-1
2
6
12
19
29
40
51
61
71
80
88
94
101
107
112
117
122
126
129
133
135
133
127
117
105
92
81
70
57
45
34
25
16
7
-3
-15
-27
-40
-53
-66
-78
-91
-104
-118
-131
-143
-153
-163
-173
-182
-190
-200
-210
-221
-232
-244
-260
-278
-299
-322
-349
-379
-409
-436
-458
-476
-490
-499
-505
-512
-517
-519
-518
-518
-520
-528
-538
-548
-556
-561
-567
-572
-580
-590
-603
-618
-634
-651
-667
-682
-694
-707
-722
-737
-752
-767
-780
-791
-798
-805
-812
-818
-827
-837
-847
-858
-873
-888
-897
-899
-896
-893
-890
-889
-890
-891
-892
-896
-903
-914
-928
-942
-954
-964
-972
-979
-986
-993
-997
-1000
-1001
-997
-990
-979
-967
-954
-939
-924
-911
-901
-896
-894
-892
-889
-884
-877
-868
-858
-849
-841
-831
-822
-813
-804
-795
-788
-783
-779
-776
-774
-773
-772
-773
-776
-781
-785
-790
-795
-799
-804
-808
-811
-813
-813
-812
-811
-812
-813
-816
-819
-822
-825
-828
-832
-835
-840
-843
-846
-847
-845
-842
-840
-840
-840
-841
-842
-842
-844
-848
-853
-858
-864
-869
-875
-882
-888
-896
-906
-918
-931
-945
-960
-976
-993
-1010
-1025
-1040
-1056
-1072
-1088
-1104
-1119
-1132
-1143
-1153
-1161
-1166
-1170
-1172
-1174
-1177
-1179
-1181
-1182
-1183
-1184
-1185
-1186
-1187
-1188
-1190
-1192
-1192
-1190
-1188
-1184
-1179
-1174
-1170
-1168
-1168
-1168
-1170
-1171
-1170
-1167
-1163
-1161
-1163
-1168
-1174
-1176
-1179
-1182
-1185
-1187
-1187
-1187
-1185
-1180
-1173
-1166
-1157
-1144
-1124
-1100
-1075
-1053
-1034
-1020
-1013
-1010
-1010
-1010
-1011
-1010
-1009
-1006
-1001
-995
-989
-980
-970
-960
-948
-934
-919
-903
-888
-875
-865
-856
-847
-837
-823
-805
-783
-761
-737
-713
-687
-659
-632
-605
-580
-555
-532
-510
-488
-465
-443
-421
-401
-386
-374
-364
-353
-344
-339
-334
-330
-325
-317
-308
-300
-293
-286
-279
-270
-258
-243
-225
-205
-183
-159
-136
-114
-89
-63
-38
-14
8
28
45
60
76
93
110
125
140
156
172
189
207
228
250
272
296
321
344
365
387
409
432
457
483
510
537
565
592
619
646
671
694
716
736
755
771
784
795
804
809
811
813
815
816
815
812
809
803
794
783
770
757
744
733
722
712
702
692
681
669
658
651
647
645
642
635
628
622
616
612
608
605
598
588
575
563
553
546
542
535
525
514
503
491
479
468
462
461
461
458
454
451
449
447
445
444
444
447
450
452
454
457
460
464
470
476
480
480
479
475
471
467
460
452
445
438
430
421
413
407
399
390
382
374
365
356
350
346
343
339
333
327
320
311
304
298
292
288
284
279
272
265
257
248
238
229
220
212
204
197
189
180
175
174
174
175
175
174
170
162
153
144
134
123
112
101
87
71
56
44
36
28
20
14
12
14
18
23
28
32
34
30
19
8
0
-3
-3
0
5
11
14
12
6
-1
-7
-12
-15
-14
-6
6
20
32
44
56
69
83
99
115
133
151
170
188
204
219
232
245
258
271
283
293
302
309
314
320
328
337
347
355
362
370
379
389
399
410
422
434
444
450
449
445
440
438
439
440
440
440
443
448
455
460
463
464
464
464
463
462
462
461
459
456
453
448
442
434
424
414
402
390
377
366
357
348
339
330
321
312
306
301
298
297
299
303
309
315
321
327
332
339
346
353
357
360
362
363
364
364
364
363
360
356
351
346
343
340
336
330
324
318
310
302
295
288
281
271
259
246
232
216
198
177
150
120
91
61
32
4
-25
-52
-78
-103
-127
-149
-170
-190
-210
-230
-248
-266
-286
-306
-321
-331
-338
-346
-359
-376
-399
-421
-437
-450
-465
-483
-504
-523
-534
-535
-528
-515
-497
-480
-468
-461
-454
-446
-438
-433
-432
-432
-433
-432
-428
-420
-410
-398
-388
-382
-382
-386
-393
-405
-419
-434
-449
-463
-475
-485
-492
-499
-504
-507
-510
-510
-507
-503
-497
-492
-487
-480
-471
-460
-445
-426
-404
-383
-362
-342
-321
-298
-273
-246
-217
-187
-158
-130
-105
-84
-68
-57
-50
-46
-44
-43
-42
-39
-33
-26
-17
-7
3
14
26
