-118
-496
-596
-435
-808
-747
-699
-1136
-1168
-1271
-1377
-1406
-1337
-1008
-1043
-1010
-869
-806
-492
-212
-642
-511
-416
-495
-122
-236
-271
-70
109
-90
4
-4
-54
-134
-248
-77
4
153
47
-120
88
-98
-358
-6
27
-192
-135
-8
-64
117
51
18
48
-24
270
199
-82
-71
27
233
94
-50
214
-60
-16
293
-32
63
120
-363
-381
-340
-308
-156
-553
-634
-146
-568
-424
12
-305
89
204
-16
84
-33
-138
-173
-250
19
-418
-529
34
-263
-205
201
20
-44
-40
-434
-345
-103
-287
-314
-54
90
132
473
543
289
308
356
424
260
362
879
202
136
487
126
519
366
-8
476
637
420
683
752
718
464
492
516
266
396
362
312
94
-12
288
287
43
15
65
169
-20
37
435
600
299
488
638
341
475
573
360
357
251
-163
113
285
28
159
364
425
421
660
569
78
55
-94
-336
-391
-34
-326
-385
144
-285
-133
479
93
52
124
-40
240
111
308
314
5
77
1
96
92
-406
-627
-290
-106
-195
36
-17
-338
-81
-117
-236
-210
-522
-380
-428
-560
-356
-449
-517
-610
-563
-512
-622
-560
-578
-861
-449
-287
-421
-239
-621
-743
-603
-521
-542
-337
-241
-84
39
-79
-45
43
211
5
107
163
-10
-223
-208
-395
-506
-113
71
-68
-389
-311
-478
-402
-176
-44
-151
-105
84
-139
30
45
-299
60
572
73
51
343
290
290
297
436
238
262
687
528
206
432
537
573
458
348
560
441
363
244
315
233
-55
246
-17
-287
-171
-395
-298
-257
-71
-228
-533
-291
-384
-470
-450
-547
-589
-290
-246
-502
-373
-161
-201
166
170
-179
-32
-54
-72
-205
-530
-208
-119
-417
-469
-511
-373
-457
-231
-149
-101
101
83
15
-49
88
26
-198
-222
-175
65
145
-198
153
627
622
505
614
357
196
493
271
457
573
350
260
25
29
-15
25
143
80
-91
-161
-4
-53
96
175
11
-5
-81
-119
-37
-166
-107
37
31
210
243
270
291
318
427
521
317
100
165
3
-281
94
-33
-121
138
-310
-362
22
391
-40
148
559
333
361
409
338
86
47
18
-142
-347
-317
-333
-439
-309
-129
-230
-71
-219
-639
-416
-353
-567
-584
-675
-905
-539
-313
-374
-286
-159
-108
-51
-149
-90
22
99
297
-222
-41
153
113
255
293
429
209
421
88
127
337
70
583
589
13
73
446
66
113
44
-212
46
80
-69
-389
-160
-188
-162
-193
-248
-73
-356
-363
-275
-314
-254
-63
-195
-171
-163
40
-275
-490
-37
-802
-560
-219
-889
-761
-346
-302
-156
92
235
519
580
472
617
801
665
828
877
523
383
271
452
545
225
411
464
542
633
485
551
660
588
398
485
308
203
427
432
-3
227
343
212
263
218
39
-285
112
210
-53
266
498
101
390
376
164
107
-36
177
51
-188
-202
-263
-491
-256
-293
-323
-283
-54
312
-222
-277
44
-320
0
2
-438
-135
-46
-79
-79
-92
-344
-337
-310
-580
-679
-811
-888
-855
-823
-1040
-946
-697
-1011
-895
-321
-375
-479
-470
-346
-427
-709
-612
-727
-737
-468
-188
-264
-234
-143
-218
-158
-196
-156
-89
-34
-157
-406
-85
-166
-421
-55
-113
110
198
-62
-136
-217
-371
-331
-219
-414
-187
-93
-240
-287
-481
-290
-186
-365
-315
-74
81
95
402
563
518
437
273
241
204
188
381
304
163
202
-198
-252
-40
-178
-215
-298
-313
-98
-81
57
475
510
467
589
408
419
389
529
497
197
422
285
210
232
19
-218
-141
-232
-118
46
-124
119
173
507
523
123
427
467
288
253
174
46
-27
62
-112
164
211
232
394
181
487
807
622
587
782
632
413
395
672
628
501
655
408
369
487
350
403
245
-1
64
10
60
228
262
481
368
14
-165
-347
-360
-594
-563
-383
-749
-755
-743
-778
-664
-608
-411
-479
-459
-538
-338
-84
-17
405
72
103
458
12
-19
456
362
-67
133
124
-240
-88
27
26
96
191
314
37
-94
22
-36
190
70
-339
-80
-223
-565
-581
-777
-633
-571
-978
-1213
-1048
-899
-795
-593
-598
-568
-359
-237
-347
-329
-234
-563
-558
-399
-361
-145
-65
-234
-213
113
-112
-353
-17
157
175
314
92
-34
191
-53
128
429
292
414
462
436
310
698
586
351
614
617
511
297
413
240
238
363
297
321
427
455
279
207
154
39
126
282
-55
-120
144
-37
251
372
-28
221
42
-474
-217
-422
-623
-449
-753
-661
-442
-630
-556
-130
-59
-84
-63
-73
-63
186
399
283
89
81
12
-31
26
-90
-70
136
76
-62
101
-96
31
159
245
422
379
611
518
429
440
48
425
467
159
578
310
93
317
58
-157
-173
-142
-46
-171
49
67
-11
-33
-54
-72
-227
-301
-509
-417
-372
-339
-368
-758
-520
-556
-717
-455
-703
-466
-203
-298
-82
-64
4
285
-80
-37
67
-262
-124
-146
-310
-507
-436
-290
-420
-555
-725
-612
-569
-533
-453
-500
-410
-445
-409
-784
-677
-443
-801
-706
-262
-342
-550
-375
-332
-93
19
-116
-131
109
-7
183
209
96
336
239
304
161
320
484
269
350
332
317
450
253
320
432
334
377
345
529
457
412
546
472
353
213
443
488
394
520
280
222
421
60
-1
-42
70
513
597
491
342
546
667
615
611
567
638
516
62
122
-77
70
113
-95
-1
-190
93
23
47
-181
-102
219
-184
-150
92
-15
-415
76
17
-466
-71
-253
-106
391
352
256
391
201
112
-22
-195
-56
-251
-74
-7
-89
-85
-159
-61
227
218
12
285
385
196
469
683
319
389
490
283
342
207
15
54
242
335
-155
66
383
27
2
-224
-309
-276
-540
-680
-607
-796
-495
-390
-514
-259
-284
-172
-503
-85
176
-187
-36
130
-143
155
570
20
385
394
225
216
75
-69
9
-68
-214
-208
-178
-79
-677
-708
-760
-645
-557
-433
-621
-440
-80
-223
88
114
181
133
168
223
97
-121
43
-508
-730
-521
-1002
-719
-633
-739
-643
-559
-490
-561
-391
-476
-560
-316
-268
64
-373
-289
100
-432
24
88
-136
275
311
565
744
488
572
309
228
369
445
483
557
453
467
899
465
269
558
337
171
96
-243
-47
-104
-294
-334
-370
-384
-228
110
-327
-151
44
-171
158
80
-220
112
101
-65
-385
-540
-497
-802
-440
-540
-811
-584
-523
-525
-364
-193
-157
-111
-7
60
66
24
143
291
187
374
363
316
422
40
59
446
49
-45
405
-15
-180
85
-116
-127
-62
-129
-270
-259
-96
-128
-45
56
-220
46
347
117
270
62
79
144
-112
-19
-40
-233
-268
-289
-292
60
33
-73
72
192
321
429
266
136
490
536
366
787
873
298
710
932
522
543
225
90
373
115
67
446
219
81
343
561
160
-27
172
-8
-156
-66
-110
-340
-239
-165
-41
-200
-253
-141
-140
-354
-693
-481
-733
-841
-577
-452
-260
-365
-499
-533
-458
-431
-349
-573
-738
-312
-431
-387
-264
-639
-57
346
-31
-12
102
53
225
457
482
396
571
648
220
215
236
289
30
-179
210
85
41
-71
-156
47
14
106
152
-44
-29
-290
-537
-337
-495
-363
-147
-143
-124
-183
114
288
264
225
264
418
173
192
369
1
147
153
-191
-65
13
-110
-29
-41
145
420
164
117
54
-8
18
95
-67
-80
143
-29
-36
271
352
330
463
267
69
194
133
16
-70
-63
10
-29
41
33
264
215
-183
35
129
-80
104
146
155
232
196
235
194
322
281
174
401
81
-130
15
-343
-132
-157
-326
-364
-547
-321
-447
-254
-192
-172
-90
-298
-147
-215
-50
-224
-587
-392
-506
-480
-393
-478
-452
-217
-145
-262
-167
-2
171
-59
-31
-39
-327
-229
-257
-116
-9
21
17
-60
-120
-222
-113
-108
-356
-431
-394
-664
-783
-625
-551
-707
-757
-558
-549
-583
-431
-319
-447
-559
-490
-292
-212
-123
20
15
148
116
28
-5
-6
18
-59
12
155
110
268
405
114
184
125
31
105
11
21
40
-147
-267
-241
-533
-358
-221
-607
-667
-808
-752
-429
-313
-53
-33
-146
179
132
90
470
241
135
201
40
-115
-224
88
38
147
494
299
488
733
752
977
977
776
595
519
588
488
506
440
54
218
340
456
627
452
522
293
456
498
203
414
202
68
138
127
364
451
400
433
516
542
511
445
347
327
423
589
251
418
228
-34
496
165
41
355
267
-80
-51
-273
-261
-126
-290
106
-127
-338
216
109
-173
264
50
-248
107
2
-38
-18
0
-238
-334
90
-268
-211
75
0
43
-338
-124
-50
-249
20
-362
-345
-240
-526
-410
-558
-464
-382
-646
-547
-281
-399
-313
-112
-270
-9
-47
-31
247
68
171
301
183
291
11
-417
-204
-744
-658
-369
-767
-378
-737
-626
-308
-447
-242
-383
-432
-371
-543
-392
-41
-385
4
194
-42
185
-120
-30
21
0
79
80
201
71
-163
-160
-156
-144
245
204
78
295
251
273
231
262
632
417
321
455
362
471
362
191
350
308
312
537
118
375
513
49
469
510
305
460
135
-157
66
-215
-575
-610
-353
-355
-511
-374
-462
-226
40
50
87
368
591
632
699
491
677
884
305
64
83
-146
-215
-248
-340
-491
-433
-482
-824
-601
-479
-483
-565
-578
-234
-101
20
-96
-100
-30
43
187
17
-248
-285
-312
-296
-331
-175
-10
200
424
104
176
127
18
225
192
56
156
164
-11
35
-10
-31
-148
-119
-13
-76
-39
-19
66
-140
-249
29
157
-164
-255
-111
-340
-327
-211
-224
-531
-595
-458
-724
-745
-770
-883
-743
-660
-817
-767
-613
-582
-575
-533
-411
-479
-307
-164
-57
161
7
307
329
128
422
242
191
331
640
456
217
700
349
273
596
313
167
266
428
446
259
418
581
709
643
264
575
279
302
676
261
520
684
454
626
631
424
225
270
301
191
250
-88
-71
-5
-232
-381
-559
-576
-371
-257
-187
-211
-73
259
194
168
306
493
370
210
370
214
34
320
-254
-355
154
-113
-211
-356
-532
-566
-534
-719
-909
-776
-570
-453
-353
-443
-317
-103
-214
-9
109
14
-75
-2
-93
-283
-232
-31
-65
-25
373
509
558
624
640
721
764
545
443
279
747
741
503
903
584
733
1013
534
457
471
210
555
26
-127
251
-336
-141
80
-121
-221
-528
-297
-99
-545
-285
-294
-696
-416
-641
-958
-745
-672
-647
-696
-513
-184
-227
-121
-142
3
106
-114
41
145
217
274
506
299
-8
258
161
15
42
-25
-126
51
260
-43
-111
255
-64
-238
300
-98
-322
-110
-116
-100
-328
-151
-367
-525
65
0
-475
-248
-120
-303
-258
-32
-279
-250
28
-347
-158
158
-107
-181
-109
-439
-412
-343
-580
-459
-652
-915
-691
-777
-823
-701
-777
-795
-897
-911
-538
-470
-367
-142
-260
-54
148
-137
-248
182
-227
-215
486
-9
126
500
90
90
179
208
288
457
101
127
412
0
227
456
353
244
157
298
233
219
361
65
195
468
238
215
135
-112
172
378
195
95
-164
-199
-129
-247
-448
-369
124
-136
-537
30
-146
-318
-92
-421
-403
21
-88
14
212
114
295
455
624
415
631
742
390
477
969
824
985
908
343
812
699
356
592
624
402
613
656
514
656
822
370
401
603
168
282
346
241
90
267
180
83
48
-43
19
-167
-108
-214
6
-60
-349
-74
128
-92
-177
-318
-793
-675
-223
-404
-688
-483
-530
-837
-949
-846
-1074
-746
-658
-717
-537
-616
-154
-374
-446
-57
-434
-182
51
-201
147
-159
-143
139
-188
70
229
-79
-200
69
293
-31
-95
-25
-60
215
-160
-320
73
-134
-216
-56
-287
-398
-272
-257
-247
-255
-223
-265
-358
-207
-162
-164
120
2
67
-80
-382
149
106
19
306
209
176
449
228
160
438
260
250
115
-240
105
90
-259
-128
-392
-514
-284
-128
-277
-492
-525
-375
-371
-405
-481
-367
-327
-448
-389
-637
-594
-383
-284
-465
-495
-225
-36
17
295
479
447
643
720
677
632
148
110
594
400
422
608
421
307
611
621
490
690
874
633
736
869
317
609
751
96
444
719
268
692
481
198
433
227
206
146
-78
-409
-265
-405
-229
11
-489
-516
-536
-312
-189
-191
-5
-60
-154
-115
-51
-161
-353
-331
-59
-328
-181
243
-173
32
243
-117
-34
-147
-295
-92
-105
-119
-219
-254
0
-273
-199
-97
-547
-191
-147
-393
-347
-305
-169
-227
-218
-282
-574
-621
-166
-269
-619
-673
-525
-546
-623
-423
-338
-203
-272
-332
-358
-401
-626
-794
-818
-773
-802
-717
-721
-838
-641
-579
-605
-485
-201
-120
-12
-40
95
147
54
327
428
339
472
520
306
195
77
253
270
133
326
342
318
463
545
601
567
687
825
659
673
572
489
463
141
299
312
229
362
9
130
259
189
277
80
427
762
443
479
595
471
361
153
-3
70
73
9
-68
34
211
5
169
102
-106
21
-409
-574
-277
-380
-457
-354
-376
-349
-230
-334
-468
-267
-408
-451
47
-207
-172
288
93
242
482
406
400
511
408
745
886
367
560
541
-4
268
-107
-387
30
-395
-258
144
293
157
142
469
424
311
359
-11
16
433
159
176
69
211
481
378
487
102
324
596
96
192
97
21
64
-265
-250
27
-337
-547
-564
-742
-320
-448
-464
-455
-869
-747
-875
-1219
-788
-668
-831
-551
-827
-986
-694
-516
-318
-331
-188
-88
-164
68
-241
-688
-663
-968
-881
-368
-875
-535
-262
-567
-56
-108
-35
233
321
168
78
216
123
1
128
8
33
92
-49
-115
-60
-6
-319
-249
-145
-240
-521
-479
-242
-398
-176
92
-158
-90
-87
-198
-53
-120
135
161
-240
57
359
196
269
192
40
281
397
90
14
207
381
472
318
190
381
279
316
504
369
510
481
653
646
420
571
610
397
173
487
554
722
899
631
684
498
123
167
71
-77
-110
-113
-108
-324
55
-57
-275
-97
-397
-229
-1
-185
-220
-7
99
131
66
38
177
62
-106
-82
-175
-79
-266
-515
-48
-9
-166
45
36
19
29
-13
108
295
141
221
304
44
22
-1
-133
-235
31
-295
-353
62
-220
-227
21
-62
-82
4
-102
65
23
-93
249
235
94
248
195
211
425
455
196
468
383
-114
145
129
-89
128
348
130
113
279
377
-73
105
388
-206
119
89
-198
-99
-174
-389
-425
-8
-36
-371
-536
-550
-255
-609
-832
-427
-607
-503
-482
-503
-477
-414
-262
-410
-367
-577
-407
-47
-528
-565
-33
-18
215
370
214
180
-187
-278
362
285
-39
541
532
636
687
148
426
515
437
656
421
75
506
567
106
486
332
-38
192
124
-212
-67
108
-12
-49
-135
-156
-445
-658
-736
-602
-611
-723
-571
-412
-494
-712
-348
-149
-420
-439
-140
14
-135
-154
86
112
319
379
144
373
611
168
280
707
499
628
628
579
1084
1043
758
1080
604
411
561
188
333
95
-92
169
130
127
29
-167
47
-272
-626
22
-232
-398
-58
-347
-204
-116
-362
62
146
26
398
278
276
98
-68
79
129
-56
13
-33
-339
51
65
-366
-224
-86
-562
-425
-211
-508
-313
-5
-454
-500
-424
-776
-515
-502
-549
-663
-848
-550
-318
-293
-307
-298
-444
-314
-141
-489
-311
3
-146
-103
-148
-289
-107
-178
-213
-176
-358
-224
-564
-603
-538
-622
-379
-453
-662
-601
46
-59
-201
61
-82
140
278
-81
-51
401
134
-106
326
129
-192
108
-156
-336
54
-15
-176
-155
-487
-474
-247
-364
-552
-270
-248
-282
194
-117
26
111
-2
-146
-15
303
-29
81
151
133
65
15
-17
-104
-157
-256
-257
-217
-287
-295
-388
-319
-323
-472
-279
-194
-145
-25
-206
79
368
184
229
95
-19
-61
-67
65
248
307
525
703
828
543
614
714
466
600
269
94
294
80
46
348
122
328
483
465
461
630
577
626
1129
856
1002
1231
1285
1247
1158
1480
1369
1040
958
965
1024
647
452
493
329
230
87
205
43
95
637
654
203
252
570
399
370
190
-34
46
-204
-476
-445
-683
-710
-870
-1001
-698
-947
-960
-943
-904
-829
-868
-611
-856
-784
-488
-828
-722
-438
-378
-347
-338
-344
-439
-249
-80
-138
-134
-19
-92
-11
91
26
69
95
307
251
250
116
-124
87
-188
-214
-138
-370
-66
-148
-167
-14
-315
-87
-118
-181
124
-238
-176
188
-65
-163
58
40
-67
23
-113
-7
323
-26
-90
37
-382
-457
-538
-638
-486
-640
-438
-73
-174
-195
-274
-177
173
-224
-404
-182
-441
-174
158
-72
-128
123
131
-22
-240
-335
-176
-566
-490
-308
-386
-376
-416
-440
-603
-421
-618
-742
-550
-658
-727
-535
-530
-248
-233
-356
-5
-49
93
223
227
136
159
185
-173
-135
134
1
-119
118
395
196
265
361
73
100
82
80
-222
-149
29
-159
339
551
415
689
748
751
402
306
435
0
178
207
248
521
436
198
712
712
353
680
288
158
183
87
169
283
322
669
619
372
516
724
574
252
381
408
222
103
86
6
25
-96
0
21
-161
-252
-294
-337
-207
-262
-366
-242
-116
-311
-427
-433
-839
-827
-683
-668
-1024
-1056
-1006
-1047
-1057
-1061
-779
-910
-954
-870
-1040
-920
-845
-974
-807
-861
-1128
-981
-738
-531
-722
-753
-315
-485
-323
-83
-213
-316
-84
156
148
357
561
718
806
989
1096
904
844
833
578
676
816
597
582
797
683
742
600
276
405
511
644
856
944
878
955
910
976
835
854
953
503
722
709
305
560
580
492
656
606
412
321
567
525
305
497
429
357
298
31
-26
-200
63
-83
-391
178
-148
26
250
-335
-204
-155
-14
-286
-349
-244
-346
-259
-554
-453
-464
-571
-401
-395
-711
-598
-747
-1128
-763
-778
-862
-751
-426
-501
-458
-141
-462
-269
-62
12
135
91
221
349
540
613
511
837
746
428
860
665
506
537
240
305
409
295
52
264
194
-58
468
288
157
557
562
500
323
638
562
433
624
332
250
557
266
-251
102
44
-146
86
-307
-236
59
-525
-231
-280
-580
-282
-395
-377
-374
-332
-386
-353
-394
-119
-307
-334
-313
-414
-109
-282
-187
-349
-367
-535
-717
-1055
-932
-474
-827
-937
-893
-732
-559
-427
-648
-869
-845
-646
-688
-930
-650
-541
-702
-661
-711
-608
-467
-248
-213
-344
160
-67
-150
314
-38
-176
21
-367
-317
-96
-405
-243
31
-155
-124
198
-41
-7
459
403
284
532
137
37
374
131
170
311
-38
-196
115
-130
-296
-14
-18
226
376
115
602
418
266
622
345
296
407
24
-277
-196
-608
-247
-291
-552
-92
-97
-133
-157
-65
34
-157
73
-28
-228
250
-42
-289
-79
-188
-64
-74
-413
-331
-498
-439
-457
-490
-241
-660
-378
-54
-303
-71
-78
-139
-85
-389
-77
229
-173
46
632
428
398
639
431
542
668
444
573
497
441
563
604
798
794
695
594
943
595
539
871
359
834
939
533
655
637
589
578
403
400
733
661
607
674
463
348
482
194
-35
283
92
-80
-32
-248
-217
-221
-594
-492
-407
-766
-641
-489
-683
-577
-713
-624
-290
-724
-772
-573
-596
-631
-571
-533
-138
-245
-345
-133
-496
-149
-238
-316
-229
-215
-168
-235
329
246
174
291
14
353
413
-17
146
238
125
287
220
140
329
442
569
513
525
662
650
515
394
533
401
481
406
237
124
-71
-1
-130
-182
-220
-167
5
96
-108
-199
-306
-337
-309
-370
-361
-422
-526
-389
-187
-268
-305
-173
-277
-681
-279
-485
-674
-216
-427
-617
-597
-360
-407
-463
-207
-176
-201
-290
-287
-49
122
13
90
267
253
668
617
224
155
338
193
88
133
0
259
-101
-148
7
-213
-203
-91
121
62
111
335
384
205
385
366
146
194
148
-20
-116
143
172
52
94
458
454
341
555
225
351
665
420
195
39
68
-201
-176
-146
-781
-730
-407
-436
-304
-414
-498
-108
-87
-81
-144
-372
-274
-42
-67
-83
179
171
191
23
-27
47
15
-277
-148
-74
-280
89
79
49
-202
-30
0
21
453
1
28
313
-142
108
189
-251
37
-226
-526
-346
-521
-717
-522
-517
-557
-417
-721
-800
-588
-740
-635
-494
-516
-625
-352
-134
-342
-447
-607
-372
-372
-258
-430
-612
-426
-346
-189
-249
-344
-225
-204
-523
-302
-185
-440
-300
-212
-244
-22
93
131
217
196
-12
-43
-53
-229
-360
-363
-508
-528
-187
-116
-35
3
252
359
449
592
474
712
844
661
827
828
502
564
502
432
545
513
294
278
500
338
96
457
512
321
596
486
355
344
154
258
387
23
119
366
65
180
509
333
351
710
765
789
640
646
768
904
791
533
771
908
856
773
896
910
858
889
457
388
561
362
431
76
-117
35
-41
154
-102
77
-11
-280
263
50
-294
-56
-73
-367
-385
-505
-468
-719
-551
-316
-411
-56
-207
-56
0
-5
3
108
97
242
593
111
285
642
407
91
28
-88
-127
-208
-124
-170
-703
-399
-559
-611
-480
-777
-771
-1025
-924
-785
-949
-900
-687
-846
-1155
-1088
-820
-699
-627
-620
-1091
-1064
-962
-1021
-634
-482
-460
-339
-414
-288
-443
-809
-446
-745
-880
-313
-816
-1171
-695
-757
-1035
-720
-438
-214
-22
-218
-139
104
459
336
505
652
454
991
973
758
828
926
535
598
690
537
511
265
184
46
-25
109
-13
-405
-248
-736
-633
-28
-546
-179
-8
-280
254
176
124
72
-156
251
487
96
23
84
-50
110
277
209
77
274
178
283
410
38
304
721
442
800
891
144
180
154
-268
-344
-444
-624
-416
-271
-377
-372
-328
56
240
-107
322
113
266
698
183
368
324
165
333
443
-208
-407
-17
82
-126
-551
-323
-238
-330
-218
-225
-175
-162
14
89
-77
91
257
267
175
488
238
-198
130
23
-192
35
3
-42
7
-399
-187
11
-111
112
-23
-38
146
260
389
234
101
19
-86
-246
-85
-198
-161
256
-26
-27
259
268
-55
44
79
-124
-6
-61
-238
-530
-519
-356
-273
-607
-624
-215
-553
-381
12
-428
-535
-226
-420
-537
-271
-454
-740
-428
-625
-668
-234
-560
-628
-370
-172
-439
-74
297
32
404
540
207
436
800
661
552
646
753
281
268
526
405
418
574
352
253
459
268
319
167
-234
47
-114
-302
-107
-204
-355
-573
-504
-353
-198
-578
-401
-288
-387
116
-101
-113
289
36
156
620
247
588
736
533
716
350
394
483
502
333
189
537
361
479
564
296
524
434
271
541
383
232
673
445
84
303
183
-23
541
596
252
505
302
142
381
362
15
203
111
-202
-126
-126
-32
-236
-287
-596
-572
-418
-767
-656
-359
-570
-396
-202
-628
-220
-256
-582
-146
-187
-501
-184
-334
-303
-14
-456
-36
77
169
343
67
58
-7
226
-41
-258
-209
-298
-571
-707
-641
-536
-412
-524
-357
-270
-426
-360
-74
-102
-279
-120
-94
-133
230
255
10
-3
467
214
208
596
135
271
484
411
292
127
15
178
80
-61
22
-53
-149
91
0
-378
-158
-312
-470
-517
-699
-810
-792
-925
-761
-562
-657
-471
-368
-294
-383
-230
-138
-119
195
198
-35
-84
-26
117
-158
-69
185
-42
-101
8
61
5
294
116
148
363
128
192
-62
-311
-242
-444
-677
-720
-466
-567
-512
-342
-340
-288
-213
-88
-325
-133
-69
78
233
329
401
178
154
178
295
244
228
363
478
176
426
602
451
849
368
319
600
600
646
443
471
148
563
847
758
911
649
855
841
755
528
436
431
244
182
411
557
222
426
177
-90
134
101
-179
-209
-94
-168
-87
75
-31
60
95
-73
-33
-183
-178
-76
8
-103
-108
-177
-239
-158
-29
-108
-227
-211
-206
-79
-409
-509
-350
-282
-389
-365
-696
-911
-343
-289
-322
-622
-268
-17
-492
-14
-97
-63
318
265
244
151
277
290
354
108
40
224
-309
-47
110
-482
-260
-61
-432
-261
-348
-850
-744
-600
-300
-692
-579
-187
-717
-603
-415
-415
-600
-376
-124
-412
-253
-396
-476
-1
-246
-179
157
-212
212
345
45
269
95
40
137
-24
55
248
271
342
218
-48
140
114
-56
475
404
495
766
784
1000
1015
1059
848
992
1074
1169
1293
1197
1134
987
875
386
149
0
-356
-157
-779
-790
-630
-1040
-921
-892
-633
-1147
-898
-723
-1054
-892
-683
-737
-684
-477
-640
-395
-405
-522
-392
-597
-487
-78
-165
-33
-10
-95
-87
-102
42
20
-209
126
-69
-261
198
-177
126
483
78
286
631
445
330
412
255
194
479
474
450
488
499
586
434
530
605
464
563
452
716
725
392
750
585
520
541
261
406
38
93
355
47
461
154
110
539
230
25
-226
63
35
-417
-283
-558
-644
-323
-280
-123
-373
-287
-88
-348
-361
-354
-405
-355
-372
-641
-690
-823
-1204
-866
-995
-1045
-510
-523
-635
-663
-526
-674
-691
-655
-615
-597
-729
-835
-862
-733
-951
-835
-623
-950
-691
-597
-930
-970
-1127
-980
-636
-439
-263
-384
-539
-284
-199
71
39
101
389
149
286
567
614
734
780
590
929
1008
963
876
751
941
706
862
910
380
485
797
674
612
692
702
506
530
479
216
149
100
371
359
-9
151
63
-187
-145
-120
18
-12
-204
156
74
-118
152
10
192
270
-26
82
78
-211
80
98
-109
197
297
220
126
56
207
343
402
563
530
230
498
539
204
193
291
45
94
385
-176
-89
-22
-196
-25
-171
-185
-336
-571
-160
-148
-159
33
-86
102
207
158
204
253
222
262
410
494
417
283
87
-116
-179
-150
-262
111
12
-180
76
-110
-9
152
-39
61
133
-55
-63
74
112
50
376
387
156
201
-5
-356
-385
-539
-398
-410
-620
-373
-313
-125
-24
-398
-453
-419
-500
-149
-396
-664
-289
-603
-731
-501
-635
-455
-424
-482
-502
-472
-219
-235
-163
-130
-507
-368
-128
-493
-514
-341
-566
-591
-483
-483
-367
-277
-260
-221
-245
-303
-160
-319
-244
17
-163
-82
-52
-82
17
-145
92
106
11
427
318
410
827
592
296
538
615
565
703
536
606
668
464
721
617
531
586
915
888
14
258
398
-21
61
9
-70
-12
-124
20
-154
-289
-379
-577
-414
-625
-453
-225
-293
-129
80
-273
-417
-179
-251
-267
-121
-418
-335
-58
-167
-20
-243
-34
38
-1
-292
-494
-347
-628
-521
-477
-664
-631
-396
-377
-409
-330
-30
61
-27
371
480
398
632
647
533
394
294
203
404
453
262
491
338
115
344
324
450
634
210
-1
142
210
125
180
150
161
397
254
117
119
11
-4
62
-54
-386
-565
-298
-406
-275
-158
-552
-224
-112
-319
-234
-307
-822
-641
-371
-451
-412
-501
-440
-507
-312
-212
-80
-34
15
59
73
-30
164
262
116
275
55
185
356
244
136
222
422
373
152
214
-5
74
56
-222
-179
-154
-111
-273
-252
-93
-84
-524
113
163
-379
-286
-617
-514
-632
-668
-589
-331
-347
-182
296
-183
-220
300
154
-59
466
135
64
536
479
450
429
516
382
499
476
-15
-114
59
213
244
202
121
-108
30
-266
-247
141
-23
94
262
34
86
96
-281
30
147
-10
-35
-141
-64
142
558
464
334
793
768
493
461
381
293
325
233
76
29
16
-55
-149
-118
-40
-240
-61
372
447
409
137
94
152
84
-112
16
-239
94
550
-200
-22
98
92
125
17
94
-36
-33
-17
3
218
378
335
168
-52
70
-165
-292
-207
-204
-164
-110
-81
-220
9
-100
-157
-5
-248
-436
-268
-329
-343
-294
-486
-293
67
-159
-269
-91
-438
-171
-5
-225
-145
84
-27
-353
-107
-105
-356
-38
49
-171
145
8
-66
-96
-263
-73
-30
-198
-130
-34
-166
-82
-16
61
-240
-225
-427
-864
-341
-275
-546
-362
-107
-110
-359
-281
-375
-470
-192
-323
-293
-447
-800
-722
-655
-697
-740
-578
-420
-475
-548
-528
-610
-557
-282
-704
-809
-413
-539
-259
-23
5
0
42
77
38
74
-92
47
262
51
-137
63
87
172
265
428
570
513
785
816
773
786
653
404
44
101
182
184
106
13
310
246
238
239
74
147
142
154
292
89
-34
158
-80
142
47
-336
0
-173
-247
-100
-136
-220
-235
0
120
186
163
205
221
646
987
910
621
679
1089
829
881
1169
1244
1064
911
909
793
591
611
519
313
415
261
413
240
185
317
128
264
6
-46
3
-121
-237
-301
-9
-503
-738
-198
-647
-546
-188
-376
-156
-283
-388
-408
-276
-311
-491
-93
-132
-136
221
59
-159
138
175
24
231
9
-248
-26
96
1
135
-11
-30
110
90
414
156
39
58
-159
74
-28
-225
6
-213
-201
-56
-436
-208
-107
-379
-107
86
-355
-443
-173
-181
-3
220
-91
-140
-43
-24
-72
-306
-235
-444
-225
-185
-508
-417
-572
-404
-581
-700
-579
-742
-231
-530
-639
-19
-300
-478
-67
-289
-272
96
-54
-123
-292
-83
-348
-214
101
-196
1
80
-110
-63
52
-112
13
335
259
40
175
199
56
-102
-401
-418
-112
-49
-7
-85
-204
-186
-160
-318
-499
-41
22
-51
169
-26
-99
147
47
59
430
229
43
524
637
376
541
490
423
643
365
524
774
797
815
778
950
800
1069
1172
850
907
864
689
554
506
601
580
383
330
83
11
70
-230
-287
-158
-205
-72
81
-193
-107
-270
-396
-319
-739
-466
-369
-773
-780
-718
-528
-839
-996
-670
-1055
-1156
-961
-963
-975
-921
-873
-963
-967
-942
-1062
-866
-813
-836
-759
-1118
-862
-418
-383
-368
-326
-235
-299
-364
79
201
31
98
99
-44
-272
-133
141
157
-312
-227
-171
-611
-219
49
-339
-371
-349
-428
-108
-58
55
160
120
240
397
373
116
388
504
596
792
775
782
606
715
495
331
617
277
402
448
-8
310
430
190
286
572
583
486
228
134
189
173
249
270
286
308
154
74
265
-96
-179
4
-149
-112
178
133
125
220
63
42
134
330
466
220
206
202
-146
194
-54
-273
-59
-210
-227
-249
-89
-227
-128
-98
-233
191
11
158
501
66
204
333
102
372
404
342
571
582
426
323
579
462
313
506
247
415
569
123
153
201
177
76
28
364
31
284
627
-33
606
669
67
370
250
238
131
-119
-276
-506
-183
-42
-189
7
-14
-112
109
220
97
235
-100
-314
-137
-531
-601
-800
-812
-554
-700
-523
-568
-570
-457
-685
-390
-327
-818
-341
-64
-678
-607
-442
-459
-593
-744
-432
-733
-649
-405
-402
-47
-128
-66
22
25
104
193
110
183
181
182
351
197
170
315
42
-7
-36
-483
-285
-436
-906
-426
-290
-805
-553
-637
-844
-472
-445
-582
-401
-196
-215
-239
-245
-247
-102
-146
-107
-68
-270
-202
-76
121
127
287
328
395
355
394
511
280
465
505
541
908
898
494
496
486
369
553
302
-9
122
-63
-69
56
-3
138
-35
-262
-146
-124
-239
-90
-253
-372
-287
-645
-484
-424
-682
-605
-498
-446
-627
-887
-973
-776
-687
-564
-400
-397
-78
94
-43
7
20
99
121
61
170
193
236
286
119
132
354
449
465
442
422
486
793
585
348
613
464
505
641
563
727
761
623
598
550
637
872
597
437
488
381
409
198
-21
183
124
-233
-294
-253
-317
-381
-355
-342
-234
-369
-1
23
-333
-134
-302
-544
-678
-577
-382
-434
-400
-149
-204
-46
187
63
-29
337
429
193
212
341
517
447
400
-40
-333
-155
-111
7
90
-142
-267
-8
-15
-571
-242
-52
-251
-326
-832
-449
-664
-461
-3
-538
-357
-563
-501
-743
-772
-550
-841
-406
-670
-237
-262
-655
-39
-18
-33
253
-2
-336
198
109
-50
201
386
89
215
458
-122
-41
-16
29
208
155
77
227
349
15
-45
323
164
-44
408
-26
-126
184
-189
-40
-38
-181
-285
-228
108
-33
140
167
75
464
248
146
248
155
277
372
369
186
111
280
341
241
314
125
10
372
298
255
198
-244
86
96
-153
-139
-22
141
-371
-93
43
71
-34
-16
-282
-175
441
51
9
-162
149
-165
-272
-47
-296
-296
-117
-48
49
141
149
372
74
371
482
144
-11
222
301
36
255
482
209
224
436
261
648
1097
528
503
1094
534
404
571
333
174
324
530
424
448
470
555
701
373
191
126
-399
-322
-182
-148
-280
-364
-324
-601
-788
-690
-579
-706
-598
-610
-465
-587
-810
-815
-537
-590
-949
-753
-832
-1095
-918
-914
-1245
-1081
-1024
-939
-1094
-1367
-1448
-1205
-1203
-1518
-1240
-1108
-1126
-758
-664
-1056
-1073
-836
-1038
-1215
-791
-870
-857
-571
-529
-263
30
-76
-106
273
240
206
476
385
413
651
816
652
646
1009
816
693
984
1066
1127
1247
1208
1180
1053
919
785
846
759
808
771
576
579
583
605
539
474
255
307
10
-4
23
-132
70
-242
-308
-27
-252
-136
270
-31
-88
-129
-174
11
-9
57
-11
-138
-128
285
287
22
341
299
221
478
319
518
579
615
1028
861
1002
973
791
972
990
655
637
570
300
313
238
357
64
180
73
-290
118
-174
-259
-98
-386
-287
-259
-178
-152
-193
-94
-30
237
-271
97
546
36
315
169
6
246
443
271
279
389
292
596
602
176
20
18
-204
-210
-275
-466
-797
-898
-767
-829
-548
-616
-711
-427
-635
-768
-533
-572
-871
-622
-526
-700
-415
-758
-711
-361
-420
-389
-256
61
-60
2
165
95
-63
269
289
200
326
-104
117
196
-112
-453
-393
-388
-581
-159
-507
-691
-175
-522
-680
-288
-486
-655
-422
-577
-897
-739
-410
-560
-824
-683
-880
-866
-515
-357
-244
-132
124
80
153
351
403
538
599
558
727
832
606
829
696
498
687
684
725
637
559
482
660
751
442
394
304
145
261
194
-96
-388
-203
37
-98
-53
-203
-396
-81
47
2
240
477
230
382
588
526
359
87
384
305
168
202
61
73
154
20
201
174
113
86
-264
-73
277
128
204
487
423
388
302
285
64
-32
-157
-235
-273
-320
-181
-342
-92
72
-202
-20
-135
-174
24
-243
-403
-461
-590
-796
-735
-831
-771
-647
-916
-772
-485
-578
-512
-225
-305
-117
143
-3
27
85
-21
-101
-127
-23
35
369
470
300
610
369
248
408
145
131
-43
-302
-136
0
-120
-4
-203
-296
-12
-120
-224
-268
-271
-197
-82
-165
-334
-405
-241
-243
-239
-328
-647
-527
-216
-278
-489
-68
-127
-222
43
-179
-29
44
-133
209
155
-135
222
208
28
213
345
154
88
377
102
-82
147
-15
12
286
335
262
260
449
438
466
97
-226
19
31
-83
-217
126
221
55
78
-17
-150
112
461
32
48
40
171
347
165
250
2
117
-10
-153
78
-324
-188
71
-484
-300
-110
-528
-220
-241
-586
-581
-414
-348
-534
-237
-373
-538
-265
-166
43
-9
145
393
362
409
117
293
696
354
491
779
465
698
673
329
749
828
505
701
715
488
730
856
707
704
732
421
352
184
-33
-147
-189
-385
-460
-141
-418
-530
-591
-474
-416
-537
-75
-142
-353
-158
-725
-727
-412
-766
-422
-150
-452
-285
-90
-327
-367
-190
-65
-74
410
465
220
117
54
21
107
225
-160
19
143
120
-237
-322
-232
-440
-440
-322
-154
-305
-379
-378
-254
-378
-451
-253
-598
-570
-246
-710
-563
-191
-404
-685
-437
-599
-893
-449
-724
-983
-749
-585
-719
-536
-243
-363
-59
205
42
270
267
122
154
3
55
341
323
56
228
189
105
-13
29
133
89
355
251
262
298
262
179
144
156
-26
120
-207
-475
-184
-194
46
69
-193
-24
102
218
83
114
187
2
16
-113
-112
-202
-191
-252
-316
-70
-106
-19
-35
-75
-33
20
-167
-399
-198
-243
-342
-115
103
-82
-169
289
365
428
834
616
411
373
92
450
606
264
731
729
629
1010
882
834
972
906
830
746
622
483
272
344
234
207
331
73
15
86
78
-43
-74
163
160
225
313
220
102
24
215
100
210
646
415
186
214
345
358
328
257
232
292
171
9
-86
4
-224
-123
-134
-363
-360
-263
-179
-164
-250
-253
-33
-326
-289
-309
-580
-458
-367
-494
-487
-509
-810
-1016
-871
-1099
-1145
-777
-974
-875
-883
-724
-687
-765
-500
-617
-418
-322
-245
-143
-219
29
16
-52
77
-60
-247
-148
86
77
-78
94
239
-94
92
107
-170
-144
-343
-254
-232
-395
-410
-590
-741
-709
-689
-399
-536
-351
-44
-366
-46
-123
-505
-74
-58
-186
-60
136
233
264
373
178
283
88
227
413
456
454
342
443
386
408
214
305
458
346
129
364
657
600
333
282
456
272
533
451
15
171
166
-44
17
-85
119
149
71
396
123
79
91
40
-59
35
17
-105
1
42
-73
-125
87
85
229
-31
54
100
84
200
324
478
190
294
283
73
300
432
104
130
193
2
202
288
-142
-152
-118
-213
-11
-94
-194
-191
-47
182
133
128
186
248
203
278
348
-5
-110
-57
-63
-101
-98
-161
-226
138
127
55
124
237
249
269
236
-32
262
206
119
262
20
-114
237
130
-18
336
56
98
404
-19
-9
-4
-112
-208
-442
-309
-617
-582
-624
-799
-618
-664
-646
-653
-543
-583
-801
-672
-806
-802
-667
-891
-932
-629
-475
-803
-681
-529
-642
-675
-674
-701
-653
-620
-702
-658
-618
-541
-466
-207
-247
-532
-341
-25
-50
-66
-153
-285
-289
-287
-66
-162
-192
-17
97
108
55
336
426
459
603
577
663
622
304
405
664
588
694
406
409
708
531
736
279
299
634
351
527
396
320
411
181
360
278
78
348
383
443
309
479
599
322
182
320
76
-6
112
-219
0
-128
-71
156
357
595
-45
58
362
-117
181
279
-82
76
251
241
157
396
606
667
776
720
882
914
786
851
606
439
620
636
307
473
662
228
272
298
-121
40
92
-146
-92
-236
-163
-52
-196
-486
-884
-606
-450
-657
-280
-535
-629
-60
-304
-265
80
-141
-115
-185
-306
-85
6
96
40
52
172
115
-38
-74
-372
-283
-78
-516
-328
-199
-388
-609
-649
-385
-776
-809
-683
-848
-531
-530
-785
-518
-719
-645
-259
-527
-92
197
-92
-227
-8
12
-47
185
74
-118
-266
-199
-345
-627
-394
-323
-574
-765
-444
-250
-297
-259
-270
-107
-212
-1
143
132
133
198
260
-58
79
155
-363
-161
81
-488
-281
-359
-377
71
-150
-58
-182
-1
130
-224
104
131
164
242
84
220
21
-101
143
134
3
15
50
-251
-123
47
-297
-156
69
186
233
199
153
456
476
266
368
56
136
446
75
-70
177
-92
71
404
9
-41
239
193
180
450
609
655
668
626
601
616
497
623
761
287
232
443
62
5
373
348
327
489
331
228
389
511
398
237
275
145
183
299
-7
41
166
-243
-129
68
-367
-622
-349
-259
-479
-332
-204
-502
-831
-817
-927
-939
-686
-776
-837
-1000
-1037
-787
-1107
-794
-574
-942
-685
-591
-615
-509
-455
-233
110
388
466
113
226
430
404
617
506
373
487
262
95
-111
-120
83
-243
-258
-315
-391
-451
-344
-278
-95
-240
-311
-56
-47
273
-335
-254
-119
-418
-432
-818
-685
-540
-590
-142
-432
-680
-196
-422
-281
221
-24
63
285
283
203
178
294
123
243
194
570
54
15
94
-72
218
-258
-47
337
-384
-432
354
-330
163
442
-136
480
721
35
306
740
447
501
592
510
621
569
539
667
138
750
371
108
1248
423
668
1233
289
994
996
212
1215
777
339
1462
1056
294
836
815
709
851
300
600
309
-40
122
36
38
268
262
-30
109
-262
-324
-205
-297
-346
-238
-581
-834
-567
-885
-1195
-1052
-894
-1090
-668
-696
-953
-408
-730
-479
-79
-620
-226
-60
-357
-267
32
38
-105
25
59
304
265
399
162
56
273
209
92
273
321
122
108
155
493
71
281
330
-137
-145
-335
-215
-333
-125
-38
-692
-475
-377
-395
-110
-230
-372
-285
161
24
-306
-164
-108
-67
-461
-152
101
-529
-18
-93
-420
108
15
-110
-322
-404
83
102
-570
-316
4
-253
-140
-215
-401
-481
-516
-1268
-1188
-1004
-922
-820
-1061
-816
-868
-579
-891
-1150
-650
-358
-418
-577
-652
-741
-654
-648
-565
-446
-159
-361
-534
-533
-399
-76
-615
-120
-41
-132
163
105
580
644
454
753
754
736
701
333
511
444
188
22
-82
-207
161
118
152
343
54
-204
31
311
36
88
-59
196
245
431
465
492
510
429
953
725
362
393
523
327
662
233
330
295
-48
286
165
361
-35
117
89
314
223
226
630
103
80
482
202
312
770
303
488
390
51
494
241
261
765
511
692
1011
789
917
830
730
626
586
789
522
426
366
170
252
217
-86
130
177
-27
454
368
144
-2
-135
420
-205
-344
-123
-187
-71
-277
-346
-810
-989
-677
-607
-817
-579
-425
-424
-62
12
-619
-258
153
22
136
269
-147
-168
192
-173
-173
17
159
148
-74
-193
-127
-525
-131
-256
-802
-127
-275
-512
-18
-73
-222
153
-19
-48
6
-565
-619
-653
-724
-871
-878
-770
-1041
-637
-516
-817
-719
-670
-793
-729
-580
-632
-283
-466
-592
-615
-513
-563
-1077
-774
-785
-316
-421
-353
-50
-413
-192
75
-47
-163
125
108
270
534
389
452
843
817
978
571
510
677
546
655
597
496
399
578
337
617
670
329
525
478
372
525
229
96
95
313
608
-73
-178
120
-196
-5
-221
-327
-352
-309
391
-29
33
174
441
502
238
428
367
403
389
501
670
311
377
630
381
699
491
423
518
331
470
416
231
125
156
383
298
204
142
-251
-204
-240
-535
-151
-272
-485
-362
-718
-746
-799
-464
-303
-659
-642
-544
-942
-1005
-773
-754
-748
-374
-287
-714
-682
-750
-307
-50
-460
-285
120
-56
326
795
571
572
514
346
-77
-74
381
209
121
136
-234
-185
-237
-633
-414
-438
-633
-575
-489
-584
-652
-336
-526
-529
-546
-564
-635
-644
-449
-583
-411
-346
-413
-149
-411
-376
304
194
203
-23
-167
-273
-436
-293
-224
-5
19
-108
142
490
84
142
349
275
260
447
224
24
403
171
395
581
369
345
518
671
518
777
728
723
1027
566
629
498
15
301
20
-165
-142
-161
-166
-203
39
-331
-350
-135
-750
-904
-480
-599
-620
-599
-524
-77
-157
-45
32
-177
-156
130
350
111
-31
146
123
112
41
110
18
-73
476
360
137
443
670
313
719
706
-51
119
424
208
426
640
220
541
340
446
642
481
521
571
659
570
595
775
739
562
869
526
546
815
533
622
766
392
245
112
-10
165
-231
-425
-444
-267
-309
-351
-230
-179
-452
-279
-130
-606
-250
-458
-559
-392
-858
-521
-190
-343
-36
-38
-133
-23
-264
-213
80
-496
-431
-282
-419
-129
-361
-5
-98
-109
-174
-288
42
-167
-320
-188
-100
-287
-50
-384
-526
-510
-500
-473
-457
-60
-112
-357
-482
-377
-787
-840
-790
-941
-601
-631
-861
-361
-525
-323
68
-101
195
156
124
190
128
123
450
297
246
189
-43
-178
-321
-294
-296
-322
135
231
30
447
160
23
83
127
623
264
204
226
-121
379
54
-143
189
-7
169
43
-12
307
406
642
317
446
442
47
361
134
-114
40
49
233
7
-383
-2
-161
-258
-83
63
-142
-270
-153
-35
119
-91
5
-482
-655
-680
-978
-1153
-1220
-973
-706
-666
-713
-521
-155
-18
-507
15
381
99
318
557
370
428
491
238
411
299
421
808
1012
1114
1214
897
1009
888
647
658
235
424
337
577
737
468
485
614
496
310
-6
-48
-6
-141
98
-166
-18
177
114
-114
23
-150
-280
-135
-568
-714
-804
-431
-491
-822
-707
-661
-681
-785
-1017
-669
-795
-852
-574
-685
-669
-758
-564
-588
-906
-857
-407
-273
-232
-72
322
515
585
560
608
679
476
594
476
167
297
570
-4
-27
267
75
0
-58
-49
-250
240
-2
-127
130
-200
-90
-56
-191
-273
-158
-393
-212
-417
-214
474
242
223
486
417
283
490
523
-15
-336
-329
-165
1
-109
153
314
220
265
544
361
395
443
606
438
358
575
182
679
606
474
562
373
115
92
399
187
394
549
296
408
497
169
91
-322
-659
-709
-904
-528
-728
-1085
-777
-733
-761
-599
-730
-297
-297
-696
-71
-360
-615
-45
-232
-238
-96
-111
-240
-460
-487
-112
-20
178
667
663
884
625
801
806
559
725
768
618
315
629
671
140
317
371
101
335
287
495
383
245
494
16
-207
-220
-759
-702
-603
-685
-749
-658
-571
-316
233
-244
-293
120
-60
-231
-170
-346
-397
-14
-58
-17
184
119
-32
217
59
-305
-87
11
-66
-15
-64
-287
0
-12
-38
-221
-567
-961
-969
-1139
-1359
-835
-576
-395
-247
-41
206
25
-111
384
-221
-212
222
-152
17
267
-100
-76
5
-328
-147
-210
-244
-124
3
-172
-97
-201
-556
-309
-304
-404
-158
-199
-16
244
207
253
307
287
236
329
460
359
-100
55
-207
-199
-93
-455
-344
-693
-549
-472
-843
-890
-989
-1059
-946
-828
-606
-360
-490
-212
-25
-390
-345
-368
-432
-258
-65
-122
117
404
316
465
761
572
334
641
508
500
777
665
398
638
640
392
601
434
294
685
703
625
777
661
78
-147
61
-439
-310
215
21
-79
285
-17
-214
152
-21
120
316
401
533
452
490
562
501
616
708
354
765
757
313
641
-92
-339
145
11
-2
36
466
965
1005
1209
1027
856
572
194
1
-232
-303
-183
100
-124
74
-186
-463
-344
-457
-572
-724
-656
-581
-336
-429
-559
-707
-741
-862
-700
-436
-750
-295
-259
-818
-763
-800
-744
-620
-616
-592
-466
-241
-141
-165
-71
-23
147
206
-83
559
547
174
649
383
174
353
281
98
306
-47
-252
-253
-531
-127
-543
-511
-255
-241
175
-31
351
655
111
177
-71
-746
-502
-641
-824
-662
-778
-704
-608
-717
-753
-578
-1016
-938
-488
-558
-378
-14
38
104
458
307
152
-6
353
584
412
748
875
483
226
281
135
207
693
715
424
881
759
670
725
647
926
584
764
938
552
610
429
137
202
244
143
-10
-100
-402
-325
-362
-588
-229
-190
-1
295
65
594
778
396
621
357
136
167
-280
-513
-502
-630
-609
-719
-527
-410
-513
-643
-838
-521
-155
-255
-233
-215
36
477
14
61
-1
-324
6
21
-461
-132
277
37
261
78
228
296
15
211
39
276
298
92
211
124
292
463
597
585
374
428
257
-80
25
-4
-143
-205
-327
-379
-544
-780
-498
-497
-352
-35
-208
-9
207
237
151
-20
-485
-206
-337
-758
-607
-1062
-1158
-1254
-1355
-1382
-1428
-1351
-1256
-1407
-1284
-1191
-931
-687
-550
28
24
184
226
-120
-150
38
-219
128
184
-97
32
-4
-179
-251
8
40
262
147
528
648
210
103
98
337
191
216
143
-267
10
-47
-323
-124
-128
-9
-192
-101
248
126
361
164
-153
221
-36
-79
408
316
371
351
304
362
439
763
497
367
302
123
122
-99
-127
-434
-687
-797
-428
-163
-481
-353
-35
294
464
529
500
684
608
306
303
383
141
38
461
207
106
218
123
156
27
152
149
119
146
-52
138
342
14
330
555
473
1054
840
614
1110
934
740
1133
992
1025
1410
1356
1158
829
433
245
269
341
704
755
1005
1144
1122
1609
1727
1485
990
907
834
475
639
301
-26
27
-425
-266
-542
-740
-675
-829
-407
-135
-5
239
120
-77
237
-37
69
88
-212
-336
-451
-431
-448
-310
-514
-458
-539
-738
-298
-415
-595
-245
-580
-544
-483
-584
-532
-665
-276
-447
-787
-545
-740
-910
-687
-933
-839
-608
-701
-591
-490
-740
-888
-527
-614
-759
-427
-528
-857
-238
-394
-284
24
-440
-301
-202
-175
-473
-386
-304
-444
-448
-531
-622
-399
-496
-475
-312
-330
-11
128
-168
-535
-255
-353
-356
-168
-231
-120
0
-278
-506
-477
-477
-693
-847
-587
-776
-735
-557
-457
-352
-475
-357
-263
-142
-181
-116
-157
-152
-42
-362
-182
-203
-40
91
-117
120
345
251
213
458
103
94
150
150
-75
-431
179
262
-23
260
474
308
368
140
-12
403
129
-31
208
0
162
333
254
516
519
883
1093
984
1231
1038
918
886
792
1084
1232
1075
794
999
1133
664
889
831
505
598
358
274
79
-81
42
-142
-194
77
-253
-605
-456
-188
-231
-579
-93
-25
-125
302
90
54
-181
-405
-46
-75
-217
76
87
0
-83
-343
39
-261
-223
197
-34
144
448
778
981
751
528
707
523
373
250
472
462
95
89
-151
-470
-453
-340
-627
-581
-574
-358
-212
-225
-457
-479
172
-468
-627
-524
-604
-500
-877
-1004
-867
-597
-810
-762
-557
-272
-268
-304
44
-6
-110
239
300
215
541
520
533
469
346
372
236
126
223
190
274
147
-46
30
-209
-292
-383
-437
-205
-165
-389
-185
56
-181
-170
-385
-586
-598
-842
-1077
-1427
-1242
-1159
-1230
-953
-650
-450
-406
-323
-53
34
-136
186
301
222
240
528
689
736
939
1321
1288
1219
1431
1005
1036
796
425
651
861
488
574
775
322
408
764
672
868
974
664
909
821
1024
756
493
711
340
480
354
332
493
82
471
785
348
240
307
305
124
87
-41
-162
-153
140
366
322
322
-72
-83
-11
-413
-753
-793
-818
-692
-655
-677
-796
-690
-658
-1000
-909
-1023
-1130
-688
-605
-1073
-608
-734
-782
-626
-812
-573
-776
-1089
-974
-1021
-937
-487
-856
-510
-297
-428
-275
-105
-225
-134
153
179
280
444
302
108
462
1
122
440
224
274
107
-24
134
3
74
202
-104
-316
-146
-241
-513
-391
-558
-521
-929
-1087
-836
-1154
-998
-1117
-1104
-616
-951
-426
-178
-498
-15
-67
43
-30
-136
65
-88
-160
-6
-454
-546
-344
-845
-413
-374
-745
-419
-565
-741
-740
-979
-884
-1039
-1197
-929
-841
-799
-469
-251
-188
143
-34
112
59
-120
-40
-175
45
59
-73
53
190
818
653
551
1228
964
1258
1160
660
846
978
873
1138
1061
1022
1285
1201
1265
968
1054
1238
1123
1151
1025
1069
936
666
969
909
784
979
987
555
554
536
328
556
150
123
346
-417
-172
619
-171
-112
92
-557
-512
-335
-605
-796
-203
-64
-231
-53
-377
-294
-54
-459
-55
77
-332
-131
-41
-75
-109
79
147
-119
50
29
-13
174
-47
305
272
-5
348
79
-146
294
-11
-100
81
-245
27
-81
-178
55
-9
-262
180
95
-35
258
-76
-12
-13
-11
-195
-302
-28
100
-369
-99
-83
-285
184
-235
34
121
-7
367
179
61
168
205
51
47
231
287
-97
4
208
-18
-299
-563
-444
-435
-94
-18
-302
34
116
-62
90
291
414
151
284
169
123
486
279
306
271
174
41
-334
-330
23
-196
-25
330
11
308
666
516
520
457
647
401
-2
-157
-181
-31
-451
-471
-229
-603
-943
-834
-1140
-1251
-1240
-1638
-1384
-1501
-1496
-1155
-1489
-1071
-1127
-1361
-1037
-1367
-1268
-712
-977
-1146
-816
-989
-1189
-1055
-1026
-1187
-809
-644
-448
-105
-673
-320
427
99
187
313
476
649
429
491
455
339
484
764
518
438
745
613
554
670
750
736
658
654
762
732
788
632
660
508
-200
363
328
-334
83
-229
-543
-564
-929
-394
-533
-627
-533
-755
-503
-418
-271
-130
-126
115
514
357
644
621
462
361
564
672
501
540
463
394
357
568
126
479
587
273
586
656
489
582
805
343
73
351
304
-125
-69
-8
-116
56
-76
128
472
236
178
601
568
545
650
580
990
1061
1403
1636
1213
1101
1257
969
771
616
506
397
43
364
287
-207
67
-104
-443
-382
-1130
-1039
-1040
-944
-638
-1103
-1211
-1396
-957
-815
-928
-819
-1270
-1256
-859
-1356
-1036
-467
-742
-372
-178
106
20
-14
453
291
228
401
450
151
126
230
-32
10
-143
-214
0
-283
-134
229
-102
158
682
94
146
620
244
261
540
295
562
755
356
486
620
699
596
521
150
37
364
136
6
-17
50
263
289
7
-30
70
196
102
133
156
-60
530
297
-168
23
-110
-260
-322
-240
-327
-304
-111
-295
-788
-302
-190
-576
-217
-236
-429
-328
-135
27
-60
-157
31
-58
88
-155
-239
-4
-226
-91
168
-108
-199
396
414
408
736
760
735
1034
757
454
661
489
71
299
478
349
739
639
555
540
651
535
364
241
43
75
-252
-386
-489
-596
-554
-697
-636
-666
-1200
-1244
-1083
-1407
-1640
-1245
-1383
-1279
-1126
-1550
-1659
-1811
-1789
-1820
-1688
-1418
-1227
-1092
-893
-921
-566
-315
-342
-142
128
-88
-400
-16
-314
-363
-316
-492
-492
-327
-61
-44
41
-93
-109
4
-27
-22
126
16
187
564
639
406
346
444
479
1056
1006
811
1228
1263
1057
1340
1371
1163
857
855
842
576
573
457
463
190
169
195
41
-34
-206
-412
-373
-479
-497
-497
-628
-619
-686
-505
-367
-479
-564
-910
-1158
-909
-747
-729
-795
-584
-521
-307
-381
-365
4
2
223
149
277
518
492
547
598
730
843
1072
983
1097
1529
1112
1111
1376
1006
1278
1546
1227
1076
1157
956
897
1076
1043
1017
1108
1007
691
1114
907
593
334
294
404
-91
31
58
51
99
102
-314
-359
-190
-235
-152
-352
-248
-76
-87
-65
-101
-43
-291
-430
-159
-493
-606
-537
-784
-752
-472
-537
-774
-589
-602
-454
-516
-906
-765
-800
-997
-845
-779
-879
-783
-820
-897
-883
-580
-505
-578
-481
-632
-698
-536
-518
-569
-344
-291
-272
-94
-118
140
225
97
475
457
391
427
584
671
444
281
460
538
380
580
369
205
273
141
-86
-255
-68
-162
-550
-199
-391
-817
-211
-414
-705
-266
-298
-442
-385
-611
-514
-443
-627
-729
-590
-226
-433
-271
-280
-292
274
73
-392
-73
12
-142
26
44
178
81
139
436
171
83
478
294
444
844
477
495
481
328
568
183
87
198
23
176
149
224
295
332
527
618
666
724
620
572
506
221
128
269
274
364
97
130
375
134
401
328
-47
-30
-217
-316
-152
-659
-544
-296
-773
-707
-814
-796
-520
-471
-700
-770
-439
-264
-194
-147
-176
-89
-229
-237
-127
-492
-145
63
-69
222
218
312
491
107
-92
189
48
-130
-7
-214
-280
-43
-175
-101
-371
-396
-39
-339
-486
-275
-201
-367
-487
-587
-371
-535
-831
-396
-606
-722
-381
-377
-277
-214
-301
-215
-1
-457
-315
-68
-564
-347
50
-343
-223
-91
-221
71
-159
3
26
0
226
276
37
-68
98
-64
-121
-363
-459
-232
-98
-76
-162
-44
264
118
18
-147
-162
-94
-382
-37
54
107
488
129
99
664
610
855
978
1003
1311
1008
1287
1296
732
837
1005
909
1075
981
965
1044
723
850
719
631
855
377
336
522
252
278
340
103
-166
321
250
-47
-75
-385
-217
-139
-319
-557
-198
-280
-502
0
-181
-82
323
-52
-541
-402
-92
-247
-206
-114
-508
-242
270
117
119
157
341
579
228
317
356
123
391
417
757
771
372
684
464
51
611
506
364
611
219
198
120
-158
-332
-607
-425
-137
-468
-312
24
-377
-445
-201
-523
-550
-858
-804
-534
-1104
-720
-773
-875
-513
-461
-304
-491
-404
-204
-439
-86
21
-431
-186
-329
-476
-155
-524
-706
-639
-873
-902
-913
-795
-838
-822
-632
-731
-766
-601
-708
-754
-554
-590
-401
-454
-251
73
-158
-59
220
-188
-180
186
-342
-118
307
95
342
511
401
556
480
783
781
684
1045
995
1034
1069
1023
587
626
724
536
337
226
250
178
500
478
174
131
-195
-142
90
-248
-28
-95
-540
-300
-371
-596
-445
-889
-733
-645
-984
-639
-870
-885
-530
-701
-805
-601
-734
-641
-461
-687
-367
51
-155
50
16
-327
39
-175
-450
-98
3
-1
175
290
23
227
387
288
602
363
463
632
595
747
800
726
598
716
394
101
118
250
103
125
279
-165
179
68
-88
561
362
415
485
100
410
441
251
499
124
118
197
-2
139
-268
-371
-158
-412
-362
-287
-482
-410
-286
-583
-621
-426
-476
-442
-331
-175
-207
41
549
482
261
626
591
457
774
407
570
825
350
458
524
162
294
551
229
581
840
482
537
877
883
857
609
190
341
173
321
49
-245
166
233
58
-64
-249
-211
-104
-403
-265
-358
-434
-321
-581
-631
-681
-408
-159
-518
-566
-386
-317
-184
-359
-284
-221
-252
-201
-462
-155
-513
-737
-340
-799
-743
-538
-789
-380
-440
-641
-231
-183
-254
-98
33
-245
-191
-188
-177
57
96
142
317
478
397
55
18
158
-32
51
91
177
198
91
132
-6
176
38
-26
293
19
-257
113
351
130
424
286
-79
233
276
211
576
210
186
738
449
332
237
201
327
121
123
215
53
63
37
11
142
-117
-12
-95
-569
-345
-444
-474
-324
-334
-237
-224
-119
51
10
245
406
324
679
848
454
438
720
598
538
494
476
227
209
488
391
34
287
363
80
278
219
189
152
-49
-39
-242
-475
-477
-696
-859
-753
-757
-637
-392
-787
-906
-630
-730
-555
-241
-733
-878
-529
-713
-613
-478
-555
-357
-341
-583
-712
-588
-668
-865
-811
-597
-426
-545
-391
-343
-160
36
-264
-403
-221
-187
-330
-194
-266
-476
-57
-110
-125
85
-444
-159
56
-405
-467
-508
-531
-447
-566
-320
29
-90
-96
-103
-210
-208
-225
-38
54
-56
-142
-177
-312
-431
-267
-370
-439
-269
-121
-13
121
88
-91
21
280
339
447
570
425
477
547
504
688
449
274
362
185
-98
-166
56
-169
-190
-128
-196
-11
-16
-53
39
-79
-69
57
-143
-71
-265
-378
42
-199
-192
230
236
369
557
631
632
458
478
769
684
636
751
661
859
1109
1122
940
832
1117
1042
991
878
884
1382
837
636
892
386
260
454
338
22
155
225
143
90
-151
-49
-1
-90
118
132
85
349
-53
-45
463
-11
128
437
-48
32
29
50
80
299
342
192
464
70
345
234
-90
177
218
18
-61
67
-237
289
349
13
319
273
228
101
4
4
-53
-259
-221
-128
-212
-50
-214
-248
-454
-485
-246
-333
-560
-660
-768
-1031
-846
-1128
-1062
-683
-655
-808
-971
-682
-665
-543
-364
-349
-104
77
57
167
247
93
198
386
304
176
238
166
114
2
-151
-75
90
135
-1
108
-23
-167
-132
-340
-436
-283
-439
-686
-661
-691
-620
-411
-329
-692
-667
-192
-372
-456
-685
-477
-425
-638
-51
-340
-456
-71
-82
133
236
106
265
92
150
303
114
-227
-192
212
-300
-500
-315
-577
-481
-84
-260
-304
49
-18
-123
106
-106
-88
482
488
270
506
680
358
279
525
460
535
543
298
467
187
499
630
463
659
533
725
578
573
392
327
590
460
324
212
277
326
213
568
530
285
325
247
198
112
279
167
-157
-58
-93
-317
-97
-117
-134
-93
-141
46
47
34
-85
-111
-310
-659
-453
-823
-1059
-734
-948
-893
-712
-927
-860
-670
-707
-543
-412
-457
-559
-360
-324
-736
-675
-474
-667
-790
-725
-742
-823
-681
-491
-498
-576
-240
-134
-302
5
120
155
108
33
102
163
79
181
178
-17
246
92
-97
169
117
-97
59
134
-23
133
201
168
311
308
29
58
255
83
126
171
258
282
15
118
122
27
29
-73
-10
-98
-107
171
87
254
358
254
239
142
286
303
309
467
467
430
523
251
238
84
-71
82
104
340
339
174
134
239
445
648
301
115
370
313
161
138
-106
-20
-227
-437
-254
-845
-711
-250
-442
-644
-422
-335
-549
-133
1
-73
303
265
393
577
310
390
389
527
677
300
97
50
-48
-251
-425
-356
-188
-259
-270
-31
-199
82
360
49
359
579
260
697
662
398
849
413
422
668
464
378
328
313
163
234
505
233
29
339
267
29
-263
-180
54
21
203
337
137
150
278
190
171
213
-12
-5
86
-292
-238
5
-177
56
51
-69
368
637
660
378
578
462
442
629
143
18
100
-142
-393
-359
-502
-719
-1065
-966
-840
-1184
-1055
-627
-724
-664
-481
-854
-724
-657
-729
-945
-1262
-898
-1120
-1216
-696
-1027
-946
-630
-773
-822
-774
-596
-733
-593
-503
-727
-428
-290
-304
-14
20
136
-21
-87
-32
-247
-111
-135
-95
137
147
103
162
146
88
-34
-227
-224
-19
-61
-69
166
172
152
272
108
-71
-124
-30
-29
-61
215
-121
-12
421
320
447
484
420
389
81
-90
-47
0
-55
6
91
-269
-399
-282
-487
-607
-433
-542
-535
-418
-229
-290
-488
-248
-148
-288
-98
-23
-171
56
-11
7
-112
-358
-147
36
-230
-96
-259
-666
-380
-590
-520
-394
-690
-568
-288
-338
-165
60
367
492
381
712
910
1114
1053
933
1191
918
680
798
910
975
1019
1079
799
711
652
427
484
726
635
656
692
539
514
204
99
330
337
400
526
529
506
510
760
777
452
544
726
423
690
673
522
775
570
466
215
-16
58
23
-257
-511
-560
-697
-665
-775
-1205
-1058
-857
-1022
-1120
-1009
-975
-652
-459
-617
-275
-283
-361
148
-177
-670
-155
-114
-343
-480
-600
-719
-519
-197
-387
-536
-415
-405
-421
-161
-292
-170
-398
-251
184
-104
-86
-43
150
65
-5
278
31
117
469
117
430
678
401
740
519
240
516
21
135
517
237
361
250
160
515
464
151
-60
-298
-98
-185
-309
-135
-319
-334
-424
-371
146
-78
-264
-177
-564
-291
-81
-467
-347
-4
-48
-96
-186
-277
27
79
48
267
322
302
94
288
216
39
353
240
59
161
257
-15
8
-28
-174
-8
192
384
231
502
784
797
990
643
698
1012
657
778
483
87
569
498
269
379
161
61
345
290
379
368
68
18
-26
-183
-229
-101
-163
-258
-382
-397
-243
-274
-348
-397
-480
-479
-525
-508
-259
-74
-112
-285
-328
-202
-268
-182
-336
-377
-80
-193
-149
-139
-412
-230
-171
-552
-402
-336
-196
-134
-619
-754
-516
-529
-849
-857
-643
-560
-294
-354
-489
-380
-589
-729
-733
-829
-696
-664
-729
-599
-530
-390
-585
-546
-124
-114
-412
-325
-354
-432
-451
-632
-387
-401
-396
-253
-278
-157
-58
238
421
232
626
469
45
339
145
153
468
297
332
380
204
411
399
162
374
527
243
116
317
409
216
427
506
161
377
611
521
680
877
747
826
812
809
1018
1131
1031
798
895
929
931
817
716
647
609
398
194
347
198
176
-10
-232
-307
-257
-82
-67
-200
-166
-247
-419
-300
-455
-253
-312
-346
-432
-821
-523
-733
-893
-556
-814
-854
-723
-421
-394
-700
-406
-667
-607
-361
-545
-454
-597
-436
-123
-470
-180
274
67
601
568
162
394
742
832
775
1174
1038
980
1122
1089
1309
1215
978
1195
1131
867
926
764
629
355
335
324
-65
29
-14
-274
-70
-152
-391
-212
-335
-789
-524
-507
-794
-525
-388
-445
-673
-320
-305
-492
-411
-802
-847
-725
-647
-652
-630
-609
-469
-508
-625
-382
-450
-549
-662
-458
-298
-478
-134
-46
-371
2
-21
-455
-230
-124
-36
95
-21
-76
-50
-253
9
54
-106
216
110
48
303
258
158
354
180
-103
133
301
0
-13
94
-156
13
-133
-591
-283
-404
-659
-421
-635
-723
-341
-396
-432
-63
-324
-317
34
-139
-135
96
122
-18
205
-4
-172
429
223
14
511
377
328
590
330
175
200
195
-67
-51
334
131
73
165
57
115
11
-67
238
412
275
128
411
541
314
382
283
368
408
430
817
761
558
496
468
402
71
117
249
160
159
121
188
214
231
-36
18
28
-87
248
34
111
429
163
84
92
-44
152
139
5
113
-63
-182
0
-177
-621
-454
-381
-740
-631
-784
-923
-688
-1052
-1307
-1139
-1072
-1130
-1247
-1356
-1361
-1448
-1317
-1037
-949
-864
-469
-255
-326
4
36
192
419
725
911
778
1042
914
775
753
677
899
759
605
621
524
460
202
479
450
259
539
516
397
20
224
440
272
436
415
517
800
627
562
382
8
-78
-193
-268
-337
-249
-256
-364
-301
-361
-525
-525
-835
-879
-477
-696
-889
-484
-638
-781
-733
-959
-504
-759
-946
-470
-659
-370
81
111
100
59
0
32
74
-165
-248
-240
-355
-347
-201
-339
-375
-242
-411
-323
-124
-44
52
76
310
357
339
264
247
275
159
616
686
594
856
903
760
668
517
393
491
317
166
198
-98
25
295
116
73
73
-75
24
292
111
-7
-12
-102
-47
-338
-337
-34
-300
-250
-519
-535
-247
-643
-496
-445
-942
-789
-781
-1110
-674
-673
-743
-619
-646
-464
-553
-400
-105
-186
-63
231
243
351
288
258
437
308
484
522
340
529
597
456
724
752
844
982
828
965
886
825
786
710
475
378
245
297
245
7
-152
-432
-557
-449
-451
-566
-536
-775
-410
-100
-287
-116
205
37
6
235
41
46
83
-158
-459
-373
-348
-661
-773
-687
-733
-780
-682
-833
-581
-425
-344
-185
-167
-58
-169
-150
-260
-349
-185
-77
90
117
-9
201
382
626
462
542
909
835
1035
737
567
673
387
511
468
28
198
136
-167
-20
-261
-534
-361
-343
-294
-409
-403
-223
-305
-95
-4
-50
-36
44
197
147
14
44
-68
-400
-533
-687
-864
-714
-663
-939
-857
-781
-758
-763
-549
-477
-907
-657
-505
-388
-151
-261
-166
240
276
38
68
28
8
-160
-154
226
264
382
875
861
903
864
538
699
941
1181
1291
1331
1368
1370
1458
1433
1286
1285
1140
881
956
869
655
554
558
533
829
896
383
565
998
503
495
504
-120
127
-121
-406
-382
-517
-500
-275
-474
-602
-636
-885
-479
-731
-963
-842
-803
-461
-438
-756
-635
-411
-707
-941
-1064
-1201
-1160
-1257
-1182
-1105
-1053
-806
-810
-436
-194
-613
-86
219
-36
52
14
12
303
675
178
36
219
52
1
-57
-120
-3
-79
36
269
167
151
52
287
372
301
309
154
-99
-89
-144
-141
-153
-425
-467
-444
-428
-316
-101
-134
81
58
35
90
-115
145
120
-15
376
263
7
245
160
-119
-367
-366
-440
-535
-432
-562
-507
-263
-139
-255
-171
-435
-236
213
-378
-329
98
251
236
264
47
-41
236
115
-35
269
317
428
718
610
596
782
1110
790
804
999
794
732
540
181
66
-304
-403
-316
-758
-801
-846
-728
-963
-941
-646
-897
-752
-620
-766
-598
-210
85
-83
-158
-57
254
314
-247
-175
-304
-107
222
19
313
710
882
714
627
635
705
744
525
471
506
697
745
879
1030
915
684
399
349
173
121
197
307
516
573
714
851
776
550
655
740
270
167
-13
-123
-13
-340
-306
-413
-688
-485
-661
-869
-768
-866
-817
-659
-566
-775
-663
-501
-597
-476
-490
-273
-173
-237
-188
-300
-553
-676
-733
-784
-793
-840
-737
-808
-834
-521
-594
-708
-430
-658
-660
-380
-198
215
300
490
493
179
105
34
-151
-282
-340
-115
107
207
688
558
521
717
846
866
412
505
504
193
272
718
602
247
446
446
279
537
122
-171
143
-9
238
564
422
204
111
-38
-44
-83
-166
-103
62
-28
-242
-212
-396
-354
-270
-534
-637
-257
-236
-280
-6
-18
38
186
201
-224
-17
406
307
359
242
350
164
-136
253
-81
-203
1
-72
264
108
105
312
348
298
226
209
187
276
428
-289
-470
-52
-482
-216
-64
-398
-303
-46
-191
-448
-427
-184
100
78
121
438
403
554
765
782
681
608
901
812
642
721
586
307
308
202
116
426
311
-159
76
9
-240
-283
-231
-32
146
161
-305
-538
-321
-51
-464
-525
-639
-970
-629
-627
-645
-853
-751
-334
-491
-343
-232
-422
-187
-110
-240
5
-269
-206
-111
-401
-451
-785
-632
-641
-702
-859
-772
-683
-681
-342
-485
-288
-95
7
344
386
325
764
858
524
535
287
200
222
-98
-174
-630
-612
-414
-643
-493
-575
-354
-88
132
159
-181
-47
97
-301
-351
-307
-658
-597
-414
-675
-1019
-528
-328
-435
-29
-74
224
504
235
357
381
264
509
530
348
379
555
599
246
49
94
42
-38
-256
-556
-654
-562
-739
-642
-371
-277
235
529
194
341
895
931
752
728
554
477
494
55
26
2
32
283
-213
-384
-112
-153
80
282
283
494
633
516
395
313
111
-186
-93
-56
-23
-150
-293
235
-42
-352
-83
34
-403
-728
-538
-693
-816
-527
-334
-285
-327
-370
-66
-147
-310
-8
-249
-395
-292
-431
-452
-688
-550
-372
-325
-198
81
305
538
778
817
1039
804
899
1207
869
872
998
751
711
790
565
606
698
367
414
323
306
414
581
622
504
977
1020
645
205
56
12
27
-183
-201
-137
-284
-103
-327
-428
-654
-836
-670
-708
-828
-418
-203
-76
-165
-112
-24
-293
-126
-651
-683
-267
-671
-462
63
-448
-422
-360
-799
-951
-1073
-734
-522
-275
50
-64
-5
-3
131
226
58
335
575
512
569
480
-14
277
481
-196
36
168
-208
51
403
339
210
208
-67
156
74
-68
-170
-189
70
-518
-430
-180
-314
-76
-435
-715
-337
-648
-1045
-712
-557
-704
-479
11
-209
-196
219
-216
-90
117
-157
140
188
-168
-140
-70
-433
-527
-731
-826
-759
-732
-532
-666
-15
234
-170
278
330
227
539
450
755
1016
924
888
1016
1287
956
631
989
821
624
951
591
1041
528
310
432
-541
-92
-371
-666
-185
-143
210
210
34
269
-86
-373
-177
-68
-222
-337
-126
-279
-213
18
-308
-280
-141
-356
-363
-258
-368
-413
-43
96
175
395
393
351
109
216
197
-227
-357
-310
-310
-454
-474
-708
-770
-405
-443
-402
-127
-238
239
460
27
12
284
487
467
708
642
744
1029
924
792
623
441
226
-80
-228
-434
-802
-607
-603
-1072
-970
-773
-1011
-960
-637
-668
-818
-590
-489
-486
-317
-458
-481
-332
-460
-595
-964
-1269
-830
-771
-1162
-768
-660
-944
-596
-684
-927
-637
-620
-419
-174
-782
-942
-384
-360
-514
-327
-97
-7
-69
55
397
297
267
662
570
538
797
804
991
1243
1333
1568
1700
1344
1429
1468
1095
931
455
300
260
-75
-11
38
-25
40
237
500
618
727
704
665
608
520
246
72
348
378
228
17
46
-7
-4
125
-400
-382
-136
-444
1
293
-112
226
502
452
589
700
654
628
544
452
304
26
90
-159
-55
-19
-272
-76
173
578
5
205
682
244
731
667
664
1010
983
1040
1035
920
437
398
228
-325
-241
-558
-763
-589
-759
-530
-218
-522
-562
-100
-172
-358
-374
-240
-581
-584
-159
-431
-259
-157
-356
-380
-421
-584
-716
-321
-52
-198
-8
-39
-209
99
-123
50
369
-31
-70
-149
-252
-313
-253
-275
-671
-351
-472
-569
-285
-611
-416
-299
-267
-831
-830
-371
-797
-531
-462
-478
-374
-438
-152
16
273
302
48
226
23
-284
131
-201
-750
-427
-394
-484
-320
-161
-245
-272
35
82
228
427
281
332
127
-7
245
230
169
128
-171
-253
-30
-123
-177
-124
32
-5
306
614
292
19
-46
-38
-323
-27
-71
-482
-306
-280
-113
75
211
-77
-17
252
-63
-272
-206
-125
-406
-389
-233
-355
-605
-560
-423
-325
-613
-460
-177
-455
-311
-248
-297
-429
-257
-242
52
326
136
434
582
601
834
957
1163
1177
1075
1288
945
873
717
448
788
538
478
414
-8
199
294
-71
132
365
514
678
385
697
504
32
197
-102
-412
-220
-220
-531
-211
-251
-209
225
-132
-169
3
-349
-299
142
-173
-409
-479
-627
-529
-910
-757
-248
-505
-631
-520
-822
-709
-543
-880
-555
-556
-886
-688
-834
-552
-346
-550
-180
44
120
174
113
280
365
137
228
407
242
-98
170
501
190
262
-45
-237
53
-61
-30
-101
-316
-262
-273
-145
-170
-343
-104
-423
-389
18
31
125
297
529
612
562
372
552
720
1008
1188
850
861
884
662
591
596
600
304
455
760
128
-65
277
402
230
-11
64
139
-16
0
80
-125
-108
111
-114
-286
-169
-125
-146
-140
-141
-120
-133
-120
-60
-416
-472
-149
-270
-433
5
-25
-370
298
444
-18
169
228
281
412
271
487
454
79
36
-125
-6
3
-106
161
-77
-88
80
193
435
396
613
666
212
277
497
77
97
292
251
636
598
457
604
174
139
317
-14
156
121
-154
23
-111
-209
-198
-309
35
126
32
150
-373
-443
-291
-783
-729
-683
-1083
-910
-800
-1049
-927
-919
-764
-549
-747
-557
-426
-279
-185
-214
-2
-224
-202
-231
-195
7
179
203
-77
-272
-196
-254
-418
-54
-157
-347
-245
-480
-408
-308
-883
-641
-616
-828
-585
-844
-531
-157
-86
-26
-2
176
225
79
-14
-130
-208
-243
-291
-277
-479
-514
67
225
163
366
576
295
269
530
124
24
202
279
60
178
195
-64
-56
87
-167
-305
-149
-112
-88
-31
71
-19
106
-24
94
-74
-466
-231
-80
-249
-55
-417
-629
99
-49
-285
-70
-47
-141
-107
-99
-99
-75
270
201
50
229
193
195
93
138
180
47
-12
-179
-236
20
-114
-274
107
42
-381
-40
107
-193
-135
77
-45
-141
-262
-229
-68
-200
-147
-79
-70
-172
-16
196
102
-63
141
123
167
257
278
677
694
948
1031
733
879
954
877
1047
1084
934
750
953
858
826
937
431
593
655
518
625
762
665
533
747
655
545
256
246
277
-35
-398
-732
-819
-943
-835
-716
-568
-403
-335
-249
-300
-129
172
235
320
-120
-226
1
-77
167
0
-112
95
-242
-157
-64
-813
-88
34
-592
-313
-428
-412
-471
-477
-561
-620
-570
-675
-650
-800
-847
-363
-611
-791
-421
-851
-768
-321
-442
-543
-246
15
-194
37
133
-236
238
331
96
410
274
273
254
243
607
495
558
553
368
664
362
287
507
172
306
533
-56
-38
-103
-585
-141
-155
-235
-171
-297
-109
-425
-625
-70
-521
-307
-65
-611
-289
-414
-266
-170
-350
-66
-351
-344
-61
-405
-274
-283
-379
-243
-351
-466
-253
-490
-293
-14
-441
79
280
311
123
134
533
291
205
105
-99
194
190
-96
-99
-267
126
210
349
772
562
241
370
546
51
288
296
373
985
592
564
818
668
792
694
737
1046
982
960
1040
569
150
617
692
505
437
419
61
78
192
-475
-361
-158
-654
-770
-850
-1251
-1119
-988
-1079
-1000
-535
-798
-1020
-658
-714
-839
-552
-592
-873
-402
-651
-624
-203
-377
-304
-371
-166
24
-54
95
-49
-31
-102
19
199
-294
-274
228
272
201
456
273
243
436
119
-77
-270
-254
-391
-713
-552
-651
-773
-710
-929
-1001
-966
-918
-949
-738
-380
-408
-350
-52
79
-266
-135
197
19
-113
119
-137
-407
-296
-127
-154
-592
-623
-798
-634
-341
-462
-203
14
44
415
398
608
843
560
766
874
596
686
803
700
920
891
892
900
1104
1121
699
643
876
774
451
529
608
498
528
726
218
48
161
-17
83
-224
-245
-55
-339
-265
-36
117
304
-47
-38
219
-260
15
334
-15
-62
-204
171
203
69
188
-122
147
156
-46
-45
-257
-337
-107
-283
-736
-371
-383
-362
-261
-490
-288
-454
-355
-265
-512
-298
-178
-136
-219
-16
21
-146
320
410
512
870
521
539
903
528
431
501
535
762
711
866
1038
631
392
634
385
-35
152
-36
-13
223
99
276
368
496
460
356
347
-6
-103
-167
-413
-316
-446
-322
-177
-205
-249
-473
-338
-242
-252
-431
-455
-500
-725
-413
-626
-679
-468
-721
-487
-442
-550
-574
-725
-747
-631
-570
-652
-966
-737
-601
-707
-713
-597
-358
-523
-308
-227
-290
-403
-316
-235
-255
-138
-276
-247
71
-86
8
164
-369
-173
0
-107
87
50
26
142
91
338
193
-265
-96
-18
13
265
-22
-122
201
83
202
157
29
336
508
456
376
230
279
361
74
79
76
76
341
11
310
521
-93
158
64
43
331
181
194
66
-157
17
153
-177
-37
-48
-231
-203
-319
-409
-264
-67
-75
241
330
236
483
651
237
269
344
166
392
469
258
500
614
406
961
449
317
781
238
97
157
-196
-248
-145
-189
-240
-544
-282
1
-305
-218
128
-17
-36
-77
-342
-216
-193
-525
-362
-490
-850
-532
-599
-452
-88
-255
-341
-408
-369
-235
-329
-206
55
11
-173
-35
132
257
270
279
221
124
302
106
54
277
267
497
721
412
528
649
714
753
476
657
642
512
566
417
247
577
204
38
466
88
141
331
69
212
500
166
345
341
-291
-379
-243
-601
-538
-336
-852
-734
-615
-919
-1176
-1097
-810
-896
-918
-672
-1218
-1109
-602
-1174
-1031
-725
-879
-543
-612
-651
-459
-529
-118
-58
-380
-206
97
-547
-398
-139
-540
-315
-315
192
360
106
551
578
396
775
694
282
644
800
442
340
510
611
469
558
622
531
525
790
484
415
443
-238
249
366
-184
-85
155
-77
-10
113
-161
32
-248
-438
-217
-325
-308
-288
-547
-224
-289
-503
-148
-123
156
239
86
499
645
394
923
321
179
927
366
532
321
281
726
439
906
1174
698
1087
960
721
826
575
807
528
594
575
192
-29
233
190
-92
123
-185
-52
-60
-201
-355
-706
-436
-410
-640
-271
-134
-234
-282
-161
-82
-249
-309
-108
-165
-322
-145
-342
-434
-234
-571
-876
-704
-625
-529
-652
-396
-324
-401
83
-126
-477
-38
-37
-84
-67
-365
-51
187
-189
13
208
-90
273
146
21
238
54
-249
-379
-250
-153
-170
-306
-389
-529
-547
-491
-586
-504
-350
-296
-546
-790
-418
-339
-645
-350
-553
-783
-8
32
-159
233
73
240
663
113
140
567
695
556
279
257
160
-17
-80
-286
-634
-464
-440
-490
-590
-922
-573
-365
-747
-738
-731
-940
-958
-638
-638
-609
-306
-353
-425
-384
-439
-235
-31
-152
-55
144
292
-27
523
1035
641
900
871
439
572
685
777
931
614
518
476
355
121
224
238
166
321
334
453
221
31
357
790
155
301
840
405
806
995
574
493
679
860
845
710
644
305
355
346
50
33
-98
167
231
17
22
204
148
-76
-267
47
64
-12
292
-22
-43
10
-160
-568
-756
-796
-459
-925
-1155
-617
-1152
-726
-601
-1157
-910
-594
-852
-961
-689
-608
-483
-467
-586
-272
-2
-447
-484
-528
-760
-493
-734
-928
-506
-556
-507
-409
-486
-335
-66
445
358
317
431
410
299
390
632
415
532
233
37
520
205
192
627
295
471
427
321
448
460
416
119
307
214
-312
-120
40
-255
-25
-107
-404
-549
14
-345
-797
-372
-714
-372
-228
-397
-331
-235
-88
-317
-39
3
-4
361
184
89
413
742
210
619
827
527
802
843
548
123
424
-63
60
472
49
-2
-4
-102
-346
-166
-123
-315
-118
-264
-742
-688
-274
-709
-817
-296
-377
-245
-63
-280
-116
311
171
300
232
46
451
468
593
445
344
324
353
425
70
255
255
409
661
535
790
733
562
887
770
687
778
942
1029
753
975
978
752
710
603
182
55
-174
-148
40
-435
-262
-246
-99
-124
-343
-279
-347
-87
-245
-759
-541
-714
-951
-1003
-1328
-1108
-1122
-854
-1129
-1007
-425
-631
-619
-692
-507
-340
-285
-195
-449
-520
-610
-515
-814
-826
-626
-801
-684
-820
-373
-440
-439
-477
-715
-604
-795
-517
-546
-632
-346
-339
-524
-489
-208
-349
-354
-148
-47
33
-30
-109
-159
-251
-250
5
75
240
320
402
408
536
644
490
419
572
467
516
554
-154
186
228
-455
-31
139
-210
-49
72
126
192
322
223
229
599
875
924
1008
976
824
965
713
521
325
346
570
254
18
185
341
233
38
437
510
126
510
497
191
525
715
678
560
322
298
236
-15
-127
-18
-205
-430
-481
-278
-527
-527
7
-315
-177
258
-7
103
332
111
388
209
-155
217
193
-22
-111
-426
-669
-444
-773
-1272
-920
-1081
-1254
-984
-911
-985
-666
-315
-562
-348
-258
-443
-327
-358
-99
3
-25
323
119
161
417
471
669
556
666
633
406
651
684
731
823
757
987
429
466
924
403
588
673
422
510
614
650
408
115
137
115
44
-188
-150
64
-28
19
72
196
277
626
653
615
682
318
181
-6
-325
-238
-497
-804
-528
-607
-658
-704
-465
-536
-622
-473
-830
-522
-284
-351
-337
-298
-459
-656
-334
-361
-633
-361
-122
-210
-375
-271
-349
-492
-96
80
-257
-178
216
-73
-56
-136
-349
-310
-173
-338
-426
-222
-422
-94
-94
-334
-435
-505
-650
-669
-404
-768
-646
-256
-578
-438
-172
-312
-223
75
-103
-132
213
-144
63
348
198
338
322
43
134
545
495
459
492
496
304
543
419
272
616
382
723
445
260
635
120
276
467
32
168
191
-208
54
183
-89
172
148
-266
-269
-235
-358
-243
-379
-507
-285
-323
-264
-276
-225
-30
-248
-170
37
-359
-402
-376
-682
-427
-421
-451
-103
47
-98
-288
-231
-79
147
-9
-102
56
-23
-175
14
388
276
384
261
30
344
566
393
373
687
507
493
510
351
116
220
337
-25
17
239
381
281
609
1164
940
819
880
1014
974
828
875
790
1135
1305
1156
974
795
735
973
946
863
904
602
544
346
188
-52
-267
-598
-786
-629
-906
-1115
-1117
-1338
-1481
-1229
-1552
-1519
-1059
-1217
-950
-1365
-1410
-801
-1410
-998
-968
-1477
-1315
-1422
-1242
-1353
-835
-777
-940
-609
-492
-179
-442
-293
125
-124
-32
76
-270
-192
58
172
125
307
550
495
730
859
610
828
701
474
567
167
252
284
424
508
231
696
596
105
457
255
217
284
-41
161
146
-97
-52
145
-51
46
432
397
432
362
76
346
188
10
219
-16
-306
-216
-202
-517
-166
-452
-740
-107
-429
-315
374
283
376
359
2
213
420
223
407
140
36
416
205
57
270
324
-35
152
356
220
463
473
255
209
268
1
63
133
-128
-23
6
25
-99
-196
99
321
271
421
92
206
488
-267
-252
-211
-342
17
-92
-415
-84
119
-334
-337
-333
-691
-588
-390
-498
-629
-726
-527
-379
-514
-377
-327
-480
-450
-178
-188
-294
-372
-521
-326
-231
-95
-119
96
130
-44
323
246
466
664
637
434
219
784
805
537
681
500
621
608
232
169
-22
-238
-354
-41
-512
-801
-318
-599
-821
-927
-835
-784
-1038
-1055
-1023
-1098
-924
-939
-1168
-1205
-1160
-1070
-1192
-1203
-1013
-880
-880
-954
-801
-691
-626
-517
-859
-870
-881
-1060
-692
-781
-878
-549
-717
-828
-524
-368
-225
-229
-309
-225
-145
83
567
734
584
541
755
860
1061
1175
1115
1454
1427
1615
1614
1405
1630
1349
1414
1633
1472
1653
1821
1928
2192
1968
1742
1753
1384
1486
1520
1241
1342
1157
802
872
1187
1154
867
895
709
585
743
451
478
392
-174
-27
-29
-633
-663
-505
-569
-566
-957
-1056
-860
-1068
-891
-996
-1176
-963
-1162
-969
-913
-1037
-580
-1045
-851
-630
-1237
-812
-533
-630
-681
-155
148
127
336
375
157
179
545
504
222
387
720
88
99
472
307
380
382
265
-176
-12
457
295
399
438
193
410
371
211
-81
-223
-91
-385
-372
-441
-563
-215
-678
-740
-91
-348
-418
-510
-594
-548
-386
-53
-131
-62
158
296
144
62
-202
-164
170
-355
-400
-290
-794
-480
-329
-687
-799
-787
-508
-641
-620
-587
-666
-502
-536
-560
-384
-395
-276
-130
-325
-414
-356
-167
-140
-83
23
-204
-264
-96
-155
-38
-2
15
141
-70
-184
87
-105
-294
2
43
11
270
173
10
147
193
453
348
212
546
459
435
1016
610
163
472
538
295
266
137
-11
314
456
513
372
489
366
46
-111
-346
-228
-344
-656
-335
-310
-622
-517
-558
-757
-886
-777
-649
-583
-624
-374
-171
-253
-208
-211
-365
-361
-133
-256
-169
-41
6
152
292
349
380
518
443
712
788
520
607
871
728
596
823
707
736
480
150
335
257
273
400
-34
-242
64
-131
11
-80
-334
-89
-243
-244
-207
-152
-284
-338
-148
-150
-403
-321
-220
-443
-439
-540
-616
-626
-661
-842
-576
-471
-391
47
-250
-275
0
55
173
4
-8
-1
-35
285
255
-182
-120
-95
12
350
9
71
125
300
312
-4
116
61
226
133
-125
-135
-124
-264
-293
-365
-161
-196
-376
-107
-257
-51
56
-325
-289
-225
-226
220
195
119
325
81
323
229
-32
265
309
493
243
176
499
331
367
458
232
94
147
159
-53
-104
174
32
44
45
-450
-224
-225
-268
-361
-710
-489
-677
-489
-615
-414
-318
-358
201
-391
-568
-39
13
63
444
-2
96
425
-197
-100
32
196
-10
184
398
-144
316
374
505
618
448
547
379
550
414
224
615
566
486
950
657
789
1051
387
808
920
504
755
599
439
501
431
442
689
814
694
338
417
314
232
245
9
-261
-372
-65
-228
-382
-579
-646
-577
-487
-687
-480
-387
-720
-217
-274
-559
-36
391
-136
-37
130
-99
265
242
265
-123
149
98
-73
108
-234
-38
-244
-146
-341
-669
-805
-803
-794
-871
-660
-485
-817
-756
-233
-664
-666
-517
-585
-254
-646
-759
-718
-842
-676
-1063
-919
-804
-504
-510
-642
-344
-428
-37
210
-42
-222
-78
-259
-311
-297
-582
-551
-547
-561
-496
-267
-452
-579
-84
-135
-224
16
-99
112
349
274
272
192
69
-37
263
251
109
164
354
451
293
466
522
371
605
554
457
869
644
474
595
421
98
40
159
65
-122
137
175
-84
115
-124
-74
82
-455
-102
-324
-842
-12
-155
-590
-172
-175
-350
55
-38
-217
-178
8
-43
-409
-260
-605
-495
-302
-557
-675
-797
-634
-415
-399
-663
-551
-229
-147
-185
-274
-226
-101
-98
-166
117
386
363
239
440
555
419
595
704
796
524
852
1189
979
1519
1520
1389
1492
1325
1619
1689
1419
1324
1093
765
683
847
721
423
448
745
386
224
429
-69
13
277
404
466
237
136
32
123
121
-155
128
56
-301
31
-398
-561
-204
-519
-602
-730
-515
-662
-1016
-559
-729
-837
-964
-786
-677
-1059
-734
-521
-751
-709
-123
-125
-837
-430
-295
-873
-350
-196
-456
-287
-4
-139
-46
378
414
441
661
405
190
451
82
56
37
-178
-181
-463
-464
-504
-455
-360
-720
-707
-579
-520
-354
-571
-361
22
185
230
249
421
554
881
970
749
875
949
980
1229
1176
853
389
562
454
371
441
158
140
-290
-251
-185
-460
-296
-273
-498
-591
-644
-383
-407
-563
-268
-402
-454
-92
-26
-118
-234
43
-39
-396
-184
-190
-292
-281
-329
-370
-92
18
-231
-361
-312
-457
-396
-84
-156
-239
-7
113
235
181
26
23
27
364
367
282
156
250
653
429
595
911
698
873
875
515
634
905
624
542
761
653
515
668
671
313
447
598
181
224
358
351
346
66
63
162
97
-269
-197
-37
-152
-277
-330
-335
-376
-350
-503
-373
-217
-175
-178
-272
-224
-319
-565
-698
-770
-799
-662
-346
-721
-856
-693
-952
-821
-756
-812
-838
-891
-890
-747
-805
-1112
-928
-964
-1052
-772
-849
-954
-671
-357
-436
-466
-685
