-1138
-1306
-160
-1025
-3736
-4115
-1614
-427
-1861
-2540
-755
1052
1584
1790
2539
2415
1076
-471
-2090
-3687
-4419
-4353
-4754
-5478
-5414
-3846
-2032
-687
666
2305
3379
2924
2013
2117
1579
-427
-2428
-3015
-3431
-4795
-4928
-3128
-814
490
1079
2274
3645
4257
4756
4808
3929
2193
1350
788
-1064
-2037
-1173
-63
-755
-1684
-637
627
633
258
132
-106
-708
-1062
-1444
-1959
-1421
10
300
-1025
-1542
-332
185
-1067
-2216
-1534
-180
140
220
1436
3700
5195
4728
3381
2625
2958
2914
1629
359
-212
111
-92
-883
-1130
-191
1504
1860
1454
1968
3504
4461
3138
1133
233
254
-654
-2823
-3701
-2526
-1081
-669
-102
1379
3184
3814
3272
2633
2739
3468
3200
1817
519
148
457
-439
-1992
-2706
-2760
-2612
-2891
-2122
-779
512
1297
1094
1034
1402
2246
2611
2007
1466
1203
1122
1099
1069
1736
1777
449
-716
-903
-446
-500
-875
-722
-293
164
108
79
964
1987
1962
983
626
678
208
-342
-254
945
1697
1678
2074
2846
3242
2957
3052
3295
2383
647
-690
-1461
-2078
-2250
-1599
-1144
-1279
-597
685
938
636
921
689
-1111
-2399
-1850
-974
-579
703
2446
3090
3154
3725
4378
3432
2193
1588
923
-235
-987
-479
-260
-136
953
1988
2109
1900
2204
1771
-88
-1095
-1479
-2847
-4875
-4679
-2127
-866
-1126
-147
2109
2500
433
-1108
-501
-10
-1110
-2928
-3839
-3522
-2753
-1876
-757
864
2479
3599
3076
1258
544
1463
1599
-1498
-4544
-3951
-2646
-3091
-3842
-2138
800
1802
1703
1893
2905
3887
3406
2259
1245
1522
2464
1734
677
506
1517
1974
522
-247
810
2481
1856
-362
-132
1225
756
-933
-1325
195
773
254
-241
216
671
-410
-1960
-2925
-2675
-2531
-2891
-3300
-3574
-3224
-1934
-344
649
1037
1849
3203
3884
3719
4140
5736
6653
5744
3935
2056
104
-1696
-2575
-2606
-3008
-3019
-2287
-1956
-1467
620
3532
4355
2658
1246
475
-522
-1975
-2713
-2209
-1845
-1663
-1062
1043
3412
5264
7053
8042
7972
7112
5778
4062
1939
883
9
-1979
-3506
-3296
-992
780
1641
2917
3686
3492
2642
2593
3082
2692
2027
1060
120
75
556
1432
2228
3146
4123
3478
2421
2376
2728
2174
1110
1507
1999
1251
582
793
1065
761
431
319
-124
-337
215
1264
2204
2543
2643
2541
2862
3876
4389
4115
3947
3921
2404
75
-691
71
12
-1323
-1653
-889
-702
-816
689
3474
5038
4412
3316
3124
3491
3499
2417
567
-1109
-1762
-1511
-1501
-1210
130
1427
1147
43
210
1219
1854
1888
1752
1590
1380
1285
1488
1610
1426
920
243
-860
-2308
-2407
-756
893
1175
1811
3604
4019
2678
2469
3974
4270
2529
713
-291
-757
-1429
-1805
-1440
-802
219
752
237
176
2075
3942
2872
818
713
956
-329
-1843
-2470
-2878
-3110
-2409
-1296
-823
-284
596
833
-11
86
1994
2923
1854
806
1398
1438
356
166
491
121
-1081
-1843
-1894
-1713
-828
16
-302
-917
-315
1300
1513
-1
-366
982
1252
-560
-1816
-1412
-1286
-2526
-3707
-3560
-2103
-493
374
813
1782
3520
4265
3728
2998
3160
3914
3667
2325
1352
1284
1012
21
-1065
-1495
-1606
-2296
-2991
-2776
-1849
-990
42
1334
2444
2771
2888
3762
4142
3169
830
-919
-1933
-3557
-5059
-5193
-3627
-2007
-1066
17
1620
3595
4623
4082
2754
1536
390
-1698
-3908
-4706
-4294
-3842
-3389
-2130
-320
961
1792
2677
3183
2983
2219
891
-900
-2003
-1862
-1472
-752
590
1702
1752
1801
2508
2976
2509
1689
1263
1128
951
794
1509
2855
3540
3300
3090
2847
2466
2025
1609
1302
1250
1428
953
386
1534
3253
3915
3396
3337
3845
3143
1845
1003
1027
568
-817
-1952
-2103
-1270
11
941
2029
3510
4875
4986
3374
1116
-1387
-3439
-4990
-5901
-6001
-5138
-3515
-2304
-1300
346
2390
3775
3888
3579
3083
1733
-42
-1213
-2106
-3504
-4460
-4181
-3649
-3438
-2215
-45
1220
986
693
854
610
-73
-49
889
1140
309
-246
229
209
-667
-1535
-2143
-3070
-4193
-4868
-4381
-2407
-493
911
1556
1887
2449
3389
4445
3844
2630
2216
926
-1914
-4758
-5371
-4604
-4534
-4440
-3593
-1865
-56
1532
2662
2387
1976
2120
1126
-706
-843
967
965
-1323
-1926
-623
206
-404
-859
-176
78
-828
-1687
-1205
110
644
765
695
626
1191
1614
1329
529
-6
-862
-2699
-4746
-5745
-5833
-5389
-4579
-3336
-1470
136
1108
1823
2896
3553
2335
-234
-2079
-2430
-3233
-5068
-5744
-5120
-4382
-4011
-3421
-2397
-1173
201
169
-1177
-2005
-1700
-1520
-2324
-2615
-1967
-1291
-1470
-2325
-1923
-831
-589
-1504
-2381
-2457
-2561
-2605
-3118
-3460
-2785
-1681
-1089
-835
203
1402
1531
1028
196
-512
-622
-700
-1038
-1619
-1398
-892
-1306
-2209
-2141
-453
1007
562
57
823
1557
1140
625
1655
2845
2568
981
-301
-10
350
-424
-1718
-2055
-969
-670
-1206
-1501
-363
1616
1754
965
916
1653
1869
507
-684
-956
-762
-998
-2094
-2454
-2352
-1861
-1400
-982
-244
202
1073
1174
-55
-1750
-2712
-2178
-2138
-2695
-2303
-635
706
188
-293
537
1749
1919
954
419
645
879
358
44
407
558
236
-932
-2651
-3491
-2463
-1572
-2232
-2793
-2204
-1056
-246
726
1942
3223
4191
3355
1776
135
-1420
-2328
-3110
-4031
-4849
-4012
-2634
-2388
-1266
1110
2898
3359
3373
3790
3481
2683
1911
1008
90
-1601
-3075
-3633
-3841
-3586
-2621
-884
273
255
581
1424
2833
3457
3028
3554
4343
3875
1370
-178
645
648
-278
-1073
-1306
-1475
-1640
-647
-388
-979
-1130
-859
-1046
-2211
-1761
321
885
-43
-523
-320
-1004
-2022
-1292
-586
-1336
-1779
-1285
-1255
-1925
-1616
-109
155
-650
-682
164
479
49
231
590
396
-216
-467
-100
484
1445
1953
1267
-6
-1055
-1223
-1100
-530
210
212
202
709
1252
1273
1362
2175
2275
1155
403
856
1479
1050
378
498
638
71
-720
-777
9
505
429
380
577
1237
1715
1310
565
492
1291
1260
400
19
287
76
-610
-809
-606
-500
-467
-50
293
293
805
1711
1711
597
113
411
-862
-3289
-4337
-3038
-2037
-2138
-1320
639
2064
2240
2585
3237
3029
2492
2290
1703
437
-208
518
734
343
680
1403
1059
-304
-1034
-1399
-2133
-2724
-2801
-2419
-1810
-1007
369
1856
2525
2508
2160
1172
-663
-2019
-2050
-1544
-1109
-329
1079
2586
3555
4712
6310
6501
4073
1466
743
-389
-2499
-3038
-1743
-1663
-2969
-3115
-1653
97
1981
4095
4489
2658
612
-235
-1270
-3535
-4337
-3344
-3676
-5579
-5122
-1623
-119
-948
-800
86
-842
-2974
-2899
-1940
-2053
-1948
-1413
-1424
-2044
-1293
674
775
-1056
-1570
-290
-207
-2182
-2846
-1128
199
320
538
1509
2404
3419
4413
3892
2535
2257
2066
238
-2285
-2842
-1254
-28
-293
-777
709
3317
4179
2664
1572
2164
2497
764
-1378
-1244
451
1737
1622
1752
2756
3760
3916
2748
1826
2299
3757
3663
1293
-361
-261
-57
-1675
-3060
-1840
-269
53
105
806
1367
1453
1312
51
-2129
-3329
-3025
-2855
-3654
-3537
-1553
-74
-635
-1340
-114
1667
1541
270
73
887
880
-379
-1220
-997
-1159
-2242
-3433
-3749
-3097
-1871
-872
-1126
-1402
-578
569
304
-1346
-1992
-742
-82
-1705
-3230
-1950
-318
-1866
-4326
-4384
-2519
-1673
-1703
-1296
-1090
-357
1108
1915
1395
1068
2066
1753
-814
-2491
-1187
498
-1027
-3276
-3120
-1843
-1798
-2403
-2011
-1490
-1298
-838
-1132
-2176
-2277
-306
1055
-349
-1364
-393
668
-858
-2662
-1598
625
884
-596
-1279
-735
-14
246
32
118
971
1730
1363
226
-75
267
537
-59
-1247
-1624
-744
-168
-825
-993
139
1008
1330
1961
2892
3378
3124
2342
1070
-223
-1050
-1263
-1990
-3438
-4082
-2879
-1367
-823
-9
2029
3027
2117
1315
1785
2306
1557
484
-430
-1335
-1847
-1073
589
1893
3007
4236
4551
3826
3490
4008
3219
1363
102
-752
-1791
-2486
-1647
-92
1232
1993
1982
1801
1911
1443
359
-932
-1967
-2842
-3621
-3831
-3049
-628
1963
3111
3504
4256
4890
4701
3194
1573
438
-857
-2236
-3302
-3504
-3280
-2617
-1450
-379
271
1363
2263
2100
1081
270
-267
-777
-833
-726
-577
-372
-33
-52
-246
-20
737
1236
1292
1137
1280
1255
688
493
687
571
-247
-1048
-1499
-1462
-582
482
592
378
851
992
387
-44
287
324
-628
-1389
-1319
-1087
-1375
-1441
-1163
-933
-440
-98
-328
-1351
-2135
-2334
-3433
-5079
-5845
-4864
-3685
-3527
-3550
-2536
-344
1784
2688
2398
2069
2349
2227
141
-1893
-1412
-480
-1683
-3482
-2800
-539
544
846
1174
1930
2564
2520
1976
789
-135
-675
-1462
-2143
-1919
-203
957
-46
-782
261
1420
1023
502
1095
1269
312
-716
-828
25
1242
1856
897
-554
-707
159
114
-874
-1463
-889
-505
-1501
-2464
-2193
-878
-320
-701
-907
-960
-1030
-1347
-1838
-2338
-2402
-1648
-1444
-1688
-1042
676
1947
1799
1548
1989
1896
256
-1879
-3049
-3471
-3849
-3612
-2735
-1471
-122
1051
1735
2065
2732
3202
2425
781
-686
-1813
-2947
-4174
-4769
-4229
-3434
-3006
-1845
366
2245
3162
3921
4388
4043
3609
3267
2476
1386
996
809
190
-247
97
891
1357
1242
1237
1881
2528
2777
3140
3987
4090
3185
2207
1633
1016
320
-156
-542
-1350
-1997
-1760
-1140
-165
1204
2941
3690
3326
3247
3519
3006
1472
50
-367
-659
-1781
-2354
-1022
1130
2007
1980
2465
3012
2493
1277
-154
-1268
-1869
-1940
-1606
-1113
-296
743
1872
2293
2197
2778
3495
2745
1117
251
62
-1020
-2148
-2127
-1601
-1049
-638
-34
456
715
1136
1234
784
169
184
444
-168
-865
-554
196
-77
-705
-495
-150
-871
-1645
-1442
-866
-484
-176
-38
-525
-1026
-1215
-1308
-1223
-902
-735
-700
-90
763
1154
1397
1927
2514
2140
682
-810
-1132
-829
-1332
-1804
-1224
-105
235
495
1164
1440
1271
837
540
202
244
227
-4
122
505
729
770
1029
1791
2713
3023
2063
816
240
-91
-612
-1096
-1014
-1029
-992
-234
1455
2987
3522
3657
4227
3823
2238
1265
1324
935
-246
-1151
-1590
-1561
-1302
-837
-175
555
558
421
496
206
-247
389
1218
1306
1452
2200
2533
2224
2521
2812
2246
748
-529
-1023
-1114
-1797
-2362
-1688
-1215
-2039
-2845
-2315
-1476
-1080
-550
-326
-1004
-1673
-1696
-1813
-2081
-1875
-1211
-1232
-2312
-2796
-2076
-1310
-1207
-784
444
975
949
1270
1979
2679
2654
1985
999
270
-347
-1053
-1354
-1042
-858
-1188
-2103
-3136
-3762
-3675
-3392
-3430
-2811
-1223
428
1079
963
1475
2813
3620
2855
1356
416
-608
-1831
-2362
-2061
-1847
-1632
-1213
-1021
-686
401
1611
1919
1615
1036
224
-523
-474
48
174
166
433
871
503
-490
-868
-809
-1287
-2641
-3772
-4364
-4641
-4409
-3520
-2001
-298
1332
2437
2624
2263
2134
2105
1266
-600
-2525
-3576
-4060
-4200
-3836
-2748
-1291
-397
-268
-264
270
940
891
289
-97
-237
-479
-376
428
1610
2263
2076
1254
218
-291
-903
-1617
-2121
-2204
-1950
-1576
-660
227
1103
2171
2724
2372
1303
444
4
-912
-2365
-3828
-4441
-4383
-4534
-4059
-2472
-545
704
1409
1897
2022
1916
1194
-324
-1654
-2112
-2466
-3606
-4709
-4382
-2729
-1497
-1092
-246
1010
1473
746
430
568
286
-529
-1711
-3128
-4098
-3960
-3287
-2842
-1861
-227
1430
2372
2514
3068
4013
4170
2582
942
326
-129
-1047
-1567
-973
52
567
466
317
746
1334
1834
1993
1644
1532
1869
1946
1031
432
873
990
-28
-969
-888
-288
-119
-256
-780
-1397
-1454
-1224
-1073
-1211
-682
268
34
-1205
-1521
-409
299
189
378
540
606
936
1327
1419
1258
1259
747
-483
-1526
-1766
-1365
-1270
-1863
-2088
-1077
-80
-206
-474
-217
187
11
-447
-728
-400
574
1315
1061
148
-174
404
1332
1496
1448
1998
2562
2137
1167
880
953
697
33
-838
-1080
-387
568
838
918
1283
1053
258
-617
-749
-492
-443
-441
-2
601
1113
1703
2278
2039
1444
1217
875
177
-195
139
99
-278
-292
109
217
286
502
797
411
-540
-1264
-1792
-2623
-3483
-3263
-2426
-1860
-1385
-734
-253
183
963
1475
1028
432
232
180
-478
-1017
-673
444
1114
1046
1466
2009
1950
1308
1124
1178
941
503
0
-357
-573
-692
-960
-1000
-815
-864
-631
10
733
1643
2425
2542
2303
2874
3589
3233
2453
2095
1804
920
140
-317
-568
-698
-914
-1177
-1107
-727
95
1118
1918
2663
3349
3629
2623
979
-316
-1314
-2144
-2200
-1957
-1833
-997
649
2239
3246
4037
5087
5855
5583
4292
2863
2279
1437
-350
-2180
-2923
-3037
-3457
-3755
-3154
-1806
-877
-642
-108
889
1430
1260
970
1197
1294
1160
540
-644
-1544
-1839
-1818
-2511
-3440
-3516
-3202
-3136
-2902
-1847
-635
-112
137
271
353
770
1279
1123
258
-594
-732
-684
-942
-1090
-561
236
-184
-1439
-1823
-1204
-589
-321
-24
176
275
399
59
-159
204
694
240
-687
-1167
-1252
-956
-681
-700
-886
-524
-142
-166
-11
863
1944
2181
1656
1194
991
771
357
-95
-643
-1303
-1885
-2187
-2132
-1499
23
1326
1352
313
-203
-42
-232
-1070
-1791
-1732
-1276
-1183
-1289
-353
1559
2981
2965
2092
1115
222
-769
-1795
-2595
-2844
-2648
-2269
-1764
-1115
-315
695
1336
926
-116
-806
-1288
-1985
-2275
-2117
-1747
-1284
-634
-237
-16
879
1917
1841
507
-945
-1705
-2182
-2607
-2566
-1989
-1262
-609
119
916
1967
3161
3807
2929
1005
-646
-1809
-2655
-3112
-2570
-1233
12
558
846
1554
2510
3155
2906
1961
1061
595
265
-163
-106
455
1159
1646
1307
776
933
2073
2543
1833
1245
815
396
-482
-1330
-1278
-358
704
857
594
834
1299
1541
1066
315
-363
-723
-1309
-1819
-1344
-686
-746
-1545
-1730
-1566
-1193
-248
963
1864
2207
2266
2117
1606
993
1112
1763
2043
1375
700
713
549
-15
-485
-578
-330
-160
6
103
515
1308
1857
1703
1146
865
746
581
92
-157
-93
-88
-564
-850
-330
177
449
674
1370
1696
1568
1469
1264
786
-319
-1706
-3361
-4690
-5087
-5002
-4928
-4278
-2878
-1659
-1075
-521
420
1055
1203
1335
1578
1804
1997
1970
1612
825
35
-306
-305
-306
-46
613
841
511
401
910
1229
1063
747
397
-86
-614
-732
-379
84
210
-38
-260
-627
-923
-340
630
993
1092
1723
2199
1935
1602
1460
956
144
-477
-1020
-1538
-1682
-1539
-1474
-1777
-2002
-1623
-937
-664
-449
641
1701
1701
1287
1400
1451
883
-4
-676
-861
-670
-559
-764
-891
-649
-418
-539
-560
-285
498
1171
1520
1876
2234
2249
1974
1493
641
-231
-506
-676
-1306
-1407
-825
-544
-771
-224
490
569
572
972
1444
1652
2077
2399
1946
1183
628
229
-384
-982
-960
-640
-339
260
1788
3439
4482
5316
5892
5837
4791
3486
2633
1765
565
-888
-1398
-644
654
1923
3071
4009
4358
4117
3412
2200
1281
952
389
-497
-976
-357
220
494
1195
1945
1980
1412
1419
1673
1074
488
488
663
224
2
728
1371
1773
1883
1738
1056
300
-105
-488
-862
-868
-537
-619
-1108
-842
208
1027
942
475
352
175
-316
-741
-610
-144
305
407
457
669
1011
1452
1734
1580
1248
1036
1097
971
681
800
1477
2000
1771
1542
1778
2061
1442
443
-499
-974
-1027
-954
-1061
-843
51
767
844
912
1382
1599
977
-72
-792
-1362
-1640
-1663
-1317
-1119
-751
-271
-141
-392
-185
830
1323
878
270
33
-376
-889
-1098
-1057
-889
-311
350
705
989
1938
3157
3707
3478
3330
3466
3044
2065
1535
2094
2496
2251
1932
2072
2562
2775
2934
3039
2812
2114
1260
469
-402
-763
-719
-972
-1579
-1881
-1515
-848
-110
740
1234
1189
1005
655
-45
-882
-955
-521
-632
-1234
-1304
-446
338
645
683
680
898
1021
394
-551
-923
-1272
-2512
-3943
-4049
-3071
-1759
-624
132
421
565
315
-674
-1735
-2463
-2936
-3964
-4788
-4660
-3723
-2393
-1016
274
848
748
659
661
552
86
-292
-516
-1211
-1844
-2062
-1817
-1371
-605
202
339
278
762
1236
1142
603
174
-108
-587
-1178
-1185
-332
555
1123
1656
2320
2376
1937
1465
1344
948
3
-752
-834
-578
-352
274
1328
1952
1745
1456
1210
891
616
671
443
-207
-519
-250
-44
93
627
1283
1307
503
-319
-641
-502
-416
-409
-249
-97
-39
257
1025
1642
1811
2028
1928
1185
157
-322
-55
88
-132
-521
-610
-668
-1117
-1312
-972
-770
-1049
-1508
-1920
-2088
-1491
-309
441
837
1218
1303
847
404
376
144
-587
-1468
-1888
-1749
-1284
-521
266
784
1012
1518
1847
1259
459
335
433
-458
-1583
-1814
-1445
-1230
-1408
-1278
-735
-333
-478
-856
-704
-248
-113
-152
-112
20
329
550
672
618
400
-141
-965
-1877
-2848
-3044
-2331
-1530
-1154
-1080
-534
-92
-88
-168
-484
-883
-1740
-2958
-4108
-4284
-3533
-2831
-2459
-1760
-707
147
390
518
1044
1166
304
-1051
-1914
-2240
-2681
-3093
-3129
-3013
-2488
-1770
-1049
-526
12
537
934
738
-300
-1134
-1121
-999
-1357
-1559
-1309
-1124
-1122
-796
-280
246
671
1006
699
-98
-645
-742
-667
-815
-954
-946
-1015
-1170
-1330
-1484
-1647
-1597
-1460
-1548
-1389
-839
-618
-1194
-1573
-1455
-1444
-1605
-1333
-761
-770
-837
-594
-569
-913
-1261
-1267
-1301
-1411
-1018
-296
226
445
675
843
622
409
460
317
-502
-1491
-2207
-3075
-3891
-3978
-3509
-2962
-2437
-1964
-1376
-902
-659
-603
-585
-606
-720
-849
-1015
-1303
-1501
-1310
-1116
-1142
-1099
-663
25
580
927
994
537
-142
-954
-1713
-2416
-2947
-3125
-3182
-3333
-3405
-3054
-2520
-1977
-1528
-1056
-744
-729
-975
-1287
-1716
-2214
-2795
-3462
-3919
-3948
-3562
-2974
-2141
-1046
-5
570
720
761
990
950
357
-746
-1620
-2281
-2994
-3810
-4630
-4861
-4410
-3784
-3402
-2933
-2196
-1232
-625
-253
-84
82
250
97
-471
-1072
-1440
-1689
-2042
-2411
-2501
-2138
-1156
-314
89
647
1523
1916
1493
1027
1228
1395
946
176
-469
-931
-1370
-1808
-1808
-1724
-1833
-1670
-1114
-558
-141
661
1335
1026
231
-58
-131
-401
-736
-969
-1268
-1695
-2075
-2128
-1919
-1574
-1200
-857
-564
-402
20
618
983
1025
937
375
-671
-1396
-1898
-2545
-3119
-3159
-2805
-2619
-2508
-2004
-918
207
707
790
900
727
117
-665
-1372
-1918
-2353
-2801
-3381
-3487
-2940
-1996
-1269
-922
-1026
-1199
-1042
-1158
-1566
-1914
-1733
-1710
-2203
-2718
-2600
-2021
-1628
-1762
-1934
-1556
-883
-306
192
769
1362
1716
1556
1253
840
349
-348
-1049
-1679
-2181
-2328
-2015
-1560
-1065
-261
560
899
855
860
962
1048
690
155
-426
-921
-1430
-1977
-2182
-1907
-1249
-694
-596
-516
-67
301
50
-460
-767
-1099
-1528
-1825
-1653
-1380
-1277
-1184
-1087
-1277
-1669
-2017
-1985
-1693
-1735
-1831
-1539
-1015
-868
-987
-683
-411
-490
-712
-747
-704
-994
-1427
-1941
-2395
-2923
-3270
-3375
-3416
-3208
-2418
-1324
-756
-661
-521
-309
-389
-732
-1013
-1213
-1303
-1432
-1723
-1900
-1827
-1670
-1759
-2040
-2292
-2252
-1886
-1558
-1476
-1264
-797
-579
-825
-1291
-1409
-1192
-1223
-1676
-2074
-2063
-1821
-1672
-1613
-1373
-1139
-980
-1132
-1677
-2082
-2023
-1698
-1395
-1078
-684
-119
410
682
699
835
1039
907
482
29
-287
-494
-683
-1118
-1453
-1275
-923
-494
386
1248
1954
2433
2623
2278
1692
1325
960
436
-177
-478
-726
-711
-597
-325
124
526
606
476
522
772
1222
1576
1613
1391
1085
792
608
687
940
1131
1168
968
600
221
1
-48
171
338
258
173
340
588
727
919
1178
1026
365
-360
-825
-996
-926
-619
-188
298
691
1007
1483
2171
2746
3090
2956
2360
1738
1254
874
540
286
118
-63
-44
90
459
1228
1975
2455
2510
2407
2274
2075
1894
1669
1575
1612
1583
1339
1116
1307
1640
1863
1808
1579
1283
1016
751
548
555
662
894
1001
895
770
923
1399
1681
1601
1628
1940
2124
1962
2030
2208
2056
1480
838
710
873
1017
1101
1400
1788
1952
2011
1844
1571
1402
1105
569
-164
-428
-367
-266
-53
382
1064
1493
1621
1536
1532
1561
1667
1630
1334
1027
927
1119
1265
1268
1496
1863
1911
1638
1456
1589
1660
1452
967
787
913
971
995
1200
1519
1566
1398
1048
817
716
631
567
673
995
1418
2003
2659
3277
3708
4144
4357
4183
3743
3148
2349
1476
861
365
68
54
239
556
973
1327
1553
1662
1620
1325
1057
707
258
24
57
230
305
381
372
342
195
134
300
736
1222
1424
1494
1541
1626
1619
1377
833
275
-182
-611
-963
-1114
-989
-640
-476
-920
-1518
-1714
-1803
-1914
-1853
-1500
-1048
-682
-444
-187
394
996
1286
1145
970
837
471
-176
-774
-912
-913
-1159
-1415
-1335
-806
-201
368
980
1379
1511
1159
514
-95
-648
-1214
-1666
-1919
-1755
-1135
-138
841
1523
2173
2620
2608
2277
1894
1380
682
-56
-793
-1383
-1637
-1414
-803
-328
101
636
1245
1400
1136
997
887
334
-445
-885
-1062
-1160
-1267
-1180
-1024
-850
-792
-835
-783
-549
-159
170
217
191
373
506
537
745
1076
1085
810
583
295
120
109
203
312
310
486
924
1413
1787
2074
2252
2095
1728
1329
995
890
780
663
540
817
1215
1327
1277
1295
1243
796
283
-196
-488
-648
-770
-989
-1153
-1270
-1413
-1482
-1402
-1129
-673
-308
-221
-73
339
843
1243
1619
1957
2003
1770
1375
1184
1201
954
429
-166
-500
-744
-682
-398
54
563
1018
1121
892
824
875
684
165
-222
-580
-924
-1438
-1957
-2256
-2134
-1892
-1803
-1760
-1452
-1149
-962
-696
-409
-194
-136
-76
-109
-72
-19
116
-125
-792
-1401
-1626
-1545
-1358
-1083
-735
-296
283
1019
1725
2317
2900
3309
3119
2320
1405
906
447
-250
-828
-913
-870
-881
-628
-164
414
878
1059
1124
968
804
677
383
-54
-501
-643
-796
-941
-860
-549
-359
-496
-898
-1350
-1706
-1877
-1818
-1704
-1516
-1362
-1223
-1029
-736
-423
-109
41
-224
-738
-1237
-1512
-1721
-1792
-1610
-1327
-909
-361
203
756
1283
1385
1131
768
513
130
-226
-367
-366
-321
-352
-235
-61
275
552
669
448
-5
-495
-751
-867
-1049
-1078
-961
-905
-966
-957
-793
-423
-71
199
372
590
869
1174
1440
1705
1747
1539
1350
1214
1068
966
976
884
589
169
-169
-333
-265
-87
211
651
1007
1100
1115
1183
1252
1134
877
456
-106
-455
-626
-661
-635
-410
-79
10
-126
-139
88
325
335
190
169
117
-68
-242
-401
-383
-230
-193
-154
-100
208
516
557
309
-120
-410
-645
-764
-737
-535
-303
-72
123
161
-17
-175
-217
-368
-745
-922
-797
-561
-262
-7
340
605
741
582
374
248
103
29
-16
13
105
332
510
501
384
276
117
-83
-311
-488
-582
-623
-675
-743
-696
-431
-78
210
589
936
1362
1520
1374
1073
821
494
-85
-540
-730
-653
-619
-331
139
533
867
1026
1017
675
67
-253
-471
-538
-577
-522
-210
17
345
664
1079
1438
1614
1476
1030
603
281
70
-164
-285
-292
-251
-273
-207
94
458
654
430
8
-376
-703
-952
-970
-737
-401
-184
62
372
657
754
764
846
888
800
657
658
490
271
-89
-435
-671
-820
-818
-814
-714
-579
-494
-662
-881
-909
-917
-1049
-1151
-1183
-1216
-1377
-1583
-1572
-1527
-1516
-1408
-1143
-815
-529
-171
283
731
892
989
1096
1041
794
312
-176
-756
-1183
-1373
-1422
-1354
-1254
-1059
-738
-506
-222
278
824
1093
877
724
814
892
775
660
581
469
250
80
89
183
279
417
409
341
329
320
241
97
126
16
-201
-489
-493
-419
-476
-514
-430
-293
-250
-255
-284
-258
-230
-194
-226
-276
-446
-727
-906
-927
-759
-505
-352
-152
41
267
553
844
942
876
756
657
427
180
170
192
186
17
-66
-14
240
449
749
984
830
645
488
418
298
414
649
642
406
171
30
-19
126
300
423
394
398
366
395
588
901
1160
1125
990
835
734
438
153
-154
-455
-814
-1104
-1101
-804
-336
-20
291
499
663
632
480
347
204
-133
-534
-890
-948
-777
-434
8
314
557
691
925
1078
1217
1260
995
763
466
73
-154
-204
-134
-234
-273
-175
-2
125
179
289
520
631
697
818
997
1333
1539
1532
1219
832
422
-53
-444
-561
-471
-272
-88
136
555
1109
1660
2095
2408
2576
2462
2065
1428
654
-186
-1051
-1801
-2365
-2385
-1938
-1461
-1047
-438
240
701
969
1187
1334
1441
1481
1344
1020
603
417
270
-55
-426
-572
-556
-686
-744
-493
53
522
824
1116
1385
1732
1982
2085
2021
1878
1690
1318
835
521
480
493
426
401
742
1214
1568
1767
1814
1732
1654
1573
1470
1564
1749
1957
1950
1958
2013
2124
2266
2293
2295
2337
2416
2386
2264
2237
2226
2217
2108
1801
1663
1624
1511
1140
900
786
629
363
149
28
-17
-122
-145
-59
1
9
65
275
236
199
218
460
567
714
1001
1255
1309
1226
1307
1306
1162
930
933
980
901
819
835
958
933
900
1027
1053
903
830
852
829
839
1045
1357
1503
1614
1884
1975
1771
1718
1846
1823
1533
1312
1402
1498
1338
1291
1585
1819
1730
1481
1231
775
298
171
266
356
506
837
1003
1005
1155
1424
1602
1476
1247
1063
759
485
309
202
162
134
175
243
412
723
1066
1172
1022
849
682
485
318
360
538
646
701
758
877
898
774
635
506
319
100
-112
-207
-112
126
432
746
1043
1245
1250
1269
1239
961
722
486
249
-102
-363
-463
-468
-403
-333
-160
143
338
430
490
533
576
485
432
273
221
266
253
135
23
-127
-244
-312
-286
-70
169
356
488
638
689
672
470
266
-105
-518
-879
-1161
-1264
-1249
-1016
-780
-484
-36
490
982
1236
1428
1324
827
191
-459
-784
-1100
-1394
-1586
-1506
-1365
-1246
-987
-576
-107
189
294
152
-120
-464
-670
-792
-798
-795
-792
-735
-804
-900
-984
-1022
-1002
-1024
-939
-819
-645
-294
165
575
804
965
1082
1078
760
365
128
-93
-376
-664
-725
-569
-287
-5
231
575
945
1166
1093
897
694
435
-77
-699
-1181
-1484
-1669
-1675
-1335
-849
-382
-45
299
567
661
630
460
227
-47
-369
-643
-795
-793
-801
-690
-527
-482
-562
-533
-393
-407
-511
-728
-886
-1057
-1102
-1069
-1003
-916
-776
-501
-272
-192
-233
-217
-219
-377
-636
-903
-980
-885
-736
-482
-25
544
936
1094
1032
889
571
136
-292
-705
-1026
-1250
-1405
-1448
-1335
-1110
-964
-864
-562
-217
55
300
433
418
114
-186
-368
-625
-830
-949
-873
-854
-856
-818
-678
-529
-525
-565
-550
-630
-832
-888
-738
-576
-571
-593
-648
-717
-954
-1170
-1132
-857
-618
-456
-216
-3
204
326
352
315
241
290
379
486
539
643
666
336
-64
-375
-625
-954
-1210
-1250
-1155
-1186
-1189
-1084
-879
-657
-445
-241
-251
-269
-403
-583
-740
-837
-874
-934
-855
-620
-232
179
579
924
1077
1170
1237
1246
1102
800
517
270
108
7
9
108
307
452
368
405
460
523
614
685
723
694
652
549
427
319
315
235
194
206
377
560
527
346
197
222
187
135
19
-18
75
103
86
29
12
-184
-608
-932
-1205
-1377
-1456
-1418
-1316
-1251
-1060
-718
-323
-113
-6
89
134
99
13
-15
-7
54
14
-130
-192
-48
117
119
143
228
252
60
-187
-151
-202
-382
-587
-753
-789
-787
-599
-284
-23
115
230
282
326
306
383
456
364
241
273
395
393
328
384
605
586
329
248
322
307
174
-6
-47
36
178
303
432
445
441
470
434
220
-14
-20
-8
-13
20
181
233
193
197
374
692
938
1060
987
692
292
-86
-466
-715
-862
-953
-1036
-985
-728
-419
-105
93
174
170
-20
-389
-671
-834
-963
-1029
-927
-682
-355
72
501
858
1074
1173
1026
658
91
-422
-869
-1301
-1687
-2007
-2080
-1986
-1609
-1120
-584
-141
99
39
-262
-579
-883
-1103
-1272
-1393
-1459
-1393
-1136
-763
-430
-157
-54
-97
-179
-319
-595
-929
-1216
-1349
-1349
-1203
-977
-756
-440
-96
187
236
186
50
-220
-603
-940
-1106
-1018
-911
-692
-215
301
833
1233
1562
1670
1392
989
539
51
-352
-656
-701
-682
-474
-177
243
686
1025
1180
1113
986
682
336
-125
-394
-630
-870
-971
-946
-838
-740
-572
-339
-135
-222
-345
-408
-457
-521
-537
-602
-758
-890
-914
-885
-943
-885
-863
-818
-891
-916
-883
-764
-652
-599
-592
-575
-538
-475
-482
-644
-686
-790
-779
-819
-708
-680
-681
-734
-828
-901
-923
-866
-934
-897
-952
-935
-995
-1068
-884
-653
-404
-139
13
48
-64
-180
-296
-411
-492
-562
-586
-706
-726
-566
-179
250
657
959
1115
1252
1284
1246
1060
989
930
932
824
722
726
685
721
670
582
611
830
966
880
784
788
633
416
169
-95
-357
-638
-899
-1127
-1261
-1318
-1245
-1160
-1057
-776
-418
-239
-257
-251
-239
-243
-360
-520
-608
-694
-731
-639
-392
-192
-39
96
166
175
144
133
240
382
537
586
620
604
599
633
550
395
160
-60
-305
-427
-330
37
406
612
797
1049
1179
1145
973
740
501
170
-236
-465
-458
-329
-180
-79
231
544
870
1116
1278
1338
1251
1028
593
137
-158
-276
-239
-155
-21
158
314
450
441
514
665
674
594
522
549
655
731
664
454
176
-258
-650
-932
-926
-833
-674
-448
-334
-248
-89
285
626
857
1000
1146
1114
934
615
375
95
-225
-541
-647
-512
-417
-167
-106
-33
90
277
399
388
357
263
64
-284
-531
-744
-906
-908
-916
-987
-1056
-948
-762
-500
-222
12
244
337
234
-2
-144
-395
-685
-867
-905
-913
-1037
-969
-686
-384
-162
100
373
584
723
711
819
756
588
439
303
146
-92
-175
-95
51
136
379
596
739
825
939
1060
983
963
991
904
757
652
689
730
706
667
793
1035
1141
1273
1496
1625
1666
1643
1665
1575
1493
1520
1513
1542
1621
1734
1670
1496
1400
1361
1288
1073
783
602
488
397
352
414
510
663
834
979
1081
1152
1174
1011
542
47
-406
-753
-974
-1053
-1020
-935
-748
-514
-249
-83
90
188
69
-236
-546
-862
-1182
-1494
-1633
-1630
-1567
-1566
-1552
-1570
-1547
-1457
-1315
-1102
-920
-708
-638
-519
-299
-200
-98
-84
-306
-681
-1058
-1266
-1401
-1434
-1410
-1224
-919
-500
-12
505
830
943
1020
1040
916
795
627
404
223
130
163
183
399
681
902
932
789
604
434
156
-270
-628
-900
-1236
-1481
-1440
-1317
-1326
-1231
-987
-820
-812
-677
-500
-442
-342
-170
108
328
509
728
856
807
668
423
105
-226
-513
-628
-688
-742
-731
-677
-559
-477
-336
-250
-177
-187
-242
-223
-264
-272
-306
-370
-398
-397
-328
-226
-220
-268
-322
-319
-269
-317
-310
-274
-285
-336
-324
-169
-126
-21
64
193
313
370
343
304
332
350
428
537
641
651
670
641
551
467
434
380
255
106
38
-77
-169
-266
-369
-452
-517
-489
-461
-340
-209
28
133
13
-156
-320
-404
-603
-789
-930
-1036
-1163
-1226
-1220
-1322
-1480
-1608
-1700
-1809
-1830
-1645
-1387
-1046
-717
-561
-537
-469
-418
-533
-640
-875
-1059
-1216
-1363
-1537
-1541
-1349
-1080
-807
-464
64
652
1162
1335
1307
1121
824
406
-15
-298
-468
-538
-516
-377
-27
425
912
1246
1360
1359
1249
1019
789
617
446
294
77
-205
-266
-101
216
541
702
840
814
596
290
36
-73
-319
-620
-1007
-1400
-1703
-1970
-2043
-2122
-2150
-2128
-1980
-1887
-1731
-1516
-1224
-933
-973
-1175
-1418
-1592
-1895
-2227
-2239
-2104
-2056
-2149
-2136
-1859
-1467
-1150
-1067
-936
-877
-870
-894
-995
-1127
-1181
-1213
-1411
-1678
-1772
-1689
-1705
-1662
-1518
-1330
-1276
-1268
-1121
-911
-619
-307
-126
-118
-239
-374
-557
-749
-979
-1278
-1579
-1862
-2029
-2146
-2064
-1799
-1330
-869
-560
-364
-117
30
-80
-299
-607
-872
-1269
-1716
-2078
-2227
-2271
-2184
-1954
-1601
-1174
-635
-70
394
839
1138
1216
1040
643
176
-288
-847
-1344
-1641
-1600
-1511
-1417
-1104
-748
-435
-201
75
150
116
159
93
-45
-222
-77
56
162
256
394
673
747
671
431
345
251
60
-115
-313
-372
-291
-77
144
281
567
790
908
925
1071
1274
1258
1123
1015
1098
1147
1207
1342
1556
1694
1721
1639
1388
1143
986
848
695
615
676
620
402
160
-32
-253
-449
-584
-620
-573
-559
-496
-347
-98
88
364
535
511
438
478
522
408
241
82
116
127
67
129
256
317
248
70
-120
-308
-482
-723
-979
-1136
-1102
-906
-705
-484
-95
338
689
833
907
1075
964
651
303
180
163
225
270
245
282
403
580
633
612
449
144
-340
-871
-1235
-1466
-1543
-1436
-1136
-620
-141
294
628
887
890
699
465
120
-210
-473
-524
-406
-236
-34
226
484
775
975
1196
1281
1161
967
660
344
0
-166
-148
-147
-133
-48
123
277
391
489
601
622
496
463
621
804
943
1093
1122
1011
769
547
301
47
-134
-311
-307
-165
25
279
489
660
931
1148
1119
848
639
460
143
-197
-372
-479
-566
-441
-216
1
159
326
487
444
186
-94
-334
-458
-631
-760
-844
-838
-736
-540
-274
24
262
364
325
246
189
61
-65
-220
-300
-505
-633
-621
-420
-290
-175
-7
62
-31
-112
-63
14
-46
-199
-277
-342
-271
-151
80
272
536
779
953
900
764
629
519
439
249
107
50
13
121
297
409
502
557
694
718
789
883
1097
1395
1650
1799
1832
1904
1789
1478
1198
881
574
257
30
-96
-146
-24
37
169
374
705
805
658
544
515
503
284
173
322
531
649
579
659
865
1008
1037
1011
1070
1082
1132
1110
1167
1110
1177
1332
1358
1249
1090
1037
949
837
741
765
848
792
735
780
682
525
356
306
194
189
85
82
114
249
528
832
1122
1175
1203
1037
869
580
383
292
325
461
720
1027
1455
1951
2484
2854
3038
3124
2920
2508
1940
1369
792
346
23
48
266
601
962
1478
1896
2090
2235
2250
2055
1748
1442
1191
1134
1105
1199
1300
1301
1200
1094
979
786
538
369
187
-20
-129
-15
124
231
263
209
220
183
134
102
92
52
3
-77
-94
86
428
788
1033
1153
1329
1418
1459
1374
1262
1134
917
676
495
446
355
382
425
586
704
871
1048
1225
1296
1335
1455
1378
1162
897
723
533
218
-59
-209
-246
-238
-215
-3
139
352
607
901
1091
1267
1416
1549
1502
1285
1000
739
545
321
207
186
330
474
720
855
1055
1124
1223
1339
1283
1211
1123
892
621
308
81
-117
-237
-122
5
89
32
125
152
256
368
503
762
928
881
595
334
118
-41
-126
-337
-504
-558
-561
-411
-242
40
451
666
709
741
897
1173
1355
1381
1209
1050
845
579
277
21
-14
-104
-209
-421
-544
-460
-306
-87
148
426
610
705
581
372
213
-7
-203
-441
-720
-983
-1170
-1216
-1122
-945
-877
-800
-587
-317
-105
0
134
189
48
-113
-380
-631
-844
-1095
-1453
-1918
-2268
-2407
-2354
-2133
-1821
-1474
-966
-486
-58
306
582
776
793
622
263
-16
-202
-353
-377
-416
-382
-451
-403
-280
-269
-324
-456
-657
-880
-1053
-1229
-1339
-1394
-1366
-1601
-1780
-1862
-1890
-1926
-1911
-1821
-1832
-1914
-2079
-2051
-1934
-1709
-1443
-1227
-945
-858
-895
-1001
-1075
-1112
-1180
-1248
-1432
-1492
-1523
-1475
-1496
-1447
-1328
-1245
-1206
-1101
-968
-806
-676
-618
-606
-588
-598
-761
-973
-1291
-1450
-1767
-2019
-2118
-2170
-2190
-2139
-2032
-1858
-1685
-1475
-1247
-936
-559
-337
-226
-250
-365
-647
-1034
-1515
-1817
-1942
-1978
-2031
-2007
-1893
-1611
-1271
-943
-669
-425
-230
-240
-276
-400
-485
-669
-906
-1187
-1420
-1567
-1661
-1610
-1388
-999
-665
-481
-384
-314
-330
-381
-482
-666
-910
-1006
-1024
-965
-816
-547
-295
-102
-10
-2
-2
-78
-107
-227
-274
-332
-373
-304
-214
-252
-294
-268
-237
-267
-371
-445
-417
-390
-344
-410
-545
-546
-557
-479
-372
-209
-112
-44
-108
-242
-180
-78
-122
-296
-355
-390
-429
-452
-554
-498
-439
-478
-623
-826
-983
-956
-842
-802
-821
-799
-622
-530
-528
-438
-347
-453
-700
-965
-1115
-1243
-1240
-1194
-1226
-1284
-1187
-1117
-1107
-931
-778
-710
-788
-932
-1030
-1175
-1288
-1377
-1408
-1292
-1165
-984
-912
-856
-854
-848
-880
-1019
-1260
-1508
-1612
-1641
-1588
-1448
-1145
-839
-520
-273
-27
214
287
189
68
-86
-303
-528
-641
-628
-624
-576
-467
-291
-157
52
154
152
91
72
-41
-174
-333
-504
-593
-642
-496
-279
65
322
535
684
804
745
800
797
758
649
438
253
108
71
78
158
203
431
564
640
587
583
569
580
537
511
505
505
507
462
548
589
666
702
664
581
618
674
652
657
796
787
669
523
452
341
129
-50
-129
-124
-207
-154
-146
-68
30
106
268
489
662
758
745
643
526
276
-8
-276
-437
-455
-456
-340
-180
69
421
606
716
799
884
736
620
441
278
156
-19
-103
-156
-103
-67
60
119
177
200
206
93
-7
-113
-286
-445
-625
-851
-997
-1107
-1189
-1096
-971
-812
-751
-641
-616
-620
-550
-471
-400
-375
-397
-452
-493
-615
-641
-608
-636
-652
-724
-795
-847
-778
-644
-493
-385
-278
-264
-283
-301
-323
-370
-427
-522
-648
-670
-689
-632
-650
-468
-310
-188
-178
-129
-59
15
-17
-127
-124
-178
-215
-303
-221
-151
28
137
320
526
710
813
877
898
689
536
329
209
155
191
188
179
181
129
93
76
72
87
194
185
115
114
178
271
331
291
264
176
62
-39
-58
-123
-311
-459
-518
-618
-743
-783
-938
-999
-1047
-1037
-1027
-1041
-1120
-1233
-1357
-1372
-1309
-1343
-1302
-1242
-1245
-1272
-1218
-1159
-1074
-1022
-961
-950
-977
-959
-951
-1060
-1171
-1215
-1224
-1218
-1132
-964
-820
-671
-535
-412
-314
-264
-268
-208
-162
-111
-144
-212
-284
-353
-466
-552
-544
-504
-490
-534
-499
-590
-679
-754
-795
-845
-883
-935
-976
-1051
-1213
-1260
-1279
-1246
-1217
-1079
-910
-765
-701
-606
-437
-250
-116
-106
-58
-182
-361
-550
-700
-774
-742
-651
-601
-463
-345
-223
-149
-114
-48
49
30
-96
-159
-147
-155
-222
-304
-296
-310
-411
-488
-520
-458
-438
-478
-537
-500
-513
-589
-652
-691
-670
-603
-528
-477
-411
-399
-402
-386
-402
-295
-212
-225
-220
-200
-42
53
86
108
297
418
396
349
299
363
253
192
236
203
120
-34
-76
-103
-99
-40
9
44
108
168
153
142
70
130
149
105
47
32
54
45
34
51
84
7
14
-65
-186
-303
-409
-391
-401
-364
-343
-273
-211
-199
-164
-92
47
98
185
199
196
280
310
328
361
475
513
467
481
586
629
621
648
647
629
558
503
427
493
526
526
485
489
571
495
464
467
513
542
475
418
446
549
630
674
738
742
816
829
878
860
897
895
869
899
904
979
1023
1094
1068
1129
1124
1135
1141
1165
1152
1158
1077
960
890
812
710
566
514
584
637
585
633
661
626
546
582
535
474
283
223
197
153
87
-5
-39
-93
2
136
210
202
380
524
631
660
689
738
754
707
727
736
735
653
622
662
678
765
839
933
958
975
1003
1156
1158
1119
1110
1104
1119
1108
1056
1092
1094
1005
967
873
811
701
631
597
503
441
391
287
143
107
121
98
193
257
347
336
282
339
460
539
593
677
784
889
897
982
1065
1158
1168
1181
1123
1070
1061
1058
1132
1186
1270
1369
1474
1510
1548
1714
1788
1790
1831
1877
1911
1868
1764
1619
1569
1479
1368
1256
1201
1131
1136
1130
1138
1195
1260
1347
1341
1376
1364
1409
1430
1422
1415
1461
1467
1520
1521
1499
1502
1449
1522
1667
1668
1622
1618
1626
1689
1712
1709
1645
1610
1523
1505
1425
1319
1291
1243
1189
1167
1094
1062
987
986
976
780
710
647
599
420
313
247
142
92
28
14
-1
-67
-62
-20
10
71
175
238
255
290
371
462
473
495
591
723
727
683
683
658
610
575
559
625
590
612
729
673
599
629
735
747
701
723
787
810
789
820
800
775
701
585
535
377
318
272
221
235
136
71
63
15
-50
-62
-64
-20
30
56
63
34
50
122
204
265
305
361
371
420
384
407
544
602
646
664
613
477
472
540
645
639
633
614
494
334
274
327
401
378
395
421
405
442
375
310
257
283
286
331
259
218
272
307
242
202
214
243
229
248
331
351
438
436
531
508
440
339
298
301
274
260
238
221
82
38
-10
6
92
133
124
48
23
41
26
23
46
13
-78
-108
-187
-196
-203
-274
-321
-388
-420
-552
-587
-620
-615
-688
-764
-755
-849
-901
-937
-926
-857
-810
-807
-726
-663
-507
-491
-475
-430
-384
-297
-350
-365
-375
-296
-262
-213
-156
-137
-174
-197
-88
33
114
207
261
274
341
371
358
343
401
359
374
436
498
500
408
358
291
363
366
335
271
365
437
338
240
231
259
231
167
62
31
-23
-79
-145
-103
-116
-129
-64
-77
-119
-129
-35
-31
-90
-27
36
144
223
337
428
485
511
540
649
747
811
822
823
841
977
994
1016
971
989
989
975
1029
1053
1226
1270
1267
1267
1291
1262
1232
1218
1242
1198
1107
1052
1076
1035
888
788
704
670
526
451
302
196
131
60
-61
-131
-141
-206
-227
-273
-252
-257
-201
-141
-147
-93
-16
-12
40
116
108
75
88
156
272
419
455
469
502
480
484
427
452
481
470
425
421
426
404
425
412
389
315
323
369
406
334
289
249
200
130
130
181
195
188
211
203
149
144
143
154
116
132
95
55
19
-4
-35
-36
-8
30
109
248
319
344
413
566
669
799
927
1031
1172
1202
1281
1278
1412
1604
1796
1910
1971
1984
1976
1949
1946
2049
2151
2208
2084
1982
1894
1862
1761
1568
1431
1421
1301
1140
1099
1078
990
721
565
484
414
392
364
330
242
185
122
16
-56
-91
-87
-145
-72
12
15
-36
-44
-40
-142
-137
-164
-167
-135
-65
-76
-143
-55
59
97
130
196
285
367
393
428
515
530
499
456
422
371
381
398
378
419
455
434
340
282
253
183
124
175
210
231
222
210
137
34
-48
-111
-107
-168
-234
-222
-282
-358
-461
-525
-462
-433
-484
-580
-662
-757
-896
-982
-902
-803
-725
-687
-655
-619
-578
-524
-510
-483
-449
-396
-320
-362
-390
-355
-365
-457
-467
-456
-493
-531
-589
-576
-630
-630
-574
-519
-463
-428
-349
-306
-284
-184
-155
-212
-297
-364
-488
-576
-594
-657
-628
-563
-556
-619
-681
-678
-623
-635
-635
-540
-418
-358
-358
-355
-420
-408
-454
-501
-557
-562
-552
-635
-716
-871
-922
-1023
-1130
-1156
-1192
-1280
-1352
-1424
-1417
-1391
-1418
-1447
-1420
-1392
-1443
-1500
-1555
-1580
-1596
-1615
-1735
-1834
-1903
-1926
-1959
-2058
-2118
-2155
-2284
-2420
-2489
-2440
-2344
-2259
-2176
-2089
-2028
-1960
-1802
-1736
-1661
-1623
-1509
-1497
-1578
-1557
-1520
-1446
-1493
-1525
-1597
-1638
-1726
-1716
-1602
-1543
-1490
-1442
-1437
-1490
-1528
-1598
-1641
-1669
-1617
-1599
-1610
-1660
-1684
-1670
-1708
-1765
-1828
-1840
-1832
-1906
-1925
-1929
-1961
-1964
-1964
-1935
-1877
-1868
-1889
-1969
-2026
-2055
-2041
-1982
-1977
-1937
-1968
-1940
-2010
-2141
-2166
-2106
-2063
-1970
-1886
-1852
-1763
-1718
-1699
-1647
-1630
-1618
-1666
-1691
-1675
-1649
-1575
-1598
-1618
-1641
-1618
-1649
-1601
-1574
-1553
-1543
-1565
-1561
-1609
-1658
-1634
-1529
-1502
-1431
-1414
-1488
-1613
-1652
-1669
-1705
-1677
-1708
-1741
-1778
-1727
-1735
-1709
-1687
-1634
-1596
-1553
-1418
-1347
-1230
-1162
-1170
-1244
-1255
-1213
-1180
-1231
-1229
-1215
-1178
-1268
-1331
-1353
-1380
-1408
-1522
-1585
-1648
-1581
-1635
-1676
-1702
-1760
-1798
-1853
-1908
-1900
-1813
-1791
-1829
-1794
-1830
-1851
-1829
-1802
-1788
-1830
-1781
-1687
-1614
-1524
-1392
-1242
-1098
-1035
-982
-968
-961
-950
-877
-810
-750
-725
-749
-816
-842
-784
-641
-625
-630
-578
-508
-499
-537
-506
-487
-352
-368
-313
-267
-153
-166
-280
-241
-83
35
36
86
46
62
24
-41
-67
-31
-29
-97
-159
-203
-104
-68
-54
70
142
298
349
424
409
397
383
264
192
35
8
-61
-104
-180
-191
-86
-73
-126
-211
-270
-293
-317
-383
-457
-489
-595
-766
-901
-963
-1004
-1057
-1148
-1171
-1022
-880
-736
-575
-335
-121
-30
-70
-158
-295
-380
-435
-434
-455
-450
-393
-369
-353
-248
-75
-4
-9
49
168
239
340
354
490
628
721
694
719
728
696
620
463
336
298
358
410
439
529
652
699
695
712
765
667
619
552
477
265
130
39
-2
-74
-24
117
262
314
322
467
596
707
749
857
865
832
730
760
750
748
759
805
842
796
685
690
802
754
593
470
501
577
682
790
926
1001
1081
1097
1130
1271
1395
1465
1482
1442
1352
1225
1131
1089
981
870
855
774
679
609
769
1035
1208
1333
1423
1561
1568
1499
1460
1481
1412
1359
1298
1180
1029
894
808
709
533
331
364
385
465
595
724
770
780
754
668
606
434
472
642
797
878
1052
1310
1440
1688
2234
2407
2149
1861
1503
1074
744
499
188
-44
-324
-576
-734
-422
201
839
1213
1429
1681
1918
2122
2090
2149
2237
2139
1624
1119
697
353
454
511
404
256
161
78
-7
90
542
1395
1983
2196
2263
2502
2739
2652
2473
2184
1680
1145
1029
435
56
767
1443
1233
736
751
562
294
156
-256
-635
-614
-765
-1224
-1097
-669
-604
-494
-255
-129
74
372
332
193
262
133
-365
-531
-313
0
144
134
358
702
872
483
-36
-566
-954
-1302
-1465
-1414
-1303
-583
346
864
1137
1728
2354
2424
2185
2000
2057
2132
1847
1377
1183
1224
1068
762
550
771
1144
1485
1356
998
1390
1929
1908
1595
1537
1761
1935
1746
1226
1057
1505
1842
1565
1039
743
1018
1206
1026
998
1161
1484
1051
375
61
-61
-478
-1128
-1312
-1274
-1362
-1228
-576
-69
125
671
1376
1373
947
836
1201
955
485
436
336
-255
-1169
-1209
-411
138
380
298
54
37
6
-463
-856
-573
-516
-668
-640
-549
-644
-187
426
334
15
-223
-613
-895
-652
-923
-1302
-871
-672
-1173
-969
-21
213
3
24
-189
-399
-671
-1108
-1230
-884
-1066
-1596
-1249
-495
-300
-453
-251
-471
-676
-593
-867
-1181
-867
-426
-216
-157
-283
-145
275
608
497
248
-137
-227
53
-391
-1354
-1720
-1507
-1549
-2020
-1958
-1690
-1551
-1617
-1956
-1743
-1102
-352
-66
-565
-788
-1015
-1590
-1828
-1915
-2021
-2139
-2234
-2696
-3111
-2917
-2170
-1678
-1375
-906
-443
19
76
-127
-136
34
-646
-1922
-2477
-2483
-2758
-2870
-2427
-1647
-1064
-601
123
1180
2244
2847
3210
3262
2738
1215
-420
-1262
-1901
-3034
-4472
-5193
-4805
-4009
-3907
-4022
-3134
-2319
-1984
-1882
-1673
-1050
-878
-910
-941
-1052
-1327
-1126
-912
-1944
-3385
-4044
-3835
-3295
-2487
-2028
-1442
-150
766
1449
2568
3775
3724
2789
1800
236
-806
-1830
-3453
-3998
-3795
-4025
-4440
-2909
-472
312
700
1512
1511
1217
1521
1627
1223
1488
2384
2626
2284
815
-250
-72
280
-974
-2788
-2300
-1299
-885
-641
82
1571
2779
2477
1637
2350
3394
2659
1529
995
278
-717
-1795
-2950
-4019
-3110
-1551
-1680
-1715
-248
959
2136
3471
3061
2415
2542
2813
2400
1902
1045
-315
-1090
-2229
-3974
-4777
-3895
-3487
-3985
-3705
-2580
-919
1015
2333
2872
2816
2080
252
-2610
-5054
-6089
-5935
-5523
-5051
-4344
-2603
-237
1507
2701
3271
2761
2206
3029
3228
1624
13
-236
-723
-1783
-2373
-2687
-2166
-1507
-2781
-3358
-616
2522
3786
4305
5369
4694
3521
3301
2932
1377
-1
-709
-1866
-2451
-3239
-2475
-194
1380
1873
3502
5473
4528
4406
5366
5434
5257
4909
2994
379
746
-135
-1080
1136
4093
4569
3745
4337
4056
3747
3669
3585
3458
2413
208
-1615
-1147
862
1051
1829
3110
2891
2597
1846
935
814
1718
2105
2649
1953
349
97
1409
1490
-430
-1167
-1388
-2053
-3183
-3541
-2574
-1604
86
1127
588
-73
692
2117
1704
947
1030
1566
334
-2356
-2205
-1384
-1783
-1220
623
2460
3396
3754
2787
3203
5372
5938
4805
3746
2690
1223
11
-1190
-2764
-3416
-3291
-4670
-5083
-4384
-3985
-2202
1218
3956
5425
8122
9736
9225
8301
6640
4702
2286
-194
-1565
-1240
-944
-1027
415
3709
5050
3001
2659
4167
4012
2293
1053
1412
2005
2249
1887
2281
5045
5874
3889
3451
4385
4351
3887
4428
4416
2993
3836
5792
6608
7215
9318
11125
9462
6504
4108
3084
2008
-1414
-2818
-1056
-1808
-3555
-918
4657
7914
8980
8609
7632
6334
4265
2475
1152
947
2195
3322
2582
682
777
3971
5546
4641
5328
7296
7120
5010
1844
-454
675
2087
331
-2262
-1774
1568
1866
774
2946
4249
4471
2955
1051
1345
3890
6319
4455
2882
1386
-483
-1567
-3168
-4230
-2967
893
3054
2385
2390
5936
9524
11002
8179
5160
6737
9477
7703
2978
3972
7355
5669
398
-1191
888
3006
4263
5724
6752
7203
6934
4526
1926
722
1474
2729
1333
-693
-323
2948
5214
4622
3949
4579
5983
3398
-255
-217
2028
1600
-1357
-1587
331
318
-1372
-1937
-187
701
-29
91
824
709
-3072
-4352
-2442
-3204
-4566
-3687
-1392
-1548
-1394
1033
2139
419
-1985
-2205
-2621
-3601
-5904
-7246
-5695
-4914
-5545
-6187
-3511
-861
438
-1077
-3547
-1325
-899
-4122
-5099
-2956
-1832
-1361
-479
-76
323
1673
1596
674
-339
-995
-440
-106
-221
-1994
1252
6307
4695
-135
-1117
814
-999
-6229
-7862
-5834
-4634
-7269
-8577
-3520
-2227
-2867
378
2800
-407
-2031
-492
-4554
-7921
-8645
-11917
-12347
-9537
-8373
-7810
-1226
3765
805
-107
661
-1686
-4312
-4769
-7000
-7569
-5263
-7051
-9730
-5092
-1861
-3062
-1584
-776
-7213
-11288
-8580
-8602
-10116
-8439
-6039
-5751
-7570
-9660
-4557
-678
-1288
-2395
-2004
-732
-3830
-6999
-5240
-2158
-2049
-6263
-8096
-8220
-4506
-1612
-4090
481
-366
-4487
-4800
-5008
-8568
-9611
-5459
-5570
-7788
-5718
-4684
-6372
-3108
-748
-1176
-776
2313
565
-1943
-472
-2100
-4703
-6020
-10647
-13620
-12100
-13207
-15296
-10686
-4193
-5907
-3443
789
1600
1418
768
-1717
-4962
-2870
-5646
-8919
-8858
-9476
-11458
-8517
-3959
-7611
-6115
-24
1895
-636
-655
-424
-1118
-588
-4040
-5444
-4792
-5127
-6047
-4085
-2830
-5837
-5007
-2788
-7343
-7897
-2331
254
-1986
-2303
-476
284
3907
1883
-950
-1793
-1929
-5469
-9193
-8266
-6973
-5634
-6164
-4891
-3909
-2418
-1486
-1424
-817
272
2728
3499
-1816
-6457
-4571
-5835
-14133
-14363
-9831
-10653
-8596
-3898
-2653
-3493
1233
3915
1083
1297
1045
-1320
-1932
-6001
-10576
-8848
-2278
-5065
-9501
-5182
-4084
-6091
-8223
-9623
-14022
-11728
-9137
-13612
-13538
-10967
-10432
-11288
-6364
-4879
-9050
-5534
-3028
-7099
-9638
-9262
-10120
-6158
-2642
-8659
-9567
-1502
-2307
-5332
-1412
-3923
-7622
-6241
-7840
-15468
-13802
-6583
-9186
-8833
-4110
-9909
-9908
-5883
-11399
-14319
-8451
-5544
-11649
-5800
-4744
-7057
836
3774
-1266
-3236
-97
-6025
-8778
-4180
-6092
-9230
-4409
-3065
-5647
-228
4737
-11
242
4188
62
-2134
1662
-2301
-3937
1914
-954
-5787
-3770
-1962
-9280
-5759
373
-5736
-8596
-4352
-4285
-5931
2157
4738
147
4106
4284
-1883
1060
3302
-2702
-2570
5851
64
-5300
-482
-1537
-7435
-5146
-1813
-6910
-4113
-2405
-6619
-4411
952
-2741
-9250
-3188
-2501
-8010
-3130
-910
-2035
-2974
-1487
-2771
-1731
-247
-5639
-3615
2169
1720
-571
6144
7155
926
3560
6702
3121
-2216
-4428
-5180
-6363
-7817
-8784
-1586
5079
4147
2564
8762
12038
8244
5235
4334
5743
949
-2338
-4693
-2388
-5027
-6667
-612
-606
-1849
-692
5320
3929
3907
8789
8870
7142
5903
7123
8801
7800
3542
-230
481
-2607
-9712
-9842
-7544
-5899
-5706
-3276
-630
3307
8582
5902
2687
3728
5712
2160
-2428
-3011
-3203
-1580
-764
-1346
-1887
1622
6249
6220
5897
5019
6564
8783
4248
377
387
3183
2906
680
1301
994
3745
3705
4059
3629
1483
2982
5128
3228
-1839
-168
1884
961
2275
6694
8046
11994
13047
8360
4225
5769
7631
-1078
-1112
1242
-438
1090
5156
6862
5439
11204
14878
12145
13285
13673
11684
9927
5922
1231
-484
428
-2609
-4817
-596
5330
7154
8046
11332
13031
16071
14705
10106
6601
5254
3107
-735
4324
7861
8095
12211
17016
17636
19841
18971
16424
16511
10987
8074
6944
3824
283
2541
6319
3820
1433
2355
2999
2384
-196
-2293
-1980
1715
5183
3937
5790
12198
11797
9565
11923
10909
6880
5382
6214
1642
-751
642
4976
6658
7368
9735
10168
11701
8156
5543
5300
6190
3881
-928
1237
6150
7586
10181
13587
16480
16268
13901
11624
10929
9624
2854
-527
4360
3788
-3312
605
7826
9002
7990
10974
10489
9477
10177
12575
15989
10660
6701
8439
11866
9317
1717
5062
13843
11768
4630
3033
7253
6878
5330
3828
3166
2124
1136
2064
5021
3895
3522
9471
12070
10923
4126
9238
13172
6176
-1742
602
4227
2917
-276
-3940
1687
4190
4061
2447
6486
5898
3766
6043
3741
-1382
-6425
-5597
-6277
-7508
-6791
-1973
5168
8558
9681
11022
14433
10917
4324
1828
-1413
-6518
-11294
-9876
-3988
1081
2719
8278
13410
13138
9082
5396
1600
-1353
259
-1388
-71
1869
1893
3630
9222
15313
15860
16551
16544
12248
5596
2128
4735
794
-3710
-265
4324
4516
3938
9795
14123
15022
8099
3613
-18
-2772
-2642
-7785
-5528
814
5718
6113
8979
12584
12591
17415
17007
9535
4132
3391
3716
-175
-1921
1905
7476
8859
5097
4858
8842
9381
5797
2516
-1457
-1284
-3906
-7386
-3393
5036
7915
5122
11510
16055
15874
17728
19133
14884
9546
5381
-518
-4741
-4475
-5940
-2535
3740
-122
834
9173
11918
3669
3283
6911
5050
-2297
-8192
-7541
-3557
1969
1700
8411
12452
9472
10873
14209
11735
5512
7118
7731
2244
1018
464
2863
8166
10082
5197
5920
16522
16209
8186
8794
12144
6644
55
-4400
-6469
-7171
-1880
3245
8895
12777
11769
14419
17480
13587
3197
4745
9165
-1651
-10199
-5232
2910
5936
7426
13698
16329
19507
11295
5231
3826
-1093
-6250
-9042
-6818
-13888
-12724
-5588
5454
2865
2247
10314
12346
9259
2120
5212
4719
5354
-507
-3960
1705
1591
2131
-19
4333
7922
8968
10752
6306
3198
-181
3526
-2744
-5128
-3976
-8010
-5833
-6998
-6990
-9545
-4214
-3301
-5360
-1603
-811
-105
3585
6328
8671
12705
13103
10733
11692
16221
10461
5199
10295
7314
240
-1924
-2526
-3107
-4133
-4762
-10254
-7782
-3399
-8997
-7596
3194
6165
3407
5051
8943
3336
2331
7148
3784
2217
-1441
-3253
-3921
-3594
-7648
-3072
6187
5155
861
4592
9099
5750
8131
6725
4726
4455
3115
388
-2377
-5623
-10674
-9950
-3390
-7206
-12311
-7605
-2125
-5318
-7189
1816
2965
1988
3803
1856
3129
7223
549
-3498
2540
4663
-2182
-1817
4886
-1121
-5372
745
1602
-6043
-6670
1393
-2017
-6835
-5053
-5238
665
-1056
-4934
-2703
3846
5056
-2699
-2928
1975
-1514
-7870
-3723
-1860
-6595
-3618
481
-180
2849
1943
585
3262
3281
-3100
-4165
-2821
-6871
-6386
-629
2737
2969
-1047
-1003
2012
-134
3376
1595
5042
8563
4060
631
377
4006
-1836
-1601
5051
-3084
-7050
-3160
-4429
-6728
-5330
2677
5499
3721
-969
3759
10838
8368
5073
2663
4379
974
-6405
-9965
-5722
-3200
-7305
-3826
232
-1244
4045
5158
5010
5755
3510
5341
-565
-5324
-6224
-916
1035
-6489
-2644
-534
241
-877
-1743
-96
2535
8617
4203
476
1194
4016
345
-3110
2340
3453
-1112
562
4112
-5148
-8774
-7670
-2495
-1637
-615
3810
1443
5586
105
2087
2768
-4928
-7907
-9099
-6922
-12971
-10743
-4571
2141
4304
3891
5334
5320
5016
1460
1017
453
-274
-5242
-10864
-7765
-5664
-9994
-6318
-625
-2663
-7778
-8141
-5383
-10202
-12845
-8942
-9598
-9461
-11683
-8712
-2178
660
4594
3290
4332
-3953
-9496
-14356
-16482
-16523
-20071
-14906
-11889
-9763
-10808
-4000
870
1737
1050
-5106
-7724
-12126
-17870
-17156
-15913
-15360
-12120
-13449
-14741
-13553
-7658
-4127
-2997
-172
-1164
-3391
-6172
-5267
-1646
-4505
-2115
3710
-1950
-8892
-11806
-9686
-10661
-10446
-7642
-10487
-10995
-11633
-10065
-9321
-6513
-3102
-1729
-3086
-6914
-6188
-7608
-3816
-3436
-3107
44
734
3873
745
-588
1608
3029
1824
-2934
-6146
-5978
-4997
-5643
-6966
-4466
-1372
-4909
-8596
-8618
-7226
-9884
-14098
-11965
-11709
-16600
-14367
-4331
-1707
-736
1227
5568
4414
-9016
-12631
-11372
-11236
-16516
-13118
-5511
-8126
-6085
-4334
-1721
1781
6074
5791
5785
6287
-2506
-9124
-9582
-10020
-17479
-15823
-10429
-15611
-17247
-13623
-5728
-3302
3608
6133
2657
9513
8044
-2616
-6387
3875
-2146
-12013
-6887
-5700
-14271
-12671
-2
-4723
-3432
4595
6064
-3293
-5784
-1468
-6691
-4295
-4932
-9472
-10510
-3356
-6365
-13314
-3561
5251
-211
-2796
3832
-1357
-5267
-340
2940
754
3344
566
-6623
-5896
-5937
-11863
-13592
-3302
-4401
-9279
-4675
2473
3286
2608
7852
7487
3999
687
-1055
-2823
-6660
-8361
-10837
-8526
-10481
-11367
-4199
1070
4521
4240
9601
8427
4400
1486
-2885
-5814
-8687
-11639
-12740
-4485
-539
378
2865
11915
15384
13864
14528
8696
1312
-5461
-8855
-15942
-16648
-17008
-15288
-7792
-901
1558
-1596
13694
15895
6655
6661
5460
6888
-34
-1487
-5234
-7388
235
932
5286
3740
4242
7179
7594
8047
270
-2581
917
1142
-5201
-7566
-6427
-4352
-256
-2590
-5575
-950
1711
5487
6104
4960
5026
5616
6859
1815
5804
6158
4248
4663
5915
139
-5706
-196
1017
64
-1231
3549
2209
1627
761
-66
7055
4976
3850
3500
3228
8226
2171
-692
8970
11580
11119
7757
7209
2081
3004
12487
4828
2439
8889
14522
9443
2103
7201
11934
7866
8347
2582
-5544
3005
-780
-8352
-5775
5158
2424
394
10234
5328
2032
7271
8694
-176
-1900
-1344
-4527
-9331
-16693
-10544
-242
5448
115
-3695
8892
4970
-403
-709
1861
10007
4534
346
-3201
1216
7223
6136
9215
5347
-3584
-1972
-3864
-11694
-16900
-11217
-236
584
-1483
-1248
6791
12694
7228
1140
8522
8105
-1057
-4371
-1620
1744
1483
7866
12444
11778
10101
11735
13513
13874
7103
5387
6036
2030
-5122
-11145
-2988
525
2101
-909
6268
16388
13395
14929
17752
17480
7068
4048
4001
-1294
-4298
-2783
4337
5223
-2158
-280
8532
7063
8684
5574
8142
9973
5269
5134
2758
11054
7021
7372
11955
5472
-3957
-6401
5242
3821
-2733
10259
21056
6517
3756
10870
15173
15198
14650
11024
8952
9899
-3711
-7326
1022
4300
-4946
-2307
2727
-2636
-2149
6819
12789
10371
10974
10433
6088
5967
1766
-1690
10065
10314
2713
1054
3745
-2546
-8481
164
4574
3888
2388
2462
4133
10014
9253
4869
14378
16691
7365
2480
8681
4093
-4044
5861
4398
-746
-3458
1132
2474
2950
6696
10348
20375
16812
8842
7293
10575
1005
-5159
-3021
-5255
-5509
-4570
-2978
-392
4988
10861
10105
11257
11570
5428
2549
-505
-3052
-9861
-2598
7
-8916
-5632
8
2851
1880
-454
-3144
1037
8376
3232
-1000
222
991
-1832
-9529
-5831
-7424
-6264
-5687
-10460
-9818
-6503
-789
-4235
1535
7037
6212
9429
14014
10486
3369
7934
1853
-11216
-17675
-18694
-23356
-25707
-18507
-18986
-12807
-5454
-2277
2351
6983
12558
12552
12944
12187
7074
6354
7362
2273
-3016
-3672
157
-1607
-4226
-6116
-6685
-3231
-2330
-3671
-5670
3462
8237
5142
3285
3793
7461
2646
5248
5625
-2765
-2107
-360
-1997
-5451
4274
13969
11646
11475
7944
8358
7831
4597
-487
-877
4378
288
-3343
-2297
4237
3560
3920
6907
3605
1670
-830
-1717
-3818
-6913
-9841
-6107
-227
-7860
-11590
1526
10613
7589
5620
7117
6209
4216
-2124
-5249
-1286
3816
796
-3253
4519
4019
4352
9889
7763
6060
2104
1379
-6090
-12085
-7733
-8181
-3457
1748
3343
-620
-1593
46
-5448
-8547
-4650
-2032
-6505
-9062
-5624
905
5412
8395
13857
16382
16142
15814
10000
2783
-5080
-5993
-6903
-12704
-13656
-8913
-4403
-1626
3022
5515
6275
3763
1416
-3278
-3395
-2650
-2505
-220
523
4499
9699
9414
7886
12648
14997
14375
7779
1615
2158
2757
-4887
-10507
-6360
-3741
-6017
-11381
-8453
-1178
4501
6085
2368
2020
2001
4288
217
-1515
2923
7440
12007
9168
9597
9554
16456
15091
6964
7057
6949
4469
-1192
-4882
-10571
-2764
8181
-2792
-2397
8651
9348
8876
8760
8924
3699
10391
3435
-5227
-2919
-4217
-530
-3809
-2767
-3773
-776
-99
973
-2868
-3385
8552
6862
4424
8865
11568
6637
12460
10638
-2887
-3324
-7332
-14557
-15322
-12327
-13552
-10381
-5936
-10396
-2618
3251
1369
5000
-1316
-4586
-7275
-8899
-6722
-7899
-7226
-8484
490
-409
-2301
1394
-1730
4975
8360
3186
-346
6926
2448
-3405
-1969
-7066
-5740
-4600
-6851
-11525
-7688
-5116
-5391
320
-81
-2176
36
-1071
-4262
-4910
-3935
442
859
-4947
-5938
-6882
-9096
-6727
-5436
-6749
-12365
-11510
-6987
-9325
-7648
2850
8567
7189
4408
2280
-2105
-4738
-4437
-7915
-10496
-9017
-11629
-15346
-12060
-10430
-6829
-2543
3422
1494
1288
8816
5291
-1460
-4142
-7953
-11177
-12722
-16395
-15088
-7067
2578
1212
3031
7641
5339
5381
3107
-969
-6309
-7857
-8545
-9752
-11165
-12406
-10711
-9890
-10852
-12205
-9911
-8496
-7868
-8086
-5296
-7439
-13461
-13740
-13128
-13547
-16297
-14713
-12469
-6484
-5322
-9792
-6926
-2847
-5995
-6836
-4031
-8298
-12511
-9581
-10150
-15533
-10436
-8630
-16619
-20118
-18256
-19530
-19938
-19469
-20858
-19275
-15586
-16725
-16476
-10128
-3351
-3916
-4676
-104
-3802
-7917
-8947
-6190
-11907
-18983
-17117
-14144
-16890
-21612
-16742
-8572
-4586
-6907
-6161
-716
171
-7668
-7489
-4862
-7396
-12877
-16018
-17648
-21902
-23863
-22522
-17496
-16689
-13782
-10631
-5856
-4479
-8904
-5345
-506
-6741
-12722
-10995
-12638
-17073
-17300
-13442
-13992
-12024
-11897
-20605
-17609
-14678
-17668
-14439
-8408
-9299
-14205
-6835
-6421
-10750
-6091
-4220
-8703
-15882
-20173
-20451
-21095
-17119
-14865
-13266
-3011
-4938
-8865
-7225
-4092
-5812
-5555
2723
-3630
-3093
1574
-2058
-1839
-2361
-3363
-5367
-3310
-8202
-15620
-11952
-12253
-13754
-11854
-6051
-5480
-7056
-6366
-6612
-4593
-6698
-8259
-11075
-9480
-9244
-14618
-15365
-10210
-8161
-9481
-7242
-6074
-7634
-12452
-9849
-6567
-8285
-11773
-9509
-4548
-7687
-7360
-4089
-3165
-3527
-4739
-5989
-4427
-6040
-9069
-4822
-2295
-173
-535
-1288
1129
-739
-1412
-2411
-1945
-4207
-2978
-1885
-6381
-7616
-7766
-7508
-9402
-11231
-15336
-11725
-10831
-10903
-6729
-3721
3238
7205
10394
4540
2616
5386
-968
-5814
-10130
-9712
-10045
-11804
-8847
-3712
5455
8628
9256
7551
6767
4812
-2242
-6878
-7169
-5924
-6422
-1862
3367
8454
8130
7187
7894
6143
3141
-62
-759
-3895
-8155
-6281
-2247
-5422
-2232
2316
205
1364
4571
4111
5240
6747
4091
4125
2836
-2127
-4334
-936
-2301
1990
8532
8949
12860
13737
14903
12849
7895
5856
7531
4323
-445
-21
2212
3172
3367
4302
7069
11270
5226
930
469
-1552
-5401
-2684
-4579
-7863
-3782
-3829
-1216
1257
7526
7590
11648
10475
2984
5109
6102
5547
-395
931
3728
3416
928
-1215
3626
4663
7405
3161
-4084
220
-320
-7853
-9107
-2007
-629
-1534
-367
831
-1116
-2538
825
527
120
-279
5037
7670
7041
7725
11466
14765
6495
1720
-2430
-5005
-5873
-7075
-10289
-8956
-5662
-10590
-7979
-6725
-3702
-966
-258
2700
3314
3818
5599
8363
4133
-89
2901
3584
-3033
-5547
-509
4070
4863
2755
1926
4363
3448
383
-2800
-2036
-1465
-2984
-3320
-3209
-4247
-5453
-318
2021
198
2402
8717
9161
6487
4078
3488
6257
2792
-4105
-1994
1864
1546
1636
2371
2648
2320
1681
-3961
-1729
1521
-1726
-360
1463
-721
-2315
8119
10729
1794
-1588
-1600
-2751
-7894
-9097
-11546
-7384
-1373
-6424
-9429
-2202
6304
3998
5329
8487
3662
-700
-3215
-8926
-15189
-13248
-10922
-9192
-9555
-7239
-73
5855
10998
7163
10375
11948
7293
148
-3985
-4094
-9829
-8291
-10134
-9250
-5984
-4521
-2844
-4574
-4038
-5778
-4661
-7767
-9104
-2982
-155
3912
7571
9302
10290
11213
11132
11682
9855
8269
5453
3490
1011
-2827
-2938
-1999
1337
3008
5328
7116
4516
-95
-1124
-2672
-4931
-2772
-4140
-7033
-2509
2511
3381
4418
9409
9061
8160
5212
-2499
-1140
-225
-1090
-256
3366
5826
4565
6453
5569
634
190
-1067
-3439
-8426
-12860
-10480
-4324
-1847
-3535
2906
8857
8539
2760
41
3340
500
-2590
-4662
-5154
-6254
-9201
-7682
-4736
-709
-1393
3306
14419
10313
2521
3796
3888
-2805
-9015
-5507
-3992
-7031
-10709
-12064
-2552
2037
-2596
-514
5813
2565
-5753
-3544
-504
-4396
-3325
601
3144
731
-1747
1455
5241
3440
-2388
-1871
4765
1733
-4960
-1630
4728
4147
-337
6531
10653
6679
3091
1191
2698
1027
-5085
-8028
-4317
-5309
-13523
-14508
-10150
-9972
-8775
-3164
1944
6205
8271
8777
8390
6601
6242
2880
-6
-4766
-10062
-12932
-13849
-11427
-7438
-2924
3044
7552
4829
3535
5321
6073
2615
-6061
-11342
-12158
-17216
-19840
-16094
-7633
-4395
-4671
1083
7529
11649
6080
4469
8821
7150
-129
-2867
399
-1655
-5373
-5106
-2913
-4013
-6718
-4725
-2635
-3895
-6230
-2511
3839
614
-3176
-736
7967
8132
2381
5300
8625
6314
-1378
-3877
-2097
-3059
-4602
-7551
-9113
-8481
-7835
-5697
-46
1663
1050
7411
11524
9612
3192
4261
5972
1239
-4508
-5943
752
-1600
-3662
624
8421
13074
10197
8606
9616
10816
3563
-3540
-4348
-3241
-5389
-11441
-11361
-8147
-6239
-4429
-939
3740
5172
7030
10027
9136
6046
3946
3288
4724
2833
-809
4190
9151
8096
5314
7458
12937
10363
8136
2409
1106
5611
1539
-1989
-3880
-548
-6417
-11331
-6569
-8335
-7501
-6677
-4994
-6511
-10000
-5391
-2911
474
-257
-124
4829
4641
2944
-362
3380
3177
-503
-4731
-6537
-6986
-11483
-12990
-12505
-6004
-3570
-2082
4398
9690
6124
4270
10098
6757
-2849
-9070
-11364
-14309
-16968
-19006
-14099
-3347
-105
-2158
-1339
6089
9044
8637
9191
7305
3325
7
-972
-3785
-721
5602
8728
7092
656
-3109
-3422
-5950
-10620
-11695
-6723
-5757
-8361
-6719
-3708
4798
10261
7214
5289
3881
1816
-5915
-11540
-10037
-9852
-6155
-5994
-6784
-2753
2914
6800
9304
14675
15843
17026
15798
8796
156
-1172
-158
-8128
-11102
-12481
-11682
-8263
-6990
-2189
2101
7953
5911
-145
658
-83
-2072
-1599
563
2167
2903
1808
-1685
-4738
-5513
-5519
-3598
-3774
-4491
-1596
5029
8651
8446
11399
11072
9946
4439
308
412
-4101
-5461
-4311
-2221
-2105
-1639
-775
993
6402
9549
10776
12622
14662
12676
11332
7988
5161
3019
837
1488
-1360
-411
2767
3952
3522
7444
9486
4797
977
-4334
-6742
-6219
-6956
-10737
-8414
-1827
-2128
-4573
-2123
2747
3348
3757
2189
296
664
-204
-2412
-2949
-3172
-8132
-5728
-1121
-2702
-2594
3769
9998
5027
2407
3056
4376
1691
-7837
-12251
-10510
-3985
-5605
-4703
2515
6246
6281
3094
1122
-2497
-3463
-6418
-8296
-6492
-6300
-6437
-3400
-2009
-2482
2066
9996
12173
5223
1569
1227
462
-6551
-12049
-10285
-6345
-3674
-6671
-3800
4549
4702
2650
2625
1045
-5095
-8659
-8371
-12011
-8635
-3821
1885
6533
7348
11773
16597
17189
12861
7900
3665
-429
-5291
-9763
-11265
-6020
-3758
-4039
1364
5476
8128
9430
8966
7900
3819
2103
-329
-4030
-4965
-4794
-1262
-348
24
2679
5755
8554
6427
6088
7074
4763
1400
-1447
-1624
127
3174
2370
617
827
1476
-2196
-3474
-78
-2529
-4345
-4302
-4139
-5181
-1622
1214
-2281
-178
4715
3810
933
2545
3959
5737
8838
5176
1087
2846
2735
-2085
-3565
-1266
-2425
-961
-186
-2703
-2133
3398
6185
3486
4328
4976
6406
5957
618
-5917
-4765
685
-5238
-8731
-4059
218
3187
4342
2681
-113
2167
3582
-1179
-1285
3285
5919
7595
6025
2940
4517
8590
2558
-5458
-5785
-4881
-9056
-10570
-5739
-2393
3575
8457
9868
7610
7859
6552
598
-1743
-3430
-7418
-5459
38
-2812
-1562
5621
8700
6952
7842
8551
6789
5799
1715
-768
230
-181
-503
3317
6956
6015
4987
8425
8830
4090
263
-400
-1839
-5641
-10569
-11677
-9022
-5379
-2618
-498
7316
11101
10317
11473
12022
8201
3731
2483
-1696
-6245
-7111
-8657
-4644
1432
3462
7091
11689
15550
11121
10646
12506
9302
6069
1686
-2155
-6908
-7614
-9727
-7754
-9
5089
6434
9788
14131
9861
6492
4960
728
-4976
-8457
-9310
-11032
-7564
-2882
1371
8908
9604
6252
5354
6638
4181
332
2144
5405
6475
6212
8342
9543
11765
12120
10060
9270
5884
-719
-6878
-7232
-8776
-11505
-7820
-2501
-2756
-2185
4900
10120
13234
15613
15996
14694
12922
6159
-183
895
-69
-3052
65
7365
8273
8250
12983
15560
14130
13764
12455
9557
6157
3505
2479
4674
5303
866
2396
5362
3364
-882
1492
5354
4306
2425
2363
3336
4319
4347
4010
8088
10932
11018
9404
8204
6453
3905
2527
810
881
286
-458
2225
3235
2991
4856
9688
11618
8681
4958
1358
-578
-3912
-9798
-15610
-11689
-5862
-5279
-3982
-640
4554
7371
9869
9637
10901
14872
12486
7934
7583
7037
3452
3261
4223
1483
-2119
-2334
-2105
-4169
-3964
-3068
-1105
-1270
-6225
-7500
-3022
122
-1796
-901
3975
4228
1253
-503
-412
1314
2669
2228
1009
676
-1639
-1727
651
-2
-972
2294
4719
653
-3758
-6627
-8207
-10058
-12258
-13718
-12034
-8854
-10006
-11616
-8400
-2570
1486
4454
7510
8397
7125
6252
6465
8166
10303
10095
8664
7516
5110
2578
1580
350
-1216
-1507
-1127
-4002
-6777
-4056
2327
6473
3759
3418
7110
7079
3723
2371
2756
2701
1458
-1087
-2847
-3559
-263
3650
5365
7072
8504
10948
12610
10610
8598
9322
10933
6090
-556
-1358
-3013
-6014
-8040
-6230
-1310
960
875
580
2157
4421
4025
4351
5553
4918
2420
869
311
156
-1605
-2370
-561
-1493
-1693
-2932
235
5019
6395
8297
9249
11208
10650
8135
5633
2577
-876
-6158
-8558
-8245
-9626
-10490
-7717
-3149
-2250
-1898
651
5802
8432
5876
1842
692
1594
-1612
-4345
-2802
449
1240
1666
3903
5962
5910
7717
9522
6381
3391
3079
3501
1383
-4158
-5010
-794
198
-3439
-4051
2230
3701
1072
222
1758
2055
-1233
-3649
-4272
-3227
-4165
-5521
-1611
2374
2074
2664
6550
5682
2196
1860
2301
47
-5684
-7868
-6583
-3489
-6282
-9463
-3550
2982
1567
-1539
3828
8006
5829
350
-4274
-2006
1374
-455
-1803
1577
3861
2130
2291
3066
2708
4010
6723
5590
1764
-1401
-2494
-719
-1460
-4021
-2177
3973
3650
-1581
-206
6058
7748
4872
4189
6647
9498
8462
3699
3466
7802
6626
2493
2100
2643
400
-946
-528
-330
1200
2157
4757
7476
7876
6719
8956
12519
10172
7833
8717
10376
8782
6612
5823
7422
8763
3935
-1478
1609
5209
216
-1085
3525
5034
894
-2499
-4010
-4386
-2943
-3678
-3123
1242
3075
288
3129
8671
6989
6167
10404
9479
3150
-48
243
-1943
-3625
-4613
-4623
930
3193
456
745
8043
9581
5412
7426
8086
4024
-84
-1379
-2112
-1163
958
1366
5981
10527
8240
6643
8435
8932
5111
2832
2540
341
-53
1263
4608
8890
10761
9487
10627
11417
6997
4318
5396
4124
167
-1421
-2372
-1983
-900
-1256
96
4892
7841
5071
3624
5968
7135
4690
2855
821
-2271
-2019
-2563
-2617
450
2827
2768
2471
4296
3933
2585
3964
5062
4583
3620
4037
4428
2943
226
-2399
-2842
-3774
-7682
-10090
-8609
-6661
-7089
-5763
290
5324
7277
8401
11796
12344
9713
6975
4742
3449
-1083
-4415
-5729
-4881
-4028
-3318
482
3636
4581
3835
4195
5628
3314
1557
2106
1883
-166
-3153
-3206
-3711
-4920
-6258
-4789
-2064
-1941
-2138
-269
3567
5926
7347
8687
10235
9248
5114
2109
1361
-255
-3973
-6597
-6335
-5159
-5161
-4570
-220
4213
5742
6098
7767
8250
5656
2932
613
-1070
-4823
-7661
-8241
-7491
-6761
-6810
-3991
-1403
-264
-914
-48
1928
427
-1221
-1279
-149
-1520
-4419
-5221
-4374
-2985
-4022
-2666
2712
5547
4506
1984
1580
-193
-3920
-5438
-5104
-3851
-3262
-3026
-1829
-70
164
650
2509
4038
1312
-2566
-1428
435
-247
-1221
1542
5028
5008
4295
4815
6295
7070
6896
8747
9479
6967
4146
4077
4147
-77
-3213
-3227
-3862
-6052
-7107
-5520
-1835
398
451
1350
3036
2146
-2102
-1852
1407
527
-1649
156
2735
1354
-215
823
2254
2480
814
-88
2509
3639
1959
655
1871
3216
3358
3535
2796
1787
834
-673
-2978
-3211
-1995
-1620
-1374
-756
-545
-116
1090
965
649
1906
799
-244
182
-252
-2369
-3543
-1882
-2485
-1825
-280
157
-725
-1370
-764
-1282
-3146
-4095
-3422
-1292
1992
3488
4943
6153
7029
5999
5344
5469
3754
2610
2325
960
144
1394
2335
1834
1530
2298
1642
1144
2649
3854
4323
5157
3873
1234
-1306
-3730
-5527
-6075
-5174
-4619
-3343
-411
1928
4282
7336
8863
9190
8426
6468
3966
1330
-45
-940
-2251
-1359
-627
-2006
-4311
-4373
-1072
1734
2888
3344
4086
4190
1906
-241
-9
922
1603
869
700
1186
1221
67
-391
-2
-347
-1547
-3316
-3574
-2548
479
4254
7453
8780
8841
7544
5210
2239
-1014
-3222
-5140
-7334
-9577
-9710
-7017
-3771
-52
3250
4996
7780
9363
8605
6068
4639
3398
-359
-4934
-8687
-9553
-9547
-9537
-7812
-2112
2373
4395
5957
6752
6930
4825
3349
1984
691
-1281
-3470
-2059
261
864
2070
4066
5774
5646
6161
6616
5858
5840
4933
3985
2706
3106
880
-448
1536
1793
3011
3039
1960
1829
4227
4473
2556
5958
8359
7463
9429
11925
10819
10144
11222
8238
3943
2689
1124
-1594
-1247
-849
-770
1365
3764
3757
3944
6770
6919
6503
6220
4365
2191
1147
-1654
-4829
-4096
-3205
-3901
-1670
1765
3229
5897
9319
10224
8306
7814
6907
4599
2266
-576
-3328
-5232
-7813
-9165
-6765
-4089
-4840
-6868
-5813
-3758
-2545
-2118
-678
2872
5706
4133
2242
3470
4351
1637
-1086
-2224
-3410
-4616
-4782
-3034
-1283
1264
3404
5907
7663
7757
6780
5891
5274
2993
-167
-1633
-2166
-3950
-5650
-5092
-1834
-394
-1085
-743
938
890
-1859
-3798
-3512
-3203
-3230
-3001
-1629
-606
-335
555
2045
3359
3861
4591
4195
1297
-2828
-4212
-3782
-4367
-5444
-2915
-88
-624
-2196
-1862
663
463
-1739
-4000
-4344
-4715
-6242
-7146
-6427
-3235
145
1874
2697
4780
7487
8180
6925
5697
4392
2102
-925
-3739
-5978
-5705
-3617
-1361
938
2413
3694
3616
2875
513
-1163
-1351
-2917
-5154
-6979
-6026
-4205
-1814
747
3014
4264
3617
2586
1099
-1127
-3186
-5271
-6741
-7944
-8430
-8020
-6751
-4094
-1693
191
1213
2379
1736
-964
-3863
-5009
-6151
-7110
-8235
-8264
-6294
-5666
-5910
-5585
-2680
-2298
-3354
-2169
-1118
-1751
-1607
254
1605
1714
1513
2117
2155
905
-1626
-2891
-3298
-4759
-6101
-6294
-5610
-5365
-5092
-4205
-2628
-96
1520
1917
2250
1753
-411
-2650
-2429
-2628
-3915
-4275
-4003
-3459
-3894
-3998
-2237
-372
-985
-2501
-1876
-1125
-2420
-3652
-3380
-2221
-2054
-2865
-2777
-1529
-727
-2127
-3457
-2266
-1743
-3474
-4401
-3456
-2730
-4237
-4389
-2872
-1787
-1690
-1415
1605
2724
919
-589
-743
-2265
-5258
-5623
-4378
-3684
-3947
-3863
-2354
-664
371
572
1838
3923
3898
1747
-172
668
916
347
885
2812
3341
1405
1568
1957
644
-352
192
-262
-2582
-4417
-4065
-3368
-4169
-3631
-1795
-168
-960
-3093
-2420
-1241
-1956
-2737
-435
1412
525
-375
825
2539
3637
5718
7120
7182
5095
3790
3676
2652
1458
1888
3195
1815
-1850
-3773
-3373
-2681
-3636
-4377
-3029
-2472
-3569
-4713
-4032
-1907
402
1465
2095
2244
1531
989
1065
532
176
705
1006
91
-1023
-529
1470
3851
3522
2160
2207
1939
-596
-3518
-4629
-4129
-3843
-4792
-5060
-4114
-2611
-1168
20
2083
3570
2861
1053
-662
-2569
-3262
-1703
-1078
-1637
-1727
-484
149
388
1648
2940
5193
5025
1507
-698
-147
-251
-1445
-359
1158
1194
1130
814
-197
-590
193
346
-321
-713
-2220
-2966
-1530
-88
-209
1622
3999
3665
3108
3378
3755
2338
1334
-277
-840
-781
-2052
-2657
-1591
-581
316
2335
2397
1716
1784
1608
-355
-2353
-2179
-1930
-3418
-4503
-5634
-5896
-4923
-3265
-1524
570
3058
3876
3482
3181
3356
4065
4492
2895
217
-2397
-2848
-4573
-6523
-6601
-4824
-3979
-4523
-5477
-5662
-2996
-1615
-870
434
3527
4222
4389
6376
5403
3662
4676
5096
2273
-643
-551
332
95
-742
-800
1430
3569
2878
1007
2224
3144
1795
234
812
939
-226
158
786
-246
-1781
-1921
-570
31
-1317
-785
2157
4228
2145
1090
3626
6111
4057
1838
3549
4518
2458
-549
-92
188
-761
-2421
-2724
-1728
-2005
-1852
229
2587
2948
3249
5290
5467
2385
572
2028
2718
-605
-2748
-1811
188
-972
-2570
-230
3681
5109
3850
4874
6440
5973
3778
2759
2747
1554
-675
-1118
-943
-2455
-3557
-2461
75
-74
-750
851
3391
4380
3781
4713
6609
6213
3375
1241
1149
560
-733
-377
1378
2612
2367
2095
3272
4322
3282
3244
5446
5429
2145
-234
110
363
-1781
-2800
-701
1455
1485
140
772
3363
4693
3735
3104
3118
1955
-76
-908
-1030
-1272
-1262
-1676
-2293
-3185
-3611
-2584
256
1123
566
1872
3678
3868
2492
2192
3277
4078
2548
1033
1425
1562
-692
-2521
-1524
-703
-1489
-2470
-1438
237
963
1304
1936
4132
4477
2769
3185
3561
2467
1120
1276
618
-1016
-479
650
1404
304
-1143
326
2510
1903
745
2731
5490
5403
3699
2911
3176
3194
1568
-597
-1092
-172
-299
-695
114
763
418
-98
-983
-2941
-4116
-4398
-4333
-4562
-4439
-3674
-1256
1700
1735
1653
4022
6660
6598
5215
4518
4049
2990
1075
-679
-1222
-848
-1819
-3733
-4039
-3636
-3590
-3042
-1969
-2096
-1732
-1054
-1348
-1746
-2287
-2490
-2333
-1778
-1819
-2507
-1994
-519
564
1306
1902
2889
4185
4680
3177
2086
2057
1146
-1090
-2402
-2288
-3459
-4894
-5234
-5149
-5176
-5760
-6026
-6499
-6730
-6491
-6179
-4443
-3231
-1170
1070
2561
2660
2021
1987
1092
204
-1499
-2893
-3217
-3046
-3677
-3862
-1354
1282
2428
2391
1909
1298
129
-2380
-5569
-7202
-8046
-9399
-9896
-9371
-8059
-5328
-1921
441
1997
4415
6198
6150
4563
3277
3034
2372
396
-2163
-2240
-751
-897
-2278
-1779
-329
-428
-1063
-1222
-829
82
866
1367
1529
1095
841
1031
802
-109
-672
-266
-1132
-3009
-2632
-1490
-1040
-182
1772
3721
5425
7069
6963
6439
7094
6917
4912
2571
723
-1313
-3386
-5013
-5829
-5595
-4369
-3587
-3443
-1824
-636
-184
21
97
251
543
1638
1688
1019
614
447
-339
-1553
-2851
-2979
-1577
-1144
-1955
-2482
-1234
38
-242
-1052
-1216
-271
148
-615
-1236
-1066
-891
-1763
-2823
-3125
-2738
-1761
-1055
-825
-315
93
791
970
252
-594
-143
1115
979
353
569
1699
915
-1723
-3084
-3032
-3386
-4142
-4471
-4118
-3658
-3596
-3486
-2926
-1691
-1074
-397
565
280
195
629
1282
-171
-2265
-3012
-3846
-4407
-5405
-5587
-4750
-2806
-1246
-78
1844
3685
3989
3064
1837
-165
-1418
-2768
-4314
-5405
-5234
-3828
-2459
-534
1071
1940
2537
3009
2897
1720
668
14
-816
-1890
-3409
-3573
-1379
339
21
-562
180
1024
968
625
1681
3235
3341
3531
4456
5928
6254
5670
4864
2759
215
-2405
-4601
-6000
-6187
-5265
-3994
-2838
-812
1280
3705
6282
6977
7060
6198
4106
1503
-1034
-3341
-4963
-5240
-4457
-4080
-3116
-1265
751
3198
4542
4814
4206
3126
1045
-1368
-3379
-3950
-3984
-4305
-4003
-4280
-3625
-2840
-1851
-915
-770
-882
-1798
-2280
-2796
-3397
-3012
-1482
24
252
737
2059
2607
1587
843
1094
-157
-2238
-3911
-4850
-4496
-3384
-1209
1539
3869
5410
7386
9623
9398
7251
5205
3946
1408
-2460
-5405
-6151
-5658
-5234
-4064
-2091
1007
3171
4017
4592
4835
3941
1114
-1981
-4001
-5483
-6524
-6684
-5490
-3478
-1463
562
1917
2959
3763
3532
1873
443
-783
-2193
-2628
-2207
-1918
-1395
270
2140
2791
2245
1956
1594
576
-937
-2367
-2658
-1519
-877
-987
-59
1063
997
637
1661
1894
484
38
302
-636
-2456
-3673
-4116
-4105
-4049
-3387
-1406
578
227
-159
1008
1260
-377
-1077
-320
-930
-1804
-1514
-129
1057
2123
2615
3338
3909
3083
1566
1011
784
-1221
-2406
-2452
-2490
-2891
-2504
-699
684
1582
2138
1717
1851
1389
188
-549
-543
-1142
-2362
-2370
-2506
-2795
-2093
-365
-27
544
1116
1216
1043
346
-396
-1316
-1623
-2267
-3028
-3156
-2902
-3316
-3176
-2403
-1509
-181
1755
2690
2618
3264
3675
2831
1872
1359
-28
-1709
-2995
-3808
-3445
-2702
-2360
-1615
-625
-255
-555
18
526
-57
94
1062
-79
-2461
-2773
-1455
-875
-1058
-898
-746
-155
-704
-3089
-3924
-2740
-2475
-2800
-2377
-1910
-1871
-732
1028
1346
1698
2449
1867
-280
-2683
-4920
-6203
-5755
-6797
-9026
-8520
-6540
-5970
-5479
-3520
-2127
-1507
-1447
-2926
-3753
-2835
-2359
-2694
-1523
-117
-190
-581
-655
-1639
-2894
-2467
-2853
-4287
-5067
-5129
-4452
-2621
-1524
-1275
594
1885
-380
-3316
-3282
-3185
-4567
-5765
-6369
-6180
-5239
-4303
-3651
-1656
1059
1967
1417
195
-1012
-1736
-1636
-2711
-4542
-4513
-4472
-5059
-4971
-3998
-3555
-2648
-1263
-2087
-4024
-4345
-3736
-3744
-3730
-3144
-2493
-1457
-1290
-1942
-716
1279
1553
885
1105
513
-1462
-1945
-1463
-1377
-810
-61
-175
-931
-445
107
796
1482
642
10
483
182
-1672
-2544
-1574
-1062
-2014
-2674
-2780
-2107
-1389
-1511
-1097
847
2653
3282
4387
6173
6815
6579
6106
4738
3629
3162
2240
684
-216
-51
199
496
822
1346
2677
3314
2307
1256
1249
1004
197
-677
-1454
-1131
68
536
-334
-144
2235
4211
4470
3721
3401
3900
3761
2013
159
637
2083
2079
1472
1949
2871
3708
4128
3396
2384
1884
1229
-426
-1990
-2256
-1408
-623
-561
-753
8
1324
1757
1030
463
237
-1081
-2562
-3798
-4168
-3495
-2290
-1479
-899
546
1610
2244
2307
1588
1158
443
-1013
-2729
-3775
-3804
-3952
-4045
-3668
-2974
-1904
-575
-173
-286
641
1511
702
-502
-1048
-2032
-3145
-3496
-3370
-2903
-2195
-1879
-1198
-368
-147
-395
-616
-670
-1282
-1558
-1537
-1737
-1795
-1392
-741
-353
-343
-952
-1648
-2296
-3127
-4379
-4984
-5238
-5867
-5779
-4894
-3255
-1571
522
1670
2018
2840
3095
2971
2302
1525
-7
-1557
-1978
-1684
-1564
-1307
316
2026
2568
1903
1386
1696
1761
447
-840
-904
-1186
-2479
-3042
-1889
-121
968
1124
1399
1740
1119
-347
-1125
-469
-347
-1542
-2337
-2354
-2328
-2375
-1035
527
641
-405
-1128
-1062
-1151
-1602
-1333
-50
145
-1144
-1864
-1372
-1641
-3058
-4715
-5359
-5373
-6272
-7443
-6508
-4124
-2894
-2685
-1787
-907
-1510
-2310
-2368
-2301
-2883
-3847
-4655
-5447
-5947
-6022
-4854
-2829
-2306
-2434
-1705
-378
-172
-761
-640
-200
-874
-3306
-5391
-6172
-6463
-7282
-8061
-7067
-6183
-6718
-6980
-5358
-3211
-2577
-2068
-1270
-1214
-2442
-3504
-3549
-3701
-4500
-5246
-5093
-4444
-4391
-4275
-2256
910
2280
1906
1760
2157
1733
42
-1320
-2029
-2791
-4347
-5723
-5864
-5549
-5123
-3908
-2310
-1339
-917
-259
-17
-450
-1235
-1649
-1913
-2656
-3729
-4602
-4044
-3261
-2639
-1788
-533
244
76
13
32
-171
-306
-666
-1490
-2610
-3203
-3373
-4014
-4308
-4084
-3998
-3784
-3405
-3320
-2952
-2080
-1398
-1231
-1365
-1494
-1710
-2104
-2374
-3179
-3707
-3807
-3977
-4364
-4625
-4192
-4213
-4257
-3967
-3387
-2580
-2043
-1903
-1774
-1494
-1677
-2200
-2065
-1604
-1832
-2485
-3036
-3557
-3956
-3984
-3527
-2871
-2493
-2422
-2602
-2567
-2662
-2798
-1965
-1154
-1254
-1554
-1292
-1111
-1668
-2031
-1882
-1463
-1667
-2574
-2966
-2711
-2753
-3585
-3748
-3327
-3424
-3881
-4190
-4095
-3969
-3593
-3006
-1993
-976
-651
-257
446
534
-559
-1373
-1904
-3525
-5541
-6448
-6022
-5431
-4978
-4469
-3153
-1400
-776
-814
-179
660
626
-30
-538
-1178
-1882
-2131
-2141
-1998
-1643
-1073
-332
268
-115
-764
-288
694
398
-654
-847
-224
-176
-833
-1271
-1065
-1098
-1876
-2627
-2418
-2114
-2450
-2272
-1164
-52
242
1200
2843
4303
4374
4084
4253
4044
2354
-192
-1724
-2767
-4010
-4596
-3880
-2717
-1405
15
1421
2629
3844
4123
3533
2778
1794
257
-938
-1496
-1532
-854
191
605
889
2094
3148
3522
3746
3902
2929
1573
588
-291
-1286
-1661
-1375
-1214
-915
-283
445
1348
1864
1749
1227
744
-356
-1802
-2269
-2512
-3138
-3184
-2328
-1789
-1099
-597
-118
1037
2269
2258
1481
1580
1943
1723
1147
690
462
289
-4
-553
-1030
-1228
-1462
-1570
-1653
-1423
-919
359
1522
1640
1835
2396
2417
1848
1729
1820
1586
1368
1122
542
496
926
1102
1006
1187
1241
991
766
492
176
-101
-559
-1500
-2348
-2480
-2151
-1829
-1610
-1344
-329
771
1082
1149
1525
2104
2446
2433
1934
1919
3094
3217
2445
2309
2952
3559
3773
3513
2803
2552
2754
2490
1714
1602
1650
1130
-3
-1165
-2075
-2331
-2713
-3373
-3692
-3361
-3310
-3408
-2678
-1600
-300
768
1639
2083
2056
2130
2284
1901
1161
86
-589
-1552
-3143
-4069
-3235
-2519
-3193
-3677
-2976
-2390
-2691
-2802
-2341
-1824
-2103
-2543
-2733
-2409
-2073
-1583
-1029
-675
-820
-1101
-1325
-1304
-1736
-2263
-1978
-1158
-980
-1710
-989
149
234
-188
237
1087
627
-282
-665
-670
-725
-1228
-1791
-2212
-1756
-1361
-1126
-425
767
1799
2420
2801
2506
1700
1193
776
-357
-925
-472
-4
-424
-263
387
1176
1474
1073
687
1153
1602
604
-364
-512
-381
-604
-338
184
627
912
950
429
273
136
-585
-767
-240
-3
-426
-9
894
1411
1661
2157
2632
2572
1769
686
-118
-708
-1624
-2858
-2907
-2413
-2282
-1739
-330
1217
1909
2468
3276
3769
3145
1801
738
620
586
-55
57
1287
2355
2605
3126
3711
3880
3620
3336
2564
1376
540
193
236
247
-1
106
1154
2013
1953
1819
2666
3413
3313
2779
2581
2684
2477
2038
1976
2430
2917
3167
3339
3358
2795
2372
2693
2630
1664
935
1101
1110
582
739
1528
2593
3266
3446
3883
4688
5073
4677
3861
2997
1865
940
520
344
516
1075
1892
2427
2991
3314
4058
5009
5030
4308
3796
3864
3447
2644
2518
2560
2178
1719
1294
1284
1852
2821
3538
4710
5646
5303
4722
4731
4741
4041
3952
3978
3246
2537
2269
2189
2352
2869
3345
3897
4873
5111
4858
5418
6189
6114
6066
6753
6856
6419
6385
6777
6933
7224
7507
7722
8041
8101
7569
7241
7570
7486
7147
7598
8334
8196
8370
9084
9351
9234
9361
9168
8808
8709
7829
6778
6487
6312
5415
5021
5510
5883
6256
7199
8239
8898
9079
8447
7248
6111
5110
3853
3208
3731
4273
4647
5597
6420
6689
6658
6975
7035
6584
5538
4132
3163
2403
1557
781
619
842
1013
1415
2792
4334
5607
6161
6179
5729
4709
3375
2578
2570
2456
2139
2366
3368
4354
5127
5618
6216
6403
6246
5591
4763
4472
4695
4986
4800
4489
4455
4910
5161
4922
5048
5949
6226
5399
4613
4467
4431
4216
4044
4216
4914
5477
5765
5798
5549
5276
5404
5248
4175
2912
2678
3203
3398
3483
4441
6063
7084
7137
6651
6843
7327
7285
6468
6077
6260
5871
4857
4315
4679
4898
4557
3797
3239
3019
3211
3412
3547
3817
4183
4406
4577
4455
4636
5354
5842
5636
5030
4478
3591
2761
2116
1913
2300
2895
3179
3555
4568
5526
6421
6986
7026
6373
5224
4129
2595
1292
456
-12
-672
-1157
-744
202
1577
3016
4618
5996
7025
7235
6090
4434
2782
1346
-373
-2348
-3371
-3378
-2781
-1702
-599
441
1101
1511
1811
1547
1400
1271
1215
1186
1130
868
515
537
413
-173
-694
-968
-1303
-1817
-2059
-1500
-533
366
645
919
1173
876
-158
-1269
-2163
-3028
-3793
-4871
-5411
-4905
-3707
-2467
-1156
467
1545
2256
2652
2173
1229
532
-349
-2150
-3796
-4316
-3919
-2893
-1916
-1048
319
1751
2073
1021
151
-514
-1418
-2511
-3491
-3991
-3979
-3265
-2559
-1581
-211
1070
1668
1443
491
-889
-1814
-2711
-4165
-5099
-4926
-3991
-3051
-2310
-1304
-106
1257
1774
1386
861
230
-546
-1529
-2512
-2967
-2858
-2404
-2363
-2293
-1859
-1506
-1478
-1818
-2083
-2698
-3037
-3376
-3862
-4079
-3969
-3554
-2792
-2234
-2338
-2406
-1834
-1462
-1996
-2586
-2428
-2308
-3358
-4688
-5329
-5131
-5182
-5907
-6439
-5760
-4883
-5044
-5240
-4426
-3627
-3544
-3658
-3961
-4468
-4792
-5172
-5765
-6184
-6677
-6997
-7134
-7273
-8064
-8847
-8293
-7832
-8578
-8835
-7831
-6877
-6956
-6882
-5767
-4410
-3779
-4335
-5228
-5674
-6505
-8108
-9095
-9043
-8857
-8670
-8186
-7861
-7981
-7596
-6582
-6109
-6209
-6418
-6245
-6128
-6588
-7204
-6875
-5492
-4762
-5304
-5896
-5488
-4903
-5058
-5254
-4978
-4401
-4425
-5412
-6401
-6757
-6539
-6429
-6324
-6080
-5915
-5925
-5860
-5863
-5948
-5699
-5188
-5236
-6198
-7117
-7129
-6536
-6486
-7037
-7063
-6321
-6113
-6288
-6002
-5316
-4759
-4772
-5137
-5894
-6564
-6766
-6972
-7099
-6768
-6093
-5559
-5103
-5003
-5391
-5287
-4749
-4895
-5704
-5965
-5362
-5096
-5615
-5820
-4999
-3997
-4217
-5054
-5117
-4661
-5133
-6529
-7140
-6980
-6882
-7005
-7164
-7079
-6906
-6304
-5738
-5510
-5967
-6328
-6133
-6242
-6930
-7362
-6174
-5464
-6269
-7157
-6752
-5782
-5528
-5989
-6404
-5870
-5256
-5567
-5884
-5578
-5004
-4282
-3400
-2690
-2319
-1797
-1415
-1953
-3135
-3881
-4148
-4041
-4607
-5596
-5519
-4151
-3447
-3802
-3343
-2270
-1818
-1923
-1962
-1766
-1104
-742
-1005
-1626
-1853
-2220
-3252
-4260
-4914
-5261
-4979
-4623
-4891
-5029
-4505
-3872
-3765
-3433
-2569
-1519
-1006
-1292
-1924
-2194
-2296
-3023
-4066
-4473
-4232
-4101
-4123
-3961
-3284
-2415
-1900
-1729
-1542
-1398
-1267
-927
-659
-923
-1459
-1485
-1545
-2119
-2728
-2614
-1951
-1817
-2210
-2544
-2324
-2038
-2329
-2393
-1547
-439
-69
-144
344
997
1037
546
63
-183
-699
-1729
-2721
-3049
-2758
-2371
-1974
-813
555
1200
1464
1716
1642
1219
683
127
-508
-1237
-1739
-1789
-1216
-698
-234
388
868
522
38
188
362
-311
-1191
-1375
-1409
-1345
-1356
-858
38
769
755
434
526
394
-22
-122
-123
-27
395
1244
2103
2878
4246
5444
5927
5622
4854
3712
2382
1122
-165
-1116
-1659
-2132
-2612
-2825
-2332
-1423
-372
388
652
904
1030
870
242
-151
-318
-826
-1378
-1452
-1009
-553
-123
209
657
1166
1375
1523
2084
2671
2621
2386
2349
2153
1863
1774
1700
1110
241
-424
-1069
-1436
-1429
-1287
-1002
-542
-320
-91
563
1130
1609
2281
2879
2966
2811
2741
2518
2361
2179
1965
1963
2400
3027
3162
3392
3912
4297
4300
4016
3518
2848
2478
1901
1058
571
216
-176
-394
-310
-139
269
1058
1706
2139
2711
3032
3002
2838
2848
3115
3591
4263
4438
4523
4788
4766
4241
3646
3359
2950
2471
1747
940
732
772
552
293
555
1228
1904
2284
2666
3062
3236
3287
3123
2943
2593
2083
1729
1759
1842
2076
2730
3284
3500
3718
4130
4353
4217
3865
3584
3471
3312
2839
2230
1957
2121
2076
1753
1631
1704
1864
1728
1838
2710
3794
4145
4038
4457
4997
4959
4729
4756
5058
5174
4734
4194
3903
4033
3922
3638
3409
3055
2742
2785
3249
3447
3400
3649
3989
3755
3045
2414
2146
2034
1601
1365
2034
2849
3315
3837
4981
5970
6324
6669
6751
6389
5593
4866
4147
3510
3149
2845
2648
2874
3400
4052
4604
4814
4936
4846
4545
3857
3383
2968
2298
1765
1464
1025
601
662
937
843
559
575
540
699
1072
1658
2301
2816
3062
3036
3093
3055
2474
1627
922
291
-234
-535
-438
227
1252
2071
2462
2670
2846
2603
2119
1661
1120
287
-861
-1818
-2401
-2613
-2549
-2252
-1799
-929
-82
653
1594
2721
3782
4305
4689
4848
4672
4185
3711
3280
2880
2511
2007
1305
727
355
-77
-316
-261
-40
315
871
1175
1171
1183
1301
1216
957
912
1116
1379
1364
1115
1085
1241
988
558
620
1202
1507
1730
2239
2630
2824
2680
2382
1810
1290
302
-1008
-1791
-2317
-2811
-3115
-2914
-2411
-1783
-831
-20
404
776
1023
1277
1326
1153
982
1346
1744
1656
1460
1707
2098
2162
1981
1679
1615
1690
1555
1065
831
768
302
-144
-90
24
64
344
671
598
571
685
923
1004
747
721
714
684
371
137
688
1413
1754
1962
2317
2134
1478
1036
722
538
107
-321
-558
-603
-807
-1079
-644
-22
137
101
287
336
209
-44
-140
-259
-305
-194
-252
-272
-227
-306
-646
-913
-1038
-952
-705
-201
373
938
1374
1607
1665
1485
1340
1181
1131
1235
1344
1461
1718
2022
2222
2415
2697
2943
2898
2490
1966
1319
611
-69
-489
-901
-1154
-1097
-822
-239
353
1283
2169
2793
3149
3320
3190
2784
2539
2107
1352
784
431
333
402
813
1622
2370
2912
3209
3369
3091
2714
2353
2218
1709
781
-53
-544
-621
-547
-38
639
1488
2121
2359
2252
2223
2346
2302
2053
1683
1283
913
907
1134
1524
1935
2330
2133
1338
644
286
315
406
589
1070
1648
2034
2257
2694
3429
3884
3915
3326
2604
2135
1674
1438
1162
939
916
972
1219
1533
2199
3349
4181
4205
3645
3159
2611
1616
552
-97
-265
-472
-901
-1099
-708
-76
417
873
1361
1654
1695
1751
1764
1745
1733
1685
1221
83
-1112
-1810
-2020
-2186
-2273
-1971
-1263
-557
-335
-196
533
1351
1608
1458
1318
1366
1426
1363
1007
799
701
210
-561
-1101
-1087
-893
-554
-334
-289
150
647
1112
1484
2005
2847
3370
3363
2742
1950
1400
854
-214
-1192
-1520
-1450
-1426
-1364
-792
-93
698
1076
754
346
101
-282
-1050
-2018
-2747
-3018
-3057
-3233
-3360
-2823
-1773
-1102
-773
-81
656
979
927
643
227
-38
-656
-1737
-2723
-3312
-3526
-3712
-3762
-3608
-3277
-2700
-2327
-2188
-1802
-1189
-711
-741
-1127
-1518
-1778
-2137
-2574
-2840
-2467
-2123
-2365
-2404
-1777
-1088
-771
-646
-434
-227
-300
-575
-918
-952
-1086
-1542
-2143
-2592
-2917
-3237
-3132
-2810
-2458
-1910
-1475
-1338
-1497
-1592
-1543
-1525
-1643
-1939
-2043
-1984
-2103
-2386
-2493
-2436
-2513
-2965
-3490
-3755
-4076
-4553
-4839
-4849
-4539
-4242
-3769
-3097
-2423
-1727
-1166
-753
-705
-874
-1026
-1338
-1947
-2559
-3250
-3837
-4226
-4555
-4735
-4511
-3763
-3008
-2426
-1762
-1154
-752
-584
-353
-187
-297
-800
-1471
-2003
-2682
-3353
-3885
-3853
-3663
-3319
-2592
-1791
-973
-113
542
710
636
509
261
-390
-1220
-1984
-2624
-3232
-3831
-4093
-3846
-3161
-2599
-2103
-1509
-914
-440
-303
-170
18
143
-277
-1034
-1635
-1740
-1751
-1870
-2043
-2025
-1372
-800
-689
-713
-525
-297
-549
-1129
-1664
-2159
-2451
-2820
-2945
-2907
-2759
-2705
-2804
-3052
-3385
-3519
-3575
-3391
-3266
-3016
-2500
-1659
-843
-278
