-3632
-29945
-22752
32767
26640
32767
-12476
-30613
-32768
12029
-14085
771
32767
-759
11345
-16001
18009
-32768
-27875
-21702
-1334
-12382
-14575
-3897
-880
32767
-18038
-24047
-19246
-10697
-18934
-24464
-3047
7710
14675
12462
-14566
2189
9227
-3481
3868
16860
3592
-24328
-32768
-31178
14085
-7057
-32768
-32768
4602
-12694
-17085
-13038
10491
32767
15213
-21902
-4022
22163
369
10312
-1709
32767
30806
-433
-32768
14904
32767
-15063
-26433
-8951
15277
11510
2459
17312
27442
32767
20488
-32768
-4790
31905
-10432
-26929
-22085
18020
-21134
-32768
-28905
4620
32767
24339
32767
25033
32767
16121
-17485
12635
32767
-26438
-32592
-18754
-9436
17131
-16458
-3686
-10272
23072
17934
-32768
16963
24510
-22176
-7122
-29772
-29946
-32768
7947
-559
15530
22179
-31859
-32768
7720
4786
-27074
7368
-12331
29277
32767
6135
-6779
26067
32767
-22130
-2646
11717
-32314
-32768
-8845
30856
32767
22759
-27623
-24398
32767
11765
-31505
-434
32767
-32768
-17600
2271
-26760
25962
22258
-31183
-17810
29407
-18916
-32768
-2896
32767
-9813
23229
3928
-32768
23823
1763
-32768
-7081
26370
-23548
-32768
-16690
32767
7045
26175
-19349
-26375
7161
-32708
-23230
15663
32767
26459
-22036
-16032
-2885
-32768
22431
-20176
22539
32334
-26930
-19105
6838
32767
18961
21780
32767
-16249
-22729
22010
-29142
19502
28104
-11826
-3671
30593
32767
-24085
12317
30716
3006
26934
-17708
-32768
21836
32767
28355
28869
32767
-11495
-32768
-32768
2752
32767
32767
-9471
-20056
32767
10521
-23602
-27125
31802
-5111
-32768
-23401
-32768
-3422
32294
21783
-25049
32767
12291
-28342
-32768
-17962
19086
-11933
18438
-25865
-31320
30410
-11979
-32768
27398
-1482
-32768
-26294
-32768
-9775
32767
23469
-32768
-10610
32767
-17011
-26905
-3071
-21381
-12046
-27487
-32768
8688
32576
32767
-10738
-21207
26588
-24259
-32768
-22104
-32768
9624
18451
-23331
6506
31983
9669
-28490
-14157
-18815
-32768
-12838
-23184
-3270
32767
29402
11106
20557
21190
10742
-25999
19330
29669
-29754
27407
-6283
-11908
32767
29788
13421
6761
12579
-28269
-32768
807
4992
10402
32767
976
-21667
8660
-17688
-32768
8193
9229
-31404
-32768
-19802
8744
-3725
32767
-32768
-4189
32767
-27985
-24601
9788
30622
-9557
28670
30398
32658
8373
-8321
-23094
-32768
11245
-28783
-27195
11389
18654
9862
32767
6755
-2505
20436
-25790
-32768
17
19395
-32756
-32768
25702
22358
2497
1360
-27676
12378
32767
679
-32768
14305
23542
-16061
32440
31892
28989
-24829
-28283
-30378
25132
27765
-29739
-32768
-3554
32767
-14484
9008
12021
-2991
32767
-3486
-31219
19658
32767
-7854
-31978
27825
29853
-14573
11228
-32381
-18077
30916
-29013
-24359
23600
32767
11478
-599
32767
27665
-19661
-32768
-32140
-13280
32767
-11794
-32768
28665
-4356
-6950
-9489
14498
141
4939
-8115
-32768
19242
32767
-14562
8594
32767
25597
-20895
-32768
-6412
-9117
31795
-18910
-32768
22563
28006
-30524
7412
32767
3820
-29829
-32768
-26955
-32768
19459
-3260
1392
32767
21857
-32768
-4420
29021
8578
32767
32767
6794
-11268
11702
-32768
-22222
24715
13117
-32768
-23088
10443
-26041
6708
-6726
16786
32767
14762
-4642
17494
32767
-1396
-32768
4272
18180
22696
32767
10723
-7283
27290
11256
-32768
-3496
6245
-19203
-22547
22335
32767
32767
13750
-32107
20010
32767
11776
-32768
-31493
-30904
-32768
8507
-16763
3388
-9051
-14590
-14375
-1667
32767
2237
-21690
-3480
22311
459
32767
11489
-13018
27383
-21932
-29808
-31083
10615
-23515
-14478
32767
-12388
12184
1948
-32768
-10209
-26832
-31767
-31678
-30292
16703
-28977
-29645
22397
-23795
32767
-6662
-32768
-28335
-29620
-7881
-16767
32767
14056
-17544
9609
24456
-10742
18539
-12157
-32768
10592
-32768
2575
-5182
-3541
25560
-18540
32767
14164
18796
1311
-32768
-25042
25885
29066
-32768
15072
3314
-9685
-32768
4945
-4142
12543
23474
-32768
20018
29547
31929
-15414
31318
11419
-8873
32767
-32768
3863
6088
18979
-5490
9959
32767
19878
7868
-22280
15845
-19187
30494
-29161
-9478
31974
-16326
8647
-32187
17523
-23402
-32768
-28666
-32768
-29401
-26080
-4319
-32768
21309
-15330
11399
-14392
-4203
-3352
-32768
32767
-27648
13852
-19361
14250
7067
-8323
17312
-32768
27274
-17424
-32768
8629
32767
30081
30849
28895
-20684
21999
32767
6736
-32768
-4535
8980
-15777
32767
-17998
20354
32767
27491
32767
2828
-32768
-27022
28350
32513
30237
-23466
32767
-2837
3476
25395
-20181
29897
-5467
32767
-26093
-18084
18599
6398
17244
-32768
-23898
-32768
32767
-7583
2774
-3430
-11197
22528
-18292
16948
-12844
30321
5954
-5974
15966
-12811
31332
26556
32767
27041
32473
25745
-26987
-32768
-22288
-12106
-32768
1437
-16634
1496
32767
24398
32767
27862
13954
-32768
-16768
-468
-11356
-8928
-4841
4133
-6912
22046
-32768
-3915
32767
-18207
-23381
-26358
-2907
-24288
-6500
-12175
-10767
16802
30261
-19374
-15486
32767
-23368
9376
-14932
154
-11183
21397
9755
-32768
32767
17504
-22543
-32768
14244
-7796
-16306
32767
7124
32767
17117
-17563
-32768
-2876
28846
-24904
32767
-11325
3174
29471
21412
406
282
32767
-20877
5271
-15364
17067
32294
32767
13548
-13886
32767
-26019
-1076
-12020
-31080
-24880
-2568
-8276
-25219
13516
-13626
2206
32767
13896
-32768
-13999
-8079
-32768
-26877
8041
32767
-15219
15686
32767
-21344
16932
-25208
-126
-9370
3909
8035
-19540
30803
32767
27830
-4358
2118
-32768
25136
-17833
-32768
-23171
-29674
6574
-32768
11618
-5531
-3271
32767
1934
-16184
30764
-4102
-32768
32767
22718
-11397
-32768
-7233
5695
-10965
16498
-32768
2607
11374
-32768
-19731
-22281
31108
22051
13194
-29761
-26494
15340
4380
25252
26998
32767
-14757
9826
-1897
6565
-6200
-15964
2974
-32768
16253
-32768
-9746
6225
-28042
-32768
-14307
-22958
-5120
4963
-5820
32767
26408
32125
-21323
27309
31785
-4395
17118
-26113
20197
-13960
-32768
32767
-26057
21975
5561
-32768
3567
-5345
856
-19885
-23032
28722
11668
2131
19680
-32768
28015
18729
-27290
32767
5256
15517
19490
-29311
-8276
18807
-19237
-15969
-4486
27571
-20529
-19509
10172
-28095
5640
32767
-11291
-1124
32767
-18615
-32768
-21489
7958
-32768
-514
1718
-12355
28880
19368
-27641
2842
32767
-19185
-32768
22267
20238
-30796
26282
-29772
-10393
32767
-15647
-27607
23536
32767
-468
-21738
32767
29628
7873
32767
-15895
-23201
32767
-8367
-25860
32767
18899
-28746
-32768
17084
-11939
-7528
-12332
-32768
1769
32496
-18594
-22771
29612
14548
7507
-7341
12150
18448
28533
-11742
-32768
26106
29869
-23103
-9963
32767
27122
9785
8848
-17384
18206
32767
-32768
-18112
31617
9884
-32768
-8292
11097
-11165
32767
-4668
-18426
32767
31853
-11473
-16687
25323
10707
-32768
17682
12197
-10129
32767
-23867
-23904
32767
9428
-32768
-21264
32767
-2865
-23471
32767
-24703
12200
32767
-32376
-12193
32767
-44
-32768
-5532
15562
18365
29440
6888
-25101
30031
13643
-32768
9732
32202
3192
-23986
-19752
32767
27057
19099
-19730
-22999
32767
16438
-29060
-29657
-27292
-21042
-28130
-32768
-28721
-32768
-8917
-32768
-4228
26153
-14948
-17802
-2263
30128
27759
-9695
-31789
-27363
-343
20519
-24420
-7876
32767
-12965
-15979
32767
1050
-9521
-20005
-32768
-23290
24236
77
-32768
-1399
24966
-31146
-5377
32767
436
32767
-13059
-31497
24965
32767
12628
-32768
3465
32767
3794
8763
-27122
-32768
18232
-6978
-32768
15202
32767
15078
-1525
32767
31320
-19991
-2741
-21390
-4958
32767
-25952
-10035
22912
32767
5449
-32768
10726
-14167
-19497
-15274
-25999
17870
31062
-24269
-31918
25159
8033
-32768
-32768
-141
8908
17650
1056
-32768
7282
-8368
-32768
-10939
28639
32767
-4910
-32768
-32768
-3938
32767
-15212
-32768
29962
25164
-17873
-32768
9128
-2506
6233
-1652
-16849
32767
32767
16295
-32768
24221
16421
-32768
6498
-1989
13750
24554
-32768
12501
32305
32767
-1164
-32261
32767
7001
-9781
11649
-8751
23974
22599
-26964
-32768
1707
32767
-27904
-12142
25332
3967
26437
-32768
-21049
31289
23556
-32768
-23069
26867
23272
-32768
-9405
26564
5990
32319
-19178
13544
32767
15375
-32768
-22983
31364
32767
-3675
-23658
6513
30545
26339
-32768
-24986
25551
26051
-32768
-13709
23009
32767
25980
-31864
18042
32767
31907
-17954
-25474
32767
16462
-32768
-17526
23495
32767
3775
-32768
7471
32767
27820
-26460
-22047
32767
-5018
-32768
-32768
-1282
32767
-5085
-26571
-23272
9062
26968
-32768
-21450
32767
-13401
6751
-27944
-6695
22350
-15870
15636
-32768
23633
25106
-28419
26024
24931
27834
17970
-30146
-6854
32767
12434
-32020
-26126
32767
5273
-31906
-32642
4152
16532
-32768
-27536
-32768
22119
5615
-32768
-27674
-32768
-26406
-27660
-24458
24556
23379
32231
14733
-18014
32767
26775
-9132
-32768
22131
17361
-31226
-17021
26155
32767
-14195
-32768
-27722
15240
9630
-32768
-2977
28500
-32768
-28838
-25256
-12640
1495
4572
-17262
-31317
22603
9695
-32768
9081
11211
-32768
14407
32767
28650
21994
-16483
-28587
32767
10451
-32768
-16746
31577
21608
-32768
-27072
-24874
32767
18244
-26695
-6811
32767
16788
-18867
-4106
32767
15240
-28546
11318
-7667
32218
16164
-24584
-3708
-5920
-10180
-32325
8977
32767
5598
-13191
-24461
-20580
32767
-3663
-32768
23128
32767
16496
-32768
-2016
32767
-11084
-730
-2559
-32768
32767
4429
-32768
28313
-7767
-18761
-31674
1056
857
-26889
-22616
-32768
-4758
31547
15182
-3927
18794
32767
8229
7479
9555
-4427
7453
-26118
-1598
-8955
32767
6420
-28205
32767
-13060
2118
-135
-32768
8262
3730
3101
-19804
-16139
9447
-32768
-20959
-3970
17004
-12075
-9657
-7162
8725
20714
-5728
10310
29852
19246
-21199
-8282
-14859
-23271
-5352
-23973
-25795
32767
8672
-9003
8957
-3069
32767
-32768
-23134
15552
-8489
13947
-32768
13528
5215
1880
-25199
-26988
32767
27439
32767
-8603
9427
32767
11589
-26038
-12359
28364
15386
-20981
1348
-23825
8790
-6137
-32768
21025
5995
13021
-32768
-8617
32767
17579
17588
-3294
5774
32767
19557
10366
24251
32767
-2555
-27104
5637
-5168
27685
-23571
-32768
17811
-7332
9553
-32768
-14380
32767
-14939
8720
-29930
2466
144
-32768
-4560
17659
32767
-8668
-28367
-28259
32767
21401
-17330
8494
-119
-22772
7991
-12940
4953
19870
-8539
-18030
-20896
16903
-28848
-16835
-11439
4415
31918
-26595
-32768
-11393
32767
21009
-11336
23095
-13437
6381
-28810
-32768
12625
29930
11180
-32768
23081
-4160
-26443
-13868
-32768
5634
32767
-32768
1846
20943
32767
2926
-5850
32767
-21287
31139
-12880
4542
26028
-18017
25213
-5241
9866
22717
-32768
-6175
13313
31046
-1663
-12104
14826
504
32767
-14978
-19572
24830
31625
-23018
-15222
-6181
-32768
5781
8507
-3947
29595
9541
-12034
-14301
30692
28016
-18291
23574
5177
10614
6359
-27654
6857
-12412
-18648
-19387
-32768
9055
11931
-6524
-11511
-607
32767
-11293
-2620
-27911
-16281
12230
-13432
-652
7813
23289
-32768
-16146
32767
-4829
6596
18245
-24507
-4130
21218
-23423
-32768
11187
20890
28724
32767
28330
32767
21012
-12967
-1988
-29294
15528
-32768
-6939
19534
-24519
24486
-32768
916
-17439
-27109
-27693
-25653
12313
32767
-5016
-6701
19185
-32119
-32758
-27940
27713
768
19182
20640
-4878
11684
30362
-3259
20859
32767
11914
32767
-19510
1229
32767
-9916
-28225
-32768
-3061
7018
-32768
8165
-27508
-32768
-24806
-32195
-18973
-32768
20834
11531
-24571
20752
-20656
-19076
-32768
-15800
25825
-32768
-20429
-27154
-3509
19508
-8525
24075
32696
13744
32767
15188
-17144
24085
32767
-15416
-21628
28619
13345
-32768
-19741
28249
-4958
-28599
-26192
-24687
2077
9790
-13336
-9248
-13876
4417
-31597
9527
-6025
-4956
32767
-32768
-10202
17555
32767
-18029
-2037
32519
32767
-15592
-12853
31958
16664
20120
-2273
5321
-15748
19711
-1930
14074
-17114
6652
733
-32768
-11831
27837
-5782
-32768
32767
-22287
-8710
11990
-32768
-19197
30542
13840
-31644
-23554
32767
-30715
-27429
-27637
-18182
30957
-13988
21711
18236
11024
-16009
-32768
-10215
27453
-32654
13151
9307
14740
32767
30137
18150
-32768
-28545
-32768
-32126
-30464
17076
-11495
-32768
-14396
6793
-14425
-32768
-17941
-9114
-12773
-16466
-3495
-28129
-28311
23745
6610
-32768
-10503
19711
-21192
-32768
-1600
32767
-13115
923
2890
21958
32767
24204
32767
17165
32767
3128
6317
6960
21322
32767
-9143
-21176
9457
20953
-32768
-23096
14901
21376
-21264
-32768
6959
32767
-20006
-17983
32767
6090
31851
11799
-29271
-10968
26302
32767
-20237
8490
23923
20323
-15845
-30683
32767
-6003
-30092
-12086
32574
32767
16990
24235
-20696
-13104
17064
-27121
-28852
22303
32767
18550
-29484
20226
-5448
-32768
-17854
-32355
30078
-9758
7064
17102
31275
-13925
-32768
-31759
-23390
23668
-10984
18381
-32768
8311
-9269
-23675
-8808
32294
8304
19402
14184
1697
15629
-25752
24844
-32768
15959
16585
16290
12464
32767
8197
-32768
-32768
-20849
23207
-32768
-30286
-17721
32767
-5281
6109
-14520
-20581
10430
-12169
-28406
-32768
25397
-5706
12496
-32768
28679
20200
-24832
32767
21288
32767
-9057
1294
19384
14872
32767
-9134
-32768
24185
-6837
-6381
-26926
-19177
32767
-13836
-20135
-24842
8340
32767
-22676
-25567
15434
-32768
22514
-26179
4728
-9244
-16816
-7129
-32768
31563
32767
14808
-29990
-3968
-5108
10827
-32768
31714
15243
-26949
-21392
9521
32767
-17635
-13663
-32768
-6096
-25523
19705
-6273
31117
-763
23456
1979
-32768
22513
-6786
-3513
-32768
19045
29462
29954
-29576
29420
-7226
-3444
22343
5902
11267
-25493
32767
-32768
-4219
2457
28308
-817
-10135
32767
26784
-6031
4510
32767
-18490
-772
-12092
8188
-10457
30100
-2884
-6316
9714
32767
5355
-32768
-15646
24439
24632
-27609
21574
-15673
32767
-19463
-15815
1016
-25945
-32768
-5201
8152
-5028
193
-32768
-13153
-26685
32767
-2423
-24967
25046
32767
17148
-19557
-13142
28722
-32768
6856
22886
-32723
12107
-29764
24563
-8
18228
-20693
-12321
9901
23462
689
-26335
115
-32768
23234
-31793
24985
3076
-15658
3503
-32768
10196
-16528
-3560
20999
-32768
5960
-16012
-18658
22417
-30270
32767
-1774
5387
23051
-21410
15623
-6160
-18517
4575
-11682
5769
32767
-32521
24606
-7344
-14549
-11472
898
32767
-30042
2219
10837
17310
-3844
-24612
11791
-6225
5425
32767
-17846
-14159
27174
17171
3425
-30416
-6775
32767
-14659
-25424
32767
-3890
24236
-32616
746
24373
-32768
15804
-32768
-4517
32767
10745
-14182
3509
21680
32767
-32632
-14581
18526
333
-11817
-18778
32767
14957
-18441
-32768
31694
12090
-15539
-7733
-5679
12483
22961
4794
-32768
-1520
28278
32767
-15020
1630
20371
6958
-32768
734
14700
-1562
15292
19644
27352
-18441
-14053
-3977
9716
13314
7434
-10162
5332
-1061
7470
-21303
4121
32767
1630
2739
27322
15994
-15759
21288
-31175
-8572
30234
-10331
24360
-27573
13183
32767
-18399
2229
-12266
32767
25624
-18280
7984
-108
6145
-9669
11281
32767
6714
-32768
-31264
-32768
-25638
26342
32767
30922
29907
27219
-18623
-32768
-15915
-32768
-20779
-15444
8762
32767
-20922
20107
32767
4661
-17332
-13768
12139
9773
20493
-29858
-26202
17828
32767
31327
-10143
27552
16201
4020
-16000
-32768
-28717
-32768
-32768
-144
32767
-32217
-23256
-28461
-13688
32767
28697
32767
26237
-12424
27103
4841
-32768
3711
23607
19692
-28815
-4616
20874
-18275
-3449
8921
-24921
14924
27415
-762
-12238
32767
24277
-15425
-20879
9722
6933
-32768
-2702
13458
19194
4853
-21308
-504
1326
18665
28342
-16352
10751
8150
-15101
-22719
-889
11188
22058
-2713
-22416
32767
6046
-15585
4296
24379
8218
-7455
24115
25823
18402
-4162
-6740
21914
-1871
-25545
-25502
-17122
10912
28347
-7469
-25504
-19273
23434
-18009
-32768
14695
-20353
-32768
-29401
-32738
26970
11039
-13128
22059
-32768
29719
1390
-8609
32767
-32768
14851
-9048
-28986
24196
-23503
7123
-14778
-12131
30629
-32768
9413
4050
-8669
32767
-18921
25862
-11659
-325
32767
-32688
28433
22933
-6342
11117
-24824
32767
-6682
-23393
32767
-13833
26210
-12439
5966
8624
-20112
32525
13943
-15287
16656
16799
-31324
-19980
29314
23354
-25864
-5024
32767
9577
-11786
12573
-32768
26759
29790
25656
30405
-14270
18999
-17216
8329
-12660
-1040
23409
-32768
9552
2854
-11347
32767
-24195
6836
-7727
7597
32767
-31099
32767
-10972
-25608
29664
-32768
11151
14896
-32768
30244
5944
1649
-6632
-25310
32767
-15882
21393
-19755
-22985
24764
-32768
18378
4058
-17890
24831
-6527
-10444
-11386
21607
2302
-32768
32531
-5036
-17871
29067
-12999
-27960
7903
-9123
-14886
-25249
-14382
-18201
429
5422
-32768
22289
-22173
-32768
7859
12894
-14423
925
13145
-32768
19942
17446
-32768
4110
-1600
-32768
-6030
10644
-7106
6713
5889
-10286
26241
12224
-32768
5403
7171
-9289
10478
11178
-29771
-21608
9809
-32768
-12270
20110
-26330
21533
7233
-11168
32767
1749
-18239
4305
30666
-22301
-12357
32767
23732
2815
15099
9472
12479
12736
2487
-2480
9288
14380
-11403
16574
-32768
-12431
23073
-17069
32767
26413
19747
-17333
9669
17127
-31426
32767
-12994
-4520
32767
-10320
-24645
-32768
-12771
-3800
-5399
16982
-30151
14901
32767
-18935
19174
-20374
-25971
31870
-14446
22106
17632
14351
2744
-28021
27142
-32768
-4741
17467
-26905
21390
15823
-32768
-4353
14243
-32768
6787
18315
7000
-3439
15406
-24198
-32768
32767
-3355
-4571
21192
1022
32767
9273
-13822
32767
927
-3318
-9238
6478
32767
-5756
27195
-19897
-13505
32767
-32768
-4654
23280
27206
-465
6087
-3382
-32768
25544
-6011
-32768
16371
-20604
-32768
25285
-13583
32767
20801
-14280
-11181
-13008
19588
-32768
9116
5445
-32768
12501
-30024
-8679
6462
-28036
17618
-12716
19414
18770
-23648
15180
-18750
-26813
32767
-17298
-4737
17220
-27758
30744
-114
917
3614
3887
13722
14804
30929
-21911
-25867
22091
-24754
-5964
14907
-32768
12566
6021
-7797
31723
-32768
14626
-6097
-17019
32767
18245
27405
-7679
-32768
25907
23731
-15987
21632
-5936
9694
26834
-22862
-20742
15128
476
-32768
213
16108
4758
-851
-20321
-27685
-16780
17020
-14218
-3225
5322
11018
32767
-11596
-25723
4069
14879
9486
-18361
-4747
23570
-31713
8320
16057
-24046
-5070
-1834
32767
14269
-29358
-14938
7975
14089
-10857
24435
-26782
-26558
27137
9042
10757
-992
-13593
-10245
7847
-19519
-23628
-13647
-9133
-6574
32713
13282
11995
293
-180
7757
-32768
16006
-16419
-3964
32767
-21805
-5473
32767
-9330
15233
13205
-32768
8684
4011
-16963
-6829
-4894
12563
22652
-10773
7206
5789
32767
11853
-13766
30338
-12674
2124
15134
7133
6448
-13188
-12877
-26781
-7432
32767
-13720
-2710
-1533
-14268
24563
-15257
-6708
24585
10488
4724
11126
25245
14276
30103
4249
-32768
32767
20266
-3693
22792
-14529
-11276
21843
-4930
13031
7519
-10195
-15000
8033
17320
-25970
-13833
5186
5871
-9966
23756
-7365
-13825
32767
-482
-11217
14139
-25427
-7852
28711
-14692
-1985
502
-32768
-10626
-9363
-11886
-3694
7324
-6807
-12456
29589
24497
30694
27479
-28178
1543
3254
-14468
-15193
833
820
-12562
22761
12352
-12033
2224
-3551
7089
24711
-461
-32768
-22244
4660
-16968
22664
5256
-30213
16274
-1536
-31291
18779
-5024
-31040
-28739
-2792
25228
25562
3372
-26788
8225
13697
-11578
4548
3456
-11252
12525
4617
2523
18822
8485
-18838
-26145
17258
3131
-30824
32005
-24011
317
32085
-30474
-11240
-21004
-26350
4467
25044
-16672
-12114
3332
-24084
-22647
32767
4415
-16552
-509
4967
3223
3797
-22702
-21188
3457
-28570
-2668
25620
12940
-22803
15928
-22001
-14470
14716
-7802
8213
6174
-11592
-18304
-2697
19816
-32768
15113
23288
-30411
20789
13371
-28112
-5566
-2727
-26484
32767
3898
-24849
24038
28982
-32768
-42
-577
-10113
12237
-20608
-25913
4924
-12891
-5923
-9472
2902
339
-26110
22710
-23854
1208
31977
-17657
-13219
28570
-13516
7495
1449
-20528
6187
32767
12214
-17796
24066
30963
-9473
26501
23428
-10567
18862
2162
3365
17723
992
-3120
15685
-17872
-12898
13321
21720
4843
18849
-22960
-32768
14378
24103
26704
-24345
-1611
-2852
2551
32767
1100
2570
-4423
-32768
-19915
25781
-25916
-29528
7117
-1126
-4078
-15864
-32768
17251
24782
-17863
10766
-5931
-32768
18115
28688
10793
17908
-21760
11782
-15573
32537
-8712
811
6938
-32768
6970
29616
24203
-32768
-3530
-5849
-21918
886
6538
-13921
23347
-12182
-14946
3991
9653
-1346
8255
3973
-4046
10323
-8983
8055
-1960
-8182
-2591
10562
-5221
6802
24119
-14905
-32768
-22155
-16881
-22073
15124
22714
32767
32767
-11842
11455
-6476
-1108
-7736
30882
32767
-1443
-668
-3629
766
-2048
4506
-9262
10278
-10636
7674
32767
4741
-20587
3584
-19176
-30855
-5978
10597
16812
-1490
-2794
-15013
-926
-3499
-11994
8622
20096
5311
2133
-3617
385
-139
-10152
-7021
-26433
-22532
10173
1380
2719
-10531
-9320
-7337
-28172
-2037
25781
-533
-7146
17708
13791
10890
9224
-12877
-22229
-27789
-32768
9979
-5658
-1830
31071
5164
11420
-582
878
15976
-3517
-6542
-5767
-175
996
26301
12140
-21243
-19804
-24442
-13838
4011
11783
24617
-2797
-10758
11328
-24403
-1115
32767
-9859
-744
21360
-3926
11856
14895
1924
20973
15598
-22152
7865
5530
6933
29319
-1954
-3471
8172
-6455
1255
26079
-6406
4924
16476
-3170
12587
18185
-10970
8659
-13691
-21220
8745
-15661
859
7327
-16628
-10771
15050
734
3448
-3490
-32768
3898
10589
-8699
29850
-20135
-32768
10203
-14882
-24168
27892
-15581
-23884
16509
-24796
4451
-7748
-29393
7487
-3646
-30472
-12934
-3523
-5092
3210
-1677
264
8815
-25701
977
10849
-3394
32767
12340
-6969
6836
-5904
-2286
32767
-602
-1960
17277
-18359
22611
21086
-12139
4729
2184
-8250
-21093
-26869
-28607
7356
-12430
-3976
26672
4304
25718
12069
19859
32767
28403
-470
-7978
-11008
24938
32767
-10967
9504
9284
-520
-7644
-18437
-10580
22979
-610
-6093
32767
3205
5138
27274
-28185
-32768
13271
12010
7995
12157
1050
32767
20709
93
13640
-3738
-32768
-2275
3871
-20785
8516
-1518
12344
2583
-15542
-4328
-15401
-18978
-1356
7403
-9429
142
-12066
-1808
29425
-17171
-7021
2048
-32768
-5136
12509
-714
11609
7539
-4850
25980
11185
-14052
1072
-10064
-26408
-21192
-13687
-9613
4118
-14513
-29089
-14124
-23055
-5428
1847
-13749
-27792
-2537
2638
-18114
-6877
-26360
-8532
-3499
5298
15822
-15620
2897
-18698
-11910
3066
-25366
-9650
9254
9383
-14640
484
-15380
-2041
21872
17224
3250
-19699
-14915
-12052
-1905
525
25791
688
-20074
18022
21197
9465
-2038
6292
1368
14378
10573
-13741
2744
-6336
9915
-1996
-1173
19635
457
8027
21186
-14249
-20398
8430
-16189
13515
13846
-11635
20105
12466
-26945
-9272
19195
-12437
10901
-4061
-12914
15827
-19923
-9300
21201
11823
7107
8610
-8184
-5900
4323
-9356
6676
13737
-19799
5492
4367
-17228
-14982
-12825
18452
4072
-4259
-10226
-22266
-13326
17626
-13573
-28161
7225
-2436
8163
-7191
-22224
-19609
9853
-16019
1684
26727
-17913
-29445
-31195
-6897
27755
7909
-16199
6211
11761
-6520
-9770
32767
-2086
-30442
24190
8543
-12261
26197
-5940
-3531
28721
-22941
136
32767
-2042
12947
12918
-11934
20524
-9198
-8578
22074
25625
14488
17685
16000
8300
5438
-6790
-11594
-1352
-499
-1778
15950
19562
27491
10010
24924
16724
-20523
-15954
-5767
-18728
-3063
11962
-30115
11624
26713
-23275
-801
6823
-10124
1574
-20953
-19633
15215
1596
-6009
11999
11929
-7989
62
-4487
-11032
8602
-2670
5370
4977
13969
15313
-1904
-11876
-17696
-4600
12251
2151
-30728
8087
-24721
-25180
9987
-28042
-30615
-3304
957
-6389
6667
-20937
-14652
-9379
-30151
2280
13115
-20667
7686
18384
5864
8969
-6954
-635
2660
-13893
-1059
17993
7623
-11687
-19432
10207
6469
-16466
617
17346
-6141
-940
2304
-10177
21215
-2972
-28958
2510
285
-9091
32435
25189
-16960
11210
1664
-12146
7823
2398
14071
19088
6519
-16122
-1700
-1924
-17638
14056
-24766
-12127
1861
-19212
9017
-7547
-226
-12968
-11979
-7388
-18639
-3131
16814
-8154
-14541
11422
-14393
-14439
-2970
-14025
-12066
15678
6416
16096
10559
-12187
4847
-8774
-4861
9713
5104
-2380
-1207
-10596
-22936
-1209
18867
7343
-8589
575
-2275
-3552
-7529
-4989
153
12759
2958
-10661
2871
-7102
6513
11352
6654
-9184
11624
8932
-4148
13631
-3218
-9237
-1513
-10028
-8012
13483
12016
688
2628
5187
-926
9908
-9905
-7675
2704
-5826
1732
19686
-3381
5447
15298
-12620
-6480
-948
-1097
-1765
20189
4215
6350
-7678
-13305
9037
17996
-453
-11184
-4744
8960
5594
-4267
5334
-22886
-9594
5891
-9301
-9949
-5153
-16333
9489
3250
-16302
-1974
-2597
-17665
-15318
-7791
-27306
-17017
9073
-5741
-17856
-1487
3264
10677
856
-15779
-524
-1415
6689
17278
-1151
-1687
-16907
-7800
8160
21340
29343
2709
-21479
-1223
-8391
-2295
32767
3366
4750
19449
-3005
-28660
4151
21275
-6111
-8449
-11001
3961
17113
3536
-9516
17076
7024
-1110
25904
792
627
4661
5343
9682
10218
30521
-2827
-22484
-15186
-24623
-1706
1819
-6764
-4199
-7515
-27241
-5025
32767
15822
7685
-1931
-28123
-18745
649
-4813
4589
-12189
-18749
-15896
-824
-4844
4392
-8363
-32453
10180
7849
-3912
-7176
5683
-3431
12103
20745
9401
11061
12147
1619
-3785
5954
1965
2689
15662
721
-12489
5229
-11577
1432
19794
15814
-1504
-124
-8523
-20217
14605
7614
-16947
-4082
-10736
-19519
-1449
-8117
8029
15994
-18798
-10058
10098
21663
-8459
12669
22269
-16216
-6493
-7897
482
18723
13371
-443
14849
-14255
-1766
10386
310
22
14594
17270
-1146
19204
29598
-12162
-19822
2331
2783
904
-23286
-26340
-2177
21547
-25478
9445
-1377
-29488
-4606
13015
-6299
-10578
15645
-14011
-241
-24950
1673
-2494
-15487
9447
-1122
9466
-9441
-10585
15054
15339
10767
20598
16682
14715
3118
-5954
17906
21453
23322
-14512
-3226
5572
-790
17754
-14542
-10786
17293
-1110
-223
3356
-4417
28202
3556
-7958
-5188
4404
5857
-5003
-14482
2357
-18159
-13259
-11596
-467
32767
-32768
-9420
27168
-3306
-168
-19457
-15217
12374
-23754
-27091
8695
5733
8882
8648
-19983
-3701
-11685
-26633
18058
9841
3416
11462
-4393
-17826
16491
7258
-17239
17395
19441
30237
-7075
-22918
14132
-12605
-23488
8857
1931
-32768
-5676
6135
-10874
10009
3917
6206
-21644
-12424
30475
18360
-10125
-21676
-14329
-14725
-4713
14237
-13166
-8681
28916
13740
5119
-5443
-25450
-18457
-31223
1938
32767
-19227
29364
14953
-26075
7038
-25227
15136
9642
-24230
8387
-16475
3505
27483
-16809
13340
-12548
-20483
-1991
-31340
3443
5149
-28114
4598
-8768
9107
2318
-27836
23006
20161
19883
32767
-15571
11976
9602
-20302
13496
-20539
14951
7628
-1296
29973
-16778
-15810
-4615
-32768
334
-26673
13807
2534
-32768
-22197
-32768
-20042
8497
3541
18101
23721
-4636
32767
-27474
-1334
-3381
-8821
32681
32767
26965
30582
-32768
18141
-7725
-13858
9031
-29300
21153
23073
31902
31466
23179
-21392
-10122
-32768
15529
25971
26634
1421
-6638
16436
-2169
-23500
32767
-2666
-122
2149
-32768
1830
-22647
-12290
-21573
-32768
-15597
-13947
-30630
3898
-32768
-4803
-20360
-32768
-8844
-3843
-12562
-2626
-32768
27064
-8802
-10342
24841
6202
32767
-18588
2388
31579
-6950
-466
4167
-32768
29663
-17104
16266
-503
-11428
18452
3713
-3804
32767
14805
31018
8954
-10229
24649
-27689
-10756
-30087
-29369
5744
-3940
-28706
8558
-26443
22462
-26221
-14219
809
-4055
11040
25298
8883
27641
18588
22955
20175
-18991
22539
-12014
23041
23568
29685
24801
17284
-28715
6626
-19986
9401
-12083
-16372
-12748
-32768
-4026
-16170
-31033
-24331
-22470
-18543
-8932
-32768
12735
-29397
-10550
3922
-8161
-1588
32022
20413
32767
-7952
-1512
27932
13556
32767
7504
14700
29726
24832
19714
32767
27880
32767
-9787
26382
12411
-11596
11700
-31116
-25945
18124
-20817
-4313
-15750
-32400
-14389
-32768
-29919
-31237
-28143
-28171
-31131
-28106
-7240
-14141
5574
-29389
9824
14848
-10340
32767
30427
32767
26508
14776
32767
30940
32767
30719
32119
30873
32767
25358
32555
27007
-5931
5297
-23577
-8954
-24027
-21527
-27994
-32768
-31524
-32470
-32768
-28517
-32768
-7300
-10296
-24413
-17632
-30721
-13488
-10839
-32768
-11318
5971
-16582
32767
-29381
7992
-1736
-32768
-22372
-32768
17303
24825
9438
30666
30787
32767
30178
32767
29945
32767
30261
-9382
-13632
-7193
10392
-22894
-22242
-30597
-5660
-9801
-32768
-10610
954
5044
21208
-13567
29867
6403
1127
25623
-11493
32767
23831
-5304
18641
10738
9674
32072
-30748
-15904
-30070
-32768
-29525
-28409
-9043
-2759
-32768
-2193
-14520
8725
26979
11905
24148
-10669
-10250
-27353
11572
9293
22471
-23901
-25841
-32768
-17173
-17065
7360
22023
5428
26719
1436
-32768
7873
-2355
2511
22125
-11295
28902
15058
12670
12244
-888
16162
19983
-30050
-2931
-32768
11991
-12952
4325
12222
-12895
-12212
-14209
-18360
533
2418
-13229
9184
1805
13542
-12997
8426
16615
5621
251
5806
-5791
15471
-7211
9778
-3404
14482
1244
5228
-5789
3987
1251
-2617
5252
2379
26065
-536
13531
8206
16931
28224
5728
-5670
15070
7928
17020
10063
15511
20538
-4636
-14577
-10205
-6831
15063
-3201
-17354
-8237
-10939
-1006
-12166
-10297
-286
-5017
-11895
-22892
-4637
12276
-5076
3848
-5493
-8608
16513
-14805
-979
1431
-3302
14955
-1783
11261
23444
1191
-2767
-23861
-2527
-1228
2806
-1151
-16546
-16681
-14551
-19328
-6563
2753
-2998
-5135
-22409
-13050
-11184
286
-17142
-11156
823
11878
-10932
-3056
-3423
11628
8591
-5558
9814
13966
-10994
-21396
-12028
9598
32767
25682
3848
18912
-637
5658
-9770
982
21738
-6202
-2923
-25347
-25789
-2743
-9817
-3685
-2116
-28776
-2055
-32768
21708
31458
26757
-19268
-32768
-27158
-3343
32767
26886
32767
24942
-28727
-5974
6186
905
32767
-30065
-24838
20531
30361
-2927
-26039
-11905
32
-10260
-5602
-7108
12134
10000
783
-31738
-18315
-15670
-32768
-31360
-29551
26254
30914
-4615
-12860
-20647
-19436
5719
-21173
-17583
20838
27023
11581
28471
32767
32767
14504
-7505
-12103
18594
32767
24015
31325
32767
22093
-6141
-23713
-23728
490
17772
-19331
5488
31385
-29870
-31678
-32768
-20173
20396
-4133
-19618
22699
29111
17520
-24023
-19826
-9591
-32768
6021
3701
14442
32767
7650
19519
28441
-20306
-13780
-8677
-28783
20590
32767
29989
32767
31965
24861
29633
21603
-19982
-6783
-18822
-32768
1691
3391
14526
-3470
-7882
-12920
-29878
-5730
-31950
-23955
11289
-20646
-12956
23748
4459
31936
21419
-15281
-86
-3208
-31684
-19487
-18563
-11511
26793
-6170
-2152
14531
-2781
-7585
-28451
-19520
-4443
-15834
13881
9036
-17749
24750
-5160
-1535
12296
-14895
13033
-18129
-20965
274
-19054
-32719
-18008
-15966
-244
-15894
-5293
-11813
-2554
-2140
-32761
-14505
-28825
-4201
645
-13019
-9658
-12901
-1569
-6938
-11973
26314
-19827
-3494
15732
-5792
30053
-7603
-19717
12999
-10820
-27998
6129
-3786
-16543
-22628
-5894
3340
9959
17805
-16883
709
-11610
7804
7509
321
16736
19043
24743
-6089
970
8230
-22253
15424
13113
-12017
24347
2981
4392
32236
23490
1793
21390
-5498
6678
11699
14736
-13198
-27722
11470
11593
-7442
-19961
-16105
-20408
-7847
-32768
-32768
-13593
-3687
-7496
8043
-10763
2775
24794
5015
15575
14390
14902
27203
11430
17593
9142
6524
27183
5251
2776
-6309
14788
29318
-27227
-16582
-5226
-9678
-4298
-10531
6780
16858
-16637
-11915
668
-17611
-28973
-12588
3147
-22190
18224
9634
-11059
-9495
-32768
2291
31979
27698
24398
489
25779
-9836
-2101
30354
31738
28309
29060
14047
12913
20505
-8869
-6593
-9395
16455
9033
7018
-6490
6566
827
-9051
2624
-20204
703
13962
-27941
-25286
-21410
-4131
16796
-10338
7857
2706
-16213
-4886
-25090
4101
23383
13215
20560
29188
7242
114
24959
5226
15466
19205
4537
4233
-4081
12331
16962
-12386
-193
-3267
-13312
-10977
-5869
-2404
-3842
-19343
-6178
-1417
781
-18132
-28215
397
-12678
-20142
-1361
-15366
-7038
3652
-28709
-3596
-1231
-5185
-4162
-3027
-8464
-5413
18994
672
20278
27113
-466
4919
9133
8598
7859
8581
-22172
-577
17325
246
-13244
10454
-9208
-18035
2731
-29506
-11301
-6892
-16168
-2773
-3090
2508
12933
10362
-11598
8828
25845
-6919
352
-11703
15448
25767
2942
-11861
8372
23793
3040
-13594
9024
6042
10969
22309
-5331
9998
29149
825
-27975
6073
3403
2389
-751
-2622
10937
15819
-3996
-8464
2455
6204
8439
-18718
-10711
9931
-18393
-20596
4103
20008
18608
4442
5308
7785
10904
7071
-2440
-17147
-7305
-14288
-19060
-7339
-5812
-14783
-16861
18809
7862
-12521
-19757
-2457
9907
15889
3631
-12048
-11755
-6643
11908
-14246
-9247
7317
-3142
-30603
-12584
6962
7083
-3798
-10253
-366
1510
1834
-18160
-14893
2069
15970
13311
10865
642
-14475
10705
6287
-6581
19308
2799
4562
15419
-2571
4077
4110
-758
7473
-4425
-13469
16893
8312
-8586
16356
9232
5225
10720
8254
-4431
-10219
6185
2169
-4613
-3488
-5328
1490
15003
7931
8428
21546
1185
-2035
-1022
-16774
-3027
10990
-4729
-14803
11788
9047
13680
4139
-9114
-9191
-4012
-6261
-22603
-5936
3367
2504
-7797
-3329
1314
-6018
-8637
3683
-186
2528
-18088
-17359
2721
12907
6770
-3016
-5715
-7874
15790
-11334
-17759
5611
17646
-816
-5038
-7947
-18529
1203
693
-5820
27387
29250
12548
5620
-21511
-16113
-11772
-9828
4585
5205
6545
421
-12562
636
-1350
10176
19474
10615
-6397
-161
5544
6736
8847
-2370
18404
1910
7900
13993
6729
1473
990
1796
-15661
-17055
-281
19534
21363
-5143
-17324
4700
6769
12939
12948
2373
15419
16442
-4073
-4780
-5339
8174
15270
14088
9544
235
6946
-25
-11452
-5110
-4096
-4559
-18007
-5455
2973
-6518
-6939
-21520
4451
-13947
-30956
-1881
15524
9867
-15546
-18843
-9824
1581
66
-5720
11329
16785
5945
-2445
-18625
-21705
-1994
-15459
-11457
1623
15134
-5200
-12353
11240
-2173
-1367
-3651
-16355
-14854
11941
-8322
-8909
-14065
-9993
7291
10381
1756
14889
13140
-22675
-21271
-20007
-11967
5135
5152
-15717
13533
3156
-29322
-14767
9902
8886
-14790
-19490
-11754
-8983
4266
6573
-22649
-11570
5030
5584
23908
9614
-5709
7140
-11135
-2898
23574
9014
-8123
9343
19399
1322
-7370
-20579
-14413
21464
14872
-14288
23909
1635
4760
15049
-10000
939
-7804
19789
-13231
-17439
14299
-18861
-8042
8762
8736
10394
-11187
-260
3039
18076
25114
6056
907
-8337
11748
12102
4139
5426
-4282
6509
2064
18102
-217
4359
10523
-16711
17147
2318
-501
5274
-4508
-21
-8891
17957
11231
-16517
-5734
-12026
11215
-3720
-6758
-282
-24942
-14644
27029
16348
4683
-1547
11877
26576
28405
18210
-13506
-1253
4771
28139
-19896
15600
-1863
-21222
32767
4596
6686
21759
-25640
11246
-11230
6218
25497
-32768
14685
6536
12638
10098
-32768
10324
17186
-28043
24350
-14610
-32768
8087
4882
2426
-32768
16581
11793
-32768
11638
7346
-23123
-6263
-32768
2466
20129
-22606
18583
-25584
4206
6793
-26534
32767
-6278
-29794
6753
-32720
8373
-2916
-5436
9759
-32768
-15270
-19525
15594
12727
-32768
-23859
-30308
-19593
21399
-17163
-32768
-24201
-24760
-6322
-12383
18814
25829
-29687
18300
-1468
-19904
-2662
-24866
-17994
-27655
-24394
14257
22060
32767
10851
-7088
-115
-12840
31969
10074
19237
-15258
-1879
18412
6055
-14838
11169
-423
-19945
28950
-19452
14952
28583
-22365
-19885
-7988
4785
30718
24698
27116
-18363
-32768
1722
-2172
17978
23685
13785
3385
-27912
17311
10575
-9009
-912
-32768
-10225
24766
-15711
-28160
-19594
-24164
-664
-8757
7606
-7883
-20099
-16206
14390
30100
-15733
-32768
11724
10018
-27769
322
-30207
-21979
11204
-601
32767
-12119
2013
13548
-17741
31724
-10790
-26453
-804
8051
15882
23456
-24368
10290
-4196
-21848
20887
-1416
32767
10600
15960
13789
2728
23244
-32768
21126
13257
13403
31650
17466
32767
22333
14272
23181
29187
32767
32767
16129
-2440
32767
5180
7764
20075
-18095
32595
-9522
11000
-504
27579
21332
6087
32205
9423
32767
3418
11376
4109
-8877
-5682
21121
24938
19227
1325
-32070
-23700
-29777
-30789
-6199
32767
22702
-21318
-31052
6357
21491
-11026
-17812
-20638
-26101
-30556
5414
-2699
-26082
-5513
-10227
-22833
-3657
-26544
-7263
-22634
-13964
8893
-32768
-22975
-32768
-24347
-32768
-28568
-31958
-23004
10087
1164
6193
-15785
-32768
-22888
14771
-16034
-27624
-21146
-14821
-32768
-7288
-5097
-29290
-21911
-4259
14420
8014
-7324
-27843
-20264
-26073
-11967
1568
25515
-14339
8538
-2593
-29498
-3611
1170
20104
3712
-8100
-32768
14673
32767
13623
19171
11988
-16494
6146
12980
-16985
9918
-1603
-28596
32254
-15347
-7333
-7520
-28011
10111
-32768
-8462
27802
32767
-18208
-26228
-32712
4671
1966
-32768
3315
27704
28827
-28300
16040
30701
31339
-9190
-32768
282
-16218
20828
32646
-2607
8655
-15600
7030
31818
-28070
-15048
26800
25197
20529
3847
24448
32767
-747
-19861
-32036
-25360
12621
32767
22827
25025
17485
-2503
-11222
17511
29756
-14495
-26790
14380
32767
18039
23808
238
-23930
13572
32767
11056
-11276
-9040
-8029
7610
-5370
-2179
2944
17080
20276
9905
28166
7955
6625
32767
19449
-197
10014
2829
2562
24327
21541
32588
32068
4396
13887
32767
28177
8049
-12304
2919
21019
32767
15429
-22317
16872
-2744
-24405
1969
-3255
-13916
14788
5283
-19826
9483
-635
-32768
-9928
2238
-30464
-2028
-6258
-32768
1268
-16578
-32768
-18503
-13679
-7989
-13675
4678
-3502
-24015
13293
-1669
-3771
-22290
-32768
20102
8650
8361
10872
-21731
-17356
-16385
-14630
456
-21400
8525
-3711
-952
32575
-29463
-16638
-13441
-32768
-16500
-17333
-15162
7841
16635
-22170
-29290
-8590
-19534
-28985
-22259
-26049
-32768
26062
-388
-4697
7790
-32768
-29612
-15492
10074
-10693
-14252
-15827
-28627
-13702
-12837
-32768
-9291
-6451
-6435
28113
-3835
3143
6034
-32768
-14240
14208
20962
-22393
-9712
13488
-19160
7517
15814
-28691
-9562
5843
11023
27850
32276
23111
-7894
20675
-21859
-6829
-9474
-32768
9747
5715
10993
-925
-11101
-4968
-14043
3358
5191
-1605
1190
-143
16411
31933
8463
-11288
14781
-10836
11557
32467
-18898
3610
32231
15555
14765
29665
31939
15752
32767
6146
-9706
28320
22216
5652
16284
-10212
-9876
10785
9744
32358
24411
-17078
-27602
11768
8502
-5842
32767
26170
-9432
16416
2736
11105
-2198
-7028
-11310
7642
21969
-5070
32767
9582
-17707
4118
-11940
-9952
-2261
12909
21321
7868
11629
2169
22871
28091
4323
6997
11075
-8070
18070
3045
-12257
2542
-4274
-1161
-5971
6699
2270
-1863
507
8865
-9210
-24433
-24312
5544
9129
-5657
6813
-13406
-32768
-1321
21180
-1213
14924
-2037
-32768
-10910
16528
-7198
-19567
-10107
-7820
-17617
-28138
-6362
-14237
-10592
-11070
-4316
19519
-11127
-19691
1780
3015
-9190
-3265
-12536
-13074
-6465
18019
13654
6690
9581
-2614
-21038
-29772
-4218
32767
20433
-21468
1332
-7058
9645
5275
3263
-2217
4782
11816
-18319
3780
-12646
-6055
-25530
-21063
32767
-8283
6674
13124
-27704
-11770
2467
8875
18330
-2808
-14523
427
-15773
32767
917
-24824
-24431
21013
20580
-18344
-12707
-749
26359
666
15598
-2939
-5795
19364
-32768
-8820
32767
-4965
5010
11188
3959
-10414
-11665
-19638
-6474
-8442
-11830
-22135
24078
4427
-23689
11015
2595
-2998
-1541
-7988
-32768
7166
15049
12625
4807
-1519
1561
20073
-809
20606
25568
20804
-849
-32470
-9055
14059
1223
186
15891
28969
15766
-26558
-8746
-32462
-32768
-5331
6325
-17481
6908
1007
7931
32767
13757
10774
32234
-9991
-21818
-32768
-1028
21033
5955
27420
-4999
-834
-19274
-27449
-27582
-14332
-17046
-6180
16350
9052
10724
25656
14502
-11489
-29402
-32768
-23515
-25887
-21897
25912
12886
-32768
-2771
5186
1285
-7995
-18245
-30607
-6827
11063
-32768
-22134
14263
17551
27370
10513
-32768
-30741
-25779
-29752
-15240
5773
2248
-18692
4567
336
11825
28271
26264
-2400
-18702
-13282
12313
32767
11721
1946
-11557
6190
14840
2424
25816
11538
23169
1396
2492
20551
-6353
25178
32231
25659
4777
22043
4993
-4811
24873
15560
32767
26955
-5461
1670
12164
13729
-12077
3964
32767
-867
3566
18651
-7751
-3936
-7694
-1648
22301
20915
24418
18520
12389
13065
-4127
21261
4374
-15757
14976
8035
11995
11015
10259
15561
-8800
-9918
-11203
7393
-5868
-9247
18535
-9532
9507
-2075
4605
-2502
-17536
-8149
3384
26129
-17872
-29970
3780
-4251
-3016
8862
4516
1386
-21686
-11997
-24366
-6264
-3256
-1701
27755
-1499
-10505
901
3730
-945
-12215
16025
-6037
-2560
12379
-11905
30034
14000
-14461
-13225
15690
4681
19105
-3819
-6594
21500
15580
14354
-14364
-14838
-11273
14397
-6409
-468
-14064
6910
-3173
-10605
20715
-3089
-8587
-19415
-13928
1319
-11440
-29736
-7591
-3969
-4199
-21454
-1184
14556
-5483
-14431
-24128
-16565
13472
-2566
-10414
7207
-703
-4252
814
352
-18138
-5897
-32768
-32768
3664
17153
1304
-20514
6690
-6713
-386
3162
-32768
-16740
-4218
-3818
558
-14989
11161
-11991
-61
-18066
-25637
-16707
-25080
1544
9334
2993
4667
-5434
-13623
-17493
-31782
2059
-2038
-728
-15547
1630
4814
12843
12572
-1871
9187
-12584
-16032
-17568
-1472
19292
-2434
-6872
15962
6474
23170
-4788
-3480
13112
15342
12061
15860
13699
-1824
4520
32767
-669
-35
-11046
-10750
17473
11595
15737
-3672
12000
-3776
14361
10904
7654
977
5483
-11864
-5871
-13366
14197
13818
29169
20575
1305
-7608
6349
22979
6652
10533
-13973
-11726
-9748
9479
18936
28316
-13459
-736
-24027
-5973
886
2189
-12573
915
-7512
-2826
6981
9233
12486
-8633
17645
5697
32767
-2940
-23671
-4308
29451
6203
-18299
3998
9333
2375
8069
-20974
15486
5684
-13440
-16810
-18309
31230
8625
-3679
-24800
-2155
8206
165
-13700
-3243
16230
22498
8761
5137
15552
22380
10066
4641
16319
6266
1432
-20859
17366
15847
-3986
-11022
-27055
-3745
-4011
1830
18181
7830
7695
-16670
-32768
16167
18161
4569
80
-10153
-11527
6031
12110
6608
3840
10896
240
-27654
-3538
10699
-8912
-14878
4190
-2733
-5685
-7710
-6178
-2888
-8187
-9632
-20019
-12037
-2667
-15316
12011
-6059
5325
7652
-16157
-3947
-12423
-8190
-30377
-12683
-674
-8393
2623
-1225
-13619
15771
4941
-1672
-11160
-6361
-9190
-25559
4794
13690
16572
-17924
-15624
17852
11453
-29369
-16758
-7648
-19428
-8350
-6443
5695
-6397
-17101
3837
10793
11596
-9706
-4926
-9430
-4616
-5254
6097
18873
-3337
8733
-18287
2861
4085
17860
23745
-6874
-3669
15040
9779
-387
-4169
-143
17604
12496
3864
-8945
1611
2781
2727
-2757
2815
5819
2522
-10654
5546
-12254
-13954
-6432
-1589
11175
-3326
405
-9255
-1388
-22189
12614
1836
1917
20861
-11432
10071
11504
2238
-5547
-16306
-4688
-4368
-1708
-3
1224
21318
6530
12772
-20975
-10759
-882
-18656
-1416
-6586
-5498
-6865
2878
-17435
2075
4646
-17857
-17736
-20261
-18345
1491
16950
19624
2853
6700
15509
-837
3471
12590
1933
-19241
-1300
3496
17234
13612
16394
15657
-8488
7533
425
-2380
9694
-3810
1868
8628
7224
9061
13079
9610
14783
1816
-3876
-7001
1778
23590
-7652
-7185
-8191
9460
11783
-2872
8235
-24480
-13692
6194
-7162
2838
984
20408
5277
1534
7301
-13248
-9282
-1053
12090
-1243
3293
8453
739
-1191
-1890
393
725
1771
-6596
4398
-6934
-8436
-2187
-13446
-6982
-25051
-10089
1907
-7486
-9533
-23105
-16320
1467
-6953
-1202
4233
-4438
2485
-2093
-6267
7240
1495
2887
8549
4189
3126
-2448
1914
-4465
2454
8224
1411
2414
11970
688
-12432
-9396
-9645
2987
6971
1606
-6
3670
-5807
-11262
12049
2266
-2436
20440
11347
-5675
-1019
-505
7377
3454
-7076
3315
1176
7820
278
817
3426
-3025
2486
-4795
2784
6607
-4865
-5875
406
-7519
-13558
-4321
-8811
-3539
3674
11805
1313
-8260
-3371
-25084
-16085
-6013
3024
1323
-9555
-834
-2605
-6795
1971
-1211
-6511
-6697
-660
642
-1647
11707
-6008
1934
5836
-165
6416
13571
-2043
-5678
4272
-13340
-3100
4145
-12908
-9981
-6756
-3677
7929
5661
-1027
-6929
19959
12206
1221
-6460
-7768
129
-8792
-12256
-3899
4746
9235
13297
23857
18793
11278
14229
1362
9410
-6494
-6656
-1964
11163
6609
3961
2731
-7681
-9775
-2945
12096
-3220
9326
9470
-3779
1670
668
-13140
-7829
-8160
1204
-4058
-4837
-6116
3218
5478
3708
9994
-4097
6853
-8591
4657
-1386
10221
9036
4433
15817
-8335
-3391
7741
12105
17627
1871
-3229
9680
1720
-3710
710
14524
-3454
-8750
-3971
-3152
-5947
4694
1342
-7063
6140
-8833
1587
19061
-1055
-1407
-15908
-10635
3897
-8689
2236
12703
6941
-1133
8240
4561
-3216
-2995
8459
5949
23644
32767
21823
663
-5017
-10387
74
10320
429
5267
-9953
-5153
566
9296
6940
-12765
-24094
-6983
5606
10531
2704
-2588
-4066
-2394
-1490
-16825
-3661
3559
-204
-12688
2565
-3289
-7632
-6814
775
14022
-4162
-10258
-23857
-10022
-6674
-8903
7059
9485
-2729
-13117
-2230
4076
452
-1554
-11069
-7269
-17572
-25082
-2187
-2772
-10394
-4200
-12155
-12844
-121
3543
-2426
-1912
11135
14855
6805
-2885
-9915
-13929
-25857
-18185
17191
13486
-3989
-2060
13556
-2247
-4760
-3852
-10730
6328
5294
1092
18493
13961
4679
-2747
-22138
-13835
-16111
-24879
-49
17779
-266
7489
-2468
10770
1001
-906
12285
-17160
1953
4139
-20443
2302
983
-2544
16491
14266
14446
-11660
-18798
-15208
8062
9598
8451
-4936
-4636
13436
8598
7633
945
-5912
-3019
641
-2269
19731
8062
-6298
-2816
2657
8095
10838
-8647
3480
22331
3354
-12455
-5519
1092
8426
-902
6228
15585
-2264
7273
-7582
11405
13742
-7114
-5655
1284
10105
13153
-2137
-9549
10227
3576
-4929
-9914
7657
29530
12647
14067
-7502
-10890
12045
13125
17395
4604
14399
11289
-414
23478
13421
-20877
-5195
17743
20169
8853
20083
-6423
-11517
15922
6871
14220
8186
26377
8107
-14103
-13887
-1208
1848
9904
20207
-359
21044
-257
-19227
-11808
-5748
5958
-2660
-462
-969
8729
32767
5060
-5690
182
5900
-4426
96
-11050
-18114
8661
-18156
3209
1899
12281
30182
4882
5
7231
-17488
-15388
2072
12565
27147
5593
-19312
-5151
31475
4264
-15542
-17336
-5758
-7662
-13272
11178
-5411
-3909
-9432
-6914
13729
-7118
7764
1553
-898
-11840
-28143
5757
10932
8601
4785
-10534
-18595
-18543
6322
24153
-9702
-30400
-25164
1062
14243
15539
20754
12340
-8146
-22891
-15490
8955
21081
-6516
-4610
-10086
-2497
-462
-17691
22012
18467
-16479
-18400
-21425
-13089
18404
20050
-5708
-16254
-26690
3213
6720
-17158
14026
11214
-5842
-14632
-21929
-2987
23829
3798
-6188
-12609
-25137
-21586
-25154
6763
20709
-6324
-28161
-15655
-22162
-10148
-7755
10073
10410
-12615
-5243
16067
13006
-3366
24434
-5480
-24445
-25604
10299
23150
18738
12079
-9456
-12106
-7685
11316
6930
1939
3758
-9729
2350
2933
-17594
-14117
-9566
32767
11827
14671
10036
-17726
-5157
-4536
1998
1979
-2388
8653
18530
-15418
-31366
-20694
887
10174
4722
1368
-5141
-15551
-11111
-3144
-7872
17131
26526
8059
24736
6234
-21608
-18650
17147
14573
-16103
-421
31574
31595
14040
-3665
-30658
-14598
4133
9158
-2411
13172
20280
-1941
-4111
8361
2052
-16276
-3005
-3339
26918
17673
-29545
-32768
-18529
27493
14105
-4339
17887
-638
-27964
-20940
-4940
15697
15342
3180
25972
28215
2496
-12034
-1835
5715
2841
2028
1565
26208
19158
-824
-4283
-5790
6867
32767
1776
-5486
3909
8706
26120
-8746
-19504
4371
23373
-16347
-3180
7417
16187
-15031
-20915
20549
10654
7808
-6052
-5371
-10027
-5297
1974
2289
-3187
-964
-4762
-2708
12340
-9125
-4643
-9142
-1486
11402
9887
22793
-4137
-12192
556
25745
7763
-3179
-30560
-6263
4714
5130
19894
-17064
-9997
13863
21490
5567
13190
-11713
-4463
-27477
-12845
18727
5213
-6053
-16089
746
-1516
2879
9443
1059
-9464
4075
-16731
1992
6344
-10997
2370
6701
-4688
-4007
-2216
-5647
145
-15053
3755
8551
2464
-5912
-10460
-2178
8714
9120
6739
14635
138
-15748
-286
18769
7768
-19189
-11013
-5816
-747
22623
12183
-8647
-10354
-10735
-10719
-361
11161
27929
25559
4700
-9470
-6001
-5537
-5814
-5331
9058
17229
24743
-1877
2927
15404
-7641
-7917
-1325
-1804
-6511
11402
5489
3612
-5925
-11237
-16670
-5126
608
12991
16313
-11723
-17693
-6899
-3324
-4759
1854
3735
19744
-7907
-8823
4738
-740
1137
-8977
9298
5420
-14783
-10798
3691
5452
-8218
-14310
6653
15888
-5068
-6481
-7388
1661
14194
5422
-8062
-17684
-14299
-535
-7079
-13801
-9640
10410
3084
11458
5700
-19471
2272
-13467
193
-1803
-7801
-12576
-11170
1493
3387
460
-9110
-4339
6406
17245
7781
-1053
-8156
-297
-8074
9522
-3688
-10066
-504
4005
4509
3883
10255
-21344
1309
14264
15059
3546
-7329
4646
517
3625
-5302
-11882
5881
16730
21243
7342
-8921
-5400
-42
17099
6822
-734
1366
5534
10285
11339
18420
-13920
-8154
-4726
-4201
6131
10801
8205
5335
11507
-6683
10489
-7649
-6757
8338
-6448
-4831
14610
12724
5208
-3508
-29279
-6529
8913
390
4960
12344
-669
4403
11679
-110
4228
-9918
-8021
14469
14213
1453
-10713
-4506
14423
14424
1060
-9271
-1976
-654
-1095
8585
2821
1355
-12284
-10208
-5303
4528
-5932
-11145
-3203
7504
8892
11616
14929
11066
26543
1416
6812
-5093
-6911
-11827
-7794
-1205
-3219
4610
-4355
180
-13522
-9533
-11105
7032
11516
8090
36
6259
20264
10434
-678
-19200
-15042
-19927
3290
21084
8111
-1830
1729
4009
1534
168
-9144
4527
4889
-2166
-7758
-9720
-10163
11936
10312
-3547
-8135
-18841
-8634
16489
8731
6365
21003
-9035
-2235
-5352
-11721
-21775
-22663
-7492
9067
2479
4953
4707
14704
15232
6329
-3931
-7346
11393
1112
23472
-11778
-10850
-417
-1254
10635
1579
10987
11729
-4886
6402
9062
-10203
-18838
-4303
6475
1774
3713
-13382
2635
8580
-5732
12292
5722
-996
12111
-9177
-5845
-3933
-1522
1096
8199
-2511
1443
-3897
-13171
1642
-13173
-27957
-31015
2941
13399
22583
10304
-373
3835
3595
-12128
-26235
-16724
-12020
10250
10910
13193
15700
9682
-4719
-9101
7591
-4448
-16783
-9074
6001
14422
5682
-5795
-3070
-2185
-3381
-5374
-12281
-3133
17555
3740
1846
12070
-7300
-8347
1436
14007
-347
-2124
2714
4421
-99
3197
11810
-8717
-9749
3638
1587
-1062
5054
6024
8389
2407
-2361
-19952
-3998
7492
1209
-1443
5564
6696
12702
7999
-10887
12907
-12831
-13936
-8413
-12216
-1680
-10567
3142
17173
12258
-1844
1270
9370
4099
-6052
-7697
-4110
3867
8074
8121
5614
6421
5945
-1365
-10510
-19974
-18413
1808
25542
17716
13771
15417
-9329
-28905
-21196
12566
19880
4706
9766
5457
5561
-110
-8151
-12145
7372
20777
9353
8508
5501
11672
5760
-17561
-23401
-13409
467
22724
3446
1916
6383
-7067
-12299
1279
18056
8351
-1185
-3310
-840
-11505
-13629
-10913
-4648
-1834
-365
-2310
-12564
-12002
8399
13365
395
-6933
-6673
-5719
1714
-2893
-4978
-4925
-8957
-18201
-14359
-4385
3768
10644
588
-5179
176
9024
-6270
-2818
-10922
-4270
1308
7071
7455
5584
10850
1471
10427
16261
12192
4530
-5817
-11229
1994
606
5621
-964
-9971
-3538
-2154
8311
9169
-1209
-687
2084
2882
8381
14617
5431
-8962
-7660
-3198
-4281
-8632
-1365
12952
5943
-286
-4071
-1992
603
-4474
-7278
-7922
5130
11595
8757
7098
3030
-11005
-14230
-6913
118
12119
11273
562
8403
7936
2282
-9552
-1610
1612
-7469
-1887
-15040
3273
16327
11989
12253
5726
3036
-3958
-13851
-11201
-5239
-15284
-7013
-787
-9375
-10792
-10142
-5410
-4255
6907
5733
-2397
-2277
-95
92
3470
952
-7873
-2951
-5782
-4246
193
1003
-4864
511
8843
973
-7321
-12361
-4853
851
-5532
-3751
11427
6958
1810
3295
4414
2386
7389
13411
2217
9423
14938
15581
9800
1795
-2227
-10102
-1028
-339
-2480
13633
9528
3549
14479
14445
9695
2617
-5495
-1097
6458
1038
-2712
8310
2318
-5661
2413
8093
10164
4832
857
523
5798
4232
3334
3990
-8031
-6892
710
-6003
-8657
-1416
8589
2558
1567
5214
-427
2142
-4337
-4319
-610
754
3619
2244
929
-622
2578
787
-1261
6201
4903
1330
-3845
-4718
-3735
-3652
7743
698
-8361
-12168
-10399
-3976
-5012
3029
-44
-2117
1051
-3293
1793
-1749
-6148
-10452
-5292
1844
4076
1630
-8402
-3055
-2618
-1102
-1551
104
-2895
-1516
-3834
-4018
916
-4512
-1985
-7186
-2569
9
-5173
-6044
-10330
-5843
2393
3355
2483
2746
-5358
-13626
-3724
-3170
3453
7538
3892
9193
10545
8517
1133
-5392
-6024
-822
-3303
1348
2266
-23
476
5155
-3559
-9503
-6945
-9227
-5331
-2604
6009
10348
9305
1838
-768
-11056
-5827
183
-3867
465
4323
6831
6547
1526
-1449
640
-133
1504
-2379
2066
3006
1079
2148
4928
421
-2153
-5828
-6508
-6299
-5262
-2302
1681
7693
912
5088
-267
-5360
-10878
-9631
-2714
3272
5609
4573
2563
-3643
5106
-3225
-8649
-14643
-11541
-194
1093
4623
3908
-2709
-11556
-12296
-13220
-5777
-5120
-836
-1812
3664
9512
6811
6622
-4189
-5352
-956
4022
6445
5776
4292
2801
-656
136
1955
-1447
-5895
-3246
2556
8545
4019
-2820
-4434
-5325
-7214
-4385
1798
2017
3029
2458
3728
6064
1983
-225
3008
-3663
-8421
-3223
-4422
-234
3511
3608
5086
3456
2662
2346
3531
1875
-193
-6357
11290
11599
-312
5509
2347
836
4741
3390
3759
378
-2039
8075
7117
7187
2818
4499
8192
5017
997
1258
-3844
-495
-135
1338
10502
6219
1024
1326
1812
-11057
-6665
1677
7801
2494
5547
12269
914
-6042
-10111
-9695
-3223
5007
-2156
1484
7555
3258
-2823
5075
2265
-5615
-4498
-9309
-2889
-5452
2786
5922
6885
370
-9030
2060
-24
-10975
-383
5053
1828
11164
7939
6683
3259
-5113
-6454
-1982
-3495
-1281
11792
13164
7428
1415
-2867
-1205
111
-6558
-9782
-41
2235
3673
10182
6720
177
1005
-8069
-14475
-8967
1889
4728
2879
5337
776
-6271
-8106
-5874
-13532
-6441
2771
3181
3682
8090
6048
86
-2240
230
-2746
-7004
-7031
-4248
-665
-2444
-856
1260
6490
-335
-2986
-1061
-5039
-9583
-9669
-8186
-3800
205
7642
5277
-8070
-3273
362
-6825
-3474
1640
5079
8414
12478
7791
-563
-2117
-11710
-8167
-2247
-953
4333
7586
5249
2760
-100
-3021
-3247
-5642
-5991
-2789
4982
6686
2396
3877
-300
-2190
-3303
-3738
-5107
-4407
-877
4856
6587
2267
697
-4154
-5577
-8339
-7880
-4944
7576
9310
2797
-4148
-5654
-5384
-4926
-3173
-2904
-3531
-3139
-6128
-11517
773
-255
3547
2832
-5609
-5931
-3656
5231
6904
6965
7508
2017
-3449
-4633
-1828
1863
3557
2713
-5227
-1429
8168
2080
3076
5956
3310
2397
6827
2692
-4043
518
1488
4001
7487
5598
-4191
7040
6098
-3048
-1774
-7328
-5522
6511
15765
7978
3950
1672
-15058
-18242
-7215
-3825
3184
14074
9650
-1548
-2326
-10978
-2281
-1937
296
2320
5952
9047
-2840
-1740
-5719
-3833
-9246
-5518
6930
4944
5453
6568
2659
6737
-141
-3060
-5008
-4952
384
-2034
-2960
-1647
4642
-2995
-1603
2578
-1890
1696
2175
-2708
-11317
-4176
377
-518
6144
6410
6724
-4025
-2267
3127
-4187
887
-2257
8674
20526
3705
-7566
-20133
-10313
0
1659
1195
-5331
-13810
-16904
2721
2393
698
2025
-1857
1993
-3163
-13641
-5529
3392
10280
15585
7786
469
-9619
-3170
4679
4730
9070
8568
1949
2717
3245
3078
616
-10799
-15683
-8733
8531
12179
19976
11725
-4064
-9200
-7105
-1564
3439
5041
-10092
-6769
858
8096
6009
813
5813
2535
1218
5618
-4362
1554
5135
2898
5956
-1933
-6329
-13119
-3704
-175
6459
3060
-5535
-239
3771
10917
4795
3496
9982
-4823
1655
10891
3716
5648
-7149
-6619
-550
5076
7847
7799
11804
1812
-8808
-1723
3425
-2342
-5305
4815
2792
1627
-1943
2695
2765
-1466
12997
-7933
-6456
-4052
-1617
11437
5084
6068
2733
-2160
2762
1606
2843
1088
-3744
-795
1162
4341
4564
6151
4532
-2094
-13861
-9995
4702
881
-2437
-200
-2439
7871
1473
1107
995
-5215
-5679
2161
6634
-3422
-10466
-11177
2993
-3809
5692
9148
-5670
525
1030
-8771
-5024
-7204
-10866
-4464
-2110
-70
-799
-1073
-1954
-18880
-11696
503
-8709
5576
2271
1047
1899
-1196
1443
-9530
-19247
-7098
1802
2287
4362
1843
316
-4037
-3349
-10724
-4993
-3998
-4073
-4731
-3499
2384
-7596
-3336
-6583
-6925
-2016
-2233
4637
4274
-5472
6633
8807
2097
-1031
-7529
-545
-6540
-8199
733
3703
-777
2060
-1708
159
-1193
-14997
-6113
2761
-2036
4640
11395
19738
10408
-5524
1577
-678
-8378
-6020
1651
7170
9612
5054
10021
9243
5917
7061
454
-5719
5614
3654
-4419
4907
6403
10156
1602
-353
-743
2547
8700
-4468
4335
5925
-1850
-3387
1476
2610
370
3341
406
-8485
3035
3644
2875
3067
-6740
-5659
-5996
19688
2225
6116
442
-4253
-7644
-2382
7179
-15741
3395
-4606
-3817
93
0
5474
-4378
-5323
-11424
-7512
6356
29
-2551
-11154
-38
-7331
4965
11993
-5273
17380
3428
3616
-5813
-11906
-14939
-14200
9947
1154
14493
4568
-2495
1872
-15301
-11297
-2874
-4232
-12654
-9474
6042
12209
11674
-2481
-1011
3777
-8069
-881
-4031
4042
-6259
-9398
-334
13999
9738
115
-1468
912
13554
-144
8677
3642
-667
-3322
-7085
2245
-1148
-1290
97
-5694
-1741
8732
-3270
1104
7814
394
10177
-5335
2804
3357
-7913
1221
398
-1982
-285
-4485
5195
11962
10226
-9623
-16035
3731
9034
12756
2276
6838
-20144
-10614
5387
7775
7532
19584
-189
-11433
19977
4290
-2213
-10598
2831
-3717
5728
5324
-21032
8109
1811
-6130
12154
6849
-8969
-14419
-11642
-14844
3737
1550
15407
16117
403
9781
-12736
-4377
-254
-8524
7250
11167
9986
1553
3671
-938
-11277
-16027
-3855
-4010
-2543
12700
12598
-11361
4143
2223
-4912
-2334
-14207
8950
2637
15643
-10072
-5303
-5396
-7544
-5053
5547
-67
-9870
-276
-9725
15068
2715
8022
4019
3869
-3199
-8181
-15497
-11265
-1775
-6168
-8065
7100
11222
6231
8633
-6012
-5911
-17435
-19942
-29218
-5455
5977
-8390
8159
16584
5927
-2331
-14415
-6545
3442
3901
-5816
-17429
-14875
-11415
11228
-204
4394
-6633
-10685
3111
5693
5783
-7496
-15248
-12887
505
4848
-996
-14292
8241
255
-19056
-22756
-457
-7490
-1725
-1402
-6911
20770
-11733
-1270
3277
7838
2906
-1933
3882
-7800
-449
-2629
1748
9006
17062
20087
-3226
-7777
4390
-3298
-9844
-21820
-723
-2769
10668
28301
2504
-6092
-13130
-9518
-9076
8966
3758
-11278
3415
13710
15088
758
-1046
836
-18104
-957
3567
2730
8838
-8511
11269
10171
-5788
3312
2226
2580
9699
4937
-1924
5989
3064
575
239
-7022
21577
16649
4561
6241
1697
9084
-18101
6632
8353
-9062
12848
-3755
15986
27900
636
-21115
-9419
9030
17804
19991
-3659
1670
-9398
-16395
4077
3040
4642
-3622
1727
1906
-4079
4235
-365
7701
14211
11332
309
-4646
8750
4257
3338
-1556
-7349
4673
-11984
-4432
-3325
7035
16699
-447
-4600
-8776
5099
-16213
-9176
4185
24
2048
-14159
-4349
7160
1607
-2268
-19311
-13075
9954
11802
-12468
-12352
6950
4311
18331
-17647
-6976
-6598
-18189
11181
199
-5658
-2515
7938
-2970
17039
-471
-12901
3647
52
-94
-13801
-14511
-14172
1580
4871
-6563
9482
13869
4891
2928
-15140
-3857
182
-1331
6615
18596
19750
-7752
-2719
-7122
2295
5898
-11876
10917
15691
10024
9928
2340
-11216
-4647
6826
-5271
-2127
-20266
-14019
7664
18724
20068
9196
7944
18126
16171
-7732
-10171
-11779
2777
-7227
706
11024
5935
11853
896
-2371
3522
3543
-12902
-5422
-9605
2619
-9144
3242
20524
3915
5133
-6335
-3734
-9448
4284
-19897
-21338
-1040
-1592
7926
2599
3546
-8003
-8870
6134
-8284
-32768
-11812
-1648
-5534
13870
-2399
-1119
4552
-12680
-21922
-14193
-3617
-316
4383
-1151
2771
8172
-1736
-2986
-10921
-3864
10864
-17338
-9665
533
-6311
-14155
-652
3046
-1664
2066
-21653
-7055
3695
5646
-1950
-10036
2644
-8533
-6161
-942
4162
5940
-2882
-1896
-511
19478
19606
7020
1434
-3266
-1845
-10190
459
771
-415
631
-6975
7933
10101
-4803
-9789
3295
3999
-3700
-2883
6496
4561
698
3203
8059
3519
8226
-7080
-16513
-491
3618
1274
-10389
8676
19059
9369
13091
705
-5600
3728
2540
-312
-9591
3634
-943
-6318
-1655
20911
10420
-6619
-7148
-11590
390
-13794
-755
7417
13277
1485
-7836
3346
4011
5095
-11016
-10390
-874
-1616
-882
5451
10279
3039
2569
2023
-5629
-9053
-12946
-11041
-4412
1674
13460
8890
2486
8984
-276
-10525
-2090
2169
-4457
-10804
-3110
9524
5931
2768
-5366
-10561
1511
-4798
-10686
-11677
2683
2134
-5278
8867
12668
19509
1939
-2725
-1228
-424
-7171
-5447
3241
1340
11138
17601
14981
14727
9065
-6342
-3476
-1839
8869
19136
10510
11576
20191
5289
920
6085
6226
6810
3279
-2685
2521
11281
14386
9345
10229
13380
389
-4955
-5825
-3035
-5251
-7390
-8255
10029
14250
6209
6500
-3128
-101
877
-8304
-13855
-5501
-377
978
8925
-992
-13158
-20941
-9974
4917
-1579
-3578
-11165
-4101
1077
1787
2387
-10707
-5416
-9358
-21207
-21313
-371
8948
-228
1555
-2689
1350
-272
-5015
-11440
-13578
-11696
-6395
-11391
-1624
12123
-3247
-13564
-17566
-7429
-1183
-6228
-9315
-4595
-2312
6839
3865
705
-2775
-7467
-14514
-14429
324
-90
-13375
-10776
5868
-1467
662
6778
6661
947
-4243
-3790
-165
4105
3708
-2776
1527
15030
11013
-6537
-9192
5141
-2018
-1637
2023
-1289
-538
4150
16186
11703
12047
10708
-9562
-13204
-3082
-3579
6443
8886
14426
16484
8576
11129
6456
5505
-3583
343
-1501
2986
16742
7468
9163
-2456
632
11464
-32
10042
5285
-1146
4122
6396
10395
4276
8303
8709
5823
7849
6673
3534
-3891
110
-7429
-7206
6519
14464
14258
4172
2149
4613
11865
2504
-6862
-10132
299
13487
7667
7390
-2790
-4972
3372
-2793
-1439
-5755
-4055
-3260
1379
10607
11224
9924
5859
-1671
-13329
-9887
-9075
-8939
-4584
-2038
-5070
-4047
-6606
-8119
-1118
-5847
-9897
-9530
-6263
-1963
-3600
-1370
-6308
-7932
-11088
-10943
-7971
-15417
-16888
-8804
3793
8858
5614
-370
-1435
1318
-15295
-15565
-12916
-15825
-2925
-12082
-8206
52
-2711
-10622
-2774
-5042
431
331
-8454
-3004
-8438
-228
1251
-7500
-5374
-12289
-15908
-6675
-8157
3137
2794
2444
1489
-2399
2853
1355
-1816
-5571
-8726
-6653
-6368
1653
-8197
915
3747
-1107
8511
-5377
4151
2681
-1348
5335
-8949
759
8042
4703
15364
2761
1485
-10428
98
-4064
-1754
9491
12060
10623
462
8787
3201
8847
3715
4644
-278
-5714
-5557
-975
2661
11243
13749
9383
3426
5593
-650
894
11133
2749
-1038
-1399
4952
9513
8509
8154
5747
5358
1276
-11503
-200
-5940
-8074
-12792
-11737
4505
11797
7069
9322
4059
-15899
-19002
-9627
3910
4200
10119
-4322
-2400
3407
453
-5001
-5897
-8257
-7608
-1297
-3750
5007
-1578
-2469
1365
2605
-7720
-4254
-3626
-6630
570
3102
10312
3388
-4300
1388
4831
-3591
-7352
-5996
-5431
-2389
7343
-301
1854
9446
390
-7906
-7787
1766
-5106
3627
-3281
-7302
6879
2366
17065
9889
4751
5559
-5541
-3494
-754
7107
15617
4984
8582
12144
3567
11758
6849
7231
-5109
1462
4227
5765
20223
11311
8600
1385
4515
-3922
-9616
4542
4318
1692
-534
-3257
10399
3023
-4633
-4694
-6300
9598
8292
6511
2248
5990
3334
4568
5906
12323
8413
-1927
3230
-543
6912
-3221
1376
-4095
3469
6612
2297
3949
1640
320
-12185
-902
4946
395
-7258
-7958
1532
8292
3966
1812
-3530
5071
-3585
-6234
-2451
351
12528
-1832
-1608
-8723
476
191
-13138
-8345
-10414
3939
10720
6576
2017
738
-2730
-6164
-1787
-188
-1623
-3444
-7524
980
3407
-7112
9140
-4000
919
2041
-13654
-2591
-4274
7218
-4940
1951
1809
4776
6784
-12832
-8597
-15285
-2588
-4181
-3112
2683
-4035
1912
-3871
-967
-1157
-10574
-9485
-6588
2387
3091
-6206
-3195
1357
7937
2224
-383
-3283
-5639
-3055
-7844
-3415
-4540
-2950
-1723
1793
2441
2948
-1689
-11196
-9056
-9308
-10552
-4579
-4750
2856
3881
14
-5222
-5420
-623
-7453
-6861
-9705
-155
3934
1265
2233
-81
-1463
-7368
-7077
-3857
-8319
-4163
-6525
-7345
3206
6385
-674
-9468
-680
6870
4899
3014
-966
-484
-3883
-5884
-6963
-5068
6945
5844
5220
5434
-531
38
-668
-112
-258
-4236
-760
2943
10052
13535
3638
-6136
3737
6438
2452
5696
-5096
-3877
13624
17708
6749
-19
-500
-7300
-1713
4070
-4383
4584
6092
1994
-3931
7891
12760
-3117
1926
4669
11270
3693
-4876
-5033
1557
8322
-310
-2221
7599
19116
13803
-8664
-12857
-437
-418
5408
8132
-1284
-929
366
5712
5180
-5760
-8211
-1596
9947
4132
-3259
-11634
-6803
679
-4317
-16732
-5805
10271
4115
8407
-2069
-1144
-1985
-8670
-13385
-9994
-5825
-3843
9081
7202
12520
9098
-13024
-16271
-3159
-2310
-2356
-811
-3745
5235
4905
-4032
1944
-2130
-10599
-8218
-13136
168
9057
489
5696
12098
-4141
-16320
-9316
-8511
-66
-2392
-4713
-2330
686
-7453
-13326
-3432
6721
8782
-5376
1921
-7201
-7951
-3671
-10447
2885
4979
4457
6044
9945
8965
-4607
-14291
-14084
-3595
8111
10363
2513
929
10365
-1286
-10744
-6780
-3161
3957
7044
7528
14282
3571
-9090
2546
551
2937
-6340
-9356
14636
21303
15281
6486
2926
5977
6471
-11617
-1379
12550
8293
5461
3743
10995
6671
-1141
-176
6185
10526
9582
-11311
5167
19672
-1221
-5069
3457
14887
14649
1829
-5106
7495
4959
1524
1249
-2559
12573
8885
-1735
7950
8321
-2926
-16649
-16392
8639
9691
725
8615
3839
8672
255
-10223
-1792
-8888
-2947
2903
-3934
5367
11977
-5203
-10934
6144
1666
-1523
-5987
5799
10522
-8043
-3847
-7533
-4655
-1389
-2553
-3161
4200
2748
-3752
-3235
4310
5691
-4951
-10632
-6314
-6039
-7683
4533
-9320
-5076
-4879
-10591
-1175
4376
4681
221
1091
-5961
-6091
-6823
-8799
-11308
-7911
135
-3627
-3648
1041
-6742
-12981
-2092
-5393
-2846
12198
13846
3931
-5818
3216
-11797
-13077
-8355
-8408
119
5797
79
-2723
12403
1912
-4966
-3712
2348
6070
-1903
3307
3898
-8491
-2705
1462
2311
-3339
2942
5162
1632
-5248
-1392
10500
-421
4487
-1705
379
2188
7020
-4591
-25373
-2484
4222
-6776
-1390
5162
3837
3472
11760
-6731
-3152
10877
-3970
519
-2613
3222
-877
1247
3745
-4835
-7624
-12106
-7762
-6923
9937
14382
16410
15909
-6417
-9194
-7883
-11416
-11094
2760
7919
10789
11132
257
-99
-11746
2593
-7958
-19781
2270
4604
6296
688
245
2106
-10539
-6453
2555
-11046
-4277
-5549
-11953
15747
14622
-1309
10919
8464
-5267
-9833
-10147
-7272
-10395
-3909
4882
7862
11759
4926
-3950
3744
9861
-3931
-7389
-7511
-3940
15731
788
-9015
13629
13793
-2570
-16710
-13735
-7494
11284
13677
14139
1176
-11965
7232
-19
-3056
-11571
9970
20885
-5641
-12503
1118
7821
-3369
-7008
-633
18672
11535
-6654
-12973
-7314
5317
6070
-2677
5531
15378
-144
2428
-6539
-6747
9600
-2720
-1422
9693
11740
6286
-6050
-8200
-3119
-5286
6597
8252
-78
2827
-2317
171
6361
5217
-9979
-13065
250
7703
-2349
1248
13965
3499
-4429
-17668
-9270
-105
3148
-5594
-2777
6411
204
3050
-10189
-7053
-6891
-2609
1517
-815
8792
9508
12178
5887
-2761
-18203
-9253
6712
3865
4340
1486
2175
-4856
-2362
-8146
-2510
3374
10550
11322
-4342
-4971
-2443
2116
-2341
-3372
1096
-3110
2209
4847
-3811
5636
6784
-5342
-14023
456
1558
-227
536
-1790
5125
-5642
-1803
-2377
1207
13655
12913
-2624
-7964
6899
-3298
-4165
-7517
-3097
11221
9018
310
-9276
-8915
-7060
-2267
-2009
8493
4221
13675
16799
3353
-5773
-12401
-5664
-2794
-205
-647
7222
8799
12533
3875
-1857
10926
4497
-7877
-11209
-4788
6189
-858
-7671
2187
5846
4545
-8618
-6870
2684
-6440
-2018
5354
-320
-6711
788
7425
603
3728
624
-3787
-2342
-8543
-10225
-4500
-2558
-3403
3416
4814
11375
7809
764
-10731
-14720
-13793
608
3044
-7307
3179
9868
12034
-5379
-6950
-11739
-1114
9401
9359
2844
511
10164
10784
10842
-6911
-8483
-2855
-575
5307
-229
-8047
1570
6102
12
-3600
-5898
10244
13781
-884
-24067
-17269
11814
1391
-18851
-8274
14607
22488
4687
846
7765
4283
32767
-6395
-16341
17661
2554
2247
1634
-3029
-5094
994
3614
6197
-573
530
5046
-1260
11718
9441
-8128
2937
-1214
7998
-7354
-15939
14846
-5196
-11408
12774
12201
-269
-11605
-23458
-2081
15796
-448
-10257
-11571
-5067
14489
2061
-11977
-6687
5730
11036
-2496
-12228
-819
8291
-5483
-2094
-7441
-11277
-8260
-611
-3181
-946
3586
-3341
2689
1778
15326
6597
-2996
-7945
-7103
11737
2498
-5695
-4346
7831
16834
22018
11545
-12120
-14316
2587
8513
-6783
-20113
-24869
-2141
2865
-6444
2505
6090
-1226
-14006
-19219
-6616
5057
-193
-5464
-2182
-1110
10316
-2741
-6137
2327
798
-6073
-4049
8724
872
19871
5748
6761
14865
3299
-4460
-1386
1621
-1726
5383
9237
-161
-17433
-19384
1232
29830
14210
-2228
-3084
374
2156
-8718
-15681
6284
5453
-5522
8584
9134
7971
131
-4653
3995
10397
8624
-5672
8067
-3516
20079
22823
-16638
17138
5212
-16064
839
5369
10113
-5
7728
6766
-30653
-720
3440
-9006
6270
23787
13355
8500
-1380
-14623
12356
9566
8570
10381
18290
-7268
-24036
17970
16405
3984
17537
15272
21002
5804
-12562
-14658
1941
24027
-9532
5123
10408
-16262
-14556
-14581
13935
-947
22101
16078
15037
29101
6405
6533
-14267
-20242
3256
775
-5584
12055
-1048
2034
-4330
15713
50
-14870
-27652
-16859
21053
4621
5669
-3891
6972
185
-3314
6444
-8121
-22231
-24467
-831
5549
-7705
-1581
10943
9097
7788
11538
-6518
-15147
-8704
-1021
5806
-12615
-8997
-1604
2426
-17
-8592
-809
-10695
-22798
-21983
-21645
-15096
3729
12326
309
-9038
729
-13049
-18622
-21446
-22418
-10305
-13918
-9164
3543
19230
15270
770
-23441
-30274
-24256
-16419
-4654
10448
29856
2371
-18080
-16392
-13096
-9489
-13508
-23170
-2981
5806
-276
12708
7146
9648
-4334
-13262
-6764
-2129
-29925
-8865
5717
6206
20277
-9764
-7896
18
19302
-1659
-14304
-16679
-13147
-9340
-2546
10867
-7806
3031
1880
918
30337
23247
-15051
-26599
-12209
8986
-2130
-7418
-1753
19436
25062
5242
3010
-2234
-14252
-7135
11016
6203
9528
-173
-1621
9262
29134
21214
-416
9623
-14233
-807
8185
9334
15443
12803
17985
-1087
2750
-3509
-6227
-9022
-6898
18302
15070
15438
17729
11562
7152
-10892
-2690
4098
6571
3151
-5488
12673
2736
485
21381
9692
8803
-3984
-1229
1659
-432
9324
-3273
3781
14444
11955
14197
14768
-8705
1152
13187
2220
-5301
16660
16093
16049
13378
10913
14074
-8850
-5799
-8342
3866
-733
-9136
433
4134
5461
3552
-747
-2161
-1588
-17458
-12813
-14
-3419
7924
1450
1962
-5997
-9397
-5411
11220
9838
-10941
5958
3830
46
-1528
-5988
-13489
-5370
-255
-3432
-13912
-4248
-3058
-61
1898
-7506
5523
3770
-10061
-13135
-2009
-9497
-16165
-11675
44
-10136
-7764
-2332
-4518
7306
-147
2588
257
4369
1917
-8642
2345
-5165
-2815
4907
2214
-5115
-12332
-17253
-5894
2842
-4483
-5820
-6306
-4937
8380
5198
-8700
-8618
-10395
-922
-472
-12167
-15977
-12212
-9015
-976
1151
4087
11780
15716
-6015
-11644
-8287
-9086
-7066
5129
8193
711
11857
9080
3392
-2154
-6760
-16107
-6188
-1323
16703
10421
-5363
5915
4367
665
-6227
-6277
6028
1990
-4180
-69
10366
12108
-4995
3394
7520
4490
-3487
-3364
-9530
1364
6256
-4226
4176
-2495
-10408
-6085
2249
3693
-653
1198
363
-2921
7347
4129
9925
8465
-605
-2774
-604
3891
-1889
-1179
9097
5403
5353
258
2415
-4060
-6164
12858
-3065
800
4026
2593
1426
6041
6213
5117
-1717
-3870
12098
9725
3155
-8357
-549
5934
-6350
-2388
3209
-145
587
3015
1970
-4089
-347
1922
9630
8675
698
-2582
-6889
-5770
4473
749
-1161
3473
2188
6965
152
4897
5731
5594
-4156
-8791
6185
4066
-7446
464
-8179
-7319
-1663
-5566
9494
7185
7769
-18675
2935
625
-5096
14052
-30419
2288
18451
12255
-574
-26929
-7452
-998
8311
5769
-2719
-1858
-8885
4435
-2542
-10000
10617
-16547
-9624
8044
2593
-5257
-4942
4670
-3420
4852
585
-145
4874
-2449
-6676
-8081
-15001
-1676
200
8246
-2261
-11544
-6044
-1912
6213
-16685
-8634
13438
20935
-128
-8005
-8798
8742
8503
-18164
1432
14344
-477
2011
11127
11119
9626
-11458
-18418
-1950
8914
5412
-1065
-5430
2334
3687
16058
7156
-8317
-601
-9855
-11657
-3010
2060
6606
-12210
-4282
11070
-4375
-13854
-6533
-512
-2107
19919
-6771
-2506
15697
-2106
-13718
13068
-3550
-28735
-9583
-12819
-3532
21226
26547
-13418
6070
3408
194
9912
-3746
-16112
-17752
-9950
373
2997
-8704
-5188
-7018
5948
6582
-2026
-7333
1200
-383
-5277
3633
10992
8233
7241
-1717
-5349
-3740
-11130
-21474
-14011
8984
7908
2267
11973
11547
797
10643
-8203
-5652
-10747
-26282
-7542
4424
10088
7033
3489
1612
651
-5974
350
7574
1523
2259
6385
-6754
74
12188
1536
968
-6451
-16238
-16552
-2605
17974
-521
-4504
16035
21956
15718
-1319
-9458
-5067
3774
-10759
-10586
-2804
-6611
-4683
-2888
12602
13642
3205
583
10248
5153
1152
-12742
-20221
2709
-1683
1102
2527
10602
7513
-8922
932
12341
-3659
-5715
-5794
-6956
22902
19689
11761
6237
-9754
-15385
-15257
-7037
1702
7599
19418
9310
2400
13207
14097
4670
-8552
-10303
-2650
830
7211
7693
7181
10659
-10705
-8352
16511
2346
-8785
10368
11514
6193
410
-12970
-1074
18842
10278
3791
1224
-2333
-11194
-17865
831
15923
15250
-224
-11931
1209
12277
7717
326
-19002
-5711
2590
-9075
7919
15657
7662
-6005
714
-2724
-3758
-5114
-11233
9237
12065
2955
1485
6857
4752
-9833
-17079
-8942
-2340
2016
-2990
5989
15422
-3385
-11358
-5250
-5223
-2107
195
-2790
507
-2230
-2936
-7327
-5327
5238
2254
-2934
3224
-2472
-5479
2420
1899
-1894
-9446
-8012
2213
4379
449
5743
-8508
-10950
-6101
471
2795
3974
5528
-5159
-115
-267
2592
2608
-3372
-6500
-85
3285
5643
5618
4543
-7303
-3982
2796
6119
6131
-6942
6749
11381
7923
2006
-8517
-5676
4129
8488
3802
-3333
-9646
-13786
-3686
5594
11768
5735
3022
-2892
-8380
-2454
-12789
-8386
367
-4836
173
9634
-6332
-6178
-8847
-4701
12617
2720
-3072
-9795
-5100
-7453
-12190
-3204
8751
9916
3290
-1506
-5837
-820
-500
-2915
-7613
7976
10481
-2528
1502
1405
11736
8581
1424
-6306
-10118
-1235
-5354
-485
-3593
7461
5362
3374
12089
-8828
-14769
-9921
-13313
-12384
-2982
-9019
-2044
-2212
-4333
-5567
-1848
69
-6236
2255
3422
1841
6854
7262
2115
5335
3285
8470
626
-3012
-3458
1393
955
-1224
5377
6027
15012
9644
4339
8637
6760
-627
-16877
-18750
-4918
-9586
-2851
127
9504
9527
2709
281
-2425
-3322
-13825
-3544
-8821
-7741
5695
-5513
-2143
10965
527
-1343
1854
10673
11440
-465
-2223
10710
-2727
-11170
11976
2385
-1558
-12080
-11782
3744
1749
-5303
959
7193
5908
543
60
3197
-2664
5927
2695
-1540
-2915
-3020
-8104
898
7717
4887
4195
-2789
8169
5836
-5392
5806
4400
388
2705
-11111
-2609
4714
1546
-4895
1600
3155
-1440
-533
147
2418
-4472
-3249
-476
-764
3514
6967
-3179
1831
4548
-4331
-12819
-91
3523
7133
18188
2589
1088
-5416
-3524
5970
3423
-1601
-6408
-666
8885
3106
-4125
-2282
-1538
1394
4001
-2255
-7167
-8695
-10834
-2847
-2000
-2486
2315
3053
3700
2024
-7632
-5189
-3453
3488
1810
399
1712
-5182
12326
6598
-7658
-3499
10551
-459
-3134
-2817
-7274
9924
3762
-1959
3125
-1485
-8538
-256
-549
131
5286
-2208
-2839
221
-1108
-595
-8150
64
11069
5395
3172
-5479
5233
3099
-3020
8527
-3720
-878
5698
5952
7238
1788
6854
-7956
-5548
2052
1739
5568
-4428
-2299
-5257
3712
6128
-635
-1866
-4626
-2109
-3366
-966
-2206
-5989
-2796
2650
3047
923
-4539
-1125
6705
1064
1308
874
-4713
6902
4017
-2160
2603
-2910
-3581
-2806
-1614
-1262
-1149
104
-855
-2411
-4830
-4249
-1454
-4379
-3314
-3062
-4483
-7476
-9485
-2854
-2407
-3456
-3642
-427
-2693
-4980
-4672
-5151
-5875
-8420
-2987
-4611
-5822
-122
-391
-5767
-7262
-1318
-2635
-1542
2440
3296
1009
-5086
-1096
-45
-1280
-5662
-2472
3689
387
3834
4305
652
-1725
3625
2000
-1076
2113
5523
5043
-4258
-1957
1815
-396
-1032
-3153
-1878
991
1116
2968
3165
1429
3129
1273
-823
1446
-1557
565
4510
1262
2242
4866
1946
1523
2212
2443
4808
3739
7738
7285
2060
2689
8136
5727
1694
4167
4019
5725
3032
301
1787
4025
5032
6006
3632
3876
3435
3120
4219
1283
2384
1646
2795
6601
5847
3688
2109
4590
8998
4101
3264
3294
-700
3925
3433
-2033
-476
-444
994
533
-195
2247
-117
993
2374
1128
-1176
-1159
-3537
-3642
-219
-553
1421
-1325
-1110
1053
-953
-103
393
2016
1210
-454
-247
101
485
117
-1661
-2833
838
-965
286
-1199
-3597
2006
-1222
2150
1344
-2040
-1398
-2501
-373
-791
-2549
-2205
-2311
-380
187
-3931
-5036
-5652
-2858
-219
802
-5460
-3559
-2726
-5076
1390
1303
-2688
-5317
-1888
57
-1609
-787
-2634
-3292
1206
2287
704
-5420
-6668
-2298
68
-583
-2086
-3943
-6333
-5606
-795
-360
-4291
-5894
-3711
-366
-1134
-1092
-4505
-4537
-517
2326
-696
-950
-236
-3307
1276
2980
2611
207
417
907
-1199
1383
3173
-126
-793
4069
4376
2154
-1446
-36
-393
-2956
-742
-682
283
758
2417
1062
-1183
1171
1300
-1158
1345
3298
2628
3949
4299
3994
3836
5195
5542
6337
5035
5183
2447
1591
3659
3173
4971
2668
1514
1476
740
1832
2912
-1056
-1828
1250
636
351
998
246
-8
-438
2083
312
-4134
-2737
-1828
-1894
1347
3309
-1350
-5004
-4133
3147
2805
481
-1322
-4314
-3576
-1516
171
-916
-1570
-378
3632
4122
699
-755
-197
4725
6201
686
2740
2271
528
1224
289
856
-1726
-988
1544
3662
4635
4355
3155
-3219
-1188
-783
1523
-785
-3164
209
-937
2058
2509
2604
-872
-2083
1740
3443
619
-438
-3579
-4161
315
4475
3362
3437
22
-5348
-3688
2140
527
-1898
2691
5067
6740
5552
6142
508
-2989
-2323
2450
2684
-1979
-2109
285
3337
7327
6756
1949
-3165
-2326
-1347
1202
-1086
-5226
-3836
-2854
4457
3677
1165
-3229
-4413
-1887
-1478
-2043
-636
-699
-3176
-1020
3143
-868
-1590
-3031
-4412
-1654
-60
-1702
-6000
-5300
485
3026
-25
2579
-2454
-1464
-1959
-3594
-618
614
-2729
-3448
709
3683
6142
1630
-338
-3552
-2785
51
-1620
-837
-1162
259
2411
681
796
-205
-2929
-846
3525
4453
2288
-2862
-2557
792
4204
2745
-687
-2074
-3299
-746
1975
2825
1377
-172
115
2069
553
-1051
723
849
-2041
-1535
-3133
-536
2172
-1703
1061
5063
2103
-74
-1457
-279
-162
-292
709
-338
265
-38
314
-2436
-1092
-2725
-3770
-3393
-3625
2780
217
-5685
-2813
-5830
-2269
905
323
-212
-4379
-2060
-1826
1427
173
269
1189
5356
6988
848
-1774
-3543
-1880
2358
4403
8105
5436
338
1779
-5126
1950
-291
-331
3324
-4961
6465
3748
5383
3882
-2432
801
-3762
738
-778
4656
460
-711
4319
-3417
7625
1322
-1489
1156
-2056
3209
-4962
-4496
-239
-5784
-1186
140
2028
-1929
-3070
-787
-5552
-350
-3832
-1102
-6382
-3107
5150
-528
2703
3258
4694
697
-1697
4968
-687
-1244
-3742
-4824
1735
102
2573
-2109
605
-2110
-3804
-1502
-5975
-376
-2238
-5214
-282
3370
2094
-2093
-2815
-4610
-3730
-1487
-2615
-387
-4580
-533
2837
-453
3058
-228
-2797
-3373
-1268
891
-3223
-3289
1491
2818
1038
2315
2178
-2774
-2024
208
1816
1200
155
857
858
1506
2401
2255
-735
-146
-3013
423
3309
1923
-849
-1832
1710
2478
3198
317
660
-2236
-1624
3925
2935
-1232
-3406
-2201
-1189
1195
3378
3053
1113
-3325
-2451
-1972
-1857
-2176
-1417
482
-466
3599
1763
-1420
-2834
-2813
-2542
-1140
1949
950
1454
-81
-2928
-33
-1178
-207
-1140
-4767
-1206
-1795
-767
-273
965
-737
-3569
-386
-1684
-1547
-447
-1946
801
-1002
688
2173
2285
1881
-416
1438
-3910
2007
3289
929
539
778
3750
422
914
242
-1376
-244
1438
799
-512
-704
605
1153
3677
-2
49
-865
-1713
29
414
2197
-1165
-1153
1981
2993
2434
2306
-1056
-2575
-365
-670
192
3284
621
1697
1196
-503
1440
1776
2741
2156
1512
1716
-1355
-422
-3356
-2224
442
-736
3100
2446
3031
-167
-636
-1376
-866
-1088
-1029
2198
1237
1024
540
-1014
-1050
-300
-222
-1780
-2209
-56
-486
-1086
-2241
-3017
-2511
-2617
-1486
-438
-1495
-2569
-3700
-1587
-1245
-2921
-2031
-158
419
474
-678
-2258
-2157
-2738
-82
-1257
-1764
-733
-2176
-2860
-3545
-1351
-322
-2033
-2880
-2794
-2786
-3469
-2869
-1685
-867
-327
-1523
-670
149
-1460
-2924
-223
1267
2476
-149
-2659
-1648
-1329
-1540
-2354
201
-1209
454
2432
1087
1597
1567
683
-138
-430
-1283
1626
2604
206
333
460
1481
2149
2720
2651
1285
976
2706
5566
4847
2538
2393
2628
3857
1368
1308
284
117
3886
4008
4552
3390
1965
-105
1776
303
344
1546
474
1278
3582
4925
3181
3083
2218
2287
2232
1928
-327
990
1039
2271
3631
2246
1315
-334
-850
-1582
-418
-178
898
2436
1439
-844
1220
2320
-417
-918
1010
1898
2600
2196
744
364
769
1047
695
1570
2258
-511
-171
1365
-342
-1040
-3171
-1814
560
1413
34
-508
-178
461
-1124
-3093
-3332
-5413
-2922
-1506
-2217
1054
-903
-1791
-787
-1535
-1136
-3653
-1747
-1749
-1380
-917
885
-478
-2085
519
137
136
-311
-1831
-3386
-2351
-1556
-489
469
452
2737
4283
774
-66
-1809
-1167
-2665
-3000
-444
-287
1169
-1235
-226
-611
-408
-109
-4204
-3364
-1349
-1700
-148
1859
3009
1946
1521
-675
-2348
-3315
-4983
-1460
1299
3915
5367
4123
2798
-807
-1428
-1224
-773
53
1182
3823
2233
2647
784
-742
-717
-508
-288
1252
2904
216
1831
1833
1969
1604
738
322
-739
565
1461
1703
1038
-456
-730
-579
654
629
-400
-586
-2248
-1988
732
244
-2219
-1456
-1432
-2166
-1177
854
400
-82
59
-319
808
584
-388
1533
993
996
1238
417
263
-495
1595
1704
1238
1890
1003
213
-825
-1258
-1219
-1245
-1007
-1288
-1872
-2769
-2047
-2975
-3449
-2471
-1719
-900
-1690
-2214
-2071
-2080
-602
-1529
-2196
-2414
-1155
322
-569
-730
-1257
-31
-1171
-1464
-680
-765
-1633
-1282
-32
-18
368
-230
-852
-828
-640
-338
-695
-1284
-1042
1550
1864
112
298
430
727
-255
589
1454
1192
1208
1463
956
266
448
895
-1509
-1494
791
1102
571
-632
1065
846
491
-554
-700
450
-955
-1012
-412
90
148
-880
2176
-2147
-2138
3792
970
918
-1849
989
-1042
-2967
5068
1470
305
534
2845
3707
-2261
2278
1683
2069
5509
1888
3520
1934
1572
3112
1071
1724
1602
1901
2422
1308
1593
341
2166
2162
-786
519
101
-61
-506
3179
1415
-3114
1697
138
-2679
-2348
-1790
-490
-1861
-772
-2268
-3653
-27
-657
-3211
-2178
-2420
-485
112
-568
-455
-1724
-83
-923
423
26
273
1128
-9
477
-1071
361
571
404
675
-701
-890
377
252
-380
-1731
-1381
-55
-1279
923
44
-1862
-888
505
276
-1379
-1290
-136
-732
-1494
-1728
-511
568
220
-245
165
-1101
-729
911
-899
296
342
244
248
1830
580
-1
1156
1357
123
433
1389
1249
1374
702
1072
64
745
1123
1888
1267
352
309
592
583
1981
1534
515
235
346
931
-930
-407
776
-209
312
359
-441
-729
-1139
-1363
-1920
-1036
518
421
-942
-1232
-1392
-285
124
-270
-1170
-808
14
549
1162
552
-343
138
139
-692
-629
-1341
-1063
-129
286
116
-220
-403
-117
-1596
-1025
-23
78
-929
-375
605
1024
1561
505
1282
-417
-60
416
381
1770
-563
149
-267
-1034
624
466
670
-1745
-637
-73
-631
-834
-1545
-1164
-898
940
981
-799
-1782
-1323
-1045
-346
925
337
-1280
-744
-66
515
48
-255
-1180
-1292
-1581
-215
1117
-859
-2489
-2468
-1044
54
681
-373
-1336
-1427
453
78
9
-692
-1109
-619
-110
282
-95
208
-768
-747
97
-58
349
-213
-2406
-1904
-194
53
-1542
-2010
-422
105
-1404
-1310
-569
-1015
-1636
-35
-477
-1656
-883
-972
681
1560
1010
1348
-275
-774
278
768
1656
248
-671
656
1992
2636
1838
655
200
-880
452
759
624
999
292
1605
2534
1826
536
-41
957
1395
1474
2260
996
106
1110
1575
1947
1418
643
-259
148
1372
530
1420
506
124
392
889
1681
556
688
672
-160
699
1668
1116
1239
58
680
978
1450
1571
-217
74
616
1224
1480
800
693
-573
-178
-158
54
445
-577
-1199
-1400
495
764
588
-497
-1840
-1695
-768
-830
687
-140
-1345
221
1397
1610
985
1039
-435
-33
1194
1771
1372
379
207
460
789
1093
1252
666
-24
-331
-477
303
818
-785
-1495
726
1008
1208
1227
-238
-464
-549
230
850
888
209
249
626
521
964
575
-499
-405
-286
780
746
-691
-644
374
-428
-1188
-274
-849
-1151
-1535
-1438
-457
-302
-954
-1894
-2076
-922
-633
-1561
-2267
-2370
-1790
-1054
-819
-973
-1281
-2156
-2705
-2358
-1078
-661
-1911
-2772
-2968
-2239
-1641
-1403
-1642
-1998
-1887
-1455
-48
-863
-1668
-2009
-2278
-1362
-418
528
-840
-2059
-2235
-749
674
182
-342
-787
-495
143
6
-622
-773
-1287
-1647
-680
220
146
-678
-1550
-1083
-714
-89
340
-203
-179
485
757
899
1466
754
811
853
683
1955
1873
1234
360
628
1939
1794
1576
497
769
1102
200
1720
1106
742
159
-641
1081
1819
2055
456
770
1486
904
1426
1125
906
443
385
1576
1448
1125
342
-375
-208
1020
1642
368
187
354
52
306
1362
63
-310
533
809
1305
1290
1028
494
250
697
1319
1706
1217
537
758
1265
1875
658
522
594
495
1169
1396
566
-175
-372
-873
406
304
-513
-1080
-1083
-533
-410
521
-88
-565
-210
-454
10
-256
-669
-1087
-838
182
310
1062
735
-345
-288
284
893
326
-129
50
160
649
503
124
-125
-300
-785
-664
308
237
-195
176
737
621
541
238
-302
-111
-76
15
615
587
597
465
324
258
266
-198
-865
-968
-950
-691
-757
-582
-811
-704
-626
-806
-309
-75
-32
-793
-1199
-412
251
-152
-434
-141
-52
-36
-378
-478
-210
-336
-879
-558
-246
-795
-1206
-1125
-724
32
151
-565
-931
-1255
-777
-29
283
12
-773
-701
-210
-24
133
-54
-341
-466
116
484
-131
-358
-960
-547
330
338
-74
-1026
-930
-177
75
45
-274
-923
-1064
-840
17
373
-4
-594
-548
295
176
263
-92
-423
61
249
129
337
104
25
81
488
1368
902
730
374
188
512
739
264
-471
-312
260
-229
-351
-433
-563
380
-4
93
579
417
-83
-122
-41
-347
-100
692
474
289
241
-136
-135
147
453
55
-253
-53
59
-460
-440
-563
-545
-547
-486
69
511
346
-141
94
626
594
506
472
162
27
327
745
965
1272
667
519
789
531
-107
-321
-566
-529
-237
-521
-450
-393
-518
-586
-420
-112
-108
-702
-732
-202
217
-483
-240
-329
-969
-448
-397
-241
233
292
125
436
251
105
-442
-660
-459
-419
2
16
-246
-395
-575
-416
-561
-1129
-772
-774
-1073
-589
-454
-223
78
-595
-655
-256
-265
-588
-658
-320
-183
163
76
-33
223
330
-71
-4
196
-398
-169
-689
-276
525
-151
56
241
-147
-571
-724
-440
-122
30
-3
-141
356
138
-59
-20
-55
262
423
248
248
586
57
45
196
298
85
-326
-146
-85
310
471
-99
-93
176
-438
-378
-143
-266
-83
271
617
582
758
521
224
274
399
286
406
213
-167
216
-221
-174
-182
-250
-12
-116
-54
-527
-955
-683
-187
-304
8
-188
-208
596
379
307
444
457
211
198
592
507
699
1125
1126
1481
1116
431
376
36
-422
-616
981
1307
988
1544
1621
1007
188
80
-977
-684
260
790
1506
1528
1455
1798
1218
-403
-1301
-1282
-1470
-1179
-394
975
1331
773
444
-169
-228
-2299
-3182
-2467
-1814
-48
1136
1792
1339
462
202
-719
-1161
-1961
-1797
-343
1043
2900
3051
2072
1086
804
572
-511
-1434
-1893
-1397
-335
-325
504
1188
611
323
-679
-1583
-1828
-2139
-2206
-1652
-738
-96
648
289
-1143
-929
-736
-940
-1093
-1603
-1499
-1151
183
1168
1464
-84
-1640
-953
-393
-236
-765
-1161
864
1788
984
-847
-3032
-1055
3363
5330
1007
-2186
-3005
7
2267
-787
-418
-1052
275
1708
-494
155
-1832
-1474
552
4627
5168
-1187
-3032
-2256
115
1531
-94
-4124
-1240
681
24
1151
2963
2681
133
439
1531
2320
1043
757
1115
1278
1011
-1556
-2501
-1215
-156
1195
2082
3754
3933
3124
525
-1223
-1103
-1043
-1780
-2855
-2532
-1205
1559
917
-775
1842
2744
1058
25
70
-1120
-2916
-197
1664
1480
1252
-330
-835
1424
2466
-1454
-3420
-1222
390
1921
1769
669
984
391
-1120
-2326
-2813
-2406
-1701
-915
1452
-164
-1706
-370
1498
3348
1015
1599
-1204
-3480
-3298
-3046
646
539
-1773
-2280
442
2695
1703
821
-1694
-3576
-3613
-1963
195
788
2005
-632
-298
756
-1587
-3283
-4334
-4019
-2288
-1349
-21
298
1008
1187
1509
1497
-314
-752
-2918
-1400
-449
548
872
1640
1181
-845
2089
2084
840
777
-2017
-1727
-82
884
1353
425
483
-819
40
1162
859
-349
-1877
-1061
970
1839
1356
-529
-445
-804
-1025
-1023
-57
1421
-222
-641
-1497
-676
-391
-8
756
897
351
-1519
-1288
-1176
-651
-83
-41
1567
1494
-663
-703
1099
1709
2003
2296
1031
-1008
-262
1127
956
1556
-124
35
2150
1396
237
325
115
-365
819
1483
681
-688
-1588
272
2107
1305
-889
-1185
326
1779
2272
1470
2113
1066
-1119
-1043
-862
-272
715
1347
3203
2894
1197
-341
117
799
-90
-169
-37
1271
1980
1338
531
-87
-1047
-191
204
-142
1305
1355
-527
-378
-1419
-697
1572
1736
-60
-2509
-2127
-3192
-3998
-3284
-1683
7
-198
-632
127
796
534
-1890
-3406
-1271
-456
-1525
-132
-487
-1715
-1770
-571
1381
696
99
-1993
-1717
-301
-132
442
630
343
-691
-1254
-1162
496
112
-544
-179
-731
-72
625
-110
-1183
-1757
-2867
-2674
-651
-1415
-1833
-1080
-1390
-1148
-719
-771
-1594
-1895
-1702
-241
589
836
937
423
205
-98
85
-438
143
1190
1803
2720
1978
1302
1229
955
975
1534
2110
2264
2257
1782
2454
2229
1286
2018
900
317
987
867
449
164
572
700
1693
2112
1095
-148
-687
-35
408
571
1143
952
255
-258
12
-297
-79
1365
1431
1628
974
316
-851
-1164
-495
-430
302
80
-98
90
-720
-421
-531
-1086
-35
1364
2149
1303
1145
1612
2046
1886
1181
373
717
1433
957
304
910
1369
1161
1192
1049
1141
395
-75
238
628
21
-34
-473
-1067
-488
-340
-207
-438
-294
134
141
167
164
-276
-131
397
463
-196
-315
385
525
467
741
951
1042
748
795
952
237
-4
-686
-618
-254
-99
-33
-157
-175
-1593
-1593
-968
-535
-220
-1453
-1472
-1293
-1371
-938
-765
-932
-1249
-929
-1515
-1339
-681
-1147
-1350
-1404
-391
-285
-689
-1375
-1672
-1237
-1270
-763
-663
-776
-1397
-1706
-1558
-1498
-1759
-2289
-2388
-1213
-924
-1131
-1079
-1290
-1092
-1114
-775
-195
-520
-1048
-1181
-1292
-951
-965
-1043
-1451
-835
-647
-909
-706
-730
-769
-311
137
84
103
-504
286
434
32
481
666
1406
1307
553
115
-80
347
469
1213
1376
1171
1020
455
596
541
624
316
918
2017
1866
1659
716
347
638
484
898
516
520
589
603
1340
1102
121
-533
-33
935
1770
1849
1359
1163
1229
1617
1212
734
860
450
835
1383
1156
1056
452
-199
296
1008
1026
813
730
729
1090
1164
1009
574
400
757
701
726
568
289
21
-227
191
561
782
791
349
260
199
159
-11
-186
-525
-326
11
76
9
9
-312
-512
-636
-813
238
740
614
46
102
75
-246
-153
-41
161
523
738
745
693
198
-135
-213
-93
-262
-497
-389
472
609
-12
-376
-1001
-738
-638
-793
-236
77
-209
-805
-961
-932
-1121
-1755
-1751
-1005
-658
-588
-556
-578
-578
-910
-1269
-1533
-1234
-794
-725
-874
-1227
-692
-373
-450
-766
-761
-348
-453
-407
-287
-275
71
-263
135
86
-71
27
-301
-63
-331
-679
-999
-717
-326
436
-124
-425
-244
-44
-182
-625
-129
-124
103
477
595
547
233
-274
93
-137
21
-32
-99
418
404
466
315
121
-460
-205
67
71
577
491
126
184
248
603
439
203
-253
-495
356
291
127
398
647
298
285
24
-95
468
369
631
295
80
99
-363
-355
-223
156
46
-645
-375
-487
-615
-548
-1100
-879
-996
-1000
-787
-775
-1043
-886
-879
-976
-732
-751
-292
-305
-72
-367
-375
-162
103
-84
-229
-172
-8
311
188
265
-88
122
-304
-67
-176
257
564
-170
-213
-168
-117
2
185
43
21
-127
508
402
415
231
-249
-33
190
287
395
395
508
632
835
771
607
503
101
317
235
366
38
134
702
403
-274
-641
161
81
-273
-64
-439
168
235
660
228
-235
-544
-1399
-2808
-2332
-612
987
1960
2375
3862
5210
4799
1379
397
-3210
-5731
-6918
-3683
-468
4084
7737
5560
4792
665
-1448
-1617
226
2410
3900
3564
2850
1164
-1316
-2521
-2714
-2078
816
537
2214
2943
2182
4075
413
872
431
321
2461
828
-4094
-4935
-4960
-6286
-3768
1244
2965
3528
2175
758
3841
1613
-1955
-4616
-512
-1843
346
1313
-1874
197
-3753
-4155
-4153
-1513
-120
2836
2531
1204
2546
299
1373
2419
3103
-3131
-8203
-5907
-2582
2857
1030
-991
3337
6995
2938
1577
-520
-7095
-5582
-6780
-4335
447
2755
3265
2600
2569
2888
1303
830
-2109
-8525
-9719
-6110
-1880
276
3605
2910
2851
3232
2213
-4779
-7991
-6066
-3057
3082
2727
2997
2340
-1912
-4461
-4960
-4850
-3022
-134
5774
4663
1103
-125
-5288
-3853
-829
652
2079
68
-2965
-2929
-4084
-7147
-3607
3868
5911
4459
4374
5214
4020
-861
-3954
-3533
-2908
-163
-416
-3434
-1168
1613
2115
2866
404
-530
2137
-1917
-2793
-960
-1649
-1202
2823
3416
232
1475
1739
1741
-49
-58
-32
-729
5
776
20
238
2263
703
102
861
-1028
-2574
1703
2055
-196
1771
811
2055
4810
3058
809
-336
-983
-875
964
1409
2368
1646
-377
914
-1840
-1612
-1302
1510
2204
2632
233
-4638
3210
4300
5079
3659
145
19
-4440
-3686
-3085
229
3846
365
807
461
3381
2370
850
2225
-988
-67
-1807
-4111
-3384
85
1969
483
832
1721
3526
1054
-1157
1424
-2433
1271
2358
-1989
1872
-244
-2712
-889
-341
-905
-912
-2468
-1514
1424
507
390
1710
-1760
-2968
-1020
-837
-672
973
-148
-3134
-2032
-1354
295
1758
607
474
745
-742
-162
-1377
-2178
-553
189
-3586
-1188
1527
-436
895
-504
1331
-1167
-1577
-547
-587
-348
-572
1153
2354
2605
35
-1037
-2349
-1803
-305
-1337
-1578
-806
-427
-140
-312
-113
1074
1004
-1616
-3109
-1820
45
1991
1386
87
1898
1349
496
819
1758
1782
607
1257
-1095
247
248
-360
2524
-469
-832
60
684
1696
1272
-255
-1689
-495
209
422
2081
2761
2871
1863
-1421
-3589
-4256
-2468
284
2252
4410
5075
4968
4648
999
1083
587
-500
-479
1020
1803
-1042
-605
1545
2505
820
-1471
-729
2088
2766
1225
-1050
54
-727
655
835
195
2162
1110
731
1279
-1232
-2963
-497
2417
3642
1570
2349
933
-708
-1743
-295
-554
-2079
-925
-232
1325
849
1095
-220
1167
2328
1012
-49
-652
-1151
-2116
-1373
356
995
330
-552
236
-416
-1479
-929
-927
-1849
-621
1770
709
805
-1041
-1841
-1716
-1467
-1304
-1067
-435
-678
-528
-327
-157
327
-591
-1796
-1108
-1383
-1314
-1510
610
966
886
868
8
-257
-1170
-2184
-647
-40
-559
-189
452
489
-1074
-903
-1105
753
264
-468
-823
-2479
-2423
-2285
-174
1999
2458
1444
337
319
-644
-672
-256
1087
3184
1637
831
871
800
706
-734
-730
-299
626
738
-92
-668
-907
702
2564
2264
650
-1316
-1550
-462
-284
313
43
246
792
765
-329
-336
-144
919
2048
1132
1033
35
551
1101
614
592
1145
471
-655
-784
-1537
-1559
-1723
-780
960
1261
675
653
1172
999
247
197
412
213
185
16
-562
-1362
-1402
-872
321
726
897
1907
2134
1709
689
-131
-507
-719
-183
-505
-516
-266
-194
-213
-1172
-1734
-2035
-1112
685
850
-249
115
1249
1341
-233
-1078
-1774
-1535
-263
419
1564
1320
-326
-1149
-10
767
793
54
-193
572
-225
-1005
-887
-790
-129
387
265
-581
-1079
-696
-646
-824
118
1297
1508
775
-254
-985
-335
759
632
649
-3
-1839
-3091
-2140
-614
129
380
896
1085
-288
-1323
-1400
-1032
-393
369
578
-439
-430
-953
-729
-355
-876
-307
-204
617
24
-918
-2210
-2334
-717
44
1879
1991
779
-258
-1197
-1041
-312
-38
-755
-1193
-402
810
1024
1243
1010
230
-513
-608
157
877
1286
1291
979
1309
572
-430
-394
-379
279
-145
13
582
826
532
1418
2419
1681
1381
857
434
528
379
157
-434
17
410
272
697
1026
1181
761
626
216
168
301
1807
2861
2075
204
-601
-951
-780
358
495
255
0
-1070
-1847
-900
-592
228
792
720
706
255
-287
497
306
887
819
-749
-1733
-2134
-1392
-1089
492
1001
907
903
268
-325
-1527
-1898
-1168
-1028
-297
61
-444
-825
-859
64
-147
-219
-578
-1386
-268
-48
128
485
-227
-436
-729
-1098
-1304
-740
-768
-127
1543
902
-97
-1249
-1133
283
-102
-613
-805
-863
-46
-285
-506
-179
375
177
56
961
976
948
-210
-516
-962
-819
-377
-13
46
306
1145
927
967
594
95
427
1003
459
347
-144
-567
-927
-221
-110
-510
-461
-566
-15
450
239
141
93
254
1137
822
848
620
51
-200
274
14
-880
-1653
-1056
-186
299
1652
1363
566
222
-856
-1602
-1376
-1077
-587
-233
545
1166
1289
766
483
-281
-938
-887
-376
297
406
898
664
788
958
774
180
14
139
-408
-643
10
-14
-560
100
144
331
-58
-212
264
332
996
955
503
-181
-718
-758
-514
-325
-224
24
323
365
334
-59
-266
-274
-393
22
182
630
583
375
199
-13
-108
-238
210
268
69
131
397
343
224
-62
-546
-812
-850
-514
-477
-284
163
308
429
394
419
331
31
263
548
493
195
8
-160
14
239
76
326
279
-217
-469
47
158
-9
-21
-148
109
99
265
567
198
129
-157
-329
52
234
395
-257
-602
-293
272
374
362
323
353
676
872
531
456
340
31
314
417
775
395
592
977
697
329
541
235
466
455
267
690
221
63
-311
-326
471
188
-479
645
-237
-78
-289
484
315
-475
943
345
212
-207
1400
-483
-1364
-1052
-636
-1488
-1303
-723
-1678
-556
-1452
-504
-1884
-2034
-1103
-1075
-1439
-1020
-174
706
-88
-53
-711
153
973
409
-1008
-3053
890
486
-253
-116
-2270
-128
-445
-2836
-1426
-1820
-2993
-1200
-2056
-1381
1942
-1568
2084
-574
-265
1005
-144
-1442
-2178
2275
124
-1422
-1373
-274
-1213
663
230
2612
134
-3259
-845
-400
227
-1640
-1807
4604
-1830
-2856
-4880
-70
3693
-501
1162
-986
-3261
-514
2076
-1056
-608
-880
1742
-510
1910
-858
4495
3144
-40
224
7418
2569
5069
-8269
3446
-4705
7240
12319
-32768
1375
-3816
7564
-5094
6136
12746
-6771
8859
15427
-2761
10390
8179
-22264
14879
-521
3601
20932
-27000
-8854
5890
-11704
15074
16155
14949
-32768
13080
-9422
6120
29032
-27367
17371
-2597
1711
1507
13185
-1319
-4839
-4244
-15928
-3870
1764
1828
10335
-11202
-10715
8295
-13411
3420
-3909
9508
4840
4145
-3325
4649
-8438
-10123
9380
-13566
16711
15008
7253
4690
-11595
-6736
6097
-5663
4850
183
16709
-3707
-2123
-3096
14139
32767
-6624
-1758
-18612
-31496
23698
25563
-10582
24211
-3995
-10357
-6502
-737
5759
15273
-32768
-15569
15436
-2131
32767
17016
-1076
12956
4530
-21756
1099
6075
-32768
2874
32544
-6464
7695
-19783
-27766
635
-16216
25606
20965
-11351
843
-32768
16938
15214
9048
-3727
10204
-14233
-16268
-5020
-32768
32767
-15181
5869
8535
-7431
32767
3872
8976
-3972
3211
16714
11576
6584
-16783
-25138
-16783
24958
4388
-4637
-11069
-6800
13326
10681
-2368
4102
-21977
-30009
13737
-3023
14642
-18139
-8842
10226
-6184
13432
11364
-11780
3418
5819
-24644
18217
18975
-7087
-4042
2426
15729
2131
72
4776
-5325
10312
-17158
17091
17619
-19945
7911
-11093
-19578
-20502
4857
