-5163
-10000
-9620
-9900
-9179
-6435
-7499
-7857
-5438
-4658
-4409
910
2376
2015
3025
3327
5964
4776
4493
4660
4923
6177
5157
4803
3430
3345
4025
1359
-2854
-1353
15
-707
-4535
-4486
-8762
-10811
-7736
-5776
-4185
-6437
-3312
-4327
-5805
-5856
-4084
-1344
151
-2090
-3101
-1053
-126
-2674
-3969
-337
-793
-3549
-4125
-5151
-5581
-7865
-8923
-6530
-6566
-6045
-8883
-9670
-9549
-8402
-9952
-11288
-4974
-2333
-3134
-3008
1177
1112
-1273
899
784
1413
1824
1494
920
1720
-471
421
-371
-971
-1923
-1696
-3406
-389
-2345
-1787
-3201
-3114
-4289
-9223
-4384
-4242
-3131
-5650
-656
-592
-1523
-533
-241
493
172
1273
-853
-635
-1874
1590
165
-1005
-960
-1473
-2384
-3054
-5254
-5649
-8570
-8500
-6184
-6690
-8318
-8920
-10987
-10088
-6999
-6890
-6104
-4205
-2988
-1823
-584
-1511
-113
-1138
247
347
911
660
-1248
-1276
-3434
-370
-384
-1828
-2996
-3436
-4139
-3094
-2115
-832
-624
-766
2105
-2996
-952
2658
2843
2791
3115
2931
1758
3748
1236
3275
668
-714
2980
2607
943
-351
1964
2171
-5295
-10752
-5037
-1708
-4314
-8719
-7719
-7127
-8160
-8231
-9033
-9610
-10996
-13719
-14163
-9876
-6613
-7284
-8597
-5673
-3976
-6945
-9423
-8382
-7422
-3478
-4958
-5960
-4545
-4887
-2796
-3532
-3679
-3416
502
3744
2738
619
5511
6635
6660
6225
3046
8084
7141
8432
8351
5676
3326
4201
3437
1861
5054
4282
3472
2381
781
-80
-2225
-6353
-5391
-5227
-7135
-9384
-10472
-9754
-10869
-11225
-12242
-14151
-13014
-14638
-14643
-14095
-13806
-14571
-15595
-9962
-11296
-10304
-8949
-8150
-8551
-7170
-3088
-3008
470
-657
274
507
860
5557
4154
5950
8112
8628
10262
8663
10376
10304
7510
9757
10734
5306
2038
6036
6109
7928
7781
5018
6073
4444
4878
1606
3380
2475
-4635
-1218
-1013
-2632
-7160
-6048
-4152
-7378
-11955
-13261
-13530
-14401
-15624
-16024
-16971
-14998
-15509
-16519
-14481
-17844
-17038
-17415
-14990
-9461
-10808
-12616
-8207
-4218
-8170
-6019
-4280
-1879
5133
4890
8507
3548
4572
12437
12064
12113
12932
9110
9817
6787
6534
8445
6704
8879
8493
3686
1295
5023
2566
1743
3812
140
292
-1706
-4730
-3699
-3588
-5279
-4980
-4836
-6223
-6464
-7816
-7944
-7966
-9931
-9537
-10636
-11869
-11822
-12429
-16843
-15687
-13955
-16559
-15626
-17082
-15158
-15135
-15843
-10106
-8163
-8744
-6307
-2978
-967
2712
1732
664
9872
9959
8210
11522
9655
9933
7681
10019
12772
11142
13178
10327
9692
9576
9204
9124
7357
5660
552
2327
2234
-1631
-1894
-2164
-135
-3375
-4661
-4639
-5420
-4987
-5807
-6099
-8770
-8900
-11480
-11072
-9472
-9628
-13802
-16882
-11140
-10074
-15371
-18580
-16643
-14401
-15108
-16196
-14610
-14228
-14230
-15855
-13527
-7179
-4054
-2418
-3327
-159
4638
5611
4518
5035
6211
7031
8397
9041
9865
9168
8086
9116
10035
7721
9878
9113
7482
7188
6268
6131
6044
1316
-6554
-651
-1962
-1529
131
-2967
-3309
-5021
-4607
-5007
-4513
-4893
-6248
-9938
-9145
-9168
-9954
-11562
-12829
-12047
-14135
-12781
-13729
-14545
-14988
-16169
-15730
-15226
-14057
-16009
-14449
-12835
-9064
-13892
-9897
2940
-2162
1689
-930
3709
6004
5274
9599
7651
10074
10668
12042
11130
11896
10983
11001
10926
10381
9486
9484
9500
5459
4740
5077
6130
-166
-3565
-360
-4293
-5257
-1872
-3931
-5485
-5183
-6127
-5499
-9158
-5080
-7587
-10793
-9272
-9761
-11879
-14670
-12297
-12798
-16496
-17613
-15075
-14659
-15581
-16314
-16088
-16259
-11513
-10027
-10430
-8827
-7628
-9586
-10811
-2266
2586
641
1669
5953
8565
7496
5987
8038
10219
12787
11046
11325
10830
9746
10453
10151
8363
4308
8825
7791
6542
5386
3982
4723
3522
1831
-5194
-2986
-2631
-3281
-2552
-4721
-5771
-8330
-7810
-7146
-8278
-9295
-9496
-11038
-10881
-11486
-11890
-11513
-12408
-11472
-11073
-11031
-11400
-5073
-7913
-10486
-6417
-9151
-6714
-8729
-6832
-4740
-2904
-3313
-3492
1698
1358
2901
3998
5790
4819
3426
6111
6225
6702
8807
8523
7082
4890
6116
6709
4947
4738
4044
3345
2783
2196
-328
287
-687
-1526
-7077
-10611
-5367
-8262
-8624
-9213
-9042
-7621
-10753
-10442
-10481
-9192
-9431
-11843
-10925
-8965
-8514
-10834
-9983
-9295
-5983
-10795
-14793
-3513
-3587
-5398
-5969
-6479
-4228
-5397
-5212
-4138
-5277
-3008
-7011
-6084
3826
2646
-1595
-158
4649
3443
675
3640
1407
4925
4440
4729
4424
4027
4843
3074
3555
1947
767
551
587
-1627
-1657
-737
-2151
-1497
-4876
-7575
-6067
-5558
-5285
-6290
-6777
-6814
-7718
-6609
-4872
-4328
-4124
-4408
-2517
24
-7671
-8284
-2245
-4137
-2523
-2728
-2583
-3000
-3746
-3393
-5491
-5199
-5868
-6596
-7722
-6748
-5025
-2854
-6113
-3986
-1439
-1731
-721
-1877
950
-293
-936
910
4195
5218
3665
3660
1197
3431
2035
1353
-2400
-888
-1262
-1735
-490
-2953
-1511
-2589
-778
-4829
-7545
-4087
-5581
-4872
-3515
-4951
-3353
-7260
-2934
-2406
-9839
-2723
-8385
-4253
1960
-1013
-1783
-1252
3711
1277
-2324
-3108
120
-1753
-5316
-9117
-7182
-7572
-8485
-8353
-8538
-9339
-9798
-9706
-16745
-6128
-3812
-5496
-2332
178
2119
247
-1967
-1888
4103
2044
1791
2838
2412
3275
4421
2964
3527
3142
3147
3732
-1160
-73
-9
1285
-66
-8047
-4736
-1783
-333
-2585
-6010
-768
-1470
-3236
-172
1107
1232
1662
1490
2191
1409
91
-508
-1981
-2656
-2913
-4750
-4423
-5595
-6730
-8465
-8186
-9713
-11566
-12903
-14514
-10506
-9709
-10300
-14077
-10107
-8319
-4507
-3550
-1293
-279
-2873
-949
-2062
1657
-723
2193
4115
1678
1924
2474
1993
1873
1093
617
560
-366
1677
1785
-1598
-990
-7038
-8082
-6801
-315
456
-3730
-1539
2903
1497
1723
1645
2112
2805
-1994
9
203
-254
-2389
-3027
-1192
-1615
-7122
-8724
-4583
-7366
-8121
-12333
-12614
-8690
-9555
-9003
-10087
-11269
-9652
-14292
-18330
-6274
-4974
-6576
-4672
-1685
1772
-1557
-1047
211
4377
4949
3097
1652
-461
-303
-837
-715
664
479
1137
2052
-3819
-1731
261
3711
2446
-6460
2284
746
3618
4240
776
4692
-1000
2250
349
2838
-997
-1125
-440
350
144
-515
-945
-2272
-2432
-4594
-6861
-7672
-9824
-10489
-9599
-12615
-12542
-13540
-13511
-13177
-12242
-13277
-8169
-13796
-13318
-5791
-5944
-5317
-5530
-3877
-3356
-1996
-1619
474
532
-392
1474
-858
-1073
1463
-3900
-1183
-718
443
3150
6807
2272
-323
7192
6766
5098
343
4680
3322
4484
8064
3663
4885
4542
4751
4894
3626
2467
-593
163
2291
-201
-3544
-5722
-1749
-3965
-9228
-12395
-5513
-7695
-11392
-11895
-14572
-13205
-12127
-12692
-15601
-16547
-13923
-11677
-16015
-8819
-7032
-8903
-7452
-3164
-2087
-5335
-4100
-2733
950
2340
-2473
191
-2211
1350
5965
2828
2118
5355
13663
8561
10699
9760
9414
7133
8725
1064
349
9620
2150
3211
2251
899
3224
-451
-623
802
-1264
-1393
-5123
-6806
-3182
-6731
-8157
-8826
-11805
-10471
-12554
-12631
-12740
-13028
-15063
-15100
-16148
-14692
-14144
-15983
-13004
-12995
-10875
-13088
-10604
-8016
-7417
-4907
-4151
-7514
-8189
-4012
-2982
1635
2560
1351
5534
5550
6735
7491
10791
10908
11958
11720
11447
11180
11498
10260
9144
6803
6711
3753
4053
3145
1261
880
43
1748
-712
-2955
-5342
-5352
-1769
-7850
-7487
-4984
-5796
-7797
-7464
-5168
-8164
-12942
-10881
-7848
-11019
-12938
-14001
-13241
-12751
-12269
-10564
-11374
-11575
-11131
-14320
-15327
-11549
-5091
-8842
-6221
-891
165
-1534
2098
4105
5532
11345
9918
8944
8538
7215
9817
10437
9875
8092
8958
6731
8090
7162
4312
6724
2085
-915
-1153
2412
530
-2451
-3890
-5494
-4704
-4487
-7355
-6395
-4270
-4372
-5707
-6476
-6645
-7409
-7537
-7998
-8927
-8433
-6616
-10046
-9317
-9908
-12398
-9868
-14892
-17104
-14554
-18441
-15454
-11685
-10348
-11368
-13376
-3673
-5360
-1681
2152
1520
-1368
4275
8968
7918
10559
9792
9988
8342
10397
8934
8152
8628
5882
5115
6361
5530
4556
2488
5939
4553
-2167
-1549
-4946
-5713
-153
-2365
-3361
-1335
-3961
-2426
-3090
-434
-1300
-5572
-2812
-1744
-5037
-9459
-4638
-3494
-7633
-11690
-9238
-6840
-13905
-17852
-17069
-13509
-14450
-15694
-13246
-13873
-13011
-13740
-13061
-9054
-4843
-7025
280
1057
3832
3394
48
5708
6473
10587
8199
5193
9129
5876
9051
9331
7035
8448
6911
7910
6002
7829
3431
-98
2469
3130
-1017
-2736
2306
-2038
2264
-2942
-3877
-2744
-2248
-1166
-1721
-1901
-2401
-3093
-3972
-4426
-4317
-6873
-7440
-12109
-13987
-11296
-14081
-13170
-13528
-15796
-17307
-15149
-16136
-16214
-15562
-13960
-8576
-12109
-10804
-2784
-3080
-3161
195
4124
3002
2130
4592
6189
7601
7676
9209
9842
5510
9430
8982
8049
10112
5252
7925
1761
2064
5096
4939
3665
5690
4608
-2811
-240
953
581
1676
-2707
-1554
-6019
-2409
-4576
-2976
-3386
-8352
-8620
-8906
-10779
-16240
-12651
-11734
-13469
-17724
-15769
-11567
-11024
-12373
-15086
-10369
-13803
-14871
-3871
-5341
-6410
-4791
-11983
-3775
318
532
566
2378
6211
6885
5066
6417
8086
6287
7907
8373
9271
7481
6844
4514
3904
3983
4315
4207
3971
4308
2313
2425
-35
2099
-2278
-6512
-558
-961
-2924
-2901
-3138
-6276
-4858
-7100
-11137
-10026
-9070
-10811
-8622
-10578
-9751
-9729
-10589
-10086
-9628
-10054
-8989
-8855
-8041
-12258
-7740
-5002
-9362
-7358
-8328
-7457
-5398
-3903
-8778
-6033
1411
1872
2344
755
4637
3916
5190
3009
5510
7078
7506
3343
4628
3279
6222
5398
3544
3339
5602
4841
3806
1801
118
1002
2500
4243
-3673
-5472
-1242
-2812
-7557
-6933
-4313
-7912
-5788
-6786
-5899
-4236
-9534
-5815
-4938
-7219
-8863
-2794
-1823
-6433
-9875
-5268
-1694
-3508
-4294
-6548
-5738
-7201
-4453
-6397
-5945
-5536
-7787
-8203
-10247
-3012
-1801
-2758
-232
885
546
-758
184
-2150
-916
1038
3740
4548
4033
5206
2757
6101
3547
4484
3162
5596
3032
2148
2780
1470
-1907
865
-4526
-7450
-2075
-4551
-6118
-4326
-8041
-7279
-5512
-8738
-8296
-8147
-9137
-4521
-4259
-6938
-9442
-4677
-4510
-5570
-5743
-4564
-6338
-7231
-7990
-7590
-9450
-10846
-10708
-8355
-11586
-8282
-4172
-12332
-7929
-4123
-3493
-298
-971
-19
-1881
1226
3335
4790
5701
7297
8330
7213
7406
6455
7491
5060
6513
3970
2895
-88
1209
2075
1341
2867
565
-2347
-4339
-2115
-3518
-2555
-3027
-3129
-4460
-6162
-2569
-493
-7135
-8943
1262
-1215
-4292
-2993
-2687
-937
-2645
-6388
-8479
-4381
-5056
-7636
-9536
-9453
-9315
-9869
-10033
-7535
-10589
-10939
-10420
-9245
-4433
-4692
-4507
-1806
2345
1979
-7
1168
4246
6443
5708
6087
7996
5788
6212
327
1382
3710
1965
4081
-305
486
2337
-741
-2122
-812
-1561
-7496
-5106
-5735
-8372
-6426
-5513
-2973
-5785
-7888
-2233
-3139
-1364
-1805
-3575
-1361
-4052
-3265
-4458
-4917
-5421
-5833
-9049
-7433
-6492
-9108
-6789
-8499
-10285
-9822
-9562
-10313
-5303
-6878
-11597
-7754
-1001
-477
1628
107
255
2350
4366
2619
2879
6181
6052
3486
3835
1302
2263
2539
1434
1236
-1267
556
1057
-2095
-2809
-3335
-3208
-989
-5187
-10331
-3660
-6254
-6858
-3279
1307
-1589
-2605
-1886
-174
3385
-3072
-779
204
-801
-4080
-3985
1356
-1714
-6140
-6083
-3355
-3791
-7759
-8056
-8171
-7213
-7498
-12942
-8509
-8622
-4485
-7487
-11571
-3441
-1134
-3057
968
3661
2631
-2946
-3121
2093
2134
2623
1645
3748
2336
951
2710
-110
-597
-1720
-751
-230
-1700
-1155
-2852
-1624
-2748
3248
-4325
-8193
3894
609
-422
2712
513
2785
-184
993
-1245
-1157
-617
-1085
-421
-3476
-2367
-2412
-3642
-3226
-7316
-3928
-4180
-4283
-7356
-8822
-7714
-8705
-9656
-8904
-10153
-9614
-5270
-6849
-8884
-9760
-7343
-5006
-5425
-3024
-2775
-1734
-1813
-3364
-701
-89
-188
-942
-1372
205
170
-367
704
1708
-320
2327
4311
-32
4685
7146
5122
6503
1172
-860
3162
209
-1062
2204
-678
-2161
585
-2218
3005
-3320
-4335
-591
-2376
-4612
-6494
-2593
-2078
-7909
-9839
-6180
-5738
-9075
-9880
-10800
-9899
-10211
-10002
-11124
-16875
-12146
-14517
-14670
-8357
-7244
-6373
-4052
-795
-249
-3788
-3564
-4438
-4698
-740
-2074
1423
310
-227
74
1224
3514
5102
-182
-320
8431
5794
4754
3780
4595
4336
6318
973
-1470
1947
-242
-140
11
-568
-2786
-833
-3078
-1473
-2401
-1434
-2050
-5876
-5763
-7554
-5451
-7026
-6901
-7541
-9339
-8253
-8632
-13029
-16549
-13605
-14066
-12377
-13808
-13650
-11017
-12126
-9573
-6111
-5355
-6254
-2992
-1185
-1914
-879
-3077
-840
2108
3267
1687
3205
7378
3178
3828
9980
9347
7139
7685
8100
9702
6900
5928
6983
5441
3118
968
-711
-2002
-74
-673
-512
332
-943
-651
-2448
1134
-4444
-2479
-333
-1737
-2526
-4359
-2220
-2128
-8438
-11533
-7121
-8576
-9439
-9968
-10291
-9433
-9536
-9904
-9033
-11776
-10151
-13697
-12680
-7481
-8780
-7294
-7194
-3547
-3128
-3885
-4997
-2609
-1658
204
831
-2039
4664
7675
7335
2074
7386
5965
6186
4877
4962
6508
4954
4647
5324
5796
2644
-1070
956
2762
1008
1548
2015
2172
-1707
-2371
1473
90
-705
55
-636
-5521
-4465
-4795
-6663
-7350
-9859
-9048
-10972
-12258
-12172
-11550
-13515
-14592
-14738
-14981
-17253
-12962
-11113
-16573
-11790
-8652
-7834
-5486
-4554
-3233
26
147
-3376
2026
5701
4685
5959
7947
6653
7263
9364
6967
6208
6934
7850
7976
7596
7091
7902
8305
6269
7843
3600
2290
7017
3233
1298
5959
1977
889
-1159
-3978
-2208
-5709
-2174
-2035
-3984
-6789
-7269
-4720
-8604
-12927
-10636
-8705
-11605
-12441
-14282
-16184
-17015
-17500
-16212
-17308
-18473
-12909
-18663
-16915
-8335
-8362
-7461
-2847
-757
-3496
1803
160
2461
7138
6193
6005
5722
6654
9941
9987
9627
8078
11271
12309
8245
10077
10085
7337
8028
8509
6437
5916
-521
1997
2628
1515
-5186
-4008
-4434
-4001
-4218
-4973
-3932
-6204
-4946
-6853
-8124
-9850
-10596
-12294
-14130
-14601
-16498
-16008
-15084
-16253
-18014
-19669
-18259
-17938
-16768
-17344
-12392
-10315
-13081
-10814
-10981
-3242
-13
-1065
-533
2284
7394
6920
10079
8091
11859
8677
6121
10193
10125
10851
10708
9363
9839
10516
8175
9209
8316
5554
6775
5781
5552
-2421
-6268
1172
907
-1175
-2562
-3608
-2445
-4297
-2321
-5344
-8744
-6807
-6806
-10228
-12461
-10803
-10601
-12439
-17345
-15162
-15840
-18280
-19137
-19524
-18542
-16490
-16003
-14244
-12516
-10777
-9283
-12844
-4713
-1457
-1066
971
3593
8887
5839
6445
7562
9770
11067
9335
7584
11849
11019
11431
11175
11968
8346
8744
8182
3149
2292
1621
1401
2270
123
1086
-1242
-3798
-4905
-5025
-3523
-3014
-4492
-5836
-5003
-7457
-8536
-8652
-8386
-9081
-11177
-11130
-11674
-13834
-14336
-14427
-12541
-12373
-12936
-13946
-15321
-13803
-15655
-13054
-10234
-8689
-7517
-3209
-6231
-6221
-671
-800
4160
4251
5824
6069
6039
7160
7032
9379
10726
10255
10252
10102
8853
10993
6410
2948
6375
4583
3801
6491
5285
3469
3259
3974
5546
870
-3215
-1914
-2787
-3872
-1892
-3171
-5761
-5232
-5217
-3579
-9064
-9232
-10967
-12216
-11845
-12331
-10174
-12384
-15433
-15433
-11382
-10081
-13078
-15517
-9867
-9935
-11361
-10492
-8514
-9303
-8170
-9124
-11017
16
130
-297
2670
4898
5974
3269
3345
4522
6011
9985
9782
9326
5544
-981
5158
8035
9568
6681
7759
6811
5517
5707
4869
5296
424
2824
1947
-629
-4127
-4526
-6724
-6246
-7462
-9135
-10066
-9334
-9037
-10140
-9264
-9389
-10377
-12658
-12256
-10645
-11096
-13395
-11626
-7217
-9628
-9776
-12540
-8404
-11142
-11429
-10728
-9279
-8936
-5428
-2741
-9510
-2856
-257
2182
4626
3588
3730
5282
7301
6067
2351
3481
10003
8060
9308
7306
6747
9475
9184
5848
4402
5635
5328
3674
3391
3613
2176
1557
-1761
-4174
-7757
-4885
-4709
-7482
-7151
-11119
-9009
-9370
-8226
-9942
-13500
-10297
-8968
-10602
-15468
-12895
-6250
-6835
-14814
-9483
-5984
-7015
-7641
-7361
-5553
-4318
-4461
-3971
-3197
-2850
-10
-7593
811
6350
3805
4892
1347
8901
6777
3096
3209
7081
9868
7565
5939
5279
6286
6252
7757
6033
5578
4754
1488
2537
-149
-1315
-224
-1607
-1866
-6269
-10253
-6791
-8658
-8587
-9976
-9665
-9221
-9626
-11174
-10220
-6558
-9246
-7648
-5712
-4628
-7197
-4912
-3503
-4150
-4211
-2750
-3977
-4848
-2460
-3778
-3066
-3962
-3345
-4287
-3706
-2917
-1343
-7916
-5353
3075
-1336
2517
4327
3437
5588
4789
5180
5413
6920
6879
6237
6182
5638
4666
3992
4468
2489
197
504
-776
-1801
-3090
-2603
-5033
-5292
-8936
-13046
-8411
-10230
-7667
-9648
-9915
-8521
-7164
-5839
-5582
-3425
-3171
-2472
-2300
-3534
-3115
1968
-61
-969
-5632
-4329
-468
-1613
-4092
-3487
-3712
-3473
-4119
-9569
-6054
-4694
-709
-12487
-6326
727
-3954
1515
-1345
3514
2168
390
-333
73
1186
124
2239
1297
715
-1561
-1924
1167
634
612
-722
-2180
-1429
-2613
-2917
-3574
-3947
-3110
-11021
-4828
-300
-4097
-1382
-322
699
1698
-1133
-910
3732
2577
1917
665
-418
284
269
-1023
-1794
-1789
-2019
-3749
-2551
-7929
-11200
-7739
-10433
-9164
-10739
-11011
-8686
-4795
-10154
-9991
-3539
-4872
-828
-369
-2057
-1113
-1337
-1168
50
692
451
616
2154
-290
1258
2327
-1438
-449
581
-815
-2231
-2368
-3344
-2593
-494
-1654
-777
-4895
-4349
-2251
-1602
2393
3816
4342
1455
1972
2718
4938
2689
817
3504
3373
303
-1414
1883
-342
-10293
-9113
-4223
-6249
-9092
-11153
-12993
-12801
-10225
-7996
-7207
-10214
-5797
-9549
-13454
-3367
-2356
-3985
-1909
182
322
-1498
-908
376
1237
2941
2563
2309
-35
-2293
-761
-519
443
-501
-3914
-305
-1010
1316
1304
-1423
-1207
4783
3902
-1865
4757
1946
3216
6567
4033
3213
1594
3141
2120
4622
2507
1449
-1779
-6796
-3086
-3370
-3992
-5056
-4927
-7781
-7385
-6036
-7807
-9853
-11600
-10376
-11414
-10073
-11227
-6836
-7979
-12365
-5409
-4670
-3424
-3709
-3998
-956
-455
446
-768
-156
-685
-2301
-83
-1696
-4873
-3593
-780
-2212
-125
-1850
3651
-418
1231
5684
6234
2374
6717
2371
-1314
4803
3904
6106
5185
5404
4449
4009
4326
1494
-744
158
1595
1902
-1709
-4190
962
-1615
-5574
-7028
-4464
-3972
-7874
-9621
-11656
-13260
-12040
-11772
-12583
-13140
-12972
-9147
-14883
-11848
-7509
-8748
-6919
-6067
-4008
-6542
-5547
-4120
-3414
-1387
-4519
-3072
820
-1654
1300
4029
-652
880
6468
7676
7768
5795
8117
8076
8818
8242
8942
5588
2660
6991
4963
6201
1812
2588
2811
1319
3031
2359
2214
1126
-1626
-4940
-1293
-2602
-4635
-5661
-8147
-7715
-8331
-9066
-10203
-12611
-14526
-14575
-15746
-15897
-16811
-14715
-10540
-16718
-14657
-11104
-13023
-10462
-10308
-10616
-9239
-7277
-5511
-5016
-3676
-4282
-2419
-189
2683
3976
5520
11866
10176
10091
8080
10156
11076
11872
10386
11752
11498
11535
7721
-404
2232
2847
2366
6112
2287
1137
2122
1156
1646
-2505
269
71
-2386
-6599
-7588
-4929
-5405
-9409
-13571
-9456
-10883
-13236
-15525
-15020
-15757
-16112
-15487
-14358
-15796
-14125
-18245
-20476
-10721
-9100
-8216
-7915
-5362
-5181
-5732
-2065
828
1591
-70
4113
11484
9210
10106
11016
8484
11825
10070
9512
11208
11609
13353
8345
6260
7644
7175
6533
1689
3252
2050
2653
3315
631
-1346
-3129
-2412
-2547
-2220
-4581
-5231
-5938
-7542
-10359
-12918
-13071
-13291
-14838
-15857
-17099
-15923
-16514
-15625
-17397
-19112
-18758
-17740
-18352
-12945
-16499
-21838
-9683
-7555
-6861
-4197
-2881
-483
3210
3671
1758
6549
9975
7949
9649
11115
12302
12184
11393
12958
12005
8612
7522
7971
9077
8098
5827
8341
7652
3646
1974
4753
-1803
-5606
-3764
-3331
-2461
-3424
-6013
-3863
-7434
-8651
-6063
-7180
-9981
-10958
-8241
-9312
-14957
-14965
-11322
-13334
-16953
-16153
-18348
-17732
-15585
-15509
-14804
-14908
-15577
-13957
-18355
-11449
-4152
-5609
-2128
2457
6500
4908
4129
8876
10575
10164
8902
10717
13242
12924
7840
6476
9682
9138
10125
9750
8090
8012
7791
7587
6838
3110
68
-4956
-190
795
-386
1984
-4154
-4577
-5102
-4959
-6035
-7074
-7059
-7389
-7098
-7042
-9169
-10036
-11691
-12047
-15226
-17144
-16717
-16899
-13543
-19049
-18220
-17920
-16727
-15813
-16580
-14154
-7665
-9205
-14715
-6393
-1728
1828
2119
3219
5285
6568
8967
10427
8803
4972
6695
11037
10206
8811
9237
8561
8819
7610
10028
6043
6614
4091
1732
2572
5242
-649
-6381
-708
-1475
2850
-1843
-3858
-4566
-5503
-4834
-8924
-7327
-8597
-10086
-9172
-11411
-13720
-12311
-12169
-13704
-15774
-18999
-15065
-15164
-17507
-16963
-16412
-16243
-13348
-11007
-10998
-13101
-7693
-8135
-11306
15
2121
2634
4446
7286
7947
3294
4378
9212
10447
8404
9476
10688
12374
10712
11317
10522
8951
10212
6417
4648
6241
3618
3970
3354
3196
-2971
-6290
-1385
-2241
-4895
-3201
-4128
-5984
-7416
-7220
-8089
-9003
-8788
-12284
-12819
-10940
-13839
-14971
-16560
-18004
-16619
-17519
-17871
-17798
-14837
-12778
-14174
-15338
-16781
-11320
-7627
-9274
-7584
-2372
-6083
-1651
1859
-1904
5083
6977
8537
7955
8332
10028
10669
10387
10477
11676
11188
10648
10054
9510
6935
7299
8118
8073
6546
6109
5585
2778
4069
-3557
-5057
-1737
-2956
-3120
-5596
-5787
-7241
-9088
-9884
-12088
-8825
-11561
-16779
-12313
-11513
-13694
-15669
-12411
-11774
-14447
-16420
-10538
-9180
-13595
-11003
-8755
-8605
-6850
-1964
-2216
-2494
-6955
-2160
-2619
-3840
5856
3614
4250
5789
8505
8943
7047
8594
9631
10631
7439
8706
5877
7580
7493
6687
7593
6386
6360
4099
3151
626
-2181
-2489
-1768
-5661
-10817
-5486
-2757
-5147
-8800
-9109
-7910
-10322
-10692
-9340
-10549
-10970
-10006
-9950
-9958
-9943
-8668
-9129
-7992
-5317
-5992
-6537
-4177
-2618
-2304
-2700
-6094
-9393
-4688
-3548
-4451
-1735
486
-2965
-3913
3464
3476
4430
5755
5765
6174
5547
7549
5767
3128
2025
3107
3876
4931
4856
4625
4194
3470
2098
692
1805
387
-624
-3048
-3921
-4903
-9059
-5949
-7100
-7587
-5911
-6888
-6945
-8213
-8952
-7653
-9564
-4503
-7533
-7142
-2085
-2507
-8371
-3826
1695
-178
-2474
-4143
228
-7855
-6013
-5699
-7310
-5964
-3004
-2405
-4041
-3272
-4524
-3063
-8235
-2749
477
-962
1212
2838
2085
-380
3593
3219
2250
3273
201
2568
1013
581
3813
4264
2754
2420
1806
1749
274
-1041
-1166
-3462
-2422
-4688
-7099
-5560
-2766
-9061
-6042
-8120
-5847
-5548
-7051
-6171
-4600
-3002
-4157
-7099
-1848
184
505
-1537
-8553
-5583
-3221
-4570
-5434
-7032
-6416
-7618
-8686
-10294
-8100
-8344
-10363
-8813
-5245
-8127
-7311
-716
-5244
-5131
-573
-936
386
1571
1351
3501
2068
1734
4071
4858
5485
5946
4793
3662
2747
2000
-338
673
1036
-773
-1514
-1770
-213
-5422
-6545
-3621
-3541
-1954
-2840
-1401
-1771
-1744
-3265
-1790
2768
-2562
-4511
-5381
-1955
-3123
-2451
165
-2655
-5838
-7463
-4328
-6581
-7022
-8308
-8222
-8918
-8607
-4700
-5521
-7061
-10025
-9809
-14760
-5917
-2394
-2294
310
2309
1088
-1974
-1762
-2067
-1040
645
317
-1664
-1223
765
-78
428
-221
-1015
-2130
-2384
-4190
-2020
-3395
-3591
-3316
-7875
-3707
-3716
-3006
-2526
-374
-1129
-4312
2782
20
-3675
648
10
1632
54
-1793
-1082
-1462
-858
-2986
-3401
-4622
-3800
-4223
-6362
-6736
-8816
-9364
-8128
-8681
-12720
-12426
-11409
-7837
-10165
-9922
-4187
-5778
-3418
-3231
-3331
-3485
-1993
-1537
-683
219
38
1037
-1063
249
-468
-1490
-1764
-2355
-2900
-2317
-888
-446
-1265
1095
-732
-5185
1845
781
-23
2518
194
448
2563
2477
1751
-1270
577
5477
542
2023
3650
2130
-1789
64
2408
-2350
-9032
-8929
-4647
-6134
-7796
-14324
-12771
-10957
-9775
-10974
-11247
-9689
-11123
-13583
-14804
-6326
-8088
-8960
-6098
-4301
-4055
-4964
-4028
-4116
-1404
-1506
-2434
-1026
-844
-1440
-76
656
631
-648
1261
1777
216
34
1679
4715
-5546
-7754
4661
3716
4134
5029
4735
6552
7312
5297
3343
3853
4705
3968
1956
1696
1653
129
-4170
-5231
-5295
-6648
-7151
-9904
-11802
-10128
-12126
-11650
-12846
-13761
-15305
-14529
-15837
-11864
-13332
-18244
-10379
-12335
-9771
-5382
-7476
-4608
-4717
-3236
-3542
-1869
-1223
-805
-1657
1136
-552
1022
2136
2540
2943
3979
7326
1366
3525
10440
7337
-1306
4720
5114
4758
9280
6254
6330
4971
7084
3288
4384
3155
2384
1303
-3102
-335
-1967
-4191
-7715
-5602
-7923
-9242
-11428
-10762
-8299
-11826
-12728
-13680
-14795
-13197
-12955
-12983
-13482
-12738
-11517
-16882
-10609
-6216
-8793
-5589
-3348
-529
-1364
-2439
-124
1157
1666
457
1195
156
2984
3305
883
2686
5677
5102
4377
9174
8012
8153
8187
4560
3341
5528
5097
4270
4670
1652
1446
1613
1675
-505
-2010
-1695
-2366
-1495
-4531
-5306
-7436
-10201
-8996
-9312
-7376
-10692
-12406
-9872
-13570
-13608
-12637
-16527
-14579
-13184
-14153
-13896
-13356
-8240
-11906
-10515
-6307
-7092
-4731
-3618
-2020
-1923
498
1962
2803
4557
4180
1009
4163
8948
5155
5095
11029
11078
8385
10395
10730
9728
9594
10055
3651
1508
6196
2973
4388
1563
398
528
3261
2632
152
-2989
-1499
-482
-6127
-5309
-3181
-2689
-6013
-7559
-4196
-6987
-10183
-13022
-13545
-10029
-10795
-16168
-17594
-14013
-13182
-13484
-13313
-14883
-14253
-14130
-17567
-10240
-8083
-9926
-5160
-1669
242
-2402
-6141
-2028
2535
3946
3739
1790
2723
7371
6046
6606
7076
7215
9133
8872
8937
8135
8427
5922
2002
1429
4488
3625
1803
787
1084
2396
-122
-2575
-2485
-724
-516
-153
-2563
-6041
-8771
-5986
-6383
-7197
-9050
-9412
-9795
-12884
-10112
-13959
-12463
-13671
-15863
-16593
-15194
-16507
-17435
-16448
-12747
-17181
-13119
-9046
-8092
-5063
-7713
-4226
963
3071
-105
4302
7990
8348
7743
7547
9269
9940
9986
11809
10321
10510
11489
9733
11183
9641
7862
2211
878
5312
4208
2674
1064
-1517
-171
3405
3599
2115
181
438
707
-5120
-4445
-5153
-5011
-8344
-8029
-5149
-8723
-11143
-11646
-8578
-7939
-12123
-13157
-12425
-11785
-11241
-11214
-10265
-11331
-8521
-14956
-12174
-2102
-3281
-2043
1806
5575
3687
4182
9889
10749
13224
14732
13419
14814
13992
14042
15011
14103
12975
11800
12174
11938
12152
9582
10438
5967
790
5152
1403
2234
2417
768
1196
-1664
-2121
-4166
-5864
-2002
-891
-3393
-4792
-3997
-9094
-6108
-7246
-7699
-6797
-8664
-8803
-7664
-7845
-8923
-10113
-12309
-11545
-13689
-14321
-14043
-13260
-6917
-8926
-6310
-1576
-2399
1327
8515
8795
9078
10195
11620
13630
15050
15450
14399
16326
15167
15164
15180
13488
12743
13340
12438
11561
10914
10364
9924
3029
-40
2756
3209
196
-1764
-1914
-3794
-2556
157
-2840
-2590
-4590
-1086
-2618
-5017
-4075
-6067
-7137
-9691
-5215
-5222
-9232
-10914
-8691
-6830
-8476
-14394
-16132
-12024
-11859
-10616
-9618
-12151
-4772
-5710
-12574
-2660
1914
4458
3317
7912
10098
8272
8712
10848
12809
11898
11664
12224
12475
11151
12307
11049
9128
9062
7954
10377
6000
2984
4319
3156
-77
-4366
411
3076
545
-404
710
-1341
-2366
-3085
-4634
-2606
-2667
-2968
-3432
-4667
-5286
-4456
-5015
-7311
-9067
-6535
-10577
-11762
-10881
-10918
-10563
-10839
-12346
-8975
-7652
-8750
-9720
-3181
2071
-2825
593
3603
5381
5734
5994
8341
8127
9337
8980
10721
10736
9286
9095
10497
9536
8742
8421
9503
7675
4381
5526
5340
4273
3269
5623
579
-947
2594
1533
3342
2640
2835
3426
4493
486
-873
-1451
44
-31
-3052
-696
-2221
-3220
-9796
-10145
-6049
-6964
-11168
-11095
-6650
-7455
-11324
-11316
-7460
-8550
-11681
-5389
-4187
-3347
-4390
-8372
950
2616
3835
2882
4549
8008
6118
5460
7396
8795
9448
7746
8604
10227
9002
9414
5019
4639
5358
10058
9979
8303
7930
6002
4551
4412
777
2362
5708
4640
3931
3121
3086
1364
738
-3571
-4468
-1109
-3856
-7526
-10841
-8245
-8681
-9833
-10963
-11085
-8518
-10290
-9967
-6577
-5763
-9054
-7908
-4108
-4123
-5488
-4249
-4365
-3582
591
-1292
-1067
1023
2481
4341
5343
6354
6359
6535
8728
9934
10475
11023
6804
1243
4288
9134
9628
7196
6714
6989
5563
6560
6438
6980
6647
6139
821
1091
2322
1721
1473
1823
394
206
-362
-6827
-6087
-5868
-3006
-6749
-6527
-4283
-6705
-7888
-6962
-4846
-4772
-7496
-8364
-6532
-6877
-4111
-8058
-5691
-2428
-2520
-1368
-3327
-3675
684
-4597
-3721
3125
-1485
2045
3567
6069
5732
7206
8021
7729
9798
6299
6732
6196
9636
9312
8860
8216
8311
7506
8332
8203
5725
3539
5441
5074
-675
51
3184
2133
696
-4214
-5208
-4472
-5135
-6008
-6414
-6094
-5955
-4666
-4094
-4153
-1149
-1392
-2218
-3206
-2742
168
676
362
-1212
281
-1698
-4441
-1398
-2848
-1589
-2278
-2472
1250
-1765
-2064
-474
1312
2588
4398
5008
5425
3328
-325
6071
6921
5758
5404
4671
5228
6387
7732
7654
9039
8488
7814
7037
7211
6146
5726
5807
898
-2138
-2653
-1042
-697
866
-654
-3005
-1917
-3909
-3600
-5985
-2958
-1270
-3868
-2037
-3074
-3517
-2879
2278
2662
678
-4202
-1203
120
-4548
-6961
-7594
-6346
-4625
-4480
-3071
-6970
-4330
-4346
-11957
-4507
240
-2699
-2240
-1905
-143
2111
1814
2346
1864
3715
3870
4872
7509
6469
9152
9245
7460
6758
6686
8577
7974
4278
2119
3577
406
-1386
1521
1825
1725
-1331
-1996
-793
-736
75
-1616
1179
1539
-1620
927
2286
2994
1829
1628
1948
-181
-453
-1528
-2591
-2411
-2376
-3958
-5956
-6439
-7248
-6478
-5558
-8725
-6624
-3798
-7815
-5105
-6321
-5552
-663
169
265
-355
2865
4356
8218
6629
7652
8754
10259
12404
11211
11903
6989
6237
4040
3766
7102
8109
6741
6357
2890
-842
2936
3
1036
591
-755
-726
206
525
514
-2902
-1437
649
-4317
-2104
-1931
-2254
-2159
-1424
1152
1016
-3934
-4993
-378
-2740
-5968
-6686
-6581
-6020
-4371
-4221
-4974
-6401
-4084
-9504
-6460
2073
1367
3124
3919
7464
8230
6756
5942
7687
10537
10878
10515
8330
5683
8363
10030
8091
7722
3816
4047
4731
3339
2285
1574
-333
-4953
-2072
-379
-801
2620
1347
-720
-1604
-1107
1328
-282
-79
1133
1485
2055
1015
191
-724
-1183
-3864
-2833
-5050
-3564
-1927
-3212
-5969
-3778
-5420
-5038
-6535
-11146
-10605
-8154
-2606
-8331
-7675
-840
-2139
-143
3183
3390
3653
5164
5300
3797
7022
6681
8483
7967
5023
6801
5714
5002
5228
4233
955
256
215
-990
1154
-2349
-7444
-2461
-104
2620
-593
-3429
1244
2567
2503
630
2428
415
4364
3416
238
3819
3429
993
-1777
-170
2146
-2850
-7920
-2504
-1444
-5719
-6850
-8219
-10603
-8255
-5883
-3864
-4920
-2769
-5674
-8305
-317
3701
1124
-876
237
4487
4609
3395
4356
4166
5172
4500
4959
4772
1059
1822
3921
3196
3134
2491
4248
4158
1220
3727
2687
1042
-123
3934
8699
9032
7213
7481
7586
7024
6368
3648
2545
1494
4239
2452
1997
1385
879
662
-1259
-488
-1003
-2418
-2083
-4869
-7432
-6133
-6988
-8109
-9072
-6438
-6143
-7832
-5448
-4139
-9617
-6852
-2697
-1436
1352
201
1697
2284
4631
4964
4390
7006
6708
4662
2464
3630
5059
4203
5505
2595
2099
4099
4646
7387
6298
-484
770
5921
7945
7037
8846
7688
6120
7861
6031
5378
3301
4676
3386
4267
970
-359
1892
230
-2989
-4308
-1231
-1130
-9606
-11355
-6563
-8014
-5495
-7078
-9362
-7319
-6174
-8290
-6134
-7328
-5678
-7214
-13995
-4712
-1088
52
464
4635
5515
3437
3179
3158
3412
2993
3182
1698
-818
1164
6872
9285
7760
6770
3733
7676
10900
7263
7360
2696
3869
5917
5504
4543
4411
3780
3741
3278
1187
277
-1573
789
-2304
-1254
-2963
-2696
-9
-2697
-4665
-5638
-4856
-3595
-2940
-4687
-2183
-8069
-8787
-4905
-7488
-6279
-7540
-6260
-8080
-5531
-3806
-7081
-2822
-1108
-1380
-2418
1947
1811
1015
1300
118
2988
5390
6257
4238
5264
6508
6351
5116
2395
6673
9264
7449
8724
7902
9039
2670
2389
5591
4053
7724
5317
5868
5023
2937
5367
3025
2295
3142
4122
2798
-2476
-1669
-2150
-1925
-3206
-3048
2984
-3292
-5971
-1738
-1690
-3687
-4876
-8366
-8646
-5983
-5952
-5675
-5623
-7825
-6240
-11219
-10024
-2301
-3749
-3298
-2390
1097
778
428
-1528
-1087
3909
8136
6307
1844
5193
8424
7434
7685
8434
8609
7740
8922
7241
10245
10851
3502
6605
7521
5679
7724
7057
6662
5452
3369
4646
3518
3795
1751
-182
666
1342
894
-7219
-3534
-502
-1985
-1103
-2961
-4128
-5077
-4416
-8063
-9578
-10205
-10930
-10349
-11326
-12402
-13736
-11622
-11785
-13107
-9491
-10255
-8245
-6398
-3980
-4798
-2753
-994
1868
1961
2506
7216
8473
7929
8058
7112
8131
7489
10790
14478
11760
13085
13489
12167
7310
8669
9218
8770
10315
6919
5413
5015
8940
9756
4724
4160
2348
-137
-1005
-1955
-2422
-1018
-3410
-5004
-1761
-2484
-7137
-10593
-8522
-8978
-11263
-14602
-14003
-12827
-13340
-12665
-14128
-14442
-11341
-13661
-16320
-9276
-4884
-4447
-4395
3307
2894
-1769
3875
7819
9204
8528
9743
7851
9518
12397
11071
13214
13197
12906
12120
10224
11316
11256
11501
9562
7096
9068
9082
9727
10182
7689
4440
2664
1786
4009
2377
818
1259
-254
-115
-1351
-2713
-3927
-3988
-4712
-4906
-6346
-8123
-6905
-9639
-9874
-10615
-13667
-13049
-14856
-15712
-16181
-15950
-13156
-9522
-11313
-12248
-6113
-931
-2851
-3459
4351
3324
3149
2269
5408
10294
8793
12007
10875
14131
13473
13199
13620
12971
12305
12419
13528
13284
13308
8369
6789
9196
9849
5161
-750
1024
3541
1898
329
-1125
588
1432
-376
2303
-1900
-2483
-1242
-1822
-4518
-6413
-4000
-7498
-8048
-11050
-10316
-9739
-13094
-15180
-14400
-13455
-11731
-11961
-10275
-11531
-7424
-11802
-13489
-1951
168
-1314
-564
8654
7759
3950
5531
7961
10092
10293
9933
12219
12362
9992
12631
12413
12798
11429
10015
11852
10829
12549
6229
43
3938
4695
5552
6891
5757
3365
4822
3644
1726
1909
815
1826
279
164
-1453
-3018
-3462
-4743
-4667
-5823
-7410
-10290
-13294
-11555
-10152
-10759
-13500
-14076
-13313
-13153
-13118
-8845
-12883
-10727
-6878
-10581
-2133
-1756
584
2105
3227
4156
4095
6622
7030
9313
10692
13511
12241
12173
11211
12163
11750
11172
12043
8829
13497
9358
6616
6454
5770
7294
5559
6935
6119
6194
3925
4442
1619
2085
988
-119
-4413
-4476
-1533
-6886
-5920
-6221
-8418
-12257
-9505
-7896
-10311
-14070
-13742
-11065
-11076
-13497
-12565
-13250
-14958
-12546
-8766
-7720
-8493
-5745
-11112
-7141
341
200
343
2547
6765
8648
8063
8705
10764
11657
11058
10492
13695
11307
10836
15003
10417
8296
9472
12328
11697
10563
12051
6949
2577
3693
7293
5614
6016
4534
3067
2350
280
688
-2703
-4182
-4618
-5279
-7331
-9459
-10553
-10319
-10909
-12368
-12593
-12620
-11881
-13680
-9194
-8917
-14028
-12749
-11581
-7767
-7288
-7523
-5961
-5395
-1068
-692
-4299
1746
4891
6092
8417
10582
10092
12149
13609
11592
12858
9334
14225
11565
8864
8572
9324
11180
10968
12596
7956
9774
7835
6173
4302
1997
2867
814
2934
-521
-1663
-2364
-4384
-4984
-4994
-6885
-7036
-9018
-7230
-9133
-11017
-8773
-9067
-10723
-12315
-7806
-2321
-9020
-14079
-5909
-3123
-4603
-4837
-4384
-5608
-2663
-2488
-954
-2120
754
68
-4084
6618
6824
4529
4437
10274
10106
7165
10753
11867
14340
14004
8100
7832
11612
9584
10251
10379
9330
10112
8429
7354
6154
3335
1924
-1797
1048
-2398
-3045
-1515
-3481
-6356
-6311
-5699
-7299
-9041
-6581
-5534
-8905
-9538
-10715
-10158
-9575
-8246
-5085
-7222
-9049
-5274
-1874
-2268
-2108
-1221
-612
-3732
-7140
-5417
-3551
-3238
-3231
-2944
966
-393
-315
1817
2304
7657
6097
8515
8711
9314
8369
5576
10218
8221
9609
8905
7887
9004
9073
8757
7059
6258
4339
3767
4062
1817
-2877
-1139
-482
-1825
-3823
337
-3976
-2493
-1694
-2285
-7891
-3652
-4057
-8405
-113
-2074
-1828
-6259
-5269
-1810
-4961
622
433
-3899
-3368
841
667
-1294
-2479
-1190
193
-1182
-1807
-1026
-5558
-997
-4168
-5940
2330
1603
3791
2496
5093
5479
5721
5698
3736
8734
10706
9611
7899
8245
7021
7334
5862
4761
6119
5824
5837
4010
2665
-1207
-2041
-586
-2967
-3002
980
-2587
-7494
-7268
-5707
-5656
-6162
-2693
-3228
-4593
-6871
-1635
587
-3507
-275
221
-346
-1100
-1982
124
-581
-1164
-574
-2070
-4282
-7031
-7432
-5149
-4417
-6113
-4161
163
-2825
-3028
2149
-1199
-5
3322
5017
4492
5179
7706
6370
8524
7181
7878
6762
7925
5661
5088
5333
2278
188
2969
1589
2635
230
-5251
-2525
-2020
-2465
-3551
-4974
-4313
422
1341
-1493
-6407
-169
3049
-1672
2726
-2058
-1116
1013
-135
-1034
-1132
2691
2075
-843
-2998
-964
1047
-283
-2535
-3139
-1961
-2369
-3377
-1595
-1194
-1968
-6646
-7819
592
3234
877
2413
6527
7202
2226
328
4295
4220
5467
5132
7595
5511
3868
2477
3316
1219
436
965
-29
-1009
-1607
-5765
-5143
133
-3697
-2186
1045
-345
-1780
-1567
2790
3068
1973
1852
4154
3400
1894
4404
3979
2390
2510
6257
900
-1264
1160
-843
-272
-977
-2722
-2043
-2338
-2181
-929
-2309
-11372
-9582
-2752
-2927
-3429
-4692
-149
3
601
1942
1816
3017
4410
5385
3209
3327
2394
4598
4013
4206
2512
721
3056
-490
-783
-2612
150
-25
-1318
313
-759
1092
54
2618
5613
4808
4856
5046
6089
4911
6469
7382
5660
10484
5715
768
5390
5640
2320
4162
2481
1021
-626
-3616
-1668
-560
-984
-7837
-10205
-6368
-4543
-7561
-8133
-7400
-6512
-10000
-10828
-5613
-2147
-3826
-6173
406
-565
-3593
-2784
-2553
593
-1813
-3985
41
-1621
-2763
-216
-744
-1062
1191
1019
1849
2786
3231
2752
1770
8982
8518
8008
10469
9402
9638
11019
10456
8492
4235
2586
7481
8051
7002
7044
5281
5074
5027
3239
1049
574
503
-3544
-3003
-6640
-7654
-6824
-7670
-7945
-9053
-8579
-9565
-11499
-8463
-5915
-10394
-9813
-6039
-6074
-3537
-1488
-1845
-564
-221
-778
-2202
-400
1749
2256
643
4135
6055
2147
4304
9420
5990
5936
10696
10043
6169
7634
11474
8499
9764
9788
8843
9606
8052
7511
10692
5801
7393
7685
2257
7590
-304
-479
36
-1446
-2688
-4057
-3748
-3381
-6693
-7215
-4919
-4292
-7360
-9935
-8641
-9442
-9161
-8195
-10876
-9498
-8925
-15112
-11172
-5265
-5838
-4217
-5009
-3534
-1192
-1312
-162
279
2199
-775
1538
3595
2423
5349
5690
5817
4352
11422
10599
9785
8427
10801
8494
8656
9194
9546
9190
7156
7463
6292
8568
4793
3711
2972
3441
4026
3289
3062
363
1131
869
-2418
-1445
-3023
-3805
-2863
-5450
-4111
-4493
-6114
-7295
-8238
-9230
-9577
-9141
-10276
-11059
-9048
-6164
-11849
-13603
-8745
-5309
-4870
-5032
-3570
-2787
-1332
725
1506
1402
6230
7056
4374
7742
13201
11593
10639
10928
8531
10713
11440
8577
12120
10969
11467
10828
11445
8938
9052
5858
5771
5499
5698
3257
3387
4921
2645
1279
-2363
995
2391
-559
-2775
-1922
-1584
-2791
-6382
-6352
-5499
-9614
-9712
-11025
-9786
-10945
-9842
-10666
-13032
-12097
-10538
-13909
-16773
-7212
-9071
-9668
-4557
-759
1390
-236
523
3334
7621
2605
7647
13282
8930
8818
14490
12502
11595
14171
14018
15560
11429
12843
12666
11257
11184
10198
10715
10661
10039
7987
8795
7670
7017
517
-1031
4719
238
-2742
-4779
-865
-2476
-4103
-3574
-5799
-6408
-7258
-8583
-8867
-11500
-11174
-12012
-15631
-13007
-13527
-14281
-13839
-15367
-13362
-8855
-14718
-12084
-5562
-5235
-2834
-298
4019
1790
3524
7667
7358
8445
10802
14299
14944
14985
15480
15465
15127
15317
17048
12663
12979
14031
13417
13354
12144
9668
6485
6820
7729
5074
2900
3623
4811
3027
-1038
-282
-1687
-713
-6034
-5797
-4099
-5436
-7927
-8270
-6304
-9157
-12451
-15709
-10370
-13375
-14694
-14171
-14687
-14197
-13583
-13125
-15362
-13922
-9177
-12314
-13751
-5313
-3578
-403
-4984
1486
10353
5103
7124
6452
11439
12105
12388
16358
15717
14611
12243
14271
14931
14380
14872
9938
8339
11861
8737
8502
6397
4264
5841
5403
3098
3870
3082
1749
399
-1410
-2466
-2214
-2599
-4105
-5463
-5711
-6971
-9409
-6961
-8454
-10307
-9318
-12465
-12294
-13563
-13688
-13833
-14509
-14737
-14303
-13068
-13059
-12403
-3878
-3233
-5869
-812
2314
6649
6723
5767
7956
8802
10580
9286
12858
17762
16261
17506
15771
17316
16403
15275
14616
13322
12055
8091
8738
9406
8976
3666
3304
3037
3109
1928
243
284
46
-856
459
-2663
-3603
-905
-6000
-2696
-6408
-7118
-5336
-7714
-9048
-8992
-5351
-7426
-11099
-11495
-7831
-8141
-10755
-10532
-8916
-12118
-9635
-4071
-5357
-6256
-4891
-1251
-2112
2210
5819
4622
7632
9458
13286
12804
9286
9080
13002
15787
12601
13091
12151
10671
12346
11933
10978
12516
9410
3844
4621
3745
5873
4902
3658
4888
1948
1488
1220
23
-1180
-3028
-3865
-3533
-4824
-5738
-5451
-6699
-4049
-3774
-5553
-7892
-7521
-7379
-6209
-6979
-8411
-5188
-9150
-8160
-4571
-5517
-7427
-8638
-3772
-5912
-6285
-2885
148
-1390
1200
2869
4008
6825
6397
8326
7734
9498
6083
7224
11163
9806
10245
10063
12896
8562
11932
5786
6127
6726
1815
5515
4298
5427
4213
1047
2898
1436
-915
1462
11
-3454
-5107
-2233
-4150
-5248
-5441
-6130
-4210
-9177
-7833
-8071
-8937
-9262
-7616
-6346
-7617
-11062
-11044
-6275
-6910
-9835
-11113
-3890
-4466
-5244
-2673
-3586
-2315
-591
-4343
-5227
4174
5415
5264
6148
8680
9905
9206
8450
5923
10346
14836
14828
12745
11530
7562
8379
10656
10396
10588
4501
1822
5759
4433
2087
1885
-298
-2223
1854
2170
1499
225
-1100
-2592
-1838
-3645
-4338
-3044
-4876
-2972
-7286
-7748
-5094
-6218
-6511
-5675
-3091
-6873
-7812
-2953
-3746
-5706
-3939
-3558
-3794
-3696
-3424
-3825
-3018
-3744
-689
-1832
-1512
3239
5376
6810
8662
9306
8565
10914
8917
6858
8692
10222
9529
10284
10581
8106
8979
6870
8482
6108
38
5050
4388
2638
2760
1079
-819
-2097
-2351
-3267
-3192
-3525
-6168
-4418
-5663
-9413
-5431
-6607
-5444
-5812
-7961
-7564
-3200
-2046
-7679
-3770
3122
-11
-2972
1626
1885
463
-853
-722
448
344
596
-2036
-4206
-5467
-4538
-5507
1358
2585
152
1936
6923
10605
5415
5667
-388
1267
3581
5355
4689
3158
6321
4817
5091
4107
5609
1
-262
1122
-266
1577
-55
-212
-1505
-1581
904
163
-4229
-1188
-746
-2533
-1357
-3970
-694
1879
2160
930
-2223
3076
4611
3588
3237
2433
2924
212
-343
1714
1000
-1225
-2524
-1568
-2509
-2330
-2258
-4101
-3392
-2450
-2245
-5079
-1020
-422
135
1376
-2342
-314
-153
168
1992
2952
2666
6721
6429
4890
4557
4105
4281
4621
7476
-1032
1552
3875
925
2410
760
1546
1711
2312
2096
2124
1030
94
715
1388
385
1019
-4991
-439
5525
270
2900
4676
5039
114
2584
2382
767
-4641
-3433
646
-2493
-4556
-5749
-4908
-5637
-6989
-6424
-7914
-8782
-9373
-14180
-6785
-3032
-6334
-4030
-4821
2532
-693
-2425
1770
2153
6271
5526
6333
5775
7023
6974
7159
6814
5904
6702
1098
1954
2470
1279
3024
-93
-611
1247
2109
2321
4098
3332
2060
572
5006
7212
1485
4758
4315
4315
3260
1187
3005
2543
1088
-678
-506
-2337
-1758
-2178
-3105
-3934
-5701
-6723
-8050
-7317
-7476
-8493
-8801
-7117
-9975
-11714
-7121
-6498
-2318
-319
639
1892
1374
3723
3405
5922
6582
7767
8497
6562
8013
7099
6479
6541
7731
7955
443
3393
2897
-680
2049
-645
1398
1606
4977
1831
3065
7941
7037
5834
3333
4707
2867
5576
3045
-1381
-703
-919
1186
-1622
1937
3241
-2555
-6567
-5416
-3481
-6446
-7715
-9194
-7956
-7875
-10569
-9201
-9900
-10053
-8211
-13080
-5653
37
-3379
-2597
14
4648
2821
1711
2408
5317
6591
4766
599
3986
5618
4029
6043
3234
4650
4558
6830
2226
-1722
2658
4928
1384
346
6725
6978
5647
3730
4880
3356
5292
3830
2619
3416
2979
4324
3313
903
1629
372
-560
-1710
-2389
-3716
-4860
-5480
-2548
-6919
-8996
-11513
-15077
-12649
-10336
-11142
-10944
-11831
-6550
-9168
-10131
-3497
-4913
-1092
539
-37
679
1869
-1050
1342
3065
2166
3925
1942
2757
2391
4915
4724
5520
5497
4972
4975
4085
6545
5798
8654
10046
7184
6764
6825
7233
9046
7106
7249
7781
4722
6374
4624
7142
4752
-245
1727
38
-4094
-5451
-700
-499
-5628
-6605
-4408
-6114
-7143
-10762
-12233
-10770
-8466
-9360
-10725
-10509
-9376
-9091
-13213
-7432
-4465
-4651
-6338
-2325
1709
-1897
-460
-1441
-1653
1158
1669
1260
3711
3690
3791
6772
8359
8708
8992
12392
12501
7660
9490
10652
9107
9581
8774
10270
11790
7745
4332
6694
6327
4698
3015
3386
2444
2367
1680
-2259
-696
-1723
-1612
-2438
-6354
-9302
-8322
-7110
-9016
-9239
-9974
-10282
-10348
-9642
-9713
-10434
-11434
-8678
-6990
-10283
-8048
-4597
-5911
-3921
-2187
-2117
-292
513
1779
1897
2611
3252
5453
4825
6841
10382
10101
7106
10562
10555
8107
11467
5641
6618
12415
7841
8405
7905
6189
5974
5259
5369
3592
1988
2411
-286
-1926
-1616
855
-3112
-4861
-2373
-3298
-8944
-9248
-3956
-3142
-7548
-9712
-4187
-3853
-6449
-7083
-8297
-7337
-7496
-11422
-7722
-8012
-6512
-10565
-13586
-4231
-3312
-2858
-2491
2248
5020
2844
1504
18
4763
9252
8930
6802
8614
12294
11792
12143
12912
11808
12760
12515
13603
7325
4483
7472
4380
7288
5359
4121
3712
1079
972
413
-821
-1137
-1295
-3558
-1382
-3256
-7601
-4994
-3927
-4313
-4819
-6596
-4870
-6617
-5486
-4371
-4862
-7619
-10425
-8240
-9146
-7798
-9915
-10816
-13194
-12359
-10115
-11694
-8698
-7092
-6819
-922
1503
1234
2763
4489
6418
6701
3118
7830
13591
10206
12126
9762
8890
11235
8919
8965
8679
9901
11012
7121
3259
6837
4319
5982
6312
3497
4695
4244
3183
4756
2120
2247
-1501
-4254
3400
-1292
-1405
178
906
-1697
-3266
1510
-4024
-9927
-8266
-4014
-3430
-8051
-9175
-8353
-8351
-8913
-8984
-10493
-11889
-10472
-13970
-11172
-6733
-6106
-4301
1166
1438
-41
3660
6011
6703
8465
9413
8433
8952
9684
9813
9435
12630
12522
9599
10950
7556
8310
8183
2949
6754
5358
5260
5350
5481
5749
5745
2346
-1374
2616
1116
-1757
-3835
-580
954
-254
149
-2970
-2822
-2537
-5737
-5679
-6099
-8116
-7980
-8395
-10058
-11187
-12481
-12677
-12119
-13580
-13469
-14276
-11912
-9889
-14373
-7825
-4363
-6758
-2556
539
3669
3639
6008
6828
7964
10454
9064
10284
10926
11778
11799
9515
11577
11435
9008
10555
8967
9899
3855
1268
4469
4319
6178
4792
3603
1957
4457
2727
3451
1805
1938
347
-5001
-7
-4085
-4432
-3213
-4044
-8325
-9520
-6657
-8472
-12479
-14546
-10850
-10560
-12960
-14486
-13692
-12626
-9291
-11153
-8117
-7617
-8196
-8818
-7684
2751
1792
3614
6352
7313
9896
9570
9920
11108
13728
12471
10731
9730
6318
11958
15215
11402
12447
10496
11485
11041
10693
9168
5270
2630
464
2854
2263
3726
2343
2201
370
-1836
-429
-1791
-3162
-4364
-3587
-2318
-2382
-1932
-4117
-3723
-3408
-6672
-6172
-10473
-9941
-8187
-10311
-9607
-10313
-10346
-9738
-11620
-5935
-6358
-10221
-5037
266
-6492
-3666
-880
-3248
2100
3729
5050
5066
6875
7936
8086
10094
9085
7917
6248
9208
11381
10596
10307
9843
8311
8292
8597
6601
4087
1906
5285
7228
2517
1420
2820
1425
2139
1763
1385
189
-418
-1148
-2880
-284
-4596
-4951
-3620
-4214
-6411
-8009
-5316
-6050
-9298
-9714
-6618
-5675
-7448
-11137
-10934
-10629
-6146
-4023
-4755
-4513
-3328
-6235
-7076
1388
2002
989
1710
6566
10280
6480
6379
6214
6374
8588
7287
7725
9272
9625
9875
12610
9903
5449
7426
8808
7781
4497
1776
2480
3238
1757
3999
3202
3425
3496
1377
1318
809
-314
-2884
-3400
-4843
-5211
-5294
-9920
-8142
-9182
-8967
-9754
-10874
-7001
-7954
-5742
-5865
-9003
-6526
-5530
-5320
-6181
-5526
-6316
-7443
-5482
-3408
-4872
-4031
-1080
1247
2971
2389
5449
4669
7559
8915
9653
10325
11666
12137
11808
13748
12008
15277
8008
6370
8533
10095
8102
9349
2478
2347
6642
5033
6496
2127
1977
2310
2883
1040
-118
-478
-2442
-1443
-4394
-2415
-6295
-7470
-3946
-5401
-6067
-5489
-3468
-5497
-6537
-4443
-4485
-4611
-5909
-7084
-7927
-6311
-6166
-4736
-3692
-4485
-1980
-4905
-5342
1075
3990
1041
3668
9481
10432
9950
9124
9194
12090
8853
5437
7055
11815
12868
13197
13010
10858
9430
7367
9542
7628
6166
2369
3279
3598
2136
2647
1072
-407
-3499
-4236
-5835
-7101
-5736
-8532
-8832
-8657
-7504
-7758
-5846
-6125
-9001
-8706
-5934
-6720
-6449
-7711
-6168
-5493
-7092
-5655
-6383
-5068
-5570
-5333
-4122
-5548
-2463
-1511
-3330
2976
3069
2759
4768
7138
8838
8109
5550
2194
8427
9261
8568
7162
9788
13191
13251
11983
11743
10959
7908
8470
8012
7763
-1759
-379
556
-2063
-669
-5174
-3775
-4838
-5115
-6430
-4773
-4214
-3197
-6038
-1268
-1781
-6201
1212
1094
1111
-1517
-3203
1128
90
-2867
-2958
2993
-2220
-3522
-3216
-3113
-1284
-2448
-4080
-2998
-310
-1338
-3013
-2023
297
1350
-2636
-1463
4407
6027
4478
5493
5064
8081
9520
4557
4460
3080
4642
9232
7810
7001
5532
4926
3714
6074
-2863
-5476
-468
-4254
-1078
-2267
-3447
-2627
-3284
-2231
-2555
-1078
-100
-4192
-2880
272
276
-1471
-691
-923
-1000
173
-3924
-3646
-2513
189
475
-1685
-1111
-704
-1939
-2341
-2297
-2676
-3467
-3589
-3888
-1827
-4437
-3451
-1051
56
2356
2878
3623
1702
7125
3473
5171
7595
4551
3726
4643
3555
4367
8407
7872
4771
6167
3807
6613
1162
-2434
2510
-1319
917
1718
569
36
3509
4835
-1319
768
1294
1769
1329
2792
1169
-3336
3577
1968
30
-149
-113
1731
-492
-5631
-2306
711
-2004
-3596
-5421
-8131
-7164
-4081
-6350
-4507
-9606
-7493
-9380
-7385
2867
87
1627
4200
6476
6362
5088
4888
6476
7971
8755
8521
6167
4046
6353
6776
3877
5019
5483
5794
2542
2518
-3316
-6343
-2220
-3208
-1933
-649
3648
-2561
1512
6193
744
2748
681
1886
223
605
2839
1429
2443
2130
1381
505
64
579
-2255
-18
-5518
-6677
-2448
-5040
-4959
-6453
-5696
-11746
-9544
-6147
-3835
-3256
-5111
-665
-242
860
2431
2695
3670
4358
5234
-5163
-10000
-9620
-9900
-9179
-6435
-7499
-7857
-5438
-4658
-4409
910
2376
2015
3025
3327
5964
4776
4493
4660
4923
6177
5157
4803
3430
3345
4025
1359
-2854
-1353
15
-707
-4535
-4486
-8762
-10811
-7736
-5776
-4185
-6437
-3312
-4327
-5805
-5856
-4084
-1344
151
-2090
-3101
-1053
-126
-2674
-3969
-337
-793
-3549
-4125
-5151
-5581
-7865
-8923
-6530
-6566
-6045
-8883
-9670
-9549
-8402
-9952
-11288
-4974
-2333
-3134
-3008
1177
1112
-1273
899
784
1413
1824
1494
920
1720
-471
421
-371
-971
-1923
-1696
-3406
-389
-2345
-1787
-3201
-3114
-4289
-9223
-4384
-4242
-3131
-5650
-656
-592
-1523
-533
-241
493
172
1273
-853
-635
-1874
1590
165
-1005
-960
-1473
-2384
-3054
-5254
-5649
-8570
-8500
-6184
-6690
-8318
-8920
-10987
-10088
-6999
-6890
-6104
-4205
-2988
-1823
-584
-1511
-113
-1138
247
347
911
660
-1248
-1276
-3434
-370
-384
-1828
-2996
-3436
-4139
-3094
-2115
-832
-624
-766
2105
-2996
-952
2658
2843
2791
3115
2931
1758
3748
1236
3275
668
-714
2980
2607
943
-351
1964
2171
-5295
-10752
-5037
-1708
-4314
-8719
-7719
-7127
-8160
-8231
-9033
-9610
-10996
-13719
-14163
-9876
-6613
-7284
-8597
-5673
-3976
-6945
-9423
-8382
-7422
-3478
-4958
-5960
-4545
-4887
-2796
-3532
-3679
-3416
502
3744
2738
619
5511
6635
6660
6225
3046
8084
7141
8432
8351
5676
3326
4201
3437
1861
5054
4282
3472
2381
781
-80
-2225
-6353
-5391
-5227
-7135
-9384
-10472
-9754
-10869
-11225
-12242
-14151
-13014
-14638
-14643
-14095
-13806
-14571
-15595
-9962
-11296
-10304
-8949
-8150
-8551
-7170
-3088
-3008
470
-657
274
507
860
5557
4154
5950
8112
8628
10262
8663
10376
10304
7510
9757
10734
5306
2038
6036
6109
7928
7781
5018
6073
4444
4878
1606
3380
2475
-4635
-1218
-1013
-2632
-7160
-6048
-4152
-7378
-11955
-13261
-13530
-14401
-15624
-16024
-16971
-14998
-15509
-16519
-14481
-17844
-17038
-17415
-14990
-9461
-10808
-12616
-8207
-4218
-8170
-6019
-4280
-1879
5133
4890
8507
3548
4572
12437
12064
12113
12932
9110
9817
6787
6534
8445
6704
8879
8493
3686
1295
5023
2566
1743
3812
140
292
-1706
-4730
-3699
-3588
-5279
-4980
-4836
-6223
-6464
-7816
-7944
-7966
-9931
-9537
-10636
-11869
-11822
-12429
-16843
-15687
-13955
-16559
-15626
-17082
-15158
-15135
-15843
-10106
-8163
-8744
-6307
-2978
-967
2712
1732
664
9872
9959
8210
11522
9655
9933
7681
10019
12772
11142
13178
10327
9692
9576
9204
9124
7357
5660
552
2327
2234
-1631
-1894
-2164
-135
-3375
-4661
-4639
-5420
-4987
-5807
-6099
-8770
-8900
-11480
-11072
-9472
-9628
-13802
-16882
-11140
-10074
-15371
-18580
-16643
-14401
-15108
-16196
-14610
-14228
-14230
-15855
-13527
-7179
-4054
-2418
-3327
-159
4638
5611
4518
5035
6211
7031
8397
9041
9865
9168
8086
9116
10035
7721
9878
9113
7482
7188
6268
6131
6044
1316
-6554
-651
-1962
-1529
131
-2967
-3309
-5021
-4607
-5007
-4513
-4893
-6248
-9938
-9145
-9168
-9954
-11562
-12829
-12047
-14135
-12781
-13729
-14545
-14988
-16169
-15730
-15226
-14057
-16009
-14449
-12835
-9064
-13892
-9897
2940
-2162
1689
-930
3709
6004
5274
9599
7651
10074
10668
12042
11130
11896
10983
11001
10926
10381
9486
9484
9500
5459
4740
5077
6130
-166
-3565
-360
-4293
-5257
-1872
-3931
-5485
-5183
-6127
-5499
-9158
-5080
-7587
-10793
-9272
-9761
-11879
-14670
-12297
-12798
-16496
-17613
-15075
-14659
-15581
-16314
-16088
-16259
-11513
-10027
-10430
-8827
-7628
-9586
-10811
-2266
2586
641
1669
5953
8565
7496
5987
8038
10219
12787
11046
11325
10830
9746
10453
10151
8363
4308
8825
7791
6542
5386
3982
4723
3522
1831
-5194
-2986
-2631
-3281
-2552
-4721
-5771
-8330
-7810
-7146
-8278
-9295
-9496
-11038
-10881
-11486
-11890
-11513
-12408
-11472
-11073
-11031
-11400
-5073
-7913
-10486
-6417
-9151
-6714
-8729
-6832
-4740
-2904
-3313
-3492
1698
1358
2901
3998
5790
4819
3426
6111
6225
6702
8807
8523
7082
4890
6116
6709
4947
4738
4044
3345
2783
2196
-328
287
-687
-1526
-7077
-10611
-5367
-8262
-8624
-9213
-9042
-7621
-10753
-10442
-10481
-9192
-9431
-11843
-10925
-8965
-8514
-10834
-9983
-9295
-5983
-10795
-14793
-3513
-3587
-5398
-5969
-6479
-4228
-5397
-5212
-4138
-5277
-3008
-7011
-6084
3826
2646
-1595
-158
4649
3443
675
3640
1407
4925
4440
4729
4424
4027
4843
3074
3555
1947
767
551
587
-1627
-1657
-737
-2151
-1497
-4876
-7575
-6067
-5558
-5285
-6290
-6777
-6814
-7718
-6609
-4872
-4328
-4124
-4408
-2517
24
-7671
-8284
-2245
-4137
-2523
-2728
-2583
-3000
-3746
-3393
-5491
-5199
-5868
-6596
-7722
-6748
-5025
-2854
-6113
-3986
-1439
-1731
-721
-1877
950
-293
-936
910
4195
5218
3665
3660
1197
3431
2035
1353
-2400
-888
-1262
-1735
-490
-2953
-1511
-2589
-778
-4829
-7545
-4087
-5581
-4872
-3515
-4951
-3353
-7260
-2934
-2406
-9839
-2723
-8385
-4253
1960
-1013
-1783
-1252
3711
1277
-2324
-3108
120
-1753
-5316
-9117
-7182
-7572
-8485
-8353
-8538
-9339
-9798
-9706
-16745
-6128
-3812
-5496
-2332
178
2119
247
-1967
-1888
4103
2044
1791
2838
2412
3275
4421
2964
3527
3142
3147
3732
-1160
-73
-9
1285
-66
-8047
-4736
-1783
-333
-2585
-6010
-768
-1470
-3236
-172
1107
1232
1662
1490
2191
1409
91
-508
-1981
-2656
-2913
-4750
-4423
-5595
-6730
-8465
-8186
-9713
-11566
-12903
-14514
-10506
-9709
-10300
-14077
-10107
-8319
-4507
-3550
-1293
-279
-2873
-949
-2062
1657
-723
2193
4115
1678
1924
2474
1993
1873
1093
617
560
-366
1677
1785
-1598
-990
-7038
-8082
-6801
-315
456
-3730
-1539
2903
1497
1723
1645
2112
2805
-1994
9
203
-254
-2389
-3027
-1192
-1615
-7122
-8724
-4583
-7366
-8121
-12333
-12614
-8690
-9555
-9003
-10087
-11269
-9652
-14292
-18330
-6274
-4974
-6576
-4672
-1685
1772
-1557
-1047
211
4377
4949
3097
1652
-461
-303
-837
-715
664
479
1137
2052
-3819
-1731
261
3711
2446
-6460
2284
746
3618
4240
776
4692
-1000
2250
349
2838
-997
-1125
-440
350
144
-515
-945
-2272
-2432
-4594
-6861
-7672
-9824
-10489
-9599
-12615
-12542
-13540
-13511
-13177
-12242
-13277
-8169
-13796
-13318
-5791
-5944
-5317
-5530
-3877
-3356
-1996
-1619
474
532
-392
1474
-858
-1073
1463
-3900
-1183
-718
443
3150
6807
2272
-323
7192
6766
5098
343
4680
3322
4484
8064
3663
4885
4542
4751
4894
3626
2467
-593
163
2291
-201
-3544
-5722
-1749
-3965
-9228
-12395
-5513
-7695
-11392
-11895
-14572
-13205
-12127
-12692
-15601
-16547
-13923
-11677
-16015
-8819
-7032
-8903
-7452
-3164
-2087
-5335
-4100
-2733
950
2340
-2473
191
-2211
1350
5965
2828
2118
5355
13663
8561
10699
9760
9414
7133
8725
1064
349
9620
2150
3211
2251
899
3224
-451
-623
802
-1264
-1393
-5123
-6806
-3182
-6731
-8157
-8826
-11805
-10471
-12554
-12631
-12740
-13028
-15063
-15100
-16148
-14692
-14144
-15983
-13004
-12995
-10875
-13088
-10604
-8016
-7417
-4907
-4151
-7514
-8189
-4012
-2982
1635
2560
1351
5534
5550
6735
7491
10791
10908
11958
11720
11447
11180
11498
10260
9144
6803
6711
3753
4053
3145
1261
880
43
1748
-712
-2955
-5342
-5352
-1769
-7850
-7487
-4984
-5796
-7797
-7464
-5168
-8164
-12942
-10881
-7848
-11019
-12938
-14001
-13241
-12751
-12269
-10564
-11374
-11575
-11131
-14320
-15327
-11549
-5091
-8842
-6221
-891
165
-1534
2098
4105
5532
11345
9918
8944
8538
7215
9817
10437
9875
8092
8958
6731
8090
7162
4312
6724
2085
-915
-1153
2412
530
-2451
-3890
-5494
-4704
-4487
-7355
-6395
-4270
-4372
-5707
-6476
-6645
-7409
-7537
-7998
-8927
-8433
-6616
-10046
-9317
-9908
-12398
-9868
-14892
-17104
-14554
-18441
-15454
-11685
-10348
-11368
-13376
-3673
-5360
-1681
2152
1520
-1368
4275
8968
7918
10559
9792
9988
8342
10397
8934
8152
8628
5882
5115
6361
5530
4556
2488
5939
4553
-2167
-1549
-4946
-5713
-153
-2365
-3361
-1335
-3961
-2426
-3090
-434
-1300
-5572
-2812
-1744
-5037
-9459
-4638
-3494
-7633
-11690
-9238
-6840
-13905
-17852
-17069
-13509
-14450
-15694
-13246
-13873
-13011
-13740
-13061
-9054
-4843
-7025
280
1057
3832
3394
48
5708
6473
10587
8199
5193
9129
5876
9051
9331
7035
8448
6911
7910
6002
7829
3431
-98
2469
3130
-1017
-2736
2306
-2038
2264
-2942
-3877
-2744
-2248
-1166
-1721
-1901
-2401
-3093
-3972
-4426
-4317
-6873
-7440
-12109
-13987
-11296
-14081
-13170
-13528
-15796
-17307
-15149
-16136
-16214
-15562
-13960
-8576
-12109
-10804
-2784
-3080
-3161
195
4124
3002
2130
4592
6189
7601
7676
9209
9842
5510
9430
8982
8049
10112
5252
7925
1761
2064
5096
4939
3665
5690
4608
-2811
-240
953
581
1676
-2707
-1554
-6019
-2409
-4576
-2976
-3386
-8352
-8620
-8906
-10779
-16240
-12651
-11734
-13469
-17724
-15769
-11567
-11024
-12373
-15086
-10369
-13803
-14871
-3871
-5341
-6410
-4791
-11983
-3775
318
532
566
2378
6211
6885
5066
6417
8086
6287
7907
8373
9271
7481
6844
4514
3904
3983
4315
4207
3971
4308
2313
2425
-35
2099
-2278
-6512
-558
-961
-2924
-2901
-3138
-6276
-4858
-7100
-11137
-10026
-9070
-10811
-8622
-10578
-9751
-9729
-10589
-10086
-9628
-10054
-8989
-8855
-8041
-12258
-7740
-5002
-9362
-7358
-8328
-7457
-5398
-3903
-8778
-6033
1411
1872
2344
755
4637
3916
5190
3009
5510
7078
7506
3343
4628
3279
6222
5398
3544
3339
5602
4841
3806
1801
118
1002
2500
4243
-3673
-5472
-1242
-2812
-7557
-6933
-4313
-7912
-5788
-6786
-5899
-4236
-9534
-5815
-4938
-7219
-8863
-2794
-1823
-6433
-9875
-5268
-1694
-3508
-4294
-6548
-5738
-7201
-4453
-6397
-5945
-5536
-7787
-8203
-10247
-3012
-1801
-2758
-232
885
546
-758
184
-2150
-916
1038
3740
4548
4033
5206
2757
6101
3547
4484
3162
5596
3032
2148
2780
1470
-1907
865
-4526
-7450
-2075
-4551
-6118
-4326
-8041
-7279
-5512
-8738
-8296
-8147
-9137
-4521
-4259
-6938
-9442
-4677
-4510
-5570
-5743
-4564
-6338
-7231
-7990
-7590
-9450
-10846
-10708
-8355
-11586
-8282
-4172
-12332
-7929
-4123
-3493
-298
-971
-19
-1881
1226
3335
4790
5701
7297
8330
7213
7406
6455
7491
5060
6513
3970
2895
-88
1209
2075
1341
2867
565
-2347
-4339
-2115
-3518
-2555
-3027
-3129
-4460
-6162
-2569
-493
-7135
-8943
1262
-1215
-4292
-2993
-2687
-937
-2645
-6388
-8479
-4381
-5056
-7636
-9536
-9453
-9315
-9869
-10033
-7535
-10589
-10939
-10420
-9245
-4433
-4692
-4507
-1806
2345
1979
-7
1168
4246
6443
5708
6087
7996
5788
6212
327
1382
3710
1965
4081
-305
486
2337
-741
-2122
-812
-1561
-7496
-5106
-5735
-8372
-6426
-5513
-2973
-5785
-7888
-2233
-3139
-1364
-1805
-3575
-1361
-4052
-3265
-4458
-4917
-5421
-5833
-9049
-7433
-6492
-9108
-6789
-8499
-10285
-9822
-9562
-10313
-5303
-6878
-11597
-7754
-1001
-477
1628
107
255
2350
4366
2619
2879
6181
6052
3486
3835
1302
2263
2539
1434
1236
-1267
556
1057
-2095
-2809
-3335
-3208
-989
-5187
-10331
-3660
-6254
-6858
-3279
1307
-1589
-2605
-1886
-174
3385
-3072
-779
204
-801
-4080
-3985
1356
-1714
-6140
-6083
-3355
-3791
-7759
-8056
-8171
-7213
-7498
-12942
-8509
-8622
-4485
-7487
-11571
-3441
-1134
-3057
968
3661
2631
-2946
-3121
2093
2134
2623
1645
3748
2336
951
2710
-110
-597
-1720
-751
-230
-1700
-1155
-2852
-1624
-2748
3248
-4325
-8193
3894
609
-422
2712
513
2785
-184
993
-1245
-1157
-617
-1085
-421
-3476
-2367
-2412
-3642
-3226
-7316
-3928
-4180
-4283
-7356
-8822
-7714
-8705
-9656
-8904
-10153
-9614
-5270
-6849
-8884
-9760
-7343
-5006
-5425
-3024
-2775
-1734
-1813
-3364
-701
-89
-188
-942
-1372
205
170
-367
704
1708
-320
2327
4311
-32
4685
7146
5122
6503
1172
-860
3162
209
-1062
2204
-678
-2161
585
-2218
3005
-3320
-4335
-591
-2376
-4612
-6494
-2593
-2078
-7909
-9839
-6180
-5738
-9075
-9880
-10800
-9899
-10211
-10002
-11124
-16875
-12146
-14517
-14670
-8357
-7244
-6373
-4052
-795
-249
-3788
-3564
-4438
-4698
-740
-2074
1423
310
-227
74
1224
3514
5102
-182
-320
8431
5794
4754
3780
4595
4336
6318
973
-1470
1947
-242
-140
11
-568
-2786
-833
-3078
-1473
-2401
-1434
-2050
-5876
-5763
-7554
-5451
-7026
-6901
-7541
-9339
-8253
-8632
-13029
-16549
-13605
-14066
-12377
-13808
-13650
-11017
-12126
-9573
-6111
-5355
-6254
-2992
-1185
-1914
-879
-3077
-840
2108
3267
1687
3205
7378
3178
3828
9980
9347
7139
7685
8100
9702
6900
5928
6983
5441
3118
968
-711
-2002
-74
-673
-512
332
-943
-651
-2448
1134
-4444
-2479
-333
-1737
-2526
-4359
-2220
-2128
-8438
-11533
-7121
-8576
-9439
-9968
-10291
-9433
-9536
-9904
-9033
-11776
-10151
-13697
-12680
-7481
-8780
-7294
-7194
-3547
-3128
-3885
-4997
-2609
-1658
204
831
-2039
4664
7675
7335
2074
7386
5965
6186
4877
4962
6508
4954
4647
5324
5796
2644
-1070
956
2762
1008
1548
2015
2172
-1707
-2371
1473
90
-705
55
-636
-5521
-4465
-4795
-6663
-7350
-9859
-9048
-10972
-12258
-12172
-11550
-13515
-14592
-14738
-14981
-17253
-12962
-11113
-16573
-11790
-8652
-7834
-5486
-4554
-3233
26
147
-3376
2026
5701
4685
5959
7947
6653
7263
9364
6967
6208
6934
7850
7976
7596
7091
7902
8305
6269
7843
3600
2290
7017
3233
1298
5959
1977
889
-1159
-3978
-2208
-5709
-2174
-2035
-3984
-6789
-7269
-4720
-8604
-12927
-10636
-8705
-11605
-12441
-14282
-16184
-17015
-17500
-16212
-17308
-18473
-12909
-18663
-16915
-8335
-8362
-7461
-2847
-757
-3496
1803
160
2461
7138
6193
6005
5722
6654
9941
9987
9627
8078
11271
12309
8245
10077
10085
7337
8028
8509
6437
5916
-521
1997
2628
1515
-5186
-4008
-4434
-4001
-4218
-4973
-3932
-6204
-4946
-6853
-8124
-9850
-10596
-12294
-14130
-14601
-16498
-16008
-15084
-16253
-18014
-19669
-18259
-17938
-16768
-17344
-12392
-10315
-13081
-10814
-10981
-3242
-13
-1065
-533
2284
7394
6920
10079
8091
11859
8677
6121
10193
10125
10851
10708
9363
9839
10516
8175
9209
8316
5554
6775
5781
5552
-2421
-6268
1172
907
-1175
-2562
-3608
-2445
-4297
-2321
-5344
-8744
-6807
-6806
-10228
-12461
-10803
-10601
-12439
-17345
-15162
-15840
-18280
-19137
-19524
-18542
-16490
-16003
-14244
-12516
-10777
-9283
-12844
-4713
-1457
-1066
971
3593
8887
5839
6445
7562
9770
11067
9335
7584
11849
11019
11431
11175
11968
8346
8744
8182
3149
2292
1621
1401
2270
123
1086
-1242
-3798
-4905
-5025
-3523
-3014
-4492
-5836
-5003
-7457
-8536
-8652
-8386
-9081
-11177
-11130
-11674
-13834
-14336
-14427
-12541
-12373
-12936
-13946
-15321
-13803
-15655
-13054
-10234
-8689
-7517
-3209
-6231
-6221
-671
-800
4160
4251
5824
6069
6039
7160
7032
9379
10726
10255
10252
10102
8853
10993
6410
2948
6375
4583
3801
6491
5285
3469
3259
3974
5546
870
-3215
-1914
-2787
-3872
-1892
-3171
-5761
-5232
-5217
-3579
-9064
-9232
-10967
-12216
-11845
-12331
-10174
-12384
-15433
-15433
-11382
-10081
-13078
-15517
-9867
-9935
-11361
-10492
-8514
-9303
-8170
-9124
-11017
16
130
-297
2670
4898
5974
3269
3345
4522
6011
9985
9782
9326
5544
-981
5158
8035
9568
6681
7759
6811
5517
5707
4869
5296
424
2824
1947
-629
-4127
-4526
-6724
-6246
-7462
-9135
-10066
-9334
-9037
-10140
-9264
-9389
-10377
-12658
-12256
-10645
-11096
-13395
-11626
-7217
-9628
-9776
-12540
-8404
-11142
-11429
-10728
-9279
-8936
-5428
-2741
-9510
-2856
-257
2182
4626
3588
3730
5282
7301
6067
2351
3481
10003
8060
9308
7306
6747
9475
9184
5848
4402
5635
5328
3674
3391
3613
2176
1557
-1761
-4174
-7757
-4885
-4709
-7482
-7151
-11119
-9009
-9370
-8226
-9942
-13500
-10297
-8968
-10602
-15468
-12895
-6250
-6835
-14814
-9483
-5984
-7015
-7641
-7361
-5553
-4318
-4461
-3971
-3197
-2850
-10
-7593
811
6350
3805
4892
1347
8901
6777
3096
3209
7081
9868
7565
5939
5279
6286
6252
7757
6033
5578
4754
1488
2537
-149
-1315
-224
-1607
-1866
-6269
-10253
-6791
-8658
-8587
-9976
-9665
-9221
-9626
-11174
-10220
-6558
-9246
-7648
-5712
-4628
-7197
-4912
-3503
-4150
-4211
-2750
-3977
-4848
-2460
-3778
-3066
-3962
-3345
-4287
-3706
-2917
-1343
-7916
-5353
3075
-1336
2517
4327
3437
5588
4789
5180
5413
6920
6879
6237
6182
5638
4666
3992
4468
2489
197
504
-776
-1801
-3090
-2603
-5033
-5292
-8936
-13046
-8411
-10230
-7667
-9648
-9915
-8521
-7164
-5839
-5582
-3425
-3171
-2472
-2300
-3534
-3115
1968
-61
-969
-5632
-4329
-468
-1613
-4092
-3487
-3712
-3473
-4119
-9569
-6054
-4694
-709
-12487
-6326
727
-3954
1515
-1345
3514
2168
390
-333
73
1186
124
2239
1297
715
-1561
-1924
1167
634
612
-722
-2180
-1429
-2613
-2917
-3574
-3947
-3110
-11021
-4828
-300
-4097
-1382
-322
699
1698
-1133
-910
3732
2577
1917
665
-418
284
269
-1023
-1794
-1789
-2019
-3749
-2551
-7929
-11200
-7739
-10433
-9164
-10739
-11011
-8686
-4795
-10154
-9991
-3539
-4872
-828
-369
-2057
-1113
-1337
-1168
50
692
451
616
2154
-290
1258
2327
-1438
-449
581
-815
-2231
-2368
-3344
-2593
-494
-1654
-777
-4895
-4349
-2251
-1602
2393
3816
4342
1455
1972
2718
4938
2689
817
3504
3373
303
-1414
1883
-342
-10293
-9113
-4223
-6249
-9092
-11153
-12993
-12801
-10225
-7996
-7207
-10214
-5797
-9549
-13454
-3367
-2356
-3985
-1909
182
322
-1498
-908
376
1237
2941
2563
2309
-35
-2293
-761
-519
443
-501
-3914
-305
-1010
1316
1304
-1423
-1207
4783
3902
-1865
4757
1946
3216
6567
4033
3213
1594
3141
2120
4622
2507
1449
-1779
-6796
-3086
-3370
-3992
-5056
-4927
-7781
-7385
-6036
-7807
-9853
-11600
-10376
-11414
-10073
-11227
-6836
-7979
-12365
-5409
-4670
-3424
-3709
-3998
-956
-455
446
-768
-156
-685
-2301
-83
-1696
-4873
-3593
-780
-2212
-125
-1850
3651
-418
1231
5684
6234
2374
6717
2371
-1314
4803
3904
6106
5185
5404
4449
4009
4326
1494
-744
158
1595
1902
-1709
-4190
962
-1615
-5574
-7028
-4464
-3972
-7874
-9621
-11656
-13260
-12040
-11772
-12583
-13140
-12972
-9147
-14883
-11848
-7509
-8748
-6919
-6067
-4008
-6542
-5547
-4120
-3414
-1387
-4519
-3072
820
-1654
1300
4029
-652
880
6468
7676
7768
5795
8117
8076
8818
8242
8942
5588
2660
6991
4963
6201
1812
2588
2811
1319
3031
2359
2214
1126
-1626
-4940
-1293
-2602
-4635
-5661
-8147
-7715
-8331
-9066
-10203
-12611
-14526
-14575
-15746
-15897
-16811
-14715
-10540
-16718
-14657
-11104
-13023
-10462
-10308
-10616
-9239
-7277
-5511
-5016
-3676
-4282
-2419
-189
2683
3976
5520
11866
10176
10091
8080
10156
11076
11872
10386
11752
11498
11535
7721
-404
2232
2847
2366
6112
2287
1137
2122
1156
1646
-2505
269
71
-2386
-6599
-7588
-4929
-5405
-9409
-13571
-9456
-10883
-13236
-15525
-15020
-15757
-16112
-15487
-14358
-15796
-14125
-18245
-20476
-10721
-9100
-8216
-7915
-5362
-5181
-5732
-2065
828
1591
-70
4113
11484
9210
10106
11016
8484
11825
10070
9512
11208
11609
13353
8345
6260
7644
7175
6533
1689
3252
2050
2653
3315
631
-1346
-3129
-2412
-2547
-2220
-4581
-5231
-5938
-7542
-10359
-12918
-13071
-13291
-14838
-15857
-17099
-15923
-16514
-15625
-17397
-19112
-18758
-17740
-18352
-12945
-16499
-21838
-9683
-7555
-6861
-4197
-2881
-483
3210
3671
1758
6549
9975
7949
9649
11115
12302
12184
11393
12958
12005
8612
7522
7971
9077
8098
5827
8341
7652
3646
1974
4753
-1803
-5606
-3764
-3331
-2461
-3424
-6013
-3863
-7434
-8651
-6063
-7180
-9981
-10958
-8241
-9312
-14957
-14965
-11322
-13334
-16953
-16153
-18348
-17732
-15585
-15509
-14804
-14908
-15577
-13957
-18355
-11449
-4152
-5609
-2128
2457
6500
4908
4129
8876
10575
10164
8902
10717
13242
12924
7840
6476
9682
9138
10125
9750
8090
8012
7791
7587
6838
3110
68
-4956
-190
795
-386
1984
-4154
-4577
-5102
-4959
-6035
-7074
-7059
-7389
-7098
-7042
-9169
-10036
-11691
-12047
-15226
-17144
-16717
-16899
-13543
-19049
-18220
-17920
-16727
-15813
-16580
-14154
-7665
-9205
-14715
-6393
-1728
1828
2119
3219
5285
6568
8967
10427
8803
4972
6695
11037
10206
8811
9237
8561
8819
7610
10028
6043
6614
4091
1732
2572
5242
-649
-6381
-708
-1475
2850
-1843
-3858
-4566
-5503
-4834
-8924
-7327
-8597
-10086
-9172
-11411
-13720
-12311
-12169
-13704
-15774
-18999
-15065
-15164
-17507
-16963
-16412
-16243
-13348
-11007
-10998
-13101
-7693
-8135
-11306
15
2121
2634
4446
7286
7947
3294
4378
9212
10447
8404
9476
10688
12374
10712
11317
10522
8951
10212
6417
4648
6241
3618
3970
3354
3196
-2971
-6290
-1385
-2241
-4895
-3201
-4128
-5984
-7416
-7220
-8089
-9003
-8788
-12284
-12819
-10940
-13839
-14971
-16560
-18004
-16619
-17519
-17871
-17798
-14837
-12778
-14174
-15338
-16781
-11320
-7627
-9274
-7584
-2372
-6083
-1651
1859
-1904
5083
6977
8537
7955
8332
10028
10669
10387
10477
11676
11188
10648
10054
9510
6935
7299
8118
8073
6546
6109
5585
2778
4069
-3557
-5057
-1737
-2956
-3120
-5596
-5787
-7241
-9088
-9884
-12088
-8825
-11561
-16779
-12313
-11513
-13694
-15669
-12411
-11774
-14447
-16420
-10538
-9180
-13595
-11003
-8755
-8605
-6850
-1964
-2216
-2494
-6955
-2160
-2619
-3840
5856
3614
4250
5789
8505
8943
7047
8594
9631
10631
7439
8706
5877
7580
7493
6687
7593
6386
6360
4099
3151
626
-2181
-2489
-1768
-5661
-10817
-5486
-2757
-5147
-8800
-9109
-7910
-10322
-10692
-9340
-10549
-10970
-10006
-9950
-9958
-9943
-8668
-9129
-7992
-5317
-5992
-6537
-4177
-2618
-2304
-2700
-6094
-9393
-4688
-3548
-4451
-1735
486
-2965
-3913
3464
3476
4430
5755
5765
6174
5547
7549
5767
3128
2025
3107
3876
4931
4856
4625
4194
3470
2098
692
1805
387
-624
-3048
-3921
-4903
-9059
-5949
-7100
-7587
-5911
-6888
-6945
-8213
-8952
-7653
-9564
-4503
-7533
-7142
-2085
-2507
-8371
-3826
1695
-178
-2474
-4143
228
-7855
-6013
-5699
-7310
-5964
-3004
-2405
-4041
-3272
-4524
-3063
-8235
-2749
477
-962
1212
2838
2085
-380
3593
3219
2250
3273
201
2568
1013
581
3813
4264
2754
2420
1806
1749
274
-1041
-1166
-3462
-2422
-4688
-7099
-5560
-2766
-9061
-6042
-8120
-5847
-5548
-7051
-6171
-4600
-3002
-4157
-7099
-1848
184
505
-1537
-8553
-5583
-3221
-4570
-5434
-7032
-6416
-7618
-8686
-10294
-8100
-8344
-10363
-8813
-5245
-8127
-7311
-716
-5244
-5131
-573
-936
386
1571
1351
3501
2068
1734
4071
4858
5485
5946
4793
3662
2747
2000
-338
673
1036
-773
-1514
-1770
-213
-5422
-6545
-3621
-3541
-1954
-2840
-1401
-1771
-1744
-3265
-1790
2768
-2562
-4511
-5381
-1955
-3123
-2451
165
-2655
-5838
-7463
-4328
-6581
-7022
-8308
-8222
-8918
-8607
-4700
-5521
-7061
-10025
-9809
-14760
-5917
-2394
-2294
310
2309
1088
-1974
-1762
-2067
-1040
645
317
-1664
-1223
765
-78
428
-221
-1015
-2130
-2384
-4190
-2020
-3395
-3591
-3316
-7875
-3707
-3716
-3006
-2526
-374
-1129
-4312
2782
20
-3675
648
10
1632
54
-1793
-1082
-1462
-858
-2986
-3401
-4622
-3800
-4223
-6362
-6736
-8816
-9364
-8128
-8681
-12720
-12426
-11409
-7837
-10165
-9922
-4187
-5778
-3418
-3231
-3331
-3485
-1993
-1537
-683
219
38
1037
-1063
249
-468
-1490
-1764
-2355
-2900
-2317
-888
-446
-1265
1095
-732
-5185
1845
781
-23
2518
194
448
2563
2477
1751
-1270
577
5477
542
2023
3650
2130
-1789
64
2408
-2350
-9032
-8929
-4647
-6134
-7796
-14324
-12771
-10957
-9775
-10974
-11247
-9689
-11123
-13583
-14804
-6326
-8088
-8960
-6098
-4301
-4055
-4964
-4028
-4116
-1404
-1506
-2434
-1026
-844
-1440
-76
656
631
-648
1261
1777
216
34
1679
4715
-5546
-7754
4661
3716
4134
5029
4735
6552
7312
5297
3343
3853
4705
3968
1956
1696
1653
129
-4170
-5231
-5295
-6648
-7151
-9904
-11802
-10128
-12126
-11650
-12846
-13761
-15305
-14529
-15837
-11864
-13332
-18244
-10379
-12335
-9771
-5382
-7476
-4608
-4717
-3236
-3542
-1869
-1223
-805
-1657
1136
-552
1022
2136
2540
2943
3979
7326
1366
3525
10440
7337
-1306
4720
5114
4758
9280
6254
6330
4971
7084
3288
4384
3155
2384
1303
-3102
-335
-1967
-4191
-7715
-5602
-7923
-9242
-11428
-10762
-8299
-11826
-12728
-13680
-14795
-13197
-12955
-12983
-13482
-12738
-11517
-16882
-10609
-6216
-8793
-5589
-3348
-529
-1364
-2439
-124
1157
1666
457
1195
156
2984
3305
883
2686
5677
5102
4377
9174
8012
8153
8187
4560
3341
5528
5097
4270
4670
1652
1446
1613
1675
-505
-2010
-1695
-2366
-1495
-4531
-5306
-7436
-10201
-8996
-9312
-7376
-10692
-12406
-9872
-13570
-13608
-12637
-16527
-14579
-13184
-14153
-13896
-13356
-8240
-11906
-10515
-6307
-7092
-4731
-3618
-2020
-1923
498
1962
2803
4557
4180
1009
4163
8948
5155
5095
11029
11078
8385
10395
10730
9728
9594
10055
3651
1508
6196
2973
4388
1563
398
528
3261
2632
152
-2989
-1499
-482
-6127
-5309
-3181
-2689
-6013
-7559
-4196
-6987
-10183
-13022
-13545
-10029
-10795
-16168
-17594
-14013
-13182
-13484
-13313
-14883
-14253
-14130
-17567
-10240
-8083
-9926
-5160
-1669
242
-2402
-6141
-2028
2535
3946
3739
1790
2723
7371
6046
6606
7076
7215
9133
8872
8937
8135
8427
5922
2002
1429
4488
3625
1803
787
1084
2396
-122
-2575
-2485
-724
-516
-153
-2563
-6041
-8771
-5986
-6383
-7197
-9050
-9412
-9795
-12884
-10112
-13959
-12463
-13671
-15863
-16593
-15194
-16507
-17435
-16448
-12747
-17181
-13119
-9046
-8092
-5063
-7713
-4226
963
3071
-105
4302
7990
8348
7743
7547
9269
9940
9986
11809
10321
10510
11489
9733
11183
9641
7862
2211
878
5312
4208
2674
1064
-1517
-171
3405
3599
2115
181
438
707
-5120
-4445
-5153
-5011
-8344
-8029
-5149
-8723
-11143
-11646
-8578
-7939
-12123
-13157
-12425
-11785
-11241
-11214
-10265
-11331
-8521
-14956
-12174
-2102
-3281
-2043
1806
5575
3687
4182
9889
10749
13224
14732
13419
14814
13992
14042
15011
14103
12975
11800
12174
11938
12152
9582
10438
5967
790
5152
1403
2234
2417
768
1196
-1664
-2121
-4166
-5864
-2002
-891
-3393
-4792
-3997
-9094
-6108
-7246
-7699
-6797
-8664
-8803
-7664
-7845
-8923
-10113
-12309
-11545
-13689
-14321
-14043
-13260
-6917
-8926
-6310
-1576
-2399
1327
8515
8795
9078
10195
11620
13630
15050
15450
14399
16326
15167
15164
15180
13488
12743
13340
12438
11561
10914
10364
9924
3029
-40
2756
3209
196
-1764
-1914
-3794
-2556
157
-2840
-2590
-4590
-1086
-2618
-5017
-4075
-6067
-7137
-9691
-5215
-5222
-9232
-10914
-8691
-6830
-8476
-14394
-16132
-12024
-11859
-10616
-9618
-12151
-4772
-5710
-12574
-2660
1914
4458
3317
7912
10098
8272
8712
10848
12809
11898
11664
12224
12475
11151
12307
11049
9128
9062
7954
10377
6000
2984
4319
3156
-77
-4366
411
3076
545
-404
710
-1341
-2366
-3085
-4634
-2606
-2667
-2968
-3432
-4667
-5286
-4456
-5015
-7311
-9067
-6535
-10577
-11762
-10881
-10918
-10563
-10839
-12346
-8975
-7652
-8750
-9720
-3181
2071
-2825
593
3603
5381
5734
5994
8341
8127
9337
8980
10721
10736
9286
9095
10497
9536
8742
8421
9503
7675
4381
5526
5340
4273
3269
5623
579
-947
2594
1533
3342
2640
2835
3426
4493
486
-873
-1451
44
-31
-3052
-696
-2221
-3220
-9796
-10145
-6049
-6964
-11168
-11095
-6650
-7455
-11324
-11316
-7460
-8550
-11681
-5389
-4187
-3347
-4390
-8372
950
2616
3835
2882
4549
8008
6118
5460
7396
8795
9448
7746
8604
10227
9002
9414
5019
4639
5358
10058
9979
8303
7930
6002
4551
4412
777
2362
5708
4640
3931
3121
3086
1364
738
-3571
-4468
-1109
-3856
-7526
-10841
-8245
-8681
-9833
-10963
-11085
-8518
-10290
-9967
-6577
-5763
-9054
-7908
-4108
-4123
-5488
-4249
-4365
-3582
591
-1292
-1067
1023
2481
4341
5343
6354
6359
6535
8728
9934
10475
11023
6804
1243
4288
9134
9628
7196
6714
6989
5563
6560
6438
6980
6647
6139
821
1091
2322
1721
1473
1823
394
206
-362
-6827
-6087
-5868
-3006
-6749
-6527
-4283
-6705
-7888
-6962
-4846
-4772
-7496
-8364
-6532
-6877
-4111
-8058
-5691
-2428
-2520
-1368
-3327
-3675
684
-4597
-3721
3125
-1485
2045
3567
6069
5732
7206
8021
7729
9798
6299
6732
6196
9636
9312
8860
8216
8311
7506
8332
8203
5725
3539
5441
5074
-675
51
3184
2133
696
-4214
-5208
-4472
-5135
-6008
-6414
-6094
-5955
-4666
-4094
-4153
-1149
-1392
-2218
-3206
-2742
168
676
362
-1212
281
-1698
-4441
-1398
-2848
-1589
-2278
-2472
1250
-1765
-2064
-474
1312
2588
4398
5008
5425
3328
-325
6071
6921
5758
5404
4671
5228
6387
7732
7654
9039
8488
7814
7037
7211
6146
5726
5807
898
-2138
-2653
-1042
-697
866
-654
-3005
-1917
-3909
-3600
-5985
-2958
-1270
-3868
-2037
-3074
-3517
-2879
2278
2662
678
-4202
-1203
120
-4548
-6961
-7594
-6346
-4625
-4480
-3071
-6970
-4330
-4346
-11957
-4507
240
-2699
-2240
-1905
-143
2111
1814
2346
1864
3715
3870
4872
7509
6469
9152
9245
7460
6758
6686
8577
7974
4278
2119
3577
406
-1386
1521
1825
1725
-1331
-1996
-793
-736
75
-1616
1179
1539
-1620
927
2286
2994
1829
1628
1948
-181
-453
-1528
-2591
-2411
-2376
-3958
-5956
-6439
-7248
-6478
-5558
-8725
-6624
-3798
-7815
-5105
-6321
-5552
-663
169
265
-355
2865
4356
8218
6629
7652
8754
10259
12404
11211
11903
6989
6237
4040
3766
7102
8109
6741
6357
2890
-842
2936
3
1036
591
-755
-726
206
525
514
-2902
-1437
649
-4317
-2104
-1931
-2254
-2159
-1424
1152
1016
-3934
-4993
-378
-2740
-5968
-6686
-6581
-6020
-4371
-4221
-4974
-6401
-4084
-9504
-6460
2073
1367
3124
3919
7464
8230
6756
5942
7687
10537
10878
10515
8330
5683
8363
10030
8091
7722
3816
4047
4731
3339
2285
1574
-333
-4953
-2072
-379
-801
2620
1347
-720
-1604
-1107
1328
-282
-79
1133
1485
2055
1015
191
-724
-1183
-3864
-2833
-5050
-3564
-1927
-3212
-5969
-3778
-5420
-5038
-6535
-11146
-10605
-8154
-2606
-8331
-7675
-840
-2139
-143
3183
3390
3653
5164
5300
3797
7022
6681
8483
7967
5023
6801
5714
5002
5228
4233
955
256
215
-990
1154
-2349
-7444
-2461
-104
2620
-593
-3429
1244
2567
2503
630
2428
415
4364
3416
238
3819
3429
993
-1777
-170
2146
-2850
-7920
-2504
-1444
-5719
-6850
-8219
-10603
-8255
-5883
-3864
-4920
-2769
-5674
-8305
-317
3701
1124
-876
237
4487
4609
3395
4356
4166
5172
4500
4959
4772
1059
1822
3921
3196
3134
2491
4248
4158
1220
3727
2687
1042
-123
3934
8699
9032
7213
7481
7586
7024
6368
3648
2545
1494
4239
2452
1997
1385
879
662
-1259
-488
-1003
-2418
-2083
-4869
-7432
-6133
-6988
-8109
-9072
-6438
-6143
-7832
-5448
-4139
-9617
-6852
-2697
-1436
1352
201
1697
2284
4631
4964
4390
7006
6708
4662
2464
3630
5059
4203
5505
2595
2099
4099
4646
7387
6298
-484
770
5921
7945
7037
8846
7688
6120
7861
6031
5378
3301
4676
3386
4267
970
-359
1892
230
-2989
-4308
-1231
-1130
-9606
-11355
-6563
-8014
-5495
-7078
-9362
-7319
-6174
-8290
-6134
-7328
-5678
-7214
-13995
-4712
-1088
52
464
4635
5515
3437
3179
3158
3412
2993
3182
1698
-818
1164
6872
9285
7760
6770
3733
7676
10900
7263
7360
2696
3869
5917
5504
4543
4411
3780
3741
3278
1187
277
-1573
789
-2304
-1254
-2963
-2696
-9
-2697
-4665
-5638
-4856
-3595
-2940
-4687
-2183
-8069
-8787
-4905
-7488
-6279
-7540
-6260
-8080
-5531
-3806
-7081
-2822
-1108
-1380
-2418
1947
1811
1015
1300
118
2988
5390
6257
4238
5264
6508
6351
5116
2395
6673
9264
7449
8724
7902
9039
2670
2389
5591
4053
7724
5317
5868
5023
2937
5367
3025
2295
3142
4122
2798
-2476
-1669
-2150
-1925
-3206
-3048
2984
-3292
-5971
-1738
-1690
-3687
-4876
-8366
-8646
-5983
-5952
-5675
-5623
-7825
-6240
-11219
-10024
-2301
-3749
-3298
-2390
1097
778
428
-1528
-1087
3909
8136
6307
1844
5193
8424
7434
7685
8434
8609
7740
8922
7241
10245
10851
3502
6605
7521
5679
7724
7057
6662
5452
3369
4646
3518
3795
1751
-182
666
1342
894
-7219
-3534
-502
-1985
-1103
-2961
-4128
-5077
-4416
-8063
-9578
-10205
-10930
-10349
-11326
-12402
-13736
-11622
-11785
-13107
-9491
-10255
-8245
-6398
-3980
-4798
-2753
-994
1868
1961
2506
7216
8473
7929
8058
7112
8131
7489
10790
14478
11760
13085
13489
12167
7310
8669
9218
8770
10315
6919
5413
5015
8940
9756
4724
4160
2348
-137
-1005
-1955
-2422
-1018
-3410
-5004
-1761
-2484
-7137
-10593
-8522
-8978
-11263
-14602
-14003
-12827
-13340
-12665
-14128
-14442
-11341
-13661
-16320
-9276
-4884
-4447
-4395
3307
2894
-1769
3875
7819
9204
8528
9743
7851
9518
12397
11071
13214
13197
12906
12120
10224
11316
11256
11501
9562
7096
9068
9082
9727
10182
7689
4440
2664
1786
4009
2377
818
1259
-254
-115
-1351
-2713
-3927
-3988
-4712
-4906
-6346
-8123
-6905
-9639
-9874
-10615
-13667
-13049
-14856
-15712
-16181
-15950
-13156
-9522
-11313
-12248
-6113
-931
-2851
-3459
4351
3324
3149
2269
5408
10294
8793
12007
10875
14131
13473
13199
13620
12971
12305
12419
13528
13284
13308
8369
6789
9196
9849
5161
-750
1024
3541
1898
329
-1125
588
1432
-376
2303
-1900
-2483
-1242
-1822
-4518
-6413
-4000
-7498
-8048
-11050
-10316
-9739
-13094
-15180
-14400
-13455
-11731
-11961
-10275
-11531
-7424
-11802
-13489
-1951
168
-1314
-564
8654
7759
3950
5531
7961
10092
10293
9933
12219
12362
9992
12631
12413
12798
11429
10015
11852
10829
12549
6229
43
3938
4695
5552
6891
5757
3365
4822
3644
1726
1909
815
1826
279
164
-1453
-3018
-3462
-4743
-4667
-5823
-7410
-10290
-13294
-11555
-10152
-10759
-13500
-14076
-13313
-13153
-13118
-8845
-12883
-10727
-6878
-10581
-2133
-1756
584
2105
3227
4156
4095
6622
7030
9313
10692
13511
12241
12173
11211
12163
11750
11172
12043
8829
13497
9358
6616
6454
5770
7294
5559
6935
6119
6194
3925
4442
1619
2085
988
-119
-4413
-4476
-1533
-6886
-5920
-6221
-8418
-12257
-9505
-7896
-10311
-14070
-13742
-11065
-11076
-13497
-12565
-13250
-14958
-12546
-8766
-7720
-8493
-5745
-11112
-7141
341
200
343
2547
6765
8648
8063
8705
10764
11657
11058
10492
13695
11307
10836
15003
10417
8296
9472
12328
11697
10563
12051
6949
2577
3693
7293
5614
6016
4534
3067
2350
280
688
-2703
-4182
-4618
-5279
-7331
-9459
-10553
-10319
-10909
-12368
-12593
-12620
-11881
-13680
-9194
-8917
-14028
-12749
-11581
-7767
-7288
-7523
-5961
-5395
-1068
-692
-4299
1746
4891
6092
8417
10582
10092
12149
13609
11592
12858
9334
14225
11565
8864
8572
9324
11180
10968
12596
7956
9774
7835
6173
4302
1997
2867
814
2934
-521
-1663
-2364
-4384
-4984
-4994
-6885
-7036
-9018
-7230
-9133
-11017
-8773
-9067
-10723
-12315
-7806
-2321
-9020
-14079
-5909
-3123
-4603
-4837
-4384
-5608
-2663
-2488
-954
-2120
754
68
-4084
6618
6824
4529
4437
10274
10106
7165
10753
11867
14340
14004
8100
7832
11612
9584
10251
10379
9330
10112
8429
7354
6154
3335
1924
-1797
1048
-2398
-3045
-1515
-3481
-6356
-6311
-5699
-7299
-9041
-6581
-5534
-8905
-9538
-10715
-10158
-9575
-8246
-5085
-7222
-9049
-5274
-1874
-2268
-2108
-1221
-612
-3732
-7140
-5417
-3551
-3238
-3231
-2944
966
-393
-315
1817
2304
7657
6097
8515
8711
9314
8369
5576
10218
8221
9609
8905
7887
9004
9073
8757
7059
6258
4339
3767
4062
1817
-2877
-1139
-482
-1825
-3823
337
-3976
-2493
-1694
-2285
-7891
-3652
-4057
-8405
-113
-2074
-1828
-6259
-5269
-1810
-4961
622
433
-3899
-3368
841
667
-1294
-2479
-1190
193
-1182
-1807
-1026
-5558
-997
-4168
-5940
2330
1603
3791
2496
5093
5479
5721
5698
3736
8734
10706
9611
7899
8245
7021
7334
5862
4761
6119
5824
5837
4010
2665
-1207
-2041
-586
-2967
-3002
980
-2587
-7494
-7268
-5707
-5656
-6162
-2693
-3228
-4593
-6871
-1635
587
-3507
-275
221
-346
-1100
-1982
124
-581
-1164
-574
-2070
-4282
-7031
-7432
-5149
-4417
-6113
-4161
163
-2825
-3028
2149
-1199
-5
3322
5017
4492
5179
7706
6370
8524
7181
7878
6762
7925
5661
5088
5333
2278
188
2969
1589
2635
230
-5251
-2525
-2020
-2465
-3551
-4974
-4313
422
1341
-1493
-6407
-169
3049
-1672
2726
-2058
-1116
1013
-135
-1034
-1132
2691
2075
-843
-2998
-964
1047
-283
-2535
-3139
-1961
-2369
-3377
-1595
-1194
-1968
-6646
-7819
592
3234
877
2413
6527
7202
2226
328
4295
4220
5467
5132
7595
5511
3868
2477
3316
1219
436
965
-29
-1009
-1607
-5765
-5143
133
-3697
-2186
1045
-345
-1780
-1567
2790
3068
1973
1852
4154
3400
1894
4404
3979
2390
2510
6257
900
-1264
1160
-843
-272
-977
-2722
-2043
-2338
-2181
-929
-2309
-11372
-9582
-2752
-2927
-3429
-4692
-149
3
601
1942
1816
3017
4410
5385
3209
3327
2394
4598
4013
4206
2512
721
3056
-490
-783
-2612
150
-25
-1318
313
-759
1092
54
2618
5613
4808
4856
5046
6089
4911
6469
7382
5660
10484
5715
768
5390
5640
2320
4162
2481
1021
-626
-3616
-1668
-560
-984
-7837
-10205
-6368
-4543
-7561
-8133
-7400
-6512
-10000
-10828
-5613
-2147
-3826
-6173
406
-565
-3593
-2784
-2553
593
-1813
-3985
41
-1621
-2763
-216
-744
-1062
1191
1019
1849
2786
3231
2752
1770
8982
8518
8008
10469
9402
9638
11019
10456
8492
4235
2586
7481
8051
7002
7044
5281
5074
5027
3239
1049
574
503
-3544
-3003
-6640
-7654
-6824
-7670
-7945
-9053
-8579
-9565
-11499
-8463
-5915
-10394
-9813
-6039
-6074
-3537
-1488
-1845
-564
-221
-778
-2202
-400
1749
2256
643
4135
6055
2147
4304
9420
5990
5936
10696
10043
6169
7634
11474
8499
9764
9788
8843
9606
8052
7511
10692
5801
7393
7685
2257
7590
-304
-479
36
-1446
-2688
-4057
-3748
-3381
-6693
-7215
-4919
-4292
-7360
-9935
-8641
-9442
-9161
-8195
-10876
-9498
-8925
-15112
-11172
-5265
-5838
-4217
-5009
-3534
-1192
-1312
-162
279
2199
-775
1538
3595
2423
5349
5690
5817
4352
11422
10599
9785
8427
10801
8494
8656
9194
9546
9190
7156
7463
6292
8568
4793
3711
2972
3441
4026
3289
3062
363
1131
869
-2418
-1445
-3023
-3805
-2863
-5450
-4111
-4493
-6114
-7295
-8238
-9230
-9577
-9141
-10276
-11059
-9048
-6164
-11849
-13603
-8745
-5309
-4870
-5032
-3570
-2787
-1332
725
1506
1402
6230
7056
4374
7742
13201
11593
10639
10928
8531
10713
11440
8577
12120
10969
11467
10828
11445
8938
9052
5858
5771
5499
5698
3257
3387
4921
2645
1279
-2363
995
2391
-559
-2775
-1922
-1584
-2791
-6382
-6352
-5499
-9614
-9712
-11025
-9786
-10945
-9842
-10666
-13032
-12097
-10538
-13909
-16773
-7212
-9071
-9668
-4557
-759
1390
-236
523
3334
7621
2605
7647
13282
8930
8818
14490
12502
11595
14171
14018
15560
11429
12843
12666
11257
11184
10198
10715
10661
10039
7987
8795
7670
7017
517
-1031
4719
238
-2742
-4779
-865
-2476
-4103
-3574
-5799
-6408
-7258
-8583
-8867
-11500
-11174
-12012
-15631
-13007
-13527
-14281
-13839
-15367
-13362
-8855
-14718
-12084
-5562
-5235
-2834
-298
4019
1790
3524
7667
7358
8445
10802
14299
14944
14985
15480
15465
15127
15317
17048
12663
12979
14031
13417
13354
12144
9668
6485
6820
7729
5074
2900
3623
4811
3027
-1038
-282
-1687
-713
-6034
-5797
-4099
-5436
-7927
-8270
-6304
-9157
-12451
-15709
-10370
-13375
-14694
-14171
-14687
-14197
-13583
-13125
-15362
-13922
-9177
-12314
-13751
-5313
-3578
-403
-4984
1486
10353
5103
7124
6452
11439
12105
12388
16358
15717
14611
12243
14271
14931
14380
14872
9938
8339
11861
8737
8502
6397
4264
5841
5403
3098
3870
3082
1749
399
-1410
-2466
-2214
-2599
-4105
-5463
-5711
-6971
-9409
-6961
-8454
-10307
-9318
-12465
-12294
-13563
-13688
-13833
-14509
-14737
-14303
-13068
-13059
-12403
-3878
-3233
-5869
-812
2314
6649
6723
5767
7956
8802
10580
9286
12858
17762
16261
17506
15771
17316
16403
15275
14616
13322
12055
8091
8738
9406
8976
3666
3304
3037
3109
1928
243
284
46
-856
459
-2663
-3603
-905
-6000
-2696
-6408
-7118
-5336
-7714
-9048
-8992
-5351
-7426
-11099
-11495
-7831
-8141
-10755
-10532
-8916
-12118
-9635
-4071
-5357
-6256
-4891
-1251
-2112
2210
5819
4622
7632
9458
13286
12804
9286
9080
13002
15787
12601
13091
12151
10671
12346
11933
10978
12516
9410
3844
4621
3745
5873
4902
3658
4888
1948
1488
1220
23
-1180
-3028
-3865
-3533
-4824
-5738
-5451
-6699
-4049
-3774
-5553
-7892
-7521
-7379
-6209
-6979
-8411
-5188
-9150
-8160
-4571
-5517
-7427
-8638
-3772
-5912
-6285
-2885
148
-1390
1200
2869
4008
6825
6397
8326
7734
9498
6083
7224
11163
9806
10245
10063
12896
8562
11932
5786
6127
6726
1815
5515
4298
5427
4213
1047
2898
1436
-915
1462
11
-3454
-5107
-2233
-4150
-5248
-5441
-6130
-4210
-9177
-7833
-8071
-8937
-9262
-7616
-6346
-7617
-11062
-11044
-6275
-6910
-9835
-11113
-3890
-4466
-5244
-2673
-3586
-2315
-591
-4343
-5227
4174
5415
5264
6148
8680
9905
9206
8450
5923
10346
14836
14828
12745
11530
7562
8379
10656
10396
10588
4501
1822
5759
4433
2087
1885
-298
-2223
1854
2170
1499
225
-1100
-2592
-1838
-3645
-4338
-3044
-4876
-2972
-7286
-7748
-5094
-6218
-6511
-5675
-3091
-6873
-7812
-2953
-3746
-5706
-3939
-3558
-3794
-3696
-3424
-3825
-3018
-3744
-689
-1832
-1512
3239
5376
6810
8662
9306
8565
10914
8917
6858
8692
10222
9529
10284
10581
8106
8979
6870
8482
6108
38
5050
4388
2638
2760
1079
-819
-2097
-2351
-3267
-3192
-3525
-6168
-4418
-5663
-9413
-5431
-6607
-5444
-5812
-7961
-7564
-3200
-2046
-7679
-3770
3122
-11
-2972
1626
1885
463
-853
-722
448
344
596
-2036
-4206
-5467
-4538
-5507
1358
2585
152
1936
6923
10605
5415
5667
-388
1267
3581
5355
4689
3158
6321
4817
5091
4107
5609
1
-262
1122
-266
1577
-55
-212
-1505
-1581
904
163
-4229
-1188
-746
-2533
-1357
-3970
-694
1879
2160
930
-2223
3076
4611
3588
3237
2433
2924
212
-343
1714
1000
-1225
-2524
-1568
-2509
-2330
-2258
-4101
-3392
-2450
-2245
-5079
-1020
-422
135
1376
-2342
-314
-153
168
1992
2952
2666
6721
6429
4890
4557
4105
4281
4621
7476
-1032
1552
3875
925
2410
760
1546
1711
2312
2096
2124
1030
94
715
1388
385
1019
-4991
-439
5525
270
2900
4676
5039
114
2584
2382
767
-4641
-3433
646
-2493
-4556
-5749
-4908
-5637
-6989
-6424
-7914
-8782
-9373
-14180
-6785
-3032
-6334
-4030
-4821
2532
-693
-2425
1770
2153
6271
5526
6333
5775
7023
6974
7159
6814
5904
6702
1098
1954
2470
1279
3024
-93
-611
1247
2109
2321
4098
3332
2060
572
5006
7212
1485
4758
4315
4315
3260
1187
3005
2543
1088
-678
-506
-2337
-1758
-2178
-3105
-3934
-5701
-6723
-8050
-7317
-7476
-8493
-8801
-7117
-9975
-11714
-7121
-6498
-2318
-319
639
1892
1374
3723
3405
5922
6582
7767
8497
6562
8013
7099
6479
6541
7731
7955
443
3393
2897
-680
2049
-645
1398
1606
4977
1831
3065
7941
7037
5834
3333
4707
2867
5576
3045
-1381
-703
-919
1186
-1622
1937
3241
-2555
-6567
-5416
-3481
-6446
-7715
-9194
-7956
-7875
-10569
-9201
-9900
-10053
-8211
-13080
-5653
37
-3379
-2597
14
4648
2821
1711
2408
5317
6591
4766
599
3986
5618
4029
6043
3234
4650
4558
6830
2226
-1722
2658
4928
1384
346
6725
6978
5647
3730
4880
3356
5292
3830
2619
3416
2979
4324
3313
903
1629
372
-560
-1710
-2389
-3716
-4860
-5480
-2548
-6919
-8996
-11513
-15077
-12649
-10336
-11142
-10944
-11831
-6550
-9168
-10131
-3497
-4913
-1092
539
-37
679
1869
-1050
1342
3065
2166
3925
1942
2757
2391
4915
4724
5520
5497
4972
4975
4085
6545
5798
8654
10046
7184
6764
6825
7233
9046
7106
7249
7781
4722
6374
4624
7142
4752
-245
1727
38
-4094
-5451
-700
-499
-5628
-6605
-4408
-6114
-7143
-10762
-12233
-10770
-8466
-9360
-10725
-10509
-9376
-9091
-13213
-7432
-4465
-4651
-6338
-2325
1709
-1897
-460
-1441
-1653
1158
1669
1260
3711
3690
3791
6772
8359
8708
8992
12392
12501
7660
9490
10652
9107
9581
8774
10270
11790
7745
4332
6694
6327
4698
3015
3386
2444
2367
1680
-2259
-696
-1723
-1612
-2438
-6354
-9302
-8322
-7110
-9016
-9239
-9974
-10282
-10348
-9642
-9713
-10434
-11434
-8678
-6990
-10283
-8048
-4597
-5911
-3921
-2187
-2117
-292
513
1779
1897
2611
3252
5453
4825
6841
10382
10101
7106
10562
10555
8107
11467
5641
6618
12415
7841
8405
7905
6189
5974
5259
5369
3592
1988
2411
-286
-1926
-1616
855
-3112
-4861
-2373
-3298
-8944
-9248
-3956
-3142
-7548
-9712
-4187
-3853
-6449
-7083
-8297
-7337
-7496
-11422
-7722
-8012
-6512
-10565
-13586
-4231
-3312
-2858
-2491
2248
5020
2844
1504
18
4763
9252
8930
6802
8614
12294
11792
12143
12912
11808
12760
12515
13603
7325
4483
7472
4380
7288
5359
4121
3712
1079
972
413
-821
-1137
-1295
-3558
-1382
-3256
-7601
-4994
-3927
-4313
-4819
-6596
-4870
-6617
-5486
-4371
-4862
-7619
-10425
-8240
-9146
-7798
-9915
-10816
-13194
-12359
-10115
-11694
-8698
-7092
-6819
-922
1503
1234
2763
4489
6418
6701
3118
7830
13591
10206
12126
9762
8890
11235
8919
8965
8679
9901
11012
7121
3259
6837
4319
5982
6312
3497
4695
4244
3183
4756
2120
2247
-1501
-4254
3400
-1292
-1405
178
906
-1697
-3266
1510
-4024
-9927
-8266
-4014
-3430
-8051
-9175
-8353
-8351
-8913
-8984
-10493
-11889
-10472
-13970
-11172
-6733
-6106
-4301
1166
1438
-41
3660
6011
6703
8465
9413
8433
8952
9684
9813
9435
12630
12522
9599
10950
7556
8310
8183
2949
6754
5358
5260
5350
5481
5749
5745
2346
-1374
2616
1116
-1757
-3835
-580
954
-254
149
-2970
-2822
-2537
-5737
-5679
-6099
-8116
-7980
-8395
-10058
-11187
-12481
-12677
-12119
-13580
-13469
-14276
-11912
-9889
-14373
-7825
-4363
-6758
-2556
539
3669
3639
6008
6828
7964
10454
9064
10284
10926
11778
11799
9515
11577
11435
9008
10555
8967
9899
3855
1268
4469
4319
6178
4792
3603
1957
4457
2727
3451
1805
1938
347
-5001
-7
-4085
-4432
-3213
-4044
-8325
-9520
-6657
-8472
-12479
-14546
-10850
-10560
-12960
-14486
-13692
-12626
-9291
-11153
-8117
-7617
-8196
-8818
-7684
2751
1792
3614
6352
7313
9896
9570
9920
11108
13728
12471
10731
9730
6318
11958
15215
11402
12447
10496
11485
11041
10693
9168
5270
2630
464
2854
2263
3726
2343
2201
370
-1836
-429
-1791
-3162
-4364
-3587
-2318
-2382
-1932
-4117
-3723
-3408
-6672
-6172
-10473
-9941
-8187
-10311
-9607
-10313
-10346
-9738
-11620
-5935
-6358
-10221
-5037
266
-6492
-3666
-880
-3248
2100
3729
5050
5066
6875
7936
8086
10094
9085
7917
6248
9208
11381
10596
10307
9843
8311
8292
8597
6601
4087
1906
5285
7228
2517
1420
2820
1425
2139
1763
1385
189
-418
-1148
-2880
-284
-4596
-4951
-3620
-4214
-6411
-8009
-5316
-6050
-9298
-9714
-6618
-5675
-7448
-11137
-10934
-10629
-6146
-4023
-4755
-4513
-3328
-6235
-7076
1388
2002
989
1710
6566
10280
6480
6379
6214
6374
8588
7287
7725
9272
9625
9875
12610
9903
5449
7426
8808
7781
4497
1776
2480
3238
1757
3999
3202
3425
3496
1377
1318
809
-314
-2884
-3400
-4843
-5211
-5294
-9920
-8142
-9182
-8967
-9754
-10874
-7001
-7954
-5742
-5865
-9003
-6526
-5530
-5320
-6181
-5526
-6316
-7443
-5482
-3408
-4872
-4031
-1080
1247
2971
2389
5449
4669
7559
8915
9653
10325
11666
12137
11808
13748
12008
15277
8008
6370
8533
10095
8102
9349
2478
2347
6642
5033
6496
2127
1977
2310
2883
1040
-118
-478
-2442
-1443
-4394
-2415
-6295
-7470
-3946
-5401
-6067
-5489
-3468
-5497
-6537
-4443
-4485
-4611
-5909
-7084
-7927
-6311
-6166
-4736
-3692
-4485
-1980
-4905
-5342
1075
3990
1041
3668
9481
10432
9950
9124
9194
12090
8853
5437
7055
11815
12868
13197
13010
10858
9430
7367
9542
7628
6166
2369
3279
3598
2136
2647
1072
-407
-3499
-4236
-5835
-7101
-5736
-8532
-8832
-8657
-7504
-7758
-5846
-6125
-9001
-8706
-5934
-6720
-6449
-7711
-6168
-5493
-7092
-5655
-6383
-5068
-5570
-5333
-4122
-5548
-2463
-1511
-3330
2976
3069
2759
4768
7138
8838
8109
5550
2194
8427
9261
8568
7162
9788
13191
13251
11983
11743
10959
7908
8470
8012
7763
-1759
-379
556
-2063
-669
-5174
-3775
-4838
-5115
-6430
-4773
-4214
-3197
-6038
-1268
-1781
-6201
1212
1094
1111
-1517
-3203
1128
90
-2867
-2958
2993
-2220
-3522
-3216
-3113
-1284
-2448
-4080
-2998
-310
-1338
-3013
-2023
297
1350
-2636
-1463
4407
6027
4478
5493
5064
8081
9520
4557
4460
3080
4642
9232
7810
7001
5532
4926
3714
6074
-2863
-5476
-468
-4254
-1078
-2267
-3447
-2627
-3284
-2231
-2555
-1078
-100
-4192
-2880
272
276
-1471
-691
-923
-1000
173
-3924
-3646
-2513
189
475
-1685
-1111
-704
-1939
-2341
-2297
-2676
-3467
-3589
-3888
-1827
-4437
-3451
-1051
56
2356
2878
3623
1702
7125
3473
5171
7595
4551
3726
4643
3555
4367
8407
7872
4771
6167
3807
6613
1162
-2434
2510
-1319
917
1718
569
36
3509
4835
-1319
768
1294
1769
1329
2792
1169
-3336
3577
1968
30
-149
-113
1731
-492
-5631
-2306
711
-2004
-3596
-5421
-8131
-7164
-4081
-6350
-4507
-9606
-7493
-9380
-7385
2867
87
1627
4200
6476
6362
5088
4888
6476
7971
8755
8521
6167
4046
6353
6776
3877
5019
5483
5794
2542
2518
-3316
-6343
-2220
-3208
-1933
-649
3648
-2561
1512
6193
744
2748
681
1886
223
605
2839
1429
2443
2130
1381
505
64
579
-2255
-18
-5518
-6677
-2448
-5040
-4959
-6453
-5696
-11746
-9544
-6147
-3835
-3256
-5111
-665
-242
860
2431
2695
3670
4358
5234
