-1193
-690
-243
10
456
780
589
815
1044
1124
1068
1078
994
586
-55
1
120
-495
-240
340
122
-389
51
451
108
127
845
142
-452
-74
-268
-609
-577
-130
-363
-252
207
83
111
637
604
419
502
446
344
542
899
672
622
529
264
225
209
-177
-256
-446
-1213
-1516
-1240
-1442
-1655
-675
-567
-1092
-1007
-524
-929
-1015
-119
262
174
684
1264
829
504
287
63
-170
182
603
496
572
496
417
523
778
680
607
323
-315
-273
-477
-916
-891
-771
-1657
-1547
-881
-867
-1383
-930
-185
-410
417
951
691
927
1591
1401
1126
1336
941
-148
-400
-891
-1301
-1224
-1236
-1284
-892
-329
-219
162
350
382
340
517
590
279
308
232
-370
-421
-350
-346
-956
-680
-191
-624
-795
-438
-215
-544
154
964
695
668
1432
828
104
517
934
106
374
619
-365
-545
-38
-48
-556
556
602
40
302
516
39
135
382
-80
-152
135
232
-116
161
264
467
269
45
681
773
579
670
869
475
138
790
541
-307
183
248
-553
-524
263
-299
-1319
-1072
-1115
-1757
-1357
-204
-553
-996
-270
-23
-399
6
344
-262
-525
-323
-616
-1004
-633
-504
-434
140
561
824
829
787
585
587
497
175
321
-133
-749
-882
-696
-839
-618
541
836
831
1434
1684
1087
540
656
-135
-1409
-1431
-1188
-2110
-2307
-1187
-1005
-1076
87
1213
854
1046
1617
1328
732
685
627
-72
-336
-482
-1045
-1284
-1214
-1230
-748
-390
-30
230
1046
1453
1199
1517
1630
1162
850
1050
642
-31
29
516
-263
-541
-133
-372
-1180
-1034
-540
-979
-809
1
465
-46
366
940
488
103
792
806
202
272
141
-756
-803
-117
-529
-737
7
-153
-868
-116
608
213
194
1046
649
-123
229
639
-457
-743
-191
-970
-1917
-1242
-881
-1475
-839
146
-85
-383
1008
988
175
608
1391
224
-255
496
-95
-901
-57
525
-445
226
686
121
183
1363
1160
524
952
705
-636
-921
-557
-1377
-1427
-908
-931
-1269
-472
-19
-113
503
1229
1006
915
1311
1016
764
570
349
-504
-540
-446
-811
-847
-353
-252
-577
-181
-94
13
226
459
591
605
466
-2
-725
-1065
-1067
-1021
-679
-767
-740
-242
-159
190
470
825
1108
971
817
488
216
-69
-490
-238
-224
-576
-386
78
145
-249
434
673
656
443
658
948
210
45
415
275
-179
48
234
-403
-538
42
-45
-176
170
706
618
736
1096
776
364
133
-193
-290
-396
-949
-1297
-1019
-880
-980
-688
-259
-187
-198
534
629
520
469
403
-22
-377
175
183
21
69
-4
-18
206
388
528
125
87
-185
-528
-848
-1063
-905
-1033
-687
-141
529
1186
1970
2212
1883
1271
1070
285
-393
-390
-805
-1191
-1095
-877
-1332
-1228
-557
-311
-492
389
686
-116
-103
332
-134
-110
718
131
-933
-791
-713
-1133
-745
-300
-132
-80
1144
1083
919
1155
638
821
443
736
829
705
443
120
-300
-803
-938
-896
-1073
-1149
-877
-989
-689
-167
572
424
843
1343
783
501
863
553
-633
-459
-782
-1785
-1353
-864
-1550
-1299
-485
-563
-530
541
883
342
1232
1472
592
916
1168
304
-76
134
-316
-594
-280
-198
-78
281
312
20
156
385
399
808
896
66
-78
-32
-759
-756
-149
-400
-936
-291
-271
-531
171
468
-58
-117
448
237
91
677
955
279
409
490
247
186
411
533
551
793
310
279
-137
-536
77
28
-212
-68
-409
-725
-746
-321
-426
-418
-77
-308
-422
-103
84
141
485
534
-33
-408
-599
-1202
-1255
-849
-952
-1265
-450
-249
-238
558
1241
685
790
1831
1401
1403
2000
1907
1182
1375
1198
297
39
26
-782
-1481
-1471
-1617
-1746
-1250
-671
-677
-435
-109
261
159
366
994
1188
910
654
664
46
-426
-386
-674
-1072
-500
-492
-955
-530
-48
-450
-803
-72
-89
-508
217
716
226
356
709
341
-220
689
467
-603
38
-267
-885
-500
-44
-572
-577
344
95
-254
809
998
256
536
1213
124
-463
287
-389
-1273
-995
-634
-1525
-1122
129
-294
-420
534
245
-410
264
562
-415
-353
368
-314
-460
347
260
29
598
727
513
764
397
-162
207
-183
-943
-775
-508
-985
-524
752
609
431
1280
1532
844
1121
1562
689
190
670
483
-10
173
546
213
56
282
-18
-700
-650
-474
-1000
-1081
-852
-772
-738
-149
62
68
65
677
474
391
754
-103
-1254
-1456
-779
-1477
-1635
-764
-414
-978
-486
555
584
317
1526
1868
608
546
727
-205
-1174
-692
-692
-1244
-1074
9
-22
-193
983
1416
794
1209
1759
1381
1301
1455
1193
390
224
33
-451
-581
-67
-192
-185
89
-278
-229
-407
-380
-456
-382
71
-163
-216
62
152
-320
-240
287
-6
-75
112
174
-50
117
423
476
643
858
1038
1033
758
440
244
-208
-724
-823
-919
-714
-816
-827
-657
-760
-632
-576
-4
-584
-300
-9
-503
-451
-309
-352
-917
-799
-617
-647
-952
-802
-797
-640
-198
668
807
562
662
436
144
-250
11
-347
-441
-572
-540
-609
-644
-200
98
193
-53
252
164
76
764
1120
691
666
741
133
-278
-162
-501
-612
-336
-407
-613
-228
-32
-37
214
569
870
939
1039
766
786
745
426
151
118
-77
-500
-198
373
268
650
1377
1494
1171
1455
1532
923
476
443
150
-224
-172
-645
-980
-1264
-1152
-1026
-580
-469
-416
-369
-548
-376
-254
-235
-349
-87
12
-389
-285
66
-256
-53
196
216
-138
-315
-430
-822
-889
-899
-706
-540
-449
-584
-631
-103
157
525
1074
1090
660
464
436
-49
259
360
-106
-343
-49
-255
-364
285
494
416
211
-86
-560
-832
-967
-709
-734
-473
-184
267
453
501
1198
1647
1493
1201
1013
260
-493
-908
-933
-1390
-1166
-932
-1097
-966
-52
18
-190
326
318
10
-181
277
-259
-100
135
200
193
90
206
232
358
120
398
388
-70
-221
-182
-259
-122
229
471
414
423
554
666
920
836
368
238
8
-401
-64
-40
-278
87
86
-186
-319
-182
-227
-164
17
-128
279
705
440
742
1300
836
464
548
82
-652
-778
-722
-762
-431
90
97
-164
-58
-244
-702
-581
-409
-422
-220
357
482
252
313
71
-393
-389
-317
-704
-734
-277
-234
-353
67
593
228
247
575
377
-34
126
410
-59
148
144
-386
-732
-250
9
-181
-64
-46
-646
-919
-422
-281
-492
-58
918
198
-80
914
598
66
631
1048
-237
-990
-216
-1024
-1736
-842
-383
-984
-423
700
194
268
951
843
541
737
989
266
-47
145
-102
-202
-121
-169
-412
141
384
303
500
366
-436
-483
-471
-952
-628
-243
-626
-922
-71
-606
-948
136
155
-876
-599
-4
-1130
-1387
-237
-463
-993
432
955
-300
371
1632
658
-80
913
446
-853
-233
238
-909
-866
316
87
-499
-60
189
-866
-588
418
99
18
817
711
502
1078
1719
1381
1876
2082
1039
763
375
-213
-1233
-828
-983
-1671
-400
106
-256
536
1216
1139
950
1408
1242
413
542
404
122
-519
-576
-181
-333
98
563
797
397
620
697
-11
34
223
-134
-634
-50
-226
-1099
-633
249
-202
-213
1183
1137
-21
474
1113
98
-255
562
0
-1201
-609
-99
-1055
-1085
-511
-1194
-1827
-1028
-805
-1604
-674
-6
-588
-316
790
337
-457
394
272
-766
-423
179
-884
-1265
-296
-576
-1069
-66
537
-155
-135
499
348
41
343
265
-175
-337
-179
-351
-533
-143
-18
603
683
693
583
728
89
93
732
232
604
418
521
84
-49
-51
-310
-36
-165
135
442
-26
-445
58
160
-349
-51
481
145
202
695
494
-38
28
-128
-634
-573
-561
-472
-697
-774
-672
-425
-140
99
575
786
1032
1368
1320
948
950
520
140
-42
80
-62
-177
4
-297
-15
390
682
513
120
-155
-554
-480
-612
-968
-1076
-1000
-822
-936
-625
-158
255
426
722
669
307
339
106
-238
-322
-123
-276
-337
-225
-560
-727
-689
-561
-653
-631
-314
-553
-727
-806
-314
-283
14
336
411
196
212
859
502
642
894
1024
180
-351
-119
-607
-706
-159
-333
-545
-325
-146
-33
77
514
337
464
476
374
280
403
688
432
724
443
-9
73
168
147
6
331
190
-310
-18
64
-299
-271
38
32
-260
-40
293
179
109
473
574
350
727
631
-56
-136
-171
-471
-814
-798
-922
-1004
-641
-271
-323
-274
-10
71
24
84
-28
33
340
388
488
118
-88
-496
-532
-847
-786
-636
-1114
-1469
-1178
-942
-856
24
65
-78
240
583
63
644
932
258
544
389
-48
22
103
470
499
743
926
323
278
638
656
481
988
877
660
714
759
622
421
711
715
370
492
335
-71
-375
-518
-564
-681
-242
-95
224
415
392
446
467
588
582
415
204
-148
-472
-317
97
104
366
655
241
-129
-156
-99
-698
-949
-712
-713
-710
-172
63
119
266
493
514
292
31
-440
-282
-186
-127
68
292
-126
-799
-572
-592
-624
386
830
1
131
934
300
265
1051
412
-789
-495
-802
-1835
-1122
-267
-725
-928
138
-162
-651
-211
234
81
-36
358
26
-446
-559
-247
-172
-191
234
560
14
-274
146
-365
-930
-3
168
-789
-629
339
187
340
1686
1564
765
1290
1518
191
140
619
-364
-871
-132
-17
-389
62
292
-344
-215
629
77
-239
358
0
-500
-272
-482
-1022
-748
-723
-1006
-956
-434
-622
-427
183
261
348
964
1633
1192
1999
1489
1334
1083
94
132
-1379
-1697
-1302
-2185
-1307
-897
-1314
-1051
-251
679
-72
906
1189
39
104
469
-317
-729
11
-121
-506
346
568
24
349
893
543
220
1378
697
85
587
356
-653
-275
554
-124
-382
-26
-445
-1295
-474
12
-485
-641
-185
-378
-600
174
820
795
654
807
932
824
945
1063
512
-432
-458
-617
-1482
-1451
-1119
-1009
-894
236
948
753
1566
2324
1780
1670
2210
1508
226
408
363
-640
-753
-354
-1097
-1664
-501
-204
-1065
-540
124
-776
-995
5
-230
-933
-66
376
-268
247
1172
166
-628
-265
-564
-1352
-967
-177
-462
175
1008
1347
1580
2188
1901
1311
1104
790
-19
-541
-197
-933
-1378
-990
-1438
-2693
-2126
-1797
-1966
-1659
-124
-827
-407
695
1063
1209
120
1393
-432
164
796
-268
328
-523
26
391
-258
723
480
530
465
292
1137
497
1382
1175
322
69
-158
-375
-1043
-214
-314
-414
180
23
-405
-494
411
-113
-92
351
-326
-941
-493
-523
-946
-340
167
220
399
1531
1316
1344
1736
2065
1341
957
1084
337
-85
-223
-196
-620
-778
-932
-687
-963
-1013
-707
-276
-157
427
833
561
682
221
63
52
347
301
50
289
-413
-528
-12
-162
-411
-718
-760
-1086
-605
-209
-184
-135
-51
26
-142
153
532
1008
1022
1141
995
750
480
78
-62
-428
-726
-922
-981
-649
-708
-323
-37
359
436
402
632
104
219
-169
-250
-512
-327
-569
-464
-265
-299
-491
-195
-148
-146
497
328
1109
-436
338
-75
-1390
2
-339
-524
-638
-636
-207
-366
661
1387
1485
2368
2014
2229
1605
1619
1274
365
362
-77
-115
-849
-972
-1184
-1494
-1830
-1935
-1494
-1834
-1285
-556
-816
-461
234
271
338
665
474
-456
-514
-310
-1227
-1592
-1126
-1233
-1557
-491
-252
-426
239
318
175
249
976
1025
1111
1494
1481
1333
1625
1710
1345
1655
1703
1131
1029
1461
436
-620
-79
-444
-1418
-845
-614
-1426
-1151
-371
-524
-702
57
-232
-741
-46
-866
-563
-726
-1079
86
-1059
-599
-54
-442
304
335
242
767
958
760
937
793
230
-87
-255
-642
-822
-959
-812
-958
-727
-222
228
300
876
1805
929
1262
1768
798
287
493
-270
-769
-576
-765
-1278
-1137
-393
-582
-374
488
576
99
845
1102
607
636
961
950
733
1023
772
193
101
-161
-172
-253
-202
83
-346
-514
-379
-628
-323
-51
142
-49
-185
47
-105
-201
76
229
-145
-160
-580
-840
-1405
-620
-1114
-1108
-502
-507
-620
-684
417
-83
93
766
1
-137
-232
-672
353
-292
58
235
211
-339
573
160
-819
99
-623
-420
-821
-614
-1073
-1288
-971
-932
-719
-103
-465
335
266
425
1100
1173
1060
628
1578
352
-124
806
573
-1206
151
686
-501
-531
503
-502
-1819
58
-50
-1016
-262
895
-177
-90
771
1082
335
782
1250
357
57
327
287
-539
-606
-256
-500
-1144
-402
-555
-723
-586
-137
19
47
1010
1436
1504
1308
1396
954
398
67
-416
-905
-873
-1243
-850
-991
-1184
-760
-286
384
761
1365
1328
1446
1137
1165
1371
777
700
980
-69
134
-155
-143
-650
-695
21
-684
-355
297
277
-106
159
325
-280
-864
161
-394
-1008
-378
-302
-1503
-1456
-753
-1485
-1449
-510
-204
-872
-135
710
-93
190
1222
553
-349
547
530
-309
-220
497
-39
-764
544
228
-393
443
924
57
207
484
-276
-831
-526
-580
-894
-577
435
211
643
985
1289
747
724
1245
99
153
-557
89
-1680
-811
-1005
-899
-445
-399
232
-431
253
-310
163
-156
137
-400
14
-716
-352
-155
-486
-20
-204
76
178
732
317
742
915
1005
826
665
255
-165
-609
-482
-563
-539
-591
-678
-225
-377
10
7
605
59
121
622
181
36
133
261
-206
-500
-211
65
-267
-172
308
464
139
331
863
484
-250
-301
-442
-1345
-1723
-1033
-1019
-839
-256
422
228
200
695
639
577
809
720
-33
-305
-703
-649
-514
-287
-69
314
620
612
855
1171
1154
679
1328
1516
693
624
602
71
-565
-243
-53
-303
-145
57
-75
61
207
201
186
5
-301
-694
-816
-1097
-1038
-753
-493
-407
-31
122
72
60
269
-32
-135
-304
-473
-605
-1009
-458
-500
-12
103
681
1285
1726
2009
1937
1587
992
828
221
302
374
287
-428
-709
-770
-1210
-1388
-967
-1241
-1168
-632
-724
-321
113
100
7
517
202
-71
288
496
368
761
1151
742
590
476
143
-123
-198
-292
-485
-500
-619
-301
-304
-16
7
559
340
142
520
356
321
-134
779
-313
-506
-570
-960
-1223
-1189
-662
-674
-347
79
100
-277
162
-116
-653
-897
-356
-184
-21
335
465
205
361
41
-7
475
485
538
1132
1270
764
892
950
687
470
988
292
-113
149
-265
-470
-128
-102
-593
-168
182
-40
257
428
-85
-352
71
-118
-3
448
291
-107
-113
40
-355
-624
-701
-977
-1357
-1140
-685
-375
-277
326
-13
40
455
635
563
370
737
155
-175
-328
-370
-720
-302
53
-318
-300
-261
-836
-784
170
52
-135
682
703
129
350
1103
678
441
1136
542
-276
218
449
-386
-309
379
-1
-909
-135
-687
-1180
-891
-619
-429
-273
335
270
-285
5
119
-211
-27
-262
-465
-799
-622
-587
-121
-68
243
444
676
913
885
778
445
258
62
-403
-354
-84
-636
-482
-91
-216
-517
72
539
66
121
651
276
87
243
258
-590
-648
-285
-634
-808
-389
-217
-377
158
-111
-319
256
62
-147
623
335
7
445
560
27
243
1062
482
217
1310
871
-43
533
528
-695
-698
-203
-666
-862
132
371
26
587
981
766
477
741
193
-198
-316
-473
-326
-338
-83
95
-463
-362
-574
-403
-245
-610
-385
68
75
60
574
1076
588
519
1077
879
599
568
492
-375
-609
-603
-830
-1440
-1178
-1223
-1363
-1007
-429
-645
-640
-79
-236
-183
499
899
381
739
1062
722
700
1189
1122
541
391
271
-387
-709
-739
-1002
-1692
-1778
-1656
-1675
-1604
-963
-552
-495
-80
737
488
279
942
1335
1171
1254
1816
1067
269
318
811
-311
-50
615
6
-469
83
84
-561
90
776
389
326
924
690
-81
386
322
-281
-528
-937
-697
-1209
-663
-317
373
293
879
496
282
507
54
385
245
257
86
-199
-737
-763
-818
-782
-572
-533
-941
-852
-722
-433
-151
444
527
705
1017
717
504
509
334
-347
-472
-308
-807
-565
-337
-475
-852
-598
-229
-275
60
514
935
960
1333
1180
925
462
317
83
-361
-582
-960
-977
-785
-579
-713
-591
200
221
34
394
1080
993
988
1348
1414
707
824
1145
732
94
654
451
-212
-366
-284
-824
-1361
-466
-895
-543
-473
494
252
915
1162
1069
981
682
268
-415
-10
-542
-888
-744
-710
-1572
-1501
-640
-532
-988
127
285
-680
-872
372
305
249
1010
1130
134
-143
177
-852
-1311
-926
-851
-1899
-1408
-998
-1301
-1020
-178
419
312
655
930
701
793
684
664
311
293
103
-162
-371
-564
-653
-873
-511
-683
-561
-551
25
-394
-49
348
509
744
1164
1302
1083
1418
1122
921
227
640
-195
-155
-461
-159
-497
-290
-444
-908
-375
-973
-546
-381
270
-136
309
367
305
-104
-1
225
206
941
850
441
100
-120
-219
-17
540
183
14
89
34
51
154
583
-7
-221
-349
-82
-327
-58
307
9
-167
-58
49
-408
-618
-524
-548
-687
-364
5
308
543
1138
1303
603
462
959
228
-122
463
-15
-629
-8
428
-257
82
1327
1025
558
901
534
-572
-670
-316
-783
-753
-579
-319
-669
-495
-513
-283
-11
365
558
474
996
954
860
816
1202
848
795
561
312
-193
10
-181
-854
-910
-1276
-1835
-1590
-792
-1223
-963
-165
364
-115
795
1375
810
1132
1587
924
287
669
-221
-1210
-1002
-760
-1726
-1314
-814
-1635
-1759
-680
-960
-1466
-267
49
-853
-543
379
-512
-124
948
791
288
822
1132
460
277
890
747
89
642
601
89
-84
211
-176
-794
-687
-756
-975
-887
-96
167
434
1085
1185
1101
1257
1702
1101
767
899
729
539
717
639
-253
-414
-339
-970
-1487
-1101
-1299
-1474
-941
-290
-230
-23
319
430
575
921
946
1134
1217
480
68
-200
-639
-1237
-855
-769
-1002
-703
-415
-1097
-1426
-886
-715
-740
-23
732
591
1072
1602
1281
873
1093
968
277
285
661
427
-10
352
265
-312
-249
-159
-647
-583
-221
-492
-464
-310
-323
-291
387
164
0
582
451
-212
-71
26
-814
-801
38
-19
-514
234
409
-94
20
490
203
-27
224
238
-187
-441
-201
-334
-606
-379
316
-52
-203
688
630
-176
116
556
-409
-707
-189
-645
-1129
-240
214
-272
181
856
481
165
859
823
10
-169
11
-425
-933
-795
-759
-1510
-1520
-719
-1169
-1222
-118
-19
-666
-149
331
-232
-394
505
445
48
725
1271
501
56
665
-94
-775
-310
-234
-842
-357
330
-94
3
482
129
-126
550
1233
904
861
1079
474
4
-14
30
196
303
33
-116
-280
-420
-284
37
-14
-221
-208
-293
-137
57
34
515
698
631
959
960
537
624
891
273
-265
200
156
-560
-77
255
-379
-326
525
251
-167
847
825
-141
244
347
-479
-559
-134
-588
-919
-158
-64
-216
644
936
372
459
733
235
-99
551
623
54
-23
-343
-1094
-1179
-1022
-941
-596
-83
113
183
620
572
742
1048
879
470
195
187
-174
-327
-2
-65
-418
-208
-334
-659
-626
-343
-92
-197
-106
-66
-251
-411
-774
-916
-971
-1626
-1533
-1042
-957
-753
-154
278
265
735
1248
1205
1263
1316
1054
698
274
-50
-91
-456
-782
-661
-784
-733
-728
-508
-583
-593
-332
-242
-142
-206
-150
-157
201
227
-93
-152
-228
-475
-764
-1012
-692
-713
-1041
-855
-371
26
10
647
1113
1077
1160
1605
1762
1543
1422
903
269
-57
-90
-423
-656
-365
29
102
112
182
197
38
-51
80
-157
-216
-431
-529
-628
-898
-702
-480
-286
-437
-170
233
34
276
1121
1317
1044
1733
1786
944
1332
1482
809
580
639
-248
-1037
-919
-1426
-1797
-1321
-913
-1206
-792
91
-155
-168
790
978
502
831
1004
182
-99
344
7
-715
-855
-951
-1004
-541
-232
-183
303
631
612
677
856
802
870
1081
594
127
409
271
-314
-45
197
-96
-206
436
459
324
592
204
-286
-149
88
-135
-402
-17
140
-320
212
457
-296
-665
-221
-583
-1023
-348
-132
-743
-332
209
-352
-207
246
-180
-448
226
-204
-809
-136
-225
-1090
-800
-328
-912
-650
341
259
342
1333
1247
411
482
636
-520
-956
-242
-577
-1027
-591
-394
-953
-984
-539
-520
-867
-739
-585
-995
-889
-708
-989
-1022
-652
-206
-243
-349
67
321
246
346
908
823
562
892
1061
794
987
1256
686
669
1186
1060
531
816
540
-463
-283
30
-852
-794
51
-500
-656
79
182
-423
-125
532
-140
-446
-34
38
-156
-70
193
-105
-321
-844
-1344
-1256
-1135
-1275
-683
272
86
249
1291
1362
792
1928
2741
1727
1586
2049
692
-149
680
351
-845
-318
546
-524
-629
483
-64
-848
261
744
408
944
1538
1077
757
1231
949
544
669
770
450
91
-118
-193
-354
-192
38
-65
-606
-871
-634
-786
-721
-308
-535
-969
-287
78
-400
5
658
161
-196
-162
-651
-1148
-758
-629
-1470
-1552
-1239
-1740
-1704
-789
-573
-415
184
578
514
737
1211
750
139
358
73
-457
310
574
14
192
664
-30
-628
191
34
-907
-350
-84
-869
-755
-183
-397
-720
-100
146
-73
456
803
253
74
287
-167
-222
-30
-470
-893
-962
-1111
-1451
-1304
-800
-618
-451
138
706
958
1166
1519
1754
1484
1225
1089
591
392
179
98
54
-105
-96
58
-97
-332
-545
-813
-342
-434
-421
-26
313
-42
-176
475
426
35
664
1204
498
451
660
-4
-717
-333
-437
-1084
-782
-363
-806
-677
-93
-12
13
324
600
642
784
496
379
507
769
742
848
1076
699
322
157
-207
-71
331
141
-64
1
-416
-1028
-650
-484
-884
-693
-7
-262
-234
541
356
76
428
747
554
776
1363
1015
453
585
464
-174
-416
-472
-1029
-1283
-1046
-930
-1009
-1040
-604
-221
-196
164
379
38
167
614
597
376
865
1257
842
755
1276
1101
389
322
437
139
-202
-183
-572
-1025
-908
-985
-1035
-712
-762
-1005
-755
-740
-1128
-748
-410
-611
-692
-405
-494
-672
-329
-396
-417
-203
-309
-483
-441
-333
-133
260
372
207
511
223
-363
-643
-809
-916
-641
12
45
-47
607
1062
1024
1470
1932
1679
1224
1304
803
-97
-156
163
-338
-264
30
-132
-7
269
483
591
871
624
540
498
324
-385
-666
-549
-630
-148
51
-169
-284
-282
-771
-927
-768
-632
-625
-443
-196
-237
54
-1
-17
455
710
594
672
324
-366
-332
-109
-327
-646
-614
-313
-297
-235
454
852
723
824
1049
745
396
758
1115
670
525
602
286
77
159
151
-116
-87
40
-139
-178
-86
-109
-140
-341
-56
43
-94
219
383
-8
-175
331
292
-112
-282
-494
-688
-477
-356
-539
-170
292
-84
-294
242
31
-555
12
260
-434
-431
263
13
-330
208
196
-611
-294
558
-167
-99
471
-29
-521
-183
-113
-1027
-739
52
-427
-638
-53
-210
-430
-39
93
-5
564
887
363
281
867
707
233
577
268
-567
-751
-664
-1133
-1074
-539
-949
-1249
-703
-620
-1266
-768
-120
-535
-672
-81
274
298
603
1024
727
19
217
406
191
182
647
635
82
502
993
466
533
1178
1026
428
236
500
-273
-891
-505
-777
-1549
-1756
-1400
-1373
-1105
-401
-91
50
72
322
531
715
935
949
1203
1237
765
315
-216
-497
-475
-658
-707
-628
-489
-619
-391
265
536
789
1576
1546
717
641
558
-250
-741
-230
-421
-1030
-448
-46
-338
-123
598
166
-377
300
313
-359
-381
-107
-526
-875
-692
-366
-323
159
662
730
1285
1267
1134
1280
909
388
403
964
758
413
733
441
-436
-387
304
94
-316
18
176
-434
-214
197
-117
-96
244
218
-282
-63
390
26
-350
-317
-404
-840
-956
-352
-324
-718
-195
321
-203
-348
220
-229
-843
-68
142
-818
-371
385
-233
-617
184
400
-486
3
666
-10
-31
723
150
-386
289
138
-797
-592
-20
-865
-905
-127
-429
-1246
-628
-211
-945
-643
409
23
-304
1050
888
-145
207
921
-222
-328
794
294
-448
187
387
-641
-451
-226
-914
-884
-3
-73
-397
258
483
33
149
713
849
657
823
879
480
28
81
-275
-530
-272
-416
-237
152
85
-353
-160
-67
-538
-530
72
-174
-341
458
503
300
713
1210
973
1115
1212
747
432
252
115
-481
-733
-950
-1110
-823
-484
-687
-650
-313
-459
-234
-99
-279
154
254
80
505
1002
819
412
933
903
399
884
1206
699
707
1002
804
140
162
-118
-911
-1066
-1067
-1451
-1497
-1008
-859
-654
-489
-91
20
301
574
665
740
593
136
-10
153
20
-35
-14
-109
-343
-420
-599
-851
-1059
-1364
-1333
-978
-786
-506
-124
195
237
392
582
749
841
971
657
722
1243
799
120
281
241
-559
-355
93
-409
-559
-10
-151
-462
-367
-317
-521
-382
-269
-184
18
437
636
704
1064
1240
1437
859
413
420
310
-330
-311
122
-225
-577
-125
45
-649
-428
-298
-936
-1031
-361
-458
-636
105
502
150
171
385
347
406
500
392
62
74
11
-78
72
291
368
107
158
288
-8
129
322
197
-18
45
86
-185
-446
-709
-1126
-1289
-1336
-1503
-1134
-768
-769
-569
553
775
483
1068
991
179
60
146
-528
-780
-387
-476
-596
-220
-149
-301
-94
179
161
122
380
728
685
864
886
676
545
459
144
52
236
-56
-508
-492
-425
-822
-615
-72
-152
-72
656
441
146
714
921
344
330
523
-80
-535
-478
-380
-452
-267
-138
-189
132
94
-333
3
302
-17
-1
385
68
9
713
735
346
949
1185
251
134
663
35
-533
43
-138
-989
-766
-207
-943
-1218
-389
-466
-942
-182
298
-543
-498
253
-306
-895
-65
66
-726
-400
550
220
194
1519
1559
856
1432
1766
729
699
998
85
-455
-108
-474
-1077
-620
-410
-962
-1017
-468
-835
-971
-384
-178
-368
-140
182
-75
127
633
445
-42
228
265
-137
-185
121
30
-387
-293
-41
-380
-740
3
-37
-559
-263
163
-231
-494
372
227
-423
-72
542
117
-187
290
248
-8
517
909
929
1244
1609
1604
909
602
900
679
-191
-279
-155
-605
-730
-49
38
-755
-605
4
-236
-303
606
883
172
467
1142
222
-375
604
494
-680
-365
115
-894
-1115
-125
-586
-1251
-674
-354
-1024
-761
-75
-360
-434
158
368
377
946
860
471
491
622
-94
-337
19
-443
-1068
-796
-523
-1016
-579
124
-125
-335
415
407
-112
321
564
208
245
544
170
-169
83
385
-24
-47
466
214
-200
5
-97
-814
-853
-172
-388
-857
-42
419
-558
-472
411
-282
-705
449
840
-59
279
943
115
-218
1041
871
-200
469
979
-343
-555
497
170
-422
307
381
-670
-127
602
99
-64
658
162
-388
123
-57
-600
-458
-37
-295
-469
45
401
356
625
740
432
428
762
645
227
412
178
-571
-595
-421
-646
-776
-402
-667
-976
-653
-358
-413
-273
405
266
-276
-185
217
-12
227
821
685
384
512
692
385
334
587
204
-535
-635
-643
-620
-404
-123
-294
-488
-674
-756
-681
-377
37
227
572
432
195
177
247
362
484
501
258
43
11
-295
-513
-696
-789
-676
-493
-500
-454
-366
-591
-434
-27
258
300
540
454
-17
319
306
-312
75
349
-86
-172
244
50
-191
400
497
103
91
100
18
376
569
413
842
991
287
247
541
125
-232
142
309
11
-75
-186
-747
-897
-863
-777
-862
-1156
-1114
-1140
-1036
-1004
-53
851
723
1015
1573
1335
1017
1491
1466
800
593
619
-101
-869
-621
-601
-1230
-1248
-751
-747
-585
165
559
512
713
879
554
477
622
463
349
594
127
-679
-817
-966
-1527
-1307
-493
-325
-374
139
646
253
309
700
665
592
762
921
537
-69
-165
-196
-861
-838
-443
-631
-521
-21
29
-455
-235
52
-242
-173
-182
-588
-737
-344
-140
-205
107
306
-238
-259
267
299
213
504
608
433
480
445
283
199
253
110
149
504
375
113
523
699
322
431
904
363
-219
368
434
-68
157
352
-25
-274
-421
-874
-956
-705
-1051
-990
-486
-582
-536
-142
-112
15
695
883
372
409
393
-530
-834
-316
-593
-1038
-722
-519
-920
-693
-160
-31
433
746
875
905
1005
797
427
403
-16
-417
-537
-701
-1091
-1024
-758
-744
-545
-103
76
-384
-113
579
346
35
912
1018
-43
386
934
-196
-797
24
-344
-1523
-656
125
-685
-307
681
84
-213
646
338
-329
453
905
17
-34
135
-518
-494
320
292
93
715
811
290
369
588
344
375
632
919
839
976
1103
781
288
-124
-169
-290
-719
-636
-731
-1524
-1796
-1488
-1810
-2126
-1560
-1168
-1034
-381
478
420
954
1826
1708
1330
1560
1186
315
626
864
103
247
836
209
-369
3
191
-540
-484
171
-267
-794
-299
-109
-243
2
433
109
-238
-186
-557
-765
-335
392
715
909
1163
1371
1180
672
667
815
177
-262
276
149
-962
-802
-98
-971
-1437
-377
-275
-921
-255
422
-121
-323
310
276
52
701
877
421
365
291
-256
-548
-549
-866
-928
-572
-525
-333
93
-147
-321
-126
157
-111
-25
593
31
-252
247
540
488
697
1164
893
353
304
677
419
-380
-325
-335
-1241
-1479
-682
-586
-801
89
684
9
118
720
166
54
563
28
-630
-302
-285
-790
-691
-326
-759
-1076
-561
-480
-813
-729
-506
-701
-824
-477
48
6
409
1323
977
992
1698
1522
979
1278
1110
222
-199
-356
-867
-1215
-804
-810
-1080
-878
-573
-574
-4
833
1099
1364
1776
1427
1159
1236
959
546
100
71
-257
-439
-252
-535
-936
-618
-294
-650
-289
411
-90
-486
-105
-320
-648
-230
455
70
-319
127
-71
-767
-378
26
-364
-72
493
492
39
419
600
34
2
260
-76
-362
-82
-58
-171
-14
241
-3
-157
36
215
302
62
-74
-34
-154
213
556
437
121
-18
-191
-764
-696
-524
-524
-521
-360
-206
-332
-182
330
716
615
987
1183
554
128
133
-501
-983
-659
-1032
-1534
-1449
-1207
-1319
-998
-479
-225
283
510
257
396
630
278
618
1337
1313
860
962
588
-487
-880
-628
-770
-1317
-806
-560
-1024
-843
-8
380
323
809
928
550
594
985
653
152
332
393
-199
-511
87
25
-401
-30
241
-478
-616
94
-111
-424
119
493
51
169
485
-15
-30
224
241
96
223
268
-65
-104
-70
-32
328
809
636
575
691
331
-170
-207
-316
-666
-596
-662
-1039
-986
-1067
-1527
-1282
-574
-615
-366
737
868
588
1340
1933
1097
981
1238
295
-181
298
153
-144
22
159
67
161
807
684
688
1110
1094
776
732
920
650
673
830
714
233
-17
-336
-1022
-1362
-1428
-1572
-2045
-1716
-1624
-1648
-1304
-784
-344
-260
-10
51
-73
40
549
687
772
975
901
407
346
255
-470
-790
-733
-1232
-1546
-994
-853
-1106
-212
235
-69
523
970
643
612
1645
1293
295
982
936
-376
-224
266
-1014
-1757
-1029
-1432
-2377
-1488
-635
-1297
-995
99
-162
-707
201
568
4
698
1355
802
949
1550
1192
933
1435
1425
308
367
287
-833
-799
-87
-719
-1142
-435
-752
-1215
-537
74
-407
67
931
579
175
871
1080
832
1360
1058
231
-60
-104
-438
-429
-161
-509
-1267
-1353
-1497
-1736
-1153
-501
-272
325
1084
1351
1669
1994
2138
1955
2116
1858
1215
956
762
301
-207
-498
-815
-1126
-1672
-1860
-1929
-1910
-1200
-418
-80
70
704
1400
1279
1271
1576
1276
645
631
738
209
89
208
-222
-701
-542
-691
-856
-662
-605
-410
-128
86
19
443
534
263
306
307
66
78
321
-1
-300
42
-85
-638
-412
20
-267
-303
435
147
-399
-59
169
-583
-523
293
-402
-1275
-533
-41
-1201
-1035
-50
-1041
-1510
-596
-884
-1691
-623
425
-211
2
804
482
112
699
728
302
620
387
-496
-287
-1
-211
-126
302
112
-186
396
308
150
422
784
389
97
330
88
-323
-586
-471
-514
-567
-475
-221
-373
-829
-373
128
-280
-144
404
-238
-827
-177
-89
-452
191
830
366
374
1169
631
199
873
455
-466
30
389
-480
-195
793
138
-126
865
894
180
564
915
200
226
370
-308
-458
80
182
-329
177
870
331
481
1034
686
232
656
530
-437
-265
326
-310
-770
70
143
-485
-62
279
-483
-326
354
-185
-475
261
316
-142
87
326
-414
-738
-319
-596
-690
-112
348
-120
-228
142
-59
-517
-287
246
-79
-188
137
-136
-435
198
347
-108
82
239
-458
-766
-323
-362
-671
-215
140
-431
-408
-177
-422
-595
-94
220
-64
98
364
-129
-412
277
237
-271
-401
-432
-909
-1078
-706
-477
-455
-61
657
710
891
1516
1964
1903
1917
1881
1163
359
295
-158
-942
-1043
-911
-1025
-1267
-883
-383
-308
-104
453
721
680
375
461
572
235
118
166
-65
-608
-563
-465
-783
-687
-310
-454
-665
-294
-63
18
496
1033
1111
910
938
950
991
995
1003
1020
600
62
-124
-114
-608
-956
-470
-492
-810
-369
-84
-639
-569
316
140
-292
175
357
-219
-662
-757
-921
-1353
-1379
-1293
-1198
-793
-375
0
-11
-205
-348
-197
-343
-163
499
395
-389
-201
161
-451
-303
547
513
254
838
638
239
504
668
279
510
977
559
570
751
369
111
144
73
-281
-110
-270
-548
-97
-380
-378
-578
-439
-450
-469
-266
-295
351
410
478
501
717
640
546
950
971
851
719
766
376
36
210
232
-192
-501
-281
-682
-1168
-614
-55
-372
-56
661
302
131
795
849
458
902
870
-27
-327
69
-280
-621
38
333
-297
-421
-616
-1032
-898
-945
-595
-305
-223
-256
-49
105
-134
-213
-235
-691
-838
-584
-889
-719
-104
-156
-700
-277
90
-389
-209
597
347
-311
231
113
-606
-325
73
-394
-198
653
291
-281
90
276
-442
-147
634
173
-23
542
247
-370
635
881
-38
278
717
-77
-53
848
549
524
1262
1019
-28
573
449
-814
-259
225
-998
-1274
-547
-1357
-1597
-518
-254
-767
36
849
250
337
1175
1161
1261
1951
2038
1544
1235
891
431
167
19
-144
-288
-325
-479
-464
-483
-433
41
198
-225
-88
110
-231
-291
0
-257
-652
-449
-385
-669
-292
111
-263
-502
-129
-295
-748
-252
45
-411
-495
-47
-231
-196
-232
-104
-254
-57
24
-251
434
136
152
270
171
-323
-15
317
-529
-434
-307
-920
-1707
-1080
-869
-1529
-656
581
15
-312
675
228
-679
-93
518
59
212
823
204
-412
493
1201
718
1077
1635
856
309
824
676
-173
-124
-37
-639
-1038
-797
-1130
-1310
-635
-425
-310
183
630
623
808
1296
1272
1132
1244
953
654
621
73
-690
-898
-851
-954
-1215
-825
-600
-1052
-1007
-415
-18
-454
110
725
345
952
2033
1716
1145
1817
1443
143
206
337
-789
-1097
-395
-965
-1887
-1026
-347
-766
-189
860
336
-515
113
-12
-1048
-674
68
-366
-464
367
350
-44
436
1141
1014
980
1726
1310
535
617
690
-179
-476
-17
-1009
-1636
-1097
-762
-1061
-321
636
96
250
961
715
472
1101
1073
498
805
664
-530
-675
-467
-1193
-1251
-838
-1135
-1168
-362
-310
-504
82
57
-872
-466
69
-144
43
405
229
-362
-122
-71
-215
-20
593
348
-255
-62
113
-525
-955
-462
-764
-1469
-1322
-1247
-1898
-1366
-417
-474
-436
436
687
344
1091
1496
828
898
1280
667
368
639
386
378
775
533
-84
-295
-592
-1206
-904
-583
-675
-353
-119
-218
46
624
684
902
1191
1149
670
731
852
478
649
542
50
-424
-212
-334
-747
-205
-51
-565
-314
238
-57
-83
569
313
-506
-55
268
-377
-3
695
157
-420
69
108
-118
212
766
1032
739
926
858
144
-44
564
525
-181
-162
-91
-996
-1399
-786
-701
-1170
-612
-120
-621
-365
676
625
414
878
852
286
534
862
304
89
14
38
-890
-544
-461
-823
-192
-341
-596
-717
-575
-1159
-1003
-209
-145
113
505
562
402
554
808
602
305
302
401
61
-152
-17
-202
-513
-496
-392
-540
-755
-449
-590
-977
-393
-124
-363
41
653
540
585
1501
1468
910
913
619
136
145
577
179
-64
219
97
-675
-794
-762
-1348
-1309
-1193
-1179
-946
-675
-134
426
999
1529
1557
1372
807
507
247
200
-159
-464
-209
-536
-954
-590
-210
-470
-55
474
321
181
685
582
4
317
273
-410
-641
-471
-566
-1026
-1180
-1102
-1203
-1191
-838
-181
42
487
1081
1093
1140
1017
794
45
-417
-692
-812
-1074
-1436
-1169
-1364
-1209
-653
-207
-285
299
1239
1128
1216
1984
1687
1054
1295
987
-56
-335
-151
-910
-1188
-778
-966
-1450
-795
-447
-710
-103
659
738
1056
1953
1677
1125
1516
1346
943
1326
1658
1222
960
1283
387
-282
311
232
-371
-144
-247
-962
-998
-617
-965
-948
-193
-376
-552
-21
258
229
676
851
528
231
166
-337
-468
-181
-279
-357
-255
-71
-79
114
102
63
194
186
-47
27
-12
-435
-377
-359
-584
-622
-387
-348
-698
-522
-401
-509
-600
-311
-30
-93
-179
-32
420
143
-137
-117
-60
-906
-1346
-736
-1155
-1642
-612
110
-627
-330
1132
1168
840
2237
2617
1289
1518
2060
447
-308
684
440
-831
-373
-25
-1575
-1691
-886
-1130
-1537
-685
-231
-897
-520
340
458
419
842
689
619
671
474
504
1001
829
-36
-117
-653
-1645
-1696
-1256
-1788
-2112
-1203
-876
-1274
-557
584
703
367
1006
1323
596
574
921
564
-304
-114
429
-105
-345
397
273
-427
24
434
-361
-561
33
-470
-683
31
-191
-1071
-658
12
-841
-570
1178
1316
920
1875
2393
1488
1301
2011
1520
620
1125
1062
-390
-580
-92
-591
-1124
-591
-360
-857
-383
261
76
-20
496
691
229
251
333
-105
-588
-607
-532
-590
-306
191
144
101
515
446
526
606
659
208
-2
-432
-1331
-1425
-1573
-1525
-1233
-547
-417
-580
192
348
-163
172
751
374
-91
270
-55
-470
15
116
-357
-69
46
-646
-562
-122
-395
-396
261
98
-60
310
645
417
-33
126
-221
-1143
-1175
-889
-1364
-1707
-924
-489
-822
-175
855
607
411
1179
1257
238
490
1102
202
-64
366
-36
-870
108
450
144
639
941
803
416
702
42
-79
-55
-496
-468
-452
-160
-117
337
533
444
743
830
345
411
725
166
96
109
-336
-752
-234
-529
-1308
-389
215
-354
-247
733
134
-795
129
361
-719
-63
830
-72
-187
905
526
-173
634
951
243
148
228
-492
-1131
-936
-538
-934
-960
-746
-942
-794
-199
145
103
638
1204
1139
1124
1376
1438
956
541
844
628
-156
-414
-240
-774
-1126
-528
-750
-1152
-624
-104
-390
-49
776
729
955
1449
1628
1739
1385
1036
565
-156
-654
-976
-838
-1183
-907
-437
-569
-211
105
252
583
1108
684
339
359
-380
-946
-951
-1034
-1133
-1033
-913
-1195
-958
-400
-356
449
645
463
548
536
344
352
834
210
67
441
-319
-1191
-609
-330
-1087
-813
162
-129
-647
212
448
-61
420
1224
616
350
1025
428
-295
48
-5
-699
-683
-175
-786
-1312
-950
-1196
-1659
-1200
-786
-1056
-867
-151
-145
-177
112
149
246
603
1045
1022
1173
1139
1128
857
685
842
331
9
72
-381
-1091
-1008
-1146
-1668
-1592
-985
-967
-1068
-586
-326
-259
270
820
1151
1585
1614
1539
1562
1177
258
173
195
-714
-734
-357
-964
-1175
-35
249
-202
415
514
-401
-246
334
-96
95
1042
1229
672
1038
1257
699
641
968
255
-184
484
-70
-297
168
383
-99
-175
256
277
205
935
464
226
418
-205
-47
-416
328
225
192
357
-49
-120
-225
87
-261
-255
-33
-134
-339
-171
126
37
-294
-316
-149
-708
-612
-13
-250
-623
-164
-132
-672
-14
692
402
218
785
325
-402
-209
-178
-883
-927
-317
-680
-678
127
529
190
711
966
248
-23
-68
-276
-379
-98
-368
-535
-667
-1165
-1240
-1365
-1593
-1404
-907
-632
-821
-347
144
-535
-209
837
539
-37
282
376
-355
-224
414
94
-547
-134
89
-747
-342
186
-135
-337
41
-59
-394
-61
331
648
1429
1927
1441
1619
1514
1035
1094
1225
715
221
339
-446
-1571
-1074
-912
-1330
-977
-206
-324
-587
-301
398
267
20
955
785
573
61
830
-92
-717
140
-461
-846
-1258
-657
-1289
-1467
-330
-88
-647
-95
960
159
-240
732
775
126
800
1650
746
63
901
712
-391
141
706
-249
-641
73
-203
-1018
-311
-52
-836
-621
210
-123
-294
713
734
270
806
990
329
754
1270
746
766
1073
474
-242
98
-128
-721
-145
244
50
167
313
373
55
49
306
-36
136
100
-246
-294
-25
-201
-679
-673
-765
-1181
-765
-68
-324
-199
20
-492
-943
-550
-615
-860
-686
-285
-347
-287
308
215
128
422
590
266
451
830
726
504
543
423
-75
-132
49
-335
-307
308
162
-179
135
101
-293
-225
222
14
-232
300
178
-158
-241
-240
-790
-1085
-646
-863
-744
-62
194
338
385
561
508
383
258
-230
-634
-996
-1265
-1194
-1269
-766
-392
-176
237
287
659
387
776
748
753
537
545
829
145
142
213
58
-329
24
47
-194
-127
-44
-168
-219
269
310
-231
-399
-47
-122
-388
51
311
419
713
1395
1665
1200
1335
1459
666
188
550
42
-352
-79
125
-239
-272
177
138
1
279
219
-372
-564
-459
-1071
-1428
-627
-532
-744
-197
270
115
477
875
634
488
364
126
-144
-358
-277
-331
-652
-728
-381
-45
112
467
828
699
568
782
710
464
439
199
-337
-744
-1015
-1213
-1352
-1110
-851
-656
-355
-215
-376
-267
41
-5
9
-159
-591
-1104
-1263
-1196
-1416
-1162
-519
-197
218
1168
1427
1106
1274
1791
1502
1208
1359
701
136
-279
-1050
-997
-621
-774
-645
200
101
-497
368
306
189
-106
596
26
-651
371
-322
-560
-861
-474
-988
-806
-101
-118
225
387
325
-244
-109
-149
2
82
205
545
434
452
549
637
548
171
-127
-428
-452
-517
-539
-63
-98
-400
-328
-150
-268
-186
-43
-202
-278
108
251
76
618
674
219
279
378
132
307
972
877
508
1261
1397
706
1032
1022
274
-41
502
-29
-590
593
593
-281
149
649
-431
-467
684
289
-162
755
648
-430
-88
192
-921
-912
68
-612
-761
450
710
-104
333
794
-206
-12
1043
731
-179
575
558
-718
-727
-409
-916
-1575
-1254
-1073
-1692
-1467
-598
-156
-367
171
1093
615
715
1401
1698
406
922
869
-857
-799
-893
-1249
-2512
-1637
-1426
-2037
-1264
-320
-199
-117
1174
946
580
994
1264
751
413
618
-14
-652
-771
-599
-365
-179
-168
207
625
356
701
1338
1009
271
462
217
-763
-668
-16
-698
-1333
-336
-206
-932
-437
101
-374
-141
834
565
88
692
682
-180
-19
226
-688
-972
-943
-971
-947
-550
-204
-294
56
121
-349
-342
-99
-532
-588
20
-349
-816
-14
317
-272
-170
638
254
-32
560
661
105
190
1008
1016
681
1344
1872
950
474
626
30
-834
-364
6
-1140
-958
210
-394
-903
27
459
-363
-28
1208
886
446
1823
2237
1192
1342
2020
1180
225
1117
797
-752
-662
-225
-1281
-1211
-202
-419
-1037
-233
82
-600
-281
153
-345
-614
205
-14
-283
75
351
-170
-29
270
-544
-523
-184
-549
-730
-510
-852
-1160
-1140
-984
-1090
-783
-185
179
424
496
660
485
-146
-443
-76
-175
-189
131
543
344
425
503
485
575
614
820
118
519
-328
-426
-460
-877
-567
-1213
-655
-1029
-967
-756
-819
-453
-1
455
395
718
876
584
2
129
357
-177
-99
282
-30
-404
73
116
-520
-114
284
-1
266
1072
977
631
871
542
0
20
38
-256
-617
-427
-307
-571
-369
11
281
270
400
849
1342
1143
1135
824
79
-157
-575
-1205
-1634
-1453
-1637
-1688
-1244
-902
-1192
-875
43
207
670
1277
946
1049
1533
737
-169
167
508
-371
-373
482
-70
-559
468
717
-59
338
801
-62
-306
426
276
-691
-379
19
-630
-656
264
705
394
913
1333
862
509
903
681
-117
-32
263
-415
-479
248
152
-133
218
748
515
573
1077
997
527
638
852
498
190
-192
-440
-716
-991
-909
-1014
-1076
-1099
-1137
-1125
-909
-680
-524
-295
36
114
144
153
-351
-377
-138
-215
-85
462
159
-147
264
46
-373
-38
174
-523
-1023
-559
-752
-1437
-1095
-631
-556
-384
279
473
664
1080
1462
1683
1512
946
696
665
184
-108
267
-149
-809
-373
-17
-648
-527
138
-365
-454
-428
101
-857
-340
-40
-663
-510
-293
264
-180
329
-191
-166
23
3
288
466
418
1
-37
234
-104
55
505
-52
-552
-100
129
-307
544
1069
901
528
1050
886
251
592
533
-28
-341
-445
-914
-1206
-1076
-902
-718
-325
-470
-608
-203
-12
-144
30
546
532
14
457
1082
708
612
1362
931
116
420
364
-558
-670
-230
-1135
-1270
-280
-596
-1123
129
289
-761
201
761
-257
-413
959
434
-474
810
1109
-83
381
1193
-129
-403
221
41
-954
-266
-75
-192
-14
659
797
476
1178
317
1151
651
569
865
295
-110
-133
-36
-1314
-917
-700
-949
-926
-232
-96
-284
524
598
258
171
188
-224
-622
-309
-827
-1303
-854
-1144
-1244
-715
-798
-976
-320
65
20
586
1118
659
580
1105
316
66
821
983
731
921
1146
220
72
557
-97
-968
-515
-804
-1695
-1367
-1085
-1859
-1995
-750
-783
-1036
491
1523
663
1044
1802
489
-65
925
491
-627
-133
-41
-1385
-1255
-448
-1074
-946
357
451
-63
666
1207
1141
1513
1723
1410
1192
1268
688
80
85
-253
-850
-254
21
-609
-509
242
228
-428
156
583
131
-250
444
-250
-590
-641
-329
-967
-841
168
-1050
-423
-681
-130
-239
-115
368
-177
-179
-64
157
220
812
651
414
52
-343
-551
-729
-522
-107
-164
-293
193
647
287
652
1253
533
102
585
98
-690
-25
462
-588
-664
-203
-1266
-1481
-675
-966
-1436
-663
-515
-1309
-853
315
573
445
968
1212
531
362
455
519
423
843
1148
483
-65
152
160
-405
-206
-2
-478
-660
-69
187
133
829
955
752
1194
1203
1089
1023
1036
441
146
-9
-539
-1105
-902
-805
-675
-180
-54
-211
-54
258
303
643
958
1115
1078
1107
429
772
-48
309
-415
-687
-552
-1487
-763
-1328
-755
-1048
-623
-387
-503
-474
-52
260
21
397
162
-203
-151
219
-109
24
521
358
-92
137
350
-17
-195
46
-491
-466
-10
-313
-652
-439
-341
-840
-544
-347
-687
-306
178
-132
-114
563
769
636
1120
1443
1233
1402
1362
789
741
662
-36
-302
-315
-1348
-1866
-1616
-2158
-2466
-1465
-891
-1048
-667
159
178
463
1312
1475
1251
1269
1387
869
569
414
457
-258
-229
-66
-557
-767
-219
-268
-770
-1023
-824
-936
-837
171
123
946
946
1596
691
401
547
-520
-758
-1082
-555
-1159
-665
-786
-1244
-1157
-540
-56
28
768
843
1017
1254
1551
1137
1601
2021
1392
968
935
680
-38
-461
-769
-1211
-1618
-1390
-1602
-1379
-987
-548
29
803
1049
741
1451
1819
1677
1447
1413
888
121
-26
-175
-1014
-1394
-1531
-2066
-1685
-1052
-813
-496
-240
-271
-80
278
486
549
682
223
-150
79
-272
-728
-125
191
-356
46
761
523
354
1573
1535
724
943
950
-98
-713
-17
-502
-1276
-745
-1079
-1916
-1196
-602
-740
-185
715
570
851
1320
906
654
814
306
-677
-640
-716
-1078
-864
-435
-589
-312
259
-123
12
-244
-638
-851
-708
-603
-1038
-1081
-633
-704
-815
-148
359
995
965
2240
1613
1493
1855
1327
1046
85
557
-476
-1109
-1023
-791
-1361
-910
280
-327
-357
506
1012
470
1243
1982
805
364
486
-91
-1123
-955
-652
-1286
-652
145
-333
-239
783
827
608
1353
1222
-81
-105
54
-635
-915
-64
-577
-1597
-866
-702
-969
-123
994
370
118
1111
868
72
661
910
56
-43
305
-132
-592
96
461
115
-170
195
12
-834
-903
-779
-1101
-1182
-667
-225
-293
12
415
104
-76
692
723
512
971
856
608
133
394
-932
-556
-810
-1552
-1351
-1873
-1093
-1469
-466
-281
-95
243
216
78
526
993
319
434
374
-61
-208
338
75
-445
-275
112
-537
-229
666
734
263
713
1241
547
781
1371
921
-23
355
58
-980
-824
-353
-1203
-1515
-640
-834
-943
72
544
145
711
1278
654
737
1117
732
773
1299
835
258
652
177
-444
160
334
-15
-267
548
502
551
881
1279
1106
74
530
-979
-1002
-1591
-1420
-1719
-1990
-1124
-1700
-1026
-773
34
-171
367
660
356
146
428
432
422
1015
1098
689
268
714
763
200
367
348
-598
-935
-804
-522
-1205
-773
237
-51
-306
-42
-375
-923
-167
455
224
306
679
389
180
761
550
376
384
-63
-407
-808
-1372
-1607
-1599
-1210
-726
-207
-349
123
754
606
1098
672
1206
338
760
273
38
743
-211
19
-303
-84
-475
6
73
83
320
714
737
740
768
256
-100
-445
-748
-1255
-1359
-1306
-1358
-1462
-950
-393
-48
118
673
625
613
478
308
-92
-461
-819
-1184
-1071
-1206
-729
-745
-770
-555
-289
78
268
876
975
863
705
447
397
362
1059
1350
962
1015
1146
771
273
401
561
351
546
244
-463
-420
-309
9
-41
178
288
-25
202
-133
587
251
700
391
562
273
-672
252
-401
-343
-599
908
613
353
577
714
364
-174
325
-290
-570
-441
-166
-942
-687
-626
-853
-848
-40
158
103
623
806
372
348
388
-223
-15
-191
-648
-842
-756
-1056
-1318
-652
-174
-748
-912
-671
-856
-905
-338
121
-130
-409
333
336
50
361
980
841
217
524
255
-468
-858
28
-113
-591
-65
241
-673
-144
641
571
550
1500
1622
421
1194
743
580
-9
472
-243
-705
-381
-570
-376
-578
-251
-822
-390
-832
-503
89
223
599
1168
1044
794
1066
1117
596
668
1001
315
125
-63
-160
-671
-416
-623
-1204
-1244
-892
-1146
-678
483
339
186
833
946
287
1018
1266
867
930
1232
374
-262
39
-599
-1350
-950
-525
-1169
-1049
-193
-189
-115
281
79
-859
-1003
-521
-811
-382
55
-88
-431
-50
-54
-241
-41
-139
-289
35
-220
-255
463
477
391
476
1097
443
532
624
192
-313
82
-305
-828
-813
-43
-1
-408
854
-34
195
-545
-130
-659
-1177
-653
-965
-932
-790
-39
158
991
1327
1841
1816
2287
2180
2030
1945
1611
796
252
-96
-1108
-1452
-1326
-1061
-1156
-659
-369
-77
251
257
611
969
725
729
1000
630
169
199
41
-608
-1309
-1252
-1743
-2050
-1736
-1228
-901
-433
-152
-544
-171
-208
-194
326
549
-118
-265
294
507
311
1001
1384
638
543
536
-349
-812
-641
-763
-1022
-1144
-867
-1079
-1293
-941
-732
-491
-316
-200
-33
120
34
-32
379
685
822
979
1035
283
510
139
339
-71
-219
-357
-1167
-585
-1283
-1063
-1125
-114
-275
-395
1137
1351
873
1539
2145
755
653
1336
552
-571
-34
112
-1230
-888
-126
-896
-727
383
689
341
1125
1428
594
658
1000
665
985
1554
1364
1434
1695
840
-95
-102
-324
-951
-460
-181
-870
-966
-434
-289
-402
20
248
469
464
281
261
-146
157
186
53
498
573
652
-648
108
-344
-557
-704
-619
-96
-1488
-889
-885
-773
-1170
-122
-285
-1182
-244
801
-203
-336
1711
1122
-227
431
831
-1065
-639
737
-862
-1941
-647
-1138
-2110
-1247
106
-1006
-826
771
-67
-248
1105
1482
306
1062
1778
258
-192
811
158
-504
47
255
-567
128
525
414
7
507
432
-930
238
-358
-381
-449
280
460
-66
892
313
-144
174
617
25
-221
-192
-431
-776
-719
-544
-470
-362
-279
-491
-629
-782
-1112
-1159
-913
-574
-337
-8
197
473
404
580
536
619
450
801
437
770
538
582
345
189
953
-477
723
550
258
45
149
142
-408
196
49
-122
-107
171
-294
246
464
261
115
259
251
-148
-259
-239
-58
-57
-78
287
823
868
1061
1178
1078
680
443
114
-310
-774
-991
-1577
-1282
-1393
-1454
-1402
-1170
-1007
-949
541
-50
1039
1218
1755
1571
1387
1787
899
761
237
980
63
332
548
477
-33
-159
199
-329
-379
-147
-39
-746
-738
-809
-814
-1026
-719
-469
-415
-332
-114
12
-95
436
355
454
503
758
877
446
483
270
146
-106
-138
-173
-454
-966
-467
-1070
-627
-260
200
704
-28
1166
157
293
-494
-345
-181
-361
5
-206
-140
-816
-631
-890
-689
-1097
-858
-752
-869
-932
-1062
-860
-610
-236
-6
125
565
341
676
759
901
1301
1231
1027
974
945
163
171
-121
-339
-892
-244
-395
-958
-577
-383
-1176
-1303
-541
-604
-837
140
496
286
498
1033
363
-487
1144
-64
461
-94
772
733
309
1878
1186
1589
1056
1207
566
571
48
312
303
-204
-5
156
182
-108
340
300
63
271
490
292
438
432
52
-687
-425
-925
-1303
-1592
-1497
-1638
-1029
-812
-858
-645
71
26
-77
1034
347
834
198
1155
-46
22
777
15
482
629
860
-68
155
-23
-145
-607
-99
-145
-554
-397
-111
-105
-382
139
465
243
-219
-96
-379
-571
-559
-125
-307
278
213
-56
441
283
-101
-43
274
-351
-232
-648
-638
-1174
-258
-461
-554
134
424
515
-427
688
432
415
808
1128
461
38
255
-371
-541
-175
-227
-617
-139
-36
-439
278
526
787
772
1119
941
74
165
130
-82
-645
-718
-1209
-1538
-1831
-1148
-1613
-1244
-1073
-215
-353
110
918
1104
1149
775
1262
-669
688
-230
276
-161
189
287
-840
-417
-776
-298
-1247
-109
-362
-233
-406
-14
76
-11
266
665
1033
626
639
854
1141
604
1276
1286
702
701
1077
245
-327
-27
-195
-608
-874
-637
-937
-1415
-1449
-1081
-1572
-1303
-941
-998
-849
-331
-277
-363
398
304
356
537
1000
667
1022
1017
895
766
1178
564
394
358
-423
540
-788
-2
-700
-655
-785
-385
-201
-326
1098
-53
545
132
749
-426
-403
357
-683
-942
-628
-183
-1043
161
595
276
54
742
576
-274
742
666
123
247
1032
126
-119
853
949
534
589
1210
230
-268
326
816
-631
259
1303
427
270
1106
920
-536
648
755
-405
-872
-79
-1010
-1581
-877
-914
-956
-784
273
-460
-698
43
240
-238
-739
-536
-1638
-2214
-2092
-1727
-1973
-1371
-161
-890
-186
258
273
96
1234
1503
901
1335
859
769
710
864
252
178
-3
-400
-840
-451
-592
-591
-439
-397
-1080
-879
-237
-281
387
193
1051
51
746
-67
262
-19
-135
734
-684
15
-666
-503
-651
-47
293
645
699
888
526
262
700
617
734
454
784
374
186
131
357
385
457
383
242
-207
-309
104
-95
123
-86
-253
-264
-210
-707
-843
-463
-863
-521
-482
35
-185
228
393
1296
1630
1315
1289
391
269
-173
278
-352
-193
-625
-170
-807
-394
-732
193
203
380
679
-300
861
-1566
683
-208
395
558
195
465
-777
318
-503
168
-461
-152
-415
-640
82
-79
-148
532
1512
1040
821
1191
568
30
347
104
-897
-1489
-1370
-2221
-2621
-1374
-1311
-1199
-441
-3
17
-613
96
403
580
1095
1076
925
395
453
201
57
661
234
-60
-617
-1284
-915
-1220
-260
-236
-17
493
752
463
-1
544
151
281
-163
-39
-729
-551
-415
-108
-95
7
-191
-295
-301
-131
-74
-313
292
155
752
360
1092
553
631
357
1365
831
850
909
689
-278
-260
213
-584
713
-558
1226
-797
228
-151
-938
179
-370
4
-652
-159
-609
-211
-544
-177
-318
-230
-669
-470
-535
-287
66
553
1221
930
1236
630
363
309
28
-556
-703
-773
-1050
-1153
38
-124
-352
-3
-110
-440
-706
7
-155
-87
294
435
55
313
249
-258
287
242
106
296
531
-163
-153
551
-190
-189
158
194
-462
33
433
-145
237
1272
1182
417
646
367
77
-59
269
113
-830
-716
-342
-879
-86
-164
-173
-638
-303
-1004
-1518
-633
-1086
-1158
-813
-352
-947
-149
170
549
-704
1871
768
347
1209
886
976
-129
1773
-366
267
-439
-55
-211
-401
-69
-437
-170
-973
-513
-564
-464
-840
-292
-207
61
656
1222
873
914
668
647
134
234
424
222
442
246
71
155
513
-477
190
279
797
-97
506
681
-470
-89
-78
-203
-885
-26
-83
-455
-399
260
-324
-499
-373
-195
-160
180
681
538
1033
313
308
256
235
8
860
274
-320
125
-208
-818
-336
51
-235
-192
478
237
-560
330
376
334
-499
1392
-643
-488
-985
206
-1742
-491
204
-888
-196
-1591
1928
-2466
1252
232
22
62
177
-506
-1052
62
-829
281
-667
928
-511
194
-21
94
274
655
351
190
149
679
-263
-111
319
240
68
132
1181
724
849
1395
1472
463
802
57
-729
-2035
-1616
-2013
-2462
-1917
-1522
-1650
-1330
-16
-89
236
1148
1754
1641
1307
1873
1155
297
956
-308
-324
-935
25
-1056
-1663
-851
-1557
-1507
-1468
181
-932
136
680
774
909
1089
1637
373
1411
1728
1672
1592
1767
1481
532
644
258
-828
-961
-791
-1471
-970
-1056
-1307
-1871
-2000
-1804
-2033
-1284
-738
-1006
-812
-777
-378
-137
416
1310
1124
1977
1692
1792
1103
984
364
191
-601
509
-898
363
-255
248
663
68
2020
-1790
2492
-495
1440
711
710
923
-1430
767
-1195
25
-908
501
-29
-196
377
351
191
498
320
116
214
188
-932
-948
-926
-1195
-665
149
649
628
1733
1476
892
1051
635
-310
69
-341
-353
-930
109
-470
117
434
102
-230
-520
-560
-1530
-508
-518
-50
-195
900
687
434
681
816
787
552
736
607
-78
-347
-427
-1183
-1309
-877
-488
-1004
-466
-6
-572
-242
287
199
-190
148
-208
-717
-569
-963
-1439
-1378
-766
-1194
-741
-99
108
-391
435
536
80
602
1739
1320
852
1378
1321
361
662
1033
218
-25
163
-39
-693
-405
-76
-758
-1063
-469
-2066
-1129
-1816
99
-1605
337
-492
507
-967
344
657
-708
1394
-1004
3343
-2541
2703
-1108
1027
14
-867
795
-2117
439
-1621
650
-606
1817
-17
1331
401
784
188
166
1109
352
245
702
-316
-845
-369
-378
24
29
1457
283
682
592
1502
952
1736
882
641
135
104
-183
-571
-921
-1150
-896
-1057
-376
-1103
-688
-1528
-637
-1283
-216
378
946
359
1128
1205
801
965
651
1173
-577
216
-857
-677
-1377
-1180
-1065
-1241
-1099
-1133
-247
-596
52
323
686
966
699
1107
815
298
296
130
432
-70
443
118
-340
-319
-17
-404
-239
178
186
159
27
713
-209
394
406
186
-752
-1129
-1424
-1878
-1680
-581
-639
-314
-93
407
694
364
1708
524
830
-47
151
12
-129
671
48
136
381
600
507
159
948
-937
300
-1906
82
-1590
-1018
-50
-2358
2077
-2670
2179
-461
1708
29
40
1848
-1354
917
-548
1342
-885
1304
167
113
47
197
-15
-605
443
388
648
787
1009
925
1363
1205
946
-94
5
-354
-438
-187
-540
-395
-751
-1429
-1190
-1183
-884
-608
38
-451
-696
36
28
-447
591
1178
596
958
1020
868
842
1755
1162
1269
1065
272
-6
-496
-489
-515
-168
-831
-660
-647
-278
206
511
1128
1314
1195
737
1316
919
382
172
408
-374
-458
-452
-693
-859
-806
-1002
-911
-280
-796
-550
-431
-72
-615
275
-105
-647
-881
-171
-623
-844
119
-304
-328
-1117
-243
-608
-481
-216
2
-301
-768
71
-712
-994
-157
88
-494
-633
363
-718
-565
288
93
69
508
773
197
339
435
-87
-364
46
-207
66
58
354
-783
-329
-706
-156
-57
-190
1181
-1144
644
286
-32
132
302
449
-560
189
-217
-331
-707
727
213
160
1171
547
-379
188
21
-1052
-404
397
-190
-666
819
545
-445
376
1314
149
437
1365
662
-596
225
-110
-423
708
950
366
411
1402
556
77
652
385
-172
-36
-197
-590
-1406
-595
-1217
-1415
-1638
-1064
-651
-699
222
84
233
131
978
689
968
1027
333
-67
221
243
-181
-107
567
-436
-899
89
123
238
804
1760
383
440
1165
814
970
1561
1249
206
552
710
135
268
500
-689
-1354
-912
-787
-771
184
528
-78
-92
399
558
558
921
525
-691
-758
-1010
-1842
-1494
-1223
-1354
-1553
-1027
-1399
-1309
109
382
437
716
1504
638
462
1428
989
687
552
670
-145
-181
106
-741
-796
-228
-377
-868
-506
-230
-461
-62
248
177
263
456
306
-37
-433
-694
-659
-585
-44
266
423
158
-228
-618
-1022
-1273
-632
-277
-263
-122
-407
-236
2
1214
1307
1080
1394
416
-45
-123
-118
189
418
357
-15
-44
-160
-741
-934
-939
-1256
-1487
-1367
-1346
-876
24
766
767
1126
1639
1328
931
1143
845
-84
-389
-1243
-1483
-1483
-752
-483
-200
-11
-341
-369
-251
-176
-49
546
823
858
569
786
777
1006
752
804
455
-95
-67
-14
-309
-301
46
-144
-18
184
746
688
628
561
234
16
-19
-92
-431
-484
-437
-813
-726
-423
-545
-345
-644
-567
-277
-351
-334
-237
-134
154
681
200
431
791
967
939
914
1210
606
459
301
129
-109
-248
-283
-146
12
163
495
433
496
1087
1478
974
1274
1530
759
82
361
549
-255
-72
356
-413
-900
56
-36
-666
343
1021
417
204
668
-272
-1119
-687
-663
-1511
-1398
-1176
-2121
-1861
-1314
-1742
-2025
-1029
-324
-377
205
904
840
436
596
785
55
-17
337
-143
56
391
180
-136
159
321
-177
-5
-100
-707
-359
-90
-380
-795
-666
-1144
-1518
-1017
-549
-237
49
784
434
219
804
511
-297
-137
158
-268
-61
559
-46
-534
117
653
490
1274
1780
1007
992
1216
813
727
1266
391
-572
-194
-101
-1086
-795
-415
-1578
-2179
-1446
-944
-1218
-388
273
-565
-949
-106
-20
169
794
1420
1001
876
1327
894
275
-4
780
479
111
321
398
41
-150
134
143
42
160
251
-253
-293
-326
-158
80
551
1050
837
763
527
233
-251
-435
-370
-722
-812
-708
-963
-1211
-544
218
202
253
664
767
407
157
92
-160
-262
-18
88
-188
-88
378
456
57
550
543
-434
-122
275
-224
-663
47
-64
-685
-314
238
-427
-820
-93
-69
-112
550
864
240
172
40
-290
-240
172
-212
-209
280
-19
-563
-221
251
-454
-1
935
357
32
1117
1025
274
599
1088
507
579
1404
906
-102
-204
-103
-735
-657
91
-222
-1109
-952
-673
-692
-309
93
-92
-766
-879
-900
-1068
-659
75
8
-610
-607
-505
-921
-717
510
504
-302
-235
632
15
-255
497
116
-599
-576
-235
-752
-296
311
-127
-202
782
917
399
828
1178
382
234
840
114
-426
98
-44
-1065
-652
112
-746
-816
155
-174
-1046
-775
-625
-1340
-1413
-642
-562
-650
-172
-255
-520
-138
594
546
414
822
445
-98
410
839
312
72
33
-515
-651
-61
476
218
689
1309
987
826
1347
1278
637
851
908
322
55
319
102
-254
13
216
-181
202
828
656
255
719
816
196
571
794
410
2
211
238
7
319
246
-19
281
467
223
154
-4
-430
-358
-61
-436
-931
-728
-852
-1056
-801
-879
-1032
-1165
-936
-526
61
406
194
442
409
66
682
883
424
553
790
630
40
-154
-297
-742
-774
-821
-949
-1013
-989
-777
-415
-246
-421
-486
-672
-830
-983
-428
-91
-186
218
271
130
235
282
39
-126
-234
-344
-744
-777
-867
-787
-587
-712
-317
-114
-211
-336
-371
-39
269
367
553
407
610
1354
1566
1647
1523
1005
140
54
51
-267
-257
3
108
-436
167
701
698
638
1001
747
207
295
-378
-855
-799
-720
-588
-18
216
59
61
96
-248
-185
20
-236
-273
-287
-411
-387
-88
253
700
1233
1162
1181
1487
1193
709
745
662
74
58
123
-506
-700
-135
-441
-679
-164
-30
-507
-273
300
45
314
699
435
411
878
556
274
309
-47
-628
-620
-833
-1262
-985
-1165
-1499
-1348
-946
-941
-366
372
209
103
644
559
214
409
371
-1
-4
76
45
13
47
-193
-631
-316
-125
-112
57
207
-39
-59
371
422
282
353
247
251
137
223
589
464
396
304
55
-394
-435
-320
-359
96
260
189
186
247
-131
-754
-688
-958
-962
-587
-404
-397
-359
354
417
466
1106
911
450
446
438
-38
45
17
-859
-935
-890
-1132
-951
-197
-1
-512
-77
194
-10
457
670
209
300
229
-133
-9
174
130
41
436
555
477
883
1009
738
945
1251
1057
378
123
-24
-939
-1071
-147
-191
-689
-5
446
-111
60
638
225
-13
516
349
-502
-491
-256
-515
-648
-236
-16
-565
-914
-847
-985
-1421
-1273
-895
-1208
-1196
-490
-309
-386
278
801
503
380
815
850
709
1092
1004
462
637
918
418
274
529
29
-856
-1253
-1030
-1149
-1155
-764
-247
327
437
608
1374
1756
1166
1402
1363
-42
-610
49
2
-750
-155
264
-627
-881
238
296
-417
517
995
226
172
899
475
-174
388
430
-147
61
376
67
148
103
-313
-357
-220
-285
-285
-43
11
-321
-393
38
-167
18
379
-52
-663
-492
-56
-327
-174
430
562
32
-9
142
-455
-680
-7
-420
-1001
-740
-732
-1156
-363
713
179
14
251
134
-222
116
157
-748
-987
-238
-374
-1179
-598
146
-701
-813
477
214
-717
204
1142
150
150
1155
742
-144
617
1147
153
168
953
613
-51
579
680
-160
-70
178
41
282
769
420
-15
388
397
239
319
348
98
152
245
119
240
363
361
455
931
920
688
586
348
-85
-124
214
78
-130
106
-57
-218
-2
12
-127
-243
-313
-665
-604
-429
-600
-483
-462
-810
-676
-314
-270
-58
766
717
689
1345
973
309
684
829
-213
-389
-228
-1071
-1559
-1074
-1442
-1686
-716
-388
-693
-222
154
-326
-300
80
-75
-103
284
235
1
9
-74
-58
-56
-176
-300
-600
-724
-883
-486
-173
26
416
96
8
242
411
-7
355
881
107
-134
153
46
30
673
1057
797
668
765
361
417
600
719
744
583
408
-162
33
-33
-480
-502
-350
-598
-468
-240
-505
-702
-407
-415
-662
-350
-377
-231
-7
213
171
324
502
219
181
471
636
841
745
470
571
795
418
119
436
20
-100
6
-227
-772
-874
-837
-1026
-1169
-891
-911
-1181
-787
-675
-361
53
435
560
859
946
881
958
631
214
409
398
-106
32
136
-411
-369
279
150
-70
350
30
-870
-826
-684
-827
-886
-448
-363
-441
-343
-262
-360
-368
67
177
194
524
562
332
310
261
-41
-290
-130
-343
-267
-199
-356
-375
-534
-989
-661
-166
-140
-13
159
299
196
582
520
350
738
655
443
526
335
165
147
385
220
-256
-320
-59
-146
-326
198
336
-41
-241
199
163
-122
66
61
-277
-296
165
-139
99
747
638
411
869
1073
566
706
805
434
438
888
637
-193
-544
-313
-893
-1300
-756
-611
-1150
-908
18
-282
-157
939
992
364
876
1217
456
422
925
254
55
741
261
-428
106
4
-852
-526
-484
-1249
-1160
-476
-837
-848
91
176
-293
207
445
-35
231
532
181
-228
-30
-223
-681
-279
57
-425
-498
-232
-852
-1196
-275
416
151
316
347
-567
-1119
-913
-672
-439
-110
-154
-77
-154
-284
121
507
402
57
-1
-294
-587
-445
-264
-145
111
-75
-176
320
719
467
503
913
475
380
787
912
649
730
723
395
128
89
102
195
638
673
558
570
397
-54
-122
6
-95
-162
-201
-749
-428
108
-387
-471
276
258
-391
59
396
49
118
268
-482
-1025
-631
-595
-1119
-452
235
-6
84
610
409
73
456
728
229
-114
113
-770
-1179
-707
-872
-1262
-884
-688
-1075
-916
-427
-416
-306
87
-214
-365
-51
-485
-908
-351
-11
-248
78
840
913
603
902
1462
936
343
694
744
388
861
1481
957
422
752
248
-320
60
14
-682
-985
-418
-629
-792
123
135
-477
-87
466
95
-192
615
696
-235
310
752
-162
-319
130
-193
-995
-295
96
-592
-259
560
386
23
789
983
378
449
693
11
-104
484
468
-144
-83
311
-413
-652
-81
-9
-493
-9
796
411
413
1075
953
170
25
-253
-775
-798
-818
-1066
-1162
-1142
-1442
-1569
-1231
-848
-647
-278
8
98
386
783
719
768
794
185
-198
-299
-464
-769
-814
-831
-816
-408
-328
-610
-465
-34
27
373
887
706
417
571
870
1079
1006
1175
969
592
441
285
531
441
489
572
558
480
537
528
217
-50
-196
-716
-1193
-1201
-1453
-1678
-1528
-1263
-1188
-1036
-1072
-518
108
505
550
765
980
491
261
302
456
149
139
236
-149
-73
561
640
379
521
845
878
619
236
-366
-1143
-1693
-1629
-1476
-1686
-1334
-408
-200
-158
718
1048
656
1009
1341
538
66
654
259
-478
100
257
-325
170
242
-581
-653
-426
-877
-577
456
339
248
970
998
664
1237
1679
1462
1585
1959
1487
1102
911
197
-269
-113
-46
-197
305
174
-612
-504
-263
-646
-874
-601
-733
-1344
-1542
-1332
-1224
-982
-297
235
330
200
106
206
50
-118
89
36
-414
-446
-292
-441
-419
-299
-387
-615
-649
-757
-1175
-967
-759
-968
-804
-100
150
82
741
1014
770
1251
1558
890
916
1137
589
165
313
-144
-298
256
-57
-429
168
533
83
302
649
269
-167
-108
-623
-1054
-920
-649
-500
-171
115
-75
278
711
542
194
694
322
-601
-382
-158
-685
-602
-423
-1349
-1246
-516
-756
-697
131
341
-110
624
1458
877
1081
1545
956
477
431
222
-432
-434
-617
-1060
-740
-621
-192
-256
-334
-123
110
55
-31
99
-252
-102
270
327
111
314
268
-31
202
750
663
218
327
278
94
409
670
543
125
142
279
-68
-294
-21
-147
-933
-865
-580
-1215
-1192
-170
-1
-123
673
1302
756
798
1109
471
-184
201
283
-385
-545
-136
-68
-150
514
929
555
451
647
407
362
296
206
-245
-361
-452
-688
-613
-734
-651
-540
-709
-838
-260
270
273
805
1256
1059
905
934
895
351
235
237
-31
-375
-656
-744
-1102
-1460
-1329
-1013
-1063
-940
-234
217
89
599
1279
974
516
751
442
-558
-552
-703
-1865
-1804
-1036
-1479
-1557
-496
-290
-568
222
662
287
336
434
8
-138
360
129
-163
181
13
-337
-150
154
90
635
1179
932
832
1048
365
-18
422
180
-362
-436
-298
-848
-795
-166
62
15
590
1029
532
184
376
210
-111
361
558
106
-228
335
462
-110
385
976
637
594
587
-57
-325
-321
-757
-1150
-1174
-1105
-1587
-1177
-405
-781
-754
-325
-632
-955
-261
289
170
106
410
-169
-698
-521
-547
-687
-186
482
199
258
791
802
666
1264
1536
1163
831
1022
457
-7
285
160
-70
124
620
500
197
488
872
425
753
1174
783
326
739
795
-135
-501
-609
-1272
-1963
-1534
-1494
-2189
-1669
-876
-933
-465
244
154
-21
504
561
713
1078
1014
941
1218
1304
683
481
294
-234
-592
-747
-574
-373
-121
15
104
382
460
525
428
320
40
-681
-1062
-980
-1145
-1376
-1074
-741
-1009
-827
-135
-70
-124
507
597
112
320
754
436
204
426
-38
-962
-1162
-1036
-1612
-1426
-868
-929
-1081
-524
-267
-715
-41
701
226
41
306
139
-241
-164
57
-390
-345
201
200
136
543
589
754
1253
1286
1193
872
663
670
332
127
181
117
47
123
301
157
-433
-614
-737
-954
-567
-117
-17
266
747
901
1109
1437
1011
388
433
114
-431
-347
-53
-658
-1012
-433
-450
-660
-123
-11
-467
-359
-38
-172
-365
174
514
571
952
1317
1069
598
373
49
-559
-1021
-757
-664
-964
-355
586
669
725
1335
1616
1174
1242
1527
1045
492
404
-173
-950
-1098
-1325
-1806
-1798
-1229
-993
-707
-180
330
548
662
983
576
427
930
979
856
761
740
147
-561
-888
-1303
-1253
-1225
-1485
-1385
-1108
-937
-844
-534
-236
-72
306
759
1042
1269
1382
1265
1061
477
269
60
-589
-996
-1230
-1564
-2051
-1293
-687
-1035
-407
749
1001
912
1617
1954
1525
1535
1663
643
-63
-189
-800
-1615
-1576
-1001
-1340
-1200
-328
107
177
992
1624
1203
1185
1446
861
165
32
-497
-1378
-1572
-1897
-2735
-2764
-2360
-2316
-1745
-557
-178
-50
670
1082
947
1596
2599
2285
1621
1591
1213
378
-50
-108
-873
-1526
-1197
-1180
-1449
-858
-265
-311
56
522
645
511
1081
1227
686
660
634
328
-29
170
252
467
888
1121
1007
798
1003
776
486
652
611
233
-221
-424
-661
-763
-538
-539
-471
-405
-472
-592
-651
-59
408
406
586
638
-95
-480
-189
-739
-913
-575
-803
-718
-123
-80
-248
603
1019
289
347
721
42
-257
322
470
220
402
445
-65
-171
144
362
-52
-284
-227
-309
-557
-474
37
86
680
1471
1427
1205
1137
626
-123
-763
-614
-877
-1282
-736
-447
-795
-960
-531
-641
-1081
-856
-560
-921
-849
-444
-662
-819
-361
-105
182
761
1386
1349
1040
941
649
33
-475
-356
-601
-875
-817
-312
-279
-455
385
762
415
702
1792
1643
1038
1830
1770
536
219
465
-890
-1880
-1214
-1289
-2300
-2170
-1001
-1201
-1078
53
464
469
891
938
770
773
239
-60
106
-286
-1028
-682
-719
-1185
-1071
-541
-276
-245
168
104
-410
-897
-149
404
-105
184
645
124
-320
-51
-129
-415
-86
225
43
-159
286
601
25
522
1192
524
-27
533
791
112
422
937
224
-341
571
162
-811
-193
97
-1052
-1286
330
-79
-480
879
1268
288
667
1578
361
-403
867
1509
522
956
1984
1014
81
817
855
-608
-378
684
-302
-900
97
167
-804
-305
460
-223
-393
233
244
-307
138
644
88
154
262
-108
-280
-222
-120
-217
59
217
41
217
461
458
283
263
262
-110
-333
-339
-756
-1044
-689
-612
-775
-414
-220
-503
-40
362
-88
83
469
-290
-684
-55
-350
-895
-239
-152
-987
-359
371
-25
89
606
248
-162
270
87
-591
-333
41
-508
-673
-357
-560
-908
-759
-674
-675
-548
-277
-71
55
431
656
712
568
542
297
-146
-147
-40
-119
-95
60
227
-78
-94
74
-429
-513
-191
-173
-438
-236
131
45
160
645
675
563
806
904
887
971
797
242
-30
81
-58
-110
319
373
160
431
501
7
11
123
-290
-731
-598
-382
-726
-584
-172
-322
-319
168
120
145
365
360
380
289
204
150
-20
-125
-1
-102
-306
-252
337
265
152
886
1087
852
1025
1011
166
-265
-25
-382
-879
-548
-354
-692
-605
-425
-463
-307
-228
-176
-87
120
-71
-103
75
-238
-262
-24
-374
-847
-392
-339
-312
160
384
359
485
1055
966
766
980
921
464
374
295
-260
10
165
-473
-475
-67
-598
-1217
-539
-777
-1438
-853
-250
-452
-166
825
588
344
972
965
458
1052
1484
914
672
530
-431
-885
-827
-1383
-1519
-1452
-1683
-1556
-753
-740
-829
-330
-276
-447
-355
109
-21
-39
5
-604
-812
-442
-198
-114
734
993
798
1228
1373
1172
1122
1023
495
197
-338
-971
-907
-332
-446
-537
-63
-123
-502
-65
438
-227
233
1264
841
306
781
197
-864
-302
-45
-1004
-971
-259
-832
-724
620
386
-501
159
589
-316
-412
679
283
-326
827
1251
490
1043
1456
112
-360
549
397
-634
-129
516
-678
-677
191
-368
-514
163
270
-169
366
686
328
865
1158
58
-428
-390
-1109
-1252
-480
-139
-434
68
521
-16
58
605
147
-197
64
19
-450
-394
-661
-1429
-1296
-1100
-1454
-1256
-280
-14
404
1242
1121
692
1438
1554
396
305
280
-638
-956
-438
-440
-631
-134
-134
-332
513
1073
641
693
1143
604
-15
164
46
-421
-26
256
-339
-295
84
-40
203
866
1222
955
907
1305
963
780
1152
1006
196
-291
-502
-1049
-1290
-975
-626
-809
-1026
-855
-691
-1094
-1151
-575
-580
-847
-479
-102
-352
-236
958
998
479
1420
1271
172
199
446
-635
-936
103
-414
-1112
-37
293
-489
-149
433
-46
-138
322
-58
-803
-646
-635
-1117
-890
-841
-716
-611
-619
-483
-228
300
508
878
1586
1799
1784
1706
2032
1930
732
276
-159
-1411
-2081
-1821
-2063
-2198
-1235
-518
-684
-280
940
1344
971
987
1285
887
355
708
428
-600
-753
-845
-1407
-1289
-377
-389
-523
483
1176
698
933
1854
1318
617
1011
965
193
186
498
-474
-1074
-690
-1075
-1575
-1128
-462
-894
-341
553
357
564
1187
1138
638
930
1141
336
136
718
177
-96
496
318
-233
-88
-37
-375
-259
136
-37
-74
91
21
100
522
478
166
156
-244
-640
-706
-690
-999
-1288
-1411
-1376
-1479
-1500
-1204
-1184
-1137
-955
-811
-718
-634
-138
160
117
228
368
297
153
175
154
97
171
562
650
721
907
724
633
761
1024
929
790
704
578
225
-75
172
130
-46
-49
130
-29
-304
-69
55
-75
231
453
470
434
461
490
256
187
236
118
-197
-198
-290
-474
-255
-425
-713
-547
-281
-256
-427
-74
-63
85
229
362
669
767
999
806
689
395
116
202
431
198
44
211
-129
-364
-18
91
-203
-104
273
-42
-154
26
-326
-388
-492
-361
-713
-913
-634
-661
-671
-622
-332
-245
-422
-318
109
-91
-168
308
287
-306
35
129
-545
-766
-569
-666
-743
-68
272
396
767
1230
1002
1182
1306
1063
1026
632
-121
-776
-1090
-1440
-1142
-685
-614
-798
-443
-118
-171
199
333
81
-206
-227
-294
-307
21
280
258
659
1034
817
857
851
591
234
178
151
-176
-325
-203
-327
-576
-635
-460
-325
-458
-396
-129
191
229
684
1151
1051
1234
1139
579
306
454
271
-128
38
108
-234
-346
-21
-106
-124
396
400
301
574
603
20
-101
-57
-797
-1132
-836
-916
-1249
-903
-550
-852
-922
-503
-424
-873
-794
-214
-301
-397
26
243
-123
-349
-6
-129
-598
-433
-158
-707
-779
-158
76
-28
782
1553
1112
1151
1764
1421
673
1063
879
-280
-67
230
-889
-1115
-393
-600
-1052
-458
33
-633
-516
195
-631
-1054
-366
25
-275
-22
663
427
-48
283
509
-329
-268
402
54
-369
546
559
-523
-62
892
351
397
1668
1512
596
1004
831
-292
231
851
396
510
1126
816
662
884
882
703
679
562
81
-135
-622
-956
-503
-447
-731
-295
-121
-438
-49
236
-395
-582
-559
-1130
-1402
-1012
-958
-934
-678
-530
-297
35
481
557
215
170
174
3
-120
-89
-303
-396
-94
-544
-681
-87
87
-27
721
1314
808
850
1294
702
457
690
40
-801
-1094
-1091
-1362
-1238
-785
-483
-376
-300
-74
-2
-124
-154
27
-215
-508
-214
-152
-829
-892
-268
-508
-958
-793
-296
-524
-391
499
358
-233
435
1089
426
495
1038
539
-204
7
-221
-855
-403
-63
-417
-183
338
268
775
1835
2006
1946
2429
2076
1170
801
472
-641
-1183
-900
-1796
-2397
-1760
-1437
-1578
-950
107
460
408
1134
1620
1127
1174
1191
568
95
235
24
-618
-859
-839
-1088
-1230
-866
-665
-596
-19
455
588
729
1098
1125
796
1136
1481
1135
571
825
679
45
-43
376
23
-570
-52
-155
-1143
-1021
-431
-1042
-1310
-619
-208
-606
-38
384
4
230
801
932
826
1227
850
-9
-69
-127
-685
-660
-305
-278
-510
-135
127
-83
266
566
415
568
1020
831
556
537
322
94
33
-142
-248
-65
275
172
-10
167
110
4
-113
-115
-32
-203
-307
-189
54
149
-178
-522
-633
-934
-1386
-1413
-1047
-984
-1090
-690
-559
-887
-641
-282
-599
-280
488
514
203
480
498
-286
-95
171
-463
-709
-323
-164
489
1539
1608
1393
1700
1377
840
877
943
626
297
18
-265
-673
-1577
-1458
-1151
-1431
-1108
-485
-589
-480
76
524
627
744
766
374
-9
-507
-778
-785
-904
-913
-227
-25
-278
-138
315
-243
-879
-397
-198
-589
-267
288
-157
-338
178
391
180
739
1159
1040
924
1134
1418
1175
1174
1190
995
550
66
-257
-584
-781
-722
-628
-603
-624
-448
-247
-272
-265
-360
-193
-222
-183
165
265
134
-117
-29
-52
-183
151
293
-75
-282
-143
-242
-578
-633
-383
-388
-654
-476
-544
-827
-784
-397
61
646
1046
1383
1505
1324
1368
1301
1183
798
846
508
103
-153
-79
-106
-434
-542
-602
-461
-537
-109
52
191
85
92
459
434
374
542
386
-169
-147
-183
-687
-751
-541
-1092
-1537
-1215
-1206
-1166
-432
91
192
520
817
752
750
1052
1056
508
454
568
69
-53
230
239
113
464
745
86
434
567
114
68
15
-187
-385
-200
-446
-438
-364
-607
-980
-718
-594
-748
-545
-582
-738
-420
65
263
668
1094
1034
793
1004
963
905
946
697
320
-131
-283
-435
-441
-197
-110
282
786
607
513
651
601
935
1224
1226
899
396
-380
-1150
-1628
-1797
-1730
-1722
-1829
-1918
-1807
-2223
-2157
-1407
-1153
-820
-140
-26
-422
-177
319
74
240
579
-105
-810
-696
-426
-440
-100
425
561
378
762
1005
407
740
1276
889
671
1445
1516
536
857
1073
-203
-555
247
-528
-1446
-490
-140
-1465
-1266
186
-139
-217
1438
1831
840
1132
1883
1272
515
989
851
-340
-500
3
-821
-1647
-840
-646
-1863
-1362
-53
-746
-795
620
414
-268
786
938
-196
157
949
237
-92
565
530
-149
-9
354
53
74
585
863
751
1054
1163
643
106
-512
-823
-1065
-1395
-1466
-1245
-1063
-1156
-619
64
310
618
1092
927
458
884
973
185
309
711
89
-220
443
363
-374
89
280
-473
-351
254
-371
-933
-199
-68
-816
-182
526
-346
156
1402
708
119
856
358
-739
-405
-413
-1454
-1502
-735
-869
-796
214
330
-113
362
436
-270
-541
73
35
89
921
1018
705
842
1378
1015
629
1132
1066
-4
-80
160
-434
-795
-499
-447
-884
-1033
-486
-375
-662
-267
-384
-899
-1099
-683
-775
-1035
-187
294
-247
-46
636
-38
-378
460
184
-738
-149
374
-495
-585
424
277
-545
563
1368
-140
-386
173
-1127
-2145
-1263
-1101
-1585
-555
237
243
804
1251
761
576
689
320
12
-136
-495
-691
-494
-176
-118
86
247
-48
374
613
699
839
734
530
352
592
613
453
636
989
814
684
1124
1135
725
499
221
-435
-992
-804
-796
-741
-327
37
341
569
354
169
161
-240
-512
-627
-956
-1570
-1267
-958
-904
-298
315
132
-186
-59
-387
-321
277
291
-76
20
10
55
600
1379
1632
1686
2041
2207
1942
1866
1872
1128
545
225
-240
-895
-1366
-1423
-1428
-1431
-1457
-1088
-875
-1164
-769
-21
80
-31
403
131
-510
-365
-428
-701
-855
-659
-528
-444
-7
26
399
767
679
788
689
220
-220
-220
-453
-961
-660
-529
-909
-559
-408
-528
-220
425
568
495
650
491
201
571
886
486
194
374
620
273
825
1032
450
681
607
-59
-192
124
-189
-390
-131
-282
-587
-368
-577
-761
-385
-364
-371
-168
122
373
861
1404
1406
1378
1348
973
850
644
121
-642
-1054
-1239
-1781
-1929
-1690
-1730
-1660
-1188
-882
-341
469
731
947
1474
1309
1050
1116
1137
855
598
781
503
-141
-401
-407
-578
-668
-630
-589
-603
-701
-527
-435
-306
179
587
509
-96
-354
-539
-1064
-1021
-769
-799
-259
235
310
442
743
561
-170
-261
-409
-689
-531
-215
-130
90
539
659
708
876
609
413
788
687
264
263
428
-246
-596
-198
-739
-1078
-460
-539
-986
-401
-218
-456
-13
123
5
106
105
-451
-617
-268
-156
187
774
774
386
759
756
172
382
618
-41
-316
135
-180
-690
10
475
199
649
1245
872
578
893
662
65
182
195
-356
-445
-397
-969
-1349
-622
-339
-420
-38
465
234
170
893
718
-91
97
335
-855
-849
-70
-701
-1285
-701
-594
-1446
-1138
-528
-1049
-1250
-424
-42
-639
-111
474
-239
-245
726
606
-65
180
401
-221
-266
527
129
-366
131
523
119
91
557
687
125
211
662
290
61
579
963
103
30
447
-319
-1030
-336
-68
-609
2
609
284
213
1090
1019
163
751
922
-364
-649
45
-639
-1442
-577
-472
-1499
-1276
-662
-998
-914
257
741
658
1557
1739
1079
1287
1618
1257
870
732
109
-131
-149
-362
-136
-165
-458
-504
-449
-445
-271
-209
42
153
290
653
704
978
1096
860
216
125
62
-316
-266
-112
-418
-983
-562
-733
-1131
-707
-352
-655
-289
759
674
801
1501
922
332
1044
699
-353
-315
-414
-1684
-1543
-777
-1379
-1615
-847
-564
-1008
-195
422
235
767
1330
908
589
1082
1096
611
625
860
252
-274
-79
-278
-1070
-957
-550
-1079
-1202
-522
-497
-1058
-758
21
-186
-771
88
430
32
901
1832
1424
942
1497
1236
-106
56
514
-565
-962
-99
-183
-966
-610
-216
-328
-127
107
-558
-904
-390
-332
-803
-352
143
-565
-833
-383
-297
-902
-757
-442
-817
-764
-117
166
-119
-145
120
2
-274
-363
-31
475
461
301
515
610
447
572
545
524
772
925
815
958
1096
756
732
493
185
550
801
721
716
586
208
-120
-549
-890
-1119
-1116
-1532
-1733
-1273
-850
-418
-18
501
786
1313
1529
1573
1185
616
294
-160
-587
-616
-515
-706
-618
-521
-630
-862
-713
-778
-806
-518
-313
-237
395
750
454
976
1320
1109
1006
1041
701
147
195
-117
-385
-99
-98
30
185
-27
-364
-156
-241
-526
-423
-307
-307
-280
-57
-158
-519
-363
-36
-202
-457
-57
587
727
714
809
1148
1027
754
849
776
-3
-163
14
-774
-1037
-623
-502
-824
-531
-118
-332
-76
490
448
352
453
180
28
-130
-124
72
47
-35
-167
-75
-198
43
180
45
529
316
-195
34
232
-21
168
323
215
621
916
858
467
186
-608
-1301
-1214
-1518
-1686
-1339
-1168
-1188
-922
-713
-731
-607
-265
-113
124
319
365
247
-76
-114
164
209
-81
225
452
66
-234
85
186
-108
355
515
267
388
351
150
145
393
360
-9
-359
-357
-403
-832
-610
-300
-838
-1103
-216
306
156
1027
1813
1512
1399
1343
544
25
222
39
-481
-415
-401
-1228
-1013
-331
-546
-57
517
231
-232
-29
-263
-964
-763
-575
-628
-401
207
696
969
1315
1293
1047
777
377
103
-87
-42
-73
-227
-211
-157
-3
243
451
349
348
791
645
604
1299
1123
650
772
690
2
-170
134
-200
-446
167
215
-91
520
754
271
339
719
274
115
670
712
166
282
852
458
-66
-26
-585
-1171
-1261
-1400
-1426
-979
-458
-414
-288
21
70
-180
71
-88
-701
-677
-479
-1314
-1501
-918
-1463
-1879
-966
-478
-1035
-337
517
491
368
1153
860
219
415
337
-40
-65
402
-236
-526
-354
-212
-365
-157
486
377
282
538
413
118
233
614
666
702
1149
855
402
143
39
-362
-812
-372
-360
-941
-936
-424
-606
-574
144
153
-343
-276
52
-500
-654
-81
-147
-409
-61
497
447
516
1128
1346
817
854
978
78
-361
-288
-843
-1257
-1019
-1095
-1248
-535
68
-7
172
601
840
868
1288
1568
1472
1459
1250
897
450
-224
-677
-666
-1007
-1153
-522
-175
-347
50
675
311
322
521
102
-432
-702
-880
-1443
-1406
-1001
-611
-81
771
1138
1183
1578
1594
1137
1108
1051
344
-145
-347
-965
-1490
-1234
-1286
-1684
-1458
-816
-979
-906
103
645
354
587
1026
478
182
912
914
-32
238
586
-87
-98
662
343
-167
279
581
-77
-349
328
113
-428
-267
-100
-648
-711
-68
-114
-851
-471
-174
-886
-697
108
186
-134
605
560
-82
112
479
-146
-433
-64
-88
-308
-379
220
223
229
626
418
-294
-23
232
16
-46
191
132
-179
258
133
-311
-402
-719
-1098
-888
-1189
-1469
-854
-648
-857
-190
641
298
630
1529
1329
1264
1511
1104
311
73
-38
-290
-384
-651
-624
-761
-730
-222
317
687
1071
1765
1495
1217
1473
816
-301
-646
-940
-1927
-1917
-1191
-952
-607
216
671
649
877
994
542
158
102
-360
-824
-854
-1004
-1038
-836
-724
-363
-96
-178
126
110
-287
-425
-213
-176
-484
-22
176
131
702
1370
1455
1326
1851
2045
1530
1290
1117
585
243
-2
-439
-709
-728
-944
-1141
-949
-902
-1171
-957
-815
-1031
-906
-664
-611
-478
5
-3
-111
1
212
246
245
706
550
777
1173
840
295
204
110
-846
-1220
-940
-1232
-1671
-1066
-575
-683
-525
15
314
542
1193
1642
1711
1433
1548
1240
674
465
-26
-318
-539
-736
-853
-779
-565
-568
-494
-234
115
219
466
803
677
803
1030
878
429
343
82
-248
-145
14
-114
-83
305
-388
-911
-618
-603
-627
-142
289
415
536
733
716
795
1089
1220
961
447
243
-211
-644
-997
-1165
-1314
-1195
-876
-813
-831
-559
-277
-461
-667
-612
-509
-986
-871
-345
-434
-237
526
630
695
993
1096
712
517
594
84
-64
-230
-295
-436
-845
-982
-834
-962
-1047
-801
-676
-647
-147
369
538
765
1220
1395
1323
1750
1912
1734
1569
1777
1271
606
502
62
-387
-385
-456
-1186
-1396
-956
-982
-1196
-703
46
120
318
797
921
801
944
1135
684
594
661
-39
-680
-384
-456
-461
-175
-118
-161
-299
-70
-529
-712
-493
-849
-1229
-850
-512
-484
277
712
484
677
1097
692
660
1185
640
119
512
-78
-1171
-992
-888
-1569
-1346
-295
-506
-896
-133
-2
-612
-263
254
-234
-486
-41
-411
-772
-409
-217
-392
-144
266
95
184
615
503
35
111
-70
-218
-217
41
65
-109
109
-44
-169
167
838
1038
1244
1572
1637
1396
1155
975
385
-8
-317
-619
-1118
-1820
-2212
-2209
-2160
-1904
-1406
-908
-716
-435
295
383
306
810
1144
685
861
938
744
797
581
133
-438
-760
-919
-929
-1116
-1246
-1020
-666
-663
-339
46
-22
140
731
563
742
1737
1531
1133
1718
1876
1040
641
1055
540
-281
300
513
-263
-50
730
-199
-672
283
207
-891
-307
579
-478
-482
558
308
-247
849
1331
