-2381
-1226
-1778
-2639
-1477
-1920
-4401
-3778
-2313
-3826
-1377
369
94
1326
1230
1286
2219
4047
3476
2215
964
1112
2504
838
-346
-2011
-4105
-1687
-666
805
2488
4229
2575
-1252
-2493
-155
-2373
-3269
-1721
-3113
-971
-1547
56
-549
2261
1515
1594
-1446
-3050
-1779
-4458
-4429
-766
5974
2739
1259
-99
-565
-1093
-3575
-3747
903
2928
1234
1306
1083
873
2897
5700
4210
3305
1688
750
2923
2174
700
2442
2451
-635
-14
2130
2974
4335
3264
3383
2839
1364
1449
339
-1828
-2997
-3853
-4888
-2918
-1004
-2476
-2314
-2504
-2847
-2061
-3565
-5856
-5443
-4602
-2989
-3046
-3908
-1910
-360
597
400
765
198
2523
1085
76
1356
-1331
-1445
-2351
-1877
633
1158
1327
3262
3262
1815
2859
2262
679
1078
-1051
-2296
-747
-126
-1251
-2200
-830
458
3054
1843
673
-305
-4051
-1708
-2249
-2332
1259
5258
4691
3664
2756
-465
334
344
257
-914
2392
1932
-3282
-5322
-1361
2101
1740
2707
990
32
2012
3971
3468
3908
6551
4915
2027
2190
-1490
-1564
-1954
-3296
-1855
-643
-553
-547
-330
-3240
-3693
-444
1184
-1145
3014
2256
-122
1075
-1945
-1475
-3272
-3942
-2481
-3183
-3831
-4192
-3900
-4776
-1931
-257
553
2177
1975
2664
1822
3741
2101
2866
305
-3291
-4185
-3322
-1838
-3151
-852
-1816
-83
229
1045
573
-1034
-784
-832
491
-338
528
5121
4842
5772
4844
774
-186
-737
-1472
-1554
-507
-2925
739
2968
2410
3049
1670
-2135
-1568
-578
116
3978
5078
5302
3317
1643
1420
3180
2333
160
-473
-372
-762
812
101
-259
1637
3016
974
-46
1856
57
1162
1215
1148
-398
141
-2722
-4270
-3660
-4683
-1962
-3895
-3144
-2677
-1836
-1596
-2569
-3037
-3944
-2350
-2050
-1388
-806
-336
-318
-2279
-2533
-3728
-3544
-1133
1455
3861
3560
4590
3659
2191
1754
954
-1517
-3948
-1554
187
-141
1350
1616
-1119
1158
1464
-1983
-2094
-1129
-68
-1704
-3706
-2710
132
2649
4115
3616
3577
713
36
-1321
-2726
-1219
601
3480
2369
3434
3562
2299
-228
109
-935
-1370
487
886
4272
4731
4747
2534
1499
-35
-1037
1483
2089
3951
1294
3191
4401
2359
2543
1511
816
24
-194
-1633
-846
-4190
-1395
-550
-698
126
-2511
-1318
-591
-433
-1133
-1137
-2315
-3389
-1987
-1154
-4783
-4432
-6909
-5570
-600
66
-385
-2737
-3148
-3003
-660
2180
2499
1689
2041
1230
1347
2665
-406
-2823
-3373
-3643
-817
-301
-552
1189
3183
1798
1436
-267
-742
1518
2876
2502
-598
-733
-1260
1000
674
1281
2092
-1650
-4159
-5536
-1418
1327
606
3964
4301
4711
5213
4560
3889
-549
-1094
-1883
-2028
86
1586
2659
2534
1975
1389
-915
-2407
-1317
267
3001
4095
5577
5548
3123
4459
3407
1634
2397
902
-1691
-2273
-739
-1278
-1297
-2213
-4070
-3570
-2724
-2182
-378
2340
2083
2218
547
-3944
-4208
-4014
-4286
-3656
-2070
-1992
-1653
-2051
-2650
-2958
-4404
-1991
-2655
-3404
-1520
1139
4582
4962
4638
2318
-1034
-2861
-2352
-2017
-2635
-1837
-3008
-2948
-614
2080
303
-1767
-2901
-4742
-2913
-786
632
1843
2078
1457
1786
4148
4664
1150
-3310
-2426
614
72
1644
4168
7344
5182
2901
1196
-857
-1226
-1518
-1206
-695
1560
4902
7545
6954
6258
3157
901
693
-137
-380
2395
2226
759
1131
4149
4370
1565
454
-1636
-1239
-821
-1178
-689
70
-2300
-3897
-2875
-830
339
907
1133
-766
894
1196
727
-1824
-5071
-5830
-5723
-2618
-5042
-3796
-1878
-1222
1584
1635
2158
838
-939
-470
-771
1375
3156
282
1577
-240
-2874
-3024
-3062
-164
-369
-248
989
760
127
271
501
-1064
-1825
-2518
-994
-865
-2363
-1702
-3040
-2880
782
1275
137
-4303
-4679
-3293
-2729
874
2625
6042
5472
4923
2412
2199
1836
-189
-853
-1119
-1489
955
4381
3943
4448
4403
4382
3018
4269
1297
3325
5829
3576
4071
1379
2616
3270
2085
2389
1365
367
-1756
-1294
-688
631
1197
-3481
-4892
-3958
-3104
-1716
1340
1841
2127
3171
-3256
-8513
-7190
-7731
-7862
-5500
-4489
-1901
90
2800
2013
-537
371
-984
-33
-609
-79
2919
1515
505
1013
798
-741
-1319
-438
-346
1149
-57
-1512
571
256
-852
-2578
-3333
-2821
-1432
-219
1445
1320
-345
-376
144
1959
1796
-1125
-3566
-5381
-5028
-383
792
1136
1770
-394
729
1384
9
-334
-1654
-916
398
2248
4649
3703
2811
1946
1185
-1514
-1774
-292
2006
3886
4836
5444
1468
3161
4349
4577
4945
3681
4827
3250
1989
2946
1575
-578
-26
-116
-2735
-3743
-2397
-1522
-1288
251
2499
2332
400
-2854
-3921
-5597
-4758
-6072
-5391
-3405
-2142
1497
-1514
-2772
-3486
-3092
-2253
-12
199
-448
1654
1543
1608
1942
-9
529
-127
-909
-275
-1683
650
745
-873
-2033
-301
842
-1079
-1777
-1800
-1792
-130
1029
368
-303
381
-111
-1986
-3075
-3743
-525
606
3168
5453
4420
2511
-67
-382
-2722
-3847
-3209
-1271
600
4207
4630
3857
2640
-996
-1774
-2498
-88
1781
2723
2977
4072
3910
2412
39
-1453
-707
207
1764
2026
2982
2718
-476
-1437
17
977
3197
1155
-380
938
86
809
2094
3094
1930
581
1278
-1917
-4516
-5349
-6798
-5365
-2260
-560
1224
1122
-1634
-1740
24
152
-132
2535
4408
3103
1928
-1585
-3832
-3195
-4857
-3540
-1960
-3150
-1680
-767
-1254
-125
-289
651
-3
-2856
-4236
-3497
-1399
2440
3430
1718
-1139
-2550
-461
-1663
-1236
-539
2258
2858
1798
2884
473
567
1851
843
-686
377
2772
2543
3566
3573
3966
-97
-1559
-1790
-4250
-2075
-3906
-1996
2085
4711
6831
6663
3338
4385
1758
-1562
392
66
119
-1400
-2538
-3283
-2765
-2247
-1225
-146
-475
-2362
364
1388
-506
715
1679
941
-1392
-2048
-2902
-3341
-4442
-4264
-3757
-929
3404
3217
3760
3085
954
2164
2005
1743
3680
4446
6076
4747
2886
967
-3156
-4429
-5404
-4527
-1401
-822
-2076
-210
-825
-1364
103
-1002
-2769
-5612
-4630
-4883
-2204
1176
1551
-650
-2360
-1866
-4916
-3493
-1609
-1124
-587
535
-880
1527
4387
3478
4260
2904
2918
1904
1863
2419
2525
3235
25
-1091
-452
-2920
-1584
2058
3473
3591
4474
4720
3409
1524
-993
-116
358
-2509
-425
1204
366
-471
-1060
-609
-3291
-3635
-2192
-495
961
1971
1869
-172
-1838
-3659
-3122
-3670
-4183
-4148
-5329
-4922
-4623
-1095
275
2241
3020
-265
551
-535
1119
3624
3645
5125
3661
3726
6005
4720
1349
351
-1095
-2525
-2253
-1708
2756
4171
5297
5136
3048
593
-2723
-2870
-5996
-5709
-2980
-1984
-2964
-2522
-1209
-2024
-2441
-111
1450
1298
3212
1489
1969
-285
-1944
-1018
-1534
-2075
-1001
151
-3412
-353
-889
-1996
1495
1097
1586
1251
2167
2659
3808
6722
3666
2775
4450
2395
2055
3927
1358
-675
-130
-30
-1106
-1305
384
-941
517
-1216
-1925
-1267
129
1376
527
961
-2188
-2475
-4463
-5247
-5234
-4548
-4299
-5238
-5911
-6159
-1731
1002
1682
417
1155
433
1156
4053
4295
2984
573
1781
3404
586
-741
-1231
-1289
476
-416
-1066
-1824
-113
2566
3468
4365
3172
-430
-1431
-2542
-3211
-404
1965
3069
1448
1165
-3
-2853
-102
859
901
1384
-477
1663
1313
-1435
924
-966
-1935
-468
-479
1386
2451
2432
6
-1040
-2811
-1567
-1807
-49
-1534
-1975
1598
-738
2293
2926
3282
1964
802
1604
2220
3006
371
-1036
-2713
-1442
-144
1035
2980
-742
-2423
-687
643
3373
3145
154
-3069
-7468
-6674
-5866
-4069
-1606
-2306
-2633
-2166
-1694
-4559
-2041
74
-2247
-3018
930
2168
2040
1231
-178
1359
732
2331
934
-186
-84
1901
2984
2305
596
-1373
-277
-945
-1416
956
1705
-726
-1061
-2995
-2142
-1094
-1496
1843
4238
4807
4083
513
-200
2328
4124
3375
1747
1891
1705
131
908
4010
3459
753
-1381
349
166
596
335
81
1041
2160
987
961
2045
199
-843
-2692
-1
8
1022
1285
988
844
1726
4375
1101
-901
-1513
-1381
338
-872
-3703
-3871
-1858
-369
-386
-1191
-2198
-5650
-4131
-623
-3613
-2393
-321
-2948
-1881
-20
-2838
-1230
-1238
-1594
751
2106
2661
1660
298
-2432
-3258
-186
2176
3475
4044
1677
883
-702
-668
-1215
-2174
182
962
-2501
-3235
-2505
-2047
-640
-1882
-3695
-3400
-3059
-2320
112
2764
5801
4362
1913
348
724
575
686
432
-685
2710
2564
2667
4634
1920
1506
3098
714
675
1767
2124
2302
897
841
-789
-1285
-557
900
2463
1976
1396
4034
4687
3197
3499
3510
4338
2935
1895
987
-3911
-6814
-5319
-3384
-3382
-3121
-1477
-811
133
-952
-486
-1009
-2894
-5018
-5829
-2998
-5091
-4065
-3045
-4345
-1440
-2773
-4263
-1984
-2361
-951
1085
-564
699
814
1619
3250
4021
4658
4515
1896
-1132
-1515
-1260
-411
-799
-327
-1360
-1966
-3347
-2577
-2833
-2876
-2471
-332
412
-2221
-2123
-2836
-27
1411
2232
1421
877
-414
-1861
1025
2388
2590
1875
322
1095
1602
1493
3041
3669
1872
2488
4356
3850
4304
3949
238
35
1658
369
790
-434
1238
1659
3723
4480
2693
4484
4088
4028
2416
682
-1790
-1809
702
677
-1125
-1060
-529
-1075
-726
-2297
-2286
-1931
-3323
-4605
-4649
-3763
-3395
-1782
-4029
-4298
-3363
-2174
-2117
-1000
-1484
-1736
77
992
2441
1048
1914
-636
-1045
-1760
-2168
2211
3759
1820
1079
-1568
-3555
-4118
-2938
-929
-1668
-1164
-30
-510
-2723
-715
918
-1882
-2429
-3697
-1206
561
-133
3032
3034
4140
1029
-450
-146
-700
1987
2903
2155
1533
1661
738
2520
2054
-1336
370
-816
-72
2707
2692
3459
1589
1883
3642
1851
1456
707
-354
3127
5647
6949
5102
3019
-612
-373
-316
-142
2138
1120
-828
-2763
-1100
-366
253
-2646
-1520
-3757
-4461
-2074
-3630
-4071
-4256
-577
-274
-1408
-2447
-2465
-1159
-1112
-3177
-3816
-3488
1456
5950
5844
2768
465
638
-2340
-1419
2152
3591
2165
115
-831
508
-1291
-2250
-3181
-4310
-3210
-2253
-1652
-3997
-2563
-1749
-584
-340
-3577
-2975
-4521
-2698
16
-495
178
30
2011
585
1244
2663
2408
845
76
1879
1315
1609
2951
3339
2123
916
-874
-360
88
-527
1743
2695
1755
4165
3136
1971
1894
1044
3057
3697
3999
2696
2796
3032
505
1107
1312
976
2797
137
1586
2241
-407
708
782
-320
-2096
-3891
-6553
-5813
-3611
-2151
-231
-615
-1233
-2669
-1716
-1644
-3184
-1621
-3330
-2838
783
3767
3897
4778
4270
-782
-1406
581
-630
1143
832
-1514
2875
3214
33
-1742
-432
-536
-3686
-4640
-3926
-1955
-2240
-1428
-225
-1794
-2345
-2792
-2658
-1726
-74
539
809
-2177
-1358
2445
1099
-80
-623
79
-762
-62
-1511
-1398
-1843
-3558
206
-776
-1791
-1904
415
2570
3593
4492
2956
4441
3422
2868
3125
851
1462
2401
745
1764
3395
4153
4123
1490
1316
1183
-154
458
3541
4308
1497
-940
-3066
-2767
-2746
-3885
-3707
-3438
-2935
-548
881
914
500
585
-951
-2833
-1467
-2183
-3577
-3069
-1518
556
2636
1541
1586
741
-1880
407
488
-35
-770
-324
1795
1135
1404
-1535
-3635
-2484
-4580
-5837
-4519
-3987
-235
3254
2918
2381
1281
669
-1147
139
547
810
1767
1368
962
802
1854
-923
775
833
-1636
757
892
793
898
-889
-618
-1284
-1188
-1925
-2010
-143
-1192
-378
1924
2950
1668
1907
-104
-1293
-1000
-2201
149
620
371
3110
2465
2973
1906
313
209
-155
2681
836
-387
-2330
-2261
-316
-2325
-3433
-845
106
321
2393
1274
2059
2923
2153
-1977
-4035
-3236
-2406
-1512
-349
3385
2814
3711
2951
320
504
-260
1729
979
-177
59
1479
3332
2259
-1803
-2909
-4208
-7047
-6300
-6268
-3383
-1181
956
-874
-581
-868
-2005
-396
-1292
-630
79
-1182
-411
5200
3633
2965
1200
1221
2823
-40
1804
753
554
3021
852
-4221
-1011
2392
853
1585
-1560
-1304
-499
1052
2730
2106
2251
28
-1756
-3292
-271
329
-579
-443
1026
1654
2323
3314
-1075
-2479
-3217
-526
640
-2535
-4028
-6011
-4369
-2520
-2687
-2432
-3898
-2452
607
2339
3245
1367
369
-825
-1908
59
1830
2122
2247
1749
1872
3643
4553
3491
2091
206
797
3634
3338
3409
3777
2704
2797
409
-2660
-3178
-4882
-6349
-5379
-4334
-4125
-2989
-359
7
-820
-523
-874
-2149
-478
-475
-2673
-867
1263
1473
666
295
-1240
-1207
-668
-857
726
1151
-466
298
-1134
-1688
1260
2007
1402
1139
487
2193
5085
3570
4933
4591
2971
-1138
-2098
-1767
-932
995
965
3242
4101
5700
4633
2701
-777
-2816
-2380
-442
954
-962
-5695
-7148
-5742
-2649
-2539
-4495
-4844
-3719
-1538
-2507
-1519
-2158
-2860
-1606
-390
-1413
121
366
-1382
-773
961
3364
3034
1488
782
1813
3554
4768
3849
3924
4094
3459
154
-1320
552
963
-552
-2144
-2046
-214
2553
3268
2624
-2129
-4176
-3122
-2385
161
915
-1091
-551
-992
612
1287
-1397
-12
486
-667
-1768
122
943
-410
-317
959
88
-2298
-2643
-1084
-3083
-4052
-1364
625
2270
5413
5460
1652
-769
-1764
-1775
295
1194
1184
3015
4104
6731
5703
4252
1931
-1598
-157
863
-523
490
-852
-5096
-2679
-542
-1146
-2117
-4266
-4281
-1449
-1649
-5033
-3155
-2070
-1215
-1067
-1385
-337
0
269
-909
-18
51
536
1134
-183
-801
443
8
-1000
1
-38
-742
1058
2101
-254
121
-619
-1821
-1952
-2215
-435
621
2690
2264
-984
-1241
1624
1569
3106
3703
966
3208
3298
4914
5181
2630
3195
2888
943
-2201
-2340
-355
-686
-2627
-3087
-1826
545
-267
-2258
-2794
-1115
-20
1225
2886
5526
4034
-791
-695
-2470
-1959
-2641
-2069
-1052
-6
-75
3182
5122
2902
2686
573
995
558
-1258
-1793
-2424
-5123
-1999
439
-218
-257
-282
-413
-1299
-2808
-3064
-787
1234
1489
496
1125
3110
2478
428
1110
1048
-1637
-289
-992
-2389
535
788
1572
230
1305
589
-1001
1862
883
-3673
-2513
-3741
-5816
-4451
-5611
-2758
-1043
-216
-2549
-2581
764
12
-207
2286
217
-1375
2824
4514
5471
4743
3960
3176
-423
-400
-689
-1029
1600
2757
2122
-1290
512
711
-32
1700
3180
5314
3758
3379
3220
2187
-1819
-1926
-450
-1276
-385
308
-116
240
937
1565
3987
1491
266
2291
716
-851
-2254
-3464
-5093
-5751
-2431
-387
-356
-3376
-3322
-3383
-4313
-2618
-1891
-1586
-335
-1050
-2738
388
1262
2542
2225
4748
4804
1946
1690
858
962
836
2186
1032
-5
1857
1624
-922
719
-635
-3755
-2658
-1454
-1265
-1441
-5228
-6288
-4183
-2582
-437
478
1140
120
1516
2526
996
-1681
-1170
1212
1852
3892
2182
-425
-525
-2889
-4409
-712
2850
204
1265
3378
734
-63
-321
-777
3428
5070
3201
1839
1919
3321
1661
1679
2209
3680
2687
32
1771
4571
2246
3154
4286
2043
2154
1326
1240
71
-808
-885
-3828
-4465
-4751
-4352
-3255
-4757
-2832
-3346
-4581
-4614
-4575
-3943
-2516
-592
-628
-2159
646
-337
-3882
836
2196
744
-1647
-2037
1989
3433
3951
3482
1120
-1388
-1027
-77
-1135
-1610
-1602
-563
-29
1180
1187
-1805
-3028
-2383
-2725
-1657
336
-489
-141
2171
3882
3233
782
830
1813
3041
1014
-354
-2052
-3692
-3273
-508
-46
-322
3037
3910
4212
1116
-1288
-1374
-894
-1453
-337
-2029
-1527
-116
1561
1360
2089
6302
3834
-339
378
2115
-457
576
3292
6282
4968
4130
1433
2356
2452
-174
714
-293
-2588
-4274
-3941
-3314
-541
-2122
-2388
-329
-139
-1370
-44
84
-2585
-1798
-1101
-828
1971
1229
-1351
-4277
-4189
-1961
142
1146
-1288
225
3296
3653
-207
-1314
-1795
-2684
-1075
-1289
-1851
-2189
-3091
-2257
-4053
-4773
-3811
-1853
-794
-4093
-2337
590
-292
877
3045
2039
4886
6690
3903
2760
425
-884
-2035
-4445
-2765
-895
1770
2414
2832
2041
1021
851
-1417
1228
-414
-1959
-927
82
2074
3495
1946
37
3675
3673
2030
1317
2196
1537
-567
1216
874
-1367
708
3063
1339
1502
1167
2123
1773
-1164
-2664
-3508
-2595
-3909
-2972
-1625
-563
1020
-1517
-3611
-1963
-1643
-3012
-2085
-53
2789
3064
3930
4304
1912
2476
3811
1367
-569
682
432
-1360
-2092
-3445
-3243
120
351
66
-420
-5429
-5541
-2720
-3747
-4002
-3845
-2838
-4076
-2698
-346
-68
-343
-1284
-749
-2776
-1768
-1675
-853
2438
3170
2682
-1182
-1136
-269
-1972
-1160
1368
1830
-357
-485
953
2777
2376
430
-545
-497
-1355
-860
1914
2581
2625
2601
5740
5253
1522
3927
4434
1652
-132
-38
3196
2483
-149
-169
-630
703
937
2400
441
-1191
-2201
-4380
-2088
-1828
-2073
-4454
-3968
-3130
-4070
-2087
-813
-2521
-3919
-196
841
1316
2634
2609
1387
-334
1185
995
2546
1860
-14
-1457
-1232
866
-295
1034
2768
1327
-427
-2130
-3345
-1517
-3026
-3100
-1839
-2222
-2293
-2527
-2518
-1056
2528
1037
1793
2153
2472
827
-2204
-404
-2045
-1888
-2500
-3968
-2355
-416
-3443
-2932
498
382
-2651
-602
-195
-975
899
-2158
486
-1009
668
4526
3364
822
2517
3979
1436
422
542
2989
1645
2930
1935
226
1440
1436
3630
3243
1571
1610
4158
2859
731
-1792
-1190
-1278
-3607
-2035
-3071
-1399
-2639
-3353
-1339
14
-3303
58
1298
2967
7630
3475
4875
4539
2314
-1566
-3290
-4177
-2077
-957
-2193
324
-655
-2425
-1617
-670
192
1785
-825
-2701
-1363
-2234
-2503
-1557
-979
-2655
-2582
140
340
-74
-1056
983
761
-19
298
-1437
1146
911
1736
3047
1110
2420
2176
-93
-1186
1329
1352
-1771
-3503
-3560
-3341
-3153
-797
-1384
-2808
-446
2386
2258
2661
3016
2714
2821
-960
-2827
-613
-1678
-1587
-824
-1414
1181
861
681
2594
1610
-356
1741
2012
-1612
150
776
-518
-2422
-708
-481
18
438
-1095
26
-1095
-1504
-1193
2312
1730
4110
5565
5919
4839
2575
1859
1146
470
-1213
598
1021
842
1502
2725
489
1470
102
359
-187
-2082
-1927
-2927
-5667
-8228
-6179
-5332
-4032
-1328
-2281
-1586
425
1486
2908
2313
1860
445
2919
299
1749
3305
1439
118
-1655
-1935
-801
-765
-1713
-778
-2399
-2835
-1814
3157
4931
3663
2841
2902
2633
4428
2115
1483
2038
1221
1282
-1110
-1994
-633
-313
-1185
-143
-1783
-334
-1041
-230
1664
430
2509
2738
-858
-3718
-4940
-5891
-9868
-7371
-3266
-2607
-2132
-3413
-359
-1359
-228
178
1008
3118
4707
6311
5861
4885
426
-1411
-1345
726
-232
530
2416
3016
2534
2996
3068
307
1998
4081
2246
919
1900
-6
-1163
-3521
-3406
-2513
-1304
138
-1607
-1983
-346
3017
2836
3363
1484
-1319
-1527
-4446
-4148
-1295
-199
-1211
327
403
-1320
-3747
-4407
-3965
-4024
-1369
-1454
809
2743
4104
3741
4100
2218
381
482
631
1430
1188
3975
2755
2530
1202
-66
1310
1965
2036
-155
-334
-23
-441
-234
759
974
1580
-1054
-4111
-3016
-4379
-3023
-2435
-833
-2830
-3619
-4814
-6062
-3765
-4249
-369
143
1722
297
17
-2456
-4211
-2238
-1615
-439
-1944
-337
970
4932
4317
4631
5654
1373
610
460
870
-922
-9
-952
-1261
-1433
-3682
-14
2463
4022
1637
1498
2731
4719
7312
6031
4638
2178
659
-1808
-2334
314
1437
54
2128
2144
-1481
-1677
-2731
-4253
-4151
-1453
147
769
-280
-591
-926
13
900
59
-121
-3356
-2729
-3939
-1458
-696
-852
-536
-292
1801
2842
4780
3880
2940
-1975
693
1036
2627
5600
3676
-157
-4629
-3327
-4541
-3876
-2117
-828
-800
-2490
-3090
-4269
-2244
-1629
448
5048
4821
4315
3338
2642
-1870
-3888
-1929
-4283
-6156
-4194
-3236
-224
1350
809
2099
562
239
-187
377
690
-3053
-3659
-3049
-4711
-3210
-2676
-2283
298
216
1647
1853
3715
5374
3839
6612
3685
1085
1918
2188
1165
1751
5280
6620
4457
2987
2497
-1983
-1406
-1646
-2858
69
238
593
274
673
4959
4423
2565
2062
-386
-253
-811
-1868
0
1091
442
-429
-2062
-1887
-813
-4430
-2719
-1950
-4444
-1355
-191
885
-1557
-2850
-2964
-4486
-3729
-1649
-1452
-1542
330
1216
542
-3053
-2826
-2931
-1352
988
1192
1706
-387
483
-470
-1207
553
-1787
-998
-574
1160
2947
4194
4949
2950
2230
-1795
-2011
-3231
-4362
-4935
-5194
-4255
-4910
-5742
-5731
-3708
-60
1133
-186
2746
2393
4183
3941
69
-1934
-2169
-1756
-3955
-2841
-3515
-1491
3226
4034
2927
2172
2636
2294
1142
711
1534
2254
3624
4927
4685
3461
4832
5296
2404
916
1232
649
1197
1745
2463
3663
3519
2899
3460
3494
1136
628
1235
-478
-2306
-912
-318
-2388
-6748
-5778
-3958
-2799
-1089
-2612
-2983
-2020
-4347
-4597
-3106
-5378
-3517
-1890
-1278
-1310
-1422
-1012
900
852
408
2422
920
-1438
-1062
1341
938
1811
3969
2998
2393
642
1227
1097
-1215
10
-1109
-1840
-841
-2231
-4064
-3125
-293
273
-1553
213
1179
812
1935
-605
44
1428
310
-652
184
1150
854
295
-1877
-349
-220
-1034
-2372
-3052
-2826
-4827
-3079
-1186
432
1013
2196
3608
5970
8061
3849
2405
3686
4044
3032
4458
4556
3003
3294
954
-224
-449
1603
2522
2331
1231
-322
4174
5057
411
1532
582
-1026
-1083
-1693
-1884
-2064
-1691
-4734
-6739
-7383
-4475
-4814
-6129
-2029
72
408
2073
3434
1938
-483
-2619
-4217
-2449
-1051
-1814
-2247
-1623
-248
-325
551
-1269
-1217
-2165
-3025
-1237
-161
-132
-1852
-973
-2291
-236
3605
2709
766
2128
2048
726
177
-826
331
1062
2205
1206
-498
1418
1947
-248
-837
-1627
720
-120
-2344
-1218
-1708
-2961
-1414
4260
2270
916
1125
2559
2470
-150
-869
-1864
-508
911
1912
1086
2672
3674
3042
523
243
1975
2405
776
-16
853
634
1857
1975
-496
-1370
-957
-63
-77
-2624
449
1094
-125
972
-881
767
1927
-1100
53
567
12
770
3010
2517
-1301
-790
-1961
-3877
-2637
-206
1726
3186
2500
1755
1759
1352
-1012
-2627
-1374
-3237
-5438
-5486
-7357
-7014
-5820
-6021
-2942
205
1980
1673
587
-1599
-2333
-290
2152
2152
4017
3351
181
2033
2461
1499
-1462
-3404
-1386
-1429
-2353
-2185
-167
1152
-15
-759
434
3653
2654
6469
6012
4129
49
-2368
-212
-769
1006
473
1964
996
2539
762
-23
719
2107
631
-879
-861
-67
3632
1526
-26
-938
-203
-479
-720
-2068
-1816
-1883
-3930
-6415
-3667
-229
-1076
941
1901
2634
2501
3099
3876
5570
4540
444
-911
-3399
-1890
3265
5308
5754
3237
37
317
-1847
-3599
-2735
-2494
-527
-318
-345
-3021
-3341
-2417
-1737
1271
185
1128
2131
423
-1253
-583
-2328
-1682
-1899
-3413
-915
-1646
-804
83
65
280
254
-1210
-1731
-3916
-4475
-2712
178
2578
2514
1029
-2043
-1746
2227
4460
3254
3510
6
1262
477
684
3030
1349
486
1175
3871
2239
2061
2695
3132
1280
157
-675
-3445
-2574
-2754
-2212
-715
-2049
-333
83
968
-591
-2253
-3222
-3776
-1876
-683
-77
-573
483
1598
2012
-956
920
878
-1541
-2726
-2493
35
1970
5205
6956
6649
3148
-844
-2130
-2119
-1675
-880
-70
645
-691
-2435
-2179
-2595
-215
1465
494
4258
1600
-289
-53
612
2809
3222
4322
2198
2254
1247
155
-65
-85
-2164
-3680
-3398
-4616
-5960
-4885
-2046
-341
2272
2091
1888
846
885
-1470
-2929
2358
1100
-1277
2493
1730
-1835
-2190
-3288
-1000
185
1945
1481
473
3356
1907
1844
-194
-912
-57
662
445
837
-681
-4773
-3914
-1128
248
-1069
-1030
-2408
-1702
-1489
-201
-264
-880
181
2864
4708
718
453
2448
1011
-965
-1886
-3824
481
3149
2276
3618
6195
2412
-2044
-3460
-2017
-987
-2008
-1666
-1590
-1365
-5345
-5013
-1893
2392
4821
4759
1215
1324
815
-2508
-458
2355
4449
1646
-384
425
1934
596
65
127
-1262
232
-288
-1561
-2464
-1203
1481
3452
3419
2055
448
-2240
-1747
378
1643
360
289
1077
3398
2561
706
-128
1674
1787
-876
-522
-2014
-218
-239
467
-2376
-3637
-2793
-3457
-759
-275
-3053
-6303
-4651
-2996
-772
2033
-125
-2008
-246
-860
-1807
-2049
-1317
48
798
3280
2669
-1479
-2016
-2915
-1750
831
-2297
776
7216
6953
6337
4358
185
-1333
-3421
-4093
-1319
-751
-1869
-1448
-2483
-3311
-3287
-2578
-1348
2769
4647
2224
-597
233
2853
1147
3492
2010
1663
-144
-3495
-1963
-1296
-1034
-801
-606
-1150
-1821
-2783
-1521
-2530
509
1675
1352
3639
3206
2069
2004
1588
2169
3184
1727
1794
-23
828
991
-718
1111
1396
2110
1583
615
2636
1258
-614
29
-873
-1485
441
-610
500
836
-3546
-5702
-4274
-2821
-3069
-1839
-3730
-4000
-4388
-5144
-3243
-1914
-1723
-1058
143
279
-243
-52
-1295
-3539
-3388
-3482
-262
3062
2613
5085
4298
99
-1919
-4247
-3022
-267
627
-1461
-3284
-3662
-1376
-401
1058
1920
3562
4552
2112
-370
-177
2422
1502
2295
1875
2159
205
1311
826
520
3212
790
-560
585
167
-1170
-918
797
1086
389
1236
-305
-1491
-2996
-1445
-1303
432
3309
3132
3460
3385
1044
-185
1976
311
1874
4967
3674
4535
2102
983
-1229
-3209
-1419
-2896
684
-533
-1414
1412
-310
-206
-1346
-618
1708
-2695
-2188
-1931
-3545
-2829
-2793
-1097
2545
924
-1835
2002
51
-1116
-1438
-2236
-5444
-2700
-523
-2214
-3
2204
4973
472
-1180
-2935
-4992
-6356
-6150
-1963
-3530
-3332
-3497
-1729
404
-504
1570
2381
-248
1009
2879
2067
4681
2417
688
1402
271
-1669
904
1020
1825
4213
1253
513
-2141
-2215
-269
814
2656
3657
1668
-106
717
2036
3229
1404
2175
4491
2065
2848
2763
-529
-2191
-1066
240
-1094
1572
668
721
2117
473
2773
143
-2201
-3442
-2130
2032
2167
13
-1582
-2055
-1779
-1181
-1536
-2788
-4899
-2901
-1628
-1498
527
-94
725
1761
310
1578
2775
2522
1376
1027
-1399
-2921
-1180
-3077
-2465
379
816
3880
2931
4209
652
-2395
-2210
-5252
-676
-3477
-4570
-4038
-2709
-2103
-2916
-965
-540
-1490
-2143
-1981
-3038
-230
641
1432
1336
-1200
-1242
1450
3898
2757
1881
1170
879
-477
-170
1042
2260
2043
1473
1240
195
-1098
-826
3643
4444
8804
8215
8720
5358
1481
2124
-494
1765
2414
3347
119
-399
1814
1004
1833
2253
91
-808
-2301
-448
1582
1642
2048
1350
-1762
-2836
-1429
-5020
-7392
-7170
-5637
-4175
-821
2419
1404
2044
1008
-418
-301
-1784
461
-1027
-1068
-2609
-2250
362
-1388
537
1774
4500
4903
2824
1283
-2161
-4528
-3083
-1507
-1367
-2168
-51
1937
14
-1609
-115
907
23
-707
-388
6
-174
291
-1323
595
660
-1757
-2884
-1570
-1143
-2140
-1606
-2792
-2138
-1083
-140
-1795
-754
3173
2046
-632
-854
307
2214
2339
153
2573
5095
3399
2328
1195
2213
933
3973
5973
3061
3164
1360
3569
4161
2191
1338
861
91
1274
3210
2934
2469
2116
1199
-757
-2689
-3193
-3546
-5435
-5365
-3421
-3569
446
2168
1496
1914
-951
-111
-168
-1323
-4501
-4412
-5608
-8067
-3559
-1172
27
1461
2305
3445
1299
533
1226
-118
-533
-1884
-3079
-3453
-1898
-221
-1312
-2653
-1081
-238
1207
4521
978
-1113
414
1278
2793
1642
1790
1983
2460
2924
1322
-1131
-1546
-2903
-4250
-2927
-1154
1988
721
282
2012
882
736
204
-1173
243
-1514
-2822
-990
541
2433
2051
1335
-1970
-1136
1027
888
1840
-578
-650
1085
2259
1485
2768
3006
920
1238
4052
5788
4980
5539
2590
1633
-315
-2712
-2932
-4292
-5177
-2751
836
2323
3407
4164
4511
2802
1650
-351
53
-794
-4546
-4450
-4466
-1981
-1225
-177
1920
926
2731
-309
910
1312
-1406
-375
-3862
-4610
-3632
-2991
-5431
-4795
-1830
-1470
2106
1496
1679
360
63
295
-1645
2126
636
818
2756
2002
-225
-2708
-1494
1168
2061
1222
807
1067
4331
3330
-194
-712
-638
1448
890
195
975
-1566
135
2329
205
298
1322
397
639
616
2359
1310
969
711
-1965
-1198
-3002
-1234
-2478
-2301
-853
802
7
-579
1672
-478
1023
-190
1141
-2533
-4555
-2862
-3230
547
2081
4081
3524
3095
3111
-742
-1447
772
625
-3079
-4255
-676
-1085
1459
4294
3934
2804
1490
518
144
838
-618
-1933
-3230
-685
-3681
-4199
-3063
-4149
-5726
-6765
-3501
447
3952
948
718
127
-9
-2146
-1231
-1730
-2788
-1822
-2501
-1414
-3275
-2252
-135
1045
551
150
1343
2296
1173
1299
692
971
-136
-836
-713
2034
3450
2503
3063
1774
3396
2453
598
-772
-334
2356
3286
3255
2914
-665
-3509
-1206
2004
1932
133
-417
-1377
-357
1063
2275
2283
1267
-1748
-4614
-3381
-5216
-4235
-3528
-3131
772
909
-77
-2098
-3333
-1670
667
-96
-1064
-18
-2351
-1164
1134
2845
3184
3287
3617
1026
1410
723
3469
2608
2667
2833
-312
1054
-127
-3198
-3979
-4351
-3058
1029
360
4
505
1328
1272
-1439
-2960
-1401
-1621
-609
506
-802
-540
126
-263
-1545
-2659
-1676
1205
1326
1158
175
2528
3068
1796
-893
-3275
-3124
-3063
-906
2448
2277
3066
4323
1544
2011
1669
820
559
-161
516
928
-2167
-2402
-1769
566
642
1225
2777
3221
2018
-931
-97
-2406
-2628
-1615
-2195
-4056
-525
296
170
1671
-755
-1740
-4786
-5176
-3508
-3306
-2440
-1661
477
2411
426
363
191
-1100
1743
2831
-1578
-1541
-1249
-334
1331
2217
4292
2062
1163
-170
-951
-3568
-2878
-2018
-1043
1859
2147
3929
1213
454
-590
386
2614
918
-794
-926
1741
-2
-767
1423
375
-1794
-96
621
-715
-443
-661
2370
4900
2546
1170
94
-2193
-4447
-4721
-1535
-122
493
3182
3731
3418
2866
4569
5083
169
-1105
-1885
-4394
-5849
-3960
-3730
-793
1550
738
1828
1661
406
-2394
-2292
-3099
-3775
-2517
-433
264
999
-15
-1431
-2338
-1281
388
-1926
-2611
-1477
-2212
-4140
-3471
-67
2825
2091
813
1033
2153
434
507
1664
1498
1621
-583
164
1269
-94
1475
3870
436
-1373
564
-877
-2525
-3170
-2145
-2084
-1130
-26
-1380
529
-1272
417
2881
-1399
1484
1283
-614
1306
338
1305
2065
1735
-128
-1936
-149
418
1174
3816
3263
1986
1555
-596
-1451
-1178
-1034
1973
2449
3573
5562
5673
4945
2360
-6
-2725
-2585
-3145
-1791
-2141
-2110
-1562
554
3459
2034
658
-1599
-2617
-3995
-3881
693
5335
4091
1813
-3328
-4292
-4257
-5639
-5931
-5527
-2673
-2815
-2428
-1845
-1732
-2998
-2122
883
-846
-1242
676
-1513
-1634
-92
943
3033
4738
3095
784
-862
-295
514
1836
375
56
1528
625
1328
-125
21
770
932
274
-285
-133
210
1428
2405
3300
2206
-627
1749
891
-4
1707
343
1297
2323
681
-2119
-1328
1023
3056
1829
624
-1677
-1842
326
119
1007
1193
1691
3737
5241
3958
3879
2380
-403
-1184
-1916
-1493
177
-970
-1523
-379
-800
959
2677
1103
45
-1208
-4172
-3809
-632
1455
2048
772
-274
-1075
-1216
-1829
-3254
-4871
-7701
-3699
-3606
-3717
-2666
-3107
-2347
-2510
2205
1430
1560
1688
-2913
-5913
-3255
183
-345
94
-16
-8
-303
707
2038
136
-1656
-2777
-3192
-1586
334
12
1345
541
-208
1054
2443
2884
1270
1962
3231
5272
609
829
1830
1244
1866
3105
6490
4380
2847
2925
1484
-1923
239
726
2278
3809
2862
1544
440
1052
-791
422
-281
457
3644
3424
3413
642
-1129
-1583
-3921
-3134
-3615
-3721
-1231
-1785
-2305
588
4918
4713
5092
1830
-5282
-6243
-5099
-2080
477
3017
2060
2812
2792
-411
-2343
-5208
-5526
-3487
-2077
-2628
-1627
-1710
-3835
-2955
853
2804
3545
727
-2308
-3680
-3163
-1082
491
878
-469
400
1376
2175
172
-1211
-2649
-1339
-1559
-206
1331
-1662
-891
-2578
-3690
-2775
-1697
-3375
29
1253
-790
1882
1653
-2850
-456
4236
3179
3485
2759
2823
3851
4113
3560
2799
3235
3806
1183
-928
-56
2379
3226
3935
2876
2422
2104
2504
5390
7350
6197
1685
-1281
-2559
-2811
-755
-64
-922
-476
940
1717
-703
827
-1155
-2522
-5724
-6122
-3514
-2579
1050
1992
1853
-806
226
-1140
-1452
-2626
-4738
-4110
-3143
-2716
-1969
-1820
-2468
-2080
-3459
-746
-523
-278
1976
891
-1726
-1900
733
254
1447
1740
3248
3941
83
-490
-3764
-5133
-4001
-2809
-2310
443
783
-1777
-2236
-118
830
-2663
-472
-2398
-3314
-454
1264
-263
-1068
435
699
1863
1097
875
2078
3205
1558
762
1293
456
812
302
-1748
-790
1227
1260
1469
3460
5669
6781
6140
6727
4489
3420
3442
398
318
488
-1288
-2070
-204
3040
5768
6572
5853
2048
463
-1302
-3817
-5147
-5334
-1291
1934
1253
340
2329
829
599
-2790
-8094
-9042
-9838
-5729
-3530
-1891
-682
79
-684
-2361
-1615
-1856
-1233
-3582
-5859
-3033
-1249
-809
1612
2324
2729
4233
3626
913
652
-545
-2294
244
-762
-788
1360
-944
-2400
-785
3107
41
-2137
-386
-1895
997
1927
2111
1297
-482
-164
-436
636
151
1465
3592
3000
1137
1091
828
-357
590
352
363
-192
-1534
-402
344
3134
5891
3702
3382
1447
1503
2805
41
-641
991
835
-1277
-2192
-1966
982
3128
3311
2917
2698
2649
391
370
1888
2457
2312
2236
2666
1481
1879
-218
-283
0
-1193
-1818
-4439
-4358
-5406
-3918
-2665
-2672
-2533
-4265
-930
803
127
2642
-68
-2588
-2806
-5160
-4114
-2213
-608
1176
2027
1681
-242
-1483
-1891
-3107
-4363
-5155
-4389
-3904
-1662
1061
2394
2233
2114
969
-506
1020
359
1977
-1276
-1412
407
2738
2140
449
3260
882
1763
2565
3563
-49
2435
2169
-2247
-2891
-4033
-1513
-218
181
698
4540
3217
2491
2565
121
930
1340
147
1510
1379
-1656
-332
-1153
-1984
-1554
-1708
-131
-371
1392
920
-425
985
1667
3585
2362
862
-946
-2201
-3005
-2148
-14
218
1155
1595
3077
886
-475
839
189
-1434
-1106
1079
714
1806
3145
1266
2181
1314
-1593
-635
339
-660
-1174
-529
-1490
234
349
-259
1434
-3095
-4874
-2896
-3191
-587
-807
-2647
-2617
-3051
-3620
-1627
779
-40
214
-730
-813
-632
3081
3403
1295
1751
750
3625
3948
2687
1898
2756
213
-1453
852
208
54
2711
3692
3732
3659
1422
2682
2420
1363
480
-1056
-167
767
190
-1417
-743
-705
878
2162
345
-2599
-5102
-2013
-3816
-5132
-799
2394
4675
3440
1672
2040
238
-3010
-3624
-4380
-2457
-1438
-1201
-1797
-3086
-1226
-296
-1145
-1809
-1753
-826
-41
583
1838
3369
4644
2873
3294
3668
2511
1586
2971
1776
-1871
1250
-299
-2635
-1451
-1535
-1479
-2039
86
153
-1728
-1479
2057
1380
-3485
-4015
731
577
-1449
927
-1183
189
3738
1698
-4186
-2173
-785
-2783
-2285
1504
2411
1119
671
-651
1645
1256
1532
781
685
-640
173
-221
3328
4604
818
1973
964
-377
-471
2773
1115
-262
3041
4761
1631
-2453
-3438
-3655
-5177
-5357
-2747
-453
3011
5450
2310
-1082
900
-2723
-6673
-5305
-4649
-2109
-3549
-2993
-2224
-3387
-706
-2923
-3313
-858
1074
919
327
-293
-92
1507
596
1689
896
603
2118
2425
1713
1790
2349
2486
2303
1361
1059
-2197
-3253
136
-2640
-827
2403
2554
1978
2505
3035
-1120
3746
2871
-288
-1981
-1610
1787
2010
2125
966
667
-1494
-938
1300
3861
2149
-376
-1562
-2199
-993
-49
1746
1241
506
-728
-1786
-27
1763
1806
-547
106
-1333
-2510
-890
-2467
749
1695
225
-225
-1256
-1020
849
-277
-1771
1338
1884
1240
5136
3544
1437
2394
-2983
-5226
-3563
-882
-2162
-3308
-4701
-3504
-158
280
1216
-4108
-4605
240
-271
137
1418
1958
-2217
-1451
2335
-1215
-8
2908
508
-3359
-1791
-2217
-227
5157
4709
2705
255
-2496
-2450
-1105
-1601
-423
847
2739
2459
-538
335
2915
4156
1867
951
-675
404
3574
4351
4438
98
563
-68
308
2278
2398
3926
2716
1834
-43
203
1011
-1111
555
1624
2768
588
-189
1888
-337
-1818
-809
2247
-406
-2402
-599
3992
105
-4500
-2073
-1868
-3301
-2560
-2036
-3993
-3621
-1859
1651
1211
1070
-825
-389
139
-2507
-2966
-3758
-3566
-3647
-4284
-2330
126
932
-864
-4019
-3527
-611
2042
473
-1128
-1699
-1329
1080
1503
1156
474
2238
2006
-197
1446
1257
545
-485
-648
-3252
-5457
-2636
-2574
-2498
-1463
656
-187
-1537
63
266
3559
4389
3039
1811
1196
1722
3131
2362
1918
1961
-1314
2489
3777
3658
4164
3268
4435
3890
4068
3234
1612
-321
-1
-203
1381
4536
1209
340
-297
-109
-739
-944
2222
-979
-2979
-1070
260
170
271
292
157
1919
1057
1489
2194
-4051
-1043
1423
-1491
-1340
-4961
-4320
-2734
-5869
-5919
-2409
-3159
-1738
-1599
-2902
-3646
-3166
-2552
-4357
-1769
-2733
-2782
108
-964
-1202
-915
-200
1463
13
-253
569
2781
4372
2758
1158
896
-455
610
-486
-2757
2720
1405
-1416
-2846
-3449
-2257
-962
32
-200
434
-548
1993
2183
1776
2595
3772
3834
1792
2822
3902
2489
645
3294
2507
-1376
-1337
1879
4428
5032
5331
3237
2773
892
-717
2202
-85
-1405
3032
5244
2266
1321
1935
-2810
-3597
-2838
-513
-1608
-2308
-1081
-1269
3643
2219
3726
4178
-377
-2283
-1893
-1703
-2157
-1900
-3692
-2902
-3107
-4198
-2523
-645
-1278
-5299
-3199
-709
-5053
-3236
-3981
-3827
-1162
1153
-777
-819
2350
-1752
-1306
740
1524
-1346
1074
-729
-3704
-1461
-2572
-1996
-1284
-1949
-1712
1509
397
-625
-1695
-1314
428
55
692
880
1334
2428
2380
4668
2955
837
2333
1941
14
-603
3185
2982
2221
334
73
3072
2815
3872
5143
2546
2129
4434
5113
3954
1408
-1794
-1798
-2348
-2336
2176
1596
378
513
-2092
-3061
693
4345
2423
880
842
-1059
769
4213
1387
-868
1631
825
-2969
-5927
-3015
-2182
-2771
-2902
-4790
-4611
-1993
-901
-1109
113
-2737
-1924
-3403
-4389
-1180
-1462
-1045
-136
-3799
-3611
-1261
-872
1736
2311
1982
1601
1014
2200
1758
-531
-1527
-1491
2057
-376
-1342
1105
-996
-2585
-2483
-2485
-2712
-3413
-2405
-3844
-4038
-2990
-2221
2317
3526
5130
4701
4795
1826
896
2196
3149
2556
569
1743
1552
3219
2263
521
-522
7
1180
2419
5513
7198
5091
1315
1164
340
498
1400
-1134
131
1423
975
834
266
-915
-513
665
-1508
1045
4473
3427
435
1035
3038
-666
-1806
-2010
-3946
-2424
-2572
-3835
-3287
-3486
-2413
-4224
-5262
-5565
-4943
-4075
-4321
-4130
-2914
1010
2501
2520
1007
-774
-2388
-1386
939
2689
2701
1546
-1452
-291
1262
-127
442
965
2067
-637
467
-91
-1342
-1351
-3137
-690
2384
1542
-215
-686
-1599
1294
2185
720
3004
3298
2095
2436
-122
-978
-80
1093
1353
334
-629
-2133
-2545
-567
873
3652
2105
-619
2481
1093
548
2768
1582
-1375
75
-2772
-1728
-260
63
-746
-1364
3075
844
3624
3458
1784
2829
2481
4939
6265
2556
253
-3375
-4698
-3290
-5724
-3859
-1609
1336
-1224
-4605
-1728
-1207
-802
-240
-923
-2705
-3595
-1681
-4674
-5527
-2923
537
1321
-473
330
-326
-2289
-5649
-2304
-746
-1000
-577
-274
2924
4952
2180
255
1368
1497
-431
-1832
-1557
-4351
-2227
-3282
-2172
924
-1472
1357
3786
5363
4160
4370
6663
1975
4055
5815
4661
5365
-209
-970
39
-1334
-785
-937
895
1728
1810
2525
1691
2293
114
-613
358
-361
-235
371
-3464
-4256
-2212
-3965
-2625
-3928
-1801
836
-69
748
-1593
-1181
3633
2156
2132
4907
2564
-838
-1571
-5135
-2697
2439
1484
25
-2328
-3158
-4146
-748
-2397
-1262
-449
-2406
-2376
-1046
-736
-840
1074
1187
3150
2901
1137
1873
1345
-4316
-3026
125
863
-1437
286
174
-775
-709
-3289
-1304
-283
-3362
-1514
1130
-3287
-4425
-3848
-458
-247
228
-891
-1075
1101
3739
4170
4584
2233
929
6683
2982
1310
2245
3467
3438
-963
99
3295
1539
2293
3314
6690
6236
2598
-41
-1050
799
439
-151
-2695
-596
-1343
962
432
-2749
-941
-2271
1436
1851
-469
1102
-1035
616
-52
-1415
582
-4238
-5490
-6324
-5820
-6760
-7159
-1773
-309
-2196
-1143
-929
-364
-1590
-5834
-1424
-2765
-3245
477
824
-531
-3247
-2626
811
-370
-504
2765
-1166
-1123
860
2808
2968
2786
3406
3492
3565
-225
945
-842
-1915
-1532
-2601
141
-1426
-4031
-4480
-2652
-3109
-3170
-977
1374
1851
3664
4366
5041
7435
2263
241
770
-1760
-3591
-2730
-1746
-2633
-2784
914
3431
3017
3856
6576
6015
4494
4644
2553
17
360
1614
472
731
-1080
-461
-1469
-3486
667
2002
-46
2118
1283
764
2890
3714
3955
416
579
-917
-2059
-1443
-3779
-4170
-4226
-3733
-1935
-5667
-4785
-1676
-4429
-8443
-9209
-7030
-2370
-864
-2156
-317
-191
-279
-3014
-1950
-3340
-1018
1436
-604
-2399
-3403
-239
703
-1713
-2256
1495
324
2322
2702
298
1595
371
-2290
806
2084
1148
822
994
1045
-1978
178
2924
5097
6336
7152
3331
2437
4864
3950
1535
70
3927
612
-1595
-1055
-1587
710
2158
3206
1781
1508
1422
1025
-1476
-2468
-2367
-3435
-355
1637
2254
222
-1895
-2033
-513
473
2340
4560
2234
-350
121
2491
1131
1517
767
-2626
-3028
-3303
-1286
-937
-1756
1850
758
-426
-593
-579
-1733
-4333
-2917
-4811
-3642
-594
1219
-819
-1540
-2163
-2294
-2881
-3686
-3228
-3876
-1802
-293
1159
-798
-456
-473
401
-961
-2044
-1707
-844
-1513
-2723
-184
-3592
-5749
-6492
-4959
-1602
363
283
1236
2399
3691
4962
4313
4621
2676
3520
4640
4468
6103
5549
680
1061
2305
-586
-2094
-628
2783
2270
4459
6940
6768
6796
3349
404
3320
944
-1257
-2191
-2591
-781
-918
-1561
-6500
-6793
-2839
-2627
-1290
798
-549
-240
1611
3362
627
-442
-2619
-3712
-3909
-3225
-439
377
174
-2476
-1536
420
-1709
-4207
-4527
-5751
-2970
-1593
852
1289
1972
1954
3092
3555
1014
975
-448
-50
-2162
-116
1365
662
-1073
-3083
-2098
222
2027
1721
307
-41
-1325
-2873
-632
-3464
-4312
-4223
-5838
-3843
-3132
-3408
-1315
1245
344
2680
3670
2053
133
674
3557
1769
1980
1812
1153
1833
1383
-227
-2243
1828
5110
5833
7465
5694
4330
3525
668
1113
2488
-757
-955
-28
-272
3040
5722
3796
2604
4346
5536
3399
1828
-400
-2353
-1198
-1702
-881
-331
-1751
-2901
-3894
-4885
-3803
-2734
-1546
-3145
-2016
-1
-1313
-1485
-94
532
-3345
-3324
-5212
-5038
-3119
-3140
-583
950
2889
2696
2890
1904
-1580
-2724
-1044
1479
2135
702
1560
3392
1916
958
1640
-939
-1544
-2990
-3229
-1396
-3290
-647
-1204
-1208
2512
1175
-557
3551
3475
-535
2146
2225
2595
2850
2444
3031
-300
990
46
-430
-1699
-4346
-2523
-1316
-189
33
3988
6413
4716
2060
95
-1412
1341
1224
-1709
-339
104
-384
-392
-32
1806
4322
3620
2138
1709
-944
1197
5547
4821
810
-2816
-883
-129
222
2331
1497
293
1072
210
325
-3256
-4248
-2583
-2724
-1023
-2682
-4586
-3303
-1137
-3411
-4291
-3181
-2586
1382
3293
1844
508
-2676
-4735
-2848
-2220
-1079
-1399
-3134
-1084
13
-1396
-919
472
-848
1266
175
-1612
-127
-1300
-1338
-1091
-1057
1403
3503
2923
3119
2095
1463
4254
3925
5053
4230
2747
4663
4698
5160
4183
3122
-1434
-1450
377
-2570
-1940
1692
1436
1941
1687
583
946
-679
-1187
-2600
-2806
-3354
-982
-1369
-3379
169
591
2319
4037
1786
-988
-3122
-3036
-2129
-2563
-2637
-3110
-2820
-189
2370
4531
2632
1443
373
2337
244
-1716
179
-1263
1971
2223
1668
-574
-614
-79
814
2538
2842
4265
3943
2174
-230
246
-2779
-4586
-3600
-3995
-1945
-661
-2014
-2137
-4534
-3475
-1153
-708
-2388
-2437
-1647
-5503
-4262
-1883
-1854
-3935
-1471
1010
2706
3327
2298
3369
3838
5580
1583
-269
2221
-213
3098
4315
3859
4480
1738
2980
4565
4329
35
-940
-411
2922
4487
3535
4799
2846
2492
531
1488
-772
-1950
-464
-5294
-4748
-2956
-2165
418
1855
2210
2334
-960
151
-2047
-5960
-5467
-3919
-35
-211
1150
-2183
-3491
-2344
-4161
-5176
-4347
-3358
-2302
494
1706
3272
1516
-1242
1459
3310
3607
2878
2506
3385
1834
1029
1043
-1412
-3020
-3308
-451
2826
1403
3044
1681
-100
223
2168
1991
-532
-4224
-5817
-4658
-4155
-3869
-6883
-5354
-3195
-1993
1525
204
25
1809
1455
2536
-519
-590
-1186
573
2917
3245
4415
3711
1186
2664
3579
-1884
-1222
-2334
-1469
36
498
3316
3842
3532
3329
2892
2876
1631
1722
3583
3455
1203
474
3777
1683
1599
3238
1025
-1611
-2975
-1659
-1495
-1051
-3673
-2638
-999
-762
-461
-2021
10
-1148
-1589
-1859
-5071
-5674
-3635
-986
2857
1075
668
-1131
-5448
-5066
-5292
-749
2090
3002
4391
2148
-2783
-2671
-2414
-2946
-3071
-1572
-922
1254
2401
1724
2896
-339
-717
-2569
-1928
-2952
-2239
-1161
1621
2731
2777
6002
5892
5390
3611
4296
2403
1680
-1201
-2042
-1383
-2418
-1286
-246
-127
2318
3844
930
571
-24
-556
950
-267
-1155
258
-419
1326
1010
588
1823
1508
45
-1809
-2059
-3151
-2808
-860
2293
3559
3591
3104
973
-721
-2071
-414
85
693
1801
598
607
791
467
-360
-1519
-2627
-1325
-2453
-402
1481
3435
3694
94
420
313
1160
318
-492
-2188
-3092
-4368
-1551
-100
-1093
-2208
-5478
-6523
-4085
-401
-920
188
694
-1142
-2117
-734
-2033
-3473
-4571
-5132
-3567
-2264
-2686
-2288
-847
1130
2703
2492
4915
6172
4801
2049
3076
2532
891
2708
1550
147
2224
5550
5174
5876
7784
4518
504
-2168
-1572
-1576
-1569
-673
-781
-1960
-1369
161
-185
1678
1376
51
-1780
-1345
-1237
-194
1545
188
-1600
-3369
-3494
-3323
-4185
-2021
-960
-529
-262
-1072
-715
-3867
-507
2553
1797
918
1236
-113
-3752
-913
5364
6272
2961
2929
3738
4153
5090
3132
-702
-1256
-1609
-774
-872
1727
650
-2164
-80
-1098
-1301
-2018
-871
-3240
-4026
-4780
-6050
-3721
-5126
-4524
-4384
-4999
-5909
-3256
-876
367
2983
2960
2617
2638
785
-358
203
731
-921
-2318
-800
-2145
-822
119
1405
4857
6724
6975
4491
3235
2546
3361
424
817
3663
3700
3329
836
4040
3515
3300
1138
2768
3208
-159
1535
2571
3345
-337
-1307
-1144
-2081
-5429
-6020
-4651
-2473
-1582
-1385
-3600
-3516
-3236
-4119
-690
-2314
-2642
-145
-743
-1524
-499
256
647
3974
1651
895
2563
-464
-792
-1227
1653
-2458
-612
566
-293
223
593
3201
1089
1665
2807
4452
2635
1318
-270
-3984
-5563
-4410
-3704
-3003
-1529
401
-52
1268
-411
1171
4664
3410
-512
-928
-765
-2215
-1434
-4339
-3446
-1354
-1999
-1795
2046
1655
1469
3809
3450
1361
2227
-215
-1690
-2480
-1898
463
895
940
-297
1346
4248
4617
2608
3257
3089
3070
624
-462
391
3675
1379
-1729
-91
1187
885
-2096
-1280
2470
1266
1059
5227
2060
-1783
-2116
-3468
-4628
-3270
-3947
-4710
-2592
-466
-3568
-2350
1931
3214
2334
3462
1889
-1299
-1984
-3458
-894
-2896
-3202
-2579
-3416
-1547
-1516
-3347
-1439
-1642
-695
-1281
-1535
-1501
-2000
-151
-1979
2565
3645
1964
3689
4566
7564
7482
3881
5052
3212
1643
956
-1737
-1781
-3015
-1606
1238
2098
3441
4105
2922
2693
2728
635
-2182
-1908
-2793
-2209
-2096
-5358
-3267
-386
528
2675
-680
-1109
1211
325
1411
917
262
-1479
393
772
250
-1337
-4006
-5439
-4800
-2044
-3863
-651
3033
2222
1411
2767
1686
-898
-1635
-2304
1062
3710
3417
3087
2888
4535
3775
4334
4197
697
1993
3479
1654
957
86
-2612
-4230
-4308
-3012
-3476
-4771
-3618
-2879
-2279
-2538
-3389
-2553
-3009
-3203
-1959
-1080
-3455
-3343
-1573
141
1083
419
1098
1657
2641
423
-1008
973
2913
1542
192
350
-1133
-1276
1606
5198
8041
9001
7904
6076
3803
4108
3252
-2092
-2241
-132
-4019
-3755
1313
1984
4293
4023
1691
1775
1573
1159
526
744
-2029
-3266
-2660
-5122
-6076
-5539
-4123
-2813
-3739
-2060
-3024
-1494
-2937
-2599
1420
-1997
-3042
-2989
-2488
-1998
-65
-317
-32
1870
-1583
448
5158
4098
2570
3520
6198
5025
4485
3043
-223
-2686
-2362
1001
906
1426
2764
1819
1315
-48
-2312
-3445
-6218
-4609
-2413
-2370
-247
-2374
-3173
-2372
-2273
-1325
-1118
746
1206
1347
-314
-1091
-1831
-466
-431
-4605
-3910
-1803
-548
-91
201
-323
3328
5050
3158
3341
1587
1792
1949
-328
-2208
-2130
-962
-212
3485
5644
7596
6531
6879
8170
5144
3940
2131
1569
277
472
-777
-3477
-3878
-2654
-1978
-1419
-1375
-2455
-1586
-2473
-2706
-1135
-1641
-5968
-6524
-5732
-4146
-1546
-1600
633
165
505
298
209
1272
952
-191
1282
2737
418
2197
-269
-3073
-4621
-5693
-4162
-3010
-2255
3094
4670
586
251
-3171
-4337
-4121
-1528
-1076
366
1098
2290
3663
3257
5394
5283
4865
3293
3575
-448
-1779
-484
-353
242
-1391
-2406
-3325
-2543
-803
-2671
-678
4105
3852
1469
-1065
-1697
-2215
-1914
-2063
-2296
392
251
-83
2125
2795
3439
3108
3406
3049
1816
-597
-913
802
1033
1161
-1639
-2124
-2446
-1020
1323
2979
2303
1892
2198
1072
1323
275
2459
1562
-1580
-5219
-3738
-1678
394
2657
1681
144
1716
4052
1441
1600
576
-1192
-1179
-1211
-3591
-4762
-4017
-6350
-4921
-2204
-2402
-2032
-2688
-709
-2385
-1456
-2390
-4727
-5945
-5287
-2917
-2998
686
1139
1136
-810
1171
3807
3814
3793
2108
2691
1879
818
195
-337
1049
2050
1068
-1422
-210
1096
5169
5796
6167
4795
2027
1368
-5320
-1934
-365
-2158
-1031
445
537
-81
1804
1828
-176
1572
1931
-630
-1624
-3234
-4129
-977
1691
651
-459
-2566
-2393
-3768
-1882
-2068
-2038
-948
-79
2091
1768
813
-1065
-865
-1878
-2649
-917
3278
5330
5286
7273
6219
5066
4146
1616
3227
1920
1311
1089
433
496
-1189
-1811
-3629
-3467
-2502
-3463
-2215
-649
-2532
-2596
-2784
-4666
-6629
-9102
-5942
-4871
-3000
-244
-1210
1254
1047
206
916
1688
-714
-1970
-740
-395
-1192
646
1370
-949
-412
-3783
-4232
807
2427
2708
1435
2093
1445
1359
3200
2035
3146
3831
2614
336
4511
4986
3423
4788
5251
3773
2230
212
-624
2191
-426
-738
1158
616
-1753
-1377
-1792
-3369
-3269
-5130
-6616
-2546
1115
-1152
-2248
-1336
-2286
-491
333
-907
-1829
-1269
554
3234
4089
4153
4838
1654
375
-549
892
988
-1394
-785
2566
2658
2908
1702
1342
374
-1656
-3937
-3707
-377
-3906
-914
725
-1349
-1363
-1013
-26
-863
-1118
416
479
1616
3776
1431
-2708
-1740
-3713
-5617
-3990
-2920
1419
790
-829
-1538
-2488
-2647
-879
157
1547
-220
-3186
-3729
-3194
1631
1572
605
1138
954
582
722
2315
3072
3071
3824
3242
718
908
2748
4238
3632
2800
2311
1150
1648
-1757
-2629
421
-1765
-956
-1147
-1975
-253
-266
192
-147
802
-400
-1846
-3018
-2364
-2187
-556
1387
2030
4389
2192
1949
-3005
-3686
-558
-2281
-4129
-2904
430
-1836
2797
2837
2976
2801
-4661
-5816
-5818
-5758
-3426
574
-3748
-1134
1402
2632
4611
3257
3540
522
2173
2085
4308
4261
3806
913
-2473
-384
648
165
-1928
-102
2551
2155
-390
805
949
-1128
-1272
-2609
-3947
-5786
-5036
-3166
-1507
-586
-2360
-891
2461
4215
1768
2517
4104
407
-507
66
-1106
-642
-344
-2074
-569
-1497
-419
1513
665
302
-1090
-2431
-3238
-3031
-1402
-219
40
666
2646
5912
5594
5203
3774
1889
-944
1653
1745
2108
3581
2423
4580
3310
1631
-367
902
-4785
-2578
-989
-2761
-639
-465
810
-1399
-2230
-6095
-1722
-4897
-7773
-4927
-5349
-4186
-2140
3223
2770
1889
2398
3140
833
1137
-9
457
1509
41
-867
-2743
4
-166
781
3946
4586
2171
1368
466
1879
2783
2471
1722
-229
-383
-3982
-3404
-3954
-1043
1345
2628
4843
3996
4345
2930
973
-911
-552
-3202
-3345
-2826
316
245
-4801
-4185
-3027
-1089
-247
-1510
-1940
-766
-3171
-2555
-995
-1053
182
-655
-1024
-372
1580
636
508
-350
1677
3105
1880
1476
-55
2603
3658
4745
2222
1887
3050
268
-1982
-211
1770
-196
2045
1039
-2852
-2986
-2099
-3634
-4225
-3474
-4482
-3873
-4107
-1742
-538
-681
946
1130
2847
1145
-789
-925
154
-1980
-2434
-2918
-3630
-1490
-1232
701
-402
-952
595
3623
3010
1147
245
-1131
317
564
413
858
572
1080
2262
2256
1306
3759
4190
4306
6316
3716
1306
1607
4007
1694
-210
-152
-703
405
-2036
-1394
-66
-1075
-261
-368
-1606
-2797
-4036
-5856
-4632
-2818
-370
-1687
-2383
-221
-25
1081
1192
988
-432
915
2611
281
1204
3004
1509
-207
1821
2507
-596
-1662
-4207
-4129
-2510
-1674
-1040
755
68
-341
-222
-536
-1656
1764
2194
-3247
-1734
1046
3052
1980
2603
1098
1934
2004
1264
-1949
-4977
-4359
-2074
-467
107
-155
-1251
-485
-3149
93
695
1842
904
-1353
-2190
-2083
-116
-4029
-3905
-1244
68
9
392
1290
1143
3265
5823
6260
2787
161
2900
4025
3603
1796
685
2364
395
-816
998
-955
-735
1216
1002
770
394
-852
-2142
-1070
-3348
-3596
-2675
-3052
1959
5558
4517
3470
602
-2798
-536
138
-1074
-2073
-416
425
-174
2636
2183
395
-3390
-5865
-5288
-3668
-2897
-1343
1629
395
-1757
141
-142
-1111
-1170
-960
-762
-1663
-1855
-1676
-1240
-691
2319
3163
5542
4158
-1133
-3163
-3464
-2948
1118
1723
577
2074
-809
-1966
-1754
-1816
-652
1077
-397
-2023
-661
-2858
-3431
-961
-667
-1202
-4767
-806
1788
1780
5062
3008
424
1178
3825
1043
1007
2963
-501
-1490
60
-905
-865
1038
1793
-528
-487
1185
173
1326
1134
2379
2246
1022
1088
490
2787
3475
3719
3483
4258
3451
2204
2200
442
260
-613
-146
-389
-1691
1
1522
1836
2932
738
-4038
-5519
-4965
-3573
-1417
-1443
-3179
-2085
-3670
-4490
-2228
-487
76
-818
-2586
-3069
-1451
1460
2963
1823
2320
788
-488
-2493
-2618
-3753
-732
1174
693
-966
-1017
-2899
-6264
1404
2532
2226
379
1475
-63
-1826
139
1012
1326
1859
620
-4002
-1687
-1732
249
4473
3643
695
1206
2205
3355
4394
2141
-779
-3768
-1436
-2
652
1335
331
-1831
-4154
-1535
543
806
-3355
-911
-1154
-2770
50
2746
5306
2752
5344
966
-2331
314
3262
3092
2306
6813
6564
2236
1472
1493
102
631
-36
-275
1061
1477
640
1063
625
-1434
-3699
-2589
-3499
-3813
-4127
-2924
1771
-498
-2782
-2583
-2038
-3079
-1142
1587
1289
-1428
-2750
-1328
-1184
-853
252
426
-1145
216
-1534
-3928
-3384
-2714
-1549
-13
433
-1910
-1576
-755
-775
22
1682
1570
1383
2266
317
2505
4301
1678
268
1214
1184
1099
2325
1884
-337
-1954
1622
537
-1797
-313
2236
150
-3378
-1160
-56
-841
-1601
-775
-2321
-3246
-4144
-1314
1431
1982
3285
1521
1342
867
1624
3432
2478
3614
1744
427
3282
973
0
3264
2926
-27
-358
354
1196
-484
277
1570
144
-960
2183
2851
256
1702
1112
1774
2659
4099
4802
1357
-499
-57
-1417
-3809
-1958
-725
-5685
-3648
-1671
-2900
-340
1321
149
-2748
-194
-3485
-4438
-2407
-5667
-1155
-220
-2716
158
-419
-625
209
-1415
-1779
-430
206
655
3080
2392
-376
-1170
-532
-458
2058
3087
931
1901
3171
3018
1188
-1421
45
-298
-1954
769
1063
1227
-491
-972
-771
-2471
-472
710
1063
-910
-1076
1483
691
-502
-447
1812
4283
3065
-802
-959
-691
-787
722
277
2093
1813
-511
-2277
-1419
-1512
167
1294
-268
500
110
810
-1425
1076
153
-322
-1210
-868
3222
2301
2430
762
1371
1873
1464
-1683
-1795
337
1556
1666
1968
762
1881
1816
-278
-5
-3376
-3389
-5480
-6332
-3934
-2978
-1298
-913
-811
-371
-68
-1186
-1480
1116
1056
113
-660
-1391
-2347
-1128
-800
1415
2212
556
1461
2921
3331
-1342
2097
3864
-342
-2601
-1244
-1135
-786
-285
-1762
-935
-3244
-1640
-557
2926
3987
1238
3475
1939
666
2354
3914
4502
2755
-528
369
2285
-855
-2792
-454
-1547
-3418
-5504
-7394
-3169
-771
1896
2033
-811
-3723
-2394
549
996
716
-950
659
761
0
1282
1585
-911
1033
2047
321
-90
32
-2616
-1210
1730
1108
1197
1771
3458
2459
3264
1606
2449
1920
184
-2184
-4566
-2834
-1891
226
751
3781
4990
4407
4036
3375
3127
800
-1449
634
883
-3797
-3600
-3521
-1922
-1656
-2335
-1810
-535
1513
-383
563
-874
-3258
-2751
-2609
-3412
-853
482
1031
0
-1454
836
-305
1911
2038
807
1371
-837
-1268
-1380
-1000
443
1489
1167
2942
4795
1676
2604
2717
1579
238
-1387
-460
505
1631
1513
1489
-2064
-2500
-2901
-3855
-1497
739
-163
-3542
-3704
-1454
1904
726
-562
-2851
-3788
-392
-901
341
1311
247
-115
-1345
-3265
121
2035
1941
3849
1255
1854
15
-2171
-2167
-2450
-945
1424
1872
2413
3983
3744
2715
1809
3054
567
138
1346
-1509
-805
1423
1472
1566
1762
3792
3853
4163
4786
3807
2268
-1439
-3302
-4374
-6103
-1173
-472
-4631
-4991
-4082
-2175
-2088
437
-1068
-2833
49
712
-432
-1657
-1580
1497
1796
2133
6853
7218
2946
1341
-184
-1602
-79
-371
-1660
-1612
-2253
-2614
-1126
366
2320
2287
2253
599
-2137
-1971
-213
433
1055
1311
978
1405
1463
-99
-2415
-1670
-2964
-3246
-796
-294
-2135
-4454
-4288
-1112
-1072
-1871
-251
-1316
-1906
-4203
-3936
-902
-1280
-3998
-4188
-2100
-1401
-461
1764
3359
4712
4936
4387
5634
3591
3364
3101
-567
-1716
1059
1627
3241
3827
1329
1607
1813
1460
-965
-1095
-1946
-1265
1280
2450
2493
2799
1883
310
4380
4201
-767
-1110
-734
-895
-981
-3523
-3566
-1132
-783
-2859
763
2047
1283
1277
-958
-773
-3303
-2463
-2076
-3328
-2354
-2960
-2341
-2651
-1087
3861
4717
724
-1074
505
-625
-298
-1993
-907
-150
-703
1700
4527
2649
-1853
746
-1502
-1423
-1293
-808
-899
-2521
572
1043
652
1398
-1542
-1194
-1605
-2683
2163
-883
-3183
-2888
-1476
-443
-1276
211
-613
-1579
-1372
-1679
-436
664
-217
-660
-1880
-2034
-1141
-151
3276
4233
3290
1609
2008
4646
3365
3440
2726
784
-269
-1743
-269
1815
2600
1193
1655
3420
1665
1171
-557
-929
1954
145
-881
568
-628
-1813
2267
6920
5503
3932
2832
-1
-2855
-2401
-4214
-5904
-3498
-2585
-2866
-2634
-1489
1730
3894
1609
1075
-2104
-3980
-3657
-4013
-4269
-4541
-4192
-2284
3037
2926
774
239
-245
303
281
2055
1885
675
2749
2602
-553
-2112
-1296
-1906
-1762
-1574
-1220
-2481
-1898
-617
-2333
-914
685
1782
-1088
-915
1923
471
1373
1346
-426
344
-1419
-2266
-1203
-2828
-3454
-1468
1273
265
-1850
-3371
-2978
-1108
53
968
1197
-1731
-2265
349
-384
838
734
1289
1094
1019
1659
551
2432
961
688
1466
1549
2313
1756
4690
8830
10092
7373
1571
-1781
-1348
-1239
-2336
-3288
-3445
-2729
-945
476
935
843
2448
3489
318
296
-934
-4240
-2819
-1790
-1465
-990
796
1546
-1006
-2176
-1268
-3452
-4955
-3012
-2574
-2704
-1861
-2206
-2298
-2820
-1983
487
-211
600
1205
1421
914
645
292
759
115
-199
-1055
-2236
-88
-196
641
3653
5364
153
-2057
-70
252
599
1060
3169
3183
1397
2252
1312
-543
-2518
-1673
53
1052
227
-2404
-1225
-2057
-2490
-1430
-277
547
1018
851
1287
-612
-1048
254
2241
1908
1349
110
886
4216
4817
4876
3458
1712
-1386
-28
62
755
-2638
-923
1857
3342
5910
5384
5983
2657
1307
220
577
-1873
-2012
-997
-2122
-3550
-1840
-603
-2141
-741
115
1830
257
1679
3972
870
-1376
-3102
-2414
-2766
-3598
-1286
-2383
-4504
-3071
-2258
-1591
-2793
-3601
-3432
-1622
-969
-3327
296
3079
3270
3946
6284
4583
1916
63
-1632
-691
-3374
-3053
-1390
413
2330
4595
2261
2512
1691
-1170
2213
2611
3962
957
611
802
-175
438
-862
-2106
-3692
-3871
-2578
-1996
-2870
-3623
-2669
936
3718
3589
4010
3436
2211
2831
29
-1118
-2248
-1499
-667
-2889
-5383
-5328
-2705
-3141
-2042
1314
1696
2459
2705
1491
2684
3289
1398
2008
3603
2264
1906
1361
1559
2225
2464
1914
554
-757
-277
567
112
1289
2405
525
-741
-1581
-1274
150
1640
355
-394
-139
-642
-268
-472
-89
-3881
-5426
-3236
-576
2020
2153
344
249
-241
-1879
-2078
-620
-1828
-2353
-1647
-233
2086
3106
1406
1784
1816
-336
0
-759
1418
-1042
-187
-1418
-1115
1757
2079
538
151
3936
2852
1994
376
-1126
-313
3201
1898
3153
2407
2854
3512
-1612
-21
-1163
-1779
-2529
-2196
-1834
-2728
-2439
-1976
1840
3146
-244
-1004
317
-1427
-1100
-4788
-4844
-3534
-1757
-20
-194
537
1769
2822
1909
3166
1780
1060
-563
399
-1558
-2409
1484
3143
2523
1457
1944
250
-2464
-1520
171
1153
847
2313
4583
2687
397
-1311
-73
840
935
82
2137
1871
2045
-229
-3755
-2659
-4367
-3584
-2155
326
1116
1320
1497
698
921
14
-365
516
152
-292
-249
-4453
-5068
-3736
-3244
-1216
-26
694
706
2165
1655
1811
854
1078
2108
3230
3606
4665
4537
1926
4452
2895
1231
-1207
-2093
-3517
-1963
-473
-1986
-282
-1502
1338
-1513
-1401
868
89
-1891
-4170
-1287
-907
-211
-405
-1572
-2126
-895
-2574
-1981
-1527
-1727
-1626
-3010
-2512
-4095
-1868
-1763
-1653
-773
173
1155
272
731
-1278
-924
1397
714
-1545
-23
1243
1530
-1134
-249
5196
3671
2436
3539
5385
5557
3027
145
1808
490
829
513
546
2042
1921
1727
-1619
-275
629
-103
-2445
-1464
-530
142
-2196
-1432
-1430
-713
-1327
-2758
-667
-2851
-814
-14
-1325
-2524
454
-2245
-478
2143
198
-915
3325
4519
1187
2026
-1230
-1162
195
1667
-228
-30
1072
1733
-365
-2613
-1386
98
-361
-1903
-1533
685
3927
3793
2608
2855
2999
-712
-618
-235
-1118
-567
-1742
-2302
-2925
-1252
-1588
-4012
-4533
-5706
-3890
-4164
-4732
-1662
633
1531
187
-1434
354
1801
770
-1293
-2986
-838
-2634
-3252
-1862
-1000
2244
3590
1641
-785
-482
-82
1736
2272
2043
3008
4209
4532
4241
5474
3390
513
-34
1038
-1618
-1969
1406
83
-134
-253
-2
-1195
-793
-1165
-1847
-1609
-557
594
718
4206
3183
1407
578
2116
1060
-1053
-3355
-5469
-4010
-1607
-248
-3331
-4429
-648
1101
916
1090
-2065
-1570
234
329
976
1684
2039
2729
2045
2317
2935
945
-2441
-1777
-1154
-789
-825
-636
1499
1265
1151
329
2830
1529
458
-982
-3171
-5081
-4241
-3147
-2897
-476
-2289
-998
-85
-3047
-5628
-3758
-1723
-3181
-4131
-972
1388
2534
2214
-749
-1604
-1137
-1032
-1109
-727
-1397
-955
224
935
176
364
1843
1967
421
860
4497
3111
2341
4398
2148
2900
2081
654
261
997
3351
1322
3295
4491
6059
3915
1327
2728
3921
3977
2661
1753
60
-1655
-3941
-442
-269
-965
-1942
-3271
-3202
-2901
-1391
-3121
-2562
-1466
-1498
-2622
232
1036
-670
231
-1001
1291
2909
-730
-2429
-1052
-1989
-2334
-700
1838
1640
-3010
-3218
-1689
-1689
-1486
-1760
-3000
-286
2820
2273
1655
282
2519
1588
1254
1990
-651
-178
573
640
-223
-1167
-806
-1252
-2583
-2833
-4242
-1717
878
287
-294
992
488
-1305
1488
290
-1913
-2982
-1328
162
1007
1073
-1467
-2074
-2391
2
1426
80
-1807
-2256
-109
649
2493
3975
6112
5617
1048
2434
4727
5757
6549
4277
-663
-1090
-977
-16
1773
-129
560
876
-137
2517
2681
-731
384
166
-915
-287
1332
78
-177
-522
-3567
-2462
876
-198
-4936
-3882
-2672
-4080
-2896
1163
1576
-1314
-1523
-2764
-2302
-2156
-1888
-2525
-2895
226
404
236
-35
888
194
1214
610
-752
857
-90
-1859
-302
3514
3087
3169
1783
662
924
-580
-663
-74
-832
-156
2036
-169
-657
1691
1236
-560
-2292
-1244
-403
169
-1439
-2489
-1497
-2605
-3736
-3495
-1392
-2743
-3655
-2190
-3741
-3777
-604
3478
3542
2339
2758
2649
4101
3758
730
-460
1556
699
-149
968
-395
-2919
-160
483
304
1654
351
1359
3238
5170
5754
5432
2333
1755
1355
1060
966
476
2088
1404
1502
-115
-1373
-2109
-4037
-4915
-4875
-2475
-1787
-1883
-3502
-2694
-2907
-2860
-473
-718
-261
-561
453
-1804
-1782
-3620
-2562
-1641
-4395
-3170
-1281
1597
311
35
-751
2352
481
243
1729
486
2078
621
361
-2202
1135
2779
2305
3437
2441
929
2406
3443
-1096
-1173
1264
1063
153
184
265
497
-2266
-2419
-228
-45
1109
3625
3598
-1181
-942
-216
-1051
-967
-3951
-3950
-1036
-1502
-1692
908
1943
57
-673
2060
1008
-360
-1324
-2203
-588
626
2332
4015
3371
-1123
-831
-1116
-1290
-13
2234
2917
2031
4223
148
214
1644
1565
-1089
-1391
-1613
-2738
448
-343
263
3317
3293
-199
-87
-1304
-1920
-2858
-1765
-333
-2879
-1973
-71
26
-471
-789
-4105
-4421
-2493
-1879
-1904
-3797
-27
2168
682
1420
1595
240
120
2670
1203
-7
3101
1924
166
776
167
1905
586
-310
-1309
-1330
166
436
628
517
1423
4239
5831
1781
3605
6248
2899
2423
2131
-2025
-2750
-3261
-4515
-1294
1047
93
-1731
-2392
-1956
-1692
-1977
-3538
-4942
-5108
-3796
-1119
-347
847
814
946
234
-2476
-326
-1883
-778
1295
-1434
-1043
-1396
120
720
-1466
-2347
-629
481
659
2553
3196
2230
2897
3773
2942
1953
2667
486
-1509
-1476
-1236
1556
1201
2621
3908
3151
1562
765
1211
-800
-1582
-1463
-3720
-3301
943
2802
1881
-2178
-3082
-3542
-1154
320
-2643
-2229
-4396
-2674
-343
-2594
1041
3502
-1083
-622
-1620
-1350
1562
-1466
-1160
-130
-435
576
2161
1974
2957
3357
703
634
2291
3191
2142
1767
2563
2970
1775
47
1939
851
1198
-196
-3047
-853
-319
-2147
-2412
-1154
-1559
-127
319
-37
366
765
511
442
-3608
-4521
-3941
-5581
-3062
-865
-3773
-3595
-412
-2502
-571
1178
-1
223
-743
283
2252
-295
1687
4896
36
-3653
-2000
-518
739
2944
5363
4578
1220
1196
929
-4195
-1510
2906
441
2151
4218
4252
2354
2280
3423
2756
2578
30
-1665
-372
-480
-2215
-3991
-2608
-1301
-2490
179
1878
-1726
-3770
-3838
-4527
-2708
-2011
21
1115
1241
3061
1763
2217
1478
1557
1933
1431
-536
-764
-1245
-2090
-855
394
3306
1876
-636
149
1024
230
2843
2095
1711
2066
100
967
-887
-898
811
1228
-438
-3220
-3864
-2710
-2835
-1909
-1085
-2602
-1901
-865
-638
426
-227
-1266
-2141
-6035
-5490
-5045
-5435
-3322
-1870
-2169
-1858
-225
-2068
-1573
2292
1559
604
-169
307
2719
-1101
-941
-2167
-1871
1669
3349
4697
1745
1115
5420
4776
3465
4959
3999
2362
-94
-372
843
3953
2270
3281
5253
5026
731
-107
-743
-736
1174
-1025
-362
1955
3142
-263
772
-1639
973
1169
-352
-2880
-2696
-1987
-4798
-2335
-2207
-1624
-1492
-867
-2892
-647
-541
-2488
-3945
1190
2095
-1065
-1818
-2930
1456
-235
270
427
-431
-363
-1602
-481
776
506
1447
185
-1700
-55
1003
1717
2367
3718
2062
-1039
-859
-1844
-3521
-3015
-1465
454
178
160
-758
-173
-1172
-1251
-1240
-910
1175
-1861
-3435
-5703
-2944
-865
548
-17
-1253
1747
344
-292
613
2122
2296
2566
1260
-415
-1614
-910
441
-179
820
5470
6480
2199
1252
-592
-89
3007
2552
2802
4895
5989
4371
4297
4732
4826
4264
357
-1468
-1457
2504
499
-2365
1462
1600
1108
880
-1321
-3390
-1971
-2653
-4950
-2444
-2126
-1339
-1873
-5620
-1303
-1019
-2800
-2101
-1702
-2713
-3755
1352
1283
1580
2015
-2256
-1806
-999
1963
2062
2110
2874
-2594
-2777
-536
-1451
-1141
187
1251
1601
759
1584
1779
1358
1811
3462
2746
309
-116
209
-1318
-3410
-3694
-3218
-1953
-482
-2894
-1603
1465
31
697
-921
-476
-1126
-1133
-2923
-4708
-2988
-2441
-4007
-4787
2100
1580
601
-1835
-5690
-2426
544
117
-887
2914
2536
3489
4449
3565
6767
8118
3621
195
788
-133
2308
3018
2915
7423
6314
1609
59
-723
-367
-108
767
1666
672
-2691
-1841
913
376
341
341
450
-2038
-3978
-3771
-4047
-4417
-5306
-4766
-3967
-2293
78
-2811
-4
576
704
-606
-5233
-3841
-3704
184
-969
-2120
-2825
1249
2269
-2233
644
654
1933
1427
1459
2398
1204
682
-1078
-1258
1141
2743
2838
5250
4895
3605
2811
814
892
2312
1049
-783
-838
-1419
2
-1938
-762
-949
-1449
-1701
-2045
-1213
-1386
-1442
-3261
-154
329
-412
-2074
598
2924
1792
1334
202
2018
-74
-3603
-1524
374
638
1073
493
2953
3603
1082
-370
-515
2955
2857
513
1408
-1527
-969
1705
1717
955
2692
5072
5338
2534
539
1080
-402
585
-1787
-1502
-751
1811
884
-780
2451
1647
-451
-2753
-1947
-3302
-3965
-5893
-6767
-3843
-2928
-3830
-748
-135
-157
69
-2744
-1802
-297
107
167
758
-113
-411
902
846
614
3973
1161
225
2786
299
1174
-52
-1076
442
2587
2219
288
3257
3370
2579
2499
-461
-438
703
-2775
-4384
-3640
-1663
1848
3119
3410
2853
3158
232
-998
543
-1506
-4652
-5628
-3590
-2876
-774
1533
1446
550
-2997
-5205
-4546
-3123
-796
-2188
-1915
-2438
-2913
1487
924
-257
427
1820
1484
1665
2004
1135
1015
2586
2324
1079
308
1908
4296
4264
2983
1118
3294
4881
4479
1180
591
-1141
-275
-894
119
539
-3230
-605
2862
665
-690
2373
-500
-3043
-4624
-2795
-2798
-3559
-4227
-4085
-1100
1725
3317
1728
-1501
-1343
368
-1279
-4668
-3337
-555
1535
3448
929
1805
4135
880
-3937
-2957
-3373
-1656
-2168
369
3303
2614
3949
6855
7242
6145
6799
1623
1650
1379
604
701
-3360
-4304
-573
1698
2141
1848
1574
-919
-116
-2979
-6309
-2324
-2154
-4364
-5246
-3088
-1882
561
571
-964
-1613
-51
-422
-2951
-3719
-4468
-1558
1506
1703
1503
-508
-914
652
-465
702
1261
1607
1078
686
3434
1777
2282
3430
199
192
2604
4408
2521
3361
4168
3555
2968
2024
1758
-640
-2802
-851
2068
1321
1027
584
898
-1046
-1220
-1179
-1769
-4447
-7258
-3456
-2781
-1970
-2003
1236
2448
-2571
-3314
-5183
-5269
-5013
-2946
-938
453
2680
4694
8014
6732
4972
2906
2846
-780
-2290
-1835
-2633
-278
-117
1506
1941
4858
2726
1913
3555
1339
-409
-2308
-1463
-4215
-1643
-702
-5539
-2146
-942
630
80
1182
1269
-783
-219
-5297
-3009
-4565
-3789
1364
2245
571
-2391
-4274
-2831
-3381
-4506
-4188
-4894
-1825
-4594
-966
929
-898
1147
1895
929
1371
759
623
2783
2509
4229
4714
2102
-2123
-1927
1306
5482
4983
4250
5581
4128
2592
2215
190
-1393
-1128
318
2611
1002
735
3649
3541
451
-855
-4184
-5825
-5461
-5701
-3759
-2265
-2650
1159
4139
4391
3507
1539
-591
-3594
-3382
-2167
-1121
-2341
-943
1210
151
252
864
1273
3087
2761
-416
-2282
-2078
-3662
-5529
-5752
-2300
-1542
-2516
888
993
3956
5555
4933
5586
1364
-1251
-143
-1066
-1875
70
-283
289
1237
-1099
-364
-1164
-3536
-4107
-2507
-3400
-3417
-1499
-1939
875
2563
1731
-958
-1783
-1174
-1644
-2345
-2970
-3369
-2028
-1734
-2623
-431
922
3366
5401
2964
668
1538
1335
-1345
-1919
-2429
-800
1331
186
1682
4130
6068
4568
859
1006
3281
1845
-656
-695
-945
649
2839
5222
8052
7010
3928
3442
-269
-1675
-1675
-2736
-325
-22
-367
-700
-1013
-2702
-2887
-2482
-2554
187
-715
-2455
-4261
-7516
-6061
-3569
-1284
-949
-2251
-535
54
428
4833
3831
1398
2380
1193
556
-1167
-1390
-1896
-2063
292
1696
2063
-220
208
-382
1077
759
20
-878
-3346
605
-639
1883
1449
1211
2718
-837
-819
-1746
-1844
-1326
-1290
-2664
-3930
-1791
-1185
1417
2814
-299
-1342
-2433
-2673
-4032
-4456
-6842
-5739
-1280
-243
2319
2714
2240
3414
1811
913
767
109
20
-704
717
-901
1264
6501
9597
6710
2231
4442
4390
3333
2747
3917
2190
3284
3283
4924
6030
-40
-105
-2296
-892
-1083
-1592
-431
-1896
-3323
-7075
-6051
-3382
-1229
-3240
-2484
-2670
-2884
381
346
-1197
-1980
-2577
-4241
-2745
-1934
-446
-3475
67
2286
108
695
-483
-2027
-3281
-1137
-2477
-880
-2426
-944
145
-129
2092
3230
4528
2915
3332
399
-103
-426
1066
1621
-954
955
2673
4056
2832
1640
500
-2285
-3593
-1466
-3395
-5600
-6385
-2757
19
915
4103
2164
3792
931
-3388
-3973
-3267
-4164
-4782
-3419
976
1889
1030
5622
3627
2604
2118
1638
1584
3729
3710
109
1122
2718
4972
5237
2697
-1674
-270
2144
2405
3798
1675
-1163
-2881
-2651
-2443
-476
1738
3174
2752
2143
3945
3074
1251
-1309
-2693
-2313
-1229
103
-1862
-4020
-2563
-2220
-3347
-3141
-1649
679
-2972
-3587
-3157
-5215
-3223
-2043
-1384
-951
-472
-963
2275
2063
675
2377
3154
-476
25
1954
-1453
-546
1788
5281
2600
229
491
1984
456
-580
1247
229
-1766
-1248
-798
-1326
397
2489
3511
1546
674
-1917
-572
-365
-1672
-2853
-3114
-2859
-819
2307
4150
4146
1079
1120
-1997
-1619
-137
-1424
-2316
-1617
-2080
-1552
1076
1684
-1076
-3401
-1429
-2124
-2018
-1682
-42
-97
-389
-1144
-1199
-44
-30
3346
3947
4298
2111
3692
3555
968
3252
3315
3734
2355
2106
1321
874
2529
3221
3745
2964
-1439
-4232
-4222
-6206
-5285
-1994
-121
-105
-4773
-4286
604
705
317
810
-180
-4596
-2692
-80
-1972
-1482
-941
639
-1388
-1922
1273
909
-74
735
1941
-2542
-2890
-1336
-2333
-1857
-608
279
641
3048
1998
63
-629
745
2656
2550
1397
2003
4989
6919
4488
3396
4556
1845
588
-298
-2086
-892
52
546
-1369
-2285
-937
1837
-594
-5214
-3542
-3014
-2825
-2429
-3462
-4101
-4518
-5378
-4045
-2830
-1560
1354
2363
-92
-218
371
2518
2239
-1349
2133
3094
305
2618
3431
3692
4799
2553
3493
1188
-3671
-1773
115
632
1014
1713
2770
2650
2959
2762
2709
2849
3750
3693
331
-2562
-3681
-4232
-1094
1980
1216
3311
492
-4376
-3939
-4400
-4350
-2768
-2264
-4078
-3307
-3602
-3073
-166
-3426
-3971
-260
970
831
702
3098
3127
1895
1324
-849
899
3272
1717
2665
2747
698
780
2667
2700
846
1626
3702
6395
4254
1637
2926
458
320
977
-1082
-2683
-6149
-6113
-4650
-4312
-3287
-3894
-4127
-2052
-2847
-3383
1249
532
-952
3346
1822
-1265
-3715
-6008
-6169
-3706
-2978
288
1172
-29
1879
-579
-860
-3333
-2215
-2124
232
1738
1546
2234
2468
3094
1996
4210
4243
4422
1280
1776
2587
2145
2984
3110
3501
3033
2294
2675
3741
4502
2600
1379
1709
-1371
-2057
-3534
-3005
-5442
-5548
-4112
-2954
-1600
-849
-790
-2962
-2597
-3935
-1743
-431
-558
370
3429
-144
-481
3082
-238
-1440
-61
72
943
2802
812
2181
3395
3315
4582
78
-4361
-4095
-4394
-3046
-1434
346
95
-1660
-55
1049
-262
773
750
847
2254
125
1343
2143
400
1025
-2385
-1961
752
-1585
-210
2593
1984
-1003
898
1239
-2943
-5162
-4496
-6071
-5398
-4012
-3274
-827
-502
-899
-1252
588
2132
710
179
1108
1804
3787
3430
5346
4901
2877
704
2558
1917
1007
1537
162
1098
-1131
938
2153
1056
-661
68
707
1939
-19
2996
7819
4240
1806
803
850
-1163
-1241
253
1200
-60
552
2391
1894
891
-1926
-2368
-155
-683
-722
-1078
161
1361
521
-1004
-2947
-4426
-6350
-5256
-5468
-4316
270
3762
-515
-3073
-183
863
282
-749
1337
3112
1890
858
1693
-35
-422
-775
-1118
381
3632
6580
2842
2581
830
-949
308
-3931
-3905
-1876
-2703
-2695
201
842
2
63
-2402
-3510
-2265
-3016
-3592
-2861
-2441
-3530
-1811
459
-736
626
305
450
-451
-1900
-2584
-3294
-2352
-2204
1758
3454
-1012
-1196
-781
-1533
55
-227
1201
3638
5488
3852
2829
5658
3369
5411
7787
3542
4770
4107
2263
3463
3592
1435
4087
4336
1053
2567
-820
415
-542
-2419
-1316
-1664
-3311
-5605
-6331
-5027
-4398
-3804
-3381
-5444
-4681
-3927
-2574
-2341
-807
-2075
-327
-1571
-2368
-1143
-1187
-1363
-901
818
1879
5690
3342
3492
2688
1670
-964
-3020
-3586
-3712
-93
-637
-323
2565
3758
3386
3587
3100
1818
-1220
-1503
1738
145
-705
-608
1117
2141
1189
733
-2168
-3007
-4002
-2616
676
1404
-2717
-6145
-3148
-1198
-3584
-3995
-2647
-3181
-165
1047
-983
-363
-1133
-667
-1429
201
3797
5453
5485
4421
4575
2040
2862
3744
4134
5617
5871
4876
3899
5224
4958
3637
2973
1647
1824
43
-853
-2566
-3083
-533
-425
1121
-1071
-2559
-4412
-4184
317
-236
-784
135
562
652
-1510
-1068
-2373
-5306
-6324
-3567
1870
1941
1121
1444
-332
-757
-2132
-5929
-5699
-4662
-34
2316
834
-424
1246
4537
1310
-297
1182
3
-1419
-1747
-2203
1393
1439
1063
5052
5345
4430
3408
1966
1672
1909
802
-445
-3373
-3656
-2611
-2659
-3867
-6314
-5262
-4320
-2525
-740
-1507
-1986
-2433
-1124
275
1372
2642
1407
3128
1447
-3885
-2961
-224
-250
96
126
-1365
494
1595
953
2539
89
862
2319
622
1810
1352
88
-1081
-825
-122
2018
2248
1927
1359
767
1774
-1342
678
2530
177
4299
3898
559
2168
1736
1320
2257
-432
847
3326
2975
878
-1781
-3269
-6315
-8464
-7474
-2616
-3065
-3185
-1401
1979
947
-492
1199
-1962
-924
-2223
-3505
-3390
-687
991
1082
2355
1202
1773
82
1076
51
-336
41
-2316
-922
472
2475
1948
-2000
-1056
-187
879
4736
2992
2721
39
-1411
533
1040
2772
3209
2154
145
394
-936
-1939
-320
-1997
342
1848
1588
2426
1093
758
82
-1314
-1981
-951
-2749
-2844
-4436
-3079
-4328
-7254
-4644
-2482
-13
1387
3149
1040
-477
570
-482
660
2653
3842
5634
3950
732
122
857
735
3712
4793
5943
6333
4329
1932
895
-714
-1867
2716
2739
1334
918
-456
-1910
-819
-110
-2100
-2354
-1776
-3474
-3488
-4207
-6827
-4920
-2589
-1443
3434
2056
-75
1734
931
2257
-1395
-4014
-2152
-1883
-1824
714
-1479
-4248
-5681
-3873
1547
768
283
124
-552
3294
5297
4570
6395
6018
4921
2732
3655
2496
1178
353
-2211
2175
3348
1448
-150
-3
1253
265
-861
-2510
-3700
-4635
-3093
-1092
-3197
-5886
-5752
-4813
-2950
-3187
-3079
-1342
-5631
-6163
-4281
-4546
-2324
2630
2804
789
131
-1509
-1807
-613
3673
4135
4465
5343
2109
1227
1204
-513
757
-19
2082
827
727
3550
1300
1563
1073
3460
3435
1992
1488
3732
4574
3547
3511
1886
2326
1136
-2221
-4514
-3919
-1500
-1219
312
221
-2873
-3317
-4567
-4909
-5433
-4138
-5003
-1739
4284
3072
2177
-1199
-2685
-973
1442
2200
-838
1928
3389
909
1955
546
-853
471
282
1349
3812
3133
2316
4004
5363
4006
633
-1280
-2417
-2217
-262
-1998
-1591
-2229
-1724
-1430
-3708
-1388
652
2284
543
83
-1923
-2203
-652
369
-533
-3109
-751
-3882
-3389
-1968
-2760
551
327
1121
1694
289
-254
-1304
-1537
945
1496
2557
664
-3147
-1495
-1892
-643
-928
-315
388
-1656
1358
2906
1646
5027
7295
5625
4251
2540
2836
1350
1857
2272
1560
1066
6
534
536
136
-527
-3279
-4538
-1882
-770
1391
-978
-2915
-1181
765
930
-203
-510
-422
2393
-131
-1817
-1695
-1654
-690
2185
3311
672
-1684
-2369
1200
386
684
3631
2174
-1887
-1345
-1043
-3960
-3453
-2229
-4551
-4503
-435
-2133
-1216
1386
2352
2573
1451
2794
2103
2260
2297
322
355
-148
-523
601
500
1168
2741
1002
537
-1020
-2791
-4020
-4485
-3381
-1919
-3043
-5337
-5906
-7217
-2443
-1899
-2258
1571
1868
-447
1741
777
-1489
-316
-1994
-927
-1356
-1641
-760
351
1856
3226
4487
3938
3337
2163
-20
1890
2511
-18
-8
2728
6029
6280
2590
1653
796
-951
2488
2769
3320
4761
6611
4439
2171
2166
-531
109
368
1444
1263
-1411
-4048
-1555
-3204
-6185
-4611
-3558
-3149
-3524
-2669
-2266
-1638
-3750
-5200
-706
325
-2399
-126
630
861
2417
2785
-840
-2702
-2428
-2987
-3927
-2015
716
997
3830
4008
3590
5534
4350
3056
428
-137
491
-1188
1846
1331
1925
480
-2548
-2644
-3048
-2144
-2780
-3411
-2927
-2249
-76
243
-1686
-1443
-2732
-2014
-1428
-899
-1895
-3826
-294
840
962
1482
-361
-1432
734
-1374
-4890
-6015
-3737
837
2341
4325
3246
4918
5768
6785
4669
2143
4387
2588
4640
7293
4340
3350
4673
2533
2463
3162
3846
1797
1438
3704
2704
2578
3110
1242
-856
-2460
-3172
-2399
-4868
-6709
-8527
-3820
-4828
-5592
-1046
-5519
-3302
-5024
-6236
439
1932
1735
1568
33
-782
-802
815
3081
172
983
3549
2365
41
-2424
-2712
-2923
-3171
-2611
-1157
1868
3378
1818
2430
1631
1379
1506
859
-267
749
1566
179
-1159
-2300
-221
526
-1042
-1045
-814
-2312
-1889
-1412
830
2603
-65
-3375
-2161
-2218
-3436
-3891
-7896
-7683
-2244
990
2616
-149
-1181
2303
1776
2193
2667
3085
3698
3481
3303
2661
2818
3002
2476
4054
3743
2402
2639
2867
5097
4941
3114
4080
3785
-1429
-3018
-1076
-1355
-2677
-2421
-371
396
2823
5598
4077
1265
-1171
-500
756
-2829
-4724
-4834
-4138
-5170
-3721
-919
-1289
673
98
-1222
-3429
-3862
-1083
-2113
-2243
-2428
-1040
1298
-1932
-2038
-1812
379
1179
-1553
-1722
-1427
-155
-1174
967
1876
378
-1830
-577
1923
2880
4593
2353
882
620
1452
577
-43
-709
-2821
-2233
196
-497
-847
-2196
-1946
1232
1932
3008
3546
2362
-848
-9
-85
-1337
-2562
-1761
-675
1247
659
-2171
247
-1156
-532
1361
1378
2056
2346
1671
3241
935
798
4054
-190
-2513
-2708
-2904
-1792
-3600
-1935
3709
4352
4327
4921
4682
1063
986
4757
3747
788
-1058
-1559
-136
2390
4993
6626
4628
1203
50
-1731
-5568
-5356
-3409
-4927
-4541
-3291
-1182
-273
-3291
-4435
-2630
-2055
-4997
-3672
-2148
-1470
-762
-2474
-1047
558
-1089
-738
-22
-212
-1054
1661
1319
-684
1633
3557
2981
-947
-141
164
-438
717
3460
1103
643
702
1602
2204
1762
4128
1295
1390
1248
1642
2684
1331
1244
3496
2046
1065
907
2683
1689
-2929
-3390
-3204
-3610
-4457
-2751
-2632
-2559
-2674
-2298
-5414
-5204
-3335
-4073
-2387
-3155
-1597
1071
2247
-770
1089
3124
111
416
-957
-726
922
546
1672
2994
2836
4758
4463
1304
2647
3806
2947
688
-1571
-505
3
-1097
-991
1676
3086
404
-2410
-1993
-2222
-3020
-3348
-3906
-3157
-2185
-1802
-2032
-756
-846
-3416
-3445
-3490
-2454
-3119
-3144
-2680
-3758
-2196
-3690
-3045
-3064
-2861
21
-591
240
4080
2553
427
2076
3345
2943
1420
2496
2100
1497
2071
4501
6668
2971
168
461
138
1942
1692
995
905
230
1643
1501
1795
1218
1565
699
-2603
-2611
-5926
-5808
-3650
-4623
-6881
-6756
-3087
-212
909
-1086
-2919
-4008
-1438
-2186
-1155
-945
-2846
-2204
-13
3151
1301
-1033
951
590
-659
1595
919
275
-1703
-614
376
284
2525
4108
1596
30
1871
3507
4376
1731
1532
1453
2177
2091
822
70
230
597
-1795
-1409
-875
-904
126
-801
-635
1725
-341
-4204
-5297
-3615
-882
-1226
-2721
-1431
1899
838
-2051
-340
1167
-185
626
-1280
-1783
1175
3900
7077
4870
4005
5001
5439
1506
-247
2985
1606
1845
1596
897
1710
2088
615
1319
1729
145
-285
-1011
-471
-1540
-764
-343
-867
-198
-1112
872
462
-929
1475
21
-1590
-4311
-4693
-3501
-3650
-2406
-2041
-2401
-1502
-1072
-840
757
52
1319
-922
-3625
-4614
-4054
-3299
-3254
-305
-1354
-216
2117
3068
3451
4065
3345
1849
5525
5601
2514
1489
3314
2001
422
3265
4289
2498
380
2045
3481
1060
-467
-1974
-264
2628
2089
2592
79
1137
3501
2109
-1323
802
1866
548
1483
-1333
-1240
-1909
-554
345
748
92
128
836
1001
527
-2434
-385
-376
-2924
-1249
931
8
185
911
2338
1944
47
-371
-3837
-3347
-730
99
1573
446
1269
3129
3428
5032
6013
2399
-954
-1268
630
2307
-1887
-3042
766
-83
-1530
-274
-798
-2393
-1322
-553
-1884
-1267
-2047
-4766
-5259
-2905
-2990
-4183
-1613
743
906
1935
227
-1115
-116
-1601
-1890
-2059
-2272
-1752
-203
843
1887
4176
4723
2711
2017
1188
29
957
2442
843
678
3736
3384
2955
3430
7287
6036
4014
2765
2456
3818
2737
3150
349
2785
3045
1078
-369
-685
1831
1343
1130
-402
-1681
-2084
-3325
-3058
-2121
-1603
-2255
-2211
314
-786
-3412
-3295
-4071
-7294
-6230
-2164
14
510
1158
1289
475
2196
2397
1851
704
-791
-65
-576
1305
1094
1485
2934
-199
434
1141
486
-326
1089
180
-636
1129
-2069
-4419
-4900
-3599
-1704
-48
-71
328
-133
-1353
-990
-417
409
-1617
-4991
-5936
-5118
-5138
-3568
-3262
-1964
-673
-478
-1530
-3838
-1978
-2055
-2822
389
1976
2490
3535
2676
4264
5513
4168
4175
4387
3643
3798
4088
3470
4472
2596
2026
4681
5180
4228
4586
5457
4470
5465
1579
579
2092
1025
-916
-2424
-1853
-1534
42
-2486
-3542
-4784
-5624
-5901
-4502
-2625
-1872
718
403
1232
-269
-386
164
-2920
-762
-1617
-5045
-5014
-4987
-3389
-2706
-1564
-287
-928
704
1295
-152
2016
5238
3675
4625
2826
-2665
-2030
-1606
-1041
-958
-205
217
110
2516
4268
1545
761
1933
-557
-380
423
590
-289
-1808
575
846
-1153
-2919
-5135
-3792
-2763
-4349
-4600
-4
1880
39
456
1093
2874
3848
736
1779
3901
1720
2454
746
-313
915
196
2160
5879
4585
2691
3774
1491
3287
4988
2408
3457
2932
3365
1363
642
2677
-710
124
2505
1345
-278
-3005
-4666
-2077
1114
2697
1578
-117
-601
-3154
-5089
-3470
-1471
-1146
-2059
-1597
-1119
-1198
387
-718
-764
-290
-4045
-3134
-3280
-5127
-2234
-1029
-1346
268
-1360
-5344
-5094
-4433
-958
2545
4714
5399
5011
5783
6008
1546
-1767
-2338
-549
1519
-1091
-98
241
11
-1341
859
2076
-548
-678
-175
847
1465
3832
2942
-102
1637
1666
-1691
43
392
-309
607
-332
-1540
-1633
637
-2
242
811
795
1398
267
904
-328
477
1753
570
-585
-601
330
-610
126
-456
-578
301
1943
2759
309
327
-1467
-146
3354
2937
5208
3331
972
1969
651
-1781
-1534
775
882
1478
938
2020
3255
2423
765
-1634
-4995
-6648
-6568
-5148
-2595
-1317
-68
2483
2692
-1884
-2929
-5969
-5642
-1258
1231
126
-251
2878
-458
-2385
-4850
-4495
-1750
-2278
-722
-1370
1040
3333
2846
1411
1655
2908
-566
-760
-481
1177
3968
3918
2384
1301
2987
2661
1073
2941
3563
1668
3405
2527
853
2511
4106
4380
1220
97
-1257
-580
-160
-1016
547
-1754
-1174
-906
-1171
-707
-1608
-1542
-505
-1492
-2609
-1354
-1028
150
-1412
-2422
-2837
-2568
-1868
2
2144
3216
3320
1674
-739
-2191
1338
1928
3283
4478
2965
3783
6074
3583
536
-853
-5512
-6343
-4007
-1059
-2048
-810
1146
2050
3712
1872
470
-1956
-3089
-2959
-2264
-899
-1456
-2713
-750
-874
-1555
2305
164
-5480
-5200
-3433
-3007
-3112
-339
746
-1648
-865
-6
-1363
-450
3246
1691
614
305
3398
4782
4642
4789
3028
5225
2797
2269
1489
4159
3586
2468
3188
2089
3694
1679
-158
-1054
-607
-1315
2045
656
-544
665
72
-1497
-3552
-996
-2914
-3720
-3284
-4242
-3126
-1686
-1532
-3875
-5284
-3516
430
1892
6
-1393
-3306
-3202
-2999
-2710
-123
1362
330
757
2313
2597
3133
-315
-1799
-2414
-2308
477
-1346
-846
1365
3997
3609
4257
4244
2198
1932
-2869
-1530
-392
254
1303
2183
984
-99
1056
-1886
-2572
-3334
-1602
-4208
-3638
-800
-1919
-1635
-1910
348
1167
1828
1263
850
1716
596
231
1857
3025
692
-878
1751
2
244
-313
-1683
2882
5089
3617
2241
6382
4838
2986
3022
1317
2448
1581
3696
3435
1708
-904
-2678
-543
-454
65
-2296
-2182
-563
-1374
160
3067
-357
-5238
-2930
-600
-279
-967
-1876
-2349
-3743
-4517
-2914
24
-76
-927
1868
2442
262
-692
-3058
-6340
-4764
-4257
-3411
-989
-275
-241
1000
1749
1028
3795
2500
425
1285
1173
1408
-57
1724
614
-362
3357
3207
2656
1262
381
-2052
-2450
-583
364
-278
-1198
-806
-628
726
-407
-2398
-989
-830
-1356
-327
570
1365
1966
3389
2666
3709
1816
-906
187
-824
343
2872
2122
2947
2400
1956
-1139
-3576
-1473
-2137
-526
-1581
-177
-706
-1920
872
1631
2742
2930
1362
362
-253
748
1809
67
-279
-716
-168
-1784
150
-233
-3639
-2698
-2084
-232
-477
641
249
-560
-1507
-2546
-1710
-340
-2388
-5720
-5990
-6024
-5255
-4655
-1149
940
27
34
1113
-68
-1068
-2931
-5950
-4534
-1607
-1695
-777
439
2218
4316
6219
3377
-1044
-870
-1283
-535
205
1757
-249
219
1465
1285
1242
1721
1111
3473
5176
4220
7578
5339
3320
749
3048
4909
557
-358
-1093
-2523
-1779
1084
-141
-601
1566
982
-69
1591
2055
772
1304
1080
1313
-219
-188
-1295
-5365
-3415
-1671
-722
-20
-2213
-1412
-371
-4707
-3213
-1773
-1857
388
2202
4226
558
1998
818
-829
-49
1066
3654
1327
709
-1277
-63
869
-1000
-1844
-3066
-2962
-3678
-1840
-1529
466
36
-530
1257
-2139
-1391
-1074
-4085
-5312
-3370
-2229
-1307
-1988
72
2230
2779
1721
-644
-1925
-3434
-1171
-337
-3305
-6323
-4294
-2138
424
2439
2395
3880
6052
6811
7212
6694
5774
5006
4013
2820
65
-769
607
585
3410
5414
3506
3434
3810
3286
1938
3729
475
641
1052
-2014
-1961
-4257
-2682
-2767
-1796
-3370
-2587
-2300
-2635
-1168
-617
1484
510
2637
363
-730
-2910
-3862
-2079
-1242
-1263
-3069
-2721
-1183
-619
-1806
-240
-1922
-1108
565
373
1182
1804
2051
-397
-2024
-1665
1598
1217
84
375
-831
-794
-1290
-916
-1345
1294
-305
-1234
2073
498
1482
574
-835
-1590
-3092
-3824
-5429
-5324
-4105
-1590
-2741
-4531
-3477
-2051
1219
1375
420
-168
453
-1183
1691
6054
2339
1880
1075
369
-1108
-1627
1662
3393
4605
5128
6207
5737
6892
7328
2535
769
382
1286
265
-309
1135
-598
439
2666
2429
659
-390
-687
524
-869
-628
-1934
-628
354
-3255
-3575
-3653
-1957
-1383
-42
-3721
-4146
-1710
-1606
-752
113
-319
1682
3096
1539
-594
-4652
-3251
-4979
-2761
-2118
-1893
-258
-4303
-4843
-622
2191
-547
171
2119
1635
1731
1803
976
965
996
4366
1513
-723
-966
-3214
-187
-1935
-3343
-2783
2842
2898
-691
559
-481
-22
58
1733
62
-2303
-3032
-2513
1340
1499
2013
3038
3552
3564
3132
1115
1487
4047
-677
-1007
2377
2978
1216
773
544
-1620
-860
807
3201
363
2322
4150
205
1565
3368
2677
1966
1910
1146
811
-1806
-189
1417
779
575
-51
-1799
-2706
21
570
681
89
-1095
-3510
-2584
-1311
-652
-3190
-3492
-1335
-2279
-2630
-5910
-5150
-1900
-677
-557
803
-816
-1353
-1487
-948
278
-426
386
-3155
-3505
-2731
-1590
1416
-823
-1117
-179
-275
1109
1397
1395
-296
-600
-327
1730
2457
235
347
864
-756
1028
3731
382
1577
2078
3175
1184
2998
5810
2993
4684
4221
2609
291
156
-2142
-1519
-751
-60
-790
-2722
2280
2692
2005
937
-2111
-1568
-2082
-3227
-1304
-828
-1357
-3465
-4848
-2555
-1529
-86
1468
3648
3867
2594
3198
4430
1299
-13
1647
31
313
-3914
-2814
58
-93
107
-744
-602
73
2021
1687
-1291
-2202
-2045
-3165
-2409
-3688
-3109
-3443
-3479
-4236
-3275
-1479
-137
1616
-2526
-3955
-1806
-899
1954
1290
232
1316
629
-1368
-3587
-2797
-5228
-3082
-2089
770
1399
580
-1449
-3722
535
257
1913
1643
2296
2296
4038
5668
5133
1497
2413
5430
3442
4595
1591
-513
560
1674
2729
3047
1777
2201
1613
2339
1646
-1453
-2324
-1465
-2727
-5212
-1599
-703
-2635
-2745
-3895
-1026
2045
422
1073
672
2168
2971
880
-554
-780
-324
-2203
-3615
-5580
-4977
-1372
1775
2991
1434
2844
3524
1819
1588
891
88
372
550
-395
-985
-1701
-1632
-3566
-2820
-2464
-3491
216
2554
1267
-1497
-1148
-123
352
-1011
-3385
-4792
-4297
-3487
-877
-523
-1171
-19
-2481
-2213
-1754
1379
3252
2874
297
73
891
-1571
494
913
1748
152
453
3321
3825
5279
3570
2574
5844
5441
1798
599
-989
768
2144
1960
2719
3077
4051
2833
679
-1434
188
1990
1261
-324
-1715
-1643
126
532
-721
-404
-1362
-2334
-2270
-895
728
-469
-2727
-3808
-612
570
-831
-748
-5413
-6175
-2512
748
897
1975
849
-3448
-4315
-3302
-3985
-5608
-2961
-2150
1486
100
-2075
956
1084
-1158
-1149
-201
-623
1026
945
2615
4144
2873
82
273
-833
-4147
-4083
-2191
-1874
-1973
1092
-20
-1491
-1471
-3713
-3639
-1299
-1016
-1
845
-3118
-2844
2448
3332
3975
3557
1377
2789
4355
4906
4397
4092
3508
1043
-508
297
-741
-2262
1656
3141
3115
3990
306
-875
-1130
-2965
-2270
1704
3
-649
-111
-3802
-199
3580
1038
-485
928
-301
651
2458
930
75
-350
997
-298
-1188
279
-4232
-4915
-5277
-4056
-1808
85
-483
-2602
-153
-2663
-3263
-2256
-1238
-27
573
-354
-639
-2338
-2393
-2170
-2259
-2429
-5749
-4568
-4148
-1539
897
1840
2590
3756
3747
2224
1040
-2480
277
231
-110
1705
-1646
-2870
-3692
-2224
-855
1590
2395
-702
1111
2383
2762
3714
5038
3377
60
-2609
-2196
1466
1036
1228
2513
2032
-1000
-2372
-4
1378
3777
4923
2285
4031
3183
2297
1013
-796
2670
-465
-2189
-3379
-3974
-3404
-3409
1023
1213
3967
3802
-1013
-62
1341
2669
1741
3058
997
-300
1449
-1325
-1324
-1399
-2200
-5020
-2821
34
-1063
409
286
-1636
-3440
-2643
-2616
-1359
-832
-2546
-3810
-5709
-4937
-5280
-7785
-3351
-2623
-4025
-789
-2549
-427
1365
1635
2464
2628
1159
-3327
-6119
-4348
-1477
-3055
-966
-1466
-1789
-127
241
1594
365
2688
3169
5264
4863
2785
5692
4076
3729
3373
677
-445
-21
2103
4203
5114
2750
1502
1931
1734
2039
-1967
-3891
-1186
-436
-1883
-345
-2237
-1878
-1832
-3045
-131
-1607
-973
56
-395
2584
5151
1860
3198
3018
559
852
1201
1022
-943
-4084
-2962
-747
544
508
-1057
154
-1221
-1367
-2036
996
1346
-25
-576
-2316
-3625
-3699
-2801
-2691
-43
-1751
-3700
-901
-2018
-2429
-270
-1949
-1608
-2654
-2149
-2214
-3815
447
1195
-486
-804
-5140
-7812
-5738
-3942
-3260
-518
1849
2665
2399
1703
305
-270
1439
2984
3488
2012
2068
861
3462
5364
2870
2781
1748
1611
1856
2981
4884
3310
3787
6472
5599
5144
6303
2890
-936
-548
-1490
1816
1982
166
-1417
-2279
-2110
-3825
-2432
-3295
-3059
-2900
-882
1509
3196
-1169
-1819
426
-789
727
463
-1160
-939
928
1120
2059
-306
1555
2098
1597
2917
-982
-2281
-1452
-1773
-1914
-2936
-2329
-753
1207
1668
-269
-2439
-1233
-631
-3988
-4039
-3160
-2548
-5031
-4626
-3117
-2255
-1101
3180
6383
3076
-848
-2021
-651
-2110
-3367
-3730
340
-144
-1490
-1367
-3724
-6390
-5574
-2879
-2811
1710
3857
3393
3040
4426
3337
4283
6348
4005
1851
-814
280
2286
4143
4489
1324
2733
5096
4357
2429
-1634
-768
1403
-41
2587
3205
1472
2339
1016
-342
-2455
-2000
-1217
-2033
1780
2706
1132
1690
1478
1122
-1399
-664
-846
-1211
126
-4007
-4144
-2857
-1746
-377
841
577
-930
-1833
-3201
-4290
-4939
-2147
-2496
791
2116
332
3895
1885
1612
-953
-3106
-3133
-5055
-2815
-2942
-2464
-1465
-303
-777
-1451
1370
2112
2121
140
-4250
-5268
-4865
-1862
-1515
-1659
139
1092
2576
790
1673
-1
1959
3525
1807
2925
3867
4262
2676
873
-19
937
-544
-1413
-3519
-1860
845
2851
5546
5883
6103
7609
6851
2724
-54
-2264
-585
-112
566
622
-814
270
1441
-151
2408
1970
764
2377
778
2948
3112
5643
7196
3262
458
941
-902
-1045
-2177
-3688
-1274
-1731
-2886
-2263
484
1211
-297
1398
-1359
-3765
-3638
-6630
-4832
-4012
-1451
-1714
423
636
-2951
-3552
-5923
-6827
-7789
-5200
-2458
-1195
-1526
110
1174
1413
3171
4599
3884
-1268
-625
-2248
-1820
-564
-261
3165
-125
954
1048
1631
-88
-2648
-410
-1322
-1068
1648
2351
3425
4792
3904
1966
888
1962
1600
1310
1210
1263
1742
4855
2891
1023
1621
110
907
-526
-1951
-1710
-1957
-3217
-2269
927
-1681
-2713
280
1213
-714
-2977
-1702
-1585
333
1537
2453
3554
2849
2712
1881
1232
-39
1085
5844
1151
-1288
2540
2905
1114
999
-81
-3731
-641
-3703
-3093
-3571
-5559
-4125
-4344
-2912
-2247
100
-109
79
-2533
-4559
-5625
-6062
-5349
-3537
-3551
-4777
-987
358
-2631
-3138
-1106
-1886
-1365
-784
126
3094
3673
508
40
1369
425
-440
1027
3781
2668
2577
1077
2276
2836
1132
3716
3351
2232
1560
2326
1555
1172
3136
2607
520
431
3162
3439
1612
1950
955
1261
750
-2541
-1347
-1030
-1826
-1909
-1672
-1984
862
-504
-336
1560
-1841
-454
-2034
743
2367
3371
5145
1352
-244
-628
-598
-1099
218
-1148
-990
2296
776
406
567
127
2345
1951
713
-201
287
644
-344
-2040
-2866
-726
-1173
-2207
-2146
-2671
-3670
-4753
-5620
-4144
-5535
-5625
-2919
-1156
134
-1454
-471
-637
-1964
-836
-2066
-4453
-3164
-2812
-2735
-1382
835
1356
-1130
-1059
2004
3409
2955
4443
5268
4545
3251
1634
1942
3163
2321
1484
3085
2548
-201
843
2510
4421
6469
6645
4399
2644
2941
2783
694
-225
-293
-770
-1198
-797
-1082
-2122
-1287
-2834
-2623
-2183
1001
1870
-1305
-1773
-1304
