28
12
11
30
48
36
29
26
-1
15
9
8
-8
-15
-20
-20
-7
-9
0
-25
-40
-31
-20
2
28
31
17
0
-21
-20
-32
-23
-26
-21
-42
-38
-39
-23
-17
-17
-13
-13
-13
-47
-44
-51
-21
-23
1
7
13
3
-3
-14
-19
0
2
35
7
23
13
-2
16
27
26
17
17
13
21
25
48
38
29
47
50
20
31
14
26
21
23
8
10
15
9
9
-27
-33
-58
-51
-45
-48
-58
-54
-63
-60
-72
-71
-82
-119
-98
-70
-64
-68
-61
-42
-17
-17
-15
-17
-9
-1
-1
-5
31
47
44
41
34
26
11
2
7
25
11
-6
0
-15
-17
-3
-12
-2
18
28
39
37
40
11
7
-12
-28
-21
2
-7
-11
-14
-33
-37
-41
-39
-60
-57
-63
-52
-38
-36
-21
-10
0
14
14
22
26
29
27
16
11
11
10
33
32
20
8
0
18
30
27
0
-5
20
29
14
27
54
37
14
-7
3
0
11
23
16
13
9
4
-3
27
51
52
57
70
52
40
13
14
26
22
33
20
31
44
32
30
-4
0
-16
-24
-9
-5
0
2
-19
-36
-7
-11
-25
3
-4
-20
-39
-50
-32
-32
-23
-28
-29
-11
-11
-25
-3
-27
-43
-15
-3
-26
-35
-30
-12
22
15
26
26
0
38
45
54
41
21
32
25
39
44
52
59
50
35
14
19
2
-16
-28
-26
-39
-36
-15
-19
-31
-23
-8
2
9
6
13
24
22
23
49
49
58
47
42
43
22
12
25
26
5
-5
-22
-37
-15
-4
16
-7
-40
-58
-46
-36
-40
-18
-19
-20
-31
-71
-57
-36
-42
-15
-20
-19
-12
-37
-32
-27
-32
-40
-25
24
-4
-29
-28
0
60
60
50
77
50
54
56
60
74
75
67
49
40
31
21
9
5
23
19
15
-8
-3
1
-4
-1
-22
-38
-66
-73
-46
-60
-70
-72
-91
-61
-79
-75
-77
-73
-90
-94
-83
-84
-82
-77
-82
-78
-72
-56
-64
-62
-27
-7
33
14
-1
2
-9
-11
3
8
-4
-18
-25
-22
-4
-12
-6
2
9
38
25
10
29
22
1
8
22
11
39
47
63
46
25
18
16
8
6
9
26
35
16
-13
-27
2
-4
-14
-9
0
-5
-25
-47
-58
-34
-23
-32
-20
-29
-46
-41
-33
-43
-41
-29
-31
-48
-48
-61
-60
-57
-60
-109
-111
-92
-92
-74
-70
-66
-68
-49
-56
-62
-37
-25
-31
-28
-24
-13
-24
-7
0
9
5
7
-1
-3
14
33
34
27
42
30
46
70
45
72
83
77
60
74
74
53
55
34
11
0
-8
-5
-11
-6
-19
-45
-53
-42
-35
-25
2
7
2
12
16
11
2
17
17
9
8
23
11
22
15
23
17
22
25
0
-3
-18
-10
-21
0
-23
-28
-26
-30
-45
-23
-16
-16
-24
-15
-9
-31
-12
-12
-1
18
4
-13
-9
7
42
48
54
66
54
51
73
90
81
74
57
54
56
78
91
84
85
47
49
29
46
46
41
36
54
73
71
50
46
48
41
15
13
0
14
28
13
30
11
23
4
-11
-26
-15
8
7
27
7
9
11
-5
-6
6
7
23
36
24
58
67
72
67
98
56
61
50
68
74
58
70
78
80
47
64
44
47
49
39
20
52
48
49
42
27
24
-13
-4
-16
-8
-7
-4
-3
1
4
-17
-11
-12
-22
-39
-22
-22
-23
-5
-20
-23
-19
-21
-31
-31
-35
-30
-37
-38
-20
0
8
12
12
21
1
3
6
-28
-15
-18
-27
-28
-25
-23
0
-4
-24
-18
5
14
-1
17
18
23
7
11
20
5
-7
4
24
20
39
29
17
-1
-4
11
0
0
0
0
3
4
1
6
32
32
19
-3
-3
-1
4
0
-13
-20
-24
-19
-14
-26
-43
-36
-47
-18
-21
-29
-17
-12
-6
4
4
4
10
0
-7
-21
-34
-7
10
23
28
27
-5
12
-13
-7
-7
-10
-24
-38
-44
-70
-58
-66
-49
-54
-69
-81
-73
-66
-65
-73
-88
-87
-77
-56
-64
-60
-58
-59
-52
-57
-39
-30
-35
-27
-15
-40
-32
-13
-15
-23
-21
-3
-3
11
32
37
36
17
10
18
-1
-19
-35
-30
-26
-30
-18
-3
-8
-15
-11
-15
-7
15
9
-4
-10
-26
8
16
13
27
14
13
-3
-14
-1
19
28
16
21
25
15
15
19
32
38
51
34
4
14
16
22
33
33
27
20
14
-4
-3
-12
3
-17
-31
-25
-29
-42
-45
-24
-23
-8
6
-8
9
16
9
28
11
3
19
7
5
9
5
26
6
7
1
5
-1
-1
-21
-14
4
24
22
17
12
12
-3
-21
5
3
-3
-10
-1
-6
-12
-2
-22
-26
-18
-24
-42
-41
-45
-57
-19
-33
-50
-61
-18
-28
-32
4
2
-6
-11
10
11
36
36
53
58
38
37
52
26
-3
-13
-29
-26
-12
-18
-8
-7
5
-6
-15
-6
-6
-4
-3
-37
-23
-28
-30
-24
3
-5
-24
-39
-27
-23
-27
-31
-26
-7
-18
-18
-20
19
57
66
29
26
21
32
58
75
77
68
52
59
70
84
79
74
79
72
73
52
46
56
75
62
57
60
44
72
10
0
8
-1
-9
-35
-28
-31
-29
-22
-4
-26
-7
-22
-44
-35
-59
-73
-71
-52
-64
-49
-32
-36
-24
-35
-49
-65
-14
21
29
16
-14
-36
-23
-27
-11
-29
-42
-38
-40
-69
-71
-42
-44
-59
-56
-42
-52
-33
3
9
16
-10
-27
-29
-10
3
16
5
11
25
15
16
-3
1
15
23
-1
14
43
48
38
22
20
43
17
23
47
58
46
27
29
29
38
27
7
-5
-22
-14
-9
7
1
-6
-35
-41
-39
-25
-13
-26
-20
-21
-39
-67
-61
-66
-43
-32
-33
-33
-19
-31
-6
11
-10
-29
-34
-32
-13
-6
13
-19
-6
-41
-32
-30
-11
-5
-29
-37
-26
-28
-39
-30
6
-6
-30
-12
0
2
19
11
3
-1
-17
15
20
18
27
24
19
14
40
46
44
76
67
81
61
69
72
83
84
80
76
60
38
23
39
41
34
38
2
1
22
20
-1
-1
-3
-17
-27
-44
-38
-58
-67
-82
-88
-41
-50
-78
-58
-62
-53
-47
-73
-52
-27
-64
-61
-56
-20
-12
-3
16
45
35
62
52
63
90
104
106
73
56
71
61
53
85
76
103
96
58
27
29
17
-1
-5
-26
-9
5
5
14
31
35
6
-10
-25
-16
6
2
13
6
-8
-12
-22
1
17
30
3
-2
7
-6
6
-5
-21
-13
-9
-5
5
15
5
-16
-7
3
18
17
19
27
18
9
-4
-6
13
7
-3
19
2
-28
-8
-7
-3
-30
-32
7
-1
0
25
15
19
19
49
52
29
49
42
49
46
24
58
63
59
18
5
26
20
23
28
42
49
29
9
18
-7
18
23
-11
0
-9
-7
10
12
34
18
25
1
-18
-2
-2
1
-7
-8
31
27
12
4
11
37
16
26
24
48
68
41
36
29
24
0
0
-10
-39
-26
-21
-23
-27
0
-7
-17
-29
-60
-54
-47
-78
-77
-85
-54
-49
-79
-57
-42
-60
-66
-32
-14
-23
-33
-16
-22
0
13
5
7
16
5
-25
-13
-21
-7
-27
-13
-10
-40
-2
-7
0
-12
-34
-38
-8
-11
-44
-37
-28
-29
-32
-48
-40
-14
-15
-29
-16
-50
-79
-53
-45
-15
-21
-13
1
-18
-41
-28
-15
-2
-19
-46
-15
-9
-14
-16
-10
16
18
36
23
41
57
57
54
44
53
44
29
45
50
51
40
24
-15
-11
-1
-29
-55
-44
-36
-49
-53
-73
-87
-73
-72
-83
-70
-54
-61
-56
-50
-32
-26
-35
-16
3
30
20
7
27
67
43
3
49
49
57
28
30
52
34
47
8
31
21
32
36
37
63
59
66
30
30
34
37
46
21
6
14
8
23
31
30
41
35
47
35
40
23
34
69
65
24
13
40
54
12
-7
12
11
10
13
3
-5
-33
-37
-21
-16
0
10
37
56
36
34
61
50
41
33
-15
-4
6
15
17
12
9
-16
-12
26
36
35
53
49
32
39
58
61
22
20
78
46
42
45
58
29
9
24
25
21
-19
-14
-5
11
-18
-14
-20
-26
-12
-39
-21
-11
-9
-27
-27
-42
-54
-79
-70
-41
-51
-36
-9
-4
-27
-27
-19
-14
-29
-39
-12
-23
-49
-21
-21
3
-4
-22
-20
-20
-41
-65
-57
-49
-39
-39
-36
-36
-51
-15
-38
-22
-30
-41
-28
-11
-19
-29
-40
-19
-15
-27
-41
-52
-67
-59
-48
-59
-53
-48
-49
-33
-10
-22
-15
-12
-29
-59
-34
-33
-12
-36
-36
-3
-4
-38
-17
2
7
-3
-13
-32
-14
-15
-7
-15
-13
-13
-12
-20
-55
-55
-41
-45
-57
-77
-75
-38
-37
-43
-50
-54
-52
-53
-51
-70
-81
-63
-58
-61
-39
-39
-38
-21
-33
-35
-45
-42
-61
-32
-20
5
-14
-10
-13
-10
-22
-30
-4
-18
-15
-14
-37
-37
-42
-85
-89
-82
-61
-67
-45
-43
-84
-64
-56
-78
-64
-31
-33
-14
-20
-41
-10
-21
-6
-20
-25
3
13
-6
-10
3
6
-10
-36
-21
2
40
32
31
26
22
18
0
5
-2
28
61
43
32
28
41
50
40
23
25
6
15
20
4
21
6
-6
10
19
36
21
24
40
46
41
40
66
65
88
96
89
103
115
119
87
117
107
88
99
80
52
21
31
43
30
6
32
11
5
23
18
21
28
46
67
65
37
36
45
8
22
14
24
7
26
32
8
7
5
16
-2
-33
-22
12
22
5
5
13
10
45
19
34
61
59
69
45
10
20
35
62
76
53
48
21
32
45
52
52
51
47
32
50
43
50
71
59
101
86
62
69
77
105
98
83
77
86
110
127
106
94
82
75
114
96
84
77
95
97
67
68
35
34
19
25
1
-18
-13
-10
-31
-36
-2
-5
-4
-14
-10
-25
-17
-11
9
-7
4
9
-3
31
45
37
34
21
26
62
55
72
71
87
99
89
98
93
95
91
106
98
94
116
100
99
122
79
47
87
69
92
78
59
58
44
23
31
43
16
25
18
15
-8
-14
-34
-53
-52
-64
-76
-94
-99
-91
-93
-80
-86
-82
-78
-61
-46
-51
-71
-72
-60
-46
-37
-22
-32
-7
-40
-50
-35
-15
4
4
3
-28
-24
-23
-8
-4
-17
-1
-19
-17
-33
-63
-71
-86
-76
-68
-80
-59
-78
-75
-77
-82
-62
-83
-74
-48
-31
-37
-19
-29
-18
2
-25
-24
-13
-5
8
13
-10
-16
-20
-9
-22
-29
-34
-37
-33
-51
-52
-58
-67
-53
-47
-27
-30
-14
-32
-43
-52
-52
-24
-31
-22
-38
-53
-47
-49
-54
-72
-48
-23
-18
0
-1
-15
-8
6
-17
-6
-5
-17
-28
-40
-30
-40
-48
-72
-65
-67
-75
-51
-44
-58
-73
-70
-61
-31
-62
-63
-59
-64
-51
-37
-52
-77
-55
-65
-81
-51
-68
-61
-46
-35
-27
-29
3
6
-10
-9
8
20
8
24
45
48
23
35
20
5
-6
-6
7
2
31
-11
-18
-17
-3
3
-12
13
3
-4
-4
1
-6
-34
-27
-39
-33
-39
-33
-20
-1
7
-18
-11
17
15
15
32
33
29
43
23
-4
-2
30
39
23
27
37
34
27
22
11
44
26
-7
-3
-8
-41
-49
-33
-28
-14
-17
-7
12
-5
12
16
3
-1
13
15
3
39
7
-7
11
-8
1
0
14
-20
-31
-17
-26
13
14
31
18
22
11
18
51
42
44
38
41
20
9
17
-1
14
6
11
20
4
14
-2
-9
-10
0
7
7
-13
-19
-24
-34
-60
-56
-26
-7
-19
-35
-28
-24
-4
13
14
31
36
44
16
19
36
55
71
50
64
51
45
66
53
37
32
34
30
45
57
24
46
25
10
-11
-31
-66
-57
-40
-74
-94
-61
-40
-22
-20
-21
-20
-38
-32
-33
-36
6
-1
-1
17
22
36
37
32
43
40
15
41
76
56
61
45
44
72
53
48
50
75
75
48
33
31
28
48
61
45
5
0
-1
7
-1
24
32
4
-10
2
-9
-3
5
17
0
-32
19
16
12
18
11
-13
-17
-35
-18
-12
-24
-8
-9
5
15
10
3
6
0
16
18
8
38
42
37
25
15
6
14
23
52
55
60
40
36
24
45
55
54
50
54
68
34
9
16
51
60
43
49
37
47
49
42
34
30
25
5
12
21
8
13
7
-12
-41
-27
-49
-64
-42
-71
-70
-64
-41
-46
-47
-39
-40
-31
-48
-77
-85
-81
-45
-45
-40
-28
-9
-8
-19
-32
-41
-56
-48
-28
2
-8
-5
6
4
18
1
3
37
34
13
18
39
28
25
46
55
36
45
53
29
48
33
-7
-27
-23
-8
-16
-19
-24
-35
-33
0
-6
-16
-17
-36
-34
-35
-45
-20
-22
-13
-1
0
-34
-14
-16
-58
-53
-54
-49
-60
-15
-2
-28
-3
23
9
-3
20
32
21
3
-1
5
9
2
-3
-11
-11
-44
-46
-31
-91
-86
-113
-111
-85
-83
-91
-115
-106
-98
-104
-124
-125
-108
-98
-120
-100
-105
-97
-97
-87
-68
-80
-80
-74
-69
-64
-58
-52
-54
-56
-36
-38
-52
-45
-78
-87
-58
-66
-63
-68
-85
-59
-57
-48
-37
-39
-33
-48
-28
-25
-5
-27
-44
-41
-46
-29
-14
-20
-27
0
1
-9
-33
-68
-31
-14
-18
-22
-34
-14
-1
4
-14
-16
7
4
-1
0
33
45
0
-16
-15
-34
-19
-21
-11
-17
-38
-33
-20
-33
-18
-21
-28
-8
-11
-1
8
0
-9
-17
-2
-11
19
56
73
71
72
55
54
77
102
98
105
102
64
67
72
72
88
74
70
66
31
25
42
55
62
46
42
35
35
48
17
41
55
58
62
65
78
74
66
47
44
67
32
32
25
40
46
54
65
77
48
36
23
45
76
67
52
56
61
67
89
75
84
86
66
83
92
74
76
58
41
52
35
37
18
-7
-21
-33
-23
-20
-18
-21
-9
0
-7
-25
-15
-11
-30
-1
18
8
31
18
17
24
18
5
10
24
18
16
25
30
10
0
-20
6
26
-1
1
-6
7
14
14
18
13
1
5
21
0
8
-5
-13
-26
-51
-61
-15
-20
-35
-16
-44
-48
-53
-48
-54
-75
-56
-58
-79
-55
-83
-63
-44
-86
-89
-70
-85
-89
-70
-47
-38
-42
-43
-40
-48
-45
-77
-58
-53
-73
-79
-78
-74
-56
-72
-89
-79
-72
-67
-73
-64
-69
-83
-70
-72
-82
-81
-63
-58
-57
-42
-44
-23
-14
-45
0
21
39
34
36
35
26
16
-11
0
6
23
30
7
-31
-15
-12
-29
-10
-23
-53
-37
-25
-32
-39
-54
-36
-33
-26
-8
-10
4
-7
9
34
37
53
43
48
41
54
82
59
67
65
42
47
65
49
62
49
45
56
59
74
62
39
50
67
55
56
76
86
69
38
6
17
34
45
24
31
58
59
62
33
47
68
68
71
61
54
66
77
70
67
48
50
51
50
60
50
59
58
55
48
32
-5
4
-1
-37
-34
-27
-28
-41
-20
-12
-20
-46
-37
-30
-17
-29
-7
-14
-12
-10
-7
3
-3
-6
-8
3
-4
-6
-9
7
-2
-23
-6
10
24
31
17
6
-2
18
46
63
59
60
51
12
34
24
-6
17
-15
-40
-14
-10
-16
-31
-68
-82
-81
-114
-120
-108
-114
-119
-126
-157
-142
-137
-140
-130
-111
-118
-120
-116
-138
-126
-108
-107
-85
-84
-95
-82
-77
-79
-55
-33
-58
-47
-30
-16
-20
-21
-14
-19
-29
-8
-8
-3
20
20
26
19
1
8
25
17
10
-2
-2
-29
-30
-20
-7
13
-9
-2
-17
-53
-81
-68
-69
-62
-72
-76
-45
-53
-47
-41
-40
-29
-15
-3
-42
-35
-10
22
10
-13
-1
30
46
37
21
35
28
33
17
12
39
22
-8
4
22
22
26
30
55
52
38
39
65
62
64
42
33
47
54
79
64
87
88
82
79
74
94
71
81
91
115
121
94
71
69
68
68
58
34
48
51
73
72
51
68
80
87
80
57
66
65
50
48
66
59
49
41
50
46
51
65
48
18
26
56
77
95
110
96
109
115
105
128
126
92
95
108
92
86
84
63
47
55
58
64
80
72
56
34
36
22
26
37
58
67
60
56
69
54
66
77
62
60
40
26
44
60
28
40
15
-7
-17
-17
-16
-19
2
5
7
-10
-12
-13
-26
-24
-23
-20
-36
-42
-27
2
-20
-39
-37
-42
-39
-38
-45
-72
-49
-54
-55
-41
-51
-51
-32
-34
-16
-12
20
0
-31
-29
-34
-3
6
1
8
9
2
-5
0
9
20
50
67
34
15
11
5
2
-2
2
-9
-25
-42
-26
-12
-29
-51
-62
-54
-51
-59
-59
-84
-87
-108
-87
-95
-113
-104
-111
-118
-124
-108
-80
-69
-65
-53
-54
-40
-64
-45
-31
-22
-15
-33
-12
-24
-43
-28
-9
-3
-7
-5
-11
-24
-47
-34
-43
-13
20
26
18
-6
8
7
-17
5
-1
-17
-24
-15
-4
-35
-33
-28
-36
-16
-20
-18
0
16
13
26
16
19
24
20
-3
-14
-1
-17
-1
4
23
16
31
11
7
-13
-22
4
35
48
23
48
48
25
35
11
20
21
47
66
67
48
28
35
55
48
38
22
24
20
18
15
1
-9
-8
2
17
27
41
45
29
38
52
45
72
95
96
99
88
72
88
82
67
73
82
69
54
60
27
37
31
3
6
-15
-10
13
10
8
-5
-3
-19
-45
-34
-47
-43
-33
-41
-27
-19
-23
-39
-36
-44
-46
-35
-34
-33
-47
-39
-24
-42
-38
-50
-54
-54
-78
-62
-64
-58
-53
-66
-52
-30
-15
-7
-20
14
20
16
9
10
35
35
53
32
41
50
36
43
61
35
27
39
58
54
21
45
38
16
-3
1
14
21
17
25
53
53
55
28
50
23
9
-8
-20
0
0
-12
-11
-44
-55
-48
-48
-52
-58
-69
-95
-81
-77
-62
-40
-48
-64
-75
-96
-82
-77
-69
-61
-67
-37
-20
-7
-12
0
31
38
52
50
29
23
43
27
49
45
58
56
34
43
24
24
18
21
20
44
60
53
43
40
33
45
32
10
3
3
-19
-12
-16
-26
-20
-13
9
-4
-31
-29
-11
-29
-28
-35
-34
-21
-31
-23
-20
10
25
6
44
13
9
-1
5
0
-1
2
-17
-9
-11
-15
-24
-39
-36
-45
-48
-48
-54
-47
-37
-47
-54
-48
-29
-24
-11
-8
7
2
-7
4
21
7
-16
13
11
15
-2
-24
-14
-6
-19
-24
-21
3
-6
2
10
-19
-25
-45
-73
-55
-58
-60
-44
-62
-63
-78
-75
-80
-89
-83
-93
-95
-75
-67
-61
-70
-74
-63
-47
-26
-46
-55
-61
-78
-79
-83
-78
-51
-34
-52
-55
-52
-44
-39
-52
-20
-8
-13
3
19
14
11
11
4
3
-3
-11
-10
15
-10
-39
-54
-52
-39
-54
-38
-64
-46
-46
-57
-42
-32
-28
-14
-24
-40
-12
2
-37
-20
-13
-14
-14
8
14
11
20
27
29
56
52
29
34
17
7
40
42
35
24
13
34
39
36
22
35
43
49
34
43
51
36
25
12
20
3
10
-7
-9
7
-6
4
-13
-1
0
1
20
16
21
44
46
42
35
46
75
85
86
120
123
104
109
95
85
73
71
47
51
61
53
56
41
54
59
33
26
31
12
10
11
14
17
-15
4
29
23
19
0
6
25
1
-25
-21
-4
-26
-8
2
26
52
42
41
53
25
38
60
57
86
62
68
35
41
46
72
61
39
33
28
39
27
13
32
28
21
18
39
43
65
40
28
18
17
37
29
37
49
43
58
67
83
73
80
71
95
112
74
63
46
49
46
45
12
-9
19
6
-3
4
7
4
10
-9
-6
0
-7
11
-10
1
-13
-24
-39
-61
-73
-51
-54
-59
-53
-29
-10
-7
-26
-21
0
-6
-14
-26
-21
-25
-35
-54
-36
-37
-26
-18
11
14
-10
-10
-21
-10
-6
19
9
17
41
0
23
35
22
46
64
43
13
8
-1
-2
5
-9
11
-1
-22
-21
-23
-27
-14
0
-8
15
18
-3
-21
-3
-12
12
34
13
6
13
19
21
18
15
33
36
36
39
32
50
44
41
23
42
26
39
43
43
37
18
36
33
58
45
33
35
31
22
38
23
8
-6
-13
-15
1
0
22
33
19
13
-17
3
7
13
20
-1
26
13
-2
-9
-31
-50
-39
-37
-46
-35
-36
-59
-68
-87
-116
-96
-97
-95
-94
-75
-56
-80
-72
-72
-75
-71
-52
-66
-74
-87
-86
-57
-50
-50
-45
-41
-33
4
14
23
12
-1
-1
-12
-2
11
-15
-38
-24
-1
-27
-30
-8
-22
-26
-24
-19
-24
-17
-22
-42
-49
-68
-66
-40
-67
-73
-70
-70
-66
-71
-81
-96
-103
-97
-102
-86
-71
-115
-111
-104
-101
-101
-90
-95
-100
-92
-105
-126
-105
-101
-113
-90
-70
-78
-69
-73
-92
-95
-99
-130
-119
-110
-103
-125
-118
-109
-100
-100
-85
-84
-85
-77
-83
-88
-91
-65
-48
-40
-70
-67
-57
-33
-3
-8
11
12
13
12
-3
5
20
14
0
6
17
37
37
33
15
15
0
3
-2
4
3
-16
3
17
9
-3
-25
-18
20
-3
-1
3
3
8
-2
-18
1
11
12
28
0
10
-5
16
12
5
40
31
46
42
44
57
71
76
98
111
106
91
84
78
73
99
82
81
85
63
67
74
79
98
120
107
101
83
69
57
59
61
29
60
70
76
59
57
70
57
32
62
70
61
83
84
55
55
72
72
43
36
57
77
82
70
78
81
41
38
63
48
37
20
44
47
46
47
69
49
47
53
56
74
61
64
49
45
36
53
72
47
35
34
20
39
24
45
53
67
99
72
61
49
35
51
54
43
58
67
78
106
118
101
70
54
49
71
94
103
83
82
74
52
50
35
35
19
26
20
17
6
9
2
-3
-11
-32
-10
-49
-64
-38
-35
-33
-25
-16
-19
-17
-28
-50
-50
-40
-42
-45
-47
-30
-22
-32
-37
-10
-24
-14
-19
-35
-43
-55
-54
-73
-38
-34
-28
-20
-20
-23
-48
-22
-40
-18
-24
-27
-2
-7
17
40
27
18
11
16
33
16
34
45
48
52
74
67
88
73
37
39
37
15
12
9
32
35
15
2
-19
-2
-5
-26
-16
-45
-52
-55
-71
-65
-57
-78
-78
-70
-73
-57
-55
-47
-87
-61
-59
-43
-25
-38
-39
-23
-13
-31
-39
-27
-20
-12
-11
-11
-4
6
10
23
19
18
55
51
22
45
34
43
35
52
63
53
59
34
21
11
10
-4
11
-15
-19
-16
-35
-14
-32
-41
-39
-20
-32
-48
-26
-32
-49
-32
-29
-43
-37
-29
-34
-49
-42
-58
-63
-46
-56
-19
-23
-8
-4
-18
-16
-34
-22
-27
-30
-50
-44
-19
-24
-37
-27
-24
-33
-36
-15
-7
-21
-22
-57
-35
-39
-52
-25
-40
-43
-18
-23
-26
-22
-21
-1
9
2
-3
18
12
33
28
39
41
27
21
-1
4
8
12
10
11
10
11
18
36
22
32
20
13
18
8
-2
-26
4
-4
-24
-48
-36
-45
-41
-33
-31
-38
-48
-31
-40
-22
-19
-27
-28
-14
-15
8
56
76
55
45
79
61
53
41
65
51
36
54
53
46
50
51
69
74
43
30
29
27
21
15
17
16
22
26
34
48
41
20
34
14
25
25
21
11
0
23
-3
14
4
14
14
33
17
9
-16
-20
-1
5
-3
4
-8
-16
-15
-33
-33
-27
-36
-54
-45
-50
-60
-63
-34
-28
-50
-58
-48
-48
-58
-72
-76
-24
-6
-47
-46
-47
-35
-43
-41
-37
-24
-7
9
14
20
26
18
23
32
38
50
49
36
28
25
-8
-32
-20
-21
-7
-6
-1
-14
-6
-14
0
-7
-13
-13
-33
-43
-40
-34
-48
-42
-34
-32
-27
-33
-38
-34
-25
-45
-55
-38
-11
7
-4
-5
15
31
23
34
39
60
92
123
130
120
110
104
91
103
96
104
79
88
112
119
111
91
78
49
44
48
40
26
34
14
-4
23
4
-8
0
4
-6
-12
2
11
-35
-20
-4
-13
5
-1
-21
-8
17
11
28
44
35
34
46
41
39
42
32
34
33
36
36
24
9
-5
-24
-48
-36
-29
-27
-35
-30
-45
-57
-36
-23
-20
-14
-14
-11
-12
-32
-12
20
49
76
65
63
77
84
88
103
107
96
85
76
80
90
103
99
102
90
67
63
69
58
55
50
23
9
11
-9
1
-33
-62
-39
-34
-60
-85
-97
-102
-101
-98
-127
-151
-167
-144
-124
-105
-76
-85
-75
-59
-64
-70
-81
-89
-84
-113
-89
-81
-91
-91
-110
-73
-65
-61
-19
9
4
6
4
10
47
12
4
-10
21
14
-11
-20
-45
-51
-38
-23
-36
-36
-56
-47
-26
-4
-9
-41
-32
-12
-38
-23
-29
-57
-30
-27
-29
-28
-19
-7
-35
-4
-22
-45
-47
-34
-1
13
-15
-24
-19
-15
-28
-36
-9
-24
-26
-25
-24
-14
5
-10
-2
0
15
1
0
0
-17
8
10
16
9
20
13
19
49
44
55
52
29
34
35
61
88
96
122
133
151
148
127
118
112
89
78
105
107
105
110
81
80
79
77
75
65
66
36
57
62
46
76
83
82
65
77
75
100
103
90
75
80
97
75
67
85
103
100
87
78
82
95
88
61
64
68
59
70
82
88
73
64
78
101
77
78
73
44
46
18
16
21
28
46
27
4
-6
3
-8
-8
-12
-41
-58
-47
-46
-39
-22
-6
-19
-26
-21
-21
-25
-49
-12
9
18
33
29
14
-5
-13
-26
-26
-6
0
-4
9
-4
-24
-37
-50
-86
-82
-83
-119
-89
-111
-104
-124
-137
-130
-128
-148
-131
-120
-137
-128
-141
-156
-141
-136
-132
-127
-123
-96
-96
-88
-102
-89
-92
-90
-78
-102
-107
-77
-81
-110
-96
-98
-69
-43
-57
-61
-39
-32
-37
-35
-37
-48
-54
-81
-74
-99
-128
-108
-111
-90
-88
-107
-99
-106
-99
-91
-87
-48
-29
-69
-56
-9
-22
-17
-23
-43
-23
-20
-13
-33
-39
-9
-13
-15
8
19
-1
-24
-28
-58
-29
1
16
13
-10
-9
-11
-11
-2
7
20
54
41
36
52
58
67
50
35
54
33
27
59
82
76
74
55
78
68
32
48
46
59
68
71
78
58
47
30
63
58
62
70
36
36
25
44
38
24
15
4
-24
-5
4
-13
-8
8
10
15
14
13
-10
5
-22
15
30
42
55
29
43
62
67
59
30
38
40
27
20
37
34
34
47
52
58
30
-8
-11
-27
-18
8
2
5
-8
-13
0
33
36
34
-8
-15
-10
-9
-11
-9
-6
10
-4
-23
-15
2
-16
-11
-2
1
10
3
5
28
26
22
12
13
12
8
33
5
2
17
-17
-62
-60
-55
-39
-23
-45
-37
-37
-41
-61
-58
-55
-84
-68
-83
-83
-94
-58
-55
-76
-53
-51
-41
-50
-57
-51
-66
-42
-32
-22
-16
-46
-39
-19
-27
-39
-3
14
-5
19
41
23
41
34
28
49
52
25
11
19
5
-7
18
1
14
-22
-7
-12
26
-1
-8
-10
-44
-32
-25
-22
-24
-40
-51
-50
-67
-43
-54
-67
-43
-34
-17
1
26
19
1
-25
-30
-14
-11
-16
29
66
64
55
38
78
71
81
72
80
85
92
111
100
79
99
84
67
70
85
104
81
69
49
47
57
41
67
68
58
52
48
62
63
43
53
48
56
58
35
15
30
49
19
12
-2
5
10
31
0
5
29
19
38
38
20
32
18
4
-6
-28
2
-5
-9
-4
-22
-44
-48
-64
-71
-67
-66
-49
-23
-28
-18
0
14
26
37
43
42
78
75
53
47
19
7
56
87
78
82
68
39
34
24
35
32
5
16
39
19
9
-12
-20
-14
-35
-40
-45
-48
-61
-74
-74
-96
-103
-118
-87
-75
-70
-80
-72
-64
-60
-46
-46
-22
-43
-28
-9
-42
-34
-24
-16
-9
-43
-54
-72
-53
-49
-71
-72
-73
-41
-27
-30
-3
-5
-5
-1
-10
-22
-32
-30
-18
-17
-9
4
0
-2
5
-12
-15
-6
-16
-12
-11
-22
-7
-2
-4
5
5
-1
-4
-7
-8
-8
-1
0
-4
14
12
22
3
8
20
24
26
19
8
15
35
22
15
-11
-17
-3
-22
-17
-39
-53
-77
-62
-68
-51
-54
-45
-30
-32
-26
-7
0
-24
-1
28
21
5
8
21
19
5
-7
10
13
27
27
39
28
21
30
28
17
12
16
21
20
21
19
36
49
56
59
30
11
-2
-13
5
13
8
30
10
31
27
17
4
20
26
11
-3
14
38
28
27
14
3
34
33
23
42
28
50
56
71
85
81
76
59
45
54
44
54
50
33
12
9
31
6
0
20
41
36
49
61
46
41
31
44
34
20
20
18
-1
-19
2
6
8
-11
-6
-3
-24
-15
-17
-11
29
56
29
25
13
5
3
-11
-7
-15
-28
-33
-38
-40
-45
-44
-47
-50
-55
-44
-46
-53
-62
-54
-73
-73
-75
-93
-68
-76
-80
-66
-86
-96
-86
-77
-75
-75
-70
-81
-47
-24
-27
-27
-21
-10
-2
15
18
19
6
-24
-39
-42
-40
-25
-2
4
-6
-14
-23
-22
-21
-23
-24
-32
-28
-54
-31
-9
-17
-19
-44
-44
-61
-80
-66
-47
-64
-80
-70
-79
-55
-33
-45
-31
-18
-58
-49
-45
-43
-20
-5
-39
-38
-30
-56
-53
-49
-48
-48
-45
-41
-15
-34
-33
-33
-24
-15
-23
-26
-32
-51
-55
-57
-49
-40
-45
-31
-57
-55
-50
-37
-20
-2
0
8
25
44
46
31
12
6
24
51
48
59
59
52
57
56
42
58
58
49
55
33
22
24
43
47
35
33
45
33
43
29
15
8
-11
-4
-2
-16
-24
-30
-3
4
-14
-16
-20
-1
17
14
11
33
56
54
77
66
54
65
57
61
69
76
78
88
69
81
100
91
95
72
90
77
80
107
108
93
87
65
46
45
31
40
36
48
27
3
19
13
10
23
15
35
23
18
25
38
34
41
38
12
4
15
12
32
37
36
31
3
-15
4
10
36
56
55
74
47
47
64
57
69
63
40
33
27
10
14
4
0
-4
-1
15
-1
-8
-26
-15
-27
-14
4
-12
-16
-5
-15
-24
-37
-25
-18
-8
12
28
37
56
44
33
29
20
26
29
7
-11
6
-10
2
6
-18
-18
-23
-50
-28
-19
-44
-46
-31
-41
-42
-37
-38
-20
-43
-58
-43
-62
-49
-40
-10
-4
-2
12
22
-30
-47
-46
-5
0
8
32
34
15
3
4
-10
0
19
31
35
13
6
8
-14
-24
-17
-20
-12
-21
-41
-38
-58
-49
-32
-23
-23
-13
-3
15
8
-5
-22
-2
12
14
14
4
-15
-16
-33
-53
-48
-32
-40
-37
-3
1
3
-14
-3
11
11
16
19
39
19
7
1
-13
-35
-44
-17
-22
-34
-30
-25
-13
3
8
11
9
19
1
0
0
4
0
19
34
14
25
20
21
0
-15
10
13
16
6
38
44
29
9
32
19
13
13
19
20
-6
0
-33
-57
-61
-76
-81
-72
-38
-26
-20
-27
-28
-43
-26
-27
-13
20
10
2
18
-9
-34
-47
-55
-77
-70
-54
-52
-28
-34
-23
-35
-43
-24
-7
-6
-28
-17
-18
-24
-37
-46
-58
-84
-77
-35
-36
-28
-20
-14
-41
-46
-23
-17
-57
-34
-24
-36
-58
-80
-96
-115
-116
-108
-97
-110
-83
-66
-36
-22
-21
-11
-15
-20
-21
-8
-12
5
20
13
4
-19
-42
-73
-74
-69
-41
-13
14
49
34
5
-8
-17
-15
-3
31
21
31
15
4
-20
-31
-44
-53
-59
-65
-34
-28
-43
-27
-3
-5
-2
22
38
59
96
99
81
52
19
0
19
28
52
80
110
79
52
59
58
64
60
74
87
82
72
79
70
50
60
59
27
16
10
-12
-45
-29
35
55
56
81
90
46
41
32
-6
-5
-9
23
39
29
3
11
-5
5
31
31
29
30
51
50
49
25
47
51
78
90
99
92
72
62
32
25
38
31
61
96
80
75
112
109
118
147
145
100
78
85
83
47
20
-18
-34
-5
48
68
53
54
31
12
25
26
57
65
79
101
83
78
68
53
61
58
77
85
80
107
84
20
-42
-53
-48
-20
9
44
55
6
-9
-43
-74
-88
-79
-69
-37
-10
-22
-32
-58
-63
-66
-69
-73
-37
-33
-20
-4
5
22
24
21
38
3
-10
-20
-22
1
12
20
13
16
4
-15
4
40
51
29
27
18
-16
-18
-51
-61
-36
-38
-56
-57
-75
-103
-144
-175
-161
-156
-131
-76
-74
-56
-54
-45
-22
-36
-47
-50
-66
-78
-111
-110
-72
-37
-21
-13
-3
-29
-92
-102
-120
-129
-116
-111
-94
-100
-141
-132
-87
-54
-9
-10
-4
-51
-69
-62
-104
-137
-99
-32
-22
10
-2
-37
-77
-78
-45
-37
-33
-21
12
19
34
49
57
49
65
117
119
105
94
64
14
-14
-34
-7
25
34
40
26
-14
-63
-80
-65
-60
-51
-25
17
34
17
13
-26
-38
-39
-28
2
-25
-53
-90
-95
-95
-99
-43
9
50
78
97
83
50
24
28
30
56
91
68
21
40
55
65
74
74
61
16
4
-18
-38
-36
37
117
137
120
44
-28
-27
-27
-34
-23
20
10
-21
-3
3
-48
-35
0
48
58
73
76
69
51
28
28
8
-2
-2
-19
4
58
67
42
4
-24
-76
-101
-122
-51
91
140
140
137
88
43
-45
-81
-105
-144
-107
-52
-29
-84
-89
-69
-34
-6
10
61
66
63
52
93
105
56
10
18
22
11
75
139
181
165
122
31
-87
-146
-123
-69
36
183
251
180
75
-47
-162
-236
-179
-29
78
99
82
24
-107
-178
-140
-72
-3
37
82
69
30
-36
-56
-19
-4
25
62
67
9
-48
-27
-37
-52
-78
-46
-40
-42
-7
61
112
111
111
85
27
-96
-140
-138
-145
-146
-96
-78
-105
-97
-53
-26
-60
-78
-32
-79
-96
-25
78
96
106
129
119
25
-27
-18
-25
3
-23
-12
9
-22
-101
-101
2
112
191
251
246
164
46
-29
15
4
46
108
83
47
19
-59
-108
-142
-128
-105
-57
-27
-19
0
-23
-24
65
87
33
-29
-73
-57
-87
-90
-53
-31
-80
-81
-7
2
2
85
171
200
166
126
107
10
-48
-46
1
35
90
136
117
76
31
11
-5
-22
56
117
114
148
191
170
141
110
95
3
-47
-29
-49
-147
-203
-215
-226
-258
-161
-42
-35
3
104
184
135
66
68
60
-19
-19
24
-28
-87
-52
-31
-25
-14
-63
-100
-62
0
113
126
109
159
237
244
186
164
63
-37
-38
-55
-79
-95
-175
-160
-210
-215
-193
-179
-89
33
102
102
96
76
-13
-52
-55
-78
-43
-5
62
7
-132
-170
-195
-199
-69
62
102
78
25
18
-6
-22
-7
82
148
159
128
56
-100
-202
-189
-100
-58
-46
-20
-88
-149
-198
-155
-77
-65
-25
14
-33
-132
-164
-128
-27
69
80
66
45
-59
-141
-92
0
84
106
186
228
138
7
-51
-75
-2
102
128
111
124
47
7
-8
8
25
4
0
65
34
-31
-77
-114
-79
-74
-95
-73
-64
-68
-40
40
17
-52
-64
-52
-22
23
113
206
166
66
73
33
-33
-12
40
-6
-99
-67
-12
-21
-87
-99
-12
29
-3
-35
-23
-27
-11
99
198
220
109
-15
-144
-323
-358
-232
6
192
298
327
259
115
-67
-107
-7
96
198
265
242
134
-21
-59
-65
-65
20
187
228
184
94
18
-70
-108
-85
-13
-1
9
-24
-35
-67
-107
-112
-116
-158
-133
-130
-64
-32
7
71
166
234
192
157
147
103
141
86
-53
-105
-112
-120
-103
-51
-7
12
5
64
39
-77
-173
-141
-49
-30
33
136
98
8
-19
1
-47
-133
-170
-100
-52
-52
-37
-18
-31
-67
-1
69
93
91
108
218
269
166
15
-85
-148
-123
-16
181
275
243
156
17
-179
-283
-284
-175
-84
79
166
74
-77
-201
-317
-397
-404
-306
-157
27
64
19
-43
-105
-120
-62
65
78
112
156
169
229
146
18
-116
-284
-302
-164
-26
90
153
166
127
0
-151
-212
-179
-128
43
235
325
254
113
-49
-229
-371
-420
-340
-205
9
99
75
32
51
66
48
79
105
10
-61
1
119
153
123
16
-63
-149
-198
-72
89
213
281
288
74
-201
-371
-448
-355
-130
195
380
301
112
-79
-301
-516
-531
-196
112
278
335
320
216
31
9
116
167
140
148
221
199
68
78
-8
-88
-139
-150
8
51
106
208
265
193
0
-132
-248
-361
-343
-95
180
275
268
151
-40
-231
-421
-351
-123
79
260
361
383
203
-9
-95
-140
-84
-58
86
227
252
319
310
235
136
85
77
90
200
248
219
102
-46
-172
-299
-318
-278
-178
-59
44
47
-31
-150
-298
-406
-436
-239
55
224
263
344
442
408
285
156
7
-154
-363
-367
-229
-86
87
255
338
186
-40
-97
63
215
350
446
428
224
-3
-178
-329
-432
-372
-105
32
59
-47
-258
-461
-539
-391
-146
50
225
400
464
386
330
283
136
-59
-225
-312
-325
-258
-106
28
120
206
203
36
-13
101
218
187
77
-2
-47
-191
-282
-222
-216
-182
-91
-5
18
-112
-348
-485
-547
-487
-277
41
301
428
543
515
236
26
-100
-137
-220
-209
0
150
117
54
128
46
-109
-37
216
411
381
169
-5
-201
-448
-416
-173
-76
-10
25
60
-31
-288
-439
-420
-311
-103
46
190
193
135
238
382
382
296
147
-2
-212
-400
-342
-166
-83
-1
204
226
-37
-158
-119
4
151
311
415
273
97
64
43
-57
-192
-175
-154
-286
-414
-437
-472
-501
-349
-139
-26
-20
54
249
497
665
664
597
373
50
-127
-208
-57
64
114
215
166
-78
-337
-486
-469
-278
1
107
126
146
133
141
210
293
375
325
184
39
-223
-493
-538
-366
-261
-152
-109
-162
-204
-140
111
345
377
305
191
175
107
47
219
359
458
455
369
230
-27
-251
-302
-258
-305
-370
-319
-261
-212
-10
214
406
367
261
85
-113
-217
-216
-110
-39
-21
-97
-230
-392
-457
-264
-31
116
173
51
-111
-278
-349
5
444
615
697
614
327
75
-75
-102
-72
-180
-282
-352
-408
-499
-429
-253
-19
132
141
103
-84
-217
-186
-91
5
110
138
13
-136
-207
-159
-48
129
260
190
-88
-288
-350
-196
129
424
572
609
456
257
119
16
37
76
213
233
20
-167
-319
-324
-214
-60
-42
-98
-202
-221
-261
-245
-131
20
75
30
0
-1
-39
-63
54
61
-49
-249
-321
-233
-184
24
387
582
507
211
112
100
28
117
219
265
122
-73
-69
-115
-253
-263
-44
45
-58
-154
-253
-282
-307
-194
67
61
-51
-37
-47
-13
117
294
443
307
-29
-427
-733
-676
-314
241
683
873
644
206
-62
-216
-256
-45
164
376
453
401
356
223
-41
-116
-35
-69
-125
-206
-198
-113
-74
3
-33
-215
-441
-521
-354
-29
310
576
665
373
-21
-480
-643
-398
-2
353
656
615
341
21
-139
-269
-209
-76
29
117
145
106
163
113
217
368
242
50
-109
-361
-465
-363
-70
162
169
-26
-290
-592
-574
-324
72
554
613
438
72
-423
-606
-396
-28
400
716
783
631
281
-113
-350
-466
-487
-263
43
156
335
495
389
208
-40
-301
-423
-478
-338
-74
164
293
244
-69
-544
-960
-827
-417
79
595
726
500
67
-426
-681
-617
-333
125
549
642
577
313
-85
-391
-334
-131
-16
19
59
101
117
146
256
205
-25
-244
-416
-474
-349
-140
142
288
227
-13
-419
-624
-453
-122
288
524
532
309
-146
-565
-683
-509
-193
133
413
558
520
282
100
-39
-80
-21
102
232
205
137
178
132
26
-155
-363
-528
-624
-558
-307
-116
-58
37
-47
-271
-410
-338
-33
330
540
562
361
74
-248
-407
-407
-343
-139
85
162
201
78
17
98
106
222
283
297
229
154
245
288
233
103
15
-219
-362
-376
-182
-77
-96
4
-85
-370
-543
-487
-247
40
416
627
438
97
-161
-296
-305
-175
161
479
554
524
297
-32
-225
-207
-26
166
306
410
289
198
236
221
80
-117
-185
-124
-93
4
18
-54
-81
-119
-255
-381
-366
-202
46
324
418
283
-108
-418
-474
-417
-344
-41
390
551
507
298
58
-111
-110
66
294
408
481
386
154
3
-11
-2
-6
-12
63
105
64
-83
-135
-178
-215
-256
-183
-129
12
127
216
205
-25
-291
-464
-601
-550
-411
-130
72
227
270
187
128
18
87
193
261
353
261
69
-127
-214
-179
-158
-115
-83
-79
-54
32
68
8
-129
-78
-16
-12
30
-18
53
111
49
-27
-200
-442
-565
-510
-357
-188
-18
106
84
-12
-89
-41
162
403
541
633
505
115
-304
-390
-318
-293
-209
-6
132
100
9
46
-14
-190
-184
-19
75
110
99
204
243
183
107
23
-108
-205
-304
-284
-283
-254
-169
-109
-39
53
161
250
355
412
228
29
-176
-224
-129
-17
129
218
55
-117
-184
-192
-36
160
298
439
430
286
91
-56
-119
12
121
179
136
-30
-214
-362
-426
-421
-327
-117
-54
7
78
175
322
435
513
483
368
138
-76
-212
-321
-373
-274
-180
-171
-115
-76
-40
-72
-94
7
87
240
421
552
526
451
356
281
113
-103
-207
-207
-235
-376
-389
-334
-394
-395
-275
-42
183
393
634
661
470
245
14
-82
-154
-97
-8
-40
-114
-165
-103
-88
-199
-135
-41
3
73
135
215
152
106
178
255
309
264
263
248
119
-170
-324
-407
-462
-387
-244
-65
117
279
373
299
62
-141
-263
-316
-254
-43
111
207
120
-85
-146
-204
-182
-136
-63
120
195
156
104
-35
-188
-261
-168
23
172
176
219
172
-35
-296
-386
-406
-354
-209
-24
196
296
295
249
122
-73
-212
-276
-239
-158
-86
-44
-60
-169
-227
-160
-55
75
129
180
219
189
211
231
162
58
21
-23
-82
-159
-111
-51
-114
-206
-231
-273
-350
-427
-385
-152
25
243
430
443
287
4
-152
-196
-205
-204
-205
-140
-192
-301
-204
-109
37
227
340
405
385
294
262
211
105
86
136
184
163
37
-50
-205
-256
-278
-252
-190
-123
-112
-66
22
121
234
323
324
237
98
15
-4
-8
-57
-36
-54
-207
-242
-157
-65
179
394
512
539
421
311
184
56
61
120
190
263
281
153
-115
-333
-421
-437
-416
-236
-46
43
90
40
2
16
47
120
106
104
112
55
-61
-262
-364
-415
-427
-280
-158
83
322
395
398
318
276
256
210
242
305
318
287
194
63
-148
-348
-371
-347
-289
-204
-98
-42
-28
-45
-31
-74
-85
31
111
131
172
223
139
-82
-236
-331
-529
-606
-497
-251
63
225
332
402
354
228
113
12
42
121
274
356
371
170
-181
-363
-500
-564
-479
-307
-153
-80
8
31
-5
-137
-107
-64
-112
-73
10
51
19
-66
-151
-313
-492
-504
-339
-58
267
433
458
370
196
5
-142
-143
-50
87
258
359
294
42
-173
-273
-317
-163
23
123
141
27
-112
-172
-211
-182
-86
-42
-43
-99
-187
-282
-304
-351
-404
-475
-382
-246
-24
312
527
561
451
248
63
-68
-76
-40
46
107
229
206
-58
-327
-439
-392
-239
-6
199
247
202
123
61
26
21
85
82
75
20
-15
-138
-232
-216
-263
-434
-523
-458
-267
30
334
578
620
470
245
75
9
59
181
359
465
435
223
-105
-404
-532
-451
-194
66
183
234
165
23
-28
13
157
249
354
344
261
79
-124
-201
-346
-458
-444
-269
-65
140
280
405
400
275
136
89
76
104
219
310
295
252
103
-80
-267
-413
-341
-90
161
341
317
241
82
-25
-39
78
217
327
423
399
251
31
-166
-347
-488
-453
-276
-60
193
313
359
389
229
69
28
19
99
206
327
335
227
12
-170
-327
-422
-384
-183
46
190
187
95
-28
-91
-85
-41
73
168
235
220
134
-19
-148
-171
-371
-470
-428
-280
-44
162
251
320
239
110
63
4
6
30
123
203
238
123
-112
-294
-436
-478
-343
-162
-33
57
59
-23
-80
-168
-145
7
138
230
202
149
38
-72
-143
-207
-247
-322
-343
-242
-72
37
34
72
81
18
-33
-5
125
196
247
289
268
104
-108
-253
-351
-342
-180
-12
54
24
-27
-79
-185
-219
-147
27
165
201
226
158
12
-93
-82
-56
-49
-7
-85
-200
-275
-234
-84
-51
18
167
200
157
77
90
51
30
22
46
29
-99
-154
-126
-112
-104
-91
4
56
19
-8
-19
-52
-32
-2
52
96
120
153
101
-34
-140
-141
-59
-12
0
15
-23
-139
-253
-264
-114
51
198
405
406
265
56
-110
-162
-208
-107
123
283
271
160
-9
-164
-276
-262
-129
20
118
183
189
57
-48
-29
24
79
148
187
227
181
100
43
-19
-57
-101
-78
-8
40
60
82
11
-105
-225
-238
-53
39
125
256
320
240
107
77
70
2
-3
57
99
-22
-106
-108
-179
-209
-162
-25
32
8
29
47
50
2
-24
-22
-35
-101
-85
-74
-65
-69
-28
31
31
-15
-51
-33
-73
-81
-13
25
44
49
79
104
95
79
8
-52
-59
8
49
41
66
71
86
33
29
39
45
76
117
88
-32
-137
-223
-176
-169
-105
21
75
55
-29
-94
-126
-144
-117
-93
-82
-34
-2
-11
-34
-82
-44
-37
-8
-9
-42
-94
-128
-168
-176
-158
-98
-32
11
81
79
59
73
42
-23
-90
-163
-149
-129
-109
-10
74
62
-4
-72
-138
-158
-138
-146
-87
15
52
80
104
76
67
67
83
69
42
22
14
0
-44
-92
-53
-30
-29
68
136
139
113
89
24
-87
-169
-164
-107
-85
-10
66
63
40
-19
-82
-141
-126
-43
62
130
166
140
67
-1
-29
-8
46
79
84
30
-30
-27
-22
-3
41
94
132
188
164
135
116
106
56
14
-33
-78
-84
-98
-35
4
43
57
-5
-77
-138
-111
-71
17
101
177
198
163
75
3
-32
-15
27
122
173
145
35
-76
-126
-137
-108
-68
42
127
158
169
183
146
29
-63
-100
-118
-75
6
75
99
58
-6
-56
-128
-126
-78
-56
-3
11
5
12
-28
-27
-36
-32
-10
7
18
-24
-39
-90
-123
-90
-61
-16
62
85
101
74
19
-9
-87
-145
-178
-162
-154
-123
-56
-26
13
30
16
0
-22
33
98
150
164
128
87
29
4
14
15
35
51
35
13
-64
-133
-184
-161
-78
-5
55
114
143
138
106
54
-28
-81
-147
-204
-222
-242
-186
-159
-124
-100
-88
-69
-48
5
51
95
128
110
80
63
48
20
7
11
29
21
3
-19
-51
-107
-147
-97
-27
42
119
166
164
190
215
183
62
-34
-71
-112
-157
-156
-120
-112
-141
-125
-79
-60
-71
-44
4
60
80
69
80
97
143
180
213
221
164
82
-18
-124
-187
-204
-162
-94
-33
69
116
95
140
143
135
88
53
61
24
2
-15
-20
-7
-43
-71
-60
-28
14
38
50
-3
-35
-48
10
65
81
97
120
125
88
71
50
27
20
50
88
161
229
271
247
196
120
47
-20
-100
-122
-113
-85
-59
-1
22
38
-5
-16
-17
9
31
122
140
124
111
77
71
39
48
36
19
-31
-14
-46
-34
-28
4
50
64
39
8
7
-6
5
53
141
148
141
126
120
76
-16
-56
-103
-135
-181
-235
-300
-304
-236
-163
-90
-43
-11
-20
-28
-25
3
4
64
95
106
33
12
-29
-22
-15
18
69
65
1
-44
-58
-78
-31
13
87
56
17
-78
-115
-134
-171
-166
-187
-120
-88
6
23
77
110
102
60
-40
-115
-142
-141
-158
-120
-121
-86
-131
-138
-153
-179
-153
-114
-74
-68
-22
-20
15
37
93
137
134
99
89
58
4
-13
-18
-26
-52
-54
-105
-91
-59
-4
15
49
17
2
-47
-68
-19
19
88
110
130
50
8
-20
-59
-84
-90
-66
-101
-123
-185
-140
-115
-27
36
44
40
14
45
-9
-16
-50
-15
-25
-33
-50
-88
-63
-38
-3
28
48
35
0
-57
-64
-44
-1
-15
16
6
14
2
36
63
72
116
148
149
88
48
3
66
102
129
108
-2
-63
-163
-154
-134
-110
-107
-66
-86
-105
-119
-135
-77
-15
119
176
214
158
122
142
148
141
66
21
-29
-123
-149
-171
-129
-95
-34
10
33
4
-36
17
55
114
116
99
98
58
91
97
117
74
55
12
-30
-80
-155
-93
-33
92
36
-29
-82
-98
-121
-106
-78
11
108
146
169
155
145
132
136
98
79
58
-18
-4
-17
-26
-35
-26
-26
-31
-110
-102
-64
-20
-22
-54
-61
-71
-102
-84
-26
19
101
165
184
91
29
-45
-39
-62
-69
-8
-74
-95
-158
-78
-36
28
39
27
15
8
24
-23
10
41
156
209
227
116
55
-16
-77
-109
-142
-135
-182
-202
-133
-92
-13
29
70
57
-11
-122
-166
-172
-94
41
153
213
205
130
52
-9
-42
-31
3
12
-4
51
99
85
70
95
170
145
112
120
161
166
143
71
45
7
-39
-38
-83
-149
-136
-24
21
19
-96
-110
-140
-134
-37
57
118
114
90
141
83
-19
-86
-37
53
129
115
100
129
115
125
76
72
-24
-73
-92
8
54
18
-15
27
39
35
28
26
113
168
226
211
170
32
-26
-93
-70
-76
-68
13
43
123
0
-45
-109
-38
-4
33
79
108
145
101
106
32
14
-111
-96
-80
11
70
115
152
129
154
72
-22
-130
-178
-162
-110
-40
12
3
-37
-59
-51
14
44
45
77
119
26
28
-64
-28
-36
-17
-23
20
0
-31
14
-18
-1
-96
-11
39
130
96
62
-16
-66
-152
-156
-262
-275
-277
-214
-57
-62
47
-4
48
-13
-34
-121
-105
-106
-96
0
-113
-78
-137
-45
-19
-9
-22
-34
-19
-20
46
-37
-32
-166
-75
-98
37
-9
83
72
92
-12
-68
-81
-173
-165
-261
-101
-81
46
-22
71
-16
-43
-117
-78
-82
-87
-3
-30
25
-71
-58
-125
-83
-74
-50
-71
-39
16
19
91
-11
2
-68
46
67
185
179
173
195
82
44
-98
-87
-129
-24
-73
66
24
57
0
-74
-98
-189
-68
-41
148
105
147
27
42
-3
0
-9
25
92
52
111
-41
-33
-109
-58
-149
-173
-171
-103
-19
10
18
-44
38
67
144
76
118
63
113
94
101
53
37
36
128
207
225
190
98
68
-58
1
-115
-20
-76
66
88
166
215
193
277
112
123
-45
32
6
87
66
47
87
-4
54
-22
-27
-201
-189
-139
-26
-25
-74
-53
3
92
104
190
215
270
233
245
184
84
40
-2
52
-27
-24
-68
-10
-40
-37
-97
-43
-18
20
47
90
24
63
108
112
101
-42
-26
-116
-50
-63
-68
-138
-114
-82
-52
-2
-42
-72
-138
-93
-124
-113
-157
-141
-107
-1
100
146
152
116
93
70
116
131
118
56
-90
-204
-203
-175
-60
-111
-44
-23
81
156
135
55
-129
-170
-239
-204
-149
-145
-118
-47
68
37
74
-35
44
-69
-24
-96
-36
-26
63
56
-72
-81
-234
-124
-180
-87
-202
-120
-98
87
152
222
312
311
274
184
102
-63
-78
-223
-244
-304
-215
-174
-96
-106
-1
10
30
7
-44
-58
-45
-45
-30
-22
-35
21
-71
-36
-186
-79
-55
54
165
70
83
-85
-25
-114
-182
-326
-317
-181
-26
115
44
88
109
267
327
298
238
243
225
163
6
-150
-253
-145
-102
-36
-90
-99
-24
8
64
-12
-91
-172
-136
-52
33
105
12
43
1
88
32
22
-103
13
72
147
148
-94
-26
-91
69
-81
-30
-144
-18
-19
99
-1
-19
-28
46
239
247
314
274
262
215
189
42
-26
-207
-28
35
147
22
-34
-34
-117
-110
-257
-99
-140
147
131
358
333
266
84
-92
-69
-239
-219
-341
-195
-146
66
78
197
234
214
313
166
146
-108
-145
-276
-214
-247
-157
-57
25
210
122
252
109
149
-1
-66
-175
-130
-123
-24
98
173
148
51
50
-54
15
-75
71
42
235
225
314
286
93
-7
-207
-205
-314
-298
-392
-300
-260
44
167
271
280
342
299
200
56
6
-92
-226
-174
-280
-227
-361
-305
-208
-68
63
3
77
-8
60
-37
65
-31
40
-69
-39
12
-28
39
-19
94
23
110
-55
119
52
114
-77
-152
-155
-54
-56
-119
-173
-206
-136
-41
96
269
176
110
-39
-59
-108
-184
-188
-180
-84
-84
-21
6
-111
-62
-146
-77
-165
-183
-80
0
134
95
160
-6
49
-30
120
6
129
30
86
117
18
206
-76
131
-145
134
-97
80
-85
35
28
-80
-70
-128
113
153
259
113
60
-29
35
52
-64
-265
-248
-179
125
112
187
11
31
-68
-193
-147
-343
-197
-238
-69
58
127
143
157
241
206
255
6
160
29
162
83
11
9
104
149
179
98
0
1
-14
56
-34
8
-1
108
102
183
118
185
147
35
0
-85
-85
-53
30
199
27
-59
-94
117
160
150
-131
-217
-260
-74
-30
72
-63
-120
-81
57
265
142
154
-107
105
-109
100
-312
-268
-284
-4
249
303
168
115
80
213
159
61
-43
-87
-17
-118
58
-133
51
-88
-57
-211
-184
-183
-15
-146
63
-17
113
4
44
130
98
86
-225
-32
-113
-26
-66
-113
13
-127
-77
-132
-190
-198
-192
-87
-34
34
-106
25
39
190
211
-42
-42
-323
-141
-169
-54
-173
-117
-114
115
188
171
54
28
143
169
137
-26
-114
-243
-219
-213
-189
-203
-231
-219
-107
-38
100
55
143
99
228
162
113
93
-73
-56
-269
-215
-258
-52
-236
-145
-222
-137
-16
-176
0
-138
52
-77
-83
-140
-90
-160
-273
-178
-56
144
220
137
205
139
245
103
136
-62
-23
-223
-75
-84
-26
96
-162
22
-210
210
4
307
112
252
223
91
271
-101
98
-278
-59
-330
-55
-217
-24
99
87
265
9
171
-19
121
-73
18
-7
-59
81
-108
77
-107
47
-136
81
-43
185
258
213
363
62
268
135
125
-116
-139
-143
33
-132
-165
-218
18
169
297
294
280
376
310
425
81
136
-271
-122
-195
-105
-130
-183
-69
-162
93
-110
177
-117
186
68
237
127
-27
-29
-125
21
-216
-230
-297
-139
84
251
295
199
354
402
520
304
57
-142
-305
-167
-182
-108
-184
-347
-46
96
335
151
112
139
191
224
18
-46
-317
-159
-217
83
-27
149
87
331
226
100
-87
-343
-237
-208
37
-24
-162
-115
-202
62
-77
-118
-389
-354
-162
116
392
305
329
262
325
216
116
-102
-219
-246
-323
-139
-251
-85
79
14
404
-50
196
-3
267
86
9
-88
-320
-22
-268
222
-192
281
156
539
465
244
106
-240
-73
-390
-59
-303
-50
-296
148
162
198
-13
-283
-41
-88
197
109
89
34
40
252
169
-12
-249
-349
-134
-182
31
-232
-108
-171
52
160
-27
-207
-261
66
38
-46
-244
-269
-191
-87
51
51
105
206
312
392
225
-63
-200
-324
-101
-294
-58
-286
-120
-77
-18
101
-10
137
9
186
119
200
98
-31
-213
-236
-153
-87
-165
19
37
226
137
153
62
104
10
-29
-236
-292
-439
-184
-295
-127
-374
-15
168
428
455
395
278
158
94
-92
-58
-277
-182
-271
59
59
210
174
47
93
-96
-4
-233
-121
-59
192
112
179
41
65
132
-36
77
-186
-31
-168
115
-36
0
-251
-127
-35
50
-56
-87
-197
-144
-21
25
-2
-97
-229
0
94
314
295
309
60
60
-114
-98
-207
-84
-76
113
63
229
192
65
46
-152
-6
-133
-72
-202
86
-15
131
-77
61
12
88
-73
-38
-166
-136
-213
-146
-246
-112
-335
22
6
91
109
-114
26
-110
74
-188
-188
-337
-151
-206
-132
3
-72
119
100
405
358
403
239
62
79
-240
-185
-436
-256
-238
-91
27
71
295
172
248
-45
1
7
-4
-13
-189
-144
-158
-22
-135
37
-59
102
45
50
217
270
347
78
-105
-96
52
172
48
-11
-84
68
122
219
181
194
172
108
271
104
200
-20
-169
-147
-252
9
-274
-109
-363
108
-76
278
92
169
345
144
312
-152
15
-473
-219
-398
34
0
191
151
457
394
564
150
237
53
63
-201
-265
-249
-181
-55
-154
-39
-75
126
191
369
203
249
-66
51
-47
27
25
-50
-160
-193
-187
-40
64
123
46
41
57
146
144
20
70
108
163
87
80
4
91
-13
59
85
185
128
116
147
114
160
-128
-70
-249
-114
-318
-191
-241
-49
-105
-52
-47
119
209
167
-9
-69
-64
-111
-205
-210
-26
-77
72
-159
36
76
310
225
149
109
109
279
149
145
-174
-45
-133
-26
-218
-259
-274
-23
91
198
72
86
2
86
117
77
-36
-49
38
-65
21
-323
-18
-66
155
-138
-176
-159
13
83
50
63
-33
83
-2
53
-11
-73
-112
-222
51
72
245
158
2
28
-30
126
-141
-75
-282
-106
-186
-41
-102
-68
31
-37
103
-20
178
-60
204
-63
123
-82
-1
-96
12
-2
-43
-58
-41
221
110
172
-33
-13
42
87
-22
-68
-9
21
82
111
24
14
-50
-88
15
-78
56
19
13
69
19
33
17
-89
-145
22
-22
25
-81
-110
74
104
225
115
126
133
134
72
28
30
-80
52
-76
89
35
216
120
252
39
80
31
18
-42
-98
-108
-173
-63
-172
56
-269
-247
-315
-98
-33
-51
82
155
317
124
53
-135
0
-31
9
-68
-29
46
220
151
153
61
136
172
91
80
3
-23
-145
-190
-177
-151
-155
-267
-143
-10
60
84
-33
159
-79
38
-284
-297
-360
-84
-16
182
122
61
43
49
67
-11
42
-19
105
145
257
134
69
0
-4
-6
-53
-187
-172
-95
59
6
60
96
125
174
54
86
-117
-296
-443
-471
-353
-276
-291
-229
-148
101
213
326
343
343
125
162
34
29
-212
-410
-385
-259
-96
-56
48
73
123
189
198
175
73
-50
-65
-98
-86
-28
-89
-54
-152
-93
-85
-95
-70
45
141
102
113
58
146
-23
-155
-347
-321
-321
-290
-118
-154
-18
-64
218
371
465
315
50
-9
-94
1
-58
-117
-156
-146
52
2
83
9
77
64
80
-2
-6
128
93
145
18
-113
-207
-200
-131
-100
-219
-125
-138
20
0
-52
60
20
-22
-132
19
35
171
-31
28
-288
-176
-197
-126
-139
-92
66
236
245
205
206
337
351
354
192
107
56
14
-32
-190
-145
-50
69
22
-29
-121
-25
-171
-6
-28
169
169
134
207
54
113
13
27
-66
-3
85
62
93
40
189
258
295
176
97
-77
-77
-17
105
78
12
1
-12
122
25
81
-16
158
119
166
24
-43
-166
-176
-144
-280
-198
-268
-132
18
0
-83
0
127
296
283
134
65
-74
93
61
-50
-235
-289
-168
170
189
209
40
160
92
342
72
60
-136
-40
-72
-49
-79
-35
180
58
213
13
206
32
92
-27
-101
-207
-251
-80
-156
-80
-212
-34
-161
-13
25
130
36
-38
-99
-2
-52
-123
-60
-171
-91
-219
-83
-31
10
-81
-52
94
55
180
19
108
-143
-59
-195
-136
12
-78
-121
-218
-119
-169
12
-42
-31
-186
-151
-101
106
115
98
-35
1
-12
-25
65
25
38
-84
-43
-4
-26
-104
-144
-188
-179
-113
61
101
213
111
276
294
340
163
39
-27
-39
-10
-58
-71
-168
-105
95
255
96
77
-33
140
184
229
109
-74
-137
-46
-10
-23
-144
-234
-141
-143
-182
-226
-67
61
128
20
1
62
113
68
42
0
-27
134
276
261
170
-100
19
81
197
-9
-29
-91
64
149
143
239
89
276
78
202
110
65
-56
-148
-238
-262
-261
-259
-186
-230
-211
-173
61
219
172
17
-50
-69
-74
2
30
99
131
174
252
260
154
256
236
229
77
-37
-131
-268
-172
-207
-29
-78
42
216
355
468
249
235
-100
-267
-574
-668
-712
-578
-308
-181
-34
-16
270
343
392
132
-105
-479
-320
-470
-283
-413
-250
-123
181
331
425
504
316
309
194
241
98
-55
-234
-164
-162
-119
-57
102
215
50
58
203
172
100
-111
-243
-407
-502
-408
-273
-223
-279
-180
-71
173
273
208
149
120
138
14
-115
-209
-205
-163
0
46
-34
14
-23
261
137
76
-174
-166
-170
-108
-84
-80
85
177
217
126
90
66
63
60
-275
-283
-427
-344
-442
-425
-335
-288
-47
72
408
341
327
350
492
418
402
192
4
78
36
-58
-260
-378
-409
-247
-210
-83
-116
10
149
318
348
369
294
402
227
131
-80
17
-137
-295
-436
-511
-368
-319
-81
41
117
90
201
366
207
257
17
-41
-113
-64
0
-142
18
-34
119
43
173
272
329
224
-22
-112
-142
-183
-252
-230
-102
43
279
223
404
306
402
236
112
-147
-365
-554
-611
-457
-467
-195
-18
183
493
511
683
866
682
368
-33
-13
-67
-173
-361
-430
-147
94
299
284
505
189
388
186
60
-199
-285
-263
-25
3
-80
131
79
384
86
260
159
157
6
-296
-501
-642
-483
-585
-525
-561
-398
-104
312
569
560
464
384
305
324
315
223
262
250
335
188
136
53
85
172
98
137
9
46
-58
-158
-127
44
68
174
48
38
160
-23
-10
-262
-550
-743
-535
-388
-126
-157
-303
-171
200
427
440
169
-16
-245
-114
4
51
-146
-240
-116
112
348
301
320
172
119
16
-87
-251
-258
-422
-267
-146
57
176
321
296
180
19
107
202
64
-239
-470
-429
-351
-231
-287
-65
-135
50
239
477
473
257
18
-98
-347
-344
-54
-120
-191
-458
-263
-48
11
46
-166
-224
-273
-267
-337
50
-112
-109
-127
34
89
119
217
423
381
340
289
299
243
-7
-3
-1
144
-6
-15
126
173
390
11
105
-24
108
37
-111
-131
-418
-283
-174
-32
-236
-323
-317
-296
-284
-405
-477
-438
-301
-260
-85
-16
163
85
384
281
296
221
180
421
76
-115
-475
-231
-29
106
218
-97
256
397
749
621
541
276
126
19
69
-105
-150
-434
-170
-120
2
-252
-296
-389
-615
-333
-235
23
-78
-5
3
232
171
193
167
37
6
210
199
-46
-201
-496
-386
-348
50
179
318
239
394
722
676
552
212
-160
-186
-221
20
-199
-222
-579
-344
-242
-39
79
85
94
-130
-102
-153
-83
-349
-320
-267
-63
131
-87
0
-23
12
0
26
131
286
-122
-30
-210
200
-138
-73
-343
-224
21
216
565
336
135
-138
-68
276
0
-31
-221
-108
-202
-13
130
-126
-131
-186
-67
156
41
50
-204
123
212
356
323
326
469
202
-19
-113
-109
-164
-550
-579
-590
-281
-55
40
63
-206
-208
-146
33
34
-112
28
126
90
-179
29
93
253
292
286
-72
-205
-64
263
311
-64
-235
-99
252
619
598
731
670
463
476
352
-17
-197
-297
-640
-345
-597
-344
-106
66
111
99
12
122
119
-72
-169
-414
-231
-398
34
129
-19
-9
-98
141
128
505
212
475
214
402
396
520
574
325
235
186
43
-110
120
78
208
-236
-22
-102
136
-37
-61
-105
-540
-346
-573
-242
-285
-286
-312
-283
12
-123
110
185
123
-103
-311
-156
-529
-396
-385
-93
89
510
496
806
696
796
653
868
642
315
55
-54
245
-2
245
165
342
52
136
28
82
-381
-540
-604
-509
-549
-673
-589
-315
246
57
372
-116
-133
-328
-358
-304
-551
-392
-508
-300
8
352
318
357
640
751
1046
822
883
570
449
141
-237
-466
-777
-506
-392
-235
-149
45
287
414
433
131
111
-106
-212
-464
-634
-542
-559
-543
-394
-327
-137
11
12
4
-148
-53
-302
-467
-281
-359
-160
-210
99
364
471
714
822
1086
808
967
795
621
310
-264
-128
-410
-176
-596
-488
-564
-326
-267
-170
-117
-187
-212
-252
-369
-224
-335
-414
-489
-892
-808
-834
-531
-547
-272
-109
186
530
471
629
518
551
343
297
-3
123
83
417
468
591
327
607
827
1003
653
268
-31
-400
-518
-791
-600
-819
-521
-556
-94
220
350
324
171
-18
-244
-421
-341
-728
-1041
-1238
-1082
-548
27
256
289
468
379
666
774
906
654
304
66
196
389
508
297
175
272
164
432
594
816
402
111
-430
-151
-480
-237
-576
-765
-628
-654
-196
61
305
205
170
111
-206
-206
-212
-281
-329
-718
-569
-630
-309
-219
58
104
251
462
705
957
897
550
302
147
163
-42
0
192
87
220
204
445
190
337
20
-400
-346
-429
125
-121
6
-579
-445
-590
-87
-22
234
126
6
224
280
229
-360
-336
-789
-501
-663
-272
-260
28
108
-18
149
141
498
608
767
494
282
262
105
357
-7
-11
-85
-206
262
105
531
14
147
-115
6
3
-182
-221
-599
-373
-762
-376
-188
-143
-73
-306
24
141
77
-12
-561
-704
-839
-824
-479
-412
85
-120
418
500
657
633
520
508
489
180
105
95
153
-73
17
36
117
210
154
379
9
295
-16
393
-20
73
-355
-495
-333
-639
-355
-691
-379
-486
-585
-476
-416
-230
-181
-176
-280
-353
-106
-140
-71
-127
-123
193
366
476
328
726
546
779
558
791
487
445
249
167
108
35
115
138
100
136
311
418
478
158
9
-38
-120
-31
-120
-382
-681
-898
-933
-831
-599
-379
-603
-457
-529
-85
-81
58
-72
17
14
-60
-26
-21
172
431
575
519
593
666
1065
1000
768
351
375
377
372
10
56
-91
201
212
240
89
174
109
-40
3
-222
-276
-728
-699
-1074
-936
-1061
-796
-670
-483
-434
-313
-100
230
382
238
-93
-256
-70
211
191
373
340
514
580
768
891
894
707
354
260
410
426
477
201
332
91
288
-33
62
-273
-543
-573
-811
-612
-898
-801
-1126
-1008
-1001
-671
-603
-437
-462
-430
-13
392
516
478
345
496
438
514
498
493
242
165
143
233
424
385
300
214
322
476
784
810
668
395
335
297
173
-120
-389
-564
-987
-829
-1110
-831
-947
-531
-567
-532
-452
-376
-108
-64
-121
-315
-119
89
335
346
338
219
317
242
362
-4
154
142
459
288
332
377
543
692
733
646
508
574
309
92
-151
-297
-361
-491
-687
-733
-841
-572
-352
-163
-390
-561
-549
-205
-111
-138
-444
-503
-497
-163
-24
8
-97
106
234
334
305
220
330
267
307
309
267
318
348
469
327
532
585
800
705
504
293
12
153
45
-148
-469
-817
-806
-884
-528
-625
-164
-326
139
94
381
258
239
74
89
-137
-289
-299
-216
-154
-160
-273
-172
-245
3
49
96
71
107
229
291
174
275
25
254
387
526
496
349
171
57
180
-92
-164
-538
-411
-515
-382
-297
-164
-5
26
-45
124
304
343
360
81
-27
-78
18
-97
-70
-215
-57
-122
-202
-256
-49
-40
119
213
218
373
373
478
261
42
-125
-103
14
-181
-280
-372
-278
-114
-80
-46
59
63
-22
-48
-110
-91
-327
-205
-243
-226
-213
-6
133
330
311
319
614
404
410
-117
4
-300
-225
-172
-155
-51
-65
185
289
275
142
94
198
124
-6
-237
-323
-272
-305
-342
-305
-379
-304
-191
-181
-80
-58
22
33
155
97
113
-155
10
0
155
117
195
409
362
416
278
354
71
188
52
48
-131
-188
-211
-13
-76
-153
-269
-172
-153
-4
-140
-163
-316
-295
-307
-480
-462
-451
-343
-166
-171
2
7
261
366
338
188
-27
124
101
250
20
156
183
321
331
322
496
366
498
394
145
-40
-266
-151
-164
-191
-302
-121
-77
-85
-222
-232
-222
-200
-178
-303
-168
-259
-150
-292
-244
-384
-188
-169
-39
-32
-13
95
261
481
553
548
391
624
432
507
326
340
272
234
368
267
289
117
130
148
-16
-147
-284
-240
-339
-389
-470
-426
-442
-512
-181
-193
-29
-130
7
-46
-11
-183
-25
-149
-168
-205
-173
57
227
318
380
439
539
773
645
650
425
357
312
344
176
279
107
102
41
43
-17
-141
-93
-43
-94
-202
-287
-196
-163
-369
-402
-607
-470
-532
-285
-320
-239
-194
-135
88
-94
45
-39
95
-7
62
179
270
428
350
509
563
627
689
533
413
96
91
36
2
-126
-265
-363
-217
-118
-38
-48
-21
-35
98
-127
-117
-355
-300
-320
-293
-342
-389
-249
-166
-69
-48
-48
-60
-28
-28
47
93
160
129
349
193
364
393
442
461
284
281
150
217
88
84
-210
-164
-355
-169
-388
-234
-449
-266
-435
-178
-407
-291
-225
-164
-39
-96
-70
-90
40
-103
-21
-94
-14
-36
48
38
149
62
186
206
196
238
224
235
204
310
171
199
92
70
0
-113
-202
-215
-217
-95
-256
-252
-373
-315
-176
-48
-82
-123
-167
-160
-128
-80
-248
-223
-249
-183
-101
-63
33
114
121
87
84
196
252
261
196
185
35
32
-42
3
-43
3
42
205
25
43
-51
15
-50
-111
-145
-195
-208
-116
-132
-31
-20
82
-53
-14
-83
-60
-48
-92
-82
-178
-84
-68
-101
-109
-85
-21
94
36
102
61
73
68
161
180
134
-7
-34
24
84
155
53
77
28
93
68
143
27
-56
-134
-96
-36
-123
-171
-133
-173
-95
-121
59
10
41
22
87
61
82
-17
-31
-74
-133
-95
-95
-25
1
111
77
219
99
129
29
86
117
44
-64
-78
-82
-79
-119
-62
-7
35
74
177
212
100
83
50
46
-12
-53
-64
-60
-57
-25
-97
-54
-18
119
64
81
39
144
38
6
-85
-11
29
69
84
18
134
78
140
-27
30
-2
5
-22
-116
-87
-187
-183
-157
-86
25
69
94
188
242
254
235
69
9
-74
-75
-89
-104
-144
-21
37
64
69
83
106
19
31
81
101
100
-6
-20
3
57
103
125
91
149
138
58
22
-67
-106
-189
-226
-185
-150
-60
-64
-37
-104
125
147
230
134
104
91
65
127
10
57
-65
32
4
119
37
77
64
77
69
92
52
-25
35
-52
12
-23
7
-5
-5
8
5
38
-20
-50
-17
-94
-68
-117
-38
-16
81
45
56
-18
15
69
158
179
138
130
-19
92
-45
11
-100
-4
-10
12
47
82
123
81
91
123
55
55
4
13
-71
-66
0
-42
-10
-106
-87
-115
-2
-29
13
27
-50
-27
-15
-48
-26
-60
32
-89
-23
-62
44
-1
1
35
89
69
103
101
19
13
-27
-28
0
-26
-49
-2
43
116
35
70
-27
82
-24
10
-35
-21
-62
-114
-196
-89
-161
-88
-166
-130
-124
-47
-63
-48
-79
-121
-91
-169
-56
-156
-85
-33
27
25
19
84
166
147
63
107
52
45
25
-96
-39
-143
-33
31
-37
-6
-31
17
-5
-42
-70
-87
-83
-170
-147
-186
-102
-69
-24
-27
-107
-93
-14
-70
-78
-140
-113
-68
-45
-73
-44
3
13
36
-4
67
60
127
81
63
42
27
13
-43
8
-37
-1
-79
-48
-65
-29
17
28
14
-29
-37
39
34
26
-36
2
43
9
-54
-100
-94
-141
-75
-71
27
-40
-18
-35
12
-5
69
-12
-25
-62
-89
-31
-9
0
1
-28
-42
40
126
63
10
-50
45
22
88
35
110
54
158
122
157
122
49
103
59
79
27
76
-11
35
52
37
37
-17
-6
-77
-6
-68
-40
-108
-28
19
-11
34
50
117
153
73
55
33
36
-39
-37
-53
-43
-21
13
69
100
102
112
78
105
124
132
96
87
102
40
61
55
17
12
-16
-19
-16
-38
-57
-46
-65
-76
-80
-61
-62
-75
-37
-16
-41
-24
-6
27
38
90
126
62
77
42
131
38
20
57
86
222
130
210
119
204
161
176
131
57
56
-43
-41
-81
-97
-152
-175
-185
-223
-149
-122
-92
-63
-141
-70
-115
-58
-62
-47
-55
-75
-39
-16
69
27
5
1
-15
25
79
145
120
57
39
40
22
41
38
-3
26
3
73
56
45
11
-49
-28
-73
-110
-159
-193
-218
-274
-237
-239
-205
-212
-147
-111
-51
-59
-41
-43
23
25
-8
-35
-22
7
5
46
31
54
61
43
49
62
67
105
42
-1
-8
-21
26
22
-11
-27
-35
-96
-112
-142
-127
-120
-138
-118
-118
-117
-134
-131
-115
-53
-14
8
-39
-18
-26
-19
33
27
24
-19
-12
-13
41
97
88
122
25
124
58
97
62
86
37
29
40
29
21
-40
-40
-51
-39
-46
-42
-42
-22
-55
-27
-92
-55
-70
-94
-98
-86
-35
-45
-38
-71
-38
-21
33
73
55
65
60
122
121
48
67
46
96
49
67
46
91
87
145
102
88
69
66
89
42
25
21
-21
-68
-77
-48
-41
2
-11
0
-11
-49
-64
-27
-16
-26
-53
-63
-28
-5
27
-14
28
14
68
37
68
33
19
28
23
81
-5
20
-35
60
74
97
57
23
42
59
23
-32
-21
-66
-47
-94
-54
-71
-90
-78
-95
-76
-48
-33
-6
-8
28
28
23
46
-21
-4
0
9
51
64
75
62
68
88
71
80
14
48
-17
-27
-37
-35
0
0
22
37
34
48
15
0
0
15
-26
-27
-42
-30
-35
-38
9
18
-22
-18
0
15
-4
36
-25
10
-13
58
61
52
38
7
24
-20
-17
-5
33
2
8
17
28
29
3
-9
-16
24
39
61
19
16
-12
34
71
65
32
-6
-29
5
15
-15
-50
-97
-73
-10
26
63
-3
36
-1
35
7
21
-28
-65
-48
-78
-24
-41
-12
6
-28
4
-7
35
17
32
-23
-19
12
84
120
58
68
11
49
54
31
37
-17
-1
17
-1
11
27
86
101
107
71
84
62
15
-3
-49
-42
-83
-43
-7
-27
7
22
34
11
-11
0
36
1
12
20
21
87
69
75
83
75
71
98
97
73
46
46
55
40
6
29
33
40
62
30
47
-10
-56
-66
-105
-32
-42
-20
-70
-23
-56
-27
-32
-24
-43
-63
-43
-53
-8
3
41
39
68
74
112
95
96
87
67
80
66
41
20
16
21
27
36
32
27
-15
12
17
4
-25
-58
-105
-97
-78
-72
-26
-105
-69
-103
-58
-57
-56
-72
-48
-55
-11
-4
11
39
45
73
76
72
83
101
10
9
-16
1
6
23
-4
1
-25
9
13
29
0
-61
-55
-33
3
-11
-49
-72
-94
-65
-60
-95
-113
-133
-69
-89
-43
-68
-3
-12
-14
0
-2
42
61
99
58
89
38
55
74
27
64
19
110
74
90
55
45
26
54
68
14
1
-28
-32
-69
-114
-150
-109
-135
-118
-129
-118
-97
-62
-49
-51
-42
-45
-33
-14
-34
-16
30
31
36
29
50
69
104
79
99
76
98
98
55
28
15
8
25
22
16
-6
-6
15
31
18
-1
-18
-58
-31
-80
-49
-61
-67
-68
-77
-71
-37
-23
-43
-6
-16
23
48
78
60
65
52
80
66
42
-4
-18
11
18
38
1
-9
-37
-10
-15
36
22
5
0
0
22
4
-17
-11
0
-4
-19
-39
-41
-69
-73
-75
-99
-73
-28
-4
0
-11
0
28
40
44
27
-7
12
17
21
11
0
30
40
55
32
45
60
46
40
6
13
-17
12
0
-6
-32
-30
-9
-14
-28
-26
-52
-48
-50
-33
-37
-54
-30
-20
24
-1
21
3
41
25
22
2
19
19
8
37
10
22
-2
-6
-9
10
9
-11
-22
-23
18
11
-2
-21
-29
-9
-44
-27
-22
-29
-50
-55
-33
-35
5
-8
33
19
34
42
29
15
-8
6
13
17
4
2
1
-6
5
21
16
17
4
-8
-36
-25
-30
-24
-34
-37
-34
-35
11
14
21
-33
-18
-4
-24
-25
-41
-35
-25
-10
-23
-11
10
42
41
19
18
17
-10
-27
-54
-55
-30
-32
-20
-55
-47
-37
-26
-6
-12
-16
-10
-14
-8
-15
-31
-39
-12
-28
-30
-53
-14
3
30
14
19
28
31
51
16
38
-7
16
-2
21
11
15
46
37
36
34
21
-4
14
-10
-3
-27
1
-14
-21
-28
-20
-25
-25
-43
-42
-29
-39
-23
-36
-32
-57
-66
-61
-11
19
41
16
0
6
24
48
16
-13
-4
24
51
55
67
66
56
54
41
42
22
40
30
14
-13
-9
1
7
-14
-29
-13
6
2
-5
-24
-29
-31
-14
-13
-11
-6
7
21
1
-3
-19
-8
-12
3
0
13
16
23
18
-5
-29
-31
-14
-8
-7
17
12
30
46
41
44
49
47
50
43
24
18
25
23
-21
-25
-44
-29
-45
-44
-40
-25
-10
32
22
32
12
17
-5
-6
7
-2
11
19
25
21
27
23
59
32
22
14
34
18
16
10
22
12
-1
17
25
20
18
33
28
6
8
5
-9
-22
-35
-21
-27
-30
-30
-19
-26
-24
-8
1
-25
-36
-24
-29
-24
-47
-43
-59
-48
-23
3
14
4
33
15
50
37
53
61
43
25
24
44
33
28
6
9
-9
12
12
13
-2
-30
-36
-25
-29
-44
-53
-58
-51
-32
-17
-4
-7
-16
-4
2
13
42
20
2
3
13
10
14
18
6
15
6
32
54
53
51
29
36
21
36
25
13
-4
-21
-15
-19
-21
-25
-23
-38
-54
-34
-25
