360
99
925
22
1368
517
1497
-37
-663
-164
-1459
266
-732
-574
599
171
-314
42
2737
743
1700
1733
-1520
1795
-1103
827
166
-3039
722
-2025
-1100
2023
-355
8
781
-1424
2054
-508
-668
1234
-1400
60
-1129
-577
447
-906
-502
475
-2139
597
230
-154
2359
-1961
519
824
-557
1711
-1863
-258
-794
-151
2364
-2167
136
-256
-775
1185
310
399
534
1202
1064
328
-297
587
380
-530
-292
-790
155
-3
-668
-64
-1227
-550
1496
-734
-602
436
-1022
-69
31
-589
-60
-326
1116
2762
1248
239
-1403
728
281
-7
1413
624
1039
63
446
743
-505
2019
312
-1171
-142
-1990
874
-1423
694
148
-1283
-965
-589
832
994
780
-1026
-337
-1269
250
5
1108
630
1320
867
863
616
-344
-1246
95
1373
-896
1598
651
-262
949
2909
1964
86
-2724
-3133
-2049
-1855
205
664
-962
-229
848
-251
-17
-313
301
674
7
-762
1138
334
924
797
1507
-858
-2715
188
-925
-1811
-871
2540
1216
1423
411
-202
-784
-538
-466
-837
-1491
-2841
-89
666
1357
232
241
580
-750
-148
347
538
553
-1249
767
112
1596
389
-737
134
-1897
115
-1592
864
653
-347
566
665
1237
2869
405
172
890
-396
73
-1848
-177
-367
1966
1865
1469
915
-614
-27
320
741
-928
61
-1129
-437
-246
-397
882
-102
2318
478
-1582
-2478
-1143
663
1398
811
-745
962
467
1196
762
-575
108
-1214
-188
1135
-731
-974
-646
562
976
1375
569
985
-1125
-1988
-757
-733
109
-2179
-1250
255
-266
1076
-630
-1463
-1665
-2776
81
-670
912
545
-332
1328
435
469
546
-218
-79
-369
-1228
835
-500
15
1930
2033
2009
-241
-1518
91
875
569
519
-766
639
822
-150
622
-1246
135
162
-2713
-227
-1925
-1993
643
1347
1524
-186
-1059
-681
926
1650
472
-1332
-326
861
152
2237
2243
1201
1912
-875
-356
-964
-1109
301
-302
982
584
1153
1846
91
1258
863
-641
-439
-867
-2051
-1027
784
535
182
-759
-824
-89
775
1564
2163
-1400
-2427
-29
258
1289
1038
-1308
-1547
-1033
-609
-218
-817
-763
573
1125
3040
1578
-692
540
-617
1750
856
-1697
-1266
-1330
-378
1015
1573
428
331
-105
1187
134
-1956
-1868
-2258
-1092
-1158
-1157
-1893
-1924
-1205
-918
387
-857
-296
522
1150
2263
965
1048
52
1730
1076
-544
-2231
-3512
-805
410
1127
370
69
244
905
1488
1167
-1618
-2902
-902
679
-643
-1443
-686
-868
181
1483
615
-1616
-175
2795
2342
1271
928
452
1229
1543
-33
993
692
-1144
-1516
-1424
137
-478
-384
1256
1307
-292
618
761
-591
-1001
-2175
92
602
-796
351
1143
3138
1808
914
104
-1643
825
1620
1451
-216
-705
-1465
-943
-480
-1466
-787
-889
1941
1265
-768
-956
-1466
355
257
5
-958
-1525
-1022
-644
764
-5
567
254
-1141
-1186
335
1786
2342
1525
504
-380
-752
-1612
-3520
-3616
-1509
-456
-1098
515
-499
1908
1562
1827
667
-1089
-308
425
2068
695
419
-57
94
-484
-168
-823
636
-46
681
715
-600
-894
-348
-251
1056
101
-3290
-3014
-2092
-52
-1763
-156
-61
-628
-1195
183
1925
1080
-100
759
857
-214
1090
92
-807
-1602
903
410
-316
-950
-344
-343
-158
695
41
-49
-1392
1647
1953
1435
528
-667
-1015
-1217
-454
313
-1535
-1012
2559
1318
31
131
1437
1439
1002
340
87
-278
-846
394
235
920
655
328
-1030
-3580
-1119
247
1593
2348
2609
843
-1294
1110
-1287
9
572
-1095
-899
-1158
-452
-966
910
628
-284
141
-313
-25
358
-51
-1676
-2310
-1099
-792
-924
-792
352
-9
806
-777
-687
902
409
1856
869
851
800
408
90
-625
-1370
-806
-414
-83
1268
1498
724
639
1083
-374
576
1370
-106
-368
-1589
70
-1549
-1802
-1150
-576
333
322
1942
172
-477
-1500
-249
-48
-406
-555
-803
-651
414
1052
519
-1248
-532
488
1318
1639
-276
-106
-382
686
29
-189
29
-1029
-1083
-1029
-145
-6
-1201
1000
534
1392
166
-18
127
-444
-461
-1867
32
-2069
-493
-685
1922
1903
-344
414
-895
1006
-888
-560
-362
-632
783
643
1749
-33
-1370
-246
-900
-185
-791
-1393
-1030
-374
3083
1703
1129
-478
-1697
-344
-1496
101
22
-1092
380
1128
917
1462
1197
-181
546
272
-1039
-569
-2122
-215
708
1302
1179
-825
11
-615
-35
-333
-1756
-886
155
88
-329
1410
1763
953
1140
-120
-769
-2242
-502
91
898
1550
623
89
1156
1575
304
418
110
313
-1495
57
308
669
25
-174
317
-426
1094
-141
319
-827
-1811
1063
-167
1212
1842
-260
925
990
524
-769
-727
-195
-808
-1372
45
743
1197
900
1336
1462
-167
-292
-1478
-1423
697
1276
207
397
41
-279
-412
-97
218
-141
-1026
-1531
-892
-406
327
444
1364
669
577
-726
-1631
-571
-806
150
-777
-41
-728
222
966
345
-270
-451
115
-1523
-627
-473
397
116
1211
949
380
298
-657
961
-385
-1328
-2135
-1641
-647
-112
1704
1802
574
50
-333
-28
189
-506
-3
345
619
389
1499
1038
1960
1482
400
-70
-1246
-633
-1340
349
1398
1446
637
338
164
-263
-1524
-2048
-1773
-1210
-121
-463
235
1221
1574
1110
2198
461
-1257
138
-716
692
19
77
-465
-513
1715
1081
1641
1349
-225
-1208
-490
-1025
-564
-52
3
621
533
787
865
-1212
-2323
-1944
-1716
-786
191
740
2062
3427
3047
3197
1295
-1547
-2796
-2136
-1381
-1002
147
1065
1883
1460
1802
1074
-419
-410
-2094
-2531
-1394
-886
875
1220
1436
1758
1370
-630
-2550
-1011
-786
-361
-169
721
912
-532
625
2303
996
-1690
-1329
-845
-2239
-1868
-1185
-508
1326
1308
1801
1083
-514
13
-1661
-1837
-1701
-2014
337
605
932
2316
-30
835
2158
-592
633
-908
-1329
647
485
806
570
59
-431
-375
-1254
-1535
-1779
-855
150
239
1906
2415
3399
1961
603
317
-2042
-1777
-2222
-1589
-915
38
1301
1581
1649
1249
2304
1302
183
-193
-1070
-1185
-1746
-1131
-1212
-223
657
-923
-344
-136
156
359
1950
1001
-331
1213
1015
1747
1424
211
7
-1061
-2568
-2472
-2394
-1269
410
1319
2596
1377
924
960
1324
2161
-1283
-1664
-2418
-2158
-1420
-1767
-276
99
1422
258
1021
1023
847
780
1151
1410
-556
-894
-406
-197
-261
-240
-519
-1061
-643
646
239
1385
1393
1639
1841
178
807
412
-453
-841
-2107
-1869
-1079
-883
211
1345
901
1912
1525
26
666
-842
-833
-598
-1574
-331
515
17
-587
-174
27
-1819
-1932
-234
268
565
1474
1830
229
-824
-1049
261
-1192
-1963
-1448
-1089
-429
382
1727
932
2443
1441
1184
110
-181
-251
-2507
-2384
-972
914
446
687
581
-210
439
987
24
-1023
-641
-778
-628
583
-198
1182
-113
-2058
-1882
-2698
-2125
-1425
418
479
1676
1108
1441
1191
637
628
-810
-1360
-2358
-1495
-1783
-1236
128
1022
716
625
-308
846
357
-735
-6
-769
-379
313
1811
1391
-199
-183
-1815
-1583
-1032
-1159
285
-324
1265
1771
1109
1316
2515
928
50
-158
-2054
-1635
-2355
-1704
292
990
57
365
1767
-290
1219
735
-789
1362
144
290
491
795
888
337
-384
-890
-1099
-2299
-1682
297
1191
2135
1149
2361
2344
102
258
-1034
-1812
-3635
-3904
-1810
-1093
858
1354
1967
2224
1384
1917
578
172
-949
-89
725
-1288
106
-1261
-2011
-513
-615
-541
-1230
792
428
1467
1592
1551
1838
772
62
-2384
-1382
-3026
-2380
-2086
-3092
-2135
-413
2069
2643
3627
2113
406
1102
-36
151
-1070
-2706
-1154
-3223
-2265
-779
-184
-809
100
2539
753
2243
958
-290
259
-146
507
-1351
-1149
-677
-1247
-1779
-2328
864
603
347
1535
1478
3430
1700
1141
140
-937
-1047
-2730
-1803
-1652
-1476
-593
985
1416
1642
1681
1796
936
-424
822
-1003
-2382
-1288
-1671
-2263
-855
1049
989
1013
1275
1253
1261
243
827
304
-371
-259
89
-17
-2150
-2713
-148
-758
-1754
692
243
1828
585
1213
1931
-813
506
-472
-1616
-2557
-2411
-1003
-1265
211
595
1669
1495
211
1774
881
1635
1102
589
-799
121
55
-1407
147
-1801
-1763
-593
947
1240
1515
-43
554
1077
779
888
-276
-8
-1083
-2599
-2663
-1618
-843
-728
-217
1440
8
1669
873
417
2801
1239
1252
855
-1063
-1642
-652
-2162
-1900
-882
-1104
-354
-650
55
733
1155
1163
1634
485
149
-1534
-1479
-684
-2467
-818
-2355
-897
-228
-678
258
474
1766
3183
2475
1305
239
1021
1099
57
-424
-2028
-1288
-267
1289
-755
-120
-51
-579
297
218
1086
1226
713
852
121
-1108
-389
-1335
-1721
-865
-1855
-973
-262
-411
85
1527
1277
2308
2278
-205
34
-1609
727
-811
-870
-423
-80
-541
-543
1690
-367
110
-128
-902
-1753
286
1213
1441
195
64
249
-1731
587
489
-75
-764
-1365
-1108
460
1299
1256
2072
1412
1634
630
1191
-966
-790
-534
-860
485
-650
-138
805
456
-676
36
-1044
-363
865
786
437
-277
-131
514
279
381
-40
-462
328
-198
483
-846
-372
497
1166
200
714
1413
-564
-227
-2092
-373
-1122
-416
-431
-1085
-211
-344
447
-74
1197
-151
-695
-576
-311
395
-259
-545
-159
325
1787
277
996
1897
905
890
630
135
-705
-177
-423
772
-1298
-1653
-885
-1891
-378
-581
-180
493
99
403
227
255
-224
-1146
-434
-1192
-451
-142
-1289
1139
1201
1572
2012
1502
519
1087
1550
736
1081
1008
-1067
-350
413
-1987
-752
-2258
-959
-1169
121
362
-628
979
700
-62
-2023
454
-720
-1454
-255
-881
-1240
604
630
316
465
1402
2082
617
1578
-860
-391
515
-531
336
55
21
1041
-250
-353
-279
-1174
492
-299
507
-155
-301
1779
734
-467
-45
-885
-631
1836
315
662
-582
-271
1037
-56
411
-839
-760
124
806
222
613
718
172
-1025
-897
-233
146
286
738
571
-416
1491
758
371
-388
-627
-538
-1505
201
-187
-1285
1230
703
130
811
138
495
-1792
-809
-942
-1735
-542
-1715
-923
-203
-216
-987
1022
784
-83
-56
-1169
432
-300
-269
835
-1005
786
1232
-1475
-355
-359
890
1156
1005
641
128
159
456
502
-520
-1641
-2131
-2878
-1503
-738
-1606
954
256
-48
584
743
1586
1675
178
925
-3
-866
-874
-1147
-230
-1016
782
1574
478
-195
1326
1293
-200
1339
219
-1454
-304
74
91
-1831
-1571
-1361
-2852
-1477
-632
-692
-778
1148
632
316
694
-277
1033
-486
-869
172
-1422
-273
857
1390
1946
716
1387
618
732
451
117
2095
1625
329
-42
-328
-64
-258
84
-501
-1365
161
-997
-80
1272
860
1181
915
-749
-2532
-2111
-1352
-616
-1005
-597
358
601
2227
863
477
861
654
1259
853
-379
220
1710
-433
909
295
-1134
-1331
-1464
-893
-998
-304
220
1159
767
409
1046
81
-1430
-2402
-3397
-2368
-1690
-1836
-636
65
261
1477
359
2022
933
-482
826
-326
-163
1450
1073
-644
1817
115
-659
-535
-573
-531
-687
1349
410
1139
359
702
623
-1934
-521
-2532
-555
178
-1204
463
-1376
842
-106
-63
1304
1087
1701
334
-93
52
88
-272
-290
-1228
-1012
264
-375
790
919
-1129
1734
824
102
1032
-859
-590
-415
538
-708
-1009
-1407
-1884
-931
-795
-1080
-620
-241
-70
1196
552
1584
657
18
-460
-1559
-1223
-1328
-1575
-889
982
-51
936
293
-71
-388
-232
1233
144
872
275
235
152
367
-195
-753
92
-767
150
573
-433
962
8
93
557
-77
1162
1666
1697
79
68
-1025
-529
-474
-326
650
-288
-19
-262
-1238
-1113
531
-17
-454
264
-392
-1585
-646
342
435
-102
-209
460
7
-425
-253
-240
579
1343
501
727
1272
260
449
123
328
244
-777
-287
-1060
-193
1123
-918
-53
-1101
-1094
920
-851
1665
683
655
736
108
355
-480
-87
-209
-638
-230
1266
128
1159
264
1193
1989
891
2200
1714
1168
156
-634
-579
-986
-965
-297
-1053
-904
-255
-134
-830
-694
95
-621
-43
-845
422
793
-928
-633
-857
75
-1018
-1534
-414
-1131
-1095
714
898
782
1877
1190
-644
-160
511
-368
-621
-451
-51
-549
461
1051
381
-322
-126
-324
-1368
-752
-231
93
-586
-885
6
316
-134
744
1108
549
1124
-197
702
1300
824
1470
-252
725
-87
215
1632
-95
-867
-265
263
-836
966
811
-367
312
103
144
-632
-373
-630
-1993
-2297
-1144
-1196
-852
553
935
375
-1143
720
828
-121
-96
-29
1215
935
644
209
-443
-929
-246
649
116
699
975
-456
-501
-190
-105
-1356
-1522
-196
299
-173
-594
359
-153
-251
33
734
633
-512
510
376
-211
74
1758
1030
-1107
942
920
629
714
685
298
-397
-393
192
99
-925
200
-367
-238
-467
-565
184
-372
-299
331
-283
97
303
-451
409
-813
-677
-320
-477
898
660
1000
887
85
1085
94
-931
-654
-265
-797
-1213
778
-951
-1287
-656
-574
870
380
186
915
704
-900
897
-136
473
318
-838
-248
-1030
345
-219
615
227
713
1723
384
789
1098
-800
-267
-1372
-604
399
-909
-142
-1063
-1235
-1642
-633
-878
-474
45
-456
893
1062
1426
491
-84
371
-401
151
-155
-123
-135
114
131
-19
1522
1123
215
609
66
234
679
305
-204
-1395
-963
-1789
-1707
-1757
-1649
-550
-1521
-881
390
638
-30
232
-819
-1592
216
-97
346
93
382
1057
-443
-75
70
-39
234
31
944
521
942
1046
715
741
-1008
158
143
158
110
20
33
-652
63
-443
768
-288
-1085
218
-441
582
242
385
395
672
1450
629
931
835
880
540
0
252
-671
-606
-146
-835
-641
-977
-431
430
-165
-344
744
-650
-965
-173
-238
-149
-335
886
1059
-306
-777
151
-1013
-621
-405
108
2229
944
1118
929
-40
624
1370
458
-579
-294
-258
424
-127
692
939
-210
-51
221
543
-162
484
574
-530
-1241
-911
-364
-418
120
483
398
-718
-414
714
-117
-462
295
-461
391
-626
-1484
-162
-845
-556
-213
-696
-639
190
-94
-351
215
96
-297
-158
-121
458
71
155
954
570
-430
1332
1176
1059
-73
-1727
-646
-2685
-1460
-539
133
-200
300
-53
-358
-134
-471
284
641
595
82
-143
-1551
-823
-1641
-1013
-1423
-1023
347
1211
1193
888
1559
949
894
1758
2159
-142
757
414
-1004
-894
-818
-1366
-1942
-1406
-1077
-1332
-851
316
89
725
1580
993
821
611
-703
290
978
-768
-868
-166
-882
61
1338
1082
206
1033
1705
1080
1332
-35
-472
-16
398
-13
-1564
-1680
-1912
-1710
-1542
-1464
-1380
-1154
-1158
-529
676
-524
485
40
40
423
-12
97
-452
194
1333
1183
982
1646
1131
1272
1061
1403
1074
515
-322
-93
-893
-672
-907
-1114
-839
-440
-449
-1978
138
-189
-413
-310
357
747
-573
481
1152
52
431
926
476
561
506
-123
-293
-64
1824
1579
330
401
282
673
-321
-129
-1296
-1424
-1671
-1719
-901
-1647
-1185
-1230
-1658
-1204
-706
44
-97
-48
623
1274
686
1644
2619
224
1767
1187
-20
359
566
1225
913
239
600
444
-478
-474
-806
-160
-1407
-2080
-491
-522
-852
127
68
-482
-549
-324
-212
148
-90
338
-269
-279
-46
722
1257
842
1860
1483
2088
1152
1664
1876
398
923
443
33
-577
-1420
-508
-1402
-2862
-1568
-1488
-2486
-1864
543
582
-180
316
-112
-117
-123
119
-587
-1309
-956
-306
6
851
808
154
-11
-864
417
1117
689
661
84
676
449
418
378
-513
-61
-704
-1324
-1272
-448
-561
-393
1214
426
47
-273
420
726
754
1030
-471
629
972
1109
936
1310
1174
353
1124
243
-662
-917
-295
-388
-789
780
723
-365
199
139
-193
-668
-935
-781
-429
498
676
1029
981
521
629
-56
362
-757
-1907
-759
-561
1217
1651
-41
-174
-734
188
-578
-1263
-682
-1559
-984
-261
49
121
214
190
-987
-1381
-1834
-1985
-819
-843
567
998
1612
1745
2225
1539
1563
1930
1344
863
-465
395
740
1157
-634
303
-960
-1851
-870
-572
-1412
-2081
-9
-1146
1387
1657
764
1057
-1123
-809
-1094
-1668
-858
-604
131
339
95
1281
1655
959
1072
1110
672
959
1384
536
-104
-119
-788
-12
-506
-948
-815
-2295
-493
-835
-67
-782
-1573
-234
-476
293
-856
-278
355
585
376
-976
-681
923
1455
2232
852
663
-319
363
1304
247
63
-565
95
6
458
331
-975
-1879
-294
139
81
-739
-126
-907
-930
1289
542
235
352
-719
-517
-488
-944
-566
-446
803
1068
502
-111
752
507
1291
1157
-499
-624
-988
378
239
-204
-702
-1358
-1672
-1111
2
-452
-1258
-1434
215
553
583
624
99
-383
673
736
475
204
-44
181
526
1380
295
-82
849
384
-47
1029
363
565
-459
-118
-615
-181
466
-693
-864
-684
-564
-131
361
-235
-286
-1652
-89
879
709
804
451
-211
808
1011
263
-332
1307
1975
1510
1908
1180
1426
610
-158
-570
-844
-1641
-1300
-1302
-1977
-2232
-2678
-1477
-203
-142
431
-193
58
-827
636
380
194
-416
-872
401
-398
1478
743
1511
529
-536
58
784
2205
1548
672
-216
-413
-373
-1600
-1356
-773
-1659
-1077
-1069
-2276
-994
-1337
-816
-895
-392
413
-1259
211
-482
362
1008
281
1518
1712
844
1383
1341
862
730
603
-247
-128
754
1104
431
-763
308
-37
-1513
-2105
-1525
-2671
-864
390
-777
-1052
-1052
-595
462
390
-586
323
-299
886
1168
672
611
-608
463
1067
1434
1086
-261
389
422
878
-496
-402
292
-22
76
-398
-808
-538
-849
-1512
-513
-714
-140
-1766
-1514
-497
-24
124
481
1403
1780
2231
314
655
911
-52
2039
737
67
161
-324
45
288
1448
-565
-452
-573
-784
223
-213
-1204
-883
-338
54
-425
-763
-1131
-1444
-652
83
-492
500
-231
-435
1250
690
2430
1277
1145
82
-664
-28
-764
122
-377
206
298
295
483
594
-907
-1339
173
-1173
-119
-981
-1521
-1360
-1988
-113
-411
-1052
-393
72
256
-962
-490
285
167
2233
2242
1163
1753
-129
312
573
1203
1154
-86
152
-1149
-321
237
2436
555
-5
-204
-512
-314
247
1036
-681
-1796
-494
111
-872
37
-1640
-120
-216
-188
292
-70
-3
691
1976
425
641
162
83
36
282
-54
-740
421
-274
-273
-221
149
-567
-206
331
491
-113
-1112
250
-171
177
-713
-1371
-391
-84
987
-208
-913
-787
-444
808
1280
694
-305
-671
-40
1377
748
-78
-1348
364
-238
-738
273
-826
1008
888
-193
-215
-61
660
1354
-366
-763
-224
-127
585
610
-67
-162
520
197
320
-639
76
856
1207
1849
170
-322
-632
-397
570
234
-1077
-1068
429
1074
-403
-608
-783
-1102
-1117
-1051
114
-577
-1039
-805
430
530
-847
-263
386
-744
-157
510
250
-738
-293
805
1166
1001
1137
1051
-386
905
874
15
-949
-178
671
1616
498
-57
413
-1139
-485
-450
-1280
-1275
-1889
-808
-518
-1508
-452
-119
1106
408
805
645
116
643
-70
-150
-121
206
1679
663
-519
272
731
529
-435
-59
273
-417
-30
1283
629
-911
-161
444
462
-721
-1368
-1423
-2186
-586
207
694
46
743
35
6
698
-510
-1031
517
1095
1297
1328
190
856
414
458
-288
-659
-1013
-2058
-1158
0
481
812
478
-380
125
980
1592
744
-1520
-374
-1629
-357
-468
114
251
296
1591
-656
600
-515
370
443
656
289
601
1312
2329
1298
-1005
-797
-1172
736
-365
-423
25
-279
538
186
-384
486
1000
448
-451
-427
-1296
-932
-253
-1102
-24
361
213
581
186
-1040
-169
756
117
-322
34
13
816
-685
-246
-512
-940
-568
-1013
629
-469
-440
-137
17
-80
263
-375
459
536
252
-520
-714
17
682
966
-160
-213
522
561
-72
1098
189
301
-423
311
433
1262
1722
1156
1158
-1313
-1289
-1110
95
1024
-12
-403
-1513
-841
3
215
-180
-406
59
-142
0
-262
1618
697
459
-458
-786
786
254
-182
-796
-618
-585
513
660
564
178
-546
-167
207
152
21
-1258
-1222
388
321
123
-874
197
-903
-1051
1297
574
-971
238
-17
48
1797
324
873
148
114
4
-177
318
618
-65
-240
144
752
-291
60
48
-344
986
-158
458
-251
-1058
107
-92
-835
611
496
-208
-951
-315
-61
177
742
96
-1069
-988
-87
324
-27
-668
231
-6
18
-27
-260
-983
448
2673
1401
-406
-1723
3
276
-808
-289
-2
1166
965
458
235
483
302
404
-1023
-848
229
-186
-259
97
-880
-999
-57
-318
592
-90
-246
-13
-231
-332
-526
-796
88
711
1136
734
352
358
334
1020
-103
-657
919
1309
1024
1278
282
603
456
-517
184
-23
-123
-210
-546
704
-519
-580
-453
-821
528
413
-847
-47
-915
-1650
112
-476
1442
259
-978
-473
-559
-12
217
121
-864
-870
-541
854
55
-358
584
379
520
-776
-400
365
-18
195
-1327
246
300
-163
142
-325
728
278
670
762
776
-1136
-167
-333
-301
680
122
585
147
-98
-879
-191
-1122
-115
581
491
395
242
-276
155
-370
-978
-700
302
764
-316
372
-587
-927
-395
329
613
1547
1390
1626
796
202
-52
-23
415
358
236
-106
-345
-719
172
774
-196
-632
-422
-446
-165
-481
445
-528
-397
-124
-296
707
667
399
-846
-1180
-235
677
-232
134
1409
403
768
517
703
503
105
-129
-1259
-879
-1113
-533
-154
-72
1171
-659
-1262
89
-400
707
486
-768
-1228
-91
-325
-195
1791
487
115
71
-76
-108
-96
947
-210
70
1733
1271
103
-1890
-1714
-171
-1004
-765
-1842
-424
-139
-754
1457
276
365
314
-393
180
111
-372
-400
-922
-1386
7
662
-5
863
-293
1126
1130
-358
521
915
326
-1106
224
408
-346
-1216
-1046
-366
-470
-1079
-246
271
127
336
-49
-130
32
1009
588
-468
-390
-254
372
716
430
1387
-47
-1027
556
-64
23
-250
-541
331
-106
-318
-203
-37
-982
-1216
-406
-1286
-739
-33
450
554
292
918
563
-647
-464
-401
263
558
-244
1140
-142
-507
87
691
499
634
567
-670
-533
-20
920
-545
-825
148
-265
-755
-1708
-3076
-2281
-744
5
-82
-388
-20
-667
-326
264
-193
487
23
662
166
678
616
-250
234
850
1327
920
1673
-418
173
305
731
808
-707
-200
-733
-910
-376
-77
-1159
-1434
-867
-972
-213
-762
-874
-2
501
1032
1375
-15
-1209
-44
813
752
-723
614
451
35
129
1220
1191
-482
260
136
561
21
143
100
-1428
-816
-721
-928
-102
-1277
-481
-124
142
-599
-723
1387
-95
-93
988
1043
-623
-74
984
727
754
-675
145
555
-346
-100
375
-771
-1154
-16
727
317
-1180
-23
341
-1252
381
896
-961
-909
254
-91
138
-82
-126
1675
1013
1008
462
19
398
343
723
-18
-173
-1079
-804
-564
217
1076
-614
-425
-532
46
117
-621
-831
-333
209
-791
-372
-1136
-395
506
87
538
475
-632
-1027
1181
1003
60
-181
339
247
-510
504
-585
-725
-329
88
-54
-406
47
-786
-313
1506
1224
316
677
-157
-92
-826
-437
11
1156
97
-1122
745
-154
-736
-408
847
621
-314
-103
-44
-803
-469
335
-446
-1370
-1811
-613
260
-684
12
379
-6
-673
510
538
33
165
342
574
-1049
-1132
-1115
-498
-697
244
125
144
783
779
262
-692
298
758
-21
48
205
-638
-22
302
-487
188
-228
-731
1141
285
-326
289
686
665
991
224
-630
-891
-942
-46
-246
-317
-750
-754
-1381
-296
32
12
150
-32
-657
-1970
-177
815
1605
1131
38
-299
-217
-789
-380
1195
2127
101
-1483
383
75
649
894
840
-599
-372
429
20
100
-156
389
-317
456
-456
-671
9
249
83
-377
340
-159
-890
-95
441
-85
118
326
675
518
814
-226
317
465
143
242
315
307
-242
176
-248
-251
-74
-2
-633
-134
-559
-690
519
994
618
-529
-515
916
230
835
-145
-680
-234
-741
160
-1365
-904
-263
347
673
1467
300
-736
272
-409
268
269
250
324
-762
-1536
-799
-360
-734
-783
-795
889
-159
185
280
-400
1300
-257
-305
-307
-1107
-1191
-394
30
1184
679
89
542
988
1689
729
1985
250
-38
-469
-2247
-1816
112
876
-113
-18
-972
-136
-39
750
-623
-772
499
477
1417
116
569
-135
-407
-207
-1276
-1045
297
765
-686
742
-69
830
1883
713
750
-373
752
374
-238
-1199
-362
-1429
-1065
886
-99
634
160
620
458
-211
-680
-1158
457
464
686
276
-855
-164
-278
686
-314
-278
385
35
-205
578
885
161
-48
135
322
-1264
-1149
-113
-605
-839
305
-461
-423
558
1067
556
-118
603
141
-1129
-536
301
817
531
1344
1031
-12
138
-667
263
29
527
579
-799
-177
-194
-33
665
-962
-879
101
-810
-8
936
-1405
-875
-333
-564
582
117
472
-216
-121
-45
-567
33
-849
-239
1168
-770
-1155
-454
802
870
-286
840
297
-463
-205
472
1453
-58
-452
-664
-1100
-346
617
1321
366
-223
-83
650
228
174
731
1181
710
713
-694
-1774
-184
1433
2065
-62
384
-543
-1769
-664
737
828
-128
542
-823
-1525
-190
384
-473
711
722
-777
-1828
-393
756
-207
1201
707
376
-268
294
1395
281
575
782
-1178
-480
-176
162
1453
503
237
-908
-652
-609
-546
636
-50
113
-199
-1107
-603
-968
-309
-161
-28
137
-223
-421
334
86
-967
76
593
1409
713
20
621
830
-220
-787
-388
-731
-618
-380
325
-341
-96
353
-156
148
24
897
-347
22
245
7
1439
158
-348
80
-214
-111
625
478
-545
-610
306
-408
352
1804
1017
135
-834
-776
-930
-1799
-1021
129
48
-1139
-245
472
-100
41
695
775
-109
192
595
235
-289
60
-698
-182
-381
-735
167
-224
-324
-207
728
-571
-417
604
169
773
-219
3
-441
141
1302
1155
632
-676
-128
535
1818
1176
1485
-613
-1088
-145
-585
825
-861
-473
-373
-147
-501
-276
666
122
-284
-984
-768
-284
428
524
373
316
483
-355
-255
-1
-901
-26
724
-104
-972
377
-86
88
334
-1281
-987
-1191
-854
-432
432
148
-142
-34
-368
-524
-171
-210
524
349
-224
-599
-1157
-662
339
200
279
26
-1105
313
-119
171
1113
1691
174
350
-1247
-1318
508
261
1082
227
-406
-992
334
1718
606
458
520
-590
738
1794
904
-310
-812
-564
-668
-372
970
-166
-1088
-1181
-487
-934
-145
1077
-317
-276
1094
-25
-552
91
228
530
-1385
-92
-348
-802
-200
166
1087
659
-805
-748
-1018
-471
927
72
721
854
-507
-1233
-39
-914
-581
457
-673
-799
-1637
553
1346
1354
636
213
700
-1266
207
-192
0
-148
-638
-951
89
1002
485
555
-240
-210
-1348
-913
624
838
-227
369
987
77
-349
-271
-121
599
11
-789
-1456
-648
281
138
955
1699
368
455
457
135
-746
-1552
-99
-1352
-919
-267
1112
1418
686
192
-697
-1887
-868
498
179
-240
-204
1042
713
795
568
577
-345
-766
-79
-342
192
278
1657
635
-474
1325
56
-141
-305
-166
-314
-1601
-867
-647
-38
714
1577
1510
-274
-633
-821
-615
-83
795
-297
-457
462
-237
1350
1671
759
267
-636
-2094
-1974
172
1565
1251
1064
309
-1266
-986
919
430
70
-746
-1881
-1166
-1466
507
1515
1258
537
41
-682
-1089
-132
-264
32
-838
-1507
-698
-344
-663
510
617
-546
-1737
-2778
-687
354
1359
1940
257
-54
-271
-483
785
908
118
-1192
-1774
-779
-1627
584
2355
2369
1834
515
-986
-1042
-427
-187
1448
-235
281
-450
-198
1635
870
954
-87
-2039
-2716
-416
1011
433
1532
317
-1102
-193
189
1108
657
-850
-2002
-1210
-1982
519
2546
1867
1950
-204
-1473
-625
-391
-1458
-566
574
107
-1007
274
976
1824
1377
639
467
-810
-2097
-1710
293
1480
1276
856
353
-1303
-859
-552
1130
53
-1028
-498
-730
1145
1913
1907
1633
586
-576
-340
-1092
-1304
-339
-670
-119
612
1103
716
-20
948
-746
-242
-585
-1654
-4
-1064
912
1432
320
-503
-351
-403
-392
512
-125
-1929
-1975
255
-977
404
1115
1046
245
-1312
-1952
-1771
314
-462
-1012
-276
-119
-56
128
1026
1095
-882
-530
-1616
-1783
342
309
1088
1205
922
-482
-462
272
577
812
635
-324
-1425
471
1134
1411
795
773
361
-1115
-1152
-835
-770
-280
-308
-243
292
-459
-372
751
-118
-107
295
-900
-336
-103
1493
733
-313
507
-270
-1308
1088
567
-804
-237
-882
-128
-719
1161
1423
259
586
-611
-1417
-1514
-840
-39
-221
-874
-1039
257
436
166
-251
-631
-63
412
291
513
179
-920
-482
554
276
367
616
63
-1294
-2168
-1293
-328
77
412
1172
-471
-626
-456
98
659
858
164
-537
-774
-1086
401
197
1093
1100
207
-323
-1104
-710
-503
-747
690
559
89
-545
-269
-320
-331
1132
1501
-717
-2747
-1248
-693
531
315
1312
-655
-793
127
55
965
-166
162
-755
-182
-214
-384
938
395
-317
646
-1301
-449
-1232
-1945
-663
-717
883
481
898
-257
138
1208
374
749
-583
-1178
400
-273
-560
435
-119
-1687
-1129
-1250
-151
-335
-609
574
-613
319
1349
2227
1823
1051
67
-228
174
-56
-37
890
231
280
8
136
348
-173
107
-682
-923
-1571
-844
115
71
-996
-168
-873
-1205
-327
-523
226
-93
151
13
-1325
150
476
1228
1540
-488
-720
-595
-667
-1279
1436
1376
500
720
-166
259
-725
-298
-532
-879
-657
-1323
-361
-656
-253
-201
-287
-201
537
785
1055
1441
142
-66
-170
1693
752
1033
1528
465
-670
-1281
-718
-782
74
-1344
-339
-165
312
1768
694
965
-322
-1523
-789
364
1205
1130
970
-370
-1512
-1639
-835
983
1004
-348
-1365
-853
-450
-650
-29
709
122
696
474
1089
-135
-1801
396
605
-1191
-1323
143
392
434
-957
682
956
57
-904
1378
2109
-448
-453
122
1164
-197
-485
124
360
-1926
-954
306
-638
-277
428
65
170
-149
-413
1131
419
75
-2181
-1190
1190
-900
1043
2264
-82
-1538
-905
-404
57
363
-511
-1097
-779
1104
1586
275
-119
-712
-1364
144
517
486
1452
529
63
-331
-656
886
506
2275
-265
-1285
-1237
-1343
-187
-1704
820
624
843
716
813
916
-809
-2087
-596
245
-293
-1167
-241
774
129
1340
1053
1495
-174
-1100
-438
-395
1343
746
772
1248
-437
382
213
-536
420
-835
-897
-274
-1915
3
1094
1468
1817
814
627
-855
-985
-778
-562
-13
427
1040
1012
406
479
590
969
601
-23
-1151
-1192
-1242
-978
1249
-147
447
1552
365
-885
-1809
-1087
-197
558
498
936
878
578
550
-213
-474
-1206
-2144
-3157
-1116
4
-411
1442
281
1220
1391
249
-513
335
807
-904
-589
-1781
126
684
823
771
-205
-383
-1153
-823
-1369
97
-172
775
2217
1333
1623
1869
921
-158
79
-1255
-1595
-2096
-589
1219
317
808
-218
329
548
-1320
-217
1127
745
523
-572
1086
994
-302
1394
534
5
-2334
-2602
-1003
-685
-89
694
798
641
830
1570
1604
620
-353
-1295
-1208
-1585
913
789
905
962
-274
-1233
-688
627
-979
-218
737
-120
-1076
-295
790
-125
130
630
-389
-628
-512
-1294
-2028
-562
357
1268
950
1574
1009
-363
-549
-1016
-239
-59
-235
-151
361
1572
2492
917
1256
580
207
-396
-922
-1180
-1509
-1446
-2466
-1344
-1115
593
633
747
244
-1143
-1042
-237
66
-45
170
-823
-533
-181
220
-386
256
-665
-726
168
164
475
1855
2436
822
701
2188
2094
-183
304
-1027
-1994
-2577
-60
91
-32
1549
565
1435
234
1205
76
-506
-15
-1192
-1153
220
1712
260
-144
1026
-866
-827
-552
459
1749
490
300
-186
-499
-372
1253
331
1510
177
-2477
-857
-902
-234
1752
412
1007
1853
106
-391
-1057
-600
-418
185
-785
-697
-9
-17
-579
-278
-945
-755
-1181
-1405
-1135
71
1387
27
402
-1200
205
43
1333
1467
389
353
-2554
19
-125
405
2580
592
703
434
43
-995
-1168
-1822
-37
85
-874
596
404
-100
-1931
-242
-382
158
-895
-520
-247
-330
742
1819
1564
-13
2210
1219
391
287
664
-465
-566
-1108
-135
1311
539
353
116
116
-1702
-1514
98
706
-95
89
1397
1053
-516
778
494
-610
-208
-272
485
-785
-127
459
308
59
-640
73
138
376
1020
-8
-158
-901
-1176
301
-1257
-180
766
-878
-254
-164
366
-894
-233
1053
-522
589
120
999
-194
859
1115
1549
816
-760
-770
-2774
-576
-1360
-162
365
-1158
-974
-158
-538
-697
-789
569
1125
975
-702
242
1162
824
396
-269
150
-1749
-831
-1491
-128
-255
-149
-560
-44
-632
-193
2086
1074
1167
-789
-1320
-550
-709
38
1007
-58
-1246
-89
747
390
-769
-849
666
-814
-574
650
1102
1039
-246
140
821
255
-492
354
-560
-2075
499
1115
591
447
1145
1338
360
735
674
1210
1072
-850
-1157
665
334
717
668
-1193
-1693
-1481
-126
482
-257
990
61
-1272
-1524
-252
-570
-726
726
571
1572
140
296
1380
-51
-635
-634
-168
924
111
-110
-85
240
-777
-1484
-613
-1541
-1562
111
-1282
-1578
-1483
-1475
425
-257
87
820
1499
393
-225
-261
-285
267
-503
1083
1993
-925
831
1116
531
43
-714
1019
667
84
-614
449
-749
-792
-367
-1035
-1039
-994
-902
-858
-463
-462
116
462
612
1361
1300
808
153
366
400
709
1056
844
926
-789
333
36
-984
-956
-1212
47
-1389
-84
646
-753
861
252
-203
241
-312
-1189
-834
841
1008
678
23
-206
153
205
955
-585
191
-341
-720
564
-314
1357
1403
1122
764
-661
-918
283
-1072
62
781
8
-1019
-1486
368
749
478
-742
569
378
-660
-42
1406
2178
640
92
23
-909
833
-73
-50
269
-1591
432
-452
-1449
422
-532
277
841
544
440
-661
305
-705
-317
-330
804
1331
-98
-349
-236
-811
-1565
-255
464
-617
-190
-360
588
443
-1843
-71
855
983
315
-1297
-888
844
-2048
-769
715
-148
772
64
20
53
827
1206
17
-999
993
642
28
-179
-432
131
-340
183
-292
-46
-208
-174
-988
-118
-456
198
614
-1255
800
-1111
-383
-698
-437
-398
-321
-441
235
2200
470
651
354
257
-317
-164
-1169
-509
787
-1175
-1276
-90
-992
-718
712
1239
672
-600
119
470
-927
-1037
455
584
-889
-806
-1475
-784
-812
-1012
-498
-731
-650
266
493
1512
2307
509
1511
-1062
-892
-84
-447
-310
61
518
-538
-75
801
697
-283
574
376
-484
775
469
-153
578
-1098
678
-1555
-953
212
-1266
274
-838
-452
64
310
358
-622
-669
689
-904
247
-534
-212
434
-622
707
245
388
1644
-677
-1322
1129
-52
684
-277
-1398
-1345
-140
-1367
0
764
-1011
710
-927
-724
-857
91
91
-393
1390
1299
293
-876
332
492
-1625
-1468
-642
-411
-685
239
821
-1474
487
298
263
838
-729
1556
1096
-1409
71
12
-1375
-752
68
1183
-834
-43
134
-865
-288
-1252
59
305
206
690
805
1291
-359
263
-652
-1396
-683
-1906
-591
-1109
-1550
605
77
612
-140
142
404
-1101
918
98
902
209
270
1238
401
194
693
225
514
-309
-996
219
-1199
-845
-1284
-75
-203
-1405
-1053
-748
-1704
-427
1083
827
1143
-1241
-83
1231
-286
562
808
1139
1561
-341
-292
400
657
202
-322
-39
647
745
340
262
-1012
-1453
-92
-772
-1543
614
-401
163
-1039
-1160
183
-706
1323
20
1291
1726
140
-462
-221
453
-443
-336
414
1255
0
135
416
484
168
-390
118
-715
-1144
1058
-504
-1086
-1271
-468
84
-2541
-323
-413
1907
191
-350
1306
-224
668
521
1058
-367
-902
-204
-385
-685
124
1020
238
-114
1101
1145
-593
-735
1132
572
-695
871
865
-149
-1441
-980
-1706
-1117
263
-1558
72
-925
582
261
1060
1249
-185
981
-527
186
-875
-34
228
-297
-735
553
-722
81
1971
385
483
137
405
-764
-1074
-584
393
-616
-593
-306
193
-1129
-1359
1097
229
304
-82
1419
1630
-1452
-427
734
-1531
-541
813
499
126
-1040
1562
818
-1230
-329
-242
1660
303
319
-59
157
474
-418
-288
-1609
-107
490
-390
596
701
240
239
-42
1182
-501
202
-94
-483
309
-1010
403
645
485
504
-145
-4
-991
-413
-253
-1391
-879
209
364
-89
904
1565
630
-174
981
408
764
565
904
499
-895
361
154
-956
-1327
-1197
-1192
-851
-949
-843
-90
66
611
113
-55
271
-539
395
-213
-311
230
-770
278
-40
342
903
935
1879
-15
53
668
1056
807
600
498
44
-293
-595
-925
-1915
-777
-1694
-240
-325
251
680
-549
-648
-4
654
-892
1308
918
1021
942
-1381
-1530
275
-397
-435
150
1032
1301
-769
1245
548
-1508
-407
-39
-757
-1108
-549
757
-1172
-1433
-186
-158
85
-327
1192
682
1364
1188
527
25
-611
1063
-368
355
225
-509
-853
-1110
-1163
-752
202
-582
668
-306
-88
502
679
1019
867
519
-1661
-1469
-163
509
387
-415
301
347
-786
1320
961
-621
47
1469
-58
-1850
264
662
-68
-1676
-301
-479
-1689
-64
-285
-53
442
-18
1
298
-465
485
1548
913
133
63
533
707
431
-1167
-716
-589
-461
-207
118
22
385
876
-621
-435
-1447
-46
148
-547
629
1367
215
1432
528
-336
220
-468
539
-663
1029
-761
666
545
-264
691
-656
-659
349
-95
-1238
1397
-1006
305
469
-1028
206
182
870
340
189
274
820
374
-101
376
1500
-727
924
1995
-1233
-520
-542
-451
-453
-2021
-720
1452
-30
-115
-525
675
-172
185
255
-1907
-35
-388
697
760
-59
1564
775
-913
-649
-214
-22
-763
598
14
161
90
-786
-791
-1507
-977
106
-1222
-1537
524
-666
182
356
1382
619
895
1318
769
2924
1319
-92
542
432
703
-526
-165
642
-1288
-630
-554
-199
-1100
-2522
-1057
-682
-237
645
453
1256
688
-675
-577
-635
-346
529
144
1115
1094
957
2078
461
2164
312
-322
583
376
110
-1313
-1278
-662
-600
-1276
-399
-1234
-1108
-1616
372
-511
-1186
425
499
705
1716
1530
1698
1281
-182
-213
137
1332
1111
2145
-282
413
1101
584
954
-509
-1057
-420
298
85
-925
-641
22
-196
-733
-1207
-363
1856
415
-1022
656
-328
858
564
1199
1268
-759
73
1554
-624
-649
-750
-946
-1931
262
775
-789
598
-1235
977
15
-508
-451
979
-440
-1175
-421
552
-463
-917
325
59
1217
629
800
-726
81
-106
-479
-1184
-174
574
108
-875
-657
-1192
-785
-419
-2307
361
-173
-753
383
455
449
130
419
488
884
995
1882
1266
398
534
168
605
733
627
-698
-536
6
-236
-1733
-1557
-69
-1010
-1302
2033
365
-710
164
88
1009
-114
553
2501
1035
-1034
605
689
828
-101
1707
331
-527
394
-16
959
-436
-1463
227
-1578
-1130
480
-997
-135
-862
-601
-1486
547
361
33
1161
-142
496
717
-239
-113
-278
862
1039
-12
-327
-305
-8
-225
643
140
-148
29
-1
-556
-381
125
1161
487
-1072
-393
838
-630
-55
802
-452
-417
-37
859
688
-90
-298
434
-317
-1359
-860
61
-859
-447
-569
-729
-425
-255
9
-343
-383
295
10
-360
606
-1344
-997
119
485
431
-379
543
996
-1420
-719
261
-643
-143
-258
890
472
-568
552
550
-1344
-656
1132
1436
493
1004
864
111
399
542
690
-533
606
1171
525
-327
-826
1274
-815
-762
945
880
-405
268
1067
-2325
-265
-605
148
-284
-142
1033
168
590
-81
1087
-154
807
211
646
1199
77
-146
-275
-145
-824
-430
-615
964
-316
-1140
-401
-245
756
-489
-1334
1036
-239
-2034
-121
-671
-1310
-1865
-493
899
-458
-131
1377
294
-753
644
1095
-194
-986
423
1001
-795
695
-282
-1346
748
320
521
-451
-125
333
-387
98
401
25
300
-306
-567
370
-899
-1040
-917
598
-552
-573
805
-448
556
698
876
161
-2153
-1245
700
-1350
-407
-444
371
903
-569
337
361
-450
503
724
-324
963
-579
239
1259
812
659
-30
-280
-1004
-1181
-235
-324
545
108
-216
1314
597
-402
-164
-624
-427
-938
-1464
355
-294
-321
-231
1553
874
-505
218
280
199
372
315
40
813
-168
334
597
219
1372
-160
249
396
-1067
-583
673
1161
367
1064
8
-822
-500
-1199
-2207
-82
-437
-1448
-501
214
-190
116
96
-1112
-987
-510
443
-377
-468
-1462
-549
507
1373
595
-331
30
1305
-439
-530
943
-1009
-1515
69
1315
-933
130
151
310
-1444
-251
388
-765
-278
-2013
-134
-394
-53
397
238
101
-84
-354
447
1496
-1086
767
940
333
586
120
708
624
-150
-1805
-125
-335
-1114
-565
1310
336
210
-570
-718
202
-770
-61
-391
-583
-380
889
-290
405
1200
520
499
1115
17
-390
253
983
1308
294
-546
9
290
-1062
594
1175
-1176
-1512
-153
-330
-990
-718
1087
766
643
-162
614
668
104
711
-806
-425
532
1
-535
-69
-161
379
220
-1096
-738
134
-241
-812
44
506
-1509
782
515
-1154
-155
-726
251
-968
-249
1415
447
-342
951
574
-461
429
-125
-37
-372
-498
-1028
-1687
-1765
-257
143
-483
-697
-1607
124
559
-214
26
-530
374
275
-655
849
1001
647
643
482
-461
-557
-750
-1128
-42
123
-100
-312
-262
470
-488
-1238
-207
-458
-1655
-1116
64
381
-621
-554
760
765
315
-161
1185
121
862
1470
1400
1061
-1193
-201
1180
-436
-954
584
-1315
-17
596
63
-383
-1432
570
773
-880
508
595
-1141
-486
-313
-190
105
652
722
508
147
1407
1786
-226
-475
-430
116
-294
-707
-114
-1427
-433
-604
-1060
24
-725
-1010
-1080
-586
55
310
-373
-344
500
118
-843
-417
398
-477
-539
1036
-303
370
1126
-752
-806
-1054
-429
-318
824
-212
-534
110
-234
-578
-322
341
-440
154
-363
658
23
-954
281
119
1044
72
-964
643
248
-267
489
1003
-969
344
294
-376
464
-803
259
-720
-292
-1568
-1073
-287
12
718
-740
882
302
880
454
607
832
26
1085
822
266
564
-89
-30
876
-285
-51
-240
-106
-1427
839
-432
-519
177
376
548
-986
-237
-1843
49
-1522
-464
-703
30
455
1161
735
-1183
1652
237
501
792
-972
-258
-1148
43
-46
-248
-424
-1682
1252
-768
1020
-12
-770
-276
-227
-97
414
970
-949
1288
-806
-572
-103
-285
-1280
280
815
-1149
453
591
868
-405
-836
88
-701
-1182
260
-665
-837
-956
-813
-860
-931
1397
-98
7
-425
-371
557
-955
283
1234
431
366
734
174
-404
-388
-1191
-2061
346
116
228
-112
-226
652
882
-426
-202
1246
-816
761
80
474
-784
-803
1063
-177
-912
619
893
-446
-431
67
708
-374
1098
1531
-64
-46
823
265
-63
325
-1241
-578
1050
491
-575
648
159
-471
1018
1062
1197
-180
435
193
1208
-621
313
-498
334
526
-69
1454
-2036
-29
-1491
384
452
-411
-355
1040
115
809
1151
-1897
-233
-822
-41
-423
-511
-109
-1291
24
966
-1022
-200
717
516
720
912
-413
-429
-226
-355
703
245
144
-1185
-863
146
154
1495
771
-107
-276
2167
668
-51
997
-829
191
-1127
-302
-599
-850
-665
245
-246
-585
864
1100
583
-1337
1058
1772
-430
-613
84
-1656
-502
204
625
631
-343
86
192
-209
228
1963
-300
770
1044
-76
338
-374
-529
-624
-579
-480
-419
-1143
-142
-415
-1581
-74
494
191
248
393
-515
-855
-469
-960
461
-972
-203
292
111
1480
93
-199
-626
576
437
1018
1004
302
708
484
-99
330
284
-611
1057
854
-198
312
678
367
-129
-550
-431
811
1053
21
235
-624
10
-344
-1011
1235
705
-88
967
1016
403
910
913
922
-401
-561
238
-537
43
-87
-501
-460
22
-687
-285
-907
-797
-38
-596
413
-159
-133
-288
1266
822
606
174
-25
763
380
534
305
166
-566
295
826
1220
-1058
-12
-651
-699
-155
-1664
624
671
-106
72
1957
782
101
311
981
641
-357
-440
-122
-1
33
1096
25
23
1087
-268
-730
776
767
10
154
377
-825
363
970
-261
-1175
-1586
-1208
-370
-546
263
-165
-460
-5
704
542
191
901
-431
920
-695
-603
-680
-1130
38
279
1650
109
178
-576
-322
892
-341
69
-1149
-1166
-268
-43
869
-709
-620
-703
-557
102
109
640
921
669
441
1534
822
742
-543
-415
-922
75
-135
-1648
535
-167
905
1901
973
-407
107
-572
-138
-78
-579
98
-506
1888
81
-412
1470
-489
-612
-532
-824
35
-709
326
1277
-236
416
-87
-48
-185
218
-373
-1033
679
-105
-837
-59
1037
1073
-541
-1568
-1305
227
605
-1322
-915
212
548
220
798
720
378
168
-385
-929
-1341
70
-71
-218
1009
-372
101
227
60
1071
75
127
-48
-408
-1312
142
904
619
47
612
205
-1320
-333
-550
-1997
-1630
929
160
83
96
-425
658
-414
-871
-1261
-1479
790
735
1058
256
552
1483
530
109
-1887
312
-265
-1109
241
-451
584
-311
-936
471
36
-182
-520
-970
-500
-293
-243
-357
-97
-67
882
-230
880
1086
-1471
-720
-691
454
-956
-424
131
899
1085
-1495
-75
-822
-452
-1135
-23
-565
-843
784
454
587
1080
2197
-1379
-1271
611
65
244
754
1408
1020
-201
1128
372
-1540
-68
203
-728
-614
-556
-341
149
62
1111
132
-719
-153
-671
-725
756
1355
-136
-711
437
773
1162
1133
418
-985
-973
-342
-1323
-498
-162
593
-832
-1247
968
-221
-1206
-794
-382
-491
-666
-1155
24
1140
-359
786
624
407
1055
1245
79
-930
317
1006
-366
-388
736
58
400
-348
-1
-2386
-1297
-599
-1014
-85
1551
1242
102
757
-353
955
-16
-363
-1168
625
986
900
1396
1142
1171
-304
827
361
1063
733
107
-127
-851
-579
-1285
110
-578
261
108
-409
-136
-781
320
0
413
-2
-251
714
1513
312
775
213
-621
-1202
-516
1371
-82
195
554
465
0
200
-905
-1806
-816
-681
-781
-1420
248
1351
96
1725
1505
-313
197
1166
43
-371
876
383
245
-49
333
1021
574
-223
18
-1270
-844
514
-237
157
420
-55
1036
145
-1195
-956
-837
199
555
-258
31
426
376
1064
1108
97
-144
-318
-826
660
-1861
-1138
-773
-544
-206
-1872
-442
98
-450
44
934
-385
836
1002
1149
1646
472
1000
-70
-144
707
-656
49
-478
-480
-231
570
-89
61
966
398
327
-658
-118
-1137
-814
550
1153
-631
584
1107
886
983
215
955
198
417
-59
1400
1364
503
-721
-752
-751
-753
106
63
102
-867
-352
-610
1678
124
-10
1552
168
1132
487
330
-942
-883
756
610
-409
356
-41
276
960
172
-530
131
974
-1799
-376
518
-1572
-1440
-1552
-2211
-395
-437
-1068
14
174
879
-984
555
1037
36
818
-938
640
1012
-293
-76
666
50
1513
1180
30
886
-871
763
482
-620
-925
-296
-1100
-2681
-1222
-920
-587
-1301
-496
315
-750
1269
1695
446
-273
100
707
-1163
-222
-90
-65
-1134
74
583
-1122
-201
896
1735
-1202
358
1087
-208
89
810
-539
-1696
476
-555
-995
12
1109
833
194
488
975
152
-1278
1010
630
-971
-327
-1183
-2060
-1934
-2268
-734
-283
-1560
621
597
700
1141
1564
982
1276
421
-152
1079
-252
92
111
866
795
1501
671
-243
281
-419
-815
-1101
-669
-1251
-575
324
-349
-1247
-972
710
-434
-812
317
283
92
323
794
489
1107
171
-225
934
-343
-673
-557
232
673
-1479
-628
-194
-1247
-1460
-1447
-1751
-1246
-127
273
279
378
566
564
-418
-280
302
-437
-383
-1098
400
1358
979
-603
-1328
386
1237
193
-1137
423
-473
-1147
71
-1410
68
-323
-1961
-947
-1492
-562
-442
620
-382
134
426
-81
1377
-754
-183
-186
-65
153
585
315
-1152
-123
-205
616
340
1608
310
-585
1084
-1525
-1753
-743
188
-1131
460
-66
378
800
188
1485
-898
1050
1404
40
486
32
-624
1307
965
-543
974
889
-1105
-990
-1464
-1597
-548
-203
627
32
-607
499
-633
-383
880
-1293
-774
-341
76
1885
1017
571
799
-288
-205
-1278
-423
132
-1094
-1066
-341
1219
1409
-250
-290
797
-134
-1098
-303
148
-1374
110
1203
1238
553
-143
427
217
1067
-52
-634
-1476
-1027
-193
24
996
-1003
95
-175
-453
-1259
-825
-1083
-1517
1951
-501
351
413
720
-125
-797
2509
-406
-1276
-796
-379
897
255
116
-798
-822
-538
-622
394
-553
-135
-196
-311
-63
29
85
-819
870
997
858
711
383
-28
317
1908
1035
-107
991
451
-341
664
197
344
-386
33
-945
145
1007
-473
21
185
608
-730
54
-238
-628
-658
7
310
42
1446
510
-361
514
292
-285
659
711
-1136
-1202
-299
-557
1107
797
343
106
1000
138
-1002
573
-928
-342
142
-398
-462
-286
397
419
-61
288
172
-149
1065
16
208
-733
-1653
-368
-880
-515
252
119
-1190
294
-135
-375
-172
585
1265
-539
609
-24
47
-329
-645
-171
-769
241
1339
1131
1177
1368
1222
-739
-59
-282
-1573
74
-184
-1052
-372
861
350
694
-390
52
290
-245
-811
371
824
-1133
-528
-638
1783
2156
197
-62
614
714
-322
240
370
-383
650
-3
-718
312
-284
1074
549
-222
728
-857
-777
900
749
-136
301
-150
103
870
-654
356
1729
470
158
-77
523
-177
58
747
-125
-365
-1629
-633
-510
360
1608
781
410
337
306
-1228
-537
346
86
-1485
-419
1078
22
1856
795
421
1105
1019
569
-900
44
36
-1632
-670
-746
-1034
-736
-311
653
120
223
-346
749
-114
-82
-889
-1081
271
-867
-828
-643
73
218
-766
-271
2673
499
-526
1506
2099
1287
401
-468
-769
-804
-1479
-693
-302
49
1158
417
205
2552
449
-706
-85
-222
584
176
-1347
-647
761
178
-574
-375
279
1530
1148
334
-40
1698
114
-64
1652
-1430
48
-1647
-402
1231
-771
-886
-574
809
1253
179
-30
415
147
661
783
-239
-1483
-1030
-1125
5
216
891
848
377
1669
743
732
-255
-790
-1591
-1778
290
-181
1020
-273
211
1554
-223
-49
-325
-26
-1588
-634
-32
-215
84
170
1213
50
274
812
-633
-118
1032
205
-1212
-966
1343
-1266
-1357
-252
-1504
-33
353
392
-1366
130
803
-1630
-636
-133
1134
-788
-1610
1032
99
259
495
-534
-480
1612
1865
-176
68
411
-683
-1781
-72
757
-857
-483
-10
839
661
145
197
-1172
-563
92
-834
-919
-887
-817
-1657
657
972
-724
70
-245
-1230
-1122
-467
-368
480
601
1886
-409
248
1126
-561
76
152
-185
-575
245
1890
1925
158
-162
-231
526
384
592
372
-348
-40
293
-575
-1117
-567
-1101
-261
665
-534
-142
-132
1102
1071
855
1533
-704
211
-476
-724
-1003
-1640
-310
-1264
-443
-250
463
880
1576
1825
611
64
-1775
-587
-1084
-141
-1092
-1806
-113
-288
608
153
36
111
531
-185
-363
-79
-8
-623
-787
-31
-645
-1572
-143
-855
-1421
890
-269
-115
-378
-77
747
755
1367
-362
1125
-160
-1502
131
-1121
-2043
-1538
452
191
649
1512
1400
1497
747
1098
-176
-1723
-1490
-1344
-294
-663
736
629
109
1292
567
162
-33
904
-574
-185
444
525
-885
-1647
-485
-1311
-952
-816
595
-173
353
1906
942
440
204
329
-124
-555
-311
-69
-923
399
362
-308
1097
499
-415
371
531
407
509
-715
275
8
-968
-1514
-716
1190
-148
-166
1369
916
-703
-348
208
-707
-1085
-539
1147
1068
425
1460
112
98
1002
157
-128
-497
-737
-716
-454
-1422
-1195
452
-389
-317
765
-233
305
-342
-407
1062
-2344
-1748
429
-1998
-288
1750
-204
-380
329
439
1145
929
602
31
-330
687
734
-1685
-676
465
-463
-213
-1220
596
826
-202
640
656
-761
-1215
-724
-323
-631
-852
-873
-1265
284
-436
142
156
621
542
1710
1479
-81
2228
515
1087
1211
-284
-50
705
425
340
-18
745
1768
-21
57
337
-615
-692
746
509
-499
-399
-769
-1809
-2034
-1250
-4
-29
111
-7
-173
1141
752
-238
205
522
-7
-421
-909
610
1073
-1116
-200
871
1069
720
-1696
424
1771
-57
-548
1551
904
-1315
1793
241
-1206
9
-541
-1445
-286
359
754
-753
-2097
1013
989
936
533
1168
186
-951
403
194
-2355
-2415
546
-223
-67
1074
212
1101
1810
781
470
1330
1120
-1108
17
1554
188
-1653
-318
-170
-2318
-1700
524
500
15
1415
1898
1548
-295
-232
-280
-1639
-1048
-1307
-1537
-808
-1008
368
1486
1814
886
569
719
-345
514
142
-949
-283
-513
186
610
1111
1132
-856
-1549
-878
499
-1625
186
543
-1068
711
393
1235
-321
-1681
-452
-139
646
-861
-486
525
-24
1234
-2
368
1112
123
-229
1077
760
-283
2302
1067
-907
-435
-648
-1229
-1999
-1187
-1331
267
380
359
2917
1650
-224
212
-858
-2199
-1035
-1035
-1294
-1656
210
1233
-1063
-421
1577
1201
444
-427
1035
1108
-797
-1216
-1779
-1533
-1459
-675
64
1281
1662
-182
-621
570
-316
-430
-441
-108
547
1360
707
337
-439
-766
1062
716
938
-1535
-1499
458
247
1377
2118
570
-568
-2555
-895
746
-701
-1208
-793
793
232
-493
858
406
-995
-351
-64
2363
1640
742
1747
350
27
297
-543
-655
-1545
-1481
-1458
71
2090
-176
-1027
900
2023
518
-145
-738
-1259
-2738
-2656
-177
437
-288
-222
639
146
570
1812
2390
552
-1151
-257
-1280
-1974
223
1855
-753
-1499
-394
636
1392
796
2451
991
-1160
288
80
-1154
-1412
-1480
-483
-1218
-761
-9
-241
636
1991
2156
15
-427
-121
-155
-375
516
360
-2309
-1501
658
619
57
558
1572
-209
-487
-306
1145
-209
-2391
387
30
-475
-1358
-136
1178
265
287
510
-203
-906
-1259
-266
778
205
648
12
460
1001
-185
-767
-1000
-1122
-1363
-290
400
364
-351
-153
844
-659
21
-819
161
-281
-1646
964
-404
-534
776
-713
-47
108
1297
-63
-1378
1607
921
1681
1805
1023
135
-549
-624
-38
-1059
-939
-837
-973
287
194
393
665
64
245
688
-2289
-993
-94
93
567
162
149
-693
488
1204
1546
386
277
-558
-999
-1544
-611
168
-983
855
-187
-20
-83
-1200
-1249
-788
-1315
82
-77
-822
533
-815
-591
-530
-66
-421
-16
254
922
77
1487
1719
-522
579
640
673
161
-325
-981
653
666
873
46
-80
243
-1323
-308
174
597
-1168
-1048
-348
-721
-393
-740
-466
596
580
-637
615
820
-207
750
1389
-765
-181
-820
-943
65
393
1922
-113
209
392
574
-103
-490
-1179
-1180
-150
-515
232
-454
-292
-222
1171
1010
-817
326
-700
-2114
171
-29
-1022
-403
-1232
-186
1698
374
-19
64
-676
506
634
-402
1304
1220
-1058
-658
-1105
561
-333
-1772
402
681
1013
1188
1073
645
236
32
548
-787
-138
76
-967
192
-603
518
-720
-1337
-150
839
968
-150
590
-70
583
754
653
771
46
-898
221
-1043
-1681
-181
-1340
-186
311
138
-426
650
609
232
1130
482
-103
-1031
-1413
-1107
-884
-1838
617
-195
-1048
1037
1151
1201
1074
694
-52
1096
-23
-596
-1166
-1480
-1358
-2011
-429
234
127
509
308
1244
423
937
967
-173
387
-427
-379
-352
-163
-1896
-739
1141
-307
-689
1671
2021
828
458
1006
1296
-1793
-1517
-122
-474
-553
-545
1315
1254
-728
-983
40
1302
528
-1028
-100
88
-328
504
-164
641
-418
-1017
-934
694
1318
-194
-460
-1016
345
-380
529
87
-591
-232
-416
-248
305
-171
-990
12
5
87
-634
-1410
-975
-293
-261
912
878
-387
-816
236
167
-322
510
1051
1172
-672
724
1868
-798
446
1052
472
845
618
1193
-679
-1511
420
188
-689
1768
932
-456
-627
487
227
-1086
-878
-411
-415
-1757
-477
-44
-258
-743
199
641
1239
181
-813
393
893
-1610
321
2070
-1598
-919
345
-109
-281
784
736
226
-188
692
-366
-388
1106
-117
-720
-1905
-797
189
-511
1088
225
596
434
87
271
333
187
-828
-140
111
799
422
-247
-1268
254
740
1006
1805
197
-720
-245
399
442
-1281
-1841
-1442
-385
1186
18
1019
663
-373
69
1836
1467
-1228
-724
-1017
-89
-993
-1683
1652
-32
-1436
77
1309
727
-559
-395
408
-329
-503
967
-72
-1104
-479
440
-1303
-2230
-1113
-268
470
611
-204
101
142
186
-188
-617
370
-346
-637
175
-16
-30
-564
475
-127
-440
1861
1105
1037
132
21
273
280
-1590
514
1720
373
993
-411
-105
-886
-163
1699
1319
-710
54
772
-1589
-465
734
903
995
-484
858
-1115
-1407
449
424
-281
-760
241
779
-260
-637
754
-1668
-1419
472
1530
560
-170
1830
1128
-1529
-715
444
-66
-406
-1058
176
-194
-1574
-221
1642
901
-654
484
2125
357
-954
-201
-1076
-486
-567
-64
954
-1276
-622
-638
-403
1742
1103
756
1111
-650
0
579
77
-416
-1516
-879
-568
-153
0
762
25
-312
498
740
1272
496
-1083
709
2413
-221
-869
-452
287
-162
-1385
-794
-36
930
738
478
479
951
380
-752
-609
-571
-1244
-1547
-679
-163
-716
-2130
-917
112
852
2154
269
-724
-1161
1080
1001
1197
2508
-227
-1813
-2501
-142
372
-303
-262
-174
1333
1579
801
1294
783
-858
-781
532
-164
-1380
-733
-421
1405
1156
400
875
340
-275
-100
1507
863
-164
-597
373
-53
-1250
12
507
-338
-1407
-782
-977
560
1265
284
707
-785
-811
317
-1415
-794
394
-455
307
-214
1097
1747
1392
941
227
435
-339
252
414
605
-1082
-1675
-1065
109
106
-583
-703
-912
-772
-2313
234
1395
-282
-1021
-793
1496
779
-1596
139
77
-2142
-54
3123
986
191
449
1190
2183
-32
2350
1789
-1976
-1561
378
-1156
-369
-352
-1361
-525
-678
1112
-156
-945
-398
-664
-1635
491
948
-1111
-551
858
490
-1099
121
313
-356
-1026
-32
856
807
798
979
1649
-260
-420
359
-2
-828
-1711
-913
70
323
-29
-678
-940
1098
870
-1640
99
882
-1996
-1037
706
537
1060
72
-631
-676
-412
654
1101
-28
-1894
-1489
384
1357
1995
1789
-16
-1822
-959
489
774
388
-979
-641
-1171
-2746
152
2892
829
425
640
179
-454
-669
454
734
-412
-578
1389
-166
-582
-1030
621
999
-167
-44
-865
-381
-944
574
655
1484
95
-770
-283
-1128
-1364
-1181
-505
-1137
-799
4
1364
311
48
280
-730
17
-40
-135
184
-1414
-1628
-617
-268
509
1134
290
-326
-1445
-2056
175
20
667
1768
92
-497
468
1092
-1406
-2040
-648
-366
-14
-129
701
1193
-591
194
2345
711
-1080
-1852
-781
-537
-824
110
883
435
816
1155
1520
-641
-908
1341
-743
501
1089
-799
-430
-581
-1287
1106
998
-872
-325
-601
-1539
-120
668
315
1039
68
-1620
-2243
-1764
-696
-110
281
951
103
-400
980
1562
2171
1282
-82
98
-1870
-2036
91
476
-1463
-1233
398
1209
-500
-884
1995
-138
-1389
-686
43
-90
-674
-70
-1435
-1849
-196
660
211
-638
-69
904
-82
685
2087
1752
-135
-323
751
140
-648
-468
804
-476
-1925
301
650
764
1351
722
774
-387
219
-338
-2182
-1938
-119
96
-585
-1332
88
732
-1354
-539
-301
-1651
-348
1538
1012
-550
-1021
182
-483
-464
-262
962
-285
-1244
-650
-610
-830
312
1941
18
368
398
-429
-759
-228
199
626
-120
543
334
-493
1591
917
-558
-1084
-566
317
1484
1772
-744
-1817
-1101
445
801
-327
-62
371
-825
-1870
-426
-461
-340
147
120
812
-52
-471
-200
311
1021
-199
-638
-280
-465
-360
376
-485
-374
405
-566
-986
-405
708
-1028
-552
629
416
-310
-235
40
-1143
-1098
-362
-636
-730
909
481
-686
-61
757
897
-295
334
2265
-197
271
469
-1031
-355
236
-266
-1248
178
60
-109
-1105
-1133
169
-921
-316
-754
-134
1048
-165
762
794
75
-1427
-1412
463
-282
133
1891
1766
1423
205
738
139
-296
2214
988
-1994
-962
400
-933
-518
143
1208
-1123
-1862
304
152
-840
-1550
989
174
-2064
-1788
-284
352
-473
1430
2573
825
-417
-578
1323
-307
-1376
828
-974
-539
498
2499
924
-1623
-176
204
-486
53
611
-383
-422
-1546
-1364
-821
300
270
356
138
668
202
-1975
310
2958
2013
216
293
577
-159
-1121
522
1201
371
99
-1280
298
678
-280
520
555
630
-1033
-1314
-1023
246
-584
99
171
-984
-377
-675
10
164
167
-1900
-3
265
236
1033
-404
-102
-361
-1134
-448
117
274
988
264
-1001
-779
59
-554
150
520
-805
-947
318
1895
887
-1608
-160
358
-127
-1573
-1258
1362
933
867
1170
1385
38
-1099
1387
1030
-680
31
-825
-638
-714
483
2811
1024
-1639
-111
-624
-1400
882
2183
896
-1431
-532
30
-58
-1071
-428
708
-301
1210
2193
446
-546
-778
620
-1089
-2642
950
839
-681
-1033
700
28
-1006
-55
-608
-364
259
956
-102
161
21
-528
-1521
-131
524
-444
-450
-16
2596
2484
1079
996
504
-1222
-1126
-863
-169
863
255
904
0
-1624
776
514
-1183
-1060
206
517
75
312
888
680
-3030
-2320
413
-715
-1569
-172
867
1174
1023
944
734
-167
-756
-654
298
-1384
-100
1322
-152
315
-1983
-1047
-1327
-1129
674
697
1113
-5
117
-913
204
-925
-542
240
-547
-23
-1151
992
2017
-166
-46
1038
-705
-883
89
578
741
829
981
-260
-1398
-1070
-801
-257
-344
-194
-468
-880
2018
1216
57
506
-358
-802
-702
234
1151
957
-807
-689
701
44
-292
609
1072
1048
49
-116
2095
-344
-1468
-475
-2063
-1271
-939
-121
205
76
-980
437
-401
-1448
1164
-82
-125
146
1445
1438
-1351
-255
68
18
-98
1013
2257
1253
850
370
1651
-376
-1597
-1266
-1420
-999
-955
-859
-12
-266
-932
1321
-710
-1182
-1093
-1511
150
151
832
192
441
-329
-1650
-334
475
-219
475
1735
1227
-93
-472
628
641
-549
-474
-29
-1496
-1955
513
800
-691
-546
-1066
-2
-764
-817
1685
538
-741
340
539
-123
-504
231
843
-159
1174
2952
262
-930
198
-458
-599
-1008
17
-414
614
185
-126
122
-1161
-289
-1777
-307
949
-175
85
-347
6
1410
81
129
477
-567
-531
-258
1338
1320
371
2113
1899
353
-1914
-1300
-1430
-956
1293
-134
727
-650
-108
421
189
697
153
-82
613
464
-182
159
278
-182
-747
-120
-255
1175
815
-380
721
1066
600
539
-379
-130
-492
-12
-297
626
272
-1328
-76
-737
93
207
-368
163
193
-537
1131
614
1250
331
-807
-295
-458
-100
-526
808
486
-34
627
583
-466
819
378
828
-250
-79
-974
-991
293
-771
-399
-986
24
-655
544
951
716
65
-436
-958
582
1766
500
1079
1094
-595
-1446
-1926
-1346
-697
92
1716
1384
936
-648
1307
-764
-1104
238
-430
1272
848
227
578
-201
-345
673
-535
-142
-542
-351
511
-349
1166
1205
-800
-198
-1754
-1243
1397
458
19
882
568
-349
-15
1367
-286
-942
19
163
-135
-370
1376
696
-110
15
-338
-265
629
325
1256
-129
-970
-139
-608
-1104
-1245
-143
626
936
-564
1134
843
260
2006
891
-199
-412
-1577
-21
240
354
1508
-228
-170
-601
-428
143
808
283
99
-143
-550
804
854
-224
-1148
-1817
-1252
-260
131
671
907
1743
616
-114
92
388
1284
879
456
473
27
81
844
-6
-707
-863
-1095
539
90
164
361
326
-354
-2033
-1714
-1783
-638
144
1653
1045
183
-200
-506
-60
-584
682
1085
809
1756
1086
1844
1367
121
-1141
-1475
224
410
2750
1468
583
-916
-947
-279
-1535
-2237
-2372
-1633
-727
1066
1043
1492
273
-82
-517
-2135
-1112
54
1220
1852
762
-234
-528
-420
-1197
830
387
-533
-1421
-300
1070
617
622
-785
-370
-1431
-1291
-841
-125
-1171
22
188
-980
-198
647
421
420
1271
1254
778
-324
743
1410
1317
-644
-761
-675
-255
1077
281
514
-644
-276
1161
207
-641
-1146
-351
-938
-701
527
195
-253
-478
568
1227
-198
291
835
606
1529
1196
-440
-962
242
-818
878
169
-972
1257
55
642
114
943
379
-861
621
122
557
-1414
-614
-647
-1124
-947
-1469
106
582
906
895
1434
652
668
849
-647
375
687
123
540
107
341
-447
-465
39
1579
116
-569
-143
-84
951
890
1699
71
-1837
-2172
-1226
-843
10
1213
1269
190
-524
-508
-219
161
-191
703
754
234
386
-490
-360
-1075
-926
-1326
-1527
-105
673
862
87
430
83
-438
-1063
-158
1688
176
145
557
159
-110
-493
532
-70
159
30
-489
-444
640
1647
131
-1149
-234
-276
-470
62
294
-266
-1463
-912
16
315
-1158
-477
800
-50
-768
1450
913
121
792
319
1852
396
321
155
-321
507
1564
1499
259
-470
-1464
341
1044
1009
1264
47
-598
874
1173
6
-1148
-496
-1108
-1223
1008
-180
-619
-258
368
100
420
911
1256
278
257
-668
92
1107
1
1649
-250
175
-393
-543
-603
-144
95
275
713
-44
209
-330
328
396
415
-482
-559
-1360
14
-362
-1012
1152
-12
84
87
-508
1173
1553
-77
-744
-271
-399
753
1300
1143
-113
-20
-995
-1383
947
-601
-936
-987
-154
-301
-125
553
146
-880
-1139
-756
-505
497
732
897
-1041
-971
-292
296
1227
540
-438
-3
47
-634
231
50
428
450
138
23
124
1226
-129
-175
-788
-1938
-1576
-2082
-502
-1344
118
390
-1275
152
-14
1383
419
1421
768
-1050
-835
-649
745
357
1357
893
469
945
234
-148
369
-473
839
587
-701
-404
-495
312
-152
-692
-2004
-1579
-1102
700
486
912
1702
-201
-160
-567
572
188
224
315
-229
916
216
1058
1588
-284
-564
-507
-84
137
-545
-875
-724
-1703
-1130
-349
-442
-170
-649
-469
-319
-80
444
813
163
-531
-1067
163
901
1032
273
-424
-251
-80
434
658
459
-348
-75
64
1026
-536
-1344
-610
-546
-248
-1536
-1142
-1013
-715
-899
-346
-158
-991
-62
129
897
283
1460
981
-932
-109
-369
669
496
874
951
-1680
-1513
-746
-296
826
825
985
-748
-1761
-689
-215
-448
-1314
-1024
-1195
-348
-57
563
1108
684
11
-145
542
876
694
888
58
-206
471
-1648
-173
58
753
175
-81
365
348
-494
-991
-987
-2062
-215
-1165
-234
-567
-358
-15
-53
-155
1041
596
-208
45
187
1667
280
726
-447
-532
-309
-514
-289
-248
-788
-582
210
70
331
1083
1153
554
-533
-1046
-1431
-1451
1
-736
965
934
640
-40
-570
179
-186
1460
398
653
294
-1350
84
-427
69
-1872
-2391
-397
-819
287
-374
124
-698
-611
798
328
453
-113
-244
-866
-847
359
1080
1518
1167
103
-1233
-1055
-240
645
1443
1276
606
-562
123
358
61
836
-468
-493
-524
-796
-111
148
-67
-1079
459
576
438
454
283
540
736
337
-521
538
1340
45
-1606
-131
-778
-818
133
-394
598
498
571
-98
440
849
65
-323
333
286
-1007
528
856
469
9
-727
-562
-214
485
1809
1554
193
-111
-1400
-1021
-265
145
111
-1154
-1796
-987
966
-20
140
-1113
-826
-348
11
1611
639
1806
-357
-281
-290
-588
192
867
338
-926
-261
66
1112
126
1125
-398
-1533
-1676
-1159
-81
-331
-383
-1031
-1157
-914
233
-142
-137
894
-94
-617
1714
-210
832
-601
-791
758
-463
716
-728
-1132
-383
1034
221
393
492
231
79
20
313
-814
-2135
-1650
-1344
-650
-877
-688
272
-407
735
1468
981
679
-65
899
63
-557
174
-792
-482
-1618
-1030
-704
-91
-286
70
-80
1497
2008
1296
907
-782
61
-976
-1485
-660
330
-1769
-1030
-305
-317
1003
1095
2668
1835
57
199
-37
798
1947
-98
-1080
-1074
-1547
567
245
-491
-674
-657
186
41
893
1545
1081
-1093
19
-186
-279
506
-178
-461
-835
-1443
-55
734
-278
30
-878
644
39
1555
853
-416
-318
-621
-66
-1622
463
-317
156
16
-827
151
697
78
-648
617
-1484
-76
1307
-325
-216
-372
204
234
-1000
-58
-2165
-2054
665
-158
649
-31
-323
-340
572
-907
-536
-510
-1284
-240
346
668
1113
1126
49
1068
123
242
-14
-232
-1096
-159
-1325
-237
865
-685
-755
-1319
-236
-842
-300
-1173
426
-459
-1174
-603
-1763
-78
72
92
7
-475
-450
102
-111
1392
384
352
198
640
1103
363
1397
-655
-143
-923
-1346
335
136
10
-78
-191
1016
733
743
-480
-211
-90
-987
-318
-1089
-908
-64
323
806
65
-630
-98
472
975
-294
412
-185
428
565
-314
639
1030
-432
-873
-496
-927
-95
-128
-215
1065
712
10
340
1160
593
-428
-702
-1565
-899
-1204
1112
-203
-295
143
-1259
-238
478
226
-190
-402
-1545
-168
502
686
623
-391
-541
-219
-361
426
-1
388
-602
-1266
-920
884
2110
1575
1141
-1258
-1907
-2211
-1182
-422
-300
384
-23
-938
-588
265
-544
-632
1012
-745
516
466
105
1488
-757
90
467
-488
859
1245
-925
744
253
-1296
1223
1567
513
225
-542
-710
-2147
-2349
-593
-398
-380
-1100
418
537
247
735
-126
674
-156
179
378
-678
-211
-831
301
996
474
1289
563
948
2537
361
-378
-646
715
650
-1919
-747
-424
-810
-674
467
-441
1030
362
-698
250
-263
1945
894
1105
920
-129
-687
-74
392
-193
-118
-1585
-514
34
907
1658
1307
373
2
-1445
-2063
337
-567
193
-23
-1805
-1077
-395
269
1166
570
576
1814
339
186
-59
272
-37
509
-55
-227
1102
502
84
-89
-516
-1165
-136
-725
860
-80
11
-452
-964
-149
-102
-733
-1881
-1088
-1864
52
-175
331
1698
355
242
59
1142
707
0
943
589
-835
-1620
782
-50
-639
265
-10
807
615
757
233
-181
-950
-718
-499
-1698
-123
-16
-2001
-1928
-256
18
628
-43
754
1391
675
709
1002
1221
-328
582
-274
-5
-549
-968
-639
-192
666
785
414
860
1516
610
188
-116
605
307
-335
-176
-346
-1865
-1181
-945
-704
-1362
-729
399
367
727
97
553
860
840
-185
603
981
474
369
444
-604
268
270
-337
-210
-164
1710
-175
968
783
-71
765
437
61
-238
-978
-1494
-958
-590
-2
-1818
-1297
-692
841
-57
9
228
-282
2238
806
1251
1013
464
501
138
-742
-1069
151
338
-64
-1286
-179
606
-201
594
1557
-1143
-1142
-53
-1234
-460
-412
-311
-788
-2210
-1793
-171
-119
-215
-663
-761
204
474
1245
2355
307
101
593
26
-4
-458
363
41
1027
-128
-1111
-325
-596
-172
-808
-442
345
-146
-110
-425
-3
-14
742
-155
1134
1086
-710
1191
-805
364
-723
-841
-96
-1105
349
1031
-43
881
2070
-38
8
-94
682
-774
-459
-229
-1502
-270
-1045
-1571
-696
-789
416
379
739
1541
148
1464
1536
931
1584
1307
-73
-549
-842
-764
-186
-851
-450
-149
948
1747
1853
2006
897
41
-1654
788
-759
-1258
-27
-1112
-618
-1344
-895
-774
-488
-873
1039
667
656
-105
942
1176
34
74
-523
-182
-810
-850
-1426
-905
102
479
418
1130
197
934
791
1925
221
-751
272
-479
-61
-884
-897
-1486
-634
-1109
-92
-792
-699
13
-685
-1336
530
763
-798
281
-691
-10
-710
-552
-94
-989
-711
848
356
267
1368
-432
249
1205
4
1231
-492
647
1254
321
658
-616
142
-397
-265
-1438
-906
-1979
-917
385
-416
-153
-559
7
565
1619
793
1121
1103
-785
-144
-804
-304
1199
428
543
-162
-477
1034
1226
208
2541
2021
198
1157
1032
8
120
-404
-444
-894
-1311
-2218
-1631
-640
-825
339
472
1593
352
1621
1643
496
941
-803
301
-159
-1438
-210
-15
420
873
34
146
1518
1525
1371
-545
-14
225
-1031
-11
-424
-207
-1629
-2164
-686
-1316
-776
-370
-1218
545
524
620
1348
374
-62
316
95
-283
553
1011
364
-245
162
724
479
1369
-164
-349
56
-256
395
-1007
-43
-813
-895
-947
-972
-2068
-661
-326
-1813
-886
-1249
-246
-432
757
1235
198
-633
141
952
463
780
-337
-437
719
-758
1085
721
263
-202
-1540
106
-1097
-421
721
590
-485
-547
596
-215
-471
-380
17
288
416
955
-609
1101
659
854
621
-313
1821
737
1232
1632
1423
1453
524
-77
-826
649
-47
-1722
-26
-737
-621
-1181
-1353
-762
-1426
-1689
-108
1157
1176
-136
49
1738
-320
-87
93
-347
1228
113
574
1228
1088
680
384
1585
1230
332
-594
427
-839
-704
-1479
-805
-240
-2464
-645
-1380
-1345
-765
-1630
-1000
141
-8
-273
-335
675
304
298
1379
-6
-315
282
-358
906
1919
1339
2470
1346
1172
-165
33
-76
-1025
-103
-67
-375
-1629
-488
-1227
-228
-763
-1044
-1755
-2080
-5
-966
-114
140
-190
657
944
-492
1598
1367
-1187
-67
1478
492
860
2120
945
1466
593
419
972
498
-571
-92
-137
-1037
-93
-587
-1121
-137
-588
-772
-630
-365
-700
-806
-1244
-1603
-889
-409
1212
-111
427
-110
305
1373
806
1296
847
-112
-3
586
550
2411
-219
-820
327
-786
785
361
18
379
-797
-178
18
-645
424
-288
-1780
-2063
-1344
-690
-1403
-455
1095
756
338
916
1112
940
-645
-466
-200
1024
1642
-663
-648
-360
-1171
-409
200
668
893
-744
661
364
-309
463
-487
-869
249
-350
-558
-182
-538
-744
-691
-652
194
453
257
870
932
500
674
473
861
297
-1180
343
-511
-778
-1595
303
-377
333
1258
-627
290
1020
311
-1219
717
94
-1132
-109
-641
627
-533
-1345
569
-1506
-415
-447
1180
996
779
620
1036
1398
589
406
-911
-639
-1797
-557
-425
340
-791
-27
-190
249
1533
226
-417
-933
503
-899
-793
198
412
138
130
-336
-691
-965
-232
465
632
1466
368
1158
79
1518
528
-1581
-17
-1070
-97
-60
285
244
-1039
-1176
-574
-437
235
-843
-963
183
-599
-308
-266
-211
352
267
-806
62
-107
591
378
-521
683
532
92
244
1244
1587
-141
-671
-939
322
809
-696
687
1010
-64
246
-595
107
355
-1391
465
-244
-838
-884
27
-493
-1550
-228
651
857
936
-605
-981
179
873
1427
556
-682
-1140
-246
55
-25
-316
422
-831
497
1126
-846
-641
89
47
-100
-1335
824
216
-1541
-783
-1024
-625
782
548
1331
1904
-558
1840
-126
535
409
708
753
263
268
-212
-342
-998
502
-989
-560
-313
491
607
136
-144
-10
-1291
-426
-522
-1544
-2044
-1396
-826
-848
-86
285
1001
697
624
307
692
1278
555
424
-83
-193
1227
-999
724
-576
596
-266
-1502
931
912
506
-20
1045
560
-618
-1187
-517
-1471
-1342
-1366
-1038
-801
729
-106
13
12
1165
1141
546
-79
1463
704
-101
2257
-778
-956
-370
-491
95
427
-101
375
209
1028
-119
304
-523
23
206
-612
-812
-1601
-2757
-1289
-128
-517
903
-540
414
-446
736
17
-228
-351
148
300
843
1741
459
-381
-1439
246
-214
-17
836
-201
714
-452
289
980
-968
-261
-1868
800
1255
192
240
-364
-1377
-554
22
-301
245
-658
136
426
99
251
-27
-453
-181
-647
-315
-761
601
1304
1176
-95
635
127
-810
1018
-1285
-918
-99
-754
1331
-122
-1391
430
231
210
289
238
1748
1097
-358
312
-13
98
-136
-713
-596
695
-243
-867
-1462
-202
696
927
1970
-565
1055
771
-999
-630
-581
-176
626
630
-406
-549
-570
192
-32
-51
249
-925
-34
1338
442
-415
54
-1023
-1084
-509
-1233
-557
-1025
559
693
16
-581
-352
893
1573
217
-835
1679
326
-49
187
-634
-432
690
60
-786
129
660
-507
-159
511
-729
16
-221
-158
380
-469
218
-700
-909
-336
-2071
415
644
-587
617
-873
576
-516
-606
1632
-965
1143
666
396
568
-568
-686
-1644
-764
-738
539
385
-381
-526
-463
-477
56
-86
-375
-320
30
652
491
397
-380
519
-905
-875
226
-691
103
392
1866
2033
803
676
1047
922
748
-542
-202
-919
-1431
394
-1622
-9
39
413
1909
-621
193
523
351
590
178
1195
1147
1350
1145
11
-330
522
338
-2302
-718
-664
-142
797
870
725
256
868
-1012
-1005
-654
-661
336
0
304
255
-494
948
-1254
959
63
-324
-329
-551
2054
-1611
180
1443
884
1167
-232
197
19
-373
339
-2090
-130
-404
-960
454
-237
-136
454
-420
359
-189
-1128
-479
-37
1990
-710
1551
-587
-156
-440
-353
-196
-1185
992
-10
1150
-939
949
263
1017
1823
-719
-1329
-1001
-231
-234
-778
-1124
-864
-851
185
563
291
1122
-961
-494
1294
-295
29
-35
719
-678
-932
393
-735
-915
-801
-1548
590
1192
582
138
842
988
136
589
177
-1344
-166
-393
-926
722
978
-201
-668
1453
-198
156
-690
269
-69
-362
86
-617
185
74
89
-1260
68
303
-1725
539
1159
-352
257
192
-731
-719
793
-1224
280
-216
-94
54
65
1151
-416
173
504
953
794
289
-1189
-820
-2241
-786
831
-712
-60
-824
-93
527
132
842
-100
-481
295
547
-180
-757
-103
-473
-1210
-888
242
-672
613
1993
-499
398
676
406
1591
166
-380
-247
-516
-430
-999
-1711
-176
1097
613
497
15
0
217
2017
983
217
147
-892
-370
-290
-629
-489
-172
-1696
-774
-878
-8
749
222
247
996
634
-621
-196
-524
-655
259
842
-473
36
-431
-535
395
1139
14
425
1086
587
1391
90
-917
-720
173
-285
116
-1040
164
-19
188
234
-969
542
-1303
-58
-593
-582
-662
1045
959
-1019
-680
-787
1047
-257
-371
-4
583
-78
-145
723
-692
338
-412
-757
-621
-945
-726
-631
1323
1428
615
-579
-1068
-1024
445
-176
125
622
-527
-423
-118
-538
1039
560
854
161
-504
1906
101
1027
-1680
-2096
-832
-1017
251
751
-832
-561
-1045
-525
-361
-337
1100
1348
-468
-309
1083
-643
-25
281
654
-1460
-307
-148
1175
1557
1383
1200
1220
338
155
292
224
422
-1228
-464
-190
203
125
852
-567
287
32
-874
-462
-482
577
1212
-1059
-636
149
748
932
-847
356
-649
-1015
1407
868
1459
1118
1271
542
37
454
-1297
-354
-1151
855
-260
-273
-27
-723
415
383
-931
-1007
-100
-41
-1037
-507
216
-306
94
-163
-152
182
-468
-1794
-39
-173
1013
108
-84
6
225
436
-45
165
-353
-1595
-561
425
-310
666
962
-185
-396
699
-128
387
-828
249
-931
-629
-1336
-1411
554
951
1618
-599
-744
-994
406
-12
106
398
-6
179
858
305
-469
-131
124
4
458
748
-888
-833
639
2087
675
1238
278
-329
-774
-893
-804
-694
-219
-1074
883
253
206
1138
188
-455
-571
-370
1543
499
633
305
-471
-386
-741
-941
-263
498
-269
1226
-123
758
574
166
846
-979
-142
55
-745
236
-1166
-891
-361
-411
777
-398
1060
545
60
1263
112
-528
-715
684
128
9
1533
3
379
519
756
257
323
160
-1704
445
-38
86
377
608
896
-1882
-796
-1952
-1227
138
-295
891
163
662
264
427
902
495
-519
-775
-1254
-156
1344
45
686
61
-531
175
151
-196
-266
-1125
-317
584
-47
1221
-594
-570
349
-683
-179
-2002
-47
-772
-1195
1010
-589
1553
6
1039
574
-353
-699
-41
-580
-98
1163
-1161
1718
-1218
766
688
-167
568
-180
942
-324
-539
-415
1358
1266
-41
785
-529
-59
116
-921
493
-793
1410
97
-334
1054
85
1431
-166
199
-368
-832
-754
-1577
-604
-929
488
-99
-262
-525
-2186
-29
-139
452
1487
-885
446
1012
405
680
-889
-448
-215
548
1230
-698
-119
-19
245
1294
593
23
362
414
-1277
-298
-279
-1015
-869
-1628
-1737
54
-1556
-581
-313
-448
818
-291
850
602
219
-888
648
-135
-437
44
-223
543
647
-195
-116
-813
-186
843
523
477
-230
668
227
-73
-442
-532
-816
28
-873
82
-971
-289
50
-448
408
311
1296
-800
-206
-1157
420
-82
-823
493
-375
787
304
-170
557
-524
161
-435
258
799
-725
735
-269
841
1614
-173
-829
-1003
-41
1843
337
1209
674
341
1562
-1081
471
-538
29
473
-1937
864
71
159
547
-921
1271
390
124
1306
415
85
-639
-724
-143
-1194
409
411
1351
228
48
1092
-1410
673
-157
-254
380
-467
-206
-721
31
-834
-297
-342
-2144
386
-807
1102
796
299
1090
-1571
783
327
209
-1089
-1413
-67
-497
144
-45
753
-87
319
571
-699
670
-110
1067
362
-552
-1038
-584
390
-418
-1347
-1825
-1195
-1064
1710
751
-453
117
-630
1064
1507
606
408
-420
354
-816
-528
-414
508
196
-22
167
-889
-27
-303
730
918
1675
836
-389
-1088
-1243
-756
-154
-305
-869
-956
-692
-400
835
1735
1094
595
-252
-955
331
-156
144
853
-610
1033
164
-728
-14
217
1244
851
1219
731
-1342
385
448
942
581
697
698
-745
491
-518
718
-504
-495
494
-391
1004
439
-862
-784
-791
-588
18
-1259
-13
915
1633
873
977
46
-1911
-86
-354
112
-970
-384
-342
-1537
700
-274
734
2802
-802
100
-1010
-568
316
-579
1122
-1028
168
5
52
-112
-824
-748
-1762
-99
228
1319
2054
427
764
-780
-15
-437
-1473
8
-342
-403
10
-343
-271
369
513
86
87
80
-987
-276
-1429
797
-324
-340
105
-628
-131
386
2024
533
693
-1198
-1113
-920
1135
1200
865
-386
-1951
-1254
-1052
379
105
237
348
-1154
-917
-751
-765
1146
-97
1088
-40
-1172
-897
-738
-94
382
1378
1617
1088
-1189
-517
952
89
146
-77
-631
144
-360
-473
-444
-28
-585
-414
-925
-569
-1435
-248
1455
-507
74
355
-268
44
-662
-570
931
-841
538
-415
-427
48
100
1199
564
355
356
1060
387
822
-1098
-1085
-965
-175
1610
-528
385
65
-1159
542
203
-16
143
-390
307
733
-833
153
-443
492
1183
-42
1479
329
-213
-347
976
2068
1631
625
278
-407
-752
516
766
-831
-511
141
55
895
1351
1135
-498
1454
-33
-535
-570
-467
1188
-902
506
440
731
167
-240
-353
468
436
-1216
-953
-361
731
215
1556
-610
-209
-435
-1169
497
-96
283
-328
354
-137
1491
1332
391
1345
191
276
-938
-629
-128
333
202
-773
-685
180
1472
920
323
-818
-1023
-1008
-1810
-1031
809
296
275
547
414
280
-537
-1146
-927
-1470
378
707
-339
421
-1178
544
39
435
708
52
-1594
-1044
143
-757
663
255
765
-120
-212
-951
-1912
-467
303
-315
711
514
189
630
102
-20
-652
-76
-216
-886
-684
221
144
435
423
-517
224
-18
-100
-600
-266
182
266
301
-1359
895
740
-105
694
1215
119
371
676
531
2026
1197
1118
565
910
15
412
144
-107
149
-341
-72
300
374
0
1404
-97
-135
233
-407
1055
-1306
-457
-1252
-2707
186
-216
517
310
869
769
563
1076
-1104
-1031
-430
-85
1897
1236
44
-516
-1174
-1141
183
-290
177
-67
-134
795
-35
2270
310
17
93
1
360
-981
239
-943
-719
32
624
1109
-137
583
-480
695
405
-857
-402
-796
707
-358
-470
-579
-712
-1427
-264
-474
-1644
-430
-711
-467
-196
440
344
1051
-233
-729
-1070
-1609
-296
524
-388
9
1202
827
870
-343
-587
631
-36
-1187
-866
-1029
-827
-1164
93
1103
952
-346
-648
-467
-1475
-547
307
-652
53
-753
-423
245
730
512
-1192
375
349
95
347
379
-29
1357
843
801
116
-699
-175
453
111
841
-95
418
1042
-58
1154
-1175
-7
83
-785
-549
-633
147
487
241
665
-39
-1050
-221
-426
-54
691
-57
158
-1556
-647
817
-1136
257
27
249
234
-144
320
-999
132
-127
969
663
-47
1098
-602
1240
754
513
119
-795
983
-195
0
1114
387
311
-146
-248
1005
514
-53
-103
-249
-515
-534
-51
-239
277
-543
146
-620
-1897
-483
11
566
33
373
636
22
-131
762
347
-70
351
-693
166
874
-177
655
-518
-1685
164
-634
-148
465
158
493
-1633
16
-890
-885
916
181
-291
-1209
-775
-1655
-1106
-414
668
891
-135
-389
-432
-102
1740
920
795
941
-837
-407
-519
-573
1157
876
-409
128
-163
591
-219
-269
-48
-524
-17
398
334
-335
-915
-394
856
-652
-845
124
-1316
-479
643
-225
655
-343
20
79
-93
1003
245
428
-619
-238
-612
555
510
-980
775
615
1113
619
-848
-1720
-86
540
40
543
-318
-453
-188
-59
-1091
-1335
-1949
210
461
103
1315
-1114
104
-145
-143
690
-146
-692
-605
331
-724
322
566
728
685
-79
191
184
-565
-547
540
1410
531
-390
-13
-1405
430
77
156
-872
-1288
-430
344
1813
-301
-583
-799
-1038
-1191
-287
-9
281
216
1077
268
-331
-621
-458
870
259
1209
-1123
-1239
1124
170
976
1159
-43
-579
-1405
371
687
260
635
-412
9
-790
-247
882
-650
-541
-1270
-415
-589
-1208
1223
735
2254
352
-789
-1221
-1284
772
-341
157
-110
1249
328
816
1132
421
-825
-850
115
-494
-667
-631
13
-232
879
844
368
-199
486
-978
-988
-294
-1459
356
1278
517
951
444
-276
101
1234
1038
758
-497
-131
145
-421
1021
442
-1416
-1243
-1095
-1515
82
-423
-319
-1107
27
-387
-303
696
380
-1528
-1245
509
9
187
622
-749
123
1812
727
2106
174
678
-77
44
-201
-1165
-686
541
574
267
1030
-676
-1693
-440
-572
-1209
-471
85
453
-1379
703
716
1434
164
-329
-65
-1105
-312
-50
61
666
-70
164
1732
1419
1073
-177
-1102
-2340
-567
355
1328
-148
358
-333
-1555
-325
916
-434
-648
773
-337
202
-612
-384
-12
371
433
962
375
-281
-883
400
579
340
562
-38
116
-227
1265
540
-1259
159
-1442
-896
142
-1134
-203
61
559
845
386
-551
-49
-857
-409
1032
-50
-489
966
175
-360
299
-694
251
12
-11
464
-780
-238
488
1008
1411
876
39
-739
-1596
178
-910
-800
396
-655
-22
-217
-284
-346
964
367
340
-575
-2054
-1241
-762
-1175
-195
-767
-641
304
204
1126
669
-13
-1456
-1372
-1148
818
1298
1700
1213
403
593
-1350
347
-420
-632
662
-60
818
430
868
873
-1346
-626
-1071
-1480
229
347
37
281
-250
-663
-28
643
438
-409
-851
-1675
195
1061
1133
1568
1749
222
-1223
-168
-54
389
316
1663
34
-704
1368
744
1039
1212
48
-44
-1099
-1174
-64
-792
-380
-119
807
36
118
47
126
-83
-49
67
-833
-22
-133
544
457
346
432
436
29
-164
-1243
-1155
-145
1943
804
374
-107
-747
-1236
6
859
-592
342
-1609
351
241
492
546
453
-1218
-1436
-368
-396
45
-1241
84
783
-39
1096
173
-907
1108
145
457
-417
-386
-1429
-1116
546
963
795
76
1182
-1413
-2305
-1574
-508
1176
330
-39
-1407
-594
335
-352
38
-384
-620
-661
-553
-668
-386
-1137
324
749
-142
190
-1367
-276
740
955
75
-148
845
971
801
-671
-148
465
345
-293
648
-222
-15
-248
432
2242
-209
581
-179
-1840
-543
1220
86
-343
39
-655
-554
299
47
-1209
-447
-547
-388
-1
370
500
633
787
1258
823
566
484
1092
382
-864
83
-552
1321
1062
327
-485
-407
-1376
-227
1681
304
-23
-902
-378
-1817
-1088
-463
-18
120
-391
-265
-554
226
-977
339
1509
52
-859
-524
-496
-1014
2831
1277
-376
-1016
-1091
-679
17
741
-74
1085
-670
-479
-2184
-920
516
-960
84
256
-1926
-625
-437
-482
-222
8
-576
-1188
-139
-775
-9
-542
539
593
974
293
485
-8
-36
555
-805
788
-1310
-1712
305
-875
610
460
807
-1114
-605
-632
-1453
-1142
-1511
-886
-1258
937
-187
686
-326
195
-629
-494
-516
-693
-303
753
882
-242
-65
-1117
941
112
915
1670
88
-906
-611
90
41
379
1070
-344
-503
-39
619
-399
711
-1150
-634
1053
30
1173
-565
-300
484
829
-626
586
-1595
-754
910
1137
1676
403
688
-2158
-723
-47
-221
204
-83
-305
-232
418
128
1550
595
-631
-265
86
29
874
989
174
722
1526
-656
-1130
-296
-550
243
-745
302
-72
556
465
-500
-424
-1132
-1319
-1468
-1660
-1010
87
-811
1
-253
-1147
190
170
350
240
-1172
274
182
-507
429
899
646
394
1355
116
670
253
-490
598
-355
-1075
-769
194
-759
-14
335
-445
-218
-1136
-348
-994
-1052
-300
-15
736
829
774
-688
-1111
-1267
-487
-215
397
310
6
3
220
980
757
-800
-1274
587
-35
-389
-351
-940
-1436
-28
231
250
-312
-36
-857
-491
1443
915
1979
507
82
1372
-333
-428
373
-202
-112
-148
-182
-919
65
251
-349
-14
740
234
-489
-13
590
-534
-2001
-341
536
-420
-217
381
-847
247
1075
-47
396
757
306
873
412
511
71
-426
1099
-639
-1367
-227
1144
371
-139
-203
-1402
-1136
-602
455
557
843
-881
-1369
-582
-1377
275
1372
-781
392
468
-23
1098
827
-241
-37
527
-1180
997
-429
-1740
-197
-541
-1757
-499
-563
-867
1082
542
213
-71
164
-1179
435
777
-1069
-979
-905
-561
-73
978
1347
1098
1650
0
-952
296
1179
399
-1031
1614
-207
-995
1628
787
-395
-822
-637
-1508
-2043
-389
569
1279
915
-400
308
-357
-633
-413
79
-1137
-438
1758
-119
554
748
-480
243
-103
865
-125
-1200
135
-1094
-130
901
157
-25
118
-1095
-118
139
361
636
-911
-166
986
-138
-795
1299
-846
741
1035
-295
802
250
538
712
956
834
357
279
530
-692
-704
193
276
96
-433
-15
-67
-593
472
-635
-859
59
-714
-1169
-219
69
108
-364
-323
663
387
881
-8
54
-220
-1378
560
556
-282
-128
-171
679
-583
-885
1321
477
-543
-31
-478
-684
749
1187
76
180
-1260
-869
-97
567
599
-479
-662
-1728
-903
399
670
421
441
714
509
-1098
-624
-616
-502
995
-587
-167
1708
752
110
568
-348
-239
445
156
120
1997
1424
888
1502
777
886
-648
222
-1558
-1882
179
844
491
-117
221
-1032
416
-952
-227
923
-1447
55
-1022
-1569
72
-327
-29
-69
485
70
25
443
865
1006
581
502
1360
575
716
1424
451
890
-24
-60
-392
-106
-1023
-726
-89
-220
-40
104
-186
-734
587
-247
420
194
-585
-191
1541
1438
49
1366
100
-137
157
-150
-342
309
1378
1129
470
424
190
-1275
-1020
-1367
-927
-813
-652
-429
-277
243
-892
-654
263
-509
-1295
846
179
-386
477
-782
-639
1489
1832
845
1432
108
162
1092
30
-193
551
635
-347
643
-37
-1323
-587
-1341
-873
-768
-686
-429
-616
-288
-34
-144
318
307
-986
-789
57
229
594
1632
1242
676
1305
424
761
1261
1050
1002
-64
403
-23
1265
767
416
-460
-1416
-1334
-168
-227
-1237
428
-402
640
-86
329
-620
-783
-500
-973
-355
-1092
-255
701
579
-243
804
824
251
1733
1406
429
1703
372
-602
364
-215
-369
602
-398
-67
271
-351
294
-28
-544
-434
-327
-577
56
-384
210
156
-667
366
-336
-774
119
664
45
-268
1204
1282
825
1334
366
-253
348
225
209
-116
-153
-406
-469
-862
-762
550
-356
-908
-6
-319
-1145
348
637
-73
-335
-789
-1696
-718
-401
-716
987
552
-363
-131
268
-640
600
8
-352
356
886
571
335
970
-567
13
-441
-32
306
344
651
542
225
85
795
348
207
-57
-405
-177
