-1564
-1644
-1684
-1698
-1818
-1856
-1710
-1618
-1529
-1440
-1292
-1139
-1115
-1099
-1135
-1230
-1340
-1365
-1469
-1569
-1628
-1652
-1713
-1710
-1649
-1569
-1423
-1337
-1291
-1324
-1321
-1323
-1325
-1361
-1336
-1249
-1177
-1058
-1056
-1023
-989
-959
-937
-929
-876
-848
-794
-714
-681
-668
-661
-652
-579
-601
-620
-643
-520
-347
-216
-142
-135
-56
0
77
138
243
356
448
390
230
-3
-372
-721
-947
-963
-951
-800
-600
-668
-753
-841
-1021
-1254
-1395
-1526
-1609
-1658
-1764
-1877
-2068
-2284
-2591
-2790
-2817
-2761
-2595
-2623
-2634
-2517
-2408
-2128
-1933
-1618
-1234
-962
-949
-1188
-1415
-1606
-1716
-1479
-1072
-863
-783
-789
-644
-599
-401
-297
-464
-558
-580
-576
-582
-443
-348
-272
-262
-292
-246
-228
-182
-160
-53
15
-42
-76
-85
-135
-293
-426
-527
-709
-904
-931
-870
-873
-960
-979
-907
-805
-927
-901
-884
-961
-949
-1092
-1213
-1303
-1290
-1312
-1261
-1294
-1280
-1230
-1186
-1170
-1195
-1165
-1159
-1187
-1288
-1303
-1289
-1240
-1350
-1434
-1481
-1518
-1474
-1330
-1169
-1151
-1144
-1191
-1194
-1152
-1133
-1232
-1265
-1143
-912
-817
-897
-937
-978
-882
-794
-858
-811
-711
-636
-465
-314
-158
-147
-203
-48
105
180
231
250
266
370
525
528
569
645
652
649
630
610
646
706
755
714
673
713
724
821
790
729
776
994
1248
1361
1394
1303
1103
917
611
432
502
536
748
1054
1346
1637
1810
1759
1762
1810
1793
1708
1613
1498
1556
1819
1991
2040
2069
2095
1967
1795
1599
1678
1908
2034
2103
2074
2152
2197
2194
2305
2372
2423
2552
2758
2859
2856
2905
3014
3204
3405
3472
3479
3407
3220
3110
3157
3353
3452
3509
3527
3563
3572
3599
3595
3558
3533
3455
3452
3521
3521
3439
3427
3402
3428
3439
3575
3667
3678
3470
3196
2887
2779
2819
2832
2925
2819
2909
2942
3034
2996
2884
2885
2873
2981
3153
3234
3231
3235
3127
2900
2661
2597
2450
2434
2558
2647
2820
2736
2686
2797
3001
3139
3067
3215
3181
2978
2800
2783
2875
2863
2842
2665
2582
2463
2365
2301
2289
2312
2387
2522
2490
2392
2260
2279
2103
2039
2040
1991
2038
1890
1746
1635
1543
1460
1345
1170
1056
858
668
576
533
548
543
462
391
400
364
295
248
239
202
185
186
190
200
158
142
248
301
302
326
308
303
281
324
427
490
586
766
883
923
992
1167
1327
1373
1439
1523
1728
1919
2041
2039
1880
1911
1895
1849
1872
1874
1751
1835
1842
1501
1474
1375
1216
1023
918
683
389
272
253
540
389
221
316
211
266
433
600
815
967
1191
1381
1457
1452
1413
1446
1628
1896
1995
2025
2125
2168
2182
2317
2495
2599
2696
2749
2814
2809
2698
2627
2533
2628
2812
2970
2991
2804
2725
2674
2672
2729
2617
2508
2462
2463
2413
2187
1944
1791
1809
1767
1722
1775
1790
1921
1968
1890
1880
1819
1735
1503
1417
1417
1372
1439
1623
2114
2261
2142
1970
1761
1882
1992
2197
2277
2065
2013
2041
2081
2020
2137
2184
2311
2283
2252
2428
2277
2053
1795
1877
1989
2049
1936
1708
1573
1541
1529
1507
1508
1457
1420
1378
1318
1281
1250
1213
1194
1116
1183
1131
1017
924
819
677
649
735
924
1078
984
920
792
665
683
644
595
706
752
812
806
896
1117
1308
1397
1425
1479
1445
1431
1413
1450
1531
1574
1650
1798
2049
2350
2533
2607
2501
2425
2287
2177
2103
2125
2432
2629
2775
2979
3164
3227
3216
3243
3288
3239
3172
2995
3016
2983
2942
3112
3417
3814
4016
4200
4272
4241
3998
3681
3745
3945
3932
4033
4199
4240
4051
3683
3524
3601
3584
3681
3820
3947
4039
3991
4088
4143
4279
4329
4376
4539
4631
4787
5123
5412
5497
5391
5233
5169
5131
5209
5142
5046
5049
5229
5304
5167
5064
4916
4792
4738
4802
4753
4663
4596
4539
4468
4339
4168
4155
4126
4156
4289
4514
4703
4712
4666
4509
4598
4661
4743
4858
4956
5080
5144
5047
4975
5107
5160
5081
5109
5293
5406
5372
5329
5289
5226
5109
4986
4978
4941
4905
4777
4660
4474
4193
3994
3811
3551
3373
3239
3161
3048
2777
2407
2119
2062
1911
1940
2086
2242
2271
2071
1858
1651
1414
1032
926
992
919
892
996
1167
1366
1447
1397
1293
1004
867
897
733
757
938
736
719
790
666
578
420
266
185
46
-145
-163
-132
-107
22
165
46
-138
-242
-235
-75
-104
-182
-202
-155
-96
-122
-140
-225
-279
-323
-294
-257
-169
-3
82
171
233
150
149
215
152
158
223
524
943
1242
1436
1548
1618
1801
2049
2201
2291
2363
2397
2413
2497
2566
2528
2405
2408
2456
2439
2342
2167
2033
1834
1710
1595
1417
1317
1164
999
867
676
526
522
374
261
206
91
2
-107
-256
-377
-391
-413
-432
-569
-728
-843
-1016
-1186
-1273
-1321
-1350
-1330
-1365
-1427
-1545
-1699
-1839
-1961
-2029
-2076
-2141
-2215
-2188
-2098
-2046
-2169
-2383
-2495
-2490
-2474
-2467
-2423
-2357
-2284
-2263
-2278
-2315
-2264
-2173
-2148
-2155
-2284
-2428
-2467
-2483
-2457
-2539
-2654
-2717
-2743
-2774
-2811
-2738
-2579
-2428
-2222
-1955
-1768
-1702
-1831
-2004
-2080
-2062
-1986
-1906
-1884
-1826
-1821
-1824
-1824
-1779
-1681
-1648
-1613
-1584
-1548
-1523
-1676
-1868
-1962
-2105
-2128
-2121
-2037
-1912
-1833
-1785
-1803
-1939
-2153
-2370
-2523
-2553
-2471
-2351
-2382
-2302
-2253
-2370
-2464
-2512
-2546
-2501
-2467
-2453
-2496
-2623
-2626
-2679
-2719
-2817
-2958
-3021
-3062
-3118
-3239
-3302
-3332
-3361
-3367
-3376
-3427
-3456
-3460
-3453
-3460
-3519
-3562
-3646
-3740
-3758
-3715
-3617
-3557
-3528
-3443
-3367
-3371
-3307
-3250
-3225
-3181
-3172
-3160
-3171
-3160
-3163
-3180
-3192
-3172
-3141
-3078
-2981
-2863
-2732
-2618
-2465
-2396
-2315
-2284
-2294
-2281
-2359
-2538
-2747
-2840
-2918
-2916
-2887
-2871
-2863
-2940
-3147
-3358
-3435
-3482
-3430
-3302
-3110
-2988
-2941
-2937
-3028
-3161
-3247
-3242
-3192
-3108
-2970
-2792
-2662
-2579
-2642
-2708
-2802
-2946
-2980
-2950
-2863
-2656
-2409
-2165
-2032
-1807
-1514
-1350
-1140
-998
-825
-683
-558
-430
-274
-81
106
249
368
426
385
392
347
310
372
398
268
124
44
89
185
233
294
285
209
98
-23
-151
-292
-332
-397
-388
-318
-340
-260
-256
-348
-362
-376
-434
-547
-647
-667
-681
-680
-732
-814
-892
-942
-914
-835
-705
-590
-505
-444
-405
-466
-543
-591
-749
-945
-1078
-1124
-1077
-1041
-1029
-978
-929
-928
-953
-1035
-1108
-1150
-1251
-1277
-1336
-1490
-1523
-1478
-1456
-1498
-1556
-1673
-1744
-1699
-1655
-1549
-1475
-1434
-1459
-1491
-1540
-1619
-1608
-1625
-1679
-1681
-1502
-1213
-992
-862
-833
-926
-1027
-1120
-1198
-1256
-1177
-1091
-1090
-972
-864
-951
-967
-895
-852
-780
-756
-663
-609
-581
-647
-736
-745
-756
-775
-792
-726
-573
-424
-304
-150
-65
-54
-74
-251
-406
-387
-397
-521
-648
-627
-638
-620
-503
-321
-305
-300
-223
-192
-23
127
262
231
281
384
503
634
704
810
980
1168
1302
1398
1416
1340
1339
1407
1352
1462
1391
1358
1364
1314
1337
1337
1456
1551
1613
1604
1601
1692
1733
1624
1543
1515
1528
1433
1233
1093
1182
1101
849
634
501
538
503
431
486
656
583
438
306
343
380
197
177
313
490
596
695
685
572
505
480
440
454
543
552
484
453
615
707
706
607
680
983
1177
1381
1456
1474
1532
1579
1624
1616
1651
1798
1921
2103
2198
2249
2258
2290
2372
2357
2421
2482
2503
2494
2570
2640
2656
2594
2708
2657
2591
2586
2512
2623
2611
2763
2912
2874
2821
2838
2969
2966
2989
3091
3053
3070
2895
2826
2906
2756
2578
2641
2793
2660
2412
2555
2719
2612
2627
2724
2878
2857
2797
2869
2712
2569
2564
2506
2638
2648
2683
2801
2750
2559
2451
2553
2574
2400
2257
2307
2346
2241
2125
2178
2190
2312
2539
2676
2893
3016
2920
3032
3105
3037
3277
3406
3294
3242
3266
3429
3625
3750
3567
3588
3821
3575
3364
3367
3271
3329
3260
3336
3607
3423
3395
3580
3808
3868
3756
3501
3350
3225
3248
3426
3394
3564
3642
3681
3548
3586
3767
3908
4253
4394
4274
4183
4259
4183
4054
3982
4029
4281
4388
4275
4260
4468
4593
4646
4629
4533
4591
4826
4982
4865
4865
5041
5263
5437
5493
5493
5566
5590
5572
5637
5734
5743
5555
5570
5520
5486
5304
5185
5365
5361
5693
5919
5877
5598
5435
5542
5539
5637
5598
5763
5910
5876
5773
5583
5505
5500
5742
5728
5474
5162
4880
4793
4457
4170
4025
4074
3944
3780
3766
3500
3345
3126
2958
2688
2495
2498
2483
2454
2265
2133
2059
1891
1587
1554
1863
1876
1849
1695
1493
1573
1518
1574
1688
1603
1520
1939
2077
1871
2039
2436
2822
3004
3090
3044
3073
3131
3168
3169
3229
3253
3236
3278
3338
3556
3625
3470
3308
3240
3237
3318
3368
3184
3023
2951
2751
2716
2787
2626
2465
2413
2464
2380
2225
2180
2253
2415
2555
2681
2671
2632
2627
2578
2628
2517
2369
2300
2353
2632
2907
3125
3158
3120
3078
3208
3291
3340
3320
3309
3304
3357
3517
3567
3549
3543
3627
3608
3648
3646
3607
3589
3471
3342
3453
3495
3480
3408
3332
3264
3103
3049
2867
2752
2814
2965
3025
2969
2855
2730
2674
2721
2768
2700
2607
2586
2549
2474
2367
2262
2285
2368
2501
2589
2581
2509
2411
2487
2720
2795
2724
2656
2791
2909
2949
2898
2779
2768
2853
3023
3132
3077
2889
2930
2970
2983
3032
3056
3171
3261
3287
3272
3180
3077
2965
3003
3202
3211
3173
3140
3099
3235
3400
3442
3499
3609
3790
3795
3700
3685
3670
3454
3381
3485
3550
3663
3573
3603
3640
3614
3699
3801
3829
3785
3609
3573
3600
3445
3478
3678
3869
3866
3743
3751
3894
3935
3863
3727
3680
3760
3892
4022
4051
3967
3863
3786
3677
3654
3514
3430
3549
3629
3640
3596
3587
3536
3437
3343
3217
3107
3140
3308
3436
3457
3426
3415
3421
3411
3322
3209
3146
3041
3124
3252
3204
3171
3244
3274
3114
3044
2919
2893
2903
2898
3004
3081
3187
3153
3083
3007
2987
3064
3075
2983
2890
2868
2921
3037
3110
3107
3080
3083
3129
3168
3200
3168
3126
2986
2782
2641
2568
2468
2335
2234
2141
1976
1735
1399
1067
944
835
790
734
700
617
529
465
414
370
193
-47
-109
25
148
316
397
381
366
404
460
592
724
828
930
979
1054
1102
1043
894
781
766
775
764
736
686
679
670
623
586
484
412
286
240
255
171
158
73
-21
-163
-347
-469
-606
-712
-821
-971
-1140
-1370
-1691
-1905
-2071
-2280
-2344
-2411
-2535
-2700
-3003
-3389
-3655
-3723
-3596
-3390
-3211
-3077
-3080
-3177
-3367
-3452
-3443
-3437
-3390
-3285
-3180
-3116
-2950
-2781
-2675
-2716
-2731
-2616
-2528
-2493
-2359
-2202
-2045
-1985
-2020
-1983
-2006
-2000
-2046
-2052
-2042
-1997
-1980
-2036
-2046
-1963
-1893
-1826
-1653
-1566
-1496
-1459
-1438
-1419
-1383
-1355
-1435
-1490
-1559
-1661
-1735
-1793
-1775
-1805
-1871
-1947
-2070
-2193
-2239
-2296
-2393
-2405
-2431
-2489
-2552
-2576
-2586
-2614
-2634
-2646
-2636
-2597
-2555
-2506
-2468
-2438
-2480
-2600
-2685
-2693
-2699
-2665
-2555
-2400
-2292
-2346
-2345
-2342
-2345
-2291
-2203
-2089
-1987
-2061
-2263
-2401
-2582
-2745
-2883
-2827
-2630
-2479
-2454
-2573
-2765
-2885
-2959
-3145
-3280
-3354
-3388
-3474
-3601
-3670
-3752
-3856
-3957
-3969
-3893
-3831
-3837
-3801
-3767
-3831
-3753
-3730
-3685
-3655
-3852
-4008
-4129
-4258
-4196
-3983
-3918
-3806
-3662
-3589
-3444
-3234
-3221
-3502
-3787
-3901
-3978
-3989
-3870
-3741
-3708
-3719
-3702
-3714
-3758
-3913
-3992
-4062
-4022
-3988
-4096
-4148
-4183
-4247
-4397
-4478
-4516
-4520
-4509
-4498
-4412
-4339
-4316
-4366
-4370
-4262
-4185
-4076
-3955
-3845
-3766
-3672
-3546
-3462
-3394
-3336
-3386
-3400
-3349
-3271
-3129
-3037
-2984
-2970
-3049
-3116
-3097
-3041
-2871
-2832
-2772
-2696
-2668
-2674
-2765
-2819
-2855
-2820
-2688
-2423
-2095
-1850
-1788
-1612
-1446
-1492
-1523
-1424
-1357
-1259
-1096
-1015
-969
-1076
-1121
-1148
-1202
-1115
-1077
-1055
-1079
-1102
-1229
-1384
-1379
-1429
-1421
-1311
-1110
-976
-831
-621
-598
-666
-369
-104
-39
288
416
412
387
367
436
509
606
844
1134
1189
1173
1205
1278
1287
1306
1359
1411
1459
1463
1507
1569
1653
1672
1624
1640
1705
1800
1881
1863
1852
1802
1862
1947
1965
2137
2196
2355
2465
2511
2636
2661
2710
2756
2914
3049
3009
2990
3011
3028
3130
3092
2921
2901
3084
3139
3003
2814
2589
2433
2261
2166
2134
2088
1995
1896
1769
1580
1521
1545
1481
1449
1414
1353
1287
1184
1217
1325
1271
1234
1160
1108
1213
1216
1031
814
813
896
1053
1080
959
841
713
770
892
870
837
900
874
622
491
531
524
642
648
800
1070
919
929
974
949
1026
1017
966
958
1089
1109
983
924
977
958
1029
1224
1316
1318
1389
1415
1394
1452
1463
1406
1466
1460
1451
1481
1357
1244
1254
1327
1318
1382
1366
1240
1135
1150
1236
1316
1332
1293
1263
1215
1090
1000
1025
1071
1046
1003
930
887
905
884
873
704
643
690
768
915
1040
987
862
764
700
612
409
163
78
228
194
115
1
-29
0
0
-4
-109
-260
-372
-330
-391
-478
-548
-551
-399
-209
-156
-281
-379
-427
-380
-274
-284
-307
-290
-227
-59
2
-54
-103
-72
-32
30
143
173
230
303
288
290
258
177
175
200
205
213
217
105
-35
-74
-151
-220
-227
-264
-331
-349
-304
-292
-324
-369
-454
-548
-610
-621
-621
-609
-554
-502
-581
-644
-566
-492
-468
-524
-491
-410
-347
-248
-186
-138
-109
-67
-17
-9
-47
-36
36
75
57
50
36
4
3
20
-38
-155
-174
-135
-39
-4
-53
-76
-69
-24
-3
-7
49
170
265
306
303
365
385
460
648
671
588
646
836
1081
1224
1228
1183
988
858
850
852
859
819
761
855
991
1139
1173
1275
1378
1338
1286
1223
1290
1124
861
731
740
607
492
561
783
770
521
456
391
395
279
240
306
323
403
445
351
261
238
486
750
819
908
1092
1240
1269
1133
1102
1422
1576
1699
1861
2089
2261
2351
2382
2403
2496
2570
2639
2659
2808
2963
2990
2893
2937
2922
2747
2748
2834
2895
2954
3022
3065
2929
2684
2516
2338
2137
2127
2227
2312
2225
2160
2191
2122
2226
2250
2135
2149
2203
2175
2244
2316
2272
2282
2439
2544
2524
2434
2245
2157
2159
2154
2068
1976
1998
1977
1910
1859
1798
1852
1922
1923
1851
1788
1805
1825
1769
1725
1756
1660
1643
1678
1604
1544
1464
1447
1487
1613
1661
1616
1642
1628
1694
1709
1624
1620
1669
1778
1838
1815
1752
1835
1894
1800
1722
1669
1826
2025
2199
2367
2350
2175
1918
1841
1886
1719
1641
1759
1788
1788
1836
1872
1885
1884
2153
2359
2323
2277
2235
2339
2334
2274
2182
2142
2095
2013
2048
2003
1937
1937
1915
1953
2103
2113
1931
1562
1210
1120
1360
1602
1391
1569
2021
2062
2220
2303
2300
2482
2602
2691
2692
2576
2420
2454
2386
2231
2349
2398
2549
2495
2335
2259
2270
2428
2497
2522
2369
2330
2158
1978
1919
1889
1816
1650
1686
1622
1628
1670
1673
1668
1691
1681
1640
1598
1512
1612
1722
1776
1835
1935
2154
2106
1989
1891
1758
1727
1429
1126
1003
985
947
868
842
1027
1144
1173
1138
1154
1257
1148
908
865
1105
1023
776
835
874
764
777
816
725
653
662
668
777
776
693
680
686
602
490
420
542
582
600
746
780
965
1153
1221
1271
1462
1568
1557
1615
1688
1612
1588
1676
1709
1739
1703
1610
1591
1687
1663
1638
1705
1604
1544
1578
1651
1785
1610
1537
1500
1529
1640
1541
1511
1418
1509
1527
1450
1222
1191
1329
1321
1413
1326
1090
1039
1268
1226
1266
1318
1310
1289
1263
1182
907
707
684
779
708
552
417
380
200
27
-81
-238
-302
-365
-436
-437
-305
-347
-533
-353
-220
-376
-491
-324
-228
-359
-309
-286
-340
-345
-420
-470
-381
-451
-648
-711
-650
-526
-410
-394
-375
-471
-732
-1057
-1398
-1542
-1531
-1402
-1302
-1127
-1042
-1159
-1276
-1475
-1572
-1563
-1569
-1560
-1497
-1391
-1272
-1300
-1284
-1079
-980
-976
-973
-937
-935
-994
-1024
-917
-819
-813
-887
-950
-847
-715
-699
-765
-774
-759
-755
-746
-655
-628
-633
-569
-429
-398
-480
-413
-335
-390
-571
-635
-594
-431
-354
-485
-596
-750
-815
-835
-881
-956
-1007
-1050
-1116
-1019
-948
-959
-1095
-1154
-1103
-1170
-1226
-1235
-1176
-1095
-1027
-949
-989
-1122
-1289
-1409
-1490
-1501
-1303
-1173
-1063
-889
-824
-909
-933
-900
-878
-717
-506
-390
-337
-111
53
91
177
266
381
440
596
892
1042
1083
1187
1230
1179
1017
952
968
922
785
780
830
893
742
491
652
578
524
577
614
641
616
669
644
431
264
192
238
129
-78
81
129
213
313
427
429
275
192
156
159
150
276
342
496
653
729
943
1032
1014
883
761
763
673
737
768
705
636
567
674
546
320
195
242
281
267
350
368
457
512
575
585
614
592
701
1006
1243
1360
1332
1395
1319
1125
1001
923
976
1068
866
900
1012
934
1056
1220
1319
1373
1520
1542
1461
1342
1157
739
398
263
294
223
134
289
412
436
259
256
376
489
610
925
1176
1246
1258
1203
1091
1067
1106
1049
1191
1201
1327
1560
1559
1323
1005
844
887
1005
1057
1164
1200
1161
1089
968
782
677
737
884
901
802
897
981
813
791
847
939
1183
1176
965
807
747
617
530
477
367
274
173
166
147
-3
-58
-91
-151
-201
-285
-321
-321
-282
-225
-134
-123
-113
-89
25
162
56
-59
46
59
95
256
338
578
703
850
1030
940
800
851
868
823
918
942
986
883
672
564
472
466
443
190
113
311
356
350
318
197
9
-145
-169
-56
-41
-8
300
483
415
247
211
246
273
360
447
474
472
452
380
184
9
96
25
212
449
264
51
108
274
293
283
113
197
404
560
697
578
375
264
163
-12
-233
-390
-418
-340
-438
-624
-697
-717
-826
-1054
-1213
-1349
-1432
-1549
-1543
-1535
-1549
-1530
-1527
-1529
-1547
-1579
-1701
-1728
-1734
-1775
-1793
-1726
-1557
-1485
-1545
-1609
-1601
-1469
-1327
-1240
-1134
-1044
-985
-874
-765
-734
-734
-617
-547
-530
-547
-547
-484
-562
-670
-718
-648
-671
-746
-787
-802
-874
-1016
-1178
-1237
-1212
-1279
-1276
-1320
-1424
-1540
-1544
-1521
-1600
-1655
-1703
-1678
-1655
-1625
-1501
-1424
-1372
-1363
-1329
-1192
-1186
-1304
-1351
-1280
-1242
-1301
-1291
-1239
-1294
-1323
-1382
-1445
-1526
-1663
-1820
-1940
-1971
-1993
-1914
-1821
-1759
-1693
-1706
-1805
-1882
-2025
-2148
-2241
-2130
-1969
-1706
-1569
-1649
-1457
-1310
-1144
-1214
-1280
-1266
-1323
-1263
-1144
-1111
-1088
-1076
-1234
-1263
-1288
-1380
-1439
-1450
-1532
-1619
-1711
-1796
-1803
-1873
-1922
-1978
-2045
-2042
-1990
-1982
-2053
-2155
-2243
-2226
-2305
-2331
-2232
-2285
-2301
-2388
-2417
-2385
-2498
-2582
-2645
-2678
-2692
-2750
-2802
-2896
-2970
-2955
-3035
-3227
-3374
-3452
-3427
-3326
-3253
-3181
-3164
-3132
-3157
-3227
-3359
-3450
-3392
-3312
-3230
-3163
-3113
-3177
-3245
-3323
-3356
-3303
-3281
-3339
-3376
-3442
-3634
-3768
-3875
-4077
-4239
-4254
-4229
-4325
-4555
-4727
-4920
-5102
-5354
-5663
-5894
-6152
-6373
-6535
-6662
-6794
-6880
-7021
-7198
-7105
-6941
-7024
-7055
-6972
-6862
-6925
-7056
-6998
-6898
-6823
-6783
-6732
-6711
-6698
-6798
-6798
-6722
-6668
-6627
-6548
-6344
-6179
-6012
-5814
-5592
-5457
-5229
-5019
-5030
-5039
-5120
-4990
-4673
-4667
-4646
-4382
-4207
-4217
-4232
-4125
-3995
-3913
-3835
-3741
-3590
-3472
-3500
-3441
-3317
-3197
-3054
-3046
-3046
-3073
-3053
-3124
-3195
-3068
-2962
-3003
-3072
-3097
-3234
-3378
-3543
-3674
-3762
-3814
-3912
-4071
-4066
-4044
-4074
-4116
-4173
-4174
-4210
-4178
-4138
-4119
-4087
-4197
-4419
-4643
-4836
-4927
-4809
-4535
-4283
-4029
-3824
-3854
-3880
-4026
-4003
-3889
-3869
-3808
-3721
-3582
-3692
-4060
-4436
-4713
-5019
-5051
-5038
-5082
-5042
-4837
-4687
-4795
-4870
-4985
-4894
-4678
-4653
-4680
-4693
-4674
-4742
-4912
-5021
-5035
-5027
-5147
-5182
-5218
-5257
-5198
-5207
-5207
-5170
-4989
-4882
-4944
-4801
-4638
-4625
-4647
-4766
-4825
-4756
-4658
-4483
-4387
-4141
-3789
-3671
-3642
-3645
-3579
-3583
-3762
-3918
-3928
-3869
-3827
-3829
-3861
-3826
-3830
-3853
-3765
-3725
-3761
-3782
-3784
-3774
-3745
-3765
-3861
-3878
-3734
-3660
-3659
-3559
-3530
-3623
-3734
-4015
-4096
-3908
-3837
-3726
-3725
-3789
-3838
-3951
-4100
-4112
-4234
-4362
-4297
-4321
-4405
-4454
-4454
-4500
-4596
-4667
-4465
-4424
-4522
-4555
-4547
-4653
-4692
-4652
-4914
-5120
-5165
-4914
-4812
-4704
-4487
-4511
-4415
-4283
-4344
-4321
-4268
-4245
-4043
-4004
-4004
-3936
-4016
-4033
-3814
-3612
-3553
-3595
-3748
-3837
-3892
-3917
-3895
-3837
-3984
-4322
-4265
-4208
-4145
-4051
-4043
-3959
-3968
-3862
-3666
-3514
-3575
-3634
-3681
-3745
-3782
-3650
-3429
-3346
-3185
-3165
-2886
-2552
-2514
-2264
-2120
-2102
-1896
-1600
-1294
-1095
-988
-759
-473
-134
3
-76
-8
243
413
484
749
1060
1212
1254
1300
1256
1091
983
1090
1083
1049
1101
1023
933
873
791
655
624
652
763
833
858
886
843
731
505
371
216
153
157
123
34
-131
-172
-375
-668
-775
-799
-677
-512
-507
-629
-746
-875
-1039
-1158
-1241
-1302
-1353
-1326
-1211
-1253
-1364
-1469
-1669
-1745
-1759
-1783
-1886
-1840
-1750
-1638
-1460
-1320
-1231
-1259
-1169
-979
-831
-887
-961
-985
-912
-878
-1048
-1208
-1218
-1162
-1208
-1354
-1437
-1528
-1513
-1570
-1580
-1587
-1677
-1725
-1772
-1803
-2034
-2232
-2323
-2349
-2482
-2453
-2460
-2443
-2394
-2415
-2489
-2442
-2350
-2333
-2172
-2135
-2249
-2538
-2729
-2555
-2367
-2678
-2680
-2562
-2507
-2323
-2230
-2267
-2211
-1826
-1729
-1657
-1455
-1457
-1815
-2169
-2423
-2453
-2265
-2214
-2017
-1788
-1671
-1503
-1470
-1723
-1936
-2136
-2234
-2099
-1883
-1663
-1419
-1220
-997
-889
-998
-1117
-1262
-1198
-1264
-1420
-1565
-1590
-1411
-1234
-1274
-1242
-1011
-1052
-1045
-1034
-917
-672
-577
-466
-380
-411
-428
-434
-506
-514
-531
-609
-616
-640
-602
-542
-570
-720
-772
-737
-788
-1047
-1359
-1370
-1390
-1365
-1389
-1395
-1455
-1604
-1662
-1632
-1440
-1358
-1392
-1397
-1341
-1320
-1402
-1606
-1663
-1578
-1547
-1528
-1428
-1389
-1501
-1586
-1497
-1449
-1517
-1505
-1464
-1353
-1361
-1448
-1461
-1415
-1453
-1419
-1410
-1448
-1410
-1461
-1519
-1508
-1337
-1161
-1134
-1180
-1217
-1308
-1352
-1330
-1377
-1323
-1010
-834
-853
-793
-676
-569
-483
-485
-580
-606
-566
-517
-318
-170
-178
-155
-211
-437
-789
-990
-1093
-966
-590
-475
-619
-822
-1052
-1319
-1638
-1736
-1830
-1803
-1640
-1489
-1292
-1258
-1380
-1625
-1905
-2164
-2200
-2313
-2180
-2087
-2224
-2262
-2429
-2567
-2521
-2418
-2390
-2428
-2631
-2893
-3136
-3381
-3407
-3205
-3114
-2814
-2549
-2424
-2355
-2423
-2555
-2626
-2670
-2688
-2511
-2335
-2061
-2006
-2039
-1894
-1867
-1941
-2017
-2040
-1998
-1999
-1967
-2008
-2041
-1990
-2019
-1998
-2084
-2185
-2329
-2425
-2456
-2413
-2254
-2180
-2221
-2473
-2781
-3046
-3277
-3558
-3578
-3558
-3535
-3382
-3175
-3135
-3273
-3233
-3139
-2961
-2800
-2666
-2806
-3011
-3204
-3242
-3175
-3180
-2913
-2566
-2267
-2068
-1967
-1894
-1893
-2025
-2019
-1929
-1949
-1893
-1730
-1611
-1602
-1577
-1550
-1518
-1581
-1669
-1715
-1651
-1495
-1471
-1452
-1505
-1525
-1504
-1476
-1382
-1277
-1259
-1350
-1467
-1601
-1656
-1581
-1411
-1299
-1139
-986
-901
-870
-1007
-1215
-1274
-1231
-1227
-1161
-1119
-1102
-1068
-1065
-1134
-1209
-1279
-1300
-1198
-1160
-1102
-924
-777
-662
-610
-648
-685
-696
-696
-684
-563
-583
-625
-511
-422
-401
-468
-462
-509
-559
-563
-604
-689
-717
-649
-617
-584
-628
-746
-854
-1001
-1108
-1077
-1047
-1150
-1233
-1048
-937
-920
-805
-674
-578
-508
-465
-441
-283
-373
-487
-537
-796
-1035
-1083
-1138
-1282
-1401
-1667
-1874
-1885
-1873
-1961
-2041
-2004
-1952
-1934
-2011
-2145
-2218
-2048
-1963
-2052
-2026
-2115
-2174
-2172
-2243
-2265
-2198
-2061
-1928
-1992
-1951
-1801
-1813
-1736
-1717
-1670
-1652
-1791
-1794
-1665
-1535
-1439
-1182
-1006
-993
-1035
-1087
-1010
-1012
-991
-909
-803
-821
-772
-704
-546
-275
-291
-354
-423
-408
-310
-315
-370
-370
-41
283
443
524
380
490
763
975
1018
1012
975
923
938
934
936
801
656
565
569
584
523
367
359
482
484
418
320
320
446
554
674
816
842
792
775
842
789
775
828
903
1115
1156
1073
1080
1154
1180
1116
1118
1126
1066
1031
1012
987
781
647
676
690
740
838
1000
1307
1475
1383
1268
1205
1262
1190
1058
997
1021
1096
1147
1258
1223
1051
976
886
863
869
768
637
541
521
543
564
546
455
388
342
307
431
550
716
856
906
919
964
979
880
842
812
847
966
983
886
778
692
612
564
526
444
377
402
450
547
688
670
580
501
434
369
335
381
354
325
380
305
255
198
146
198
147
90
86
125
44
-80
-106
-73
-74
-105
-166
-271
-270
-287
-387
-440
-438
-480
-533
-508
-451
-496
-555
-617
-623
-540
-568
-660
-678
-608
-600
-463
-248
-232
-365
-537
-586
-607
-620
-716
-762
-711
-720
-644
-664
-736
-843
-896
-831
-821
-892
-1001
-1153
-1370
-1503
-1548
-1550
-1485
-1347
-1271
-1228
-1257
-1275
-1205
-1189
-1199
-1174
-1207
-1304
-1321
-1234
-1226
-1244
-1230
-1285
-1311
-1409
-1472
-1552
-1563
-1501
-1607
-1771
-1874
-1878
-1874
-1891
-1989
-2085
-2051
-1954
-1857
-1725
-1703
-1805
-1974
-2287
-2601
-2773
-2843
-2769
-2652
-2705
-2712
-2623
-2639
-2570
-2458
-2399
-2360
-2295
-2196
-2207
-2217
-2268
-2295
-2271
-2202
-2192
-2291
-2347
-2351
-2314
-2356
-2357
-2384
-2452
-2582
-2682
-2640
-2672
-2734
-2778
-2754
-2689
-2650
-2652
-2672
-2682
-2712
-2667
-2587
-2637
-2737
-2791
-2805
-2799
-2742
-2650
-2545
-2462
-2392
-2403
-2439
-2438
-2435
-2401
-2425
-2467
-2483
-2502
-2540
-2553
-2498
-2478
-2544
-2596
-2738
-2789
-2847
-2968
-3005
-3026
-2993
-3033
-3047
-3054
-3067
-3111
-3126
-3036
-2991
-3014
-3011
-3017
-3111
-3236
-3276
-3254
-3289
-3413
-3529
-3556
-3564
-3631
-3716
-3750
-3784
-3883
-4004
-4049
-4063
-4053
-4110
-4191
-4243
-4341
-4374
-4400
-4512
-4608
-4717
-4865
-4938
-4986
-5013
-4935
-4795
-4672
-4651
-4666
-4639
-4610
-4610
-4592
-4534
-4553
-4566
-4531
-4539
-4553
-4531
-4540
-4554
-4616
-4645
-4540
-4384
-4251
-4143
-4083
-4133
-4165
-4190
-4156
-4043
-3921
-3833
-3733
-3657
-3641
-3615
-3606
-3541
-3416
-3204
-3005
-2909
-2802
-2760
-2776
-2804
-2759
-2674
-2623
-2622
-2599
-2543
-2517
-2415
-2394
-2314
-2193
-2169
-2091
-2075
-2152
-2225
-2271
-2265
-2254
-2230
-2172
-2085
-2098
-2166
-2264
-2422
-2444
-2405
-2308
-2177
-2003
-1837
-1849
-2124
-2483
-2631
-2635
-2587
-2478
-2438
-2347
-2172
-2279
-2344
-2277
-2293
-2328
-2173
-1968
-1868
-1696
-1604
-1587
-1636
-1649
-1788
-1811
-1661
-1492
-1371
-1404
-1332
-1168
-1014
-1143
-1359
-1402
-1363
-1362
-1363
-1403
-1455
-1460
-1440
-1469
-1493
-1448
-1432
-1450
-1410
-1180
-1038
-991
-981
-1010
-1116
-1137
-1192
-1226
-1321
-1483
-1553
-1695
-1877
-2096
-2208
-2234
-2170
-2381
-2439
-2391
-2308
-2109
-2143
-2080
-2011
-2027
-2040
-2082
-2090
-2068
-2135
-2090
-2080
-2210
-2312
-2359
-2308
-2189
-2079
-2020
-1987
-1941
-1880
-1892
-1938
-1973
-1940
-1832
-1712
-1604
-1566
-1562
-1536
-1505
-1531
-1483
-1294
-1053
-879
-809
-721
-598
-621
-925
-1179
-1308
-1344
-1278
-1122
-978
-1003
-1047
-1180
-1237
-1288
-1401
-1447
-1320
-1171
-1120
-983
-859
-766
-651
-629
-690
-678
-658
-634
-598
-541
-397
-233
-77
139
182
175
179
170
77
-139
-275
-371
-426
-492
-620
-727
-710
-730
-728
-738
-773
-830
-901
-927
-967
-948
-924
-989
-969
-944
-979
-1067
-1239
-1313
-1367
-1374
-1360
-1372
-1411
-1368
-1392
-1569
-1603
-1594
-1674
-1720
-1750
-1738
-1803
-1973
-1974
-1913
-1810
-1684
-1594
-1506
-1413
-1367
-1367
-1338
-1260
-1164
-1049
-989
-1022
-1063
-1084
-1094
-1143
-1243
-1278
-1315
-1461
-1507
-1611
-1803
-1979
-2281
-2565
-2756
-2882
-3025
-3103
-3117
-3139
-3175
-3274
-3326
-3367
-3411
-3446
-3444
-3427
-3391
-3324
-3266
-3149
-3063
-2951
-2809
-2753
-2525
-2239
-2018
-1938
-1988
-1922
-1797
-1700
-1630
-1476
-1424
-1415
-1329
-1319
-1269
-1178
-1105
-1070
-1160
-1313
-1433
-1474
-1496
-1446
-1329
-1261
-1258
-1229
-1208
-1296
-1336
-1291
-1208
-1136
-1032
-1005
-1027
-962
-823
-694
-629
-644
-631
-581
-630
-594
-459
-363
-369
-389
-374
-308
-375
-476
-521
-643
-720
-865
-1017
-1156
-1214
-1246
-1319
-1229
-1219
-1145
-1037
-994
-933
-846
-780
-801
-799
-871
-894
-945
-1096
-1162
-1119
-1138
-1197
-1177
-1099
-994
-953
-962
-1006
-1054
-1083
-1105
-1147
-1199
-1220
-1245
-1167
-996
-891
-723
-532
-475
-350
-264
-357
-566
-808
-861
-930
-1073
-1156
-1142
-1057
-909
-778
-711
-626
-519
-402
-519
-546
-528
-543
-356
-51
41
-115
-198
-201
-180
-168
-147
-158
-114
-204
-210
-280
-362
-184
-103
59
278
102
-67
-19
-100
-189
-252
-268
-346
-431
-408
-400
-500
-509
-467
-550
-589
-575
-661
-711
-735
-784
-781
-721
-640
-534
-418
-429
-476
-558
-617
-804
-1023
-1200
-1279
-1143
-1094
-1071
-914
-577
-595
-861
-1037
-1328
-1525
-1576
-1482
-1417
-1327
-1217
-1308
-1398
-1412
-1518
-1640
-1598
-1544
-1563
-1649
-1784
-1944
-2121
-2135
-2144
-2067
-1834
-1727
-1628
-1565
-1544
-1628
-1826
-2013
-2133
-2197
-2236
-2194
-2054
-2033
-2016
-1978
-2090
-2210
-2418
-2529
-2531
-2365
-2177
-2120
-2090
-2066
-2080
-2158
-2176
-2207
-2220
-2175
-2130
-2065
-1958
-1861
-1781
-1921
-2175
-2351
-2521
-2570
-2345
-2054
-1781
-1483
-1308
-1229
-1157
-1102
-1092
-1125
-1206
-1242
-1209
-1149
-1115
-1143
-1115
-1042
-877
-724
-748
-783
-789
-627
-487
-454
-362
-163
16
192
263
348
481
611
803
895
1039
1070
1186
1244
1354
1472
1490
1492
1437
1477
1538
1596
1559
1494
1441
1492
1459
1425
1354
1223
1075
880
984
976
926
1108
1211
1321
1289
1154
1025
978
788
580
490
396
285
161
158
125
150
-69
-200
-90
-18
-17
-91
-218
-363
-444
-525
-565
-641
-877
-1036
-882
-845
-891
-942
-1030
-950
-918
-995
-966
-899
-887
-878
-796
-736
-779
-719
-530
-439
-385
-212
12
196
361
487
471
380
251
313
449
325
199
315
498
615
557
402
379
401
365
353
423
248
86
95
57
-26
-215
-209
-205
-266
-332
-238
-123
-132
-127
-332
-332
-318
-396
-327
-150
-23
-134
-284
-376
-446
-503
-527
-514
-451
-487
-475
-442
-474
-499
-470
-351
-311
-238
-202
-154
39
166
180
272
278
333
635
868
873
853
918
1159
1430
1543
1500
1247
1342
1335
1179
1015
814
657
630
871
881
748
517
367
248
194
152
83
22
-34
-56
-99
-182
-352
-457
-521
-519
-554
-645
-742
-760
-777
-898
-1020
-1064
-977
-965
-964
-970
-991
-923
-1009
-1125
-1078
-1092
-1152
-1102
-1105
-1134
-1096
-1096
-1272
-1531
-1653
-1648
-1624
-1570
-1428
-1394
-1432
-1459
-1491
-1456
-1373
-1223
-1180
-1194
-1274
-1406
-1454
-1417
-1321
-1318
-1332
-1251
-1188
-1346
-1458
-1489
-1482
-1403
-1405
-1434
-1548
-1607
-1509
-1426
-1263
-1057
-1030
-994
-815
-612
-529
-475
-391
-292
-241
-184
-184
-301
-386
-353
-321
-303
-298
-558
-769
-861
-765
-556
-401
-417
-492
-578
-854
-1052
-1191
-1235
-1252
-1259
-1195
-1214
-1309
-1355
-1388
-1363
-1383
-1367
-1216
-1130
-1146
-1302
-1421
-1528
-1576
-1433
-1348
-1265
-1207
-1271
-1353
-1382
-1387
-1366
-1312
-1295
-1321
-1429
-1400
-1337
-1386
-1343
-1168
-1029
-958
-769
-758
-844
-876
-1085
-1150
-1166
-1188
-1249
-1356
-1433
-1556
-1679
-1740
-1716
-1770
-1865
-1974
-2022
-2106
-2176
-2212
-2146
-2026
-1940
-1774
-1658
-1592
-1599
-1720
-1774
-1729
-1735
-1804
-1854
-1815
-1871
-1918
-1832
-1774
-1795
-1838
-1875
-1977
-2136
-2159
-2065
-1991
-1874
-1863
-1850
-1766
-1871
-1983
-2056
-2093
-2097
-2193
-2155
-2042
-2030
-2004
-2123
-2331
-2531
-2676
-2607
-2618
-2484
-2270
-2184
-2185
-2273
-2353
-2469
-2519
-2413
-2471
-2630
-2634
-2629
-2663
-2892
-3042
-3108
-3150
-3237
-3293
-3327
-3344
-3462
-3645
-3715
-3821
-3866
-3859
-3871
-3837
-3736
-3861
-3923
-3766
-3570
-3564
-3602
-3581
-3525
-3403
-3210
-3026
-2857
-2741
-2633
-2474
-2424
-2447
-2584
-2539
-2316
-2108
-1987
-1871
-1831
-1785
-1781
-1888
-1969
-1946
-1854
-1898
-2023
-1979
-1886
-1923
-2058
-2169
-2241
-2340
-2392
-2461
-2409
-2447
-2391
-2262
-2315
-2380
-2483
-2508
-2392
-2282
-2236
-2282
-2270
-2324
-2541
-2653
-2698
-2805
-2853
-2802
-2785
-2709
-2792
-2870
-2964
-3076
-3047
-3176
-3384
-3479
-3415
-3345
-3304
-3338
-3456
-3528
-3506
-3446
-3491
-3556
-3571
-3507
-3432
-3307
-3214
-3304
-3347
-3330
-3248
-3185
-3241
-3374
-3403
-3385
-3376
-3340
-3336
-3356
-3420
-3418
-3371
-3372
-3438
-3385
-3332
-3249
-3113
-3046
-2896
-2761
-2635
-2485
-2465
-2448
-2343
-2400
-2440
-2303
-2201
-2229
-2240
-2169
-2006
-1990
-2125
-2178
-2129
-2092
-2071
-2040
-2133
-2217
-2257
-2154
-2154
-2198
-2147
-2137
-2220
-2302
-2297
-2268
-2268
-2261
-2101
-1999
-1851
-1748
-1700
-1509
-1257
-988
-871
-957
-1010
-1001
-984
-1062
-1065
-880
-738
-651
-595
-448
-356
-287
-207
-86
103
262
350
266
131
49
89
273
374
398
514
614
650
542
480
561
652
728
692
614
471
294
195
193
189
288
441
543
601
631
666
676
777
802
917
1034
1114
1068
949
996
1061
1202
1216
1157
1140
1156
1234
1289
1263
1163
1022
1052
1222
1235
1209
1278
1334
1307
1157
1150
1128
1147
1237
1229
1215
1091
1104
1168
1221
1197
1152
1285
1428
1455
1339
1218
1309
1435
1464
1548
1603
1608
1629
1707
1872
1961
1970
2019
2113
2181
2017
1800
1841
1893
1922
1918
1845
1876
1935
1963
1907
1803
1723
1621
1475
1405
1385
1528
1609
1603
1643
1625
1597
1499
1450
1426
1342
1188
1033
980
947
866
802
678
559
459
399
271
95
-21
-85
-109
-162
-189
-178
-170
-199
-161
-135
-151
-292
-462
-542
-582
-556
-631
-694
-613
-533
-408
-401
-485
-594
-639
-559
-528
-506
-507
-540
-513
-432
-392
-346
-235
-69
-141
-76
60
80
85
-56
-80
-69
-92
-82
-123
-185
-213
-298
-328
-318
-347
-385
-287
-180
-218
-386
-651
-757
-730
-851
-996
-1070
-1153
-1188
-1172
-1193
-1265
-1247
-1251
-1346
-1336
-1341
-1469
-1496
-1452
-1286
-1156
-1125
-1114
-1081
-1042
-1028
-999
-1040
-1101
-1080
-1092
-1045
-927
-957
-1020
-1060
-1087
-1188
-1263
-1391
-1436
-1517
-1648
-1643
-1715
-1672
-1656
-1705
-1846
-2011
-2049
-2049
-2011
-2036
-2064
-2075
-2023
-1939
-1924
-1888
-1800
-1679
-1550
-1500
-1553
-1605
-1529
-1419
-1383
-1321
-1219
-1120
-1058
-1048
-981
-894
-859
-730
-537
-405
-368
-332
-344
-353
-271
-86
167
278
387
419
366
338
271
346
381
249
90
23
121
118
23
10
26
95
201
228
228
265
220
266
378
408
463
528
664
875
1014
1084
1145
1185
1251
1309
1346
1402
1450
1533
1602
1659
1750
1886
2070
2219
2325
2440
2551
2521
2565
2681
2707
2776
2927
3087
3125
3055
3006
3088
3117
3074
3016
2960
2869
2727
2643
2636
2617
2609
2619
2623
2601
2538
2550
2630
2650
2645
2690
2674
2707
2750
2859
2934
2850
2753
2777
2862
2947
3047
3067
3054
3019
3059
3115
3080
2925
2723
2545
2494
2368
2177
2098
2102
2129
2053
1972
1820
1735
1694
1739
1806
1809
1865
1857
1829
1748
1663
1620
1582
1588
1604
1594
1526
1488
1447
1347
1243
1115
1048
986
862
757
681
550
387
359
436
409
205
21
-9
-2
77
111
130
247
282
274
324
337
251
166
210
310
277
228
189
234
308
481
610
629
733
679
723
758
769
826
765
792
872
930
807
590
457
412
458
504
448
447
461
278
134
85
46
62
94
49
33
10
-45
-58
11
118
98
165
312
364
280
172
254
389
423
505
579
520
468
453
425
454
549
608
604
595
483
216
74
15
-36
-55
-61
0
94
116
88
140
95
94
193
254
371
484
549
539
562
570
537
471
407
372
254
92
-21
5
-103
-147
-115
-143
-41
70
51
35
53
-34
2
125
93
92
156
246
371
356
409
413
379
407
513
588
661
816
879
910
904
960
983
1009
1064
1085
1132
1203
1236
1243
1268
1335
1375
1429
1452
1448
1480
1505
1465
1367
1358
1477
1680
1708
1755
1825
1781
1740
1768
1879
2011
2100
2172
2194
2105
2072
2146
2209
2034
1951
2031
2169
2223
2131
2094
2086
2084
2064
2004
2015
2093
2012
2036
2146
2213
2212
2201
2230
2347
2389
2304
2229
2124
2129
2080
2148
2176
2119
2140
2184
2189
2022
1803
1586
1498
1521
1485
1505
1550
1522
1605
1659
1707
1768
1814
1832
1912
2000
2051
2120
2211
2281
2179
2265
2425
2661
2929
3110
3207
3202
3337
3538
3620
3571
3499
3395
3362
3309
3253
3196
3186
3170
3160
3274
3203
3038
2955
2982
3043
3112
3129
3094
3078
3105
3136
3111
3047
3004
2990
2947
2912
2820
2656
2508
2438
2399
2381
2450
2514
2470
2418
2384
2347
2301
2205
2085
2017
2030
2052
2112
2156
2194
2332
2402
2285
2104
1969
1891
1924
2015
2086
2137
2172
2224
2208
2224
2256
2201
2123
2195
2201
2200
2233
2128
2193
2279
2362
2380
2360
2389
2348
2365
2355
2260
2223
2323
2336
2342
2400
2368
2366
2281
2160
2090
2110
2178
2252
2305
2334
2380
2391
2492
2514
2476
2456
2386
2322
2231
2155
2195
2157
2117
2137
2170
2239
2158
2100
2074
2092
2127
2154
2157
2063
1939
1866
1888
1825
1669
1569
1492
1429
1397
1393
1425
1505
1603
1705
1601
1336
1295
1272
1271
1315
1399
1520
1587
1655
1657
1558
1553
1666
1693
1686
1601
1684
1881
1996
1988
1894
1928
1904
1852
1768
1696
1751
1751
1690
1658
1709
1759
1826
1860
1836
1673
1472
1444
1519
1603
1630
1766
1871
1960
2066
2042
1921
1847
1913
1923
1888
1956
2154
2408
2583
2664
2668
2724
2746
2771
2908
2908
2803
2719
2761
2773
2626
2507
2392
2196
2067
1989
1786
1555
1439
1448
1474
1455
1366
1198
1065
978
925
737
596
598
645
685
693
749
685
630
655
717
698
684
715
716
705
689
642
544
554
591
613
667
761
797
765
667
541
451
468
509
501
536
512
485
440
407
429
483
518
555
536
481
529
605
725
765
798
795
818
891
936
1021
1045
992
967
962
827
774
896
1043
1199
1318
1279
1136
971
902
864
753
742
802
908
942
779
610
440
255
155
186
191
70
21
24
44
140
239
253
336
330
242
228
247
351
407
483
499
458
443
397
362
347
394
371
403
493
495
554
636
714
769
803
786
684
620
675
744
797
737
656
531
300
75
-133
-311
-516
-544
-542
-596
-626
-754
-908
-984
-997
-988
-1049
-1012
-944
-967
-999
-1121
-1188
-1266
-1294
-1323
-1396
-1372
-1304
-1298
-1329
-1219
-1109
-1050
-1039
-988
-972
-944
-865
-783
-650
-594
-528
-400
-184
-70
21
99
153
163
172
165
104
152
174
215
276
329
394
463
504
421
355
341
286
274
300
331
278
256
267
296
277
168
43
-10
55
-18
-105
-48
26
97
126
120
89
31
-43
-157
-291
-426
-473
-525
-569
-639
-695
-682
-644
-586
-522
-524
-503
-363
-270
-173
-98
33
184
323
357
269
205
201
192
212
272
345
478
570
705
788
743
684
620
527
519
551
617
667
685
748
748
789
822
840
900
978
1035
1084
1114
1102
1131
1116
1039
931
845
824
784
711
625
578
489
338
221
177
228
196
179
148
48
37
60
-26
-135
-199
-341
-404
-375
-284
-284
-267
-178
-169
-124
-83
-71
-111
-207
-235
-197
-147
-128
-184
-228
-232
-276
-302
-250
-224
-176
-76
64
130
105
-47
-237
-348
-456
-511
-609
-758
-843
-819
-792
-774
-744
-690
-567
-487
-517
-505
-493
-544
-588
-635
-571
-357
-99
73
183
261
270
359
432
450
542
571
529
481
531
678
800
902
958
1029
1047
937
801
687
623
568
587
710
798
831
928
906
919
973
918
909
869
847
876
981
1008
982
922
866
749
631
563
481
467
458
533
633
721
738
701
633
551
543
616
574
462
434
477
474
547
649
623
595
595
616
602
613
587
644
670
656
636
604
671
736
778
807
791
666
538
501
478
447
456
521
730
1000
1189
1286
1311
1300
1302
1278
1214
1137
1081
1100
1092
1043
963
876
944
1013
1014
979
889
793
663
658
706
685
708
718
746
772
743
678
605
585
583
537
532
560
563
638
799
1009
1058
1080
1093
1074
1037
908
822
784
838
877
958
1007
962
925
832
721
575
416
344
292
214
212
238
213
151
73
36
24
65
197
283
248
213
309
420
478
523
580
649
800
937
945
848
694
615
563
528
529
622
796
969
1156
1193
1266
1392
1427
1473
1416
1433
1444
1453
1529
1616
1717
1827
1982
2097
2194
2216
2252
2266
2340
2428
2404
2360
2317
2305
2211
2060
1969
1898
1854
1765
1643
1498
1357
1279
1174
1116
1024
1004
1059
1090
1100
1122
1162
1042
953
960
970
1061
1245
1410
1525
1559
1487
1377
1380
1463
1506
1603
1638
1739
1870
1978
2053
2031
1997
1851
1741
1634
1573
1576
1623
1726
1805
1827
1825
1837
1811
1738
1708
1679
1649
1687
1772
1931
2072
2211
2268
2251
2176
2096
2076
1985
1893
1871
1852
1917
1988
1916
1804
1713
1750
1918
2050
2178
2173
2038
1977
1940
1958
2048
2076
2115
2205
2306
2459
2458
2460
2463
2471
2544
2571
2631
2648
2617
2518
2315
2181
2153
2121
2143
2262
2409
2539
2645
2741
2855
2942
2986
2988
2879
2756
2640
2427
2279
2212
2121
2044
2078
2129
2044
1879
1729
1542
1435
1405
1393
1467
1517
1535
1507
1482
1319
1086
877
766
796
827
825
734
745
783
790
865
815
715
621
528
495
406
281
210
160
80
-4
-94
-187
-246
-279
-357
-468
-625
-778
-911
-1070
-1171
-1243
-1275
-1361
-1469
-1570
-1686
-1760
-1767
-1736
-1735
-1731
-1736
-1653
-1631
-1655
-1620
-1669
-1705
-1717
-1726
-1713
-1605
-1525
-1501
-1412
-1325
-1146
-1039
-1011
-1005
-1027
-990
-956
-925
-945
-1057
-1183
-1276
-1350
-1362
-1357
-1295
-1216
-1134
-1045
-1012
-988
-1020
-1026
-981
-964
-916
-856
-800
-751
-786
-834
-858
-937
-1036
-1102
-1152
-1192
-1193
-1180
-1147
-1080
-1054
-1114
-1222
-1285
-1257
-1214
-1181
-1124
-1015
-861
-755
-704
-704
-646
-550
-426
-301
-181
-8
67
137
190
296
389
443
507
507
474
466
484
410
312
172
66
-18
-101
-192
-279
-345
-343
-320
-305
-252
-232
-204
-183
-116
-13
93
179
246
288
345
391
425
374
208
89
2
-69
-84
-70
-29
17
71
112
145
201
256
298
332
320
292
299
291
301
325
379
336
248
120
26
8
-1
33
91
183
303
448
572
672
723
725
717
726
588
440
310
218
141
67
30
-80
-152
-272
-395
-503
-549
-604
-663
-707
-792
-847
-793
-632
-528
-549
-562
-435
-385
-377
-454
-550
-573
-616
-678
-783
-851
-911
-992
-1024
-951
-856
-854
-893
-871
-867
-852
-843
-913
-1040
-1191
-1261
-1313
-1396
-1539
-1732
-1835
-1896
-1997
-2153
-2229
-2220
-2248
-2267
-2175
-2033
-1964
-1924
-1918
-1922
-1936
-1969
-2044
-2087
-2071
-2047
-2091
-2189
-2329
-2486
-2551
-2602
-2617
-2545
-2460
-2363
-2271
-2192
-2193
-2287
-2378
-2449
-2471
-2474
-2414
-2364
-2399
-2493
-2658
-2804
-2932
-3058
-3099
-3133
-3151
-3190
-3293
-3396
-3490
-3513
-3472
-3411
-3361
-3367
-3377
-3416
-3471
-3485
-3467
-3415
-3413
-3309
-3245
-3260
-3257
-3268
-3280
-3283
-3267
-3256
-3230
-3200
-3205
-3265
-3274
-3239
-3217
-3210
-3151
-3133
-3086
-3005
-2911
-2794
-2693
-2633
-2651
-2670
-2724
-2784
-2780
-2746
-2744
-2753
-2715
-2616
-2556
-2518
-2451
-2388
-2322
-2277
-2277
-2278
-2291
-2341
-2416
-2480
-2555
-2646
-2690
-2746
-2759
-2698
-2656
-2616
-2535
-2476
-2409
-2339
-2379
-2439
-2525
-2651
-2737
-2818
-2820
-2767
-2785
-2807
-2727
-2679
-2609
-2501
-2481
-2486
-2512
-2497
-2545
-2684
-2821
-2975
-3061
-3146
-3253
-3320
-3440
-3552
-3677
-3790
-3915
-4091
-4171
-4223
-4326
-4425
-4490
-4544
-4581
-4702
-4871
-5007
-5058
-5071
-5039
-4936
-4910
-4898
-4903
-4890
-4827
-4791
-4764
-4707
-4639
-4505
-4336
-4203
-4096
-4009
-3916
-3829
-3740
-3715
-3710
-3683
-3666
-3678
-3638
-3541
-3451
-3355
-3309
-3356
-3429
-3438
-3479
-3490
-3455
-3437
-3481
-3559
-3645
-3762
-3818
-3805
-3777
-3737
-3687
-3678
-3603
-3565
-3568
-3484
-3366
-3225
-3148
-3151
-3142
-3101
-3070
-3049
-3037
-3074
-3156
-3181
-3155
-3175
-3186
-3178
-3157
-3092
-3028
-2950
-2963
-3049
-3165
-3321
-3370
-3383
-3363
-3343
-3281
-3177
-3098
-2978
-2890
-2757
-2558
-2351
-2258
-2192
-2107
-2079
-2056
-2069
-1977
-1836
-1730
-1637
-1612
-1579
-1558
-1563
-1521
-1456
-1473
-1517
-1527
-1545
-1550
-1593
-1648
-1690
-1709
-1737
-1805
-1769
-1739
-1830
-1914
-1936
-1860
-1802
-1746
-1678
-1606
-1517
-1438
-1364
-1328
-1367
-1367
-1285
-1319
-1399
-1508
-1603
-1640
-1701
-1719
-1678
-1585
-1436
-1349
-1314
-1310
-1358
-1490
-1654
-1739
-1763
-1734
-1653
-1581
-1546
-1565
-1621
-1642
-1642
-1591
-1557
-1484
-1462
-1534
-1590
-1627
-1582
-1495
-1432
-1366
-1322
-1343
-1353
-1353
-1314
-1310
-1346
-1335
-1357
-1345
-1325
-1311
-1268
-1261
-1187
-1101
-1020
-990
-1009
-1067
-1187
-1333
-1449
-1491
-1452
-1376
-1321
-1283
-1317
-1239
-1181
-1175
-1146
-1114
-1121
-1177
-1161
-1198
-1252
-1198
-1138
-1133
-1135
-1127
-1153
-1185
-1205
-1197
-1164
-1162
-1167
-1191
-1127
-1128
-1165
-1162
-1117
-1121
-1122
-1080
-1099
-1046
-971
-914
-931
-1024
-1127
-1176
-1210
-1192
-1214
-1242
-1229
-1162
-1055
-928
-833
-791
-741
-728
-690
-637
-613
-537
-493
-516
-520
-550
-526
-489
-302
-102
44
188
220
249
270
271
279
323
363
337
339
332
272
189
86
84
128
130
129
171
51
-99
-161
-153
-77
1
89
106
16
-156
-285
-349
-276
-151
-6
147
311
341
295
242
147
51
-14
18
28
83
67
100
170
173
164
146
126
104
94
178
260
258
259
224
117
16
14
-2
32
95
170
224
260
247
264
310
382
505
595
670
690
662
576
476
361
305
266
217
150
83
-39
-214
-363
-506
-557
-578
-629
-673
-652
-658
-715
-734
-787
-860
-916
-1002
-1050
-1002
-919
-887
-838
-755
-632
-460
-350
-290
-211
-106
-87
-159
-221
-224
-230
-198
-116
55
270
462
610
631
596
558
515
417
467
596
700
829
904
933
957
1013
1069
1118
1142
1180
1188
1232
1310
1318
1331
1305
1306
1336
1373
1430
1439
1424
1394
1333
1248
1185
1177
1158
1133
1133
1124
1140
1138
1109
1039
1034
1069
1075
1040
1047
1104
1094
1046
981
867
756
715
691
670
616
662
666
719
772
728
737
681
623
646
694
736
701
616
571
502
417
255
78
-82
-181
-319
-427
-509
-585
-542
-476
-430
-452
-416
-465
-555
-561
-588
-538
-443
-408
-387
-369
-366
-395
-370
-343
-365
-396
-413
-413
-391
-308
-262
-219
-165
-117
-92
-157
-307
-371
-439
-586
-706
-792
-773
-747
-757
-765
-817
-865
-812
-719
-618
-599
-691
-804
-851
-881
-884
-870
-858
-774
-679
-550
-501
-489
-478
-486
-601
-722
-800
-916
-950
-965
-931
-890
-898
-918
-955
-968
-999
-1046
-1066
-1198
-1301
-1316
-1256
-1171
-1108
-1029
-945
-859
-890
-861
-900
-957
-979
-1016
-1014
-1083
-1099
-1120
-1095
-1038
-969
-845
-686
-567
-523
-552
-651
-702
-720
-718
-642
-549
-511
-500
-504
-621
-758
-863
-994
-995
-1036
-1025
-1003
-992
-907
-833
-719
-723
-719
-688
-656
-607
-538
-449
-394
-343
-368
-410
-438
-467
-430
-361
-305
-285
-268
-323
-493
-622
-734
-864
-963
-1029
-1017
-967
-928
-911
-893
-885
-848
-772
-721
-655
-619
-633
-704
-735
-760
-829
-852
-862
-817
-800
-836
-934
-1088
-1141
-1225
-1362
-1434
-1527
-1620
-1718
-1814
-1872
-1947
-1948
-1987
-2034
-1969
-1851
-1731
-1703
-1671
-1658
-1623
-1635
-1642
-1583
-1550
-1544
-1593
-1592
-1625
-1645
-1597
-1553
-1571
-1569
-1559
-1593
-1590
-1533
-1473
-1416
-1349
-1423
-1533
-1524
-1540
-1644
-1641
-1569
-1504
-1433
-1399
-1407
-1482
-1575
-1597
-1656
-1736
-1755
-1735
-1645
-1518
-1353
-1144
-997
-914
-888
-863
-853
-886
-841
-822
-770
-793
-907
-984
-1060
-1102
-1117
-1187
-1229
-1201
-1167
-1127
-1147
-1191
-1248
-1371
-1494
-1528
-1518
-1477
-1373
-1183
-1017
-911
-833
-744
-754
-720
-648
-580
-493
-502
-473
-515
-536
-559
-533
-486
-438
-426
-426
-347
-385
-424
-426
-343
-264
-122
62
153
188
95
-48
-234
-343
-424
-435
-426
-488
-549
-566
-559
-568
-538
-492
-444
-409
-363
-329
-255
-154
-91
-44
9
65
127
120
80
-17
-63
-80
-107
-114
-175
-207
-252
-265
-300
-371
-465
-491
-541
-553
-495
-391
-251
-119
-22
85
231
231
194
152
125
88
122
154
188
244
315
406
443
451
436
451
484
557
597
606
607
665
809
925
1012
1098
1100
1163
1287
1405
1431
1353
1264
1197
1120
966
886
788
662
542
438
279
110
7
-99
-165
-243
-255
-260
-241
-193
-179
-191
-200
-141
-144
-174
-217
-215
-122
4
122
181
264
335
350
306
202
162
163
180
306
429
531
558
492
399
289
215
133
77
39
-16
-67
-90
-120
-177
-204
-143
-173
-264
-334
-395
-368
-295
-172
7
78
98
99
82
95
83
171
188
174
188
190
200
288
380
448
449
342
169
-47
-192
-359
-402
-410
-420
-408
-413
-444
-468
-520
-656
-768
-801
-840
-903
-971
-1043
-1010
-986
-1049
-1108
-1164
-1256
-1254
-1238
-1241
-1226
-1250
-1266
-1259
-1188
-1022
-826
-673
-532
-417
-388
-441
-503
-489
-428
-324
-240
-207
-194
-174
-292
-447
-529
-607
-607
-611
-507
-454
-446
-447
-515
-646
-742
-742
-707
-566
-456
-380
-289
-305
-327
-316
-368
-331
-322
-330
-343
-397
-404
-363
-312
-223
-96
-52
-53
-92
-109
-74
-49
-40
-22
12
4
-55
-170
-277
-333
-427
-441
-390
-342
-322
-358
-410
-566
-809
-1011
-1209
-1374
-1468
-1513
-1445
-1376
-1263
-1173
-1196
-1231
-1295
-1357
-1413
-1492
-1544
-1611
-1589
-1443
-1357
-1343
-1360
-1302
-1277
-1255
-1225
-1213
-1141
-1179
-1208
-1249
-1273
-1250
-1246
-1189
-1172
-1156
-1161
-1081
-900
-772
-618
-421
-190
38
256
453
605
758
930
1084
1182
1240
1347
1449
1513
1574
1568
1530
1555
1536
1451
1396
1388
1414
1433
1419
1341
1322
1370
1454
1508
1535
1457
1372
1399
1446
1487
1456
1440
1423
1481
1626
1729
1746
1798
1877
1939
1994
2058
2156
2350
2587
2807
3062
3261
3371
3453
3583
3700
3738
3715
3719
3744
3807
3795
3742
3734
3759
3754
3734
3826
3877
3855
3819
3798
3765
3738
3710
3731
3736
3778
3845
3866
3785
3573
3412
3257
3132
3038
2961
2942
3055
3181
3262
3280
3259
3241
3142
3016
2873
2757
2690
2711
2801
2832
2875
2940
2859
2765
2688
2556
2424
2357
2310
2222
2249
2261
2212
2192
2175
2240
2331
2357
2349
2330
2316
2294
2190
2052
1963
1840
1729
1655
1513
1416
1380
1328
1270
1194
1105
987
876
855
886
910
889
842
796
761
804
849
816
741
769
835
897
921
899
900
890
872
858
883
897
950
1006
1022
1031
1002
974
1051
1071
1016
935
834
746
642
561
568
678
752
805
754
706
722
763
826
856
847
849
821
767
770
773
849
880
853
846
812
757
743
751
732
730
771
816
812
785
783
782
734
685
689
704
699
706
711
703
726
759
728
689
661
640
623
549
421
341
343
372
400
444
486
530
489
420
418
432
452
437
367
283
214
111
47
-18
-87
-126
-198
-267
-365
-432
-447
-440
-445
-437
-392
-351
-257
-237
-244
-270
-309
-317
-308
-262
-233
-197
-156
-103
-60
-55
-76
-47
3
134
227
251
244
191
113
46
2
-88
-154
-164
-128
-112
-127
-239
-336
-355
-426
-480
-492
-541
-577
-613
-591
-499
-411
-367
-281
-184
-155
-170
-217
-232
-236
-238
-251
-203
-201
-168
-138
-124
-92
-98
-115
-238
-416
-588
-712
-833
-941
-1030
-1068
-1049
-1065
-1106
-1108
-1093
-1076
-996
-898
-824
-757
-734
-740
-766
-843
-844
-794
-781
-769
-777
-835
-898
-908
-898
-849
-805
-788
-778
-804
-787
-767
-772
-771
-751
-749
-807
-892
-937
-930
-923
-1031
-1190
-1282
-1285
-1208
-1135
-990
-814
-650
-530
-430
-345
-335
-308
-214
-96
-16
1
49
102
140
188
220
256
240
281
300
336
350
363
370
253
158
106
62
-26
-43
-35
-57
-55
-10
-9
-38
-61
-61
-1
38
45
56
79
177
333
395
450
506
593
640
639
640
593
552
526
539
569
584
580
587
595
559
471
460
493
534
638
769
882
951
935
860
811
815
880
882
895
974
1008
995
958
905
852
814
755
648
536
430
367
397
383
428
539
673
807
841
839
749
654
568
563
622
668
725
809
870
910
1009
1050
1042
925
800
772
806
853
862
834
774
787
795
785
758
694
561
441
350
253
166
116
104
0
-59
-144
-235
-290
-398
-441
-441
-512
-625
-673
-675
-662
-631
-630
-702
-797
-924
-1001
-1014
-1002
-938
-860
-751
-705
-732
-763
-818
-815
-806
-841
-804
-811
-821
-845
-900
-960
-972
-930
-899
-802
-727
-621
-519
-462
-449
-472
-447
-402
-358
-370
-340
-254
-201
-143
-146
-173
-152
-76
-62
-111
-169
-212
-305
-486
-620
-694
-735
-779
-878
-932
-906
-823
-709
-644
-488
-386
-385
-420
-460
-496
-589
-631
-620
-577
-502
-478
-505
-559
-621
-672
-785
-903
-994
-1010
-985
-987
-942
-949
-884
-772
-684
-517
-414
-396
-368
-342
-305
-234
-151
14
124
189
267
291
244
232
232
306
442
510
528
538
575
565
578
556
485
415
338
317
333
328
411
454
459
481
426
363
329
244
116
46
-58
-117
-136
-205
-337
-479
-615
-712
-781
-830
-819
-785
-699
-653
-612
-572
-592
-674
-700
-656
-668
-678
-634
-632
-629
-604
-583
-505
-483
-528
-581
-604
-682
-760
-785
-788
-805
-800
-749
-857
-997
-1084
-1151
-1196
-1238
-1208
-1132
-1013
-886
-816
-798
-812
-814
-825
-888
-921
-959
-940
-886
-874
-927
-990
-1036
-1101
-1102
-1128
-1179
-1233
-1243
-1235
-1226
-1239
-1305
-1430
-1544
-1634
-1761
-1841
-1853
-1780
-1696
-1616
-1548
-1566
-1685
-1843
-2014
-2181
-2316
-2357
-2292
-2225
-2190
-2169
-2145
-2187
-2308
-2391
-2372
-2302
-2271
-2284
-2354
-2388
-2433
-2403
-2327
-2319
-2229
-2164
-2112
-2091
-1987
-1878
-1797
-1688
-1664
-1648
-1717
-1817
-1884
-1857
-1796
-1788
-1753
-1678
-1604
-1499
-1372
-1333
-1357
-1374
-1305
-1187
-1129
-1116
-1083
-1001
-880
-718
-619
-576
-539
-624
-735
-753
-761
-741
-692
-649
-629
-643
-693
-758
-877
-898
-833
-819
-837
-857
-840
-838
-797
-807
-821
-861
-895
-923
-953
-940
-945
-985
-1113
-1236
-1311
-1353
-1404
-1486
-1566
-1615
-1625
-1632
-1653
-1728
-1863
-1900
-1868
-1882
-1934
-2014
-2088
-2039
-1956
-1935
-1942
-1942
-1916
-1923
-1896
-1825
-1780
-1764
-1764
-1753
-1708
-1672
-1677
-1660
-1600
-1521
-1469
-1415
-1354
-1367
-1431
-1504
-1498
-1526
-1580
-1594
-1545
-1464
-1453
-1384
-1322
-1288
-1248
-1267
-1282
-1259
-1311
-1386
-1424
-1494
-1519
-1460
-1403
-1407
-1428
-1456
-1508
-1595
-1763
-1803
-1752
-1732
-1701
-1613
-1557
-1583
-1644
-1763
-1800
-1799
-1734
-1635
-1559
-1546
-1524
-1465
-1423
-1453
-1470
-1465
-1480
-1551
-1715
-1822
-1922
-1949
-2036
-2101
-2052
-1939
-1868
-1911
-1963
-1997
-2011
-2053
-2053
-2070
-2069
-1968
-1889
-1823
-1763
-1693
-1543
-1396
-1326
-1279
-1185
-1030
-889
-830
-808
-755
-685
-669
-664
-721
-785
-845
-895
-952
-1152
-1256
-1232
-1216
-1192
-1237
-1290
-1356
-1479
-1499
-1450
-1392
-1375
-1331
-1310
-1392
-1448
-1621
-1775
-1855
-1880
-1828
-1816
-1802
-1809
-1811
-1818
-1818
-1898
-2005
-2006
-1926
-1848
-1775
-1744
-1755
-1741
-1807
-1897
-1903
-1830
-1834
-1939
-2006
-1968
-1951
-2029
-2112
-2180
-2233
-2241
-2228
-2196
-2080
-1990
-1916
-1822
-1849
-1887
-1902
-1922
-1938
-1974
-1929
-1822
-1805
-1853
-1833
-1824
-1806
-1777
-1792
-1815
-1866
-2006
-2150
-2212
-2208
-2167
-2136
-2181
-2310
-2429
-2533
-2590
-2659
-2665
-2647
-2596
-2526
-2537
-2455
-2399
-2359
-2198
-2030
-1866
-1715
-1634
-1539
-1429
-1369
-1309
-1275
-1330
-1375
-1311
-1220
-1136
-1096
-1088
-1032
-1027
-1077
-1146
-1235
-1292
-1281
-1264
-1261
-1271
-1311
-1288
-1233
-1197
-1236
-1308
-1318
-1281
-1238
-1196
-1195
-1181
-1129
-1178
-1275
-1314
-1290
-1259
-1250
-1260
-1274
-1253
-1221
-1206
-1189
-1241
-1339
-1368
-1378
-1401
-1401
-1330
-1242
-1127
-1039
-985
-952
-947
-983
-1043
-1097
-1235
-1274
-1292
-1270
-1281
-1409
-1492
-1488
-1451
-1512
-1560
-1608
-1684
-1782
-1842
-1877
-1877
-1868
-1889
-1932
-1971
-1992
-2074
-2218
-2319
-2354
-2405
-2400
-2408
-2390
-2360
-2414
-2400
-2394
-2487
-2592
-2653
-2670
-2656
-2559
-2517
-2559
-2594
-2607
-2582
-2574
-2651
-2756
-2834
-2874
-2927
-2973
-2976
-2961
-2917
-2907
-2926
-2921
-2815
-2778
-2755
-2759
-2809
-2838
-2856
-2804
-2657
-2487
-2393
-2351
-2335
-2245
-2130
-2008
-1891
-1763
-1686
-1630
-1627
-1640
-1585
-1557
-1538
-1503
-1400
-1252
-1129
-1081
-1087
-1219
-1377
-1462
-1524
-1526
-1552
-1527
-1389
-1334
-1338
-1340
-1364
-1344
-1298
-1292
-1295
-1246
-1255
-1304
-1243
-1129
-1061
-1059
-1046
-960
-868
-761
-654
-560
-392
-198
11
228
376
473
522
489
379
268
180
165
216
206
162
134
83
-31
-189
-368
-498
-519
-507
-499
-536
-607
-676
-787
-924
-925
-837
-768
-756
-838
-928
-986
-984
-1012
-997
-905
-775
-599
-510
-545
-540
-466
-406
-316
-268
-149
-12
110
271
436
607
738
810
783
807
812
769
681
598
541
566
650
691
673
670
775
769
736
706
694
709
733
798
880
918
941
971
989
1011
956
874
789
816
868
916
985
932
892
839
817
894
952
996
1060
1143
1252
1289
1246
1191
1191
1218
1208
1223
1246
1315
1385
1498
1569
1623
1708
1762
1784
1770
1751
1703
1732
1828
1907
1977
2018
2052
2056
2038
2006
1883
1745
1684
1678
1724
1826
1917
1935
1909
1887
1805
1742
1585
1492
1475
1373
1342
1264
1131
940
731
590
550
570
642
660
632
555
406
256
116
65
53
-14
-108
-149
-175
-206
-248
-238
-213
-281
-294
-189
4
125
223
331
376
454
432
428
386
374
372
312
308
263
237
209
183
70
26
117
198
300
352
369
412
460
515
532
581
640
628
618
622
607
586
554
463
278
113
37
6
6
-37
-71
-4
135
288
478
691
867
931
915
862
823
826
793
769
793
852
844
856
905
891
942
930
867
815
766
761
801
846
792
757
704
710
746
750
801
865
959
1047
1134
1236
1291
1312
1270
1265
1234
1158
1181
1151
1059
996
951
803
663
568
545
535
530
464
314
229
47
-137
-288
-424
-483
-472
-342
-185
-101
-92
-145
-163
-245
-365
-429
-504
-530
-566
-571
-508
-529
-580
-646
-717
-908
-1096
-1156
-1192
-1165
-1073
-970
-918
-869
-836
-855
-889
-838
-815
-753
-641
-545
-394
-297
-286
-308
-339
-414
-460
-428
-460
-432
-368
-446
-526
-628
-654
-612
-583
-539
-470
-402
-420
-450
-465
-497
-497
-496
-452
-415
-461
-472
-478
-507
-485
-447
-442
-485
-511
-483
-468
-481
-520
-510
-502
-449
-422
-475
-478
-473
-437
-426
-420
-376
-307
-197
-117
-109
-131
-113
-108
-163
-203
-109
38
115
144
161
197
256
283
305
343
422
509
556
541
464
399
350
414
500
600
704
859
962
994
1021
1039
1059
938
920
965
1041
1068
1042
1070
1124
1145
1149
1176
1133
1077
1095
1139
1167
1163
1049
1062
1177
1239
1246
1252
1258
1222
1214
1183
1072
1042
1088
1087
1091
1138
1235
1298
1295
1221
1080
935
889
940
995
998
1079
1202
1302
1283
1174
1123
1074
1025
1004
1040
1092
1051
948
929
852
745
738
794
805
760
751
795
850
929
1124
1266
1321
1387
1355
1314
1321
1382
1452
1502
1538
1549
1603
1554
1479
1459
1426
1446
1499
1570
1680
1754
1760
1725
1656
1588
1540
1477
1522
1627
1668
1652
1582
1520
1445
1373
1213
1074
992
888
806
743
702
713
766
803
828
833
876
922
937
919
880
754
615
603
664
725
806
887
923
996
1105
1231
1313
1312
1257
1212
1165
1070
990
982
907
835
735
593
462
290
225
211
197
144
71
30
-42
-147
-234
-316
-338
-341
-363
-382
-349
-327
-311
-281
-301
-277
-233
-192
-191
-191
-186
-158
-105
0
96
131
116
109
97
74
123
180
255
270
305
392
503
609
632
597
526
468
476
519
574
670
781
861
860
841
689
441
281
160
55
-23
-61
-34
-6
-75
-164
-260
-305
-296
-328
-319
-296
-295
-321
-413
-543
-628
-660
-646
-588
-485
-404
-376
-381
-468
-556
-569
-520
-450
-382
-263
-180
-160
-124
-95
-53
-18
22
114
119
61
45
59
105
138
189
181
144
104
72
59
70
96
65
52
85
159
225
249
261
257
156
25
-81
-129
-126
-155
-156
-123
-122
-74
0
85
221
371
492
637
760
803
820
738
698
727
718
708
716
706
719
732
713
671
700
864
1075
1278
1450
1528
1611
1697
1700
1732
1727
1769
1845
1921
2018
2133
2255
2380
2508
2611
2687
2720
2755
2749
2718
2665
2657
2641
2558
2471
2327
2142
1907
1753
1672
1554
1446
1368
1361
1285
1177
1113
1150
1251
1350
1499
1676
1808
1912
1941
1907
1932
1929
1944
1967
2039
2051
2021
2053
2064
2041
2030
2007
1969
1991
2009
1994
1959
1956
1992
2054
2086
2096
2137
2116
2063
2037
2054
2225
2301
2426
2555
2652
2788
2782
2694
2512
2374
2236
2121
2105
2236
2385
2464
2456
2404
2382
2351
2286
2307
2396
2490
2621
2625
2575
2489
2370
2294
2269
2271
2308
2300
2273
2249
2226
2140
2020
1913
1790
1739
1711
1709
1656
1508
1373
1274
1173
1060
996
993
951
869
831
797
695
605
490
489
587
636
771
904
937
938
947
969
963
1025
1138
1260
1431
1500
1501
1471
1396
1261
1123
1096
1109
1037
957
878
809
726
616
498
455
543
653
791
821
801
760
681
561
471
441
440
565
633
674
748
820
811
688
640
637
548
503
547
611
699
791
841
825
829
870
927
1008
1088
1172
1232
1228
1212
1181
1094
1050
1012
898
830
770
714
683
708
721
706
656
608
619
635
690
690
706
687
654
683
648
550
510
514
464
368
289
230
172
147
220
343
448
513
477
402
376
353
333
326
279
237
71
-120
-243
-386
-537
-630
-690
-700
-621
-528
-362
-229
-62
63
95
151
177
206
274
284
223
132
5
-52
-55
-41
-30
-78
-145
-109
-52
-35
-88
-162
-253
-373
-474
-634
-748
-873
-1016
-1078
-1100
-1145
-1240
-1299
-1399
-1541
-1710
-1750
-1750
-1808
-1762
-1708
-1616
-1563
-1553
-1579
-1598
-1643
-1642
-1556
-1559
-1561
-1557
-1592
-1577
-1576
-1631
-1604
-1558
-1526
-1460
-1415
-1455
-1484
-1521
-1565
-1588
-1577
-1459
-1295
-1170
-1105
-1036
-981
-972
-924
-849
-801
-766
-765
-791
-852
-888
-912
-985
-1134
-1288
-1364
-1407
-1381
-1320
-1237
-1184
-1137
-1053
-1102
-1188
-1231
-1264
-1284
-1197
-1071
-1052
-1007
-1003
-1110
-1234
-1287
-1326
-1348
-1260
-1166
-1035
-910
-874
-905
-926
-906
-931
-896
-859
-783
-761
-814
-869
-939
-1037
-1058
-1028
-1066
-1097
-1125
-1090
-1174
-1321
-1459
-1483
-1457
-1400
-1250
-1062
-909
-859
-942
-1057
-1169
-1285
-1343
-1438
-1436
-1349
-1217
-1134
-1121
-1099
-1037
-1032
-960
-890
-907
-841
-785
-799
-799
-713
-565
-374
-230
-52
55
102
93
-7
-70
-59
79
207
323
428
474
477
370
375
519
606
656
714
739
849
919
875
821
663
577
552
520
528
535
528
500
483
471
396
282
217
168
32
-116
-179
-167
-237
-371
-446
-503
-521
-516
-485
-491
-538
-596
-665
-677
-644
-631
-541
-445
-403
-355
-403
-436
-433
-416
-371
-326
-328
-334
-331
-313
-220
-157
-165
-154
-125
-134
-177
-267
-292
-314
-348
-406
-447
-491
-479
-403
-409
-356
-344
-252
-71
-14
-65
-151
-189
-251
-385
-554
-613
-572
-525
-426
-400
-479
-513
-546
-574
-538
-543
-508
-397
-235
-25
50
23
-35
-134
-213
-277
-321
-289
-263
-301
-308
-348
-419
-359
-171
-19
75
167
314
351
242
210
213
217
245
338
512
618
593
609
606
559
415
265
166
32
-80
-144
-177
-207
-128
-43
19
13
-46
-65
-42
-83
-91
19
191
313
332
454
623
691
657
630
552
461
444
389
262
194
153
72
-106
-255
-279
-300
-306
-309
-356
-422
-486
-544
-556
-507
-484
-486
-458
-464
-494
-580
-634
-688
-771
-924
-1172
-1362
-1472
-1581
-1630
-1550
-1491
-1484
-1477
-1482
-1518
-1606
-1667
-1661
-1689
-1711
-1707
-1676
-1650
-1702
-1789
-1824
-1812
-1782
-1806
-1832
-1883
-2024
-2157
-2129
-1957
-1813
-1740
-1690
-1623
-1630
-1721
-1767
-1770
-1831
-1836
-1858
-1820
-1777
-1836
-1870
-1927
-1994
-2027
-2062
-2150
-2226
-2304
-2323
-2262
-2278
-2381
-2412
-2355
-2327
-2256
-2237
-2292
-2331
-2357
-2411
-2557
-2748
-2872
-2890
-2911
-2869
-2824
-2810
-2746
-2703
-2751
-2818
-2835
-2741
-2638
-2529
-2402
-2357
-2410
-2501
-2471
-2477
-2464
-2418
-2419
-2399
-2373
-2436
-2547
-2665
-2717
-2750
-2810
-2787
-2768
-2732
-2705
-2785
-2926
-2945
-2955
-2854
-2675
-2509
-2337
-2292
-2295
-2301
-2246
-2216
-2211
-2125
-1934
-1809
-1773
-1730
-1715
-1815
-1943
-2009
-2150
-2273
-2305
-2327
-2365
-2498
-2655
-2744
-2803
-2863
-2931
-2921
-2850
-2858
-2902
-2852
-2780
-2692
-2659
-2636
-2530
-2480
-2441
-2363
-2198
-2128
-2216
-2237
-2233
-2234
-2231
-2175
-2083
-2038
-2022
-1975
-1846
-1699
-1615
-1532
-1431
-1440
-1558
-1597
-1649
-1679
-1766
-1912
-1911
-2013
-2100
-2127
-2200
-2328
-2421
-2459
-2464
-2353
-2232
-2143
-2139
-2125
-2174
-2298
-2396
-2512
-2535
-2510
-2491
-2461
-2384
-2299
-2288
-2229
-2175
-2169
-2175
-2225
-2239
-2216
-2123
-2043
-1992
-1916
-1832
-1679
-1521
-1480
-1521
-1512
-1519
-1442
-1389
-1419
-1374
-1249
-1078
-1041
-1118
-1231
-1294
-1319
-1346
-1287
-1255
-1315
-1379
-1352
-1306
-1268
-1218
-1249
-1303
-1294
-1238
-1216
-1213
-1100
-955
-985
-940
-850
-853
-921
-1043
-1202
-1415
-1545
-1667
-1797
-1919
-2061
-2147
-2213
-2226
-2251
-2349
-2474
-2618
-2716
-2813
-2795
-2786
-2819
-2820
-2783
-2749
-2772
-2686
-2621
-2515
-2434
-2466
-2485
-2506
-2573
-2674
-2682
-2683
-2522
-2340
-2338
-2292
-2249
-2250
-2340
-2383
-2370
-2293
-2223
-2230
-2241
-2317
-2370
-2383
-2317
-2277
-2245
-2272
-2332
-2414
-2586
-2651
-2635
-2598
-2517
-2356
-2151
-2048
-2083
-2091
-2067
-2025
-2034
-2103
-2161
-2180
-2312
-2456
-2516
-2555
-2466
-2404
-2372
-2370
-2389
-2467
-2579
-2710
-2875
-2972
-2962
-2850
-2753
-2737
-2719
-2801
-3001
-3146
-3221
-3285
-3409
-3449
-3452
-3510
-3549
-3493
-3469
-3530
-3575
-3634
-3691
-3690
-3746
-3933
-4116
-4275
-4387
-4347
-4298
-4320
-4314
-4295
-4223
-4240
-4263
-4262
-4298
-4348
-4287
-4182
-4192
-4170
-4157
-4190
-4167
-4142
-4122
-4063
-4080
-4109
-4170
-4230
-4282
-4224
-4108
-4058
-4026
-3996
-3894
-3773
-3686
-3610
-3629
-3649
-3641
-3694
-3748
-3810
-3754
-3603
-3390
-3223
-3107
-3040
-3061
-3016
-2958
-2972
-2956
-2887
-2862
-2838
-2785
-2778
-2866
-2924
-2967
-3007
-2944
-2845
-2712
-2656
-2556
-2433
-2388
-2354
-2406
-2380
-2278
-2136
-2003
-1845
-1727
-1747
-1766
-1775
-1840
-1984
-2151
-2245
-2236
-2269
-2326
-2363
-2383
-2309
-2281
-2271
-2201
-2259
-2394
-2378
-2289
-2217
-2120
-2011
-1886
-1724
-1653
-1692
-1708
-1760
-1822
-1820
-1885
-2043
-2061
-2037
-1980
-1925
-1884
-1823
-1753
-1659
-1705
-1736
-1813
-1812
-1660
-1611
-1545
-1434
-1421
-1371
-1280
-1246
-1211
-1088
-997
-949
-867
-902
-863
-870
-845
-783
-865
-905
-886
-794
-735
-758
-868
-920
-950
-953
-887
-868
-834
-751
-761
-757
-624
-516
-421
-405
-485
-517
-365
-267
-317
-271
-185
-51
125
188
229
309
205
103
-10
-128
-153
-179
-52
11
-56
-207
-266
-330
-441
-475
-530
-596
-609
-566
-546
-594
-745
-828
-906
-949
-1002
-1029
-1079
-1164
-1224
-1265
-1301
-1333
-1324
-1359
-1338
-1314
-1261
-1191
-995
-827
-656
-464
-349
-198
-136
-152
-214
-231
-180
-118
-37
19
144
306
388
542
610
581
536
566
618
667
731
760
832
878
899
864
793
765
789
834
886
1002
1140
1273
1304
1258
1341
1314
1228
1164
1172
1303
1304
1249
1252
1242
1180
1084
1042
960
959
1109
1177
1152
1143
1137
1052
940
831
725
649
720
781
793
771
819
900
974
1140
1258
1370
1494
1578
1656
1741
1794
1825
1832
1932
2006
2055
2032
1960
1982
1999
2093
2154
2226
2246
2280
2366
2323
2178
1993
1904
1908
1928
1868
1838
1808
1765
1662
1594
1517
1426
1490
1511
1437
1365
1435
1527
1557
1590
1534
1486
1439
1354
1374
1339
1374
1378
1247
1135
1070
1112
1136
1060
979
955
942
864
763
675
602
673
784
817
816
838
789
787
769
725
681
728
860
840
803
843
873
856
880
991
1125
1146
1205
1266
1333
1341
1315
1312
1310
1314
1303
1360
1510
1706
1858
1975
1989
1970
1926
1857
1781
1777
1820
1760
1691
1791
1879
1876
1900
1997
2008
1902
1869
1857
1863
1868
1911
1880
1787
1662
1487
1426
1432
1543
1649
1732
1834
1834
1806
1727
1618
1546
1567
1603
1690
1740
1750
1805
1727
1677
1597
1508
1530
1566
1566
1541
1509
1545
1646
1640
1581
1574
1571
1612
1690
1767
1905
2048
2134
2204
2228
2170
2159
2156
2147
2082
1930
1878
1849
1819
1788
1722
1618
1588
1604
1575
1570
1567
1551
1649
1794
1850
1878
1861
1922
1981
2038
2087
2183
2171
2150
2285
2424
2547
2562
2571
2513
2473
2358
2214
2213
2236
2322
2431
2445
2431
2438
2453
2445
2383
2377
2410
2445
2563
2637
2581
2501
2403
2348
2280
2184
2130
2050
1861
1834
1888
1872
1939
1997
1965
1974
2005
1935
1911
1822
1764
1793
1788
1759
1677
1600
1685
1753
1691
1623
1603
1634
1646
1636
1595
1650
1718
1716
1705
1860
2024
2041
2086
2147
2174
2236
2276
2320
2388
2295
2280
2295
2252
2223
2204
2211
2148
2063
2067
2204
2266
2289
2355
2441
2480
2367
2269
2269
2307
2306
2308
2279
2186
2086
1951
1871
1867
1892
1967
2013
1989
1964
1870
1768
1695
1666
1617
1511
1471
1447
1524
1615
1645
1683
1789
1885
1931
2028
2065
2027
1933
1790
1783
1841
1811
1810
1849
1930
1984
2016
1974
1968
1907
1798
1800
1773
1721
1639
1620
1563
1498
1421
1369
1383
1346
1290
1217
1123
1027
978
923
917
932
952
1035
1105
1101
1031
973
889
854
778
606
422
224
126
82
126
163
203
252
287
237
89
61
36
65
113
130
163
126
31
6
25
17
-14
-97
-157
-124
-235
-391
-464
-512
-507
-500
-384
-407
-507
-561
-581
-572
-582
-677
-829
-965
-1131
-1193
-1262
-1313
-1294
-1239
-1250
-1343
-1446
-1469
-1441
-1465
-1341
-1216
-1203
-1120
-1035
-965
-981
-1033
-990
-865
-773
-809
-801
-740
-704
-766
-844
-926
-895
-828
-854
-867
-844
-820
-966
-1125
-1235
-1287
-1299
-1353
-1343
-1215
-1118
-1117
-1135
-1090
-1113
-1104
-1068
-1074
-1075
-1158
-1183
-1141
-1095
-994
-851
-760
-727
-841
-944
-1007
-1054
-1096
-1057
-951
-938
-981
-1033
-1097
-1219
-1294
-1307
-1300
-1312
-1283
-1184
-1084
-1068
-989
-897
-861
-932
-991
-958
-1003
-1104
-1206
-1233
-1269
-1295
-1298
-1292
-1261
-1274
-1332
-1324
-1269
-1238
-1261
-1271
-1301
-1356
-1393
-1370
-1319
-1221
-1096
-1068
-1058
-992
-869
-852
-844
-818
-760
-644
-520
-458
-418
-390
-293
-185
-100
26
73
116
106
67
29
15
-38
-72
-17
33
50
32
-34
-85
-133
-159
-154
-193
-229
-191
-158
-138
17
195
267
283
360
383
377
445
473
479
531
600
635
629
622
662
649
644
685
688
775
945
1081
1124
1060
904
760
634
433
263
273
420
546
582
619
626
561
523
536
510
497
590
718
887
987
1047
1135
1145
1058
1034
1037
1002
989
986
997
1008
1043
1038
1031
1102
1176
1189
1141
1050
995
946
897
901
837
705
652
669
605
508
476
436
468
508
517
543
577
627
680
759
919
1036
1002
920
878
873
842
837
810
855
902
964
1174
1373
1517
1575
1651
1629
1448
1213
1047
973
848
691
549
471
342
201
130
189
223
247
368
386
272
92
-101
-317
-436
-467
-440
-356
-310
-337
-363
-366
-439
-635
-751
-823
-989
-1136
-1236
-1280
-1338
-1403
-1453
-1512
-1570
-1558
-1568
-1654
-1712
-1750
-1710
-1654
-1629
-1591
-1538
-1458
-1327
-1255
-1188
-1077
-1022
-992
-949
-821
-784
-819
-847
-878
-934
-960
-962
-1050
-1185
-1273
-1306
-1428
-1505
-1566
-1540
-1487
-1488
-1500
-1561
-1576
-1560
-1629
-1774
-1845
-1873
-1879
-1902
-1980
-2063
-2165
-2243
-2249
-2303
-2353
-2370
-2438
-2499
-2506
-2578
-2683
-2732
-2798
-2890
-2911
-2873
-2911
-2962
-3038
-3150
-3289
-3389
-3404
-3444
-3455
-3454
-3469
-3460
-3425
-3265
-3035
-2837
-2668
-2594
-2522
-2440
-2360
-2172
-2054
-2045
-2043
-2037
-2038
-2155
-2216
-2204
-2175
-2077
-1996
-1816
-1780
-1779
-1789
-1893
-1892
-1815
-1730
-1665
-1534
-1489
-1448
-1477
-1505
-1487
-1449
-1377
-1285
-1163
-1174
-1189
-1229
-1222
-1144
-1145
-1160
-1157
-1205
-1274
-1226
-1114
-1051
-1039
-993
-832
-709
-638
-578
-540
-483
-389
-295
-255
-159
-82
2
53
6
-83
-207
-178
-85
-21
-10
-41
-69
-4
58
32
-43
-111
-76
16
117
104
58
72
184
330
430
528
689
795
883
969
1041
1161
1253
1354
1498
1639
1635
1676
1707
1649
1638
1623
1594
1617
1605
1595
1647
1598
1681
1790
1803
1834
1848
1821
1765
1714
1596
1521
1487
1559
1662
1622
1588
1591
1518
1503
1627
1793
1913
1979
2099
2209
2326
2448
2398
2309
2298
2205
2187
2216
2282
2394
2421
2393
2424
2457
2335
2261
2282
2416
2564
2641
2636
2602
2635
2698
2773
2797
2795
2812
2864
2980
3033
3054
3126
3135
3164
3241
3314
3351
3356
3331
3385
3516
3618
3598
3537
3492
3350
3254
3268
3325
3466
3650
3803
3864
3824
3831
3837
3915
3985
3919
3912
3891
3812
3841
3895
3834
3791
3806
3807
3789
3611
3320
3131
3131
3145
3129
3160
3220
3251
3084
2861
2734
2739
2725
2622
2545
2616
2793
2928
2967
2924
2944
2984
2911
2786
2739
2646
2447
2344
2319
2293
2265
2351
2472
2587
2726
2766
2783
2694
2575
2539
2526
2517
2540
2571
2689
2732
2651
2615
2595
2522
2445
2447
2463
2599
2678
2742
2886
3003
3073
3154
3245
3272
3257
3150
3000
2842
2612
2453
2368
2304
2291
2192
2083
2012
1977
1890
1716
1563
1389
1270
1204
1108
1002
923
952
1015
1049
1062
1129
1164
1129
1213
1249
1265
1290
1213
1223
1255
1258
1245
1167
1190
1231
1238
1124
934
806
743
777
824
859
837
809
753
826
798
658
547
393
265
200
240
268
241
124
136
225
250
255
292
280
196
81
15
57
125
227
262
197
278
477
615
745
757
678
707
689
679
812
771
765
933
973
926
885
918
988
1053
1030
990
969
889
915
902
835
797
696
665
729
826
886
835
765
788
801
743
682
668
699
637
566
590
665
792
802
756
753
595
451
364
386
426
486
605
590
576
656
736
738
728
620
545
540
589
651
622
569
537
523
582
712
725
713
717
674
620
607
677
812
921
1010
1097
1162
1248
1231
1178
1060
879
764
635
506
433
381
345
312
257
277
286
228
31
-128
-281
-449
-570
-664
-582
-552
-651
-576
-469
-412
-312
-191
23
121
158
145
203
265
264
173
49
87
108
81
0
71
104
37
87
55
-110
-312
-454
-437
-345
-314
-381
-585
-753
-762
-733
-695
-577
-296
-136
-145
-35
68
46
-29
-10
141
285
455
553
468
325
145
64
48
61
5
70
234
220
204
129
145
225
268
241
143
16
-164
-294
-439
-579
-692
-806
-861
-925
-873
-788
-736
-678
-637
-583
-687
-693
-753
-858
-857
-873
-913
-981
-1057
-1078
-1079
-1192
-1210
-1189
-1325
-1452
-1480
-1534
-1557
-1561
-1600
-1691
-1833
-2063
-2233
-2271
-2397
-2461
-2461
-2372
-2311
-2312
-2247
-2150
-2168
-2269
-2266
-2348
-2432
-2508
-2527
-2509
-2402
-2093
-1904
-1855
-1765
-1709
-1769
-1858
-1880
-1869
-1795
-1704
-1672
-1636
-1610
-1535
-1516
-1521
-1537
-1654
-1812
-1963
-1947
-1924
-1946
-2004
-2016
-1945
-1919
-1867
-1759
-1690
-1725
-1703
-1691
-1667
-1650
-1778
-1872
-1706
-1571
-1572
-1445
-1403
-1391
-1365
-1246
-1117
-1017
-930
-955
-959
-924
-947
-967
-967
-968
-915
-940
-889
-871
-975
-962
-872
-758
-556
-368
-210
-147
-124
-120
-132
-132
-216
-226
-296
-369
-399
-393
-215
-70
-86
-165
-171
-236
-232
-130
-86
-141
-271
-398
-610
-911
-978
-792
-571
-383
-251
-292
-292
-451
-655
-686
-823
-940
-928
-908
-878
-836
-942
-998
-943
-951
-1019
-1009
-970
-958
-942
-967
-989
-1098
-1109
-1073
-955
-750
-714
-715
-813
-933
-931
-1088
-1201
-1145
-1011
-928
-874
-824
-775
-872
-995
-1047
-1075
-965
-765
-590
-473
-454
-462
-413
-431
-550
-717
-866
-915
-1000
-1032
-1007
-1091
-1149
-1231
-1313
-1365
-1367
-1386
-1389
-1285
-1218
-1081
-1036
-1036
-1031
-993
-959
-961
-958
-974
-980
-944
-956
-1030
-1123
-1167
-1110
-1044
-1070
-1108
-1020
-1068
-1119
-1282
-1393
-1553
-1798
-1910
-2043
-2030
-1982
-1870
-1814
-1844
-1827
-1796
-1839
-1980
-2034
-2047
-2071
-2094
-2133
-2148
-1998
-1953
-1962
-2039
-2104
-2202
-2319
-2487
-2614
-2529
-2482
-2360
-2260
-2202
-2285
-2371
-2472
-2699
-2869
-2818
-2831
-2740
-2641
-2718
-2833
-2977
-3119
-3241
-3218
-3141
-3104
-3042
-3008
-3066
-3156
-3210
-3242
-3211
-3036
-2802
-2641
-2542
-2508
-2500
-2534
-2557
-2619
-2727
-2730
-2738
-2686
-2720
-2741
-2858
-2934
-2899
-2971
-3003
-3041
-3082
-3221
-3311
-3404
-3485
-3684
-3792
-3757
-3718
-3559
-3499
-3373
-3197
-3173
-3139
-3134
-3080
-3008
-2984
-2995
-2950
-2708
-2528
-2400
-2346
-2342
-2370
-2266
-2104
-1989
-1844
-1759
-1617
-1520
-1454
-1454
-1534
-1556
-1392
-1260
-1223
-1260
-1213
-1280
-1387
-1258
-1071
-927
-778
-587
-463
-397
-561
-739
-806
-842
-727
-697
-810
-928
-933
-1058
-1156
-1223
-1313
-1183
-1098
-1231
-1311
-1479
-1561
-1594
-1651
-1559
-1494
-1482
-1527
-1536
-1479
-1454
-1515
-1493
-1475
-1543
-1529
-1490
-1460
-1327
-1235
-1309
-1380
-1366
-1421
-1517
-1476
-1357
-1206
-976
-810
-821
-766
-859
-981
-1089
-1260
-1388
-1478
-1418
-1354
-1258
-1155
-1042
-1052
-1042
-936
-862
-813
-764
-698
-594
-474
-412
-451
-377
-395
-483
-452
-451
-477
-520
-624
-659
-555
-483
-380
-427
-395
-454
-590
-674
-634
-567
-705
-773
-969
-1150
-1291
-1422
-1380
-1185
-868
-559
-481
-400
-426
-398
-385
-330
-354
-469
-416
-288
-124
-136
-125
-203
-352
-350
-297
-257
-225
-263
-295
-213
-99
35
89
198
231
222
139
50
61
117
119
78
72
127
155
145
106
-64
-298
-491
-475
-521
-547
-641
-806
-805
-857
-878
-1021
-1129
-1160
-1113
-968
-801
-622
-495
-521
-609
-680
-689
-601
-599
-689
-629
-727
-798
-828
-652
-520
-504
-495
-474
-400
-411
-302
-290
-286
-309
-261
-264
-253
-148
-191
-246
-321
-372
-232
-150
-148
-120
15
163
292
344
349
350
469
439
334
369
390
384
398
371
509
609
539
440
408
391
357
366
319
256
214
244
164
138
104
-94
-233
-321
-320
-394
-423
-395
-358
-355
-487
-407
-214
-262
-542
-881
-1002
-1028
-1091
-1146
-1267
-1293
-1284
-1309
-1373
-1252
-1100
-1048
-1084
-1119
-1195
-1211
-1139
-1132
-1132
-1128
-1037
-989
-977
-904
-881
-801
-878
-939
-883
-861
-872
-943
-916
-862
-729
-739
-671
-521
-632
-773
-809
-868
-762
-659
-517
-341
-263
-320
-299
-124
-57
-68
61
145
150
111
166
196
323
401
524
678
694
607
605
589
458
262
222
260
236
297
311
190
37
-278
-568
-605
-652
-625
-535
-385
-358
-398
-414
-300
-99
-61
-181
-193
-211
-245
-288
-242
-139
-64
-97
-61
-87
-68
81
53
7
-16
123
410
458
440
466
493
339
299
251
186
198
87
208
272
293
295
352
300
436
527
594
531
503
558
566
548
549
511
586
703
723
673
705
633
575
449
442
446
443
364
191
131
82
591
425
374
320
450
562
479
320
243
235
114
133
290
599
692
815
855
1077
1179
1106
1024
1071
1251
1262
1089
919
822
779
660
535
559
606
444
310
181
253
253
266
190
89
-80
91
285
401
457
639
661
782
696
547
662
643
577
451
544
466
469
541
708
768
824
916
975
1012
989
903
823
830
762
822
814
766
741
761
811
820
804
742
706
548
502
452
447
370
237
51
-20
-108
-94
-61
-53
58
-54
-110
-140
-228
-273
-377
-412
-391
-254
-192
-371
-623
-753
-770
-718
-889
-836
-820
-833
-843
-914
-976
-1141
-1229
-1247
-1324
-1390
-1446
-1658
-1612
-1485
-1440
-1413
-1238
-1201
-1148
-1187
-1383
-1394
-1308
-1261
-1081
-941
-828
-708
-668
-700
-801
-816
-716
-603
-444
-419
-301
-232
-297
-291
-178
-53
-223
-418
-426
-387
-516
-566
-482
-524
-499
-669
-726
-714
-813
-857
-804
-955
-1117
-1154
-1265
-1179
-1143
-1049
-988
-1030
-1107
-976
-1135
-1267
-1178
-1101
-1066
-919
-701
-522
-498
-357
-376
-445
-667
-943
-1070
-1117
-1076
-928
-874
-1005
-1016
-972
-1141
-1250
-1347
-1224
-1140
-1154
-1373
-1356
-1275
-1414
-1513
-1442
-1269
-1213
-1025
-1108
-1209
-1211
-1276
-1220
-1081
-1181
-1343
-1359
-1235
-1264
-1127
-1158
-1248
-1269
-1340
-1444
-1499
-1586
-1818
-1934
-1878
-1839
-1774
-1805
-1759
-1658
-1602
-1504
-1482
-1401
-1293
-1290
-1273
-1084
-1185
-1206
-1140
-1167
-1280
-1387
-1456
-1507
-1512
-1416
-1416
-1117
-1071
-1125
-1025
-937
-950
-966
-1042
-1114
-1199
-1271
-1302
-1135
-1094
-1029
-984
-948
-894
-831
-894
-839
-853
-847
-784
-865
-880
-1028
-1150
-1298
-1405
-1347
-1345
-1306
-1422
-1297
-1301
-1439
-1553
-1632
-1729
-1694
-1639
-1558
-1492
-1414
-1484
-1555
-1651
-1655
-1467
-1309
-1196
-1127
-1017
-1233
-1426
-1537
-1690
-1752
-1645
-1534
-1562
-1468
-1334
-1436
-1479
-1467
-1304
-1171
-1142
-1247
-1137
-1055
-1241
-1214
-1309
-1381
-1570
-1836
-2003
-2132
-2314
-2603
-2968
-3133
-3156
-3145
-3106
-3232
-3305
-3414
-3387
-3528
-3559
-3764
-3903
-3948
-3988
-3954
-4077
-4105
-4092
-3988
-3869
-3973
-4094
-4044
-4029
-3835
-3984
-4090
-4084
-3905
-3706
-3670
-3661
-3658
-3731
-3833
-3773
-3676
-3602
-3518
-3359
-3230
-3208
-3211
-3095
-3029
-2942
-3006
-2918
-2911
-2771
-2739
-2848
-2834
-2861
-2962
-2839
-2820
-2926
-2876
-2796
-2867
-2692
-2578
-2387
-2245
-2021
-1769
-1627
-1577
-1529
-1400
-1370
-1293
-1334
-1314
-1087
-984
-880
-823
-821
-715
-718
-722
-769
-865
-889
-1096
-1212
-1173
-1235
-1105
-876
-822
-854
-842
-844
-825
-708
-664
-654
-786
-889
-862
-832
-737
-695
-533
-467
-398
-346
-278
-86
-7
-2
-7
85
135
200
339
419
569
520
579
727
661
701
728
528
378
358
508
534
745
890
913
981
1009
920
898
998
1144
1356
1342
1475
1501
1292
1128
1159
1142
1009
1000
1006
1007
871
814
722
659
685
772
862
871
1039
931
918
1024
1106
912
797
836
865
997
915
883
809
615
557
325
231
333
303
305
410
400
331
312
237
126
233
295
261
292
244
250
362
231
59
-30
-60
-107
-240
-212
-107
-58
-104
-133
-140
-214
-229
-326
-266
-274
-300
-267
-229
-364
-363
-507
-546
-668
-682
-741
-840
-998
-987
-969
-1093
-1066
-1147
-1158
-1173
-1155
-1259
-1253
-1211
-1187
-1271
-1289
-1180
-1181
-1233
-1197
-1251
-1277
-1254
-1236
-1100
-1180
-1246
-1193
