7054
10714
8267
6802
10053
9119
9453
9967
11860
10680
7288
7251
3229
2413
1184
-3595
-4376
-4065
-1536
-3068
-4272
-3143
-7508
-6907
-9537
-11285
-9680
-14250
-12353
-8563
-10426
-9339
-11187
-9098
-7102
-8609
-5346
-3902
-4516
-358
-1058
417
728
-845
1348
145
6727
8261
1794
5101
3916
12984
11305
8611
8768
10404
9081
9632
9007
4530
3972
3525
1863
2322
6764
3366
2619
2694
3271
-113
22
-1814
-1146
-5345
-859
965
-4244
-3181
-4850
-846
-2036
-5451
-6009
-3451
-2228
-3169
-947
463
958
-3328
-11042
-3769
-4091
-8796
-4748
-7691
-9355
-7045
-4797
-3694
-2298
-1384
-3026
2316
6429
-2350
1661
8831
11447
9879
9167
9944
10539
12173
13879
14414
13021
12038
11092
10238
6896
9871
4786
9147
6399
4866
13010
9625
6713
5196
-1128
-774
12331
4066
-3159
-2196
-3131
868
108
-405
-392
-3037
980
1841
-993
-1799
-7139
-8691
-8532
-10134
-11638
-12463
-11113
-11248
-10453
-9790
-8651
-5601
-4739
-3002
-5265
-10825
-8679
-3463
-4551
-8895
-5159
-3635
-4263
-3220
2582
3488
-70
1300
2898
3646
5116
12942
12470
6376
7674
5265
12116
23024
11926
1418
11068
15795
12583
10714
12309
10382
11568
8375
6907
2799
2451
4444
6421
3379
2401
-1592
1764
-158
-1863
-3961
-4530
-513
-3304
-6626
-6442
-5872
-4764
-6359
-7680
-7255
-5201
-1909
-10173
-5074
-1345
-2324
2487
-3202
-1049
1242
2632
569
2079
1683
1594
4369
387
-1510
-2094
-1046
-1317
-191
-24
1858
2823
3980
3552
-239
2570
-442
-2099
1905
2426
1575
3414
3610
4882
5383
6126
7502
4189
3595
1816
245
410
-1179
-8067
-5753
562
1339
-1538
574
2817
1732
3011
-2362
167
-1692
-2203
6309
4592
2635
6730
3628
4360
9392
3780
9046
6367
8950
8369
4264
8941
8891
7590
5439
9596
7873
4469
4664
5345
3787
-306
-750
-370
730
911
-2500
-4964
-3071
-7644
-7194
-9184
-8011
-5397
-5569
-2955
-7321
-3974
-8844
-5983
-7020
-5683
-488
-4639
1702
1666
-513
-3710
584
5985
2908
296
3270
7061
5100
1858
3396
15224
16657
7352
10861
11865
8915
6522
3679
2538
6323
7333
6482
5577
4921
6050
5758
5752
4279
3526
2339
2940
-2556
-6312
-3885
-1535
-1439
-3786
746
-2687
-764
2575
2869
585
-3347
-3745
-3413
1749
-559
-3898
-8655
-11538
-6202
-2084
-6392
-6012
-4570
-4321
-2426
-4797
-3266
-4051
-735
5518
1766
996
5855
9493
11608
10638
11522
10582
9575
11163
8241
7676
10766
12079
11462
10587
10904
5132
6575
9157
4433
6165
3863
1284
4843
650
-1094
5398
3673
2921
2579
2202
3716
2966
675
3497
2163
1043
1709
-463
-62
-4818
-4730
-5746
-7561
-7017
-10224
-7844
-8964
-9194
-6676
-8640
-7463
-8112
-8319
-6842
-6781
-7139
-11270
-8484
-7794
-8094
-6164
-10360
-8590
-6204
-2791
-1858
-2955
1595
3903
2856
6437
6474
4227
9156
8728
8435
8298
8896
15587
10600
2371
7055
13307
13056
7800
7535
6852
6483
8612
10546
6823
7257
7052
6797
4044
2576
2359
-1360
-1693
-30
-1307
-1984
-2901
-3362
-4458
-5152
-5862
-7156
-5310
-9215
-2727
-4975
-12052
4126
-570
-982
-1298
-1444
1943
-1514
-431
-85
277
118
-3177
-1634
-1284
-4285
-2303
-773
-793
-1017
-1759
1572
1381
-2232
-9581
-7434
-54
-1003
-1851
1099
1339
2349
4610
4862
4610
4105
5123
3424
3033
3416
2742
3585
777
-97
-1282
-5260
-402
-1614
-37
400
-4526
-3419
-4078
-346
1075
4686
572
-3112
2369
8014
12966
11906
6930
1257
5877
8647
7480
4971
4143
6749
4422
3245
1093
3934
5815
1819
477
-1661
-573
1739
-251
-4643
-4579
-1597
-3538
-8479
-7072
-8727
-9164
-7313
-12766
-6631
-8813
-5433
-7799
-14256
-2468
-8981
-4523
806
-5645
-4538
-2463
-1071
6789
2890
-3336
-364
-56
6365
3982
6691
5546
5838
13050
12497
11908
8729
7333
7171
6695
6838
4696
2129
6087
7182
7226
5030
2715
2414
-160
-451
3867
2508
-1340
-4420
-5553
-4278
-7602
-4162
-6268
-5057
-5768
-2790
259
-2700
-355
-939
-7187
-8297
-11885
-8909
-5212
-4573
-6188
-7315
-2305
-6081
-10173
-2007
-2167
-2987
-3156
-4829
-4664
-5558
2428
2609
-289
4944
12285
12974
13933
15360
13035
11537
11235
12313
7320
9604
10576
11556
13364
11744
12598
9497
8156
6978
4664
2601
5489
-2068
-2689
-1965
-3680
4361
-2139
365
3848
-982
-5685
-6255
-735
1000
-1735
-9097
-8677
-5478
-3823
-1922
-3439
-2266
-4298
-3717
-1421
-5661
-8524
-9307
-12029
-12473
-11111
-9462
-6637
-8344
-5071
-3862
-1076
457
-5141
-774
-3056
-2942
-238
-1890
-1717
-5896
-1105
3219
5445
6640
5554
11678
11345
7969
5885
4860
11350
9540
6009
10517
14585
12348
7474
3615
10132
13319
6410
9635
8315
4338
8017
6759
1272
879
-502
-554
471
-1781
-689
-1356
-1613
-1728
-5472
-5701
-5444
-1850
-1734
-606
-1055
-2342
-6357
-1184
921
1115
-2958
-122
2836
-2544
228
3471
-3784
-3884
-1688
-4618
-1076
867
-5933
-4497
-3229
-3516
-7933
-4074
-119
-2159
-552
-1374
-3814
-484
-782
-1380
-387
-1178
-2604
437
626
453
1114
3936
5104
3560
1875
388
-3547
-4352
-4284
-1594
-4326
-5963
-6912
-6150
-4819
-4491
-3074
869
2109
-163
1583
3933
1862
2140
4627
7624
5093
2655
5540
9375
14733
6978
156
6068
9728
8087
3415
5122
6284
4972
5920
3673
2200
1827
2394
575
2996
3224
-3881
-4445
-1779
-3185
-6291
-8297
-7312
-8056
-5749
-9902
-6656
-6347
-14070
-10017
-8755
-8327
-7616
-8539
-5096
-7311
-7093
-5768
-5819
-5124
-1520
635
1476
2382
1826
483
11045
14279
11253
13633
12697
11992
11149
12314
9254
8441
6205
8042
8871
6566
7221
7040
3114
8750
3832
3149
2193
652
-372
-2634
-2151
-673
-1179
-466
-2554
-3835
-4294
-8444
-5773
-6241
-8050
-5369
-8934
-9205
-7709
-8492
-7899
-8143
-11309
-10563
-7005
-3612
-5313
-8064
-10323
-12203
-6916
-2790
-2270
-2496
2333
-30
3311
8906
7571
9785
9345
11601
13327
11721
10726
12185
13748
12727
13853
14560
12641
13202
13651
12938
11129
10679
6514
4930
2598
2150
1463
-3048
-1374
-3120
1184
1149
-1311
922
243
-5149
-2669
-1712
-7338
1420
2224
-3597
-9003
-11212
-7294
-9463
-8885
-4710
-6244
-6760
-1033
-4398
-7214
-7055
-6061
-10297
-7837
-10672
-15051
-11061
-2876
-1429
-4855
-3212
-1304
-3286
-1718
-1272
-2871
-5223
-1698
-455
-4055
-2216
1042
6049
2067
8925
8534
5148
15328
11108
7290
-743
3134
10412
9503
8044
9080
10839
5283
9079
10526
9315
12457
10775
8713
6436
-538
1235
589
-5304
293
-2213
-4181
745
-4634
-3051
-2977
1263
-1123
-6927
-2670
-4973
-117
-5923
-4658
3215
-3159
-3846
-2267
-1864
-40
-7061
-2403
-4175
-4648
-902
-4243
-2047
725
-1182
-4664
-2059
-2153
773
563
-3284
-1763
-192
-3025
-1020
731
5961
6382
5215
9090
7853
5418
1714
2612
1518
2042
2916
3043
3895
3638
2362
2913
3209
2865
1108
518
-1213
-3951
-1243
-4279
-4853
-6862
-5219
-1565
-1582
3
-20
10705
6949
2172
2147
2075
9898
5647
4560
8392
8656
3352
3032
8569
9720
8412
7848
7703
2928
5440
5652
3125
5353
5233
-53
-1441
-409
-1101
-2943
-4202
-3650
-5813
-4005
-5671
-7795
-6343
-5480
-7558
-10851
-6707
-7640
-7088
-4609
-7043
-4816
-6925
-2886
-2929
-3560
-2806
-303
-516
-2254
9124
1904
4164
5722
3355
8613
2121
5392
10386
10501
10404
8708
4767
7173
6462
5332
6674
6867
4383
5098
7534
4979
5985
5275
5183
250
3547
-200
-4823
-1544
-1461
-2963
-2601
-4140
-5535
-8675
-10902
-7076
-9409
-7524
-5707
-6735
-4942
-5068
-3994
-5380
-12854
-8359
-8550
-8084
-4958
-2306
-123
-4105
-6275
-2706
-588
-3201
-1175
-557
2254
9391
7743
9108
8680
13205
16360
14380
15521
14115
13639
8516
9318
6391
7484
8401
8850
9527
9182
11115
7353
6458
4433
-38
-3316
-1157
-449
-190
982
-917
1348
1489
637
199
-1724
-3214
-3133
-1665
1
-898
-361
-3488
-4537
-4565
-3727
-6340
-9316
-6638
-7264
-4579
-3719
-4996
-3429
-2712
-4115
-5261
-3764
310
-1486
-5561
-3732
-3274
-946
-1116
-949
-1306
-1784
-1059
-731
-2767
-223
4485
3184
4680
7193
4473
1155
2855
5066
6976
2632
1452
6078
6980
9508
14208
15223
12510
9862
6648
3795
2156
3516
4599
-2134
416
3959
1781
4230
3241
1897
347
-320
-1720
-2624
-3565
-2269
-2397
-914
2620
741
58
-820
1493
5609
2912
-2117
882
-4140
-3706
-1201
-5583
3316
1334
-704
-1766
-4811
-2203
-81
-1381
-5331
-6152
-7117
-7217
-4481
1132
-1791
-8210
-3583
1538
-1411
3341
5153
588
2140
2956
1943
2514
4352
5166
4856
4672
5329
2390
409
-693
-295
658
-1286
-445
-1200
-7
-329
-1332
-4787
-3908
2392
-6458
-5154
4057
1647
4974
6386
554
6915
6720
11738
8116
2334
3368
3956
18617
18900
682
-876
10670
4434
2280
2917
2188
4110
3788
3406
-3799
-2380
-545
-943
-2431
-3841
-9078
-5524
-6360
-5573
-3520
-3963
-3017
-2139
-5807
-7630
-4699
-7806
-6220
-3662
-3800
-3364
-5299
1003
-2622
-2486
2855
-1046
7310
4261
6926
6077
3190
4638
8098
13499
13743
6870
1132
4609
9550
12285
8635
8645
6456
8868
11943
11507
8135
2917
3495
3301
1136
-195
-349
111
854
1008
-2242
-407
325
-1470
-4462
-7862
-7314
-8680
-12632
-10620
-13763
-13804
-6277
-7079
-6087
-4564
-5582
-7130
-10159
-12261
-11318
-8192
-2147
-6648
-6668
303
994
-2641
-2207
4292
2369
3915
11001
9949
8825
13506
13864
14726
15596
16045
15609
14784
16465
15517
14398
14176
11656
11491
11305
10795
10971
9956
11559
9026
7927
2855
-581
1691
-2171
-291
2206
-4024
-2085
-1887
-5990
257
-8
-6204
-6427
-7179
-8864
-1116
-1569
-9263
-10361
-11618
-13293
-11726
-8802
-4280
-5750
-6544
-1237
-6496
-3665
-4870
-8573
-5379
-8268
-5632
-6041
-5885
-5118
61
1467
342
580
-1483
-394
3663
3803
387
-829
1719
-1892
-711
1723
4939
6236
7144
6199
8547
11641
12601
11266
7468
9294
3798
10755
12115
10005
5826
2944
5941
5442
6211
2919
4186
3274
5156
3519
4664
1837
-2589
-1676
-1121
159
-520
-182
-2331
-4982
-697
3631
238
-3264
-2643
470
1323
2245
-984
-2819
-3495
-1902
-665
-3829
1126
-1314
-2274
-442
-2853
-4747
-2533
-2969
-5419
-5438
-4702
-1675
251
-685
2099
-250
1626
3960
3780
6683
3969
6148
3259
2803
4825
5742
6248
4260
4933
5506
4491
2704
1756
-150
-1327
-3294
-1775
-2990
-2972
-1306
-3339
-5508
-8253
-3880
-2551
-5945
-5764
-4507
4650
7004
1340
4314
5265
5253
6770
5047
4282
5781
7358
6931
6935
7317
5530
7982
6777
5147
8196
4417
4475
3336
884
67
-915
2594
1726
-493
740
-1568
-2782
-4317
-6399
-3949
-4266
-5929
-6141
-3911
-4584
-5190
-4694
-3774
-5862
-2457
-7996
-4126
-4922
-6859
-507
-2415
-2720
-2011
-197
112
-101
-24
11530
11481
7046
7952
4436
9170
5647
2118
7216
7577
7092
8573
7532
5492
4625
7050
3243
5004
5102
1441
3153
2357
3095
379
-2362
-1289
-841
-2556
-4535
-4508
-4320
-7623
-10176
-10825
-10893
-10925
-10408
-9546
-9359
-11910
-9417
-12729
-15083
-13053
-15688
-10256
-12840
-10188
-6251
-7350
-3761
-1167
1121
-348
3601
3257
4085
9344
6545
9270
11952
10141
11035
9697
12125
13500
10059
13435
11054
10925
14341
11037
11899
10723
7228
7816
1630
1759
2545
912
3722
1022
-277
-2630
65
-75
-735
-1614
-7262
-5369
-2368
-6590
-6242
-4167
-785
1512
-4731
-5963
-13164
-11502
-6689
-7246
-2755
-6939
-6617
-4856
-1693
-5060
-8148
-8261
-7487
-11568
-12499
-3384
-4108
-3784
-6528
-446
-3224
-5527
458
-2429
818
1119
3251
5073
1587
5156
2206
4435
5997
1718
8663
6172
9176
10569
10740
6970
674
2539
-1733
6397
12172
3671
1875
7745
6932
6839
2688
4502
6226
8006
9165
-1802
-413
-1204
-3314
-3654
-4011
-2327
-1751
278
3653
-20
660
3944
2248
4083
-7078
-65
3940
272
3685
-203
4178
-311
-1563
-388
-3175
-4809
-5438
-5769
-7485
-3569
-4985
-2461
1566
-800
-3104
-259
-709
-3184
4213
4076
2035
2526
2269
5005
4339
6239
9671
11936
11792
8468
9739
8108
7564
8607
2419
2052
-3945
-1914
1264
-489
80
-4644
-1768
1208
-2032
-12
4095
2988
335
-5292
-2775
2149
-2388
-4823
-1746
-1790
1080
866
4225
6717
2778
1674
-1903
4411
4438
2047
-240
5680
3637
-1984
748
3078
7181
2583
15
-287
-4273
-3103
-2586
-3234
302
-4804
-2777
-311
-2399
-230
-2105
-825
-923
-2579
-1974
-1570
704
486
-183
2016
-3243
-1755
-1807
1422
3194
3354
11016
2166
6084
2325
1772
10963
923
4787
4857
1505
2634
5424
11453
9709
6396
6141
4435
2707
2362
1574
6580
7731
3052
2690
2482
3236
749
-605
-1211
-4681
-2866
-2643
-2860
-2244
-3894
-1866
-4449
-4215
-3293
-7534
-5955
-8412
-8681
-10727
-13976
-12548
-14626
-16216
-14157
-13479
-5282
-5607
-9798
-6471
-9201
-2922
3973
5376
-1816
-40
9723
7823
10843
9900
8082
14153
16505
14502
13197
12141
13924
11401
10593
13269
10799
12433
16653
13638
8133
8351
7614
4193
5280
4153
-1816
-105
-59
965
-559
-2127
-1310
-1713
-1571
-7699
-5031
-7121
-7554
-4150
-7212
-6708
-6288
-9317
-11423
-11149
-12480
-12461
-12506
-11905
-11534
-8786
-5958
-3316
-2649
238
-4647
-8616
-2893
-4259
-3184
-2659
1354
-469
-465
3877
2790
3478
7321
9993
9966
7794
10069
8196
8681
9155
7900
9758
7786
9133
7088
3235
1794
1695
4647
2918
1266
3183
7152
6865
-3391
-5280
268
1517
2378
-2786
-2030
-485
-3804
-3427
1686
-991
-34
827
657
-4623
-2884
-250
-4073
525
3498
4373
4341
2000
10096
6572
5651
8487
1966
3202
2952
2504
2557
2110
3513
1055
1752
784
-1737
-3332
-2553
-1374
-98
-2396
-8463
2705
421
142
-1148
-5995
-894
838
2052
-716
2264
1547
1161
955
2076
4649
5263
6775
9102
6083
2800
2721
2228
4189
114
-1140
-5089
-5843
-2647
-4842
-2892
-2933
1481
2395
-1211
-1701
-2286
5085
3570
-729
289
-585
210
-15
-1891
-1068
-1052
-3776
2007
1377
-49
-222
-3447
169
-2592
-1020
1
4411
5367
-5206
-1646
-4191
-2002
5261
-3771
-7681
-3683
972
4515
-2425
-2052
3157
3736
5396
-1650
-615
-35
-429
1766
-2868
-981
210
3710
5700
1940
5500
5220
5685
5685
6392
6483
3707
986
6531
4359
3772
4151
646
10778
2492
7277
9356
7081
9105
4837
4416
2736
10193
7822
1109
821
485
208
3311
5575
7743
4340
3543
3457
-651
250
-4065
-6078
-6495
-4549
-5503
-11510
-7491
-7535
-7508
-4505
-6394
-5774
-6557
-12733
-10908
-12666
-17318
-13359
-16580
-14398
-15023
-8476
-5007
-5038
3848
3315
2767
3774
-676
7819
3500
4048
10126
13047
19380
17371
8993
12090
13491
14436
13413
14912
15349
14835
17431
12457
7730
10455
10843
7239
5344
3655
4742
2669
2529
2532
3300
5906
3975
2137
590
-958
-1334
-4966
-4711
-7223
-8982
-8533
-9984
-10039
-12473
-9769
-14109
-12555
-10182
-14577
-13969
-13975
-16554
-11975
-7575
-9432
-7676
-13564
-8328
-4143
-3942
6464
2632
-436
4616
5776
3412
3057
6466
6568
8731
7574
5131
7719
10643
7765
7979
11587
11778
9222
7993
9077
4782
4811
4355
1790
724
1345
-1472
-4741
-606
487
542
2178
4723
1187
-1135
-2810
-2488
310
-176
-3903
-7324
-4059
-1883
-721
-6490
-7053
1620
448
-668
6236
-857
-4309
7402
4886
1211
5245
7425
7241
6943
5237
2829
4532
3491
-835
-2220
-3348
-397
-1452
-2819
-45
-1330
534
-3945
-2814
1325
-5864
-998
-113
-2824
2422
-655
-770
-1092
3959
3304
2687
5365
4481
4483
4211
4708
5184
6129
4074
5378
5721
1219
-2873
-2513
-841
-4934
-4724
-3906
-3172
-622
2658
-2532
2573
7951
5751
3487
-1151
2691
847
-2405
-1405
-1265
545
-2591
-2417
-1201
-913
-3127
-7331
-2007
-860
-914
2190
-2226
-3073
-4377
-3875
-242
-4071
-7199
-7127
-2867
-1946
2085
963
-4234
2757
3455
92
1057
-517
1607
5983
2912
3900
4170
4858
9584
4918
3765
5636
6631
9395
2985
2457
7738
9675
6382
5167
10377
11901
8856
4516
5790
1693
3282
1072
-148
4500
1850
2975
1086
484
1246
2125
363
3144
4028
4487
1997
910
-1306
-1599
-2174
331
1447
-251
1378
-2576
-3142
-3305
-5318
-3039
-4616
-5655
-6510
-7718
-7609
-7635
-7602
-11768
-15070
-13276
-13061
-13739
-12450
-7926
-8634
-9940
-6709
-2810
-1909
-873
679
2034
6000
4143
6193
7733
5407
4628
1669
8985
9412
9051
9364
12082
15559
14813
11109
2197
11043
12971
9150
5862
4447
6195
10599
6835
5499
3154
4789
8037
6026
5436
4828
3091
2823
1708
-3766
-3487
-3250
-2263
-3011
-5465
-5395
-6613
-8032
-7950
-8672
-7340
-11191
-11201
-12888
-15934
-7410
-12005
-5463
-911
-8890
-9675
-4441
-3651
-3245
2877
-5359
-2755
-3752
-8030
-926
5309
8171
4087
6094
9975
12197
9744
5535
4182
4719
5992
4309
4704
6844
8684
8247
5279
5724
6070
5940
7196
4589
249
435
1215
-1232
-3056
-4182
-3846
-3102
-1982
-1116
-2038
-3068
-2852
-3398
-3502
-3878
-2447
-3308
-1903
-1218
-7217
381
1404
614
117
1963
9526
9089
6964
7135
7538
6275
5943
2402
639
-1256
1056
2599
-319
1809
1450
2926
3684
1607
1054
1074
-1129
1726
1903
1065
620
1362
2488
731
1246
-863
1060
1562
1011
4819
-1269
5816
-1022
2728
9762
-4214
-4433
-4750
-1251
4015
-3470
-5933
-6243
-3325
-3965
-4541
3185
5433
916
3442
6265
3730
2379
6633
1719
-1257
706
359
670
2369
3598
4475
4029
5349
5060
913
826
-1029
-3409
-4531
-8055
-5817
-7090
-7592
-3121
-3580
-1404
-4623
-4419
-1879
-2712
-4607
-5394
-5852
-1112
-1919
261
-9502
-12699
1400
-445
10058
5400
-999
1944
3468
5656
5541
4927
7734
9395
4478
5902
985
6448
10426
8263
4030
5370
14444
13017
7703
7788
9841
10831
9487
6853
6022
4629
3761
5463
2640
-1523
1257
-3393
3089
1602
1803
2103
702
4063
-1308
-1958
-4921
-2329
-7570
-6526
-5506
-8663
303
-3659
-1728
-1527
-4150
-3208
-5317
-7951
-8410
-9285
-10348
-13003
-9913
-10260
-11739
-8736
-10078
-10114
-11570
-10748
-7072
-7071
-1151
1747
258
-1691
-2394
6140
4741
3628
8969
6677
7554
10582
11462
12558
10945
11947
15550
17296
12497
12588
2634
-1700
9333
12244
12526
9461
11454
8759
8558
12027
7822
6016
13185
8484
-1684
1962
2721
1832
395
1657
-2265
-2348
-1457
-1264
-5846
-2951
-3026
-9958
-10725
-8466
-8986
-10131
-11407
-11998
-10073
-9357
-7508
-8644
-4084
-8125
-11706
-5078
-2183
-361
-3421
-2439
-192
2782
3729
-472
5772
9468
8186
10295
9866
7090
9324
10179
10542
7868
6853
8640
8506
9607
10213
9879
6443
5546
6068
6056
165
-595
1176
-22
2568
540
-721
-2493
-3050
-4925
-8169
-8622
-7111
-7981
-7318
-7625
-8257
-8813
-8119
-6782
-7572
-4042
-6133
-2585
-467
5045
-1637
-8882
6167
5359
5600
6684
2591
2315
6716
6315
5363
4274
5138
6059
3433
5289
3377
3151
2589
3384
273
2743
3365
2919
4743
4610
206
3988
3222
-419
6192
1424
4479
4784
2494
6830
2514
685
1327
4966
4352
4624
3635
2732
-4936
-5812
-5249
-1419
855
-3809
-1317
-2128
508
-875
176
3319
-1260
-532
5198
4651
2947
2360
5390
6948
3089
3421
-1172
1025
2763
-117
2244
-1651
-678
-1361
-3711
-648
-1917
-4863
-2802
-4379
-4390
-6854
-9433
-6100
-6903
-7075
-6436
-3833
-2666
-39
-4282
-6086
-3379
-6248
3014
8727
-1386
-370
3497
522
5528
4410
2758
4048
2883
4803
-382
177
4351
4683
8042
4758
3767
8456
10583
4931
4541
6674
7625
10176
5666
4104
4670
6198
3102
1918
1999
339
3567
-3688
470
-87
-2257
2632
-774
1089
-2961
-6193
-10449
-5630
-2255
-6662
-6196
-1779
-5322
-6086
-2278
804
1227
-7370
-6257
-7488
-7639
-5459
-9030
-10702
-14535
-9031
-11825
-13776
-11156
-9910
-3763
-2980
2847
4691
-1123
2474
3092
2869
6556
7222
6424
4517
778
3851
3922
5864
8769
6317
8447
7107
14739
11765
5509
-2900
-2423
6247
7516
4653
6745
6262
-6192
866
8005
7066
4942
6766
9178
4108
5643
3293
2209
513
1393
2988
-925
-292
-1622
-4082
-1036
-5043
-7654
-6707
-8730
-6300
-8870
-8041
-8443
-9916
-1868
-8764
-10073
-8749
-4237
-6586
-5017
-5821
-4424
232
-8243
-2669
1441
1013
1569
4787
9104
7760
6167
7032
7879
6516
7678
6673
9560
14994
11385
10462
9437
7748
8785
6678
6714
5190
5269
3035
1112
4586
3738
2423
3037
1500
706
-311
-4397
-4387
-6097
-7286
-7188
-8877
-7684
-9774
-8612
-8373
-4289
-322
-5505
-7784
-4224
3090
7241
1746
-148
546
3158
4195
7458
6704
-1704
3125
9136
4803
1107
2745
2794
1574
1395
3639
3694
3894
6041
3662
7241
5111
2465
5551
4027
4688
5191
-578
1790
2792
3087
5998
1226
4103
4828
2618
2665
-62
372
-7880
-1133
-4793
-3637
633
-9891
-2867
-1108
-2604
-420
6710
4448
1664
145
3803
4498
1801
4177
3832
7540
6128
4835
8286
7264
5735
5437
1900
4274
1554
1060
930
-945
-316
-3097
-29
-1274
-2928
-4682
-8441
-6729
-6311
-6955
-7881
-10725
-9809
-9602
-11125
-6946
-3911
-6982
-6931
-3531
-2183
-4348
-3955
-4141
-6982
-1970
2983
1806
967
6074
4055
-791
3666
8591
9215
9569
4951
8725
12829
11844
16472
13245
14987
7126
7353
13471
11120
12658
10063
11199
9729
7961
7697
6007
4214
6798
4918
3686
3258
-259
2167
-5910
-4568
-7314
-7007
-3527
-10626
-3519
-7678
-8375
-1697
-5713
-8667
-5537
-9025
-10386
-12038
-11566
-10508
-12609
-7027
-9968
-10790
-10851
-10876
-10107
-9276
-9671
-7954
-3366
-1804
-4309
-2670
2812
5182
10017
6418
7757
8790
7703
9359
7868
8975
11700
4108
6564
4098
4234
3978
4515
4820
4088
4673
-214
7452
5765
3525
3467
158
4982
7041
4152
3003
-3380
-497
2920
-1753
5427
-336
-6212
-1717
-519
-1090
-3724
-3983
319
-2689
-5628
-10465
-11570
-6674
-9255
-9630
-9329
-7768
-2625
-1901
-2644
-4917
-5060
2976
-1736
-4561
-2439
-2175
657
-322
-5778
-2850
643
-475
5984
1786
7140
11075
5093
2655
1382
6158
6703
8367
4947
7689
3269
507
3997
11159
11826
3013
7391
10988
8054
6093
2428
-4741
-522
2905
-5271
-1632
-1653
-912
-1841
-6366
-2698
-8595
-9260
-7510
-6728
-7728
-9451
-9316
-7621
-5130
-9121
-14323
-1768
1871
-692
1125
1219
338
-1701
436
-2677
1034
3023
2228
4473
-1810
-4566
2236
-4076
6370
7581
-4147
5803
4329
-1228
153
386
8523
8143
9424
8032
3499
8813
8741
9004
6656
4752
8353
8600
8517
5747
5259
7190
4709
449
-3784
-2322
-4811
-6529
-10060
-7227
-6382
-6232
1964
1142
1642
-900
4204
6464
3456
-810
50
5150
3601
3897
3802
1328
3214
4300
6152
5196
3569
6556
5659
7659
4147
1746
1026
104
-193
-5064
-3637
-2496
-3645
-4088
-6902
-5444
-2865
-5403
-3146
-6427
-9541
-5897
-11866
-7805
-7879
-8950
-10821
-10145
-2451
-6067
-4606
-1597
-4932
333
-1172
-2509
-1577
2748
11873
5311
3857
14025
8933
8089
14788
12775
13679
13669
10265
9016
10834
13424
10925
9827
11477
12100
11899
11774
8910
6221
6783
3649
2296
-556
-3511
-718
-484
3247
3004
-4942
-1515
-3455
-2519
-2547
-10407
-4629
-6879
-5433
-7620
-12433
-10641
-12653
-12726
-14573
-14877
-15541
-14441
-12258
-12291
-6854
-4877
-3607
-7306
746
-520
-1945
4359
6238
6879
5002
7901
9487
9097
10790
6511
9013
9156
12564
12977
10224
11604
5049
5505
9965
3381
6681
6092
1320
-4663
-1766
229
-1105
-2518
-2041
318
1247
2493
374
-1790
-5039
-854
1310
-4920
-3881
-3376
-659
-1844
1247
-3738
-7290
-177
-2763
-491
-3164
-6978
1261
-1366
-2121
5003
610
1297
4855
4513
4010
2321
1446
-3802
-5965
-3359
-322
1282
-104
-3077
-1161
2943
4422
2728
5281
6865
2877
8309
5661
6943
3445
-2030
1225
4149
4028
3729
6072
7493
6836
5605
6519
6683
7597
8714
5825
723
3166
1974
1552
1729
1172
-1187
-2206
-1993
-1823
-806
-1114
-2618
-2332
-440
2181
669
-4805
-2388
148
1716
-709
-242
-1549
-1620
-1298
-5390
-5555
-3375
-1129
-1404
-5668
-339
-3734
-3684
-7022
-8333
-6999
-4194
-1649
-3868
-9615
-839
4380
-183
-1296
-3461
6201
5943
4805
7423
3935
7679
8962
8608
7026
7252
7868
5547
5891
5252
4154
4200
3158
2978
3351
2263
4383
2490
5068
4495
2408
4998
-997
3575
5415
1758
4826
-2410
1859
713
-1668
5171
-2364
2665
7257
6263
3426
554
-968
10798
-1903
-7112
-6295
-5032
-574
-6510
-2736
3424
1401
3039
-481
-190
-4221
-7196
-4956
-7674
-7618
-8978
-8933
-6254
-6871
-4475
-1407
-5918
-8909
-9346
-9283
-8330
-10741
-3917
-8682
-8890
-4594
-6634
72
1607
1718
802
1885
8794
11695
6017
5867
3210
6653
11319
13019
10470
9705
13476
-196
7703
9574
10352
15440
11893
13324
10310
10230
8355
2921
1961
3396
2192
4779
2769
3609
3556
893
992
-2916
-2169
-3783
-4869
-4439
-5980
-4662
-5912
-9830
-10282
-10064
-12608
-12642
-14817
-9601
-15623
-13477
-11613
-16717
-7037
-11848
-5977
-535
-4893
-7180
-1907
8228
6430
3123
4297
5601
5578
6364
9241
10741
13899
13029
14430
15759
16102
10925
10243
9562
8914
8741
5274
3258
3738
5840
3804
1904
1671
3486
2957
-1090
-3934
-4286
-3556
-5857
-6124
-9896
-9346
-5300
-5014
-5570
-5342
-3212
-5181
-6001
-7154
-9230
-4572
-2591
-12469
-7655
-11720
-7985
8986
723
-7554
-4030
4375
5464
3566
3869
7194
7546
4046
-1268
1470
1765
2399
3791
5355
1950
-1752
5985
1980
3762
8316
7456
5406
3638
4824
6090
3214
3518
2420
535
708
1063
725
-1991
2508
1051
5537
3786
-2169
-426
-3071
-3759
419
-917
-5559
-2394
-5098
-7991
-6192
-1898
398
-3402
-1666
2232
930
1669
2135
-2070
-3231
1376
2239
-1318
-1919
324
3059
3404
4460
4170
2734
39
593
-151
-2303
-3458
-10402
-8377
-6585
-5573
-643
-5154
-6319
-3770
-3026
942
4187
-151
240
-2
-455
-853
3084
3392
1072
3961
2128
10335
8130
5223
5935
8392
9853
6285
4977
2149
238
2832
4623
3825
5519
4848
6333
5311
5175
1731
-721
8121
8096
3785
7628
7957
5591
6343
3915
3761
4691
3234
2338
3593
3132
1447
3429
1739
1555
2653
231
-4091
-3774
1238
1946
-963
904
70
-4825
-5048
-6046
-5323
-7109
-8424
-6850
-6791
-4534
-4012
-6067
-5740
-4370
-7019
-7699
-7280
-7655
-6564
-7950
-6222
-4268
-4215
-2573
-284
-3179
-1845
2997
970
-366
65
5956
6711
4426
7175
9295
9345
7863
9914
7922
8044
9604
10752
11964
16289
2015
1564
16210
7903
9220
7118
6366
8705
8957
4261
3545
2351
5792
4098
800
4740
2311
1493
-1831
1098
664
-1310
-1774
-3621
-8594
-3655
-12261
-8255
-11421
-11273
-11781
-13670
-11881
-12052
-14373
-11631
-9843
-8740
-8357
-12130
-11889
-3041
2191
-3051
-3397
4897
3315
7286
5956
6440
13136
12877
10655
9682
9999
12961
13636
13932
9241
8097
9999
5254
6554
6343
5522
3798
2055
4995
4579
3383
2679
-401
-325
-2193
-2493
-2854
-6391
-6516
-8876
-6775
-6626
-8140
-4871
-7927
-7373
-9159
-11932
-9069
-10627
-8134
-3626
-5255
-2804
-3699
-6291
1863
-3648
-4043
377
3903
6839
1246
5505
5219
5635
3728
2362
5185
3569
93
1166
7650
6730
6098
8254
12335
9141
3858
5401
7393
8898
4362
6446
5727
5389
3674
2142
5892
-661
2546
2612
422
2119
738
-585
-2992
-7520
-7097
4079
-724
-5622
-10339
-8726
-5317
-5932
-3675
-1991
-666
-1409
-3230
2403
5432
4260
2995
3565
5428
1354
2167
335
-1896
-233
-1051
-1637
-876
-2892
535
-804
-2599
-6811
-7889
-7373
-4664
-7537
-13567
-9053
-7595
-6442
-3546
-2716
-4076
-2075
611
-640
-4493
-2389
3077
4688
2991
972
3398
8427
5830
5527
6738
5067
8557
5954
3733
146
3954
7535
6862
10491
11502
7370
8217
12242
10863
10272
8069
4798
6515
8246
7293
6878
6530
3799
6132
4070
3320
2927
-532
1971
-5224
-4204
189
-7693
1211
-3631
-8781
-7326
-9404
-9956
-6319
-4116
-10930
-10286
-8087
-9171
-9059
-5084
-2240
-3143
-3320
-1010
-4833
-9332
-6000
-4398
-6236
-6761
-9372
-5752
-2651
-3570
-2314
-906
5963
7262
4104
4100
6224
10951
9741
7945
7840
5566
7236
6925
8364
8139
7599
8000
4922
5811
5529
4092
9715
6298
2780
2576
-2270
8360
8771
165
-4186
832
-757
-1960
3633
-822
6672
6842
3118
179
-8
-527
13
-4439
-4658
-3968
1305
364
-7464
-7029
-6199
-5716
-8435
-11167
-8321
-10078
-10512
-10226
-11407
-2297
-3992
-9305
-7551
-3878
-2148
-1895
-5122
488
-2470
1003
7183
1989
11453
8554
9211
6843
8168
14523
10016
9343
6229
3858
5859
6800
10713
9517
3954
6206
9209
8304
3760
2160
4148
1174
2137
1686
-28
31
-4721
2661
940
-862
298
-5901
-5749
-11165
-10445
-11090
-14643
-13203
-12855
-12832
-11617
-11643
-8621
-5591
-4102
-4484
-5531
3790
4396
-3041
-596
-6422
-4044
3839
6123
-321
-5560
4816
4595
4204
8133
7396
3604
7192
8794
6578
5193
7511
10564
6388
7847
7976
9339
7915
7838
10850
9971
8653
4806
5448
6164
3917
3353
2169
2074
3693
-796
215
-2527
-6034
138
-6984
-3149
-4993
-8981
-4935
-8371
-7183
-6145
1022
3282
1557
-568
386
3508
1636
-1188
1673
5004
2925
3966
5957
7264
2897
-111
2763
1232
-228
-3255
-4792
-1319
-2067
-791
-3754
-2624
-1266
-6677
-7105
-6657
-9011
-8677
-9553
-10577
-5390
-7488
-6565
-3415
-750
-747
-846
-837
-3516
-1118
-2088
485
4695
-568
1420
903
4805
3772
-4272
6988
3279
9155
14527
6971
5157
8276
14548
11486
10097
11210
11416
10818
14386
12338
11681
11190
10717
11285
7087
8594
6127
4374
4284
2152
1047
-1117
-1126
-476
-3382
-7130
-6052
-9962
-7125
-6835
-6112
-4770
-10147
-11178
-10889
-7147
-10558
-11200
-9946
-12633
-13077
-15188
-12879
-2326
-4530
-9507
-8518
-3243
-2786
-7947
-3699
-5270
2288
4496
-614
4073
4194
6577
12749
9217
11194
11720
11426
11011
10443
12779
10512
9708
8864
4740
2000
3520
5498
3840
1671
4973
1874
4680
3775
-481
762
-1595
64
851
1541
5435
-1783
-2444
-2290
-7771
9114
1903
-5777
-3818
-3192
-230
-2842
-4771
-3728
-5374
-1114
-7679
-9638
-6185
-10196
-11956
-14269
-10381
-7346
-5962
-4818
-9389
-1039
4201
-1359
-2017
1058
2140
871
3601
3930
3836
6759
2336
6684
8731
9525
14839
11805
9124
9061
4956
7657
11995
9418
6396
4995
3608
1277
4885
6357
7720
4606
5900
7228
7594
4843
1658
1232
-1410
60
-1665
-2818
-3458
-5184
-4963
-9251
-7326
-8742
-8789
-9840
-10912
-7405
-10504
-8231
-8237
-13700
-8248
-5319
-4332
-509
-1459
-404
-1514
-1555
731
336
1471
-3155
-2106
-1479
-409
4818
10421
4924
-4806
4739
6644
7657
9091
7000
9589
11668
11238
11425
10306
9833
12539
9325
10329
7449
5972
7828
6100
6002
3279
3405
3931
-890
-1725
-2174
-5944
-2264
-5100
-2345
-6903
-10947
-1591
-7639
-2006
-2007
-2973
2034
1198
-930
-2962
3301
2933
-533
2548
2025
-1591
-1581
-4547
630
2504
318
3132
1862
2122
-165
908
1843
-2509
-5099
-8083
-5759
-7150
-6654
-4843
-5998
-965
-2318
-2642
-4656
-4632
-651
-3766
-3012
439
-5340
-5519
-4458
-2260
-179
-3829
-2355
875
-1196
-1409
-2783
-4887
1441
6459
7965
2066
3046
6098
10437
14969
13348
4841
5826
14435
11843
8192
9148
10125
5571
10061
11342
10754
11323
8510
7445
5180
6574
4564
1993
1623
-1595
1120
1139
-1729
237
-1461
-631
-3240
-5520
-3139
-9783
-6633
-8195
-9527
-5202
-12025
-12050
-12290
-12445
-11362
-10731
-12777
-11917
-11872
-10282
-6630
-6267
-1013
3383
5809
2590
5570
7314
6724
8066
3784
7917
9938
10289
10224
7448
10749
10005
10392
10306
7635
8498
7767
7097
9782
5684
1448
3141
614
-3578
-5591
-1398
-4147
-5383
-3805
-4048
-705
-2394
-1973
-5429
-8872
-6415
-6216
-463
-5072
-7825
-8116
-4695
-1744
-4287
-4811
2200
-4517
-8376
-7782
-10681
-4662
-5495
-463
-951
-182
-4443
2096
8007
3889
6302
10185
7216
3155
3693
2581
6108
7667
9770
9167
9245
9306
10428
11820
9470
9716
7385
4039
5567
-442
-92
1556
-2490
-173
281
3331
2598
3852
2053
-1894
-5084
-6419
-1366
2455
3373
2447
1936
1394
-688
-2753
-4693
-3086
-1727
-3164
-6204
-3319
-3140
-3366
2287
812
-588
-5426
-2180
1621
-1797
1768
1570
952
-146
-1771
-362
-1686
-2057
-2622
-4728
-3960
-4763
-4041
-2395
-3551
-2061
-1928
-101
-2679
-3306
-1016
-3345
1447
6579
8471
6606
9459
11966
-194
3501
13752
7240
8826
7966
6440
7674
7223
3411
1557
1845
1187
755
-690
3063
875
2505
-542
893
3471
3320
7458
4434
-3138
4074
5852
-307
2760
1312
-2455
-1252
-6154
822
-1453
-1595
1695
-3201
470
2489
3727
-3468
-1348
-4318
311
4147
-7243
-7677
-11339
-8194
-2456
-5378
-3348
-1130
-3541
120
-3173
-7022
-7082
-8495
-9415
-7509
-2255
-4786
-4715
-1293
-1439
772
2808
1008
-333
-551
-2438
-3322
-3028
-2152
-1543
753
3722
2416
4103
8428
9649
7171
10573
9130
2271
1794
2290
5588
12625
4945
4828
7402
9105
11284
6456
11120
14918
11163
14399
8910
7773
3399
3409
4611
871
998
1423
-864
-677
-2573
-1269
-3179
-4357
-4192
-8527
-9656
-10417
-8674
-9091
-10824
-10559
-11086
-11746
-10402
-12919
-15145
-15350
-12676
-13997
-14333
-8340
-9510
-1261
2327
-2973
4623
11160
4818
6604
8234
7746
11375
10428
10790
9528
10739
13828
13899
15379
16058
13797
13884
11785
11718
9639
8893
3938
-2471
1441
958
-298
1358
1214
252
-879
-586
-2291
-5546
-6704
-8706
-7142
-10034
-12234
-8958
-6063
-5096
-3830
-5419
-10108
-9946
-10297
-7333
-10884
-10686
-10999
-6789
-4514
-1334
1622
-11438
-4157
4951
2024
-1056
-1820
3057
3705
5587
8548
3169
7186
14464
10531
13014
14019
9785
9629
9757
9802
7794
4926
6651
6637
8897
7106
3903
7786
9087
4383
3849
3572
2705
4877
-3629
3268
-617
-317
868
-8766
-4598
-8025
-3229
-1641
-1616
-5311
-5957
-3510
-7651
-8649
-5274
-2368
-2920
-3064
-2174
2498
1066
-3132
-2982
3016
2779
-1939
-1260
242
1204
730
2675
2073
2428
1476
-1633
-3601
-5157
-4814
-5219
-4366
-5720
-4962
-3519
1414
-2260
-5802
-242
1407
1395
4826
1973
5814
7495
1059
885
-2914
7494
12924
10141
2664
-375
4407
7292
7928
7851
4797
2560
8713
3068
2706
3403
91
2759
1531
1358
5178
3555
-1394
1410
10152
5371
6035
6201
4683
830
2419
1025
-1294
-5773
-275
594
-3062
-3744
331
691
104
-2895
-157
-112
-1120
-3656
-10903
-7822
-4009
-3156
-2522
-3162
-4033
-4600
-4433
-6098
-10398
-10585
-7704
-2001
-3158
-5078
122
-2113
-1410
-277
-1929
-3269
-1872
-3646
-3693
-1551
-2120
827
1236
2643
1044
449
-1221
-87
5323
5786
4268
4575
6804
6514
6577
7845
6323
2958
3514
3493
5399
3389
4045
8479
9920
9589
10487
11953
3392
3754
5685
5808
4613
3351
4345
2093
2805
2187
3541
1295
68
537
-621
-1051
-1688
-4516
-6238
-6215
-6975
-6430
-9383
-10011
-11466
-11756
-10895
-11898
-9143
-8896
-6005
-5725
-5921
-363
-4210
205
8330
646
-239
7991
11390
7852
6394
8032
7799
8522
10066
14480
13754
9219
12343
11855
13170
12770
7384
3452
10
1834
1075
1780
-211
-849
2707
3343
1938
751
2323
-1237
-2027
-4642
-5720
-6157
-8011
-7413
-6603
-5559
-4118
-5207
-8035
-8548
-9150
-10747
-9218
-9195
-12285
-10781
-2204
-4847
-3501
-7408
-7008
1494
12801
10522
4372
-6667
1816
7366
2811
7329
5109
10459
6995
6889
7456
5933
11166
10449
8653
8599
10019
11193
9961
7288
4698
6006
6602
4355
2725
4244
3081
3202
3039
2168
118
2545
-2416
1263
2690
-1438
4480
-4060
-7031
-6206
-5955
-110
-1254
-5701
-5781
-4839
-3131
-1993
-838
3036
2055
-3444
-550
7830
7238
2847
2165
3706
3166
2462
2906
2590
2846
3854
2331
1151
399
-644
-688
-1469
-944
-2127
-5320
-6060
-9389
-11426
-6774
-6438
-5983
-6102
-6836
-1355
-1202
2284
3788
-2377
1092
-1818
-5613
2523
4192
857
2586
3607
5478
8457
6828
-1539
4121
7986
1800
-1101
3676
1654
2207
5131
7494
9445
1635
-574
8267
7657
6450
5333
3691
4960
3517
4556
8200
7398
7214
6932
4938
4711
3753
2181
-5482
-2225
-5632
-6552
-2376
-11354
-4919
-6361
-8399
-6917
-6952
-2556
-3640
-6173
-9940
-10337
-10510
-11378
-11285
-7113
-4803
-4489
-4537
-62
-5717
-7447
39
-4080
-3576
-2561
-3506
-3879
-2815
36
2941
2801
5021
7221
4756
2051
3008
8809
8992
6550
4765
6513
4178
5969
7695
8028
7647
7680
10077
7336
12078
8575
4560
3923
4530
10253
6979
2841
3394
7368
10558
-4378
-2257
9565
4130
4717
3301
3217
1995
1735
837
-4398
-4944
-2675
-2586
-2312
-1656
-2458
-5449
-6904
-7369
-10360
-11022
-10728
-9723
-10029
-10188
-9702
-8370
-8226
-4679
-3237
-7237
-5678
748
1800
-704
10660
3429
1942
5561
4438
7050
7673
9915
7742
11825
12712
10463
9615
12144
14909
14567
15367
11795
8502
4391
2695
2735
5696
-1199
-2540
1060
734
2451
2985
2784
-2001
-3560
-3088
-4809
-6476
-8377
-9175
-11055
-11714
-10936
-11097
-10200
-9943
-11484
-10020
-10815
-10386
-6939
-7302
-2210
-1926
-4297
-5150
-4447
2045
2275
6945
6026
4273
-2592
-2194
7545
6678
3859
3975
6967
3924
8123
6926
7939
10799
8272
9762
10375
9685
6225
8666
9112
6963
6874
6567
5348
3995
3424
3571
7429
3514
2473
-197
2273
-2824
-1649
-2525
-7393
-659
-4141
-6861
-7449
-8700
-6604
-1821
-3411
-8127
-6814
-5426
-4329
414
3410
-1788
-5132
1303
6640
3444
4128
3889
2386
3145
1906
538
-166
-80
1051
1626
1481
-1333
-3382
-3614
-3741
-4599
-2419
-3242
-7038
-12765
-11707
-6219
-5806
-4070
-7577
-5547
-2562
-3152
-473
158
-422
-76
250
3338
4056
4632
3463
1139
3854
7416
7252
-4340
-3226
4402
4027
4050
4973
4631
6420
7041
4102
5339
-2443
2260
9547
6652
4779
7440
4113
10083
8846
7967
8269
8624
8227
6264
4690
3402
857
88
-548
-1131
-2485
-4234
984
-1937
-3190
-4179
-5759
-2978
-2568
-7348
-8043
-3151
-7997
-7933
-7217
-6733
-10275
-10248
-10383
-2248
-4700
-7383
-5031
-7951
-2675
-4717
-6973
-6437
-5642
-5790
-5971
-2639
-1303
443
4986
7046
4921
3746
3825
7862
6972
7031
6776
6710
7300
5617
5298
3934
5323
7044
8808
7136
6736
6869
8539
5449
3907
3229
12224
6656
-397
200
-776
15302
8063
3901
4229
2364
3803
2010
3527
5272
2483
4034
4431
-641
445
-5798
-6082
-7294
-6165
-7930
-11644
-10150
-10228
-9193
-7914
-6894
-8546
-10155
-9950
-5393
-3575
-7111
-12187
-3492
-5062
-3486
2032
196
2820
5883
3633
7636
7942
4084
10765
9177
5358
7697
9321
9608
8353
7463
11122
12266
6099
5649
3855
4509
5554
4427
2101
1002
-463
-443
347
674
-374
-1472
3839
1220
405
-3193
-5902
-5364
-5332
-8570
-9446
-9859
-15409
-15149
-15479
-12252
-6289
-8843
-2505
1638
-238
-5039
-2971
314
-1621
-2523
-477
-2161
311
1716
3309
79
-877
4790
4367
6496
7352
390
3554
6799
5869
7576
9567
6129
5277
10335
10954
8144
6768
6800
6025
4452
2503
3783
5863
6381
5074
4317
4835
3414
3285
2635
-1905
654
-855
-4115
-2389
-8058
-6371
-4708
-6909
-5610
1065
1840
1610
4256
-3125
-643
4443
6681
6137
2327
6580
5307
5929
5605
1606
5554
3006
2906
2383
-2035
350
-1154
-461
-627
-2631
-2132
-4465
-8240
-9934
-8833
-8402
-10152
-11468
-9708
-7894
-5543
-8408
-9859
-4718
-4649
-3279
-651
1451
-2007
-5927
269
3107
1617
819
2706
5554
6614
7963
7725
1990
614
3450
7853
8189
4825
6889
7305
10225
15771
14287
13969
12844
12959
10823
9072
8845
9174
7092
6577
6794
4435
5240
2735
2102
3086
-1750
-591
-2879
-4703
-9703
-7036
-5114
-9124
-5583
-10206
-8368
-7458
-8241
-8338
-6662
-4527
-6111
-5692
-6137
-7818
-8184
-6530
-5669
-7188
-5071
-4094
-7562
-6043
-9165
-4471
-1207
-2244
2106
4050
6314
5674
3005
6243
9221
8526
10281
10149
10585
9087
8805
7747
5958
6850
6229
6494
4870
4642
6631
4492
5099
4410
2445
2176
406
1291
-1020
-1966
-1709
-1300
395
2259
2158
-158
3865
-1875
-3902
3608
700
1657
680
-2616
-3475
-4315
-5497
-6157
-4984
-5043
-7261
-8135
-7434
-6707
-7160
-4575
-3657
-2083
-478
74
-3866
-5391
-2018
472
-2118
-2361
-386
-6173
-5901
1552
-4261
4651
294
3868
8037
4395
10827
10655
5336
1982
4437
8742
9079
226
740
66
5736
5139
7725
9072
5628
6719
6874
5571
-57
-2552
-2301
219
353
-4593
-2665
-2652
-3057
-3088
-3581
-2344
-5222
-6091
-7524
-9700
-9808
-10578
-10006
-9188
-7780
-3993
-7590
-7524
-51
-565
-563
-378
1097
-774
-1268
-1959
-2118
1408
3562
8445
3151
926
-592
-2342
6879
2615
4014
7896
4920
1751
4427
-763
2655
7542
7290
8219
6351
8664
8259
9536
8261
6162
7416
6779
6654
4669
4111
2356
1747
1052
435
-648
-3134
-3600
-4733
-1418
-9402
-6050
-1817
-7505
2297
1939
-1766
-1471
-403
2958
5901
2408
-1924
-1183
2680
5111
2619
2858
3685
5622
7015
6638
4332
4177
3831
5520
-610
-5174
-5742
-1135
62
-4488
-9080
-5045
-3471
-3925
-5169
-3423
-2547
-5769
-7908
-6225
-8535
-6440
-7500
-8920
-4104
-3521
47
1089
2134
3291
-123
-1597
-6232
-1893
1971
-2674
3248
8180
3267
1455
8968
6961
6353
13821
14007
11118
9842
12778
12032
11249
11286
12633
13237
15822
14965
9355
9489
8656
7204
5554
2563
5462
4692
4532
5327
1815
-3281
-9579
-5067
533
-3282
-3078
-5745
-5170
-2120
-7819
-1378
-5352
-6492
-3942
-11504
-10635
-7739
-6722
-9520
-7885
-8115
-8980
-11345
-11181
-9330
-7918
-4838
-3907
-3928
89
2433
1897
325
-2179
6871
8104
4196
5191
7018
9602
10229
9417
8218
8242
8700
7961
7018
6478
4402
4259
4636
5627
4121
4455
5643
5441
5354
3346
3301
3083
2877
1275
252
-748
7244
890
-715
2499
-5158
1599
4984
1690
-1218
-1146
-1754
-889
-3268
-4929
-3175
-3050
-2811
-8047
-10637
-4367
-5540
-7765
-2563
-3411
-10779
-6580
642
-2328
-346
-2824
-161
-1841
-2237
1186
-3343
-6687
340
4006
2893
7126
4037
3851
3836
4969
5734
5507
6142
5036
5546
4282
6715
8467
6070
4169
4356
3568
3893
2911
1887
369
-1312
2479
4949
5239
2949
-149
-1519
-4000
-4434
-7609
-9379
-7469
-8862
-9000
-9632
-6724
-6929
-6071
-6112
-8209
-8373
-7249
1780
-5225
-4642
-3134
-1840
-1621
-1134
-407
-2980
-4596
-3730
-148
3401
3940
712
1712
3298
7058
90
-3999
3021
5379
2035
1279
359
-268
5663
4624
6878
6684
7110
8372
8914
8957
6208
9038
8181
8306
8418
2440
-765
3050
304
2203
-120
-515
-690
-7861
-480
-1862
-1866
2484
1808
469
-1314
5245
6915
1188
2024
8803
6390
297
-1634
1179
561
727
4019
4030
4560
3007
4922
2082
-2188
2276
793
-491
-1936
-2173
-1507
-2011
-6475
-4460
-6876
-6930
-7768
-4709
-8857
-9510
-10352
-10435
-9288
-8759
-9000
-8594
-5876
-9408
-7392
-6976
-9122
-6172
-6807
-6674
-5017
-4692
-4107
-404
4250
2358
6160
12882
6255
8903
18579
12230
8408
14644
11976
10081
12934
13160
11116
13426
12605
7202
8603
9603
7910
7298
6662
6638
6798
5384
4818
4243
3071
-2700
-2652
-1621
-4680
-3893
-5043
-4122
-5329
-3737
-7519
-5379
-7346
-10765
-6255
-7287
-7268
-8262
-9568
-13076
-7301
-4503
-10312
-13851
-14286
-13140
-10407
-7763
-5626
-4913
-2910
3138
-3996
-472
7550
3253
5061
7956
7323
6255
6012
8752
9451
9663
11401
9442
10852
10299
6391
7330
6771
5841
2499
1666
2429
2843
4389
-2511
-3666
-2231
-1419
-319
1261
3500
4123
843
-843
-4007
-6980
-3032
-1069
-865
2860
1184
-9681
-3772
4653
-2787
-684
954
-1298
-4258
-5915
-5906
-1733
-2161
-1589
-121
3822
-1161
-1204
2520
-860
456
-1424
-2735
-3698
-2413
-1641
1466
-897
1093
2409
-2784
-2281
2436
-3082
770
3744
-999
9717
3724
3055
3081
-1032
4534
8575
5336
3351
4230
3968
3859
-37
6938
7105
5027
8046
6685
3070
-287
-2781
-1132
826
-1901
-7123
-6703
-4489
-1910
-8324
-4983
-3009
-3347
-5147
-2995
-608
-1972
-6530
2068
-3129
-5217
-4543
-3206
-1873
-5860
-2019
-832
1411
1534
3867
3936
4605
4419
-782
-574
-1674
2849
11327
-229
-10843
3481
159
-4366
125
112
254
-484
5338
-490
-354
4435
1566
3011
3276
4307
4816
5410
4535
1986
1746
3437
49
-2186
-1969
828
3136
866
266
-2342
95
-3483
-3940
2860
1095
-978
2954
7714
7116
9678
4104
4032
5716
8184
4416
3512
3049
-1923
-352
7428
7147
2747
2353
1760
4576
3682
-392
-2243
-2243
-515
-5467
-7628
-4588
-5437
-3698
-4345
-5996
-6497
-7578
-8015
-6797
-8589
-10741
-12265
-13531
-11630
-10370
-7158
-8291
-9594
-7104
-7212
-4988
-4557
-3628
-3314
-1068
669
4905
6732
7898
7778
6835
15729
8410
10023
14497
13976
13854
12320
18141
19036
18548
18452
16877
12636
10222
12191
12308
9818
8842
5942
8934
9507
6713
3558
3735
3085
-3118
-1883
-2257
-2521
-3605
-4526
-3207
-2518
-6235
-4993
-5241
-11687
-2619
-8283
-11009
-10968
-13766
-10965
-7692
-11405
-14256
-11682
-12315
-10851
-9581
-5484
-5300
-10035
-10550
-2100
-3470
-2991
-5518
-577
913
-1820
4156
4714
7106
7697
7105
7832
11334
11507
11648
10340
10383
6697
6315
5119
4076
3853
2353
6846
7717
5654
-481
-273
-521
703
-44
-1339
281
285
-738
818
3768
5560
3574
2827
-8495
-6200
6559
2802
-3768
-5778
-1396
-1728
-1347
-3323
-3047
-2033
-4877
-1794
-6521
-9118
-2684
-925
-4601
-6176
2353
3949
2211
1286
1548
1328
-822
-2066
-5559
-5748
-4602
-279
-2938
-1497
-6345
-4509
1159
689
6677
1972
3800
5629
6387
8079
6989
8063
1169
6655
2507
1515
4366
8785
9542
5902
9555
9241
10286
6321
371
-1904
-1313
-1904
-3843
-2916
-2640
-2687
-1805
-3739
-4262
-4662
-6437
-6007
-4134
-4254
-3179
-4999
-7098
-562
-991
-1237
1609
1511
1364
-163
3049
1940
3422
3556
-189
3061
5378
8410
4
-563
-116
-2304
12320
9127
-1583
2929
3213
-3120
1126
700
5160
6237
2442
5366
4008
5402
5843
4284
3236
3786
4034
4003
5402
3913
3343
3299
2175
3195
-2363
142
-1918
-18
-1625
-6863
933
-2255
6468
2675
1469
6594
4603
1025
3003
11376
7413
3302
2095
1714
6120
7161
7097
6352
5865
7330
6729
8154
5939
3364
1780
2644
3378
404
-328
-1481
-2823
-4448
291
-2714
-5856
-6087
-5975
-6420
-7218
-7776
-11056
-11318
-12059
-11207
-14189
-14919
-12336
-11049
-8771
-6960
-10838
-6823
-4022
-10333
-4982
-4652
1230
5762
4146
808
3314
13041
7643
9949
15954
13245
15427
15942
13083
12234
15038
15048
10677
13474
15410
12900
13370
9218
4404
6306
7125
6514
2284
1498
1077
-1
1247
-3348
-1681
-4068
-2383
-2623
-6204
-3160
-3882
-2022
-4044
-5349
-5908
-5193
-5731
-7280
-6750
-6366
-6704
-7293
-8624
-11135
-9977
-9916
-6442
-5678
-5649
-4210
-6707
-7760
-7086
-1600
731
-888
2477
5503
2693
2393
5293
3421
5452
8317
8582
8882
6690
7556
8279
7436
6143
4872
2454
3013
982
93
2807
726
1241
1880
4992
5302
3266
1873
-1189
-715
-72
1318
-185
-2832
1976
5226
2560
-4229
-1346
2787
-1347
-222
-860
-3314
-4955
-2203
-2170
-1473
2680
6782
6065
2492
3803
7006
8349
4394
3585
2205
2348
1947
1966
3445
2071
2187
53
1475
-3133
-3107
-5067
-4734
-2600
-6083
-7765
-8242
-3439
-6216
-2747
-5150
-4644
543
-3350
-1696
2318
6625
5889
3760
1701
824
3078
3366
4395
3791
2757
2152
794
1520
-252
1232
425
-480
128
-3549
-2836
-2290
1271
3225
-15
-3439
-3623
1649
2217
2733
2531
-249
-1271
954
2159
1185
1116
3212
3640
1886
2249
4058
759
-1517
-2178
-1326
-109
5089
869
3411
-1578
-4545
4366
657
2915
359
-1318
-2549
-996
-3489
-5212
-4375
-1024
-449
-2719
-1628
-3249
2750
440
519
2456
1760
2085
2503
-478
-818
1193
93
1567
2842
6442
1397
5828
2895
8647
10210
5922
11209
2903
7587
13478
11510
6718
7465
7676
11143
10805
5489
1766
-1200
1607
2637
4794
5019
4868
6875
9761
4346
-1180
-4100
-2424
-3369
-4608
-3720
-3752
-2671
-253
-831
-3168
-2791
-6233
-8682
-9269
-9556
-12062
-13199
-13488
-12196
-11178
-10118
-10266
-12304
-11059
-10699
-7868
-4134
-526
-2577
-327
-685
6397
5896
5943
20995
14048
7301
9845
13798
13442
14284
15205
17429
19734
21163
18480
11251
13110
12956
12825
11062
11093
10140
10367
10285
5996
4539
5477
5211
4922
2797
-810
-97
-2387
-842
-2992
-6155
-7567
-4475
-6756
-8433
-5316
-10422
-5408
-9154
-10762
-8673
-5891
-6411
-8022
-6642
-8794
-4249
-6029
-4608
-7824
-8224
-5060
-3603
3387
2757
2492
4050
5291
3647
1082
706
-857
-189
3703
4314
2421
-1520
-520
3012
6329
7258
4579
5767
4097
3491
2058
-1372
-1599
-475
1556
1712
1893
5361
5680
5265
6448
9375
6698
2279
-69
-912
-945
4971
2080
-6283
-5104
-3613
-3133
955
421
-3502
-3634
-1760
-2782
5314
5889
2090
1893
6300
4745
6274
6243
4619
3044
2990
2775
1637
4285
4668
3815
733
741
2302
1719
-21
116
-2333
88
-5834
-8272
-2563
-4062
-3782
-9604
-8220
-8172
-6742
-1334
-2697
-6091
-3717
-1909
-3416
1202
1
4973
5110
3942
4473
3141
1703
-235
-2722
-2428
-1034
-1444
-548
-229
2202
640
1848
2998
3348
3463
-977
-1465
607
3708
2543
743
2404
1341
2623
2726
4122
3650
3648
4294
6236
7231
6314
7607
7996
9327
3542
3252
1732
8987
7828
-9696
-4950
1976
1598
193
174
-1197
-1465
4960
4334
-148
-1171
7054
10714
8267
6802
10053
9119
9453
9967
11860
10680
7288
7251
3229
2413
1184
-3595
-4376
-4065
-1536
-3068
-4272
-3143
-7508
-6907
-9537
-11285
-9680
-14250
-12353
-8563
-10426
-9339
-11187
-9098
-7102
-8609
-5346
-3902
-4516
-358
-1058
417
728
-845
1348
145
6727
8261
1794
5101
3916
12984
11305
8611
8768
10404
9081
9632
9007
4530
3972
3525
1863
2322
6764
3366
2619
2694
3271
-113
22
-1814
-1146
-5345
-859
965
-4244
-3181
-4850
-846
-2036
-5451
-6009
-3451
-2228
-3169
-947
463
958
-3328
-11042
-3769
-4091
-8796
-4748
-7691
-9355
-7045
-4797
-3694
-2298
-1384
-3026
2316
6429
-2350
1661
8831
11447
9879
9167
9944
10539
12173
13879
14414
13021
12038
11092
10238
6896
9871
4786
9147
6399
4866
13010
9625
6713
5196
-1128
-774
12331
4066
-3159
-2196
-3131
868
108
-405
-392
-3037
980
1841
-993
-1799
-7139
-8691
-8532
-10134
-11638
-12463
-11113
-11248
-10453
-9790
-8651
-5601
-4739
-3002
-5265
-10825
-8679
-3463
-4551
-8895
-5159
-3635
-4263
-3220
2582
3488
-70
1300
2898
3646
5116
12942
12470
6376
7674
5265
12116
23024
11926
1418
11068
15795
12583
10714
12309
10382
11568
8375
6907
2799
2451
4444
6421
3379
2401
-1592
1764
-158
-1863
-3961
-4530
-513
-3304
-6626
-6442
-5872
-4764
-6359
-7680
-7255
-5201
-1909
-10173
-5074
-1345
-2324
2487
-3202
-1049
1242
2632
569
2079
1683
1594
4369
387
-1510
-2094
-1046
-1317
-191
-24
1858
2823
3980
3552
-239
2570
-442
-2099
1905
2426
1575
3414
3610
4882
5383
6126
7502
4189
3595
1816
245
410
-1179
-8067
-5753
562
1339
-1538
574
2817
1732
3011
-2362
167
-1692
-2203
6309
4592
2635
6730
3628
4360
9392
3780
9046
6367
8950
8369
4264
8941
8891
7590
5439
9596
7873
4469
4664
5345
3787
-306
-750
-370
730
911
-2500
-4964
-3071
-7644
-7194
-9184
-8011
-5397
-5569
-2955
-7321
-3974
-8844
-5983
-7020
-5683
-488
-4639
1702
1666
-513
-3710
584
5985
2908
296
3270
7061
5100
1858
3396
15224
16657
7352
10861
11865
8915
6522
3679
2538
6323
7333
6482
5577
4921
6050
5758
5752
4279
3526
2339
2940
-2556
-6312
-3885
-1535
-1439
-3786
746
-2687
-764
2575
2869
585
-3347
-3745
-3413
1749
-559
-3898
-8655
-11538
-6202
-2084
-6392
-6012
-4570
-4321
-2426
-4797
-3266
-4051
-735
5518
1766
996
5855
9493
11608
10638
11522
10582
9575
11163
8241
7676
10766
12079
11462
10587
10904
5132
6575
9157
4433
6165
3863
1284
4843
650
-1094
5398
3673
2921
2579
2202
3716
2966
675
3497
2163
1043
1709
-463
-62
-4818
-4730
-5746
-7561
-7017
-10224
-7844
-8964
-9194
-6676
-8640
-7463
-8112
-8319
-6842
-6781
-7139
-11270
-8484
-7794
-8094
-6164
-10360
-8590
-6204
-2791
-1858
-2955
1595
3903
2856
6437
6474
4227
9156
8728
8435
8298
8896
15587
10600
2371
7055
13307
13056
7800
7535
6852
6483
8612
10546
6823
7257
7052
6797
4044
2576
2359
-1360
-1693
-30
-1307
-1984
-2901
-3362
-4458
-5152
-5862
-7156
-5310
-9215
-2727
-4975
-12052
4126
-570
-982
-1298
-1444
1943
-1514
-431
-85
277
118
-3177
-1634
-1284
-4285
-2303
-773
-793
-1017
-1759
1572
1381
-2232
-9581
-7434
-54
-1003
-1851
1099
1339
2349
4610
4862
4610
4105
5123
3424
3033
3416
2742
3585
777
-97
-1282
-5260
-402
-1614
-37
400
-4526
-3419
-4078
-346
1075
4686
572
-3112
2369
8014
12966
11906
6930
1257
5877
8647
7480
4971
4143
6749
4422
3245
1093
3934
5815
1819
477
-1661
-573
1739
-251
-4643
-4579
-1597
-3538
-8479
-7072
-8727
-9164
-7313
-12766
-6631
-8813
-5433
-7799
-14256
-2468
-8981
-4523
806
-5645
-4538
-2463
-1071
6789
2890
-3336
-364
-56
6365
3982
6691
5546
5838
13050
12497
11908
8729
7333
7171
6695
6838
4696
2129
6087
7182
7226
5030
2715
2414
-160
-451
3867
2508
-1340
-4420
-5553
-4278
-7602
-4162
-6268
-5057
-5768
-2790
259
-2700
-355
-939
-7187
-8297
-11885
-8909
-5212
-4573
-6188
-7315
-2305
-6081
-10173
-2007
-2167
-2987
-3156
-4829
-4664
-5558
2428
2609
-289
4944
12285
12974
13933
15360
13035
11537
11235
12313
7320
9604
10576
11556
13364
11744
12598
9497
8156
6978
4664
2601
5489
-2068
-2689
-1965
-3680
4361
-2139
365
3848
-982
-5685
-6255
-735
1000
-1735
-9097
-8677
-5478
-3823
-1922
-3439
-2266
-4298
-3717
-1421
-5661
-8524
-9307
-12029
-12473
-11111
-9462
-6637
-8344
-5071
-3862
-1076
457
-5141
-774
-3056
-2942
-238
-1890
-1717
-5896
-1105
3219
5445
6640
5554
11678
11345
7969
5885
4860
11350
9540
6009
10517
14585
12348
7474
3615
10132
13319
6410
9635
8315
4338
8017
6759
1272
879
-502
-554
471
-1781
-689
-1356
-1613
-1728
-5472
-5701
-5444
-1850
-1734
-606
-1055
-2342
-6357
-1184
921
1115
-2958
-122
2836
-2544
228
3471
-3784
-3884
-1688
-4618
-1076
867
-5933
-4497
-3229
-3516
-7933
-4074
-119
-2159
-552
-1374
-3814
-484
-782
-1380
-387
-1178
-2604
437
626
453
1114
3936
5104
3560
1875
388
-3547
-4352
-4284
-1594
-4326
-5963
-6912
-6150
-4819
-4491
-3074
869
2109
-163
1583
3933
1862
2140
4627
7624
5093
2655
5540
9375
14733
6978
156
6068
9728
8087
3415
5122
6284
4972
5920
3673
2200
1827
2394
575
2996
3224
-3881
-4445
-1779
-3185
-6291
-8297
-7312
-8056
-5749
-9902
-6656
-6347
-14070
-10017
-8755
-8327
-7616
-8539
-5096
-7311
-7093
-5768
-5819
-5124
-1520
635
1476
2382
1826
483
11045
14279
11253
13633
12697
11992
11149
12314
9254
8441
6205
8042
8871
6566
7221
7040
3114
8750
3832
3149
2193
652
-372
-2634
-2151
-673
-1179
-466
-2554
-3835
-4294
-8444
-5773
-6241
-8050
-5369
-8934
-9205
-7709
-8492
-7899
-8143
-11309
-10563
-7005
-3612
-5313
-8064
-10323
-12203
-6916
-2790
-2270
-2496
2333
-30
3311
8906
7571
9785
9345
11601
13327
11721
10726
12185
13748
12727
13853
14560
12641
13202
13651
12938
11129
10679
6514
4930
2598
2150
1463
-3048
-1374
-3120
1184
1149
-1311
922
243
-5149
-2669
-1712
-7338
1420
2224
-3597
-9003
-11212
-7294
-9463
-8885
-4710
-6244
-6760
-1033
-4398
-7214
-7055
-6061
-10297
-7837
-10672
-15051
-11061
-2876
-1429
-4855
-3212
-1304
-3286
-1718
-1272
-2871
-5223
-1698
-455
-4055
-2216
1042
6049
2067
8925
8534
5148
15328
11108
7290
-743
3134
10412
9503
8044
9080
10839
5283
9079
10526
9315
12457
10775
8713
6436
-538
1235
589
-5304
293
-2213
-4181
745
-4634
-3051
-2977
1263
-1123
-6927
-2670
-4973
-117
-5923
-4658
3215
-3159
-3846
-2267
-1864
-40
-7061
-2403
-4175
-4648
-902
-4243
-2047
725
-1182
-4664
-2059
-2153
773
563
-3284
-1763
-192
-3025
-1020
731
5961
6382
5215
9090
7853
5418
1714
2612
1518
2042
2916
3043
3895
3638
2362
2913
3209
2865
1108
518
-1213
-3951
-1243
-4279
-4853
-6862
-5219
-1565
-1582
3
-20
10705
6949
2172
2147
2075
9898
5647
4560
8392
8656
3352
3032
8569
9720
8412
7848
7703
2928
5440
5652
3125
5353
5233
-53
-1441
-409
-1101
-2943
-4202
-3650
-5813
-4005
-5671
-7795
-6343
-5480
-7558
-10851
-6707
-7640
-7088
-4609
-7043
-4816
-6925
-2886
-2929
-3560
-2806
-303
-516
-2254
9124
1904
4164
5722
3355
8613
2121
5392
10386
10501
10404
8708
4767
7173
6462
5332
6674
6867
4383
5098
7534
4979
5985
5275
5183
250
3547
-200
-4823
-1544
-1461
-2963
-2601
-4140
-5535
-8675
-10902
-7076
-9409
-7524
-5707
-6735
-4942
-5068
-3994
-5380
-12854
-8359
-8550
-8084
-4958
-2306
-123
-4105
-6275
-2706
-588
-3201
-1175
-557
2254
9391
7743
9108
8680
13205
16360
14380
15521
14115
13639
8516
9318
6391
7484
8401
8850
9527
9182
11115
7353
6458
4433
-38
-3316
-1157
-449
-190
982
-917
1348
1489
637
199
-1724
-3214
-3133
-1665
1
-898
-361
-3488
-4537
-4565
-3727
-6340
-9316
-6638
-7264
-4579
-3719
-4996
-3429
-2712
-4115
-5261
-3764
310
-1486
-5561
-3732
-3274
-946
-1116
-949
-1306
-1784
-1059
-731
-2767
-223
4485
3184
4680
7193
4473
1155
2855
5066
6976
2632
1452
6078
6980
9508
14208
15223
12510
9862
6648
3795
2156
3516
4599
-2134
416
3959
1781
4230
3241
1897
347
-320
-1720
-2624
-3565
-2269
-2397
-914
2620
741
58
-820
1493
5609
2912
-2117
882
-4140
-3706
-1201
-5583
3316
1334
-704
-1766
-4811
-2203
-81
-1381
-5331
-6152
-7117
-7217
-4481
1132
-1791
-8210
-3583
1538
-1411
3341
5153
588
2140
2956
1943
2514
4352
5166
4856
4672
5329
2390
409
-693
-295
658
-1286
-445
-1200
-7
-329
-1332
-4787
-3908
2392
-6458
-5154
4057
1647
4974
6386
554
6915
6720
11738
8116
2334
3368
3956
18617
18900
682
-876
10670
4434
2280
2917
2188
4110
3788
3406
-3799
-2380
-545
-943
-2431
-3841
-9078
-5524
-6360
-5573
-3520
-3963
-3017
-2139
-5807
-7630
-4699
-7806
-6220
-3662
-3800
-3364
-5299
1003
-2622
-2486
2855
-1046
7310
4261
6926
6077
3190
4638
8098
13499
13743
6870
1132
4609
9550
12285
8635
8645
6456
8868
11943
11507
8135
2917
3495
3301
1136
-195
-349
111
854
1008
-2242
-407
325
-1470
-4462
-7862
-7314
-8680
-12632
-10620
-13763
-13804
-6277
-7079
-6087
-4564
-5582
-7130
-10159
-12261
-11318
-8192
-2147
-6648
-6668
303
994
-2641
-2207
4292
2369
3915
11001
9949
8825
13506
13864
14726
15596
16045
15609
14784
16465
15517
14398
14176
11656
11491
11305
10795
10971
9956
11559
9026
7927
2855
-581
1691
-2171
-291
2206
-4024
-2085
-1887
-5990
257
-8
-6204
-6427
-7179
-8864
-1116
-1569
-9263
-10361
-11618
-13293
-11726
-8802
-4280
-5750
-6544
-1237
-6496
-3665
-4870
-8573
-5379
-8268
-5632
-6041
-5885
-5118
61
1467
342
580
-1483
-394
3663
3803
387
-829
1719
-1892
-711
1723
4939
6236
7144
6199
8547
11641
12601
11266
7468
9294
3798
10755
12115
10005
5826
2944
5941
5442
6211
2919
4186
3274
5156
3519
4664
1837
-2589
-1676
-1121
159
-520
-182
-2331
-4982
-697
3631
238
-3264
-2643
470
1323
2245
-984
-2819
-3495
-1902
-665
-3829
1126
-1314
-2274
-442
-2853
-4747
-2533
-2969
-5419
-5438
-4702
-1675
251
-685
2099
-250
1626
3960
3780
6683
3969
6148
3259
2803
4825
5742
6248
4260
4933
5506
4491
2704
1756
-150
-1327
-3294
-1775
-2990
-2972
-1306
-3339
-5508
-8253
-3880
-2551
-5945
-5764
-4507
4650
7004
1340
4314
5265
5253
6770
5047
4282
5781
7358
6931
6935
7317
5530
7982
6777
5147
8196
4417
4475
3336
884
67
-915
2594
1726
-493
740
-1568
-2782
-4317
-6399
-3949
-4266
-5929
-6141
-3911
-4584
-5190
-4694
-3774
-5862
-2457
-7996
-4126
-4922
-6859
-507
-2415
-2720
-2011
-197
112
-101
-24
11530
11481
7046
7952
4436
9170
5647
2118
7216
7577
7092
8573
7532
5492
4625
7050
3243
5004
5102
1441
3153
2357
3095
379
-2362
-1289
-841
-2556
-4535
-4508
-4320
-7623
-10176
-10825
-10893
-10925
-10408
-9546
-9359
-11910
-9417
-12729
-15083
-13053
-15688
-10256
-12840
-10188
-6251
-7350
-3761
-1167
1121
-348
3601
3257
4085
9344
6545
9270
11952
10141
11035
9697
12125
13500
10059
13435
11054
10925
14341
11037
11899
10723
7228
7816
1630
1759
2545
912
3722
1022
-277
-2630
65
-75
-735
-1614
-7262
-5369
-2368
-6590
-6242
-4167
-785
1512
-4731
-5963
-13164
-11502
-6689
-7246
-2755
-6939
-6617
-4856
-1693
-5060
-8148
-8261
-7487
-11568
-12499
-3384
-4108
-3784
-6528
-446
-3224
-5527
458
-2429
818
1119
3251
5073
1587
5156
2206
4435
5997
1718
8663
6172
9176
10569
10740
6970
674
2539
-1733
6397
12172
3671
1875
7745
6932
6839
2688
4502
6226
8006
9165
-1802
-413
-1204
-3314
-3654
-4011
-2327
-1751
278
3653
-20
660
3944
2248
4083
-7078
-65
3940
272
3685
-203
4178
-311
-1563
-388
-3175
-4809
-5438
-5769
-7485
-3569
-4985
-2461
1566
-800
-3104
-259
-709
-3184
4213
4076
2035
2526
2269
5005
4339
6239
9671
11936
11792
8468
9739
8108
7564
8607
2419
2052
-3945
-1914
1264
-489
80
-4644
-1768
1208
-2032
-12
4095
2988
335
-5292
-2775
2149
-2388
-4823
-1746
-1790
1080
866
4225
6717
2778
1674
-1903
4411
4438
2047
-240
5680
3637
-1984
748
3078
7181
2583
15
-287
-4273
-3103
-2586
-3234
302
-4804
-2777
-311
-2399
-230
-2105
-825
-923
-2579
-1974
-1570
704
486
-183
2016
-3243
-1755
-1807
1422
3194
3354
11016
2166
6084
2325
1772
10963
923
4787
4857
1505
2634
5424
11453
9709
6396
6141
4435
2707
2362
1574
6580
7731
3052
2690
2482
3236
749
-605
-1211
-4681
-2866
-2643
-2860
-2244
-3894
-1866
-4449
-4215
-3293
-7534
-5955
-8412
-8681
-10727
-13976
-12548
-14626
-16216
-14157
-13479
-5282
-5607
-9798
-6471
-9201
-2922
3973
5376
-1816
-40
9723
7823
10843
9900
8082
14153
16505
14502
13197
12141
13924
11401
10593
13269
10799
12433
16653
13638
8133
8351
7614
4193
5280
4153
-1816
-105
-59
965
-559
-2127
-1310
-1713
-1571
-7699
-5031
-7121
-7554
-4150
-7212
-6708
-6288
-9317
-11423
-11149
-12480
-12461
-12506
-11905
-11534
-8786
-5958
-3316
-2649
238
-4647
-8616
-2893
-4259
-3184
-2659
1354
-469
-465
3877
2790
3478
7321
9993
9966
7794
10069
8196
8681
9155
7900
9758
7786
9133
7088
3235
1794
1695
4647
2918
1266
3183
7152
6865
-3391
-5280
268
1517
2378
-2786
-2030
-485
-3804
-3427
1686
-991
-34
827
657
-4623
-2884
-250
-4073
525
3498
4373
4341
2000
10096
6572
5651
8487
1966
3202
2952
2504
2557
2110
3513
1055
1752
784
-1737
-3332
-2553
-1374
-98
-2396
-8463
2705
421
142
-1148
-5995
-894
838
2052
-716
2264
1547
1161
955
2076
4649
5263
6775
9102
6083
2800
2721
2228
4189
114
-1140
-5089
-5843
-2647
-4842
-2892
-2933
1481
2395
-1211
-1701
-2286
5085
3570
-729
289
-585
210
-15
-1891
-1068
-1052
-3776
2007
1377
-49
-222
-3447
169
-2592
-1020
1
4411
5367
-5206
-1646
-4191
-2002
5261
-3771
-7681
-3683
972
4515
-2425
-2052
3157
3736
5396
-1650
-615
-35
-429
1766
-2868
-981
210
3710
5700
1940
5500
5220
5685
5685
6392
6483
3707
986
6531
4359
3772
4151
646
10778
2492
7277
9356
7081
9105
4837
4416
2736
10193
7822
1109
821
485
208
3311
5575
7743
4340
3543
3457
-651
250
-4065
-6078
-6495
-4549
-5503
-11510
-7491
-7535
-7508
-4505
-6394
-5774
-6557
-12733
-10908
-12666
-17318
-13359
-16580
-14398
-15023
-8476
-5007
-5038
3848
3315
2767
3774
-676
7819
3500
4048
10126
13047
19380
17371
8993
12090
13491
14436
13413
14912
15349
14835
17431
12457
7730
10455
10843
7239
5344
3655
4742
2669
2529
2532
3300
5906
3975
2137
590
-958
-1334
-4966
-4711
-7223
-8982
-8533
-9984
-10039
-12473
-9769
-14109
-12555
-10182
-14577
-13969
-13975
-16554
-11975
-7575
-9432
-7676
-13564
-8328
-4143
-3942
6464
2632
-436
4616
5776
3412
3057
6466
6568
8731
7574
5131
7719
10643
7765
7979
11587
11778
9222
7993
9077
4782
4811
4355
1790
724
1345
-1472
-4741
-606
487
542
2178
4723
1187
-1135
-2810
-2488
310
-176
-3903
-7324
-4059
-1883
-721
-6490
-7053
1620
448
-668
6236
-857
-4309
7402
4886
1211
5245
7425
7241
6943
5237
2829
4532
3491
-835
-2220
-3348
-397
-1452
-2819
-45
-1330
534
-3945
-2814
1325
-5864
-998
-113
-2824
2422
-655
-770
-1092
3959
3304
2687
5365
4481
4483
4211
4708
5184
6129
4074
5378
5721
1219
-2873
-2513
-841
-4934
-4724
-3906
-3172
-622
2658
-2532
2573
7951
5751
3487
-1151
2691
847
-2405
-1405
-1265
545
-2591
-2417
-1201
-913
-3127
-7331
-2007
-860
-914
2190
-2226
-3073
-4377
-3875
-242
-4071
-7199
-7127
-2867
-1946
2085
963
-4234
2757
3455
92
1057
-517
1607
5983
2912
3900
4170
4858
9584
4918
3765
5636
6631
9395
2985
2457
7738
9675
6382
5167
10377
11901
8856
4516
5790
1693
3282
1072
-148
4500
1850
2975
1086
484
1246
2125
363
3144
4028
4487
1997
910
-1306
-1599
-2174
331
1447
-251
1378
-2576
-3142
-3305
-5318
-3039
-4616
-5655
-6510
-7718
-7609
-7635
-7602
-11768
-15070
-13276
-13061
-13739
-12450
-7926
-8634
-9940
-6709
-2810
-1909
-873
679
2034
6000
4143
6193
7733
5407
4628
1669
8985
9412
9051
9364
12082
15559
14813
11109
2197
11043
12971
9150
5862
4447
6195
10599
6835
5499
3154
4789
8037
6026
5436
4828
3091
2823
1708
-3766
-3487
-3250
-2263
-3011
-5465
-5395
-6613
-8032
-7950
-8672
-7340
-11191
-11201
-12888
-15934
-7410
-12005
-5463
-911
-8890
-9675
-4441
-3651
-3245
2877
-5359
-2755
-3752
-8030
-926
5309
8171
4087
6094
9975
12197
9744
5535
4182
4719
5992
4309
4704
6844
8684
8247
5279
5724
6070
5940
7196
4589
249
435
1215
-1232
-3056
-4182
-3846
-3102
-1982
-1116
-2038
-3068
-2852
-3398
-3502
-3878
-2447
-3308
-1903
-1218
-7217
381
1404
614
117
1963
9526
9089
6964
7135
7538
6275
5943
2402
639
-1256
1056
2599
-319
1809
1450
2926
3684
1607
1054
1074
-1129
1726
1903
1065
620
1362
2488
731
1246
-863
1060
1562
1011
4819
-1269
5816
-1022
2728
9762
-4214
-4433
-4750
-1251
4015
-3470
-5933
-6243
-3325
-3965
-4541
3185
5433
916
3442
6265
3730
2379
6633
1719
-1257
706
359
670
2369
3598
4475
4029
5349
5060
913
826
-1029
-3409
-4531
-8055
-5817
-7090
-7592
-3121
-3580
-1404
-4623
-4419
-1879
-2712
-4607
-5394
-5852
-1112
-1919
261
-9502
-12699
1400
-445
10058
5400
-999
1944
3468
5656
5541
4927
7734
9395
4478
5902
985
6448
10426
8263
4030
5370
14444
13017
7703
7788
9841
10831
9487
6853
6022
4629
3761
5463
2640
-1523
1257
-3393
3089
1602
1803
2103
702
4063
-1308
-1958
-4921
-2329
-7570
-6526
-5506
-8663
303
-3659
-1728
-1527
-4150
-3208
-5317
-7951
-8410
-9285
-10348
-13003
-9913
-10260
-11739
-8736
-10078
-10114
-11570
-10748
-7072
-7071
-1151
1747
258
-1691
-2394
6140
4741
3628
8969
6677
7554
10582
11462
12558
10945
11947
15550
17296
12497
12588
2634
-1700
9333
12244
12526
9461
11454
8759
8558
12027
7822
6016
13185
8484
-1684
1962
2721
1832
395
1657
-2265
-2348
-1457
-1264
-5846
-2951
-3026
-9958
-10725
-8466
-8986
-10131
-11407
-11998
-10073
-9357
-7508
-8644
-4084
-8125
-11706
-5078
-2183
-361
-3421
-2439
-192
2782
3729
-472
5772
9468
8186
10295
9866
7090
9324
10179
10542
7868
6853
8640
8506
9607
10213
9879
6443
5546
6068
6056
165
-595
1176
-22
2568
540
-721
-2493
-3050
-4925
-8169
-8622
-7111
-7981
-7318
-7625
-8257
-8813
-8119
-6782
-7572
-4042
-6133
-2585
-467
5045
-1637
-8882
6167
5359
5600
6684
2591
2315
6716
6315
5363
4274
5138
6059
3433
5289
3377
3151
2589
3384
273
2743
3365
2919
4743
4610
206
3988
3222
-419
6192
1424
4479
4784
2494
6830
2514
685
1327
4966
4352
4624
3635
2732
-4936
-5812
-5249
-1419
855
-3809
-1317
-2128
508
-875
176
3319
-1260
-532
5198
4651
2947
2360
5390
6948
3089
3421
-1172
1025
2763
-117
2244
-1651
-678
-1361
-3711
-648
-1917
-4863
-2802
-4379
-4390
-6854
-9433
-6100
-6903
-7075
-6436
-3833
-2666
-39
-4282
-6086
-3379
-6248
3014
8727
-1386
-370
3497
522
5528
4410
2758
4048
2883
4803
-382
177
4351
4683
8042
4758
3767
8456
10583
4931
4541
6674
7625
10176
5666
4104
4670
6198
3102
1918
1999
339
3567
-3688
470
-87
-2257
2632
-774
1089
-2961
-6193
-10449
-5630
-2255
-6662
-6196
-1779
-5322
-6086
-2278
804
1227
-7370
-6257
-7488
-7639
-5459
-9030
-10702
-14535
-9031
-11825
-13776
-11156
-9910
-3763
-2980
2847
4691
-1123
2474
3092
2869
6556
7222
6424
4517
778
3851
3922
5864
8769
6317
8447
7107
14739
11765
5509
-2900
-2423
6247
7516
4653
6745
6262
-6192
866
8005
7066
4942
6766
9178
4108
5643
3293
2209
513
1393
2988
-925
-292
-1622
-4082
-1036
-5043
-7654
-6707
-8730
-6300
-8870
-8041
-8443
-9916
-1868
-8764
-10073
-8749
-4237
-6586
-5017
-5821
-4424
232
-8243
-2669
1441
1013
1569
4787
9104
7760
6167
7032
7879
6516
7678
6673
9560
14994
11385
10462
9437
7748
8785
6678
6714
5190
5269
3035
1112
4586
3738
2423
3037
1500
706
-311
-4397
-4387
-6097
-7286
-7188
-8877
-7684
-9774
-8612
-8373
-4289
-322
-5505
-7784
-4224
3090
7241
1746
-148
546
3158
4195
7458
6704
-1704
3125
9136
4803
1107
2745
2794
1574
1395
3639
3694
3894
6041
3662
7241
5111
2465
5551
4027
4688
5191
-578
1790
2792
3087
5998
1226
4103
4828
2618
2665
-62
372
-7880
-1133
-4793
-3637
633
-9891
-2867
-1108
-2604
-420
6710
4448
1664
145
3803
4498
1801
4177
3832
7540
6128
4835
8286
7264
5735
5437
1900
4274
1554
1060
930
-945
-316
-3097
-29
-1274
-2928
-4682
-8441
-6729
-6311
-6955
-7881
-10725
-9809
-9602
-11125
-6946
-3911
-6982
-6931
-3531
-2183
-4348
-3955
-4141
-6982
-1970
2983
1806
967
6074
4055
-791
3666
8591
9215
9569
4951
8725
12829
11844
16472
13245
14987
7126
7353
13471
11120
12658
10063
11199
9729
7961
7697
6007
4214
6798
4918
3686
3258
-259
2167
-5910
-4568
-7314
-7007
-3527
-10626
-3519
-7678
-8375
-1697
-5713
-8667
-5537
-9025
-10386
-12038
-11566
-10508
-12609
-7027
-9968
-10790
-10851
-10876
-10107
-9276
-9671
-7954
-3366
-1804
-4309
-2670
2812
5182
10017
6418
7757
8790
7703
9359
7868
8975
11700
4108
6564
4098
4234
3978
4515
4820
4088
4673
-214
7452
5765
3525
3467
158
4982
7041
4152
3003
-3380
-497
2920
-1753
5427
-336
-6212
-1717
-519
-1090
-3724
-3983
319
-2689
-5628
-10465
-11570
-6674
-9255
-9630
-9329
-7768
-2625
-1901
-2644
-4917
-5060
2976
-1736
-4561
-2439
-2175
657
-322
-5778
-2850
643
-475
5984
1786
7140
11075
5093
2655
1382
6158
6703
8367
4947
7689
3269
507
3997
11159
11826
3013
7391
10988
8054
6093
2428
-4741
-522
2905
-5271
-1632
-1653
-912
-1841
-6366
-2698
-8595
-9260
-7510
-6728
-7728
-9451
-9316
-7621
-5130
-9121
-14323
-1768
1871
-692
1125
1219
338
-1701
436
-2677
1034
3023
2228
4473
-1810
-4566
2236
-4076
6370
7581
-4147
5803
4329
-1228
153
386
8523
8143
9424
8032
3499
8813
8741
9004
6656
4752
8353
8600
8517
5747
5259
7190
4709
449
-3784
-2322
-4811
-6529
-10060
-7227
-6382
-6232
1964
1142
1642
-900
4204
6464
3456
-810
50
5150
3601
3897
3802
1328
3214
4300
6152
5196
3569
6556
5659
7659
4147
1746
1026
104
-193
-5064
-3637
-2496
-3645
-4088
-6902
-5444
-2865
-5403
-3146
-6427
-9541
-5897
-11866
-7805
-7879
-8950
-10821
-10145
-2451
-6067
-4606
-1597
-4932
333
-1172
-2509
-1577
2748
11873
5311
3857
14025
8933
8089
14788
12775
13679
13669
10265
9016
10834
13424
10925
9827
11477
12100
11899
11774
8910
6221
6783
3649
2296
-556
-3511
-718
-484
3247
3004
-4942
-1515
-3455
-2519
-2547
-10407
-4629
-6879
-5433
-7620
-12433
-10641
-12653
-12726
-14573
-14877
-15541
-14441
-12258
-12291
-6854
-4877
-3607
-7306
746
-520
-1945
4359
6238
6879
5002
7901
9487
9097
10790
6511
9013
9156
12564
12977
10224
11604
5049
5505
9965
3381
6681
6092
1320
-4663
-1766
229
-1105
-2518
-2041
318
1247
2493
374
-1790
-5039
-854
1310
-4920
-3881
-3376
-659
-1844
1247
-3738
-7290
-177
-2763
-491
-3164
-6978
1261
-1366
-2121
5003
610
1297
4855
4513
4010
2321
1446
-3802
-5965
-3359
-322
1282
-104
-3077
-1161
2943
4422
2728
5281
6865
2877
8309
5661
6943
3445
-2030
1225
4149
4028
3729
6072
7493
6836
5605
6519
6683
7597
8714
5825
723
3166
1974
1552
1729
1172
-1187
-2206
-1993
-1823
-806
-1114
-2618
-2332
-440
2181
669
-4805
-2388
148
1716
-709
-242
-1549
-1620
-1298
-5390
-5555
-3375
-1129
-1404
-5668
-339
-3734
-3684
-7022
-8333
-6999
-4194
-1649
-3868
-9615
-839
4380
-183
-1296
-3461
6201
5943
4805
7423
3935
7679
8962
8608
7026
7252
7868
5547
5891
5252
4154
4200
3158
2978
3351
2263
4383
2490
5068
4495
2408
4998
-997
3575
5415
1758
4826
-2410
1859
713
-1668
5171
-2364
2665
7257
6263
3426
554
-968
10798
-1903
-7112
-6295
-5032
-574
-6510
-2736
3424
1401
3039
-481
-190
-4221
-7196
-4956
-7674
-7618
-8978
-8933
-6254
-6871
-4475
-1407
-5918
-8909
-9346
-9283
-8330
-10741
-3917
-8682
-8890
-4594
-6634
72
1607
1718
802
1885
8794
11695
6017
5867
3210
6653
11319
13019
10470
9705
13476
-196
7703
9574
10352
15440
11893
13324
10310
10230
8355
2921
1961
3396
2192
4779
2769
3609
3556
893
992
-2916
-2169
-3783
-4869
-4439
-5980
-4662
-5912
-9830
-10282
-10064
-12608
-12642
-14817
-9601
-15623
-13477
-11613
-16717
-7037
-11848
-5977
-535
-4893
-7180
-1907
8228
6430
3123
4297
5601
5578
6364
9241
10741
13899
13029
14430
15759
16102
10925
10243
9562
8914
8741
5274
3258
3738
5840
3804
1904
1671
3486
2957
-1090
-3934
-4286
-3556
-5857
-6124
-9896
-9346
-5300
-5014
-5570
-5342
-3212
-5181
-6001
-7154
-9230
-4572
-2591
-12469
-7655
-11720
-7985
8986
723
-7554
-4030
4375
5464
3566
3869
7194
7546
4046
-1268
1470
1765
2399
3791
5355
1950
-1752
5985
1980
3762
8316
7456
5406
3638
4824
6090
3214
3518
2420
535
708
1063
725
-1991
2508
1051
5537
3786
-2169
-426
-3071
-3759
419
-917
-5559
-2394
-5098
-7991
-6192
-1898
398
-3402
-1666
2232
930
1669
2135
-2070
-3231
1376
2239
-1318
-1919
324
3059
3404
4460
4170
2734
39
593
-151
-2303
-3458
-10402
-8377
-6585
-5573
-643
-5154
-6319
-3770
-3026
942
4187
-151
240
-2
-455
-853
3084
3392
1072
3961
2128
10335
8130
5223
5935
8392
9853
6285
4977
2149
238
2832
4623
3825
5519
4848
6333
5311
5175
1731
-721
8121
8096
3785
7628
7957
5591
6343
3915
3761
4691
3234
2338
3593
3132
1447
3429
1739
1555
2653
231
-4091
-3774
1238
1946
-963
904
70
-4825
-5048
-6046
-5323
-7109
-8424
-6850
-6791
-4534
-4012
-6067
-5740
-4370
-7019
-7699
-7280
-7655
-6564
-7950
-6222
-4268
-4215
-2573
-284
-3179
-1845
2997
970
-366
65
5956
6711
4426
7175
9295
9345
7863
9914
7922
8044
9604
10752
11964
16289
2015
1564
16210
7903
9220
7118
6366
8705
8957
4261
3545
2351
5792
4098
800
4740
2311
1493
-1831
1098
664
-1310
-1774
-3621
-8594
-3655
-12261
-8255
-11421
-11273
-11781
-13670
-11881
-12052
-14373
-11631
-9843
-8740
-8357
-12130
-11889
-3041
2191
-3051
-3397
4897
3315
7286
5956
6440
13136
12877
10655
9682
9999
12961
13636
13932
9241
8097
9999
5254
6554
6343
5522
3798
2055
4995
4579
3383
2679
-401
-325
-2193
-2493
-2854
-6391
-6516
-8876
-6775
-6626
-8140
-4871
-7927
-7373
-9159
-11932
-9069
-10627
-8134
-3626
-5255
-2804
-3699
-6291
1863
-3648
-4043
377
3903
6839
1246
5505
5219
5635
3728
2362
5185
3569
93
1166
7650
6730
6098
8254
12335
9141
3858
5401
7393
8898
4362
6446
5727
5389
3674
2142
5892
-661
2546
2612
422
2119
738
-585
-2992
-7520
-7097
4079
-724
-5622
-10339
-8726
-5317
-5932
-3675
-1991
-666
-1409
-3230
2403
5432
4260
2995
3565
5428
1354
2167
335
-1896
-233
-1051
-1637
-876
-2892
535
-804
-2599
-6811
-7889
-7373
-4664
-7537
-13567
-9053
-7595
-6442
-3546
-2716
-4076
-2075
611
-640
-4493
-2389
3077
4688
2991
972
3398
8427
5830
5527
6738
5067
8557
5954
3733
146
3954
7535
6862
10491
11502
7370
8217
12242
10863
10272
8069
4798
6515
8246
7293
6878
6530
3799
6132
4070
3320
2927
-532
1971
-5224
-4204
189
-7693
1211
-3631
-8781
-7326
-9404
-9956
-6319
-4116
-10930
-10286
-8087
-9171
-9059
-5084
-2240
-3143
-3320
-1010
-4833
-9332
-6000
-4398
-6236
-6761
-9372
-5752
-2651
-3570
-2314
-906
5963
7262
4104
4100
6224
10951
9741
7945
7840
5566
7236
6925
8364
8139
7599
8000
4922
5811
5529
4092
9715
6298
2780
2576
-2270
8360
8771
165
-4186
832
-757
-1960
3633
-822
6672
6842
3118
179
-8
-527
13
-4439
-4658
-3968
1305
364
-7464
-7029
-6199
-5716
-8435
-11167
-8321
-10078
-10512
-10226
-11407
-2297
-3992
-9305
-7551
-3878
-2148
-1895
-5122
488
-2470
1003
7183
1989
11453
8554
9211
6843
8168
14523
10016
9343
6229
3858
5859
6800
10713
9517
3954
6206
9209
8304
3760
2160
4148
1174
2137
1686
-28
31
-4721
2661
940
-862
298
-5901
-5749
-11165
-10445
-11090
-14643
-13203
-12855
-12832
-11617
-11643
-8621
-5591
-4102
-4484
-5531
3790
4396
-3041
-596
-6422
-4044
3839
6123
-321
-5560
4816
4595
4204
8133
7396
3604
7192
8794
6578
5193
7511
10564
6388
7847
7976
9339
7915
7838
10850
9971
8653
4806
5448
6164
3917
3353
2169
2074
3693
-796
215
-2527
-6034
138
-6984
-3149
-4993
-8981
-4935
-8371
-7183
-6145
1022
3282
1557
-568
386
3508
1636
-1188
1673
5004
2925
3966
5957
7264
2897
-111
2763
1232
-228
-3255
-4792
-1319
-2067
-791
-3754
-2624
-1266
-6677
-7105
-6657
-9011
-8677
-9553
-10577
-5390
-7488
-6565
-3415
-750
-747
-846
-837
-3516
-1118
-2088
485
4695
-568
1420
903
4805
3772
-4272
6988
3279
9155
14527
6971
5157
8276
14548
11486
10097
11210
11416
10818
14386
12338
11681
11190
10717
11285
7087
8594
6127
4374
4284
2152
1047
-1117
-1126
-476
-3382
-7130
-6052
-9962
-7125
-6835
-6112
-4770
-10147
-11178
-10889
-7147
-10558
-11200
-9946
-12633
-13077
-15188
-12879
-2326
-4530
-9507
-8518
-3243
-2786
-7947
-3699
-5270
2288
4496
-614
4073
4194
6577
12749
9217
11194
11720
11426
11011
10443
12779
10512
9708
8864
4740
2000
3520
5498
3840
1671
4973
1874
4680
3775
-481
762
-1595
64
851
1541
5435
-1783
-2444
-2290
-7771
9114
1903
-5777
-3818
-3192
-230
-2842
-4771
-3728
-5374
-1114
-7679
-9638
-6185
-10196
-11956
-14269
-10381
-7346
-5962
-4818
-9389
-1039
4201
-1359
-2017
1058
2140
871
3601
3930
3836
6759
2336
6684
8731
9525
14839
11805
9124
9061
4956
7657
11995
9418
6396
4995
3608
1277
4885
6357
7720
4606
5900
7228
7594
4843
1658
1232
-1410
60
-1665
-2818
-3458
-5184
-4963
-9251
-7326
-8742
-8789
-9840
-10912
-7405
-10504
-8231
-8237
-13700
-8248
-5319
-4332
-509
-1459
-404
-1514
-1555
731
336
1471
-3155
-2106
-1479
-409
4818
10421
4924
-4806
4739
6644
7657
9091
7000
9589
11668
11238
11425
10306
9833
12539
9325
10329
7449
5972
7828
6100
6002
3279
3405
3931
-890
-1725
-2174
-5944
-2264
-5100
-2345
-6903
-10947
-1591
-7639
-2006
-2007
-2973
2034
1198
-930
-2962
3301
2933
-533
2548
2025
-1591
-1581
-4547
630
2504
318
3132
1862
2122
-165
908
1843
-2509
-5099
-8083
-5759
-7150
-6654
-4843
-5998
-965
-2318
-2642
-4656
-4632
-651
-3766
-3012
439
-5340
-5519
-4458
-2260
-179
-3829
-2355
875
-1196
-1409
-2783
-4887
1441
6459
7965
2066
3046
6098
10437
14969
13348
4841
5826
14435
11843
8192
9148
10125
5571
10061
11342
10754
11323
8510
7445
5180
6574
4564
1993
1623
-1595
1120
1139
-1729
237
-1461
-631
-3240
-5520
-3139
-9783
-6633
-8195
-9527
-5202
-12025
-12050
-12290
-12445
-11362
-10731
-12777
-11917
-11872
-10282
-6630
-6267
-1013
3383
5809
2590
5570
7314
6724
8066
3784
7917
9938
10289
10224
7448
10749
10005
10392
10306
7635
8498
7767
7097
9782
5684
1448
3141
614
-3578
-5591
-1398
-4147
-5383
-3805
-4048
-705
-2394
-1973
-5429
-8872
-6415
-6216
-463
-5072
-7825
-8116
-4695
-1744
-4287
-4811
2200
-4517
-8376
-7782
-10681
-4662
-5495
-463
-951
-182
-4443
2096
8007
3889
6302
10185
7216
3155
3693
2581
6108
7667
9770
9167
9245
9306
10428
11820
9470
9716
7385
4039
5567
-442
-92
1556
-2490
-173
281
3331
2598
3852
2053
-1894
-5084
-6419
-1366
2455
3373
2447
1936
1394
-688
-2753
-4693
-3086
-1727
-3164
-6204
-3319
-3140
-3366
2287
812
-588
-5426
-2180
1621
-1797
1768
1570
952
-146
-1771
-362
-1686
-2057
-2622
-4728
-3960
-4763
-4041
-2395
-3551
-2061
-1928
-101
-2679
-3306
-1016
-3345
1447
6579
8471
6606
9459
11966
-194
3501
13752
7240
8826
7966
6440
7674
7223
3411
1557
1845
1187
755
-690
3063
875
2505
-542
893
3471
3320
7458
4434
-3138
4074
5852
-307
2760
1312
-2455
-1252
-6154
822
-1453
-1595
1695
-3201
470
2489
3727
-3468
-1348
-4318
311
4147
-7243
-7677
-11339
-8194
-2456
-5378
-3348
-1130
-3541
120
-3173
-7022
-7082
-8495
-9415
-7509
-2255
-4786
-4715
-1293
-1439
772
2808
1008
-333
-551
-2438
-3322
-3028
-2152
-1543
753
3722
2416
4103
8428
9649
7171
10573
9130
2271
1794
2290
5588
12625
4945
4828
7402
9105
11284
6456
11120
14918
11163
14399
8910
7773
3399
3409
4611
871
998
1423
-864
-677
-2573
-1269
-3179
-4357
-4192
-8527
-9656
-10417
-8674
-9091
-10824
-10559
-11086
-11746
-10402
-12919
-15145
-15350
-12676
-13997
-14333
-8340
-9510
-1261
2327
-2973
4623
11160
4818
6604
8234
7746
11375
10428
10790
9528
10739
13828
13899
15379
16058
13797
13884
11785
11718
9639
8893
3938
-2471
1441
958
-298
1358
1214
252
-879
-586
-2291
-5546
-6704
-8706
-7142
-10034
-12234
-8958
-6063
-5096
-3830
-5419
-10108
-9946
-10297
-7333
-10884
-10686
-10999
-6789
-4514
-1334
1622
-11438
-4157
4951
2024
-1056
-1820
3057
3705
5587
8548
3169
7186
14464
10531
13014
14019
9785
9629
9757
9802
7794
4926
6651
6637
8897
7106
3903
7786
9087
4383
3849
3572
2705
4877
-3629
3268
-617
-317
868
-8766
-4598
-8025
-3229
-1641
-1616
-5311
-5957
-3510
-7651
-8649
-5274
-2368
-2920
-3064
-2174
2498
1066
-3132
-2982
3016
2779
-1939
-1260
242
1204
730
2675
2073
2428
1476
-1633
-3601
-5157
-4814
-5219
-4366
-5720
-4962
-3519
1414
-2260
-5802
-242
1407
1395
4826
1973
5814
7495
1059
885
-2914
7494
12924
10141
2664
-375
4407
7292
7928
7851
4797
2560
8713
3068
2706
3403
91
2759
1531
1358
5178
3555
-1394
1410
10152
5371
6035
6201
4683
830
2419
1025
-1294
-5773
-275
594
-3062
-3744
331
691
104
-2895
-157
-112
-1120
-3656
-10903
-7822
-4009
-3156
-2522
-3162
-4033
-4600
-4433
-6098
-10398
-10585
-7704
-2001
-3158
-5078
122
-2113
-1410
-277
-1929
-3269
-1872
-3646
-3693
-1551
-2120
827
1236
2643
1044
449
-1221
-87
5323
5786
4268
4575
6804
6514
6577
7845
6323
2958
3514
3493
5399
3389
4045
8479
9920
9589
10487
11953
3392
3754
5685
5808
4613
3351
4345
2093
2805
2187
3541
1295
68
537
-621
-1051
-1688
-4516
-6238
-6215
-6975
-6430
-9383
-10011
-11466
-11756
-10895
-11898
-9143
-8896
-6005
-5725
-5921
-363
-4210
205
8330
646
-239
7991
11390
7852
6394
8032
7799
8522
10066
14480
13754
9219
12343
11855
13170
12770
7384
3452
10
1834
1075
1780
-211
-849
2707
3343
1938
751
2323
-1237
-2027
-4642
-5720
-6157
-8011
-7413
-6603
-5559
-4118
-5207
-8035
-8548
-9150
-10747
-9218
-9195
-12285
-10781
-2204
-4847
-3501
-7408
-7008
1494
12801
10522
4372
-6667
1816
7366
2811
7329
5109
10459
6995
6889
7456
5933
11166
10449
8653
8599
10019
11193
9961
7288
4698
6006
6602
4355
2725
4244
3081
3202
3039
2168
118
2545
-2416
1263
2690
-1438
4480
-4060
-7031
-6206
-5955
-110
-1254
-5701
-5781
-4839
-3131
-1993
-838
3036
2055
-3444
-550
7830
7238
2847
2165
3706
3166
2462
2906
2590
2846
3854
2331
1151
399
-644
-688
-1469
-944
-2127
-5320
-6060
-9389
-11426
-6774
-6438
-5983
-6102
-6836
-1355
-1202
2284
3788
-2377
1092
-1818
-5613
2523
4192
857
2586
3607
5478
8457
6828
-1539
4121
7986
1800
-1101
3676
1654
2207
5131
7494
9445
1635
-574
8267
7657
6450
5333
3691
4960
3517
4556
8200
7398
7214
6932
4938
4711
3753
2181
-5482
-2225
-5632
-6552
-2376
-11354
-4919
-6361
-8399
-6917
-6952
-2556
-3640
-6173
-9940
-10337
-10510
-11378
-11285
-7113
-4803
-4489
-4537
-62
-5717
-7447
39
-4080
-3576
-2561
-3506
-3879
-2815
36
2941
2801
5021
7221
4756
2051
3008
8809
8992
6550
4765
6513
4178
5969
7695
8028
7647
7680
10077
7336
12078
8575
4560
3923
4530
10253
6979
2841
3394
7368
10558
-4378
-2257
9565
4130
4717
3301
3217
1995
1735
837
-4398
-4944
-2675
-2586
-2312
-1656
-2458
-5449
-6904
-7369
-10360
-11022
-10728
-9723
-10029
-10188
-9702
-8370
-8226
-4679
-3237
-7237
-5678
748
1800
-704
10660
3429
1942
5561
4438
7050
7673
9915
7742
11825
12712
10463
9615
12144
14909
14567
15367
11795
8502
4391
2695
2735
5696
-1199
-2540
1060
734
2451
2985
2784
-2001
-3560
-3088
-4809
-6476
-8377
-9175
-11055
-11714
-10936
-11097
-10200
-9943
-11484
-10020
-10815
-10386
-6939
-7302
-2210
-1926
-4297
-5150
-4447
2045
2275
6945
6026
4273
-2592
-2194
7545
6678
3859
3975
6967
3924
8123
6926
7939
10799
8272
9762
10375
9685
6225
8666
9112
6963
6874
6567
5348
3995
3424
3571
7429
3514
2473
-197
2273
-2824
-1649
-2525
-7393
-659
-4141
-6861
-7449
-8700
-6604
-1821
-3411
-8127
-6814
-5426
-4329
414
3410
-1788
-5132
1303
6640
3444
4128
3889
2386
3145
1906
538
-166
-80
1051
1626
1481
-1333
-3382
-3614
-3741
-4599
-2419
-3242
-7038
-12765
-11707
-6219
-5806
-4070
-7577
-5547
-2562
-3152
-473
158
-422
-76
250
3338
4056
4632
3463
1139
3854
7416
7252
-4340
-3226
4402
4027
4050
4973
4631
6420
7041
4102
5339
-2443
2260
9547
6652
4779
7440
4113
10083
8846
7967
8269
8624
8227
6264
4690
3402
857
88
-548
-1131
-2485
-4234
984
-1937
-3190
-4179
-5759
-2978
-2568
-7348
-8043
-3151
-7997
-7933
-7217
-6733
-10275
-10248
-10383
-2248
-4700
-7383
-5031
-7951
-2675
-4717
-6973
-6437
-5642
-5790
-5971
-2639
-1303
443
4986
7046
4921
3746
3825
7862
6972
7031
6776
6710
7300
5617
5298
3934
5323
7044
8808
7136
6736
6869
8539
5449
3907
3229
12224
6656
-397
200
-776
15302
8063
3901
4229
2364
3803
2010
3527
5272
2483
4034
4431
-641
445
-5798
-6082
-7294
-6165
-7930
-11644
-10150
-10228
-9193
-7914
-6894
-8546
-10155
-9950
-5393
-3575
-7111
-12187
-3492
-5062
-3486
2032
196
2820
5883
3633
7636
7942
4084
10765
9177
5358
7697
9321
9608
8353
7463
11122
12266
6099
5649
3855
4509
5554
4427
2101
1002
-463
-443
347
674
-374
-1472
3839
1220
405
-3193
-5902
-5364
-5332
-8570
-9446
-9859
-15409
-15149
-15479
-12252
-6289
-8843
-2505
1638
-238
-5039
-2971
314
-1621
-2523
-477
-2161
311
1716
3309
79
-877
4790
4367
6496
7352
390
3554
6799
5869
7576
9567
6129
5277
10335
10954
8144
6768
6800
6025
4452
2503
3783
5863
6381
5074
4317
4835
3414
3285
2635
-1905
654
-855
-4115
-2389
-8058
-6371
-4708
-6909
-5610
1065
1840
1610
4256
-3125
-643
4443
6681
6137
2327
6580
5307
5929
5605
1606
5554
3006
2906
2383
-2035
350
-1154
-461
-627
-2631
-2132
-4465
-8240
-9934
-8833
-8402
-10152
-11468
-9708
-7894
-5543
-8408
-9859
-4718
-4649
-3279
-651
1451
-2007
-5927
269
3107
1617
819
2706
5554
6614
7963
7725
1990
614
3450
7853
8189
4825
6889
7305
10225
15771
14287
13969
12844
12959
10823
9072
8845
9174
7092
6577
6794
4435
5240
2735
2102
3086
-1750
-591
-2879
-4703
-9703
-7036
-5114
-9124
-5583
-10206
-8368
-7458
-8241
-8338
-6662
-4527
-6111
-5692
-6137
-7818
-8184
-6530
-5669
-7188
-5071
-4094
-7562
-6043
-9165
-4471
-1207
-2244
2106
4050
6314
5674
3005
6243
9221
8526
10281
10149
10585
9087
8805
7747
5958
6850
6229
6494
4870
4642
6631
4492
5099
4410
2445
2176
406
1291
-1020
-1966
-1709
-1300
395
2259
2158
-158
3865
-1875
-3902
3608
700
1657
680
-2616
-3475
-4315
-5497
-6157
-4984
-5043
-7261
-8135
-7434
-6707
-7160
-4575
-3657
-2083
-478
74
-3866
-5391
-2018
472
-2118
-2361
-386
-6173
-5901
1552
-4261
4651
294
3868
8037
4395
10827
10655
5336
1982
4437
8742
9079
226
740
66
5736
5139
7725
9072
5628
6719
6874
5571
-57
-2552
-2301
219
353
-4593
-2665
-2652
-3057
-3088
-3581
-2344
-5222
-6091
-7524
-9700
-9808
-10578
-10006
-9188
-7780
-3993
-7590
-7524
-51
-565
-563
-378
1097
-774
-1268
-1959
-2118
1408
3562
8445
3151
926
-592
-2342
6879
2615
4014
7896
4920
1751
4427
-763
2655
7542
7290
8219
6351
8664
8259
9536
8261
6162
7416
6779
6654
4669
4111
2356
1747
1052
435
-648
-3134
-3600
-4733
-1418
-9402
-6050
-1817
-7505
2297
1939
-1766
-1471
-403
2958
5901
2408
-1924
-1183
2680
5111
2619
2858
3685
5622
7015
6638
4332
4177
3831
5520
-610
-5174
-5742
-1135
62
-4488
-9080
-5045
-3471
-3925
-5169
-3423
-2547
-5769
-7908
-6225
-8535
-6440
-7500
-8920
-4104
-3521
47
1089
2134
3291
-123
-1597
-6232
-1893
1971
-2674
3248
8180
3267
1455
8968
6961
6353
13821
14007
11118
9842
12778
12032
11249
11286
12633
13237
15822
14965
9355
9489
8656
7204
5554
2563
5462
4692
4532
5327
1815
-3281
-9579
-5067
533
-3282
-3078
-5745
-5170
-2120
-7819
-1378
-5352
-6492
-3942
-11504
-10635
-7739
-6722
-9520
-7885
-8115
-8980
-11345
-11181
-9330
-7918
-4838
-3907
-3928
89
2433
1897
325
-2179
6871
8104
4196
5191
7018
9602
10229
9417
8218
8242
8700
7961
7018
6478
4402
4259
4636
5627
4121
4455
5643
5441
5354
3346
3301
3083
2877
1275
252
-748
7244
890
-715
2499
-5158
1599
4984
1690
-1218
-1146
-1754
-889
-3268
-4929
-3175
-3050
-2811
-8047
-10637
-4367
-5540
-7765
-2563
-3411
-10779
-6580
642
-2328
-346
-2824
-161
-1841
-2237
1186
-3343
-6687
340
4006
2893
7126
4037
3851
3836
4969
5734
5507
6142
5036
5546
4282
6715
8467
6070
4169
4356
3568
3893
2911
1887
369
-1312
2479
4949
5239
2949
-149
-1519
-4000
-4434
-7609
-9379
-7469
-8862
-9000
-9632
-6724
-6929
-6071
-6112
-8209
-8373
-7249
1780
-5225
-4642
-3134
-1840
-1621
-1134
-407
-2980
-4596
-3730
-148
3401
3940
712
1712
3298
7058
90
-3999
3021
5379
2035
1279
359
-268
5663
4624
6878
6684
7110
8372
8914
8957
6208
9038
8181
8306
8418
2440
-765
3050
304
2203
-120
-515
-690
-7861
-480
-1862
-1866
2484
1808
469
-1314
5245
6915
1188
2024
8803
6390
297
-1634
1179
561
727
4019
4030
4560
3007
4922
2082
-2188
2276
793
-491
-1936
-2173
-1507
-2011
-6475
-4460
-6876
-6930
-7768
-4709
-8857
-9510
-10352
-10435
-9288
-8759
-9000
-8594
-5876
-9408
-7392
-6976
-9122
-6172
-6807
-6674
-5017
-4692
-4107
-404
4250
2358
6160
12882
6255
8903
18579
12230
8408
14644
11976
10081
12934
13160
11116
13426
12605
7202
8603
9603
7910
7298
6662
6638
6798
5384
4818
4243
3071
-2700
-2652
-1621
-4680
-3893
-5043
-4122
-5329
-3737
-7519
-5379
-7346
-10765
-6255
-7287
-7268
-8262
-9568
-13076
-7301
-4503
-10312
-13851
-14286
-13140
-10407
-7763
-5626
-4913
-2910
3138
-3996
-472
7550
3253
5061
7956
7323
6255
6012
8752
9451
9663
11401
9442
10852
10299
6391
7330
6771
5841
2499
1666
2429
2843
4389
-2511
-3666
-2231
-1419
-319
1261
3500
4123
843
-843
-4007
-6980
-3032
-1069
-865
2860
1184
-9681
-3772
4653
-2787
-684
954
-1298
-4258
-5915
-5906
-1733
-2161
-1589
-121
3822
-1161
-1204
2520
-860
456
-1424
-2735
-3698
-2413
-1641
1466
-897
1093
2409
-2784
-2281
2436
-3082
770
3744
-999
9717
3724
3055
3081
-1032
4534
8575
5336
3351
4230
3968
3859
-37
6938
7105
5027
8046
6685
3070
-287
-2781
-1132
826
-1901
-7123
-6703
-4489
-1910
-8324
-4983
-3009
-3347
-5147
-2995
-608
-1972
-6530
2068
-3129
-5217
-4543
-3206
-1873
-5860
-2019
-832
1411
1534
3867
3936
4605
4419
-782
-574
-1674
2849
11327
-229
-10843
3481
159
-4366
125
112
254
-484
5338
-490
-354
4435
1566
3011
3276
4307
4816
5410
4535
1986
1746
3437
49
-2186
-1969
828
3136
866
266
-2342
95
-3483
-3940
2860
1095
-978
2954
7714
7116
9678
4104
4032
5716
8184
4416
3512
3049
-1923
-352
7428
7147
2747
2353
1760
4576
3682
-392
-2243
-2243
-515
-5467
-7628
-4588
-5437
-3698
-4345
-5996
-6497
-7578
-8015
-6797
-8589
-10741
-12265
-13531
-11630
-10370
-7158
-8291
-9594
-7104
-7212
-4988
-4557
-3628
-3314
-1068
669
4905
6732
7898
7778
6835
15729
8410
10023
14497
13976
13854
12320
18141
19036
18548
18452
16877
12636
10222
12191
12308
9818
8842
5942
8934
9507
6713
3558
3735
3085
-3118
-1883
-2257
-2521
-3605
-4526
-3207
-2518
-6235
-4993
-5241
-11687
-2619
-8283
-11009
-10968
-13766
-10965
-7692
-11405
-14256
-11682
-12315
-10851
-9581
-5484
-5300
-10035
-10550
-2100
-3470
-2991
-5518
-577
913
-1820
4156
4714
7106
7697
7105
7832
11334
11507
11648
10340
10383
6697
6315
5119
4076
3853
2353
6846
7717
5654
-481
-273
-521
703
-44
-1339
281
285
-738
818
3768
5560
3574
2827
-8495
-6200
6559
2802
-3768
-5778
-1396
-1728
-1347
-3323
-3047
-2033
-4877
-1794
-6521
-9118
-2684
-925
-4601
-6176
2353
3949
2211
1286
1548
1328
-822
-2066
-5559
-5748
-4602
-279
-2938
-1497
-6345
-4509
1159
689
6677
1972
3800
5629
6387
8079
6989
8063
1169
6655
2507
1515
4366
8785
9542
5902
9555
9241
10286
6321
371
-1904
-1313
-1904
-3843
-2916
-2640
-2687
-1805
-3739
-4262
-4662
-6437
-6007
-4134
-4254
-3179
-4999
-7098
-562
-991
-1237
1609
1511
1364
-163
3049
1940
3422
3556
-189
3061
5378
8410
4
-563
-116
-2304
12320
9127
-1583
2929
3213
-3120
1126
700
5160
6237
2442
5366
4008
5402
5843
4284
3236
3786
4034
4003
5402
3913
3343
3299
2175
3195
-2363
142
-1918
-18
-1625
-6863
933
-2255
6468
2675
1469
6594
4603
1025
3003
11376
7413
3302
2095
1714
6120
7161
7097
6352
5865
7330
6729
8154
5939
3364
1780
2644
3378
404
-328
-1481
-2823
-4448
291
-2714
-5856
-6087
-5975
-6420
-7218
-7776
-11056
-11318
-12059
-11207
-14189
-14919
-12336
-11049
-8771
-6960
-10838
-6823
-4022
-10333
-4982
-4652
1230
5762
4146
808
3314
13041
7643
9949
15954
13245
15427
15942
13083
12234
15038
15048
10677
13474
15410
12900
13370
9218
4404
6306
7125
6514
2284
1498
1077
-1
1247
-3348
-1681
-4068
-2383
-2623
-6204
-3160
-3882
-2022
-4044
-5349
-5908
-5193
-5731
-7280
-6750
-6366
-6704
-7293
-8624
-11135
-9977
-9916
-6442
-5678
-5649
-4210
-6707
-7760
-7086
-1600
731
-888
2477
5503
2693
2393
5293
3421
5452
8317
8582
8882
6690
7556
8279
7436
6143
4872
2454
3013
982
93
2807
726
1241
1880
4992
5302
3266
1873
-1189
-715
-72
1318
-185
-2832
1976
5226
2560
-4229
-1346
2787
-1347
-222
-860
-3314
-4955
-2203
-2170
-1473
2680
6782
6065
2492
3803
7006
8349
4394
3585
2205
2348
1947
1966
3445
2071
2187
53
1475
-3133
-3107
-5067
-4734
-2600
-6083
-7765
-8242
-3439
-6216
-2747
-5150
-4644
543
-3350
-1696
2318
6625
5889
3760
1701
824
3078
3366
4395
3791
2757
2152
794
1520
-252
1232
425
-480
128
-3549
-2836
-2290
1271
3225
-15
-3439
-3623
1649
2217
2733
2531
-249
-1271
954
2159
1185
1116
3212
3640
1886
2249
4058
759
-1517
-2178
-1326
-109
5089
869
3411
-1578
-4545
4366
657
2915
359
-1318
-2549
-996
-3489
-5212
-4375
-1024
-449
-2719
-1628
-3249
2750
440
519
2456
1760
2085
2503
-478
-818
1193
93
1567
2842
6442
1397
5828
2895
8647
10210
5922
11209
2903
7587
13478
11510
6718
7465
7676
11143
10805
5489
1766
-1200
1607
2637
4794
5019
4868
6875
9761
4346
-1180
-4100
-2424
-3369
-4608
-3720
-3752
-2671
-253
-831
-3168
-2791
-6233
-8682
-9269
-9556
-12062
-13199
-13488
-12196
-11178
-10118
-10266
-12304
-11059
-10699
-7868
-4134
-526
-2577
-327
-685
6397
5896
5943
20995
14048
7301
9845
13798
13442
14284
15205
17429
19734
21163
18480
11251
13110
12956
12825
11062
11093
10140
10367
10285
5996
4539
5477
5211
4922
2797
-810
-97
-2387
-842
-2992
-6155
-7567
-4475
-6756
-8433
-5316
-10422
-5408
-9154
-10762
-8673
-5891
-6411
-8022
-6642
-8794
-4249
-6029
-4608
-7824
-8224
-5060
-3603
3387
2757
2492
4050
5291
3647
1082
706
-857
-189
3703
4314
2421
-1520
-520
3012
6329
7258
4579
5767
4097
3491
2058
-1372
-1599
-475
1556
1712
1893
5361
5680
5265
6448
9375
6698
2279
-69
-912
-945
4971
2080
-6283
-5104
-3613
-3133
955
421
-3502
-3634
-1760
-2782
5314
5889
2090
1893
6300
4745
6274
6243
4619
3044
2990
2775
1637
4285
4668
3815
733
741
2302
1719
-21
116
-2333
88
-5834
-8272
-2563
-4062
-3782
-9604
-8220
-8172
-6742
-1334
-2697
-6091
-3717
-1909
-3416
1202
1
4973
5110
3942
4473
3141
1703
-235
-2722
-2428
-1034
-1444
-548
-229
2202
640
1848
2998
3348
3463
-977
-1465
607
3708
2543
743
2404
1341
2623
2726
4122
3650
3648
4294
6236
7231
6314
7607
7996
9327
3542
3252
1732
8987
7828
-9696
-4950
1976
1598
193
174
-1197
-1465
4960
4334
-148
-1171
