-461
-481
-261
-197
-286
-197
-251
-639
-258
427
355
411
1006
625
-449
-438
400
295
-224
356
391
-430
-163
619
261
-147
98
-145
-547
-215
425
526
308
86
-274
-682
-558
-135
-102
-160
13
176
130
350
735
709
118
-357
-343
-478
-559
-261
-97
-227
-173
26
-76
-179
132
225
-84
-19
203
-31
-214
-19
-88
-313
-345
-154
62
188
553
767
355
107
264
45
-57
100
-151
-614
-572
-123
-169
-350
398
1062
338
-384
-2
149
-139
-14
250
114
-149
-140
-196
-266
-74
18
-145
-12
362
312
42
39
195
119
-216
-268
-309
-440
-430
-428
-429
-194
236
321
155
484
954
652
182
363
529
12
-208
24
-75
-404
-446
-569
-852
-933
-806
-541
-444
-196
289
682
666
707
857
672
525
658
447
97
469
483
-209
-188
378
-375
-1546
-1041
-272
-951
-1188
-76
30
-551
135
818
225
113
492
-50
-427
353
791
124
149
813
426
-207
253
382
-224
-296
-181
-512
-453
234
206
-420
-348
-78
-579
-566
87
337
323
276
148
395
839
635
439
574
455
-2
-71
105
-18
-275
-702
-1281
-1233
-663
-631
-530
68
233
-219
38
425
-58
-126
177
-414
-848
155
779
491
745
1290
827
279
509
261
-256
-251
-224
-421
-258
-50
-316
-558
-343
-206
-426
-288
74
129
224
456
411
210
118
71
2
115
262
220
113
-22
61
151
-85
-533
-556
-314
-498
-415
205
159
-449
-299
30
4
334
866
663
381
893
924
128
-7
154
-754
-1398
-815
-584
-767
-333
-163
-520
-124
798
637
249
749
664
-133
-248
216
112
-168
-114
-425
-956
-945
-483
-323
-43
644
879
556
743
1397
1232
682
378
-106
-827
-1138
-940
-713
-602
-464
-365
-392
-20
520
421
276
672
637
176
82
187
106
-150
-395
-434
-354
-340
-299
-332
-277
49
242
282
262
110
-112
-299
-376
-33
314
137
316
581
430
372
409
184
-237
-492
-417
-366
-216
331
394
-20
-66
-26
-436
-538
-145
-101
-291
-38
390
154
8
449
300
-323
-203
139
99
381
833
614
-98
-163
-161
-582
-326
181
-200
-363
298
191
-404
-435
-321
-680
-819
-459
-258
-35
548
729
201
99
363
242
-11
45
231
112
-240
189
842
534
20
206
338
-173
-203
95
-171
-519
-238
-255
-763
-324
342
16
-156
453
272
-435
-195
233
-200
-430
12
-77
-406
-1
509
227
29
163
-103
-363
267
995
765
204
176
253
-233
-394
9
42
-548
-899
-759
-427
34
390
367
259
459
444
100
48
547
552
-157
-399
-185
-272
-423
-318
-382
-385
-173
-202
-458
-132
311
-93
-454
-82
334
404
529
593
595
621
304
-64
53
175
-184
-503
-408
-296
-180
85
42
-5
229
99
-357
-223
242
68
-31
94
-104
-269
-2
54
-246
-67
43
-389
-632
-196
27
-34
69
-13
-195
-122
42
172
593
943
836
509
436
408
185
-122
-483
-578
-455
-387
-521
-593
-394
-256
-469
-663
-442
72
464
408
581
1087
963
460
450
330
-11
-270
-446
-489
-248
136
-89
-302
16
38
-614
-560
81
223
360
593
412
283
539
227
-384
-299
53
-275
-532
-9
299
146
218
155
-319
-224
1
-350
-332
-22
-256
-577
-348
-155
-388
-263
242
162
108
756
1091
778
830
765
132
-125
-231
-540
-636
-544
-975
-1340
-1051
-760
-787
-417
404
558
540
1094
1280
928
1220
1367
249
-484
-290
-552
-982
-662
-394
-712
-864
-683
-677
-526
426
1065
668
618
1106
881
552
765
613
-229
-988
-982
-789
-822
-375
98
-77
216
845
733
396
813
1046
-39
-735
-124
3
-654
-549
-144
-595
-839
-320
-264
-488
52
459
-87
-324
545
1041
694
841
1169
460
-457
-583
-507
-657
-849
-994
-1142
-1161
-966
-323
299
618
863
943
717
636
1144
1133
268
-57
238
-346
-868
-189
155
-270
-81
175
-558
-646
342
198
-681
-85
647
24
-41
655
358
-121
102
-152
-982
-884
-261
-505
-549
200
336
19
452
928
604
518
710
326
-223
22
285
-442
-713
-306
-579
-833
-331
-1
44
247
304
189
401
639
366
-22
211
181
-459
-479
-173
-360
-608
-547
-643
-459
179
527
630
860
1119
909
494
484
372
-206
-592
-695
-901
-1079
-1112
-840
-568
-475
-340
27
542
869
945
1011
1055
751
254
-117
-224
-268
-487
-672
-543
-484
-576
-648
-345
-36
4
315
734
893
820
899
859
538
255
0
-608
-1126
-932
-674
-671
-254
214
107
124
415
523
314
279
524
346
-64
-74
43
-115
-183
-70
-227
-586
-640
-409
-292
-337
-321
-162
-33
112
369
333
253
484
508
171
88
351
-11
-671
-605
-240
-245
-119
301
382
383
580
543
121
153
558
54
-647
-279
223
-155
-333
233
192
-454
-604
-432
-490
-426
74
306
55
20
186
-11
28
508
403
53
241
293
-226
-444
-185
-369
-742
-329
56
-56
189
472
-43
-486
-43
272
38
68
584
638
364
370
368
172
-76
-159
-199
-177
-29
207
173
-257
-519
-687
-958
-946
-499
-138
-120
106
485
464
206
420
501
106
187
448
303
19
-11
-53
-291
-266
-26
-239
-596
-150
357
110
320
1086
767
-83
-140
2
-212
-180
225
116
-190
-151
-371
-662
-424
-30
-271
-490
-278
-117
306
642
449
152
55
-303
-447
161
248
-31
253
373
-252
-154
756
383
-160
510
567
-423
-201
616
-46
-592
-46
-58
-783
-562
-83
-710
-946
-453
-706
-958
35
720
447
646
910
716
646
819
710
471
587
413
-129
-303
-53
-79
-407
-658
-776
-389
-239
-633
-393
-24
-391
-672
-371
-361
-291
332
562
345
556
933
376
-127
257
152
-270
44
105
-323
-60
298
-41
-13
433
83
-447
-45
301
-205
-233
278
242
258
482
274
28
68
-44
-238
-306
-369
-507
-545
-490
-414
127
878
854
495
670
478
-122
-287
-333
-589
-952
-1179
-1436
-1499
-649
356
444
673
1494
1332
626
956
1365
744
257
281
-238
-967
-766
-478
-1090
-1398
-917
-1054
-1381
-459
777
941
639
886
1315
1296
810
524
283
-327
-736
-869
-1201
-1232
-455
-239
-944
-325
1142
680
-214
748
1167
176
360
1224
731
144
642
176
-1016
-510
161
-1007
-1630
-492
-155
-415
548
1173
627
436
334
-351
-400
398
498
-176
-237
-41
-316
-515
-579
-610
-307
-362
-650
69
946
849
631
686
185
-401
-113
216
-111
-58
254
-315
-625
49
-14
-451
-138
-143
-740
-578
142
82
-64
445
430
-232
132
677
240
261
673
328
-68
161
209
-143
-196
-118
-432
-623
-205
17
-43
157
29
-329
-234
67
139
156
171
-31
-168
-130
-53
-5
69
128
-185
-527
-284
216
520
733
692
620
765
351
-356
-297
-269
-872
-1101
-572
-42
134
140
-25
-176
-327
-543
-842
-575
341
532
367
840
1197
910
682
573
241
49
-45
-457
-646
-46
102
-491
-502
-143
-335
-465
-270
-374
-285
154
59
-219
212
599
309
30
394
387
-323
-441
-223
-481
-531
-241
-322
-358
30
180
-7
123
702
931
707
740
871
605
136
-242
-653
-610
-67
-133
-653
-333
98
-368
-648
-94
239
-78
-336
-243
32
550
787
243
-174
36
-185
-745
-297
410
544
372
139
73
312
442
-5
-427
-84
38
-557
-517
168
209
-96
8
40
-11
209
294
-144
-370
-235
-473
-625
49
438
17
-120
229
387
220
224
325
44
-285
-424
-600
-332
-62
-625
-1002
-500
308
804
828
800
979
865
53
-398
284
814
164
-461
-319
-258
-462
-397
-412
-492
-179
-439
-1027
-326
884
744
109
422
678
146
-206
42
137
89
128
-234
-396
324
672
-62
-452
-185
-99
-336
-474
-63
299
70
-327
-478
-266
213
454
277
327
496
550
393
247
679
650
-507
-1198
-794
-680
-758
-295
37
-243
-419
-171
-321
-560
-130
16
-626
-385
945
1056
653
1525
1860
522
-283
94
-204
-640
-51
151
-470
-252
486
13
-631
-169
-189
-852
-491
318
342
255
333
-90
-497
-117
237
-186
-471
-19
57
-462
-57
633
231
-236
-162
-74
-93
92
464
355
-177
-511
-719
-744
-25
651
470
409
601
538
399
385
380
80
-160
-370
-500
-192
272
134
-272
-155
-167
-336
-222
48
259
191
-99
-239
88
511
556
205
-96
-177
-386
-675
-786
-476
-388
-875
-893
-220
63
51
352
500
410
563
699
706
904
1047
619
-129
-71
343
-11
-408
-226
-295
-601
-593
-652
-670
-101
83
-613
-683
401
869
492
522
637
128
-320
-139
-111
-36
414
169
-718
-543
175
-49
-160
525
582
32
-31
180
123
15
59
-292
-564
-265
-225
-406
-221
-36
-150
-261
-205
182
597
535
283
159
111
-88
-209
34
-72
-454
-80
334
-111
-121
555
312
-334
-141
244
-45
-274
156
80
-529
-507
-450
-781
-450
83
-10
-122
177
284
154
367
738
639
345
495
542
392
377
231
-142
-307
-496
-655
-473
-346
-53
336
285
-113
-249
-255
-329
-297
1
232
231
507
477
5
131
441
11
-322
-20
124
-162
2
407
91
-312
-303
-706
-1154
-569
-244
-586
-371
204
346
222
588
893
613
155
-80
-269
-328
-26
162
274
401
379
170
100
334
478
204
-262
-498
-697
-919
-643
-103
301
640
662
463
219
-29
-76
-177
-361
-217
-174
-387
-433
-432
-374
-299
-159
-51
-146
3
458
495
253
532
763
538
528
738
448
-85
-273
-442
-587
-147
266
-139
-451
-256
-388
-614
-162
114
-276
-499
-328
-344
-376
211
319
-168
148
536
87
210
858
423
-197
-86
31
-93
53
271
170
-11
-49
-246
-363
62
69
-224
-54
-11
-271
-39
46
-242
-153
66
112
314
713
848
923
961
563
-92
-59
-36
-681
-686
-158
-490
-1101
-878
-647
-834
-655
-126
-97
-49
550
828
694
670
505
-123
-318
27
174
120
15
-121
-186
-81
-141
-20
206
-168
-632
-196
530
888
1148
832
71
-151
-8
-255
-485
-22
320
-539
-1073
-474
-209
-376
-319
-298
-384
-402
-126
303
372
769
1090
490
-54
128
318
15
-300
99
502
-181
-621
-278
-336
-599
-542
-374
-27
421
619
497
625
1066
740
-250
-305
146
-393
-1006
-766
-475
-470
-327
-241
-246
16
408
405
301
617
836
523
63
3
273
179
-364
-558
-296
-321
-587
-369
4
91
143
274
305
359
544
367
33
51
-76
-500
-500
-229
-216
-233
-210
-266
-347
-334
-259
-234
45
375
507
658
573
166
80
206
-295
-700
-319
-26
-228
6
506
328
164
409
176
-274
37
452
172
-76
248
158
-476
-788
-897
-834
-339
-13
-32
374
797
684
603
782
768
436
76
-299
-437
-287
-174
-177
-84
178
18
-298
-55
143
76
-88
-582
-896
-774
-869
-1056
-745
-368
-258
-187
246
815
868
1093
1433
1166
928
874
510
102
-38
-121
-257
-545
-762
-708
-851
-975
-708
-397
-161
59
182
224
329
575
892
947
898
757
235
-185
-128
-293
-572
-414
-415
-635
-402
32
-134
-371
-67
9
-613
-902
-339
-84
-500
-246
324
197
105
353
494
527
685
865
622
441
853
482
-510
-223
339
-205
-607
-223
-132
-546
-352
-66
-407
-229
415
44
-378
512
978
73
-355
266
200
-505
-529
-287
-553
-735
-421
-213
3
460
529
115
24
127
-121
-281
-104
245
463
337
335
351
52
40
92
-89
-48
61
-141
-336
-214
58
159
-193
-353
-182
-437
-675
-327
79
166
198
331
566
763
859
967
740
460
259
-358
-993
-888
-740
-956
-701
-335
-452
-485
189
856
898
910
997
327
-253
162
290
-108
-18
-23
-749
-1217
-974
-598
-382
221
677
246
99
578
503
349
755
403
-440
-434
-173
-442
-444
-63
-440
-1156
-985
-436
-598
-308
416
302
284
770
767
574
902
957
439
91
449
453
109
272
-25
-684
-812
-793
-937
-442
135
194
332
356
196
99
342
361
-49
-79
89
-266
-507
-51
103
-112
-108
-218
-443
-166
187
164
209
658
773
348
283
457
160
-465
-810
-941
-893
-648
-155
146
-12
-103
-129
-296
-401
-173
-55
-207
-59
327
387
286
613
799
392
178
345
115
-43
390
329
-234
-302
-77
-437
-663
-92
160
-102
276
683
218
163
405
68
-156
97
-111
-719
-497
-229
-790
-819
50
-121
-660
78
569
223
720
1565
1116
464
551
240
-547
-525
-248
-681
-853
-382
-374
-547
-201
29
-219
-381
-288
-166
135
396
420
484
602
260
-252
-86
192
-150
-241
160
253
19
100
288
63
39
75
-285
-502
-224
-132
-377
-115
156
-2
157
617
307
-161
241
233
-344
-297
215
175
-123
136
281
68
89
224
81
-73
-145
-395
-451
-160
98
114
210
405
190
-205
-370
-309
-156
-196
-183
24
101
-27
-126
-41
16
-94
-153
80
107
-9
324
406
143
278
559
352
-67
-134
-257
-503
-366
-105
-293
-319
-17
-200
-505
-199
90
-267
-391
-161
-291
-403
197
623
291
336
853
787
419
626
986
537
-284
-349
-235
-460
-485
-336
-399
-324
-231
-444
-272
238
421
-5
-176
265
408
349
631
824
358
-326
-882
-1069
-736
-295
-108
-93
-22
-80
-320
-400
-144
50
-63
-149
72
502
872
954
932
778
246
-214
-369
-400
-313
-104
-68
-205
-258
-151
-70
-195
-193
-27
-29
-55
145
452
724
759
505
275
84
-125
-282
-473
-456
-184
-288
-609
-433
-188
-477
-703
-339
-240
-499
26
717
537
306
349
-122
-441
70
585
413
239
446
78
-300
23
120
-68
86
117
-102
55
298
323
301
306
183
5
-48
-133
-192
-366
-619
-591
-359
-245
-200
-165
-193
-354
-201
206
180
237
674
582
93
229
376
162
47
-39
-400
-412
-168
-507
-553
147
459
-215
-341
524
612
18
305
683
142
-133
113
-88
-310
73
14
-537
-418
-16
-315
-666
-73
533
323
386
879
647
338
328
-167
-596
-553
-485
-794
-884
-359
-144
-437
-414
-85
20
18
-36
102
565
687
626
879
991
707
377
-18
-431
-328
-256
-588
-630
-164
-157
-669
-469
125
84
175
580
226
-22
363
113
-535
-273
77
-338
-447
145
340
233
455
441
49
-19
45
-129
-114
-72
0
170
151
1
128
293
-77
-372
36
197
-338
-379
-37
-280
-325
79
-57
-271
144
127
-393
-53
598
223
-340
98
359
-249
-387
43
-67
-79
387
157
-273
193
126
-728
-538
213
135
-104
385
590
0
-201
198
193
244
498
153
-224
-30
91
-141
-58
36
-141
-245
-123
89
360
578
247
-190
-278
-240
-349
-432
-335
-92
136
-2
-172
42
418
191
-323
-86
234
-66
-127
156
134
-22
-99
-320
-359
-88
-71
-229
-55
209
0
-68
322
479
224
116
-3
-282
116
508
65
-144
51
-217
-512
-327
-31
41
64
294
201
-77
225
286
-250
-129
293
12
-298
-35
305
236
76
202
29
-395
-169
28
-355
-248
139
-221
-394
137
224
-144
-115
-22
-300
-153
514
504
-1
181
140
-535
-354
346
454
347
376
262
140
121
4
-230
-294
-194
-416
-516
-11
378
380
314
51
-232
-306
-424
-395
-139
-207
-270
-73
13
119
314
268
-151
-354
7
113
-152
-37
94
-205
-178
226
337
458
667
327
-296
-253
-39
-70
-21
110
-101
-438
-224
-98
-247
204
690
336
123
369
261
-95
-164
-50
-70
-162
-189
-349
-330
-44
-116
-372
-136
200
274
401
429
482
573
403
154
71
-111
-409
-660
-858
-738
-326
113
214
-36
-4
79
-191
-56
435
269
-77
103
169
-31
103
315
-110
-419
-224
-241
-369
-67
124
-142
36
640
711
443
487
179
-516
-607
-452
-633
-507
-63
-228
-486
151
598
284
129
362
185
-59
289
496
422
507
321
-196
-187
156
112
-48
86
52
-282
-479
-396
-261
-123
-82
-163
-221
-239
-279
-215
-113
-149
-9
239
141
198
663
503
7
-1
93
-176
-302
21
56
-174
39
184
-216
-111
300
26
-157
118
181
-72
-168
-32
-138
-458
-448
-256
-292
-271
-8
151
105
252
526
591
386
330
396
184
11
19
-82
-176
-17
-43
-338
-221
188
19
-382
-111
192
-101
-278
-88
142
234
220
110
-89
-107
-138
-290
-269
56
252
117
95
186
119
-4
-34
-67
-69
12
50
-97
-242
-142
-198
-466
-475
-181
-120
-167
184
454
347
240
412
355
118
208
317
10
-225
49
-22
-418
-228
43
-337
-391
13
-136
-298
202
455
106
246
784
621
116
258
166
-490
-377
121
-61
-231
140
12
-479
-450
-397
-755
-802
-354
-196
-53
391
600
519
542
383
-78
-267
-156
-46
0
71
162
284
288
244
257
259
43
-236
-237
-270
-311
-136
-34
-245
-296
-50
-69
-184
192
518
186
7
235
115
13
303
233
-183
1
146
-333
-397
21
13
-209
59
219
-99
-80
250
54
-92
420
476
9
70
84
-492
-860
-649
-462
-383
-66
212
198
295
379
82
-70
-5
-48
-198
-232
-74
189
49
-199
87
254
11
126
503
265
-104
212
477
13
-29
329
-221
-868
-364
60
-178
48
417
41
-334
-3
28
-239
172
471
-58
-249
199
79
-274
62
397
107
-169
30
68
8
230
278
-42
-301
-409
-415
-106
100
-57
-39
280
279
108
263
209
-160
-323
-261
-221
-123
87
135
67
-94
-351
-449
-319
-252
-234
35
254
156
128
300
315
218
190
-2
-181
-90
-38
-130
31
119
-255
-274
-38
12
206
530
598
383
201
66
4
-43
-47
-62
-63
86
30
-98
36
157
9
-244
-383
-397
-369
-436
-271
143
113
-180
-246
-75
84
142
239
288
328
314
214
6
-45
78
-151
-467
-377
-236
-405
-241
179
182
108
250
214
146
335
296
0
-9
154
78
54
264
213
-146
-270
-366
-466
-195
-2
13
302
510
200
-14
-5
-310
-660
-515
-273
-280
-18
281
205
168
324
224
-57
42
255
155
334
703
362
-146
-82
-229
-742
-624
-384
-462
-264
88
295
500
694
354
-135
-158
-104
-349
-322
129
202
-48
-43
61
-159
-277
33
211
-68
-258
-31
211
195
197
85
-131
-143
-150
-180
-59
340
348
-73
-128
0
-166
-242
-109
-205
-221
21
92
-3
184
471
309
33
191
290
109
125
180
47
-53
-197
-417
-333
-167
-223
-230
-32
61
-95
-125
-25
-70
21
326
230
53
253
200
-76
31
92
-245
-347
-160
-280
-404
-121
-42
-159
95
319
145
284
529
271
290
503
166
-95
148
54
-225
54
203
-177
-275
-21
-203
-445
-188
-191
-486
-177
151
-130
-130
218
100
-89
300
494
165
40
28
-146
-99
180
168
-34
88
207
-18
-163
-116
-200
-307
-432
-534
-229
156
102
59
221
184
111
176
126
20
54
-111
-468
-504
-162
-187
-286
136
434
280
236
171
-214
-49
362
125
-238
45
249
-62
-49
249
332
294
246
-49
-193
51
230
3
-146
97
68
-279
-461
-373
-290
-322
-461
-208
288
359
262
452
542
461
420
238
25
-66
-167
-571
-831
-498
-176
-338
-248
102
282
320
219
231
470
422
42
-31
213
240
-6
-103
-63
-124
-126
-166
-351
-270
-81
-283
-520
-200
59
-200
-250
83
42
-136
103
311
134
44
29
-183
-400
-295
183
441
372
502
733
529
291
241
47
-301
-449
-356
-335
-230
123
187
-110
53
361
143
-72
48
-24
-277
-58
290
207
148
421
262
-270
-214
-60
-475
-732
-469
-399
-559
-173
351
236
115
208
-59
-397
-295
-220
-388
-365
-97
262
576
887
959
727
644
373
-65
-293
-403
-468
-480
-435
-186
160
227
197
217
100
-140
-311
-296
-64
156
227
288
406
361
154
-20
-138
-291
-417
-449
-451
-376
-81
194
221
298
442
257
-148
-210
-121
-275
-276
-81
-145
-237
11
184
124
370
474
-44
-268
91
60
-266
-91
14
-285
-167
235
336
422
792
682
4
-78
138
-155
-399
-158
-184
-397
-236
-135
-227
-204
-78
-301
-607
-347
100
204
377
880
926
596
485
325
-40
-388
-584
-819
-895
-491
-71
-56
-70
316
445
218
211
366
326
-2
-63
-23
-258
-319
-204
-383
-435
-161
-77
-194
-174
-51
-16
63
337
572
633
690
528
160
-75
-60
-141
-381
-474
-335
-218
-307
-144
273
411
227
146
335
440
356
299
181
-220
-511
-425
-347
-323
-165
-123
-355
-283
119
201
-67
207
604
201
-139
41
-11
-214
-103
-206
-612
-621
-256
-244
-154
413
587
252
304
538
367
397
695
517
64
9
-43
-562
-808
-575
-577
-744
-399
59
77
174
510
631
436
381
458
264
-41
-147
-265
-426
-359
-272
-422
-423
-152
-46
-57
189
466
300
218
515
459
214
325
228
-175
-184
-48
-234
-428
-492
-552
-494
-257
-40
224
496
483
291
190
172
136
191
173
-77
-306
-386
-466
-333
-63
-127
-226
-26
133
253
644
697
324
82
-17
-221
-303
-30
7
-218
-276
-205
-280
-217
11
-21
-164
-140
-15
25
164
500
555
184
93
117
-258
-558
-482
-442
-583
-500
-208
92
250
445
650
585
546
570
408
125
1
-18
-125
-402
-426
-108
6
-53
-19
8
-50
9
121
227
206
73
-81
-226
-162
93
201
75
-75
-272
-471
-438
-97
170
44
-77
48
27
-89
134
361
146
-116
-200
-299
-308
-40
59
-117
-56
57
-102
-184
207
488
165
-129
-62
-88
-156
86
275
188
169
122
-124
-117
190
269
112
143
245
26
-154
8
119
-24
-214
-283
-322
-193
35
19
-106
-70
16
67
228
321
271
202
105
-131
-292
-186
-35
-39
-202
-170
12
32
15
168
285
99
-171
-273
-287
-257
-147
-207
-362
-331
-288
-400
-333
2
200
203
390
627
546
621
741
344
-34
130
30
-479
-527
-174
-226
-413
-54
98
-181
-58
298
104
-41
356
423
-17
-9
289
-1
-341
-82
18
-295
-169
49
-266
-385
145
436
217
249
514
322
-103
-94
-113
-440
-544
-493
-570
-360
103
270
152
259
600
495
125
197
419
197
-169
-138
-37
-264
-280
69
89
-102
-9
-128
-509
-378
46
87
43
328
359
-114
-200
84
-60
-307
-260
-339
-519
-378
-81
83
105
164
285
226
238
485
350
8
-20
-52
-102
85
269
252
34
-189
-259
-346
-269
-57
-48
-2
248
323
314
365
222
45
-124
-425
-535
-327
-190
-217
-101
113
85
-8
182
403
309
370
447
111
-5
47
-180
-434
-387
-363
-475
-330
-20
-18
-26
273
164
-117
180
482
299
281
429
208
-1
120
72
-171
-164
-148
-395
-467
-200
-137
-190
-157
-298
-342
-20
293
346
388
410
157
-158
-232
-64
92
59
-170
-218
-8
-15
-86
119
30
-311
-179
29
65
356
719
372
-67
130
164
-284
-307
27
-213
-386
-67
-68
-184
250
335
-309
-427
-11
-164
-297
310
561
22
-93
170
24
-35
108
-32
-296
-183
-40
-32
169
394
274
54
10
75
299
288
61
-106
-261
-564
-543
-160
-77
-126
168
428
263
408
586
127
-285
-103
-283
-725
-348
142
-83
-216
120
-23
-337
-5
323
9
-56
224
48
-128
77
138
-45
79
244
155
80
105
84
-49
-54
-3
26
77
115
108
3
-254
-297
-172
-379
-515
-230
-141
-447
-305
142
59
-20
464
670
340
399
582
122
-197
201
157
-342
-139
104
-338
-433
154
115
-309
-60
243
-119
-151
468
434
114
291
203
-345
-380
-1
-27
-192
21
104
-159
-258
-317
-429
-172
100
-20
-8
228
207
0
-57
-33
-154
-357
-349
-214
38
325
288
178
434
500
199
201
412
257
-138
-256
-350
-491
-428
-303
-305
-10
420
287
67
308
390
-37
-202
-19
38
-28
184
427
405
356
244
-164
-519
-482
-502
-635
-540
-284
-181
-191
-159
-19
116
324
486
363
286
344
261
-21
-184
-130
-35
-123
-302
-312
-81
144
152
220
362
348
145
83
164
160
135
13
-318
-568
-464
-417
-542
-403
-15
50
-51
159
343
281
257
321
217
231
332
141
-71
-36
13
-109
-257
-264
-197
-254
-298
-210
-61
10
83
223
254
152
175
222
119
66
-4
-294
-438
-109
116
-43
101
444
279
104
79
-87
-201
-180
-261
-373
-184
146
169
44
258
347
38
-88
26
100
92
30
-135
-301
-324
-309
-298
-196
57
128
88
57
68
236
253
-39
-114
138
89
-153
-77
205
276
176
23
-160
-257
-80
35
-133
-26
211
-14
-314
-123
240
327
190
79
-54
-181
-121
-74
-123
12
70
-348
-663
-349
96
134
157
424
437
142
45
119
97
201
141
-289
-381
8
148
-37
-52
52
-157
-445
-253
-7
-55
14
173
115
227
397
272
78
41
59
-186
-326
-33
184
-104
-405
-327
-146
-121
-75
224
433
365
199
1
-157
-84
-44
-165
-142
73
242
120
-7
-23
-209
-467
-478
-217
156
348
263
367
509
292
119
-10
-308
-432
-417
-538
-440
59
350
232
151
122
-63
-119
74
84
28
228
214
-20
19
172
84
-95
-175
-257
-296
-247
-141
1
125
230
286
407
483
249
107
141
-124
-435
-455
-454
-463
-348
-292
-156
128
172
126
347
554
269
74
275
192
-80
36
155
-232
-364
-153
-302
-469
-162
-6
-234
-111
186
198
229
434
420
153
37
-58
-182
-14
258
102
-129
-59
-108
-233
-142
-43
-61
-21
-64
-108
3
190
256
155
87
47
-30
8
-17
-212
-179
-96
-146
-65
0
-32
188
370
317
281
250
156
-63
-284
-305
-260
-312
-331
-376
-297
-97
-172
-147
154
139
14
102
46
7
229
308
189
294
353
46
-273
-257
-151
-216
-163
-52
-136
6
287
36
-86
270
242
-93
-21
357
427
153
54
61
-191
-382
-377
-422
-285
-35
-13
0
217
368
192
24
131
277
179
33
-20
-106
-150
-242
-354
-239
12
74
-89
-222
-12
240
34
-142
24
-19
-261
-282
-65
207
328
352
249
154
200
91
-119
-11
178
46
-101
-77
-16
-101
-63
-8
-250
-255
38
-9
-106
101
135
-68
-203
-57
87
143
231
218
89
153
219
-108
-221
-121
-226
-430
-376
-116
106
218
192
176
130
103
-24
-192
-205
-167
-232
-274
-227
-154
-120
-242
-239
-12
148
229
529
776
689
501
416
253
1
-154
-192
-235
-454
-530
-378
-171
-53
50
103
195
234
148
181
66
50
192
80
-189
-111
13
-108
-72
-4
-64
-137
-131
-235
-456
-376
-140
-226
-287
80
316
244
346
464
220
-117
-118
30
25
97
270
234
56
-12
-28
-150
-165
-38
-30
-166
-144
62
68
53
250
260
-43
-123
24
36
-30
-21
-87
-374
-330
21
-44
-179
225
339
16
164
531
419
111
12
-228
-488
-320
-140
-371
-332
-44
-206
-341
45
303
222
172
111
62
74
54
-97
-175
-160
-272
-360
-219
51
294
330
194
229
441
410
125
-86
-184
-200
-174
-97
80
339
371
93
-42
-50
-116
-62
-11
-132
-80
53
-84
-14
399
394
8
-33
100
-259
-574
-311
-235
-369
-147
-37
-241
4
225
-126
-238
135
185
-211
-151
241
184
-10
144
111
29
254
160
-72
96
231
-30
-226
-101
-40
-108
6
145
119
267
326
118
276
470
88
-346
-372
-348
-440
-336
-88
41
43
78
-65
-170
108
42
-304
-294
-15
89
94
245
375
313
99
-2
-58
-110
-175
-260
-274
-173
-39
131
172
39
53
244
178
78
309
272
-25
-199
-127
-133
-75
145
107
-55
-3
78
-152
-179
113
88
-214
-233
-122
-108
93
245
56
-145
-112
49
135
147
298
427
166
-157
-226
-234
-370
-549
-485
-292
-239
38
378
410
480
561
120
-411
-416
-340
-364
-199
147
117
-64
69
165
56
228
338
15
-74
226
353
162
87
87
-119
-413
-321
-125
-112
30
79
-90
-122
-29
-101
-156
-66
15
2
37
383
500
273
283
287
-86
-210
-55
-60
-6
103
66
-168
-187
-29
-132
-262
-67
-104
-364
-211
68
74
80
224
127
-121
-48
130
39
62
235
110
-133
-46
68
-76
-149
-53
-57
-46
260
393
164
70
144
-99
-293
-106
-133
-305
-272
-169
-154
5
135
-51
-168
-47
-97
-248
-86
66
17
156
257
108
254
400
158
76
325
225
-78
-64
-177
-468
-377
-71
-162
-177
198
371
209
198
250
41
-55
-93
-269
-315
-102
-4
-30
25
46
-12
-73
-42
-31
42
149
164
138
98
16
24
121
30
-173
-99
-71
-359
-306
20
-45
-166
87
98
-201
22
435
235
29
319
189
-225
25
182
-226
-251
10
-269
-456
70
378
77
235
603
202
-185
40
73
-157
-82
-24
-210
-241
-54
-80
-168
-51
-125
-407
-314
-77
-118
-73
6
-124
-118
121
172
97
172
193
-1
-16
97
110
363
652
374
36
217
178
-96
92
339
-142
-603
-353
-308
-501
-108
261
-122
-313
29
19
-46
401
489
73
53
161
-106
-49
326
237
-191
-257
-187
-530
-444
-62
-205
-272
102
200
33
268
453
207
-29
39
-17
-231
-76
14
-171
-115
-59
-281
-218
104
162
4
-67
-18
-94
-38
352
463
181
115
-45
-355
-193
32
9
82
171
88
10
162
371
220
56
-10
-232
-264
-112
-215
-291
-65
-59
-158
27
124
-36
-10
50
-6
245
563
327
-45
-33
-181
-516
-321
79
3
-102
57
-40
-282
-100
54
-100
40
284
145
58
270
356
215
143
139
35
-41
-38
-98
-309
-464
-437
-362
-231
28
308
305
192
268
250
25
-53
72
-49
-287
-221
-79
-198
-244
-19
-102
-192
59
120
-72
40
274
120
-31
86
214
143
97
95
-5
-161
-272
-317
-290
-57
283
362
248
186
151
-2
-226
-91
63
-73
-165
-10
72
121
229
159
106
163
148
-52
-154
-112
-111
-138
-20
41
-68
-154
-321
-404
-113
147
55
-1
18
96
240
242
109
25
-77
-416
-696
-469
41
310
312
238
147
81
57
-20
114
343
225
-16
-41
23
-50
-75
-148
-398
-559
-313
80
185
362
469
174
-153
-198
-71
-3
61
69
21
35
120
166
110
81
43
-147
-305
-207
-19
58
177
319
218
-5
-42
72
-138
-347
-231
-174
-230
-118
59
-6
-12
55
29
-106
-41
157
88
47
276
292
0
53
165
-162
-448
-218
98
50
44
241
120
-192
-137
20
-9
146
287
99
74
190
99
-117
-189
-85
-120
-243
-217
-148
-212
-210
-130
-148
-103
-47
88
226
317
478
377
53
-31
15
-105
-120
-118
-232
-307
-341
-196
-49
-2
134
73
-200
-150
161
210
146
131
80
84
151
319
231
12
-25
-187
-339
-98
127
100
193
228
208
359
417
147
-60
-75
-263
-514
-445
-280
-305
-210
12
-5
36
339
174
-217
-84
27
-204
-185
39
13
-33
201
330
261
282
307
24
-123
100
0
-196
-68
27
-61
-79
-159
-280
-157
-10
-150
-267
-95
12
-95
-42
96
65
208
226
15
29
198
79
-165
-167
-64
23
63
118
-70
-193
-33
-78
-270
-123
171
125
42
293
506
330
260
233
-43
-246
-205
-226
-213
-32
-44
-161
-100
203
152
-38
77
-4
-290
-257
-37
-53
77
271
150
-112
-107
29
-157
-283
-90
-62
-65
260
418
263
286
237
-194
-414
-301
-254
-284
-176
-2
141
327
470
386
202
95
-23
-112
-243
-346
-272
-228
-268
-133
39
16
-39
5
-19
-53
159
319
206
161
215
-83
-324
40
244
-96
-163
88
-102
-402
-177
-11
-140
-17
162
-18
98
556
417
146
408
417
-56
-122
-102
-394
-365
-47
7
-15
165
119
-46
10
16
-114
-91
-38
-73
46
102
10
59
75
-185
-320
-104
-29
-116
96
252
30
-26
123
-21
-149
8
-52
-260
-202
-51
-18
6
0
-69
-118
-201
-255
-73
249
330
234
234
167
77
116
47
-132
-42
65
-187
-217
122
167
-139
-162
113
167
55
53
162
137
30
18
102
213
258
94
-309
-437
-258
-267
-458
-228
165
35
-293
-232
45
177
395
527
291
123
343
273
-136
-70
244
-65
-630
-441
-33
-251
-428
-215
-245
-273
71
250
169
427
646
251
69
424
371
-145
-223
-45
-243
-408
-245
-155
-157
-55
-132
-212
125
436
290
41
26
-8
-175
-307
-203
55
-56
-392
-345
-23
46
-41
53
102
97
239
395
382
443
593
233
-304
-300
-97
-238
-353
-101
-84
-322
-134
240
252
319
609
350
-152
42
327
-35
-229
85
-23
-340
-181
-64
-340
-287
-49
-406
-660
-95
358
133
182
515
269
-84
59
86
-102
-1
74
-257
-377
15
88
-137
2
168
-7
-94
195
277
53
2
-35
-182
-163
30
107
114
85
-34
-133
-173
-112
-25
67
49
-20
1
-9
-105
-61
115
-9
-196
-5
108
-12
60
89
-122
-157
73
-65
-277
11
367
203
102
406
312
29
69
21
-296
-169
53
-131
-125
250
302
-83
-84
10
-326
-396
-153
-197
-139
154
80
-80
194
324
7
-107
79
5
-94
138
161
-75
-123
-72
-252
-213
222
326
115
79
110
-160
-299
-93
-33
-195
-198
6
99
162
321
345
158
85
94
-61
-149
-35
-43
-206
-215
-16
87
5
-32
26
0
-85
-17
6
24
136
159
120
139
229
172
-123
-325
-166
-172
-429
-276
56
-24
-127
139
128
-203
-112
110
-132
-134
344
171
-338
-162
-38
-405
-301
162
160
177
623
598
102
244
469
0
-172
244
107
-307
-126
-91
-510
-430
-40
-259
-351
65
192
125
384
609
379
242
325
37
-317
-250
-313
-558
-453
-282
-290
-121
99
116
141
276
228
51
206
282
82
144
214
-3
-64
-19
-375
-593
-325
-195
-299
-7
459
272
106
313
135
-195
52
182
-153
-53
245
62
-180
42
177
-183
-333
-97
-80
-128
64
136
37
166
229
-3
-84
45
80
-82
-106
106
239
133
-89
-141
-83
-231
-429
-198
88
-37
-35
93
-17
-93
1
-123
-279
21
241
-17
-78
401
473
96
166
230
-207
-279
56
-33
-166
129
138
-244
-120
216
-5
-219
141
114
-241
14
187
-179
-161
210
10
-189
95
216
36
108
194
-50
-82
-5
-271
-419
-126
-40
-115
97
277
270
307
319
183
65
0
-184
-400
-355
-243
-196
84
317
174
69
11
-281
-420
-261
-115
-36
119
186
114
128
332
452
305
242
83
-271
-441
-417
-459
-444
-328
-283
-187
38
333
454
427
376
168
-27
-17
-42
-164
-81
101
73
115
311
304
114
-101
-289
-364
-268
-116
-40
58
175
149
31
147
230
97
-52
-249
-282
-158
-115
-117
17
100
112
119
154
291
244
97
-51
-263
-297
-182
-280
-387
-171
8
17
146
434
546
418
249
105
-98
-160
-147
-333
-284
-4
-51
-243
-124
24
-7
-66
-1
41
35
155
229
128
126
188
-21
-178
-118
-125
-206
-140
2
15
14
-13
-152
-241
-216
-219
-170
46
187
211
317
371
227
66
-70
-174
-232
-234
-150
4
87
97
120
125
156
194
177
34
26
75
-168
-246
78
90
-154
55
306
165
86
182
30
-241
-197
-187
-356
-110
257
109
-140
-59
-3
-80
30
117
-86
-225
-65
-2
-9
190
219
-123
-256
-93
-150
-187
31
111
-149
-217
87
244
165
215
261
120
85
88
-19
-109
-101
-235
-398
-187
137
139
93
165
-3
-180
-85
58
136
266
403
339
82
-41
0
-142
-337
-409
-424
-389
-254
47
310
312
215
187
143
83
98
203
130
-88
-147
-41
-45
-94
-1
-74
-266
-270
-150
-176
-82
215
288
161
261
313
-32
-168
48
33
-138
-11
3
-271
-231
46
44
12
159
71
-196
-181
-107
-172
-68
76
24
4
111
97
-18
21
57
-58
-133
-123
-198
-132
75
75
67
183
183
53
72
116
64
103
114
-77
-167
48
117
-13
0
67
-4
-43
58
48
62
142
89
-73
3
96
-147
-240
-48
5
-118
-39
98
39
36
154
-7
-244
-222
-242
-404
-238
110
175
159
253
215
2
-17
-59
-244
-189
84
156
88
214
173
-128
-212
-136
-94
-19
-47
-139
-14
144
127
213
394
252
-14
-31
-31
-121
-12
49
-169
-231
-89
-169
-318
-129
19
-51
37
284
250
119
234
204
-43
-41
22
-155
-151
56
152
172
200
97
-98
-186
-169
-162
-84
-1
-118
-151
0
-4
-65
39
25
-133
-110
11
-33
-9
153
70
-114
-27
107
-25
31
231
47
-184
-90
-42
-196
-120
56
-20
-109
70
173
146
172
135
-23
-140
-153
-163
-112
-36
26
16
65
219
264
180
148
161
93
21
26
21
-133
-245
-167
-100
-8
57
-5
4
77
41
0
46
2
-223
-395
-318
-186
-75
137
266
231
229
200
119
79
141
140
-28
-155
-197
-201
-167
-112
-84
-26
14
-29
-29
89
109
-24
-67
-28
-85
-69
174
320
276
158
-18
-184
-263
-309
-387
-322
-111
44
124
290
404
289
133
-4
-133
-146
-126
-195
-125
122
146
-25
23
116
-43
-182
-64
36
56
191
222
76
54
59
-181
-289
-91
-54
-190
-44
165
58
-9
141
76
-108
17
104
-84
-29
247
217
53
24
48
5
10
63
45
-27
-86
-163
-218
-162
-168
-225
-297
-232
19
266
341
326
391
376
104
-118
-114
-234
-357
-309
-283
-249
-65
29
-9
142
389
340
134
162
149
-16
27
102
-44
-143
-191
-366
-408
-167
26
-19
-5
32
-79
-20
199
137
34
174
176
86
209
328
205
104
76
-93
-274
-201
-121
-191
-70
66
-95
-133
61
-58
-239
-65
-52
-256
-134
90
51
32
188
65
-203
-40
156
30
100
310
132
-12
207
189
-25
58
136
-89
-174
3
-35
-82
40
-17
-242
-196
-56
-142
-109
92
138
-41
-1
139
18
-50
82
48
-128
-96
-19
-30
-3
83
-26
-194
-145
-148
-361
-416
-211
-78
55
194
285
419
472
286
115
51
-36
-50
-50
-53
26
146
168
121
173
180
-102
-307
-195
-132
-88
81
91
-8
88
130
25
73
180
12
-292
-261
-164
-222
-114
34
-99
-168
-39
-59
-74
148
287
139
86
155
63
-46
92
102
-60
31
117
-152
-273
-75
-201
-447
-294
-55
3
236
550
467
291
319
189
-118
-229
-257
-341
-255
-197
-181
-37
-7
-156
-191
-10
132
201
317
344
252
234
163
-34
-45
69
-95
-232
-89
-27
-107
-104
-138
-360
-391
-166
-50
49
348
473
263
196
238
83
-93
-102
-150
-230
-150
-67
-69
-12
38
-93
-143
3
23
-157
-120
100
144
168
228
160
-32
-168
-256
-291
-178
-27
53
124
262
245
118
109
115
50
62
124
53
-36
-91
-124
-101
-21
-30
-127
-164
-85
-16
17
112
171
143
97
89
21
33
59
13
-32
-83
-212
-319
-310
-326
-265
-175
-74
-37
45
210
260
248
261
258
107
39
85
73
106
168
38
-150
-128
-67
-198
-306
-167
-46
-24
127
350
333
250
156
-63
-224
-246
-187
-248
-251
-65
53
-25
73
260
102
-59
-5
34
-28
-29
43
51
20
87
78
-122
-183
-111
-152
-168
11
94
-41
-89
30
-39
-229
-144
-84
-164
-121
47
110
172
328
309
160
178
248
110
71
176
169
62
-28
-114
-130
-196
-377
-290
-85
-37
1
168
190
97
151
134
-4
24
234
155
-43
11
-74
-410
-395
-152
-196
-207
-21
-58
-155
105
307
222
216
251
-21
-180
10
62
-96
-80
-14
-114
-52
123
160
109
76
-64
-171
-72
-42
-221
-213
-68
-90
-54
192
344
231
215
136
-76
-178
-156
-251
-281
-48
56
67
167
224
81
20
74
14
-90
-37
86
49
18
151
166
-22
-98
-87
-224
-309
-168
-137
-194
-110
14
36
118
371
455
358
366
320
96
-67
-146
-224
-293
-312
-321
-310
-192
-58
-65
-133
-90
7
22
-23
71
226
97
-72
73
132
29
69
127
43
-30
-2
-62
-239
-289
-207
-197
-83
182
247
242
426
533
370
123
-27
-195
-389
-281
-79
-166
-245
-133
-124
-166
60
265
237
223
307
242
126
178
105
-63
-47
-49
-194
-169
-33
-120
-237
-100
27
-20
-16
78
44
-37
-77
-141
-160
-63
15
-26
30
165
94
-62
-17
5
-115
-175
-165
-198
-89
23
2
7
25
-8
-81
-10
151
253
277
286
218
223
276
155
-7
-59
-177
-344
-347
-283
-214
-123
-18
-8
-23
91
205
160
154
273
224
67
70
71
-112
-269
-334
-433
-465
-299
-95
-4
113
308
355
331
385
306
147
41
-59
-150
-127
-106
-221
-322
-169
-23
-127
-100
45
39
-6
114
219
330
374
220
86
80
27
-125
-215
-198
-272
-432
-328
-179
-178
-22
192
130
115
228
248
239
264
288
143
-65
-198
-303
-382
-272
-164
-189
-67
50
26
65
263
317
187
112
41
-63
-81
-20
-77
-114
-45
-28
-153
-139
50
101
57
105
234
227
235
248
88
-82
-145
-310
-523
-362
-112
-182
-294
-51
180
185
289
469
494
346
231
60
-197
-287
-177
-275
-433
-362
-326
-437
-318
9
54
42
209
256
80
119
265
187
159
367
419
179
61
66
2
-221
-264
-192
-240
-151
17
26
-24
137
161
17
-32
0
-73
-140
-37
43
-8
-23
68
28
-1
53
19
-160
-258
-194
-95
-39
31
103
105
94
85
77
84
160
127
-56
-164
-157
-170
-143
33
135
79
56
92
49
62
184
160
24
-12
-20
-161
-199
-74
-70
-181
-135
-27
-94
-60
132
114
-12
79
158
36
62
246
210
22
-33
-98
-265
-220
-42
-83
-165
18
88
-114
-123
72
102
36
78
70
48
122
97
-12
-11
90
58
-102
-73
89
43
-118
-130
-20
31
-24
-123
-176
-57
0
-124
-176
-66
83
124
45
56
197
235
130
107
204
155
-76
-190
-147
-143
-147
-218
-264
-174
-67
-36
-33
115
267
199
65
115
129
21
-18
-41
-143
-141
-9
-25
-100
13
116
-63
-138
58
57
-133
-20
159
65
101
274
168
8
134
82
-218
-148
107
-42
-223
-23
70
-91
-52
161
91
-24
118
50
-163
-24
125
-81
-171
20
29
-147
-63
80
-25
-124
-102
-113
-110
33
85
71
100
59
22
67
54
-6
58
16
-124
-111
-75
-132
-86
65
39
-39
20
76
-40
22
221
89
-33
124
164
-13
47
169
1
-208
-174
-206
-389
-291
-85
-121
-72
204
237
99
162
283
141
-6
70
133
115
117
87
-47
-151
-200
-294
-431
-382
-185
-120
-120
78
328
284
207
307
325
115
19
53
-62
-122
-4
2
-222
-244
-147
-251
-261
11
182
107
169
249
164
192
324
210
-26
-22
-22
-205
-282
-119
4
-82
-226
-284
-260
-253
-263
-213
-38
81
129
242
337
339
432
435
130
-120
-167
-246
-328
-147
-18
-117
-103
36
44
70
219
149
-109
-78
85
26
53
268
231
-63
-150
-164
-287
-258
-11
-14
-112
137
293
155
146
196
-23
-172
-43
8
-67
20
101
-55
-143
-56
-127
-275
-263
-215
-235
-147
75
218
262
283
309
321
326
265
174
54
-166
-246
-159
-156
-196
-101
-116
-255
-237
-172
-187
-135
78
179
211
339
379
162
14
109
36
-162
-114
-31
-114
-103
-40
-131
-184
-59
-36
-46
81
144
22
-17
56
39
61
176
148
-73
-113
-4
4
51
161
93
-50
-70
-116
-180
-109
-18
-104
-141
-33
15
-6
20
64
49
62
105
86
104
183
99
-2
-69
-205
-255
-156
-87
-98
-59
-8
-51
1
217
203
95
195
168
-73
-57
60
-40
-43
70
-13
-192
-153
-51
-122
-79
128
99
-29
68
113
-23
11
110
-28
-221
-226
-136
-112
-71
28
-3
-55
35
85
152
283
285
201
84
9
6
-17
-42
2
-24
-98
-117
-147
-122
-90
-55
30
32
-8
86
105
54
72
35
-62
-107
-53
-35
-143
-248
-191
-86
28
145
141
143
165
99
8
-20
8
-19
-77
-18
43
-88
-115
-4
-26
-49
87
168
54
18
103
96
-3
17
29
-100
-122
-85
-149
-131
29
56
-25
49
113
65
-17
-8
13
-74
-107
-88
-52
-26
6
63
147
167
127
90
26
-81
-78
-74
-195
-170
-2
42
-52
29
93
-43
-70
100
146
86
145
178
62
-24
-10
-99
-258
-291
-233
-205
-96
150
302
206
63
39
34
-30
8
93
63
-11
-11
-33
-136
-84
-19
-201
-374
-230
-86
-102
68
388
394
139
95
74
-147
-203
-42
-134
-320
-132
103
22
11
233
265
73
89
216
68
-43
55
-22
-224
-130
-4
-51
26
192
139
-55
1
127
4
-89
30
50
-13
29
38
-28
-47
-44
-101
-226
-274
-152
-25
-27
8
165
188
78
114
205
74
-100
-106
-158
-255
-140
-8
-2
61
124
21
-13
112
135
50
21
57
-10
-73
-4
-2
-101
-130
-149
-189
-100
33
81
89
164
197
108
147
250
135
-31
-54
-119
-209
-251
-212
-119
-84
-48
4
54
96
103
10
-30
39
40
-33
-55
78
130
-30
-44
158
183
-28
-62
36
-53
-139
-58
-50
-143
-113
-84
-181
-131
36
34
-44
109
335
302
205
181
94
-45
-104
-153
-203
-88
-28
-115
-150
-123
-134
-134
-53
19
121
222
238
225
272
283
128
-33
-93
-198
-252
-150
-142
-157
-20
41
-45
-25
123
125
12
62
129
43
41
47
-99
-185
-113
-99
-137
-17
80
1
-3
129
113
125
266
215
52
60
56
-77
-83
-6
-74
-199
-139
-63
-105
-95
-86
-186
-194
-10
84
74
143
168
49
-31
-40
-66
-43
42
94
77
75
78
-7
-128
-190
-266
-281
-224
-207
-150
-28
64
65
77
146
175
209
227
133
91
163
100
-67
-21
92
16
-85
-34
35
3
-46
-80
-78
58
107
-53
-51
191
264
101
-15
-30
-33
-89
-172
-167
-53
3
-78
-91
52
84
-47
-159
-143
-28
54
11
16
148
161
50
29
149
105
-36
-53
-102
-148
-82
-43
-111
-82
36
40
-60
-43
80
101
84
81
3
-40
17
7
-38
-35
-56
-156
-216
-165
-139
-78
40
95
133
253
356
300
202
89
-68
-188
-277
-355
-276
-117
-108
-123
-31
100
106
94
183
202
102
8
-22
67
180
132
63
4
-117
-173
-127
-116
-79
-25
-38
-53
1
141
189
62
-18
-34
-172
-187
25
155
161
186
161
-16
-112
14
18
-122
-23
60
-146
-111
220
231
-33
-69
-66
-285
-278
16
35
-121
-2
55
-128
-132
83
134
66
104
82
-15
54
120
-94
-223
-62
27
-55
1
103
30
-130
-196
-147
-61
52
101
125
122
143
142
153
168
119
69
-58
-151
-54
94
55
-39
-120
-153
-152
-112
-28
-29
-35
-21
-48
-46
132
236
135
21
-1
-4
-42
0
68
-37
-190
-203
-128
-7
128
143
4
-59
-27
11
78
215
301
136
-95
-157
-173
-212
-109
31
-14
-74
-30
24
24
59
98
-16
-148
-134
-55
-31
18
44
1
13
12
-41
3
142
201
46
-101
15
78
-20
2
88
-32
-158
-119
-111
-115
9
133
21
-100
-26
66
51
131
193
58
-52
-77
-162
-215
-119
32
59
13
121
194
86
6
80
52
-101
-170
-95
-35
-14
-5
-27
-31
-39
8
31
56
178
224
81
0
60
-11
-179
-182
-125
-181
-170
6
83
-11
85
256
154
40
119
131
34
76
108
14
-104
-165
-282
-370
-271
-149
-179
-159
61
143
133
109
69
25
18
3
11
69
160
258
192
117
96
62
-61
-190
-249
-210
-153
-177
-147
-8
145
196
150
160
264
208
54
2
1
-82
-174
-167
-166
-156
-152
-146
-130
-29
118
152
145
150
124
104
127
82
-30
-96
-86
-141
-186
-110
-63
-61
-63
-47
33
96
48
17
-11
-60
-49
3
66
82
84
66
31
40
78
9
-59
40
59
6
64
69
-32
-101
-139
-189
-129
62
160
114
80
67
-72
-163
-133
-161
-149
-35
-34
-83
11
123
109
62
95
102
68
72
129
127
147
117
-72
-223
-231
-267
-294
-148
-19
-12
-6
114
176
167
226
222
33
-33
37
-27
-78
-40
-60
-111
-123
-117
-88
-34
49
92
62
32
-9
-76
-32
15
49
118
69
-68
-93
-63
-40
42
61
38
28
-31
-120
-118
-40
-14
-81
-28
68
-12
-64
25
86
57
63
91
82
68
88
61
-39
-5
37
-89
-128
-19
-25
-114
-36
47
19
28
54
-61
-209
-117
9
-20
45
226
246
160
120
119
121
18
-109
-127
-150
-246
-207
-55
19
39
87
105
24
76
145
-33
-152
-56
-111
-242
-89
67
-31
-86
12
22
-6
119
198
68
64
146
-22
-151
-16
11
-117
-47
92
64
27
116
147
29
-86
-138
-188
-216
-133
-60
3
120
145
7
-81
-65
-74
-172
-206
-87
15
91
204
309
278
160
44
-65
-164
-160
-66
-46
-83
-4
96
11
15
174
178
94
71
14
-125
-108
-6
-47
-59
68
56
-150
-155
-26
-32
-97
-89
-47
23
117
173
139
89
78
-19
-94
-29
75
54
-84
-190
-178
-110
-81
-51
-20
-23
-7
91
156
208
219
107
-39
-121
-34
44
30
18
31
0
-74
-52
35
36
-46
-73
-79
-125
-127
-34
-13
-20
86
73
-100
-143
12
5
-76
-7
67
26
19
123
150
164
288
309
98
-5
-20
-165
-301
-226
-163
-236
-194
-88
-45
69
252
229
86
97
129
59
40
123
123
-29
-144
-104
-112
-209
-236
-190
-141
-141
-82
-15
49
120
173
135
109
220
200
76
33
37
-81
-243
-192
-44
17
45
55
-7
-14
41
-18
-61
-14
14
-99
-151
-16
94
111
26
-37
15
30
-33
-11
56
50
-18
-62
-78
7
139
54
-150
-122
10
-33
-103
20
120
-32
-119
-48
73
189
256
213
108
72
-15
-178
-257
-194
-198
-231
-176
-61
59
105
93
55
60
0
-43
56
200
226
200
247
214
95
12
-124
-304
-253
-140
-174
-141
28
60
-12
-10
10
-13
28
143
126
95
134
111
-38
-49
47
-63
-241
-208
-64
-15
56
142
145
82
-16
-126
-126
-9
27
-38
-102
-121
-76
-56
-68
-35
32
25
-26
-2
75
123
97
61
37
75
77
-22
-64
46
76
-44
-52
17
38
-70
-185
-207
-182
-152
-82
7
128
267
212
67
1
36
3
-69
-88
-39
46
40
18
60
125
45
-106
-165
-74
38
49
25
42
50
20
-50
-84
-34
-32
-76
-146
-133
-21
57
19
-64
-65
-1
35
67
196
287
216
39
-69
-75
-104
-94
-57
-68
-20
80
55
40
184
230
15
-83
24
8
-75
-44
-58
-185
-159
-129
-200
-133
-8
-83
-174
-21
105
62
78
227
245
176
140
34
-43
-10
-25
-203
-200
-9
44
-41
-32
77
94
54
53
87
107
96
-35
-123
-40
23
-33
-65
-58
-45
17
-8
-43
21
123
89
-32
-10
93
53
-36
4
-32
-126
-150
-166
-150
-34
40
-51
-128
-38
66
25
-10
99
104
1
-8
16
69
98
42
-33
-51
-29
-32
-63
-65
-5
8
-82
-86
61
230
241
130
61
-20
-99
-122
-169
-154
-32
8
-12
-5
119
172
105
109
121
46
-57
-177
-313
-284
-160
-66
-9
146
279
242
126
75
60
25
14
-11
1
19
15
-7
16
37
-24
-171
-232
-169
-104
-64
-6
105
133
77
34
55
111
64
-65
-142
-134
-96
-121
-145
-90
8
-29
-85
36
147
113
33
-12
-7
56
99
76
77
174
118
-36
-35
4
-114
-201
-126
-135
-168
-92
9
10
96
248
207
136
217
234
27
-94
-93
-138
-196
-182
-131
-78
-40
-34
-72
-32
73
86
88
111
155
147
122
60
37
8
-106
-125
-108
-118
-52
16
-54
-88
-14
24
-52
-64
17
-3
-20
89
147
117
146
89
-81
-154
-171
-238
-251
-117
-39
-46
71
190
135
163
303
229
39
-12
-48
-123
-49
44
-27
-46
-47
-166
-180
-44
5
-87
-70
45
105
144
222
204
73
68
91
13
-28
-4
-125
-346
-389
-250
-154
-96
4
59
84
98
123
175
208
161
73
6
21
81
94
59
13
-4
-86
-183
-203
-186
-229
-221
-97
-2
77
160
173
113
95
70
-29
-119
-62
15
-32
-43
65
111
77
51
25
22
-2
-42
-73
-41
17
40
14
-3
43
23
-71
-98
-52
-47
-123
-138
-65
4
64
112
116
116
137
31
-64
-69
-63
-40
21
79
73
97
152
106
0
-1
-70
-248
-264
-141
-91
2
125
116
100
158
185
58
37
86
-32
-207
-161
-67
-137
-86
-28
-93
-107
53
132
96
155
171
29
-117
-108
-83
-94
-54
-8
-2
21
75
32
-43
-59
-127
-204
-203
-68
108
211
261
239
147
-4
-115
-104
-47
-19
17
16
-32
18
63
-22
-73
-61
-63
-90
-63
46
25
-42
-34
-79
-130
-54
17
-3
29
67
63
36
47
43
14
10
-6
-3
59
148
191
225
204
81
-42
-120
-186
-137
-78
-136
-126
-24
-30
-107
17
137
73
22
51
41
39
148
109
-62
-78
-50
-203
-244
-48
4
-70
-31
44
-6
18
132
89
56
168
137
-21
10
116
21
-158
-173
-206
-264
-190
-85
-30
101
247
200
173
229
204
53
-48
-71
-116
-122
-114
-147
-188
-127
-62
-37
14
83
118
79
47
77
94
40
15
42
-10
-73
-53
-74
-143
-91
-5
-42
-56
70
140
97
135
212
179
116
74
-22
-133
-190
-251
-313
-214
-53
6
32
77
74
-15
-20
50
60
50
73
51
17
62
119
91
-36
-157
-170
-147
-124
-16
66
28
-18
32
96
125
122
104
68
18
-16
-39
-39
-50
-76
-137
-152
-63
36
73
70
36
7
-58
-97
-18
58
57
91
166
116
77
70
4
-148
-232
-237
-308
-273
-63
61
73
186
211
72
-7
-7
-76
-158
-97
20
31
82
258
282
165
144
84
-92
-131
-29
8
-60
-68
-24
-86
-101
46
110
6
-51
-23
-41
-58
-20
22
-35
-91
-55
-68
-67
24
84
-11
-67
17
35
-33
12
147
135
85
120
140
95
36
-25
-133
-170
-162
-196
-215
-137
-29
-29
-47
-7
64
95
83
73
88
84
52
69
57
6
31
9
-96
-94
8
-18
-124
-61
-4
-53
-7
108
109
45
65
17
-134
-119
14
-31
-113
-35
3
-44
19
138
128
89
117
63
9
86
115
-18
-126
-139
-235
-277
-140
-4
36
106
163
159
143
133
78
-8
-15
33
84
69
-9
-93
-139
-256
-341
-248
-129
-83
-6
141
219
245
249
178
71
23
-23
-121
-149
-71
-96
-176
-133
-54
-28
-33
-27
-39
-30
13
50
114
213
284
251
157
57
-5
-23
-150
-264
-258
-185
-144
-62
101
145
112
126
163
105
125
166
-14
-178
-159
-201
-270
-194
-83
-74
-103
-40
41
107
158
193
164
143
154
103
50
46
12
-122
-255
-260
-172
-136
-84
8
33
67
174
200
121
88
78
29
-14
-12
-23
-53
-74
-100
-115
-95
-55
-56
-37
42
56
31
73
139
143
104
47
4
-29
-77
-78
-52
-54
-58
-87
-101
-27
42
60
34
34
35
3
-73
-74
2
-2
-69
-87
29
65
46
84
146
130
99
111
8
-87
-54
-16
-117
-149
-56
0
-29
-11
25
-32
-102
-99
-71
-53
7
47
47
21
66
118
118
133
140
2
-162
-162
-52
-30
-36
23
20
-52
-50
32
13
1
15
7
-31
-42
-8
10
-12
-29
-7
13
62
101
120
87
3
-24
11
20
40
93
50
-53
-67
-47
-116
-135
-70
-106
-171
-93
47
72
92
150
46
-97
-65
-11
-12
99
215
73
-50
40
2
-139
-75
-8
-146
-163
21
62
24
190
245
16
-115
-91
-106
-106
-22
20
4
56
104
74
74
120
23
-118
-147
-146
-165
-147
-55
30
63
54
100
137
165
147
69
-14
-93
-134
-121
-82
-42
5
-17
-44
3
53
18
-35
-16
3
-32
35
117
70
56
89
36
-34
29
32
-80
-117
-118
-131
-67
68
73
-9
29
78
-8
-65
8
34
-18
-3
10
-28
-8
48
3
-45
39
32
-109
-107
33
94
112
157
125
8
-50
-75
-132
-133
-85
-75
-106
-57
58
86
45
14
13
30
51
79
94
77
32
12
-10
-37
-61
-102
-173
-202
-150
-80
21
102
160
182
175
176
144
74
-31
-118
-202
-243
-190
-98
-58
-51
-10
-2
-1
56
125
120
90
77
63
23
12
55
39
-24
-67
-85
-127
-94
-58
-89
-52
46
87
94
164
194
97
0
-21
-75
-101
-66
-75
-114
-72
-2
-11
-34
-16
10
-4
-23
8
88
147
128
88
68
20
-23
-57
-102
-97
-44
-29
-68
6
91
50
-45
-46
-11
-48
-20
63
42
-49
-24
-24
-45
17
120
112
22
-16
-84
-112
-32
27
-29
-51
-12
-9
-29
70
140
31
-106
-155
-125
-108
-17
49
15
8
116
169
103
107
87
-47
-200
-173
-57
-17
0
67
62
10
61
66
18
44
59
-92
-185
-50
63
22
31
53
-54
-111
-18
29
-32
4
17
-61
-63
39
142
172
157
100
27
-22
-45
-70
-70
-57
-100
-165
-128
-29
53
139
131
35
15
40
-2
-31
1
-29
-87
-82
-46
-20
-14
-21
-86
-107
-56
-6
31
108
148
96
68
79
87
73
48
-17
-98
-120
-80
-35
0
-10
-79
-115
-71
-47
-2
135
199
118
42
16
-15
-56
-65
-100
-151
-144
-82
-4
72
149
88
-18
-16
15
-19
0
70
74
38
4
-8
-26
-24
-59
-113
-111
-89
-52
10
71
96
106
113
44
-4
45
36
-57
-46
26
-41
-73
37
82
9
-3
31
-10
-39
0
-9
-100
-94
-54
-98
-68
47
61
37
72
86
21
-18
17
-25
-79
-24
39
5
-9
25
-4
-44
-14
-1
-47
-73
-98
-90
-47
60
169
167
137
94
2
-93
-103
-70
-28
-1
23
6
-11
60
68
-14
-50
-48
-90
-100
-40
45
79
79
47
-13
-35
-14
-27
-69
-41
-50
-94
-50
43
61
83
121
100
45
21
20
-40
-94
-96
-76
-72
-23
55
57
22
48
87
78
89
65
-64
-164
-170
-127
-81
10
84
62
20
-1
10
43
94
90
40
-5
-7
-10
-7
6
-8
-62
-109
-108
-100
-101
-86
-56
-64
-12
92
163
136
98
69
13
-39
-48
-12
-15
-32
-50
-41
-22
18
39
14
-6
31
45
-1
0
28
8
-65
-65
-20
32
68
35
-4
-4
-8
-50
-64
-34
-20
-27
10
63
80
96
89
35
-5
-23
-69
-114
-104
-61
-52
-48
-11
15
14
3
28
33
16
11
16
18
0
5
51
69
43
65
38
-7
-29
-40
-51
-77
-90
-55
-7
36
64
17
16
74
54
-39
-14
27
-14
-57
-16
19
-68
-118
-67
-2
-17
3
-2
-57
-58
-38
-35
10
104
128
107
64
57
40
-5
-22
-1
-10
-66
-83
-76
-68
-41
-1
-29
-50
39
100
47
57
145
145
48
0
17
-26
-74
-79
-92
-102
-43
-29
-100
-67
40
40
-14
64
123
42
-9
48
34
-16
62
96
-9
-44
-13
-97
-127
-6
30
-89
-111
-71
-98
-96
-14
11
-26
57
134
88
50
90
36
-92
-84
22
47
16
48
80
55
50
60
-8
-44
-9
-70
-189
-148
-26
-16
-85
-38
71
71
39
80
89
37
40
-1
-68
-27
60
-24
-120
-21
80
1
-61
51
77
8
-6
27
9
2
18
-37
-37
27
42
-36
-48
19
-6
-82
-110
-76
-23
3
10
43
71
54
8
6
51
109
77
2
6
-6
-73
-119
-116
-99
-98
-106
-57
20
70
78
34
17
51
49
38
29
12
0
-9
-8
3
51
58
9
-32
-26
-21
-32
-21
-13
-37
-53
-17
11
33
40
46
-1
-74
-57
15
27
-34
-34
5
-22
-36
20
44
25
10
-3
-59
-45
32
3
-81
-33
36
-52
-89
21
48
-33
21
123
90
76
150
96
-32
-14
28
-47
-73
-18
-61
-142
-101
-15
-20
0
66
13
-44
9
67
76
74
42
-28
-48
2
23
-20
-48
-69
-117
-113
-56
15
64
16
-38
-21
-1
15
62
80
1
-74
-57
-43
-28
49
109
43
15
82
34
-29
1
-16
-123
-125
-30
-12
13
93
51
-86
-105
-47
-32
22
122
137
75
71
93
56
43
39
-10
-71
-80
-98
-121
-97
-72
-70
-62
-31
38
129
146
99
49
8
-55
-88
-67
-69
-117
-94
-39
14
96
154
141
80
35
-19
-51
-49
-23
-46
-87
-66
-27
19
61
72
41
-20
-83
-107
-76
-33
-14
-23
-22
-3
13
39
39
47
115
113
52
50
84
61
-25
-78
-103
-104
-81
-71
-55
4
26
-5
26
118
113
43
42
76
37
-16
-20
-62
-95
-87
-110
-116
-32
22
-6
-37
-7
22
29
62
84
81
84
55
-13
-28
-27
-73
-139
-140
-91
-41
-11
22
49
39
23
12
46
114
121
63
32
0
-17
-43
-91
-93
-50
-35
-70
-35
12
8
20
58
86
92
106
102
7
-71
-84
-137
-179
-107
-5
5
15
67
68
11
-5
-22
-90
-87
-2
38
54
111
101
28
-13
-3
5
-14
10
31
-8
-14
35
35
-5
-16
-22
-58
-78
-37
-9
-40
-64
-39
-47
-73
-29
33
69
102
113
113
132
152
106
23
1
-45
-165
-211
-141
-100
-92
-53
-46
-54
16
101
107
123
169
128
47
68
103
48
-26
-83
-147
-168
-135
-109
-56
-12
-9
-40
-13
28
22
32
21
-3
1
60
66
58
79
42
-27
-41
-2
10
16
14
-23
-42
-29
-38
-82
-76
-72
-105
-71
-14
21
58
87
59
52
77
59
37
25
26
-18
-65
-64
-67
-54
-1
-7
-51
8
85
80
49
86
93
44
17
10
-8
-56
-78
-99
-109
-94
-73
-84
-45
52
61
21
4
50
62
59
89
102
80
34
-33
-123
-129
-86
-111
-199
-196
-119
-64
-17
65
155
188
180
133
103
124
124
54
15
3
-41
-105
-125
-115
-147
-186
-204
-172
-102
6
101
146
183
198
164
108
91
73
28
-35
-90
-110
-124
-124
-115
-91
-32
17
19
36
77
92
74
67
83
75
28
16
26
-1
-58
-74
-60
-95
-99
-50
-2
-1
20
67
59
19
33
53
29
13
0
-34
-45
-32
-87
-155
-115
-38
-40
-24
32
51
15
-15
-15
2
22
47
56
57
71
71
68
52
19
-29
-75
-129
-108
-38
-33
-73
-67
-4
-5
-19
14
53
55
59
86
79
101
124
46
-48
-45
-29
-108
-142
-79
-65
-70
-26
29
59
102
114
76
70
80
55
-4
-31
-25
-50
-100
-98
-59
-13
10
6
17
11
-68
-100
-38
-2
2
9
24
15
27
50
31
22
45
22
-22
-7
43
19
-29
-29
-61
-83
-66
-49
-67
-80
-59
-56
-28
104
214
214
195
179
99
30
-6
-60
-114
-154
-176
-200
-162
-64
-10
-9
33
105
122
102
119
109
48
14
-15
-59
-69
-58
-117
-179
-146
-93
-96
-50
26
74
115
148
179
198
192
125
26
-73
-117
-124
-123
-117
-92
-68
-69
-55
11
90
83
50
34
19
15
54
79
46
27
9
-45
-70
-42
-33
-59
-77
-60
-48
-14
14
8
14
37
33
3
14
27
6
-12
-13
-24
-11
17
30
45
91
76
-1
-13
24
-15
-89
-83
-101
-125
-89
4
36
40
81
52
-5
4
37
11
18
61
68
26
15
26
-3
-41
-48
-69
-91
-59
-59
-98
-74
-18
-17
-6
70
154
117
52
43
41
22
24
24
-29
-83
-119
-113
-78
1
42
22
-34
-40
-5
29
70
89
77
41
19
0
5
14
3
-53
-85
-69
-25
5
4
22
14
-21
-37
1
42
78
86
31
-43
-71
-38
-54
-67
-54
-47
-71
-56
10
66
85
84
74
19
0
6
-6
-34
-42
-43
-18
36
51
43
25
-27
-77
-106
-79
-36
-12
12
6
11
27
47
46
26
-7
-44
-43
-8
1
0
12
10
-22
-40
-17
36
45
14
-1
-2
25
45
43
39
46
19
-28
-40
6
31
0
-36
-33
-48
-75
-60
-11
29
66
97
103
111
119
87
-15
-54
-84
-133
-139
-90
-79
-96
-84
-40
-34
-46
-7
33
61
88
117
74
45
3
-66
-115
-103
-74
-58
0
87
131
100
93
93
52
-4
-36
-57
-77
-83
-74
-87
-93
-51
-15
-10
21
69
72
68
61
22
-3
-11
-2
-6
-2
27
34
0
-19
-16
1
8
-12
-15
-11
7
14
35
32
43
14
-40
-56
-44
-12
-10
-14
-13
10
-11
-14
-2
1
-3
0
-14
-36
-1
32
12
-24
-1
9
-26
-35
-14
-32
-45
-38
-31
14
36
6
-40
-34
11
9
-15
11
50
60
58
65
69
36
-29
-58
-28
-26
-24
-7
-6
-10
-6
-1
2
37
76
66
4
-3
0
-42
-48
-30
-31
-29
-5
13
24
39
36
-10
-44
-42
-19
-26
-4
54
49
15
-13
-15
-10
-26
-46
-56
-58
-19
17
33
81
103
41
-32
-70
-51
-50
-79
-57
-28
-1
-11
-7
29
39
12
-19
20
69
94
84
36
2
-27
-76
-102
-102
-68
-28
-22
-1
34
58
70
61
31
28
47
44
45
64
48
-11
-96
-118
-74
-54
-39
-15
-7
-6
-12
-23
-1
36
61
76
60
44
55
18
-51
-91
-111
-113
-122
-115
-47
8
24
36
73
109
127
118
76
29
3
-48
-90
-59
-62
-90
-115
-98
-57
0
64
73
76
113
119
87
78
69
-2
-91
-108
-120
-127
-106
-101
-123
-102
-45
-23
14
90
119
104
116
160
147
104
81
13
-72
-103
-101
-131
-109
-65
-60
-45
-13
36
61
59
74
80
84
78
44
-3
-11
-15
-62
-86
-70
-58
-46
-19
4
25
47
49
21
13
27
9
-37
-44
-35
-40
-57
-43
-23
-15
-24
-20
0
32
85
88
86
90
63
-21
-62
-79
-115
-123
-111
-88
-48
21
63
90
113
131
123
103
95
56
4
-52
-120
-170
-167
-156
-157
-111
-53
-7
35
90
135
162
143
101
52
8
-15
-51
-70
-89
-103
-102
-82
-81
-54
-33
-23
22
81
132
157
175
139
82
7
-86
-127
-141
-142
-133
-98
-19
44
74
100
127
112
91
66
7
-30
-43
-58
-81
-71
-40
-55
-102
-86
-48
-31
5
60
95
101
131
117
76
51
51
13
-63
-87
-107
-143
-141
-101
-99
-93
-63
-30
-4
34
75
65
57
91
108
83
71
81
78
47
29
5
6
0
-74
-119
-133
-128
-122
-97
-49
-21
18
59
86
98
118
75
-25
-45
-39
-67
-68
-29
-8
-16
-2
31
61
98
126
103
32
-25
-54
-63
-76
-84
-92
-132
-130
-71
3
59
72
31
15
56
108
138
153
159
101
-3
-68
-70
-70
-99
-139
-142
-111
-77
-30
15
51
65
40
18
23
41
39
17
-12
-38
-47
-41
-18
10
53
42
32
41
29
24
12
-14
-76
-89
-74
-56
-44
-14
8
-21
-39
-13
25
43
60
75
90
94
87
68
54
23
-25
-92
-128
-117
-113
-91
-62
-40
-9
26
22
42
87
100
93
79
84
64
32
2
-32
-66
-81
-93
-111
-80
-23
-16
-46
-46
-20
-4
-1
30
52
39
35
39
46
55
50
15
-22
-34
-56
-69
-58
-16
33
38
29
26
25
-2
-35
-60
-69
-58
-25
17
57
92
99
95
64
41
38
13
-47
-84
-78
-73
-65
-23
28
20
-20
-48
-63
-50
-1
36
41
66
97
52
-7
-17
-37
-76
-79
-27
17
34
40
43
34
17
-19
-55
-66
-48
-35
-37
-22
-8
-11
-39
-46
-60
-29
20
39
81
105
118
115
99
70
30
-9
-57
-112
-120
-81
-56
-32
30
41
6
-16
-12
-9
7
44
30
8
11
-8
-47
-19
18
16
2
12
0
-24
-2
5
-30
-48
-31
-51
-36
35
76
51
30
20
-5
-19
-15
-15
-27
-31
-25
-19
-15
15
14
-10
-37
-54
-28
11
36
47
46
1
-25
0
31
33
32
22
-34
-66
-45
-18
-16
20
50
26
21
39
28
-2
-9
-14
-38
-40
1
21
11
23
13
-40
-48
-6
-7
-31
-29
-31
-63
-55
9
49
76
103
97
49
21
34
-6
-42
-44
-50
-57
-42
12
34
20
-14
-41
-49
-17
18
27
31
26
20
2
2
11
-7
-43
-72
-82
-70
-39
0
1
-16
-32
-35
4
60
80
76
57
30
24
21
20
8
-24
-77
-108
-100
-36
24
55
80
63
47
56
68
50
16
-18
-55
-83
-82
-84
-78
-70
-69
-53
-20
22
34
41
62
85
101
95
94
76
14
-51
-99
-130
-144
-123
-96
-52
-5
54
113
122
114
93
49
-25
-69
-92
-83
-56
-48
-32
7
25
22
49
97
106
74
49
23
9
11
0
-31
-17
-20
-39
-27
7
-14
-78
-93
-89
-77
-31
56
85
78
86
64
21
26
12
-46
-83
-61
-50
-57
-15
2
-24
-18
17
26
52
67
51
18
-5
-24
-34
-28
-17
-7
-2
6
10
15
16
8
-23
-41
-47
-37
-13
-7
-23
-11
5
1
15
51
58
23
4
3
-16
-40
-29
-8
-14
-18
-10
-27
-25
-14
-27
-59
-21
42
81
112
121
95
26
-19
-67
-101
-91
-50
-53
-71
-37
7
21
26
48
66
47
24
18
28
50
39
22
-7
-23
-17
-18
-25
-17
-40
-95
-108
-64
-28
-6
35
35
22
55
85
77
57
58
39
-30
-22
25
-4
-59
-21
1
-36
-24
23
-13
-73
-47
-55
-76
-44
4
-17
-5
52
78
62
70
74
10
-8
-16
-40
-64
-60
-44
-25
13
54
66
53
54
32
0
4
-14
-34
-45
-52
-53
-46
-34
-60
-47
-36
-60
-60
12
41
23
48
81
70
58
62
17
-4
-21
-46
-59
-25
-20
-42
-30
-18
-42
-33
53
78
72
89
83
42
35
41
7
-18
-35
-86
-118
-62
-5
-29
-30
0
-37
-58
6
71
67
66
71
29
-8
12
13
-37
-48
-56
-84
-75
-17
29
50
64
26
-23
-41
-18
10
25
19
6
-24
-47
-17
7
10
-22
-51
-39
-16
22
57
87
78
50
27
-6
-5
-8
-28
-37
-10
-1
-22
-37
-48
-53
-48
-27
-9
18
46
25
-15
18
27
-11
-50
-31
-18
-32
12
47
78
95
74
-11
-55
-36
-49
-73
-67
-40
-53
-44
-3
28
56
74
75
59
54
79
66
7
-24
-44
-69
-92
-97
-51
1
-10
-13
23
62
78
66
58
28
7
-15
-42
-18
27
26
-27
-55
-39
-51
-66
-51
-46
-56
-45
-26
13
64
114
113
62
52
44
12
-31
-60
-89
-107
-117
-78
-15
11
19
15
33
41
61
74
69
42
1
-25
-58
-52
-17
-20
-38
-29
-18
-34
-21
-5
1
22
30
52
71
79
74
20
-25
-27
-52
-70
-35
-11
-11
-30
-37
-20
-1
8
6
6
22
27
12
8
15
19
-22
-43
-32
6
2
-22
0
34
15
-17
8
29
37
26
10
6
34
49
19
-20
-11
-8
-51
-68
-47
-53
-60
-48
-39
-40
-8
49
31
22
37
51
35
35
73
67
3
-50
-61
-70
-74
-70
-49
-15
12
18
43
85
81
34
0
-7
4
-3
-12
-14
-32
-41
-21
-2
13
29
17
-12
-29
-32
-21
-7
-23
-47
-36
2
-14
-23
10
27
12
-2
23
33
54
75
65
42
30
9
-48
-49
-23
-44
-59
-7
4
-25
17
48
-7
-50
-16
-29
-52
-7
38
20
21
69
44
9
31
14
-54
-54
-17
-35
-36
0
-6
-28
-31
-38
-33
7
31
5
-12
5
11
-17
-15
13
15
35
44
39
58
92
62
-9
-34
-54
-97
-127
-119
-101
-61
-21
-30
-41
20
62
54
44
78
113
102
75
50
61
49
1
-53
-74
-76
-81
-97
-85
-40
-12
-19
-32
1
32
36
28
51
69
56
35
8
10
28
25
-25
-54
-27
-13
-38
-37
-28
-35
-37
-51
-52
-29
25
50
48
57
65
49
19
31
25
-9
-48
-69
-77
-70
-39
-31
-10
27
52
46
51
75
91
67
18
-13
-53
-64
-66
-62
-61
-60
-41
-44
-44
-4
58
82
89
88
70
38
17
-23
-84
-96
-102
-105
-78
-16
19
23
48
86
86
53
30
14
-9
-34
-30
-30
-16
-7
-25
-48
-61
-56
-58
-46
-16
31
76
109
130
131
110
67
-4
-58
-90
-103
-63
-40
-37
-23
-14
-21
-37
-21
7
20
31
40
46
53
47
28
25
0
-31
-51
-49
-45
-49
-54
-50
-50
-48
-31
-4
40
60
56
51
56
57
56
51
34
4
-27
-51
-57
-58
-49
-41
-38
-28
-6
13
8
-18
-24
6
8
-1
-6
4
-2
-27
-34
-11
32
26
1
18
35
35
46
38
6
2
1
-11
-25
-10
1
-22
-36
-10
31
47
42
23
18
4
-23
-25
-12
-9
-15
-35
-26
5
20
21
7
15
14
-22
-37
-6
11
-6
-25
-37
-43
-30
-23
-13
-3
-2
1
7
30
71
75
39
12
4
-3
-22
-30
-24
-44
-80
-61
-42
-24
21
54
44
28
73
87
58
50
43
-15
-53
-59
-62
-52
-31
-8
-34
-44
-11
9
7
21
50
41
8
-9
-24
-31
-34
-14
2
2
21
33
42
35
28
35
18
-20
-53
-74
-96
-102
-55
-11
8
37
46
16
12
45
49
22
21
13
-21
-34
-11
-11
-35
-25
-43
-71
-36
12
28
56
98
81
35
38
59
39
1
-24
-63
-92
-96
-75
-45
-9
17
2
-6
10
35
34
39
55
54
32
26
27
4
-26
-50
-66
-62
-46
-40
-38
-36
-52
-69
-56
-25
15
27
40
45
58
67
46
40
33
12
-11
-19
-36
-46
-40
-48
-48
-25
17
31
46
62
41
8
-1
12
7
12
17
25
10
2
3
-29
-40
-39
-76
-79
-38
24
76
94
108
60
19
27
-1
-31
-23
-35
-59
-77
-60
-48
-36
-11
-21
-24
11
58
70
90
116
96
35
-1
-22
-58
-74
-74
-83
-81
-56
-50
-58
-50
-9
5
-7
18
60
82
83
77
62
24
-8
-34
-63
-66
-66
-72
-49
-7
33
54
52
46
46
41
16
-12
-27
-37
-57
-54
-37
-8
-3
-13
-30
-25
13
34
42
45
54
36
6
-1
20
11
-26
-44
-49
-40
-26
-4
21
39
34
29
29
2
-27
-29
-27
-47
-46
-22
2
0
-8
-9
-19
0
41
51
52
63
52
16
5
23
5
-31
-50
-63
-63
-41
-14
-9
2
35
22
-18
1
36
28
11
5
6
-10
-22
-33
-50
-47
-44
-30
-13
26
56
60
71
42
25
8
-12
-18
-39
-61
-82
-63
-28
-7
-2
13
10
10
34
49
35
41
56
30
9
31
14
-46
-26
0
-32
-80
-46
-24
-35
-21
4
28
33
55
44
28
43
35
-12
-35
-22
-29
-73
-80
-51
-46
-32
12
43
50
42
25
-8
-11
29
35
11
10
21
13
8
-7
-15
-42
-84
-91
-67
-45
-15
19
37
59
69
51
20
9
4
-19
-46
-42
-20
-18
-31
-12
8
21
44
44
20
24
30
5
-14
-10
-19
-34
-33
-27
1
18
26
19
11
28
16
-15
-20
-6
-2
-8
-4
1
4
0
-8
-32
-27
-20
-40
-35
-14
11
28
42
26
13
1
-24
-56
-56
-15
0
-1
23
36
4
-4
0
-7
2
20
16
4
16
28
-6
-37
-23
-12
-22
-10
14
29
49
45
5
-29
-33
-52
-76
-81
-53
-31
-20
7
29
36
66
73
32
30
33
17
6
22
25
6
-7
-20
-29
-22
-27
-54
-38
-4
3
6
36
70
37
12
3
-34
-48
-30
-27
-18
2
3
-9
-21
-14
-25
-35
-38
-34
-19
6
18
-3
5
19
-18
-33
10
20
18
22
38
39
30
3
-33
-32
-35
-79
-110
-67
-14
16
61
108
111
93
76
48
31
31
-2
-46
-53
-47
-45
-46
-56
-65
-54
-31
-19
8
65
91
73
45
40
26
-10
-34
-54
-59
-46
-50
-44
-12
24
17
-8
-15
-1
16
26
35
30
16
-12
-27
-29
-27
-41
-64
-61
-38
-22
-2
30
53
58
53
41
40
55
56
15
-40
-73
-81
-83
-79
-34
1
19
30
59
70
63
63
32
-7
-20
-19
-34
-45
-34
-36
-47
-22
-1
-1
-1
1
-15
-17
0
9
1
-6
-2
-28
-51
-42
-20
-18
-3
20
42
67
71
89
91
67
36
-2
-28
-37
-30
-37
-60
-51
-45
-52
-37
-24
-26
11
45
48
56
67
66
3
-36
-36
-60
-72
-36
-1
27
63
49
15
-1
-9
-37
-51
-21
-10
-35
-32
8
28
43
36
2
-12
-7
-11
-12
9
24
26
22
23
23
21
-7
-40
-56
-57
-45
-44
-18
2
-7
-12
11
38
53
62
40
-2
-25
-37
-56
-42
-25
-8
-10
-1
33
51
34
27
0
-46
-56
-39
5
36
61
67
57
-2
-30
-35
-48
-51
-39
-3
10
22
40
39
11
-12
-43
-82
-68
-39
-44
-14
35
69
53
49
59
24
-10
-14
-24
-55
-31
-9
-9
-1
17
25
10
8
5
-12
-16
-30
-47
-18
21
32
31
39
22
12
-4
-18
-18
-24
-21
-23
18
46
27
25
37
-6
-35
-34
-45
-46
-35
-11
-18
-26
-1
12
-2
12
26
3
-9
13
4
0
26
31
13
-2
6
-1
-16
3
20
-1
-3
-21
-45
-59
-57
-45
-60
-38
10
37
52
68
82
62
30
10
-8
-29
-22
-15
-17
-8
-4
-2
-19
0
15
7
5
16
14
-2
8
16
8
4
10
-4
-22
-20
-35
-62
-52
-20
-9
-17
0
14
8
15
38
29
21
24
3
0
4
-8
-18
-34
-37
-29
-40
-40
-19
13
27
24
21
10
0
-14
-2
26
13
5
-3
-22
-13
-2
-10
-31
-41
-47
-56
-45
4
54
64
64
59
32
29
21
-2
-17
-40
-51
-42
-18
-3
-3
-13
-6
-2
-3
10
35
25
-9
-9
-6
-13
-1
16
19
23
20
7
-2
16
15
-4
-20
-30
-32
-25
-4
9
13
8
-3
-20
-8
0
-15
-23
-16
-2
1
28
41
16
18
16
-31
-43
-24
-18
-25
-21
-15
-20
2
23
44
47
44
27
-3
-11
-3
-4
-23
-41
-58
-58
-48
-35
-4
14
4
5
4
8
4
-8
-19
-17
-10
21
41
58
68
47
24
24
33
7
-14
-15
-4
-20
-27
-21
-14
-8
-7
-22
-30
-19
-28
-47
-39
-2
13
11
30
68
68
37
13
10
-8
-18
-15
-28
-24
-18
-15
-27
-29
-24
-31
-34
-24
-5
-1
6
15
30
39
25
16
24
15
-9
-30
-46
-31
-27
-38
-41
-30
-7
10
22
28
13
-9
8
29
47
59
65
42
3
-9
-13
-33
-49
-47
-40
-38
-37
-5
9
14
22
13
5
21
41
15
21
46
31
5
1
-13
-45
-46
-35
-48
-50
-23
-28
-32
5
34
21
-2
-4
-17
-15
-15
-13
11
29
43
51
40
32
35
4
-11
10
13
-4
-19
-14
-11
-28
-30
-20
-29
-34
-19
-3
-2
19
38
27
22
24
9
-12
-10
-3
-4
-13
-1
-4
-20
-11
-18
-27
-10
5
0
-6
14
16
13
15
28
15
-13
-3
-13
-15
-10
5
10
4
-11
-19
-31
-33
-37
-18
-8
-16
-2
5
10
6
21
2
-13
-2
9
-4
-3
9
-2
-21
-3
5
-14
-14
-7
-3
12
51
62
63
42
11
-6
-14
-13
-21
-41
-32
-25
-23
-26
-14
6
5
-5
-26
-14
-9
-17
-16
-4
6
34
30
16
11
2
-11
-24
-15
-18
-9
-10
0
16
27
33
24
20
27
14
-12
-32
-36
-30
-33
-28
-20
-13
-16
-20
-7
5
7
3
3
13
15
12
6
14
17
21
6
-13
-5
-6
-24
-29
-20
-27
-25
-2
23
22
48
59
33
26
22
-4
-29
-34
-39
-52
-41
-21
-21
-6
6
6
-12
5
21
22
34
34
25
-2
-10
-12
0
5
0
-2
8
24
16
4
-7
-12
-34
-36
-41
-59
-58
-50
-42
-27
-2
14
38
64
81
89
101
88
59
28
-2
-36
-68
-91
-105
-89
-68
-41
-27
0
20
24
26
22
37
42
36
42
45
28
3
-18
-32
-52
-64
-66
-59
-38
-9
18
47
72
93
79
62
54
32
-10
-43
-56
-86
-89
-98
-88
-61
-24
-5
-1
33
59
63
50
49
23
9
5
-2
-3
15
21
-1
-22
-54
-82
-96
-65
-30
-10
27
60
71
81
78
63
34
6
-8
-27
-28
-22
-38
-58
-49
-34
-34
-20
-4
12
21
15
44
45
30
10
-13
7
20
15
11
18
19
9
-1
3
7
4
-35
-64
-57
-48
-60
-47
-14
-15
7
27
45
55
59
60
39
21
15
-17
-34
-17
-14
-36
-52
-53
-65
-63
-55
-30
-13
19
37
40
55
66
66
51
15
-8
-13
-19
-11
-22
-35
-48
-50
-64
-52
-23
-2
34
45
43
73
88
56
48
50
17
-6
-4
-7
-38
-52
-66
-108
-122
-106
-79
-73
-32
22
50
86
105
115
100
77
52
24
13
3
-17
-40
-38
-52
-76
-75
-69
-66
-58
-38
-4
22
40
45
52
67
70
68
53
32
-16
-53
-62
-61
-55
-50
-51
-30
2
13
23
17
34
50
38
28
17
19
9
-9
-9
-12
-14
-9
-16
-28
-29
-26
-31
-29
-13
13
8
20
37
20
21
16
17
9
-8
-10
-18
-39
-32
-29
-30
-30
-33
-23
-7
-6
10
47
39
31
42
32
20
17
-3
-30
-48
-37
-29
-34
-14
-5
-10
0
23
37
25
23
14
9
22
15
-2
-11
-10
-33
-49
-49
-42
-29
-22
-14
2
21
36
50
48
41
27
-8
-25
-21
-19
-12
8
21
22
23
8
8
1
-23
-35
-37
-41
-33
-21
-30
-26
-4
8
10
32
41
41
29
20
15
2
-5
-2
-19
-37
-39
-51
-53
-46
-23
-29
-22
-11
1
11
33
74
71
57
47
24
2
5
1
-16
-48
-63
-69
-80
-54
-13
-13
4
33
40
31
28
39
21
13
16
27
32
29
18
-7
-39
-54
-58
-51
-37
-30
-33
-30
-6
18
39
53
69
54
56
58
50
46
25
5
-12
-34
-47
-60
-78
-74
-80
-79
-73
-56
-26
-4
18
45
68
74
77
57
32
33
17
-2
-18
-20
-19
-26
-22
-24
-22
-25
-30
-35
-39
-29
-16
-10
13
26
37
39
25
31
43
41
37
26
9
-3
-14
-17
-24
-37
-53
-49
-51
-38
-21
-4
12
22
31
32
43
35
21
5
-3
-16
-24
-10
-5
-14
-18
-23
-28
-21
-10
-15
-11
-9
-15
-14
-2
9
6
20
17
14
11
21
21
14
19
6
-7
-3
-5
0
11
11
23
11
2
-4
-26
-46
-56
-55
-52
-27
15
33
21
31
29
25
24
7
19
12
0
-14
-24
-15
-19
-31
-35
-32
-30
-25
-25
-12
7
27
24
25
27
32
33
7
2
1
-12
-32
-16
11
11
10
15
11
6
-6
-7
-17
-7
1
-19
-3
-3
-1
-4
2
15
28
29
20
-7
-16
-1
-7
-10
-19
-6
-13
-22
-14
-7
0
-2
-13
-7
9
14
16
5
12
10
2
-2
-4
-12
-28
-40
-33
-9
-8
-20
-9
7
19
28
9
13
12
15
0
-4
15
4
-4
-23
-19
-17
-12
-24
-19
-11
-6
7
14
33
34
23
-4
-4
12
0
-8
1
5
-5
-33
-39
-29
-17
-4
-18
-25
7
39
31
27
44
33
-4
-16
-10
-28
-39
-31
-36
-28
-11
-5
-9
0
11
11
6
6
19
19
5
2
0
9
20
23
25
29
30
11
-21
-39
-38
-38
-27
-4
4
14
17
20
17
4
-2
-23
-39
-28
-13
-15
-19
-8
15
8
27
30
3
-5
6
-3
-22
-6
-10
-14
-12
-1
3
16
14
-1
-21
-27
-28
-28
-8
25
52
42
25
28
24
-1
-6
-17
-25
-48
-64
-55
-41
-18
-7
2
22
31
32
26
15
5
-7
-10
-12
7
28
23
16
5
-2
-11
-26
-15
-8
-10
-24
-19
5
20
16
-6
-15
-31
-40
-30
-9
-1
10
20
24
47
69
67
50
34
7
-27
-51
-73
-85
-97
-108
-94
-77
-43
10
45
78
115
120
108
92
80
50
7
-16
-39
-56
-66
-67
-67
-76
-69
-48
-38
-3
39
45
45
61
78
77
72
67
36
0
-18
-31
-53
-67
-69
-87
-83
-43
-19
-12
6
24
21
17
28
31
18
16
17
14
8
5
6
-11
-25
-47
-72
-67
-47
-4
29
60
71
61
40
22
12
-24
-29
-35
-46
-42
-33
-14
6
10
-3
-6
-6
7
11
5
7
19
16
4
11
6
0
-18
-19
-23
-27
-23
-29
-18
1
25
24
26
34
41
34
26
24
-6
-17
-36
-58
-46
-31
-17
2
20
25
26
26
9
4
0
-7
-18
-28
-23
-23
-16
-6
16
19
12
5
4
16
16
6
-2
14
0
-18
-20
-29
-45
-61
-51
-47
-29
1
24
51
69
74
51
26
12
-10
-9
-7
-6
1
-5
-15
-28
-33
-30
-39
-43
-20
0
11
26
38
38
20
17
8
-18
0
1
-10
0
8
2
-28
-30
-35
-26
-18
-5
20
35
50
47
41
19
-10
-37
-39
-29
-15
-15
-20
-22
-17
-11
-33
-39
-29
-17
-8
14
47
63
77
80
47
25
5
-10
-41
-54
-58
-85
-82
-66
-40
-13
11
27
29
44
48
32
42
32
14
-4
-13
-16
-18
-6
-3
-22
-41
-47
-41
-25
-4
21
15
35
42
46
44
39
19
-10
-22
-36
