-1630
-1670
-1695
-1726
-1763
-1798
-1837
-1873
-1914
-1966
-2015
-2077
-2144
-2211
-2278
-2329
-2362
-2398
-2435
-2477
-2525
-2572
-2626
-2675
-2714
-2754
-2789
-2817
-2840
-2860
-2878
-2895
-2907
-2915
-2910
-2905
-2912
-2915
-2919
-2922
-2920
-2927
-2934
-2944
-2955
-2965
-2978
-2992
-3007
-3023
-3036
-3049
-3064
-3078
-3084
-3081
-3076
-3060
-3033
-3009
-2993
-2978
-2965
-2957
-2954
-2960
-2965
-2978
-2993
-3007
-3017
-3026
-3030
-3034
-3044
-3062
-3087
-3106
-3128
-3161
-3186
-3207
-3219
-3212
-3210
-3220
-3231
-3245
-3256
-3264
-3287
-3312
-3325
-3328
-3335
-3341
-3339
-3332
-3328
-3326
-3324
-3334
-3359
-3401
-3447
-3515
-3590
-3669
-3760
-3850
-3929
-3981
-4008
-4023
-4034
-4044
-4048
-4037
-4000
-3961
-3927
-3885
-3840
-3784
-3724
-3655
-3595
-3541
-3500
-3477
-3463
-3444
-3422
-3412
-3402
-3398
-3400
-3407
-3403
-3394
-3385
-3374
-3362
-3345
-3333
-3311
-3281
-3246
-3203
-3163
-3126
-3096
-3074
-3058
-3046
-3046
-3053
-3069
-3095
-3122
-3158
-3195
-3237
-3272
-3303
-3342
-3385
-3430
-3478
-3519
-3557
-3593
-3628
-3666
-3704
-3744
-3782
-3824
-3871
-3915
-3963
-4020
-4077
-4129
-4173
-4211
-4247
-4284
-4324
-4358
-4401
-4451
-4503
-4555
-4598
-4627
-4627
-4610
-4599
-4604
-4628
-4673
-4736
-4822
-4924
-5018
-5103
-5181
-5237
-5256
-5231
-5174
-5112
-5065
-5035
-5024
-5018
-5008
-4988
-4956
-4925
-4898
-4867
-4824
-4773
-4717
-4654
-4589
-4524
-4460
-4398
-4336
-4267
-4208
-4155
-4098
-4038
-3977
-3912
-3850
-3787
-3724
-3660
-3593
-3528
-3454
-3376
-3293
-3206
-3124
-3043
-2965
-2904
-2856
-2819
-2789
-2760
-2745
-2740
-2742
-2757
-2780
-2807
-2832
-2844
-2849
-2848
-2843
-2841
-2837
-2828
-2818
-2802
-2767
-2716
-2668
-2645
-2652
-2672
-2695
-2723
-2744
-2762
-2788
-2815
-2838
-2854
-2857
-2840
-2800
-2729
-2630
-2514
-2403
-2332
-2298
-2293
-2323
-2364
-2399
-2426
-2422
-2388
-2322
-2225
-2118
-2005
-1894
-1799
-1719
-1663
-1646
-1654
-1673
-1679
-1671
-1648
-1612
-1576
-1554
-1557
-1573
-1575
-1562
-1525
-1473
-1428
-1405
-1379
-1316
-1220
-1108
-1003
-923
-885
-888
-900
-897
-875
-825
-758
-692
-637
-592
-557
-520
-462
-404
-344
-265
-165
-46
66
121
105
32
-54
-125
-147
-129
-115
-131
-167
-208
-218
-187
-161
-175
-216
-237
-213
-166
-88
6
80
132
164
173
149
102
65
30
-9
-47
-84
-111
-114
-94
-52
0
49
75
60
20
-11
0
50
130
204
219
162
48
-91
-206
-275
-310
-323
-328
-354
-429
-541
-668
-782
-878
-973
-1086
-1206
-1312
-1404
-1482
-1540
-1577
-1626
-1696
-1784
-1876
-1974
-2091
-2210
-2307
-2369
-2408
-2445
-2496
-2552
-2599
-2628
-2629
-2612
-2594
-2593
-2626
-2692
-2764
-2807
-2832
-2843
-2852
-2855
-2857
-2851
-2834
-2821
-2813
-2823
-2848
-2883
-2911
-2935
-2973
-3026
-3082
-3142
-3205
-3258
-3304
-3349
-3398
-3450
-3504
-3538
-3552
-3541
-3511
-3471
-3433
-3401
-3366
-3336
-3311
-3293
-3286
-3293
-3317
-3354
-3409
-3475
-3551
-3636
-3732
-3837
-3920
-3977
-4021
-4065
-4118
-4186
-4246
-4270
-4242
-4155
-4015
-3844
-3680
-3547
-3442
-3350
-3254
-3146
-3031
-2927
-2851
-2822
-2853
-2939
-3055
-3166
-3267
-3370
-3489
-3622
-3739
-3812
-3831
-3825
-3823
-3856
-3904
-3929
-3912
-3851
-3777
-3708
-3669
-3651
-3636
-3624
-3620
-3626
-3644
-3671
-3699
-3711
-3707
-3697
-3677
-3646
-3597
-3544
-3485
-3417
-3346
-3278
-3220
-3172
-3143
-3128
-3124
-3124
-3130
-3147
-3178
-3200
-3225
-3264
-3304
-3368
-3420
-3460
-3513
-3562
-3606
-3651
-3688
-3701
-3694
-3670
-3638
-3619
-3623
-3637
-3645
-3644
-3630
-3610
-3606
-3586
-3549
-3515
-3492
-3476
-3460
-3455
-3451
-3461
-3464
-3452
-3430
-3396
-3346
-3293
-3241
-3172
-3083
-2976
-2871
-2776
-2722
-2711
-2701
-2704
-2722
-2752
-2794
-2827
-2843
-2853
-2868
-2885
-2881
-2833
-2743
-2637
-2554
-2526
-2543
-2573
-2564
-2506
-2422
-2343
-2312
-2330
-2353
-2377
-2378
-2358
-2338
-2292
-2200
-2078
-1970
-1907
-1877
-1847
-1794
-1714
-1618
-1511
-1408
-1327
-1253
-1164
-1072
-988
-916
-847
-763
-676
-589
-513
-448
-386
-326
-270
-226
-185
-146
-103
-51
-9
31
73
117
163
208
260
308
347
377
406
435
464
483
489
500
508
506
497
463
411
365
319
256
177
100
19
-61
-158
-269
-411
-556
-691
-827
-949
-1040
-1093
-1132
-1145
-1154
-1159
-1136
-1102
-1083
-1056
-1018
-990
-983
-1005
-1056
-1138
-1248
-1367
-1471
-1569
-1667
-1755
-1832
-1904
-1939
-1940
-1906
-1857
-1838
-1878
-1943
-1970
-1937
-1842
-1710
-1610
-1572
-1556
-1537
-1495
-1443
-1385
-1329
-1307
-1288
-1253
-1215
-1182
-1158
-1132
-1100
-1069
-1036
-1002
-974
-955
-939
-922
-906
-894
-889
-894
-902
-903
-904
-900
-882
-855
-834
-808
-774
-749
-729
-701
-672
-641
-614
-592
-582
-589
-601
-629
-666
-708
-746
-777
-800
-820
-833
-844
-866
-887
-900
-895
-878
-856
-833
-819
-819
-823
-833
-851
-882
-918
-958
-997
-1030
-1064
-1098
-1130
-1163
-1191
-1213
-1227
-1239
-1256
-1275
-1287
-1299
-1317
-1339
-1362
-1381
-1404
-1430
-1461
-1493
-1526
-1559
-1597
-1630
-1660
-1691
-1726
-1766
-1805
-1845
-1881
-1913
-1940
-1966
-1993
-2015
-2038
-2069
-2105
-2153
-2206
-2250
-2296
-2347
-2391
-2429
-2460
-2487
-2514
-2527
-2528
-2514
-2484
-2435
-2372
-2308
-2276
-2259
-2240
-2223
-2217
-2217
-2222
-2232
-2244
-2261
-2280
-2296
-2302
-2292
-2277
-2260
-2241
-2223
-2205
-2192
-2177
-2166
-2164
-2166
-2162
-2158
-2162
-2166
-2166
-2169
-2170
-2164
-2152
-2137
-2116
-2086
-2061
-2035
-2011
-1996
-1979
-1961
-1936
-1910
-1877
-1857
-1849
-1843
-1844
-1849
-1858
-1874
-1887
-1887
-1876
-1856
-1841
-1827
-1820
-1814
-1804
-1805
-1808
-1810
-1814
-1817
-1829
-1850
-1864
-1872
-1882
-1890
-1907
-1925
-1936
-1939
-1940
-1938
-1938
-1932
-1916
-1902
-1893
-1891
-1881
-1881
-1891
-1911
-1940
-1971
-2007
-2046
-2091
-2142
-2193
-2238
-2282
-2308
-2331
-2354
-2368
-2371
-2366
-2363
-2362
-2364
-2374
-2379
-2383
-2391
-2394
-2404
-2418
-2435
-2450
-2458
-2456
-2444
-2436
-2430
-2423
-2420
-2426
-2442
-2460
-2480
-2500
-2531
-2567
-2610
-2655
-2689
-2715
-2735
-2744
-2730
-2703
-2675
-2647
-2618
-2587
-2560
-2543
-2529
-2519
-2518
-2528
-2546
-2560
-2576
-2595
-2623
-2659
-2701
-2759
-2820
-2886
-2957
-3025
-3086
-3143
-3189
-3221
-3244
-3255
-3252
-3231
-3208
-3196
-3193
-3198
-3201
-3216
-3237
-3260
-3284
-3306
-3335
-3368
-3409
-3455
-3510
-3563
-3601
-3641
-3674
-3686
-3679
-3659
-3634
-3596
-3554
-3506
-3457
-3406
-3349
-3297
-3243
-3177
-3120
-3075
-3042
-3015
-2994
-2981
-2973
-2973
-2974
-2967
-2974
-2999
-3011
-3006
-2994
-2979
-2960
-2932
-2898
-2859
-2812
-2763
-2715
-2682
-2669
-2667
-2666
-2665
-2660
-2669
-2682
-2688
-2698
-2700
-2696
-2680
-2658
-2647
-2632
-2624
-2616
-2612
-2612
-2575
-2516
-2444
-2365
-2301
-2259
-2195
-2102
-2023
-1964
-1899
-1827
-1770
-1735
-1712
-1680
-1644
-1620
-1609
-1600
-1603
-1605
-1608
-1608
-1607
-1605
-1601
-1596
-1590
-1588
-1591
-1606
-1624
-1633
-1627
-1612
-1585
-1553
-1518
-1485
-1452
-1414
-1388
-1370
-1354
-1342
-1337
-1337
-1340
-1353
-1382
-1415
-1424
-1423
-1432
-1457
-1491
-1522
-1562
-1624
-1708
-1776
-1832
-1865
-1874
-1860
-1834
-1801
-1754
-1715
-1675
-1644
-1621
-1612
-1648
-1742
-1869
-1992
-2086
-2145
-2202
-2253
-2286
-2286
-2275
-2264
-2236
-2174
-2066
-1927
-1792
-1697
-1624
-1543
-1455
-1357
-1273
-1226
-1224
-1247
-1268
-1260
-1219
-1173
-1128
-1107
-1100
-1079
-1055
-1034
-1011
-1002
-989
-969
-945
-921
-906
-891
-889
-914
-957
-1004
-1046
-1078
-1099
-1088
-1043
-988
-939
-916
-917
-923
-924
-907
-886
-864
-845
-842
-858
-890
-932
-977
-1009
-1027
-1032
-1020
-994
-967
-947
-902
-863
-831
-803
-779
-750
-732
-715
-707
-702
-694
-687
-679
-670
-671
-681
-683
-690
-698
-691
-674
-652
-636
-633
-629
-611
-574
-531
-489
-454
-430
-412
-395
-358
-300
-216
-143
-98
-53
-25
0
46
100
158
214
253
278
287
291
296
286
271
262
255
262
275
297
344
419
514
608
703
800
886
959
1026
1075
1113
1149
1181
1203
1221
1241
1259
1280
1293
1296
1306
1310
1305
1303
1304
1318
1336
1356
1365
1375
1399
1426
1460
1489
1516
1549
1574
1590
1609
1624
1629
1621
1598
1574
1535
1488
1445
1397
1355
1308
1255
1210
1164
1125
1097
1077
1072
1092
1133
1182
1231
1268
1285
1283
1258
1216
1168
1119
1085
1047
1004
958
917
862
803
752
706
665
620
602
598
608
656
723
782
839
885
920
949
973
977
975
982
988
989
989
989
978
976
981
975
957
937
899
854
828
811
802
801
823
855
872
872
857
835
804
767
720
685
680
678
652
600
535
477
406
311
211
118
50
4
-49
-123
-208
-303
-405
-519
-635
-738
-820
-876
-904
-926
-956
-981
-1015
-1067
-1130
-1185
-1220
-1219
-1180
-1094
-993
-932
-923
-975
-1092
-1260
-1434
-1576
-1656
-1681
-1714
-1811
-1935
-1984
-1920
-1816
-1795
-1908
-2018
-2027
-1976
-1918
-1867
-1815
-1765
-1724
-1692
-1674
-1672
-1682
-1713
-1779
-1850
-1901
-1930
-1914
-1868
-1814
-1767
-1734
-1728
-1759
-1794
-1811
-1796
-1750
-1682
-1612
-1563
-1538
-1534
-1537
-1540
-1545
-1566
-1594
-1616
-1644
-1666
-1675
-1678
-1672
-1656
-1632
-1609
-1579
-1532
-1469
-1403
-1344
-1287
-1232
-1182
-1143
-1117
-1093
-1069
-1048
-1017
-990
-957
-927
-893
-852
-809
-767
-736
-704
-665
-616
-558
-491
-427
-356
-272
-192
-115
-51
6
74
139
190
219
235
244
250
244
234
224
197
160
116
69
13
-39
-101
-160
-210
-270
-336
-403
-462
-480
-473
-471
-463
-434
-400
-419
-464
-491
-521
-564
-616
-675
-741
-811
-857
-839
-817
-846
-920
-1038
-1167
-1251
-1298
-1263
-1121
-943
-751
-568
-391
-271
-237
-250
-266
-248
-213
-188
-175
-169
-187
-237
-287
-298
-305
-329
-358
-373
-392
-395
-362
-323
-253
-201
-190
-157
-112
-58
-21
-33
-50
-47
-39
-42
-48
-40
-49
-50
-65
-100
-117
-139
-160
-176
-183
-182
-167
-144
-105
-50
4
40
72
105
119
137
152
153
141
148
171
209
265
298
304
305
315
337
379
427
463
479
475
462
444
428
414
411
421
439
455
463
476
495
517
537
563
592
631
673
725
778
812
842
874
896
917
940
961
991
1015
1035
1050
1054
1058
1061
1069
1068
1071
1085
1105
1121
1129
1132
1145
1155
1161
1179
1197
1206
1206
1200
1204
1203
1191
1188
1193
1208
1223
1234
1249
1263
1273
1261
1224
1179
1123
1049
961
869
783
709
640
576
531
506
495
488
477
445
432
406
381
381
368
356
345
342
341
359
396
419
404
370
322
275
234
193
148
112
102
111
144
182
199
209
226
244
257
266
275
272
251
224
196
165
133
100
77
63
55
56
48
28
6
-18
-38
-57
-72
-83
-94
-92
-82
-64
-43
-16
13
33
47
60
69
86
104
124
141
145
159
167
161
154
161
170
182
198
205
205
208
205
189
183
187
201
215
236
254
262
257
239
220
190
155
118
83
47
7
-21
-41
-62
-81
-96
-109
-128
-152
-171
-192
-206
-212
-214
-211
-208
-205
-201
-206
-212
-214
-225
-241
-263
-281
-292
-301
-308
-320
-327
-332
-341
-345
-346
-349
-349
-356
-363
-365
-377
-388
-403
-428
-454
-474
-496
-521
-558
-605
-661
-722
-789
-863
-932
-966
-973
-983
-987
-1003
-1033
-1054
-1052
-1030
-1015
-1004
-989
-975
-990
-1002
-982
-947
-910
-885
-860
-843
-822
-805
-787
-760
-741
-725
-711
-697
-689
-685
-696
-728
-761
-785
-838
-877
-861
-851
-843
-835
-839
-854
-871
-879
-881
-896
-913
-926
-926
-908
-886
-850
-821
-768
-715
-683
-659
-625
-587
-561
-525
-491
-466
-446
-412
-386
-369
-356
-355
-358
-359
-374
-395
-401
-405
-423
-432
-422
-395
-348
-325
-302
-287
-292
-303
-332
-354
-351
-341
-332
-341
-381
-419
-458
-492
-504
-499
-497
-490
-471
-440
-411
-408
-418
-438
-465
-486
-494
-485
-465
-446
-418
-393
-384
-390
-409
-445
-484
-512
-546
-587
-619
-636
-644
-644
-645
-646
-648
-658
-664
-667
-671
-656
-621
-583
-539
-495
-463
-439
-408
-371
-324
-281
-259
-243
-236
-239
-250
-268
-275
-280
-287
-288
-287
-271
-233
-186
-155
-138
-113
-73
-34
-7
10
27
37
46
62
82
106
144
191
233
278
313
338
354
371
388
413
437
455
460
455
447
426
407
389
368
340
305
275
245
217
200
187
173
157
149
145
143
144
140
129
108
81
45
19
3
-26
-67
-116
-170
-216
-254
-289
-303
-298
-287
-284
-327
-402
-473
-544
-608
-629
-628
-617
-611
-621
-637
-648
-663
-687
-700
-695
-682
-682
-687
-683
-674
-666
-670
-693
-738
-803
-876
-942
-1007
-1058
-1098
-1145
-1193
-1250
-1301
-1337
-1365
-1392
-1430
-1463
-1492
-1519
-1538
-1557
-1581
-1609
-1647
-1690
-1727
-1766
-1813
-1871
-1925
-1978
-2032
-2078
-2128
-2185
-2253
-2324
-2392
-2455
-2506
-2550
-2589
-2613
-2621
-2618
-2607
-2586
-2559
-2536
-2524
-2517
-2521
-2530
-2535
-2537
-2522
-2507
-2490
-2466
-2440
-2417
-2402
-2391
-2373
-2350
-2326
-2290
-2251
-2209
-2168
-2123
-2080
-2043
-2009
-1978
-1955
-1939
-1919
-1901
-1892
-1887
-1889
-1887
-1886
-1896
-1902
-1908
-1918
-1924
-1929
-1949
-1974
-2000
-2031
-2056
-2080
-2111
-2133
-2151
-2169
-2186
-2213
-2239
-2266
-2288
-2296
-2294
-2283
-2258
-2218
-2172
-2138
-2119
-2113
-2118
-2125
-2130
-2130
-2145
-2179
-2211
-2237
-2260
-2261
-2240
-2193
-2131
-2063
-1989
-1920
-1846
-1784
-1733
-1667
-1590
-1511
-1430
-1338
-1248
-1168
-1094
-1025
-958
-884
-811
-743
-678
-611
-554
-502
-442
-379
-318
-258
-191
-124
-55
22
105
195
297
385
457
522
583
634
672
691
685
650
606
547
461
348
225
119
36
-8
-16
-2
37
97
143
194
244
308
344
330
303
266
225
134
0
-123
-211
-297
-354
-440
-548
-587
-577
-498
-379
-256
-163
-134
-152
-201
-252
-292
-322
-356
-405
-449
-497
-538
-564
-585
-613
-649
-677
-703
-736
-776
-803
-814
-815
-804
-785
-764
-743
-724
-705
-696
-691
-686
-679
-675
-665
-652
-639
-630
-638
-644
-648
-651
-657
-666
-664
-651
-633
-615
-597
-592
-588
-567
-528
-465
-396
-341
-298
-258
-213
-161
-120
-95
-75
-57
-30
6
39
56
49
28
13
13
19
12
-7
-26
-19
13
51
89
114
113
95
64
29
-7
-50
-110
-192
-266
-320
-351
-351
-329
-292
-240
-198
-171
-130
-93
-55
-7
48
111
174
231
290
356
419
482
526
555
575
577
552
533
527
531
548
565
585
604
628
651
668
677
691
714
734
749
750
752
754
751
747
748
748
748
749
756
771
790
816
847
880
911
925
917
903
886
859
831
798
776
754
716
682
658
641
614
607
611
610
622
639
658
670
665
650
627
603
589
582
579
569
553
522
482
453
420
383
365
366
381
419
471
531
584
613
635
649
643
630
626
627
635
647
651
641
616
580
537
483
413
333
253
182
112
52
6
-29
-59
-85
-107
-115
-114
-114
-114
-99
-85
-71
-60
-61
-59
-59
-64
-64
-73
-100
-135
-167
-195
-224
-230
-240
-262
-276
-287
-300
-302
-310
-320
-333
-351
-368
-382
-394
-408
-409
-421
-454
-492
-514
-511
-509
-536
-569
-596
-599
-600
-605
-600
-594
-574
-558
-542
-533
-539
-552
-554
-546
-536
-531
-526
-521
-520
-523
-529
-525
-526
-522
-509
-489
-470
-458
-444
-431
-419
-406
-391
-381
-378
-366
-357
-358
-365
-370
-377
-393
-410
-428
-446
-466
-479
-494
-509
-522
-531
-542
-558
-573
-587
-595
-607
-609
-604
-592
-574
-549
-525
-508
-500
-488
-469
-447
-420
-395
-363
-324
-289
-274
-257
-225
-195
-173
-162
-161
-167
-181
-195
-205
-215
-237
-257
-274
-292
-314
-341
-365
-401
-437
-463
-484
-494
-496
-498
-521
-553
-580
-595
-603
-615
-638
-668
-712
-763
-815
-863
-900
-937
-970
-995
-1022
-1046
-1054
-1060
-1069
-1083
-1092
-1093
-1083
-1062
-1034
-1005
-979
-950
-919
-885
-845
-811
-786
-763
-758
-757
-757
-756
-754
-752
-745
-739
-732
-714
-694
-681
-668
-653
-633
-608
-579
-537
-493
-459
-425
-392
-362
-329
-295
-269
-247
-223
-213
-226
-253
-277
-293
-312
-321
-327
-327
-321
-313
-302
-286
-266
-244
-217
-195
-172
-160
-151
-139
-122
-99
-78
-60
-40
-28
-18
-13
-19
-22
-26
-34
-40
-48
-63
-80
-98
-117
-134
-146
-149
-156
-171
-187
-205
-231
-263
-289
-300
-297
-276
-243
-214
-192
-174
-158
-145
-143
-139
-121
-91
-67
-62
-69
-83
-98
-113
-125
-132
-129
-119
-103
-77
-51
-27
-6
5
19
29
27
18
1
-16
-31
-44
-56
-66
-72
-77
-85
-82
-76
-79
-97
-124
-155
-190
-233
-282
-334
-383
-425
-456
-476
-490
-515
-541
-560
-595
-625
-644
-672
-698
-713
-734
-772
-808
-847
-886
-922
-968
-1013
-1045
-1092
-1145
-1185
-1219
-1239
-1258
-1277
-1305
-1338
-1361
-1375
-1395
-1406
-1408
-1411
-1418
-1445
-1483
-1517
-1539
-1565
-1597
-1644
-1701
-1765
-1828
-1884
-1919
-1919
-1901
-1895
-1898
-1907
-1912
-1908
-1906
-1912
-1929
-1930
-1926
-1922
-1919
-1921
-1917
-1923
-1932
-1935
-1929
-1908
-1868
-1814
-1764
-1717
-1667
-1619
-1568
-1515
-1465
-1418
-1381
-1350
-1335
-1324
-1314
-1310
-1303
-1298
-1299
-1300
-1298
-1295
-1294
-1299
-1310
-1317
-1302
-1266
-1226
-1188
-1150
-1121
-1109
-1098
-1091
-1093
-1106
-1133
-1165
-1180
-1168
-1144
-1119
-1104
-1100
-1098
-1100
-1084
-1059
-1035
-1017
-1005
-987
-961
-936
-912
-895
-885
-879
-882
-899
-944
-993
-1040
-1086
-1124
-1153
-1183
-1214
-1232
-1249
-1262
-1266
-1265
-1263
-1261
-1259
-1265
-1273
-1292
-1306
-1312
-1328
-1339
-1348
-1370
-1400
-1433
-1468
-1504
-1542
-1584
-1637
-1699
-1764
-1834
-1907
-1984
-2059
-2121
-2174
-2223
-2276
-2339
-2400
-2466
-2534
-2594
-2643
-2685
-2716
-2741
-2770
-2806
-2832
-2850
-2864
-2861
-2871
-2885
-2890
-2885
-2868
-2854
-2835
-2806
-2779
-2752
-2730
-2720
-2722
-2720
-2726
-2739
-2752
-2769
-2794
-2821
-2846
-2870
-2886
-2887
-2868
-2847
-2832
-2819
-2799
-2759
-2688
-2598
-2517
-2454
-2410
-2380
-2360
-2346
-2323
-2305
-2304
-2307
-2314
-2332
-2349
-2365
-2367
-2355
-2333
-2305
-2277
-2242
-2213
-2187
-2169
-2154
-2130
-2118
-2105
-2095
-2088
-2081
-2083
-2078
-2071
-2058
-2033
-2005
-1985
-1959
-1929
-1905
-1878
-1849
-1826
-1809
-1789
-1772
-1768
-1775
-1788
-1800
-1807
-1814
-1807
-1791
-1773
-1745
-1703
-1647
-1592
-1551
-1533
-1515
-1504
-1507
-1528
-1557
-1589
-1623
-1647
-1669
-1708
-1773
-1848
-1921
-1975
-2021
-2053
-2061
-2047
-2021
-1993
-1967
-1928
-1879
-1830
-1797
-1775
-1750
-1723
-1676
-1620
-1562
-1496
-1423
-1344
-1263
-1181
-1108
-1046
-991
-938
-874
-794
-708
-609
-499
-377
-233
-81
76
231
377
499
603
690
768
834
889
935
970
1000
1033
1069
1106
1149
1208
1283
1357
1423
1473
1521
1580
1655
1741
1830
1926
2011
2076
2098
2091
2078
2076
2084
2094
2099
2092
2081
2082
2108
2136
2133
2130
2141
2158
2199
2242
2273
2284
2279
2280
2304
2336
2351
2342
2319
2283
2254
2231
2205
2161
2100
2038
1963
1879
1787
1696
1596
1494
1417
1353
1287
1222
1157
1103
1059
1013
991
972
948
923
918
936
950
949
933
930
942
946
938
931
926
930
941
955
975
997
1011
1025
1016
999
989
963
915
874
856
849
856
856
843
816
772
711
652
591
526
470
460
475
495
493
447
366
256
165
92
15
-62
-134
-209
-262
-299
-306
-294
-291
-282
-268
-260
-250
-225
-193
-169
-146
-127
-129
-128
-123
-109
-97
-92
-111
-135
-167
-223
-278
-359
-428
-463
-465
-456
-467
-495
-514
-519
-522
-508
-477
-430
-365
-294
-263
-277
-308
-352
-385
-400
-407
-411
-402
-399
-409
-431
-449
-470
-485
-503
-527
-538
-560
-589
-608
-622
-646
-664
-665
-647
-602
-551
-519
-496
-460
-415
-375
-340
-310
-282
-276
-297
-325
-359
-387
-415
-468
-540
-613
-686
-760
-834
-892
-956
-1018
-1070
-1117
-1153
-1179
-1203
-1238
-1282
-1322
-1368
-1423
-1484
-1531
-1537
-1536
-1527
-1494
-1477
-1482
-1499
-1511
-1491
-1462
-1443
-1441
-1460
-1480
-1502
-1542
-1587
-1616
-1627
-1620
-1606
-1600
-1590
-1567
-1522
-1468
-1410
-1350
-1300
-1265
-1246
-1243
-1254
-1283
-1334
-1395
-1449
-1500
-1561
-1621
-1679
-1746
-1810
-1863
-1898
-1912
-1912
-1903
-1897
-1890
-1888
-1890
-1891
-1885
-1866
-1837
-1808
-1779
-1762
-1770
-1792
-1810
-1811
-1795
-1771
-1746
-1720
-1686
-1662
-1653
-1651
-1660
-1669
-1673
-1653
-1617
-1588
-1575
-1580
-1582
-1570
-1540
-1496
-1451
-1430
-1445
-1476
-1504
-1536
-1566
-1576
-1570
-1570
-1582
-1595
-1608
-1622
-1638
-1646
-1649
-1654
-1674
-1698
-1728
-1764
-1798
-1818
-1821
-1810
-1757
-1676
-1607
-1593
-1628
-1685
-1733
-1757
-1755
-1761
-1770
-1758
-1738
-1709
-1671
-1636
-1615
-1583
-1563
-1535
-1496
-1460
-1416
-1360
-1298
-1243
-1203
-1176
-1157
-1143
-1123
-1112
-1111
-1122
-1149
-1178
-1210
-1246
-1289
-1334
-1373
-1396
-1412
-1425
-1430
-1440
-1445
-1444
-1439
-1436
-1435
-1446
-1462
-1489
-1518
-1528
-1550
-1577
-1596
-1587
-1565
-1563
-1587
-1623
-1639
-1624
-1584
-1541
-1526
-1536
-1574
-1640
-1723
-1795
-1836
-1854
-1850
-1817
-1774
-1763
-1756
-1733
-1696
-1646
-1595
-1556
-1536
-1528
-1519
-1505
-1483
-1451
-1423
-1405
-1402
-1404
-1428
-1457
-1482
-1513
-1546
-1583
-1629
-1679
-1728
-1762
-1764
-1751
-1725
-1692
-1653
-1605
-1561
-1534
-1527
-1542
-1580
-1616
-1632
-1632
-1631
-1648
-1683
-1726
-1760
-1787
-1826
-1867
-1893
-1914
-1927
-1924
-1904
-1878
-1849
-1820
-1787
-1760
-1742
-1735
-1728
-1725
-1726
-1710
-1692
-1682
-1676
-1698
-1730
-1768
-1805
-1841
-1885
-1915
-1937
-1958
-1978
-1993
-2017
-2045
-2072
-2099
-2124
-2161
-2174
-2176
-2201
-2227
-2251
-2287
-2343
-2426
-2519
-2597
-2642
-2662
-2675
-2681
-2689
-2695
-2711
-2724
-2730
-2722
-2705
-2698
-2684
-2680
-2680
-2686
-2677
-2677
-2687
-2700
-2727
-2758
-2774
-2780
-2793
-2801
-2807
-2818
-2832
-2844
-2863
-2861
-2837
-2821
-2824
-2808
-2773
-2728
-2677
-2629
-2596
-2576
-2572
-2581
-2570
-2539
-2512
-2492
-2496
-2504
-2488
-2469
-2449
-2438
-2436
-2435
-2429
-2409
-2379
-2351
-2340
-2346
-2351
-2359
-2377
-2401
-2437
-2479
-2532
-2596
-2661
-2723
-2778
-2822
-2870
-2920
-2950
-2943
-2915
-2883
-2856
-2832
-2819
-2820
-2838
-2867
-2895
-2916
-2917
-2913
-2903
-2899
-2916
-2936
-2944
-2932
-2902
-2868
-2833
-2801
-2768
-2726
-2679
-2623
-2546
-2449
-2351
-2254
-2152
-2047
-1950
-1861
-1781
-1695
-1614
-1548
-1493
-1452
-1407
-1369
-1337
-1295
-1255
-1236
-1228
-1240
-1268
-1294
-1311
-1323
-1328
-1328
-1324
-1315
-1309
-1310
-1315
-1319
-1334
-1354
-1372
-1386
-1405
-1423
-1442
-1466
-1504
-1555
-1612
-1680
-1748
-1822
-1881
-1925
-1970
-1997
-2015
-2053
-2113
-2188
-2279
-2370
-2437
-2483
-2502
-2487
-2446
-2407
-2383
-2369
-2359
-2338
-2311
-2285
-2276
-2280
-2298
-2323
-2336
-2343
-2349
-2353
-2355
-2368
-2382
-2403
-2425
-2438
-2439
-2421
-2405
-2392
-2364
-2319
-2276
-2231
-2192
-2167
-2156
-2167
-2184
-2205
-2225
-2246
-2283
-2328
-2383
-2438
-2485
-2518
-2537
-2547
-2546
-2566
-2596
-2611
-2614
-2608
-2593
-2587
-2597
-2630
-2671
-2724
-2788
-2815
-2809
-2784
-2747
-2714
-2684
-2658
-2643
-2632
-2632
-2642
-2669
-2703
-2732
-2774
-2839
-2931
-3026
-3101
-3166
-3233
-3297
-3354
-3400
-3442
-3479
-3512
-3536
-3551
-3583
-3615
-3631
-3640
-3636
-3625
-3612
-3592
-3568
-3542
-3510
-3483
-3462
-3443
-3428
-3421
-3421
-3422
-3416
-3394
-3366
-3341
-3316
-3282
-3234
-3173
-3111
-3050
-2983
-2912
-2833
-2750
-2665
-2591
-2525
-2467
-2430
-2399
-2369
-2338
-2312
-2293
-2276
-2255
-2236
-2223
-2217
-2212
-2206
-2198
-2186
-2160
-2127
-2098
-2062
-2023
-1980
-1935
-1888
-1839
-1786
-1728
-1680
-1638
-1593
-1547
-1508
-1471
-1427
-1378
-1340
-1313
-1289
-1265
-1247
-1234
-1221
-1199
-1165
-1125
-1085
-1046
-1009
-977
-958
-957
-957
-942
-918
-881
-833
-783
-729
-668
-601
-547
-522
-536
-590
-662
-727
-782
-860
-967
-1091
-1210
-1300
-1375
-1445
-1511
-1543
-1546
-1523
-1502
-1532
-1606
-1693
-1748
-1742
-1672
-1581
-1539
-1549
-1586
-1620
-1619
-1581
-1516
-1467
-1435
-1414
-1405
-1396
-1399
-1401
-1413
-1453
-1497
-1539
-1572
-1579
-1566
-1561
-1574
-1592
-1609
-1634
-1662
-1677
-1699
-1738
-1784
-1825
-1853
-1863
-1856
-1855
-1872
-1908
-1944
-1974
-1990
-2006
-2035
-2066
-2091
-2118
-2154
-2186
-2211
-2220
-2205
-2177
-2138
-2108
-2074
-2009
-1923
-1834
-1744
-1667
-1595
-1529
-1473
-1419
-1378
-1336
-1279
-1193
-1092
-1012
-952
-889
-824
-772
-726
-674
-619
-559
-498
-448
-402
-340
-263
-176
-104
-55
-30
-18
-12
-7
2
17
38
57
74
90
103
116
125
140
172
215
259
294
312
306
292
278
253
231
224
227
238
246
252
263
272
295
325
348
379
418
455
496
540
577
617
664
722
779
821
840
843
847
851
861
882
906
930
950
971
1002
1029
1055
1096
1152
1208
1262
1306
1336
1350
1363
1390
1416
1433
1435
1429
1411
1391
1379
1377
1381
1379
1376
1377
1374
1360
1333
1310
1289
1267
1240
1227
1233
1237
1249
1256
1248
1229
1204
1174
1150
1121
1090
1067
1046
1002
946
893
835
768
694
614
540
480
433
411
399
408
443
501
544
622
726
769
778
761
770
789
811
849
876
885
850
824
834
869
926
980
989
991
1013
1028
1058
1085
1113
1135
1136
1114
1074
1028
988
949
909
880
858
851
831
801
751
663
566
485
423
378
340
300
261
223
193
164
116
69
29
0
-11
-23
-29
-52
-93
-151
-232
-318
-419
-544
-672
-802
-918
-1007
-1075
-1115
-1147
-1157
-1136
-1092
-1022
-941
-861
-776
-701
-646
-623
-623
-626
-640
-619
-564
-485
-406
-370
-373
-390
-393
-359
-314
-276
-230
-174
-107
-62
-37
-18
-4
-2
0
9
23
34
41
44
56
68
71
75
60
44
36
33
36
34
15
-16
-49
-93
-150
-204
-254
-298
-328
-355
-382
-415
-452
-499
-545
-564
-568
-560
-549
-556
-561
-546
-510
-461
-394
-307
-215
-130
-69
-48
-36
6
79
175
253
309
350
367
370
366
360
342
314
286
265
227
181
145
115
96
89
86
80
58
12
-32
-47
-38
-16
16
73
151
233
314
374
429
486
532
574
611
642
656
656
659
667
679
675
659
661
677
673
660
676
702
738
776
793
792
775
776
802
846
889
903
916
942
967
974
976
997
1028
1056
1082
1104
1118
1126
1135
1148
1158
1165
1168
1168
1162
1155
1151
1154
1169
1179
1193
1216
1252
1315
1381
1422
1443
1469
1504
1530
1536
1527
1505
1469
1429
1391
1347
1290
1240
1213
1201
1198
1217
1260
1313
1371
1430
1481
1531
1573
1602
1631
1659
1680
1686
1704
1723
1738
1761
1776
1789
1803
1814
1820
1819
1809
1798
1787
1771
1756
1744
1739
1745
1764
1792
1817
1839
1855
1859
1860
1862
1860
1859
1862
1862
1861
1860
1851
1838
1814
1788
1772
1766
1770
1772
1771
1771
1781
1784
1775
1755
1745
1749
1758
1776
1790
1781
1751
1710
1662
1616
1576
1546
1512
1478
1448
1423
1408
1390
1357
1315
1273
1228
1191
1163
1147
1128
1112
1100
1089
1086
1095
1118
1118
1097
1071
1040
1001
970
941
929
924
910
896
887
882
882
901
928
963
1002
1050
1105
1159
1217
1281
1339
1382
1414
1432
1441
1444
1448
1452
1462
1491
1536
1582
1624
1658
1682
1694
1694
1694
1702
1712
1729
1747
1774
1806
1845
1886
1927
1959
1980
1989
1985
1974
1954
1923
1897
1877
1869
1873
1882
1888
1879
1861
1852
1851
1863
1910
1977
2062
2152
2227
2305
2371
2430
2500
2580
2667
2747
2819
2881
2932
2971
2998
3021
3053
3092
3136
3185
3241
3297
3345
3393
3438
3478
3522
3564
3627
3712
3800
3873
3918
3951
3980
4021
4051
4066
4091
4115
4132
4154
4195
4245
4277
4304
4326
4315
4299
4294
4296
4290
4270
4254
4252
4245
4239
4233
4223
4207
4166
4122
4080
4042
4014
3998
3991
3997
3985
3958
3926
3906
3892
3857
3811
3755
3687
3614
3561
3516
3474
3440
3414
3393
3395
3395
3378
3351
3328
3319
3308
3289
3271
3250
3226
3199
3176
3159
3138
3111
3073
3030
2996
2974
2961
2962
2971
3008
3056
3088
3093
3067
3015
2963
2920
2886
2851
2819
2810
2801
2793
2802
2826
2867
2924
2981
3019
3037
3047
3049
3059
3082
3102
3113
3120
3124
3129
3132
3150
3177
3202
3223
3239
3253
3251
3242
3231
3212
3198
3183
3170
3162
3153
3143
3114
3050
2956
2874
2856
2915
3006
3071
3098
3080
3057
3057
3066
3074
3083
3102
3117
3138
3166
3195
3218
3231
3236
3240
3241
3233
3239
3247
3246
3242
3247
3256
3261
3254
3238
3220
3209
3216
3228
3235
3237
3243
3248
3242
3231
3225
3211
3185
3155
3119
3085
3056
3032
3000
2965
2940
2919
2912
2917
2930
2951
2983
3020
3051
3082
3105
3120
3125
3119
3110
3095
3080
3070
3064
3055
3042
3030
3022
3021
3024
3027
3027
3030
3032
3035
3036
3026
3012
2986
2954
2913
2875
2835
2792
2751
2708
2670
2638
2615
2593
2577
2562
2556
2552
2547
2553
2565
2583
2601
2615
2623
2631
2630
2627
2621
2609
2592
2580
2579
2582
2578
2564
2555
2562
2576
2594
2621
2653
2697
2730
2736
2721
2686
2633
2569
2504
2435
2373
2327
2284
2242
2221
2215
2184
2137
2096
2079
2071
2054
2034
2015
1982
1906
1826
1724
1633
1543
1421
1322
1251
1201
1155
1112
1067
1027
963
886
824
780
742
705
663
629
613
599
596
580
545
487
414
329
240
163
95
29
-23
-65
-103
-119
-105
-69
-26
18
65
108
139
165
173
152
125
86
40
0
-43
-69
-74
-98
-130
-143
-148
-126
-73
-11
51
104
138
135
101
46
-13
-65
-109
-137
-164
-200
-233
-271
-320
-386
-449
-500
-534
-549
-573
-594
-621
-651
-673
-684
-695
-717
-759
-811
-866
-926
-990
-1051
-1111
-1185
-1243
-1283
-1338
-1407
-1460
-1500
-1542
-1594
-1644
-1687
-1732
-1793
-1881
-1963
-2019
-2056
-2094
-2129
-2182
-2264
-2344
-2396
-2418
-2411
-2339
-2239
-2173
-2143
-2150
-2155
-2130
-2093
-2053
-2020
-1997
-1985
-1990
-1988
-2010
-2055
-2083
-2114
-2139
-2149
-2151
-2165
-2214
-2287
-2340
-2351
-2342
-2301
-2248
-2191
-2114
-2002
-1862
-1725
-1594
-1475
-1376
-1295
-1224
-1167
-1128
-1100
-1092
-1091
-1099
-1115
-1126
-1138
-1150
-1161
-1182
-1223
-1261
-1272
-1258
-1229
-1174
-1110
-1035
-944
-882
-843
-818
-787
-751
-705
-652
-596
-522
-424
-326
-233
-151
-94
-66
-77
-95
-114
-132
-144
-130
-106
-86
-64
-51
-41
-41
-50
-70
-85
-112
-160
-188
-192
-190
-197
-211
-220
-215
-207
-208
-215
-218
-228
-233
-226
-227
-250
-285
-317
-342
-354
-363
-369
-369
-368
-352
-332
-321
-317
-307
-271
-229
-203
-176
-160
-157
-166
-177
-190
-204
-198
-177
-148
-118
-97
-91
-104
-126
-145
-151
-162
-180
-195
-215
-234
-235
-233
-229
-229
-247
-280
-309
-338
-365
-380
-384
-390
-390
-379
-383
-404
-415
-407
-395
-366
-323
-285
-253
-223
-197
-189
-195
-198
-205
-231
-256
-264
-259
-246
-226
-210
-197
-183
-172
-162
-158
-144
-105
-52
4
68
116
150
192
236
270
296
326
366
405
441
476
516
561
608
677
761
843
934
1028
1102
1162
1232
1310
1394
1485
1550
1596
1634
1664
1702
1742
1777
1810
1830
1833
1831
1821
1821
1834
1846
1840
1814
1779
1746
1714
1684
1658
1628
1606
1587
1571
1561
1552
1560
1576
1592
1608
1631
1652
1660
1661
1662
1658
1651
1659
1674
1677
1646
1608
1586
1571
1572
1573
1572
1566
1554
1536
1511
1495
1497
1507
1510
1506
1503
1504
1494
1476
1455
1435
1414
1401
1382
1364
1360
1364
1364
1379
1402
1422
1443
1462
1478
1477
1469
1460
1439
1389
1335
1285
1238
1186
1142
1120
1103
1101
1109
1122
1122
1124
1138
1151
1169
1198
1230
1246
1256
1275
1285
1274
1264
1245
1211
1178
1147
1134
1126
1119
1103
1086
1082
1068
1054
1045
1039
1027
1003
977
956
928
893
864
860
879
900
923
949
969
986
999
1021
1051
1077
1094
1100
1096
1085
1076
1075
1070
1053
1054
1066
1085
1110
1149
1194
1225
1237
1226
1197
1157
1109
1060
1018
971
938
919
887
855
843
847
862
869
868
873
859
824
794
777
772
768
765
754
739
746
749
734
712
689
659
636
626
618
606
588
563
522
473
424
397
395
397
410
403
379
361
354
367
402
436
462
493
518
517
489
449
408
385
385
379
344
299
249
182
114
57
10
-34
-77
-108
-126
-136
-149
-167
-186
-205
-233
-260
-289
-312
-322
-338
-374
-412
-425
-424
-428
-430
-433
-472
-539
-590
-619
-654
-692
-719
-738
-754
-768
-776
-764
-735
-712
-710
-734
-756
-775
-785
-778
-772
-785
-821
-872
-934
-1000
-1054
-1092
-1115
-1143
-1180
-1218
-1255
-1290
-1321
-1344
-1365
-1377
-1382
-1405
-1430
-1446
-1485
-1531
-1573
-1604
-1621
-1636
-1657
-1677
-1677
-1677
-1673
-1663
-1651
-1632
-1605
-1564
-1516
-1485
-1463
-1443
-1434
-1421
-1396
-1367
-1344
-1317
-1276
-1243
-1228
-1207
-1174
-1142
-1125
-1114
-1096
-1078
-1068
-1055
-1040
-1024
-1000
-983
-965
-939
-906
-868
-846
-834
-827
-832
-828
-829
-845
-860
-877
-895
-913
-924
-916
-898
-878
-850
-823
-795
-753
-720
-702
-677
-650
-624
-593
-558
-514
-468
-435
-404
-361
-312
-271
-242
-215
-188
-166
-146
-136
-137
-138
-148
-142
-109
-61
-12
40
105
181
263
354
438
515
573
611
657
708
751
780
806
838
882
922
953
986
1018
1047
1067
1076
1069
1059
1052
1045
1026
1008
1009
1027
1067
1119
1165
1195
1209
1220
1253
1308
1368
1418
1455
1475
1475
1464
1459
1449
1433
1413
1388
1364
1336
1303
1266
1236
1216
1198
1172
1144
1121
1110
1111
1123
1145
1168
1191
1214
1242
1271
1298
1320
1336
1347
1358
1367
1371
1371
1371
1374
1380
1387
1391
1395
1395
1389
1371
1352
1344
1334
1312
1264
1203
1135
1067
1013
977
960
950
944
950
974
995
1003
1008
1010
1007
1003
998
993
985
981
983
986
981
971
953
925
886
840
809
789
781
786
798
803
798
780
770
785
812
840
852
867
897
930
950
958
961
957
941
918
890
854
826
808
802
818
831
834
849
868
879
897
937
979
1017
1051
1065
1068
1070
1079
1094
1096
1095
1093
1092
1092
1086
1090
1104
1126
1143
1159
1168
1169
1170
1154
1129
1107
1097
1099
1117
1140
1165
1189
1207
1225
1247
1278
1311
1341
1350
1344
1332
1324
1330
1346
1369
1380
1399
1417
1427
1449
1473
1490
1491
1479
1462
1441
1420
1416
1424
1431
1435
1434
1434
1436
1442
1447
1446
1445
1451
1469
1497
1519
1527
1529
1537
1553
1580
1600
1612
1624
1625
1621
1629
1656
1689
1710
1716
1715
1702
1684
1675
1666
1663
1669
1672
1668
1655
1622
1564
1505
1459
1411
1365
1342
1330
1320
1300
1271
1258
1253
1254
1242
1210
1184
1149
1099
1045
1004
986
973
956
936
906
878
860
856
856
861
873
885
900
913
908
890
871
844
803
744
676
600
516
434
360
288
212
129
56
-11
-86
-168
-245
-297
-321
-333
-344
-344
-356
-375
-389
-407
-433
-471
-510
-533
-556
-577
-595
-614
-648
-690
-720
-729
-733
-736
-727
-726
-737
-744
-738
-734
-736
-743
-749
-751
-756
-765
-776
-805
-847
-877
-887
-882
-887
-902
-914
-920
-925
-933
-935
-926
-914
-915
-923
-930
-914
-889
-864
-844
-837
-844
-857
-846
-817
-793
-776
-765
-766
-782
-804
-843
-891
-940
-990
-1045
-1101
-1148
-1194
-1240
-1276
-1315
-1356
-1378
-1380
-1352
-1323
-1296
-1259
-1230
-1198
-1160
-1128
-1096
-1058
-1020
-985
-955
-918
-892
-882
-875
-858
-830
-810
-803
-797
-794
-794
-791
-775
-766
-763
-743
-710
-681
-661
-650
-656
-663
-674
-700
-738
-783
-833
-891
-946
-981
-1003
-1023
-1035
-1049
-1061
-1075
-1095
-1114
-1136
-1159
-1172
-1175
-1180
-1185
-1194
-1201
-1205
-1220
-1239
-1264
-1293
-1307
-1308
-1303
-1300
-1296
-1295
-1296
-1280
-1255
-1234
-1229
-1236
-1245
-1254
-1257
-1245
-1242
-1265
-1296
-1324
-1360
-1409
-1461
-1515
-1572
-1625
-1657
-1666
-1659
-1620
-1556
-1486
-1419
-1358
-1287
-1196
-1097
-995
-901
-824
-744
-660
-573
-482
-397
-330
-279
-242
-213
-184
-153
-126
-108
-93
-90
-89
-87
-75
-50
-22
4
35
72
117
160
180
193
210
232
264
310
348
359
354
344
339
337
331
316
295
276
268
270
271
282
305
340
363
368
360
347
346
352
358
364
369
362
340
313
280
236
187
153
132
123
122
109
87
73
48
7
-38
-83
-125
-165
-199
-216
-225
-239
-258
-291
-337
-388
-438
-472
-494
-507
-514
-530
-544
-548
-542
-539
-542
-550
-567
-609
-658
-701
-737
-773
-817
-863
-903
-930
-945
-958
-979
-1001
-1025
-1053
-1077
-1084
-1081
-1084
-1095
-1121
-1150
-1165
-1179
-1198
-1221
-1242
-1268
-1284
-1300
-1335
-1378
-1415
-1443
-1461
-1477
-1498
-1508
-1515
-1511
-1493
-1467
-1436
-1397
-1354
-1317
-1283
-1246
-1201
-1165
-1153
-1156
-1167
-1173
-1185
-1200
-1212
-1228
-1233
-1238
-1255
-1280
-1304
-1336
-1362
-1380
-1401
-1433
-1474
-1524
-1593
-1666
-1722
-1755
-1777
-1792
-1802
-1785
-1739
-1693
-1655
-1633
-1626
-1625
-1622
-1612
-1612
-1611
-1604
-1595
-1579
-1557
-1520
-1473
-1429
-1389
-1350
-1323
-1316
-1326
-1336
-1350
-1369
-1391
-1404
-1403
-1392
-1360
-1315
-1282
-1263
-1260
-1266
-1266
-1266
-1261
-1249
-1255
-1271
-1284
-1272
-1237
-1209
-1203
-1219
-1226
-1213
-1184
-1162
-1159
-1171
-1184
-1191
-1185
-1156
-1117
-1073
-1037
-1008
-964
-893
-807
-726
-666
-626
-585
-541
-500
-457
-424
-401
-367
-333
-301
-277
-266
-252
-241
-244
-244
-229
-200
-150
-86
-33
1
35
57
72
74
65
61
66
73
75
71
76
96
116
126
130
130
117
96
85
96
120
135
138
137
128
115
105
99
93
77
66
49
22
-6
-32
-45
-41
-50
-71
-89
-101
-107
-111
-115
-118
-129
-137
-135
-137
-149
-173
-189
-179
-160
-142
-120
-99
-71
-32
17
69
118
155
184
199
202
201
194
200
210
219
230
230
218
210
216
229
224
197
169
158
165
185
185
161
145
138
133
121
110
100
86
75
72
79
89
104
109
97
75
55
42
17
-9
-28
-57
-96
-133
-172
-206
-211
-183
-153
-127
-104
-80
-38
16
71
98
90
71
67
92
128
152
166
181
201
213
199
173
146
126
115
110
101
85
76
82
95
102
104
105
122
144
161
190
234
284
343
403
456
504
548
585
604
617
637
662
684
695
690
679
675
668
657
649
640
644
662
689
731
773
812
855
894
928
961
1001
1040
1066
1076
1077
1071
1068
1071
1079
1087
1093
1094
1091
1100
1118
1156
1220
1285
1330
1345
1346
1360
1386
1421
1450
1463
1477
1496
1516
1527
1527
1533
1553
1589
1627
1651
1668
1692
1733
1786
1836
1877
1909
1934
1951
1947
1935
1927
1921
1916
1914
1918
1920
1910
1886
1858
1818
1790
1765
1748
1754
1761
1762
1752
1737
1714
1680
1634
1583
1538
1507
1493
1496
1506
1512
1506
1482
1442
1402
1366
1338
1308
1270
1229
1203
1179
1152
1128
1097
1060
1021
974
929
895
857
820
775
730
683
638
606
566
510
436
358
290
238
192
145
98
57
28
9
4
2
5
20
31
30
17
5
-2
-2
2
3
8
17
28
46
54
42
13
-28
-68
-111
-159
-190
-200
-198
-203
-212
-202
-183
-152
-119
-105
-109
-108
-95
-74
-55
-45
-43
-34
-29
-30
-19
1
29
57
82
91
80
71
67
52
22
0
-2
6
23
28
18
-1
-17
-31
-62
-104
-146
-193
-234
-252
-255
-247
-229
-211
-205
-201
-199
-199
-185
-162
-146
-153
-165
-169
-172
-178
-183
-187
-178
-170
-170
-172
-166
-155
-141
-111
-77
-41
-9
16
38
51
54
57
68
81
94
102
105
105
103
109
114
113
116
118
112
113
134
163
192
215
237
269
309
359
407
435
438
430
421
413
394
366
336
308
276
250
239
236
250
270
291
308
324
346
368
381
386
379
366
352
330
302
262
211
167
142
136
140
140
126
105
95
91
85
86
95
103
110
123
143
164
178
189
192
191
174
135
102
82
59
34
29
36
46
57
76
91
96
100
106
113
109
94
74
53
35
21
11
3
-16
-51
-90
-125
-159
-195
-226
-251
-265
-254
-222
-187
-158
-126
-92
-55
-15
29
78
120
151
176
189
187
181
169
136
101
73
45
22
2
-9
-8
-5
4
28
49
68
90
109
134
164
192
225
260
287
305
313
313
313
303
285
262
248
243
242
239
233
218
202
207
229
265
298
325
341
338
335
334
324
312
306
301
298
285
267
246
217
185
147
114
88
78
78
83
84
79
83
76
63
63
85
119
152
175
184
183
166
140
107
78
64
61
58
49
42
39
47
69
99
139
175
207
230
240
255
278
312
346
362
372
379
380
389
399
408
423
441
462
479
492
500
502
500
495
487
481
477
486
511
540
556
556
546
533
521
514
507
495
486
496
502
500
497
488
474
467
467
464
457
436
419
421
429
434
430
408
372
331
298
265
240
225
203
185
163
136
115
93
64
24
-11
-35
-51
-62
-66
-55
-20
32
87
125
150
162
162
166
164
160
150
136
137
158
183
209
235
252
268
279
290
304
326
358
388
423
465
513
565
634
706
768
817
848
870
896
919
928
936
937
925
900
868
843
821
805
797
798
814
838
860
882
901
912
913
904
891
873
858
850
833
802
754
696
648
604
568
547
530
506
472
443
426
424
416
394
378
356
328
310
304
285
252
207
156
99
37
-14
-51
-80
-107
-135
-166
-199
-238
-290
-357
-438
-516
-570
-607
-634
-659
-680
-691
-702
-713
-725
-744
-763
-765
-757
-758
-759
-765
-798
-838
-866
-896
-922
-934
-950
-984
-1005
-1026
-1063
-1093
-1112
-1116
-1124
-1151
-1181
-1181
-1128
-1034
-945
-876
-829
-814
-800
-779
-763
-750
-745
-742
-747
-764
-794
-826
-856
-893
-930
-952
-977
-1012
-1053
-1104
-1161
-1213
-1243
-1256
-1267
-1281
-1286
-1272
-1241
-1206
-1174
-1144
-1108
-1085
-1076
-1073
-1081
-1102
-1122
-1120
-1112
-1123
-1145
-1167
-1188
-1205
-1210
-1210
-1211
-1205
-1205
-1223
-1261
-1312
-1355
-1386
-1419
-1449
-1484
-1514
-1522
-1523
-1515
-1492
-1470
-1451
-1431
-1413
-1401
-1389
-1375
-1362
-1349
-1326
-1303
-1296
-1296
-1304
-1307
-1306
-1297
-1280
-1272
-1280
-1291
-1288
-1280
-1272
-1258
-1235
-1222
-1224
-1231
-1235
-1234
-1241
-1255
-1275
-1299
-1332
-1366
-1392
-1423
-1449
-1472
-1492
-1501
-1507
-1520
-1541
-1566
-1582
-1571
-1550
-1527
-1510
-1516
-1526
-1530
-1527
-1521
-1517
-1522
-1526
-1506
-1475
-1450
-1424
-1394
-1364
-1333
-1312
-1302
-1288
-1284
-1285
-1282
-1278
-1278
-1273
-1269
-1270
-1264
-1243
-1211
-1185
-1154
-1114
-1080
-1045
-1011
-979
-944
-910
-873
-827
-771
-711
-667
-627
-570
-510
-464
-424
-396
-363
-330
-291
-242
-183
-111
-26
56
148
247
339
421
487
525
542
560
575
605
636
659
681
705
733
754
756
755
758
751
745
741
753
777
802
815
803
785
792
817
844
860
857
857
848
822
792
766
745
733
714
694
678
669
671
666
662
647
616
573
533
504
478
442
382
317
248
182
125
84
55
22
-19
-67
-103
-136
-163
-195
-221
-228
-225
-209
-181
-150
-135
-137
-151
-176
-216
-255
-276
-296
-306
-315
-338
-371
-399
-425
-461
-500
-535
-567
-584
-590
-590
-568
-533
-493
-442
-389
-328
-249
-166
-92
-25
23
52
71
88
88
85
99
123
158
205
258
307
352
389
442
501
563
641
716
799
878
938
988
1034
1069
1102
1135
1161
1186
1219
1260
1310
1370
1433
1506
1573
1645
1718
1777
1819
1852
1870
1880
1885
1880
1872
1867
1867
1862
1855
1851
1858
1862
1857
1850
1848
1857
1868
1874
1877
1886
1885
1882
1888
1892
1891
1887
1876
1861
1849
1845
1853
1876
1900
1922
1949
1971
1986
1991
1996
1984
1967
1952
1924
1885
1847
1804
1755
1714
1663
1606
1549
1509
1480
1435
1383
1343
1306
1276
1259
1250
1241
1226
1214
1213
1208
1197
1189
1172
1160
1155
1159
1153
1132
1103
1065
1029
1002
978
945
907
862
822
778
710
629
548
476
414
373
339
300
268
242
219
191
170
159
147
150
170
191
218
252
287
308
302
276
236
195
162
142
119
93
50
-4
-54
-106
-146
-172
-183
-172
-158
-131
-86
-45
-13
9
30
60
101
148
206
269
338
409
461
507
545
569
592
620
646
658
665
671
671
682
702
712
706
694
687
699
713
720
725
728
739
748
752
753
755
765
787
818
848
874
894
899
898
899
900
906
916
923
928
940
961
984
1002
1016
1006
980
961
945
916
874
832
796
772
754
740
722
706
694
684
669
641
606
574
555
559
577
594
617
640
656
647
610
569
538
519
510
507
504
492
479
467
452
428
398
352
286
220
162
113
79
60
50
41
27
19
22
40
58
68
74
80
83
84
98
103
100
91
78
66
51
36
18
3
-13
-28
-47
-80
-116
-139
-148
-142
-115
-75
-28
15
44
60
59
49
42
45
45
31
13
0
-9
-21
-39
-60
-75
-82
-81
-68
-57
-43
-24
-19
-18
-18
-23
-23
-19
3
36
64
96
131
180
238
299
360
417
469
518
563
589
602
610
612
628
650
670
702
734
757
771
785
797
811
843
872
882
891
914
936
958
977
996
1016
1022
1021
1023
1020
1016
1020
1031
1037
1032
1009
968
920
876
837
798
759
726
691
650
605
555
497
433
369
303
242
184
132
105
101
96
90
80
58
34
22
17
6
-6
-18
-24
-32
-47
-67
-93
-123
-157
-192
-230
-263
-296
-317
-335
-344
-344
-348
-347
-345
-341
-333
-309
-284
-256
-224
-201
-192
-189
-193
-197
-203
-222
-244
-271
-306
-342
-366
-381
-383
-378
-385
-399
-410
-406
-385
-362
-336
-311
-285
-256
-216
-165
-115
-69
-25
15
60
104
143
177
195
198
183
162
148
143
141
131
116
104
89
73
65
58
47
35
31
40
58
78
112
149
192
245
295
341
379
423
479
544
618
686
745
795
837
886
951
1014
1055
1089
1116
1129
1129
1120
1105
1077
1060
1057
1066
1082
1100
1123
1152
1184
1209
1219
1203
1175
1154
1136
1118
1105
1107
1123
1149
1177
1200
1216
1213
1202
1186
1156
1118
1076
1025
975
928
894
865
825
781
737
702
669
643
615
581
562
563
573
567
545
512
475
447
424
399
373
343
315
300
293
286
287
285
277
266
249
232
214
194
175
172
187
203
207
203
189
178
177
174
168
172
187
206
234
275
325
376
420
470
529
577
617
657
696
740
777
801
819
827
817
798
794
809
832
855
870
881
886
880
878
879
888
890
883
870
863
859
852
846
854
876
902
932
960
985
1010
1033
1047
1066
1086
1098
1111
1127
1140
1153
1179
1204
1228
1244
1253
1258
1262
1271
1281
1278
1264
1251
1243
1241
1237
1235
1225
1217
1213
1203
1185
1164
1143
1124
1102
1068
1033
995
961
930
908
886
864
845
815
777
734
696
658
625
603
583
561
544
534
517
493
459
425
384
331
281
229
190
165
138
114
86
61
44
29
21
21
38
68
98
120
132
126
107
66
6
-45
-100
-155
-210
-259
-285
-301
-321
-335
-332
-320
-318
-312
-303
-312
-315
-297
-270
-246
-219
-187
-166
-156
-136
-118
-111
-102
-89
-72
-59
-45
-28
-7
4
6
3
7
17
32
54
76
101
123
126
113
99
88
79
78
95
127
165
211
257
293
317
333
340
352
375
402
431
466
507
549
590
635
675
707
734
759
779
809
854
898
937
966
983
1000
1022
1045
1086
1137
1182
1225
1256
1284
1297
1299
1299
1309
1333
1356
1378
1400
1423
1429
1438
1444
1441
1440
1429
1412
1394
1375
1365
1353
1337
1317
1301
1299
1301
1321
1357
1395
1427
1439
1446
1453
1460
1482
1501
1518
1521
1510
1491
1460
1418
1368
1306
1234
1162
1086
1007
929
860
784
707
642
592
541
483
422
345
271
201
123
37
-44
-127
-214
-290
-360
-425
-490
-558
-622
-689
-754
-823
-899
-974
-1042
-1096
-1129
-1147
-1158
-1166
-1184
-1207
-1235
-1264
-1283
-1294
-1301
-1298
-1294
-1282
-1267
-1255
-1241
-1233
-1227
-1221
-1225
-1241
-1260
-1277
-1282
-1281
-1277
-1268
-1257
-1243
-1233
-1223
-1214
-1204
-1189
-1171
-1158
-1148
-1140
-1133
-1119
-1089
-1042
-991
-940
-887
-836
-783
-722
-658
-594
-528
-464
-403
-340
-282
-233
-191
-160
-134
-113
-97
-79
-61
-36
-5
25
52
70
74
65
36
0
-24
-47
-69
-85
-102
-117
-124
-123
-110
-92
-69
-44
-18
13
51
106
178
256
338
423
498
554
589
613
626
637
660
686
719
751
782
816
857
902
940
973
1004
1028
1050
1086
1129
1171
1205
1230
1249
1277
1315
1355
1393
1418
1424
1416
1393
1360
1322
1288
1266
1241
1216
1187
1152
1117
1084
1048
1010
974
945
918
883
848
819
788
741
691
645
603
565
528
490
454
421
393
367
337
296
247
201
163
125
74
16
-52
-124
-187
-253
-311
-363
-415
-456
-494
-525
-540
-552
-561
-569
-572
-566
-566
-571
-579
-588
-605
-634
-674
-715
-752
-779
-799
-825
-849
-876
-906
-932
-946
-945
-934
-920
-897
-866
-836
-810
-794
-775
-762
-760
-757
-750
-746
-746
-742
-732
-718
-713
-713
-712
-715
-720
-726
-742
-758
-774
-781
-773
-758
-746
-733
-715
-699
-683
-683
-703
-721
-728
-741
-751
-759
-772
-790
-802
-821
-845
-870
-901
-933
-945
-944
-941
-937
-939
-945
-961
-983
-1000
-1010
-1022
-1030
-1037
-1037
-1031
-1022
-1013
-1013
-1015
-1010
-990
-956
-922
-897
-866
-822
-769
-709
-652
-606
-568
-542
-527
-515
-508
-509
-506
-498
-494
-491
-493
-494
-501
-518
-527
-527
-519
-505
-487
-468
-456
-450
-447
-443
-436
-434
-444
-460
-480
-497
-509
-524
-534
-540
-539
-539
-554
-579
-609
-636
-666
-702
-732
-758
-782
-796
-799
-797
-798
-789
-789
-802
-821
-834
-840
-843
-846
-854
-863
-874
-888
-909
-935
-960
-976
-977
-963
-944
-922
-898
-881
-863
-838
-810
-790
-781
-788
-798
-798
-791
-784
-772
-765
-761
-759
-762
-755
-738
-705
-663
-625
-600
-589
-597
-616
-625
-626
-627
-627
-623
-615
-613
-613
-613
-615
-618
-629
-650
-675
-698
-720
-737
-753
-766
-777
-788
-788
-779
-768
-757
-743
-732
-722
-706
-677
-641
-614
-591
-567
-553
-549
-543
-536
-527
-525
-531
-535
-527
-510
-505
-510
-511
-511
-512
-509
-501
-494
-489
-495
-508
-518
-525
-521
-516
-509
-503
-505
-500
-488
-479
-470
-460
-454
-440
-423
-415
-410
-405
-400
-395
-386
-380
-371
-365
-379
-394
-409
-426
-442
-453
-454
-460
-476
-496
-510
-515
-506
-488
-474
-463
-448
-433
-421
-407
-395
-386
-386
-390
-396
-400
-406
-416
-422
-431
-435
-441
-448
-453
-462
-470
-477
-474
-469
-469
-469
-464
-453
-439
-434
-433
-433
-441
-457
-473
-486
-498
-523
-560
-591
-615
-628
-635
-641
-645
-642
-637
-630
-623
-608
-584
-559
-547
-543
-544
-553
-555
-553
-547
-541
-536
-534
-540
-553
-569
-581
-580
-577
-573
-565
-556
-548
-537
-517
-495
-469
-447
-430
-412
-401
-396
-397
-415
-434
-450
-464
-475
-483
-491
-503
-518
-531
-543
-558
-572
-582
-592
-601
-606
-605
-603
-602
-595
-580
-567
-559
-559
-577
-605
-630
-654
-688
-731
-768
-802
-842
-875
-893
-904
-916
-922
-930
-940
-950
-959
-968
-975
-984
-998
-1009
-1016
-1018
-1015
-1012
-1010
-1010
-1009
-1005
-1002
-998
-994
-992
-992
-989
-974
-960
-945
-938
-933
-922
-911
-896
-891
-886
-881
-870
-849
-827
-805
-782
-765
-741
-712
-678
-631
-572
-502
-432
-374
-321
-270
-230
-202
-186
-174
-165
-156
-150
-146
-141
-135
-132
-130
-126
-124
-118
-106
-85
-63
-31
6
52
100
143
177
201
219
237
248
255
271
287
301
307
315
321
320
322
325
333
342
357
375
398
419
434
443
441
439
442
449
453
449
434
420
412
400
382
356
326
295
270
257
243
235
244
259
278
295
302
309
308
305
293
270
248
216
178
135
93
58
30
5
-25
-55
-84
-112
-133
-154
-173
-191
-209
-211
-208
-209
-214
-222
-238
-261
-276
-286
-296
-298
-302
-322
-349
-383
-426
-466
-500
-538
-572
-617
-668
-712
-740
-753
-762
-758
-757
-760
-761
-761
-761
-759
-752
-743
-738
-732
-719
-708
-696
-691
-698
-709
-708
-704
-709
-717
-730
-752
-776
-803
-824
-837
-847
-859
-862
-844
-814
-798
-799
-812
-840
-867
-899
-935
-975
-1020
-1056
-1084
-1104
-1115
-1126
-1127
-1121
-1115
-1110
-1100
-1087
-1083
-1077
-1069
-1061
-1055
-1046
-1038
-1037
-1045
-1062
-1080
-1084
-1075
-1063
-1046
-1029
-1013
-1001
-1006
-1019
-1026
-1033
-1033
-1027
-1015
-1002
-979
-959
-948
-937
-927
-900
-862
-816
-772
-737
-705
-668
-627
-581
-535
-488
-444
-406
-370
-339
-319
-303
-282
-263
-251
-253
-259
-266
-276
-288
-299
-301
-295
-295
-286
-265
-249
-238
-231
-237
-257
-293
-334
-383
-439
-494
-543
-588
-633
-677
-722
-761
-801
-848
-907
-972
-1040
-1110
-1164
-1206
-1242
-1274
-1314
-1361
-1403
-1443
-1484
-1513
-1543
-1579
-1607
-1626
-1632
-1631
-1633
-1654
-1688
-1731
-1781
-1816
-1846
-1872
-1903
-1932
-1962
-1998
-2034
-2065
-2091
-2110
-2126
-2142
-2167
-2193
-2199
-2191
-2189
-2198
-2220
-2247
-2267
-2283
-2291
-2302
-2313
-2323
-2331
-2329
-2316
-2300
-2274
-2248
-2232
-2220
-2202
-2176
-2146
-2117
-2094
-2075
-2065
-2048
-2038
-2050
-2085
-2141
-2194
-2229
-2257
-2284
-2311
-2331
-2338
-2351
-2354
-2343
-2328
-2312
-2301
-2294
-2295
-2306
-2319
-2332
-2346
-2358
-2380
-2404
-2417
-2426
-2431
-2434
-2441
-2454
-2465
-2466
-2461
-2461
-2465
-2468
-2470
-2461
-2441
-2416
-2388
-2353
-2312
-2265
-2212
-2164
-2115
-2073
-2032
-1983
-1942
-1915
-1905
-1905
-1911
-1919
-1931
-1944
-1953
-1946
-1930
-1903
-1874
-1847
-1833
-1835
-1840
-1847
-1854
-1868
-1876
-1874
-1865
-1854
-1844
-1829
-1817
-1805
-1792
-1782
-1777
-1784
-1809
-1849
-1894
-1935
-1975
-2015
-2051
-2069
-2073
-2071
-2068
-2070
-2077
-2080
-2076
-2064
-2057
-2069
-2089
-2110
-2121
-2129
-2140
-2151
-2164
-2180
-2209
-2240
-2261
-2279
-2298
-2310
-2313
-2308
-2299
-2301
-2298
-2291
-2281
-2263
-2243
-2216
-2197
-2191
-2200
-2227
-2263
-2315
-2369
-2407
-2431
-2440
-2442
-2446
-2453
-2451
-2439
-2421
-2409
-2410
-2414
-2411
-2392
-2359
-2316
-2263
-2217
-2175
-2137
-2105
-2085
-2080
-2076
-2065
-2053
-2039
-2013
-1988
-1966
-1944
-1922
-1892
-1869
-1844
-1817
-1784
-1751
-1715
-1675
-1628
-1582
-1553
-1531
-1518
-1507
-1494
-1479
-1467
-1456
-1451
-1453
-1454
-1443
-1422
-1411
-1411
-1412
-1414
-1412
-1401
-1384
-1372
-1368
-1360
-1357
-1350
-1340
-1333
-1327
-1324
-1324
-1323
-1321
-1317
-1304
-1298
-1283
-1269
-1260
-1251
-1241
-1224
-1208
-1197
-1184
-1167
-1154
-1158
-1166
-1181
-1203
-1234
-1262
-1277
-1289
-1296
-1310
-1321
-1327
-1320
-1307
-1291
-1268
-1242
-1221
-1211
-1202
-1200
-1206
-1215
-1222
-1238
-1265
-1304
-1346
-1380
-1407
-1424
-1427
-1417
-1404
-1398
-1389
-1384
-1376
-1359
-1331
-1297
-1261
-1215
-1169
-1127
-1102
-1093
-1081
-1069
-1069
-1067
-1056
-1038
-1026
-1020
-1015
-1010
-1008
-1002
-991
-973
-947
-926
-907
-886
-862
-851
-846
-845
-851
-859
-868
-872
-875
-882
-894
-906
-911
-913
-921
-931
-943
-952
-957
-948
-928
-901
-863
-819
-771
-734
-714
-706
-702
-697
-690
-677
-661
-645
-630
-615
-605
-602
-601
-598
-604
-623
-641
-658
-656
-633
-613
-605
-601
-599
-598
-595
-589
-591
-596
-614
-642
-664
-679
-687
-688
-675
-660
-638
-608
-577
-551
-521
-483
-435
-376
-307
-219
-130
-56
0
43
78
102
116
128
138
147
150
148
152
159
170
181
190
204
226
253
282
324
390
466
550
639
717
784
833
868
905
944
973
997
1019
1041
1068
1097
1125
1149
1164
1186
1214
1241
1280
1325
1374
1415
1445
1474
1500
1524
1555
1593
1639
1685
1719
1747
1772
1787
1796
1805
1806
1801
1801
1802
1804
1804
1799
1791
1786
1775
1771
1773
1775
1785
1801
1821
1843
1860
1873
1879
1875
1857
1822
1780
1754
1737
1727
1723
1729
1747
1765
1783
1801
1824
1836
1834
1821
1806
1794
1788
1790
1803
1810
1813
1820
1832
1841
1832
1828
1818
1809
1807
1806
1798
1790
1785
1770
1760
1764
1779
1798
1815
1829
1847
1861
1870
1887
1909
1933
1952
1957
1950
1949
1951
1956
1960
1960
1959
1952
1955
1968
1984
2009
2039
2078
2127
2171
2217
2260
2303
2341
2380
2415
2447
2488
2513
2526
2529
2525
2514
2500
2490
2487
2477
2463
2454
2445
2427
2408
2393
2387
2390
2391
2392
2394
2384
2370
2363
2353
2334
2327
2334
2345
2356
2369
2382
2395
2405
2410
2411
2414
2418
2414
2400
2381
2356
2326
2294
2256
2209
2151
2091
2034
1973
1909
1850
1794
1758
1735
1727
1733
1735
1752
1778
1805
1836
1874
1907
1940
1969
1984
1984
1971
1962
1950
1929
1897
1867
1834
1804
1772
1749
1726
1703
1700
1710
1721
1738
1769
1805
1856
1910
1962
2013
2065
2107
2143
2177
2214
2239
2248
2246
2231
2230
2232
2234
2239
2250
2259
2262
2268
2278
2286
2291
2287
2279
2272
2261
2247
2234
2228
2223
2216
2215
2220
2216
2209
2204
2201
2204
2203
2190
2171
2152
2144
2153
2160
2157
2140
2107
2059
2004
1968
1950
1933
1913
1894
1879
1857
1836
1816
1791
1774
1770
1768
1767
1759
1745
1731
1717
1706
1698
1688
1675
1665
1647
1615
1574
1536
1503
1483
1463
1452
1459
1470
1483
1492
1494
1494
1502
1510
1515
1508
1489
1467
1441
1416
1388
1363
1356
1350
1340
1340
1339
1340
1339
1334
1333
1334
1329
1313
1292
1270
1251
1244
1249
1248
1252
1262
1284
1312
1326
1327
1324
1317
1301
1276
1247
1222
1208
1215
1230
1240
1245
1255
1258
1255
1247
1234
1228
1223
1225
1227
1235
1245
1252
1257
1246
1224
1194
1168
1142
1102
1052
995
933
869
815
770
737
710
680
650
624
604
587
569
552
538
522
504
481
460
445
420
385
342
305
275
254
227
203
175
144
119
106
109
121
139
164
191
205
199
169
140
132
131
133
140
154
175
190
186
173
153
129
110
89
66
48
30
6
-27
-48
-67
-87
-106
-119
-135
-151
-159
-155
-139
-125
-119
-121
-114
-96
-80
-71
-75
-96
-117
-128
-125
-107
-83
-61
-28
2
10
11
27
59
109
165
221
270
306
334
348
363
381
405
431
464
496
522
535
539
550
566
575
575
581
585
596
610
626
636
653
673
681
691
701
713
721
715
704
685
656
621
598
578
550
523
495
481
482
491
496
499
498
496
494
490
478
461
448
444
437
424
407
380
356
349
350
353
358
358
351
345
346
353
373
391
404
411
404
391
369
347
321
295
273
258
246
242
237
230
212
200
194
183
184
205
240
282
334
388
445
492
533
583
629
662
676
677
670
653
626
595
567
533
510
500
487
476
472
471
480
496
514
556
616
679
739
782
805
833
869
898
911
900
872
838
801
775
769
778
789
794
795
805
825
843
862
883
915
942
960
981
1010
1038
1048
1061
1070
1056
1025
994
975
957
940
926
909
889
884
898
931
968
1004
1028
1051
1066
1072
1079
1098
1118
1123
1116
1091
1059
1023
979
927
867
810
752
695
650
608
563
509
463
424
387
348
303
262
222
186
163
162
162
162
152
133
106
76
53
31
8
-18
-36
-36
-34
-33
-24
-17
-23
-50
-84
-118
-153
-181
-205
-220
-235
-237
-225
-202
-191
-206
-237
-283
-334
-391
-445
-487
-528
-572
-625
-676
-721
-759
-787
-807
-818
-825
-829
-836
-847
-864
-884
-907
-927
-953
-976
-993
-1001
-1007
-1014
-1007
-1000
-1005
-1013
-1029
-1050
-1052
-1046
-1040
-1030
-1017
-1010
-1008
-995
-978
-971
-967
-961
-950
-938
-937
-944
-961
-983
-1007
-1031
-1043
-1050
-1053
-1039
-1023
-1019
-1020
-1008
-999
-994
-999
-1002
-1000
-1018
-1040
-1069
-1099
-1122
-1124
-1104
-1079
-1057
-1044
-1015
-981
-935
-893
-855
-810
-779
-747
-716
-704
-697
-696
-712
-732
-757
-790
-838
-892
-951
-1007
-1050
-1080
-1091
-1094
-1105
-1114
-1103
-1095
-1083
-1062
-1035
-1000
-971
-946
-928
-935
-969
-1027
-1099
-1157
-1205
-1238
-1272
-1317
-1370
-1422
-1461
-1478
-1476
-1455
-1433
-1424
-1424
-1435
-1435
-1425
-1409
-1385
-1351
-1329
-1320
-1309
-1296
-1290
-1294
-1290
-1278
-1259
-1251
-1246
-1236
-1221
-1225
-1245
-1276
-1317
-1352
-1389
-1427
-1454
-1470
-1486
-1510
-1529
-1543
-1567
-1583
-1572
-1545
-1514
-1494
-1477
-1449
-1413
-1385
-1365
-1342
-1324
-1332
-1348
-1377
-1406
-1414
-1418
-1410
-1397
-1378
-1350
-1315
-1280
-1254
-1224
-1194
-1164
-1129
-1099
-1072
-1051
-1042
-1035
-1029
-1026
-1035
-1052
-1074
-1107
-1150
-1192
-1229
-1257
-1265
-1264
-1259
-1262
-1275
-1287
-1287
-1274
-1269
-1269
-1269
-1278
-1293
-1301
-1300
-1305
-1313
-1318
-1318
-1314
-1323
-1352
-1389
-1430
-1458
-1480
-1486
-1477
-1468
-1452
-1427
-1407
-1393
-1370
-1351
-1335
-1328
-1325
-1331
-1343
-1358
-1383
-1401
-1418
-1428
-1437
-1437
-1429
-1416
-1395
-1362
-1323
-1285
-1253
-1236
-1210
-1178
-1138
-1097
-1056
-1018
-998
-993
-994
-1007
-1028
-1044
-1058
-1080
-1095
-1105
-1111
-1115
-1109
-1082
-1054
-1027
-987
-952
-932
-913
-894
-878
-859
-833
-804
-786
-779
-755
-730
-720
-710
-703
-698
-691
-689
-697
-709
-718
-732
-736
-729
-730
-740
-755
-773
-795
-825
-856
-876
-891
-901
-919
-932
-937
-934
-929
-929
-937
-938
-917
-898
-871
-830
-772
-713
-657
-605
-554
-516
-497
-492
-493
-507
-503
-469
-425
-372
-319
-280
-259
-250
-250
-257
-267
-264
-244
-205
-162
-123
-86
-43
-5
30
84
141
187
225
256
271
268
270
278
291
328
375
427
484
535
569
610
662
719
787
853
908
954
993
1022
1034
1034
1036
1036
1032
1020
1006
1001
1001
1000
1002
1023
1049
1068
1071
1057
1030
1000
975
957
958
977
992
1003
1019
1018
1007
1000
988
963
941
921
918
930
948
959
963
968
970
965
946
924
900
871
829
778
739
708
672
648
637
628
625
627
636
646
658
659
646
621
580
536
509
491
477
461
442
422
385
338
283
230
187
156
135
110
77
48
20
2
0
10
15
19
33
61
84
104
134
167
195
202
189
162
144
131
130
138
151
168
178
197
222
242
254
251
255
267
283
310
341
375
399
404
392
380
356
326
292
277
283
298
315
331
354
380
408
441
472
485
503
523
538
540
532
511
482
446
393
331
266
211
144
91
64
50
33
14
4
-7
-20
-28
-28
-29
-31
-29
-19
-11
4
31
59
86
98
101
103
105
104
99
92
61
20
-14
-46
-86
-130
-161
-182
-180
-183
-191
-207
-229
-248
-263
-282
-317
-347
-376
-411
-457
-504
-561
-617
-657
-696
-729
-754
-783
-821
-866
-903
-933
-939
-937
-946
-950
-954
-972
-993
-1009
-1039
-1075
-1112
-1148
-1192
-1233
-1253
-1249
-1228
-1211
-1208
-1209
-1201
-1182
-1150
-1113
-1079
-1058
-1039
-1033
-1045
-1077
-1115
-1153
-1187
-1222
-1259
-1291
-1325
-1348
-1366
-1383
-1410
-1432
-1456
-1476
-1475
-1466
-1448
-1419
-1385
-1356
-1330
-1304
-1287
-1273
-1262
-1264
-1271
-1280
-1288
-1309
-1334
-1359
-1385
-1402
-1405
-1416
-1437
-1462
-1484
-1499
-1506
-1494
-1477
-1464
-1450
-1433
-1417
-1407
-1413
-1410
-1401
-1401
-1394
-1381
-1364
-1352
-1345
-1339
-1322
-1308
-1295
-1279
-1260
-1243
-1235
-1238
-1234
-1227
-1232
-1229
-1216
-1203
-1186
-1163
-1137
-1107
-1081
-1060
-1034
-1003
-962
-919
-873
-824
-769
-707
-639
-570
-506
-462
-439
-420
-400
-388
-382
-375
-365
-356
-345
-325
-299
-259
-212
-173
-125
-68
-19
23
45
54
58
50
32
-5
-48
-72
-89
-116
-152
-186
-227
-263
-300
-327
-350
-377
-387
-385
-380
-377
-368
-352
-332
-308
-297
-298
-303
-319
-330
-341
-358
-381
-398
-414
-426
-432
-436
-432
-413
-388
-356
-313
-283
-252
-225
-195
-167
-145
-123
-100
-73
-52
-33
-31
-45
-53
-46
-43
-52
-67
-80
-96
-101
-104
-113
-131
-142
-134
-117
-85
-38
14
64
104
144
184
226
280
336
384
434
481
506
507
502
499
497
502
491
461
448
454
461
464
459
456
465
485
517
558
589
599
614
633
640
642
637
629
630
634
638
639
656
678
688
691
694
709
730
752
763
753
727
689
646
595
529
466
414
355
296
244
193
138
82
27
-11
-41
-67
-86
-98
-96
-81
-59
-29
-1
11
5
-19
-54
-102
-162
-222
-279
-335
-383
-435
-487
-537
-591
-634
-666
-688
-697
-691
-688
-690
-694
-700
-698
-692
-678
-660
-648
-648
-643
-630
-626
-626
-629
-645
-661
-673
-693
-716
-733
-747
-770
-789
-785
-756
-717
-679
-648
-622
-607
-603
-595
-586
-582
-579
-574
-576
-586
-606
-636
-662
-685
-695
-697
-702
-704
-698
-687
-667
-641
-623
-612
-613
-626
-649
-663
-664
-664
-669
-689
-718
-749
-770
-784
-808
-829
-842
-837
-800
-766
-744
-733
-734
-753
-782
-808
-847
-886
-930
-973
-1002
-1030
-1065
-1101
-1124
-1135
-1144
-1147
-1151
-1150
-1153
-1165
-1174
-1166
-1157
-1161
-1168
-1182
-1197
-1219
-1245
-1275
-1292
-1295
-1293
-1287
-1282
-1275
-1270
-1268
-1266
-1261
-1258
-1246
-1238
-1252
-1277
-1306
-1327
-1339
-1344
-1348
-1359
-1366
-1364
-1354
-1343
-1326
-1298
-1259
-1203
-1142
-1076
-1011
-956
-921
-893
-864
-838
-810
-770
-720
-687
-655
-618
-582
-543
-494
-443
-397
-355
-318
-280
-248
-221
-198
-191
-202
-223
-250
-285
-326
-358
-383
-392
-389
-385
-371
-354
-346
-338
-332
-327
-323
-323
-331
-357
-386
-402
-404
-411
-435
-464
-492
-507
-507
-498
-481
-468
-457
-444
-431
-423
-420
-408
-396
-387
-389
-399
-414
-424
-435
-445
-457
-468
-466
-454
-440
-420
-381
-332
-289
-261
-244
-236
-231
-237
-246
-262
-286
-307
-336
-370
-408
-447
-489
-535
-583
-622
-656
-683
-690
-677
-653
-631
-598
-553
-500
-435
-376
-328
-292
-268
-250
-244
-254
-275
-312
-359
-399
-436
-466
-487
-497
-510
-527
-561
-597
-621
-639
-641
-625
-601
-589
-593
-604
-612
-624
-646
-663
-691
-728
-761
-787
-812
-836
-852
-863
-855
-839
-840
-860
-886
-916
-950
-988
-1025
-1063
-1103
-1145
-1191
-1232
-1260
-1278
-1278
-1260
-1249
-1254
-1254
-1234
-1213
-1186
-1156
-1128
-1112
-1110
-1108
-1116
-1124
-1117
-1103
-1092
-1078
-1067
-1053
-1034
-1014
-989
-951
-895
-842
-802
-769
-737
-707
-680
-665
-658
-661
-663
-664
-667
-658
-640
-629
-613
-604
-595
-575
-547
-516
-493
-465
-440
-417
-402
-407
-421
-430
-435
-441
-442
-437
-425
-401
-367
-318
-254
-189
-122
-52
19
71
99
110
104
86
54
9
-52
-117
-171
-217
-260
-302
-339
-363
-386
-408
-432
-447
-455
-460
-460
-472
-489
-515
-542
-577
-611
-639
-671
-704
-734
-764
-801
-846
-899
-957
-1008
-1054
-1100
-1138
-1165
-1189
-1206
-1222
-1232
-1235
-1235
-1222
-1208
-1192
-1180
-1175
-1171
-1167
-1164
-1160
-1143
-1135
-1142
-1161
-1188
-1208
-1216
-1216
-1220
-1231
-1242
-1231
-1189
-1141
-1104
-1068
-1025
-980
-936
-911
-902
-897
-882
-858
-838
-814
-790
-765
-738
-718
-712
-720
-736
-746
-754
-759
-770
-789
-816
-847
-876
-896
-902
-893
-874
-862
-855
-845
-835
-824
-807
-779
-752
-752
-771
-796
-826
-860
-898
-940
-976
-992
-992
-989
-996
-1006
-1012
-1004
-987
-966
-943
-926
-917
-920
-929
-939
-957
-982
-1020
-1063
-1105
-1154
-1199
-1235
-1266
-1307
-1352
-1401
-1461
-1528
-1604
-1678
-1743
-1795
-1848
-1906
-1973
-2040
-2102
-2154
-2204
-2262
-2319
-2365
-2394
-2414
-2427
-2442
-2457
-2470
-2488
-2522
-2553
-2569
-2575
-2570
-2561
-2560
-2563
-2569
-2594
-2624
-2657
-2694
-2733
-2766
-2792
-2812
-2829
-2850
-2868
-2878
-2891
-2910
-2934
-2966
-3001
-3028
-3048
-3063
-3075
-3089
-3102
-3111
-3104
-3085
-3055
-3028
-3005
-2976
-2935
-2875
-2802
-2730
-2673
-2624
-2591
-2562
-2545
-2532
-2511
-2491
-2480
-2482
-2486
-2488
-2478
-2452
-2413
-2365
-2307
-2248
-2192
-2143
-2103
-2060
-2009
-1940
-1870
-1810
-1754
-1702
-1660
-1621
-1588
-1566
-1543
-1513
-1487
-1471
-1461
-1455
-1441
-1409
-1356
-1289
-1227
-1171
-1119
-1073
-1027
-979
-931
-881
-838
-801
-766
-739
-716
-700
-685
-675
-672
-675
-685
-696
-707
-718
-736
-750
-751
-745
-740
-736
-739
-738
-727
-708
-682
-650
-611
-573
-536
-501
-475
-462
-456
-457
-468
-490
-520
-549
-568
-577
-584
-589
-593
-596
-596
-593
-580
-566
-549
-527
-500
-465
-421
-370
-316
-245
-181
-127
-81
-50
-32
-12
3
13
37
79
121
142
142
124
121
131
141
146
141
126
109
109
121
142
160
171
174
166
157
151
145
133
117
100
83
61
37
20
3
-14
-40
-61
-63
-55
-53
-59
-70
-79
-71
-57
-42
-20
0
6
5
7
-5
-31
-54
-64
-70
-78
-94
-111
-122
-138
-154
-162
-143
-92
-28
42
103
156
196
224
256
290
323
347
373
398
422
446
459
465
473
478
490
509
534
566
605
645
676
690
696
696
692
693
690
687
689
697
707
720
747
789
839
886
922
950
982
1018
1056
1094
1121
1139
1145
1142
1134
1120
1099
1081
1071
1061
1054
1050
1059
1090
1134
1178
1209
1241
1286
1336
1388
1441
1488
1521
1540
1544
1530
1502
1477
1457
1445
1440
1439
1449
1469
1497
1534
1584
1633
1675
1715
1759
1806
1853
1889
1908
1913
1900
1887
1872
1854
1836
1820
1820
1836
1866
1908
1964
2019
2075
2130
2174
2208
2227
2235
2223
2181
2118
2051
1990
1937
1883
1833
1786
1748
1726
1731
1747
1760
1782
1806
1828
1855
1882
1905
1929
1950
1966
1976
1989
2008
2031
2059
2081
2092
2107
2119
2133
2158
2189
2219
2251
2286
2309
2319
2325
2338
2358
2382
2404
2424
2449
2474
2496
2525
2566
2608
2647
2685
2718
2752
2781
2795
2799
2799
2797
2803
2818
2833
2838
2835
2842
2857
2873
2888
2900
2921
2948
2975
3000
3033
3071
3110
3154
3196
3230
3266
3304
3332
3349
3357
3362
3361
3346
3314
3271
3230
3203
3182
3165
3148
3127
3103
3078
3058
3044
3036
3042
3050
3059
3064
3065
3059
3066
3085
3104
3126
3140
3142
3126
3091
3046
3005
2967
2929
2891
2848
2802
2753
2700
2649
2606
2560
2511
2461
2414
2367
2306
2228
2141
2045
1946
1857
1777
1704
1637
1579
1526
1467
1398
1315
1226
1137
1056
977
906
842
768
683
583
473
368
284
223
168
119
79
43
18
1
-5
1
20
43
63
84
109
146
186
232
265
280
282
280
279
275
273
272
275
282
290
289
292
308
327
346
370
397
418
434
431
417
401
380
368
369
373
377
395
419
445
475
519
557
576
600
629
660
691
718
744
758
765
770
770
772
777
774
763
749
734
717
694
664
633
610
589
563
536
514
494
473
443
408
376
348
326
312
312
322
342
370
403
434
463
489
504
512
521
535
548
552
548
539
522
498
468
442
424
413
407
406
406
403
389
375
367
358
349
347
353
361
368
373
377
387
412
445
476
497
502
510
531
564
605
643
677
692
678
651
629
608
587
562
539
525
511
507
506
511
522
527
532
532
530
524
526
531
536
540
538
533
526
521
521
534
552
577
605
633
656
671
698
734
784
852
930
997
1051
1098
1137
1172
1209
1241
1269
1296
1311
1310
1301
1284
1258
1222
1180
1134
1081
1022
956
887
823
767
720
676
626
572
516
462
408
363
336
316
300
287
277
262
253
249
247
240
237
241
246
252
252
253
248
235
211
179
132
81
32
-4
-26
-38
-43
-37
-35
-42
-42
-37
-30
-22
0
31
65
90
114
130
139
143
132
119
113
113
123
144
163
181
198
231
266
291
319
345
377
416
459
493
519
538
557
570
575
574
575
573
566
563
571
587
605
627
648
666
677
676
669
660
638
610
587
573
567
556
550
546
546
554
558
560
559
553
548
540
517
477
421
362
303
244
191
147
105
63
24
-21
-66
-107
-147
-191
-234
-277
-321
-373
-440
-519
-610
-705
-811
-911
-996
-1071
-1136
-1192
-1242
-1274
-1293
-1310
-1324
-1344
-1358
-1367
-1372
-1382
-1402
-1430
-1472
-1518
-1561
-1607
-1659
-1712
-1766
-1813
-1858
-1907
-1953
-1997
-2039
-2074
-2106
-2140
-2176
-2203
-2220
-2221
-2212
-2201
-2185
-2167
-2152
-2130
-2087
-2025
-1944
-1870
-1807
-1739
-1666
-1593
-1523
-1453
-1386
-1322
-1267
-1224
-1194
-1172
-1160
-1156
-1148
-1144
-1135
-1120
-1097
-1066
-1037
-1012
-989
-962
-931
-906
-874
-825
-776
-738
-708
-677
-650
-632
-627
-622
-613
-606
-594
-586
-581
-577
-572
-580
-595
-607
-608
-614
-633
-658
-686
-701
-712
-717
-718
-718
-721
-719
-707
-687
-656
-616
-568
-518
-479
-448
-419
-397
-391
-407
-435
-466
-507
-565
-636
-714
-786
-858
-932
-1001
-1060
-1106
-1137
-1155
-1164
-1171
-1169
-1163
-1159
-1154
-1163
-1181
-1211
-1249
-1292
-1340
-1382
-1415
-1442
-1475
-1501
-1529
-1541
-1532
-1506
-1463
-1414
-1357
-1304
-1264
-1238
-1214
-1201
-1192
-1184
-1169
-1154
-1152
-1147
-1144
-1141
-1126
-1103
-1074
-1049
-1019
-982
-946
-911
-885
-871
-875
-889
-911
-935
-965
-998
-1028
-1048
-1056
-1055
-1047
-1042
-1038
-1041
-1041
-1037
-1022
-992
-963
-945
-941
-946
-961
-989
-1020
-1056
-1103
-1160
-1219
-1277
-1320
-1344
-1359
-1355
-1342
-1326
-1301
-1268
-1242
-1210
-1166
-1121
-1077
-1032
-991
-961
-948
-950
-966
-998
-1039
-1081
-1114
-1153
-1197
-1235
-1259
-1279
-1302
-1313
-1308
-1296
-1277
-1256
-1226
-1196
-1161
-1115
-1067
-1026
-983
-939
-905
-885
-876
-863
-847
-825
-806
-782
-752
-734
-714
-695
-667
-632
-578
-523
-463
-405
-351
-303
-252
-194
-142
-81
-25
16
49
71
89
108
123
135
147
166
189
209
219
239
272
325
381
448
511
576
636
692
748
796
855
914
953
984
1015
1059
1105
1144
1168
1176
1178
1180
1183
1183
1189
1196
1207
1222
1237
1252
1265
1285
1307
1330
1358
1368
1365
1359
1352
1348
1340
1327
1314
1295
1276
1262
1255
1259
1269
1301
1336
1378
1433
1490
1543
1591
1637
1671
1701
1725
1742
1755
1757
1738
1709
1672
1625
1574
1517
1454
1386
1310
1243
1193
1158
1149
1151
1157
1179
1201
1220
1237
1250
1256
1252
1239
1210
1169
1116
1060
999
939
892
854
817
787
774
780
793
813
846
893
957
1028
1098
1161
1216
1260
1291
1299
1294
1291
1281
1285
1292
1297
1302
1313
1327
1349
1381
1408
1440
1474
1516
1560
1602
1642
1669
1679
1682
1684
1674
1669
1653
1641
1619
1609
1601
1597
1593
1581
1567
1546
1523
1495
1460
1420
1363
1328
1297
1267
1239
1214
1198
1182
1160
1142
1119
1109
1104
1115
1135
1132
1121
1116
1108
1100
1079
1049
1034
1015
1016
1028
1049
1083
1116
1128
1141
1155
1173
1189
1202
1218
1232
1245
1259
1278
1296
1308
1312
1309
1300
1269
1241
1206
1169
1124
1067
1018
986
965
946
931
926
925
920
921
941
969
1016
1078
1147
1214
1274
1332
1369
1400
1423
1441
1445
1436
1415
1385
1356
1338
1341
1362
1385
1411
1462
1512
1545
1581
1626
1672
1708
1748
1776
1798
1809
1817
1823
1827
1825
1830
1840
1842
1866
1879
1888
1885
1879
1886
1904
1923
1937
1955
1980
1979
1986
1993
2010
2020
2031
2027
2015
1987
1969
1949
1918
1895
1881
1858
1837
1805
1772
1738
1709
1682
1665
1650
1635
1616
1586
1553
1512
1480
1470
1460
1443
1431
1421
1407
1395
1384
1386
1384
1396
1389
1385
1371
1363
1353
1356
1367
1376
1382
1379
1381
1379
1366
1378
1385
1387
1383
1389
1386
1380
1378
1396
1402
1390
1384
1366
1366
1366
1375
1387
1396
1394
1406
1420
1422
1425
1454
1494
1508
1517
1535
1562
1579
1592
1602
1597
1610
1627
1625
1617
1604
1580
1565
1544
1513
1453
1404
1364
1336
1310
1281
1275
1271
1270
1272
1276
1271
1246
1214
1202
1175
1179
1174
1157
1137
1122
1109
1095
1081
1069
1047
1029
1021
1018
1006
982
940
898
867
827
798
785
789
783
771
753
736
750
757
770
777
801
837
862
894
926
949
986
998
1021
1039
1072
1113
1133
1148
1158
1158
1161
1143
1139
1150
1152
1144
1129
1117
1097
1075
1086
1085
1083
1068
1057
1029
1008
982
979
943
905
865
801
732
684
622
575
557
543
525
544
552
554
562
582
590
600
585
553
531
501
490
464
419
375
347
316
303
275
265
257
256
264
280
285
285
288
283
281
260
246
245
224
225
193
165
168
168
163
166
173
178
179
188
227
262
302
330
337
350
337
318
309
305
287
294
319
349
370
375
392
419
456
517
571
628
701
775
852
918
983
1025
1050
1074
1080
1077
1086
1070
1070
1070
1070
1082
1087
1102
1114
1132
1157
1176
1219
1257
1295
1325
1337
1336
1371
1384
1417
1450
1485
1523
1537
1560
1568
1567
1581
1571
1536
1516
1487
1452
1413
1391
1360
1337
1307
1276
1274
1281
1262
1262
1264
1280
1294
1292
1316
1338
1357
1376
1394
1399
1404
1404
1389
1326
1262
1190
1163
1150
1156
1184
1215
1251
1278
1316
1351
1379
1410
1412
1410
1413
1417
1402
1338
1292
1244
1184
1136
1068
1013
934
858
777
714
659
586
560
554
547
548
556
578
594
588
570
553
522
472
423
351
258
171
109
67
17
-11
-37
-64
-66
-62
-73
-87
-69
-80
-81
-116
-168
-210
-245
-302
-310
-326
-345
-360
-332
-325
-314
-286
-236
-189
-176
-177
-170
-192
-240
-276
-314
-357
-408
-463
-525
-546
-569
-611
-663
-719
-744
-758
-797
-846
-865
-866
-863
-848
-859
-866
-857
-864
-863
-855
-908
-942
-994
-1033
-1086
-1126
-1194
-1259
-1312
-1374
-1378
-1366
-1384
-1397
-1424
-1451
-1436
-1428
-1469
-1464
-1466
-1469
-1510
-1534
-1522
-1552
-1558
-1558
-1558
-1506
-1491
-1476
-1478
-1462
-1466
-1433
-1406
-1399
-1362
-1318
-1305
-1281
-1253
-1236
-1208
-1177
-1155
-1125
-1095
-1084
-1099
-1110
-1108
-1105
-1088
-1079
-1084
-1096
-1094
-1130
-1148
-1162
-1182
-1193
-1188
-1209
-1247
-1258
-1226
-1265
-1291
-1275
-1254
-1194
-1145
-1080
-1034
-979
-923
-886
-818
-754
-725
-704
-634
-598
-567
-530
-466
-474
-444
-415
-380
-387
-370
-348
-328
-318
-303
-289
-297
-288
-323
-345
-370
-411
-418
-387
-405
-401
-374
-364
-341
-297
-235
-213
-199
-180
-157
-120
-109
-105
-102
-131
-150
-152
-149
-145
-120
-136
-153
-192
-242
-256
-258
-278
-255
-238
-258
-273
-289
-283
-254
-234
-198
-177
-175
-172
-182
-170
-182
-181
-156
-165
-150
-96
-105
-135
-129
-128
-127
-127
-119
-99
-103
-132
-111
-103
-144
-148
-178
-196
-235
-249
-269
-280
-295
-292
-241
-238
-271
-246
-267
-221
-186
-162
-70
6
53
117
153
189
218
208
162
131
161
184
209
227
202
182
156
111
98
75
40
3
34
36
-7
-8
34
66
104
146
174
171
210
241
232
209
196
177
119
152
129
148
206
207
218
202
185
141
-265
-296
-299
-304
-313
-348
-345
-303
-333
-336
-359
-373
-459
-475
-498
-493
-518
-571
-594
-633
-644
-664
-718
-753
-772
-813
-783
-744
-777
-796
-857
-887
-903
-940
-958
-957
-998
-1009
-979
-1017
-1045
-1051
-1041
-1036
-1028
-1031
-1067
-1035
-1032
-1025
-990
-962
-935
-907
-921
-920
-888
-896
-938
-974
-1004
-989
-991
-957
-903
-926
-943
-944
-964
-979
-957
-910
-932
-959
-988
-1008
-1030
-1066
-1095
-1116
-1146
-1172
-1158
-1226
-1297
-1313
-1296
-1224
-1223
-1226
-1202
-1196
-1155
-1113
-1136
-1179
-1210
-1252
-1263
-1271
-1288
-1255
-1296
-1336
-1385
-1368
-1371
-1363
-1343
-1393
-1388
-1411
-1403
-1347
-1320
-1283
-1287
-1254
-1197
-1193
-1179
-1186
-1130
-1057
-1020
-978
-938
-938
-880
-849
-836
-837
-834
-872
-830
-774
-754
-779
-738
-714
-713
-627
-552
-498
-452
-407
-427
-404
-429
-438
-441
-504
-549
-598
-623
-670
-665
-656
-725
-764
-728
-691
-686
-567
-512
-542
-500
-540
-489
-484
-468
-520
-586
-649
-578
-564
-572
-611
-642
-698
-746
-753
-676
-612
-563
-520
-524
-562
-553
-469
-421
-436
-405
-354
-382
-386
-412
-344
-311
-287
-278
-239
-172
-177
-208
-180
-139
-142
-143
-142
-76
-23
-44
-28
-4
15
72
38
12
-47
-35
27
-22
-55
-110
-116
-96
-65
-61
-60
-99
-118
-98
-139
-119
-140
-81
-63
-96
-72
-83
-104
-102
-92
-117
-126
-116
-95
-104
-59
-34
-2
-31
-22
-22
-40
-72
-106
-97
-94
-135
-210
-262
-343
-386
-446
-446
-460
-412
-346
-338
-332
-286
-323
-224
-255
-253
-201
-179
-189
-160
-129
-140
-141
-224
-244
-274
-351
-428
-408
-406
-451
-471
-493
-406
-352
-366
-353
-332
-366
-324
-327
-297
-312
-346
-397
-441
-455
-465
-529
-514
-492
-510
-445
-452
-360
-332
-326
-336
-350
-289
-293
-276
-195
-221
-230
-220
-216
-255
-240
-234
-206
-159
-163
-139
-87
-1
49
64
65
111
108
163
164
183
175
206
186
183
88
68
27
-54
-151
-195
-261
-283
-367
-362
-377
-409
-445
-443
-445
-491
-590
-643
-631
-701
-700
-787
-801
-837
-824
-837
-834
-851
-842
-761
-711
-678
-702
-672
-647
-616
-587
-617
-637
-681
-680
-656
-658
-635
-714
-680
-638
-657
-604
-560
-525
-529
-450
-440
-414
-431
-461
-392
-427
-392
-357
-353
-330
-276
-214
-158
-143
-87
-56
-8
33
126
129
230
197
238
228
313
378
424
480
532
578
578
617
635
667
701
720
752
776
825
764
780
802
905
901
981
972
1019
1076
1087
1174
1235
1356
1339
1327
1344
1377
1352
1382
1379
1391
1344
1407
1397
1398
1385
1365
1349
1337
1277
1184
1145
1055
1037
1033
994
946
883
890
843
791
700
609
536
436
314
240
175
121
101
79
122
130
134
111
133
100
88
90
112
185
175
216
249
266
223
198
204
214
192
142
104
73
115
145
143
165
168
145
79
84
83
77
111
110
86
56
125
223
245
305
319
330
310
272
273
293
283
238
233
207
169
170
150
168
172
172
155
138
184
199
231
189
218
235
278
281
308
308
399
332
355
352
371
371
358
407
444
474
482
503
472
485
508
481
513
477
467
520
586
597
674
697
711
725
774
848
823
766
717
779
763
