-20020
-21869
-12245
-9734
-3580
-4729
3366
4012
40
10243
15463
13862
12499
13699
14926
16418
16978
9723
11083
12625
14898
9927
12338
4320
-1644
6028
-720
3168
-596
-562
-2137
-5362
-3725
-4912
-5967
-8378
-9473
-8726
-5816
-9326
-10737
-12552
-12219
-12548
-13406
-14162
-13133
-14966
-17159
-17640
-17783
-18033
-18502
-16264
-17212
-14203
-6760
-10779
-13317
-3934
789
6418
7550
8146
10376
10150
12488
12952
15871
14678
14615
14722
13709
13633
12529
11317
9183
9336
8597
6649
-2943
-3076
-41
-3346
-2691
-3740
-1777
-3860
-3986
-4280
-5316
-5795
-8418
-9063
-8911
-9893
-10732
-12483
-13625
-12108
-14655
-19423
-24194
-17607
-12505
-13835
-18273
-17765
-10744
-13647
-14660
-8669
-5101
-6726
-7620
-6706
-1332
3843
4417
4822
7119
9523
9998
8359
8083
9200
9253
7758
9593
7219
3695
1835
2334
6115
1937
3854
1891
-8553
-3189
-1201
297
-983
-4082
-4212
-3189
-5257
-5726
-3769
-7046
-10970
-13491
-15555
-14856
-12802
-14449
-13487
-15445
-9225
-774
-14577
-7376
-3430
-9512
-1397
-5288
-4521
-4515
-4960
-6071
-5873
-2821
-7327
-3853
-1972
717
5933
3094
3916
4790
5757
5827
5288
2740
2313
-411
573
1253
3003
3688
2885
4053
-192
1430
1481
-10091
-5775
-573
-4031
-2267
-4467
-3895
-2816
-7498
-9303
-7160
-5089
-2527
-8933
-8845
-1726
-6085
-6339
3963
2512
-1303
-338
-3877
-3324
-3332
-4151
-7649
-9472
-6222
-7968
-11361
-10841
-11857
-11216
-10457
-11207
-6993
-2823
-3243
-2047
-3306
-2520
4437
2901
1650
-185
1665
5732
4166
3099
2637
1973
3058
1150
-806
594
-7484
-8567
-7540
-9033
-2575
-6400
-6508
-5206
-6558
4060
-1135
-8431
507
1066
685
3071
867
-483
-1534
-1748
-1549
-1843
-1902
-4152
-4614
-6089
-7640
-9381
-11252
-11786
-14260
-14524
-15427
-14234
-12961
-14804
-15416
-7794
-4012
-3816
-1958
-2254
864
1314
2966
3771
2535
4164
5410
4147
3431
5080
2633
-449
-1378
125
2672
-794
-3685
-6352
-185
4214
-2084
1864
8049
9692
6552
4523
4491
3691
3054
-1092
-2007
-1605
-243
-1662
-4901
-6061
-9019
-9324
-12217
-10432
-11076
-13201
-12502
-15368
-17559
-14977
-13201
-14555
-15917
-15279
-11483
-8254
-4390
-3432
-2897
-470
-921
1380
3296
7533
4572
-2811
-790
4843
7006
3747
2491
158
6332
12253
4083
2349
6197
6390
4714
7827
8934
8626
5722
7832
6711
6242
3325
1114
2573
-293
498
-1826
-2679
-7789
-9882
-9749
-9363
-8372
-14792
-14245
-11969
-13920
-14946
-15186
-16509
-16769
-18295
-19283
-18290
-17334
-16714
-12992
-11757
-9195
-4319
-7805
-7439
-4866
-3827
-2577
2779
4440
-1188
1488
7356
5542
1433
9572
13904
12685
11641
10227
5054
4028
5034
6225
4608
2605
7897
6606
2182
-3271
181
-171
-2660
-5920
-4020
-4604
-7408
-10529
-9417
-6754
-9885
-9552
-11258
-12872
-13217
-13532
-17944
-17702
-17480
-18166
-17866
-19217
-17109
-14265
-22640
-22594
-14473
-10345
-6146
-8818
-7993
-5418
6347
8924
-2054
10071
15299
12395
15474
15510
14356
11886
12259
13228
13855
10583
11665
1936
1898
5476
1280
3863
-78
-3915
-1604
809
-2835
-2176
-5464
-5472
-6670
-7483
-5179
-8652
-9277
-10607
-11763
-11698
-13160
-15055
-12505
-11870
-12897
-15990
-21073
-20773
-18393
-18556
-20822
-18403
-15019
-15514
-17662
-12309
-1975
-6993
-3772
8431
6865
9155
8602
8498
12907
11711
13098
10504
9178
9479
11847
6784
5869
6316
6244
6067
-6717
457
-1539
-4230
877
-1993
-2692
-264
571
-3628
-6305
-5315
-1671
-5490
-6545
-6621
-7494
-7286
-6218
-9136
-13527
-15438
-16241
-15301
-12850
-11250
-17108
-16870
-18545
-15789
-6536
-14869
-18550
-8312
-6500
-5034
485
2694
4356
3264
6475
8863
11332
9676
9392
10955
10196
12147
9260
9686
5588
4274
5508
4314
7147
7459
-2735
-2507
1417
-848
1593
135
-264
-2257
-1326
-1790
-3260
-3837
-3888
-3099
-10780
-13991
-10169
-9908
-12805
-14860
-14953
-14478
-8203
-11585
-17766
-8166
-7631
-19946
-8761
-3752
-7363
-8529
-11406
-6349
-8487
-11076
-8466
-6901
304
4219
3049
2228
1439
6223
3683
4473
7608
3521
7423
5614
3005
2904
5364
5594
3306
2083
2786
-1964
-652
179
-877
2777
643
267
-2606
-4685
-3547
-4965
-9631
-9295
-6056
-5760
-9417
-9066
-13372
-7684
-190
-10823
-10521
-5707
-7740
-6086
-7587
-9077
-9500
-11075
-11276
-11885
-13297
-12228
-7595
-8873
-8526
-6312
-2139
-3469
1838
-1134
-320
6627
6475
6317
4826
6989
6920
7124
7811
8315
8511
7148
8704
7462
4124
3299
-2616
-2812
-5299
-1985
-120
-1971
-7354
-9414
-8405
-8618
-4676
-13009
-11912
-2130
-6592
-9792
-2922
-52
-3073
-4762
-6366
-6313
-6446
-7986
-9188
-9562
-6998
-8267
-11202
-12462
-16693
-14829
-9513
-10035
-13245
-10985
-4636
-2620
-5434
-1955
2500
4370
5748
3149
5746
9441
10614
8657
7762
9690
10510
6804
-2497
7048
5978
2197
-2599
-10241
-2161
-4377
-4831
-7891
-4395
3814
-234
-5126
340
-2193
-1215
1355
-1003
-1995
-5532
-3422
-5402
-5846
-8308
-7343
-8089
-8426
-8793
-13713
-10626
-11796
-14733
-13051
-16478
-15438
-14439
-14330
-13720
-12047
-7375
-5710
-278
-314
490
777
3658
7048
4119
5768
2966
3179
5435
5063
6179
3808
-668
-729
-1216
634
1603
-11440
-7233
1793
-2428
-548
1049
4720
5058
447
-129
468
-440
-940
-2773
-5342
-3901
-2352
-2388
-6858
-7516
-3582
-6597
-9465
-4528
-8283
-10603
-9357
-12984
-12885
-9079
-10986
-18281
-18161
-13806
-13320
-12854
-8834
-7131
-2761
-4611
-7978
-4113
815
1232
-1106
-2548
745
4588
-408
-202
-4015
1083
10152
6426
-340
4426
8874
-3151
4630
4856
3343
3165
992
2650
792
3292
834
1487
-1230
-4066
-1824
-3331
-6180
-4187
-4084
-6178
-3894
-4489
-8873
-9123
-8276
-8777
-10231
-11012
-10143
-11228
-12321
-12193
-13644
-15302
-17300
-16057
-11589
-11680
-7164
-3722
-4909
-6095
-5089
-2815
989
1997
-4212
1164
9182
336
1429
10747
8166
10330
8175
7530
8645
-2464
-65
2079
1294
4882
4491
726
-2827
2764
-2480
615
3618
-6153
-2276
-1696
-5341
-4299
-3241
-4370
-5173
-6865
-10571
-10588
-3777
-6355
-10068
-12243
-16860
-14482
-16101
-14990
-17657
-19747
-16166
-20236
-14649
-11128
-9737
-12130
-12308
-3382
6385
-3766
-1000
5370
8467
10921
12471
11486
12227
9318
10005
8931
11353
9260
7421
4885
-3304
5006
1377
796
8566
590
521
2979
3456
1283
-2872
-4652
-2140
-3853
-1797
-2327
-3232
-6350
-5367
-8253
-13980
-18778
-10914
-9738
-12390
-14933
-16383
-14000
-18283
-19998
-22845
-23801
-18821
-17565
-21177
-13001
-5890
-10717
-4694
3978
4208
2459
2651
7491
11538
9981
10635
9199
10531
12940
7586
4161
9430
6759
11595
10508
-1143
-24
4606
2927
1456
1329
4959
5096
2613
-957
-3130
-739
1316
-3397
-5040
-6205
-6923
-5018
-7799
-8192
-7226
-12961
-15561
-19492
-16033
-14203
-19002
-23795
-24198
-15214
-12616
-22382
-21541
-13685
-13423
-6907
-7667
-2314
919
1618
183
4298
6624
4448
4803
4950
9748
8403
8420
12378
4648
8691
8207
7431
8283
7604
4616
-2472
4198
3342
4537
6763
3069
2213
833
-1551
-3032
-2784
-2206
-2919
-7430
-9247
-8094
-8564
-12343
-14186
-13363
-11531
-11904
-17505
-14136
-9423
-14905
-15439
-10490
-8449
-10021
-12702
-13882
-8725
-7728
-8869
-8509
-9280
-1690
1752
2832
3381
1490
5299
7537
6577
6866
8602
9660
9075
7580
8210
10981
9983
7948
5840
4602
998
1705
932
-1877
1061
-55
85
-3798
-564
-3202
-12217
-12613
-10873
-7812
-10507
-12941
-17850
-12104
-2184
-8046
-16349
-10863
-5196
-8646
-6198
-7384
-11051
-11116
-11957
-10666
-13715
-14909
-15595
-11413
-10834
-12401
-10213
-7923
-4219
-5807
704
626
1999
9311
6514
4631
9832
10688
10891
11188
9682
6739
5076
1727
239
2695
-1609
-5999
-2821
-4920
-5061
-5564
-6189
-9982
-10472
-8902
-6442
-8716
-14453
-7727
-4621
-12635
-9490
-1095
-3840
-5292
-5814
-7262
-5730
-5733
-6445
-10214
-12603
-9222
-8364
-7870
-10545
-11968
-12289
-11057
-9428
-11336
-10431
-4071
-1602
-155
1673
4902
6174
5998
5804
8811
10040
6962
6847
5531
6887
2587
1035
1842
1337
1844
-4125
-7055
-4971
277
-3404
-7714
-8672
-462
4274
-4289
-3831
3112
252
-768
2112
-2404
-2757
-4493
-4961
-2922
-5046
-5333
-6017
-5772
-6087
-6823
-7342
-8020
-7372
-15182
-12649
-15332
-13086
-16774
-16244
-11148
-12956
-11194
-7111
-3065
-5600
-1959
-444
-1512
1704
1616
2386
3525
3647
3654
2133
3310
1239
-375
84
568
1852
-5387
-9002
-1910
-873
-7054
1973
4580
1100
3811
451
3228
2058
1714
1665
-2030
-368
-1571
-856
-5616
-7278
-3461
-6416
-2831
-3540
-10361
-9599
-7143
-10276
-12583
-11135
-8100
-12093
-16022
-15582
-14290
-11925
-15807
-10836
-6801
-5779
-4097
-6601
-2011
193
-341
-3076
-2229
1947
3082
262
-3999
-929
8806
9151
838
5939
8637
3054
4196
5207
5501
6401
4531
6995
4842
5787
4503
992
5883
-576
2537
5834
-1905
678
-1162
-6275
-2369
-1548
-5095
-6728
-6206
-5186
-6849
-5701
-10545
-12922
-13092
-14623
-14674
-17778
-17042
-15139
-14711
-17081
-13658
-8513
-5346
-7994
-9075
-6530
-2270
-1793
-688
-1807
7258
3540
196
14049
11257
11356
10586
9769
11812
9677
4930
1918
3351
3613
7451
6292
5557
3210
5632
4927
3831
5037
-361
-748
-479
-1626
-2671
-937
-480
-5073
-10584
-15216
-7584
-5447
-14764
-15278
-14769
-16745
-18063
-19454
-18393
-21405
-23795
-24240
-21948
-20513
-15085
-15068
-14359
-8474
-250
420
-3264
7714
7601
6877
11975
12136
11869
10075
9384
11064
7233
7934
10428
9705
6966
1595
6894
5017
5991
6179
3260
1908
4482
6057
582
976
-513
95
-870
-3131
-4973
-7158
-7462
-9189
-9984
-13585
-13778
-13138
-11649
-13959
-15706
-14827
-15529
-19032
-19488
-18067
-18488
-18599
-18451
-19918
-15859
-18193
-11043
2667
3173
2532
2699
3022
5855
11774
3370
5390
13175
9801
12350
10263
10762
11815
12472
8877
10978
9450
-1700
3068
-850
1423
1874
3842
3374
-4419
-5806
-5264
283
-3166
-7352
-6434
-8187
-9795
-11103
-12633
-12473
-16243
-18294
-19207
-16578
-14696
-16804
-19173
-20395
-13435
-8107
-18787
-18987
-8317
-11447
-7904
-11303
-9016
-4214
-2933
856
-165
5903
6703
9369
9027
11336
13029
11372
12081
10208
10916
9053
7017
9532
7001
7911
6063
450
1451
-1013
-241
-808
-1019
-1186
-2607
-5908
-8664
-7321
-8030
-9779
-10166
-11915
-8225
-12623
-15730
-16103
-15928
-13578
-15685
-17106
-11900
-13836
-16533
-11452
-10702
-9304
-7332
-13286
-14378
-16341
-11735
-10123
-13249
-11192
-4367
-3276
4390
-1
3408
6246
5915
7292
8824
9503
8739
9525
8063
10333
11103
7626
3652
2769
7584
8090
-1262
-469
1169
-4657
-1675
-3843
-4034
-2282
-6647
-10161
-10029
-6650
-7259
-9538
-13232
-13186
-1952
-2596
-10787
-10201
-6205
-3169
-4892
-3871
-7065
-6858
-7611
-7929
-5775
-9510
-10055
-12750
-9872
-7129
-9151
-11363
-6863
-3748
-487
-620
-2066
4709
5220
3632
5650
5339
3415
3166
3683
9476
2878
3710
2361
-62
-70
1551
-114
-8038
-6753
-4964
-4380
-6933
-6735
-7040
-7315
-5202
-8909
-11889
-6392
-8088
-9526
2635
-2314
-3270
-2235
-7403
-6876
-8399
-7071
-6934
-4881
-5890
-7297
-5995
-10245
-11366
-12276
-12068
-12169
-9721
-10264
-13482
-10245
-8356
-2181
-3528
-1470
270
-3596
2847
6217
6270
3613
4658
6759
4912
3747
1612
4584
4007
1331
-2471
-1026
-3149
-6923
-2726
-7385
-3887
3086
3459
-4198
-1663
2450
1663
3762
1867
2589
-5440
-1106
652
-1438
312
-4128
-3445
-2809
-4088
-4473
-5553
-8414
-7166
-9829
-12109
-9062
-9725
-12515
-13948
-17244
-16291
-14712
-11362
-5971
-3651
-2952
-3501
-2374
-2509
-675
2666
4029
3545
2457
3053
3684
1272
1893
1914
2125
3403
2057
-3011
-4551
-288
-5978
6664
7796
4111
5925
3094
3517
1290
3416
1193
2590
1588
3507
1929
-1617
-1435
-1273
-2710
-3124
-3702
-6450
-3278
-8521
-10033
-13948
-12950
-13726
-14004
-16425
-18073
-14640
-14261
-16756
-12361
-13002
-12495
-8652
-8169
-4093
-1983
-3847
-5310
446
3607
3408
1281
704
2872
10230
7049
-556
9170
9859
4009
4056
-620
2036
620
4146
5212
3027
3927
2847
4135
2864
1948
564
330
-2294
-3555
-3570
-4313
-2566
-1716
-7279
-13891
-11845
-11194
-9954
-10144
-10871
-12213
-13517
-15162
-16800
-19439
-20967
-17294
-17090
-18413
-18981
-13112
-10587
-8287
-7543
-7684
-3039
-2728
-5964
-3482
5580
840
-2399
10222
10767
7728
5394
4477
7492
8158
5994
-535
4684
4571
7469
7931
2328
4104
3869
4644
4182
1362
434
2124
-434
-2663
-5612
-4033
-3815
-6657
-6645
-6821
-5561
-7636
-10073
-8274
-9390
-11805
-14713
-15077
-12792
-17249
-20676
-20690
-16300
-14330
-16954
-19254
-12631
-4537
452
334
-8566
3342
6517
6196
8091
4496
12025
6986
9564
11255
11291
10818
8854
7225
10066
7138
-1548
4323
2120
3496
2102
1831
4942
3713
-2353
-4603
-1071
-1291
-2022
-1243
-3038
-6411
-4393
-7069
-8535
-11369
-10868
-9830
-14188
-14842
-13501
-13955
-15903
-21180
-22449
-20575
-20541
-21479
-24174
-18616
-12977
-19178
-15383
2202
-2155
-211
485
727
6552
3882
10074
6433
8540
11004
10789
9375
8002
8113
7032
6941
7460
7940
-2803
2817
3340
-2649
-1197
3486
1206
-2521
-2838
-1040
714
-4970
-6913
-4660
-4190
-5805
-8807
-10218
-10202
-12484
-18681
-20341
-15952
-10545
-14709
-15894
-18921
-13452
-7074
-18234
-19300
-11290
-14423
-13350
-9745
-10634
-7180
-10852
-1725
-2387
204
4930
4947
7453
8307
8554
9737
9458
9593
11194
6907
8908
10008
6095
1766
7273
7903
-1778
3221
2279
1164
1344
-290
1043
175
-413
-2589
-2637
-5135
-5529
-8897
-10979
-9848
-11473
-11559
-12718
-9862
-15892
-17295
-9069
-11045
-18101
-11854
-5244
-10228
-10214
-12780
-11631
-12726
-11595
-6627
-6553
-11517
-5876
4699
-34
2076
4863
5973
6853
9614
9246
9489
10129
6949
6834
9488
12535
8866
7418
6024
6159
9456
1118
-4235
1978
-623
-1736
-2637
-4265
-4989
-7421
-9804
-11539
-8618
-9052
-12168
-14870
-14053
-4678
-5410
-13587
-15919
-7350
-11889
-9636
-11257
-7528
-9317
-10786
-9653
-9707
-8525
-12247
-10947
-8354
-7655
-9640
-7198
-12845
-5896
93
-3562
1456
2628
2430
5401
7505
8039
8696
7816
10277
10113
9939
8542
6804
6889
5257
3107
3204
-5992
-5087
-2486
-6776
-7514
-6371
-8358
-9816
-2824
-12338
-12979
-6617
-10093
-11054
-9584
-4259
-998
-3763
-5017
-3932
-4985
-4704
-5373
-4940
-7491
-5921
-3100
-6466
-9267
-10656
-10592
-12850
-8203
-10218
-15098
-10738
-9697
-3239
2734
1877
3106
671
5160
10268
9910
6856
7907
10564
7246
5506
4803
6709
4393
-3210
-6600
-3416
-2759
-11462
-11264
-10630
-8855
-2797
-296
-9040
-11157
-3663
29
-1465
-5471
-1963
-4332
-5695
-4582
-3854
-5610
-4402
-5759
-2859
-2133
-5892
-7661
-7540
-7617
-8238
-13814
-15238
-11065
-13898
-12837
-10607
-8732
-6298
-8285
-9875
-1132
-1394
622
725
61
1680
4397
373
1310
496
350
-126
-1066
-299
-1357
-956
-821
-5178
-4107
-2413
-15517
-9837
-1766
-1050
4647
1135
3295
-1029
-1525
88
1255
40
1197
-964
-2325
-1678
-335
1037
-3411
-4081
-4485
-7727
-7981
-6966
-10613
-9986
-6895
-8064
-11351
-14535
-13945
-12677
-10552
-13446
-10660
-10089
-11359
-5871
-6607
-3265
-1151
-5336
-5537
-2555
452
-1097
-2964
-3781
-3585
5430
1742
-6406
3476
3976
2859
9150
2319
2536
2780
1077
4569
5261
4228
1754
4274
3953
5261
5107
3051
2466
-3180
-2611
-2489
-2670
1147
-4599
-6417
-3507
-3606
-5865
-5095
-7272
-8409
-9390
-11178
-11577
-15639
-17489
-16857
-15021
-15427
-15209
-17675
-14760
-12023
-11859
-7976
-6916
-4294
-7014
-6473
5438
-1182
-610
8236
7830
9227
6191
7516
6366
6665
6586
9058
-496
1869
6405
2493
5361
4694
7546
2692
956
4656
4202
-867
514
-1597
-1984
1980
116
-2313
-9108
-8323
-4112
-6286
-9448
-10936
-12158
-14028
-13579
-15755
-16659
-18892
-25323
-27417
-22397
-19606
-20924
-22841
-23610
-14923
-5361
-6188
-12069
-2183
3128
2176
6417
5423
7136
4557
7357
10038
10811
11352
8012
12243
11583
16181
7926
-1302
3825
3624
6815
1750
4123
5969
1756
1970
1310
1010
-499
-2088
-2008
-3828
-5856
-6578
-9915
-10911
-12981
-13777
-16286
-16908
-17930
-19197
-20099
-24506
-23744
-24507
-24012
-22704
-27707
-21499
-16056
-24456
-17675
-8266
-5909
-2080
-3693
2539
4461
7455
6198
6647
13675
14048
12505
16313
13802
11782
6812
11918
10253
13294
10926
766
960
3806
1676
5756
4077
2020
-1136
1908
5578
98
-2402
-2615
-3333
-4898
-8230
-9107
-8975
-14090
-17226
-18005
-17591
-16563
-18964
-21500
-22345
-17100
-9054
-17026
-19140
-15834
-16712
-11414
-10740
-10479
-8018
-8984
-4399
5867
6106
7223
7666
10841
15646
13099
11368
11569
14021
16001
14746
10101
13228
12804
8003
6749
9175
5787
-2496
2812
2461
2479
3077
2239
-3682
-1741
-3038
-5447
-6775
-10019
-14134
-13366
-14859
-17400
-20540
-20836
-15362
-19161
-24378
-15964
-15595
-24942
-13857
-8502
-11500
-7760
-10436
-8521
-13323
-15416
-8121
-5457
-4671
-3003
-575
-1724
-3028
2023
6482
5386
8544
12069
9022
9387
7888
8764
11079
13526
12344
10676
7681
9486
10332
5712
2321
-5074
609
-3213
-6182
-4993
-5484
-8208
-13293
-13942
-14796
-15396
-17610
-13130
-15657
-8870
-3995
-14316
-13818
-4399
-8048
-7205
-6690
-5855
-6171
-8816
-3913
-4414
-1651
-3116
-4222
-9675
-11248
-10169
-3497
-2933
-7218
-4551
-344
-2485
6003
9074
5446
7387
9915
10901
10813
11396
10282
9183
5368
2681
1827
-374
-254
-502
-1403
-10906
-11466
-7364
-10023
-9962
-13044
-6916
-6837
-12784
-12616
-4655
-7095
-13309
-4313
-2028
-1283
-213
-2866
-2053
-3823
-1161
1515
-1303
-855
122
-7712
-11419
-4875
-3578
-5620
-7027
-10245
-10786
-6738
-4692
-7038
-10080
-2492
2869
851
947
1500
3852
5475
2279
2334
5453
4946
3030
-35
-175
-170
-4293
-7453
-9605
-9035
-2023
-14026
-19025
-12270
-4661
-2015
-10662
-3807
-3309
-3241
1460
2442
2631
1520
2519
4485
4400
6099
4018
973
-2711
-856
3434
-1931
-1174
-3780
-6202
-5940
-4884
-4134
-8568
-11467
-12709
-8802
-8152
-9610
-9025
-8188
-3264
-3813
-3555
-2371
-2855
-1516
-2110
-2710
-3555
-3099
-3399
-5583
-3695
-3309
-4601
-3846
-7730
-9183
3331
-4372
-11794
1539
3432
4944
5428
4735
7214
5848
5515
5703
4176
2749
1292
1463
459
1193
2548
-365
-1989
-3328
-2683
-2121
-3994
-7045
-10401
-7326
-7624
-10228
-12763
-15268
-13830
-15475
-17949
-17108
-14593
-16883
-17884
-11990
-12413
-11347
-12395
-14741
-11221
-5927
-3137
-8489
-2108
-1390
4364
12523
-1442
1196
9652
6027
12540
12859
8298
1957
7831
11022
11184
13747
4442
4862
9270
10490
9798
2694
-259
-753
770
573
-1960
-2991
-5225
-7580
-7908
-7601
-9031
-10037
-10337
-11954
-12360
-14990
-16072
-17660
-19249
-20007
-20935
-19872
-21999
-19813
-22192
-15761
-12091
-16125
-6550
-5375
-5898
-5237
2040
140
-1415
12125
11310
12527
13168
12496
14456
13724
16113
14856
13797
5442
7324
11780
7429
9581
9443
8650
8008
8185
5741
3703
2058
-1064
-1528
688
-751
-4155
-7498
-10286
-8368
-8521
-13786
-14913
-15411
-18557
-18745
-21606
-22252
-23609
-26811
-29122
-25172
-24130
-21483
-22483
-24247
-19330
-11246
-3976
-12653
-3688
1311
1384
9749
8817
15222
11362
12069
14841
10233
9230
12449
12461
11972
13722
11021
12688
6411
-825
6702
1838
4095
4213
265
1868
1452
1328
-267
-938
-3020
-3615
-7191
-6604
-9615
-15153
-16190
-17760
-19077
-22370
-22881
-22442
-23463
-27128
-23998
-21829
-23698
-20184
-25794
-24967
-12344
-20801
-19450
-9759
-3445
863
-74
3200
6907
9714
10303
5495
10274
15222
18320
17676
14784
15017
14091
12056
10037
12230
10161
8843
6150
-1919
-166
3086
2136
-395
-3395
-3090
-449
-4480
-9110
-10332
-11865
-11944
-12630
-14627
-16384
-20117
-20664
-24465
-22273
-14819
-20359
-18870
-21649
-22513
-11973
-14195
-22138
-13892
-9902
-13715
-10142
-7190
-6064
-5097
-4732
-5519
4586
6571
7479
11676
10207
11822
11409
13259
12929
11478
13119
10980
11814
12027
7378
5913
6484
4783
6335
2121
-7866
-2261
-2997
-5008
-3497
-6035
-7192
-9392
-11640
-13628
-11674
-15010
-16618
-14722
-18216
-17729
-14473
-14897
-19977
-16859
-6191
-15087
-14273
-1330
-5492
-3512
-5654
-4035
-3638
-8919
-7280
-8101
-3426
-864
693
-1739
3035
7812
6802
7714
6784
11310
10662
10743
10200
8116
11072
11483
10311
5723
3590
4725
5640
2209
-996
-641
-9995
-12201
-11094
-12935
-7905
-10801
-15340
-12123
-13134
-10902
-12813
-13930
-12548
-13579
-634
-6307
-14219
-2584
-2800
-2444
922
-971
-1651
-4832
-6652
-4632
-2991
-3350
-5349
-4680
-4335
-7220
-5290
-5792
-9116
-5652
-4308
-10
4377
2795
829
1820
4157
3499
4002
5428
4798
5301
5385
2688
-255
-1591
-1847
-3844
-1008
-3833
-6606
-11466
-13233
-11393
-13762
-5204
-5283
-5533
-13259
-8240
958
-10326
-7099
3795
5380
4688
1331
329
-1203
256
432
-1203
574
-83
-509
-1647
-2842
-4242
-5116
-7139
-8242
-9230
-14749
-12694
-14222
-14010
-12338
-8444
-4005
-6609
-5918
-2898
-42
-1495
-3205
-1393
-1189
-3464
-2447
-610
-3683
-1697
-6459
-6889
-2071
-1486
377
-7083
-10924
-3849
8146
-146
-4254
8202
5035
5712
7887
5046
1970
1729
2678
4898
5591
2071
1216
299
1586
714
-551
-3178
-6293
-7640
-9277
-10938
-10316
-10553
-13869
-14648
-16971
-15529
-15804
-15643
-13698
-15773
-9346
-6592
-7689
-9036
-6928
-5366
-8365
-2374
-2714
-3309
-2148
-3990
-2530
-1465
410
-1469
-5715
1021
6492
847
-2132
2793
8973
2750
-255
5642
5748
5478
4169
5023
5095
6417
5588
1713
2755
1445
443
-1999
-2240
-4518
-5298
-5940
-10481
-10625
-10611
-10045
-12629
-15717
-17104
-16095
-17761
-20804
-16784
-18872
-18346
-17095
-16460
-8018
-7053
-10569
-9922
-8468
-2876
-1590
-4097
-4327
-4578
3381
12526
6154
-584
11246
12340
10043
6776
9367
5833
1688
10621
2773
8730
6149
5380
6255
5434
5512
3462
1317
-1544
-1217
-1730
-1691
-1873
-6094
-11182
-12260
-10561
-10259
-11450
-12501
-10942
-12540
-14313
-17929
-17499
-18234
-22892
-19337
-19915
-19788
-18831
-17933
-16349
-11726
-7975
-6094
-2294
-4458
-5341
3847
5730
-228
15697
15096
6431
11572
7454
16355
16255
14037
14345
13545
14342
6369
8468
9158
5840
7796
6964
6226
4178
1785
1614
603
-2673
-3731
-3513
-4950
-6369
-9038
-10313
-7889
-8608
-14138
-14911
-14851
-18411
-14242
-15023
-22199
-21138
-23936
-26183
-26461
-22241
-18274
-20489
-18341
-16634
-5608
4804
-3342
3059
8474
4634
9907
11396
12621
16020
14892
15538
16825
17129
12787
11920
12774
12215
12530
11626
6755
-1374
1786
528
2003
2448
-1734
-3367
-5420
-4190
-5617
-5749
-5098
-8980
-10237
-10485
-11206
-13301
-17944
-10979
-13161
-15722
-15004
-20388
-19482
-20800
-22284
-20210
-15173
-16418
-23125
-19617
-12572
-11926
-18128
-11406
-2884
-2085
3215
2046
6084
6575
8958
10871
9241
13736
15505
16099
12699
14010
13540
12513
11523
10627
9281
7724
6554
-3858
-1131
696
1239
867
-3213
-3578
-2216
-2306
-5203
-4638
-9520
-6912
-7083
-10817
-8248
-10806
-15511
-15353
-14822
-13403
-12180
-14073
-17342
-15576
-5239
-5289
-13434
-11359
-10690
-10090
-7425
-8098
-7906
-6232
-2437
-1254
3844
4477
3749
4472
6274
9259
12144
12481
11421
10865
10914
10194
8898
9621
5479
5751
6236
3683
4778
-4322
-6333
-6772
-4330
-5695
-8727
-4139
-6381
-8433
-7395
-9832
-12391
-11094
-11415
-13720
-14869
-13779
-10816
-12089
-16984
-12987
-6482
-13280
-15898
-7781
-5896
-6781
-8113
-6604
-4682
-7010
-7879
-5943
-7164
-6501
-3742
-3483
-1524
4059
3631
5967
6238
3261
5014
7965
4737
3012
5667
7526
6299
3133
-256
-1197
3961
2436
-4695
-807
-3967
-6082
-5131
-5875
-4815
-5207
-8036
-11234
-7657
-4785
-6173
-9451
-10631
-7996
1400
-4920
-11944
-3372
-1971
-2555
-2201
-3732
-3991
-3008
-8186
-6698
-5071
-8291
-9113
-12703
-11635
-11167
-10797
-10649
-9136
-8795
-4978
-268
-335
538
-1340
-63
2423
2104
3026
3313
295
3688
2758
3680
5013
398
2389
2710
1007
649
-5100
-6528
-3286
-6730
-3495
-4397
-2455
138
-7417
-5234
-1492
-4709
-2464
3471
2871
2070
1776
-1397
632
-616
-1301
-2229
-4258
-4590
-4803
-6933
-9306
-8966
-10129
-13159
-15447
-13932
-14134
-11123
-15580
-18720
-12384
-6962
-1687
-2495
-4628
592
4218
3707
5276
2559
3680
4092
4493
1703
4170
1481
-1378
-1835
-17
6281
-4675
-10303
-7538
-3370
31
-1712
-5478
-2253
262
916
2226
1068
1559
1986
2527
678
2021
-1261
-2913
-1993
-2606
-1988
-7234
-7389
-8436
-11326
-10896
-10087
-8368
-10402
-13801
-14884
-15229
-16671
-18100
-11197
-14051
-11633
-3683
-5566
-4084
-3540
-1423
343
2397
2253
2477
3708
4325
2751
2028
2706
6024
4922
-4894
2948
9081
-5549
875
7641
5535
11235
4151
4014
8340
7044
8164
5644
3673
4512
4583
412
-1631
940
-2120
-5582
-5692
-7389
-7615
-8590
-11490
-11978
-12205
-10837
-16269
-15514
-17138
-20718
-15011
-13820
-16637
-14478
-16818
-14971
-9119
-5534
-4098
-3224
-5984
-3682
-670
3588
5394
5074
-2453
3851
14033
6994
4196
9007
10806
9791
12138
8162
-234
3346
5714
6408
7378
5127
914
2713
4667
3099
2601
-410
-3250
-3105
-4755
-5020
-3673
-5208
-9716
-12074
-11422
-11872
-12592
-14811
-15624
-13284
-16439
-17669
-14826
-19056
-21706
-20158
-19163
-19824
-19848
-15745
-13736
-9251
-9367
-5310
-6630
-7278
-6248
4824
6323
-220
3878
12744
12793
12425
9898
11950
13089
15168
14392
8642
3177
5192
6552
3080
2924
2849
4790
1628
3140
1932
286
-600
-1898
-4083
-5528
-2866
-4840
-10224
-9417
-5570
-9008
-9008
-10984
-12659
-13233
-13516
-14350
-16919
-15128
-18496
-19461
-22100
-17825
-13672
-18452
-21638
-18704
-6482
1570
-5680
-7444
1669
3343
5434
7836
10313
11582
11987
10907
10620
9455
9728
8370
9688
9138
9598
8830
-1979
2220
-223
1882
2179
1940
1663
-3039
-2417
-3977
-3398
-4484
-1745
-6499
-6945
-6382
-8960
-10685
-12409
-13167
-13336
-15775
-18842
-15180
-15275
-19135
-19034
-20009
-23220
-19335
-21324
-26484
-14401
-10940
-22128
-13762
-2366
3654
2641
1615
6619
6896
10738
10587
9801
10957
17014
15480
11687
11262
10811
10512
12410
15139
14531
11583
1857
2330
1435
6708
7853
1754
4327
-561
2626
3862
241
-3903
-3135
-4347
-6232
-6401
-6480
-8072
-10787
-13583
-12936
-9719
-13653
-14379
-17382
-13460
-8337
-3635
-17498
-12350
-6606
-11424
-5016
-5712
-2932
-4136
-4085
2595
6367
6462
11588
12384
13924
14440
14267
15368
15852
10959
12390
10636
9542
11536
4979
8015
5024
6091
7292
-3016
4385
4006
3206
3359
3592
1879
1328
1053
-606
-822
-3155
-3164
-2927
-6335
-17935
-14070
-8454
-7211
-12883
-15749
-4595
-7736
-14000
-5672
-2352
-2767
-4092
-5747
-3748
-6623
-5289
-3087
-4918
-4892
-55
3837
7016
6983
6348
9132
10383
12120
12243
12806
10015
10602
10621
12760
14885
10179
6718
7914
10295
10719
7774
709
2772
2411
2717
2772
3142
948
-3507
-5121
-7612
-5357
-5418
-6352
-10863
-7800
588
1886
-7433
-7961
1405
-2923
-3163
-456
-3120
1164
-1059
-1443
1624
-1144
-3480
-3649
-4288
-9579
-7446
-6836
-10865
-7014
-1769
1996
3208
3410
4277
3993
5830
7726
8099
9280
10443
9879
9676
8112
8001
6114
7703
6104
7366
2884
-2203
123
-2608
-3602
-7527
-4614
-1184
-242
-7726
-5547
4098
-4299
-8555
3997
5329
1025
1644
789
2987
-521
636
-868
-1800
-141
-322
-2844
-5187
-2462
-7256
-8454
-9470
-9428
-8564
-11259
-12947
-12523
-6211
893
1058
-248
984
2062
8134
7024
6345
7959
9352
8098
6310
7472
8945
3908
-4905
-5049
-92
4066
-3363
-7283
-6345
-1154
7310
4766
-3404
1873
5540
4649
9385
8289
5087
4020
4443
3153
4053
1762
138
1355
402
-39
-3571
-4373
-5328
-5361
-6171
-9903
-4419
-8494
-9782
-7668
-14562
-8129
-7663
-11394
-6713
-4656
-2739
3380
1937
1460
4730
5791
8413
3053
5245
6722
4283
4416
1748
4704
8990
6314
1739
6122
11279
-2268
-503
13951
9530
13327
9742
7381
11025
10733
10182
5521
5999
7463
7088
2956
217
2636
-867
-1689
359
-4038
-3389
-9807
-8309
-7564
-10438
-9078
-12263
-11590
-13067
-10582
-8860
-11618
-9497
-11742
-10518
-6982
-6283
-2746
-2895
-1665
-2599
-2712
2499
5180
4876
5135
5146
5958
18552
8710
5505
18167
13700
14653
18645
15866
4661
7418
10669
10637
10733
11372
8944
8587
8121
8340
6618
2331
3840
1041
2076
-1902
298
-347
-5517
-4883
-7265
-6953
-6658
-6152
-7201
-9828
-10801
-9885
-10899
-12914
-12468
-16028
-19671
-17250
-17189
-14547
-13766
-11635
-3559
-2454
1712
1695
-3064
6127
11013
1721
9920
19215
16600
17421
15037
18083
18385
17527
16659
14116
6147
7418
10327
6438
7213
5482
4009
1657
6440
3929
-954
-134
-842
-2740
-1540
-1718
-3749
-5190
-8541
-5437
-3791
-6198
-8535
-8924
-10301
-11513
-13619
-17968
-14947
-14556
-17612
-18533
-16624
-12789
-13620
-14260
-16705
-2716
6141
-5008
4106
10203
7853
13403
15040
14687
14034
15894
16488
17929
17845
16702
15853
15802
16499
16685
12500
-66
7016
8043
3798
7084
7443
6020
1855
2400
981
1141
1422
-640
-1614
-2032
-3370
-2190
-6438
-4423
-9041
-14613
-10111
-15081
-12207
-12115
-16294
-20216
-17479
-11512
-9838
-14692
-20401
-10302
-8796
-15094
-8158
-1382
249
6182
6055
8737
9993
9696
12990
9453
13134
15098
15512
12952
10520
11748
12863
14168
10287
11781
8679
4933
-4038
1989
2905
2923
2798
-1581
-2212
-214
6725
-739
-2775
-2923
-5278
-10096
-6423
-6916
-11555
-8886
-15385
-12132
-8299
-11050
-12771
-17115
-15680
-6065
-8318
-16790
-9135
-6606
-8385
-816
-6150
-4869
-2705
-4202
778
4095
7786
5638
8489
9732
11174
12048
8921
12183
10409
12704
14045
12059
13706
9397
9242
9959
8155
9818
1585
2608
4682
3804
6855
5081
2687
-4465
-335
2046
-2058
-6286
-6734
-5259
-5320
-7000
-7128
-5745
-3124
-7165
-9268
276
-7514
-9076
-1064
-759
-400
-4535
-4533
-2742
-3149
-3162
-6218
-5572
-3412
-4198
-4857
-2749
1793
5137
3430
3641
7244
10321
10046
11041
9704
10668
11862
12518
7558
9134
9963
13344
12508
7349
6112
-7390
-3514
-539
-203
2904
-4896
-6275
-5355
-4588
-2819
-2589
-4352
-4798
-5478
1941
386
-9847
-3835
1766
-365
992
2196
1698
1379
173
-1092
-2693
-4417
-5067
-6909
-4374
-10284
-6981
-6511
-11523
-5796
-5604
2161
4549
3689
3627
2478
4524
6206
6947
7800
8342
7029
8627
9308
2967
1154
5279
5131
5934
5311
-3078
-2319
-1208
-3465
-792
-4533
-1680
607
-2149
-4191
2454
1145
-8444
6296
9300
4249
5756
4681
7189
4577
3011
218
237
963
1934
-4562
-5847
-3967
-8442
-7296
-5710
-6437
-11062
-6851
-9856
-12791
-8497
-3224
1273
2528
1945
4795
8566
8322
6830
4462
7568
9289
8370
7932
9141
6627
2712
1865
3777
6371
2749
-5094
-2642
-2460
7918
5771
-5458
6332
6876
8775
12332
8744
8692
6411
7525
2700
4802
1610
-1940
-213
-3224
293
-4013
-7967
-5579
-8812
-9401
-10736
-11961
-11595
-13974
-10431
-15018
-15199
-9426
-13260
-9968
-8950
-4224
-1632
-6816
-1155
-19
5189
6694
4468
4140
7315
6136
4030
5465
3064
5222
7774
404
4862
11656
-2623
-2507
9638
11533
9940
7295
6698
7951
9414
6736
4549
3072
4926
5034
178
247
-3417
931
-1915
-4246
-865
-3890
-3667
-6349
-7354
-7818
-7826
-8289
-10649
-12025
-8503
-9017
-13986
-16220
-12250
-12769
-11875
-7788
-5675
1881
-3564
219
-492
124
6953
3565
2098
2261
7037
16088
6594
6283
13508
11089
14500
12793
15430
8299
3744
8878
7473
9772
4748
4721
6598
8608
7431
5166
5098
336
2067
1282
-702
286
-612
-4023
-4387
-8881
-6947
-7206
-6740
-8728
-9178
-14570
-15923
-13734
-15570
-11340
-16843
-16579
-11527
-10796
-8558
-9154
-6603
-6253
-3176
679
2778
-2932
6042
10330
2597
10333
19483
17387
16809
14025
15492
18725
17236
15655
11224
15624
4903
6526
8489
1796
9654
8088
5007
4147
6610
3632
1407
-309
-2288
-285
476
-1425
-3103
-4872
-1807
-3634
-10585
-7627
-6298
-7122
-7465
-8882
-11902
-11385
-11491
-12074
-14224
-15819
-11446
-10078
-13067
-15661
-4187
6475
-1212
-161
10258
10209
13152
16230
13943
16019
15629
17143
16485
17413
15127
11620
14500
12057
11927
13657
10627
-2295
-980
4132
901
3267
1615
-136
970
-74
-474
-948
4814
1182
-4210
-806
-615
-1644
-4126
-3442
-5629
-8310
-7639
-7138
-7405
-14313
-15337
-16769
-18015
-11900
-14337
-18206
-10583
-4212
-11864
-11276
3456
4087
5256
6138
8912
13230
11854
12414
11293
10974
14704
15449
11255
15355
13804
13294
12619
9414
11348
10190
10846
2499
1681
7589
6543
7649
5496
1977
-143
-265
-354
-197
-339
-2336
-1894
-4456
-3587
-3580
-6699
-10677
-10446
-9481
-8788
-10104
-11954
-14241
-5467
-769
-14302
-9205
-3562
-5407
-4921
-6384
-2131
-4125
-5602
-903
5405
4178
5726
8105
5636
13170
12374
11993
11567
8950
11837
12202
13258
13056
12191
9039
10639
12657
12400
14481
2268
1228
5810
5272
7487
2652
2876
3983
3554
856
-1636
-217
-2090
-4683
-6019
-8566
-6646
-3812
-10122
-12415
-966
-5402
-12958
-3829
-641
-3548
-8189
-9483
-7097
-4837
-9723
-10262
-10767
-11235
-6765
-4143
-4302
794
1460
3239
3954
5923
8110
9844
8582
7235
10189
12318
13528
12365
9039
4256
8316
10171
6422
7473
3196
1023
1110
-614
3550
-449
-4399
-5471
-5029
-3032
-6720
-7562
-8814
-7802
748
1159
-7389
-3124
555
-2526
-669
-2243
-1403
-4560
-6552
-5981
-6051
-6360
-12361
-5091
-5482
-9657
-6411
-8083
-10735
-8148
-2495
-1967
882
3507
4663
5204
6981
11037
9140
5874
10650
14091
12591
13252
11528
11420
10109
8883
10709
4416
5635
-493
-3641
-75
-4240
-2111
21
2470
-847
-2540
6378
-4263
-6892
4618
-234
181
1631
3493
2982
-5388
-4007
-3355
-7934
-6247
-3817
-5359
-6545
-11157
-10646
-11646
-9704
-12132
-11323
-6215
-8304
-13671
-8058
-2767
2366
-930
-5409
5491
7261
10028
9552
10172
9952
9217
9957
7818
12040
8986
3439
1353
4681
6754
3850
1870
-7013
-3275
9492
5471
-3427
6075
7868
2490
6877
5370
3969
1186
555
3536
3023
967
1010
-1120
-2803
-2430
-3422
-4394
-7651
-9596
-5050
-6784
-6662
-4994
-7901
-6073
-7001
-11494
-11663
-7316
-6113
-3439
171
5566
4043
1541
5127
7550
9048
6308
6496
8609
6870
6618
5009
6566
7354
8153
1301
1240
10605
735
4482
2799
5819
6755
328
9187
5039
5968
4237
2554
5096
6534
5401
3120
921
536
-236
-676
1193
304
5
-1411
-2137
-3348
-3331
-2748
-9879
-11040
-7145
-5708
-3815
-7907
-8691
-11667
-13335
-5810
-3118
-837
-1217
-4187
-1387
-5206
40
2000
2075
1350
-1038
3867
18945
7575
1785
12205
11720
7982
12886
12299
8370
881
2403
5651
7612
7291
2848
6846
6197
6150
3713
2843
2566
2344
3259
1713
3016
3597
-186
442
-2153
-5231
-1327
-1522
-4169
-5691
-6172
-7854
-9897
-9392
-7881
-8175
-10554
-13503
-12561
-14198
-9744
-9018
-6839
-516
-774
-198
-3484
6583
7298
-2635
9342
14163
12242
11789
9949
10230
11551
9524
9608
9499
8690
14684
516
2575
8039
6797
9408
5153
9088
9290
8072
6112
6063
5963
6780
1652
-319
-227
-1744
559
1467
-1149
-4573
-4674
-7971
-7238
-10160
-11693
-11185
-15877
-17155
-17498
-16982
-15442
-17766
-22032
-16805
-10530
-4899
-7808
-4902
4653
2508
5460
7822
4987
6619
8940
9664
13152
10549
9942
9432
13389
15215
10689
10960
11256
6289
3109
7153
4923
9493
7975
9094
7701
1128
5334
6628
1897
3175
1848
1901
2326
-877
-3338
-2991
-4645
-5219
-8097
-7369
-7800
-10997
-14274
-14322
-13068
-14169
-14335
-17701
-11687
-12890
-18321
-9811
-4255
-3112
-2354
548
4966
4772
9222
8663
5529
12193
15887
14410
12854
15612
14504
13960
14278
14974
15374
15043
12855
15327
9733
-1031
4231
4961
4400
3605
5874
6388
2225
1124
-551
-444
-1280
-3894
-4149
-5025
-11517
-14383
-13813
-12241
-11842
-15474
-16404
-14133
-5971
-4662
-18299
-16542
-8407
-11217
-11407
-11336
-6259
-9179
-9265
227
-2635
3694
5146
5614
9350
7541
11895
12140
12854
14482
14963
15587
17516
19471
15900
8334
6096
13323
14091
13688
14191
5936
7027
8751
5803
3588
960
850
-327
-1655
-4635
-4812
-3633
-5047
-5454
-8331
-6737
-7201
-12177
-16724
-8038
-11059
-18398
-7997
-7878
-9031
-9712
-9607
-11419
-6822
-5348
-8236
-9428
-7445
-7330
-7648
-3151
-5139
4186
5725
5080
10086
11247
12634
13872
12466
6094
9485
17971
15673
13619
14010
16410
14791
9724
9710
8113
6901
74
-3207
4582
-389
-3100
-5265
-4475
-2211
-3955
-7917
-5357
-9210
-776
1572
-10567
-2641
-1345
-3970
-3414
23
-4545
-3813
77
-4350
-3909
-3479
-5855
-5979
-1704
-5334
-4684
-1430
-6783
-3427
2333
-1700
3570
11323
5634
2769
9654
11083
12480
15248
13845
14518
11997
13632
11876
10053
9366
8957
5541
3203
2736
2355
969
-8782
-5964
-6518
-7761
-4339
-4801
-7574
2735
-6142
-6612
404
-1518
3189
-5967
-1953
4509
66
-1676
-389
-591
285
-608
-1732
-1485
-2803
-1694
-7187
-6607
-3638
-6024
-6109
-5992
-11832
-11159
-548
-1184
1883
2654
2206
7722
5283
5555
6647
7538
7821
8862
7857
7653
3959
406
87
2383
4222
757
-4313
-971
-5049
-1153
5019
-9241
-1538
-1302
-20
5304
3394
7563
3147
1535
2795
2614
2391
1848
1131
3219
4598
3577
2597
600
-627
-300
-219
-3285
-6953
-9159
-7231
-5143
-5178
-9012
-5051
-8569
-10356
-5813
-5440
371
-3039
-1235
658
2754
211
308
3037
1494
234
-1648
357
-156
1540
-3529
-2902
6097
-194
-6141
7050
4332
-541
4874
4490
5771
7830
7896
2527
3239
7656
6357
4198
5593
4183
4039
4560
5426
6040
4206
154
-3416
-2250
-1668
-1942
-2278
-5978
-7758
-6697
-6625
-5704
-10105
-10875
-10207
-13963
-9613
-8881
-8027
-2716
-8952
-7408
-4674
-3254
-2617
-3980
2303
-1046
13019
8816
-3230
9734
10295
11515
11741
13450
14695
12246
14361
8419
5386
10086
7620
10325
11724
9967
10380
10036
8630
8087
8303
6426
2343
2554
2298
467
3276
873
-1628
-2438
-2681
-3459
-6073
-7732
-10022
-12070
-12225
-9679
-11148
-15667
-14079
-16425
-16230
-12673
-13784
-10152
-5928
-5473
-7350
-5799
2959
-7430
-2609
12073
6948
13001
10803
10762
13986
12442
14620
10369
12918
16787
15518
14181
2929
6705
9879
11005
15938
13965
9951
4473
7131
6629
6143
7264
4313
1759
-3094
-2816
2941
22
-5286
-4551
-6531
-11713
-13239
-14845
-14479
-17218
-22994
-22539
-19546
-17987
-20923
-23121
-20352
-17086
-5795
-10510
-10739
4167
2054
5667
11092
8297
11274
11740
11088
12808
15652
16279
13236
15325
15146
14748
13911
14481
14683
16083
13950
-2719
4924
9808
5891
8803
5163
5612
4997
5168
1688
-304
-1446
-3144
-5636
-7106
-5907
-7535
-10440
-12667
-12536
-11926
-15470
-18718
-19267
-20089
-18971
-19074
-22926
-18913
-13923
-23589
-16355
-8546
-8979
-1330
646
6811
7132
5445
6545
6611
13391
17772
17754
15860
17108
20053
20533
19894
21298
15946
12008
14651
14409
13423
12690
3111
19
3958
894
4195
4729
3249
-1329
-2195
-3197
-5096
-7211
-8517
-8356
-10761
-14276
-14040
-14126
-12874
-14305
-15861
-12788
-14872
-6965
-14637
-15025
-8077
-9206
-3994
-5126
-5335
-2815
-4017
-6379
288
2175
6804
9090
10911
13777
14283
17143
16429
18851
16189
14362
16134
18573
16753
16189
16173
13587
13009
12420
12085
9442
11674
826
-1238
4424
-1147
833
-335
-3869
-6442
-5415
-6924
-9701
-11200
-12510
-10325
-10997
-9878
-15309
-12307
-3760
-17312
-9651
-166
-7390
-4627
-6108
-4725
-6055
-7476
-5408
-8202
-4347
-3013
-5602
-313
-28
3682
9530
8916
8438
7141
12020
13958
13228
12683
13346
15019
12031
10698
10001
12192
10517
8494
5982
6454
3976
2957
-3268
-8752
574
-7159
-10549
-11367
-4222
-3788
-11605
-11382
-10734
-6790
1084
-8865
-11747
-878
-3632
-467
-707
-2060
-3850
-4910
-2077
-3697
-3934
-5083
-3898
-5411
-2951
-4244
-4660
-1148
-3551
-9227
-3257
-32
3123
7170
4753
7875
6218
8668
9350
10046
10764
9411
10072
8300
7942
5444
5889
4479
2549
11
1181
484
-822
-3617
-10610
-4146
-4879
-4236
-11479
1169
-18
-13200
5627
2651
2196
844
-940
1020
-664
721
51
-862
1013
2647
2005
1136
-24
-105
-864
-4968
-6330
-4132
-5059
-2215
-3253
-8594
-3778
-2385
49
3135
2094
6164
4756
5004
6601
7478
6464
5020
5191
6706
4973
870
-1709
-934
1589
-1211
-5323
-2482
-2863
1961
-1211
-10082
1582
4395
1526
5259
6239
4327
4924
3083
4090
4553
3955
4098
3548
4220
3805
1945
1053
-2139
-6671
-4326
-3229
-4527
-5245
-8690
-11421
-7632
-11468
-9199
-6468
-10061
-10101
-9228
-6382
-2217
-567
-1784
1254
-691
-445
21
1003
833
-816
2672
1990
1347
591
1488
1175
5938
3824
2912
13257
13318
8715
-643
6663
9442
7154
9182
8342
10818
11100
12875
8783
8273
8038
8193
2882
392
3652
285
127
-1440
-4612
-4246
-3874
-5410
-8791
-8992
-10359
-9457
-11308
-13284
-7360
-10971
-14088
-13346
-11051
-3251
-3730
-8361
-7157
-2025
-279
-1606
-4173
-458
1707
5798
7200
178
9808
12672
9752
13594
14251
14581
11740
11900
15354
8228
9971
12182
8988
12486
9909
11655
6478
-18
1365
6811
556
2758
1409
-171
-607
-900
-1667
-3269
-8002
-10716
-11580
-11965
-12285
-15576
-17813
-13231
-15201
-17141
-15221
-12102
-14101
-15274
-15087
-11394
-10385
-6597
-9597
-3358
-7485
4799
4434
-1545
13506
11900
12884
9342
12305
18144
16008
17984
15245
16562
20058
19460
16133
11946
6241
7524
7857
9446
11265
7720
5601
4452
4259
4673
4554
1795
-1761
-2707
-1431
-718
-5039
-8157
-5402
-7591
-9028
-10969
-13177
-12978
-15505
-21684
-18647
-15582
-14889
-18303
-22314
-20382
-15941
-5000
-3905
-8280
413
5630
6575
9667
9557
12250
13582
13270
15083
17452
18389
17127
19553
17705
18637
12555
8997
12607
13747
13513
1110
5076
8082
4422
6144
2598
2811
4394
3484
48
-3435
-3057
-1406
-4729
-5369
-6183
-6409
-9166
-11468
-11788
-12282
-12645
-15452
-16439
-16859
-15673
-15895
-18420
-14478
-9276
-10847
-10765
-5241
-151
-173
5529
7597
9339
11565
14179
14853
16105
20963
19358
20265
19441
16702
13876
16795
17661
15190
15010
11921
11072
9762
13284
10199
973
4024
2087
4153
5774
1005
-126
-1536
-3093
-4463
-6629
-7091
-8672
-11959
-13183
-14495
-12689
-13112
-17565
-14700
-17225
-12404
-3029
-11281
-16451
-11797
-6910
-10837
-8426
-5704
-3205
-6788
-4190
2368
2877
8922
8159
10191
10680
9613
6839
10730
11846
12774
14332
11614
14915
10842
11600
10544
9427
7665
6659
9504
8735
7705
-3937
-1566
-262
-2964
-1537
-4821
-3862
-4625
-5390
-7908
-9735
-12526
-12489
-11115
-9933
-14463
-15595
-7853
-7093
-15538
-8061
141
-2627
-4253
-2248
-5110
-6123
-4911
-6665
-7323
-2157
-1213
-7381
-963
-4082
-3088
6875
4647
7777
7239
7485
7413
8469
9209
9577
12294
11676
12551
9127
14090
12775
8077
9232
5202
2130
864
1729
-5044
-4234
-5885
-10622
-5591
-3752
-7045
-8892
-10846
-9017
668
-2277
-9532
-6833
-1934
-2347
-1669
1539
699
2129
950
1293
1788
1
1208
754
86
-3189
-6419
-5084
-2610
-9033
-3472
42
-2401
6093
4451
5880
8212
8834
9292
10467
10998
11237
9811
9308
9601
4749
6707
6577
4310
3523
1174
2498
-358
-1135
-7295
-10443
-5329
-6676
-8064
-6157
-79
-4358
-4005
-200
1137
2588
2497
3755
3294
1614
1555
835
264
2831
3588
134
-5578
-4706
-4872
-2960
-6052
-7084
-5050
-8875
-6705
-6675
-7800
-2724
-1721
-3539
2894
5585
5096
5100
5360
8615
8310
7588
6402
6124
9122
6953
3344
-425
296
3589
1322
-144
-32
2507
13199
5635
-9458
4230
7068
2714
10420
9235
9156
8052
5003
5385
6331
6749
4662
7787
3299
847
2583
1415
-4077
-5260
-2420
-4738
-5109
-3111
-5886
-8834
-10421
-14070
-6748
-4833
-10527
-9785
-5017
-4027
-2525
-2843
-4113
-361
-990
-2610
-481
-1199
177
-2358
-850
561
924
3584
-3373
434
8146
1076
1452
12895
12682
11450
3322
7850
13995
7030
11429
7485
9803
11770
7048
2292
817
4593
5001
3988
848
1160
1424
-1083
-1262
-4995
-3920
-3578
-7715
-10429
-11517
-11878
-9966
-11766
-18143
-8073
-13657
-16543
-10558
-12070
-7433
-7605
-8970
-8710
-2724
-2179
-4514
-1566
-2400
4091
12289
7876
4384
9469
14255
11658
13279
15357
14024
14338
12023
14844
12367
5343
10546
4843
3873
10151
7301
5318
2703
5012
3949
1665
2895
-1549
-3016
1439
-954
-1380
-3644
-4045
-4363
-4783
-7100
-9639
-10084
-13609
-12600
-10486
-16641
-15418
-12729
-16782
-15054
-11728
-13609
-5728
-645
-3666
-3963
-1363
8727
4853
5360
15072
15038
15623
15332
17642
19946
17789
16054
14520
18640
19111
10701
14022
14195
4832
6383
4065
4371
10996
5353
7289
6919
3221
3444
3285
2480
-1828
-1115
-518
-1956
-4567
-6977
-6477
-8914
-7973
-10480
-10884
-13491
-18303
-20926
-18763
-17441
-20047
-11250
-18604
-19483
-5056
-5276
-3933
-4846
3390
8558
7419
12302
9660
13869
15233
13152
18594
19911
17170
13236
12078
15374
15202
14474
11270
12287
10195
12642
9137
651
4115
-787
3239
2487
2959
4393
972
-265
-2894
583
-5018
-2256
-8935
-10360
-9746
-13589
-16820
-16357
-18569
-16095
-19435
-16663
-15625
-17687
-18237
-22072
-14942
-10139
-15504
-15514
-3010
-2716
-4181
2146
5387
7160
8153
10961
12019
12735
11697
11633
13644
15614
17025
16754
14670
15888
17630
15886
13923
11147
8902
8947
9880
1116
251
2394
3436
5277
1000
3227
1249
-1043
-2554
-3855
-4534
-7583
-10616
-12228
-13702
-10717
-10375
-12970
-13043
-14956
-8771
-3181
-12922
-13933
-4090
-6229
-6191
-6779
-1917
-4350
-6566
3170
3443
6032
4740
7328
10999
14439
14767
12400
13610
13217
16336
13460
14387
14514
12663
11505
10722
10557
10984
9663
9252
7707
5936
4110
-7647
-3976
-4295
-1421
-1751
-6986
-8832
-9023
-10178
-11549
-10964
-12301
-10866
-12257
-10659
-11894
-5620
-5751
-14542
-2304
537
-5216
-1608
-2934
-1613
-3599
-1154
-3436
-6631
-3369
-8340
-3624
2700
480
6278
7789
8900
9548
11267
12070
12155
12451
13356
15970
15337
14723
11606
11541
13330
10042
8439
9893
8252
4804
-362
-2272
-5385
-6911
-8826
-9979
-5627
-5653
-7324
-10138
-7783
-8339
-1426
-3397
-9573
-3151
-1225
1138
3050
1359
1823
597
373
1797
-86
-2605
-1370
-1048
-1749
-528
-4500
-2121
1084
-7520
-467
1538
2292
8550
4228
7029
8317
6235
9876
10608
10697
9468
10548
9956
8028
7431
3756
825
210
-1578
190
-1428
-3012
-1536
-5221
-10374
-9402
-6175
-7827
-6714
649
-4285
-6688
3888
8223
5880
4553
4057
5439
3443
474
-1815
-2488
4104
-2722
-2410
-2611
318
-689
-1244
-2224
-5333
-7385
-8074
-5331
-9260
-1223
1533
-1000
-4535
-1912
1892
4906
6095
5235
8363
7016
5984
2312
5046
8234
-285
-2227
1250
1883
3192
373
-2028
2121
2484
9852
-2508
-5264
8506
4444
8968
11973
9034
8016
8149
7816
6758
6702
5276
4744
8553
6630
5111
3009
670
416
-518
-1674
-3134
-988
-5856
-7538
-7640
-7787
-10076
-7394
-8476
-15899
-6534
-7290
-7109
-3325
-5306
-3134
-1395
-793
-3967
-2800
2371
-1386
-3085
-513
933
1810
2222
-1008
-948
7914
908
5160
16116
15693
11122
4606
12788
10823
8492
9431
9059
6477
10791
9479
6849
6188
7298
6157
4293
4709
2114
450
-2095
-3874
-5643
-5051
-7769
-6761
-13882
-12688
-10334
-10506
-13377
-12797
-13819
-17401
-12903
-10838
-10924
-9958
-5784
-10353
-7283
-2484
-4765
-5920
-2760
1424
1694
8790
6637
2418
11774
14916
13120
15958
15868
18437
14496
10971
12211
7475
5631
9160
9360
7869
8599
8184
7084
5549
7418
5515
4883
5591
1445
-496
-2459
-1743
-2706
-5550
-6822
-8370
-7568
-7543
-11879
-16998
-17834
-17391
-15618
-21186
-18229
-15219
-19419
-15955
-16952
-10815
-6687
-4349
-4670
-4015
3675
10533
7069
9028
16651
17485
20347
19088
19254
13183
12427
17833
17047
16307
18548
15152
17959
11844
6490
12669
9001
11454
6583
7767
5942
3324
5627
2468
1820
-1460
-3446
-3887
-2650
-6731
-8544
-10534
-14254
-14082
-14894
-17920
-17533
-16547
-21742
-21849
-18496
-20048
-18597
-16207
-18557
-14349
-6661
-5807
-5636
335
4353
9289
11408
12669
16279
13202
12484
15708
17916
14301
19339
20098
20074
20173
19145
16476
16094
11508
11722
8287
-300
4578
2574
3588
2045
4322
108
-2363
-2084
-4961
-3042
-5904
-8230
-10328
-9942
-9213
-14474
-17106
-15452
-17232
-18738
-21469
-23103
-20504
-20302
-20185
-22656
-16935
-14061
-13957
-10174
-8626
1791
-1084
3755
8077
2455
10303
12960
11542
10238
17110
20862
18458
19141
19641
18503
18231
19425
16991
15187
13899
14389
11522
12355
11794
1657
906
1799
1417
2343
-314
-1689
-5404
-6220
-4948
-9724
-7589
-9974
-15336
-16540
-16932
-15075
-16579
-19872
-17707
-14716
-14350
-5223
-13791
-13872
-3632
-7116
-2738
-6688
-3795
-2486
-6151
3314
4879
2445
9446
12232
12562
14579
14225
13791
11991
13001
13903
12776
16322
17694
14226
13217
12847
12350
11134
8630
8986
5853
6186
-1416
-3921
-5436
-3379
-2528
-5477
-2950
-9097
-6332
-9163
-10824
-10872
-9539
-8348
-13289
-9649
-14254
-7047
-6063
-13048
-6253
-1546
-2398
-4898
-8908
-5655
-5351
-5557
-4568
-7624
4059
-5170
-4335
8325
2059
10303
11101
8645
11420
10706
10834
10352
9624
10897
14270
13318
11429
9942
9982
10620
7536
4516
3858
3483
-931
478
-1052
-9210
-6650
-10943
-11118
-5590
-5592
-7102
-9423
-4980
-5466
3249
4041
-7197
1388
4841
3505
5806
-325
-162
955
1673
3058
2735
1070
-1684
-1636
3612
-217
-2151
2274
-9463
-264
2641
-483
7877
6640
5756
7023
8373
8265
9703
9621
9481
8193
6855
5742
5709
-85
4075
5041
1353
550
291
95
-805
-4525
-11682
-4747
-3910
-2737
-4042
-1920
195
292
2416
4150
8373
2315
-1460
2123
3485
1683
3007
1
1173
4666
5099
1561
-983
-3034
-4729
-5220
-6413
-3840
-10537
-6134
-11761
-12210
-1890
-5669
-3152
-3112
-1048
421
891
-1738
3504
3512
-1031
1365
3303
4228
5234
930
-2752
-1179
2639
2310
-1597
630
3419
7728
4441
1000
2675
10728
11449
9610
9122
6610
10241
8964
10533
8437
10217
5005
3326
5248
6966
6144
319
-1718
-3140
-2440
-5603
-5748
-6346
-9313
-12744
-10069
-13232
-10129
-6722
-15634
-6160
-8746
-5322
-1875
-5407
-1383
-1379
679
-1116
-487
2726
1737
234
885
794
4447
2390
4161
2957
9135
11864
5634
14297
22623
7852
193
12650
9630
11754
10807
9527
9842
10491
12811
9593
8696
6503
6108
2543
2067
1288
-3211
-3844
-5127
-6344
-6667
-8008
-8017
-13446
-15015
-15285
-16972
-13688
-19679
-14651
-16906
-18049
-10784
-12821
-8158
-6503
-9702
-8216
-3864
-2310
-1485
-2248
3348
4444
11447
14855
8477
10509
17091
14423
11136
-20020
-21869
-12245
-9734
-3580
-4729
3366
4012
40
10243
15463
13862
12499
13699
14926
16418
16978
9723
11083
12625
14898
9927
12338
4320
-1644
6028
-720
3168
-596
-562
-2137
-5362
-3725
-4912
-5967
-8378
-9473
-8726
-5816
-9326
-10737
-12552
-12219
-12548
-13406
-14162
-13133
-14966
-17159
-17640
-17783
-18033
-18502
-16264
-17212
-14203
-6760
-10779
-13317
-3934
789
6418
7550
8146
10376
10150
12488
12952
15871
14678
14615
14722
13709
13633
12529
11317
9183
9336
8597
6649
-2943
-3076
-41
-3346
-2691
-3740
-1777
-3860
-3986
-4280
-5316
-5795
-8418
-9063
-8911
-9893
-10732
-12483
-13625
-12108
-14655
-19423
-24194
-17607
-12505
-13835
-18273
-17765
-10744
-13647
-14660
-8669
-5101
-6726
-7620
-6706
-1332
3843
4417
4822
7119
9523
9998
8359
8083
9200
9253
7758
9593
7219
3695
1835
2334
6115
1937
3854
1891
-8553
-3189
-1201
297
-983
-4082
-4212
-3189
-5257
-5726
-3769
-7046
-10970
-13491
-15555
-14856
-12802
-14449
-13487
-15445
-9225
-774
-14577
-7376
-3430
-9512
-1397
-5288
-4521
-4515
-4960
-6071
-5873
-2821
-7327
-3853
-1972
717
5933
3094
3916
4790
5757
5827
5288
2740
2313
-411
573
1253
3003
3688
2885
4053
-192
1430
1481
-10091
-5775
-573
-4031
-2267
-4467
-3895
-2816
-7498
-9303
-7160
-5089
-2527
-8933
-8845
-1726
-6085
-6339
3963
2512
-1303
-338
-3877
-3324
-3332
-4151
-7649
-9472
-6222
-7968
-11361
-10841
-11857
-11216
-10457
-11207
-6993
-2823
-3243
-2047
-3306
-2520
4437
2901
1650
-185
1665
5732
4166
3099
2637
1973
3058
1150
-806
594
-7484
-8567
-7540
-9033
-2575
-6400
-6508
-5206
-6558
4060
-1135
-8431
507
1066
685
3071
867
-483
-1534
-1748
-1549
-1843
-1902
-4152
-4614
-6089
-7640
-9381
-11252
-11786
-14260
-14524
-15427
-14234
-12961
-14804
-15416
-7794
-4012
-3816
-1958
-2254
864
1314
2966
3771
2535
4164
5410
4147
3431
5080
2633
-449
-1378
125
2672
-794
-3685
-6352
-185
4214
-2084
1864
8049
9692
6552
4523
4491
3691
3054
-1092
-2007
-1605
-243
-1662
-4901
-6061
-9019
-9324
-12217
-10432
-11076
-13201
-12502
-15368
-17559
-14977
-13201
-14555
-15917
-15279
-11483
-8254
-4390
-3432
-2897
-470
-921
1380
3296
7533
4572
-2811
-790
4843
7006
3747
2491
158
6332
12253
4083
2349
6197
6390
4714
7827
8934
8626
5722
7832
6711
6242
3325
1114
2573
-293
498
-1826
-2679
-7789
-9882
-9749
-9363
-8372
-14792
-14245
-11969
-13920
-14946
-15186
-16509
-16769
-18295
-19283
-18290
-17334
-16714
-12992
-11757
-9195
-4319
-7805
-7439
-4866
-3827
-2577
2779
4440
-1188
1488
7356
5542
1433
9572
13904
12685
11641
10227
5054
4028
5034
6225
4608
2605
7897
6606
2182
-3271
181
-171
-2660
-5920
-4020
-4604
-7408
-10529
-9417
-6754
-9885
-9552
-11258
-12872
-13217
-13532
-17944
-17702
-17480
-18166
-17866
-19217
-17109
-14265
-22640
-22594
-14473
-10345
-6146
-8818
-7993
-5418
6347
8924
-2054
10071
15299
12395
15474
15510
14356
11886
12259
13228
13855
10583
11665
1936
1898
5476
1280
3863
-78
-3915
-1604
809
-2835
-2176
-5464
-5472
-6670
-7483
-5179
-8652
-9277
-10607
-11763
-11698
-13160
-15055
-12505
-11870
-12897
-15990
-21073
-20773
-18393
-18556
-20822
-18403
-15019
-15514
-17662
-12309
-1975
-6993
-3772
8431
6865
9155
8602
8498
12907
11711
13098
10504
9178
9479
11847
6784
5869
6316
6244
6067
-6717
457
-1539
-4230
877
-1993
-2692
-264
571
-3628
-6305
-5315
-1671
-5490
-6545
-6621
-7494
-7286
-6218
-9136
-13527
-15438
-16241
-15301
-12850
-11250
-17108
-16870
-18545
-15789
-6536
-14869
-18550
-8312
-6500
-5034
485
2694
4356
3264
6475
8863
11332
9676
9392
10955
10196
12147
9260
9686
5588
4274
5508
4314
7147
7459
-2735
-2507
1417
-848
1593
135
-264
-2257
-1326
-1790
-3260
-3837
-3888
-3099
-10780
-13991
-10169
-9908
-12805
-14860
-14953
-14478
-8203
-11585
-17766
-8166
-7631
-19946
-8761
-3752
-7363
-8529
-11406
-6349
-8487
-11076
-8466
-6901
304
4219
3049
2228
1439
6223
3683
4473
7608
3521
7423
5614
3005
2904
5364
5594
3306
2083
2786
-1964
-652
179
-877
2777
643
267
-2606
-4685
-3547
-4965
-9631
-9295
-6056
-5760
-9417
-9066
-13372
-7684
-190
-10823
-10521
-5707
-7740
-6086
-7587
-9077
-9500
-11075
-11276
-11885
-13297
-12228
-7595
-8873
-8526
-6312
-2139
-3469
1838
-1134
-320
6627
6475
6317
4826
6989
6920
7124
7811
8315
8511
7148
8704
7462
4124
3299
-2616
-2812
-5299
-1985
-120
-1971
-7354
-9414
-8405
-8618
-4676
-13009
-11912
-2130
-6592
-9792
-2922
-52
-3073
-4762
-6366
-6313
-6446
-7986
-9188
-9562
-6998
-8267
-11202
-12462
-16693
-14829
-9513
-10035
-13245
-10985
-4636
-2620
-5434
-1955
2500
4370
5748
3149
5746
9441
10614
8657
7762
9690
10510
6804
-2497
7048
5978
2197
-2599
-10241
-2161
-4377
-4831
-7891
-4395
3814
-234
-5126
340
-2193
-1215
1355
-1003
-1995
-5532
-3422
-5402
-5846
-8308
-7343
-8089
-8426
-8793
-13713
-10626
-11796
-14733
-13051
-16478
-15438
-14439
-14330
-13720
-12047
-7375
-5710
-278
-314
490
777
3658
7048
4119
5768
2966
3179
5435
5063
6179
3808
-668
-729
-1216
634
1603
-11440
-7233
1793
-2428
-548
1049
4720
5058
447
-129
468
-440
-940
-2773
-5342
-3901
-2352
-2388
-6858
-7516
-3582
-6597
-9465
-4528
-8283
-10603
-9357
-12984
-12885
-9079
-10986
-18281
-18161
-13806
-13320
-12854
-8834
-7131
-2761
-4611
-7978
-4113
815
1232
-1106
-2548
745
4588
-408
-202
-4015
1083
10152
6426
-340
4426
8874
-3151
4630
4856
3343
3165
992
2650
792
3292
834
1487
-1230
-4066
-1824
-3331
-6180
-4187
-4084
-6178
-3894
-4489
-8873
-9123
-8276
-8777
-10231
-11012
-10143
-11228
-12321
-12193
-13644
-15302
-17300
-16057
-11589
-11680
-7164
-3722
-4909
-6095
-5089
-2815
989
1997
-4212
1164
9182
336
1429
10747
8166
10330
8175
7530
8645
-2464
-65
2079
1294
4882
4491
726
-2827
2764
-2480
615
3618
-6153
-2276
-1696
-5341
-4299
-3241
-4370
-5173
-6865
-10571
-10588
-3777
-6355
-10068
-12243
-16860
-14482
-16101
-14990
-17657
-19747
-16166
-20236
-14649
-11128
-9737
-12130
-12308
-3382
6385
-3766
-1000
5370
8467
10921
12471
11486
12227
9318
10005
8931
11353
9260
7421
4885
-3304
5006
1377
796
8566
590
521
2979
3456
1283
-2872
-4652
-2140
-3853
-1797
-2327
-3232
-6350
-5367
-8253
-13980
-18778
-10914
-9738
-12390
-14933
-16383
-14000
-18283
-19998
-22845
-23801
-18821
-17565
-21177
-13001
-5890
-10717
-4694
3978
4208
2459
2651
7491
11538
9981
10635
9199
10531
12940
7586
4161
9430
6759
11595
10508
-1143
-24
4606
2927
1456
1329
4959
5096
2613
-957
-3130
-739
1316
-3397
-5040
-6205
-6923
-5018
-7799
-8192
-7226
-12961
-15561
-19492
-16033
-14203
-19002
-23795
-24198
-15214
-12616
-22382
-21541
-13685
-13423
-6907
-7667
-2314
919
1618
183
4298
6624
4448
4803
4950
9748
8403
8420
12378
4648
8691
8207
7431
8283
7604
4616
-2472
4198
3342
4537
6763
3069
2213
833
-1551
-3032
-2784
-2206
-2919
-7430
-9247
-8094
-8564
-12343
-14186
-13363
-11531
-11904
-17505
-14136
-9423
-14905
-15439
-10490
-8449
-10021
-12702
-13882
-8725
-7728
-8869
-8509
-9280
-1690
1752
2832
3381
1490
5299
7537
6577
6866
8602
9660
9075
7580
8210
10981
9983
7948
5840
4602
998
1705
932
-1877
1061
-55
85
-3798
-564
-3202
-12217
-12613
-10873
-7812
-10507
-12941
-17850
-12104
-2184
-8046
-16349
-10863
-5196
-8646
-6198
-7384
-11051
-11116
-11957
-10666
-13715
-14909
-15595
-11413
-10834
-12401
-10213
-7923
-4219
-5807
704
626
1999
9311
6514
4631
9832
10688
10891
11188
9682
6739
5076
1727
239
2695
-1609
-5999
-2821
-4920
-5061
-5564
-6189
-9982
-10472
-8902
-6442
-8716
-14453
-7727
-4621
-12635
-9490
-1095
-3840
-5292
-5814
-7262
-5730
-5733
-6445
-10214
-12603
-9222
-8364
-7870
-10545
-11968
-12289
-11057
-9428
-11336
-10431
-4071
-1602
-155
1673
4902
6174
5998
5804
8811
10040
6962
6847
5531
6887
2587
1035
1842
1337
1844
-4125
-7055
-4971
277
-3404
-7714
-8672
-462
4274
-4289
-3831
3112
252
-768
2112
-2404
-2757
-4493
-4961
-2922
-5046
-5333
-6017
-5772
-6087
-6823
-7342
-8020
-7372
-15182
-12649
-15332
-13086
-16774
-16244
-11148
-12956
-11194
-7111
-3065
-5600
-1959
-444
-1512
1704
1616
2386
3525
3647
3654
2133
3310
1239
-375
84
568
1852
-5387
-9002
-1910
-873
-7054
1973
4580
1100
3811
451
3228
2058
1714
1665
-2030
-368
-1571
-856
-5616
-7278
-3461
-6416
-2831
-3540
-10361
-9599
-7143
-10276
-12583
-11135
-8100
-12093
-16022
-15582
-14290
-11925
-15807
-10836
-6801
-5779
-4097
-6601
-2011
193
-341
-3076
-2229
1947
3082
262
-3999
-929
8806
9151
838
5939
8637
3054
4196
5207
5501
6401
4531
6995
4842
5787
4503
992
5883
-576
2537
5834
-1905
678
-1162
-6275
-2369
-1548
-5095
-6728
-6206
-5186
-6849
-5701
-10545
-12922
-13092
-14623
-14674
-17778
-17042
-15139
-14711
-17081
-13658
-8513
-5346
-7994
-9075
-6530
-2270
-1793
-688
-1807
7258
3540
196
14049
11257
11356
10586
9769
11812
9677
4930
1918
3351
3613
7451
6292
5557
3210
5632
4927
3831
5037
-361
-748
-479
-1626
-2671
-937
-480
-5073
-10584
-15216
-7584
-5447
-14764
-15278
-14769
-16745
-18063
-19454
-18393
-21405
-23795
-24240
-21948
-20513
-15085
-15068
-14359
-8474
-250
420
-3264
7714
7601
6877
11975
12136
11869
10075
9384
11064
7233
7934
10428
9705
6966
1595
6894
5017
5991
6179
3260
1908
4482
6057
582
976
-513
95
-870
-3131
-4973
-7158
-7462
-9189
-9984
-13585
-13778
-13138
-11649
-13959
-15706
-14827
-15529
-19032
-19488
-18067
-18488
-18599
-18451
-19918
-15859
-18193
-11043
2667
3173
2532
2699
3022
5855
11774
3370
5390
13175
9801
12350
10263
10762
11815
12472
8877
10978
9450
-1700
3068
-850
1423
1874
3842
3374
-4419
-5806
-5264
283
-3166
-7352
-6434
-8187
-9795
-11103
-12633
-12473
-16243
-18294
-19207
-16578
-14696
-16804
-19173
-20395
-13435
-8107
-18787
-18987
-8317
-11447
-7904
-11303
-9016
-4214
-2933
856
-165
5903
6703
9369
9027
11336
13029
11372
12081
10208
10916
9053
7017
9532
7001
7911
6063
450
1451
-1013
-241
-808
-1019
-1186
-2607
-5908
-8664
-7321
-8030
-9779
-10166
-11915
-8225
-12623
-15730
-16103
-15928
-13578
-15685
-17106
-11900
-13836
-16533
-11452
-10702
-9304
-7332
-13286
-14378
-16341
-11735
-10123
-13249
-11192
-4367
-3276
4390
-1
3408
6246
5915
7292
8824
9503
8739
9525
8063
10333
11103
7626
3652
2769
7584
8090
-1262
-469
1169
-4657
-1675
-3843
-4034
-2282
-6647
-10161
-10029
-6650
-7259
-9538
-13232
-13186
-1952
-2596
-10787
-10201
-6205
-3169
-4892
-3871
-7065
-6858
-7611
-7929
-5775
-9510
-10055
-12750
-9872
-7129
-9151
-11363
-6863
-3748
-487
-620
-2066
4709
5220
3632
5650
5339
3415
3166
3683
9476
2878
3710
2361
-62
-70
1551
-114
-8038
-6753
-4964
-4380
-6933
-6735
-7040
-7315
-5202
-8909
-11889
-6392
-8088
-9526
2635
-2314
-3270
-2235
-7403
-6876
-8399
-7071
-6934
-4881
-5890
-7297
-5995
-10245
-11366
-12276
-12068
-12169
-9721
-10264
-13482
-10245
-8356
-2181
-3528
-1470
270
-3596
2847
6217
6270
3613
4658
6759
4912
3747
1612
4584
4007
1331
-2471
-1026
-3149
-6923
-2726
-7385
-3887
3086
3459
-4198
-1663
2450
1663
3762
1867
2589
-5440
-1106
652
-1438
312
-4128
-3445
-2809
-4088
-4473
-5553
-8414
-7166
-9829
-12109
-9062
-9725
-12515
-13948
-17244
-16291
-14712
-11362
-5971
-3651
-2952
-3501
-2374
-2509
-675
2666
4029
3545
2457
3053
3684
1272
1893
1914
2125
3403
2057
-3011
-4551
-288
-5978
6664
7796
4111
5925
3094
3517
1290
3416
1193
2590
1588
3507
1929
-1617
-1435
-1273
-2710
-3124
-3702
-6450
-3278
-8521
-10033
-13948
-12950
-13726
-14004
-16425
-18073
-14640
-14261
-16756
-12361
-13002
-12495
-8652
-8169
-4093
-1983
-3847
-5310
446
3607
3408
1281
704
2872
10230
7049
-556
9170
9859
4009
4056
-620
2036
620
4146
5212
3027
3927
2847
4135
2864
1948
564
330
-2294
-3555
-3570
-4313
-2566
-1716
-7279
-13891
-11845
-11194
-9954
-10144
-10871
-12213
-13517
-15162
-16800
-19439
-20967
-17294
-17090
-18413
-18981
-13112
-10587
-8287
-7543
-7684
-3039
-2728
-5964
-3482
5580
840
-2399
10222
10767
7728
5394
4477
7492
8158
5994
-535
4684
4571
7469
7931
2328
4104
3869
4644
4182
1362
434
2124
-434
-2663
-5612
-4033
-3815
-6657
-6645
-6821
-5561
-7636
-10073
-8274
-9390
-11805
-14713
-15077
-12792
-17249
-20676
-20690
-16300
-14330
-16954
-19254
-12631
-4537
452
334
-8566
3342
6517
6196
8091
4496
12025
6986
9564
11255
11291
10818
8854
7225
10066
7138
-1548
4323
2120
3496
2102
1831
4942
3713
-2353
-4603
-1071
-1291
-2022
-1243
-3038
-6411
-4393
-7069
-8535
-11369
-10868
-9830
-14188
-14842
-13501
-13955
-15903
-21180
-22449
-20575
-20541
-21479
-24174
-18616
-12977
-19178
-15383
2202
-2155
-211
485
727
6552
3882
10074
6433
8540
11004
10789
9375
8002
8113
7032
6941
7460
7940
-2803
2817
3340
-2649
-1197
3486
1206
-2521
-2838
-1040
714
-4970
-6913
-4660
-4190
-5805
-8807
-10218
-10202
-12484
-18681
-20341
-15952
-10545
-14709
-15894
-18921
-13452
-7074
-18234
-19300
-11290
-14423
-13350
-9745
-10634
-7180
-10852
-1725
-2387
204
4930
4947
7453
8307
8554
9737
9458
9593
11194
6907
8908
10008
6095
1766
7273
7903
-1778
3221
2279
1164
1344
-290
1043
175
-413
-2589
-2637
-5135
-5529
-8897
-10979
-9848
-11473
-11559
-12718
-9862
-15892
-17295
-9069
-11045
-18101
-11854
-5244
-10228
-10214
-12780
-11631
-12726
-11595
-6627
-6553
-11517
-5876
4699
-34
2076
4863
5973
6853
9614
9246
9489
10129
6949
6834
9488
12535
8866
7418
6024
6159
9456
1118
-4235
1978
-623
-1736
-2637
-4265
-4989
-7421
-9804
-11539
-8618
-9052
-12168
-14870
-14053
-4678
-5410
-13587
-15919
-7350
-11889
-9636
-11257
-7528
-9317
-10786
-9653
-9707
-8525
-12247
-10947
-8354
-7655
-9640
-7198
-12845
-5896
93
-3562
1456
2628
2430
5401
7505
8039
8696
7816
10277
10113
9939
8542
6804
6889
5257
3107
3204
-5992
-5087
-2486
-6776
-7514
-6371
-8358
-9816
-2824
-12338
-12979
-6617
-10093
-11054
-9584
-4259
-998
-3763
-5017
-3932
-4985
-4704
-5373
-4940
-7491
-5921
-3100
-6466
-9267
-10656
-10592
-12850
-8203
-10218
-15098
-10738
-9697
-3239
2734
1877
3106
671
5160
10268
9910
6856
7907
10564
7246
5506
4803
6709
4393
-3210
-6600
-3416
-2759
-11462
-11264
-10630
-8855
-2797
-296
-9040
-11157
-3663
29
-1465
-5471
-1963
-4332
-5695
-4582
-3854
-5610
-4402
-5759
-2859
-2133
-5892
-7661
-7540
-7617
-8238
-13814
-15238
-11065
-13898
-12837
-10607
-8732
-6298
-8285
-9875
-1132
-1394
622
725
61
1680
4397
373
1310
496
350
-126
-1066
-299
-1357
-956
-821
-5178
-4107
-2413
-15517
-9837
-1766
-1050
4647
1135
3295
-1029
-1525
88
1255
40
1197
-964
-2325
-1678
-335
1037
-3411
-4081
-4485
-7727
-7981
-6966
-10613
-9986
-6895
-8064
-11351
-14535
-13945
-12677
-10552
-13446
-10660
-10089
-11359
-5871
-6607
-3265
-1151
-5336
-5537
-2555
452
-1097
-2964
-3781
-3585
5430
1742
-6406
3476
3976
2859
9150
2319
2536
2780
1077
4569
5261
4228
1754
4274
3953
5261
5107
3051
2466
-3180
-2611
-2489
-2670
1147
-4599
-6417
-3507
-3606
-5865
-5095
-7272
-8409
-9390
-11178
-11577
-15639
-17489
-16857
-15021
-15427
-15209
-17675
-14760
-12023
-11859
-7976
-6916
-4294
-7014
-6473
5438
-1182
-610
8236
7830
9227
6191
7516
6366
6665
6586
9058
-496
1869
6405
2493
5361
4694
7546
2692
956
4656
4202
-867
514
-1597
-1984
1980
116
-2313
-9108
-8323
-4112
-6286
-9448
-10936
-12158
-14028
-13579
-15755
-16659
-18892
-25323
-27417
-22397
-19606
-20924
-22841
-23610
-14923
-5361
-6188
-12069
-2183
3128
2176
6417
5423
7136
4557
7357
10038
10811
11352
8012
12243
11583
16181
7926
-1302
3825
3624
6815
1750
4123
5969
1756
1970
1310
1010
-499
-2088
-2008
-3828
-5856
-6578
-9915
-10911
-12981
-13777
-16286
-16908
-17930
-19197
-20099
-24506
-23744
-24507
-24012
-22704
-27707
-21499
-16056
-24456
-17675
-8266
-5909
-2080
-3693
2539
4461
7455
6198
6647
13675
14048
12505
16313
13802
11782
6812
11918
10253
13294
10926
766
960
3806
1676
5756
4077
2020
-1136
1908
5578
98
-2402
-2615
-3333
-4898
-8230
-9107
-8975
-14090
-17226
-18005
-17591
-16563
-18964
-21500
-22345
-17100
-9054
-17026
-19140
-15834
-16712
-11414
-10740
-10479
-8018
-8984
-4399
5867
6106
7223
7666
10841
15646
13099
11368
11569
14021
16001
14746
10101
13228
12804
8003
6749
9175
5787
-2496
2812
2461
2479
3077
2239
-3682
-1741
-3038
-5447
-6775
-10019
-14134
-13366
-14859
-17400
-20540
-20836
-15362
-19161
-24378
-15964
-15595
-24942
-13857
-8502
-11500
-7760
-10436
-8521
-13323
-15416
-8121
-5457
-4671
-3003
-575
-1724
-3028
2023
6482
5386
8544
12069
9022
9387
7888
8764
11079
13526
12344
10676
7681
9486
10332
5712
2321
-5074
609
-3213
-6182
-4993
-5484
-8208
-13293
-13942
-14796
-15396
-17610
-13130
-15657
-8870
-3995
-14316
-13818
-4399
-8048
-7205
-6690
-5855
-6171
-8816
-3913
-4414
-1651
-3116
-4222
-9675
-11248
-10169
-3497
-2933
-7218
-4551
-344
-2485
6003
9074
5446
7387
9915
10901
10813
11396
10282
9183
5368
2681
1827
-374
-254
-502
-1403
-10906
-11466
-7364
-10023
-9962
-13044
-6916
-6837
-12784
-12616
-4655
-7095
-13309
-4313
-2028
-1283
-213
-2866
-2053
-3823
-1161
1515
-1303
-855
122
-7712
-11419
-4875
-3578
-5620
-7027
-10245
-10786
-6738
-4692
-7038
-10080
-2492
2869
851
947
1500
3852
5475
2279
2334
5453
4946
3030
-35
-175
-170
-4293
-7453
-9605
-9035
-2023
-14026
-19025
-12270
-4661
-2015
-10662
-3807
-3309
-3241
1460
2442
2631
1520
2519
4485
4400
6099
4018
973
-2711
-856
3434
-1931
-1174
-3780
-6202
-5940
-4884
-4134
-8568
-11467
-12709
-8802
-8152
-9610
-9025
-8188
-3264
-3813
-3555
-2371
-2855
-1516
-2110
-2710
-3555
-3099
-3399
-5583
-3695
-3309
-4601
-3846
-7730
-9183
3331
-4372
-11794
1539
3432
4944
5428
4735
7214
5848
5515
5703
4176
2749
1292
1463
459
1193
2548
-365
-1989
-3328
-2683
-2121
-3994
-7045
-10401
-7326
-7624
-10228
-12763
-15268
-13830
-15475
-17949
-17108
-14593
-16883
-17884
-11990
-12413
-11347
-12395
-14741
-11221
-5927
-3137
-8489
-2108
-1390
4364
12523
-1442
1196
9652
6027
12540
12859
8298
1957
7831
11022
11184
13747
4442
4862
9270
10490
9798
2694
-259
-753
770
573
-1960
-2991
-5225
-7580
-7908
-7601
-9031
-10037
-10337
-11954
-12360
-14990
-16072
-17660
-19249
-20007
-20935
-19872
-21999
-19813
-22192
-15761
-12091
-16125
-6550
-5375
-5898
-5237
2040
140
-1415
12125
11310
12527
13168
12496
14456
13724
16113
14856
13797
5442
7324
11780
7429
9581
9443
8650
8008
8185
5741
3703
2058
-1064
-1528
688
-751
-4155
-7498
-10286
-8368
-8521
-13786
-14913
-15411
-18557
-18745
-21606
-22252
-23609
-26811
-29122
-25172
-24130
-21483
-22483
-24247
-19330
-11246
-3976
-12653
-3688
1311
1384
9749
8817
15222
11362
12069
14841
10233
9230
12449
12461
11972
13722
11021
12688
6411
-825
6702
1838
4095
4213
265
1868
1452
1328
-267
-938
-3020
-3615
-7191
-6604
-9615
-15153
-16190
-17760
-19077
-22370
-22881
-22442
-23463
-27128
-23998
-21829
-23698
-20184
-25794
-24967
-12344
-20801
-19450
-9759
-3445
863
-74
3200
6907
9714
10303
5495
10274
15222
18320
17676
14784
15017
14091
12056
10037
12230
10161
8843
6150
-1919
-166
3086
2136
-395
-3395
-3090
-449
-4480
-9110
-10332
-11865
-11944
-12630
-14627
-16384
-20117
-20664
-24465
-22273
-14819
-20359
-18870
-21649
-22513
-11973
-14195
-22138
-13892
-9902
-13715
-10142
-7190
-6064
-5097
-4732
-5519
4586
6571
7479
11676
10207
11822
11409
13259
12929
11478
13119
10980
11814
12027
7378
5913
6484
4783
6335
2121
-7866
-2261
-2997
-5008
-3497
-6035
-7192
-9392
-11640
-13628
-11674
-15010
-16618
-14722
-18216
-17729
-14473
-14897
-19977
-16859
-6191
-15087
-14273
-1330
-5492
-3512
-5654
-4035
-3638
-8919
-7280
-8101
-3426
-864
693
-1739
3035
7812
6802
7714
6784
11310
10662
10743
10200
8116
11072
11483
10311
5723
3590
4725
5640
2209
-996
-641
-9995
-12201
-11094
-12935
-7905
-10801
-15340
-12123
-13134
-10902
-12813
-13930
-12548
-13579
-634
-6307
-14219
-2584
-2800
-2444
922
-971
-1651
-4832
-6652
-4632
-2991
-3350
-5349
-4680
-4335
-7220
-5290
-5792
-9116
-5652
-4308
-10
4377
2795
829
1820
4157
3499
4002
5428
4798
5301
5385
2688
-255
-1591
-1847
-3844
-1008
-3833
-6606
-11466
-13233
-11393
-13762
-5204
-5283
-5533
-13259
-8240
958
-10326
-7099
3795
5380
4688
1331
329
-1203
256
432
-1203
574
-83
-509
-1647
-2842
-4242
-5116
-7139
-8242
-9230
-14749
-12694
-14222
-14010
-12338
-8444
-4005
-6609
-5918
-2898
-42
-1495
-3205
-1393
-1189
-3464
-2447
-610
-3683
-1697
-6459
-6889
-2071
-1486
377
-7083
-10924
-3849
8146
-146
-4254
8202
5035
5712
7887
5046
1970
1729
2678
4898
5591
2071
1216
299
1586
714
-551
-3178
-6293
-7640
-9277
-10938
-10316
-10553
-13869
-14648
-16971
-15529
-15804
-15643
-13698
-15773
-9346
-6592
-7689
-9036
-6928
-5366
-8365
-2374
-2714
-3309
-2148
-3990
-2530
-1465
410
-1469
-5715
1021
6492
847
-2132
2793
8973
2750
-255
5642
5748
5478
4169
5023
5095
6417
5588
1713
2755
1445
443
-1999
-2240
-4518
-5298
-5940
-10481
-10625
-10611
-10045
-12629
-15717
-17104
-16095
-17761
-20804
-16784
-18872
-18346
-17095
-16460
-8018
-7053
-10569
-9922
-8468
-2876
-1590
-4097
-4327
-4578
3381
12526
6154
-584
11246
12340
10043
6776
9367
5833
1688
10621
2773
8730
6149
5380
6255
5434
5512
3462
1317
-1544
-1217
-1730
-1691
-1873
-6094
-11182
-12260
-10561
-10259
-11450
-12501
-10942
-12540
-14313
-17929
-17499
-18234
-22892
-19337
-19915
-19788
-18831
-17933
-16349
-11726
-7975
-6094
-2294
-4458
-5341
3847
5730
-228
15697
15096
6431
11572
7454
16355
16255
14037
14345
13545
14342
6369
8468
9158
5840
7796
6964
6226
4178
1785
1614
603
-2673
-3731
-3513
-4950
-6369
-9038
-10313
-7889
-8608
-14138
-14911
-14851
-18411
-14242
-15023
-22199
-21138
-23936
-26183
-26461
-22241
-18274
-20489
-18341
-16634
-5608
4804
-3342
3059
8474
4634
9907
11396
12621
16020
14892
15538
16825
17129
12787
11920
12774
12215
12530
11626
6755
-1374
1786
528
2003
2448
-1734
-3367
-5420
-4190
-5617
-5749
-5098
-8980
-10237
-10485
-11206
-13301
-17944
-10979
-13161
-15722
-15004
-20388
-19482
-20800
-22284
-20210
-15173
-16418
-23125
-19617
-12572
-11926
-18128
-11406
-2884
-2085
3215
2046
6084
6575
8958
10871
9241
13736
15505
16099
12699
14010
13540
12513
11523
10627
9281
7724
6554
-3858
-1131
696
1239
867
-3213
-3578
-2216
-2306
-5203
-4638
-9520
-6912
-7083
-10817
-8248
-10806
-15511
-15353
-14822
-13403
-12180
-14073
-17342
-15576
-5239
-5289
-13434
-11359
-10690
-10090
-7425
-8098
-7906
-6232
-2437
-1254
3844
4477
3749
4472
6274
9259
12144
12481
11421
10865
10914
10194
8898
9621
5479
5751
6236
3683
4778
-4322
-6333
-6772
-4330
-5695
-8727
-4139
-6381
-8433
-7395
-9832
-12391
-11094
-11415
-13720
-14869
-13779
-10816
-12089
-16984
-12987
-6482
-13280
-15898
-7781
-5896
-6781
-8113
-6604
-4682
-7010
-7879
-5943
-7164
-6501
-3742
-3483
-1524
4059
3631
5967
6238
3261
5014
7965
4737
3012
5667
7526
6299
3133
-256
-1197
3961
2436
-4695
-807
-3967
-6082
-5131
-5875
-4815
-5207
-8036
-11234
-7657
-4785
-6173
-9451
-10631
-7996
1400
-4920
-11944
-3372
-1971
-2555
-2201
-3732
-3991
-3008
-8186
-6698
-5071
-8291
-9113
-12703
-11635
-11167
-10797
-10649
-9136
-8795
-4978
-268
-335
538
-1340
-63
2423
2104
3026
3313
295
3688
2758
3680
5013
398
2389
2710
1007
649
-5100
-6528
-3286
-6730
-3495
-4397
-2455
138
-7417
-5234
-1492
-4709
-2464
3471
2871
2070
1776
-1397
632
-616
-1301
-2229
-4258
-4590
-4803
-6933
-9306
-8966
-10129
-13159
-15447
-13932
-14134
-11123
-15580
-18720
-12384
-6962
-1687
-2495
-4628
592
4218
3707
5276
2559
3680
4092
4493
1703
4170
1481
-1378
-1835
-17
6281
-4675
-10303
-7538
-3370
31
-1712
-5478
-2253
262
916
2226
1068
1559
1986
2527
678
2021
-1261
-2913
-1993
-2606
-1988
-7234
-7389
-8436
-11326
-10896
-10087
-8368
-10402
-13801
-14884
-15229
-16671
-18100
-11197
-14051
-11633
-3683
-5566
-4084
-3540
-1423
343
2397
2253
2477
3708
4325
2751
2028
2706
6024
4922
-4894
2948
9081
-5549
875
7641
5535
11235
4151
4014
8340
7044
8164
5644
3673
4512
4583
412
-1631
940
-2120
-5582
-5692
-7389
-7615
-8590
-11490
-11978
-12205
-10837
-16269
-15514
-17138
-20718
-15011
-13820
-16637
-14478
-16818
-14971
-9119
-5534
-4098
-3224
-5984
-3682
-670
3588
5394
5074
-2453
3851
14033
6994
4196
9007
10806
9791
12138
8162
-234
3346
5714
6408
7378
5127
914
2713
4667
3099
2601
-410
-3250
-3105
-4755
-5020
-3673
-5208
-9716
-12074
-11422
-11872
-12592
-14811
-15624
-13284
-16439
-17669
-14826
-19056
-21706
-20158
-19163
-19824
-19848
-15745
-13736
-9251
-9367
-5310
-6630
-7278
-6248
4824
6323
-220
3878
12744
12793
12425
9898
11950
13089
15168
14392
8642
3177
5192
6552
3080
2924
2849
4790
1628
3140
1932
286
-600
-1898
-4083
-5528
-2866
-4840
-10224
-9417
-5570
-9008
-9008
-10984
-12659
-13233
-13516
-14350
-16919
-15128
-18496
-19461
-22100
-17825
-13672
-18452
-21638
-18704
-6482
1570
-5680
-7444
1669
3343
5434
7836
10313
11582
11987
10907
10620
9455
9728
8370
9688
9138
9598
8830
-1979
2220
-223
1882
2179
1940
1663
-3039
-2417
-3977
-3398
-4484
-1745
-6499
-6945
-6382
-8960
-10685
-12409
-13167
-13336
-15775
-18842
-15180
-15275
-19135
-19034
-20009
-23220
-19335
-21324
-26484
-14401
-10940
-22128
-13762
-2366
3654
2641
1615
6619
6896
10738
10587
9801
10957
17014
15480
11687
11262
10811
10512
12410
15139
14531
11583
1857
2330
1435
6708
7853
1754
4327
-561
2626
3862
241
-3903
-3135
-4347
-6232
-6401
-6480
-8072
-10787
-13583
-12936
-9719
-13653
-14379
-17382
-13460
-8337
-3635
-17498
-12350
-6606
-11424
-5016
-5712
-2932
-4136
-4085
2595
6367
6462
11588
12384
13924
14440
14267
15368
15852
10959
12390
10636
9542
11536
4979
8015
5024
6091
7292
-3016
4385
4006
3206
3359
3592
1879
1328
1053
-606
-822
-3155
-3164
-2927
-6335
-17935
-14070
-8454
-7211
-12883
-15749
-4595
-7736
-14000
-5672
-2352
-2767
-4092
-5747
-3748
-6623
-5289
-3087
-4918
-4892
-55
3837
7016
6983
6348
9132
10383
12120
12243
12806
10015
10602
10621
12760
14885
10179
6718
7914
10295
10719
7774
709
2772
2411
2717
2772
3142
948
-3507
-5121
-7612
-5357
-5418
-6352
-10863
-7800
588
1886
-7433
-7961
1405
-2923
-3163
-456
-3120
1164
-1059
-1443
1624
-1144
-3480
-3649
-4288
-9579
-7446
-6836
-10865
-7014
-1769
1996
3208
3410
4277
3993
5830
7726
8099
9280
10443
9879
9676
8112
8001
6114
7703
6104
7366
2884
-2203
123
-2608
-3602
-7527
-4614
-1184
-242
-7726
-5547
4098
-4299
-8555
3997
5329
1025
1644
789
2987
-521
636
-868
-1800
-141
-322
-2844
-5187
-2462
-7256
-8454
-9470
-9428
-8564
-11259
-12947
-12523
-6211
893
1058
-248
984
2062
8134
7024
6345
7959
9352
8098
6310
7472
8945
3908
-4905
-5049
-92
4066
-3363
-7283
-6345
-1154
7310
4766
-3404
1873
5540
4649
9385
8289
5087
4020
4443
3153
4053
1762
138
1355
402
-39
-3571
-4373
-5328
-5361
-6171
-9903
-4419
-8494
-9782
-7668
-14562
-8129
-7663
-11394
-6713
-4656
-2739
3380
1937
1460
4730
5791
8413
3053
5245
6722
4283
4416
1748
4704
8990
6314
1739
6122
11279
-2268
-503
13951
9530
13327
9742
7381
11025
10733
10182
5521
5999
7463
7088
2956
217
2636
-867
-1689
359
-4038
-3389
-9807
-8309
-7564
-10438
-9078
-12263
-11590
-13067
-10582
-8860
-11618
-9497
-11742
-10518
-6982
-6283
-2746
-2895
-1665
-2599
-2712
2499
5180
4876
5135
5146
5958
18552
8710
5505
18167
13700
14653
18645
15866
4661
7418
10669
10637
10733
11372
8944
8587
8121
8340
6618
2331
3840
1041
2076
-1902
298
-347
-5517
-4883
-7265
-6953
-6658
-6152
-7201
-9828
-10801
-9885
-10899
-12914
-12468
-16028
-19671
-17250
-17189
-14547
-13766
-11635
-3559
-2454
1712
1695
-3064
6127
11013
1721
9920
19215
16600
17421
15037
18083
18385
17527
16659
14116
6147
7418
10327
6438
7213
5482
4009
1657
6440
3929
-954
-134
-842
-2740
-1540
-1718
-3749
-5190
-8541
-5437
-3791
-6198
-8535
-8924
-10301
-11513
-13619
-17968
-14947
-14556
-17612
-18533
-16624
-12789
-13620
-14260
-16705
-2716
6141
-5008
4106
10203
7853
13403
15040
14687
14034
15894
16488
17929
17845
16702
15853
15802
16499
16685
12500
-66
7016
8043
3798
7084
7443
6020
1855
2400
981
1141
1422
-640
-1614
-2032
-3370
-2190
-6438
-4423
-9041
-14613
-10111
-15081
-12207
-12115
-16294
-20216
-17479
-11512
-9838
-14692
-20401
-10302
-8796
-15094
-8158
-1382
249
6182
6055
8737
9993
9696
12990
9453
13134
15098
15512
12952
10520
11748
12863
14168
10287
11781
8679
4933
-4038
1989
2905
2923
2798
-1581
-2212
-214
6725
-739
-2775
-2923
-5278
-10096
-6423
-6916
-11555
-8886
-15385
-12132
-8299
-11050
-12771
-17115
-15680
-6065
-8318
-16790
-9135
-6606
-8385
-816
-6150
-4869
-2705
-4202
778
4095
7786
5638
8489
9732
11174
12048
8921
12183
10409
12704
14045
12059
13706
9397
9242
9959
8155
9818
1585
2608
4682
3804
6855
5081
2687
-4465
-335
2046
-2058
-6286
-6734
-5259
-5320
-7000
-7128
-5745
-3124
-7165
-9268
276
-7514
-9076
-1064
-759
-400
-4535
-4533
-2742
-3149
-3162
-6218
-5572
-3412
-4198
-4857
-2749
1793
5137
3430
3641
7244
10321
10046
11041
9704
10668
11862
12518
7558
9134
9963
13344
12508
7349
6112
-7390
-3514
-539
-203
2904
-4896
-6275
-5355
-4588
-2819
-2589
-4352
-4798
-5478
1941
386
-9847
-3835
1766
-365
992
2196
1698
1379
173
-1092
-2693
-4417
-5067
-6909
-4374
-10284
-6981
-6511
-11523
-5796
-5604
2161
4549
3689
3627
2478
4524
6206
6947
7800
8342
7029
8627
9308
2967
1154
5279
5131
5934
5311
-3078
-2319
-1208
-3465
-792
-4533
-1680
607
-2149
-4191
2454
1145
-8444
6296
9300
4249
5756
4681
7189
4577
3011
218
237
963
1934
-4562
-5847
-3967
-8442
-7296
-5710
-6437
-11062
-6851
-9856
-12791
-8497
-3224
1273
2528
1945
4795
8566
8322
6830
4462
7568
9289
8370
7932
9141
6627
2712
1865
3777
6371
2749
-5094
-2642
-2460
7918
5771
-5458
6332
6876
8775
12332
8744
8692
6411
7525
2700
4802
1610
-1940
-213
-3224
293
-4013
-7967
-5579
-8812
-9401
-10736
-11961
-11595
-13974
-10431
-15018
-15199
-9426
-13260
-9968
-8950
-4224
-1632
-6816
-1155
-19
5189
6694
4468
4140
7315
6136
4030
5465
3064
5222
7774
404
4862
11656
-2623
-2507
9638
11533
9940
7295
6698
7951
9414
6736
4549
3072
4926
5034
178
247
-3417
931
-1915
-4246
-865
-3890
-3667
-6349
-7354
-7818
-7826
-8289
-10649
-12025
-8503
-9017
-13986
-16220
-12250
-12769
-11875
-7788
-5675
1881
-3564
219
-492
124
6953
3565
2098
2261
7037
16088
6594
6283
13508
11089
14500
12793
15430
8299
3744
8878
7473
9772
4748
4721
6598
8608
7431
5166
5098
336
2067
1282
-702
286
-612
-4023
-4387
-8881
-6947
-7206
-6740
-8728
-9178
-14570
-15923
-13734
-15570
-11340
-16843
-16579
-11527
-10796
-8558
-9154
-6603
-6253
-3176
679
2778
-2932
6042
10330
2597
10333
19483
17387
16809
14025
15492
18725
17236
15655
11224
15624
4903
6526
8489
1796
9654
8088
5007
4147
6610
3632
1407
-309
-2288
-285
476
-1425
-3103
-4872
-1807
-3634
-10585
-7627
-6298
-7122
-7465
-8882
-11902
-11385
-11491
-12074
-14224
-15819
-11446
-10078
-13067
-15661
-4187
6475
-1212
-161
10258
10209
13152
16230
13943
16019
15629
17143
16485
17413
15127
11620
14500
12057
11927
13657
10627
-2295
-980
4132
901
3267
1615
-136
970
-74
-474
-948
4814
1182
-4210
-806
-615
-1644
-4126
-3442
-5629
-8310
-7639
-7138
-7405
-14313
-15337
-16769
-18015
-11900
-14337
-18206
-10583
-4212
-11864
-11276
3456
4087
5256
6138
8912
13230
11854
12414
11293
10974
14704
15449
11255
15355
13804
13294
12619
9414
11348
10190
10846
2499
1681
7589
6543
7649
5496
1977
-143
-265
-354
-197
-339
-2336
-1894
-4456
-3587
-3580
-6699
-10677
-10446
-9481
-8788
-10104
-11954
-14241
-5467
-769
-14302
-9205
-3562
-5407
-4921
-6384
-2131
-4125
-5602
-903
5405
4178
5726
8105
5636
13170
12374
11993
11567
8950
11837
12202
13258
13056
12191
9039
10639
12657
12400
14481
2268
1228
5810
5272
7487
2652
2876
3983
3554
856
-1636
-217
-2090
-4683
-6019
-8566
-6646
-3812
-10122
-12415
-966
-5402
-12958
-3829
-641
-3548
-8189
-9483
-7097
-4837
-9723
-10262
-10767
-11235
-6765
-4143
-4302
794
1460
3239
3954
5923
8110
9844
8582
7235
10189
12318
13528
12365
9039
4256
8316
10171
6422
7473
3196
1023
1110
-614
3550
-449
-4399
-5471
-5029
-3032
-6720
-7562
-8814
-7802
748
1159
-7389
-3124
555
-2526
-669
-2243
-1403
-4560
-6552
-5981
-6051
-6360
-12361
-5091
-5482
-9657
-6411
-8083
-10735
-8148
-2495
-1967
882
3507
4663
5204
6981
11037
9140
5874
10650
14091
12591
13252
11528
11420
10109
8883
10709
4416
5635
-493
-3641
-75
-4240
-2111
21
2470
-847
-2540
6378
-4263
-6892
4618
-234
181
1631
3493
2982
-5388
-4007
-3355
-7934
-6247
-3817
-5359
-6545
-11157
-10646
-11646
-9704
-12132
-11323
-6215
-8304
-13671
-8058
-2767
2366
-930
-5409
5491
7261
10028
9552
10172
9952
9217
9957
7818
12040
8986
3439
1353
4681
6754
3850
1870
-7013
-3275
9492
5471
-3427
6075
7868
2490
6877
5370
3969
1186
555
3536
3023
967
1010
-1120
-2803
-2430
-3422
-4394
-7651
-9596
-5050
-6784
-6662
-4994
-7901
-6073
-7001
-11494
-11663
-7316
-6113
-3439
171
5566
4043
1541
5127
7550
9048
6308
6496
8609
6870
6618
5009
6566
7354
8153
1301
1240
10605
735
4482
2799
5819
6755
328
9187
5039
5968
4237
2554
5096
6534
5401
3120
921
536
-236
-676
1193
304
5
-1411
-2137
-3348
-3331
-2748
-9879
-11040
-7145
-5708
-3815
-7907
-8691
-11667
-13335
-5810
-3118
-837
-1217
-4187
-1387
-5206
40
2000
2075
1350
-1038
3867
18945
7575
1785
12205
11720
7982
12886
12299
8370
881
2403
5651
7612
7291
2848
6846
6197
6150
3713
2843
2566
2344
3259
1713
3016
3597
-186
442
-2153
-5231
-1327
-1522
-4169
-5691
-6172
-7854
-9897
-9392
-7881
-8175
-10554
-13503
-12561
-14198
-9744
-9018
-6839
-516
-774
-198
-3484
6583
7298
-2635
9342
14163
12242
11789
9949
10230
11551
9524
9608
9499
8690
14684
516
2575
8039
6797
9408
5153
9088
9290
8072
6112
6063
5963
6780
1652
-319
-227
-1744
559
1467
-1149
-4573
-4674
-7971
-7238
-10160
-11693
-11185
-15877
-17155
-17498
-16982
-15442
-17766
-22032
-16805
-10530
-4899
-7808
-4902
4653
2508
5460
7822
4987
6619
8940
9664
13152
10549
9942
9432
13389
15215
10689
10960
11256
6289
3109
7153
4923
9493
7975
9094
7701
1128
5334
6628
1897
3175
1848
1901
2326
-877
-3338
-2991
-4645
-5219
-8097
-7369
-7800
-10997
-14274
-14322
-13068
-14169
-14335
-17701
-11687
-12890
-18321
-9811
-4255
-3112
-2354
548
4966
4772
9222
8663
5529
12193
15887
14410
12854
15612
14504
13960
14278
14974
15374
15043
12855
15327
9733
-1031
4231
4961
4400
3605
5874
6388
2225
1124
-551
-444
-1280
-3894
-4149
-5025
-11517
-14383
-13813
-12241
-11842
-15474
-16404
-14133
-5971
-4662
-18299
-16542
-8407
-11217
-11407
-11336
-6259
-9179
-9265
227
-2635
3694
5146
5614
9350
7541
11895
12140
12854
14482
14963
15587
17516
19471
15900
8334
6096
13323
14091
13688
14191
5936
7027
8751
5803
3588
960
850
-327
-1655
-4635
-4812
-3633
-5047
-5454
-8331
-6737
-7201
-12177
-16724
-8038
-11059
-18398
-7997
-7878
-9031
-9712
-9607
-11419
-6822
-5348
-8236
-9428
-7445
-7330
-7648
-3151
-5139
4186
5725
5080
10086
11247
12634
13872
12466
6094
9485
17971
15673
13619
14010
16410
14791
9724
9710
8113
6901
74
-3207
4582
-389
-3100
-5265
-4475
-2211
-3955
-7917
-5357
-9210
-776
1572
-10567
-2641
-1345
-3970
-3414
23
-4545
-3813
77
-4350
-3909
-3479
-5855
-5979
-1704
-5334
-4684
-1430
-6783
-3427
2333
-1700
3570
11323
5634
2769
9654
11083
12480
15248
13845
14518
11997
13632
11876
10053
9366
8957
5541
3203
2736
2355
969
-8782
-5964
-6518
-7761
-4339
-4801
-7574
2735
-6142
-6612
404
-1518
3189
-5967
-1953
4509
66
-1676
-389
-591
285
-608
-1732
-1485
-2803
-1694
-7187
-6607
-3638
-6024
-6109
-5992
-11832
-11159
-548
-1184
1883
2654
2206
7722
5283
5555
6647
7538
7821
8862
7857
7653
3959
406
87
2383
4222
757
-4313
-971
-5049
-1153
5019
-9241
-1538
-1302
-20
5304
3394
7563
3147
1535
2795
2614
2391
1848
1131
3219
4598
3577
2597
600
-627
-300
-219
-3285
-6953
-9159
-7231
-5143
-5178
-9012
-5051
-8569
-10356
-5813
-5440
371
-3039
-1235
658
2754
211
308
3037
1494
234
-1648
357
-156
1540
-3529
-2902
6097
-194
-6141
7050
4332
-541
4874
4490
5771
7830
7896
2527
3239
7656
6357
4198
5593
4183
4039
4560
5426
6040
4206
154
-3416
-2250
-1668
-1942
-2278
-5978
-7758
-6697
-6625
-5704
-10105
-10875
-10207
-13963
-9613
-8881
-8027
-2716
-8952
-7408
-4674
-3254
-2617
-3980
2303
-1046
13019
8816
-3230
9734
10295
11515
11741
13450
14695
12246
14361
8419
5386
10086
7620
10325
11724
9967
10380
10036
8630
8087
8303
6426
2343
2554
2298
467
3276
873
-1628
-2438
-2681
-3459
-6073
-7732
-10022
-12070
-12225
-9679
-11148
-15667
-14079
-16425
-16230
-12673
-13784
-10152
-5928
-5473
-7350
-5799
2959
-7430
-2609
12073
6948
13001
10803
10762
13986
12442
14620
10369
12918
16787
15518
14181
2929
6705
9879
11005
15938
13965
9951
4473
7131
6629
6143
7264
4313
1759
-3094
-2816
2941
22
-5286
-4551
-6531
-11713
-13239
-14845
-14479
-17218
-22994
-22539
-19546
-17987
-20923
-23121
-20352
-17086
-5795
-10510
-10739
4167
2054
5667
11092
8297
11274
11740
11088
12808
15652
16279
13236
15325
15146
14748
13911
14481
14683
16083
13950
-2719
4924
9808
5891
8803
5163
5612
4997
5168
1688
-304
-1446
-3144
-5636
-7106
-5907
-7535
-10440
-12667
-12536
-11926
-15470
-18718
-19267
-20089
-18971
-19074
-22926
-18913
-13923
-23589
-16355
-8546
-8979
-1330
646
6811
7132
5445
6545
6611
13391
17772
17754
15860
17108
20053
20533
19894
21298
15946
12008
14651
14409
13423
12690
3111
19
3958
894
4195
4729
3249
-1329
-2195
-3197
-5096
-7211
-8517
-8356
-10761
-14276
-14040
-14126
-12874
-14305
-15861
-12788
-14872
-6965
-14637
-15025
-8077
-9206
-3994
-5126
-5335
-2815
-4017
-6379
288
2175
6804
9090
10911
13777
14283
17143
16429
18851
16189
14362
16134
18573
16753
16189
16173
13587
13009
12420
12085
9442
11674
826
-1238
4424
-1147
833
-335
-3869
-6442
-5415
-6924
-9701
-11200
-12510
-10325
-10997
-9878
-15309
-12307
-3760
-17312
-9651
-166
-7390
-4627
-6108
-4725
-6055
-7476
-5408
-8202
-4347
-3013
-5602
-313
-28
3682
9530
8916
8438
7141
12020
13958
13228
12683
13346
15019
12031
10698
10001
12192
10517
8494
5982
6454
3976
2957
-3268
-8752
574
-7159
-10549
-11367
-4222
-3788
-11605
-11382
-10734
-6790
1084
-8865
-11747
-878
-3632
-467
-707
-2060
-3850
-4910
-2077
-3697
-3934
-5083
-3898
-5411
-2951
-4244
-4660
-1148
-3551
-9227
-3257
-32
3123
7170
4753
7875
6218
8668
9350
10046
10764
9411
10072
8300
7942
5444
5889
4479
2549
11
1181
484
-822
-3617
-10610
-4146
-4879
-4236
-11479
1169
-18
-13200
5627
2651
2196
844
-940
1020
-664
721
51
-862
1013
2647
2005
1136
-24
-105
-864
-4968
-6330
-4132
-5059
-2215
-3253
-8594
-3778
-2385
49
3135
2094
6164
4756
5004
6601
7478
6464
5020
5191
6706
4973
870
-1709
-934
1589
-1211
-5323
-2482
-2863
1961
-1211
-10082
1582
4395
1526
5259
6239
4327
4924
3083
4090
4553
3955
4098
3548
4220
3805
1945
1053
-2139
-6671
-4326
-3229
-4527
-5245
-8690
-11421
-7632
-11468
-9199
-6468
-10061
-10101
-9228
-6382
-2217
-567
-1784
1254
-691
-445
21
1003
833
-816
2672
1990
1347
591
1488
1175
5938
3824
2912
13257
13318
8715
-643
6663
9442
7154
9182
8342
10818
11100
12875
8783
8273
8038
8193
2882
392
3652
285
127
-1440
-4612
-4246
-3874
-5410
-8791
-8992
-10359
-9457
-11308
-13284
-7360
-10971
-14088
-13346
-11051
-3251
-3730
-8361
-7157
-2025
-279
-1606
-4173
-458
1707
5798
7200
178
9808
12672
9752
13594
14251
14581
11740
11900
15354
8228
9971
12182
8988
12486
9909
11655
6478
-18
1365
6811
556
2758
1409
-171
-607
-900
-1667
-3269
-8002
-10716
-11580
-11965
-12285
-15576
-17813
-13231
-15201
-17141
-15221
-12102
-14101
-15274
-15087
-11394
-10385
-6597
-9597
-3358
-7485
4799
4434
-1545
13506
11900
12884
9342
12305
18144
16008
17984
15245
16562
20058
19460
16133
11946
6241
7524
7857
9446
11265
7720
5601
4452
4259
4673
4554
1795
-1761
-2707
-1431
-718
-5039
-8157
-5402
-7591
-9028
-10969
-13177
-12978
-15505
-21684
-18647
-15582
-14889
-18303
-22314
-20382
-15941
-5000
-3905
-8280
413
5630
6575
9667
9557
12250
13582
13270
15083
17452
18389
17127
19553
17705
18637
12555
8997
12607
13747
13513
1110
5076
8082
4422
6144
2598
2811
4394
3484
48
-3435
-3057
-1406
-4729
-5369
-6183
-6409
-9166
-11468
-11788
-12282
-12645
-15452
-16439
-16859
-15673
-15895
-18420
-14478
-9276
-10847
-10765
-5241
-151
-173
5529
7597
9339
11565
14179
14853
16105
20963
19358
20265
19441
16702
13876
16795
17661
15190
15010
11921
11072
9762
13284
10199
973
4024
2087
4153
5774
1005
-126
-1536
-3093
-4463
-6629
-7091
-8672
-11959
-13183
-14495
-12689
-13112
-17565
-14700
-17225
-12404
-3029
-11281
-16451
-11797
-6910
-10837
-8426
-5704
-3205
-6788
-4190
2368
2877
8922
8159
10191
10680
9613
6839
10730
11846
12774
14332
11614
14915
10842
11600
10544
9427
7665
6659
9504
8735
7705
-3937
-1566
-262
-2964
-1537
-4821
-3862
-4625
-5390
-7908
-9735
-12526
-12489
-11115
-9933
-14463
-15595
-7853
-7093
-15538
-8061
141
-2627
-4253
-2248
-5110
-6123
-4911
-6665
-7323
-2157
-1213
-7381
-963
-4082
-3088
6875
4647
7777
7239
7485
7413
8469
9209
9577
12294
11676
12551
9127
14090
12775
8077
9232
5202
2130
864
1729
-5044
-4234
-5885
-10622
-5591
-3752
-7045
-8892
-10846
-9017
668
-2277
-9532
-6833
-1934
-2347
-1669
1539
699
2129
950
1293
1788
1
1208
754
86
-3189
-6419
-5084
-2610
-9033
-3472
42
-2401
6093
4451
5880
8212
8834
9292
10467
10998
11237
9811
9308
9601
4749
6707
6577
4310
3523
1174
2498
-358
-1135
-7295
-10443
-5329
-6676
-8064
-6157
-79
-4358
-4005
-200
1137
2588
2497
3755
3294
1614
1555
835
264
2831
3588
134
-5578
-4706
-4872
-2960
-6052
-7084
-5050
-8875
-6705
-6675
-7800
-2724
-1721
-3539
2894
5585
5096
5100
5360
8615
8310
7588
6402
6124
9122
6953
3344
-425
296
3589
1322
-144
-32
2507
13199
5635
-9458
4230
7068
2714
10420
9235
9156
8052
5003
5385
6331
6749
4662
7787
3299
847
2583
1415
-4077
-5260
-2420
-4738
-5109
-3111
-5886
-8834
-10421
-14070
-6748
-4833
-10527
-9785
-5017
-4027
-2525
-2843
-4113
-361
-990
-2610
-481
-1199
177
-2358
-850
561
924
3584
-3373
434
8146
1076
1452
12895
12682
11450
3322
7850
13995
7030
11429
7485
9803
11770
7048
2292
817
4593
5001
3988
848
1160
1424
-1083
-1262
-4995
-3920
-3578
-7715
-10429
-11517
-11878
-9966
-11766
-18143
-8073
-13657
-16543
-10558
-12070
-7433
-7605
-8970
-8710
-2724
-2179
-4514
-1566
-2400
4091
12289
7876
4384
9469
14255
11658
13279
15357
14024
14338
12023
14844
12367
5343
10546
4843
3873
10151
7301
5318
2703
5012
3949
1665
2895
-1549
-3016
1439
-954
-1380
-3644
-4045
-4363
-4783
-7100
-9639
-10084
-13609
-12600
-10486
-16641
-15418
-12729
-16782
-15054
-11728
-13609
-5728
-645
-3666
-3963
-1363
8727
4853
5360
15072
15038
15623
15332
17642
19946
17789
16054
14520
18640
19111
10701
14022
14195
4832
6383
4065
4371
10996
5353
7289
6919
3221
3444
3285
2480
-1828
-1115
-518
-1956
-4567
-6977
-6477
-8914
-7973
-10480
-10884
-13491
-18303
-20926
-18763
-17441
-20047
-11250
-18604
-19483
-5056
-5276
-3933
-4846
3390
8558
7419
12302
9660
13869
15233
13152
18594
19911
17170
13236
12078
15374
15202
14474
11270
12287
10195
12642
9137
651
4115
-787
3239
2487
2959
4393
972
-265
-2894
583
-5018
-2256
-8935
-10360
-9746
-13589
-16820
-16357
-18569
-16095
-19435
-16663
-15625
-17687
-18237
-22072
-14942
-10139
-15504
-15514
-3010
-2716
-4181
2146
5387
7160
8153
10961
12019
12735
11697
11633
13644
15614
17025
16754
14670
15888
17630
15886
13923
11147
8902
8947
9880
1116
251
2394
3436
5277
1000
3227
1249
-1043
-2554
-3855
-4534
-7583
-10616
-12228
-13702
-10717
-10375
-12970
-13043
-14956
-8771
-3181
-12922
-13933
-4090
-6229
-6191
-6779
-1917
-4350
-6566
3170
3443
6032
4740
7328
10999
14439
14767
12400
13610
13217
16336
13460
14387
14514
12663
11505
10722
10557
10984
9663
9252
7707
5936
4110
-7647
-3976
-4295
-1421
-1751
-6986
-8832
-9023
-10178
-11549
-10964
-12301
-10866
-12257
-10659
-11894
-5620
-5751
-14542
-2304
537
-5216
-1608
-2934
-1613
-3599
-1154
-3436
-6631
-3369
-8340
-3624
2700
480
6278
7789
8900
9548
11267
12070
12155
12451
13356
15970
15337
14723
11606
11541
13330
10042
8439
9893
8252
4804
-362
-2272
-5385
-6911
-8826
-9979
-5627
-5653
-7324
-10138
-7783
-8339
-1426
-3397
-9573
-3151
-1225
1138
3050
1359
1823
597
373
1797
-86
-2605
-1370
-1048
-1749
-528
-4500
-2121
1084
-7520
-467
1538
2292
8550
4228
7029
8317
6235
9876
10608
10697
9468
10548
9956
8028
7431
3756
825
210
-1578
190
-1428
-3012
-1536
-5221
-10374
-9402
-6175
-7827
-6714
649
-4285
-6688
3888
8223
5880
4553
4057
5439
3443
474
-1815
-2488
4104
-2722
-2410
-2611
318
-689
-1244
-2224
-5333
-7385
-8074
-5331
-9260
-1223
1533
-1000
-4535
-1912
1892
4906
6095
5235
8363
7016
5984
2312
5046
8234
-285
-2227
1250
1883
3192
373
-2028
2121
2484
9852
-2508
-5264
8506
4444
8968
11973
9034
8016
8149
7816
6758
6702
5276
4744
8553
6630
5111
3009
670
416
-518
-1674
-3134
-988
-5856
-7538
-7640
-7787
-10076
-7394
-8476
-15899
-6534
-7290
-7109
-3325
-5306
-3134
-1395
-793
-3967
-2800
2371
-1386
-3085
-513
933
1810
2222
-1008
-948
7914
908
5160
16116
15693
11122
4606
12788
10823
8492
9431
9059
6477
10791
9479
6849
6188
7298
6157
4293
4709
2114
450
-2095
-3874
-5643
-5051
-7769
-6761
-13882
-12688
-10334
-10506
-13377
-12797
-13819
-17401
-12903
-10838
-10924
-9958
-5784
-10353
-7283
-2484
-4765
-5920
-2760
1424
1694
8790
6637
2418
11774
14916
13120
15958
15868
18437
14496
10971
12211
7475
5631
9160
9360
7869
8599
8184
7084
5549
7418
5515
4883
5591
1445
-496
-2459
-1743
-2706
-5550
-6822
-8370
-7568
-7543
-11879
-16998
-17834
-17391
-15618
-21186
-18229
-15219
-19419
-15955
-16952
-10815
-6687
-4349
-4670
-4015
3675
10533
7069
9028
16651
17485
20347
19088
19254
13183
12427
17833
17047
16307
18548
15152
17959
11844
6490
12669
9001
11454
6583
7767
5942
3324
5627
2468
1820
-1460
-3446
-3887
-2650
-6731
-8544
-10534
-14254
-14082
-14894
-17920
-17533
-16547
-21742
-21849
-18496
-20048
-18597
-16207
-18557
-14349
-6661
-5807
-5636
335
4353
9289
11408
12669
16279
13202
12484
15708
17916
14301
19339
20098
20074
20173
19145
16476
16094
11508
11722
8287
-300
4578
2574
3588
2045
4322
108
-2363
-2084
-4961
-3042
-5904
-8230
-10328
-9942
-9213
-14474
-17106
-15452
-17232
-18738
-21469
-23103
-20504
-20302
-20185
-22656
-16935
-14061
-13957
-10174
-8626
1791
-1084
3755
8077
2455
10303
12960
11542
10238
17110
20862
18458
19141
19641
18503
18231
19425
16991
15187
13899
14389
11522
12355
11794
1657
906
1799
1417
2343
-314
-1689
-5404
-6220
-4948
-9724
-7589
-9974
-15336
-16540
-16932
-15075
-16579
-19872
-17707
-14716
-14350
-5223
-13791
-13872
-3632
-7116
-2738
-6688
-3795
-2486
-6151
3314
4879
2445
9446
12232
12562
14579
14225
13791
11991
13001
13903
12776
16322
17694
14226
13217
12847
12350
11134
8630
8986
5853
6186
-1416
-3921
-5436
-3379
-2528
-5477
-2950
-9097
-6332
-9163
-10824
-10872
-9539
-8348
-13289
-9649
-14254
-7047
-6063
-13048
-6253
-1546
-2398
-4898
-8908
-5655
-5351
-5557
-4568
-7624
4059
-5170
-4335
8325
2059
10303
11101
8645
11420
10706
10834
10352
9624
10897
14270
13318
11429
9942
9982
10620
7536
4516
3858
3483
-931
478
-1052
-9210
-6650
-10943
-11118
-5590
-5592
-7102
-9423
-4980
-5466
3249
4041
-7197
1388
4841
3505
5806
-325
-162
955
1673
3058
2735
1070
-1684
-1636
3612
-217
-2151
2274
-9463
-264
2641
-483
7877
6640
5756
7023
8373
8265
9703
9621
9481
8193
6855
5742
5709
-85
4075
5041
1353
550
291
95
-805
-4525
-11682
-4747
-3910
-2737
-4042
-1920
195
292
2416
4150
8373
2315
-1460
2123
3485
1683
3007
1
1173
4666
5099
1561
-983
-3034
-4729
-5220
-6413
-3840
-10537
-6134
-11761
-12210
-1890
-5669
-3152
-3112
-1048
421
891
-1738
3504
3512
-1031
1365
3303
4228
5234
930
-2752
-1179
2639
2310
-1597
630
3419
7728
4441
1000
2675
10728
11449
9610
9122
6610
10241
8964
10533
8437
10217
5005
3326
5248
6966
6144
319
-1718
-3140
-2440
-5603
-5748
-6346
-9313
-12744
-10069
-13232
-10129
-6722
-15634
-6160
-8746
-5322
-1875
-5407
-1383
-1379
679
-1116
-487
2726
1737
234
885
794
4447
2390
4161
2957
9135
11864
5634
14297
22623
7852
193
12650
9630
11754
10807
9527
9842
10491
12811
9593
8696
6503
6108
2543
2067
1288
-3211
-3844
-5127
-6344
-6667
-8008
-8017
-13446
-15015
-15285
-16972
-13688
-19679
-14651
-16906
-18049
-10784
-12821
-8158
-6503
-9702
-8216
-3864
-2310
-1485
-2248
3348
4444
11447
14855
8477
10509
17091
14423
11136
