-799
-432
-270
-496
-99
0
-89
114
-109
-105
-15
6
111
-239
-348
-319
-486
-675
-728
-918
-962
-1010
-1220
-1411
-1662
-1709
-1702
-1587
-1357
-1356
-1375
-1078
-735
-640
-447
26
135
138
277
288
538
669
635
720
464
252
120
-120
-38
-48
-42
-207
-584
-554
-688
-938
-1216
-1378
-1140
-745
-583
-273
39
196
228
303
400
322
640
711
571
749
811
654
607
478
522
469
757
962
1088
1523
1339
1064
1189
998
697
1087
1180
952
1009
960
774
939
785
783
894
862
933
895
938
905
1064
949
892
1279
1342
1335
1237
589
311
221
-40
85
69
-94
192
423
398
438
476
401
149
110
363
484
731
929
707
551
251
-141
-442
-561
-715
-1071
-1214
-1489
-1476
-1723
-2026
-1990
-2259
-2265
-2201
-2373
-2021
-1786
-2063
-1696
-1517
-1218
-700
-533
-302
10
292
445
627
824
694
462
407
172
-170
-300
-439
-1013
-1231
-1353
-1562
-1507
-1454
-1402
-1292
-1398
-1318
-1379
-1498
-1176
-896
-395
-36
245
530
810
901
845
716
927
1036
1123
1313
1036
870
886
675
544
453
83
261
112
-39
-209
-441
-635
-870
-835
-1050
-1004
-920
-931
-895
-784
-681
-551
-430
-340
-251
-165
15
279
282
388
740
997
1241
1119
1022
957
891
783
518
490
358
246
258
-56
-122
-173
-350
-224
-289
-384
-274
-122
-65
129
331
624
650
531
603
661
687
713
803
581
501
576
382
227
255
-181
-572
-598
-852
-1161
-1056
-1215
-1487
-1411
-1566
-1463
-1299
-1240
-1191
-1166
-928
-863
-603
-262
-157
232
483
738
904
802
809
931
738
441
469
346
324
421
234
-71
-331
-635
-615
-466
-515
-119
-58
-247
-117
-120
34
230
474
782
1020
1164
1261
1399
1484
1321
1182
1036
824
730
654
399
72
119
92
-18
15
241
583
575
571
845
974
1391
1516
1008
1245
1419
1302
1491
1363
1200
1095
964
912
629
392
464
281
215
241
-60
-143
-113
-365
-527
-386
-616
-726
-484
-967
-1301
-1260
-1647
-1619
-1456
-1606
-1522
-1320
-1318
-1034
-807
-642
-643
-590
-179
-248
96
453
666
863
826
929
985
841
747
641
294
91
-23
-106
-334
-505
-691
-764
-885
-1190
-1432
-1573
-1543
-1537
-1535
-1512
-1337
-1118
-906
-690
-324
21
208
511
566
639
569
351
626
392
205
265
107
-83
-1
-57
-243
-69
-457
-318
39
156
205
152
51
-77
-219
-508
-552
-767
-894
-1112
-1353
-1313
-1352
-1250
-1179
-1226
-1037
-729
-683
-493
-49
-94
183
308
398
1014
1090
1202
1412
1364
1443
1355
1187
1158
879
829
875
627
543
436
15
-376
-752
-1084
-1394
-1727
-1726
-1553
-1496
-1337
-1329
-1388
-1106
-870
-618
-285
-104
272
867
1105
1098
1315
1306
1279
1384
1405
1700
1657
1557
1216
768
505
141
147
136
170
293
129
-33
-49
-364
-583
-647
-471
-592
-893
-493
-250
-271
-157
-253
-371
-56
26
335
572
642
892
680
641
724
887
1070
1068
1198
1355
1418
1406
1309
1316
1454
1373
1375
1465
1327
1160
907
574
315
-17
-448
-675
-829
-891
-979
-1116
-1387
-1641
-1888
-2099
-2064
-2217
-1835
-1373
-1228
-990
-965
-1014
-994
-829
-689
-533
-134
-128
73
342
-80
-42
60
-243
-179
-206
-584
-577
-629
-775
-836
-1018
-1096
-1205
-1392
-1462
-1594
-1693
-1682
-1880
-1811
-1641
-1695
-1578
-1360
-1101
-865
-650
-320
-60
219
299
289
463
550
596
731
928
960
924
933
1037
1301
1349
1304
1314
1249
1254
982
860
772
437
365
145
-104
132
502
331
271
249
280
570
757
1089
1262
1319
1395
1367
1280
1309
1167
1084
1076
1092
979
601
554
584
392
406
366
301
701
728
642
906
1046
970
1102
1267
1202
1356
1453
1358
1352
1263
1124
1037
657
526
582
456
473
136
-87
8
92
110
-50
-164
-166
146
84
-10
286
354
355
413
157
85
293
180
359
277
119
267
27
-185
-204
-280
-330
-544
-564
-678
-904
-1042
-1372
-1524
-1615
-1745
-1653
-1655
-1789
-1579
-1830
-1886
-1836
-1806
-1578
-1366
-1172
-934
-400
-488
-334
-286
-386
138
221
215
243
294
411
220
181
58
-109
-354
-740
-989
-1282
-1622
-1879
-2171
-2539
-2840
-2938
-2970
-2973
-2710
-2565
-2378
-2389
-2338
-2015
-1717
-1370
-1462
-1287
-1070
-925
-441
-180
-163
-143
-208
-227
-36
153
426
610
562
238
57
-38
72
168
71
293
378
344
336
328
514
384
349
438
500
1104
1343
1376
1277
1293
1705
1748
1803
1836
1434
1401
1608
1525
1261
1074
899
874
791
804
944
816
863
803
829
796
1038
1101
1110
1230
1141
1318
1242
1129
1468
1304
947
791
394
487
411
344
138
-241
-243
-338
-285
-61
-50
-27
54
-112
-226
-136
-42
17
39
50
46
40
105
84
-107
-2
142
221
408
472
564
618
529
333
198
102
69
-53
11
-152
-89
155
-56
-64
-51
-206
-484
-445
-335
-497
-485
-510
-819
-735
-800
-951
-748
-875
-715
-429
-575
-419
-474
-709
-611
-563
-611
-809
-778
-721
-856
-979
-838
-673
-963
-955
-954
-1094
-892
-1014
-893
-624
-654
-702
-685
-547
-507
-242
-10
-120
-110
127
342
442
687
934
1091
1470
1503
1252
1219
1129
1080
1063
767
570
808
658
460
273
-90
-100
-143
-150
-263
-270
-58
21
-194
-116
51
40
318
405
486
458
278
265
265
139
188
264
114
218
225
-78
66
-298
-662
-563
-631
-324
-174
-356
-643
-967
-1019
-787
-700
-592
-487
-403
-574
-586
-670
-722
-669
-471
-354
-456
-235
-601
-383
-128
-209
-13
146
187
305
410
659
920
648
800
1042
926
1034
1227
1195
1133
905
1041
966
764
808
912
1197
1169
990
821
600
343
468
570
392
297
377
226
-142
-437
-679
-846
-1014
-1206
-1300
-1397
-1605
-1513
-1378
-1103
-888
-646
-479
-579
-152
-2
-33
114
-10
27
-126
-188
-147
-437
-442
-575
-781
-945
-995
-768
-612
-645
-555
-398
-650
-440
-420
-682
-653
-956
-806
-581
-569
-438
-362
-360
-397
26
398
412
580
547
524
657
419
515
715
638
538
360
219
119
203
378
350
91
35
149
55
-42
-39
51
8
-240
15
167
50
224
300
309
333
329
417
672
766
872
1089
1021
920
944
1022
1152
1297
993
794
915
681
779
749
700
839
737
561
325
103
-98
-365
-507
-516
-815
-664
-563
-883
-1073
-1220
-1379
-1234
-1055
-853
-640
-642
-449
-353
-126
-123
-132
242
481
576
732
673
462
592
488
262
379
318
-99
-46
-48
-279
-15
-132
-180
-2
-79
-11
57
20
118
-3
33
321
344
737
863
1019
1463
1360
1469
1721
1653
1903
1868
1771
1876
1677
1542
1262
1318
1400
1200
1065
1058
859
858
683
352
222
-92
2
-379
-421
-311
-920
-1178
-1336
-1665
-1672
-1575
-1607
-1526
-1503
-1536
-1653
-1614
-1211
-1088
-1013
-815
-1056
-1154
-1220
-1043
-1175
-1121
-785
-1217
-1365
-1195
-1298
-1269
-1187
-1547
-1446
-1748
-2078
-2160
-1961
-1723
-1878
-1876
-1745
-1636
-1685
-1232
-1522
-1216
-638
-679
-313
-186
3
159
315
170
133
450
303
373
276
77
70
-113
-301
-398
-312
-469
-497
-690
-609
-227
-118
-179
-467
-380
-487
-507
-453
-532
-361
-415
-539
-727
-698
-824
-1134
-1016
-852
-883
-573
-419
-326
-157
-144
111
310
241
195
483
384
429
305
-18
71
178
309
469
554
402
415
389
400
511
273
284
245
330
479
600
697
646
829
825
1270
1452
1592
1950
2080
1892
1995
2157
2037
2228
2262
2184
2001
2181
2181
2208
2133
2059
1873
1470
1495
1364
1242
1336
1362
1262
1121
965
1061
1062
837
550
362
352
213
134
120
97
276
398
261
353
586
629
734
762
709
517
596
697
611
557
669
594
42
-158
-292
-491
-452
-491
-891
-973
-1062
-1194
-1223
-1411
-1536
-1627
-1397
-1320
-1085
-844
-957
-668
-470
-265
-86
54
534
527
433
440
201
268
497
555
605
798
877
927
922
985
1068
1082
1373
1353
1108
733
669
719
591
338
-172
-541
-864
-1026
-1373
-1760
-2087
-2490
-2684
-2662
-2852
-2966
-3274
-3504
-3636
-3982
-3628
-3256
-3639
-3753
-2834
-2754
-2415
-2079
-2217
-1708
-1439
-1670
-1534
-719
-690
-591
25
534
-25
272
309
-234
649
490
-124
473
554
-371
44
105
-133
125
42
-8
-194
-200
-339
-453
-220
-302
-416
-37
-22
-58
-124
-102
176
265
462
750
1011
922
1297
1369
1214
1499
1588
1672
1465
1538
1260
1498
1731
938
906
1232
972
717
548
608
1228
684
-11
265
682
651
364
622
591
146
441
650
344
231
713
1005
704
839
681
842
1265
922
992
1340
915
937
1076
775
783
858
650
583
556
219
285
-65
-360
-371
-478
-423
-911
-890
-751
-925
-570
-512
-572
-512
-325
-109
-8
72
80
290
297
62
308
423
340
332
188
165
-170
-192
-165
-466
-437
-561
-645
-578
-425
-80
-297
-337
-15
-75
-4
-133
-249
-526
-696
-508
-995
-1312
-1414
-1495
-1210
-1198
-1091
-1069
-1224
-1123
-1047
-757
-574
-414
-439
-397
-438
-535
-371
-463
-363
-604
-1055
-973
-1084
-1519
-1523
-1810
-1695
-1453
-1657
-1596
-1658
-1644
-1412
-1293
-1436
-1149
-891
-1008
-729
-442
-564
-375
-43
24
204
283
397
678
543
357
311
442
585
668
771
627
627
425
625
925
691
700
844
982
792
952
985
807
1044
1039
783
983
1368
1007
1264
1721
1772
1916
2155
2592
2805
2998
3043
2954
3028
2999
3014
3042
2761
2601
2190
1587
1393
769
116
-124
-507
-937
-1417
-1465
-1635
-1796
-1433
-1407
-1432
-1295
-1181
-1033
-904
-559
-204
18
397
562
839
1057
1111
1292
1230
1120
1173
898
503
322
-264
-553
-644
-846
-901
-1034
-1212
-1362
-1463
-1652
-1760
-1759
-1957
-1705
-959
-1009
-961
-800
-886
-565
-703
-967
-507
-309
-432
-109
111
100
98
242
277
110
-192
-12
172
-247
-117
-186
-495
-735
-1174
-1166
-1525
-2105
-2138
-1986
-2117
-1990
-1425
-1657
-1472
-812
-923
-686
-224
-69
399
865
780
885
1248
1064
1330
1691
1823
1845
1759
1728
1672
1683
1251
688
24
-164
-322
-447
-492
-585
-481
-592
-432
-107
0
-16
212
314
469
1074
1054
1377
1392
955
1133
741
618
613
265
280
255
67
181
-138
-99
227
-152
-262
-64
-292
-241
-60
-118
-44
-236
-384
-597
-899
-1189
-1529
-1525
-1394
-1663
-1205
-1109
-1260
-495
-539
-391
310
514
597
657
898
1068
878
961
760
482
599
355
441
49
-433
-295
-665
-402
-867
-1212
-612
-1026
-957
-794
-693
-73
79
482
908
560
813
875
531
1174
1214
728
1184
1090
303
196
156
36
-82
-43
-118
-174
270
225
21
333
298
358
820
487
173
281
32
-104
184
11
-92
-123
-597
-776
-1248
-1735
-1962
-2189
-2315
-2174
-1700
-1615
-1277
-738
-740
-419
-260
-105
189
318
760
1381
1506
1811
2048
1686
1809
1697
1548
1326
1188
843
457
229
-223
-283
-389
-447
-364
-310
-305
-354
-421
-266
-222
-172
-187
-84
20
-70
-106
-250
-85
47
-289
-351
-308
-749
-731
-627
-708
-684
-445
-340
-305
-126
-291
-518
-415
-313
-256
-50
4
-37
-225
-248
-411
-580
-729
-919
-889
-1127
-1196
-926
-814
-450
-166
-98
145
198
438
738
864
1146
1398
1405
1459
1442
1112
903
537
70
-334
-872
-1176
-1431
-1765
-2047
-2163
-2488
-2680
-2456
-2459
-2096
-1732
-1325
-612
-120
484
1056
1490
1759
2000
2146
2286
2433
2498
2380
2056
1670
1199
811
357
-31
-381
-601
-638
-496
-209
-122
-126
111
349
471
722
933
1116
1262
1285
1461
1279
977
777
474
97
-20
325
311
581
829
942
1287
1188
1275
1462
1755
2063
1774
2187
2160
1938
2087
1578
1267
877
573
113
-328
-480
-620
-694
-496
-689
-1112
-1319
-1697
-1547
-1611
-1796
-1147
-448
-391
-335
272
440
487
836
1048
985
778
552
235
75
-244
-329
-483
-870
-791
-898
-1253
-1092
-923
-721
-405
-350
-121
133
-11
146
703
748
977
1082
599
467
57
-414
-743
-1447
-1629
-1923
-2324
-2294
-2480
-2800
-3022
-3097
-3082
-3053
-2774
-2552
-2078
-1221
-989
-707
-205
-304
-335
-128
-222
-190
-391
-542
-449
-245
103
-67
-188
-41
-350
-1086
-1168
-1372
-1408
-1126
-1108
-718
-465
-237
69
102
116
226
162
515
368
197
567
368
371
600
221
47
324
307
194
279
486
325
287
773
819
868
1463
1624
1872
2084
2060
2063
1673
1273
1033
653
634
485
553
725
450
452
8
-326
-388
-615
-430
-30
50
382
729
943
1387
1462
1297
1099
940
975
850
912
920
771
926
966
743
579
403
253
420
367
117
-158
-275
-331
-190
-83
-137
48
0
139
299
256
568
773
618
718
892
793
822
855
972
1292
1332
1039
807
369
-12
-463
-1082
-1469
-1678
-1511
-1621
-1813
-1822
-1689
-1585
-1866
-2152
-2071
-1966
-1649
-1234
-1019
-618
-443
-490
-632
-1044
-1586
-1621
-1742
-1728
-1353
-1290
-945
-552
-557
-561
-514
-841
-603
-362
-514
-140
-140
-281
-65
-91
-322
-204
-207
-465
-456
-283
-164
-322
-194
-289
-516
-403
-467
-470
-496
-406
-395
-341
-9
27
113
269
229
344
441
601
739
994
1182
1415
1429
1200
1175
934
839
788
1072
1260
1327
1445
1502
1618
1600
1367
1134
1131
1223
1452
1626
1612
1550
1543
1330
926
447
96
-363
-470
-371
-194
453
778
835
823
534
556
915
984
1296
1583
1675
2040
1995
1901
1991
1559
1116
906
798
408
305
298
-102
-316
-554
-872
-1408
-1706
-2062
-2160
-2004
-1930
-1607
-1443
-1267
-1063
-1136
-1099
-638
-517
-263
244
292
604
719
155
-131
-307
-468
-481
-677
-835
-707
-607
-704
-667
-744
-905
-985
-1204
-1083
-955
-1074
-938
-887
-1098
-1039
-1149
-1678
-1905
-2182
-2493
-2346
-2260
-2005
-1516
-1546
-1211
-1103
-1005
-740
-814
-389
-456
-534
-306
-424
-291
-150
-373
-384
-364
-774
-1133
-1221
-1264
-1262
-1226
-1264
-1103
-932
-1001
-721
-569
-390
-42
98
522
571
475
911
916
1020
1300
1327
1593
1472
1476
1342
1139
1138
662
341
43
-167
-148
-272
-255
-171
-84
-35
-324
-500
-470
-486
-512
-384
34
366
443
391
28
-149
-177
-522
-425
-245
-160
87
177
127
244
488
667
954
1148
1339
1319
1190
1222
1351
1057
835
867
572
329
320
229
-77
-13
-230
-434
-422
-594
-684
-529
-522
-457
-88
10
272
701
1078
1061
1081
1159
1202
1376
1238
1240
1330
1592
1705
1210
1027
846
603
318
89
123
25
478
725
728
789
438
306
208
272
391
239
207
24
-34
58
-326
-590
-760
-1056
-1050
-1084
-1244
-1357
-1005
-829
-952
-839
-697
-417
-440
-445
-436
-226
402
638
755
844
744
688
573
601
543
122
-96
-87
-191
-331
-518
-709
-841
-892
-594
-407
-82
181
112
441
542
611
816
661
748
899
839
839
719
811
886
685
450
275
86
-223
-657
-847
-946
-856
-772
-1214
-1096
-1042
-1551
-1659
-1647
-1684
-1181
-1084
-1129
-883
-638
-565
-711
-605
-773
-519
-132
164
452
807
1307
1628
1883
1891
1843
1778
1741
1973
2240
2365
2654
2327
2141
2069
1636
1556
1231
730
501
335
214
48
-138
-83
-562
-833
-952
-1024
-663
-664
-652
-422
-378
-454
-306
-487
-518
-546
-978
-1050
-1085
-1124
-1324
-1664
-1605
-1776
-2092
-2150
-2460
-2851
-3017
-3061
-3102
-2832
-2703
-2677
-2473
-2570
-2563
-2317
-2132
-2013
-1634
-1291
-1165
-1081
-746
-639
-464
-241
-365
-145
-95
-22
131
341
659
962
1102
1102
1122
1156
1142
1124
1202
1269
1495
1554
1452
1569
1768
1804
1630
1351
1273
1511
1478
1373
1269
1003
1033
862
711
734
722
863
988
920
1133
1271
1222
1335
1453
1655
1470
1370
1456
1308
1162
1414
1250
1193
1423
1042
962
561
77
184
-192
-489
-177
-133
-438
-519
-582
-472
-230
-529
-711
-625
-703
-893
-1049
-1372
-1884
-1951
-1806
-1950
-1823
-1758
-1705
-1670
-1734
-1909
-1882
-1610
-1621
-1300
-1150
-991
-738
-546
-655
-780
-472
-376
-289
0
68
230
511
486
568
610
479
347
62
-217
-391
-488
-461
-432
-250
-297
-542
-699
-846
-765
-706
-708
-854
-955
-982
-1143
-1025
-998
-1023
-792
-702
-741
-432
-325
-370
-183
-439
-532
-506
-205
304
502
1053
1376
1328
1723
1698
1515
1800
1493
1411
1420
1147
1230
1155
851
730
625
569
572
440
408
503
665
844
973
1024
1054
1134
1216
1032
1070
1042
1128
1279
1026
867
621
760
1110
1126
1232
1190
889
1028
1119
1201
1141
914
1146
1116
1271
1435
1051
1342
1764
1371
1376
1350
1049
1244
1453
1474
1234
1546
1626
1462
1300
726
582
257
-23
-331
-787
-814
-535
-432
-570
-603
-522
-419
-128
-405
-608
-503
-372
-138
-619
-530
-613
-783
-721
-1325
-1465
-1513
-1760
-1972
-2122
-2250
-2289
-2285
-2553
-2432
-2275
-2268
-2060
-2247
-2525
-2384
-2336
-2093
-1865
-1791
-1637
-1421
-1131
-1064
-903
-596
-353
-215
32
80
303
631
730
687
414
320
247
137
298
201
-2
-97
-262
-204
-122
-366
-663
-681
-1057
-1226
-1233
-1691
-1745
-1423
-1473
-1504
-1445
-1499
-1387
-1190
-1080
-766
-227
152
432
452
546
682
689
673
773
973
826
755
863
796
769
567
435
517
383
595
773
826
891
887
1075
1022
1101
908
493
577
344
82
-21
-218
-224
-269
-229
-257
-332
-248
-269
-471
-253
-49
-23
133
40
306
383
232
213
205
412
645
1160
1529
1584
1972
2003
1954
2262
2221
2275
2292
2244
2020
1878
2005
1800
1584
1309
1099
1098
908
982
1250
1306
1297
915
470
202
11
1
-127
-288
-217
-556
-901
-959
-999
-1166
-1431
-1377
-1456
-1545
-1528
-1593
-1416
-1045
-1125
-1107
-1206
-1721
-1623
-1623
-1743
-1689
-1859
-1806
-1705
-1822
-1634
-1567
-1629
-1353
-1464
-1106
-464
-222
200
343
390
681
998
1204
1465
1607
1590
1596
1416
1243
1292
1008
749
546
191
260
227
313
335
381
390
62
-37
-25
-136
-465
-636
-813
-708
-358
-404
-332
-319
-380
-392
-651
-623
-572
-534
-355
5
93
10
123
35
32
-74
-176
-3
-50
284
552
619
794
291
302
197
450
-113
-857
-205
-499
-673
-408
-701
-938
-1050
-1324
-1232
-1216
-1077
-846
-698
-369
-182
-14
-235
-535
-387
-167
70
223
268
223
315
295
345
415
594
881
1065
1256
1436
1370
1832
1984
1169
1718
1550
1240
1368
1391
1463
1100
1409
1684
1438
1220
1099
989
1009
692
554
548
714
440
432
712
364
306
10
-242
-390
-864
-1004
-1079
-1496
-1749
-2014
-2022
-2128
-2450
-2501
-2731
-2955
-2890
-2805
-2492
-2094
-2046
-1833
-1639
-1539
-1203
-1202
-1008
-609
-491
82
290
330
567
644
758
731
495
417
527
543
646
424
260
158
84
123
-131
-289
-473
-389
-109
-88
43
17
-199
-345
-345
-105
387
909
1101
1251
1502
1553
1696
1759
1782
1930
1999
2111
1940
1864
2118
1736
1275
857
179
0
-307
-655
-839
-1297
-1342
-1115
-1419
-1649
-1854
-1943
-1938
-1962
-1930
-1952
-1790
-1305
-764
-574
-393
-405
-359
-261
-347
-517
-766
-964
-1147
-1183
-891
-967
-1104
-1035
-1404
-1688
-1472
-1634
-1713
-1521
-1583
-1154
-970
-785
-587
-723
-620
-97
342
472
841
1346
1791
2232
2487
2773
3237
3307
3489
3643
3564
3692
3761
3626
3369
3071
2815
2569
2317
1973
1650
1274
991
720
421
69
-318
-524
-1130
-1306
-1611
-2103
-2033
-2036
-2061
-2089
-2378
-2165
-1826
-1905
-1636
-1625
-1707
-1487
-1254
-1245
-975
-703
-810
-990
-976
-840
-849
-579
-587
-750
-506
-610
-813
-752
-979
-1196
-1123
-883
-773
-968
-876
-787
-661
-144
164
293
508
788
1020
1080
1078
1116
1212
1516
1581
1555
1760
1770
1416
1282
1138
938
1042
1142
1419
1627
1815
2106
2070
2325
2604
2463
2824
2883
2740
2540
2046
2048
1991
1886
1743
1414
1399
1293
910
667
471
364
177
40
-140
-437
-332
-537
-893
-1196
-1467
-1707
-1735
-1707
-2005
-2064
-2149
-2369
-2322
-2187
-2270
-2330
-2269
-2256
-2324
-2082
-2106
-2605
-2415
-2232
-2537
-2121
-2015
-2067
-1687
-1648
-1707
-1723
-1544
-1451
-1522
-1202
-916
-974
-609
-544
-797
-968
-1153
-1193
-1197
-1027
-1066
-1361
-1181
-926
-814
-594
-569
-497
-235
43
247
603
872
1183
1350
1452
1630
1561
1694
1798
1964
2158
2074
1903
1956
1751
1528
1585
1126
793
617
185
141
97
-292
-407
-563
-617
-768
-1081
-780
-657
-544
-131
210
455
541
603
479
95
74
176
50
351
528
295
336
408
238
438
457
306
330
127
26
128
250
274
318
218
201
247
86
133
51
-8
150
-20
-14
205
294
147
93
395
573
832
857
591
437
438
516
459
358
591
957
1125
1468
1352
1615
2094
1923
1937
1833
1593
1532
1358
1229
1400
1294
1009
567
43
-218
-278
-530
-637
-734
-925
-1017
-1072
-727
-753
-732
-922
-1087
-1082
-1217
-1100
-1231
-1045
-1109
-1299
-1518
-1776
-1605
-1934
-1903
-1713
-1961
-1977
-2042
-1780
-1653
-1681
-1459
-1476
-1298
-932
-810
-806
-702
-461
-591
-798
-730
-718
-610
-675
-995
-1078
-886
-855
-1039
-936
-794
-927
-740
-706
-604
-486
-428
52
220
443
681
461
656
987
788
1204
1505
1195
1408
1589
1551
1440
1306
1323
1200
1148
1098
1170
1293
1186
957
758
591
100
-58
-21
-294
-591
-531
-470
-528
-325
-392
-445
-339
-280
-145
246
398
108
543
676
491
827
951
1195
1283
1198
970
639
893
1027
1044
1298
1133
1092
1291
1160
1155
1174
974
1262
1230
818
962
938
741
783
605
319
454
387
109
227
260
172
380
365
276
254
-130
-515
-392
-348
-479
-268
-284
-127
-174
95
885
626
699
893
543
607
780
681
428
398
424
219
-4
34
-346
-900
-1205
-1797
-2054
-2555
-3261
-3191
-3369
-3682
-3799
-4012
-4068
-3954
-3682
-3568
-3347
-2733
-2182
-1815
-1566
-1359
-1468
-1432
-1008
-819
-917
-803
-868
-1227
-1039
-1286
-1187
-739
-1022
-788
-483
-389
-27
53
217
304
467
889
896
1203
1432
1364
1682
1663
1276
1359
1100
1015
1131
1044
991
822
986
1206
1399
1192
1148
1184
885
651
351
-58
-71
181
113
386
919
921
1081
1316
1183
1322
1285
1843
2448
2521
2993
3250
3241
3291
2904
2234
1916
1267
892
679
45
-141
-366
-477
-393
-789
-1049
-1015
-1017
-1211
-1505
-1382
-1074
-1351
-1595
-1415
-1528
-1597
-1621
-1655
-1805
-1855
-1641
-1585
-1611
-1304
-827
-378
222
434
749
1107
1215
1431
1806
1817
1604
1916
1624
1225
1337
1108
762
592
552
515
31
-330
-297
-640
-526
-399
-695
-717
-821
-1103
-1447
-1184
-1131
-1486
-1623
-1798
-1506
-1228
-872
-527
-237
-32
125
346
385
614
702
694
768
888
634
243
234
175
-141
-478
-922
-1213
-1306
-1507
-1579
-1423
-1119
-753
-217
242
685
1147
1173
1451
1818
1727
1926
2232
2201
2246
2305
1965
1384
892
605
524
77
-253
3
-284
-459
-332
-305
-293
-270
-283
-544
-638
-748
-1218
-1256
-998
-1240
-1399
-1560
-1829
-1829
-1501
-1263
-1259
-1248
-984
-743
-498
-266
-36
471
869
1473
1661
1811
2115
1895
1882
1624
1467
1673
1526
1838
1983
1611
1608
1462
1103
902
597
158
160
-97
-433
-290
-567
-925
-1138
-1573
-1975
-2334
-2613
-2687
-2851
-2917
-2505
-2258
-2015
-1436
-969
-481
-202
179
407
707
1267
1464
1760
1616
1509
1444
1547
1834
1199
917
996
772
604
507
375
578
827
901
971
939
1088
1048
1035
1115
1125
579
343
363
-160
-244
-412
-787
-1200
-1460
-1892
-2295
-2352
-2720
-3103
-2853
-2883
-3290
-3134
-2901
-2582
-2436
-2451
-2252
-1944
-1975
-1947
-1647
-1127
-361
-144
143
799
1197
1981
2275
2088
2438
2813
3040
2947
2988
2943
2812
2173
1378
704
13
-184
-768
-1236
-1615
-1971
-2070
-2208
-2063
-1867
-1653
-1352
-1387
-1196
-608
-253
152
262
484
556
436
367
-198
-563
-509
-658
-1270
-1086
-887
-911
-495
-377
-57
279
674
1009
1021
1458
1628
1816
2169
1982
1985
2277
2437
2410
2249
2168
2223
1923
1412
1101
1026
948
644
396
275
27
-167
-394
-775
-973
-770
-828
-1089
-1040
-1113
-886
-532
-679
-561
-531
-770
-833
-1167
-1275
-1209
-1078
-984
-898
-623
-861
-1151
-1180
-1613
-1944
-2075
-2284
-2380
-2354
-2345
-2119
-1747
-1267
-528
-84
277
844
1305
1937
2707
2960
3338
3370
3289
3066
2566
2494
1881
1443
1044
192
-204
-210
-929
-1328
-1287
-1444
-1483
-1311
-1128
-1420
-1461
-1539
-1492
-1287
-773
-365
-97
-6
-4
167
159
191
439
430
446
565
814
667
597
511
907
1144
550
1164
1339
1472
446
421
975
1126
814
1509
1886
1289
2218
1199
1937
1739
747
1675
1407
1392
1489
1358
1789
1733
1359
1535
1171
641
411
154
-94
-11
-92
-463
-459
-946
-689
-948
-886
-948
-779
-316
-859
-117
-248
-253
-90
162
11
-83
-251
-379
-665
-1051
-1039
-1810
-1583
-1739
-1830
-1483
-1576
-1502
-1491
-1529
-1533
-1490
-1445
-1826
-1583
-984
-897
-814
-500
-497
-335
145
272
-18
21
-145
-115
266
18
-49
-291
-799
-643
-1065
-1496
-1510
-1657
-1440
-1436
-1236
-971
-215
-1181
-331
-1534
-1715
-719
-1824
-1399
-1757
-869
-820
-660
-292
-64
-519
-700
-435
-75
-858
-709
-1414
-726
-376
-1695
-923
-1476
-1460
-1444
-951
-572
-216
-317
757
991
1018
1704
1836
2045
2196
2888
3365
3629
3177
3151
3251
2873
2769
2712
2535
2571
2240
2297
2055
1823
1756
1496
1431
1527
1700
1671
1674
1564
1899
1952
1886
1693
1533
1361
832
666
594
395
77
-242
-654
-1303
-1751
-1794
-2501
-2924
-2982
-2881
-2767
-2340
-2105
-1637
-1009
-1061
-1136
-1409
-853
-788
-949
-982
-894
-835
-435
-460
-528
-53
19
232
-199
-240
58
345
611
799
1034
1244
1342
1011
1041
1017
966
887
575
717
528
408
322
294
327
40
31
29
6
278
150
360
489
-301
-565
-953
-1035
-1028
-1194
-1360
-1665
-1676
-2046
-2402
-2612
-2604
-2676
-2790
-2383
-1939
-1362
-989
-967
-605
-527
-585
-467
-236
213
413
609
1127
1377
1491
1462
1039
818
906
1050
623
453
679
849
926
755
872
764
631
287
2
-135
-207
-465
-721
-539
-788
-547
-440
-473
-465
-812
-950
-765
-877
-927
-853
-729
-105
-282
-68
210
259
498
68
-35
-57
-70
-316
-844
-748
-455
-126
-139
-116
153
419
708
728
802
1324
1592
1663
1958
2001
2217
2325
2351
2384
2416
2488
2174
1953
1839
1586
1661
1924
1882
1826
1400
1160
1479
1054
625
701
377
155
302
-24
-272
-383
-488
-743
-1083
-1282
-1677
-2188
-2712
-2774
-2771
-2516
-2450
-2139
-1532
-1672
-1750
-1695
-1355
-1296
-1429
-1363
-1600
-1116
-981
-1159
-932
-1113
-877
-561
-621
-729
-476
-65
195
620
1155
1729
2154
2585
2958
2666
2441
2497
1886
1700
1574
1004
1062
735
160
-249
-433
-477
-962
-1336
-1357
-1664
-1848
-1761
-2079
-2006
-1966
-2042
-1768
-1643
-1414
-1379
-1298
-1205
-1403
-1153
-898
-565
-363
-315
177
450
416
361
309
294
102
-71
-137
-312
-406
-560
-811
-944
-1027
-1161
-1360
-1814
-2114
-2024
-1879
-1735
-1561
-1389
-1095
-609
100
502
791
1248
1517
1627
1638
1803
1946
1931
2047
2004
1850
1869
1616
1164
749
336
-193
-244
-70
-27
340
544
661
1016
1085
1197
1392
1354
1593
1698
1890
2093
1911
2104
2190
1966
1755
1547
1372
1268
1120
653
308
159
118
-30
-264
-710
-1072
-1114
-1128
-1181
-1244
-982
-966
-1200
-1028
-763
-480
-204
-198
96
394
577
749
525
360
581
605
102
-205
-200
-508
-865
-1136
-1549
-1531
-1809
-2472
-2709
-3031
-2936
-2717
-2919
-2624
-2215
-1917
-1496
-1127
-717
-407
-7
491
520
780
1072
940
1122
1159
1072
801
322
184
-86
-282
-138
-89
68
399
795
1274
1577
1546
1711
1710
1593
1813
1968
2075
2523
2288
1847
1793
1507
1518
1121
628
444
313
184
88
80
162
412
353
6
-107
-587
-797
-483
-585
-566
-412
-669
-766
-828
-999
-837
-1072
-976
-890
-1248
-1151
-988
-1147
-965
-1037
-1400
-1417
-1720
-1974
-2042
-2161
-1952
-1936
-2380
-2304
-2151
-2201
-2171
-1767
-1468
-702
100
242
724
1255
1817
2154
2363
2610
2794
2933
3053
3123
3508
3636
3554
2827
2033
1775
1203
798
234
204
252
-54
-434
-745
-969
-1233
-1447
-1701
-1746
-1723
-1316
-1173
-1208
-953
-863
-592
-772
-947
-666
-1007
-916
-686
-887
-507
-378
-287
-268
-384
-107
-250
-358
-125
93
51
238
509
427
680
1030
950
573
602
353
350
519
84
-83
-372
-608
-1039
-1512
-1843
-2054
-1972
-2029
-2047
-2240
-2347
-2030
-1878
-1681
-1501
-1435
-1086
-906
-667
-49
326
801
1129
1180
1477
1547
1468
1223
1504
2100
2333
2459
2228
2053
1963
1818
1789
1638
1623
1941
2015
2165
2475
2343
2585
2780
2523
2541
2801
2748
2554
2444
2050
1467
845
395
-173
-721
-1296
-1827
-2411
-2977
-3047
-3020
-3344
-3401
-3314
-3310
-2902
-2655
-2362
-1991
-1722
-1472
-962
-565
-237
199
238
308
628
721
581
612
513
246
-18
-247
-475
-789
-1235
-1657
-1996
-2364
-2444
-2803
-3258
-2985
-2868
-2924
-2731
-2586
-2392
-2053
-1850
-1746
-1349
-699
-285
108
665
1166
1398
1493
1657
1793
2119
2152
2027
1909
1941
1794
1585
1521
1282
1027
744
703
653
417
284
322
386
718
895
828
1167
1620
1604
1694
1875
1997
2020
1959
1775
1336
1047
572
161
-66
-206
-747
-1110
-948
-1330
-1563
-1779
-1981
-1806
-1830
-1745
-1183
-683
-547
-387
-158
332
769
983
1175
1384
1567
1671
1835
2069
2164
2219
2045
1666
1442
1366
1161
931
931
1062
1023
1352
1784
1531
1765
1479
1223
1486
1224
1202
1395
1245
1495
1744
1614
1556
895
402
185
30
72
-216
-808
-1123
-1133
-1318
-1638
-1821
-2241
-2590
-2727
-2809
-2834
-3041
-2950
-2610
-2368
-2065
-1870
-1487
-868
-930
-905
-542
-290
91
478
456
396
818
660
266
251
47
57
263
37
-41
76
6
163
-79
-304
-157
-294
-178
-97
-298
-528
-785
-765
-918
-1159
-1204
-1653
-2140
-2321
-2525
-2497
-2529
-2714
-2594
-2766
-2948
-2854
-2902
-2615
-2027
-1862
-1632
-1162
-993
-978
-916
-864
-975
-801
-701
-430
-43
143
690
886
880
1156
1228
1261
1409
1038
960
1448
1266
1216
1423
962
983
872
471
526
185
92
263
414
730
1065
1067
1365
1701
1800
2083
1948
2061
2130
1919
1803
1841
1853
1822
1830
1527
998
454
238
43
-215
-217
-56
-298
-349
-177
-738
-722
-702
-1060
-701
-660
-618
-219
-326
-271
195
94
263
726
862
1248
1350
1433
2121
2240
2013
2067
1707
1519
1550
1280
1064
1040
1004
1031
871
319
248
424
143
186
108
-211
-254
-319
-199
-268
-660
-793
-839
-1177
-1194
-1146
-1255
-1399
-1566
-1401
-1333
-1458
-1494
-1684
-1801
-1767
-1933
-1762
-1453
-1330
-1039
-836
-581
-386
-115
243
714
1219
1219
1376
1453
1683
1774
1479
1192
997
917
618
346
-119
-466
-622
-607
-687
-1020
-986
-873
-743
-932
-1441
-1298
-954
-877
-745
-453
-326
-234
-334
-309
-163
-236
137
206
37
160
182
199
333
356
-147
-528
-637
-931
-1143
-1549
-1638
-1409
-1374
-1513
-1488
-1370
-1376
-1569
-1806
-1496
-1240
-1116
-720
-507
-177
141
326
432
228
92
-151
-115
41
55
310
509
507
723
763
903
1045
990
1381
1645
1861
2144
2244
2469
2551
2684
2885
2850
3141
2814
2606
2860
2591
2501
2309
1848
1541
901
318
-144
-426
-698
-1425
-1475
-1677
-1776
-1655
-1760
-1721
-1451
-1239
-1336
-908
-837
-724
-422
-347
-136
209
183
-86
213
426
579
693
875
834
982
941
552
462
48
-270
-277
-547
-685
-439
-507
-493
-287
-325
-713
-508
-318
-233
-164
-257
-79
-93
120
-117
-373
-408
-838
-940
-1104
-1288
-1246
-1421
-1473
-1404
-1701
-1900
-1822
-2180
-2317
-2339
-2220
-1958
-1530
-1064
-701
85
212
219
780
1072
1088
1040
885
1350
1530
1218
1261
1138
1065
875
511
458
518
127
-21
-188
-649
-601
-544
-602
-671
-341
-44
-290
-133
16
-97
132
124
-28
275
279
379
474
223
-13
-433
-566
-797
-1280
-1325
-1591
-2026
-1900
-1891
-2062
-2230
-2163
-2083
-1755
-1390
-1191
-622
-173
223
743
1189
1277
1626
2278
2367
2271
2565
2802
2636
2556
2476
2211
2223
1968
1526
1533
1544
1554
1448
1274
1086
895
1131
1058
768
653
599
472
459
403
118
204
-77
-207
-177
-507
-517
-725
-1072
-1094
-1147
-1236
-1377
-1507
-1807
-2005
-2194
-2333
-2260
-2319
-2040
-2071
-1880
-1565
-1637
-1044
-711
-642
-280
-5
126
302
898
1037
1087
1264
1239
1298
1387
1300
1008
1136
1176
1206
1257
770
373
467
267
70
117
55
91
353
657
473
730
842
654
1066
976
1029
1337
1192
1209
1038
698
508
131
268
316
-123
-189
-374
-342
-38
-222
-371
-200
-479
-484
-161
-201
-144
-342
-544
-714
-763
-756
-901
-601
-395
-445
-394
-535
-627
-217
-259
-497
-209
-39
-50
227
311
204
254
416
632
635
1038
775
617
996
724
623
413
89
-56
-88
-217
-478
-438
-458
-661
-668
-709
-842
-908
-1148
-1581
-1669
-1806
-1731
-1603
-1783
-1544
-1694
-1773
-1917
-1993
-1768
-1840
-1602
-1119
-816
-774
-543
-335
-307
-2
257
173
555
792
831
918
963
1045
1268
1367
1127
1075
969
945
883
808
802
798
592
378
73
-226
-308
-380
-608
-707
-831
-824
-729
-1163
-1092
-859
-1157
-1076
-1009
-1352
-1245
-1171
-1241
-1209
-1259
-1284
-997
-686
-632
-382
248
484
486
645
720
1059
833
815
1098
992
937
1010
844
710
929
779
1030
1238
971
907
1159
1126
1047
1326
1173
1057
1172
1165
1169
1384
1375
1192
1232
1065
1090
981
943
1023
787
949
742
690
700
433
672
687
595
588
453
330
178
-180
-281
-377
-513
-589
-838
-1182
-1350
-1294
-1802
-1978
-2002
-2170
-2046
-2100
-2007
-1855
-1794
-1546
-1291
-922
-747
-541
-206
125
312
326
707
852
1053
1332
1340
1456
1627
1799
2054
1974
1995
1936
1744
1858
1859
1695
1389
1014
486
-153
-480
-774
-1395
-1609
-1756
-1990
-1910
-2008
-1988
-1976
-2046
-1687
-1640
-1604
-1565
-1609
-1558
-1669
-1760
-1731
-1647
-1638
-1311
-1144
-1114
-902
-469
-2
164
200
420
418
513
944
1114
1140
1101
1139
1167
1352
1168
978
844
795
723
531
596
259
123
215
228
250
-45
-198
-19
-308
-349
-185
-435
-263
-162
-455
-602
-903
-1069
-793
-937
-983
-706
-614
-498
-402
-109
19
87
297
461
653
823
1130
1421
1471
1362
1279
1271
1179
1245
1344
1253
1268
1041
1046
1240
1227
1126
1078
943
962
1095
837
877
851
714
736
567
310
310
279
323
399
126
44
205
101
-3
-89
-198
40
6
-122
60
109
45
-117
-379
-520
-703
-643
-820
-1155
-1215
-1390
-1313
-1290
-1320
-1467
-1507
-1596
-1957
-2066
-2164
-2344
-2112
-1728
-1869
-1605
-1301
-1344
-1148
-946
-761
-478
-362
-256
-75
39
199
205
371
377
540
666
460
590
551
422
500
416
243
256
-56
30
124
-253
-317
-436
-179
-136
-267
-211
-2
290
390
333
157
156
196
344
359
161
76
68
-94
-152
-165
-206
-263
-109
-249
-241
-9
101
113
41
550
154
305
666
563
628
429
435
239
44
-177
-185
-436
-382
-630
-973
-815
-663
-700
-891
-903
-750
-526
-709
-356
-186
-9
554
316
476
686
781
1075
895
1054
1080
811
920
1033
388
739
517
-144
500
448
437
750
687
539
846
734
551
787
540
383
209
-187
-175
121
-144
62
-12
-81
210
-290
161
-68
466
555
757
794
629
977
876
1558
1091
1420
1329
1089
1081
754
1122
663
368
647
134
368
-367
-453
-244
-612
-602
-697
-659
-1075
-598
-1210
-1065
-1124
-1564
-1592
-1846
-1873
-2019
-1886
-1880
-1778
-1657
-1818
-1805
-1863
-1792
-1572
-1386
-1143
-1130
-733
-832
-476
-331
106
221
425
776
698
1125
746
807
813
559
524
432
354
355
148
-111
-137
27
-298
-246
-282
-321
-195
-284
-338
-271
-25
-41
340
117
204
614
678
620
767
604
617
803
544
651
525
578
644
591
597
535
707
626
437
578
753
794
638
757
593
819
972
626
659
818
738
910
1153
815
698
701
830
355
58
-179
-610
-666
-754
-921
-1046
-1188
-1444
-1397
-1338
-1418
-1025
-1093
-1401
-1027
-1264
-1068
-892
-1112
-1053
-792
-773
-880
-598
-553
-490
-289
-27
-17
43
259
194
169
362
646
776
787
776
373
282
391
440
499
371
377
548
285
33
246
102
58
79
-226
-96
-77
-405
-219
-303
-259
-109
-326
-240
-72
-17
23
328
240
-53
119
32
108
182
186
234
-84
205
249
78
313
194
256
347
435
491
518
489
383
583
349
157
428
138
117
-70
-455
-241
-719
-906
-952
-1290
-1482
-1662
-1742
-1777
-1586
-1501
-1428
-1226
-1120
-653
-388
-336
-61
-149
-48
141
232
195
189
291
351
483
583
822
1087
1030
1215
1422
1359
1496
1574
1587
1379
1432
1645
1378
1362
1282
1066
1073
907
730
563
406
327
352
314
397
438
182
-114
-229
-342
-353
-116
-115
-117
-245
-388
-619
-729
-675
-727
-708
-1007
-943
-966
-1206
-1040
-1001
-1147
-1381
-1133
-953
-1235
-1006
-921
-1144
-943
-982
-1236
-1155
-1359
-1373
-1135
-1200
-1304
-1252
-990
-843
-841
-802
-729
-554
-355
-282
-129
-282
-351
-272
-374
-361
-147
-315
-439
-360
-545
-369
-239
-198
-94
-88
-24
39
110
321
205
374
784
745
987
1353
1468
2073
2131
2077
2482
2305
2442
2479
2465
2500
2626
2509
2484
2546
2312
2236
2109
1829
1688
1699
995
852
641
52
18
-155
-381
-490
-790
-951
-842
-876
-752
-594
-409
-197
-219
3
133
13
255
211
90
226
165
249
275
73
33
-15
-44
-264
-205
-180
-240
-54
-104
-158
-223
-299
-359
-194
-310
-255
-164
-299
-239
-484
-570
-664
-1048
-1137
-1386
-1534
-1490
-1691
-1527
-1494
-1670
-1608
-1812
-2065
-1766
-1645
-1559
-1556
-1530
-1188
-1155
-963
-670
-440
-215
-143
256
582
543
680
583
607
718
585
507
527
509
378
264
126
-19
-5
-48
-136
-206
-277
-247
-395
-404
-363
-566
-776
-814
-988
-1306
-1220
-1224
-1413
-1403
-1124
-994
-898
-773
-1108
-916
-641
-449
-203
-55
81
121
277
350
508
668
975
867
706
710
539
621
842
968
864
813
849
855
859
748
576
464
672
805
489
387
540
725
814
1028
1340
1530
1499
1485
1543
1542
1398
1267
1551
1273
957
1084
701
479
401
-188
-136
252
146
437
736
892
1185
1257
1074
868
936
869
923
787
501
435
119
-227
-340
-445
-617
-584
-775
-961
-939
-827
-938
-969
-895
-858
-784
-715
-513
-479
-264
-245
-487
-565
-519
-878
-1055
-1045
-1224
-956
-1019
-1210
-1051
-976
-1015
-1119
-1103
-1174
-1201
-1142
-1008
-888
-946
-757
-812
-667
-349
-158
-82
-63
195
286
471
525
507
641
505
335
250
220
75
-56
-166
-570
-730
-750
-947
-976
-882
-924
-891
-1102
-1208
-1211
-1219
-1348
-1299
-996
-840
-353
-256
-197
-45
9
42
132
218
224
488
613
677
847
878
1177
1401
1409
1320
1263
1153
990
1021
786
901
711
438
571
196
117
388
132
227
146
-104
100
243
435
445
320
112
412
738
899
992
937
1076
1004
1097
971
587
591
332
-6
-41
-327
-583
-532
-702
-834
-807
-727
-448
-367
-140
184
456
820
1090
1280
1378
1604
1659
1805
1720
1482
1396
1196
1199
1098
897
830
852
596
381
200
-211
-299
-278
-487
-617
-936
-1205
-1094
-1130
-1198
-947
-775
-790
-536
-412
-198
261
392
429
492
519
364
313
260
57
60
-264
-363
-314
-484
-318
-257
-390
-215
-179
-533
-626
-808
-961
-936
-1212
-1373
-1567
-2022
-1948
-1884
-1837
-1527
-1559
-1602
-1737
-1652
-1349
-1078
-1078
-1012
-768
-494
-186
-201
-100
-205
-182
-111
-254
-79
-34
-96
197
117
-154
-183
-387
-443
-579
-934
-808
-680
-604
-382
-572
-385
-317
-227
98
265
601
778
993
1173
1324
1355
1572
1727
1749
1477
1234
1194
881
755
415
143
-62
-229
-364
-744
-854
-647
-898
-1221
-870
-751
-574
-252
-362
-77
110
2
296
514
509
784
1046
978
1178
1035
794
1023
879
888
1047
962
939
1058
1020
809
899
838
731
578
351
218
45
-53
-270
-420
-589
-603
-529
-763
-1036
-1167
-1196
-1108
-870
-830
-571
-232
-266
-332
-255
-194
-214
-84
-64
-117
-181
-132
-323
-714
-751
-1054
-1223
-1150
-1586
-1621
-1565
-1685
-1356
-1249
-980
-655
-620
-282
20
377
586
769
1105
1323
1564
1438
1652
1770
1805
2006
1567
1478
1508
1014
818
831
634
561
449
296
203
41
-30
-194
-290
-168
-166
9
231
404
584
655
1022
1253
1335
1525
1643
1806
1999
1868
1714
1668
1208
855
660
242
-112
-233
-586
-800
-779
-1062
-1072
-1123
-1225
-1329
-1686
-1779
-1955
-1937
-1716
-1595
-1420
-1386
-1379
-1437
-1462
-1290
-1078
-863
-571
-419
-344
-212
-5
89
151
133
-27
-78
-278
-267
-198
-285
-389
-458
-430
-786
-601
-617
-860
-469
-668
-676
-469
-391
-161
-157
-170
-46
198
166
219
380
132
130
124
160
473
432
323
264
82
139
161
227
342
577
715
655
694
625
480
420
412
274
383
262
212
307
243
178
438
283
127
313
190
432
387
486
638
601
627
483
292
332
109
-150
-250
-457
-463
-335
-505
-757
-736
-1122
-1164
-1308
-1522
-1350
-1425
-1537
-1355
-1082
-1056
-1008
-960
-724
-768
-755
-300
-228
59
358
246
399
603
640
810
919
773
1058
1038
887
1116
939
873
722
624
681
645
552
268
220
197
58
166
224
-11
29
-83
-100
217
323
391
362
430
506
755
955
1113
1179
1209
1267
1180
1435
1415
1367
1437
1264
1351
1417
1174
1224
974
461
514
266
-105
-107
-299
-572
-659
-816
-976
-1096
-1035
-968
-759
-585
-473
-143
-278
-221
-240
-527
-561
-595
-518
-587
-745
-943
-1109
-1151
-1497
-1703
-1871
-2104
-1945
-1978
-1933
-1753
-1638
-1605
-1640
-1584
-1741
-1834
-1721
-1605
-1322
-911
-872
-826
-791
-709
-583
-493
-252
-112
61
-48
-40
-95
-96
-131
-113
-143
-326
-5
133
65
6
-163
-222
-16
25
74
225
438
436
573
608
681
964
902
926
1136
1217
1130
1029
1005
1110
787
880
787
602
685
592
661
504
641
762
668
750
743
811
1019
1110
1164
1403
1366
1146
1298
1266
1366
1255
1207
1293
1377
1396
1556
1774
1301
1441
1484
1369
1257
1329
1587
1297
1384
1543
1252
919
715
703
579
257
231
342
299
260
147
-26
-143
-491
-612
-540
-635
-732
-841
-843
-773
-991
-1174
-1444
-1544
-1438
-1732
-1791
-1925
-2077
-2047
-1964
-1943
-1814
-1680
-1787
-1891
-1779
-1468
-1428
-1535
-1474
-1249
-1210
-991
-936
-1190
-1138
-1208
-1227
-1167
-1074
-781
-998
-1160
-927
-1144
-1236
-997
-929
-559
-779
-941
-587
-763
-253
-379
-361
230
329
669
800
932
1093
1281
1367
1378
1310
1429
1265
1136
1522
1460
1429
1585
1348
1346
1425
1263
1334
1191
884
488
246
323
439
444
419
459
492
484
244
452
448
308
380
239
259
178
345
265
221
176
-114
115
43
-68
41
-186
-332
-326
-420
-780
-722
-707
-942
-925
-1251
-1108
-1040
-1223
-1198
-1250
-1214
-1341
-1280
-1397
-1788
-1852
-1914
-1720
-1623
-1557
-1238
-1156
-1070
-858
-609
-173
-21
20
402
484
681
1002
1176
1439
1563
1574
1816
1620
1264
1301
1033
1156
1627
1682
1689
1810
1842
1738
1806
1746
1618
1755
1831
1911
1958
1726
1520
1306
958
1065
988
685
727
583
431
736
674
398
447
253
35
-240
-434
-749
-908
-968
-1105
-941
-1033
-912
-946
-1102
-931
-779
-841
-765
-438
-580
-518
-726
-997
-920
-1256
-1407
-1586
-1933
-2066
-2145
-2331
-2268
-2347
-2352
-2149
-2244
-1930
-1833
-1811
-1785
-1824
-1895
-1818
-1402
-1553
-1482
-1329
-1181
-988
-944
-944
-1117
-1119
-870
-621
-247
177
197
224
363
460
728
907
1077
1135
1093
1696
1733
1919
2243
2307
2346
2230
2327
2304
2225
2107
2431
2174
2334
2418
1981
1670
1453
1510
1182
1084
945
599
604
674
524
533
391
391
349
98
-149
-479
-471
-517
-679
-495
-559
-743
-602
-434
-491
-98
-65
-340
-265
-451
-55
-105
-116
-144
-395
-6
-8
-52
151
378
350
232
394
34
-63
108
-21
71
72
-47
22
-92
-284
-445
-824
-658
-899
-1109
-866
-974
-961
-762
-1041
-1185
-1250
-1414
-1087
-1149
-1351
-922
-969
-977
-697
-1011
-721
-747
-552
-268
-353
-383
-305
-175
-156
-134
-71
186
177
266
292
230
519
779
668
921
673
687
1014
703
650
336
168
473
476
653
709
432
614
526
472
386
276
432
84
73
211
107
-52
-238
-155
-400
-458
-652
-779
-563
-754
-533
-609
-581
-493
-735
-676
-811
-684
-716
-681
-641
-537
-526
-564
-330
-201
164
116
167
402
376
518
838
732
875
815
694
579
335
527
291
427
322
173
153
-134
-314
-113
51
-440
-349
-112
-357
-133
-117
-276
57
-184
26
256
-69
163
341
420
420
464
512
641
742
401
499
507
370
668
512
280
169
300
127
-26
199
-394
-389
-94
-199
-92
-233
-386
-728
-861
-925
-818
-570
-631
-530
-566
-591
-768
-930
-633
-555
-566
-209
-518
-641
-241
-436
-559
-596
-570
-605
-671
-808
-387
-217
-532
-79
-459
-469
-207
-526
-416
-518
-182
-158
-137
264
189
381
523
573
611
682
822
945
1114
1036
1282
1241
1122
1471
1371
1645
1422
1211
1260
885
1141
699
346
330
60
270
286
261
514
367
374
590
462
751
931
709
895
808
552
770
245
97
459
206
624
640
502
983
915
1220
1103
697
645
303
154
-93
-420
-794
-1138
-1471
-1509
-1497
-1420
-1422
-1627
-1431
-1365
-1289
-1042
-1133
-934
-774
-637
-526
-744
-362
-294
-293
-258
-448
-308
53
81
259
300
221
338
211
644
306
219
-60
-685
-571
-1347
-1303
-1209
-1734
-1740
-1811
-1501
-1246
-1060
-626
-334
-241
22
513
426
442
754
590
642
788
536
359
352
134
-115
-27
-75
-142
-143
-293
-272
-271
-377
-552
-489
-386
-502
-323
-230
-360
-282
-316
-535
-433
-493
-492
-388
-445
-118
-64
-79
22
24
175
-49
-23
193
-23
67
41
101
-11
-95
268
462
285
330
836
261
205
354
-21
289
-84
-203
17
-386
-198
73
193
218
252
300
391
805
899
1163
1049
1160
1498
1322
1590
1593
1309
1322
1184
921
831
802
541
215
104
-240
-115
-49
-249
-280
-520
-599
-548
-472
-383
36
-33
-3
377
265
504
672
459
760
612
437
551
407
263
80
67
-19
-17
-332
-212
-416
-661
-538
-616
-481
-473
-706
-798
-661
-925
-801
-711
-670
-644
-661
-546
-687
-767
-821
-891
-747
-796
-659
-481
-588
-315
-444
-657
-570
-745
-891
-855
-786
-844
-727
-737
-975
-870
-1181
-1252
-1331
-1647
-1705
-1803
-1566
-1485
-1307
-1137
-739
-422
-483
-300
-156
59
253
482
815
933
1156
1351
1144
1245
910
900
1046
745
773
502
334
359
312
22
4
1
376
597
692
1107
1204
1445
1493
1636
1449
1646
2206
2032
1861
1594
1506
1554
1535
1310
1070
939
548
729
519
283
376
291
356
193
210
236
306
468
145
-3
2
-317
-387
-822
-1260
-1313
-1304
-1371
-1489
-1228
-802
-470
-343
-370
-149
173
338
584
585
731
770
1015
1395
1133
905
776
617
552
378
136
81
-106
-248
-428
-668
-797
-1174
-1206
-1090
-1049
-948
-902
-400
-563
-521
3
10
404
563
664
755
606
871
890
885
1052
781
319
-124
-362
-508
-577
-961
-1055
-752
-862
-771
-498
-562
-326
-451
-725
-662
-784
-596
-668
-892
-1111
-1087
-874
-901
-795
-606
-737
-630
-569
-537
-516
-653
-648
-510
-275
-133
-86
-206
-471
-691
-1069
-1307
-1321
-1925
-1939
-2343
-2152
-2177
-2537
-2412
-2639
-1998
-1632
-1626
-1233
-901
-639
529
756
748
744
859
1415
1745
1016
750
1349
1510
2011
1038
569
648
924
1212
883
212
452
1338
1193
1048
796
1174
1703
1942
1697
1218
1430
1844
1992
1801
1220
885
1503
1814
1595
1491
1122
930
908
901
931
1057
962
982
1056
640
820
897
899
942
662
479
428
19
-472
-729
-1376
-1695
-1804
-2149
-2245
-1912
-1887
-1621
-1207
-1077
-589
-134
233
772
1097
1330
1272
1067
1136
767
732
400
-344
-519
-655
-730
-889
-1168
-1106
-1054
-753
-606
-551
-169
-147
-340
-535
-841
-1434
-1431
-1423
-1554
-1620
-1601
-1340
-1211
-1199
-1079
-702
-256
-49
-96
-92
44
315
363
304
-114
-236
-124
-333
-151
-297
-655
-263
-328
-236
90
-52
-115
134
390
99
27
-124
-115
-184
-373
-490
-772
-560
-329
-309
-472
-363
214
380
627
772
648
765
756
747
705
515
358
115
-244
-377
-152
87
155
514
555
522
777
885
919
962
1164
1081
1026
1368
1228
1168
1300
952
851
848
858
880
1024
802
545
645
358
293
429
102
-11
-33
-489
-456
-612
-1008
-1002
-1039
-1161
-890
-669
-814
-339
-92
-104
65
47
103
-62
-130
45
18
-282
-485
-309
-374
-513
-766
-962
-679
-582
-513
-496
-237
257
402
329
518
492
384
508
144
-87
-47
-291
-574
-750
-969
-904
-744
-767
-506
10
-107
244
328
33
646
605
321
145
-248
-577
-541
-607
-933
-1022
-1089
-922
-741
-1000
-1051
-1249
-1375
-1226
-1192
-994
-841
-638
-447
-80
232
421
722
899
972
1139
1378
1637
1813
1503
1361
1106
597
700
640
381
276
119
-124
-103
165
451
661
1016
1110
1238
1649
1578
1557
1804
1641
1397
1377
731
476
442
115
-325
-418
-264
-326
-118
90
137
110
31
64
80
-152
-308
-471
-848
-1122
-1087
-1435
-1408
-1403
-1600
-1646
-1610
-1613
-1468
-1299
-1265
-694
-812
-468
-304
-437
-152
-124
-89
-314
-555
-758
-716
-686
-1019
-1398
-1184
-1030
-917
-855
-996
-1030
-739
-647
-682
-434
-199
93
-191
-138
-2
130
534
550
448
645
764
900
1141
908
772
661
557
408
254
336
478
618
851
828
772
937
637
545
383
198
165
-228
-355
-476
-463
-387
-707
-575
-814
-1354
-1322
-1539
-1483
-1793
-1682
-1208
-851
-606
-685
-378
-297
-315
-156
118
275
335
204
501
324
375
363
296
635
663
1025
967
1208
1477
1933
2123
2027
2229
2413
2577
2477
2372
2108
1964
1783
1158
592
394
66
-172
-480
-896
-996
-845
-528
-321
-100
170
529
901
1032
1497
1747
1570
1748
1680
1692
1384
1060
862
446
286
35
-96
9
155
125
375
358
506
746
780
800
737
734
565
292
80
140
45
-142
-238
-383
-966
-1209
-1659
-2083
-2219
-2475
-2900
-3153
-2891
-2980
-2858
-2637
-2614
-2689
-2624
-2597
-2460
-2245
-1713
-1636
-1458
-1223
-1369
-1022
-1194
-1136
-1104
-1373
-1100
-1187
-1346
-984
-1064
-477
-33
257
490
417
714
736
809
787
981
1124
814
917
739
120
527
284
-163
-219
-486
-367
-67
-183
132
326
241
688
610
724
578
644
921
1112
1177
1125
1166
1192
1115
694
1007
871
657
914
501
270
302
176
73
-16
-76
-44
-25
103
16
-39
249
293
252
223
-39
-191
-279
85
184
121
-69
-204
-108
-7
387
268
417
413
572
869
1105
1086
1201
1255
991
920
626
687
566
-55
-346
-678
-1185
-1054
-1134
-1375
-1519
-1824
-1642
-919
-868
-344
24
-5
302
98
178
469
530
463
307
28
-125
-155
-479
-427
-351
-323
118
94
460
543
751
946
891
847
1005
919
869
983
690
811
761
868
447
325
305
-66
-306
-93
-130
-185
-37
-8
-80
-184
-82
-57
60
-140
-145
-240
-52
-50
-79
-58
-225
-301
-244
-420
-886
-1007
-1088
-1163
-1257
-1557
-1718
-1570
-1591
-1460
-1208
-1383
-1429
-1372
-1454
-1222
-1015
-710
-705
-786
-844
-879
-898
-1118
-1249
-1411
-1566
-1836
-1894
-1594
-1566
-1546
-1359
-1287
-1262
-614
-70
68
636
735
1250
1666
1762
2072
2338
2353
2262
2385
1958
1726
1661
1457
1758
1900
1923
2026
2067
2164
2167
2066
1948
2344
2263
2302
2407
2282
2230
1763
1328
920
570
308
-25
-338
-494
-920
-773
-817
-1145
-1063
-1234
-1115
-772
-765
-675
-245
-75
456
800
921
1102
1176
1079
859
919
813
819
566
236
2
-55
-504
-620
-578
-1035
-1278
-1166
-849
-686
-384
-327
-305
-207
80
231
159
-31
-202
-240
-223
-480
-436
-579
-1241
-1242
-1250
-1241
-1300
-1285
-1333
-1514
-1254
-1162
-1130
-939
-816
-847
-1143
-947
-1045
-1261
-1143
-1324
-1603
-1542
-1528
-1720
-1597
-1753
-1739
-1682
-1440
-1660
-1547
-1098
-860
-219
-36
344
462
635
1098
1190
955
1146
1311
1088
1196
1094
994
795
496
453
569
670
683
536
418
306
189
237
18
-112
10
116
370
509
340
275
368
389
294
429
127
13
66
-62
27
-164
-54
-242
-229
-144
60
370
309
356
392
367
525
822
662
630
423
67
125
77
-148
-285
-467
-406
-491
-422
-243
-595
-500
-507
-542
-476
-409
-403
-498
-490
-338
-185
-272
29
189
592
988
1462
1837
2034
2363
2522
2794
2844
2769
2301
1897
1442
1001
708
371
-23
-136
-495
-669
-368
-602
-299
-2
-95
158
77
111
206
-77
218
13
-376
-30
37
94
79
-55
-64
-107
-279
-557
-585
-762
-704
-853
-1194
-1235
-1558
-1892
-1831
-2031
-2071
-2027
-1952
-1520
-1888
-1805
-1897
-2000
-1776
-1818
-1726
-1280
-1001
-1115
-907
-921
-664
-495
-437
-200
-375
-304
-24
-7
149
-17
156
572
563
428
192
47
92
191
137
235
191
560
946
1306
1745
1844
2239
2484
2618
2844
2845
2834
2546
2144
2138
1905
1642
1273
1028
874
308
-93
-397
-804
-1065
-1163
-1337
-1341
-1088
-1144
-941
-1094
-1355
-822
-573
-91
-50
60
436
758
1037
1197
1478
1539
1745
1570
1678
1730
1320
1387
1430
834
734
622
72
-323
-578
-706
-1034
-1261
-1467
-1414
-1274
-1353
-1340
-1285
-1408
-1519
-1243
-792
-685
-585
-237
-14
228
123
36
460
328
338
508
433
416
100
-187
-548
-675
-1062
-1356
-1439
-1766
-1903
-2057
-2342
-2647
-2710
-2901
-2663
-2489
-2461
-2264
-1903
-1414
-1202
-880
-674
-164
278
663
1079
1261
1316
1170
1137
1233
1177
1165
1039
784
624
562
766
481
579
924
822
742
633
660
634
736
562
535
635
760
582
343
585
424
425
607
874
860
1008
1311
1325
1334
1114
928
1010
1054
702
577
431
206
173
22
-241
-460
-475
-537
-6
-4
3
411
525
777
438
399
330
409
386
404
632
493
389
444
272
6
-37
-369
-234
-266
-410
-654
-943
-840
-1020
-872
-998
-1077
-613
-799
-675
-598
-574
-214
-111
114
442
376
480
719
551
707
477
-43
-282
-347
-481
-608
-845
-702
-680
-846
-818
-888
-834
-789
-1034
-1127
-830
-1008
-893
-1096
-1414
-1670
-2180
-2437
-2444
-2310
-2555
-2579
-2244
-2145
-1956
-1931
-1882
-1283
-1075
-1158
-902
-478
-402
-122
26
-15
251
203
70
151
222
437
642
465
668
1022
1327
1539
1643
2016
2165
1955
1991
1987
1950
2134
1963
1989
2245
2147
1886
1619
1351
1507
1421
843
604
592
530
286
-9
64
114
175
107
0
204
290
645
734
1028
1399
1660
1837
1527
1707
1869
1569
1621
1572
1255
1370
1026
561
70
-255
-415
-991
-1160
-1297
-1151
-1054
-1107
-939
-783
-401
-321
-216
146
59
323
620
288
411
243
214
420
242
230
-44
-126
-216
-633
-741
-1047
-1100
-912
-974
-1229
-1311
-1344
-1542
-1381
-1536
-1563
-1377
-950
-1026
-1293
-880
-896
-701
-763
-925
-338
-248
-229
-176
-342
-146
-120
-226
181
324
133
-26
-44
-6
-631
-1045
-1097
-1159
-980
-1344
-1428
-1202
-1453
-946
-1120
-1217
-836
-479
70
95
466
1056
1411
1565
1636
1388
1501
1906
1992
1896
1825
1465
1323
1086
527
368
198
-335
-816
-827
-1181
-1433
-1358
-1528
-1523
-1301
-1342
-1318
-1178
-1124
-721
-515
-292
28
241
884
1036
1168
1323
1130
1615
1754
1700
1826
1417
1362
992
394
103
-252
-679
-1147
-1314
-1398
-1659
-2084
-2130
-2153
-1991
-1725
-1606
-1391
-844
-724
-484
72
305
846
934
1478
2329
2628
2668
2666
2646
2926
2646
2082
2221
1838
1440
1108
465
183
214
-395
-975
-1113
-1391
-1337
-1569
-1715
-1505
-1266
-1036
-1278
-1051
-634
-632
-285
11
54
385
298
318
549
234
138
73
195
49
-199
-26
-40
-21
-217
-392
-323
-352
-566
-610
-519
-488
-504
-466
-369
-399
-492
-271
-70
-119
254
355
510
1007
1069
1303
1568
1365
1484
1445
1046
853
286
101
-27
-620
-858
-1413
-2068
-2590
-2816
-2731
-3036
-3056
-2743
-2769
-2617
-2440
-2296
-1750
-1300
-961
-870
-622
-170
143
527
839
1121
1264
1319
1164
989
1106
1154
759
555
589
436
473
71
-114
312
442
511
595
518
803
1264
1485
1522
2136
2536
2650
2958
2939
3118
3191
3421
3139
3134
3029
2585
2615
2145
1818
1710
1308
869
616
129
-440
-953
-1401
-1589
-1758
-2109
-2582
-2748
-2495
-2742
-2776
-2708
-2771
-2342
-2009
-1622
-1480
-1142
-891
-909
-577
-265
2
281
406
371
110
-45
-139
-261
-364
-951
-976
-984
-1053
-1118
-1387
-1137
-1015
-964
-969
-711
-330
-277
240
701
980
1431
1366
1630
2016
2178
2398
2377
2480
2860
2524
2229
2073
1864
1886
1508
1331
767
391
285
178
143
-188
-476
-751
-994
-878
-744
-950
-860
-727
-885
-998
-986
-1213
-1043
-852
-886
-778
-938
-1061
-1304
-1443
-1541
-1416
-1541
-1730
-1745
-1980
-2284
-2389
-2222
-2356
-2137
-2353
-2408
-2348
-2029
-1669
-1607
-1170
-1125
-707
-152
165
298
996
1323
1702
2169
2187
2515
2827
2973
2973
3033
2711
2690
2365
1872
1679
1243
673
396
96
-431
-779
-1096
-1545
-1608
-1625
-1856
-1495
-1419
-1383
-1031
-716
-408
-207
-221
-51
67
406
1013
1058
996
795
566
521
52
-163
85
-551
-579
-728
-1017
-802
-1003
-982
-1220
-1274
-1084
-712
-422
-322
-388
-111
246
372
715
939
1081
1145
1401
1632
1863
1787
1599
1517
1312
1334
1020
851
906
536
296
27
-228
-641
-602
-351
-402
-393
-633
-741
-790
-569
-758
-727
-125
-236
-241
-259
-352
-189
-233
-316
-212
-126
-180
-325
-309
-337
-381
-337
-654
-533
-551
-785
-568
-646
-724
-547
-747
-717
-345
-402
-330
-47
643
982
990
1304
1294
1148
1334
1507
1669
1586
1086
1192
1008
830
679
194
165
-79
-364
-443
-827
-856
-481
-490
-512
-609
-521
-218
-115
-6
366
441
782
1127
1151
1462
1473
1689
1745
1750
1989
1836
1607
1528
1211
964
664
1
-318
-513
-912
-1208
-1465
-1603
-1650
-1756
-1887
-2106
-1934
-1481
-1116
-1040
-1094
-722
-593
-722
-558
-329
-245
-80
146
499
795
758
924
1113
1239
1131
1034
995
791
675
185
-94
-423
-953
-1291
-1689
-1753
-1959
-1924
-1939
-2111
-1918
-2136
-2040
-1886
-1733
-1085
-895
-621
-312
-250
171
426
465
755
751
727
872
836
906
488
198
-54
-281
-320
-519
-692
-623
-649
-873
-694
-708
-210
48
-188
84
492
719
652
910
1363
1432
1654
1598
1195
1305
1326
966
1022
968
785
886
388
45
84
112
-60
54
-49
-193
-132
-601
-611
-544
-752
-688
-687
-862
-492
-205
-158
-4
95
339
558
614
875
1175
1235
1076
963
1044
912
739
618
476
242
-143
-526
-854
-1324
-1298
-1304
-1749
-1740
-1654
-1909
-2080
-1935
-1735
-1389
-944
-704
-125
622
795
971
1230
1268
1445
1946
1933
1654
1597
1603
1681
1161
649
674
436
435
193
-390
-311
-565
-828
-655
-890
-954
-613
-506
-411
-483
-215
-152
-284
-61
33
202
305
364
377
395
406
320
371
379
118
27
-79
-276
-546
-669
-898
-1281
-1372
-1219
-1343
-1489
-1453
-1485
-1185
-1356
-1596
-1314
-783
-621
-708
-113
223
88
109
313
533
580
356
164
225
68
20
92
-96
-408
-941
-1284
-1480
-2037
-2208
-2316
-2554
-2399
-2281
-2219
-1783
-1473
-1443
-553
-157
85
703
1078
1497
1780
2215
2359
2895
3009
2963
2806
2911
3137
2718
2653
2457
2271
2012
1297
517
358
100
-24
-589
-826
-344
-362
-350
-98
-262
-173
-212
-312
-149
129
579
655
1194
1770
2186
1823
2023
2257
2499
2275
1806
1900
1557
1219
755
656
469
199
-170
-285
-649
-907
-1032
-1511
-1997
-2154
-2095
-2115
-2065
-1972
-1880
-1398
-900
-1195
-980
-527
-294
43
10
404
589
544
710
175
518
810
506
305
208
89
-51
-104
-594
-914
-1035
-1001
-973
-908
-798
-800
-750
-394
-214
18
124
156
248
281
271
79
-28
108
269
85
136
330
524
177
-63
-75
-88
90
-145
-460
-325
-356
-553
-602
-617
-411
-571
-736
-772
-727
-442
-439
-515
-445
-568
-555
-414
-275
-258
-168
16
51
15
-139
-347
-371
-132
-183
-578
-855
-813
-932
-1107
-1334
-1410
-1139
-1194
-1606
-1303
-710
-835
-763
-267
232
227
399
541
482
698
601
766
1379
1293
715
717
630
182
-238
-414
-175
447
442
206
-99
-306
-182
-368
-279
-306
-469
-841
-1205
-1282
-1208
-1198
-1226
-1377
-1350
-900
-409
-238
19
235
38
33
173
414
791
1083
772
430
601
1110
1463
1475
1190
1180
1157
1162
891
957
1411
1481
1574
1799
2266
2455
2656
2423
2637
2993
2574
2127
2042
1407
930
780
559
591
116
-25
-54
-711
-1017
-1302
-1754
-1906
-2078
-1919
-1950
-1812
-1607
-1271
-1084
-958
-667
-348
-244
-563
-585
-452
-327
-608
-963
-597
-233
-476
-499
-446
-479
-409
-270
-704
-793
-424
-417
-152
75
267
434
578
585
225
-8
2
-65
-380
-597
-567
-570
-797
-814
-720
-728
-509
-428
-595
-558
-502
-664
-625
-798
-579
-810
-1056
-782
-840
-576
-356
-345
-314
-200
46
458
512
619
537
593
967
1029
1075
1084
1094
1068
899
925
1020
961
1012
1288
1069
806
928
482
656
735
617
655
581
519
183
37
-191
-28
7
3
511
598
613
1071
879
768
927
723
789
808
731
713
590
379
96
-84
-55
-211
-395
-268
-135
-54
-250
-408
-176
-289
-222
-59
227
266
311
404
299
578
442
124
176
240
67
262
136
-246
-357
-438
-347
-380
-868
-1134
-1162
-1290
-1281
-1084
-1231
-1304
-1173
-1151
-1008
-917
-780
-877
-941
-1382
-1509
-1688
-1643
-1217
-1264
-1084
-1148
-1247
-1055
-715
-382
-298
-370
-67
83
118
326
407
532
608
1004
1170
945
1271
1344
1209
1246
1075
1127
1190
1128
1165
1256
1298
1188
1003
886
698
277
46
-88
-457
-386
-413
-657
-512
-586
-606
-647
-806
-870
-867
-723
-564
-322
17
211
97
244
228
37
121
198
-19
-415
-304
-80
-389
-463
-393
-518
-495
-877
-1068
-767
-777
-996
-1317
-1642
-1607
-1714
-1849
-1792
-1571
-1529
-1622
-1709
-1322
-1031
-1388
-1185
-988
-562
-144
-183
-70
83
65
583
846
777
1160
1058
897
986
1366
1805
1842
1904
1877
1788
1700
1543
1640
1687
1709
1655
1441
1296
1261
1053
1080
1176
1033
1352
1503
1392
1479
1637
1494
1353
1342
1132
1014
732
431
383
315
212
178
-51
-281
-562
-649
-429
-624
-1226
-1635
-1852
-2032
-2138
-2338
-2167
-2044
-2502
-2805
-2742
-2815
-2638
-2661
-2712
-2314
-2204
-1991
-1680
-1812
-1609
-1445
-1411
-1184
-965
-625
-476
-374
-399
-471
-292
46
46
54
250
708
949
1239
1695
1679
1778
2116
2386
2485
2755
2734
2785
2734
2483
2770
2680
2688
2633
2342
2425
2501
2497
2261
2063
1606
1342
1209
781
379
151
79
0
-231
-478
-281
-128
-275
-542
-538
-576
-517
-548
-794
-683
-558
-447
-717
-849
-748
-875
-675
-514
-468
-174
-115
-247
-245
-217
-124
-127
-176
43
412
541
720
763
475
587
559
491
544
614
531
176
178
136
-73
-211
-90
-198
-476
-502
-579
-636
-724
-1008
-1147
-1215
-1467
-1490
-1583
-1903
-1860
-1553
-1705
-2009
-1951
-2062
-2023
-1903
-1887
-1442
-1217
-1074
-1213
-1404
-1018
-946
-786
-509
-660
-452
-255
-459
-454
-255
85
402
568
798
771
491
469
106
188
480
365
552
545
554
721
615
506
706
544
669
768
431
621
234
-39
215
-145
-340
-472
-571
-297
-495
-548
-486
-471
55
-193
-294
68
-311
-178
-460
-706
-95
-401
-534
-95
200
257
187
333
323
180
529
552
354
728
483
69
71
-93
-175
-412
-638
-115
333
471
532
627
1046
1455
1420
1274
1214
1282
1135
874
835
503
800
898
929
1306
1530
1740
1761
2121
2127
2158
2077
1498
1226
1021
695
356
60
-102
-374
-1048
-1561
-1339
-1166
-1098
-1115
-1137
-649
-567
-852
-916
-708
-505
-826
-1104
-825
-913
-1080
-970
-999
-861
-741
-1130
-1121
-740
-772
-858
-999
-529
-397
-650
-652
-702
-229
-29
-2
-50
-208
-13
-233
-484
-332
-470
-585
-704
-1049
-997
-1143
-1267
-1028
-1028
-1003
-1054
-1319
-1247
-939
-1385
-1850
-1790
-1615
-1470
-1471
-1215
-1026
-785
-672
-707
-496
-371
-285
-73
124
395
828
1178
1329
1309
1606
1916
2043
2461
2656
2453
2494
2463
2301
2230
2321
2132
1703
1763
1556
1116
920
791
856
697
710
739
321
289
81
-367
-485
-556
-741
-443
-337
-592
-413
-548
-396
-434
-668
-260
-403
-489
-387
-322
-90
27
326
558
508
408
452
589
649
796
952
997
1110
942
828
972
983
873
1015
1201
1132
1450
1458
1128
1200
1122
1158
1266
1239
1355
1043
748
748
664
560
301
389
187
-363
-364
-504
-780
-642
-885
-1254
-1393
-1503
-1711
-2196
-2177
-2024
-2103
-2184
-2335
-2177
-2051
-2390
-2385
-2454
-2319
-1873
-1809
-1593
-1493
-1239
-718
-786
-933
-749
-439
-164
-258
-6
292
364
655
678
482
352
352
296
302
166
140
351
289
184
-108
-133
-279
-342
-200
-492
-729
-651
-857
-1224
-865
-989
-1185
-1118
-1154
-1007
-1053
-1101
-1052
-922
-999
-1024
-1042
-1110
-1021
-1052
-1122
-728
-557
-643
-316
-288
-396
-167
216
534
865
890
1042
1392
1577
1773
1965
2338
2535
2536
2737
2920
2904
3099
3110
2995
2788
2422
2014
1684
1502
1121
792
479
244
101
-48
-68
-319
-537
-617
-983
-1065
-1204
-1377
-1285
-1202
-1391
-1510
-1584
-1720
-1617
-1792
-1522
-1326
-1622
-1342
-833
-695
-632
-889
-887
-328
-227
22
264
439
538
321
505
476
466
715
485
314
560
609
607
598
419
568
548
506
697
870
725
387
489
480
369
248
149
34
-304
-586
-735
-836
-818
-642
-519
-614
-784
-631
-565
-637
-493
-311
-119
130
407
484
271
154
155
311
215
351
640
365
581
730
753
908
923
996
1229
1292
1057
1015
1011
1175
1263
1065
1126
1114
952
716
502
336
12
-190
-394
-318
-466
-392
-329
-476
-537
-893
-940
-1065
-1303
-1432
-1253
-978
-868
-1043
-1089
-801
-874
-937
-981
-1126
-881
-822
-988
-829
-871
-989
-883
-1025
-1082
-867
-453
-47
245
676
988
1096
1034
1331
1648
1674
1562
1552
1630
1465
1460
1437
1508
1330
1079
928
718
692
664
612
473
545
307
-21
58
-107
-584
-1077
-1293
-1310
-1617
-1867
-1982
-2113
-2146
-2330
-2334
-2224
-2171
-2126
-2036
-1693
-1554
-1486
-1105
-999
-1060
-1137
-1282
-1370
-1181
-984
-888
-762
-687
-435
-283
-287
-263
121
428
629
1009
1103
1398
1814
1730
1900
2171
2181
2291
2196
2171
2246
2171
2120
2218
2248
1986
1475
968
704
508
314
78
-35
55
-17
-128
-24
-5
-225
-362
-395
-294
-308
-454
-347
-203
-328
-288
-50
-76
-59
54
134
-60
-18
226
84
232
511
643
342
55
-157
-524
-285
-208
-317
-489
-466
-177
-287
-599
-515
-256
-338
-406
-384
-381
-372
-215
-96
158
377
197
93
188
426
637
359
266
235
179
443
491
393
355
102
-124
-72
-191
-338
-416
-525
-617
-738
-957
-1019
-1057
-1171
-1282
-1166
-1031
-958
-729
-680
-607
-376
-438
-472
-376
-537
-509
-388
-373
-232
-218
-389
-171
-193
-309
-186
-228
-74
-4
-204
-299
-222
-208
-210
-136
-182
-250
-225
-589
-920
-793
-803
-830
-985
-1205
-1195
-1294
-1200
-1227
-1433
-1188
-985
-845
-763
-687
-485
-519
-200
58
291
586
621
791
988
1428
1525
1253
1266
1452
1458
1385
1188
1089
1155
1007
989
849
631
542
482
595
773
665
533
479
643
943
946
1220
1509
1538
1579
1723
1709
1700
1771
1744
1790
1764
1847
1774
1767
1938
1830
1879
2097
1990
2020
2106
2075
1930
1425
1250
1086
737
410
118
-10
-327
-613
-715
-859
-939
-1025
-1122
-1044
-1127
-1278
-1113
-1004
-981
-756
-536
-332
-461
-859
-731
-756
-947
-807
-1023
-949
-711
-876
-897
-894
-1034
-887
-550
-591
-721
-699
-670
-985
-988
-855
-924
-901
-1088
-969
-1181
-1448
-1179
-1247
-1317
-1180
-1244
-1399
-1297
-1202
-1411
-1462
-1448
-1533
-1549
-1504
-1531
-1438
-1579
-1768
-1597
-1701
-1815
-1792
-1663
-1501
-1213
-1250
-1390
-955
-809
-656
-446
-164
109
17
287
464
411
159
263
678
708
668
580
513
321
341
297
406
635
431
521
666
479
351
218
258
232
118
227
231
341
402
493
517
381
609
820
954
1102
1208
1342
1389
1389
1208
1071
1076
883
882
1087
1336
1552
1381
1192
1193
1102
1274
1308
1080
1317
1098
976
988
903
1193
1089
854
804
838
984
1028
1075
894
730
992
892
680
773
729
554
458
157
141
206
273
263
28
-199
-188
-337
-885
-830
-789
-1048
-1234
-1359
-1405
-1508
-1597
-1588
-1919
-1925
-1900
-1830
-1364
-1246
-1279
-1039
-899
-920
-752
-692
-610
-363
12
-66
24
149
125
296
135
33
415
379
43
-73
-79
88
94
120
134
244
-42
-136
-114
-299
-497
-536
-483
-649
-715
-884
-876
-1157
-1349
-1460
-1760
-1688
-1647
-2198
-2438
-2172
-2168
-2186
-2114
-1768
-1360
-1522
-1482
-930
-635
-280
-19
89
156
179
240
521
847
1080
1383
1270
1237
1525
1493
1591
1723
1498
1483
1393
1336
1394
1282
1267
1200
835
557
493
710
963
1016
1089
1341
1604
1529
1455
1236
1306
1212
1122
1202
1034
1127
1103
977
721
565
541
412
212
244
181
346
471
323
484
565
480
412
438
405
502
680
827
624
689
979
834
561
522
880
727
327
284
184
134
79
51
-117
-446
-620
-732
-822
-854
-985
-1049
-1039
-1198
-1212
-1297
-1319
-1170
-965
-1338
-1691
-1469
-1581
-1697
-1879
-1749
-1497
-1573
-1416
-1146
-1028
-857
-886
-1064
-1036
-761
-473
-548
-446
-428
-235
132
142
49
136
384
491
530
595
626
525
588
448
371
406
555
607
399
427
579
693
550
418
302
309
172
-71
-291
-290
-64
-76
-306
-378
-398
-371
-229
-453
-447
-249
-451
-728
-809
-815
-629
-654
-644
-471
-457
-326
-348
-380
-325
-355
-495
-585
-446
1
47
-196
11
174
386
444
336
600
623
566
764
545
126
44
-126
-397
-648
-576
-469
-627
-333
-314
-525
-550
-626
-434
-292
-278
-179
-211
-207
-88
-16
91
225
220
192
185
-66
-140
-146
-221
-272
-287
-121
-221
-337
-278
-349
-426
-306
-410
-192
39
-36
352
304
216
280
164
502
1066
1152
1010
824
690
893
806
716
685
600
643
407
79
225
519
408
483
497
220
301
365
324
283
241
135
130
-55
-225
-274
-428
-485
-724
-770
-745
-359
-158
-264
-183
-34
162
197
112
104
444
541
490
578
555
532
788
736
547
501
642
1000
1117
1129
992
1101
984
725
576
320
148
51
311
310
-16
5
26
-119
-183
-183
-260
-134
-20
-320
-383
-477
-659
-657
-718
-757
-553
-489
-603
-708
-805
-903
-868
-650
-499
-325
34
440
611
887
784
629
965
1062
1119
1350
1238
1243
1133
938
1040
772
677
753
825
844
401
389
589
360
136
-28
-15
-98
-329
-631
-827
-938
-961
-877
-963
-875
-782
-956
-1069
-1045
-1016
-1004
-1001
-1197
-1209
-957
-859
-673
-550
-557
-425
-229
-277
-400
-532
-614
-571
-720
-772
-754
-585
-462
-521
-550
-683
-566
-652
-848
-862
-998
-1047
-1201
-1303
-1237
-1504
-1522
-1507
-1756
-1716
-1569
-1585
-1574
-1358
-1381
-1030
-743
-895
-747
-684
-848
-968
-907
-784
-634
-336
-63
301
731
836
966
1238
1364
1612
1802
1963
2247
2057
1738
1849
1888
1781
1839
1771
1872
1965
1824
1744
1766
1843
1758
1687
1598
1576
1624
1580
1653
1641
1437
1304
1167
1080
884
646
632
474
289
127
46
207
56
112
404
286
452
646
460
353
299
238
57
-95
-106
-451
-443
-232
-115
140
47
250
411
161
102
192
103
-150
-466
-707
-830
-928
-1146
-1524
-1716
-1710
-1978
-2154
-2066
-2148
-2173
-2279
-2390
-2419
-2217
-1846
-1609
-1619
-1615
-1508
-1513
-1408
-1238
-1194
-1366
-1205
-1103
-1234
-1366
-1490
-1268
-981
-726
-497
-260
-335
-294
-128
-323
-227
-36
-57
-143
-221
-136
-222
-122
53
-100
115
221
285
555
435
375
714
786
507
454
665
757
771
743
546
636
513
379
553
382
399
581
628
644
615
428
420
458
448
573
512
479
526
510
449
697
841
806
789
613
288
313
731
748
708
784
777
821
780
817
1082
1204
1388
1461
1225
1311
1417
1291
1215
1063
1109
1192
1061
952
723
554
451
612
916
570
367
649
808
775
678
617
746
930
636
284
240
101
117
94
-147
-219
-246
-207
-165
-145
-9
-123
-379
-134
-127
-245
-174
-120
50
8
-28
116
218
205
180
113
65
34
-64
-188
-197
-233
-517
-959
-1526
-1871
-1878
-1884
-1998
-2157
-1995
-1825
-1687
-1623
-1901
-1953
-1645
-1535
-1625
-1496
-1382
-1377
-1212
-1243
-1053
-711
-770
-524
-501
-341
88
214
416
606
435
191
434
244
2
72
13
254
237
-93
-360
-628
-620
-532
-817
-930
-892
-743
-708
-1021
-701
-509
-523
-297
-366
-420
-378
-324
-427
-509
-592
-694
-563
-591
-624
-579
-569
-612
-370
-368
-592
-297
-242
-113
492
897
979
1302
1246
1125
977
769
806
718
542
401
579
368
211
395
604
801
1001
863
986
1277
1006
1050
1008
732
781
702
416
45
99
429
260
333
352
274
459
699
678
585
432
256
313
275
363
353
132
165
392
298
302
514
649
727
742
833
1078
1023
980
901
561
331
272
217
-9
18
-50
-41
29
-39
-125
-292
-340
0
302
191
187
329
424
270
-150
-404
-367
-566
-635
-795
-1167
-1215
-1277
-1447
-1521
-1456
-1479
-1449
-1475
-1401
-1068
-832
-715
-645
-694
-828
-937
-1298
-1372
-995
-745
-549
-367
-392
-62
224
118
171
32
-1
-10
125
305
370
627
886
846
635
302
183
197
70
219
359
357
237
352
183
136
299
266
592
741
519
553
707
638
764
845
665
508
563
571
586
568
367
383
411
246
146
109
326
552
244
406
598
481
658
507
297
277
207
34
-225
-188
-46
-13
-34
148
110
-36
205
117
187
259
358
227
100
169
-99
-160
-375
-467
-391
-860
-972
-540
-739
-846
-483
-704
-954
-767
-1038
-995
-910
-1196
-1001
-827
-1106
-1062
-1018
-1515
-1484
-1158
-1030
-977
-735
-352
-194
-219
-129
-48
134
251
157
167
35
164
498
573
917
1300
1497
1680
1771
1917
1888
1898
1689
1607
1532
1476
1461
944
689
468
134
-38
-78
-397
-699
-757
-822
-1050
-1155
-1213
-1149
-926
-996
-838
-587
-401
-172
11
177
250
81
-47
-278
-426
-366
-499
-802
-734
-646
-983
-882
-512
-456
-370
-359
-338
-121
-163
19
-79
-301
-244
-449
-521
-607
-815
-811
-831
-788
-684
-776
-639
-461
-362
-443
-527
-321
-176
-296
-250
-12
-157
-236
-70
51
75
72
-4
163
372
484
661
515
476
698
794
814
1133
1323
1271
1300
1290
1102
965
846
660
948
939
857
1154
999
942
1216
1090
804
827
809
673
399
348
381
157
-149
-660
-876
-988
-1204
-1173
-1321
-1523
-1377
-1301
-1431
-1406
-1168
-1152
-1200
-1021
-1098
-1181
-990
-1009
-1093
-1147
-1199
-1267
-1465
-1399
-1175
-975
-1055
-1023
-808
-818
-629
-510
-511
-450
-406
-193
-16
-58
162
177
-5
215
549
425
430
699
698
890
952
1033
1055
1240
1257
1319
1345
942
1024
1202
1328
1385
1527
1524
1831
1967
1720
1900
1739
1609
1825
1573
1335
1283
945
1131
1177
826
757
497
237
-12
4
155
6
190
346
240
272
115
224
509
398
501
820
937
843
737
727
504
286
296
34
0
48
9
-98
-380
-499
-499
-537
-508
-485
-768
-731
-771
-990
-821
-743
-808
-872
-1094
-888
-858
-952
-817
-761
-564
-541
-690
-815
-779
-968
-1109
-956
-791
-732
-727
-970
-1385
-1176
-1334
-1570
-1480
-1680
-1477
-1212
-876
-699
-585
-402
-298
-254
-59
-18
-117
-17
-333
-598
-592
-753
-1065
-1198
-1188
-1227
-1236
-1160
-1101
-955
-1014
-644
-307
-375
-317
-323
-297
-321
-207
-371
-417
-288
-303
-75
-79
-245
-162
114
360
443
701
589
320
550
805
977
825
678
727
538
573
644
542
579
480
617
761
1057
1391
1433
1373
1284
1330
1135
1090
949
838
777
567
579
470
263
242
-46
-306
-115
-223
-246
31
88
92
29
134
374
103
43
-32
-129
41
133
223
93
323
430
256
270
473
592
885
1224
1042
1049
1224
1233
1207
1146
1108
1094
916
762
533
611
777
388
77
-97
-278
-443
-500
-646
-542
-242
-191
-36
20
412
826
623
408
299
184
242
140
29
-160
-358
-416
-591
-578
-631
-653
-667
-568
-468
-258
-34
-237
-286
-451
-841
-853
-850
-1221
-1371
-1146
-1039
-853
-800
-1131
-1325
-1575
-1700
-1681
-1713
-1556
-1659
-1625
-1403
-1625
-1750
-1858
-2063
-1938
-1746
-1514
-1520
-1472
-1035
-1025
-1017
-868
-613
-212
90
170
-33
-43
94
27
77
450
533
304
158
45
32
314
346
273
242
395
533
461
147
-130
-169
0
43
-524
-443
-318
-150
30
-93
246
431
702
1121
1157
1648
2187
2183
2502
2617
2348
2556
2365
2142
2161
1883
1945
1750
1560
1478
1336
1298
895
756
987
1009
1418
1490
1276
1500
1606
1524
1451
1152
964
1120
939
938
805
500
451
203
-46
141
130
-109
-114
-133
-276
-290
-67
-112
40
69
-125
-244
-680
-843
-677
-832
-884
-698
-740
-573
-528
-602
-627
-636
-458
-466
-438
-440
-563
-565
-678
-750
-842
-1064
-1243
-1374
-1640
-1816
-1708
-1832
-1860
-1579
-1395
-1142
-812
-878
-722
-448
-406
-496
-634
-356
-97
-139
-317
-310
-366
-428
-504
-586
-507
-406
42
236
379
601
323
228
173
-23
4
170
221
208
177
115
217
389
361
188
319
176
1
-47
-247
-131
-118
-355
-589
-713
-1084
-1137
-1262
-1668
-1697
-1771
-1713
-1473
-1301
-1289
-1116
-969
-896
-749
-493
-346
-195
84
-9
19
225
59
13
107
-247
-477
-527
-381
-171
-88
319
493
606
884
972
1009
954
1142
1125
922
933
1049
889
543
410
212
-18
-242
70
295
156
424
616
606
813
787
591
569
581
635
686
739
806
842
830
711
684
602
385
528
551
515
576
516
416
313
363
368
117
7
37
0
-55
-57
40
17
0
105
108
6
-110
-211
58
116
51
160
269
337
588
728
600
758
650
446
278
183
94
209
255
78
234
93
232
398
119
-18
-118
-393
-706
-709
-876
-941
-1177
-1413
-1233
-1405
-1644
-1485
-1511
-1697
-1483
-1274
-1305
-1462
-1433
-1311
-1082
-1060
-838
-557
-555
-239
-150
-36
352
518
511
684
683
713
737
577
945
1213
1245
1525
1454
1094
1219
1415
1177
1035
1122
1153
1018
981
1038
1032
880
622
561
396
290
389
224
342
276
283
339
47
-38
-161
-218
-465
-535
-795
-807
-627
-458
-251
-144
-2
-225
-99
-22
6
13
54
406
408
396
507
339
189
15
-34
-178
-362
-217
-130
-211
-407
-598
-920
-958
-1008
-1362
-1317
-1586
-1814
-1958
-2360
-2208
-2209
-2270
-2033
-1935
-1873
-1807
-1664
-1442
-1115
-704
-214
109
288
633
647
610
871
723
231
465
704
551
717
644
407
389
513
483
368
278
202
174
140
210
283
230
488
875
1076
1303
1645
1536
1256
1261
982
931
836
704
567
87
-329
-198
-347
-438
-182
-313
-254
-236
-69
-59
-80
-95
-48
-154
-98
267
211
261
470
642
557
536
682
787
699
635
424
229
-164
-471
-519
-936
-923
-941
-998
-795
-1000
-1200
-1214
-1290
-1415
-1502
-1396
-1416
-1436
-1106
-715
-725
-558
-221
-25
280
275
531
821
785
894
878
798
1029
1284
1201
1187
1219
1145
1109
1002
967
980
868
614
290
282
33
-233
-44
-231
-337
-376
-585
-691
-988
-1038
-963
-809
-624
-708
-716
-844
-839
-698
-832
-787
-624
-636
-731
-1021
-974
-841
-1047
-1048
-1065
-989
-757
-519
-418
-324
-82
0
-33
-145
-51
-15
-94
-176
-259
-241
-240
-158
5
51
-106
-35
11
-19
13
311
395
51
-29
-230
-363
-206
-195
-106
-27
82
296
212
311
308
401
586
402
206
257
270
66
40
-163
-207
-49
-21
-54
62
322
380
240
360
533
735
988
1181
1558
1736
1959
2123
2040
1899
2060
2267
2171
2067
1965
1742
1649
1668
1944
1968
1693
1783
1536
1518
1450
1429
1455
1298
1463
1216
1021
995
900
702
498
602
812
713
703
778
790
623
552
487
-20
-20
-202
-682
-764
-566
-753
-1027
-1058
-1095
-1200
-1246
-1184
-1572
-1745
-1735
-2006
-2011
-1642
-1288
-1101
-1255
-1442
-1542
-1498
-1472
-1340
-934
-737
-798
-753
-456
-364
-237
-215
-220
-140
-112
-30
-370
-660
-845
-963
-1097
-1440
-1671
-1682
-1622
-1677
-1640
-1869
-1993
-1720
-1660
-1874
-1922
-1850
-1862
-1607
-1484
-1327
-1167
-1234
-1034
-1051
-795
-300
-226
-198
-215
-419
-670
-942
-1262
-1433
-1509
-1553
-1367
-987
-924
-784
-427
-482
-215
66
205
510
348
554
940
1330
1585
1706
2033
2138
2190
2335
2296
1961
2002
2058
1919
1828
1873
1856
1635
1293
1093
807
445
482
253
276
292
323
297
134
301
354
393
253
195
87
310
377
169
510
923
1057
829
728
629
311
277
258
279
693
654
442
666
408
154
399
164
-62
158
210
228
303
367
635
409
123
113
-135
-344
-419
-266
-465
-876
-639
-375
-428
-332
-360
-377
-340
-217
-221
-633
-848
-906
-1169
-1218
-1208
-1418
-1643
-1776
-1650
-1592
-1475
-1361
-1197
-829
-429
-91
191
302
244
460
251
58
164
-90
36
27
-173
162
155
-36
192
256
337
408
312
411
313
199
285
167
-149
-55
48
52
238
201
156
202
165
55
0
-235
-175
42
-129
-136
17
191
263
69
108
188
140
158
56
-182
-269
-261
-275
-211
-320
-322
-143
-117
-37
27
202
359
324
529
494
434
398
53
22
-86
-507
-247
-72
-330
-74
-87
-308
-147
-229
-388
-470
-208
-2
18
504
621
575
665
680
674
737
920
1078
1188
1028
1017
1085
907
617
286
439
226
278
696
448
218
269
574
584
627
880
701
494
584
696
707
820
783
679
866
776
884
909
837
672
915
1552
1040
430
443
386
793
920
427
199
-128
-139
115
-214
-1280
-1370
-616
-563
-1232
-1483
-1790
-2153
-1814
-1409
-1010
-1771
-2448
-1631
-1545
-1722
-1055
-1466
-2131
-1856
-1653
-1180
-544
-1001
-1384
-1144
-809
-499
-68
81
-278
-512
-1120
-1459
-1529
-2037
-2243
-2459
-2544
-1968
-1754
-1742
-2000
-1950
-1535
-1768
-1407
-1093
-1306
-766
-24
780
1423
1821
2421
2937
3385
3508
3321
3540
3856
3640
3196
3100
2564
2227
2495
1914
1462
1104
1034
916
459
358
92
29
16
51
73
-180
-453
-395
-187
-234
-352
-275
-357
-449
41
212
297
437
239
-53
-118
107
-114
-351
-534
-696
-668
-867
-1527
-1852
-1899
-1950
-1770
-2161
-2738
-2494
-1956
-1644
-1588
-1723
-1482
-1572
-1622
-1347
-1763
-2049
-1555
-1154
-925
-638
165
113
-105
1052
436
495
988
209
697
1172
1225
1030
1108
974
916
1082
489
3
282
597
637
906
766
585
724
652
349
522
251
-271
-347
-287
-126
-416
-819
-630
-372
-371
460
465
179
886
799
1193
2222
2069
1877
1779
1501
1683
1482
1325
845
292
776
425
-110
108
-93
-108
734
868
324
135
324
980
967
678
253
-140
-63
97
-383
-906
-1223
-1370
-1049
-975
-665
-882
-1245
-637
-329
-498
177
412
371
467
457
930
1149
854
532
1017
1450
1205
1011
1259
1154
908
947
833
350
183
597
409
290
387
164
402
611
446
335
-83
-6
420
471
720
759
620
755
1206
1322
865
754
757
388
71
-301
-829
-1051
-1070
-1339
-1602
-1544
-2235
-2808
-2390
-2232
-2455
-2454
-2411
-2698
-2599
-2376
-2250
-2281
-2713
-2553
-1887
-1722
-1598
-1255
-1214
-818
-611
-932
-587
-230
-548
-484
-286
-434
-303
56
10
-88
44
69
289
202
62
46
292
410
423
460
213
73
285
516
159
258
368
5
46
565
598
431
111
59
320
132
33
234
479
196
140
207
-50
274
746
380
368
591
641
518
203
332
321
91
277
239
11
321
339
22
233
451
290
401
309
706
1023
1280
1798
1830
1941
1975
2241
2196
2032
2054
1981
2040
1934
1914
2027
1638
1211
1134
625
-139
-458
-653
-1006
-1033
-1179
-1403
-1312
-1372
-1436
-1338
-1046
-1029
-1246
-1272
-1346
-1385
-1094
-723
-732
-1128
-808
-214
-659
-973
-721
-529
-615
-503
-408
-471
-110
147
-9
-230
-282
-148
-330
-623
-646
-1050
-986
-885
-1177
-930
-1033
-987
-683
-526
-96
-1
-121
286
508
274
511
772
517
432
564
126
-155
-151
-408
-500
-240
-166
-373
-500
-673
-798
-564
-478
-643
-624
-578
-556
-563
-492
-662
-608
-648
-821
-720
-678
-675
-698
-738
-548
-586
-607
-345
-344
-99
-156
-251
-245
-206
-11
316
234
131
267
277
692
523
308
599
885
997
1004
865
871
1104
970
656
346
238
34
148
156
-122
57
299
335
425
561
188
15
560
475
-17
400
572
222
425
546
298
411
113
226
369
91
572
814
816
1024
1087
775
618
737
908
894
1259
1594
1969
2239
2345
2746
2527
2308
2649
2960
2868
3089
2890
2702
2834
2687
2538
2242
1677
1400
1543
1310
1047
689
147
-231
-469
-440
-592
-881
-1051
-1668
-1705
-1651
-1850
-2261
-2653
-2286
-2207
-2462
-2418
-2299
-2392
-2427
-2118
-2026
-2651
-2521
-1721
-2017
-2353
-1827
-1968
-2076
-1625
-1605
-1719
-1770
-1756
-1100
-1293
-1586
-1098
-649
-196
-468
-391
-550
-857
-930
-911
-904
-992
-776
-794
-888
-954
-1238
-1561
-1589
-1308
-830
-816
-785
-560
-758
-755
-503
-602
-941
-858
-454
-642
-891
-675
-554
-273
-17
106
249
137
234
326
54
253
847
1179
1295
1291
1381
1384
1434
1582
1382
983
1140
1426
1239
989
781
1013
897
1037
1500
1207
1206
1334
1457
1530
1626
1761
1397
1227
1522
1641
1431
1201
894
809
1056
982
872
623
144
12
-339
-669
-945
-1285
-1358
-1580
-1489
-1530
-1935
-2078
-1977
-1720
-1594
-1355
-1283
-1133
-915
-738
-300
-530
-807
-438
-186
-162
181
548
214
216
611
504
281
389
1110
1294
1024
1317
1553
1452
1447
1680
1581
1195
1237
987
831
965
967
700
331
404
31
-192
-370
-610
-731
-815
-489
-443
-576
-415
-479
-241
-165
-396
-425
-376
-508
-812
-754
-1207
-1346
-1422
-1358
-1209
-1361
-1053
-1005
-1077
-773
-795
-906
-756
-657
-643
-635
-524
-420
-86
-63
-109
-4
248
481
609
787
761
1093
1579
1497
1824
2199
1913
1766
1666
1552
1452
1244
1047
877
730
896
471
-161
-611
-993
-1065
-1166
-1353
-1400
-1230
-1236
-912
-864
-916
-753
-808
-759
-476
-222
-116
267
447
979
1293
1130
1220
983
768
1158
1378
1231
1224
852
851
1116
701
448
492
385
422
488
710
808
908
1235
1417
1245
956
1144
921
468
739
609
136
56
118
65
-245
-356
-394
-637
-561
-626
-1247
-1370
-1134
-1067
-1095
-1299
-1449
-1180
-1353
-1339
-1116
-1573
-1788
-1921
-2205
-2676
-2662
-2753
-2840
-2462
-2169
-1624
-1419
-1236
-1159
-1354
-1344
-1244
-1099
-897
-828
-412
-200
-192
38
175
638
797
995
1178
1285
1426
1452
1415
1309
1445
1537
1412
1385
1626
1787
1570
1549
1758
1576
1659
1679
1160
893
822
635
507
581
553
411
136
-133
-191
-258
-268
-345
-303
-66
-38
-187
-211
-278
-643
-897
-612
-539
-605
-553
-646
-646
-520
-452
-846
-780
-244
61
-127
-194
529
525
134
396
461
461
435
279
283
182
141
229
65
-152
319
494
-69
-453
-376
-266
-498
-453
-557
-829
-788
-993
-1495
-1562
-1527
-1604
-1664
-1758
-1462
-1529
-1657
-1452
-1484
-1457
-1424
-1787
-1562
-1430
-1799
-1202
-1246
-1649
-1250
-948
-587
-171
44
143
428
823
873
955
1315
1559
1628
1705
1497
1371
1437
1119
1256
1526
1605
1798
1909
1889
1893
1990
1943
1596
1488
1967
1673
1592
1606
963
896
1196
910
374
482
323
84
225
-75
-185
-262
-707
-904
-1175
-1396
-1311
-1306
-1434
-1459
-1595
-1519
-1425
-1308
-1621
-1705
-1484
-1430
-1359
-1306
-688
-549
-411
-167
21
519
925
1188
1436
1825
1857
1383
1315
1311
1057
1037
995
702
549
642
717
576
454
442
426
247
201
343
293
585
634
659
736
789
1110
1267
1182
1150
1166
1066
1218
1344
1137
690
153
-197
-547
-885
-1212
-1410
-1784
-2153
-2002
-2315
-2505
-2298
-2206
-2071
-1471
-1218
-1284
-722
-153
-70
82
595
917
996
1017
1313
1541
1567
1827
2204
2266
2462
2619
2588
2295
2090
2070
1816
1410
1265
1074
700
584
360
-18
-374
-436
-753
-1140
-1166
-1469
-2029
-2057
-2387
-2738
-2671
-2903
-3148
-3206
-3179
-3252
-3176
-3207
-3228
-3067
-3137
-2690
-2364
-2587
-2291
-1847
-1461
-1191
-1185
-1111
-516
-550
-493
75
-100
109
270
-19
0
283
199
32
298
340
264
401
310
706
1374
1228
1426
1269
644
1076
1062
841
1293
1372
1441
1532
1260
1326
1567
1111
744
255
43
238
-145
-327
-185
-456
-817
-802
-843
-850
-813
-698
-435
-190
-188
35
155
82
449
761
659
643
1001
1083
1236
1480
1651
1921
2096
2249
2328
2508
2744
2868
2964
3117
3313
3012
2554
2717
2890
2308
1914
2112
1843
1349
1095
784
208
-74
-329
-816
-1349
-1728
-1793
-2243
-2613
-2764
-3037
-2915
-3202
-3416
-3189
-3475
-3282
-2985
-2912
-2891
-2692
-2398
-2594
-2539
-2310
-2283
-2434
-2320
-1901
-2174
-2152
-1569
-1665
-1539
-1323
-1144
-818
-656
-315
131
268
396
829
929
1039
1231
1415
1579
1676
1705
1706
1764
1994
2278
2247
2305
2298
1808
1354
1245
996
866
537
557
834
250
54
0
-401
-427
-559
