1830
1311
-1728
-2457
-1147
-2766
-2782
-5180
-7863
-6875
-7575
-8816
-7860
-8854
-8998
-5518
-2874
-10480
-6989
1760
-3336
-5353
-3171
-3391
-3728
-4104
-4023
-3979
-4040
-2998
-2638
1026
2925
4048
4303
4093
8510
8338
7253
12255
11308
9094
8467
8527
11141
11157
11842
11277
13045
11533
8405
6537
5800
4580
2583
2297
479
880
-1080
-2060
-2212
-4300
-6446
-7173
-7676
-7164
-6592
-5131
-4789
-11864
-4794
721
-3827
-1598
-2562
-2630
-4031
-5862
-4595
-4142
-3467
-2772
-6345
-5702
-533
-5010
-4583
-1769
-2610
466
-144
258
3226
2236
2415
4018
3720
7131
7175
5823
4894
2934
3995
4089
4474
3719
4015
3706
3089
333
-548
-1052
-1950
-2286
-3194
-3246
-3212
-709
-2567
3724
-3506
-2965
7570
1396
719
-1151
-150
436
1204
2065
-322
-327
2243
-357
-305
1692
255
-418
1054
405
-1166
143
-1807
-1417
-3182
-4310
-4168
-4169
-2524
-3587
2040
5237
2734
5126
4879
5361
5084
4663
6057
5982
4197
2610
2393
1795
2321
379
-622
-102
220
1485
766
2479
-3818
-3403
4834
-322
2139
3770
2075
1002
893
2017
1330
1521
2021
3393
1110
2912
2186
1883
3355
2697
894
316
617
934
-3522
-6896
-3041
-5120
-4117
-3817
-3767
-4432
-5874
-5061
-5685
-7380
-9011
-7500
-6169
-7797
-6529
-6175
-8177
-6737
-7836
-7153
-6522
-6027
-8431
-5694
-2351
-8228
-4448
3986
1752
912
2273
2651
6556
3695
6572
8180
5482
6949
8121
9007
6062
7585
8248
7518
6777
7350
3697
1410
4776
1037
-1488
-1799
-1132
-1368
-2625
-4004
-3857
-4496
-5505
-5919
-8698
-9647
-11013
-11406
-12022
-14803
-15046
-14386
-12538
-11999
-12932
-11049
-8241
-6409
-4964
135
3038
-2038
1631
9838
9945
11142
11896
10640
14158
16256
14468
16314
15275
16725
16397
16255
14901
14043
14887
7370
11064
12671
10254
9905
8322
6092
2828
3722
2506
196
563
-585
-2181
-1884
-3565
-3346
-6157
-8416
-8450
-10592
-10774
-11359
-12443
-14894
-15569
-17608
-15857
-14426
-14524
-13513
-11459
-5448
-11585
-7074
1091
-1762
1354
6868
7754
7350
8855
10319
11338
11164
12307
11354
11198
8259
10421
12426
9745
11404
11087
9123
9395
9039
6342
4567
3234
3936
3635
1242
775
812
177
-1441
-3344
-4690
-6465
-6260
-8102
-9658
-11854
-13415
-17159
-14938
-12488
-16369
-15754
-17798
-16176
-13751
-7328
-5850
-9244
-7452
967
-4585
-4737
-3628
-1953
421
1433
2512
6482
5400
5130
11989
9871
11755
11891
12089
12263
14504
15784
12877
12699
11584
10383
7850
8781
8710
8020
7570
5358
4243
3682
858
-1385
-3856
-3519
-4609
-8511
-6183
-5998
-9681
-11123
-12727
-12084
-9162
-11245
-10227
-10120
-8669
-1966
-7024
-6351
3631
-1673
109
3968
1071
4802
-1154
-1702
2734
1252
1740
2078
1826
1573
2374
2079
2145
3363
3184
3938
4494
5458
2189
1215
2309
626
2502
-3065
-3076
-51
-964
-1498
-2390
-3446
-7906
-3259
-2568
-7774
-6986
-11767
-8735
-5375
-8540
-6907
-6986
-5469
-5906
-3627
10
235
-6157
-707
6768
4050
2959
1090
3610
3925
4951
2276
1903
2150
1992
2460
-1263
-1291
-2023
-3956
-2836
-1558
-3147
-3374
-677
-2175
-3079
141
2619
3057
4250
4077
2018
5003
1624
2731
7959
3074
4526
1749
220
5727
3559
3948
2606
3156
1281
1608
2430
1818
3227
5794
9477
2668
8640
11202
9167
10083
8244
9061
7849
7103
7339
7064
4716
6751
4762
4314
2548
1443
1197
-2039
250
-378
-1514
-2526
-4390
-7957
-8401
-7240
-9553
-10400
-10855
-14041
-8395
-6078
-9321
-5204
-10592
-7451
-3820
-6690
-3412
-4110
-3210
-3314
-2453
-1633
-4149
-2372
-475
642
270
1312
2796
437
7775
9727
5247
8646
9411
8635
8009
8059
8350
7999
7163
7233
6574
5050
4820
2754
2152
1942
1424
958
32
-228
-4355
-8304
-9702
-9346
-6347
-7686
-9377
-8820
-11578
-12621
-10454
-10049
-9491
-8711
-8308
-6823
-7337
-3063
1222
-870
2212
3480
29
1695
5327
5523
10315
11108
4963
11623
15429
15214
16502
13807
15421
14224
13374
13595
11115
10271
9307
7251
5271
4360
3219
3600
2815
1471
1016
-1197
-2757
-5937
-5355
-3968
-3288
-3788
-4825
-9061
-6274
-2196
-5476
-7814
-5409
-5487
-4914
-4771
-6457
-5362
-7237
-12774
-5060
-8877
-13254
-10398
-10110
-8929
-7701
-5423
-2654
303
-3331
2520
9115
5727
8578
9296
7484
7414
6471
7787
7513
7714
9128
8317
7616
7586
7392
5988
3751
5104
2356
2592
6147
1339
-1721
-2553
-1505
1978
1789
722
673
-982
573
51
-489
-437
-2197
-2988
-2275
-5460
-8641
-6757
-9056
-9163
-10202
-10038
-11735
-11586
-10047
-9763
-5176
-9856
-6950
489
152
2168
3979
7494
8626
8225
10668
10616
10694
11962
12053
11367
9095
5322
7940
6145
9320
10362
5992
6750
4210
2734
47
2634
3803
2125
1822
4211
1700
3888
3548
396
682
396
-1960
-3028
-1261
-4540
-4057
-6920
-6770
-7900
-9335
-8583
-9494
-9357
-9944
-7930
-2878
-9273
-8543
316
-2372
-2610
-2878
-1940
-1733
-1374
-385
-70
71
-165
-354
-12
2110
3852
3097
1039
5044
4229
3542
5698
1893
430
873
3740
3928
6566
7147
5460
6657
4663
3081
3696
3419
1257
911
-942
-1026
-2000
-1981
-4025
-4650
-4636
-7264
-7464
-8134
-6872
-7060
-3682
-5294
-10579
-3972
1316
-3352
-3966
-3220
-3019
-3160
-3289
-5750
-9563
-7249
-7348
-6194
-6165
-4595
-2976
-3639
96
3175
5815
8509
9316
8990
7085
11633
13260
12703
12943
9106
13036
11158
10033
11141
8936
9319
8583
7701
6013
5057
3488
1265
1465
712
-2001
-2930
-4228
-3388
-3628
-5081
-933
-3159
-8094
-377
1085
-1557
-800
-3586
-3036
-3167
-2538
-2610
-3270
-3401
-4169
-3117
-1940
-3812
-3242
-2207
-1850
-1971
-1476
1039
-277
-326
-4482
-3309
778
145
1034
1241
2979
2819
3142
3688
2489
1748
2322
2037
-1978
-2057
-2086
-2420
-2733
-4136
-3709
-4118
-6016
-6300
-5047
-3757
1343
-7242
-3822
3688
-2441
258
-323
3364
1003
1880
1400
509
2273
-68
2108
676
3773
1503
1020
1533
702
8
1930
-1204
-2943
-3357
-9119
-4867
-5753
-6145
-5706
-3494
-1570
-3335
-2887
-328
385
679
3434
2281
1937
3000
3456
3237
2901
1665
684
2785
992
708
934
3029
2917
-2274
4227
8267
6970
5860
4885
6554
7359
6710
7004
6699
7182
7566
6173
4649
6977
6916
6125
5230
1669
3069
2948
2669
-538
-1354
-3339
-3712
-1785
-2989
-3438
-4444
-4224
-6068
-7028
-7245
-9469
-9785
-9103
-9786
-9623
-10470
-11132
-10559
-10170
-9605
-8961
-9856
-8217
-8240
-3853
-2301
-5874
1226
4835
1257
111
6479
5924
3623
6640
7983
9878
9008
8541
9304
9112
9122
8250
6847
8099
7270
6560
6939
4969
5335
2094
-1249
1221
440
-1245
-2218
-3185
-2859
-4625
-5245
-6498
-9293
-8833
-10055
-11963
-12384
-15360
-15670
-16056
-17760
-16501
-18046
-14925
-13934
-10448
-7222
-3960
-1208
-4823
4000
7281
6972
9714
12263
16596
15414
16505
18089
16114
18169
15066
15846
18258
15342
15975
14321
14089
12838
13070
12603
11078
10403
4089
3957
6058
2699
1846
204
902
-1658
-3724
-2902
-5842
-7905
-9468
-10419
-11502
-11731
-13766
-15824
-16687
-16017
-15462
-16193
-17327
-15100
-15758
-13274
-10009
-13709
-7495
-3146
-1219
-238
1976
4765
4153
8362
6679
6926
9995
9747
10458
9824
10326
9957
10454
8552
7059
7805
7584
6698
5553
3814
739
2546
3950
2802
1184
887
1381
-616
-1756
-2621
-3581
-5589
-6636
-8415
-10466
-9237
-11438
-10014
-9926
-12444
-13295
-12973
-10808
-10145
-9449
-8099
-5011
-7424
-5808
2059
783
-956
-1787
-1228
75
42
2054
3040
5449
2730
7343
10513
9659
12309
11685
12820
12333
14517
14539
14224
13090
10623
10613
9511
8827
6976
7115
7353
5969
4645
2843
1000
-1759
-2621
-2143
-2589
-3815
-6724
-10144
-8461
-7431
-9647
-8431
-9224
-7865
-4259
-3450
256
-5509
-1993
2990
-16
3859
2667
3447
2362
2638
2678
1888
2206
1523
1429
156
-140
348
22
-434
-621
-1587
-548
249
-745
-1960
-3030
140
505
-822
443
-899
-1419
-3516
-3607
-4167
-4887
-4202
-4949
-5839
-5944
-3812
-6280
-6304
-4404
-5514
-2616
-4398
-4492
-634
-1480
410
2159
-3326
133
8636
5110
5030
5044
5905
5646
3585
5233
4356
4778
2791
2991
2475
-464
-745
-1302
-2718
-3711
-5554
-5386
-6905
-9060
-8980
-8598
-4271
-5560
-5917
-4679
-2677
-1840
562
542
656
2439
1680
5598
4352
4940
4079
5299
5074
2114
889
2934
4325
2556
5269
6378
11644
4657
4593
15826
9998
9459
10248
9005
9379
8991
8378
7847
6256
5047
4957
2585
1153
370
-92
-868
-1497
-2516
-2614
-5107
-4385
-10435
-14229
-12401
-12311
-11610
-11348
-10599
-12107
-12595
-12921
-8166
-10344
-9706
-9826
-8563
-3336
-4180
-4652
-5507
-4409
-4607
-2761
-2373
-1492
-415
840
3096
3786
-2657
2583
10566
6152
8718
8586
7775
6992
7499
8284
6920
6635
7166
5951
5534
5252
3256
2527
2050
1864
-273
-1393
-3153
-4822
-8133
-8167
-6686
-6457
-8450
-9601
-8241
-7327
-8830
-10118
-9466
-10881
-7367
-10193
-10303
-9498
-11003
-7935
-7078
-6058
-5094
-1646
-342
2373
3136
5478
10921
5353
9514
18914
15383
17373
18284
18739
16993
13703
15537
14389
14708
12348
12078
10348
8928
9214
7850
7105
3998
2294
1688
2898
2840
-3873
-6351
-3939
-3211
-2346
-4522
-2634
-4591
-5129
-2108
-4684
-5282
-6574
-6770
-7096
-6322
-7723
-9394
-8785
-10503
-10319
-10406
-10002
-9796
-8280
-8319
-5620
-2784
-6843
-982
4629
4202
5228
6409
7360
6621
8815
8338
6396
7503
5567
7600
3614
943
1854
441
4450
3224
3026
2909
3107
-1177
-1256
-948
-557
2077
-675
907
1167
624
627
386
-1826
-1522
-3048
-2383
-3373
-4391
-4135
-7458
-7277
-8938
-9519
-10824
-11028
-9773
-10492
-8472
-8177
-13579
-7169
-3206
-5999
-2197
-2242
-528
1431
3662
4687
8148
7733
7844
8135
4566
10049
8813
10827
10889
8346
11699
10463
9890
8192
7060
5191
7645
9555
8732
7681
6594
7648
5576
6003
3385
1631
1389
-248
-45
-1231
-1449
-1802
-2504
-5001
-7575
-8790
-8295
-9103
-9147
-9044
-7014
-8871
-11982
-3147
-2276
-4667
-2993
-1600
-2992
-2730
-2637
-3925
-5053
-7351
-3135
-2373
-2623
-2429
-2975
-1936
2060
1168
3257
4860
4635
6209
3709
4908
4002
5721
5498
3063
2372
3475
4019
3587
3210
1857
1487
1674
734
-992
-1343
-2914
-3884
-4504
-5621
-5205
-5470
-4578
-2624
-1099
-1885
-8787
-2177
897
-2505
-2226
-3315
-608
-4434
-5487
-4296
-3466
-4162
-6089
-5288
-5515
-6116
-6474
-5202
-5513
-5347
-62
842
900
5605
3118
1083
6147
7571
8211
9404
9621
10204
10568
10112
10701
9792
7834
7333
4840
4738
3680
4559
3745
921
509
-673
-1873
-1836
-567
-2640
-867
-1371
-3925
1255
2628
-1927
1731
52
-1427
1728
-2593
-1513
-261
870
451
-1314
-1843
-1059
-455
505
244
-2091
-1163
-751
-1079
-3090
-4957
-5256
-3534
-2627
-3202
-1901
962
-586
-235
859
-492
-227
-1562
-1553
-1803
-1797
-1837
-1520
-2153
-2669
-6135
-7947
-7095
-5960
-6560
-3169
-2032
-10765
-3426
2875
-2140
618
3751
732
2158
4516
3481
1737
2977
3626
2782
4190
4241
3510
1819
2465
670
1692
3068
1253
-499
-3888
-4246
-5470
-4294
-4517
-7131
-7596
-8608
-7395
-6675
-7374
-6901
-5902
-5288
-2682
-616
-208
672
-160
932
981
641
2685
1618
2986
2747
7298
7149
-1207
7833
12197
6382
10127
13588
9469
10261
12531
10186
12491
14361
11545
11362
10373
9448
9847
9565
9025
8158
7862
6352
5161
3985
1936
-1653
-426
-840
-2120
-2332
-4173
-3386
-4991
-6250
-6486
-8039
-9236
-10249
-10330
-10780
-12147
-13457
-13297
-13344
-11832
-14394
-12666
-10278
-11728
-5359
-2480
-3912
-7785
1617
6485
2519
6453
7781
8512
9588
7307
5927
8884
9376
7959
8554
9107
8300
8811
7850
7548
7567
7218
7599
6515
6030
1941
-1077
1723
19
-1340
-2499
-3072
-2974
-4390
-4412
-6945
-9683
-10567
-10803
-11478
-12964
-14424
-15238
-18425
-16513
-19286
-19882
-15043
-16847
-15263
-16388
-8748
-4691
-9880
3547
8381
5693
11938
11700
13643
12582
12955
16201
16522
17476
17290
18836
18295
17796
15696
13734
14803
13886
13890
12607
11709
10348
6258
5171
3810
4140
3421
1257
407
-899
-1169
-3010
-4985
-6039
-7829
-9266
-11731
-12531
-14204
-15053
-13844
-14350
-16129
-17195
-15194
-13148
-12659
-12379
-5891
-8813
-9488
-343
-2267
-2282
-610
1413
3211
2421
4879
5700
5943
7335
8360
8354
8079
8379
8434
9347
9052
7942
8056
7986
8303
3379
-2249
196
1815
160
-892
-885
-815
-568
-2536
-3046
-4409
-6706
-7330
-8816
-7066
-6991
-8326
-11604
-11901
-11483
-11992
-9679
-9958
-8357
-7815
-6229
-3219
-9180
-5642
2337
-752
-1163
88
52
28
-367
756
1170
161
1127
2092
2678
4438
7407
8049
8651
10320
10507
10238
12186
12233
9712
8465
8828
9383
10210
8639
7925
6052
1389
720
-1874
2996
2242
-2403
-1023
-3177
-3488
-4261
-5595
-4638
-2919
-3382
-3864
-4149
-3102
-3382
1088
-2149
-6378
5354
4783
1764
2686
2971
3513
2713
2642
1951
1376
-112
-98
-1486
-1231
-1660
-1354
-1923
-2618
-3738
-3499
-2640
-3208
-2360
-5869
-2597
-1830
-2627
-1739
-2164
-2477
-3292
-825
-704
-3363
-4389
-1978
-4686
-4658
-3906
-2655
-627
-1756
-2350
-2140
-3069
-2231
-769
247
1885
4423
1638
-589
9722
7126
5860
8434
6615
7843
5915
6941
6509
4591
3496
3312
2545
627
505
-1348
-2484
-2478
-4966
-5452
-6328
-7080
-7281
-12330
-12583
-10306
-8097
-7006
-2787
-1168
-2358
1239
-688
1886
1696
3320
5585
5633
7353
6447
5987
3648
5209
5612
5225
2367
3535
4539
8305
10795
2299
11227
13026
9847
11361
8401
10062
7732
8296
7741
5854
5601
5227
3362
2703
2053
347
850
-1825
-1904
-3586
-5621
-3861
-9887
-13263
-12153
-10457
-9468
-13205
-13231
-11922
-9634
-10075
-9435
-7350
-7794
-6496
-5329
-5666
-4132
-2286
-3749
-2123
-3840
-3567
-2631
-2188
-185
953
1627
4671
2664
-872
10636
6952
2908
7881
5746
5606
6164
7303
7436
5660
4655
4246
2416
3473
3210
1482
-798
127
-2272
-4730
-1828
-2709
-3496
-10965
-10745
-7023
-8410
-9178
-9396
-6663
-7966
-7440
-8708
-10770
-12425
-11421
-11182
-11627
-10890
-9934
-11838
-10047
-5644
-7387
-2066
-1218
1679
2630
4495
6383
2935
12503
13203
13039
15920
14909
15906
15010
14466
14498
12692
8312
9789
9608
8711
5767
6355
3288
1812
6545
2627
2859
-331
1408
694
-3319
-171
-844
-270
378
-1323
-1467
-2801
-2825
-3273
-4862
-4942
-5402
-4375
-7130
-7461
-7962
-9117
-8551
-10321
-10503
-8918
-9154
-7024
-6269
-2774
-1576
-6706
1698
6606
5034
7161
7778
7885
7249
8121
9397
7342
6209
6992
4240
2799
7114
7874
3729
944
2763
4626
4235
3085
5063
5227
3389
4569
2646
3915
3264
3483
2692
1691
2397
104
-324
-1631
-1951
-3648
-4786
-5546
-6122
-8279
-9035
-11512
-13194
-12197
-13012
-10672
-11912
-9123
-12296
-12500
-3569
-4374
-3605
-1939
1173
5279
4124
6240
6771
3502
7625
9601
7779
9430
9419
10135
12117
10472
11872
12622
12148
12561
9764
7591
4189
5564
5171
4643
4791
4002
5512
3011
4200
1974
-677
-1258
-1777
-1965
-5014
-5455
-5900
-7694
-9448
-10480
-11948
-13156
-13017
-11259
-12054
-8966
-12972
-14906
-5193
-6069
-6252
-8335
-7648
-8785
-9143
-2345
-4482
-4355
-3899
-1516
986
-314
2412
5245
6553
6501
5913
5184
5865
8400
7995
3659
4674
7737
5149
6712
6009
6802
5965
1632
2388
2560
2322
209
625
-925
-1057
-2238
-3598
-3339
-4655
-5642
-6387
-8381
-6421
-4944
-3582
-2200
-10052
-4991
312
-3319
-6956
-2577
-1895
-4252
-2904
-4947
-3033
-4998
-5918
-3267
-1824
-1269
2302
2102
2615
6686
8916
11470
11742
10852
10606
10068
11783
13574
12020
12298
13688
13840
13045
11697
11146
10191
8529
7537
7437
6753
3985
397
-307
-901
-1790
-4816
-5425
-4833
-4438
-3566
-4574
-3613
-11734
-3682
2747
-2252
-993
-5030
-3
-1742
-4172
-1613
-2036
2054
-501
-1614
-1460
-2757
-1881
-3094
-3149
-3892
-3236
-3975
-3779
-1501
1992
-5181
3115
2715
-2456
-895
3417
5742
4121
4347
3346
2759
2644
1869
2217
660
-899
-761
-2519
-2459
-3858
-4235
-4209
-8817
-7342
-7570
1234
-1374
-7322
3970
2868
3255
6945
1106
2383
2365
5202
4328
2317
4191
2473
2073
1143
519
568
-674
-1009
-2165
-3297
-3208
-4879
-5006
-9386
-9383
-5257
-7463
-5102
-3287
-212
1669
1770
4549
3478
3282
4527
5034
5494
4658
5093
4646
4417
4108
1606
-1125
2840
3759
4632
4084
4211
5980
4679
13480
10654
9905
12792
11728
12916
10702
11505
11839
12464
11567
10391
10020
9490
8845
7832
6729
6609
5789
4780
3611
2687
611
-4577
-4429
-4161
-6341
-6743
-8593
-9123
-9411
-10721
-10813
-13718
-14662
-11910
-10713
-6647
-8029
-9334
-11348
-8606
-5162
-5479
-5235
-7084
-7440
-1040
5229
1715
-1511
6713
12237
8955
11029
11667
11695
12111
11722
13062
9937
11358
11646
10153
9642
9155
9678
10076
9564
8168
2859
1340
1922
349
-2977
-4563
-3586
-3996
-4558
-5610
-7081
-6560
-10603
-10568
-12207
-13502
-14766
-17094
-17219
-16932
-12921
-13993
-13405
-11282
-8844
-6452
-3398
-3145
-959
3578
6958
6881
5987
14630
15000
15837
17308
18017
19846
18359
19218
18901
19080
18857
17367
17466
15510
14605
14161
10213
10830
10663
9562
7824
7871
7035
2558
3047
2399
-558
-1206
-3114
-3530
-4858
-6859
-7861
-10299
-10990
-13942
-10913
-10785
-14833
-14520
-16332
-17288
-17183
-14502
-12978
-14006
-11801
-10768
-5273
-2237
-7624
1706
8138
4349
6866
9911
9285
9739
11907
11511
11780
11189
10617
10368
10285
9526
8764
8622
7855
6964
5613
6696
6604
3550
-19
-1507
-665
-1491
-2315
-2138
-2509
-3739
-5699
-6796
-5957
-5833
-7784
-8843
-9123
-9772
-12688
-10113
-7301
-11602
-11034
-10356
-11709
-11689
-11289
-11328
-8598
-7277
-11425
-4506
-399
-1771
2842
5387
8720
9371
10970
12908
11867
13630
14560
15642
16042
15594
15514
14597
14159
13454
13468
11787
12285
8017
5096
5772
3558
3742
1024
-1253
1449
-766
-3754
-3290
-4865
-6512
-7425
-7220
-4159
-2269
-9251
-7689
-7843
-9588
-10134
-10351
-7830
-10170
-9198
-5981
-1440
-9128
-7603
1275
-3109
-1946
-572
-1770
-1530
-1855
-1220
-1219
-1330
-1632
1017
2680
3203
3424
2670
2162
2518
2678
2169
2958
1631
-665
-3276
-3412
-4022
-1002
-1035
-2121
-1575
-2915
-2067
-5036
-3872
1852
1189
-3822
-3937
-3891
-5014
-4729
-4448
-4479
-4264
-4926
-4096
-3557
-3172
-1825
691
-4903
-6588
4029
1102
-590
240
-792
108
-1020
-774
-2815
-5024
-3608
-3924
-5138
-2556
-3717
-1114
2479
1386
2083
4881
3308
3783
5453
3401
5722
5936
6118
5170
7863
6845
6990
14364
11336
8359
8970
6082
5949
6064
4027
3334
2484
2517
1846
-144
-1813
201
-635
0
2351
5740
-2926
-1358
9640
3136
5385
4343
4730
4074
3313
2404
108
-323
-2188
-1354
-4053
-3604
-4454
-5531
-6775
-8948
-8777
-7008
-6867
-6164
-8504
-10671
-6238
-5409
-5300
2929
4645
1712
2341
1023
1327
1491
1145
-319
1340
117
-1580
828
381
-70
-1070
-2269
-1329
-969
-1123
-901
-455
3846
-2605
-6424
6562
5976
3205
5314
4108
4364
3470
3482
2631
1094
656
781
-1027
-3730
-4264
-2433
-2691
-2676
-5963
-6586
-8601
-8060
-11726
-15261
-4996
-6959
-6094
-1739
-534
1961
2024
2701
4794
4170
5655
7309
6302
6881
5834
6161
6114
5328
6104
5824
4805
5446
4934
4255
8329
8881
1762
7103
12031
8945
10027
7878
6676
6908
4479
4770
2660
-627
-625
-72
1462
247
-540
103
-2117
-1371
-5760
-7418
1105
-3345
-6364
-4651
-6380
-7374
-5000
-5025
-7188
-5953
-7081
-6689
-6596
-6422
-6085
-5710
-6469
-6547
-4309
-4718
-4503
-4083
-5877
-5915
-5218
-5015
-3504
-3464
-2195
1029
-2959
-441
5072
3817
3789
3293
3674
1694
1405
2158
3283
3877
2974
2086
398
-31
79
1492
1840
3891
4574
3547
5041
2445
796
641
-1014
-108
-2218
-1614
-2274
-4571
-3638
-6909
-7746
-9391
-10521
-9043
-10319
-10524
-9902
-7381
-7745
-7232
-4270
-5391
-2448
-707
1157
2511
3367
8909
2364
5566
14626
10224
8802
8971
12010
12788
11067
12270
11413
10579
12909
8629
10446
14053
10474
11640
10791
9834
8318
6544
6344
4770
3168
3929
2958
3055
2856
757
1131
-881
-2452
-3170
-4819
-5815
-6336
-8024
-8236
-9032
-11299
-12652
-15370
-14867
-15791
-16838
-16947
-16700
-14828
-15227
-12820
-8522
-12576
-14391
-2946
227
-2080
-1512
997
610
764
471
1645
9372
5334
5303
7768
7510
7775
7737
8375
5865
6804
5341
6088
6161
2728
2930
2587
2454
2439
1475
28
401
-107
-77
-911
-2454
-2774
-4527
-4787
-6984
-7515
-9538
-11535
-11519
-14281
-14070
-14719
-14251
-16402
-18708
-13980
-8285
-13984
-12633
-1875
-4580
1559
2040
6001
10238
7364
12418
12896
15251
15201
17072
17262
15729
16491
17950
17761
17025
15881
15774
15541
14120
12566
10182
11690
11156
10277
8714
7715
6187
4942
3226
396
538
-1631
-2002
-3631
-4563
-5443
-7899
-8592
-11406
-11457
-15543
-14568
-13346
-13179
-12783
-14317
-7578
-11075
-13328
-5672
626
-4649
-4686
-57
-1820
-347
859
3221
2999
5318
5812
4959
7035
9113
8585
8347
8834
7388
6950
5683
5765
4468
3821
5303
4964
4366
3696
3343
2368
829
110
-1196
-2314
-2857
-4157
-4565
-5835
-7616
-8436
-10841
-10463
-9180
-13357
-10001
-8635
-12229
-9945
-9288
-524
-3873
-8389
1068
132
-320
1318
-115
787
674
-294
-1118
-1537
-1174
-373
508
-1637
2554
4159
4521
8432
8411
7230
8459
9157
8517
9664
9166
10128
9610
10203
10790
7549
5162
4613
3139
3327
2812
1251
-754
-1264
233
978
-4531
-6347
-3480
-9083
-7020
-9901
-1674
-4812
-7993
38
200
-4039
6527
9932
1964
7051
4441
4169
951
2620
2122
4794
5628
25
3638
613
-3858
-2599
1559
-3836
-2640
-2329
-1456
-2419
-3547
-5571
-1788
574
-1850
-4605
902
-2724
-3184
-2151
-7215
-5481
-4343
-4181
-1672
-7466
-3394
-6465
-6021
-5822
-1904
-3827
-5278
-2210
-1780
140
-724
2611
-847
-2453
6682
6837
7539
7546
9290
7466
9704
8073
5347
7741
5845
5260
2232
-489
3297
2087
885
-872
-3596
-3759
-6079
-5916
-9759
-12307
-10067
-5258
-6370
-5337
-5392
-8202
-2907
-3853
-315
-1903
247
730
-899
1766
1749
7898
6655
3981
4954
2176
6010
5341
7198
6739
7383
6835
7581
3550
12592
13426
9517
11837
12219
14129
13323
8720
9028
8946
7902
6607
6932
6523
3680
2914
4815
-340
1989
554
-3271
-5564
-4914
-7344
-9887
-10502
-9592
-12616
-12295
-10228
-11097
-12179
-13069
-13620
-12312
-5010
-2942
-6441
-4910
-3818
-2622
-3179
-3609
-6982
-1609
-997
89
1635
-2189
5936
1036
-2148
9092
12241
6718
7149
9609
7203
8854
8158
6487
10293
9880
4880
7135
5958
4435
3445
4635
-250
2362
2042
1730
-5116
-6370
-4437
-6038
-5093
-6352
-7231
-8061
-7985
-6955
-9035
-4903
-7840
-8847
-10394
-10331
-12617
-13182
-7123
-5871
-3311
-5016
-6369
1527
-1030
2339
3398
3419
8309
9864
6591
13280
15045
13028
17725
16404
16469
15264
18203
14402
13162
13699
11172
11647
7716
6571
9958
6257
5014
4758
4366
1751
2480
509
-5579
-1627
-4234
-4114
-2034
-306
1925
-3730
-1315
-2084
-6737
-4248
-4050
-5228
-6010
-8479
-5855
-6938
-11570
-11419
-10040
-11140
-8567
-8188
-6321
-10851
-1383
-2077
-7289
1795
1605
620
5120
6501
8175
3586
9039
4310
6312
5228
9461
2511
7384
2522
-802
2761
304
2665
1170
940
726
-1462
1735
-503
3815
1128
-3662
2182
862
-245
2521
-573
1247
2367
-3651
1434
-1535
-3925
-4836
-4660
-5397
-6816
-7879
-9758
-13158
-12161
-9925
-9517
-9683
-7969
-14252
-7735
-93
-2709
1040
99
2755
7452
6255
8186
8404
5374
6347
9155
12372
9391
8730
12822
11123
11772
11435
8573
11674
15232
7105
10232
8357
6888
11262
10295
10397
9626
8573
8598
2835
-941
3393
2473
-2605
-1901
58
-3887
-2239
-5397
-4527
-5499
-6481
-7444
-6525
-7502
-4147
-7879
-15771
-3013
-3545
-5788
-1033
-5643
-5541
-6146
-5248
-5840
-5729
-2855
-3130
-1455
-242
-3051
511
-2348
-701
10149
8325
7872
5465
3573
1241
6849
8345
7489
5341
7019
4091
2873
5702
5539
4777
1198
3779
1046
3873
-1008
1307
-1379
-6169
-5951
-6199
-6116
-5028
-6555
-7652
-5394
-2058
-1891
-8453
-5753
2415
-1352
-3087
-5082
-4803
451
-5869
-4686
-2783
-1867
-5672
-1927
-5384
-3060
3629
1121
3036
5178
5537
6594
7187
8067
8520
10633
7916
13221
7897
14477
13460
14865
10236
12467
11330
11327
10247
7373
7532
6965
1651
-5
-896
-2699
-1706
-2529
-3418
-122
-360
-2894
-970
-1195
-9238
1762
2989
-1555
698
-851
1697
-2480
1965
1793
-3193
-1861
94
4723
2386
-2047
-1490
-1116
219
1057
-1023
-3819
-2517
-6147
-2427
-162
1775
-3421
-1391
-865
-32
545
-285
3287
2726
2422
-1052
-1790
-4223
-3855
-2772
-4266
-6336
-2769
-3425
-4913
-5905
-3631
-6452
-4631
-1645
-1426
-5382
-1977
3666
-1295
-175
2420
4058
6366
6347
7679
4408
4119
5321
5776
8023
5908
3558
2752
1326
5610
2719
1056
2285
-1879
-3120
-2730
-4607
-9364
-4537
-4155
-4524
-5116
-2259
624
651
1202
657
-423
857
-551
1115
3673
1476
1487
-293
-1154
970
1353
4763
3730
-68
10709
2690
5906
13692
10023
12047
11081
16331
11626
8252
12312
14138
11253
9554
10666
6943
7391
9302
8796
7752
4314
4078
3849
2189
2784
-892
-1812
-3032
-4536
-1972
-3433
-4125
-8302
-6222
-11410
-10230
-8638
-10856
-13045
-14310
-9799
-14561
-13844
-13726
-11350
-8978
-11925
-11143
-12059
-7001
-3300
-5605
-755
663
-1097
8388
7657
2716
5921
8678
9343
9610
11165
9940
10899
12821
12491
9469
7148
5779
8559
7683
4502
8744
7366
7685
7251
621
-1381
-464
1053
-561
-757
-2675
-4414
-6726
-6962
-5639
-9908
-12429
-14469
-16697
-17503
-13194
-17624
-19216
-16946
-13261
-14650
-13986
-11581
-6944
-3724
-257
2232
2909
470
9057
17242
9818
14001
11689
17575
16406
17802
17998
15273
19242
17991
18232
16306
14120
15961
14550
14203
13730
7736
8608
9867
7185
2757
2931
-536
1271
1528
804
-3788
-7032
-7873
-8822
-10041
-7746
-4608
-12458
-14283
-11856
-11907
-12892
-11688
-9730
-12079
-10164
-13911
-12089
-8355
-8468
-10919
-6249
-2112
-9035
4227
1628
3480
4577
4056
10390
10035
8611
7552
8090
9964
8846
7410
9614
9855
9762
8307
5292
4434
3989
2827
3305
3521
879
-1088
3379
-847
-1586
-2335
-3440
-4438
-2472
-4573
-4789
-6042
-8827
-4801
-7297
-8901
-5077
-7084
-9004
-8232
-7470
-8529
-10211
-10167
-7179
-9081
-1007
-8748
-10390
2612
1309
-4026
-2049
-540
3782
6901
6249
9594
6795
8197
8188
9932
13366
11587
10250
11458
9661
11304
11575
9899
10256
8251
6029
3155
2818
4489
7011
6304
2973
3161
765
-618
-1726
-398
3403
-564
-3070
-1313
-1205
-3557
-3604
-5942
-6240
-5052
-2501
-3652
-5332
-4905
-5134
-2369
-11591
-2683
3307
-2185
-778
-2655
132
389
-540
-1825
-1958
-2879
-1863
-1833
-654
-273
-500
-222
-403
-1620
-863
-475
-3044
833
-1993
-1503
-1967
-1175
149
-529
-51
-105
2320
280
-117
2938
-2216
-3762
-2635
777
698
1322
-858
-1539
-2141
-5761
-5924
-5054
-2339
-3049
738
-88
-8226
3054
4754
-1384
1215
2038
679
620
759
399
-291
-2331
-3326
-6063
-7509
-8017
-6005
-8908
-10217
-4841
-3830
80
2157
454
489
3111
3360
3125
4207
7466
9513
8897
9085
7088
11773
7808
7533
5971
9873
4348
5192
3993
3831
3128
2999
2242
2369
1632
1359
347
2177
5218
-595
1543
5605
2357
3859
2449
4235
4879
708
248
-828
-243
-2192
-3005
-4378
-7165
-122
-2796
-7051
-3683
-5351
-5130
-5670
-8683
-10349
-9207
-7502
-3559
-681
-1964
-1233
1582
2277
2881
2614
851
289
-962
722
323
369
1437
-394
-652
-1373
-1099
-1156
-705
1937
510
90
3311
-3369
2922
9893
3364
3717
3075
4033
1935
2143
3277
337
185
561
1233
-1873
-3420
-68
814
-3135
-4556
-2296
-3487
-4087
-4488
-5045
-7554
-8918
-8080
-6758
-4906
-5680
-6807
-7131
-3619
-1028
-687
985
1982
3001
2917
2543
3670
2217
4920
5310
4747
5828
4081
3806
4076
4516
7973
4244
-948
12037
10081
6850
11946
7210
4848
6449
8167
5530
7028
8910
7770
3377
1235
3450
4220
3357
3919
2781
2703
1682
156
-122
-1789
-168
-809
-2123
-2983
-3212
-4375
-5273
-4672
-4726
-6001
-8371
-7143
-12175
-9177
-8107
-7149
-11654
-5277
-8241
-5915
-5467
-7944
-5250
-4150
-5502
1478
-3944
-5844
1798
46
755
1511
7254
4781
973
6286
4872
3170
5094
6342
6404
6621
7809
5345
5031
3834
4603
3832
1890
2383
508
-129
3294
-777
4685
-1013
-323
-907
-3348
-5780
-6062
-5913
-6859
-9077
-12444
-9206
-12823
-13118
-13604
-15107
-9218
-13322
-13489
-9019
-7889
-3512
-3199
-5335
3709
220
6505
11236
6820
10910
10629
12654
9133
12312
16382
14167
16147
14483
13219
14376
14289
13814
13475
13654
13073
12079
10875
9769
10044
8139
8229
6380
4376
2851
3413
3047
688
-1836
-1560
-2864
-3516
-3736
-7209
-5981
-7557
-9241
-11621
-13471
-15150
-15557
-14325
-15973
-15924
-13969
-13152
-9549
-7214
-15131
-4874
1407
-3899
-804
2327
6752
5316
5984
6967
5801
8169
10599
9331
8866
8016
8484
8733
8540
7598
7019
7223
6119
6062
4193
3387
2665
2198
2822
1917
1174
1561
665
-2186
-5056
-6921
-7663
-8133
-8013
-7159
-8955
-8968
-12299
-16732
-16043
-15489
-13405
-14223
-17755
-14716
-11653
-9322
-13486
-15791
-1853
-963
-1874
563
2768
6692
6920
10911
10731
10259
13025
13821
14461
16252
15771
14597
14432
16297
15031
15385
14992
12116
9370
7625
10004
9735
7874
7122
5962
6616
4383
1294
2003
908
-451
-2822
-5193
-7172
-8206
-9850
-7967
-8446
-13314
-13385
-8359
-8836
-9095
-7636
-4879
-1347
-9215
-4352
2330
-1905
1504
2665
1768
2207
4431
4478
2198
3561
5084
5045
7719
7532
8133
8419
7588
8706
7712
7260
6404
7202
4546
2668
4857
5098
5937
2623
2086
2130
610
-1005
-2286
-4820
-5082
-3863
-3555
-3489
-3273
-5525
-8216
-4394
-5107
-7044
-5176
-4728
-4240
-4670
-1246
1791
-1023
-2607
5728
5244
4335
5367
2897
3966
2729
3129
2850
2477
2298
2026
1554
973
3279
6829
7041
7085
8250
9275
10463
9911
8857
7375
8459
10115
9324
9167
8476
7904
6179
4775
8340
6006
4871
-786
-5646
4213
-35
-3450
-2740
-2838
-4136
-3556
-2090
-18
1604
2713
850
6192
2006
-3566
9444
8605
6357
8417
6775
7220
4623
5698
6453
5211
4179
3669
2848
2136
2066
57
-959
-661
-2086
-2472
-3625
-3807
-5295
-6149
-2946
-2305
-3514
-4378
-3300
3
-1551
-1617
-4881
-4365
529
-2156
-1209
-1004
-268
789
-1210
-2072
-1544
-1375
-919
-752
599
1916
3454
6758
2609
4643
12007
10338
9973
9804
6543
7532
7736
8623
7431
6286
8295
6431
4307
1684
1238
1638
875
-1367
-3274
-3683
-5191
-6399
-10299
-13938
-13245
-10461
-9303
-5371
-9148
-5321
749
-2018
1974
2001
1602
1608
1721
2386
3293
4062
3461
3326
5474
5413
3640
3845
5867
5081
7564
12699
3950
6548
15076
11517
10965
10047
9839
11220
11337
9319
6930
8573
8888
4596
1163
1732
708
549
-728
-1438
-2566
-5500
-6468
-6353
-4468
-9919
-12424
-10806
-8583
-9599
-11341
-9101
-10602
-8647
-8590
-9356
-10022
-9785
-7603
-6275
-5103
-5870
-4606
-4726
-4793
-3612
-3524
-3274
-1662
-1588
-867
3507
-265
-1364
7355
7344
4693
5472
7214
6903
4869
7103
7351
7480
5865
5810
6385
4562
3952
595
-1172
-3540
-3479
-2714
-1992
-4463
-4764
-1858
-6346
-3239
-2057
-3415
-3084
-3383
-4260
-7838
-8898
-9916
-9417
-10515
-10211
-10031
-10951
-10126
-8949
-5940
-3919
-5110
-1067
-256
-981
2089
3754
7266
2547
7122
13927
10556
11461
16838
16281
15912
11716
15294
14474
10185
8975
8158
4668
7713
4076
4796
3358
4802
5190
-618
2743
823
1477
-5820
-6574
-1879
-846
-2454
-3429
-2783
-4114
-5552
-6252
-4374
-6790
-7193
-7598
-8278
-8242
-9526
-9959
-12106
-12395
-12463
-11143
-10137
-11472
-10807
-6791
-3585
-8837
-4435
4001
1888
2780
4617
5606
4083
3913
4438
4792
3138
2214
7110
5464
6145
4517
2829
3677
4578
5721
4424
6401
6129
8066
3856
3358
5917
5798
6332
5430
3733
1392
1581
540
1144
-53
-1461
-1315
-3707
-4388
-4093
-5318
-7168
-8365
-9559
-9429
-9932
-10262
-10026
-9058
-6999
-11517
-6541
61
-1986
1338
3121
3930
4556
6469
8316
9664
9994
10315
10477
9936
9843
11418
12521
11239
11734
11402
10657
10295
12241
10155
6281
6559
7596
8571
7582
6205
6177
5260
2985
2941
1708
159
3585
-4943
-5526
-5279
-7632
-9274
-9528
-9168
-9755
-10261
-10114
-10854
-10137
-11362
-7228
-13307
-14683
-5457
-10840
-9343
-8499
-6497
-5855
-6065
-4729
-5446
-1345
-1271
524
2149
3773
3570
3603
4913
4864
5844
6357
6712
7330
6556
3714
4624
4644
3498
4059
4121
5999
4989
3375
3213
1051
25
-1231
-2256
-1192
-2540
-2647
-3389
-6504
-7275
-10081
-10428
-8775
-8001
-9404
-7337
-5597
-11477
-8906
-2482
-2853
-1626
-4091
-7536
-4440
-2821
-1677
-3944
-2243
-2794
-4030
-789
-606
1667
4512
5643
7638
10284
9952
12089
12918
12782
10330
9163
11664
13212
11917
9227
11937
12061
9586
8150
7382
6336
4004
2817
1251
-445
-892
-796
-3109
-4328
-5582
-5742
-6717
-8107
-6026
-10807
-6135
-8268
-9796
-433
-1489
-983
-2006
-882
-1594
-4188
-949
-573
-1658
-1614
-1404
-1519
2222
1038
1310
-2005
-965
-1591
-4029
-1870
-1713
-1266
-3005
-3495
-564
-2194
-1073
-2046
-418
1102
-541
-306
-626
-1954
-3913
-4691
-5826
-5626
-5156
-6038
-5847
-7823
-8785
-7158
-7538
-5306
-3875
-7484
-68
-1844
-4476
6575
4814
4937
2980
2628
7570
7032
7422
8817
7106
7628
7137
6383
6379
3825
4309
2822
1912
2055
-248
-1511
-2020
-2157
-3202
-6840
-4755
-1250
867
846
3828
5541
4283
5462
4811
5696
3768
5291
6289
3351
1797
2013
3289
2216
3389
575
-468
3430
4174
4722
6833
9035
1861
9811
14723
10009
13280
11463
14437
11892
9479
10752
8899
7113
6377
7522
6989
4649
3901
2858
2483
2169
859
221
-1719
-3350
-5905
-4581
-5554
-5484
-10751
-11075
-11388
-7325
-7761
-6555
-9722
-7803
-8980
-10125
-7295
-8806
-5872
-7369
-8788
-8161
-6006
-3245
-2267
-3861
-1266
-864
7330
5492
-3613
12999
11018
10055
13778
11312
13470
11727
13573
12386
11189
11243
11103
10119
9569
8635
7481
6551
6480
6890
5274
5510
4017
2819
256
-2021
-3111
-2466
-3399
-6264
-6447
-8314
-9541
-11900
-12738
-13101
-10169
-12612
-11926
-10337
-13086
-7713
-4501
-3087
-2982
-5795
-2721
-1651
147
3232
4540
11770
6268
6349
17870
13485
16512
16199
17482
17594
15835
18592
16333
16623
16528
14876
13387
12807
10823
11642
10400
10475
10390
6367
2786
3193
2115
-1870
-1161
-2085
-2320
-4211
-6874
-5959
-5605
-5861
-9097
-9882
-7714
-12867
-10838
-7263
-11208
-12437
-12561
-13465
-10005
-7865
-9291
-8653
-5527
-3569
2832
-367
-6696
11335
10506
8272
12118
10032
12675
10110
11729
11533
9764
9704
10147
9594
8538
7101
7466
6221
6754
5774
5455
5859
3629
4049
864
-2359
-4731
-1691
-4894
-4574
-3816
-8093
-3746
-6998
-5202
-1201
-3370
-5546
-7265
-7726
-6715
-8585
-10497
-10624
-10762
-10080
-11536
-11113
-11073
-9187
-8732
-2414
-4584
-1844
8869
5108
7651
9500
9751
10538
12505
14109
14379
13983
14367
13766
13376
14495
13493
12148
12662
10642
8225
8700
4806
4850
4282
1400
1500
1784
-1225
-924
-3439
1516
2718
-3872
-2981
-5027
-4958
-6880
-6364
-5668
-6635
-7311
-7735
-7919
-10670
-11212
-10258
-10393
-6705
-9704
-9313
-3694
-11619
-4559
3119
-3148
-1432
-1832
-1221
-918
143
1596
1192
3737
2569
4039
4756
4269
5505
4219
2225
1432
3410
3276
2009
4553
782
1015
-1783
-2725
8029
4130
2475
5666
2849
1595
2881
3557
2857
1268
3088
25
-3733
-2733
-4128
-4418
-6496
-5553
-6555
-5031
-4490
-4639
-5596
-2790
-5222
-10864
-156
-1159
-2784
-3352
-5789
-4448
-7979
-7020
-6482
-6223
-4890
-4059
-1203
-2422
-1935
2048
2229
5111
3964
2984
7774
905
4751
11612
4710
6485
9466
8894
9192
9495
8927
8084
6135
6405
5566
4136
4633
3055
2332
418
-151
-1201
-2385
-3059
-4332
-5009
-2989
-3939
-7113
2122
-4967
-7684
6523
2752
-805
570
122
-1410
-3071
-3199
-4188
-7202
-5720
-6191
-4815
-3973
-9310
-8568
-6356
-9271
-8735
-1008
-1301
-1456
547
-3266
-2465
1232
1664
3428
2536
1866
3109
1704
1994
2292
1566
577
737
1020
1085
1509
-168
-30
-1286
-2151
-2122
-3515
-2788
-1097
-1275
-1727
2674
-4372
2383
7669
2503
5318
4050
3170
-1932
2250
38
3254
1573
-3096
3828
-610
-3619
-2987
2159
-631
-5222
-4855
-6292
-5640
-3172
-3129
-3601
-1576
1184
4319
4867
6540
6869
7014
7781
8774
9412
9336
9979
9707
8170
7200
6882
7161
6628
4886
4034
4388
5297
4432
2338
8498
3748
-2148
11972
8136
2959
5973
2124
1960
3043
-71
2583
1758
-252
565
1371
7734
2721
1435
1400
371
264
-343
-504
-1389
190
-4420
-6370
-5094
-5199
-3378
-3427
-2542
-2084
-2199
-1591
-3069
-2536
-2893
-3600
-3608
-3243
-2769
-2838
-4798
-5885
-6290
-7192
-8366
-7687
-6087
-3688
1425
1467
-7953
3369
8302
5363
6184
3796
8057
4495
6126
6313
8802
11261
7148
7715
7783
7976
7158
8865
8241
7448
7593
7468
5242
5426
3004
-657
-234
-1486
-1512
-3239
-4122
-4715
-6376
-7373
-8483
-7987
-7551
-6211
-5784
-9220
-8337
-6151
-4458
-2168
-141
-535
104
2063
2004
1424
10951
7785
4105
12444
14937
10255
12989
12604
13709
21525
15707
15524
16349
14668
14518
15147
14732
12049
11809
9827
10234
9880
9740
8654
7055
7592
2727
1712
2933
2746
2740
-140
298
-1366
-3375
-3860
-6742
-7650
-9205
-10075
-11742
-14978
-14745
-15167
-18003
-13377
-15113
-15656
-14857
-12929
-6297
-10485
-4676
586
-11025
5295
7447
4795
12862
7102
9367
9219
11199
12047
13368
13183
12829
13796
13407
14368
12133
11775
11071
10674
9711
7847
6056
6696
-197
-1885
479
-215
1486
1180
270
-49
-1667
-1127
-3102
-4899
-5599
-6172
-7536
-9668
-11906
-15251
-15181
-14966
-15438
-14916
-15702
-14065
-12312
-11724
-4334
-3841
-4675
7601
6275
7616
10990
10529
14445
14361
16663
17974
18966
19387
19510
19271
19231
19750
20330
18104
18069
16614
16033
15447
14021
13448
8777
10013
8770
5606
4859
5263
3715
1244
1011
-47
-2324
-2271
-3992
-8140
-7344
-8597
-7445
-10004
-11422
-10470
-13940
-14155
-14145
-10752
-7977
-12171
-8600
-10138
-15772
1513
884
-732
3569
1965
3328
3436
6797
7496
8683
9560
10049
10812
10715
11740
11252
9840
10210
10220
8951
9359
8607
7262
4731
4587
5862
6161
4273
3020
3359
1298
-614
-5387
-3537
-2105
-4005
-2839
-3613
-5375
-7808
-4976
-7131
-5221
-3296
-6538
-6302
-5080
-3719
-3554
2672
-5693
-3871
7035
907
1415
418
-1392
427
-33
-3956
-2662
-1941
399
4482
6612
7854
9479
9899
11020
11526
10936
13211
13477
14404
12598
9423
10804
11280
10721
11502
9559
6156
8270
7095
7803
5859
2374
2149
1842
-299
-2395
1633
422
-817
-1392
-1104
-1956
-2633
-588
-176
364
2886
16
-2201
8787
6574
4394
7265
4114
4611
3887
4098
3446
2086
1711
1309
33
300
460
-1006
-1390
25
-705
265
615
-100
-493
-3107
-3077
-2206
-2073
-2654
-2507
-1238
-3658
-4380
-652
-4569
-4377
-1817
1224
409
573
-80
-10
638
-583
-1288
-2774
-533
1522
1968
2921
7712
211
2212
12566
7699
8888
6539
6499
8966
7069
7955
6517
4529
4690
3033
1880
-402
-458
-2210
-5631
-5034
-6338
-5734
-5918
-6583
-8715
-6910
-4828
-6283
-4519
-5440
-1555
-2453
1508
4144
3452
3775
4620
5960
5665
5963
5568
6101
5646
6187
5859
4800
4322
5652
4254
5603
5675
7502
5738
346
12764
12410
8876
11930
9318
8618
7738
8093
6904
4194
4701
4003
3173
2546
1315
648
-1606
-1572
-4163
-4862
-4482
-4302
-6280
-10991
-11671
-8970
-7337
-7370
-6564
-5388
-5420
-4302
-2375
-2378
-1934
-1194
-1041
-810
-731
-1021
-909
-1430
-1203
-1120
-969
430
1523
1351
2615
8111
696
-814
10435
6287
3515
2665
3313
5166
3226
5444
5047
3684
2679
3673
1347
571
-2916
-5065
-1501
-4053
-2113
-5374
-7008
-716
-8126
-8621
-4644
-4357
-10425
-10083
-9208
-10178
-9513
-10393
-10759
-10680
-10364
-8129
-6768
-4064
-3569
-3048
-1595
-1294
567
1896
1508
3200
4461
7310
6552
12204
10395
4803
17313
17121
15055
16523
14934
13928
13029
12468
9996
8103
8330
7813
6628
5633
7081
6257
2031
4063
2775
4478
5593
1767
2705
-1732
-2385
33
-1242
-1236
-2860
-915
-2319
-4871
-4010
-4803
-6412
-6957
-8378
-7971
-8290
-9793
-8110
-10712
-9778
-8411
-8980
-6989
-6416
-3807
-3252
3308
-1232
-7338
8025
5886
4817
7481
5395
6912
5342
7180
4291
3110
3582
6329
3110
-178
26
2315
5305
2477
2439
3276
3532
2983
4101
-533
-1249
1147
230
-384
-1763
-840
-1482
-2322
-4150
-6236
-7084
-7556
-9751
-4563
-6734
-12986
-13929
-15704
-16026
-19236
-16499
-15765
-14125
-13157
-10346
-4929
-4195
-7008
1748
7834
3468
5729
4572
7970
9002
10007
8868
10692
13015
12256
15587
12612
12509
13366
12531
13485
13067
9793
10207
9325
10528
8407
3919
6559
6007
5402
4128
2926
3141
2496
2385
1147
-1199
-1145
-3879
-6297
-6863
-7877
-9500
-11562
-11352
-12340
-12569
-13376
-13201
-13378
-14040
-7156
-12639
-15944
-4947
-5703
-5221
-1942
-1816
-1881
1970
3587
2668
8110
7230
7096
10438
9789
10687
10906
10227
10792
11614
10827
11418
11115
11616
8334
2273
3897
4783
5392
4972
5190
4907
4231
3911
1616
191
-1322
-1992
-2565
-3827
-5626
-6939
-7807
-8301
-8248
-10976
-11649
-12081
-12527
-15452
-12920
-9658
-17767
-9161
-6844
-10589
-9672
-10380
-4774
-2883
-2081
-1254
4096
4501
5398
8460
9209
11122
11082
12465
13033
13929
14828
15124
13831
14429
13342
9539
10825
12283
11638
10027
8388
5477
3594
4023
2455
1100
-156
3488
-3030
-5120
-5481
-7056
-8746
-6535
-6958
-12922
-14851
-13850
-12669
-9874
-4935
-11395
-17657
-5957
-7825
-7431
-4124
-5874
-4560
-4767
-3187
-3997
-3336
-2860
-2113
-1503
-1152
-304
435
1295
1321
3107
3278
5049
5281
3785
6552
-1090
1160
3495
2713
3213
1013
3232
1651
1082
940
-1781
-5630
-5306
-4948
-5038
-7400
-5675
-8387
-10789
-8689
-11223
-9171
-8271
-8909
-6466
-7595
-3384
-3964
-7283
2853
1684
369
1188
1330
2080
151
2075
1403
1564
584
-855
-1574
-3159
-2708
-1614
-1351
487
2995
4525
5651
6682
8435
7222
6175
7759
9540
11333
9913
11335
12235
12301
10551
10001
9074
7428
7518
2854
4175
756
-659
157
-1647
-574
-2670
-2331
-857
999
-391
4521
1978
-414
9587
7427
7804
7754
6462
7053
6344
7467
6833
5652
4613
3934
3062
2810
2868
2492
-168
127
-1653
-2015
-1973
-3714
-4437
-3170
-8118
-8380
-4024
-6031
-4610
-3660
-2715
-3595
-3132
-5711
-5628
-5070
-5824
-4427
-5193
-5695
-6073
-6168
-4925
-3326
-5641
-9287
-6469
-5375
-4995
-2458
-100
-842
-2994
6421
7185
5788
5286
5778
6796
4077
5147
3746
4564
3424
2310
2716
1561
1562
439
-1087
-1529
-4346
-5069
-5443
-9250
-9179
-9657
-12491
-12802
-12500
-11280
-12376
-12498
-7989
-6422
-5143
-4949
-4044
-1302
372
1073
1567
4168
4090
3948
3635
3650
3698
5140
5769
8252
6321
8311
10233
1252
12434
14360
10780
15742
12561
12495
11482
11819
11864
10005
8441
7368
6684
5285
4640
3834
2697
1422
341
-630
-2658
-2687
-4745
-4395
-8867
-14524
-10165
-10606
-10667
-9028
-10983
-10684
-10205
-10576
-10249
-11135
-8133
-7393
-8003
-6184
-6228
-4848
-4323
-4613
-4004
-3184
-910
-1661
1177
1386
6953
3649
-2325
11495
7736
6805
7536
7156
8438
6293
8566
7056
7357
8203
6186
5037
6342
3540
2125
1831
937
236
-854
-2745
-5819
-4190
-5689
-8989
-10649
-10041
-5847
-11195
-10170
-7719
-8558
-8092
-11882
-10501
-11961
-14194
-12747
-12939
-13088
-11688
-8841
-5678
-6389
-5475
-2577
-1095
1210
2591
8731
6689
2462
16587
15687
12774
16737
13336
16000
12739
12569
13109
12229
11916
10917
10450
9498
8450
6989
6436
2160
4610
3583
3997
1113
1451
2775
-3846
-1463
-1997
-601
-1621
-970
-1217
-2648
-2019
-3755
-3480
-3443
-4665
-4743
-5542
-6327
-6630
-8141
-7668
-8858
-8705
-8306
-7180
-6468
-3953
-3624
2204
-2554
-3418
10628
6435
7724
9132
8590
9724
8376
9537
7933
8652
5877
4253
4529
2389
4066
3028
4181
4122
2195
3411
2984
2513
949
-1769
840
1789
-1353
519
-937
-440
457
-1255
-1652
-3366
-3311
-3919
-5107
-5504
-6568
-9707
-10816
-10166
-11375
-12575
-12749
-13221
-13181
-13069
-11620
-6867
-13502
-9589
790
-3367
310
2303
2529
4974
6921
8932
6645
7344
8931
8609
9516
9893
10235
9767
7962
7485
8386
9096
10901
10524
9142
7846
4352
5545
7122
5971
5135
4979
2732
2165
1274
747
-61
-3125
-2645
-3262
-3890
-4927
-6240
-8339
-10020
-9657
-11202
-11404
-12519
-10692
-11845
-7000
-7918
-14773
-2655
-4801
-5447
-3825
-5534
-3895
-5096
-5591
-3014
-775
-4069
982
1791
-1068
919
4744
4610
3847
6922
6980
3891
5038
6821
5431
1178
2358
5563
4886
5061
3744
4101
3422
2957
1778
1594
-982
-2783
-2992
-3120
-4366
-6286
-7361
-9007
-6080
-8968
-9517
-9255
-8906
-7642
-5000
-8975
-13575
-2955
-4290
-6023
-6583
-5408
-4195
-7912
-2101
-4983
-9438
-4250
-2094
-4318
-3762
-1068
2237
3154
2905
5213
6179
9083
10134
12435
12429
7553
9537
8844
9855
11246
10214
11061
9453
10004
9821
9083
6694
4697
4590
2545
906
93
-1955
-3081
-3666
-5269
-5008
-6577
-6651
-6873
-4156
-4722
-11539
-5896
429
-1515
-2127
-499
-464
267
3035
2806
1159
1320
2085
2093
1197
1194
952
1556
1679
1408
479
1132
2731
2897
3877
-631
-910
3514
4315
3162
2754
4482
1990
1340
2539
2291
1065
343
1410
201
-1680
-1572
-3536
-4688
-4842
-7635
-5392
-8241
-6713
-7482
-919
1219
-13128
2163
4531
-2798
4745
4912
4264
3608
3987
3480
4152
7015
6034
5246
4864
2387
3119
2285
1661
778
-1042
-968
-1808
-2294
-2947
-7410
-8316
-5804
-4911
-2642
-2083
904
1044
235
2116
1585
2927
2513
1466
1439
1496
1569
2346
315
-1426
-3144
-975
3234
-1711
495
20
2421
-964
-2929
8783
7237
5955
6247
6688
7935
7720
8826
8061
6253
6551
5766
4735
4389
5259
3925
3065
4306
1728
1034
681
-502
1239
-1490
-7039
-5182
-4052
-5833
-7173
-7021
-6972
-9691
-9841
-10104
-9758
-9636
-10621
-10306
-12446
-11903
-14327
-11054
-9778
-12586
-8689
-9604
-6171
-2403
-2452
2580
-2104
-3653
8644
5328
5078
6648
6799
9082
7426
9860
8680
8374
7958
7824
7462
6442
6893
6522
6145
4394
4361
5248
3922
2247
2502
106
-5354
-2747
-1762
-3297
-4943
-5228
-6101
-8577
-9115
-10464
-13109
-14662
-14600
-14241
-12294
-16339
-12820
-12527
-13651
-6518
-6326
-5702
-3803
-1992
7
4395
6984
2946
10140
15928
13678
15908
14581
15912
15567
15629
15523
14167
15131
13790
13546
12163
11267
10214
9970
8949
6583
5767
5112
4476
2936
2037
-1273
-2812
-2990
-3780
-4776
-5124
-5897
-9117
-8427
-7971
-7193
-9151
-11208
-12377
-12302
-10251
-12140
-11737
-11801
-12633
-12122
-10957
-10662
-6133
-7394
-3746
535
-9547
-847
6438
3162
6203
9426
10080
8851
8547
11145
9155
9059
10562
8246
9040
5907
6661
6109
4817
5570
2963
3154
3373
2667
3461
-2348
-3889
-1430
-3722
-5696
-4415
-2147
-5139
-4327
-6865
-7332
-6231
-8180
-6651
-5920
-7193
-7486
-8163
-10318
-8653
-10908
-11455
-9998
-9272
-7644
-9999
-4381
-7611
-8044
2760
-366
1846
4130
2877
5678
8381
11571
11691
13463
13524
13008
15087
13745
13974
13482
12772
13490
11861
10609
11056
7963
6980
1598
-574
4251
-368
1938
1139
-216
986
-531
-1091
-1716
-1803
-2354
-223
-2616
-2932
-4393
-5509
-3622
-5107
-4797
-5750
-5957
-4156
-4043
-2611
2448
-6283
-5259
6370
1352
829
1800
3057
954
-226
1306
-1678
-678
-292
-30
1240
1034
2472
2985
2013
2317
1802
-773
-706
-202
210
-1262
-4235
-2410
-1308
1123
-154
-1050
46
-1216
-178
-2184
-1548
-806
-2851
-1018
-2116
-2651
-2754
-3758
-2228
-4297
-4618
-5342
-4889
-2584
-2146
2083
-1380
-6850
2795
4431
-560
1919
359
78
-389
-395
-1505
-1821
-2860
-4607
-2951
-7394
-6619
-5462
-5598
-1471
-753
1345
2743
3273
5769
4785
2569
5704
7088
5834
6527
8688
7720
6919
6909
4341
5629
3876
2599
2516
-345
645
287
-1077
-1523
-2360
-2229
-3396
-610
-1543
1
4651
-6834
-2447
7364
1389
2255
2662
3493
3522
2939
2637
-303
-1043
-1252
-884
-3130
-5397
-4073
-1684
-5450
-6276
-7114
-10471
-5072
-4283
-3701
-5635
-6798
-1896
-382
1633
2481
1309
1542
2141
2277
738
714
883
254
696
-700
-542
-3087
-3162
-3486
-3832
-5315
-5934
-4892
-4111
-3329
688
707
-7914
3476
4546
-492
2460
-691
1696
671
2052
2163
-3304
-829
1534
-2457
-273
-1785
-5796
-4760
-4214
-3930
-6103
-5383
-5577
-6042
-10543
-10566
-7906
-5765
-3016
-2037
761
-23
3634
2779
4298
4870
4436
6711
5840
7670
6549
6403
5698
3942
3399
3638
2234
2664
3609
3348
9424
1759
1484
14042
6962
5576
6953
5567
3462
1023
8027
4945
4489
4137
297
5764
2308
2148
4451
1803
2291
2704
2160
1283
1742
-635
-4390
-3264
-1689
-2094
-3932
-7989
-6139
-5906
-5264
-5152
-9321
-7147
-5310
-4673
-5196
-5959
-4105
-3912
-5864
-5980
-6596
-6522
-6134
-5557
-5108
-5527
-678
-832
-8122
-2676
3657
-2505
-93
261
1617
-362
-78
6636
1864
3570
3656
3799
4883
4743
5248
3864
5754
4764
3509
5470
5258
4261
3851
230
10
638
-590
-995
-2105
-2733
-4522
-4680
-7615
-10550
-8958
-9187
1830
1311
-1728
-2457
-1147
-2766
-2782
-5180
-7863
-6875
-7575
-8816
-7860
-8854
-8998
-5518
-2874
-10480
-6989
1760
-3336
-5353
-3171
-3391
-3728
-4104
-4023
-3979
-4040
-2998
-2638
1026
2925
4048
4303
4093
8510
8338
7253
12255
11308
9094
8467
8527
11141
11157
11842
11277
13045
11533
8405
6537
5800
4580
2583
2297
479
880
-1080
-2060
-2212
-4300
-6446
-7173
-7676
-7164
-6592
-5131
-4789
-11864
-4794
721
-3827
-1598
-2562
-2630
-4031
-5862
-4595
-4142
-3467
-2772
-6345
-5702
-533
-5010
-4583
-1769
-2610
466
-144
258
3226
2236
2415
4018
3720
7131
7175
5823
4894
2934
3995
4089
4474
3719
4015
3706
3089
333
-548
-1052
-1950
-2286
-3194
-3246
-3212
-709
-2567
3724
-3506
-2965
7570
1396
719
-1151
-150
436
1204
2065
-322
-327
2243
-357
-305
1692
255
-418
1054
405
-1166
143
-1807
-1417
-3182
-4310
-4168
-4169
-2524
-3587
2040
5237
2734
5126
4879
5361
5084
4663
6057
5982
4197
2610
2393
1795
2321
379
-622
-102
220
1485
766
2479
-3818
-3403
4834
-322
2139
3770
2075
1002
893
2017
1330
1521
2021
3393
1110
2912
2186
1883
3355
2697
894
316
617
934
-3522
-6896
-3041
-5120
-4117
-3817
-3767
-4432
-5874
-5061
-5685
-7380
-9011
-7500
-6169
-7797
-6529
-6175
-8177
-6737
-7836
-7153
-6522
-6027
-8431
-5694
-2351
-8228
-4448
3986
1752
912
2273
2651
6556
3695
6572
8180
5482
6949
8121
9007
6062
7585
8248
7518
6777
7350
3697
1410
4776
1037
-1488
-1799
-1132
-1368
-2625
-4004
-3857
-4496
-5505
-5919
-8698
-9647
-11013
-11406
-12022
-14803
-15046
-14386
-12538
-11999
-12932
-11049
-8241
-6409
-4964
135
3038
-2038
1631
9838
9945
11142
11896
10640
14158
16256
14468
16314
15275
16725
16397
16255
14901
14043
14887
7370
11064
12671
10254
9905
8322
6092
2828
3722
2506
196
563
-585
-2181
-1884
-3565
-3346
-6157
-8416
-8450
-10592
-10774
-11359
-12443
-14894
-15569
-17608
-15857
-14426
-14524
-13513
-11459
-5448
-11585
-7074
1091
-1762
1354
6868
7754
7350
8855
10319
11338
11164
12307
11354
11198
8259
10421
12426
9745
11404
11087
9123
9395
9039
6342
4567
3234
3936
3635
1242
775
812
177
-1441
-3344
-4690
-6465
-6260
-8102
-9658
-11854
-13415
-17159
-14938
-12488
-16369
-15754
-17798
-16176
-13751
-7328
-5850
-9244
-7452
967
-4585
-4737
-3628
-1953
421
1433
2512
6482
5400
5130
11989
9871
11755
11891
12089
12263
14504
15784
12877
12699
11584
10383
7850
8781
8710
8020
7570
5358
4243
3682
858
-1385
-3856
-3519
-4609
-8511
-6183
-5998
-9681
-11123
-12727
-12084
-9162
-11245
-10227
-10120
-8669
-1966
-7024
-6351
3631
-1673
109
3968
1071
4802
-1154
-1702
2734
1252
1740
2078
1826
1573
2374
2079
2145
3363
3184
3938
4494
5458
2189
1215
2309
626
2502
-3065
-3076
-51
-964
-1498
-2390
-3446
-7906
-3259
-2568
-7774
-6986
-11767
-8735
-5375
-8540
-6907
-6986
-5469
-5906
-3627
10
235
-6157
-707
6768
4050
2959
1090
3610
3925
4951
2276
1903
2150
1992
2460
-1263
-1291
-2023
-3956
-2836
-1558
-3147
-3374
-677
-2175
-3079
141
2619
3057
4250
4077
2018
5003
1624
2731
7959
3074
4526
1749
220
5727
3559
3948
2606
3156
1281
1608
2430
1818
3227
5794
9477
2668
8640
11202
9167
10083
8244
9061
7849
7103
7339
7064
4716
6751
4762
4314
2548
1443
1197
-2039
250
-378
-1514
-2526
-4390
-7957
-8401
-7240
-9553
-10400
-10855
-14041
-8395
-6078
-9321
-5204
-10592
-7451
-3820
-6690
-3412
-4110
-3210
-3314
-2453
-1633
-4149
-2372
-475
642
270
1312
2796
437
7775
9727
5247
8646
9411
8635
8009
8059
8350
7999
7163
7233
6574
5050
4820
2754
2152
1942
1424
958
32
-228
-4355
-8304
-9702
-9346
-6347
-7686
-9377
-8820
-11578
-12621
-10454
-10049
-9491
-8711
-8308
-6823
-7337
-3063
1222
-870
2212
3480
29
1695
5327
5523
10315
11108
4963
11623
15429
15214
16502
13807
15421
14224
13374
13595
11115
10271
9307
7251
5271
4360
3219
3600
2815
1471
1016
-1197
-2757
-5937
-5355
-3968
-3288
-3788
-4825
-9061
-6274
-2196
-5476
-7814
-5409
-5487
-4914
-4771
-6457
-5362
-7237
-12774
-5060
-8877
-13254
-10398
-10110
-8929
-7701
-5423
-2654
303
-3331
2520
9115
5727
8578
9296
7484
7414
6471
7787
7513
7714
9128
8317
7616
7586
7392
5988
3751
5104
2356
2592
6147
1339
-1721
-2553
-1505
1978
1789
722
673
-982
573
51
-489
-437
-2197
-2988
-2275
-5460
-8641
-6757
-9056
-9163
-10202
-10038
-11735
-11586
-10047
-9763
-5176
-9856
-6950
489
152
2168
3979
7494
8626
8225
10668
10616
10694
11962
12053
11367
9095
5322
7940
6145
9320
10362
5992
6750
4210
2734
47
2634
3803
2125
1822
4211
1700
3888
3548
396
682
396
-1960
-3028
-1261
-4540
-4057
-6920
-6770
-7900
-9335
-8583
-9494
-9357
-9944
-7930
-2878
-9273
-8543
316
-2372
-2610
-2878
-1940
-1733
-1374
-385
-70
71
-165
-354
-12
2110
3852
3097
1039
5044
4229
3542
5698
1893
430
873
3740
3928
6566
7147
5460
6657
4663
3081
3696
3419
1257
911
-942
-1026
-2000
-1981
-4025
-4650
-4636
-7264
-7464
-8134
-6872
-7060
-3682
-5294
-10579
-3972
1316
-3352
-3966
-3220
-3019
-3160
-3289
-5750
-9563
-7249
-7348
-6194
-6165
-4595
-2976
-3639
96
3175
5815
8509
9316
8990
7085
11633
13260
12703
12943
9106
13036
11158
10033
11141
8936
9319
8583
7701
6013
5057
3488
1265
1465
712
-2001
-2930
-4228
-3388
-3628
-5081
-933
-3159
-8094
-377
1085
-1557
-800
-3586
-3036
-3167
-2538
-2610
-3270
-3401
-4169
-3117
-1940
-3812
-3242
-2207
-1850
-1971
-1476
1039
-277
-326
-4482
-3309
778
145
1034
1241
2979
2819
3142
3688
2489
1748
2322
2037
-1978
-2057
-2086
-2420
-2733
-4136
-3709
-4118
-6016
-6300
-5047
-3757
1343
-7242
-3822
3688
-2441
258
-323
3364
1003
1880
1400
509
2273
-68
2108
676
3773
1503
1020
1533
702
8
1930
-1204
-2943
-3357
-9119
-4867
-5753
-6145
-5706
-3494
-1570
-3335
-2887
-328
385
679
3434
2281
1937
3000
3456
3237
2901
1665
684
2785
992
708
934
3029
2917
-2274
4227
8267
6970
5860
4885
6554
7359
6710
7004
6699
7182
7566
6173
4649
6977
6916
6125
5230
1669
3069
2948
2669
-538
-1354
-3339
-3712
-1785
-2989
-3438
-4444
-4224
-6068
-7028
-7245
-9469
-9785
-9103
-9786
-9623
-10470
-11132
-10559
-10170
-9605
-8961
-9856
-8217
-8240
-3853
-2301
-5874
1226
4835
1257
111
6479
5924
3623
6640
7983
9878
9008
8541
9304
9112
9122
8250
6847
8099
7270
6560
6939
4969
5335
2094
-1249
1221
440
-1245
-2218
-3185
-2859
-4625
-5245
-6498
-9293
-8833
-10055
-11963
-12384
-15360
-15670
-16056
-17760
-16501
-18046
-14925
-13934
-10448
-7222
-3960
-1208
-4823
4000
7281
6972
9714
12263
16596
15414
16505
18089
16114
18169
15066
15846
18258
15342
15975
14321
14089
12838
13070
12603
11078
10403
4089
3957
6058
2699
1846
204
902
-1658
-3724
-2902
-5842
-7905
-9468
-10419
-11502
-11731
-13766
-15824
-16687
-16017
-15462
-16193
-17327
-15100
-15758
-13274
-10009
-13709
-7495
-3146
-1219
-238
1976
4765
4153
8362
6679
6926
9995
9747
10458
9824
10326
9957
10454
8552
7059
7805
7584
6698
5553
3814
739
2546
3950
2802
1184
887
1381
-616
-1756
-2621
-3581
-5589
-6636
-8415
-10466
-9237
-11438
-10014
-9926
-12444
-13295
-12973
-10808
-10145
-9449
-8099
-5011
-7424
-5808
2059
783
-956
-1787
-1228
75
42
2054
3040
5449
2730
7343
10513
9659
12309
11685
12820
12333
14517
14539
14224
13090
10623
10613
9511
8827
6976
7115
7353
5969
4645
2843
1000
-1759
-2621
-2143
-2589
-3815
-6724
-10144
-8461
-7431
-9647
-8431
-9224
-7865
-4259
-3450
256
-5509
-1993
2990
-16
3859
2667
3447
2362
2638
2678
1888
2206
1523
1429
156
-140
348
22
-434
-621
-1587
-548
249
-745
-1960
-3030
140
505
-822
443
-899
-1419
-3516
-3607
-4167
-4887
-4202
-4949
-5839
-5944
-3812
-6280
-6304
-4404
-5514
-2616
-4398
-4492
-634
-1480
410
2159
-3326
133
8636
5110
5030
5044
5905
5646
3585
5233
4356
4778
2791
2991
2475
-464
-745
-1302
-2718
-3711
-5554
-5386
-6905
-9060
-8980
-8598
-4271
-5560
-5917
-4679
-2677
-1840
562
542
656
2439
1680
5598
4352
4940
4079
5299
5074
2114
889
2934
4325
2556
5269
6378
11644
4657
4593
15826
9998
9459
10248
9005
9379
8991
8378
7847
6256
5047
4957
2585
1153
370
-92
-868
-1497
-2516
-2614
-5107
-4385
-10435
-14229
-12401
-12311
-11610
-11348
-10599
-12107
-12595
-12921
-8166
-10344
-9706
-9826
-8563
-3336
-4180
-4652
-5507
-4409
-4607
-2761
-2373
-1492
-415
840
3096
3786
-2657
2583
10566
6152
8718
8586
7775
6992
7499
8284
6920
6635
7166
5951
5534
5252
3256
2527
2050
1864
-273
-1393
-3153
-4822
-8133
-8167
-6686
-6457
-8450
-9601
-8241
-7327
-8830
-10118
-9466
-10881
-7367
-10193
-10303
-9498
-11003
-7935
-7078
-6058
-5094
-1646
-342
2373
3136
5478
10921
5353
9514
18914
15383
17373
18284
18739
16993
13703
15537
14389
14708
12348
12078
10348
8928
9214
7850
7105
3998
2294
1688
2898
2840
-3873
-6351
-3939
-3211
-2346
-4522
-2634
-4591
-5129
-2108
-4684
-5282
-6574
-6770
-7096
-6322
-7723
-9394
-8785
-10503
-10319
-10406
-10002
-9796
-8280
-8319
-5620
-2784
-6843
-982
4629
4202
5228
6409
7360
6621
8815
8338
6396
7503
5567
7600
3614
943
1854
441
4450
3224
3026
2909
3107
-1177
-1256
-948
-557
2077
-675
907
1167
624
627
386
-1826
-1522
-3048
-2383
-3373
-4391
-4135
-7458
-7277
-8938
-9519
-10824
-11028
-9773
-10492
-8472
-8177
-13579
-7169
-3206
-5999
-2197
-2242
-528
1431
3662
4687
8148
7733
7844
8135
4566
10049
8813
10827
10889
8346
11699
10463
9890
8192
7060
5191
7645
9555
8732
7681
6594
7648
5576
6003
3385
1631
1389
-248
-45
-1231
-1449
-1802
-2504
-5001
-7575
-8790
-8295
-9103
-9147
-9044
-7014
-8871
-11982
-3147
-2276
-4667
-2993
-1600
-2992
-2730
-2637
-3925
-5053
-7351
-3135
-2373
-2623
-2429
-2975
-1936
2060
1168
3257
4860
4635
6209
3709
4908
4002
5721
5498
3063
2372
3475
4019
3587
3210
1857
1487
1674
734
-992
-1343
-2914
-3884
-4504
-5621
-5205
-5470
-4578
-2624
-1099
-1885
-8787
-2177
897
-2505
-2226
-3315
-608
-4434
-5487
-4296
-3466
-4162
-6089
-5288
-5515
-6116
-6474
-5202
-5513
-5347
-62
842
900
5605
3118
1083
6147
7571
8211
9404
9621
10204
10568
10112
10701
9792
7834
7333
4840
4738
3680
4559
3745
921
509
-673
-1873
-1836
-567
-2640
-867
-1371
-3925
1255
2628
-1927
1731
52
-1427
1728
-2593
-1513
-261
870
451
-1314
-1843
-1059
-455
505
244
-2091
-1163
-751
-1079
-3090
-4957
-5256
-3534
-2627
-3202
-1901
962
-586
-235
859
-492
-227
-1562
-1553
-1803
-1797
-1837
-1520
-2153
-2669
-6135
-7947
-7095
-5960
-6560
-3169
-2032
-10765
-3426
2875
-2140
618
3751
732
2158
4516
3481
1737
2977
3626
2782
4190
4241
3510
1819
2465
670
1692
3068
1253
-499
-3888
-4246
-5470
-4294
-4517
-7131
-7596
-8608
-7395
-6675
-7374
-6901
-5902
-5288
-2682
-616
-208
672
-160
932
981
641
2685
1618
2986
2747
7298
7149
-1207
7833
12197
6382
10127
13588
9469
10261
12531
10186
12491
14361
11545
11362
10373
9448
9847
9565
9025
8158
7862
6352
5161
3985
1936
-1653
-426
-840
-2120
-2332
-4173
-3386
-4991
-6250
-6486
-8039
-9236
-10249
-10330
-10780
-12147
-13457
-13297
-13344
-11832
-14394
-12666
-10278
-11728
-5359
-2480
-3912
-7785
1617
6485
2519
6453
7781
8512
9588
7307
5927
8884
9376
7959
8554
9107
8300
8811
7850
7548
7567
7218
7599
6515
6030
1941
-1077
1723
19
-1340
-2499
-3072
-2974
-4390
-4412
-6945
-9683
-10567
-10803
-11478
-12964
-14424
-15238
-18425
-16513
-19286
-19882
-15043
-16847
-15263
-16388
-8748
-4691
-9880
3547
8381
5693
11938
11700
13643
12582
12955
16201
16522
17476
17290
18836
18295
17796
15696
13734
14803
13886
13890
12607
11709
10348
6258
5171
3810
4140
3421
1257
407
-899
-1169
-3010
-4985
-6039
-7829
-9266
-11731
-12531
-14204
-15053
-13844
-14350
-16129
-17195
-15194
-13148
-12659
-12379
-5891
-8813
-9488
-343
-2267
-2282
-610
1413
3211
2421
4879
5700
5943
7335
8360
8354
8079
8379
8434
9347
9052
7942
8056
7986
8303
3379
-2249
196
1815
160
-892
-885
-815
-568
-2536
-3046
-4409
-6706
-7330
-8816
-7066
-6991
-8326
-11604
-11901
-11483
-11992
-9679
-9958
-8357
-7815
-6229
-3219
-9180
-5642
2337
-752
-1163
88
52
28
-367
756
1170
161
1127
2092
2678
4438
7407
8049
8651
10320
10507
10238
12186
12233
9712
8465
8828
9383
10210
8639
7925
6052
1389
720
-1874
2996
2242
-2403
-1023
-3177
-3488
-4261
-5595
-4638
-2919
-3382
-3864
-4149
-3102
-3382
1088
-2149
-6378
5354
4783
1764
2686
2971
3513
2713
2642
1951
1376
-112
-98
-1486
-1231
-1660
-1354
-1923
-2618
-3738
-3499
-2640
-3208
-2360
-5869
-2597
-1830
-2627
-1739
-2164
-2477
-3292
-825
-704
-3363
-4389
-1978
-4686
-4658
-3906
-2655
-627
-1756
-2350
-2140
-3069
-2231
-769
247
1885
4423
1638
-589
9722
7126
5860
8434
6615
7843
5915
6941
6509
4591
3496
3312
2545
627
505
-1348
-2484
-2478
-4966
-5452
-6328
-7080
-7281
-12330
-12583
-10306
-8097
-7006
-2787
-1168
-2358
1239
-688
1886
1696
3320
5585
5633
7353
6447
5987
3648
5209
5612
5225
2367
3535
4539
8305
10795
2299
11227
13026
9847
11361
8401
10062
7732
8296
7741
5854
5601
5227
3362
2703
2053
347
850
-1825
-1904
-3586
-5621
-3861
-9887
-13263
-12153
-10457
-9468
-13205
-13231
-11922
-9634
-10075
-9435
-7350
-7794
-6496
-5329
-5666
-4132
-2286
-3749
-2123
-3840
-3567
-2631
-2188
-185
953
1627
4671
2664
-872
10636
6952
2908
7881
5746
5606
6164
7303
7436
5660
4655
4246
2416
3473
3210
1482
-798
127
-2272
-4730
-1828
-2709
-3496
-10965
-10745
-7023
-8410
-9178
-9396
-6663
-7966
-7440
-8708
-10770
-12425
-11421
-11182
-11627
-10890
-9934
-11838
-10047
-5644
-7387
-2066
-1218
1679
2630
4495
6383
2935
12503
13203
13039
15920
14909
15906
15010
14466
14498
12692
8312
9789
9608
8711
5767
6355
3288
1812
6545
2627
2859
-331
1408
694
-3319
-171
-844
-270
378
-1323
-1467
-2801
-2825
-3273
-4862
-4942
-5402
-4375
-7130
-7461
-7962
-9117
-8551
-10321
-10503
-8918
-9154
-7024
-6269
-2774
-1576
-6706
1698
6606
5034
7161
7778
7885
7249
8121
9397
7342
6209
6992
4240
2799
7114
7874
3729
944
2763
4626
4235
3085
5063
5227
3389
4569
2646
3915
3264
3483
2692
1691
2397
104
-324
-1631
-1951
-3648
-4786
-5546
-6122
-8279
-9035
-11512
-13194
-12197
-13012
-10672
-11912
-9123
-12296
-12500
-3569
-4374
-3605
-1939
1173
5279
4124
6240
6771
3502
7625
9601
7779
9430
9419
10135
12117
10472
11872
12622
12148
12561
9764
7591
4189
5564
5171
4643
4791
4002
5512
3011
4200
1974
-677
-1258
-1777
-1965
-5014
-5455
-5900
-7694
-9448
-10480
-11948
-13156
-13017
-11259
-12054
-8966
-12972
-14906
-5193
-6069
-6252
-8335
-7648
-8785
-9143
-2345
-4482
-4355
-3899
-1516
986
-314
2412
5245
6553
6501
5913
5184
5865
8400
7995
3659
4674
7737
5149
6712
6009
6802
5965
1632
2388
2560
2322
209
625
-925
-1057
-2238
-3598
-3339
-4655
-5642
-6387
-8381
-6421
-4944
-3582
-2200
-10052
-4991
312
-3319
-6956
-2577
-1895
-4252
-2904
-4947
-3033
-4998
-5918
-3267
-1824
-1269
2302
2102
2615
6686
8916
11470
11742
10852
10606
10068
11783
13574
12020
12298
13688
13840
13045
11697
11146
10191
8529
7537
7437
6753
3985
397
-307
-901
-1790
-4816
-5425
-4833
-4438
-3566
-4574
-3613
-11734
-3682
2747
-2252
-993
-5030
-3
-1742
-4172
-1613
-2036
2054
-501
-1614
-1460
-2757
-1881
-3094
-3149
-3892
-3236
-3975
-3779
-1501
1992
-5181
3115
2715
-2456
-895
3417
5742
4121
4347
3346
2759
2644
1869
2217
660
-899
-761
-2519
-2459
-3858
-4235
-4209
-8817
-7342
-7570
1234
-1374
-7322
3970
2868
3255
6945
1106
2383
2365
5202
4328
2317
4191
2473
2073
1143
519
568
-674
-1009
-2165
-3297
-3208
-4879
-5006
-9386
-9383
-5257
-7463
-5102
-3287
-212
1669
1770
4549
3478
3282
4527
5034
5494
4658
5093
4646
4417
4108
1606
-1125
2840
3759
4632
4084
4211
5980
4679
13480
10654
9905
12792
11728
12916
10702
11505
11839
12464
11567
10391
10020
9490
8845
7832
6729
6609
5789
4780
3611
2687
611
-4577
-4429
-4161
-6341
-6743
-8593
-9123
-9411
-10721
-10813
-13718
-14662
-11910
-10713
-6647
-8029
-9334
-11348
-8606
-5162
-5479
-5235
-7084
-7440
-1040
5229
1715
-1511
6713
12237
8955
11029
11667
11695
12111
11722
13062
9937
11358
11646
10153
9642
9155
9678
10076
9564
8168
2859
1340
1922
349
-2977
-4563
-3586
-3996
-4558
-5610
-7081
-6560
-10603
-10568
-12207
-13502
-14766
-17094
-17219
-16932
-12921
-13993
-13405
-11282
-8844
-6452
-3398
-3145
-959
3578
6958
6881
5987
14630
15000
15837
17308
18017
19846
18359
19218
18901
19080
18857
17367
17466
15510
14605
14161
10213
10830
10663
9562
7824
7871
7035
2558
3047
2399
-558
-1206
-3114
-3530
-4858
-6859
-7861
-10299
-10990
-13942
-10913
-10785
-14833
-14520
-16332
-17288
-17183
-14502
-12978
-14006
-11801
-10768
-5273
-2237
-7624
1706
8138
4349
6866
9911
9285
9739
11907
11511
11780
11189
10617
10368
10285
9526
8764
8622
7855
6964
5613
6696
6604
3550
-19
-1507
-665
-1491
-2315
-2138
-2509
-3739
-5699
-6796
-5957
-5833
-7784
-8843
-9123
-9772
-12688
-10113
-7301
-11602
-11034
-10356
-11709
-11689
-11289
-11328
-8598
-7277
-11425
-4506
-399
-1771
2842
5387
8720
9371
10970
12908
11867
13630
14560
15642
16042
15594
15514
14597
14159
13454
13468
11787
12285
8017
5096
5772
3558
3742
1024
-1253
1449
-766
-3754
-3290
-4865
-6512
-7425
-7220
-4159
-2269
-9251
-7689
-7843
-9588
-10134
-10351
-7830
-10170
-9198
-5981
-1440
-9128
-7603
1275
-3109
-1946
-572
-1770
-1530
-1855
-1220
-1219
-1330
-1632
1017
2680
3203
3424
2670
2162
2518
2678
2169
2958
1631
-665
-3276
-3412
-4022
-1002
-1035
-2121
-1575
-2915
-2067
-5036
-3872
1852
1189
-3822
-3937
-3891
-5014
-4729
-4448
-4479
-4264
-4926
-4096
-3557
-3172
-1825
691
-4903
-6588
4029
1102
-590
240
-792
108
-1020
-774
-2815
-5024
-3608
-3924
-5138
-2556
-3717
-1114
2479
1386
2083
4881
3308
3783
5453
3401
5722
5936
6118
5170
7863
6845
6990
14364
11336
8359
8970
6082
5949
6064
4027
3334
2484
2517
1846
-144
-1813
201
-635
0
2351
5740
-2926
-1358
9640
3136
5385
4343
4730
4074
3313
2404
108
-323
-2188
-1354
-4053
-3604
-4454
-5531
-6775
-8948
-8777
-7008
-6867
-6164
-8504
-10671
-6238
-5409
-5300
2929
4645
1712
2341
1023
1327
1491
1145
-319
1340
117
-1580
828
381
-70
-1070
-2269
-1329
-969
-1123
-901
-455
3846
-2605
-6424
6562
5976
3205
5314
4108
4364
3470
3482
2631
1094
656
781
-1027
-3730
-4264
-2433
-2691
-2676
-5963
-6586
-8601
-8060
-11726
-15261
-4996
-6959
-6094
-1739
-534
1961
2024
2701
4794
4170
5655
7309
6302
6881
5834
6161
6114
5328
6104
5824
4805
5446
4934
4255
8329
8881
1762
7103
12031
8945
10027
7878
6676
6908
4479
4770
2660
-627
-625
-72
1462
247
-540
103
-2117
-1371
-5760
-7418
1105
-3345
-6364
-4651
-6380
-7374
-5000
-5025
-7188
-5953
-7081
-6689
-6596
-6422
-6085
-5710
-6469
-6547
-4309
-4718
-4503
-4083
-5877
-5915
-5218
-5015
-3504
-3464
-2195
1029
-2959
-441
5072
3817
3789
3293
3674
1694
1405
2158
3283
3877
2974
2086
398
-31
79
1492
1840
3891
4574
3547
5041
2445
796
641
-1014
-108
-2218
-1614
-2274
-4571
-3638
-6909
-7746
-9391
-10521
-9043
-10319
-10524
-9902
-7381
-7745
-7232
-4270
-5391
-2448
-707
1157
2511
3367
8909
2364
5566
14626
10224
8802
8971
12010
12788
11067
12270
11413
10579
12909
8629
10446
14053
10474
11640
10791
9834
8318
6544
6344
4770
3168
3929
2958
3055
2856
757
1131
-881
-2452
-3170
-4819
-5815
-6336
-8024
-8236
-9032
-11299
-12652
-15370
-14867
-15791
-16838
-16947
-16700
-14828
-15227
-12820
-8522
-12576
-14391
-2946
227
-2080
-1512
997
610
764
471
1645
9372
5334
5303
7768
7510
7775
7737
8375
5865
6804
5341
6088
6161
2728
2930
2587
2454
2439
1475
28
401
-107
-77
-911
-2454
-2774
-4527
-4787
-6984
-7515
-9538
-11535
-11519
-14281
-14070
-14719
-14251
-16402
-18708
-13980
-8285
-13984
-12633
-1875
-4580
1559
2040
6001
10238
7364
12418
12896
15251
15201
17072
17262
15729
16491
17950
17761
17025
15881
15774
15541
14120
12566
10182
11690
11156
10277
8714
7715
6187
4942
3226
396
538
-1631
-2002
-3631
-4563
-5443
-7899
-8592
-11406
-11457
-15543
-14568
-13346
-13179
-12783
-14317
-7578
-11075
-13328
-5672
626
-4649
-4686
-57
-1820
-347
859
3221
2999
5318
5812
4959
7035
9113
8585
8347
8834
7388
6950
5683
5765
4468
3821
5303
4964
4366
3696
3343
2368
829
110
-1196
-2314
-2857
-4157
-4565
-5835
-7616
-8436
-10841
-10463
-9180
-13357
-10001
-8635
-12229
-9945
-9288
-524
-3873
-8389
1068
132
-320
1318
-115
787
674
-294
-1118
-1537
-1174
-373
508
-1637
2554
4159
4521
8432
8411
7230
8459
9157
8517
9664
9166
10128
9610
10203
10790
7549
5162
4613
3139
3327
2812
1251
-754
-1264
233
978
-4531
-6347
-3480
-9083
-7020
-9901
-1674
-4812
-7993
38
200
-4039
6527
9932
1964
7051
4441
4169
951
2620
2122
4794
5628
25
3638
613
-3858
-2599
1559
-3836
-2640
-2329
-1456
-2419
-3547
-5571
-1788
574
-1850
-4605
902
-2724
-3184
-2151
-7215
-5481
-4343
-4181
-1672
-7466
-3394
-6465
-6021
-5822
-1904
-3827
-5278
-2210
-1780
140
-724
2611
-847
-2453
6682
6837
7539
7546
9290
7466
9704
8073
5347
7741
5845
5260
2232
-489
3297
2087
885
-872
-3596
-3759
-6079
-5916
-9759
-12307
-10067
-5258
-6370
-5337
-5392
-8202
-2907
-3853
-315
-1903
247
730
-899
1766
1749
7898
6655
3981
4954
2176
6010
5341
7198
6739
7383
6835
7581
3550
12592
13426
9517
11837
12219
14129
13323
8720
9028
8946
7902
6607
6932
6523
3680
2914
4815
-340
1989
554
-3271
-5564
-4914
-7344
-9887
-10502
-9592
-12616
-12295
-10228
-11097
-12179
-13069
-13620
-12312
-5010
-2942
-6441
-4910
-3818
-2622
-3179
-3609
-6982
-1609
-997
89
1635
-2189
5936
1036
-2148
9092
12241
6718
7149
9609
7203
8854
8158
6487
10293
9880
4880
7135
5958
4435
3445
4635
-250
2362
2042
1730
-5116
-6370
-4437
-6038
-5093
-6352
-7231
-8061
-7985
-6955
-9035
-4903
-7840
-8847
-10394
-10331
-12617
-13182
-7123
-5871
-3311
-5016
-6369
1527
-1030
2339
3398
3419
8309
9864
6591
13280
15045
13028
17725
16404
16469
15264
18203
14402
13162
13699
11172
11647
7716
6571
9958
6257
5014
4758
4366
1751
2480
509
-5579
-1627
-4234
-4114
-2034
-306
1925
-3730
-1315
-2084
-6737
-4248
-4050
-5228
-6010
-8479
-5855
-6938
-11570
-11419
-10040
-11140
-8567
-8188
-6321
-10851
-1383
-2077
-7289
1795
1605
620
5120
6501
8175
3586
9039
4310
6312
5228
9461
2511
7384
2522
-802
2761
304
2665
1170
940
726
-1462
1735
-503
3815
1128
-3662
2182
862
-245
2521
-573
1247
2367
-3651
1434
-1535
-3925
-4836
-4660
-5397
-6816
-7879
-9758
-13158
-12161
-9925
-9517
-9683
-7969
-14252
-7735
-93
-2709
1040
99
2755
7452
6255
8186
8404
5374
6347
9155
12372
9391
8730
12822
11123
11772
11435
8573
11674
15232
7105
10232
8357
6888
11262
10295
10397
9626
8573
8598
2835
-941
3393
2473
-2605
-1901
58
-3887
-2239
-5397
-4527
-5499
-6481
-7444
-6525
-7502
-4147
-7879
-15771
-3013
-3545
-5788
-1033
-5643
-5541
-6146
-5248
-5840
-5729
-2855
-3130
-1455
-242
-3051
511
-2348
-701
10149
8325
7872
5465
3573
1241
6849
8345
7489
5341
7019
4091
2873
5702
5539
4777
1198
3779
1046
3873
-1008
1307
-1379
-6169
-5951
-6199
-6116
-5028
-6555
-7652
-5394
-2058
-1891
-8453
-5753
2415
-1352
-3087
-5082
-4803
451
-5869
-4686
-2783
-1867
-5672
-1927
-5384
-3060
3629
1121
3036
5178
5537
6594
7187
8067
8520
10633
7916
13221
7897
14477
13460
14865
10236
12467
11330
11327
10247
7373
7532
6965
1651
-5
-896
-2699
-1706
-2529
-3418
-122
-360
-2894
-970
-1195
-9238
1762
2989
-1555
698
-851
1697
-2480
1965
1793
-3193
-1861
94
4723
2386
-2047
-1490
-1116
219
1057
-1023
-3819
-2517
-6147
-2427
-162
1775
-3421
-1391
-865
-32
545
-285
3287
2726
2422
-1052
-1790
-4223
-3855
-2772
-4266
-6336
-2769
-3425
-4913
-5905
-3631
-6452
-4631
-1645
-1426
-5382
-1977
3666
-1295
-175
2420
4058
6366
6347
7679
4408
4119
5321
5776
8023
5908
3558
2752
1326
5610
2719
1056
2285
-1879
-3120
-2730
-4607
-9364
-4537
-4155
-4524
-5116
-2259
624
651
1202
657
-423
857
-551
1115
3673
1476
1487
-293
-1154
970
1353
4763
3730
-68
10709
2690
5906
13692
10023
12047
11081
16331
11626
8252
12312
14138
11253
9554
10666
6943
7391
9302
8796
7752
4314
4078
3849
2189
2784
-892
-1812
-3032
-4536
-1972
-3433
-4125
-8302
-6222
-11410
-10230
-8638
-10856
-13045
-14310
-9799
-14561
-13844
-13726
-11350
-8978
-11925
-11143
-12059
-7001
-3300
-5605
-755
663
-1097
8388
7657
2716
5921
8678
9343
9610
11165
9940
10899
12821
12491
9469
7148
5779
8559
7683
4502
8744
7366
7685
7251
621
-1381
-464
1053
-561
-757
-2675
-4414
-6726
-6962
-5639
-9908
-12429
-14469
-16697
-17503
-13194
-17624
-19216
-16946
-13261
-14650
-13986
-11581
-6944
-3724
-257
2232
2909
470
9057
17242
9818
14001
11689
17575
16406
17802
17998
15273
19242
17991
18232
16306
14120
15961
14550
14203
13730
7736
8608
9867
7185
2757
2931
-536
1271
1528
804
-3788
-7032
-7873
-8822
-10041
-7746
-4608
-12458
-14283
-11856
-11907
-12892
-11688
-9730
-12079
-10164
-13911
-12089
-8355
-8468
-10919
-6249
-2112
-9035
4227
1628
3480
4577
4056
10390
10035
8611
7552
8090
9964
8846
7410
9614
9855
9762
8307
5292
4434
3989
2827
3305
3521
879
-1088
3379
-847
-1586
-2335
-3440
-4438
-2472
-4573
-4789
-6042
-8827
-4801
-7297
-8901
-5077
-7084
-9004
-8232
-7470
-8529
-10211
-10167
-7179
-9081
-1007
-8748
-10390
2612
1309
-4026
-2049
-540
3782
6901
6249
9594
6795
8197
8188
9932
13366
11587
10250
11458
9661
11304
11575
9899
10256
8251
6029
3155
2818
4489
7011
6304
2973
3161
765
-618
-1726
-398
3403
-564
-3070
-1313
-1205
-3557
-3604
-5942
-6240
-5052
-2501
-3652
-5332
-4905
-5134
-2369
-11591
-2683
3307
-2185
-778
-2655
132
389
-540
-1825
-1958
-2879
-1863
-1833
-654
-273
-500
-222
-403
-1620
-863
-475
-3044
833
-1993
-1503
-1967
-1175
149
-529
-51
-105
2320
280
-117
2938
-2216
-3762
-2635
777
698
1322
-858
-1539
-2141
-5761
-5924
-5054
-2339
-3049
738
-88
-8226
3054
4754
-1384
1215
2038
679
620
759
399
-291
-2331
-3326
-6063
-7509
-8017
-6005
-8908
-10217
-4841
-3830
80
2157
454
489
3111
3360
3125
4207
7466
9513
8897
9085
7088
11773
7808
7533
5971
9873
4348
5192
3993
3831
3128
2999
2242
2369
1632
1359
347
2177
5218
-595
1543
5605
2357
3859
2449
4235
4879
708
248
-828
-243
-2192
-3005
-4378
-7165
-122
-2796
-7051
-3683
-5351
-5130
-5670
-8683
-10349
-9207
-7502
-3559
-681
-1964
-1233
1582
2277
2881
2614
851
289
-962
722
323
369
1437
-394
-652
-1373
-1099
-1156
-705
1937
510
90
3311
-3369
2922
9893
3364
3717
3075
4033
1935
2143
3277
337
185
561
1233
-1873
-3420
-68
814
-3135
-4556
-2296
-3487
-4087
-4488
-5045
-7554
-8918
-8080
-6758
-4906
-5680
-6807
-7131
-3619
-1028
-687
985
1982
3001
2917
2543
3670
2217
4920
5310
4747
5828
4081
3806
4076
4516
7973
4244
-948
12037
10081
6850
11946
7210
4848
6449
8167
5530
7028
8910
7770
3377
1235
3450
4220
3357
3919
2781
2703
1682
156
-122
-1789
-168
-809
-2123
-2983
-3212
-4375
-5273
-4672
-4726
-6001
-8371
-7143
-12175
-9177
-8107
-7149
-11654
-5277
-8241
-5915
-5467
-7944
-5250
-4150
-5502
1478
-3944
-5844
1798
46
755
1511
7254
4781
973
6286
4872
3170
5094
6342
6404
6621
7809
5345
5031
3834
4603
3832
1890
2383
508
-129
3294
-777
4685
-1013
-323
-907
-3348
-5780
-6062
-5913
-6859
-9077
-12444
-9206
-12823
-13118
-13604
-15107
-9218
-13322
-13489
-9019
-7889
-3512
-3199
-5335
3709
220
6505
11236
6820
10910
10629
12654
9133
12312
16382
14167
16147
14483
13219
14376
14289
13814
13475
13654
13073
12079
10875
9769
10044
8139
8229
6380
4376
2851
3413
3047
688
-1836
-1560
-2864
-3516
-3736
-7209
-5981
-7557
-9241
-11621
-13471
-15150
-15557
-14325
-15973
-15924
-13969
-13152
-9549
-7214
-15131
-4874
1407
-3899
-804
2327
6752
5316
5984
6967
5801
8169
10599
9331
8866
8016
8484
8733
8540
7598
7019
7223
6119
6062
4193
3387
2665
2198
2822
1917
1174
1561
665
-2186
-5056
-6921
-7663
-8133
-8013
-7159
-8955
-8968
-12299
-16732
-16043
-15489
-13405
-14223
-17755
-14716
-11653
-9322
-13486
-15791
-1853
-963
-1874
563
2768
6692
6920
10911
10731
10259
13025
13821
14461
16252
15771
14597
14432
16297
15031
15385
14992
12116
9370
7625
10004
9735
7874
7122
5962
6616
4383
1294
2003
908
-451
-2822
-5193
-7172
-8206
-9850
-7967
-8446
-13314
-13385
-8359
-8836
-9095
-7636
-4879
-1347
-9215
-4352
2330
-1905
1504
2665
1768
2207
4431
4478
2198
3561
5084
5045
7719
7532
8133
8419
7588
8706
7712
7260
6404
7202
4546
2668
4857
5098
5937
2623
2086
2130
610
-1005
-2286
-4820
-5082
-3863
-3555
-3489
-3273
-5525
-8216
-4394
-5107
-7044
-5176
-4728
-4240
-4670
-1246
1791
-1023
-2607
5728
5244
4335
5367
2897
3966
2729
3129
2850
2477
2298
2026
1554
973
3279
6829
7041
7085
8250
9275
10463
9911
8857
7375
8459
10115
9324
9167
8476
7904
6179
4775
8340
6006
4871
-786
-5646
4213
-35
-3450
-2740
-2838
-4136
-3556
-2090
-18
1604
2713
850
6192
2006
-3566
9444
8605
6357
8417
6775
7220
4623
5698
6453
5211
4179
3669
2848
2136
2066
57
-959
-661
-2086
-2472
-3625
-3807
-5295
-6149
-2946
-2305
-3514
-4378
-3300
3
-1551
-1617
-4881
-4365
529
-2156
-1209
-1004
-268
789
-1210
-2072
-1544
-1375
-919
-752
599
1916
3454
6758
2609
4643
12007
10338
9973
9804
6543
7532
7736
8623
7431
6286
8295
6431
4307
1684
1238
1638
875
-1367
-3274
-3683
-5191
-6399
-10299
-13938
-13245
-10461
-9303
-5371
-9148
-5321
749
-2018
1974
2001
1602
1608
1721
2386
3293
4062
3461
3326
5474
5413
3640
3845
5867
5081
7564
12699
3950
6548
15076
11517
10965
10047
9839
11220
11337
9319
6930
8573
8888
4596
1163
1732
708
549
-728
-1438
-2566
-5500
-6468
-6353
-4468
-9919
-12424
-10806
-8583
-9599
-11341
-9101
-10602
-8647
-8590
-9356
-10022
-9785
-7603
-6275
-5103
-5870
-4606
-4726
-4793
-3612
-3524
-3274
-1662
-1588
-867
3507
-265
-1364
7355
7344
4693
5472
7214
6903
4869
7103
7351
7480
5865
5810
6385
4562
3952
595
-1172
-3540
-3479
-2714
-1992
-4463
-4764
-1858
-6346
-3239
-2057
-3415
-3084
-3383
-4260
-7838
-8898
-9916
-9417
-10515
-10211
-10031
-10951
-10126
-8949
-5940
-3919
-5110
-1067
-256
-981
2089
3754
7266
2547
7122
13927
10556
11461
16838
16281
15912
11716
15294
14474
10185
8975
8158
4668
7713
4076
4796
3358
4802
5190
-618
2743
823
1477
-5820
-6574
-1879
-846
-2454
-3429
-2783
-4114
-5552
-6252
-4374
-6790
-7193
-7598
-8278
-8242
-9526
-9959
-12106
-12395
-12463
-11143
-10137
-11472
-10807
-6791
-3585
-8837
-4435
4001
1888
2780
4617
5606
4083
3913
4438
4792
3138
2214
7110
5464
6145
4517
2829
3677
4578
5721
4424
6401
6129
8066
3856
3358
5917
5798
6332
5430
3733
1392
1581
540
1144
-53
-1461
-1315
-3707
-4388
-4093
-5318
-7168
-8365
-9559
-9429
-9932
-10262
-10026
-9058
-6999
-11517
-6541
61
-1986
1338
3121
3930
4556
6469
8316
9664
9994
10315
10477
9936
9843
11418
12521
11239
11734
11402
10657
10295
12241
10155
6281
6559
7596
8571
7582
6205
6177
5260
2985
2941
1708
159
3585
-4943
-5526
-5279
-7632
-9274
-9528
-9168
-9755
-10261
-10114
-10854
-10137
-11362
-7228
-13307
-14683
-5457
-10840
-9343
-8499
-6497
-5855
-6065
-4729
-5446
-1345
-1271
524
2149
3773
3570
3603
4913
4864
5844
6357
6712
7330
6556
3714
4624
4644
3498
4059
4121
5999
4989
3375
3213
1051
25
-1231
-2256
-1192
-2540
-2647
-3389
-6504
-7275
-10081
-10428
-8775
-8001
-9404
-7337
-5597
-11477
-8906
-2482
-2853
-1626
-4091
-7536
-4440
-2821
-1677
-3944
-2243
-2794
-4030
-789
-606
1667
4512
5643
7638
10284
9952
12089
12918
12782
10330
9163
11664
13212
11917
9227
11937
12061
9586
8150
7382
6336
4004
2817
1251
-445
-892
-796
-3109
-4328
-5582
-5742
-6717
-8107
-6026
-10807
-6135
-8268
-9796
-433
-1489
-983
-2006
-882
-1594
-4188
-949
-573
-1658
-1614
-1404
-1519
2222
1038
1310
-2005
-965
-1591
-4029
-1870
-1713
-1266
-3005
-3495
-564
-2194
-1073
-2046
-418
1102
-541
-306
-626
-1954
-3913
-4691
-5826
-5626
-5156
-6038
-5847
-7823
-8785
-7158
-7538
-5306
-3875
-7484
-68
-1844
-4476
6575
4814
4937
2980
2628
7570
7032
7422
8817
7106
7628
7137
6383
6379
3825
4309
2822
1912
2055
-248
-1511
-2020
-2157
-3202
-6840
-4755
-1250
867
846
3828
5541
4283
5462
4811
5696
3768
5291
6289
3351
1797
2013
3289
2216
3389
575
-468
3430
4174
4722
6833
9035
1861
9811
14723
10009
13280
11463
14437
11892
9479
10752
8899
7113
6377
7522
6989
4649
3901
2858
2483
2169
859
221
-1719
-3350
-5905
-4581
-5554
-5484
-10751
-11075
-11388
-7325
-7761
-6555
-9722
-7803
-8980
-10125
-7295
-8806
-5872
-7369
-8788
-8161
-6006
-3245
-2267
-3861
-1266
-864
7330
5492
-3613
12999
11018
10055
13778
11312
13470
11727
13573
12386
11189
11243
11103
10119
9569
8635
7481
6551
6480
6890
5274
5510
4017
2819
256
-2021
-3111
-2466
-3399
-6264
-6447
-8314
-9541
-11900
-12738
-13101
-10169
-12612
-11926
-10337
-13086
-7713
-4501
-3087
-2982
-5795
-2721
-1651
147
3232
4540
11770
6268
6349
17870
13485
16512
16199
17482
17594
15835
18592
16333
16623
16528
14876
13387
12807
10823
11642
10400
10475
10390
6367
2786
3193
2115
-1870
-1161
-2085
-2320
-4211
-6874
-5959
-5605
-5861
-9097
-9882
-7714
-12867
-10838
-7263
-11208
-12437
-12561
-13465
-10005
-7865
-9291
-8653
-5527
-3569
2832
-367
-6696
11335
10506
8272
12118
10032
12675
10110
11729
11533
9764
9704
10147
9594
8538
7101
7466
6221
6754
5774
5455
5859
3629
4049
864
-2359
-4731
-1691
-4894
-4574
-3816
-8093
-3746
-6998
-5202
-1201
-3370
-5546
-7265
-7726
-6715
-8585
-10497
-10624
-10762
-10080
-11536
-11113
-11073
-9187
-8732
-2414
-4584
-1844
8869
5108
7651
9500
9751
10538
12505
14109
14379
13983
14367
13766
13376
14495
13493
12148
12662
10642
8225
8700
4806
4850
4282
1400
1500
1784
-1225
-924
-3439
1516
2718
-3872
-2981
-5027
-4958
-6880
-6364
-5668
-6635
-7311
-7735
-7919
-10670
-11212
-10258
-10393
-6705
-9704
-9313
-3694
-11619
-4559
3119
-3148
-1432
-1832
-1221
-918
143
1596
1192
3737
2569
4039
4756
4269
5505
4219
2225
1432
3410
3276
2009
4553
782
1015
-1783
-2725
8029
4130
2475
5666
2849
1595
2881
3557
2857
1268
3088
25
-3733
-2733
-4128
-4418
-6496
-5553
-6555
-5031
-4490
-4639
-5596
-2790
-5222
-10864
-156
-1159
-2784
-3352
-5789
-4448
-7979
-7020
-6482
-6223
-4890
-4059
-1203
-2422
-1935
2048
2229
5111
3964
2984
7774
905
4751
11612
4710
6485
9466
8894
9192
9495
8927
8084
6135
6405
5566
4136
4633
3055
2332
418
-151
-1201
-2385
-3059
-4332
-5009
-2989
-3939
-7113
2122
-4967
-7684
6523
2752
-805
570
122
-1410
-3071
-3199
-4188
-7202
-5720
-6191
-4815
-3973
-9310
-8568
-6356
-9271
-8735
-1008
-1301
-1456
547
-3266
-2465
1232
1664
3428
2536
1866
3109
1704
1994
2292
1566
577
737
1020
1085
1509
-168
-30
-1286
-2151
-2122
-3515
-2788
-1097
-1275
-1727
2674
-4372
2383
7669
2503
5318
4050
3170
-1932
2250
38
3254
1573
-3096
3828
-610
-3619
-2987
2159
-631
-5222
-4855
-6292
-5640
-3172
-3129
-3601
-1576
1184
4319
4867
6540
6869
7014
7781
8774
9412
9336
9979
9707
8170
7200
6882
7161
6628
4886
4034
4388
5297
4432
2338
8498
3748
-2148
11972
8136
2959
5973
2124
1960
3043
-71
2583
1758
-252
565
1371
7734
2721
1435
1400
371
264
-343
-504
-1389
190
-4420
-6370
-5094
-5199
-3378
-3427
-2542
-2084
-2199
-1591
-3069
-2536
-2893
-3600
-3608
-3243
-2769
-2838
-4798
-5885
-6290
-7192
-8366
-7687
-6087
-3688
1425
1467
-7953
3369
8302
5363
6184
3796
8057
4495
6126
6313
8802
11261
7148
7715
7783
7976
7158
8865
8241
7448
7593
7468
5242
5426
3004
-657
-234
-1486
-1512
-3239
-4122
-4715
-6376
-7373
-8483
-7987
-7551
-6211
-5784
-9220
-8337
-6151
-4458
-2168
-141
-535
104
2063
2004
1424
10951
7785
4105
12444
14937
10255
12989
12604
13709
21525
15707
15524
16349
14668
14518
15147
14732
12049
11809
9827
10234
9880
9740
8654
7055
7592
2727
1712
2933
2746
2740
-140
298
-1366
-3375
-3860
-6742
-7650
-9205
-10075
-11742
-14978
-14745
-15167
-18003
-13377
-15113
-15656
-14857
-12929
-6297
-10485
-4676
586
-11025
5295
7447
4795
12862
7102
9367
9219
11199
12047
13368
13183
12829
13796
13407
14368
12133
11775
11071
10674
9711
7847
6056
6696
-197
-1885
479
-215
1486
1180
270
-49
-1667
-1127
-3102
-4899
-5599
-6172
-7536
-9668
-11906
-15251
-15181
-14966
-15438
-14916
-15702
-14065
-12312
-11724
-4334
-3841
-4675
7601
6275
7616
10990
10529
14445
14361
16663
17974
18966
19387
19510
19271
19231
19750
20330
18104
18069
16614
16033
15447
14021
13448
8777
10013
8770
5606
4859
5263
3715
1244
1011
-47
-2324
-2271
-3992
-8140
-7344
-8597
-7445
-10004
-11422
-10470
-13940
-14155
-14145
-10752
-7977
-12171
-8600
-10138
-15772
1513
884
-732
3569
1965
3328
3436
6797
7496
8683
9560
10049
10812
10715
11740
11252
9840
10210
10220
8951
9359
8607
7262
4731
4587
5862
6161
4273
3020
3359
1298
-614
-5387
-3537
-2105
-4005
-2839
-3613
-5375
-7808
-4976
-7131
-5221
-3296
-6538
-6302
-5080
-3719
-3554
2672
-5693
-3871
7035
907
1415
418
-1392
427
-33
-3956
-2662
-1941
399
4482
6612
7854
9479
9899
11020
11526
10936
13211
13477
14404
12598
9423
10804
11280
10721
11502
9559
6156
8270
7095
7803
5859
2374
2149
1842
-299
-2395
1633
422
-817
-1392
-1104
-1956
-2633
-588
-176
364
2886
16
-2201
8787
6574
4394
7265
4114
4611
3887
4098
3446
2086
1711
1309
33
300
460
-1006
-1390
25
-705
265
615
-100
-493
-3107
-3077
-2206
-2073
-2654
-2507
-1238
-3658
-4380
-652
-4569
-4377
-1817
1224
409
573
-80
-10
638
-583
-1288
-2774
-533
1522
1968
2921
7712
211
2212
12566
7699
8888
6539
6499
8966
7069
7955
6517
4529
4690
3033
1880
-402
-458
-2210
-5631
-5034
-6338
-5734
-5918
-6583
-8715
-6910
-4828
-6283
-4519
-5440
-1555
-2453
1508
4144
3452
3775
4620
5960
5665
5963
5568
6101
5646
6187
5859
4800
4322
5652
4254
5603
5675
7502
5738
346
12764
12410
8876
11930
9318
8618
7738
8093
6904
4194
4701
4003
3173
2546
1315
648
-1606
-1572
-4163
-4862
-4482
-4302
-6280
-10991
-11671
-8970
-7337
-7370
-6564
-5388
-5420
-4302
-2375
-2378
-1934
-1194
-1041
-810
-731
-1021
-909
-1430
-1203
-1120
-969
430
1523
1351
2615
8111
696
-814
10435
6287
3515
2665
3313
5166
3226
5444
5047
3684
2679
3673
1347
571
-2916
-5065
-1501
-4053
-2113
-5374
-7008
-716
-8126
-8621
-4644
-4357
-10425
-10083
-9208
-10178
-9513
-10393
-10759
-10680
-10364
-8129
-6768
-4064
-3569
-3048
-1595
-1294
567
1896
1508
3200
4461
7310
6552
12204
10395
4803
17313
17121
15055
16523
14934
13928
13029
12468
9996
8103
8330
7813
6628
5633
7081
6257
2031
4063
2775
4478
5593
1767
2705
-1732
-2385
33
-1242
-1236
-2860
-915
-2319
-4871
-4010
-4803
-6412
-6957
-8378
-7971
-8290
-9793
-8110
-10712
-9778
-8411
-8980
-6989
-6416
-3807
-3252
3308
-1232
-7338
8025
5886
4817
7481
5395
6912
5342
7180
4291
3110
3582
6329
3110
-178
26
2315
5305
2477
2439
3276
3532
2983
4101
-533
-1249
1147
230
-384
-1763
-840
-1482
-2322
-4150
-6236
-7084
-7556
-9751
-4563
-6734
-12986
-13929
-15704
-16026
-19236
-16499
-15765
-14125
-13157
-10346
-4929
-4195
-7008
1748
7834
3468
5729
4572
7970
9002
10007
8868
10692
13015
12256
15587
12612
12509
13366
12531
13485
13067
9793
10207
9325
10528
8407
3919
6559
6007
5402
4128
2926
3141
2496
2385
1147
-1199
-1145
-3879
-6297
-6863
-7877
-9500
-11562
-11352
-12340
-12569
-13376
-13201
-13378
-14040
-7156
-12639
-15944
-4947
-5703
-5221
-1942
-1816
-1881
1970
3587
2668
8110
7230
7096
10438
9789
10687
10906
10227
10792
11614
10827
11418
11115
11616
8334
2273
3897
4783
5392
4972
5190
4907
4231
3911
1616
191
-1322
-1992
-2565
-3827
-5626
-6939
-7807
-8301
-8248
-10976
-11649
-12081
-12527
-15452
-12920
-9658
-17767
-9161
-6844
-10589
-9672
-10380
-4774
-2883
-2081
-1254
4096
4501
5398
8460
9209
11122
11082
12465
13033
13929
14828
15124
13831
14429
13342
9539
10825
12283
11638
10027
8388
5477
3594
4023
2455
1100
-156
3488
-3030
-5120
-5481
-7056
-8746
-6535
-6958
-12922
-14851
-13850
-12669
-9874
-4935
-11395
-17657
-5957
-7825
-7431
-4124
-5874
-4560
-4767
-3187
-3997
-3336
-2860
-2113
-1503
-1152
-304
435
1295
1321
3107
3278
5049
5281
3785
6552
-1090
1160
3495
2713
3213
1013
3232
1651
1082
940
-1781
-5630
-5306
-4948
-5038
-7400
-5675
-8387
-10789
-8689
-11223
-9171
-8271
-8909
-6466
-7595
-3384
-3964
-7283
2853
1684
369
1188
1330
2080
151
2075
1403
1564
584
-855
-1574
-3159
-2708
-1614
-1351
487
2995
4525
5651
6682
8435
7222
6175
7759
9540
11333
9913
11335
12235
12301
10551
10001
9074
7428
7518
2854
4175
756
-659
157
-1647
-574
-2670
-2331
-857
999
-391
4521
1978
-414
9587
7427
7804
7754
6462
7053
6344
7467
6833
5652
4613
3934
3062
2810
2868
2492
-168
127
-1653
-2015
-1973
-3714
-4437
-3170
-8118
-8380
-4024
-6031
-4610
-3660
-2715
-3595
-3132
-5711
-5628
-5070
-5824
-4427
-5193
-5695
-6073
-6168
-4925
-3326
-5641
-9287
-6469
-5375
-4995
-2458
-100
-842
-2994
6421
7185
5788
5286
5778
6796
4077
5147
3746
4564
3424
2310
2716
1561
1562
439
-1087
-1529
-4346
-5069
-5443
-9250
-9179
-9657
-12491
-12802
-12500
-11280
-12376
-12498
-7989
-6422
-5143
-4949
-4044
-1302
372
1073
1567
4168
4090
3948
3635
3650
3698
5140
5769
8252
6321
8311
10233
1252
12434
14360
10780
15742
12561
12495
11482
11819
11864
10005
8441
7368
6684
5285
4640
3834
2697
1422
341
-630
-2658
-2687
-4745
-4395
-8867
-14524
-10165
-10606
-10667
-9028
-10983
-10684
-10205
-10576
-10249
-11135
-8133
-7393
-8003
-6184
-6228
-4848
-4323
-4613
-4004
-3184
-910
-1661
1177
1386
6953
3649
-2325
11495
7736
6805
7536
7156
8438
6293
8566
7056
7357
8203
6186
5037
6342
3540
2125
1831
937
236
-854
-2745
-5819
-4190
-5689
-8989
-10649
-10041
-5847
-11195
-10170
-7719
-8558
-8092
-11882
-10501
-11961
-14194
-12747
-12939
-13088
-11688
-8841
-5678
-6389
-5475
-2577
-1095
1210
2591
8731
6689
2462
16587
15687
12774
16737
13336
16000
12739
12569
13109
12229
11916
10917
10450
9498
8450
6989
6436
2160
4610
3583
3997
1113
1451
2775
-3846
-1463
-1997
-601
-1621
-970
-1217
-2648
-2019
-3755
-3480
-3443
-4665
-4743
-5542
-6327
-6630
-8141
-7668
-8858
-8705
-8306
-7180
-6468
-3953
-3624
2204
-2554
-3418
10628
6435
7724
9132
8590
9724
8376
9537
7933
8652
5877
4253
4529
2389
4066
3028
4181
4122
2195
3411
2984
2513
949
-1769
840
1789
-1353
519
-937
-440
457
-1255
-1652
-3366
-3311
-3919
-5107
-5504
-6568
-9707
-10816
-10166
-11375
-12575
-12749
-13221
-13181
-13069
-11620
-6867
-13502
-9589
790
-3367
310
2303
2529
4974
6921
8932
6645
7344
8931
8609
9516
9893
10235
9767
7962
7485
8386
9096
10901
10524
9142
7846
4352
5545
7122
5971
5135
4979
2732
2165
1274
747
-61
-3125
-2645
-3262
-3890
-4927
-6240
-8339
-10020
-9657
-11202
-11404
-12519
-10692
-11845
-7000
-7918
-14773
-2655
-4801
-5447
-3825
-5534
-3895
-5096
-5591
-3014
-775
-4069
982
1791
-1068
919
4744
4610
3847
6922
6980
3891
5038
6821
5431
1178
2358
5563
4886
5061
3744
4101
3422
2957
1778
1594
-982
-2783
-2992
-3120
-4366
-6286
-7361
-9007
-6080
-8968
-9517
-9255
-8906
-7642
-5000
-8975
-13575
-2955
-4290
-6023
-6583
-5408
-4195
-7912
-2101
-4983
-9438
-4250
-2094
-4318
-3762
-1068
2237
3154
2905
5213
6179
9083
10134
12435
12429
7553
9537
8844
9855
11246
10214
11061
9453
10004
9821
9083
6694
4697
4590
2545
906
93
-1955
-3081
-3666
-5269
-5008
-6577
-6651
-6873
-4156
-4722
-11539
-5896
429
-1515
-2127
-499
-464
267
3035
2806
1159
1320
2085
2093
1197
1194
952
1556
1679
1408
479
1132
2731
2897
3877
-631
-910
3514
4315
3162
2754
4482
1990
1340
2539
2291
1065
343
1410
201
-1680
-1572
-3536
-4688
-4842
-7635
-5392
-8241
-6713
-7482
-919
1219
-13128
2163
4531
-2798
4745
4912
4264
3608
3987
3480
4152
7015
6034
5246
4864
2387
3119
2285
1661
778
-1042
-968
-1808
-2294
-2947
-7410
-8316
-5804
-4911
-2642
-2083
904
1044
235
2116
1585
2927
2513
1466
1439
1496
1569
2346
315
-1426
-3144
-975
3234
-1711
495
20
2421
-964
-2929
8783
7237
5955
6247
6688
7935
7720
8826
8061
6253
6551
5766
4735
4389
5259
3925
3065
4306
1728
1034
681
-502
1239
-1490
-7039
-5182
-4052
-5833
-7173
-7021
-6972
-9691
-9841
-10104
-9758
-9636
-10621
-10306
-12446
-11903
-14327
-11054
-9778
-12586
-8689
-9604
-6171
-2403
-2452
2580
-2104
-3653
8644
5328
5078
6648
6799
9082
7426
9860
8680
8374
7958
7824
7462
6442
6893
6522
6145
4394
4361
5248
3922
2247
2502
106
-5354
-2747
-1762
-3297
-4943
-5228
-6101
-8577
-9115
-10464
-13109
-14662
-14600
-14241
-12294
-16339
-12820
-12527
-13651
-6518
-6326
-5702
-3803
-1992
7
4395
6984
2946
10140
15928
13678
15908
14581
15912
15567
15629
15523
14167
15131
13790
13546
12163
11267
10214
9970
8949
6583
5767
5112
4476
2936
2037
-1273
-2812
-2990
-3780
-4776
-5124
-5897
-9117
-8427
-7971
-7193
-9151
-11208
-12377
-12302
-10251
-12140
-11737
-11801
-12633
-12122
-10957
-10662
-6133
-7394
-3746
535
-9547
-847
6438
3162
6203
9426
10080
8851
8547
11145
9155
9059
10562
8246
9040
5907
6661
6109
4817
5570
2963
3154
3373
2667
3461
-2348
-3889
-1430
-3722
-5696
-4415
-2147
-5139
-4327
-6865
-7332
-6231
-8180
-6651
-5920
-7193
-7486
-8163
-10318
-8653
-10908
-11455
-9998
-9272
-7644
-9999
-4381
-7611
-8044
2760
-366
1846
4130
2877
5678
8381
11571
11691
13463
13524
13008
15087
13745
13974
13482
12772
13490
11861
10609
11056
7963
6980
1598
-574
4251
-368
1938
1139
-216
986
-531
-1091
-1716
-1803
-2354
-223
-2616
-2932
-4393
-5509
-3622
-5107
-4797
-5750
-5957
-4156
-4043
-2611
2448
-6283
-5259
6370
1352
829
1800
3057
954
-226
1306
-1678
-678
-292
-30
1240
1034
2472
2985
2013
2317
1802
-773
-706
-202
210
-1262
-4235
-2410
-1308
1123
-154
-1050
46
-1216
-178
-2184
-1548
-806
-2851
-1018
-2116
-2651
-2754
-3758
-2228
-4297
-4618
-5342
-4889
-2584
-2146
2083
-1380
-6850
2795
4431
-560
1919
359
78
-389
-395
-1505
-1821
-2860
-4607
-2951
-7394
-6619
-5462
-5598
-1471
-753
1345
2743
3273
5769
4785
2569
5704
7088
5834
6527
8688
7720
6919
6909
4341
5629
3876
2599
2516
-345
645
287
-1077
-1523
-2360
-2229
-3396
-610
-1543
1
4651
-6834
-2447
7364
1389
2255
2662
3493
3522
2939
2637
-303
-1043
-1252
-884
-3130
-5397
-4073
-1684
-5450
-6276
-7114
-10471
-5072
-4283
-3701
-5635
-6798
-1896
-382
1633
2481
1309
1542
2141
2277
738
714
883
254
696
-700
-542
-3087
-3162
-3486
-3832
-5315
-5934
-4892
-4111
-3329
688
707
-7914
3476
4546
-492
2460
-691
1696
671
2052
2163
-3304
-829
1534
-2457
-273
-1785
-5796
-4760
-4214
-3930
-6103
-5383
-5577
-6042
-10543
-10566
-7906
-5765
-3016
-2037
761
-23
3634
2779
4298
4870
4436
6711
5840
7670
6549
6403
5698
3942
3399
3638
2234
2664
3609
3348
9424
1759
1484
14042
6962
5576
6953
5567
3462
1023
8027
4945
4489
4137
297
5764
2308
2148
4451
1803
2291
2704
2160
1283
1742
-635
-4390
-3264
-1689
-2094
-3932
-7989
-6139
-5906
-5264
-5152
-9321
-7147
-5310
-4673
-5196
-5959
-4105
-3912
-5864
-5980
-6596
-6522
-6134
-5557
-5108
-5527
-678
-832
-8122
-2676
3657
-2505
-93
261
1617
-362
-78
6636
1864
3570
3656
3799
4883
4743
5248
3864
5754
4764
3509
5470
5258
4261
3851
230
10
638
-590
-995
-2105
-2733
-4522
-4680
-7615
-10550
-8958
-9187
