-9402
-8926
-10809
-17036
-17269
-16788
-16842
-17937
-17152
-17764
-16104
-8961
-13511
-11534
-15532
-10151
-4663
903
2706
6551
4382
-54
14441
7666
10758
15141
13335
13451
13089
14722
13453
17346
17449
13772
12180
9009
6562
11690
7922
10254
6476
3889
3430
-519
4711
2294
278
-2316
-3438
-669
-2174
-2685
-5275
-10384
-13897
-11078
-8763
-9869
-9403
-14045
-16985
-16372
-14088
-12965
-18520
-18507
-19177
-18509
-15845
-13747
-1571
-3465
-9262
-2818
2826
4957
7172
9036
10538
10501
14149
14485
14930
17518
13353
13372
12550
11655
13149
10846
9968
9755
7064
6964
-1041
-1736
1093
-741
-1326
-2989
-2982
-5380
-6452
-10646
-8443
-8530
-10475
-10922
-12801
-12528
-13998
-14718
-13693
-13369
-14930
-14879
-13352
-16111
-15781
-12695
-10337
-5166
-3076
-7574
-8921
-4056
-1662
2672
1726
3247
4642
185
7420
9057
9327
12976
13606
14201
14990
13211
13861
15154
15416
15905
10425
9739
11215
11142
10479
8717
7703
7220
3023
-5131
2549
1953
-633
622
-3292
-3370
-4072
-3330
-5111
-6392
-5719
-4901
-5833
-5656
-5606
-6809
-5958
-5424
3493
76
-1297
-3778
3786
4773
2231
4036
-611
4128
607
-428
5
1367
4201
5117
4367
18
4129
3441
6220
11651
9872
4024
3403
6692
7188
9358
7666
3224
451
249
2274
686
979
856
-1516
-1157
-1685
-7850
-6151
-3089
-3290
-4031
-6446
-8432
-8363
-5656
-4934
-2679
-3390
3585
2034
-6200
3991
3409
426
5789
5237
7012
4569
2520
2555
537
-21
-3349
-2273
-3836
-3363
-5465
-5641
-6715
-2101
-719
-6260
-839
-7750
-1994
944
-2950
149
955
336
1047
2001
319
1744
529
910
-283
-2407
-984
245
-892
-1045
80
-1370
-2858
-3946
-5394
-908
-1891
4647
8893
2896
4900
5424
5751
5980
7142
5745
5153
5498
8453
7450
3764
5269
2091
-796
-2148
-2355
-2622
-5839
-5526
-5333
-9124
-10884
-10717
-12543
-16859
-15637
-11136
-9456
-7894
-12045
-10926
-5694
-5582
-3521
-3549
-3030
-848
-1199
-844
1816
1288
2543
3224
-2102
-1098
2457
2129
2215
7138
12482
1933
2600
15241
11600
9973
12336
11370
9822
11143
10115
8646
9638
6359
4526
3029
2690
3993
1200
128
-2265
-3793
-5613
-7227
-8701
-11842
-9836
-13409
-12393
-10023
-12254
-11909
-11502
-10492
-11547
-8884
-5300
-4155
-7804
-9069
-8113
-5275
-2605
-3542
-5189
-3164
-1328
-1790
49
-18
3705
5943
6208
3756
12281
15704
10546
14402
16665
14919
11458
13975
11630
7729
5198
6468
3999
3865
5381
3123
3546
3064
3577
-5336
-5407
-2323
-6111
-4027
-4459
-5584
-7832
-7264
-8418
-8486
-9324
-10097
-8435
-10739
-9070
-9108
-10856
-11538
-13425
-12324
-8502
-5360
-10710
-9571
-4707
-3473
-44
3133
8055
8910
7104
12244
16910
14064
15844
17192
14665
15664
15738
15482
14346
14779
13093
12490
11633
11478
9991
8751
5905
6822
4531
1959
4537
5249
-250
-3744
-1840
-463
-1103
-1203
1298
-2199
-3630
-4091
-5323
-5297
-7119
-7507
-10038
-8838
-10124
-11226
-11837
-14985
-15879
-13806
-14956
-13814
-10676
-5351
-4777
-9899
-4845
249
3256
5281
10662
9216
6132
7405
10069
9304
9605
12816
9513
7820
7001
6690
6531
4090
3651
1737
28
3704
1911
-250
493
-283
836
-3009
-3206
-2257
-2600
-3183
-5426
-2363
-4288
-6284
-4968
-7334
-6318
-7845
-10832
-11691
-11724
-13529
-14885
-14134
-15619
-13468
-12593
-8299
-14090
-11227
-10235
-7142
-445
-2793
296
-6825
1806
3255
4156
5184
5385
9313
8691
10185
8609
11492
8489
12635
12443
8667
9518
10359
10216
8825
9946
7840
8978
8843
8688
7268
6879
4991
3978
6425
5827
4994
3727
2343
478
588
-911
-2592
-2805
-4120
-4977
-4822
-4012
-3618
1201
-1051
-6652
-970
-3763
-4613
-1289
-2936
-2609
-4537
-4695
-3941
-1976
1148
-708
-5394
-5616
-3417
2207
5220
5067
5396
3195
2822
5534
5526
6356
7015
5360
5543
8849
9363
8431
3967
4825
4466
2619
3840
3569
844
-1517
-506
-2283
-2558
-3702
-4286
-7225
-7800
-5604
-6461
-5905
-2260
141
-5687
-4736
-891
-2224
-2881
-1753
-2995
-6994
-6514
-8251
-9439
-9306
-11910
-12437
-13038
-12112
-13543
-10070
-8480
-8775
-8429
-10056
-3831
-1477
279
901
4565
3009
8917
6024
4220
7766
6868
7798
7741
8600
8630
5418
3768
2564
481
-148
-1430
-1434
-2480
-3700
-5044
-4420
-3265
1807
2733
-4180
-3345
-67
2660
618
2340
2419
484
556
-2212
-3530
-6682
-6171
-6827
-6785
-7059
-8324
-7232
-9338
-8456
-12674
-12772
-10288
-10947
-7722
-2800
-1952
-10590
-7396
-920
-235
1641
2407
4980
5060
6488
7352
9037
9270
8006
7072
4682
4658
6057
5854
2423
1303
-498
2291
6343
6001
2200
2584
10156
5631
1348
5305
5176
6396
5324
2132
-581
-2952
1521
-1364
-1747
-1585
-3560
-2879
-3135
-580
-7482
-8194
-4060
-5362
-7140
-9486
-10624
-6476
-7111
-8653
-7614
-6609
-3600
-3351
-6934
-4872
-2737
-1143
4878
1132
2069
3161
1974
3862
3255
1905
4569
5180
4745
9761
13731
10306
7380
10683
11709
10550
12347
9815
9234
7629
3833
5815
5825
2376
3544
4202
2810
1593
1962
208
2744
2602
-2169
837
1333
-881
-1344
-131
-1161
-1180
-2602
-2742
-3230
-5168
-4212
-6649
-6222
-8229
-8376
-8652
-4679
-3319
-4948
-8667
-8170
-1559
-3225
3389
-817
-2954
3165
9319
10421
4147
9538
12226
11673
14177
11157
9104
7243
10615
10475
8672
9211
9497
7341
4867
7083
6196
5473
5016
3819
-321
307
-1105
1891
-75
-1189
2994
1986
2349
-546
-2174
-3867
-5961
-7540
-4258
-7426
-8870
-8543
-12228
-11975
-14744
-17698
-18698
-18638
-20401
-16454
-13731
-14527
-15268
-10486
-3152
-7909
-4344
3749
-33
510
4834
6655
7026
6932
7737
7134
7866
9641
7611
8378
8010
7955
7893
7386
7615
1804
2746
4405
4241
3904
1734
2192
1083
493
620
-1138
-1552
-2594
-4769
-4778
-7955
-8179
-9196
-10443
-9054
-9880
-11490
-14649
-15201
-17526
-18758
-18936
-18770
-16096
-8308
-10292
-18512
-14029
-3645
-5533
-5123
1327
-2702
-2385
7325
8706
8387
10866
12299
13334
14973
15131
15837
15984
15814
14927
13768
14353
14092
14165
12782
13124
11953
9624
9714
8716
7562
6476
6697
5746
3950
2680
1124
1598
-1356
-3133
-2927
-4716
-6567
-7744
-8682
-10061
-10043
-10697
-10536
-8685
-3364
-9055
-10418
-4546
-4672
-7353
-3902
-3651
-5018
-3704
293
-1700
2963
1393
-54
8221
9387
9199
7442
10132
12014
9789
8754
11238
11354
9178
12144
10925
9448
8126
7165
8780
8329
6136
3794
912
795
-339
-1768
-1498
-5026
-6802
-7187
-8111
-10748
-9707
-12422
-12520
-13705
-11466
-8385
-6729
-10251
-13135
-4944
-7520
-7709
-5465
-4452
-5501
-5405
-5555
-7313
-6249
-6025
-4794
-4845
-7720
-5813
-1455
-788
845
-5361
-2513
773
4181
5936
5332
6238
4749
6661
5702
6117
4883
4580
3449
3182
2508
1117
-512
-1731
-1096
-2916
-4861
-5289
-6555
-8000
-8773
-6773
-7950
-10572
-8956
-731
-2041
-7271
-3608
-4784
-1276
-2000
-408
-164
-757
-789
254
1747
-412
-461
-2904
1258
-876
-1730
-4490
-4578
-5021
-7553
-7627
-6146
261
-4430
748
-3457
-5388
3461
1817
3469
4370
5240
5494
3237
3443
4451
2174
3188
1681
258
450
438
-185
-1908
-3164
-7293
-8212
-6353
2918
4069
-549
3728
5810
4094
6480
7314
8053
7812
7419
9970
8296
6909
7892
7979
9435
6709
4667
5700
4216
694
-2169
-436
-848
-1584
-4949
-5343
-3789
-5661
-8534
-11398
-5158
-5627
-3635
-6538
-9174
-7115
-7290
-3555
-2810
-3002
-2082
667
-3258
-3766
-7390
-6273
-4810
-6700
-7713
-345
3035
-5490
3900
6024
132
5678
8838
12437
12065
11844
11879
6877
9334
8564
6947
8975
7896
9211
5634
7855
5055
-1655
-414
-571
-1864
-3199
-4055
-4023
-5176
-3294
-4903
-8464
-6755
-8420
-8420
-13252
-13692
-13332
-10933
-6765
-11464
-7902
-13113
-17128
-8185
-7310
-4016
-4934
-3793
-3599
999
4408
2127
4610
7766
9988
9207
13894
12747
13400
12849
13691
15295
14773
15976
16031
13672
13433
14893
14004
13926
13684
9791
7972
10191
6745
4106
4646
5139
4799
2280
1375
443
-735
-2624
-5258
-7377
-11427
-12397
-15150
-16817
-18146
-19485
-22407
-23953
-22998
-24977
-17144
-13756
-15953
-12979
-14909
-6070
-2346
-5996
1831
6335
7309
8804
10803
10809
12164
9975
10501
12700
11060
11710
13330
11616
10748
12721
10918
9669
9092
6117
7501
8028
7631
5582
5077
0
-2175
-461
-1570
-2420
-4816
-5239
-7256
-7425
-9460
-9733
-11148
-14876
-16808
-17091
-16205
-17457
-19047
-19499
-18060
-17745
-17081
-14303
-8101
-12125
-9133
-280
-336
-2534
-126
3782
3753
9262
11568
12297
12392
11464
13720
13629
15990
16578
16657
16322
16130
16396
14434
13309
12822
12792
10812
9922
10074
8541
5587
3088
1358
-963
334
430
-1153
-1894
-4007
-5471
-7923
-8612
-5225
-6472
-7022
-9329
-11397
-11368
-13310
-10977
-10237
-9797
-4633
-5667
-10752
-8229
-3500
-6197
-5327
-3782
-5649
1180
1492
-3811
-3128
1985
1867
1249
5177
4943
9560
9015
8284
8142
4226
8114
9901
8707
6723
7614
10314
8338
4761
4827
5061
514
2666
4384
877
-1017
-3183
-745
-3561
-4157
-3909
-5225
-3714
-5819
-8688
-9819
-9767
-9601
-1763
1789
-2072
-8342
-1068
4336
625
511
-72
-524
-3230
-2284
-2190
-565
-942
-2070
-6262
-5656
4513
-647
-2792
3665
2247
476
695
2625
3228
5703
7744
8963
8490
8284
6749
6731
8101
7426
6045
2502
864
1105
-3122
-4007
-3667
-3109
-5763
-6833
-5222
-4717
-2120
-3065
-6939
-5625
3654
4420
-3095
992
2127
4693
3316
5200
6239
3297
3972
-119
-1623
-1638
-1782
-2705
-2427
-5400
-3591
-6264
-7958
-8867
-12545
-18924
-10413
-1396
-8221
-6860
-6693
-6891
-5419
-239
-226
-84
104
178
2523
331
4350
3047
2784
2838
2454
-3088
-5191
1119
283
-2145
-2177
-2716
-1365
7231
7751
2503
8287
10724
7086
10356
9273
11191
11680
6480
8173
6899
4127
3776
2806
377
582
-3008
-1444
-1014
-3023
-5600
-12082
-9290
-8913
-11334
-11885
-10257
-11894
-16118
-14183
-9723
-12759
-13943
-15593
-9523
-6419
-7016
-1656
-1961
1700
2285
2713
3940
3004
3123
3077
2967
6029
7589
12428
14039
8092
13780
10914
15068
16920
17384
17481
11890
15490
12114
11929
10937
11637
10866
9961
7521
7376
5549
3861
4374
2431
-8
-4699
-1993
-1315
-3704
-6005
-8209
-11578
-12910
-13168
-11735
-12985
-12874
-12864
-14356
-16126
-13227
-5158
-9235
-10422
-12229
-7472
-5495
-6926
398
-733
1523
4682
4866
8945
8303
11447
13092
13823
17508
14894
14125
14609
13927
15458
14916
12596
11942
9507
9111
8657
7864
6273
6519
4164
3410
393
-6116
-2541
-2246
-3456
-4093
-5834
-8341
-7889
-9799
-9380
-7421
-9464
-9527
-9831
-11136
-12441
-11778
-13384
-13039
-12330
-12676
-14104
-14919
-7844
-3602
-9368
-7769
-3255
3220
3660
4460
8132
4721
8398
10735
11225
11837
12315
11857
13768
12669
10976
11385
10998
10757
9605
8151
8396
7432
4414
4896
627
-2179
-137
-1398
-5881
-6027
-6389
-5718
-4739
-7014
-7712
-9970
-10731
-11352
-10733
-10474
-11205
-9997
-8545
-9790
-11325
-10715
-12102
-12833
-10263
-11557
-11463
-10897
-4246
-11387
-10564
5886
-295
2082
1204
-519
2343
5921
8913
7653
10160
11079
10723
11345
10900
8670
8395
7625
8797
9661
10625
4412
1040
1192
1291
1735
1452
2303
-1365
-1630
-3602
-4568
-6181
-4677
-6511
-6371
-5844
-5462
-5315
-6668
-5386
-9496
-8048
-5275
-8537
-9772
-8946
-5941
-4564
-511
-40
-4740
-2661
-3191
-4903
-2517
-1132
-3476
-2944
3250
-1493
-4206
-1964
566
-2436
3778
6850
9282
7446
7239
10333
7698
11393
1389
4951
9473
8389
7654
7134
7536
6490
6899
6746
5487
5087
4975
4252
3185
3874
3041
503
1551
210
-1176
-203
-2509
-2636
-3621
-2376
-1602
-122
6576
3694
-460
2005
5445
4403
4933
3858
4180
3908
1846
1739
-127
-1511
-5778
-2738
-6257
728
-3458
-9628
922
-6630
-3065
-1961
-356
1366
5162
6169
2544
6858
4568
5018
5150
5715
6948
5080
6223
6696
4416
4012
3628
3832
2664
2083
2596
1372
-1635
-4289
-6861
-5909
-6782
66
5987
-4529
146
1065
491
3433
1053
154
-1388
-214
-2442
-1843
-2139
-3217
-4075
-2406
-8089
-10055
-11572
-12838
-11690
-11474
-14287
-17235
-7526
-10523
-10999
-9768
-10105
-7893
-5097
-831
-829
1206
-241
1281
2417
820
2906
2301
1371
1837
-281
-373
-392
-2894
-1820
-1892
-2889
-2426
3064
7023
1081
229
1299
6541
6734
5431
6265
4534
4987
5569
6056
4077
2746
1940
3678
-1016
-2833
-156
-1803
-7831
-5862
-7772
-12662
-9606
-10403
-10776
-12734
-9684
-9583
-11334
-12791
-3364
-157
-4846
-1370
-2147
-458
639
3647
3948
3693
5266
4278
5298
5810
4604
2380
3864
4833
5712
12725
12400
7306
9344
8713
8962
13478
12973
12168
12525
9222
9933
9267
8841
6641
3766
5408
5978
4252
4691
5912
3699
4421
-94
-2632
-79
-262
-1959
-1849
-1681
-1569
-1774
-3296
-4523
-4710
-6683
-7159
-6364
-8174
-10822
-5842
-2610
-6805
-5972
-7274
-5905
-5470
-3107
-1129
-597
2062
3532
6359
3988
8147
9238
7868
8802
6977
7581
9149
9201
8447
8390
4136
3499
6656
4736
5142
2852
1703
2472
2505
1001
-538
-1328
-102
-474
-2973
-2998
-1716
-3322
-3402
-3282
-4633
-3942
-4559
-6510
-7264
-8794
-8940
-9680
-11623
-12967
-15829
-14057
-17181
-18781
-19088
-16232
-12393
-14774
-11591
-6173
-8237
-8165
393
-1586
2301
4526
4106
6775
6325
6128
4336
6492
8509
7994
7770
7862
7932
9243
8320
10738
8456
8596
8926
6698
6814
4361
4934
5807
5330
2170
2148
1578
100
443
1292
-1184
-1692
-938
-5640
-5150
-5958
-8057
-8663
-9054
-11549
-13120
-12717
-14975
-14410
-14903
-7940
-3253
-12833
-17509
-6994
-4134
-1007
-845
-2826
-2485
-2754
3984
6074
6525
9799
8614
9844
10191
8685
9555
11427
12945
13150
12985
13641
11338
10902
12638
13077
12625
12592
10120
8981
8440
7840
8427
5529
6420
5878
3206
2334
16
-373
-1716
-3872
-4473
-6462
-6303
-9242
-9180
-9524
-10564
-2174
-7796
-9126
-6995
-9116
-5561
-9249
-9622
-8156
-8497
-10017
-2541
603
-5059
-5736
-5524
322
2429
3746
5101
6891
5909
5089
7786
8019
8882
9636
7889
8173
9200
10963
8449
7064
7145
4942
3465
3358
3693
222
-1758
-1069
-2892
-3912
-5243
-5553
-8262
-8029
-9897
-12197
-11596
-9496
-3732
-4662
-9524
-9310
-7081
-8161
-7371
-7995
-7739
-8615
-8872
-9788
-7615
-6837
-7847
-6288
-8100
-10488
-8944
-402
-3703
-736
-1238
-1767
181
2905
11007
8822
11398
11090
12264
8317
9485
12630
13148
10577
7592
9748
6264
5703
5887
4545
4642
-920
-1727
-284
-1184
-915
-2517
-2576
-2434
2577
5972
1161
-4444
1233
3597
491
4488
2411
808
146
-989
-1171
-144
2013
-628
-4250
-1919
-3077
-5917
-5125
-6641
-7696
-10508
-9280
-10533
-8459
-2655
-5726
-2945
-6609
-1315
1383
1422
3795
4444
5784
3936
6499
3249
3798
3289
942
965
1991
858
-1784
-1376
-2706
-1818
-715
137
5100
-1106
-6829
5340
6663
4473
5312
5111
5210
1819
2733
2477
3849
5256
4459
1362
924
-256
-1196
-407
-1200
-901
-2771
-4480
-4948
-7671
-7278
-3779
-8884
-10983
-11466
-12095
-13882
-6682
-3626
-7543
-8070
-8521
-4359
-4436
-1536
1187
677
1615
1716
932
2046
2948
1898
2536
232
8648
14002
570
6902
12027
9524
10879
11228
12219
10046
8921
9838
11421
10088
8906
9640
10383
9127
8525
6275
6914
4673
4134
4748
4584
4526
1456
2520
94
-2732
-5232
-2985
-3424
-8574
-8922
-9828
-12271
-11410
-10963
-10400
-12730
-9313
-7914
-12361
-11576
-12225
-11892
-11339
-10192
-7114
-3495
-448
8222
2092
2179
8266
6143
8150
6604
10511
10776
9709
9746
9610
12494
11662
12001
11377
9870
9932
7971
6426
4454
3267
3114
2253
1039
971
145
-1668
-1244
-3268
-4860
-5806
-6919
-9211
-8419
-10520
-10424
-8660
-10214
-10074
-16062
-17562
-18023
-15272
-14171
-16111
-17873
-20337
-16058
-14752
-11725
-1828
-3683
-6890
643
1961
5156
9858
14159
14133
14310
14780
11412
14438
15832
16635
16487
17628
16939
13350
12345
13462
10306
11970
13211
8582
9132
8592
6040
5699
3547
2019
521
-669
703
-2708
-2893
-3984
-5347
-6252
-6976
-9294
-12484
-10719
-11143
-11451
-13955
-13157
-13583
-14842
-11843
-12026
-6133
-8732
-15782
-11488
-12764
-2440
155
-3592
-2101
-2265
4780
4022
8791
11219
9208
11968
12122
11829
10758
10506
12383
13733
11616
9630
8502
6848
6385
6155
5688
4242
2215
937
621
-239
-2661
-1658
-3276
-5835
-6088
-8383
-10777
-10613
-12659
-14257
-14383
-16582
-17059
-15426
-17560
-16870
-14920
-10649
-4437
-10155
-10060
712
-530
-756
-3727
-5472
-3514
-4431
-4134
-1106
5160
358
-611
-1215
5429
11135
8990
11726
9149
11509
13468
13492
11136
10676
8917
7411
10884
10655
10346
4429
8273
7821
2198
5297
4001
3203
1160
-492
-3355
-5985
-5600
-4687
-4900
-5842
-5961
-7071
-4913
-6865
-1973
7474
-1644
-2569
5284
4969
3491
4901
6299
7243
4786
3698
5350
5782
2466
980
-1154
485
639
-2487
-6068
397
3893
747
742
-1106
4707
1586
3400
4657
4990
7125
3932
2918
469
2490
2232
3957
3074
-947
-3362
-5464
-5369
-6257
-6402
-5942
-8747
-8665
-9211
-8797
-6640
-6578
-310
2168
-2991
-1402
-573
1659
5119
4032
6721
5144
6000
3232
3197
3387
3570
1745
5178
6381
277
-34
-4293
-4570
-5284
-8711
-7533
-8727
-10708
-13052
-6485
-4826
-8560
-9075
-11684
-4113
-3083
-2549
-815
-4648
-3516
-1149
1335
-449
-3450
-4153
-1912
-1176
-2638
607
222
-1300
1996
6192
12730
6887
7439
8382
7121
13372
14074
13422
12844
11842
10152
9762
10725
9384
10080
7266
3504
4720
7300
6316
2557
1526
743
-3169
-4747
-4669
-8169
-10127
-11070
-10933
-13118
-14167
-16518
-16481
-19954
-19378
-14208
-14451
-14382
-16457
-12925
-13116
-7268
-8184
-9465
-3421
-4820
-5618
-2657
-2662
-2455
3880
6879
5201
7887
10614
9112
12657
13285
13270
12375
10548
12242
11867
14904
14857
13612
12496
13404
12259
9785
6672
3831
3293
3865
3046
1713
1445
-2357
-2791
-2086
-3835
-7838
-10046
-9364
-13051
-12940
-14131
-14546
-16212
-16373
-16132
-17181
-17509
-17399
-10864
-13896
-15762
-13506
-6679
-4239
-2888
3654
6697
3302
4445
12523
8124
10935
12518
13759
14944
10106
13498
13794
13202
12281
12654
14834
12632
14411
11216
10417
8968
5394
4831
1288
1409
1837
2701
-249
-1045
-5352
-7364
-4215
-6830
-6922
-3984
-5103
-9410
-7255
-7498
-7921
-12030
-15668
-12804
-13992
-13808
-17350
-17127
-12868
-13339
-14732
-14294
1573
-1550
-6389
-280
3131
6681
7485
10226
6087
8578
13098
12174
11721
12857
13573
13046
14205
15698
14164
14839
13183
10984
11317
9045
9020
6326
7073
1764
-602
1204
-549
1202
736
743
-1287
-3156
-2255
-2842
-3367
-2198
-2801
-3645
-3850
-7327
-6608
-5931
-7410
-6708
-8633
-10727
-9336
-3627
-1343
-9144
-5954
-5973
-7086
-6551
-3675
1410
1540
346
-2367
454
3470
6895
7188
6030
5490
6549
6298
6471
5781
6150
6397
4337
6778
5999
5766
4035
1251
2155
1287
3948
2852
2598
2859
878
-357
-1029
-2048
-1560
-1911
-3148
-3098
-3564
-3886
-6050
-7854
-7972
-7448
-9924
-3836
1731
-2126
-2711
-5242
-4732
-3304
-3381
-3905
-1664
-3162
-4448
-4894
-5972
-7248
-7380
-1904
-2568
-175
-2156
-2151
2258
1766
2019
-1501
-643
2822
2405
5157
5368
2159
3164
4187
5181
3987
5716
4591
4595
6762
5246
4473
4274
4581
3802
3157
2498
1842
-566
280
-682
529
-850
4940
5190
2210
5083
-1750
1821
5417
3260
2209
1982
841
-540
-2420
-1549
-400
-3647
-3636
-5368
-5505
-7844
-7020
-8047
-10454
-2689
-5627
-3017
-4114
-6108
-427
433
4235
3141
4725
5809
5781
5299
5739
3638
3911
6637
7843
8424
5353
5599
5238
3461
243
356
-306
1180
4123
2614
11495
6554
72
1144
2639
8189
7981
3872
2217
4469
2482
-177
686
-1212
-4130
-4223
-69
-2419
-4551
-9172
-11753
-7858
-11180
-10078
-7791
-8391
-10440
-13571
-11790
-12785
-7897
-1982
-3617
-3236
-3435
-2733
829
3603
3853
4020
3803
4376
2912
991
5031
4109
3601
3675
4261
4514
4598
8998
12762
7128
6818
11950
8210
6425
8405
9892
7193
3030
4414
4293
3884
2646
1733
4063
627
-610
-2005
-192
-3212
-4218
-4035
-5327
-6444
-8515
-5078
-8057
-7733
-6731
-7319
-7950
-10372
-11076
-10864
-12763
-12630
-9679
-6929
-8948
-12044
-8905
-6829
-7269
-4478
-4084
-5245
-2107
289
367
2241
10013
8394
3652
7893
10724
8437
7638
8202
10744
7303
6256
6040
8185
5899
2678
996
4196
1773
-377
-2404
1392
834
-2650
-699
-715
-2379
-6435
-2342
1397
-2189
-3812
-2309
-4858
-5325
-1176
-3214
-5713
-5762
-4809
-7448
-10655
-9467
-12699
-14656
-14503
-15465
-12354
-9944
-12153
-11367
-7399
-830
1531
-4193
-952
6515
4876
5744
6790
8155
8252
7003
7972
7828
6819
4229
5386
5258
4240
5633
5250
3178
5258
5198
3545
2221
2601
3189
3307
3860
1840
3195
1766
-307
1732
2211
1541
-998
-1634
-1912
-2235
-4180
-2200
-2399
-7531
-8345
-6912
-9503
-10238
-10710
-10062
-12622
-9951
-2182
-5879
-11342
-87
5188
-3558
-1317
5914
5674
6899
7061
6130
8679
8937
9819
9447
11214
11521
10913
10374
10217
10383
10998
11540
10222
11202
9549
9354
9658
8877
9008
5713
6035
8659
6987
6811
5181
118
-1806
2832
689
-718
-4019
-6823
-5047
-7412
-8370
-9696
-13362
-12201
-11514
-6018
-4552
-13294
-11599
-5581
-7285
-6444
-6747
-8964
-7849
-7115
-5553
394
-5269
-7070
-1270
-1343
175
3487
4222
2227
4216
6064
6326
5312
7513
8350
6425
5395
7878
6118
4758
5230
4541
3399
1950
2040
3371
1223
-397
-1398
-2334
-3148
-4788
-3801
-5232
-7785
-6889
-8965
-9903
-8380
-5034
1704
983
-9567
-7465
313
-2029
-920
-1315
-1675
-5883
-5548
-5327
-7485
-6219
-8341
-9212
-10835
-12653
-8918
-3517
-3442
-7763
-6113
-2386
746
2848
4189
2320
2773
4895
4960
4427
6324
8146
6296
7970
5499
3184
3960
5953
7553
3779
2713
709
-1656
-2884
-5577
-6078
-5778
-2497
-3497
-4264
2342
-266
-1298
1986
536
428
1153
652
2200
-140
107
-731
-4108
-2564
-3155
-348
-3350
-4596
-5804
-7205
-6341
-7151
-7523
-9281
-8022
-7997
-7252
-2736
-303
-4571
-6605
-1588
-64
3484
3888
3329
1245
2929
2972
-437
-105
-865
1699
1780
926
1047
1185
-1010
-371
-3369
-1254
3009
5872
4549
-3140
4797
6899
4509
4375
5994
6107
6718
7660
5627
6019
7037
8385
8808
7418
6175
6200
5389
4941
2374
4190
2923
629
308
-3593
-3522
-2902
-3978
-5363
-6472
-6190
-7663
-6117
-961
-5765
-7951
-4406
-5113
-3603
-790
-5977
-4366
-270
-1220
-1151
-3922
-2286
-1636
401
1091
-526
1796
3506
9537
8895
6051
9333
6708
5214
4315
6716
5040
6687
8084
5828
6572
6852
8161
5089
5644
5651
6710
6183
4019
3764
3429
-632
-1950
388
-290
-2320
-3338
-3105
-4930
-6560
-8248
-10518
-10800
-11472
-13611
-13685
-15013
-8550
-13686
-16154
-13335
-11626
-8029
-8406
-3389
-3453
3178
824
-548
6100
8140
9889
7486
10288
11459
10732
11322
11974
11634
13114
12353
12180
12360
9397
9301
7897
7046
7518
5968
5356
4254
3032
1863
778
615
-1022
-1720
-4268
-4095
-4717
-8793
-8543
-10523
-12991
-11940
-14814
-15889
-16515
-18481
-19583
-19545
-19539
-22119
-25150
-23446
-20619
-17635
-9675
-11140
-13953
-10915
-4348
-91
-613
2923
7340
8423
12136
13460
11845
14335
15294
16997
15464
13572
14716
13537
12643
14268
13068
13104
11280
9793
10076
8106
6422
7735
7475
3508
4363
3913
1426
321
80
-2647
-3619
-3967
-4865
-6794
-7939
-8726
-11403
-14265
-13303
-13285
-14511
-13563
-13146
-11255
-8465
-11970
-14965
-11483
-6634
-6465
-7822
-5388
-2525
-1908
-105
-1805
306
5368
8785
10205
10757
14567
11599
11354
12108
11997
12512
12672
11151
9503
10423
8396
10069
11147
9068
7452
4836
4425
2914
4392
2671
782
1455
-1365
-4099
-6451
-8039
-8161
-7032
-9346
-10174
-12369
-12367
-12193
-10343
-2892
-4306
-5365
-4778
-2571
-1241
-2488
1285
-289
-1709
-2357
-2176
-3786
-5065
-5039
-2441
2103
4457
2059
-52
153
304
4368
6213
6795
7982
7589
10369
5076
4951
8468
8038
8569
8851
9219
4634
5186
5437
2372
2079
1710
-1213
-97
-1079
-6675
-3182
-5444
-7845
-7464
-7757
-7033
-5654
2189
1984
-3414
-1738
6324
6327
3450
5261
4763
1556
6367
5641
4428
5767
1963
4321
5766
1249
495
-482
-452
-218
-6559
-4140
3118
1591
759
-1302
-4522
-1609
1432
5592
5364
3541
1868
265
3725
1286
1271
3620
-663
-145
-245
951
799
-1130
-4400
-7799
-6560
-4290
-5227
-408
681
-1995
-19
2047
3910
3824
3907
4631
3424
2209
1506
3803
4374
2904
2227
2241
2598
821
-1088
-2180
-3574
-2033
-4011
-5005
-5238
-8927
-10514
-9623
-11788
-12585
-15418
-11232
-9313
-10642
-12781
-15580
-9275
-9329
-8947
-6920
-6100
-5699
-5429
-3038
-6624
-3084
-2305
-305
-624
687
4290
8923
7926
2706
9672
8634
8889
8961
8784
9848
8519
9689
9200
8176
8578
7520
3588
5475
5631
4214
4944
5933
3544
3522
3394
-616
-1101
738
2840
-1305
-4044
-4626
-7677
-8316
-11769
-11077
-9335
-13918
-14735
-14530
-18237
-16098
-12347
-11063
-10090
-11199
-9531
-6748
-3990
-2892
-933
-323
3864
9231
4820
6806
11508
13757
13029
12750
12969
13776
11718
10718
14459
13989
12778
12326
10148
8022
5745
4899
6148
3707
4176
1143
1849
1582
-2391
-1511
-1199
-2486
-2018
-6120
-9241
-6087
-9724
-8232
-9611
-13523
-12746
-13619
-14899
-16278
-16055
-16046
-17532
-17524
-17758
-18026
-18724
-10841
-7030
-7580
-2082
-4817
-2940
1527
4695
9933
9481
8769
10996
9372
8918
9709
12088
11105
11170
12595
10791
9697
11406
10202
7999
7007
8252
8961
3964
5918
4867
773
946
-1354
324
1512
-484
1268
-673
-1192
-1908
-5722
-3606
-4290
-5377
-6153
-4817
-5182
-6829
-6429
-7672
-7924
-7301
-6955
-6815
-378
-1860
-5543
-2652
-4161
896
6735
6665
6343
3066
3970
7965
8093
10254
12199
11982
10272
9791
10304
10682
11384
11359
11480
10264
8756
6662
8724
7428
5103
6312
3278
1181
1650
1426
1450
2268
551
305
-40
-1409
581
-408
-1630
-3192
-5269
-5293
-5194
-5740
-6440
-4970
-3410
-2497
1830
2615
-5650
-1756
4850
-1122
-126
692
-2631
-4060
-4029
-4374
-5906
-2821
-1699
-2271
-4173
-8152
-5278
-567
915
714
907
41
97
-327
-1400
-535
-375
1748
1135
-437
904
-1241
-2500
-870
-1219
-1393
-1122
371
212
-966
-167
-2242
-4428
-3452
-4833
-4410
-5709
-4535
-2529
1128
298
-2801
-2015
2780
1960
526
1874
468
498
763
1535
-3455
-4880
-6532
-6409
-5923
-6646
-7913
-10764
-11010
-14406
-8564
-7529
-8903
-10089
-7705
-3634
-6632
-1580
1239
669
2112
5625
5097
5932
7115
5212
6556
7812
7378
6971
9577
8354
7605
6762
4510
3298
3584
4070
3536
8898
10534
9204
6402
5818
12917
9110
8154
10071
5530
6349
6595
5884
2372
-282
638
4032
3482
-840
-3801
-4772
-8488
-10754
-6255
-9737
-12864
-14818
-15588
-15804
-16533
-15649
-11438
-10692
-13481
-10918
-10603
-5851
-3226
-1709
-3038
-739
-1345
99
561
-743
914
1881
646
1218
1283
165
6193
12827
9311
2776
4478
10095
10310
7887
8438
7180
5107
4439
7087
9666
6297
5905
5077
9215
4510
2829
584
-458
1679
-1027
-1167
-2275
-4520
-4808
-4891
-6567
-6991
-7147
-8520
-6918
-8788
-9260
-8428
-12003
-11404
-10793
-3674
-2976
-8646
-3991
-6703
-6321
-2700
-2075
-996
1978
3404
2727
7960
13804
10848
9258
10386
14518
15927
13259
16238
13958
12834
11839
12020
11866
11403
9446
10817
9496
3035
5013
5007
4375
3616
3137
1472
1098
-96
-1586
-1490
-749
-194
-719
-464
-3462
-5526
-2473
-3380
-4939
-5300
-9258
-9923
-7730
-9314
-8567
-10159
-13868
-16499
-18081
-11663
-8310
-15548
-9791
-1763
-2685
-785
-492
6075
5121
5030
7536
7913
9099
12452
12825
11733
10538
9634
3941
12705
12361
8218
10237
6759
7529
6641
6941
6337
6071
6089
5332
1631
1024
-650
-2623
3710
2458
1538
723
-4899
-2683
-6418
-3962
-3243
-7051
-8363
-10211
-11230
-11773
-7697
-11700
-15959
-17142
-17289
-16163
-9531
-6867
-12560
-11471
-5281
-1269
-3325
-3299
-902
721
1837
5756
3617
1259
5895
5801
6897
9249
8449
7027
6229
10364
9469
9330
9407
8197
5420
5121
6483
7469
4898
4532
6965
1918
1451
-345
-2003
-213
-2548
-3915
-5038
-6306
-5930
-5234
-4328
-7691
-10485
-10382
-10239
-8687
-6724
-3069
-5615
-6651
-7821
-3827
-374
-2518
-6608
-5256
-2404
-5666
-11677
-6554
1872
-3741
-1969
-6758
-885
2645
-2054
3320
3288
3648
7995
9508
7205
11007
8929
8215
9188
10751
7720
8123
8998
5558
7936
2732
6067
2965
1511
5072
300
-1142
-3960
-3976
-3402
-5362
-7124
-6569
-12697
-11353
-7299
-4759
1720
-4717
-5141
-3425
-1784
427
-378
-3332
-4229
-2623
-1255
142
-1730
-5725
-7366
-8236
-5486
-2922
-7575
-7559
-1732
47
-2834
-340
464
567
995
2654
5448
6361
8075
5757
6962
6981
6211
6297
5849
7777
6495
6395
4364
2964
2460
3465
1652
-4108
-3302
-4063
-3625
-3051
-849
3111
573
-1551
2772
4555
2374
3879
2862
2528
2611
1898
4987
2095
2865
3734
2208
2638
2452
490
-4079
-2194
292
-1322
-3989
-5506
-4818
-5003
-1780
-4433
-213
-63
-5466
-1531
-1157
-318
917
-550
1865
1932
3609
4884
3304
3983
3795
2561
2369
1137
-105
1138
661
-2229
5066
6644
2596
-24
-1
5810
3626
7189
7720
3633
5168
4134
3160
4602
4124
4570
3216
3289
5043
1974
2025
1094
2055
1656
1765
1920
1600
845
-1520
-1140
-2243
-2395
-4866
-8760
-7689
-8884
-8331
-9582
-8132
-4865
-9836
-10928
-12652
-8778
-9700
-9671
-8063
-8886
-7719
-7234
-5808
-1637
1202
-3454
-2302
3599
5093
2954
6393
6495
4286
5601
6969
8769
5056
7051
7388
6693
8275
6624
4434
4415
6612
7791
4743
3509
3435
2914
2341
3807
1711
-1492
-1657
-3382
-4583
-5244
-4714
-6558
-8835
-7264
-9957
-11733
-11681
-13507
-13622
-14379
-12875
-16958
-19438
-12077
-14214
-17141
-17655
-10685
-5657
-7065
-4511
-2019
1155
2103
6597
5668
5908
6475
5670
8689
11285
13329
12569
12203
13771
14858
14118
13162
11667
8365
9765
8173
7753
8260
5119
4857
2952
2958
1854
1936
2099
236
-2456
-3786
-2948
-5558
-4159
-3135
-6874
-9905
-10420
-12427
-12636
-13729
-13475
-18556
-20120
-15044
-16452
-12849
-12849
-21986
-14370
-1254
-2645
-7276
-4643
545
1721
5891
6652
2877
5440
10149
13296
16836
16742
14070
12208
13386
14721
15125
15355
14451
15647
15282
15267
13566
9646
11119
9349
8568
6892
6385
4643
2436
3213
773
-996
-4582
-4184
-2855
-5848
-7506
-8592
-12467
-13375
-12222
-10859
-11466
-9043
-3595
-6061
-10699
-5264
-4542
-5051
-3044
-2068
-1334
-4331
-2689
-2421
1774
5260
4079
3523
1656
6856
6811
9954
11223
9125
10696
8559
8829
8446
7983
9847
10700
10936
9332
10691
10094
8022
8441
7760
5068
2228
1940
145
-289
-2701
-3157
-5814
-8295
-8251
-11355
-10446
-11758
-10771
-8342
-6341
-2009
-8245
-5563
1469
-3581
-2261
-394
100
-168
-691
570
-238
-1462
-1344
-945
-2350
-972
-2985
-7321
-10526
-4929
1666
-2803
-2797
-4947
-5447
-2031
514
3622
3041
3990
6758
4407
5712
5456
3840
5210
4780
6344
4149
1644
-2279
-1976
-1522
-3701
-6343
-7818
-8675
-7798
-6194
-6084
224
-342
-3476
-283
4224
4253
2675
4570
4461
2483
3055
3820
2461
-346
575
2397
258
1144
1685
-554
-3394
-4552
-3480
-3695
-5957
-3883
-4518
-5637
-9548
-11448
-2345
-4439
-6691
-7072
-4661
-1752
-1855
-1597
-3769
-5554
-3066
-2260
-2385
-1301
-1446
120
-1273
1011
1581
689
-31
5415
10967
5636
4309
9796
11849
8084
12371
14254
13898
12619
12244
11652
8270
10320
10199
9365
8989
10179
5190
2667
1451
-159
-3159
-4129
-5450
-6641
-6391
-8816
-8603
-10227
-13362
-14399
-11355
-14513
-14983
-16368
-17587
-19943
-11721
-6759
-15153
-16586
-13109
-12505
-12402
-9544
-8664
-7032
-5168
-2509
-890
6763
9435
4751
4701
10710
11630
11149
14228
14134
13690
12597
14961
13256
12889
12834
12422
12215
11494
10096
7867
6990
4545
2715
598
-644
-1898
-3104
-3876
-4369
-4424
-7439
-6720
-4957
-7799
-10091
-9187
-7492
-9190
-9658
-11509
-12475
-12948
-12698
-11455
-14466
-13258
-14110
-10193
-5553
-5643
-7502
-3500
3739
1834
2751
7766
13179
12296
15192
14787
16796
16890
14468
18085
13674
15955
15658
14529
14357
11973
10981
7553
7074
5224
3461
2984
2257
2383
1576
-348
-3067
-3241
-4799
-4782
-7734
-11109
-7253
-7969
-9334
-11009
-11325
-12154
-12159
-9875
-9345
-9218
-12661
-11454
-13323
-12940
-13933
-10610
-13595
-8785
-4720
-11559
-8494
-5618
4108
3206
3480
210
569
3042
6413
10766
8643
10782
8005
9252
7535
9210
10624
8211
6506
6769
6249
5750
6306
5450
5470
1181
1071
-1021
343
2397
-808
-1813
-2768
-4527
-5081
-4331
-5990
-3972
-4358
-6361
-5336
-7073
-5173
-4137
-4693
-6070
-6082
-4201
-4417
3761
2635
-2227
-1063
-898
2777
2299
3353
2477
-1533
-685
-3777
-1717
3708
5616
5362
-1075
2399
5640
2199
9436
6658
8840
9054
6453
9033
8332
7634
4714
6345
4141
3169
4654
3549
3854
3952
751
-911
254
553
1175
2317
1771
-1601
-1065
-1159
-699
-1132
-441
-915
376
639
8637
7040
-35
3631
7394
6091
3882
8995
2263
1015
1510
134
830
1643
1737
-3441
-3081
-5635
-4885
-8712
-6713
-3139
-6932
-4106
-5866
-8159
-7468
-2168
-1643
-1434
-2427
-3308
-21
-1657
-1917
-1189
-905
24
-279
880
3492
1499
-73
-277
-487
-1226
-1071
-1371
-5336
-2540
-2790
1383
5757
436
-5
5042
6464
5030
5638
5259
4312
3847
3592
3532
855
544
-1434
-1859
-1316
-1731
-5361
-6430
-6976
-8089
-9076
-12170
-12552
-13844
-13792
-15708
-15528
-15383
-9835
-8134
-6654
-11401
-12945
-5806
-6763
-423
558
-1233
539
1227
993
975
5149
5260
6351
5534
2713
6915
2136
7182
14464
8558
6841
11330
14029
14090
16392
15139
12179
11259
11259
10440
9455
8505
8219
6911
6351
7268
3856
677
-537
1661
57
-4534
-3091
-4023
-7232
-4934
-4752
-8066
-8918
-8237
-8572
-10059
-7720
-8542
-10295
-11027
-8097
-6147
-7072
-7803
-9226
-7259
-6411
-6309
-5073
-5764
-4893
1073
2259
7749
9535
1310
4101
10735
10185
9676
8380
9026
10380
9613
8486
7191
5558
5184
5404
3605
3733
692
-2195
1162
-237
-1431
-2194
-4542
-4337
-3209
-4906
-4961
-5160
-5971
-6463
-5613
-6046
-8263
-8120
-8809
-8383
-6684
-7536
-8061
-9646
-8659
-10125
-11232
-11872
-13004
-11694
-7852
-9473
-11167
-7486
-4162
1553
2259
5428
8083
4972
9065
13192
12955
11783
12248
13398
13732
12943
12871
10098
10852
13999
11122
9647
8643
8030
8179
7631
6897
6109
5042
5957
6126
6790
5123
5210
5144
4452
4605
2941
3103
1243
329
-1087
-1421
-3189
-5885
-5787
-8217
-10383
-10841
-9414
-11048
-11557
-13640
-12650
-12727
-12769
-13869
-8071
-898
1567
590
-975
-1034
-2957
2880
4257
4880
3880
6724
8192
9455
11173
10787
8310
6569
8502
5412
6001
5444
7057
9997
8473
9588
10180
7649
5803
4459
2794
3515
3970
3803
5079
3359
1035
-888
-2076
-4275
-5814
-7602
-9034
-10129
-12365
-13556
-12588
-13220
-13487
-7999
-9307
-14631
-11697
-7668
-10266
-10082
-5775
-5332
-5477
-13805
-12224
-4366
-7210
-3184
-7305
-5802
-694
-783
3973
3293
3992
6341
7390
7554
8379
9246
9007
9618
12714
12538
9404
8870
10554
10666
8989
8167
4572
3548
2574
1228
742
-1174
-1613
-1759
-2462
-3280
-4003
-5060
-5470
-5385
-761
1583
-3029
-4399
1004
2288
-1133
-1082
-966
-4433
-2975
561
-1211
-259
-2234
-5418
-4495
-2506
-2932
-4065
-1957
-2872
-128
5395
1221
-1930
4758
6414
7750
10208
9665
10241
10867
8812
7969
7889
7650
6639
6863
8775
6748
5505
3705
1374
609
125
1395
-2287
-4072
-6356
-6746
-5487
-5081
-303
-5991
-8103
-3345
-2705
-4079
-3105
-1476
-6031
-4199
-3699
-6192
-4366
-3950
-3493
-4571
-6154
-4643
-2540
-3566
-3294
-3794
-3223
-3917
-6006
-6859
-8200
-6647
-8426
-5992
-2342
-4955
-7064
-4676
-4049
-3778
-9
-910
705
1049
-843
-583
-852
-972
-2417
-1100
-2540
-2820
-3973
-3801
-1467
2964
3566
-1905
26
2519
4912
713
1687
6577
3485
2908
-71
-707
2401
840
-562
932
2122
3788
1687
-525
270
3949
150
-2333
-752
1625
-765
-2978
-4772
-5983
-2926
-4842
-7162
-9772
-10182
-7955
-8749
-14118
-9585
-6978
-9240
-11030
-7551
-6108
-5466
-1837
-4429
-1811
331
-133
356
6257
2900
4303
5368
6224
11531
8338
11242
10364
11235
9464
9650
11689
10926
9669
8563
11254
9990
7902
10424
9085
5919
11010
7634
5012
7554
5181
5530
4750
5665
2936
-1718
729
-615
-1457
-694
-4890
-6278
-8508
-10923
-9395
-12821
-12481
-10866
-13787
-12269
-15522
-10473
-9710
-14060
-12774
-11612
-1081
-6041
-2509
1519
568
4623
5269
8029
8408
9226
8585
11506
13081
13675
14467
14174
10138
11151
10501
9764
9896
6241
8267
10339
6840
7601
8089
4207
8739
6554
5898
6074
1833
3863
994
-64
-1604
-2396
-3771
-5681
-6103
-8921
-12290
-9584
-12837
-11817
-12594
-15842
-14735
-18348
-17292
-13642
-11346
-11116
-9958
-11154
635
-1910
-5340
-556
-2079
1219
1517
8741
4948
9549
10815
8129
10412
9300
12320
10750
11170
14453
10082
9399
13790
14536
13314
10145
9928
6872
7815
8540
7542
4680
4243
2849
3227
1907
-597
-143
-964
-2572
-3938
-5027
-8115
-8251
-8532
-10209
-9871
-11183
-11102
-7770
-2016
-5195
-10230
-4499
-2268
-3852
-774
-678
-879
-2635
-1257
-1126
1566
4889
4288
1345
-450
3957
1950
5079
6920
5421
5624
7655
5618
6268
5761
8055
8782
5933
8739
5088
6138
5595
4338
3392
1592
469
119
-3539
-3912
-5154
-6449
-5862
-7681
-7856
-7489
-5321
-10479
-8327
-5612
-2316
1096
245
-4429
-2938
3458
-2087
-318
721
-200
-312
-453
-1025
-1470
-2580
-2471
-3163
-3554
-5547
-7527
-5999
-2778
-1671
-4784
-2869
-7839
-6402
-2332
-3642
-442
-840
-1195
58
41
161
106
228
1347
-695
-2312
-2712
-1557
-3396
-5097
-3848
-7311
-6287
-4009
-6626
-6828
-5202
-1708
3329
1034
-1170
-149
2816
4467
7413
7173
5114
6707
5719
4919
4482
5601
3885
2508
3444
18
-2727
948
3006
589
-729
-1436
-4914
-7343
-7979
-8929
-7642
-6934
-6642
-7986
-7466
-13111
-8376
-1900
-4515
-4042
-2497
1083
-451
-272
-576
-155
281
-2689
-4977
-1454
364
1286
707
3060
7580
5647
7997
10220
12937
11052
12750
13502
13963
14885
13352
13307
13048
10480
9968
7378
5794
3792
1757
3236
-476
-1180
-3773
-4490
-5412
-6291
-4641
-7306
-7824
-8258
-12831
-11912
-13542
-14956
-14685
-18736
-16660
-16977
-18501
-15388
-9921
-12025
-16295
-11194
-10478
-8459
-3646
-2703
-1923
-1746
-466
6612
11324
5538
7179
16425
14011
13041
14745
15600
18661
17089
16227
16221
15551
16657
15178
14217
13393
11229
10748
10275
9664
7573
6128
4556
3762
1826
2091
459
-2167
-2286
-4485
-6610
-7631
-7226
-6879
-9363
-11259
-12587
-15495
-11668
-13954
-12257
-12597
-14514
-13561
-15986
-16702
-13419
-8715
-8492
-8917
-1617
4072
-2725
5776
9539
5164
10873
12957
14411
11704
13287
14947
11887
12934
13614
12911
13267
9506
9162
9630
9268
10658
7902
5343
3959
2240
890
-63
-1675
-3532
-6501
-6183
-5953
-8090
-9237
-5603
-5860
-10808
-8693
-8733
-7895
-9138
-12591
-8476
-12342
-12499
-13250
-14479
-11728
-13694
-10472
-12065
-2978
-4878
-8678
-2714
-2277
800
720
2762
670
2001
3870
4320
8635
9722
8574
11850
8704
10752
8415
7944
14056
7235
7868
6184
5550
5782
1808
3578
1985
1368
153
-2194
164
-2527
88
-6
-3635
-82
-3013
-2458
-1993
-2231
-1461
-4063
-3662
-4994
-7218
-3933
-3389
-8226
-5104
-2754
2069
1776
-1535
742
4036
2811
109
1096
2760
612
245
859
-648
4526
3594
4846
-1145
-248
5767
3559
8159
9000
7304
6383
5002
1530
5555
5566
3660
2274
1924
3463
1086
2675
2173
292
1103
1574
258
-3000
-2909
-956
-2467
-4071
-5524
-6179
-6627
-7100
-7528
-8552
-4605
-760
-1483
-2529
-3457
223
2181
-1488
2034
1493
1905
-129
-1918
-1087
-3587
-3813
-3421
-3829
-9184
-4585
-6018
-8219
-7868
-10468
-5864
-4186
-4156
-7290
-4669
-4374
-4075
3211
2902
-87
-1503
-665
530
608
3123
4309
1444
1666
2357
-566
-321
544
-1104
-2692
-2926
-1012
-4222
-4150
-3169
-1154
3777
2090
2578
2784
5030
4410
5604
8165
4067
4917
2950
4475
636
1446
718
-3296
-1558
-1435
-1444
-5558
-3138
-4209
-2142
-7224
-10125
-7237
-9760
-8337
-7965
-8394
-6100
-10
-2416
-460
-2194
-1628
391
2559
4640
3633
4653
3181
5458
4436
5463
5400
5238
5489
3702
5324
5447
14147
9717
5052
11963
10368
11067
12588
11624
11531
12307
10613
9578
8991
7756
8042
8347
6236
4393
4793
1021
3107
1945
1116
1760
-1837
-1479
-854
-1706
-3421
-1930
-4872
-4936
-6413
-8613
-9489
-10842
-11855
-12498
-13114
-15526
-7604
-8393
-10025
-7166
-10740
-8468
-4729
-4463
-4961
-4354
-1617
-366
8282
8930
1318
8820
7775
5380
6291
6440
6174
5947
6727
5988
7040
5503
2424
3908
4335
4944
3492
-649
1618
-500
-1112
-415
-2246
-2219
-1169
-2019
-1715
-2560
-1328
-2129
-4166
-3847
-6082
-4457
-6379
-7997
-8904
-9451
-10585
-12337
-13545
-15855
-15416
-16678
-16808
-15320
-15809
-10377
-8747
-9083
-3446
-2542
-2708
6529
8206
4601
6371
6934
7536
6512
11918
8388
6525
8924
11923
10163
3248
9585
4887
3848
7748
5679
4014
3288
3572
1200
4245
5797
4124
4125
4946
2993
3852
3452
2645
2908
618
-1862
-3137
-915
-1329
-3642
-2206
-5669
-6639
-7010
-8597
-8650
-12987
-12238
-12992
-8955
-7924
-11045
-13947
-6875
-7463
-6059
2336
-1527
-3213
-5607
-1248
-3394
-2425
2979
3125
3206
4318
4340
3930
5948
6101
8393
8395
10086
10299
10142
9930
10527
10630
9003
10318
8567
8208
6694
5098
3336
1880
1667
1004
1079
-2165
-3793
-4376
-7302
-7504
-8173
-9848
-11506
-12106
-12280
-9774
-5112
-9937
-10175
-7146
-4049
-5168
-6479
-6213
-5578
-9472
-9322
-4912
-9411
-7263
-6301
-1486
-1618
-3125
-5368
-2453
753
4922
8712
7216
8829
8464
11477
11765
10410
10515
11771
9657
12161
10865
12376
12164
9655
11023
9576
8457
5386
5086
3158
2043
2976
1164
307
-3409
-4743
-4633
-3489
-62
4468
-1429
-6803
-868
1176
1148
-29
-4671
-2469
-7108
-4445
-665
-1493
-1505
-3989
-4751
-6238
-4157
-6627
-5951
-4885
-10512
-7611
-3417
2299
1254
-225
-2344
-2365
4003
7172
7233
5806
6202
4925
6465
7796
9493
8006
7548
5584
2203
3075
3072
2680
714
1466
-58
-1850
-3491
-856
4623
6834
-737
351
4942
-2773
5007
1679
2150
7867
1817
998
-2320
-1109
1039
2003
-111
1715
-123
-2680
-3206
-2251
-2997
-6492
-6897
-7275
-6864
-8111
-7688
-9003
-9750
-10470
-9877
-6127
-7699
-6678
-6261
-6963
-6179
-5483
-5215
-2860
-1946
-2789
-1175
-1542
-752
-3588
-3334
-3578
-3281
-1636
3402
8862
2828
1282
2028
3535
4518
5301
8971
9545
8055
6816
6232
6156
9651
8062
5966
3869
4731
5595
5808
6914
5375
2049
2288
2606
1242
1008
-1343
-898
-3264
-1962
-940
-4384
-4469
-6965
-6846
-8748
-11709
-11917
-13414
-10015
-9835
-11544
-12356
-10865
-10567
-7521
-4965
-5722
-1614
-3438
3277
4584
1935
8072
7950
9008
11055
11170
10182
9659
9512
11838
11261
12956
13360
10499
11015
8661
7883
7145
9735
10354
6850
6239
7784
6729
5355
6701
5227
-713
-1929
-153
-3669
-4213
-3590
-4583
-5569
-7920
-5436
-8045
-11356
-10771
-11637
-10444
-11437
-12610
-15702
-15035
-16301
-19092
-10696
-7799
-5970
-2064
-5380
-3773
1354
1660
6623
8617
7765
8117
9782
10422
10453
11251
12330
13626
12788
11764
9797
10437
11554
11898
12812
11679
9689
10623
6034
4950
8079
6336
5723
5052
3493
972
1135
218
1597
-516
-1497
-2469
-6187
-4999
-7627
-10300
-10473
-10587
-13820
-15608
-14170
-16515
-16162
-14480
-11297
-8371
-13640
-9178
-5450
-5489
-3894
-4833
-50
1298
-2283
1489
3299
983
7046
7404
7420
8142
8674
10272
11734
11043
9607
10937
9770
8392
8735
8707
7279
6441
6024
2645
631
1106
-412
-3612
-4430
-4069
-4225
-3932
-6110
-8642
-9788
-11020
-10967
-10938
-13494
-13610
-11229
-13418
-11111
-12290
-6791
-2490
-7772
-5337
-3260
69
123
144
892
1087
1047
814
779
-999
-1185
-605
2647
2795
2249
1966
1211
2885
3131
4507
6923
6572
5392
6077
6456
5449
3671
3666
5261
4272
3482
2628
2369
330
-507
-2533
-4807
-3965
-4779
-5477
-6153
-3798
-8006
-8462
-6722
-6203
-5512
-2095
3308
208
1223
345
6169
5633
3632
5417
4571
4671
1630
4050
4144
3389
4537
5326
1854
2484
2395
620
826
-2717
-2050
-3107
-4822
343
-464
-3042
-3298
-4339
-2016
-2868
127
-360
-1022
496
735
-757
-2461
671
-1722
-3090
-3071
-1217
609
-4435
-2497
-2011
469
1833
-1423
1945
3493
951
-402
6513
8594
8209
6145
7520
9015
6969
6680
6696
5589
4418
3963
6181
4143
2001
657
-1014
997
505
-3288
-4861
-5115
-7651
-8307
-10048
-12291
-12844
-9751
-9253
-11285
-15160
-12110
-15621
-13555
-9492
-9056
-11467
-10668
-7328
-5582
-3305
-3705
-7884
-6575
-3193
734
3345
3272
4573
8338
3964
8719
12016
14530
13814
13975
16288
13650
12174
13144
15835
14265
11591
11871
6489
4676
8329
6856
5974
4392
2421
974
227
3131
1436
-185
-455
-3015
-4772
-5253
-6318
-6835
-9302
-7583
-9595
-10030
-10708
-12952
-12516
-14299
-14805
-12074
-7702
-8592
-5856
-7350
-7102
-6727
-3524
2603
2606
9259
11537
11425
6363
12635
13443
13882
18464
17072
15508
15741
17279
17424
16942
13724
15255
14055
12319
11264
10943
9981
7983
7724
7124
4953
4005
4226
1186
1519
-4026
-5994
-5499
-8361
-5929
-9403
-10594
-11881
-11806
-11960
-12654
-13758
-14179
-14071
-15168
-15135
-16116
-17918
-16500
-18025
-16509
-16792
-13534
-5275
-5071
530
-10369
696
9423
1924
8557
6981
7366
11993
12166
10699
12305
10368
9351
11118
9737
8509
8083
9660
6271
6858
4414
4500
2983
765
856
-966
-2103
-3734
-648
-5261
-5213
-3734
-6031
-5814
-6434
-6243
-7294
-8143
-8365
-8978
-8981
-10403
-11477
-12606
-12980
-11367
-11210
-10043
-12124
-5859
-6582
-10767
-9052
-6769
-2428
-4092
-1804
1778
866
748
351
881
3027
3411
4874
6970
7151
8661
10516
6188
6068
3903
5402
7764
7692
6990
3390
5531
2962
5962
4896
6087
6625
5222
5756
4427
3150
3976
3280
1582
3008
1564
-1673
-3784
-1867
-2907
-2433
-4784
-7024
-4782
-4347
682
1253
-1847
441
888
-915
-1192
-1236
1427
1883
-264
-693
-2170
-3738
-3847
-6941
-4648
1885
-251
-1940
-5001
-1017
2350
534
3724
2848
3826
3495
4797
5271
5362
5147
5571
6621
5099
7023
8468
7401
9222
6567
2058
1150
287
-72
358
-1222
-3123
-5228
-2353
-3303
-5369
-6843
3372
7505
-2769
4043
2426
2090
2799
4874
3743
37
4186
900
473
1485
173
-507
-3635
-6203
-5181
-6421
-6457
-5563
-7858
-10167
-12333
-7340
-6170
-6800
-5476
-7613
-3215
-2563
-3242
2365
4725
5612
7531
8326
6864
6787
7121
7883
7585
6749
4575
3729
2702
3832
2687
1564
1741
1486
6638
4387
1447
2444
6112
7577
6856
5176
4956
4678
3704
3671
689
4598
2070
3533
2454
-1115
-110
-541
-1764
-1053
-435
-3184
-3149
-6562
-3270
-3361
-4373
-4545
-3217
-3960
-5105
-7000
-1678
2383
-804
-590
-6642
-3238
24
-994
-140
3133
459
-2337
658
1372
-1174
-1434
-361
438
5872
5860
2117
2348
5176
5776
3381
5463
4573
3178
2250
1449
-471
18
-901
-1831
-1832
-1315
-1229
-1621
-2028
-4056
-2602
-3820
-3000
-2447
-2073
-2210
-3558
-3165
-3630
-5694
-5285
-6020
-7602
-6519
-8320
-9525
-11336
-11719
-12796
-10879
-12809
-10893
-10889
-11250
-13833
-14131
-9771
-10171
-5821
-50
2598
4539
2987
1405
7368
5170
4023
6898
5747
6373
5019
5871
7839
4425
8600
9733
7069
6567
7549
8447
6896
9222
7422
7726
8168
7938
6930
6447
7148
4905
6729
5175
5139
3801
2607
2582
2056
1340
-635
-1021
-3242
-3600
-4630
-5436
-7503
-8927
-10197
-13028
-12998
-12413
-12049
-12608
576
-517
-8149
-6043
1160
1204
-1168
5645
3970
4461
2728
4181
4941
5891
6610
8158
10694
6902
5538
7575
8394
9942
12830
11292
11672
9812
9081
8810
7475
8466
7249
6394
6128
4913
3405
2526
-247
-782
590
-1265
-3179
-2532
-4180
-6585
-5849
-7484
-9175
-11534
-10964
-10047
-12835
-10645
-7914
-10465
-13085
-11989
-7982
-9314
-10656
-11547
-7858
125
-3168
-6248
-7212
-2299
420
-283
3226
2814
4672
5347
4692
6338
6951
6145
7052
6493
8504
8217
7145
6442
5212
5870
5840
3885
4134
5492
3612
1744
2363
2406
260
-164
-454
-1855
-2489
-4615
-5467
-5391
-5123
-5894
-5770
-4154
-3597
1057
-3769
-5715
-3216
-1123
62
-1803
-39
-2536
-2823
-551
-3264
-2047
-1480
-986
-3641
7
5627
2100
1849
1327
3176
2909
6932
6355
6160
8356
9774
11561
10964
11867
8549
10729
11104
7643
7065
9771
5356
4864
3971
2337
1054
-1974
-1894
-1726
-1602
-1922
-1628
-4093
-3828
-1215
2632
-5665
-5819
-4963
-3725
593
-3574
-1018
-2951
-2351
-1726
-1858
-1137
-1278
-910
-2879
-3134
-2528
-3984
-4336
-3250
-4861
-3257
-5370
-5208
-8930
-6162
-1387
-6947
-6037
-5743
-3048
-2511
-500
82
-1066
-748
-511
-329
-926
2154
3624
890
1348
-1899
-2076
-4058
-5468
-5542
-7366
-6681
-5330
822
412
-2384
-3654
1075
2666
1246
2846
2870
3735
3476
3588
3470
6990
2513
2720
4223
3736
4177
2082
1906
2425
1317
-1042
-1704
-756
-3573
-2772
-2256
-5233
-6240
-8054
-6445
-6366
-10269
-4215
-3309
-6909
-6922
-7892
-4275
-4590
729
227
-3762
-870
-2008
-2770
-1739
68
493
4124
9075
7313
5352
6496
10497
13764
13998
13619
13507
14065
13897
15115
14518
13210
12930
12566
12245
10911
11367
9676
6760
6119
5101
4763
1304
79
-3346
-4442
-3320
-3860
-5541
-7314
-9089
-11928
-13770
-11868
-13352
-15088
-15048
-16393
-17818
-9402
-8926
-10809
-17036
-17269
-16788
-16842
-17937
-17152
-17764
-16104
-8961
-13511
-11534
-15532
-10151
-4663
903
2706
6551
4382
-54
14441
7666
10758
15141
13335
13451
13089
14722
13453
17346
17449
13772
12180
9009
6562
11690
7922
10254
6476
3889
3430
-519
4711
2294
278
-2316
-3438
-669
-2174
-2685
-5275
-10384
-13897
-11078
-8763
-9869
-9403
-14045
-16985
-16372
-14088
-12965
-18520
-18507
-19177
-18509
-15845
-13747
-1571
-3465
-9262
-2818
2826
4957
7172
9036
10538
10501
14149
14485
14930
17518
13353
13372
12550
11655
13149
10846
9968
9755
7064
6964
-1041
-1736
1093
-741
-1326
-2989
-2982
-5380
-6452
-10646
-8443
-8530
-10475
-10922
-12801
-12528
-13998
-14718
-13693
-13369
-14930
-14879
-13352
-16111
-15781
-12695
-10337
-5166
-3076
-7574
-8921
-4056
-1662
2672
1726
3247
4642
185
7420
9057
9327
12976
13606
14201
14990
13211
13861
15154
15416
15905
10425
9739
11215
11142
10479
8717
7703
7220
3023
-5131
2549
1953
-633
622
-3292
-3370
-4072
-3330
-5111
-6392
-5719
-4901
-5833
-5656
-5606
-6809
-5958
-5424
3493
76
-1297
-3778
3786
4773
2231
4036
-611
4128
607
-428
5
1367
4201
5117
4367
18
4129
3441
6220
11651
9872
4024
3403
6692
7188
9358
7666
3224
451
249
2274
686
979
856
-1516
-1157
-1685
-7850
-6151
-3089
-3290
-4031
-6446
-8432
-8363
-5656
-4934
-2679
-3390
3585
2034
-6200
3991
3409
426
5789
5237
7012
4569
2520
2555
537
-21
-3349
-2273
-3836
-3363
-5465
-5641
-6715
-2101
-719
-6260
-839
-7750
-1994
944
-2950
149
955
336
1047
2001
319
1744
529
910
-283
-2407
-984
245
-892
-1045
80
-1370
-2858
-3946
-5394
-908
-1891
4647
8893
2896
4900
5424
5751
5980
7142
5745
5153
5498
8453
7450
3764
5269
2091
-796
-2148
-2355
-2622
-5839
-5526
-5333
-9124
-10884
-10717
-12543
-16859
-15637
-11136
-9456
-7894
-12045
-10926
-5694
-5582
-3521
-3549
-3030
-848
-1199
-844
1816
1288
2543
3224
-2102
-1098
2457
2129
2215
7138
12482
1933
2600
15241
11600
9973
12336
11370
9822
11143
10115
8646
9638
6359
4526
3029
2690
3993
1200
128
-2265
-3793
-5613
-7227
-8701
-11842
-9836
-13409
-12393
-10023
-12254
-11909
-11502
-10492
-11547
-8884
-5300
-4155
-7804
-9069
-8113
-5275
-2605
-3542
-5189
-3164
-1328
-1790
49
-18
3705
5943
6208
3756
12281
15704
10546
14402
16665
14919
11458
13975
11630
7729
5198
6468
3999
3865
5381
3123
3546
3064
3577
-5336
-5407
-2323
-6111
-4027
-4459
-5584
-7832
-7264
-8418
-8486
-9324
-10097
-8435
-10739
-9070
-9108
-10856
-11538
-13425
-12324
-8502
-5360
-10710
-9571
-4707
-3473
-44
3133
8055
8910
7104
12244
16910
14064
15844
17192
14665
15664
15738
15482
14346
14779
13093
12490
11633
11478
9991
8751
5905
6822
4531
1959
4537
5249
-250
-3744
-1840
-463
-1103
-1203
1298
-2199
-3630
-4091
-5323
-5297
-7119
-7507
-10038
-8838
-10124
-11226
-11837
-14985
-15879
-13806
-14956
-13814
-10676
-5351
-4777
-9899
-4845
249
3256
5281
10662
9216
6132
7405
10069
9304
9605
12816
9513
7820
7001
6690
6531
4090
3651
1737
28
3704
1911
-250
493
-283
836
-3009
-3206
-2257
-2600
-3183
-5426
-2363
-4288
-6284
-4968
-7334
-6318
-7845
-10832
-11691
-11724
-13529
-14885
-14134
-15619
-13468
-12593
-8299
-14090
-11227
-10235
-7142
-445
-2793
296
-6825
1806
3255
4156
5184
5385
9313
8691
10185
8609
11492
8489
12635
12443
8667
9518
10359
10216
8825
9946
7840
8978
8843
8688
7268
6879
4991
3978
6425
5827
4994
3727
2343
478
588
-911
-2592
-2805
-4120
-4977
-4822
-4012
-3618
1201
-1051
-6652
-970
-3763
-4613
-1289
-2936
-2609
-4537
-4695
-3941
-1976
1148
-708
-5394
-5616
-3417
2207
5220
5067
5396
3195
2822
5534
5526
6356
7015
5360
5543
8849
9363
8431
3967
4825
4466
2619
3840
3569
844
-1517
-506
-2283
-2558
-3702
-4286
-7225
-7800
-5604
-6461
-5905
-2260
141
-5687
-4736
-891
-2224
-2881
-1753
-2995
-6994
-6514
-8251
-9439
-9306
-11910
-12437
-13038
-12112
-13543
-10070
-8480
-8775
-8429
-10056
-3831
-1477
279
901
4565
3009
8917
6024
4220
7766
6868
7798
7741
8600
8630
5418
3768
2564
481
-148
-1430
-1434
-2480
-3700
-5044
-4420
-3265
1807
2733
-4180
-3345
-67
2660
618
2340
2419
484
556
-2212
-3530
-6682
-6171
-6827
-6785
-7059
-8324
-7232
-9338
-8456
-12674
-12772
-10288
-10947
-7722
-2800
-1952
-10590
-7396
-920
-235
1641
2407
4980
5060
6488
7352
9037
9270
8006
7072
4682
4658
6057
5854
2423
1303
-498
2291
6343
6001
2200
2584
10156
5631
1348
5305
5176
6396
5324
2132
-581
-2952
1521
-1364
-1747
-1585
-3560
-2879
-3135
-580
-7482
-8194
-4060
-5362
-7140
-9486
-10624
-6476
-7111
-8653
-7614
-6609
-3600
-3351
-6934
-4872
-2737
-1143
4878
1132
2069
3161
1974
3862
3255
1905
4569
5180
4745
9761
13731
10306
7380
10683
11709
10550
12347
9815
9234
7629
3833
5815
5825
2376
3544
4202
2810
1593
1962
208
2744
2602
-2169
837
1333
-881
-1344
-131
-1161
-1180
-2602
-2742
-3230
-5168
-4212
-6649
-6222
-8229
-8376
-8652
-4679
-3319
-4948
-8667
-8170
-1559
-3225
3389
-817
-2954
3165
9319
10421
4147
9538
12226
11673
14177
11157
9104
7243
10615
10475
8672
9211
9497
7341
4867
7083
6196
5473
5016
3819
-321
307
-1105
1891
-75
-1189
2994
1986
2349
-546
-2174
-3867
-5961
-7540
-4258
-7426
-8870
-8543
-12228
-11975
-14744
-17698
-18698
-18638
-20401
-16454
-13731
-14527
-15268
-10486
-3152
-7909
-4344
3749
-33
510
4834
6655
7026
6932
7737
7134
7866
9641
7611
8378
8010
7955
7893
7386
7615
1804
2746
4405
4241
3904
1734
2192
1083
493
620
-1138
-1552
-2594
-4769
-4778
-7955
-8179
-9196
-10443
-9054
-9880
-11490
-14649
-15201
-17526
-18758
-18936
-18770
-16096
-8308
-10292
-18512
-14029
-3645
-5533
-5123
1327
-2702
-2385
7325
8706
8387
10866
12299
13334
14973
15131
15837
15984
15814
14927
13768
14353
14092
14165
12782
13124
11953
9624
9714
8716
7562
6476
6697
5746
3950
2680
1124
1598
-1356
-3133
-2927
-4716
-6567
-7744
-8682
-10061
-10043
-10697
-10536
-8685
-3364
-9055
-10418
-4546
-4672
-7353
-3902
-3651
-5018
-3704
293
-1700
2963
1393
-54
8221
9387
9199
7442
10132
12014
9789
8754
11238
11354
9178
12144
10925
9448
8126
7165
8780
8329
6136
3794
912
795
-339
-1768
-1498
-5026
-6802
-7187
-8111
-10748
-9707
-12422
-12520
-13705
-11466
-8385
-6729
-10251
-13135
-4944
-7520
-7709
-5465
-4452
-5501
-5405
-5555
-7313
-6249
-6025
-4794
-4845
-7720
-5813
-1455
-788
845
-5361
-2513
773
4181
5936
5332
6238
4749
6661
5702
6117
4883
4580
3449
3182
2508
1117
-512
-1731
-1096
-2916
-4861
-5289
-6555
-8000
-8773
-6773
-7950
-10572
-8956
-731
-2041
-7271
-3608
-4784
-1276
-2000
-408
-164
-757
-789
254
1747
-412
-461
-2904
1258
-876
-1730
-4490
-4578
-5021
-7553
-7627
-6146
261
-4430
748
-3457
-5388
3461
1817
3469
4370
5240
5494
3237
3443
4451
2174
3188
1681
258
450
438
-185
-1908
-3164
-7293
-8212
-6353
2918
4069
-549
3728
5810
4094
6480
7314
8053
7812
7419
9970
8296
6909
7892
7979
9435
6709
4667
5700
4216
694
-2169
-436
-848
-1584
-4949
-5343
-3789
-5661
-8534
-11398
-5158
-5627
-3635
-6538
-9174
-7115
-7290
-3555
-2810
-3002
-2082
667
-3258
-3766
-7390
-6273
-4810
-6700
-7713
-345
3035
-5490
3900
6024
132
5678
8838
12437
12065
11844
11879
6877
9334
8564
6947
8975
7896
9211
5634
7855
5055
-1655
-414
-571
-1864
-3199
-4055
-4023
-5176
-3294
-4903
-8464
-6755
-8420
-8420
-13252
-13692
-13332
-10933
-6765
-11464
-7902
-13113
-17128
-8185
-7310
-4016
-4934
-3793
-3599
999
4408
2127
4610
7766
9988
9207
13894
12747
13400
12849
13691
15295
14773
15976
16031
13672
13433
14893
14004
13926
13684
9791
7972
10191
6745
4106
4646
5139
4799
2280
1375
443
-735
-2624
-5258
-7377
-11427
-12397
-15150
-16817
-18146
-19485
-22407
-23953
-22998
-24977
-17144
-13756
-15953
-12979
-14909
-6070
-2346
-5996
1831
6335
7309
8804
10803
10809
12164
9975
10501
12700
11060
11710
13330
11616
10748
12721
10918
9669
9092
6117
7501
8028
7631
5582
5077
0
-2175
-461
-1570
-2420
-4816
-5239
-7256
-7425
-9460
-9733
-11148
-14876
-16808
-17091
-16205
-17457
-19047
-19499
-18060
-17745
-17081
-14303
-8101
-12125
-9133
-280
-336
-2534
-126
3782
3753
9262
11568
12297
12392
11464
13720
13629
15990
16578
16657
16322
16130
16396
14434
13309
12822
12792
10812
9922
10074
8541
5587
3088
1358
-963
334
430
-1153
-1894
-4007
-5471
-7923
-8612
-5225
-6472
-7022
-9329
-11397
-11368
-13310
-10977
-10237
-9797
-4633
-5667
-10752
-8229
-3500
-6197
-5327
-3782
-5649
1180
1492
-3811
-3128
1985
1867
1249
5177
4943
9560
9015
8284
8142
4226
8114
9901
8707
6723
7614
10314
8338
4761
4827
5061
514
2666
4384
877
-1017
-3183
-745
-3561
-4157
-3909
-5225
-3714
-5819
-8688
-9819
-9767
-9601
-1763
1789
-2072
-8342
-1068
4336
625
511
-72
-524
-3230
-2284
-2190
-565
-942
-2070
-6262
-5656
4513
-647
-2792
3665
2247
476
695
2625
3228
5703
7744
8963
8490
8284
6749
6731
8101
7426
6045
2502
864
1105
-3122
-4007
-3667
-3109
-5763
-6833
-5222
-4717
-2120
-3065
-6939
-5625
3654
4420
-3095
992
2127
4693
3316
5200
6239
3297
3972
-119
-1623
-1638
-1782
-2705
-2427
-5400
-3591
-6264
-7958
-8867
-12545
-18924
-10413
-1396
-8221
-6860
-6693
-6891
-5419
-239
-226
-84
104
178
2523
331
4350
3047
2784
2838
2454
-3088
-5191
1119
283
-2145
-2177
-2716
-1365
7231
7751
2503
8287
10724
7086
10356
9273
11191
11680
6480
8173
6899
4127
3776
2806
377
582
-3008
-1444
-1014
-3023
-5600
-12082
-9290
-8913
-11334
-11885
-10257
-11894
-16118
-14183
-9723
-12759
-13943
-15593
-9523
-6419
-7016
-1656
-1961
1700
2285
2713
3940
3004
3123
3077
2967
6029
7589
12428
14039
8092
13780
10914
15068
16920
17384
17481
11890
15490
12114
11929
10937
11637
10866
9961
7521
7376
5549
3861
4374
2431
-8
-4699
-1993
-1315
-3704
-6005
-8209
-11578
-12910
-13168
-11735
-12985
-12874
-12864
-14356
-16126
-13227
-5158
-9235
-10422
-12229
-7472
-5495
-6926
398
-733
1523
4682
4866
8945
8303
11447
13092
13823
17508
14894
14125
14609
13927
15458
14916
12596
11942
9507
9111
8657
7864
6273
6519
4164
3410
393
-6116
-2541
-2246
-3456
-4093
-5834
-8341
-7889
-9799
-9380
-7421
-9464
-9527
-9831
-11136
-12441
-11778
-13384
-13039
-12330
-12676
-14104
-14919
-7844
-3602
-9368
-7769
-3255
3220
3660
4460
8132
4721
8398
10735
11225
11837
12315
11857
13768
12669
10976
11385
10998
10757
9605
8151
8396
7432
4414
4896
627
-2179
-137
-1398
-5881
-6027
-6389
-5718
-4739
-7014
-7712
-9970
-10731
-11352
-10733
-10474
-11205
-9997
-8545
-9790
-11325
-10715
-12102
-12833
-10263
-11557
-11463
-10897
-4246
-11387
-10564
5886
-295
2082
1204
-519
2343
5921
8913
7653
10160
11079
10723
11345
10900
8670
8395
7625
8797
9661
10625
4412
1040
1192
1291
1735
1452
2303
-1365
-1630
-3602
-4568
-6181
-4677
-6511
-6371
-5844
-5462
-5315
-6668
-5386
-9496
-8048
-5275
-8537
-9772
-8946
-5941
-4564
-511
-40
-4740
-2661
-3191
-4903
-2517
-1132
-3476
-2944
3250
-1493
-4206
-1964
566
-2436
3778
6850
9282
7446
7239
10333
7698
11393
1389
4951
9473
8389
7654
7134
7536
6490
6899
6746
5487
5087
4975
4252
3185
3874
3041
503
1551
210
-1176
-203
-2509
-2636
-3621
-2376
-1602
-122
6576
3694
-460
2005
5445
4403
4933
3858
4180
3908
1846
1739
-127
-1511
-5778
-2738
-6257
728
-3458
-9628
922
-6630
-3065
-1961
-356
1366
5162
6169
2544
6858
4568
5018
5150
5715
6948
5080
6223
6696
4416
4012
3628
3832
2664
2083
2596
1372
-1635
-4289
-6861
-5909
-6782
66
5987
-4529
146
1065
491
3433
1053
154
-1388
-214
-2442
-1843
-2139
-3217
-4075
-2406
-8089
-10055
-11572
-12838
-11690
-11474
-14287
-17235
-7526
-10523
-10999
-9768
-10105
-7893
-5097
-831
-829
1206
-241
1281
2417
820
2906
2301
1371
1837
-281
-373
-392
-2894
-1820
-1892
-2889
-2426
3064
7023
1081
229
1299
6541
6734
5431
6265
4534
4987
5569
6056
4077
2746
1940
3678
-1016
-2833
-156
-1803
-7831
-5862
-7772
-12662
-9606
-10403
-10776
-12734
-9684
-9583
-11334
-12791
-3364
-157
-4846
-1370
-2147
-458
639
3647
3948
3693
5266
4278
5298
5810
4604
2380
3864
4833
5712
12725
12400
7306
9344
8713
8962
13478
12973
12168
12525
9222
9933
9267
8841
6641
3766
5408
5978
4252
4691
5912
3699
4421
-94
-2632
-79
-262
-1959
-1849
-1681
-1569
-1774
-3296
-4523
-4710
-6683
-7159
-6364
-8174
-10822
-5842
-2610
-6805
-5972
-7274
-5905
-5470
-3107
-1129
-597
2062
3532
6359
3988
8147
9238
7868
8802
6977
7581
9149
9201
8447
8390
4136
3499
6656
4736
5142
2852
1703
2472
2505
1001
-538
-1328
-102
-474
-2973
-2998
-1716
-3322
-3402
-3282
-4633
-3942
-4559
-6510
-7264
-8794
-8940
-9680
-11623
-12967
-15829
-14057
-17181
-18781
-19088
-16232
-12393
-14774
-11591
-6173
-8237
-8165
393
-1586
2301
4526
4106
6775
6325
6128
4336
6492
8509
7994
7770
7862
7932
9243
8320
10738
8456
8596
8926
6698
6814
4361
4934
5807
5330
2170
2148
1578
100
443
1292
-1184
-1692
-938
-5640
-5150
-5958
-8057
-8663
-9054
-11549
-13120
-12717
-14975
-14410
-14903
-7940
-3253
-12833
-17509
-6994
-4134
-1007
-845
-2826
-2485
-2754
3984
6074
6525
9799
8614
9844
10191
8685
9555
11427
12945
13150
12985
13641
11338
10902
12638
13077
12625
12592
10120
8981
8440
7840
8427
5529
6420
5878
3206
2334
16
-373
-1716
-3872
-4473
-6462
-6303
-9242
-9180
-9524
-10564
-2174
-7796
-9126
-6995
-9116
-5561
-9249
-9622
-8156
-8497
-10017
-2541
603
-5059
-5736
-5524
322
2429
3746
5101
6891
5909
5089
7786
8019
8882
9636
7889
8173
9200
10963
8449
7064
7145
4942
3465
3358
3693
222
-1758
-1069
-2892
-3912
-5243
-5553
-8262
-8029
-9897
-12197
-11596
-9496
-3732
-4662
-9524
-9310
-7081
-8161
-7371
-7995
-7739
-8615
-8872
-9788
-7615
-6837
-7847
-6288
-8100
-10488
-8944
-402
-3703
-736
-1238
-1767
181
2905
11007
8822
11398
11090
12264
8317
9485
12630
13148
10577
7592
9748
6264
5703
5887
4545
4642
-920
-1727
-284
-1184
-915
-2517
-2576
-2434
2577
5972
1161
-4444
1233
3597
491
4488
2411
808
146
-989
-1171
-144
2013
-628
-4250
-1919
-3077
-5917
-5125
-6641
-7696
-10508
-9280
-10533
-8459
-2655
-5726
-2945
-6609
-1315
1383
1422
3795
4444
5784
3936
6499
3249
3798
3289
942
965
1991
858
-1784
-1376
-2706
-1818
-715
137
5100
-1106
-6829
5340
6663
4473
5312
5111
5210
1819
2733
2477
3849
5256
4459
1362
924
-256
-1196
-407
-1200
-901
-2771
-4480
-4948
-7671
-7278
-3779
-8884
-10983
-11466
-12095
-13882
-6682
-3626
-7543
-8070
-8521
-4359
-4436
-1536
1187
677
1615
1716
932
2046
2948
1898
2536
232
8648
14002
570
6902
12027
9524
10879
11228
12219
10046
8921
9838
11421
10088
8906
9640
10383
9127
8525
6275
6914
4673
4134
4748
4584
4526
1456
2520
94
-2732
-5232
-2985
-3424
-8574
-8922
-9828
-12271
-11410
-10963
-10400
-12730
-9313
-7914
-12361
-11576
-12225
-11892
-11339
-10192
-7114
-3495
-448
8222
2092
2179
8266
6143
8150
6604
10511
10776
9709
9746
9610
12494
11662
12001
11377
9870
9932
7971
6426
4454
3267
3114
2253
1039
971
145
-1668
-1244
-3268
-4860
-5806
-6919
-9211
-8419
-10520
-10424
-8660
-10214
-10074
-16062
-17562
-18023
-15272
-14171
-16111
-17873
-20337
-16058
-14752
-11725
-1828
-3683
-6890
643
1961
5156
9858
14159
14133
14310
14780
11412
14438
15832
16635
16487
17628
16939
13350
12345
13462
10306
11970
13211
8582
9132
8592
6040
5699
3547
2019
521
-669
703
-2708
-2893
-3984
-5347
-6252
-6976
-9294
-12484
-10719
-11143
-11451
-13955
-13157
-13583
-14842
-11843
-12026
-6133
-8732
-15782
-11488
-12764
-2440
155
-3592
-2101
-2265
4780
4022
8791
11219
9208
11968
12122
11829
10758
10506
12383
13733
11616
9630
8502
6848
6385
6155
5688
4242
2215
937
621
-239
-2661
-1658
-3276
-5835
-6088
-8383
-10777
-10613
-12659
-14257
-14383
-16582
-17059
-15426
-17560
-16870
-14920
-10649
-4437
-10155
-10060
712
-530
-756
-3727
-5472
-3514
-4431
-4134
-1106
5160
358
-611
-1215
5429
11135
8990
11726
9149
11509
13468
13492
11136
10676
8917
7411
10884
10655
10346
4429
8273
7821
2198
5297
4001
3203
1160
-492
-3355
-5985
-5600
-4687
-4900
-5842
-5961
-7071
-4913
-6865
-1973
7474
-1644
-2569
5284
4969
3491
4901
6299
7243
4786
3698
5350
5782
2466
980
-1154
485
639
-2487
-6068
397
3893
747
742
-1106
4707
1586
3400
4657
4990
7125
3932
2918
469
2490
2232
3957
3074
-947
-3362
-5464
-5369
-6257
-6402
-5942
-8747
-8665
-9211
-8797
-6640
-6578
-310
2168
-2991
-1402
-573
1659
5119
4032
6721
5144
6000
3232
3197
3387
3570
1745
5178
6381
277
-34
-4293
-4570
-5284
-8711
-7533
-8727
-10708
-13052
-6485
-4826
-8560
-9075
-11684
-4113
-3083
-2549
-815
-4648
-3516
-1149
1335
-449
-3450
-4153
-1912
-1176
-2638
607
222
-1300
1996
6192
12730
6887
7439
8382
7121
13372
14074
13422
12844
11842
10152
9762
10725
9384
10080
7266
3504
4720
7300
6316
2557
1526
743
-3169
-4747
-4669
-8169
-10127
-11070
-10933
-13118
-14167
-16518
-16481
-19954
-19378
-14208
-14451
-14382
-16457
-12925
-13116
-7268
-8184
-9465
-3421
-4820
-5618
-2657
-2662
-2455
3880
6879
5201
7887
10614
9112
12657
13285
13270
12375
10548
12242
11867
14904
14857
13612
12496
13404
12259
9785
6672
3831
3293
3865
3046
1713
1445
-2357
-2791
-2086
-3835
-7838
-10046
-9364
-13051
-12940
-14131
-14546
-16212
-16373
-16132
-17181
-17509
-17399
-10864
-13896
-15762
-13506
-6679
-4239
-2888
3654
6697
3302
4445
12523
8124
10935
12518
13759
14944
10106
13498
13794
13202
12281
12654
14834
12632
14411
11216
10417
8968
5394
4831
1288
1409
1837
2701
-249
-1045
-5352
-7364
-4215
-6830
-6922
-3984
-5103
-9410
-7255
-7498
-7921
-12030
-15668
-12804
-13992
-13808
-17350
-17127
-12868
-13339
-14732
-14294
1573
-1550
-6389
-280
3131
6681
7485
10226
6087
8578
13098
12174
11721
12857
13573
13046
14205
15698
14164
14839
13183
10984
11317
9045
9020
6326
7073
1764
-602
1204
-549
1202
736
743
-1287
-3156
-2255
-2842
-3367
-2198
-2801
-3645
-3850
-7327
-6608
-5931
-7410
-6708
-8633
-10727
-9336
-3627
-1343
-9144
-5954
-5973
-7086
-6551
-3675
1410
1540
346
-2367
454
3470
6895
7188
6030
5490
6549
6298
6471
5781
6150
6397
4337
6778
5999
5766
4035
1251
2155
1287
3948
2852
2598
2859
878
-357
-1029
-2048
-1560
-1911
-3148
-3098
-3564
-3886
-6050
-7854
-7972
-7448
-9924
-3836
1731
-2126
-2711
-5242
-4732
-3304
-3381
-3905
-1664
-3162
-4448
-4894
-5972
-7248
-7380
-1904
-2568
-175
-2156
-2151
2258
1766
2019
-1501
-643
2822
2405
5157
5368
2159
3164
4187
5181
3987
5716
4591
4595
6762
5246
4473
4274
4581
3802
3157
2498
1842
-566
280
-682
529
-850
4940
5190
2210
5083
-1750
1821
5417
3260
2209
1982
841
-540
-2420
-1549
-400
-3647
-3636
-5368
-5505
-7844
-7020
-8047
-10454
-2689
-5627
-3017
-4114
-6108
-427
433
4235
3141
4725
5809
5781
5299
5739
3638
3911
6637
7843
8424
5353
5599
5238
3461
243
356
-306
1180
4123
2614
11495
6554
72
1144
2639
8189
7981
3872
2217
4469
2482
-177
686
-1212
-4130
-4223
-69
-2419
-4551
-9172
-11753
-7858
-11180
-10078
-7791
-8391
-10440
-13571
-11790
-12785
-7897
-1982
-3617
-3236
-3435
-2733
829
3603
3853
4020
3803
4376
2912
991
5031
4109
3601
3675
4261
4514
4598
8998
12762
7128
6818
11950
8210
6425
8405
9892
7193
3030
4414
4293
3884
2646
1733
4063
627
-610
-2005
-192
-3212
-4218
-4035
-5327
-6444
-8515
-5078
-8057
-7733
-6731
-7319
-7950
-10372
-11076
-10864
-12763
-12630
-9679
-6929
-8948
-12044
-8905
-6829
-7269
-4478
-4084
-5245
-2107
289
367
2241
10013
8394
3652
7893
10724
8437
7638
8202
10744
7303
6256
6040
8185
5899
2678
996
4196
1773
-377
-2404
1392
834
-2650
-699
-715
-2379
-6435
-2342
1397
-2189
-3812
-2309
-4858
-5325
-1176
-3214
-5713
-5762
-4809
-7448
-10655
-9467
-12699
-14656
-14503
-15465
-12354
-9944
-12153
-11367
-7399
-830
1531
-4193
-952
6515
4876
5744
6790
8155
8252
7003
7972
7828
6819
4229
5386
5258
4240
5633
5250
3178
5258
5198
3545
2221
2601
3189
3307
3860
1840
3195
1766
-307
1732
2211
1541
-998
-1634
-1912
-2235
-4180
-2200
-2399
-7531
-8345
-6912
-9503
-10238
-10710
-10062
-12622
-9951
-2182
-5879
-11342
-87
5188
-3558
-1317
5914
5674
6899
7061
6130
8679
8937
9819
9447
11214
11521
10913
10374
10217
10383
10998
11540
10222
11202
9549
9354
9658
8877
9008
5713
6035
8659
6987
6811
5181
118
-1806
2832
689
-718
-4019
-6823
-5047
-7412
-8370
-9696
-13362
-12201
-11514
-6018
-4552
-13294
-11599
-5581
-7285
-6444
-6747
-8964
-7849
-7115
-5553
394
-5269
-7070
-1270
-1343
175
3487
4222
2227
4216
6064
6326
5312
7513
8350
6425
5395
7878
6118
4758
5230
4541
3399
1950
2040
3371
1223
-397
-1398
-2334
-3148
-4788
-3801
-5232
-7785
-6889
-8965
-9903
-8380
-5034
1704
983
-9567
-7465
313
-2029
-920
-1315
-1675
-5883
-5548
-5327
-7485
-6219
-8341
-9212
-10835
-12653
-8918
-3517
-3442
-7763
-6113
-2386
746
2848
4189
2320
2773
4895
4960
4427
6324
8146
6296
7970
5499
3184
3960
5953
7553
3779
2713
709
-1656
-2884
-5577
-6078
-5778
-2497
-3497
-4264
2342
-266
-1298
1986
536
428
1153
652
2200
-140
107
-731
-4108
-2564
-3155
-348
-3350
-4596
-5804
-7205
-6341
-7151
-7523
-9281
-8022
-7997
-7252
-2736
-303
-4571
-6605
-1588
-64
3484
3888
3329
1245
2929
2972
-437
-105
-865
1699
1780
926
1047
1185
-1010
-371
-3369
-1254
3009
5872
4549
-3140
4797
6899
4509
4375
5994
6107
6718
7660
5627
6019
7037
8385
8808
7418
6175
6200
5389
4941
2374
4190
2923
629
308
-3593
-3522
-2902
-3978
-5363
-6472
-6190
-7663
-6117
-961
-5765
-7951
-4406
-5113
-3603
-790
-5977
-4366
-270
-1220
-1151
-3922
-2286
-1636
401
1091
-526
1796
3506
9537
8895
6051
9333
6708
5214
4315
6716
5040
6687
8084
5828
6572
6852
8161
5089
5644
5651
6710
6183
4019
3764
3429
-632
-1950
388
-290
-2320
-3338
-3105
-4930
-6560
-8248
-10518
-10800
-11472
-13611
-13685
-15013
-8550
-13686
-16154
-13335
-11626
-8029
-8406
-3389
-3453
3178
824
-548
6100
8140
9889
7486
10288
11459
10732
11322
11974
11634
13114
12353
12180
12360
9397
9301
7897
7046
7518
5968
5356
4254
3032
1863
778
615
-1022
-1720
-4268
-4095
-4717
-8793
-8543
-10523
-12991
-11940
-14814
-15889
-16515
-18481
-19583
-19545
-19539
-22119
-25150
-23446
-20619
-17635
-9675
-11140
-13953
-10915
-4348
-91
-613
2923
7340
8423
12136
13460
11845
14335
15294
16997
15464
13572
14716
13537
12643
14268
13068
13104
11280
9793
10076
8106
6422
7735
7475
3508
4363
3913
1426
321
80
-2647
-3619
-3967
-4865
-6794
-7939
-8726
-11403
-14265
-13303
-13285
-14511
-13563
-13146
-11255
-8465
-11970
-14965
-11483
-6634
-6465
-7822
-5388
-2525
-1908
-105
-1805
306
5368
8785
10205
10757
14567
11599
11354
12108
11997
12512
12672
11151
9503
10423
8396
10069
11147
9068
7452
4836
4425
2914
4392
2671
782
1455
-1365
-4099
-6451
-8039
-8161
-7032
-9346
-10174
-12369
-12367
-12193
-10343
-2892
-4306
-5365
-4778
-2571
-1241
-2488
1285
-289
-1709
-2357
-2176
-3786
-5065
-5039
-2441
2103
4457
2059
-52
153
304
4368
6213
6795
7982
7589
10369
5076
4951
8468
8038
8569
8851
9219
4634
5186
5437
2372
2079
1710
-1213
-97
-1079
-6675
-3182
-5444
-7845
-7464
-7757
-7033
-5654
2189
1984
-3414
-1738
6324
6327
3450
5261
4763
1556
6367
5641
4428
5767
1963
4321
5766
1249
495
-482
-452
-218
-6559
-4140
3118
1591
759
-1302
-4522
-1609
1432
5592
5364
3541
1868
265
3725
1286
1271
3620
-663
-145
-245
951
799
-1130
-4400
-7799
-6560
-4290
-5227
-408
681
-1995
-19
2047
3910
3824
3907
4631
3424
2209
1506
3803
4374
2904
2227
2241
2598
821
-1088
-2180
-3574
-2033
-4011
-5005
-5238
-8927
-10514
-9623
-11788
-12585
-15418
-11232
-9313
-10642
-12781
-15580
-9275
-9329
-8947
-6920
-6100
-5699
-5429
-3038
-6624
-3084
-2305
-305
-624
687
4290
8923
7926
2706
9672
8634
8889
8961
8784
9848
8519
9689
9200
8176
8578
7520
3588
5475
5631
4214
4944
5933
3544
3522
3394
-616
-1101
738
2840
-1305
-4044
-4626
-7677
-8316
-11769
-11077
-9335
-13918
-14735
-14530
-18237
-16098
-12347
-11063
-10090
-11199
-9531
-6748
-3990
-2892
-933
-323
3864
9231
4820
6806
11508
13757
13029
12750
12969
13776
11718
10718
14459
13989
12778
12326
10148
8022
5745
4899
6148
3707
4176
1143
1849
1582
-2391
-1511
-1199
-2486
-2018
-6120
-9241
-6087
-9724
-8232
-9611
-13523
-12746
-13619
-14899
-16278
-16055
-16046
-17532
-17524
-17758
-18026
-18724
-10841
-7030
-7580
-2082
-4817
-2940
1527
4695
9933
9481
8769
10996
9372
8918
9709
12088
11105
11170
12595
10791
9697
11406
10202
7999
7007
8252
8961
3964
5918
4867
773
946
-1354
324
1512
-484
1268
-673
-1192
-1908
-5722
-3606
-4290
-5377
-6153
-4817
-5182
-6829
-6429
-7672
-7924
-7301
-6955
-6815
-378
-1860
-5543
-2652
-4161
896
6735
6665
6343
3066
3970
7965
8093
10254
12199
11982
10272
9791
10304
10682
11384
11359
11480
10264
8756
6662
8724
7428
5103
6312
3278
1181
1650
1426
1450
2268
551
305
-40
-1409
581
-408
-1630
-3192
-5269
-5293
-5194
-5740
-6440
-4970
-3410
-2497
1830
2615
-5650
-1756
4850
-1122
-126
692
-2631
-4060
-4029
-4374
-5906
-2821
-1699
-2271
-4173
-8152
-5278
-567
915
714
907
41
97
-327
-1400
-535
-375
1748
1135
-437
904
-1241
-2500
-870
-1219
-1393
-1122
371
212
-966
-167
-2242
-4428
-3452
-4833
-4410
-5709
-4535
-2529
1128
298
-2801
-2015
2780
1960
526
1874
468
498
763
1535
-3455
-4880
-6532
-6409
-5923
-6646
-7913
-10764
-11010
-14406
-8564
-7529
-8903
-10089
-7705
-3634
-6632
-1580
1239
669
2112
5625
5097
5932
7115
5212
6556
7812
7378
6971
9577
8354
7605
6762
4510
3298
3584
4070
3536
8898
10534
9204
6402
5818
12917
9110
8154
10071
5530
6349
6595
5884
2372
-282
638
4032
3482
-840
-3801
-4772
-8488
-10754
-6255
-9737
-12864
-14818
-15588
-15804
-16533
-15649
-11438
-10692
-13481
-10918
-10603
-5851
-3226
-1709
-3038
-739
-1345
99
561
-743
914
1881
646
1218
1283
165
6193
12827
9311
2776
4478
10095
10310
7887
8438
7180
5107
4439
7087
9666
6297
5905
5077
9215
4510
2829
584
-458
1679
-1027
-1167
-2275
-4520
-4808
-4891
-6567
-6991
-7147
-8520
-6918
-8788
-9260
-8428
-12003
-11404
-10793
-3674
-2976
-8646
-3991
-6703
-6321
-2700
-2075
-996
1978
3404
2727
7960
13804
10848
9258
10386
14518
15927
13259
16238
13958
12834
11839
12020
11866
11403
9446
10817
9496
3035
5013
5007
4375
3616
3137
1472
1098
-96
-1586
-1490
-749
-194
-719
-464
-3462
-5526
-2473
-3380
-4939
-5300
-9258
-9923
-7730
-9314
-8567
-10159
-13868
-16499
-18081
-11663
-8310
-15548
-9791
-1763
-2685
-785
-492
6075
5121
5030
7536
7913
9099
12452
12825
11733
10538
9634
3941
12705
12361
8218
10237
6759
7529
6641
6941
6337
6071
6089
5332
1631
1024
-650
-2623
3710
2458
1538
723
-4899
-2683
-6418
-3962
-3243
-7051
-8363
-10211
-11230
-11773
-7697
-11700
-15959
-17142
-17289
-16163
-9531
-6867
-12560
-11471
-5281
-1269
-3325
-3299
-902
721
1837
5756
3617
1259
5895
5801
6897
9249
8449
7027
6229
10364
9469
9330
9407
8197
5420
5121
6483
7469
4898
4532
6965
1918
1451
-345
-2003
-213
-2548
-3915
-5038
-6306
-5930
-5234
-4328
-7691
-10485
-10382
-10239
-8687
-6724
-3069
-5615
-6651
-7821
-3827
-374
-2518
-6608
-5256
-2404
-5666
-11677
-6554
1872
-3741
-1969
-6758
-885
2645
-2054
3320
3288
3648
7995
9508
7205
11007
8929
8215
9188
10751
7720
8123
8998
5558
7936
2732
6067
2965
1511
5072
300
-1142
-3960
-3976
-3402
-5362
-7124
-6569
-12697
-11353
-7299
-4759
1720
-4717
-5141
-3425
-1784
427
-378
-3332
-4229
-2623
-1255
142
-1730
-5725
-7366
-8236
-5486
-2922
-7575
-7559
-1732
47
-2834
-340
464
567
995
2654
5448
6361
8075
5757
6962
6981
6211
6297
5849
7777
6495
6395
4364
2964
2460
3465
1652
-4108
-3302
-4063
-3625
-3051
-849
3111
573
-1551
2772
4555
2374
3879
2862
2528
2611
1898
4987
2095
2865
3734
2208
2638
2452
490
-4079
-2194
292
-1322
-3989
-5506
-4818
-5003
-1780
-4433
-213
-63
-5466
-1531
-1157
-318
917
-550
1865
1932
3609
4884
3304
3983
3795
2561
2369
1137
-105
1138
661
-2229
5066
6644
2596
-24
-1
5810
3626
7189
7720
3633
5168
4134
3160
4602
4124
4570
3216
3289
5043
1974
2025
1094
2055
1656
1765
1920
1600
845
-1520
-1140
-2243
-2395
-4866
-8760
-7689
-8884
-8331
-9582
-8132
-4865
-9836
-10928
-12652
-8778
-9700
-9671
-8063
-8886
-7719
-7234
-5808
-1637
1202
-3454
-2302
3599
5093
2954
6393
6495
4286
5601
6969
8769
5056
7051
7388
6693
8275
6624
4434
4415
6612
7791
4743
3509
3435
2914
2341
3807
1711
-1492
-1657
-3382
-4583
-5244
-4714
-6558
-8835
-7264
-9957
-11733
-11681
-13507
-13622
-14379
-12875
-16958
-19438
-12077
-14214
-17141
-17655
-10685
-5657
-7065
-4511
-2019
1155
2103
6597
5668
5908
6475
5670
8689
11285
13329
12569
12203
13771
14858
14118
13162
11667
8365
9765
8173
7753
8260
5119
4857
2952
2958
1854
1936
2099
236
-2456
-3786
-2948
-5558
-4159
-3135
-6874
-9905
-10420
-12427
-12636
-13729
-13475
-18556
-20120
-15044
-16452
-12849
-12849
-21986
-14370
-1254
-2645
-7276
-4643
545
1721
5891
6652
2877
5440
10149
13296
16836
16742
14070
12208
13386
14721
15125
15355
14451
15647
15282
15267
13566
9646
11119
9349
8568
6892
6385
4643
2436
3213
773
-996
-4582
-4184
-2855
-5848
-7506
-8592
-12467
-13375
-12222
-10859
-11466
-9043
-3595
-6061
-10699
-5264
-4542
-5051
-3044
-2068
-1334
-4331
-2689
-2421
1774
5260
4079
3523
1656
6856
6811
9954
11223
9125
10696
8559
8829
8446
7983
9847
10700
10936
9332
10691
10094
8022
8441
7760
5068
2228
1940
145
-289
-2701
-3157
-5814
-8295
-8251
-11355
-10446
-11758
-10771
-8342
-6341
-2009
-8245
-5563
1469
-3581
-2261
-394
100
-168
-691
570
-238
-1462
-1344
-945
-2350
-972
-2985
-7321
-10526
-4929
1666
-2803
-2797
-4947
-5447
-2031
514
3622
3041
3990
6758
4407
5712
5456
3840
5210
4780
6344
4149
1644
-2279
-1976
-1522
-3701
-6343
-7818
-8675
-7798
-6194
-6084
224
-342
-3476
-283
4224
4253
2675
4570
4461
2483
3055
3820
2461
-346
575
2397
258
1144
1685
-554
-3394
-4552
-3480
-3695
-5957
-3883
-4518
-5637
-9548
-11448
-2345
-4439
-6691
-7072
-4661
-1752
-1855
-1597
-3769
-5554
-3066
-2260
-2385
-1301
-1446
120
-1273
1011
1581
689
-31
5415
10967
5636
4309
9796
11849
8084
12371
14254
13898
12619
12244
11652
8270
10320
10199
9365
8989
10179
5190
2667
1451
-159
-3159
-4129
-5450
-6641
-6391
-8816
-8603
-10227
-13362
-14399
-11355
-14513
-14983
-16368
-17587
-19943
-11721
-6759
-15153
-16586
-13109
-12505
-12402
-9544
-8664
-7032
-5168
-2509
-890
6763
9435
4751
4701
10710
11630
11149
14228
14134
13690
12597
14961
13256
12889
12834
12422
12215
11494
10096
7867
6990
4545
2715
598
-644
-1898
-3104
-3876
-4369
-4424
-7439
-6720
-4957
-7799
-10091
-9187
-7492
-9190
-9658
-11509
-12475
-12948
-12698
-11455
-14466
-13258
-14110
-10193
-5553
-5643
-7502
-3500
3739
1834
2751
7766
13179
12296
15192
14787
16796
16890
14468
18085
13674
15955
15658
14529
14357
11973
10981
7553
7074
5224
3461
2984
2257
2383
1576
-348
-3067
-3241
-4799
-4782
-7734
-11109
-7253
-7969
-9334
-11009
-11325
-12154
-12159
-9875
-9345
-9218
-12661
-11454
-13323
-12940
-13933
-10610
-13595
-8785
-4720
-11559
-8494
-5618
4108
3206
3480
210
569
3042
6413
10766
8643
10782
8005
9252
7535
9210
10624
8211
6506
6769
6249
5750
6306
5450
5470
1181
1071
-1021
343
2397
-808
-1813
-2768
-4527
-5081
-4331
-5990
-3972
-4358
-6361
-5336
-7073
-5173
-4137
-4693
-6070
-6082
-4201
-4417
3761
2635
-2227
-1063
-898
2777
2299
3353
2477
-1533
-685
-3777
-1717
3708
5616
5362
-1075
2399
5640
2199
9436
6658
8840
9054
6453
9033
8332
7634
4714
6345
4141
3169
4654
3549
3854
3952
751
-911
254
553
1175
2317
1771
-1601
-1065
-1159
-699
-1132
-441
-915
376
639
8637
7040
-35
3631
7394
6091
3882
8995
2263
1015
1510
134
830
1643
1737
-3441
-3081
-5635
-4885
-8712
-6713
-3139
-6932
-4106
-5866
-8159
-7468
-2168
-1643
-1434
-2427
-3308
-21
-1657
-1917
-1189
-905
24
-279
880
3492
1499
-73
-277
-487
-1226
-1071
-1371
-5336
-2540
-2790
1383
5757
436
-5
5042
6464
5030
5638
5259
4312
3847
3592
3532
855
544
-1434
-1859
-1316
-1731
-5361
-6430
-6976
-8089
-9076
-12170
-12552
-13844
-13792
-15708
-15528
-15383
-9835
-8134
-6654
-11401
-12945
-5806
-6763
-423
558
-1233
539
1227
993
975
5149
5260
6351
5534
2713
6915
2136
7182
14464
8558
6841
11330
14029
14090
16392
15139
12179
11259
11259
10440
9455
8505
8219
6911
6351
7268
3856
677
-537
1661
57
-4534
-3091
-4023
-7232
-4934
-4752
-8066
-8918
-8237
-8572
-10059
-7720
-8542
-10295
-11027
-8097
-6147
-7072
-7803
-9226
-7259
-6411
-6309
-5073
-5764
-4893
1073
2259
7749
9535
1310
4101
10735
10185
9676
8380
9026
10380
9613
8486
7191
5558
5184
5404
3605
3733
692
-2195
1162
-237
-1431
-2194
-4542
-4337
-3209
-4906
-4961
-5160
-5971
-6463
-5613
-6046
-8263
-8120
-8809
-8383
-6684
-7536
-8061
-9646
-8659
-10125
-11232
-11872
-13004
-11694
-7852
-9473
-11167
-7486
-4162
1553
2259
5428
8083
4972
9065
13192
12955
11783
12248
13398
13732
12943
12871
10098
10852
13999
11122
9647
8643
8030
8179
7631
6897
6109
5042
5957
6126
6790
5123
5210
5144
4452
4605
2941
3103
1243
329
-1087
-1421
-3189
-5885
-5787
-8217
-10383
-10841
-9414
-11048
-11557
-13640
-12650
-12727
-12769
-13869
-8071
-898
1567
590
-975
-1034
-2957
2880
4257
4880
3880
6724
8192
9455
11173
10787
8310
6569
8502
5412
6001
5444
7057
9997
8473
9588
10180
7649
5803
4459
2794
3515
3970
3803
5079
3359
1035
-888
-2076
-4275
-5814
-7602
-9034
-10129
-12365
-13556
-12588
-13220
-13487
-7999
-9307
-14631
-11697
-7668
-10266
-10082
-5775
-5332
-5477
-13805
-12224
-4366
-7210
-3184
-7305
-5802
-694
-783
3973
3293
3992
6341
7390
7554
8379
9246
9007
9618
12714
12538
9404
8870
10554
10666
8989
8167
4572
3548
2574
1228
742
-1174
-1613
-1759
-2462
-3280
-4003
-5060
-5470
-5385
-761
1583
-3029
-4399
1004
2288
-1133
-1082
-966
-4433
-2975
561
-1211
-259
-2234
-5418
-4495
-2506
-2932
-4065
-1957
-2872
-128
5395
1221
-1930
4758
6414
7750
10208
9665
10241
10867
8812
7969
7889
7650
6639
6863
8775
6748
5505
3705
1374
609
125
1395
-2287
-4072
-6356
-6746
-5487
-5081
-303
-5991
-8103
-3345
-2705
-4079
-3105
-1476
-6031
-4199
-3699
-6192
-4366
-3950
-3493
-4571
-6154
-4643
-2540
-3566
-3294
-3794
-3223
-3917
-6006
-6859
-8200
-6647
-8426
-5992
-2342
-4955
-7064
-4676
-4049
-3778
-9
-910
705
1049
-843
-583
-852
-972
-2417
-1100
-2540
-2820
-3973
-3801
-1467
2964
3566
-1905
26
2519
4912
713
1687
6577
3485
2908
-71
-707
2401
840
-562
932
2122
3788
1687
-525
270
3949
150
-2333
-752
1625
-765
-2978
-4772
-5983
-2926
-4842
-7162
-9772
-10182
-7955
-8749
-14118
-9585
-6978
-9240
-11030
-7551
-6108
-5466
-1837
-4429
-1811
331
-133
356
6257
2900
4303
5368
6224
11531
8338
11242
10364
11235
9464
9650
11689
10926
9669
8563
11254
9990
7902
10424
9085
5919
11010
7634
5012
7554
5181
5530
4750
5665
2936
-1718
729
-615
-1457
-694
-4890
-6278
-8508
-10923
-9395
-12821
-12481
-10866
-13787
-12269
-15522
-10473
-9710
-14060
-12774
-11612
-1081
-6041
-2509
1519
568
4623
5269
8029
8408
9226
8585
11506
13081
13675
14467
14174
10138
11151
10501
9764
9896
6241
8267
10339
6840
7601
8089
4207
8739
6554
5898
6074
1833
3863
994
-64
-1604
-2396
-3771
-5681
-6103
-8921
-12290
-9584
-12837
-11817
-12594
-15842
-14735
-18348
-17292
-13642
-11346
-11116
-9958
-11154
635
-1910
-5340
-556
-2079
1219
1517
8741
4948
9549
10815
8129
10412
9300
12320
10750
11170
14453
10082
9399
13790
14536
13314
10145
9928
6872
7815
8540
7542
4680
4243
2849
3227
1907
-597
-143
-964
-2572
-3938
-5027
-8115
-8251
-8532
-10209
-9871
-11183
-11102
-7770
-2016
-5195
-10230
-4499
-2268
-3852
-774
-678
-879
-2635
-1257
-1126
1566
4889
4288
1345
-450
3957
1950
5079
6920
5421
5624
7655
5618
6268
5761
8055
8782
5933
8739
5088
6138
5595
4338
3392
1592
469
119
-3539
-3912
-5154
-6449
-5862
-7681
-7856
-7489
-5321
-10479
-8327
-5612
-2316
1096
245
-4429
-2938
3458
-2087
-318
721
-200
-312
-453
-1025
-1470
-2580
-2471
-3163
-3554
-5547
-7527
-5999
-2778
-1671
-4784
-2869
-7839
-6402
-2332
-3642
-442
-840
-1195
58
41
161
106
228
1347
-695
-2312
-2712
-1557
-3396
-5097
-3848
-7311
-6287
-4009
-6626
-6828
-5202
-1708
3329
1034
-1170
-149
2816
4467
7413
7173
5114
6707
5719
4919
4482
5601
3885
2508
3444
18
-2727
948
3006
589
-729
-1436
-4914
-7343
-7979
-8929
-7642
-6934
-6642
-7986
-7466
-13111
-8376
-1900
-4515
-4042
-2497
1083
-451
-272
-576
-155
281
-2689
-4977
-1454
364
1286
707
3060
7580
5647
7997
10220
12937
11052
12750
13502
13963
14885
13352
13307
13048
10480
9968
7378
5794
3792
1757
3236
-476
-1180
-3773
-4490
-5412
-6291
-4641
-7306
-7824
-8258
-12831
-11912
-13542
-14956
-14685
-18736
-16660
-16977
-18501
-15388
-9921
-12025
-16295
-11194
-10478
-8459
-3646
-2703
-1923
-1746
-466
6612
11324
5538
7179
16425
14011
13041
14745
15600
18661
17089
16227
16221
15551
16657
15178
14217
13393
11229
10748
10275
9664
7573
6128
4556
3762
1826
2091
459
-2167
-2286
-4485
-6610
-7631
-7226
-6879
-9363
-11259
-12587
-15495
-11668
-13954
-12257
-12597
-14514
-13561
-15986
-16702
-13419
-8715
-8492
-8917
-1617
4072
-2725
5776
9539
5164
10873
12957
14411
11704
13287
14947
11887
12934
13614
12911
13267
9506
9162
9630
9268
10658
7902
5343
3959
2240
890
-63
-1675
-3532
-6501
-6183
-5953
-8090
-9237
-5603
-5860
-10808
-8693
-8733
-7895
-9138
-12591
-8476
-12342
-12499
-13250
-14479
-11728
-13694
-10472
-12065
-2978
-4878
-8678
-2714
-2277
800
720
2762
670
2001
3870
4320
8635
9722
8574
11850
8704
10752
8415
7944
14056
7235
7868
6184
5550
5782
1808
3578
1985
1368
153
-2194
164
-2527
88
-6
-3635
-82
-3013
-2458
-1993
-2231
-1461
-4063
-3662
-4994
-7218
-3933
-3389
-8226
-5104
-2754
2069
1776
-1535
742
4036
2811
109
1096
2760
612
245
859
-648
4526
3594
4846
-1145
-248
5767
3559
8159
9000
7304
6383
5002
1530
5555
5566
3660
2274
1924
3463
1086
2675
2173
292
1103
1574
258
-3000
-2909
-956
-2467
-4071
-5524
-6179
-6627
-7100
-7528
-8552
-4605
-760
-1483
-2529
-3457
223
2181
-1488
2034
1493
1905
-129
-1918
-1087
-3587
-3813
-3421
-3829
-9184
-4585
-6018
-8219
-7868
-10468
-5864
-4186
-4156
-7290
-4669
-4374
-4075
3211
2902
-87
-1503
-665
530
608
3123
4309
1444
1666
2357
-566
-321
544
-1104
-2692
-2926
-1012
-4222
-4150
-3169
-1154
3777
2090
2578
2784
5030
4410
5604
8165
4067
4917
2950
4475
636
1446
718
-3296
-1558
-1435
-1444
-5558
-3138
-4209
-2142
-7224
-10125
-7237
-9760
-8337
-7965
-8394
-6100
-10
-2416
-460
-2194
-1628
391
2559
4640
3633
4653
3181
5458
4436
5463
5400
5238
5489
3702
5324
5447
14147
9717
5052
11963
10368
11067
12588
11624
11531
12307
10613
9578
8991
7756
8042
8347
6236
4393
4793
1021
3107
1945
1116
1760
-1837
-1479
-854
-1706
-3421
-1930
-4872
-4936
-6413
-8613
-9489
-10842
-11855
-12498
-13114
-15526
-7604
-8393
-10025
-7166
-10740
-8468
-4729
-4463
-4961
-4354
-1617
-366
8282
8930
1318
8820
7775
5380
6291
6440
6174
5947
6727
5988
7040
5503
2424
3908
4335
4944
3492
-649
1618
-500
-1112
-415
-2246
-2219
-1169
-2019
-1715
-2560
-1328
-2129
-4166
-3847
-6082
-4457
-6379
-7997
-8904
-9451
-10585
-12337
-13545
-15855
-15416
-16678
-16808
-15320
-15809
-10377
-8747
-9083
-3446
-2542
-2708
6529
8206
4601
6371
6934
7536
6512
11918
8388
6525
8924
11923
10163
3248
9585
4887
3848
7748
5679
4014
3288
3572
1200
4245
5797
4124
4125
4946
2993
3852
3452
2645
2908
618
-1862
-3137
-915
-1329
-3642
-2206
-5669
-6639
-7010
-8597
-8650
-12987
-12238
-12992
-8955
-7924
-11045
-13947
-6875
-7463
-6059
2336
-1527
-3213
-5607
-1248
-3394
-2425
2979
3125
3206
4318
4340
3930
5948
6101
8393
8395
10086
10299
10142
9930
10527
10630
9003
10318
8567
8208
6694
5098
3336
1880
1667
1004
1079
-2165
-3793
-4376
-7302
-7504
-8173
-9848
-11506
-12106
-12280
-9774
-5112
-9937
-10175
-7146
-4049
-5168
-6479
-6213
-5578
-9472
-9322
-4912
-9411
-7263
-6301
-1486
-1618
-3125
-5368
-2453
753
4922
8712
7216
8829
8464
11477
11765
10410
10515
11771
9657
12161
10865
12376
12164
9655
11023
9576
8457
5386
5086
3158
2043
2976
1164
307
-3409
-4743
-4633
-3489
-62
4468
-1429
-6803
-868
1176
1148
-29
-4671
-2469
-7108
-4445
-665
-1493
-1505
-3989
-4751
-6238
-4157
-6627
-5951
-4885
-10512
-7611
-3417
2299
1254
-225
-2344
-2365
4003
7172
7233
5806
6202
4925
6465
7796
9493
8006
7548
5584
2203
3075
3072
2680
714
1466
-58
-1850
-3491
-856
4623
6834
-737
351
4942
-2773
5007
1679
2150
7867
1817
998
-2320
-1109
1039
2003
-111
1715
-123
-2680
-3206
-2251
-2997
-6492
-6897
-7275
-6864
-8111
-7688
-9003
-9750
-10470
-9877
-6127
-7699
-6678
-6261
-6963
-6179
-5483
-5215
-2860
-1946
-2789
-1175
-1542
-752
-3588
-3334
-3578
-3281
-1636
3402
8862
2828
1282
2028
3535
4518
5301
8971
9545
8055
6816
6232
6156
9651
8062
5966
3869
4731
5595
5808
6914
5375
2049
2288
2606
1242
1008
-1343
-898
-3264
-1962
-940
-4384
-4469
-6965
-6846
-8748
-11709
-11917
-13414
-10015
-9835
-11544
-12356
-10865
-10567
-7521
-4965
-5722
-1614
-3438
3277
4584
1935
8072
7950
9008
11055
11170
10182
9659
9512
11838
11261
12956
13360
10499
11015
8661
7883
7145
9735
10354
6850
6239
7784
6729
5355
6701
5227
-713
-1929
-153
-3669
-4213
-3590
-4583
-5569
-7920
-5436
-8045
-11356
-10771
-11637
-10444
-11437
-12610
-15702
-15035
-16301
-19092
-10696
-7799
-5970
-2064
-5380
-3773
1354
1660
6623
8617
7765
8117
9782
10422
10453
11251
12330
13626
12788
11764
9797
10437
11554
11898
12812
11679
9689
10623
6034
4950
8079
6336
5723
5052
3493
972
1135
218
1597
-516
-1497
-2469
-6187
-4999
-7627
-10300
-10473
-10587
-13820
-15608
-14170
-16515
-16162
-14480
-11297
-8371
-13640
-9178
-5450
-5489
-3894
-4833
-50
1298
-2283
1489
3299
983
7046
7404
7420
8142
8674
10272
11734
11043
9607
10937
9770
8392
8735
8707
7279
6441
6024
2645
631
1106
-412
-3612
-4430
-4069
-4225
-3932
-6110
-8642
-9788
-11020
-10967
-10938
-13494
-13610
-11229
-13418
-11111
-12290
-6791
-2490
-7772
-5337
-3260
69
123
144
892
1087
1047
814
779
-999
-1185
-605
2647
2795
2249
1966
1211
2885
3131
4507
6923
6572
5392
6077
6456
5449
3671
3666
5261
4272
3482
2628
2369
330
-507
-2533
-4807
-3965
-4779
-5477
-6153
-3798
-8006
-8462
-6722
-6203
-5512
-2095
3308
208
1223
345
6169
5633
3632
5417
4571
4671
1630
4050
4144
3389
4537
5326
1854
2484
2395
620
826
-2717
-2050
-3107
-4822
343
-464
-3042
-3298
-4339
-2016
-2868
127
-360
-1022
496
735
-757
-2461
671
-1722
-3090
-3071
-1217
609
-4435
-2497
-2011
469
1833
-1423
1945
3493
951
-402
6513
8594
8209
6145
7520
9015
6969
6680
6696
5589
4418
3963
6181
4143
2001
657
-1014
997
505
-3288
-4861
-5115
-7651
-8307
-10048
-12291
-12844
-9751
-9253
-11285
-15160
-12110
-15621
-13555
-9492
-9056
-11467
-10668
-7328
-5582
-3305
-3705
-7884
-6575
-3193
734
3345
3272
4573
8338
3964
8719
12016
14530
13814
13975
16288
13650
12174
13144
15835
14265
11591
11871
6489
4676
8329
6856
5974
4392
2421
974
227
3131
1436
-185
-455
-3015
-4772
-5253
-6318
-6835
-9302
-7583
-9595
-10030
-10708
-12952
-12516
-14299
-14805
-12074
-7702
-8592
-5856
-7350
-7102
-6727
-3524
2603
2606
9259
11537
11425
6363
12635
13443
13882
18464
17072
15508
15741
17279
17424
16942
13724
15255
14055
12319
11264
10943
9981
7983
7724
7124
4953
4005
4226
1186
1519
-4026
-5994
-5499
-8361
-5929
-9403
-10594
-11881
-11806
-11960
-12654
-13758
-14179
-14071
-15168
-15135
-16116
-17918
-16500
-18025
-16509
-16792
-13534
-5275
-5071
530
-10369
696
9423
1924
8557
6981
7366
11993
12166
10699
12305
10368
9351
11118
9737
8509
8083
9660
6271
6858
4414
4500
2983
765
856
-966
-2103
-3734
-648
-5261
-5213
-3734
-6031
-5814
-6434
-6243
-7294
-8143
-8365
-8978
-8981
-10403
-11477
-12606
-12980
-11367
-11210
-10043
-12124
-5859
-6582
-10767
-9052
-6769
-2428
-4092
-1804
1778
866
748
351
881
3027
3411
4874
6970
7151
8661
10516
6188
6068
3903
5402
7764
7692
6990
3390
5531
2962
5962
4896
6087
6625
5222
5756
4427
3150
3976
3280
1582
3008
1564
-1673
-3784
-1867
-2907
-2433
-4784
-7024
-4782
-4347
682
1253
-1847
441
888
-915
-1192
-1236
1427
1883
-264
-693
-2170
-3738
-3847
-6941
-4648
1885
-251
-1940
-5001
-1017
2350
534
3724
2848
3826
3495
4797
5271
5362
5147
5571
6621
5099
7023
8468
7401
9222
6567
2058
1150
287
-72
358
-1222
-3123
-5228
-2353
-3303
-5369
-6843
3372
7505
-2769
4043
2426
2090
2799
4874
3743
37
4186
900
473
1485
173
-507
-3635
-6203
-5181
-6421
-6457
-5563
-7858
-10167
-12333
-7340
-6170
-6800
-5476
-7613
-3215
-2563
-3242
2365
4725
5612
7531
8326
6864
6787
7121
7883
7585
6749
4575
3729
2702
3832
2687
1564
1741
1486
6638
4387
1447
2444
6112
7577
6856
5176
4956
4678
3704
3671
689
4598
2070
3533
2454
-1115
-110
-541
-1764
-1053
-435
-3184
-3149
-6562
-3270
-3361
-4373
-4545
-3217
-3960
-5105
-7000
-1678
2383
-804
-590
-6642
-3238
24
-994
-140
3133
459
-2337
658
1372
-1174
-1434
-361
438
5872
5860
2117
2348
5176
5776
3381
5463
4573
3178
2250
1449
-471
18
-901
-1831
-1832
-1315
-1229
-1621
-2028
-4056
-2602
-3820
-3000
-2447
-2073
-2210
-3558
-3165
-3630
-5694
-5285
-6020
-7602
-6519
-8320
-9525
-11336
-11719
-12796
-10879
-12809
-10893
-10889
-11250
-13833
-14131
-9771
-10171
-5821
-50
2598
4539
2987
1405
7368
5170
4023
6898
5747
6373
5019
5871
7839
4425
8600
9733
7069
6567
7549
8447
6896
9222
7422
7726
8168
7938
6930
6447
7148
4905
6729
5175
5139
3801
2607
2582
2056
1340
-635
-1021
-3242
-3600
-4630
-5436
-7503
-8927
-10197
-13028
-12998
-12413
-12049
-12608
576
-517
-8149
-6043
1160
1204
-1168
5645
3970
4461
2728
4181
4941
5891
6610
8158
10694
6902
5538
7575
8394
9942
12830
11292
11672
9812
9081
8810
7475
8466
7249
6394
6128
4913
3405
2526
-247
-782
590
-1265
-3179
-2532
-4180
-6585
-5849
-7484
-9175
-11534
-10964
-10047
-12835
-10645
-7914
-10465
-13085
-11989
-7982
-9314
-10656
-11547
-7858
125
-3168
-6248
-7212
-2299
420
-283
3226
2814
4672
5347
4692
6338
6951
6145
7052
6493
8504
8217
7145
6442
5212
5870
5840
3885
4134
5492
3612
1744
2363
2406
260
-164
-454
-1855
-2489
-4615
-5467
-5391
-5123
-5894
-5770
-4154
-3597
1057
-3769
-5715
-3216
-1123
62
-1803
-39
-2536
-2823
-551
-3264
-2047
-1480
-986
-3641
7
5627
2100
1849
1327
3176
2909
6932
6355
6160
8356
9774
11561
10964
11867
8549
10729
11104
7643
7065
9771
5356
4864
3971
2337
1054
-1974
-1894
-1726
-1602
-1922
-1628
-4093
-3828
-1215
2632
-5665
-5819
-4963
-3725
593
-3574
-1018
-2951
-2351
-1726
-1858
-1137
-1278
-910
-2879
-3134
-2528
-3984
-4336
-3250
-4861
-3257
-5370
-5208
-8930
-6162
-1387
-6947
-6037
-5743
-3048
-2511
-500
82
-1066
-748
-511
-329
-926
2154
3624
890
1348
-1899
-2076
-4058
-5468
-5542
-7366
-6681
-5330
822
412
-2384
-3654
1075
2666
1246
2846
2870
3735
3476
3588
3470
6990
2513
2720
4223
3736
4177
2082
1906
2425
1317
-1042
-1704
-756
-3573
-2772
-2256
-5233
-6240
-8054
-6445
-6366
-10269
-4215
-3309
-6909
-6922
-7892
-4275
-4590
729
227
-3762
-870
-2008
-2770
-1739
68
493
4124
9075
7313
5352
6496
10497
13764
13998
13619
13507
14065
13897
15115
14518
13210
12930
12566
12245
10911
11367
9676
6760
6119
5101
4763
1304
79
-3346
-4442
-3320
-3860
-5541
-7314
-9089
-11928
-13770
-11868
-13352
-15088
-15048
-16393
-17818
