-861
-828
-1259
-727
-866
-1020
-567
-606
-947
-560
-365
-253
32
349
283
352
588
397
526
551
525
584
207
197
653
-137
158
532
-430
-172
220
-38
79
257
31
-118
-96
-174
-445
-61
-209
-774
-793
-360
-741
-443
-673
-1147
-151
-1014
-599
364
-438
50
238
-512
-301
-344
-344
216
295
211
681
638
545
408
149
495
365
428
993
977
685
1172
1249
985
1075
437
944
1074
299
818
662
2
444
228
-173
170
-292
-47
-183
-299
-309
-629
12
134
-144
-102
595
120
27
430
-579
-172
-205
-398
298
-332
-181
81
-362
37
-362
-491
219
-189
-264
45
-331
-36
-58
-438
123
-424
-852
-19
-43
-206
205
-188
347
555
-64
767
108
-192
659
-79
48
104
-734
152
164
-613
28
-292
-159
761
374
216
711
425
316
467
98
170
311
398
364
-154
-43
190
-31
392
51
64
402
529
377
62
318
244
-37
-122
-151
-669
-197
13
-328
-35
304
53
-59
54
-132
-151
-118
-314
57
-297
-612
113
-491
-464
-84
-840
-937
-629
-1286
-1068
-952
-1410
-1316
-1004
-1005
-1069
-495
-702
-641
-610
-568
-625
-211
-73
-570
122
23
-270
144
-249
-398
167
-623
-293
706
542
537
587
629
648
399
-46
-398
-283
128
250
294
512
633
369
572
436
133
508
264
25
583
-322
-237
549
-97
-51
299
-110
-322
-255
-887
-620
-592
-548
-277
-286
-212
-404
-604
-421
-673
-856
-424
-747
-191
290
-138
253
403
16
307
120
117
192
-468
-451
66
195
-137
98
231
-17
340
771
266
339
652
404
796
640
621
892
440
203
383
400
427
471
239
305
646
372
325
576
363
265
165
83
166
50
0
64
-115
303
818
196
523
977
213
854
768
-58
538
172
-195
32
-257
4
45
-436
-282
-227
-522
-319
-682
-396
132
-210
102
289
-2
-50
-98
-356
-219
-654
-386
-301
-683
-513
-99
107
-592
-287
-327
-264
130
64
-78
76
266
334
722
474
434
600
485
-228
-36
261
-452
-4
44
-359
740
895
220
930
806
516
841
445
-337
-377
-7
-317
-529
-575
-583
-754
-571
-639
-1058
-530
-451
-761
-289
-246
-400
-273
-380
-281
-214
-669
-573
-204
-901
-328
69
-590
138
199
-170
257
-37
-256
376
75
-185
129
-374
-212
74
-200
51
356
290
505
798
471
522
598
269
152
568
290
63
49
-120
-334
-732
-543
-531
-519
-708
-312
-215
-252
-4
-136
229
408
-71
190
357
-268
74
51
-329
101
-137
-245
266
-95
-24
77
-523
-360
-89
-511
-85
-192
-401
56
-298
-502
-488
6
-274
-285
231
139
211
356
808
522
741
860
332
763
482
178
385
156
225
549
453
430
887
734
680
978
525
365
85
35
-200
-532
-91
-302
-408
-447
-722
-595
-670
-547
-292
-321
190
219
442
417
502
707
356
356
42
-95
-73
-208
-121
148
149
189
-180
-201
-113
-395
-376
-467
-823
-944
-774
-645
-906
-515
-416
-600
-355
-678
-68
-74
-348
-203
-105
-98
-224
-256
-238
-362
-547
-384
-761
-805
-821
-972
-864
-962
-821
-373
-496
-490
-243
-386
-263
-110
-64
-62
157
513
561
688
845
397
389
449
335
285
3
-65
144
473
-7
144
546
292
305
199
-11
183
149
-89
55
-69
71
254
336
336
36
163
265
-128
69
-32
94
444
250
526
411
183
-120
-98
33
72
-97
235
313
-32
228
226
293
166
477
326
140
97
-13
40
-34
-46
-109
253
371
595
230
345
916
131
364
726
125
394
711
612
585
248
92
248
447
346
78
379
693
380
436
863
466
354
605
180
8
249
-66
34
3
-415
-168
7
-285
-255
-105
-382
-399
-392
-809
-613
-122
-704
-402
-47
-364
-370
-237
-179
-197
-119
-154
-303
-123
125
-244
9
140
81
38
-90
0
-250
-316
-72
-94
-102
-50
256
472
473
604
758
741
325
648
306
-36
79
-324
-397
-422
-730
-707
-394
-627
-571
-724
-758
-613
-617
-506
-293
-349
-298
-228
-395
-656
-839
-683
-1172
-1118
-919
-949
-829
-813
-1034
-611
-599
-729
-198
-311
-550
-438
-237
-236
-101
107
504
267
212
189
319
399
304
455
163
382
521
186
177
-113
-343
28
112
-125
-216
114
-22
52
246
83
180
455
254
64
178
-49
8
-222
-270
-254
-285
-270
-349
2
118
-303
-624
-412
-122
-91
-661
-211
150
-255
156
-20
-160
366
304
294
497
265
329
349
274
46
205
456
86
191
-8
-285
-10
-610
-430
228
-171
-253
-191
-279
-28
376
-170
-119
11
-636
-573
-301
-219
73
179
19
-8
-176
1
100
33
-81
139
267
580
653
835
1406
996
1276
1174
871
739
629
533
265
750
848
220
-201
-134
-9
215
481
-293
-388
303
-328
-623
-751
-440
512
547
-1009
-1260
-520
-1077
-283
511
85
-130
-760
-1277
-540
438
-668
-797
375
-1336
-1803
-1567
-1038
798
537
553
1259
518
77
508
868
921
1067
590
-613
-48
-103
-708
-264
-782
-1341
-1240
-1245
-1349
-323
133
96
209
196
552
503
1023
1242
948
524
730
830
273
287
431
396
502
314
-80
-139
331
625
136
142
63
-66
-25
26
-163
-203
-400
-718
-945
-932
-621
-69
493
109
-120
-301
-632
-727
-176
7
-320
-461
-593
-823
-777
-242
-42
-443
-55
618
444
294
141
707
964
465
553
277
-236
-149
87
221
-240
-140
153
-281
-120
-91
-296
-59
-292
-114
145
358
846
910
1489
676
705
957
-98
500
810
170
430
304
-29
1348
616
-595
12
-406
-1014
-892
-1066
-1184
-1190
-858
-63
-660
-401
358
-165
291
552
870
1054
-505
-471
294
132
617
-462
-1538
-59
7
-463
-109
-103
-212
-376
-242
-208
-8
-332
-247
283
48
-180
222
149
-273
247
530
367
189
255
462
194
-38
-187
-583
-897
-544
-325
-717
-1087
-936
-661
-657
-341
-214
-1
-16
-178
-111
-70
291
136
321
393
214
128
-207
-467
-693
-604
-530
-164
-658
-655
-546
-1275
-1409
-1208
-865
-1023
-861
-525
-479
-297
-345
-533
-229
150
76
-449
-792
-506
-225
-420
-281
-342
-406
-353
-725
109
402
800
1538
1201
1396
1309
1287
1496
1444
1249
770
1070
1207
518
628
1124
473
392
612
238
117
-169
715
627
-276
596
992
271
454
910
311
989
1297
-163
193
902
-66
499
912
-523
-237
-104
-880
-372
-106
-294
-263
-56
194
-17
-132
-138
-7
201
-118
-222
384
539
646
1011
682
833
669
567
1175
385
635
1444
269
166
125
-824
-518
167
320
469
434
487
-5
-398
26
-106
-95
-558
-316
-447
-743
-59
-847
-1153
-495
169
-780
-1004
142
-576
-578
191
-149
-514
426
428
-297
-292
59
196
81
570
-26
-674
-329
-75
-584
-889
-389
-444
-487
627
-79
-170
934
-459
-94
-450
-903
374
77
-283
71
727
673
322
-53
-35
179
-171
-723
-985
-446
-478
-1218
-762
-483
-901
-616
-820
-1021
-648
-680
-1218
-1243
-718
-394
101
349
124
161
-14
-687
-273
167
36
615
600
174
681
468
25
353
571
183
257
149
-465
-10
-219
37
-63
-528
-300
-568
-171
-7
-95
66
-182
-438
-15
2
-479
462
485
-56
158
54
492
212
329
1133
592
34
442
135
503
861
452
655
50
-8
110
-285
-700
-545
7
-452
-880
-907
-677
-66
353
-122
53
524
1
218
367
349
562
185
55
60
56
520
412
410
764
770
598
-112
60
600
177
376
479
407
202
72
443
378
-260
-330
-72
-834
-619
-336
-451
-489
-581
-585
-332
-255
-517
-655
-880
-876
-568
-981
-987
-660
-709
-147
-268
-208
-464
79
241
-689
-91
560
266
584
597
73
-74
-305
-545
-803
-523
-122
-616
-1053
-352
-560
-339
-2
-111
214
419
540
420
644
471
494
390
-489
-367
-802
-1497
-789
-651
-633
-586
-430
-510
-488
-106
-174
-103
147
501
166
-246
-354
186
459
-336
-178
267
127
97
-156
-74
791
554
-75
603
874
483
747
899
1098
1743
1374
1111
1600
1060
767
1060
984
1197
770
398
516
423
501
857
551
269
567
68
-257
-259
-128
-311
-326
-237
-528
-469
-880
-937
-410
-288
-230
-191
-326
-588
-677
-467
-316
-116
85
-161
-264
424
356
269
937
957
570
468
503
424
157
92
550
499
295
288
241
-155
44
6
-282
530
703
359
-236
-254
-390
-325
221
56
221
36
-443
65
-220
-574
217
-164
115
109
-467
-391
-648
-576
-626
-377
-460
-820
-854
-842
-523
-785
-420
-18
-453
349
759
267
518
250
-363
-215
35
324
-131
-152
181
-378
-188
457
83
142
252
31
288
1
-169
-333
-523
-594
-1032
-1016
-915
-1380
-878
-1111
-1301
-429
-541
-294
-107
-126
-89
-96
300
442
91
-494
-324
-269
-224
-339
-809
-614
-608
-1056
-1189
-842
-871
-513
-647
-939
-716
-1090
-1263
-622
-272
-307
-34
200
581
302
452
1256
480
398
778
134
-165
583
843
266
843
576
-69
-38
23
0
413
637
1035
862
288
691
408
791
1276
1003
968
718
292
403
464
609
568
410
-264
-608
-191
-729
-862
-259
-207
-458
-398
-447
-748
-710
-525
-571
-661
-993
-815
-692
-1271
-1255
-452
-749
-648
-495
-1184
-498
-440
-603
203
561
-28
-20
397
472
834
919
860
1169
1129
826
1278
1304
1063
1313
981
960
1541
883
744
1293
1024
1129
952
391
462
544
290
329
196
130
79
-23
22
-84
-32
144
515
62
-212
144
248
240
-198
-40
-63
-678
-288
-407
-844
-574
-868
-851
-883
-842
-126
-587
-896
-196
-600
-230
22
-27
738
508
481
471
260
799
933
309
632
133
-233
-302
-646
-489
-431
243
-15
-617
-444
-899
-560
89
-370
-124
-358
-326
-358
-528
342
334
-69
379
807
247
-539
-26
-526
-852
-324
-810
-762
-954
-638
-527
-482
-349
-782
-551
-288
-422
-206
-47
-349
-584
-330
-386
-505
-85
-207
-202
21
-154
193
357
16
253
229
271
215
99
-6
-59
361
254
327
551
446
328
294
214
194
223
345
143
-118
122
10
458
536
332
249
-63
288
217
137
54
-140
54
73
-167
-164
126
293
472
545
424
359
383
-30
56
413
-215
62
76
-432
-26
-59
-273
-37
98
12
183
134
187
293
426
658
352
116
285
446
-239
170
463
-249
323
-37
-246
-101
-223
416
-164
-473
-258
-647
-463
-386
-472
-45
641
436
106
468
338
-134
209
368
-102
14
2
-202
-239
-197
-333
-312
-163
-22
250
2
-11
201
170
183
-218
-289
-318
-490
-227
-661
-1050
-734
-469
-656
-361
19
-306
-241
-14
-172
-229
-390
-765
-409
-658
-888
-288
-733
-576
46
-150
-98
189
148
-45
-69
-162
-648
-587
-335
-1018
-401
-95
-549
-155
-547
-388
-23
-309
-170
-244
-303
123
343
111
-60
118
428
417
-47
-173
21
-53
67
282
-1
-166
29
-195
-225
90
-50
367
451
404
953
610
130
288
304
168
-52
6
-67
-499
-485
-588
-130
-213
-468
177
-53
100
548
191
348
169
112
610
984
890
511
867
1076
1071
1586
1184
571
1238
578
223
429
131
429
437
426
402
218
373
387
275
685
693
695
730
411
523
846
735
327
347
443
-2
158
504
250
345
418
666
274
-81
224
-250
-255
-48
-420
-889
-990
-994
-851
-656
-299
-537
-642
180
-376
-408
145
-118
-167
-307
-47
40
-518
-692
-439
-201
-457
-611
-392
-131
-289
-548
-468
-614
-801
-302
-593
-881
-360
-656
-530
-359
-352
-88
-161
7
290
-49
-70
9
-263
65
268
-344
114
14
-206
280
-375
-106
-139
-567
-350
-462
-842
-650
-298
-99
191
-7
-50
330
11
-50
-136
-105
-74
-413
-294
-467
-201
-381
-113
-334
-351
76
-264
-88
154
292
84
164
16
-206
-52
-88
-522
165
120
-345
395
182
78
437
417
-31
181
642
477
705
825
461
571
482
-116
78
603
313
323
140
-313
106
171
-202
-410
-438
-680
-870
-735
-851
-832
-480
-411
-230
-187
-133
-178
-164
146
28
151
115
30
148
256
189
70
195
-43
-286
98
-163
-191
299
198
241
184
245
155
261
88
-164
164
140
-31
191
157
-22
248
79
-41
108
222
396
379
390
333
95
516
217
-1
570
325
194
184
-248
-315
-294
-379
-4
-25
-126
-23
-168
-154
-43
-412
121
567
-23
-84
286
183
225
655
364
309
187
-363
-692
-652
-944
-1115
-638
-881
-593
-544
-1211
-735
-725
-573
-167
-168
-331
-497
-558
-865
-725
-809
-681
-509
-271
-347
-544
38
-89
-126
199
473
-38
-179
223
-216
-18
179
225
524
249
-118
12
-191
128
222
425
716
626
704
175
473
429
152
226
196
77
137
565
252
290
606
411
287
270
484
274
734
660
99
587
162
-101
488
579
191
-229
-249
67
-210
118
479
-413
-235
369
-310
-33
380
-372
-267
57
-237
-321
99
143
-234
380
278
-388
-247
-295
-83
-76
-101
-493
-601
-70
-191
-123
269
254
-125
360
287
-46
540
373
81
456
641
185
404
1039
940
624
807
452
329
463
82
120
283
-41
-12
416
-37
187
32
53
204
131
417
-15
138
106
-180
396
108
-531
262
-365
-820
-63
-159
-280
-241
-419
-797
-642
-581
-819
-574
-677
-984
-561
-325
-498
-446
-330
-279
84
63
-416
-365
-113
-139
-378
-361
-351
-568
-431
-133
-49
-155
309
463
466
930
618
601
701
428
391
410
520
446
402
757
585
44
-30
-113
-203
-196
-179
-543
-795
-572
-669
-751
-728
-490
-486
-475
-195
-415
-236
-261
-470
-508
-872
-902
-834
-573
-495
-987
-876
-728
-877
-656
-913
-798
-406
-429
-185
-89
-282
86
492
-21
300
554
-99
199
174
-107
-42
-51
387
248
332
530
69
242
446
499
641
349
281
553
592
495
527
662
653
602
316
285
407
79
-77
0
-135
-472
-463
-622
-830
-302
-156
-307
-439
-266
-21
-450
-231
7
-427
-305
-260
-361
58
-209
-214
1
-200
47
107
268
589
592
441
373
411
333
-36
224
234
-220
22
90
-91
26
153
-35
90
14
-190
208
231
92
550
685
378
464
551
421
398
232
335
500
481
439
373
450
703
491
531
405
-352
229
385
124
14
-22
223
-399
-405
118
-458
-323
11
-16
-154
-518
-442
-597
-375
-476
-609
-546
-536
-678
-605
-256
-692
-503
-101
-196
252
22
-348
38
36
-279
-72
-16
-312
245
247
-138
273
329
65
456
448
349
775
755
685
894
665
713
780
436
472
255
89
62
252
390
-9
-113
85
-341
-223
-23
-381
-89
-305
-286
-72
-621
-718
-656
-527
-409
-437
-400
-725
-696
-893
-987
-654
-1019
-1151
-1136
-1148
-961
-674
-642
-771
-494
-482
-372
-281
-316
-19
-79
-9
139
-192
-186
-113
69
118
-125
147
135
371
750
543
654
995
603
475
906
659
673
985
1157
1224
1261
1223
979
783
830
568
546
568
15
500
887
474
644
777
472
884
719
461
1084
824
394
477
594
320
366
257
-196
-208
-457
-675
-790
-685
-610
-607
-213
-454
-658
-515
-595
-742
-797
-198
-264
-535
-469
-513
-559
-535
-332
-616
-740
-996
-829
-419
-654
-517
-585
-779
-695
-974
-668
-432
-738
-342
-670
-1087
-762
-925
-803
-760
-1007
-732
-629
-829
-830
-666
-220
-28
-232
-200
-340
-273
-283
-278
36
-16
-122
-269
-363
-154
72
-299
-117
547
206
238
271
-199
-60
142
86
-12
-28
-16
209
277
571
601
295
478
164
24
258
185
26
359
267
-23
374
342
-92
-75
249
149
156
141
65
-69
-256
12
-67
-506
-265
-178
-223
-29
-33
42
-93
189
391
325
311
258
331
502
667
611
629
751
873
545
653
861
567
809
493
93
508
44
-31
130
-308
-305
-187
189
34
-13
8
-49
-39
185
110
-45
292
132
346
121
89
277
295
426
161
219
177
141
384
286
163
399
343
365
723
717
526
720
845
622
862
596
193
472
462
39
17
406
152
119
211
-93
-183
-150
-192
159
168
-58
242
295
253
14
-14
-89
-412
-288
-387
-403
-141
-421
-426
-38
-515
-522
-305
-750
-403
-269
-225
164
300
364
221
-58
209
120
-523
140
-234
-692
190
-309
-715
-310
-370
-600
-308
-276
-651
-698
-681
-721
-1121
-600
-861
-1524
-1121
-1407
-1402
-1168
-1471
-1679
-1175
-1260
-1283
-957
-1015
-1124
-835
-571
-621
-410
-243
-459
-392
56
106
375
293
359
374
451
1035
917
582
1021
842
570
826
707
635
327
641
573
159
632
728
499
647
516
309
763
881
612
562
459
577
345
169
159
-22
31
195
282
183
173
133
34
14
170
102
18
44
-56
48
83
-169
-273
-242
-379
-311
-486
-562
-305
-438
-528
-274
-104
-287
39
-84
-407
-21
80
196
238
208
187
59
379
91
-136
520
414
357
593
171
-67
47
-284
-295
12
-71
-37
117
35
38
204
263
351
252
36
271
281
193
115
-209
-83
226
46
135
680
275
378
725
393
333
223
178
142
190
-49
-45
48
-330
-118
-309
-386
-237
-543
-202
-128
-430
-374
-299
-459
-516
-716
-795
-155
43
-73
63
217
98
195
230
-215
137
177
16
327
190
-101
193
247
80
269
-142
124
212
-120
89
-348
-311
-347
-678
-431
-781
-854
-620
-905
-707
-225
-673
-745
-317
-910
-977
-654
-559
-183
-469
-549
-378
-743
-328
6
76
25
-21
514
90
-1
198
-149
85
172
23
281
254
239
559
331
188
147
346
433
424
778
473
405
457
236
216
225
403
690
659
400
530
593
317
443
324
104
125
21
360
-5
114
448
-87
-17
-56
-44
-34
-309
34
-207
-507
-17
-298
-160
228
-81
231
596
59
424
705
339
441
52
183
292
285
343
162
662
577
244
462
250
215
555
223
189
166
32
-176
-428
-293
-519
-342
-209
-296
-367
-257
-319
-368
-270
-376
-423
-321
-388
-347
-362
-531
-253
-366
-356
-489
-550
-340
-373
-178
-161
-690
-897
-507
-701
-747
-500
-814
-675
-708
-404
-443
-506
-32
-293
134
241
-73
63
192
234
472
527
394
491
448
418
590
562
376
440
651
266
247
717
225
200
498
154
-118
-208
-44
285
117
-339
-134
-345
-549
-288
-878
-988
-726
-823
-594
-404
-828
-594
-420
-815
-376
-528
-880
-519
-596
-799
-660
-730
-628
-438
-660
-508
-358
-712
-718
-243
-442
-624
-405
-421
48
60
337
131
217
887
346
559
514
502
647
528
236
-77
387
416
74
92
344
274
175
278
206
240
543
510
349
448
384
195
402
234
0
137
136
62
40
258
447
129
-146
-236
-594
-511
-147
-122
-380
-267
-4
70
-10
398
409
221
592
498
203
269
489
441
640
588
638
941
618
916
920
354
733
492
287
988
777
572
838
681
817
421
397
480
225
397
268
216
199
-168
-259
-153
-556
-452
-590
-506
-443
-723
-69
-53
-268
-214
-241
-49
-317
-641
-530
-390
-702
-628
-507
-779
-437
-359
-672
-233
34
-226
-45
4
-363
-351
-48
-181
-278
49
-11
-199
127
-200
-219
-192
-324
-11
-41
117
-437
-115
394
-232
27
124
23
94
-213
-202
-86
-33
136
-141
-345
-147
-300
-352
-354
-512
-546
-308
-450
-621
-85
-329
-169
77
-229
116
181
-178
-236
22
-99
-99
-214
-368
-90
-35
-243
-484
-252
-467
-564
-357
-727
-583
-558
-506
-421
-165
151
43
464
464
354
485
522
631
604
586
716
285
43
123
-46
231
218
189
65
226
368
146
291
264
450
580
337
582
411
350
649
-100
81
367
-264
-146
62
-187
-122
228
3
-152
132
290
288
107
377
575
415
605
440
338
226
80
11
-163
-13
-76
-74
23
-121
-56
76
-76
-48
-88
-165
-52
-70
73
45
-13
7
-134
53
-190
-271
-83
-383
-148
-363
-627
-300
-485
-686
-697
-869
-859
-750
-707
-618
-477
-600
-683
-660
-503
-564
-714
-390
-627
-461
-294
-497
-423
-378
-346
-238
13
86
99
367
475
382
792
897
885
983
601
615
801
627
594
430
230
215
218
148
55
-34
-286
-264
-365
-603
-444
-416
-295
-375
-362
-349
-490
-471
-845
-585
-535
-825
-611
-479
-585
-734
-643
-725
-778
-420
-392
-503
-93
-77
-137
325
353
145
23
248
443
233
253
333
487
509
469
591
626
414
666
354
241
701
536
718
590
552
448
547
502
471
705
634
512
290
595
417
348
502
250
250
75
62
-52
-380
31
-394
-400
28
-313
-12
-144
-123
301
83
-125
64
11
-226
195
112
-477
2
-179
16
402
387
628
446
1008
1067
1031
1419
1071
708
917
745
738
500
64
199
-52
-228
-334
-299
-237
-560
-387
-344
-386
24
-42
159
-1
-243
-54
-218
-163
56
-19
143
412
490
607
471
232
490
521
71
410
-60
-149
189
-484
-433
-540
-888
-765
-1003
-1192
-830
-1020
-937
-1009
-1099
-466
-755
-853
-484
-607
-657
-465
-551
-414
13
301
200
231
439
10
245
501
194
115
250
312
403
601
469
165
265
361
47
339
318
-88
-281
-145
92
-45
-187
-234
-206
-327
-331
-494
-641
-373
-209
-428
-468
-425
-379
-511
-764
-639
-617
-608
-588
-679
-746
-725
-651
-548
-594
-606
-690
-652
-682
-802
-623
-633
-382
-198
-301
-76
144
59
395
574
504
589
485
237
379
456
265
341
324
517
398
373
64
-41
368
259
370
19
-217
-128
-166
123
75
138
521
403
231
407
402
127
1
280
237
152
156
57
118
-95
-174
-80
-357
-322
-18
-265
-132
-122
-298
-306
-476
-146
-128
-258
-1
-133
-94
191
151
295
482
290
494
463
246
293
192
370
263
258
226
175
300
125
206
271
176
100
149
205
-111
-329
-264
-174
32
233
178
42
-9
142
184
-140
172
430
52
289
348
17
265
449
282
115
-66
205
25
32
239
76
468
300
36
37
-234
-135
109
-172
-185
-162
-61
236
-338
-450
-131
-654
-240
-34
-361
-305
-457
-204
42
-44
-204
420
433
211
401
251
337
373
458
306
51
139
0
-83
-148
-409
-238
-492
-611
-668
-867
-467
-669
-760
-684
-800
-682
-538
-388
-101
-224
-555
-120
3
-77
-106
-53
100
84
148
109
188
375
225
250
507
285
376
638
592
686
678
525
533
762
856
954
569
206
404
363
82
-116
-45
-159
-39
-26
-372
-232
-217
-415
-53
58
-125
-105
-364
-76
60
-468
-160
-114
-416
-147
-163
-246
-169
100
31
-55
377
285
303
256
-22
290
441
303
198
248
64
184
325
-130
-38
-4
-138
253
-169
-334
112
-478
-444
-335
-879
-571
-719
-578
-216
-689
-101
-120
-444
159
162
46
275
411
363
288
285
315
245
-30
135
249
-105
-105
-275
-481
-391
-327
-481
-307
-184
-202
151
179
31
114
79
34
21
-202
-338
-298
-285
-284
71
-171
-374
97
-26
-68
-50
-195
-73
-279
-609
-488
-689
-937
-752
-992
-1178
-1001
-1099
-1111
-839
-926
-867
-705
-817
-679
-573
-503
-452
-429
-272
-344
-90
248
-154
-259
27
-138
-212
62
-3
9
102
-89
-116
-67
-375
-292
-86
-234
122
219
125
299
467
294
-3
50
70
149
201
-94
-299
65
-120
-217
142
-183
7
278
81
254
427
309
381
555
563
383
372
481
172
381
604
315
406
613
502
538
793
623
700
836
508
904
879
347
680
583
513
789
649
555
576
501
334
142
-93
-99
39
172
-94
4
390
90
136
287
302
375
332
119
105
283
-33
222
446
20
224
241
7
29
-151
-70
430
379
-86
343
371
-51
164
21
-340
-39
-16
-117
339
147
137
520
727
757
645
524
285
325
514
419
117
-65
-71
-15
-79
-342
-618
-578
-389
-548
-730
-638
-748
-786
-563
-618
-578
-706
-756
-455
-709
-638
-318
-110
-227
-280
-90
-14
-54
-193
28
-167
-259
-557
-884
-933
-960
-1039
-1245
-1103
-1368
-1341
-991
-1235
-1080
-706
-886
-816
-483
-535
-516
-463
-470
-318
-544
-416
-356
-145
10
120
400
370
401
228
405
299
642
750
340
606
583
280
381
505
605
792
525
448
557
613
805
642
596
754
518
550
451
561
848
577
429
410
322
146
284
199
30
145
88
122
128
-17
37
-79
-219
128
150
-154
-71
26
-482
-209
264
-150
51
-57
-584
-518
-641
-665
-575
-737
-688
-698
-770
-783
-751
-648
-697
-508
-531
-617
-399
-311
-261
-303
-120
-13
-54
103
256
186
245
410
560
591
497
718
823
728
751
908
896
950
1105
1074
919
785
678
693
747
396
251
205
109
-20
-221
-138
-41
17
-312
-211
41
0
94
228
83
-62
68
123
281
34
-76
-177
-484
-607
-320
-551
-602
-363
-652
-669
-669
-653
-759
-569
-380
-285
-285
-492
-488
-324
-625
-604
-525
-775
-765
-451
-137
-264
-290
-132
-14
-53
-75
-284
-57
-278
-367
167
-141
-253
59
219
211
240
301
154
247
228
30
136
-22
-222
4
-9
-344
-155
-221
-243
71
-327
-246
-102
-406
102
301
69
161
379
324
150
402
152
-147
300
160
8
20
80
126
25
178
90
491
502
588
702
267
174
239
20
47
372
202
432
658
332
355
496
100
103
455
138
-57
149
69
408
235
-421
55
46
-215
-70
-156
219
101
4
91
-168
291
93
-20
226
109
-46
-151
72
-260
-240
-28
-134
-108
-77
-11
45
-26
-158
-163
-119
-194
-289
-292
-340
-454
-506
-345
-609
-414
207
272
462
399
394
684
366
507
652
253
39
158
226
251
145
116
187
-166
258
107
-110
7
-151
-230
-135
72
-240
-331
30
149
83
72
-143
103
-22
-61
91
-143
-458
-476
-61
-205
-409
87
-89
-358
109
-132
-155
-162
-350
-429
-336
-403
-666
-521
-274
-313
-474
-476
-591
-661
-748
-641
-613
-628
-602
-241
-93
-439
-327
-32
-181
-122
192
-302
-195
-22
-202
-119
-256
-35
13
-170
-399
-470
-269
-404
-400
-502
-555
-180
-457
-320
-299
-532
-128
-227
-215
-70
-216
-64
-56
-75
275
428
392
230
104
115
8
201
344
229
576
550
676
787
697
754
767
536
470
722
436
305
270
332
198
-122
-53
19
-115
30
-49
-120
-235
-414
-35
13
-177
83
-24
1
330
266
400
451
498
585
621
369
344
566
419
106
-3
-84
-117
-187
-397
-113
-110
-191
201
37
-22
253
107
282
283
31
138
87
60
110
-118
-237
90
239
103
108
194
494
424
352
737
723
446
564
687
268
158
169
113
340
265
-315
-305
-322
-687
-441
-369
-489
-242
187
-119
-218
-48
-28
154
-54
-173
-59
-18
-92
-186
-77
-110
-425
-356
-306
-518
-643
-564
-640
-468
-51
-235
-160
171
124
356
471
295
386
38
124
352
45
171
52
-258
-273
-246
-28
-126
-431
-360
-438
-398
-687
-644
-422
-776
-351
-363
-502
-220
-471
-542
-389
-365
-446
-621
-547
-623
-557
-394
-766
-729
-667
-698
-680
-870
-920
-530
-708
-690
-498
-601
-127
-38
489
764
785
936
727
502
792
940
401
578
718
386
402
372
170
146
312
473
437
634
503
468
551
467
492
368
243
437
555
445
345
149
301
51
87
182
-27
62
168
85
5
44
-105
-27
269
416
414
252
446
664
578
968
735
444
809
647
119
252
112
-142
-29
-227
-219
-295
-253
-18
-71
35
147
-288
-320
-462
-669
-383
-522
-603
-532
-528
-372
-620
-868
-918
-1067
-1157
-969
-769
-688
-336
-490
-267
-73
-242
-207
-279
62
161
94
15
169
142
86
174
-75
76
78
-33
-52
-6
133
32
-22
10
190
206
193
278
212
128
246
224
-200
-106
202
76
-37
20
23
6
-158
-387
-455
-540
-723
-674
-586
-839
-901
-1047
-866
-474
-481
-381
-359
-342
-409
-190
23
-234
-163
-61
-502
-677
-421
-578
-430
187
141
279
263
-56
318
105
91
460
272
241
370
323
586
575
375
534
415
530
428
226
426
286
186
273
296
292
318
594
563
472
475
597
543
256
208
-72
-126
-157
-12
-188
-474
55
13
184
239
-1
83
-71
47
93
95
318
583
601
535
322
329
407
159
19
-140
-210
17
172
139
69
-157
-338
-100
-28
-692
-112
486
28
519
586
171
550
657
373
498
830
502
505
550
-124
-146
-278
-349
-301
-713
-724
-672
-476
-213
-453
-170
137
42
295
450
338
616
515
365
672
279
25
54
19
-120
-140
265
-132
-201
-84
-714
-765
-620
-588
-976
-677
-664
-741
-147
-345
-624
-419
47
-240
-101
266
-239
-348
-354
-972
-1039
-779
-1046
-727
-636
-982
-836
-772
-721
-582
-438
-880
-940
-818
-566
-333
-512
-193
-46
83
-27
-159
114
175
75
248
281
442
260
-50
200
35
-493
-164
88
248
665
457
622
656
563
480
326
477
435
247
148
259
186
185
445
271
304
126
-328
-279
-201
-86
-64
-4
167
75
380
327
84
397
-18
15
78
-318
128
131
23
254
27
-121
-303
-416
-248
-512
-513
-160
-618
-592
-262
-418
-72
-5
-383
-175
74
-53
342
138
-284
249
340
399
444
385
428
448
444
290
281
43
-34
153
372
382
178
346
558
318
397
230
-197
162
107
-96
476
653
258
153
-58
38
239
51
-204
-214
-57
-230
-133
114
-148
-158
55
-166
-103
3
-88
80
-36
-5
410
265
287
271
30
234
310
136
-87
-423
-536
-307
-370
-570
-513
-594
-529
-352
-719
-605
-662
-848
-492
-765
-724
-342
-246
-497
-353
8
-111
33
51
224
497
692
607
524
539
320
582
772
451
345
487
609
767
581
785
850
388
483
334
214
562
318
16
-9
-166
-747
-661
-225
-652
-262
-458
-799
-672
-779
-605
-919
-445
-641
-973
-310
-439
-433
-373
-643
-562
-707
-774
-440
-678
-467
-183
-145
48
-200
-51
54
254
253
22
428
358
403
608
508
461
434
611
536
424
866
562
287
839
553
555
608
458
457
320
227
7
223
355
137
209
61
-81
-137
-444
-174
-74
-157
-358
-314
-196
-465
-637
-572
-419
-543
-364
-632
-672
-169
-424
-35
208
-38
482
493
299
649
858
512
684
538
777
1171
651
702
644
766
627
378
335
389
386
97
250
286
223
259
28
-149
52
44
272
424
231
545
982
1155
855
780
840
351
249
432
-91
-268
-43
-58
-6
-60
-525
-649
-394
-562
-579
-642
-783
-738
-863
-956
-682
-784
-985
-602
-428
-379
-515
-514
-276
-610
-565
-563
-750
-630
-545
-339
-547
-584
-553
-523
-309
-548
-752
-889
-893
-682
-557
-493
-644
-556
-427
-454
-391
-330
-167
-107
-5
-106
-54
247
210
246
329
348
254
178
232
-25
-79
-370
-677
-449
-598
-852
-658
-632
-633
-204
-276
-319
-217
-286
-151
-187
-453
-307
-24
-170
-601
-428
32
-178
-173
-139
-279
-95
-78
-86
88
-84
-75
178
118
232
462
334
305
660
819
674
837
628
299
433
115
110
440
125
264
594
623
732
433
396
464
483
778
760
456
646
688
408
565
303
132
461
399
450
428
345
645
202
294
484
59
180
156
225
356
656
698
484
655
777
824
869
696
474
130
-102
-315
-393
-258
-590
-820
-867
-723
-592
-179
-195
-289
80
265
255
253
608
784
963
786
905
904
773
800
608
368
231
214
-125
-357
-433
-588
-935
-588
-547
-639
-169
-281
-332
-193
-229
-121
-383
-283
-189
-475
-441
-843
-608
-572
-837
-622
-754
-870
-469
-396
-501
-57
-164
-301
-27
-155
-125
-2
-84
-27
94
199
-22
-441
-422
-266
-680
-780
-668
-805
-938
-753
-688
-941
-657
-637
-384
128
55
84
176
139
228
636
451
206
306
43
221
253
-6
105
278
237
282
449
528
428
368
413
199
402
523
303
373
436
220
32
85
-84
-26
177
493
538
326
589
396
470
450
0
325
120
-21
255
-383
-284
-203
-634
-397
-436
-411
-559
-789
-698
-457
-277
-569
-614
-553
-922
-969
-695
-825
-715
-214
-252
-312
-69
-79
-131
-56
-207
-344
-279
-383
-256
-33
175
99
59
273
114
486
601
629
915
595
455
479
565
575
597
829
1003
992
959
197
-131
422
-57
-170
-56
-415
-492
-448
-436
-357
-433
-672
-506
-258
-175
-144
-40
-276
-362
-262
-564
-656
-889
-916
-673
-817
-690
-377
-503
-568
-649
-796
-739
-1020
-1086
-1066
-1555
-1388
-1284
-1536
-1108
-1170
-1166
-815
-699
-540
-12
30
63
516
327
695
787
942
1197
1048
1433
1431
1224
1384
1285
1126
1022
923
790
744
905
835
779
643
570
445
295
369
518
407
-4
-123
-54
-53
-56
-385
-518
-389
-659
-679
-503
-541
-299
-60
-209
-382
-203
113
208
396
333
318
710
559
132
311
264
379
590
416
645
398
366
648
347
104
90
119
-67
35
-77
-82
158
152
418
243
422
735
626
525
665
450
71
271
6
-120
69
126
97
188
507
443
299
373
625
633
616
674
438
765
527
73
506
355
300
682
509
653
698
383
499
325
-11
93
-195
-632
-434
-395
-379
-87
-259
-392
-280
-538
-423
-657
-953
-700
-738
-722
-422
-548
-672
-539
-675
-498
-539
-590
-395
-474
-564
-601
-678
-605
-575
-298
-476
-330
-160
-416
-98
-319
-228
-421
-467
-314
-617
-687
-603
-649
-537
-60
28
52
-13
-16
355
328
122
433
244
67
607
282
6
532
12
-195
-65
-324
-414
-616
-739
-888
-890
-875
-934
-1215
-969
-642
-853
-670
-601
-718
-560
-645
-841
-605
-601
-709
-644
-565
-628
-710
-264
-268
-225
104
-13
308
376
239
541
368
518
693
359
366
284
102
-210
-271
-15
-38
-201
-201
-34
107
120
192
315
300
295
265
306
154
-45
61
202
232
115
356
900
677
736
891
514
690
505
80
184
225
-67
-111
-329
-335
-60
-339
-138
95
-105
-120
-148
24
45
-135
-196
-308
-244
-384
-294
-230
-282
-29
-98
-23
101
165
142
233
291
345
974
929
754
1013
818
608
646
662
547
619
497
170
324
306
157
340
261
148
266
61
-172
-29
-115
-144
-90
-168
96
-196
-515
-342
-346
-354
-346
-4
259
27
51
277
277
299
440
549
617
537
648
1065
936
851
918
681
495
513
493
206
226
72
-13
138
-156
-97
-48
-243
-133
-294
-552
-594
-560
-549
-687
-788
-747
-882
-939
-879
-851
-723
-999
-943
-562
-402
-610
-498
16
-321
-314
-125
-105
140
229
307
313
362
303
425
416
162
109
341
220
-67
-62
-175
-9
-62
84
-26
-332
-57
100
188
230
65
-146
-128
-320
-250
-355
-675
-370
-411
-251
-137
-201
203
293
670
635
247
624
680
399
519
314
179
342
107
-33
-139
-194
-635
-684
-329
-499
-307
-29
-362
-259
-76
-392
-107
-204
-122
-21
6
5
-153
38
-175
-57
84
273
49
-239
52
130
85
110
53
78
12
-97
-113
-207
-155
-44
-21
30
338
125
297
668
335
292
69
-52
159
-43
54
-38
-104
281
16
-266
-180
-392
-620
-276
-193
-207
48
-120
-294
-328
-170
-56
-171
-84
-50
-68
170
238
134
160
-97
83
-105
-161
-103
-261
-214
-447
-314
-520
-391
-476
-692
-301
-388
-524
-205
-111
-5
-112
-345
-359
-396
-358
-209
31
-37
449
665
405
579
791
815
785
678
623
748
413
323
335
-222
-437
-308
-543
-780
-911
-1224
-1064
-987
-1018
-713
-883
-1057
-874
-872
-825
-801
-662
-479
-667
-640
-356
-311
69
308
299
778
479
388
537
336
632
614
413
476
445
513
472
383
859
739
690
994
629
726
861
542
534
411
222
218
273
255
150
194
-4
-160
39
-111
-5
23
-285
-28
-168
-69
83
-61
173
215
26
154
92
57
204
241
550
-54
41
588
138
101
249
290
363
163
247
289
16
-27
75
168
11
-15
43
213
336
160
5
219
-198
90
756
461
686
520
695
681
377
374
358
351
-204
-117
-218
-637
-207
-486
-889
-254
-524
-775
-443
-447
-535
-511
-300
-792
-761
-290
-638
-336
-155
-261
354
142
48
172
172
314
63
372
339
-124
127
-127
-222
151
-309
-132
341
-140
-337
-156
-264
-159
-140
34
-66
-269
-140
-456
-726
-590
-515
-458
-373
-929
-950
-860
-1070
-1000
-1070
-779
-706
-669
-411
-341
-315
-268
-221
70
350
15
243
-5
-290
-246
-544
-495
-338
202
-283
-321
106
-243
-83
182
334
169
356
640
394
623
625
490
711
561
619
446
399
841
542
522
592
389
449
84
5
154
-145
220
351
-191
240
334
-181
171
155
-393
53
289
-66
-77
-151
-198
-3
1
-93
1
-127
-286
82
193
-203
-69
106
-219
-269
54
-35
-293
-90
167
148
-43
139
313
-12
-144
-261
-102
361
203
264
488
281
532
465
170
435
511
591
793
366
494
951
448
510
546
453
540
167
107
62
-197
-316
-223
-545
-499
-275
-646
-560
-618
-647
-858
-1050
-847
-843
-878
-1056
-1350
-999
-795
-1362
-1236
-816
-661
-675
-526
-428
-326
-237
-402
-41
184
6
5
40
154
-111
-327
-105
-304
-309
-147
-352
-267
-147
-40
-11
2
241
347
475
423
389
504
577
468
608
800
895
1021
1001
1097
666
678
788
444
798
507
1
232
30
-71
-161
-290
143
54
-257
-89
-99
-226
-157
-223
-265
-303
-265
-11
-227
-205
-198
-277
37
-224
-431
-249
-149
-219
-246
-175
49
-99
-21
180
-202
-64
175
317
179
-140
-172
-25
-86
6
104
-246
-356
-198
-222
-378
-176
-45
-186
-56
252
-120
209
692
398
636
567
466
842
806
782
860
699
767
318
654
514
-125
597
231
-41
434
389
488
549
287
346
186
171
446
4
-75
-46
-234
144
294
144
26
-121
-198
-170
-403
-427
-225
-650
-557
-443
-585
-605
-601
-508
-599
-622
-568
-523
-705
-643
-739
-693
-546
-503
-166
-220
-37
209
120
-124
-138
-34
37
71
20
-103
-409
-166
-72
-51
67
45
22
45
-66
23
256
74
69
173
242
285
328
196
90
75
187
270
221
37
55
237
-168
-134
34
-406
-388
-139
-351
-332
-79
-371
-613
-703
-873
-678
-646
-633
-399
-353
-242
-186
-306
-240
-224
-296
-157
-322
-447
-623
-768
-716
-790
-386
-350
-424
-452
-548
-179
-488
-518
15
112
370
409
462
449
449
598
344
275
403
129
153
244
-82
110
26
41
204
138
473
399
190
288
117
164
239
117
84
-136
-78
-367
-440
-288
-717
-552
-448
-519
-159
-124
-364
-297
-139
-155
-113
26
-42
-317
-42
70
-234
51
102
-128
-18
156
54
95
47
-205
103
16
-42
225
51
266
467
327
666
654
648
951
850
743
552
728
821
440
177
139
206
184
33
47
-43
1
190
2
166
206
406
454
395
454
422
372
346
431
18
95
414
88
62
268
-39
95
29
100
320
215
275
394
363
415
331
6
146
10
62
155
85
49
108
-180
-204
-88
-300
-197
-356
-303
-328
-395
-426
-624
-251
-165
-452
-544
-317
-386
-724
-215
-434
-523
38
-471
-375
-107
-127
102
-184
-134
-367
-582
-476
-799
-664
-256
-477
-459
-127
-228
-247
-419
-286
-248
-536
-500
-640
-608
-374
-628
-531
-56
-120
-87
-4
-159
-346
-52
121
190
503
197
252
301
140
424
539
114
237
304
19
288
18
249
430
205
345
131
289
578
292
403
320
126
603
357
186
322
136
-19
-157
-165
105
-28
-209
-53
-245
-147
-171
-53
40
-70
-152
-160
-50
-33
154
177
222
277
327
149
116
249
136
-109
151
314
184
264
-8
-159
176
223
-85
-84
-178
-49
16
20
5
-482
-575
-268
-284
-392
-256
-120
-84
-178
-321
-378
-208
206
101
15
291
-82
-195
-77
-206
-273
-251
-358
-552
-279
-187
-244
108
206
417
810
624
551
811
709
486
763
645
346
431
124
38
233
-48
-237
-310
-806
-702
-442
-487
-321
-451
-333
-299
-285
67
283
241
98
96
-146
-138
-93
-291
-493
-634
-566
-670
-925
-1025
-813
-927
-882
-518
-414
-194
-525
-540
-59
-443
-527
-418
-585
-593
-704
-454
-339
-370
-386
-631
-289
-9
197
447
290
416
498
503
531
534
563
499
586
591
323
41
33
83
173
324
361
340
183
158
22
371
584
159
426
370
201
460
634
545
396
614
735
594
466
593
826
693
680
736
590
634
316
151
64
1
359
401
226
71
110
291
203
53
173
-34
-221
186
333
-97
71
193
34
57
-290
-341
-404
-48
-26
-355
-193
-445
-249
-127
-264
-7
25
89
231
64
175
590
397
152
141
376
328
451
812
321
433
386
41
-5
-184
-129
-64
-17
-147
-476
-311
-517
-679
-165
-286
-131
-28
-350
-16
124
-140
133
104
19
175
304
54
-176
18
-402
-475
-23
-127
-108
149
17
159
115
388
517
19
322
177
-44
159
-7
67
78
-106
35
-97
-147
176
-53
-411
-693
-439
-571
-870
-754
-778
-971
-950
-966
-992
-670
-1000
-947
-863
-401
-464
-667
-370
-523
-572
-207
-143
-456
-397
-568
-283
-236
-588
-672
-349
-273
-459
-222
16
-291
-200
20
-48
458
643
448
495
472
294
209
225
425
225
146
276
-35
100
191
-85
-204
-78
408
314
145
221
182
127
-246
-458
-536
-797
-824
-547
-498
-366
-12
-234
-323
-227
-130
90
83
127
-24
148
610
528
597
678
519
722
761
576
680
1000
613
609
476
168
322
161
226
174
372
394
66
-115
-377
-448
-121
-71
7
-189
-239
-188
-410
-279
-292
-348
-113
-113
-378
-231
-356
-235
54
154
179
128
107
35
236
463
575
593
428
514
264
-7
258
46
93
-19
-233
-65
18
-248
-165
2
-340
-183
29
-93
-153
-385
-527
-500
-1009
-677
-398
-713
-605
-328
-234
-222
-224
-252
-26
-136
-241
-386
-299
-317
-264
-54
-87
-246
-79
192
42
231
408
182
47
364
-164
-137
-66
-509
-107
171
184
205
447
341
243
284
448
380
418
638
482
369
269
447
503
442
547
301
57
349
195
-10
197
81
252
261
-62
106
47
-477
47
300
-141
-86
90
64
-150
76
-355
-389
136
-141
-186
-8
-69
-75
-174
-472
-70
-139
-201
53
-5
162
-346
-319
-89
-142
-302
-425
-491
-678
-378
-583
-518
-15
5
-58
-75
23
-187
-149
224
51
102
241
-57
-238
-229
-362
-35
-45
-170
-183
-506
-184
-241
-109
51
-206
408
278
-210
312
-48
-93
793
409
277
487
91
371
141
-55
434
246
155
174
65
394
186
-67
234
116
256
372
-94
179
531
202
236
22
-83
65
-16
44
-168
38
235
-307
-257
-187
-456
-300
-436
-473
-331
-608
-439
-269
-319
-212
-201
-464
-462
-327
-502
-380
-476
-426
-391
-528
-652
-813
-717
-919
-1044
-708
-676
-943
-684
-596
-560
-258
-478
-163
-429
-523
67
-299
-71
335
281
448
550
559
815
818
640
574
733
652
616
569
500
523
521
893
669
111
-49
-11
-70
-390
-546
-187
-321
-302
-243
-152
216
-69
-62
83
22
38
-196
-454
-420
-267
-184
-364
-404
-222
-120
-468
-546
-293
-307
-383
-400
-519
-807
-681
-804
-895
-594
-645
-588
-383
-564
-559
-409
-375
-167
245
152
-83
84
220
457
877
609
328
413
193
719
620
388
833
823
311
475
311
171
701
583
832
600
350
412
507
827
841
911
1370
779
663
1207
1159
1495
1162
971
1035
615
547
700
450
560
424
381
149
-697
-408
-245
-39
-260
-696
-267
-486
-745
-242
-178
-291
264
413
317
222
513
740
394
27
-163
-86
63
91
154
-158
-103
468
99
134
525
330
453
637
155
144
67
29
8
-41
298
76
-17
21
-52
-436
-553
-328
-480
-635
-417
-79
-251
-398
-80
-321
-708
-703
-602
-615
-842
-900
-788
-852
-691
-747
-787
-518
-839
-725
-853
-843
-538
-810
-809
-740
-1050
-984
-697
-893
-659
-355
-569
-389
-295
-166
0
-8
82
-79
368
166
358
939
506
559
832
664
673
633
508
670
707
509
590
895
484
526
504
286
267
276
87
-141
-127
-14
142
-53
-334
-345
81
-167
-362
-194
-212
-72
-112
-198
-119
-291
-279
-69
-197
-330
-151
-120
73
0
-358
-363
-442
-492
-873
-546
-265
-444
-261
-29
-233
-446
-73
-347
-473
-245
-569
-434
-224
-169
346
273
279
704
710
1018
1281
1194
1255
988
1012
1080
895
918
748
744
669
329
411
482
313
268
166
398
261
72
227
-151
-284
-6
-313
-331
-137
-419
-306
-219
-396
-402
-371
-527
-393
-626
-448
-131
-322
-233
-509
-560
-306
-323
-558
-414
-658
-1034
-976
-701
-917
-689
-112
-555
-512
-602
-650
-232
-568
-816
-391
-170
-113
-87
66
-105
-286
23
56
15
12
-216
35
257
250
501
202
601
858
320
846
863
448
827
674
-17
-131
-56
-172
4
62
-182
-245
-24
133
-2
-30
254
210
235
808
747
413
317
147
274
534
313
116
230
-141
-372
-277
-306
-85
66
-243
194
209
-497
-187
44
-268
-223
-149
-394
-229
-140
-412
-668
-315
50
-108
-124
38
123
287
217
-49
46
-18
-40
-133
-130
38
75
698
472
223
830
558
569
845
858
635
648
897
430
248
725
619
666
675
311
718
866
695
289
0
196
3
-386
-397
-522
-685
-854
-895
-558
-511
-392
-242
-423
-454
-259
-373
-313
-48
-200
-131
-27
-345
-148
-111
-114
58
-466
-267
176
-168
-84
206
443
884
473
592
639
311
605
590
400
271
169
187
498
-103
-122
-186
-471
-297
-521
-335
-319
-369
-314
-346
-577
-440
-465
-618
-502
-354
57
-195
-403
178
160
-196
-340
-557
-327
-179
-562
-516
-162
87
-293
-200
294
-545
-637
-158
-745
-815
-279
-951
-942
-477
-975
-1056
-1201
-1179
-1157
-1301
-911
-782
-669
-476
-300
-95
30
395
242
321
320
4
180
483
174
136
325
74
-58
-240
-214
-83
-34
-313
17
106
299
321
-211
0
24
76
235
-141
-232
277
1
-155
104
-100
53
347
-14
297
285
209
615
416
-6
502
998
143
116
262
325
96
-76
-47
165
182
-239
-202
-117
-47
-215
-92
-24
-188
-4
237
-51
301
467
396
452
177
316
408
300
101
217
19
95
193
145
462
157
433
557
370
798
272
177
675
365
321
317
267
487
332
29
-110
-156
-159
-419
-443
-356
-625
-468
-496
-616
-325
-412
-212
-119
-213
-45
-141
-328
-134
215
-47
122
84
-242
-41
147
316
298
78
133
332
-122
59
-81
-147
484
227
418
1131
736
478
542
411
723
353
606
658
274
268
-121
-286
90
402
30
-69
0
-292
-75
32
-774
-410
-281
-354
-59
-71
11
-123
135
-290
-9
154
-475
140
151
-774
-257
-307
-808
-317
-219
-330
-537
-300
-508
-387
-89
-181
-136
-382
-530
-436
-704
-1000
-655
-484
-710
-681
-565
-688
-666
-510
-249
-251
-115
-335
-436
124
-288
-491
0
-190
-342
-398
-323
-226
-285
-237
-363
-333
24
223
89
353
575
421
717
753
411
581
725
485
354
735
542
617
470
233
425
66
397
466
335
42
-88
137
37
-61
150
109
40
559
387
475
502
321
490
371
487
189
12
297
345
271
149
-100
-154
-110
85
25
-61
162
-225
219
381
-52
421
320
113
515
167
154
331
-81
51
179
-46
37
154
-45
-58
-88
-108
-5
-123
-194
-227
-411
-222
-221
117
-78
-238
51
-254
3
-27
-112
142
47
207
636
387
367
398
37
85
-102
-432
-207
-333
-512
-605
-380
-168
-483
-592
-624
-665
-852
-626
-789
-973
-952
-1007
-888
-775
-739
-934
-802
-988
-1026
-541
-394
-603
-676
-523
-722
-933
-745
-642
-640
-379
-180
-51
83
121
-73
-352
-177
-23
-148
-115
-120
-333
-400
-274
-207
-200
-370
-377
117
118
395
671
211
425
477
55
520
398
16
699
211
141
349
156
363
-126
-346
-184
-190
-244
-262
-122
132
118
65
308
578
704
713
821
907
766
1068
784
653
924
757
1009
1026
944
739
675
719
576
870
928
900
893
549
638
562
304
469
347
293
469
173
241
535
144
-78
87
-233
-414
-340
-352
-410
-498
-434
-526
-617
-600
-650
-431
-217
-314
-101
46
288
452
193
319
551
62
1
-30
125
252
-382
-428
-501
-303
-477
-422
-47
-32
74
-110
91
-92
-107
13
-268
-132
2
-1
-54
226
320
277
254
277
411
482
372
285
325
166
359
188
61
239
181
-113
-251
91
-100
-26
196
0
165
-54
-123
142
49
-368
-621
-677
-669
-697
-857
-821
-834
-670
-649
-762
-348
-296
-760
-305
-417
-599
13
-167
-474
-182
-6
-7
-203
-454
-23
-174
-361
-89
-151
-96
-2
-54
17
-67
-255
-377
-491
-139
-101
-474
-551
-572
-381
-294
-409
-121
-22
-66
350
121
-77
320
242
325
508
345
213
-32
-14
164
5
234
310
69
285
325
69
216
199
81
142
58
-26
25
1
-106
-162
-430
-474
-304
-287
-116
17
-364
21
166
-240
310
-27
-262
345
227
211
315
258
345
647
697
597
871
789
773
829
407
429
451
-84
-141
-246
-772
-519
-367
-375
-68
-401
-627
-544
-344
-207
-537
-674
-915
-819
-518
-764
-363
-229
-463
-80
-119
-113
-38
-79
254
117
-158
139
215
-48
-252
-340
-81
-21
-103
-302
-467
-459
-575
-914
-797
-404
-555
-392
-688
-734
-126
0
-189
-152
-102
-64
61
-66
-92
8
-7
111
305
23
272
498
288
583
365
146
336
124
833
788
421
979
549
903
768
345
752
273
343
444
-180
-55
45
-170
-51
-240
-470
-660
-302
-328
-416
30
-58
-173
-52
87
92
193
57
24
97
291
159
-8
204
517
343
218
289
627
621
125
748
354
212
647
353
238
-93
-233
-17
-77
-236
-195
105
-158
-159
254
-247
-57
160
-395
-338
-77
-401
-438
56
116
-369
-312
-120
-229
159
224
172
342
124
252
104
-245
-166
53
341
-41
-89
164
-6
240
84
-161
68
-104
-83
-12
-123
-36
-15
225
384
267
471
690
632
541
719
655
732
626
659
1009
567
561
701
625
581
433
777
686
450
735
96
-39
247
-356
-417
-119
-542
-441
-450
-869
-736
-571
-443
-545
-467
-600
-576
-665
-799
-837
-972
-779
-633
-460
-233
-328
-389
-171
-133
-186
-255
-240
-168
-17
-66
-232
-266
-248
-397
-421
-503
-604
-253
-490
-415
-113
-435
-554
-489
-148
-170
-183
110
-389
-315
-22
-435
-403
-183
-122
4
182
83
186
221
286
414
501
558
188
252
306
-142
-8
154
-61
310
268
-52
-108
-499
-446
147
-19
122
125
29
223
-4
-12
-399
-239
-140
-26
-233
-673
-327
-199
-296
-511
-646
-483
-300
-389
-373
-472
-637
-526
-672
-671
-318
-509
-407
-269
-447
-416
-140
-62
-216
0
-44
-184
160
206
-89
-113
-69
30
-176
14
39
-111
-79
-63
436
434
247
405
335
318
381
301
424
397
458
574
365
323
699
413
530
808
464
638
703
632
463
625
713
665
592
419
548
585
498
594
365
399
493
131
334
407
318
223
356
225
89
171
104
87
43
129
-50
-80
-169
-299
-118
-124
-591
-314
-132
-103
116
-6
158
229
207
79
120
164
35
-140
-40
-123
-415
-445
-361
-390
-300
-128
-218
-357
-303
-166
-105
142
158
274
600
60
63
505
133
449
243
72
491
-84
104
310
-120
207
108
-213
-230
-463
-368
-255
-779
-803
-572
-854
-878
-873
-798
-814
-1197
-992
-907
-1054
-605
-700
-767
-569
-376
-258
-597
-230
31
-44
146
-92
0
65
-170
-12
64
-181
181
278
147
226
41
210
86
199
102
65
639
634
449
671
456
327
640
67
171
848
733
391
592
635
417
545
186
184
83
-229
-318
-372
-495
-401
-121
-438
-515
-380
-621
-661
-300
-541
-774
-540
-636
-568
-288
-349
-288
-578
-689
-387
-474
-492
-426
-654
-581
-671
-431
-90
-410
-114
-322
-267
-23
-330
-357
161
347
0
179
-85
-172
362
321
642
915
713
1006
1371
1242
1307
1597
1363
1378
1543
1241
970
939
1091
1313
1288
995
878
736
468
642
363
121
282
139
247
459
-41
38
-21
-551
-87
-331
-676
-334
-679
-1015
-827
-1070
-1267
-1113
-1268
-1428
-1249
-1425
-1119
-799
-1264
-982
-604
-549
-495
-581
-331
-486
-539
-463
-491
-218
-294
-337
-319
-325
-632
-599
-417
-450
-561
-705
-365
-467
-499
-290
-351
-198
-183
-181
-255
-169
-102
54
52
-384
-271
-471
-603
-389
-413
-350
-125
-55
34
32
125
24
-113
174
55
258
186
-19
289
570
287
52
563
480
179
649
666
792
1293
943
1132
1510
1272
1146
1172
948
912
1006
679
948
987
451
609
496
190
162
182
46
-89
257
-37
-32
190
-44
14
66
211
247
436
311
-112
247
632
524
536
476
431
766
383
-320
139
-88
-649
-192
-261
-509
-544
-453
-428
-787
-904
-869
-962
-802
-611
-732
-796
-602
-536
-515
-511
-639
-622
-521
-569
-561
-104
-99
-110
307
-83
-177
195
141
164
350
341
305
461
448
319
626
787
370
301
213
228
211
112
111
-227
-36
185
-71
316
464
80
87
-223
-256
35
-149
-314
-418
-446
-528
-591
-496
-842
-663
-314
-721
-275
25
-273
84
104
-35
124
-173
-328
-17
-146
-106
-155
-183
-110
-232
-386
-374
153
-3
-246
-125
-57
-206
-299
-350
-418
-507
-588
-230
-403
-691
-524
-573
-913
-790
-651
-1191
-1044
-674
-768
-683
-579
-326
-368
-427
32
-81
-387
303
202
-394
26
87
94
547
493
307
473
652
833
600
682
436
134
547
241
428
486
220
632
597
575
681
483
333
233
217
285
138
163
410
357
497
473
183
401
609
268
422
552
199
467
381
369
456
344
380
393
367
320
661
403
143
418
267
118
76
79
189
142
193
38
27
471
432
309
255
179
285
123
-83
-296
-389
-514
-709
-635
-731
-773
-664
-410
-421
-679
-479
-649
-701
-668
-683
-362
-560
-267
-184
-399
-190
38
269
132
154
280
107
252
511
326
442
562
572
785
796
443
586
834
267
190
667
257
196
422
105
41
-83
182
6
-11
-44
-299
-439
-984
-782
-630
-715
-590
-799
-808
-572
-842
-808
-720
-723
-480
-281
-428
-608
-278
-98
-180
-42
226
180
310
157
35
119
23
316
350
-26
269
113
-134
393
-77
-30
-24
-213
-174
-332
-343
-467
-120
-208
-214
36
79
313
555
46
388
534
-72
437
142
-64
-73
24
41
-267
398
231
-304
87
234
-82
-66
-111
-192
113
282
255
238
273
92
237
202
195
242
-159
85
-30
-135
-228
-421
-294
-721
-505
-247
-472
-282
-56
-215
-169
330
207
214
432
106
43
267
319
190
316
430
711
769
534
740
725
592
616
638
687
570
806
668
216
432
270
356
-56
-28
237
-63
231
196
206
347
231
17
197
16
-15
31
73
91
-129
-50
-313
-305
-364
-331
-304
-805
-788
-527
-633
-775
-639
-904
-1059
-969
-1136
-1226
-1041
-750
-873
-913
-575
-347
-606
-349
-250
-601
-572
-425
-414
-588
-390
-347
-308
-400
-465
-98
-86
-1
236
419
197
142
557
463
594
807
643
600
787
739
567
613
590
377
434
325
110
347
263
-22
-65
-181
-450
-260
-188
-221
-316
-361
-319
-380
-202
-189
-219
-305
-275
-275
-399
-470
-516
-391
-364
-489
-605
-714
-573
-395
-327
-324
-473
-612
-321
-198
-255
-141
-225
-122
-302
-246
-137
-309
-205
-294
-156
58
-95
138
399
250
189
246
160
89
266
366
361
292
162
163
277
268
214
264
463
363
441
334
167
615
383
182
444
435
530
549
490
585
571
819
587
403
336
298
541
240
150
0
185
555
383
158
335
633
472
281
406
450
323
466
473
250
378
633
535
604
354
83
491
161
-189
85
-96
-175
22
87
-58
-155
157
71
125
23
-174
-142
-431
-229
-466
-301
-159
-499
-394
-562
-624
-639
-451
-603
-747
-846
-796
-543
-653
-327
-591
-528
-58
-531
-427
-60
-10
9
154
92
-121
-104
-29
-40
-381
-313
-43
-219
-164
-340
-597
-160
-279
-236
-84
-372
-170
-159
-436
-31
35
-199
-372
-136
-10
-475
-301
-210
-100
-126
-108
23
-92
-251
57
-367
-477
-283
-572
-243
-318
-96
209
-123
39
226
-287
83
83
-217
15
277
-51
-166
-57
-49
300
110
425
311
281
409
89
81
135
306
411
484
306
238
221
-55
71
-86
-317
127
132
200
383
360
588
389
303
265
-136
59
266
-271
-498
-193
-282
-594
-416
-237
-440
-251
-176
-336
-406
-532
-349
-258
-162
-28
108
84
70
194
157
532
439
395
792
416
595
970
536
449
687
736
422
571
596
256
358
20
-110
148
-8
-159
149
141
67
202
194
86
55
88
-222
-288
-616
-809
-407
-567
-655
-504
-501
-356
-287
-314
-490
-446
-787
-718
-491
-797
-637
-802
-916
-715
-571
-808
-750
-798
-732
-509
-595
-285
-300
-473
-163
-36
-189
-6
87
-58
-216
39
-189
-331
40
-190
-77
120
-321
-237
197
134
137
139
162
244
299
452
467
320
155
-66
-124
-291
-487
-321
-414
-340
-32
-294
-471
-22
128
-70
178
-21
-159
258
202
223
348
242
204
583
634
305
475
610
608
797
671
372
816
783
458
692
483
523
793
630
517
644
701
725
673
618
694
453
412
526
440
424
219
268
129
210
142
-312
-220
-385
-612
-674
-355
-404
-541
-551
-828
-650
-664
-890
-517
-561
-882
-402
-422
-587
-303
-155
-261
-185
163
-48
-156
227
262
268
189
219
428
282
449
542
514
223
341
675
228
483
893
677
826
1029
885
1037
1111
852
729
779
597
309
294
425
-134
-480
-327
-590
-491
-133
-204
-377
-344
-581
-402
-422
-571
-548
-495
-346
-637
-451
-233
-505
-367
-297
-790
-182
-34
-476
-100
-575
-491
-263
-617
-591
-653
-473
-503
-514
-309
-437
-322
-111
-446
-449
-285
-431
-555
-438
-563
-907
-703
-582
-636
-501
-395
-296
-270
-242
-190
-462
8
-149
-564
-118
-559
-348
-263
-670
95
100
-176
260
191
35
317
460
363
408
384
477
435
65
134
455
502
520
582
835
626
559
762
500
663
420
274
271
104
471
566
197
64
152
-120
-360
-371
-87
-186
-489
-322
-300
-538
-560
-808
-1093
-577
-713
-903
-473
-774
-825
-275
-320
-323
-197
-196
-191
-233
-3
55
25
242
287
175
343
368
389
738
478
462
789
358
328
457
347
322
265
145
167
127
55
293
114
24
424
313
82
143
145
192
61
370
568
455
462
521
443
442
519
329
618
632
619
670
515
580
869
804
465
455
409
286
157
170
-42
-240
-26
-63
-99
167
25
-26
-59
-154
-123
135
-60
-485
-136
-419
-232
-215
-505
-98
-185
-212
-194
-212
-18
104
-186
13
-25
-481
-289
-213
-161
-180
-113
114
-219
-192
-125
-504
-330
-202
-390
-528
-818
-525
-339
-846
-227
-108
-457
-92
-237
-552
-364
-387
-459
-205
-441
-288
-38
-416
-484
-114
-415
-340
-6
-393
-307
-88
-207
-403
-295
-269
-405
-237
-314
-313
-208
-384
-178
-311
-350
-37
-5
240
92
90
437
350
468
456
305
427
119
193
436
404
296
345
230
149
379
300
515
597
232
244
375
226
450
128
198
267
21
535
355
166
310
162
77
38
-111
153
-112
-520
-438
-747
-663
-482
-675
-614
-471
-295
-521
-657
-163
-316
-499
-108
65
117
314
491
433
627
667
497
666
472
573
710
586
465
438
376
138
145
222
404
489
459
307
242
67
-49
-239
-216
-60
-570
-323
-28
-434
-71
329
27
143
456
455
406
420
706
248
165
439
-216
-275
66
-303
-465
-184
-564
-578
-148
-443
-622
-378
-575
-350
-268
-941
-679
-565
-1026
-862
-707
-887
-592
-81
-271
-110
68
6
-87
-138
61
-9
318
307
43
216
147
142
348
148
102
184
132
-108
-137
-206
-296
-375
-494
-519
-686
-529
-512
-583
-754
-649
-302
-71
-356
-586
-241
-518
-881
-619
-551
-532
-499
-404
-418
-389
-84
50
-152
-277
-8
-178
-20
-22
-291
-204
-199
-138
31
-20
-261
-149
-241
-307
220
232
241
488
491
709
712
589
659
512
203
490
645
561
874
855
678
983
841
593
860
726
665
673
599
738
387
481
532
76
101
111
272
167
-39
492
248
124
318
-109
-38
64
75
88
406
303
217
532
278
129
266
155
-52
149
327
1
227
173
156
490
165
6
-88
-45
-113
-207
-55
33
38
110
194
195
67
504
307
63
411
457
467
446
388
-27
102
20
-402
-262
-437
-829
-701
-539
-614
-657
-645
-626
-635
-563
-514
-722
-471
-322
-198
219
151
-205
-273
-105
-65
333
420
115
164
312
45
36
250
78
201
319
64
-163
-158
-253
-116
-192
-503
-214
-649
-669
-709
-1054
-798
-824
-661
-692
-790
-865
-939
-888
-746
-977
-898
-750
-665
-581
-880
-982
-904
-732
-948
-669
-459
-536
-493
-408
-216
-189
-157
-329
-698
-680
-439
-257
32
-77
-116
-132
8
272
120
239
286
96
122
613
375
195
1095
960
838
858
956
1297
1150
1184
1094
884
777
867
663
513
789
580
263
312
-46
86
258
-25
-34
160
499
73
13
346
40
3
145
61
66
308
177
-118
18
-27
-103
-84
-561
-615
-202
-540
-550
-259
-473
-409
-231
-270
-72
316
374
350
726
454
94
491
113
-155
16
142
185
150
97
-18
23
-88
-53
-140
-178
-126
91
75
-24
198
224
130
66
300
219
-70
-79
-6
79
-193
-452
-226
-370
-285
-157
-403
-222
-178
2
49
-265
-213
-195
-283
-228
-22
-55
-126
-1
172
143
8
164
-101
-198
-16
-231
-245
-206
-415
-444
-288
-275
-588
-483
-459
-228
-143
-475
-215
-605
-368
-78
-486
-301
-70
-243
-383
0
-81
-223
-106
-106
159
302
14
188
598
39
337
809
106
181
440
325
301
79
170
446
646
402
532
638
230
560
665
429
509
348
206
559
-28
-4
369
-9
141
-79
-334
-432
-541
-372
-422
-479
-446
-32
-98
-541
217
288
-155
127
197
-21
65
12
-340
-350
-202
-468
-454
-323
-671
-504
-256
-380
-245
-84
-217
-185
0
-167
-540
-35
138
-159
162
-1
-55
129
-74
208
428
-185
-175
-28
-114
16
14
429
466
516
926
672
497
923
944
777
997
602
437
554
413
310
-56
73
-323
-359
235
-124
-195
180
-248
-259
186
-247
89
206
-270
-331
-392
-397
-556
-572
-517
-610
-554
-762
-794
-655
-722
-381
-246
-16
-26
-46
84
-272
-85
126
19
-85
-104
1
-354
-417
-102
-330
-57
-90
-588
-84
-57
-275
14
-281
-80
394
7
22
37
-217
-97
196
55
-215
-128
-361
-377
45
-263
-235
181
-256
113
123
-108
317
58
-65
-58
-333
-494
-430
-330
-287
-352
-173
-128
-387
-474
-492
-856
-945
-561
-717
-548
68
-199
-207
275
66
243
429
112
285
271
111
381
423
354
578
542
151
327
355
223
285
191
163
-275
-172
83
-216
-104
73
-124
-151
-219
-205
9
-175
-131
-116
100
272
-222
-318
-81
-181
-196
210
226
143
310
419
671
526
551
914
710
673
889
862
609
461
286
81
244
126
-38
49
153
282
344
332
274
51
-192
134
383
135
-81
140
252
301
387
222
364
478
392
186
278
271
-175
-10
51
-174
226
-33
41
453
101
523
747
519
434
646
864
253
228
332
-19
10
-194
-79
97
-252
-287
-101
-130
-253
-340
-464
-502
-548
-396
-206
-501
-676
-367
-91
-91
116
111
105
-48
-183
-70
-413
-333
-306
-510
-666
-681
-630
-681
-530
-480
-605
-430
-15
-197
-173
-93
-422
-305
-226
-97
-158
-164
45
-56
384
283
-127
176
-122
-89
168
-108
11
-9
49
62
157
204
-54
26
-150
-297
-259
-449
-431
-428
-777
-665
-446
-195
-59
-16
138
-132
-11
117
-154
-291
-345
-461
-376
16
-22
-189
-57
50
30
36
157
36
-71
112
172
26
135
3
163
238
-131
69
-115
-49
-59
-333
-160
-176
-73
88
-201
-344
94
293
267
251
339
369
390
330
-15
96
428
486
489
204
353
530
281
264
96
230
342
295
132
162
144
-62
143
212
264
199
223
154
-132
-121
-254
-149
79
-113
13
61
-142
0
96
187
391
194
20
-2
-201
8
157
121
75
-17
128
-26
45
314
127
19
-162
-115
29
-224
-123
-192
-288
2
-25
8
87
-27
4
-57
-53
32
-17
-278
-424
-133
-31
-236
-54
31
-434
-230
-373
-726
-387
-506
-695
-684
-992
-769
-390
-446
-514
-580
-261
-478
-807
-500
-269
-604
-862
-694
-673
-724
-665
-346
-252
-403
-170
-99
153
380
288
531
537
443
512
217
323
536
118
354
456
371
409
317
203
103
129
34
-160
-104
-171
-547
-80
-56
-359
-13
25
-297
-552
-380
-316
-361
-536
-509
-345
-493
-271
-125
49
79
116
311
781
1140
705
800
817
416
662
941
819
678
530
510
505
478
351
192
273
354
395
279
384
547
214
599
565
-177
487
158
13
213
-156
301
-16
151
133
150
79
-39
277
-75
121
185
15
274
349
99
396
493
251
167
208
437
159
196
217
-242
-72
-169
-207
-294
-528
-513
-634
-225
-386
-323
108
-428
-397
-72
-466
-184
-385
-704
-179
-300
-265
-260
-116
-104
-196
139
86
241
408
135
-71
39
73
25
-9
61
-242
-364
7
-297
-307
-444
-595
-333
-305
-395
-317
-364
-457
-245
-400
-217
-123
92
-28
93
204
-172
-122
-260
-97
-367
-155
-16
24
-61
26
-31
-374
-43
-329
-580
-677
-515
-157
-348
-771
-414
-434
-356
31
-36
-340
-369
3
-230
-321
-73
-376
-454
-140
-462
-469
-239
-336
-381
-228
-293
-436
-154
79
-84
-64
217
183
357
518
126
567
753
396
615
342
443
624
449
340
393
511
129
89
169
26
-9
-103
-158
42
25
-177
-97
123
105
-53
44
45
-71
-198
-187
-210
-220
-175
-176
-516
-252
-98
-138
118
-240
-124
-3
-198
-197
-14
-19
-43
66
185
165
219
35
-85
-42
-127
-180
-262
-632
-744
-402
-711
-895
-699
-409
-604
-722
-489
-442
-452
-395
-82
-28
-548
-8
372
240
504
513
670
584
703
705
759
823
1054
877
960
1057
655
627
593
574
494
392
389
334
-71
185
78
-33
116
157
443
528
561
627
528
392
111
-69
111
-29
-206
-286
-6
50
-135
-171
-234
-96
-310
-680
-377
-462
-441
100
52
5
-51
-61
77
57
-48
-168
-253
-314
-443
-803
-732
-428
-690
-640
-405
-742
-1024
-491
-420
-790
-633
-508
-342
-319
-228
-172
-106
1
169
401
130
97
763
391
99
709
303
260
352
14
-149
-86
173
84
198
343
101
191
190
33
183
-22
185
355
266
300
416
465
252
278
216
452
430
231
264
432
619
538
445
568
770
617
741
907
813
793
851
514
398
565
36
-155
120
6
132
162
-11
-451
-664
-300
-545
-283
-4
-123
-35
195
-52
-107
-127
-605
-408
-435
-748
-768
-722
-834
-627
-667
-849
-516
-254
-221
-186
-189
-251
-328
-165
-72
-226
35
258
90
4
110
207
-46
173
270
-246
-6
-125
-244
99
-166
39
131
-233
273
-159
-411
122
-87
-136
9
-26
-86
95
143
59
-91
-202
-278
-221
-390
-558
-462
-284
-308
-451
-291
-469
-550
-564
-578
-537
-437
-118
-410
-327
16
-86
125
119
-188
0
-18
-162
-11
137
334
218
448
332
259
261
-1
128
-245
-517
-410
-586
-713
-541
-574
-598
-475
-171
-72
-118
113
-99
-391
-373
-369
-535
-765
-670
-491
-542
-554
-621
-631
-603
-508
-308
-183
-297
26
486
34
75
314
167
114
170
279
158
139
51
69
275
139
41
-127
-119
-223
-106
172
243
459
230
183
478
588
404
853
940
793
1002
909
795
738
667
631
850
767
667
659
548
396
410
498
451
289
445
438
373
285
-87
351
448
158
364
238
23
15
-246
-53
-153
-334
-37
-289
-263
-340
-284
-15
-50
160
323
474
628
310
320
357
21
60
32
-30
17
85
286
344
59
197
87
-174
113
-203
-514
-211
-415
-75
92
-199
278
514
373
374
571
100
-58
99
50
-127
44
82
-91
169
327
502
531
330
-52
120
-42
-114
11
-98
-161
-392
-426
-703
-798
-901
-767
-575
-775
-643
-790
-911
-692
-682
-515
-459
-693
-697
-565
-485
-298
-154
-139
-114
25
-179
-160
92
-227
-170
-451
-689
-240
-373
-374
-360
-447
-446
-661
-255
97
-469
-354
-280
-631
-34
-131
-393
-212
-319
-491
-331
-226
-178
112
-17
-21
61
147
116
57
67
16
86
209
39
-257
-215
37
74
-285
-133
10
-191
112
-33
-180
16
-136
-112
-52
110
25
246
449
526
464
390
847
566
752
965
308
511
1083
819
837
1087
1028
975
792
785
854
633
489
547
326
349
360
37
207
198
-97
-70
-48
-245
-119
-235
-456
-53
-117
-234
-146
-297
-287
80
-94
-262
-39
-20
-193
-183
-249
-508
-182
-135
-13
27
-280
-68
67
-120
-99
-429
-608
-523
-647
-470
-534
-767
-826
-824
-758
-769
-824
-791
-1013
-681
-502
-623
-338
-375
-173
-40
-185
-150
60
-106
-238
-30
121
138
116
391
394
433
587
365
382
512
246
233
354
232
225
169
-115
-109
-102
-206
176
257
171
449
276
302
842
591
409
489
462
567
317
128
171
251
217
246
107
-286
14
-130
-309
-81
-13
246
-95
-199
103
228
-106
98
226
-44
-198
-155
10
-383
-283
-158
-427
-570
-296
-255
-158
207
244
349
385
103
248
264
-56
-78
-286
-430
-314
-630
-457
-468
-975
-267
-347
-609
-450
-399
-323
-562
-145
-23
-55
-1
-88
106
46
-135
256
295
370
721
220
357
618
446
448
634
630
363
680
489
64
451
528
532
534
228
398
486
641
473
203
533
259
85
382
140
233
388
111
216
348
169
113
156
48
43
119
77
-107
-148
78
-29
-165
10
-324
-448
-347
-503
-646
-692
-707
-590
-632
-526
-325
-351
-250
-331
-132
-99
-302
-279
-227
-266
-110
-374
-233
80
-57
-52
23
-77
-286
5
-234
-296
-82
-76
-154
-200
-102
52
-66
-397
-288
-330
-294
-315
-385
-370
-325
-25
-298
-342
-308
-364
-88
-259
-92
124
-207
-231
-172
-307
102
135
-72
177
21
-204
47
-99
-243
-37
-186
-299
-172
28
-99
94
66
-233
264
200
-239
3
-14
-123
-43
-88
-121
-112
-28
182
179
134
304
131
59
111
269
226
319
67
-367
52
25
-111
-226
-314
-252
-297
-187
51
-66
-307
-63
-174
-551
-391
-189
-144
-171
-114
-40
-190
60
21
-268
-244
-370
-435
-458
-562
-215
-168
-532
-158
-53
-120
12
-123
41
60
-177
16
41
-62
5
47
104
76
100
201
47
55
265
95
100
266
409
413
290
468
596
437
593
481
322
628
641
620
437
640
949
643
858
898
681
746
442
286
320
489
339
416
414
183
163
113
238
-98
-62
-90
-245
-32
30
89
303
672
529
224
501
226
-269
54
-217
-644
-413
-477
-348
-261
-722
-494
-542
-841
-921
-998
-603
-640
-562
-396
-464
-863
-937
-816
-1013
-822
-998
-683
-583
-799
-521
-337
-289
-333
49
-37
-322
-231
-27
-102
-162
-107
298
437
263
697
366
516
608
138
-76
-130
-1
-226
-40
176
266
541
497
658
967
524
542
710
496
551
390
126
336
323
210
581
351
361
658
267
187
418
70
242
539
53
-122
-61
-417
-184
149
-15
-228
-606
-263
-344
-447
-544
-678
-283
-471
-579
-351
-564
-897
-923
-1187
-788
-686
-775
-263
-76
202
320
459
709
895
540
564
503
408
586
154
248
217
70
324
286
-119
107
171
-21
52
204
161
46
329
234
189
341
323
294
109
21
101
-114
167
192
-228
-156
-9
-116
-103
5
-272
-152
79
9
-361
-388
-299
-481
-142
-315
-366
-179
-410
-112
24
-287
-247
-262
-257
-294
-211
-40
-156
250
304
238
523
421
285
187
-251
-317
-250
-199
25
-74
145
517
141
395
843
292
358
219
-58
245
0
-451
-403
-418
-261
-289
-685
-702
-582
-783
-978
-797
-965
-1351
-898
-908
-1211
-693
-645
-785
-718
-630
-835
-563
-330
-456
-269
-275
-217
-233
-595
-566
-681
-927
-239
-120
-389
-159
-140
-36
243
186
323
351
220
202
44
131
495
491
182
238
348
248
370
389
187
541
654
545
351
333
418
428
689
287
452
693
335
549
713
588
480
317
69
74
153
-37
-28
76
13
341
184
-140
354
363
172
502
650
563
762
621
478
260
-36
93
162
-50
36
638
521
574
812
1005
1107
1019
835
899
729
747
1252
683
706
567
439
479
-56
-475
-527
-723
-1293
-1092
-1266
-1510
-991
-677
-945
-605
-395
-401
178
-29
-208
193
231
-204
-144
-3
-437
-592
-690
-626
-504
-671
-405
-240
-209
171
-1
181
544
240
665
500
348
821
211
154
356
-216
-173
-163
-147
157
-92
-56
30
202
260
112
68
214
306
-51
-32
-192
-217
43
39
-101
-301
-65
-353
-830
-638
-650
-830
-856
-670
-342
-122
-167
187
448
135
212
84
-158
-192
-357
-501
-573
-533
-600
-726
-903
-806
-539
-454
-401
-477
-287
-19
-141
-22
-160
76
455
116
427
378
66
276
87
206
130
-35
43
-553
-40
108
-479
-88
-112
-308
-151
-368
-390
-255
-217
187
90
333
674
342
201
358
253
127
117
-150
-110
17
-28
57
-6
-45
331
326
141
410
614
412
222
303
-151
-285
-153
-551
-336
203
450
242
262
507
296
208
265
116
269
373
417
336
40
141
142
269
342
161
77
44
-25
-99
-167
-261
-126
-189
-273
-93
-94
233
312
-46
-238
-26
-91
102
423
-49
339
335
189
113
-172
38
-121
-411
-468
-483
-484
-478
-538
-509
-493
-408
-648
-640
-576
-669
-539
-470
-478
-572
-542
-512
-206
-396
-437
-79
-254
-29
-162
-307
3
-344
-284
22
-370
-343
-69
-7
136
286
230
242
696
663
606
818
457
348
664
414
360
305
267
468
325
467
559
443
639
722
660
789
498
379
137
174
470
187
39
134
-88
-385
-626
-533
-320
-503
-454
-507
-268
-600
-503
-229
-416
-214
-236
11
-190
-140
0
-233
84
-80
79
192
-68
178
4
38
235
-53
-115
265
14
148
354
333
681
410
441
386
228
279
342
384
-48
-228
-207
-69
-77
-248
-224
-98
145
34
-187
-270
-258
-561
-517
-77
-155
-423
-249
-401
-1000
-588
-578
-904
-524
-397
-235
-92
-161
240
391
275
429
322
596
721
312
277
344
431
372
109
111
342
-7
198
443
203
594
512
230
122
398
263
241
20
144
204
-39
302
5
166
167
206
28
-101
-151
-256
-516
-505
-377
-536
-163
-63
-18
-343
-410
-81
-356
-715
-210
-228
-752
-423
-345
-757
-419
-80
-487
-362
-12
-253
-294
-4
-15
-112
30
76
-15
87
-83
-324
-204
-401
-385
47
-186
-176
-12
-141
-38
55
74
-173
-208
-248
-375
-404
-535
-518
-374
-532
-509
-298
-547
-541
-488
-397
-368
-279
-191
-262
-211
-83
182
227
512
732
766
657
586
434
489
629
428
560
615
509
500
507
329
425
302
235
427
120
-44
-102
-133
-105
-266
-73
-49
21
-68
-438
-113
-95
-235
-515
-430
-379
-542
-478
-441
-286
-188
-149
56
184
64
245
225
-33
-112
265
76
-129
-15
-362
-131
137
-137
109
92
54
196
-71
92
453
309
223
473
312
395
244
22
105
2
135
258
169
235
333
412
577
509
376
409
575
627
208
72
-52
-120
22
-418
-322
-153
-465
-400
-81
-109
-228
-11
23
129
87
49
420
118
20
231
96
120
288
335
216
245
128
355
342
75
234
17
13
121
95
-25
-3
69
-298
-331
-432
-642
-587
-565
-558
-525
-554
-463
-480
-704
-560
-505
-514
-436
-323
-252
-610
-500
-545
-750
-478
-587
-623
-431
-312
-583
-525
-244
-424
-256
-82
-186
-42
40
-287
-158
-134
-7
39
-25
133
167
350
16
418
482
384
680
316
399
743
706
646
498
230
297
150
103
176
15
-37
-110
-239
-210
-168
-162
-312
-340
245
249
-76
-121
-112
-26
-194
30
31
95
26
-133
-249
-103
-60
-140
101
-295
-75
51
-183
-463
-239
-115
-308
-302
-148
-185
-119
423
355
331
519
888
710
569
858
482
495
749
606
599
359
370
318
367
395
113
293
365
480
516
513
529
481
564
480
419
396
204
284
471
109
-56
-14
-104
-35
-36
-75
-217
-182
42
-180
-183
-4
20
95
-66
-136
-202
-71
-114
-45
-218
-348
-424
-660
-723
-946
-653
-1023
-1075
-635
-923
-1189
-922
-1053
-927
-713
-1153
-984
-1083
-1122
-833
-543
-503
-664
-385
-185
-94
83
120
-4
-37
25
-36
13
24
-13
329
418
212
247
239
93
-153
-130
-153
-194
-32
16
-174
-278
-12
5
-146
-219
30
75
25
342
552
260
189
372
48
144
348
192
10
-19
47
-85
-175
-315
-342
-331
-485
-401
-446
-266
-95
-129
-57
8
86
-114
152
132
62
448
498
613
440
432
363
211
533
589
76
399
631
-87
508
389
-104
211
-63
161
362
138
229
227
425
450
271
281
104
329
315
9
237
335
288
218
-479
-284
-158
-130
-57
-512
16
-92
-168
191
494
280
-56
688
626
68
435
423
193
471
66
4
165
162
228
39
254
160
106
4
-64
160
-108
-152
70
160
-189
-219
184
-112
-362
-140
-207
-81
89
-142
-48
148
182
176
355
444
335
207
486
591
223
401
125
-223
166
63
-83
162
61
-40
198
-69
24
-86
-408
-203
-426
-203
-541
-590
-196
-511
-220
-32
-745
-546
-304
-782
-601
-691
-709
-649
-662
-652
-663
-472
-698
-631
-223
-358
-507
-434
-450
-273
-17
-34
36
160
105
-197
-177
-151
-248
-442
-411
-103
-573
-396
-43
-208
391
616
237
313
197
375
353
103
366
60
-9
434
-142
-650
-18
50
41
262
31
-176
115
339
57
145
397
362
530
780
531
931
1010
642
1106
682
580
666
135
403
91
-35
19
-339
-120
-233
-285
-366
-405
-347
-122
-5
-336
-190
-284
-503
-58
-339
-754
-524
-782
-705
-663
-546
-213
-302
-263
-302
-517
-337
-219
-280
-169
-406
-496
-289
-588
-535
-403
-729
-486
-402
-387
-334
-320
-258
-260
-320
-394
-146
-74
-51
-34
-40
163
147
280
357
162
406
382
190
403
434
438
530
265
366
606
297
378
483
413
470
312
293
266
353
406
209
476
436
-32
-82
-103
-117
23
267
-14
-9
310
-18
-47
214
255
265
462
208
0
191
-50
-126
-37
-399
-557
-230
-119
-527
-455
-337
-621
-525
-565
-996
-920
-536
-375
-172
-121
58
196
112
102
13
-156
-170
61
-255
-649
-605
-342
120
-430
-454
-310
-438
51
-181
-57
-9
51
451
434
613
359
418
646
178
356
363
240
794
674
729
776
731
755
641
808
309
412
797
339
338
640
330
337
319
176
220
22
52
24
-37
-76
-8
163
73
193
406
86
122
443
318
128
258
219
84
128
162
132
-72
-162
-141
-262
-162
-184
-318
-316
-640
-518
-487
-614
-660
-605
-412
-401
-240
-69
-122
-154
-124
5
189
29
-17
-120
-78
-110
-73
35
-154
-59
371
485
542
735
573
600
769
744
498
280
245
433
51
-61
152
19
301
237
246
20
-169
139
23
-54
-123
76
124
126
415
201
113
159
-124
-169
-176
-451
-423
-234
-108
-200
-167
-263
-383
-304
-255
-335
-653
-649
-787
-679
-740
-905
-701
-745
-616
-666
-873
-750
-660
-714
-787
-487
-581
-912
-508
-691
-959
-557
-437
-540
-494
-448
-301
-382
-203
-24
-179
82
-302
-311
41
-126
-134
-246
-130
-155
-1
-28
-367
-45
-41
-149
-127
-181
-400
-259
8
-277
193
173
-96
348
290
155
201
208
98
292
412
211
-122
-360
-208
-422
-762
-659
-725
-518
-389
-452
-221
-386
26
321
178
278
74
232
329
193
511
540
531
526
398
593
430
165
424
371
247
364
195
311
158
326
590
577
762
800
786
772
1065
702
682
877
634
964
773
729
951
648
541
319
222
164
249
478
-2
102
190
-303
136
211
-280
-38
-120
-392
-198
-384
-298
-149
-77
88
-329
-346
-32
-221
-375
-42
-110
-252
-213
-304
-433
-323
139
190
-87
-3
222
-53
-255
-352
-350
-570
-561
-355
-445
-262
-84
17
4
263
219
-134
-12
37
-177
-294
-10
-134
-197
161
-258
-137
140
112
288
90
23
8
-5
-33
-227
-59
-42
-388
19
-145
-198
113
-477
-142
-47
-272
86
-227
-547
-235
-93
-223
-267
-47
168
-73
-102
-61
-92
22
-18
-362
-534
-111
44
-377
-391
-479
-523
-475
-955
-757
-708
-1207
-876
-690
-955
-879
-533
-312
-477
-237
-241
-287
179
399
219
143
301
356
305
414
241
119
575
570
360
167
307
191
89
196
259
160
137
308
27
53
153
68
-33
-190
-515
-401
-515
-839
-613
-500
-377
-199
-170
-21
-138
-405
-73
25
-38
42
14
207
192
86
189
184
78
179
35
-111
324
289
452
363
458
859
621
949
748
666
978
736
820
689
633
755
246
102
253
-19
-21
13
-21
263
566
610
449
696
614
478
551
418
507
327
456
613
161
157
142
-76
74
-54
-126
-89
-227
-149
-294
-332
-239
-521
-622
-603
-695
-967
-901
-906
-997
-789
-726
-600
-804
-963
-909
-737
-764
-651
-512
-817
-610
-416
-396
-337
-192
8
0
247
18
-250
-159
-268
-168
-71
-75
-90
224
269
170
234
282
360
509
507
471
841
592
631
768
202
344
189
-151
41
-74
6
12
-85
102
8
-166
55
245
24
61
263
175
195
81
171
210
320
404
31
230
8
-62
153
-222
-45
-155
-513
-395
-558
-465
-252
-431
-287
71
152
103
109
35
-120
-66
-133
-118
-157
-156
-81
-376
-382
-553
-338
-408
-681
-298
-260
-440
-204
-50
-320
-190
-206
-221
-190
-36
38
-74
91
7
-119
75
78
224
511
650
903
795
815
871
740
639
584
837
1022
1032
1047
822
933
1001
727
728
738
882
816
819
918
989
931
706
830
530
442
272
-20
186
79
-159
-357
-557
-533
-802
-1087
-656
-863
-675
-470
-952
-576
-380
-733
-397
-658
-905
-388
-1005
-949
-810
-982
-968
-905
-812
-710
-452
-615
-441
-754
-583
-433
-513
-389
-495
-305
-300
-280
-91
276
178
163
305
179
28
248
320
81
172
464
106
6
297
-88
-135
-262
-123
-239
-739
-476
-468
-881
-400
-414
-604
-143
-171
-371
-146
122
-139
111
257
106
35
-19
93
162
178
295
253
373
377
236
623
712
870
1030
835
741
514
532
338
-118
-38
-322
-111
46
-353
-263
-295
-486
-343
-341
-657
-416
-400
-560
-503
-424
-576
-399
-58
-366
-408
-495
-519
-347
-360
-574
-390
-81
-165
-169
-261
-402
-384
-259
-323
-389
-71
16
-50
329
209
260
599
379
207
465
192
-42
282
15
303
366
123
501
802
955
1089
1297
1219
1130
998
581
628
819
533
387
519
390
425
427
306
213
131
217
-18
174
274
-79
-42
83
87
22
-8
278
128
223
252
-154
23
-41
-136
-67
-121
-211
-254
-147
77
-56
-9
148
59
58
95
-158
-66
-196
-491
-156
-459
-368
-446
-573
-327
-532
-339
-199
-208
-193
-121
-125
-173
132
-186
-339
-294
-355
-120
-96
-157
-266
-162
-263
-190
-175
-234
-45
53
-94
-40
70
24
-32
132
-13
-326
-21
-200
-279
-222
-247
-243
271
169
49
182
43
153
44
154
33
97
52
73
0
-146
-161
-308
-394
-289
-568
-564
-345
-679
-205
-64
-110
195
-82
3
100
-1
-52
-564
-370
-404
-614
-346
-614
-850
-278
-123
-222
135
-50
354
307
204
461
327
350
197
236
254
142
-17
55
-118
190
519
29
209
273
-93
-231
-287
-440
-311
-70
-61
-74
47
91
14
64
-318
-70
95
-227
-28
269
84
247
383
131
634
258
165
331
14
368
428
101
154
-122
-284
-107
-292
-184
-439
-444
-207
-205
-31
-177
-78
264
525
398
319
543
129
249
411
26
489
489
161
323
39
-43
-118
-254
-171
88
391
115
250
289
-21
168
218
-51
109
109
-73
-213
-407
-211
-482
-428
-343
-644
-573
-530
-830
-953
-756
-951
-930
-632
-936
-1028
-591
-598
-555
-650
-789
-758
-742
-750
-979
-1010
-997
-941
-682
-633
-654
-398
-163
-137
-143
23
47
105
417
531
232
141
226
81
183
83
-122
103
241
296
520
612
697
874
804
844
1159
1137
933
976
741
745
756
338
622
657
493
631
505
301
399
594
383
375
176
-2
94
303
219
-28
248
161
163
-66
-307
-65
-179
-189
-204
-186
84
-43
38
216
-95
-72
-294
-336
-25
-178
-154
-119
-225
-263
-449
-501
-309
-439
-548
-570
-253
-55
-182
3
-96
-40
458
393
358
974
869
998
996
992
1230
776
1030
873
790
776
699
748
464
560
531
733
308
100
184
-118
29
-70
-285
-287
-180
-309
-131
-116
-336
-344
-355
-488
-655
-327
-430
-429
-106
-170
-140
-290
-350
-226
-429
-274
-562
-633
-110
-503
-184
-70
-570
2
-42
-168
355
60
-247
-146
-435
-776
-812
-710
-693
-542
-459
-468
-291
-445
-242
-120
-151
-22
-475
-672
-434
-652
-664
-452
-746
-503
-187
-89
132
-103
-172
-274
-506
-416
-482
-456
-376
-158
-177
-390
-394
-21
-21
-145
146
24
102
125
404
460
545
800
674
599
457
508
326
-10
-93
22
-103
-237
0
-39
-50
196
181
92
20
234
-64
-166
297
-22
-90
-33
-122
-171
-198
-182
-222
14
-44
-164
-165
-288
-278
-426
-139
233
292
577
652
822
801
463
368
413
186
-17
-123
-406
-404
-411
-211
-198
-205
21
4
91
-67
-228
-60
-16
-75
-224
101
527
199
247
436
189
304
548
195
214
307
314
319
-8
61
250
57
-212
-225
-373
-355
-353
-398
-536
-421
-156
-92
58
-199
-266
-53
-324
-233
-80
-293
-159
-197
-210
-80
-182
-194
-122
-298
-216
58
139
-76
-20
94
-159
-89
-185
-473
-318
-405
-455
-104
-50
59
290
392
597
542
146
494
618
513
464
458
611
249
171
331
130
-3
-49
-152
-230
-76
138
-78
180
210
245
462
333
233
358
288
298
358
-143
108
168
-199
-32
29
-175
-134
-127
