476
227
-1079
-3616
-4154
-5648
-8605
-7568
-7623
-6094
-10034
-10047
-3382
-6811
-13763
-7637
-1925
-6494
-8051
-8668
-6830
-2301
2940
-4030
-4191
4613
4925
8483
7516
6779
8763
9645
8999
12057
12956
12236
12138
12242
14703
13806
11965
11068
12066
12491
11432
11569
10871
-2751
798
6178
3778
6630
1009
-1442
-3323
-1955
-2666
-1806
-3360
-3923
-4657
-7943
-6484
-8369
-10699
-11182
-9762
-12771
-12525
-9569
-12049
-11839
-9184
-8045
-10459
-8146
-4708
-4905
-3469
151
4992
4127
5997
9224
9597
11548
10697
12775
13814
14827
14119
13498
13978
10491
12067
14539
13663
7534
7919
10236
7205
-344
1620
5079
331
2605
737
352
-2367
-3596
-4102
-6296
-4863
-7484
-8090
-7398
-5536
-10644
-15653
-12362
-12909
-18468
-19032
-17474
-16075
-12376
-16636
-19576
-13462
-2447
-3693
-13770
-8597
-548
1582
2091
3107
7174
10014
12968
13107
12492
12827
13177
20040
20878
19537
13793
12172
13388
12918
13995
13850
13385
9630
4964
7365
7275
7200
6759
3935
1126
2285
337
31
961
-1819
-988
-5095
-6556
-5424
-6482
-6586
-8115
-10150
-10503
-14792
-14894
-19900
-17860
-17654
-18759
-16931
-13179
-10781
-10874
-1943
420
3647
7839
9553
11658
10853
13859
14947
16177
18435
14703
12122
16616
18479
17965
15679
12119
13709
9144
3756
7849
1848
1306
5848
4483
4515
3170
1936
1291
785
-981
-3435
-5133
-4027
-7639
-9321
-6892
-8412
-13232
-16064
-14841
-14086
-16687
-18634
-16125
-17438
-17919
-18035
-14816
-12107
-6565
722
-10870
-4150
7546
8983
9600
7921
11459
12913
12961
12712
16680
17300
17724
18294
18151
18833
17404
16276
14030
15451
13996
14785
10096
714
2959
3438
5022
5863
5966
1817
-2077
722
-826
-1909
-2257
-3383
-4811
-5399
-8434
-8441
-8157
-9867
-10012
-13628
-15661
-15656
-15765
-17468
-16762
-17390
-18115
-16211
-11813
-11524
-12952
-4761
-2764
-152
-585
-1392
11649
11406
14428
16875
9843
10041
11589
13057
12234
12505
11650
12600
12519
11719
11828
9377
7703
4037
5123
3124
993
6243
2512
2440
3710
-1309
1141
-2227
-1395
-1079
-6064
-4177
-691
-3566
-11442
-9231
-6859
-8431
-12772
-13164
-11239
-11978
-15073
-17767
-15812
-10813
-4395
-10180
-14131
-8422
-1145
5513
2274
-2189
629
7869
10291
10442
11792
12348
11037
12882
14727
13860
14058
11860
11777
12737
12890
12657
10523
3976
5364
8026
7841
4384
705
1829
233
-974
-781
133
-1596
-582
-4188
-6548
-3632
-2733
-3649
-5262
-5048
-5270
-7226
-8349
-10176
-8510
-9094
-7521
-12666
-16829
-6592
-12804
-7273
-6314
-7133
-1317
-3088
997
2396
4215
405
5678
12089
10610
10710
11141
10597
12012
14920
11223
9600
10056
10612
11523
5473
2862
3627
3605
4382
3198
1350
1057
-4644
-2962
-2769
-4874
597
-2770
-1140
-599
-139
-815
-2794
-3079
-3798
-4957
-8613
-5298
-8282
-13751
-14273
-13312
-11635
-7424
-4708
-13871
-7840
-808
-1637
98
-121
2288
1078
6002
9657
8167
5254
8256
12554
10806
10255
7175
7597
10894
9933
8277
8068
8652
3986
1036
4727
5916
6461
6647
4331
804
2146
3631
1193
-1083
-64
627
-2001
-2684
-3222
-2679
-2750
-3329
-5183
-13373
-10844
-7853
-11587
-12403
-15532
-15504
-15621
-10906
-11973
-12775
-6324
-6963
-4874
-2723
-2556
-2024
-1587
-405
1017
1092
4060
2837
3736
4082
6878
12684
8912
10453
9162
10487
11591
7725
5733
7468
10277
6402
4261
3990
6344
7126
4593
6303
6009
5536
3703
-318
-1348
2537
2056
-4477
-2738
1068
-1503
-6090
-7032
-7721
-7600
-10664
-14238
-14740
-12637
-7417
-14556
-14531
-5331
-5173
-2635
-2155
-894
-1201
-2586
1213
1318
3080
3700
1742
5524
8826
3955
1353
6851
9125
7174
7972
8780
2648
855
3784
5162
7156
6821
9311
9987
6641
5656
4691
4735
3353
1821
-3812
-6047
4643
-736
-185
-333
-3213
-3171
-11587
-4888
-8308
-9250
-16511
-15243
-16047
-12761
-14603
-14577
-7642
-8884
-2193
-2063
-4285
-3859
-2777
-1093
-339
156
402
1321
1007
5002
3406
5803
9138
9408
8148
4185
11237
9779
4970
11353
13436
13365
13029
10986
11498
12895
10716
10877
5242
4960
6832
4323
4565
3178
1575
-3265
-1385
-3267
-9735
-10422
-9893
-8048
-10350
-13339
-13970
-13504
-11185
-5752
-11067
-13657
-6459
-7258
-2841
-2694
-4664
-4651
-1985
-486
-997
1221
1074
3188
2197
3567
4046
5325
2023
1662
7451
5428
8242
780
3708
11610
6379
9898
9436
9372
5402
1622
4680
6464
6016
4956
4567
2088
1377
1321
974
1624
-1825
-3085
-4404
-6523
-10106
-16409
-13477
-13996
-12216
-12420
-10751
-11321
-15889
-5255
-6528
-6111
3121
1746
5057
4021
5245
-203
1207
3187
4445
4221
2994
3551
2617
5583
6755
7181
6389
7793
4483
2397
10384
5070
3850
4630
8528
9304
8963
9478
6250
6760
7280
8273
4114
5433
7160
4729
1292
1267
1404
-609
-7445
-8300
-4099
-5644
-9667
-16640
-13758
-5578
-3341
-12706
-10695
-4182
-638
3017
-462
1770
738
1684
3250
3107
4567
1685
1069
2404
3378
4012
3647
4141
3514
4517
4216
5864
-2244
-2637
5098
9354
7953
-1331
7898
8866
6702
6518
1644
1912
659
649
532
577
977
608
-2215
-3359
-3225
-3511
-4820
-8884
-9146
-7539
-9170
-12348
-10258
-7941
-10411
-7062
-2241
263
2424
5132
6614
6690
6877
5192
5333
9289
10516
10834
9291
11163
11144
9427
10878
8197
6956
246
3149
-930
-2599
580
-3131
-1751
-4053
5278
5656
2276
370
7995
-289
-101
-716
-3612
-323
-2234
-5247
-7859
-4231
-4613
-7120
-10814
-9558
-7838
-8522
-13021
-14149
-10130
-2026
-3210
-11629
-5802
-3383
874
5146
3559
2698
5004
7939
10308
12427
13703
14693
13365
14893
14234
12868
7590
6065
9879
7865
6012
6818
-334
-1987
692
-2193
-360
-1929
-2586
-4855
-1312
-2575
-8622
-2974
-2044
-3618
-3434
-4545
-5262
-5762
-6747
-6001
-7635
-9760
-8844
-9771
-11320
-10413
-12175
-13155
-12593
-6246
-8714
-9908
-1332
-5735
-1825
1229
3589
6959
7482
10449
9118
11906
12802
12960
9465
8523
12726
11478
11797
11716
10987
9007
8981
4654
-1229
2632
1654
2197
790
-1457
-2068
-2061
-1828
-4749
-2798
2992
-719
-8344
-352
5595
1104
-3367
-266
621
-2811
-6181
-5475
-1109
-1459
-7133
-7253
-4668
2265
2785
-7465
-1014
5089
7235
7772
6227
8632
7222
7308
8875
7345
4905
7109
9376
10932
9623
6744
12148
5348
4509
4623
3494
3544
-1984
-7584
-3176
-5055
-2441
-6474
-9671
-8348
-9132
-8762
-10504
-9720
-9434
-7147
-6187
-8201
-10053
-6733
-4050
-5251
-5312
-6428
-8433
-8413
-7552
-6866
-9652
-12403
-12069
-3508
-4179
-6643
3429
3562
5933
9368
8542
6366
3430
14527
11818
9368
8687
14956
13573
13694
14366
5414
5237
10572
10755
3154
2144
3344
-4536
-2288
-99
-1609
-919
-5142
-6309
-6977
-7281
-9468
-11559
-8018
-12058
-12597
-8791
-8746
-6905
-8864
-9452
-7070
-5735
-7470
-8769
-7790
-5767
-9560
-11398
-11063
-3434
2343
-6847
-2975
4121
4655
4037
3585
6796
6898
9061
10645
10198
11731
11321
6786
7209
9733
8378
7396
6820
8463
8639
5978
8389
4490
-1903
-780
-404
4445
1056
-4236
-3417
-5032
-6278
-7117
-7856
-7933
-7293
-7809
-7597
-6838
-7201
-5117
-2908
-6637
-7008
-2887
-1662
-2424
-2154
-2270
-3223
-4327
3542
4254
-5761
1582
5249
7004
11459
9112
11431
12836
12951
14242
13261
13661
12014
11480
9563
6899
9224
8530
7760
9107
10539
6841
5145
2533
3021
3701
1856
829
-892
-2401
-3837
-2117
-4283
-4933
-4268
-6625
-10475
-9609
-8845
-12391
-14434
-10616
-8023
-11403
-12340
-9642
-11338
-10187
-5722
-7022
-10401
-4507
3752
-1957
-1686
4477
7433
10476
10384
8859
8812
10670
11331
11513
11219
10645
11014
9888
11187
11198
8181
7437
7031
9867
8533
8018
6797
-906
1647
2403
1304
2024
-2475
-2951
-1536
-2750
-2610
-2570
-5565
-7976
-5998
-6031
-7456
-5873
-6856
-8786
-7939
-7591
-9697
-7329
-10375
-11632
-11436
-10358
-7666
-2259
-1032
-3862
3552
2532
6759
9223
7991
8926
9941
12780
13519
13912
13293
15236
16212
15119
11823
13380
12307
8416
8287
7682
6930
7320
-752
-1226
5513
1401
1910
621
126
562
-2023
-2881
-3807
-459
-2806
-7419
-7114
-6699
-7871
-6061
-3822
-3824
-10086
-12275
-8800
-7927
-6867
-11871
-11721
-8083
-6184
-2091
-7485
190
1707
5768
10146
7263
8501
9145
11759
7784
10728
9274
8391
8888
11479
12333
10998
8405
6395
6626
5821
4420
7274
2488
-1380
2894
1499
1986
3054
-1428
-2466
-1137
-2055
-1584
-3003
2750
3654
-5449
586
-1971
-4982
-3375
-5213
-5588
-7775
-10028
-10744
-16750
-18623
-18860
-17930
-18436
-10526
-12615
-7747
-2008
2248
6753
7173
8962
9266
2891
4555
12251
9352
9862
9770
10794
9876
9557
8807
9333
10987
9362
9521
8547
2460
5176
5393
3023
4593
5184
5681
7153
6570
5296
5805
4520
6827
11
-2878
1649
780
-1778
-4473
-4344
-3936
-7190
-11691
-10205
-9716
-13101
-15878
-16248
-14989
-9055
-9420
-14391
-6766
-495
2454
2261
2373
7343
7959
11168
11635
11674
12796
12326
13866
17248
17239
14521
14487
13559
14258
14242
13930
7955
6206
9832
7786
9464
9220
8157
7060
5322
6192
-1125
257
2748
-338
-674
-4884
-5004
-5147
-6294
-8065
-10031
-11458
-14268
-16878
-18173
-18501
-20621
-14059
-22736
-18461
-13930
-16195
-9656
-9235
-9240
-2577
1538
1746
-2703
3316
7913
6885
10552
9223
10093
12276
11169
11750
12060
13567
12792
11776
11152
8503
10600
9905
9957
12259
10066
12024
3916
4190
6573
2875
4743
2997
2727
-2705
-3574
-2119
-3538
-7747
-8408
-6342
-9097
-15201
-16429
-14073
-14819
-17027
-19778
-19710
-15848
-11613
-20479
-22239
-6767
-4581
-1976
-3631
-3266
2545
-1303
2282
2425
1414
6512
10465
9864
11865
12232
7199
8796
11475
12334
11753
9044
11448
15193
14083
8851
10488
11999
9851
5880
5994
4951
4585
5943
1761
2860
549
-1861
-1449
-2760
-5181
-6607
-8368
-9179
-11486
-13413
-14198
-15938
-15354
-16617
-18778
-14071
-12815
-15108
-9787
-11319
-8175
-3986
-5381
-3437
465
2633
2063
5999
7766
3879
6625
12337
13425
13598
15177
15479
16775
16332
10170
10187
8449
11321
11637
8758
9469
6195
7415
5501
3831
4134
1191
435
-3797
-6600
-5038
-3292
-4704
-8223
-8208
-7205
-12704
-15840
-13601
-15286
-16643
-19825
-18389
-16582
-8056
-10826
-18021
-12010
-7799
-1866
-1713
-2325
-1844
93
2281
5373
5748
6490
8036
8181
11835
16533
11325
7958
18722
14088
13590
12994
11783
16906
13195
13420
11865
13330
12723
11362
10183
8540
7615
6427
5910
4114
2291
583
-1886
-5421
-5137
-4728
-5771
-8064
-9999
-9736
-10834
-11408
-12665
-14231
-16284
-13945
-11496
-14819
-7735
-5770
-6564
-3676
-3657
-2431
-3355
-3162
-703
2351
4338
4403
4187
5033
6658
4951
5433
9033
6995
8620
6360
6643
8568
6941
9736
7349
5116
5302
5124
4922
4324
3155
1417
2589
-150
-3140
-1815
-663
-1325
-7457
-7206
-8388
-12096
-13857
-13503
-11020
-13094
-15988
-17398
-17429
-8932
-7328
-17299
-12759
-6241
-2146
-24
-4715
-5254
-780
2024
3971
5070
7191
10171
6205
3387
6426
9088
5936
7408
5212
5675
7244
1082
4740
2425
7484
9308
5691
7427
4772
6490
5464
4199
4487
3052
3038
2616
246
-910
-375
-1290
-3504
-2928
-5630
-9295
-8258
-10216
-13115
-13024
-12196
-12471
-10555
-4226
-6851
-4230
1173
-2020
-894
1868
4342
4311
3907
6719
8964
5300
8432
9031
7082
9080
7056
6889
6116
4789
3553
3997
-3401
-1537
3911
2522
4802
-2148
-1489
4234
3451
717
301
710
739
1242
-2816
-1478
-1020
676
-1649
-6588
-1207
-1752
-7381
-8198
-6311
-7936
-10557
-15045
-14750
-10615
-4087
-4384
-16976
-3267
874
5779
4028
3714
5854
4259
8017
8313
9702
11302
12218
10982
10590
8721
9366
6652
6095
3601
4148
1917
-6548
-597
-3168
-3172
-3996
-3516
606
-1816
-5053
-1678
2838
1574
-47
-778
915
-2012
-174
-477
48
757
-1072
-3561
-6718
-4648
-3941
-5341
-7539
-7144
-10495
-5691
-5234
-6725
1914
739
3994
2240
907
6843
5888
6524
6776
8191
9971
8533
7736
7709
5921
10843
8857
7530
6701
6659
8310
-6357
-7122
-3039
-3090
-6225
-7769
-5214
-5089
-3835
-4337
-4245
-8849
-2940
-434
-6044
-2962
-1124
-2180
-6199
-6009
-1203
-2061
-6967
-6603
-4103
-4062
-9120
-8672
-6210
4518
2279
-6067
816
3109
11588
9003
7112
6576
7991
11593
9339
12266
11220
10662
10282
11143
11588
8832
6872
6663
6970
4228
4167
5509
-1025
19
371
-4187
-3104
-3688
-6456
-6375
-6625
-7304
-4091
-4473
-2395
-2176
-5258
-5144
-795
244
-3032
-1342
-2448
-7100
-7638
-6440
-2428
-3427
-4280
-5013
-2283
2282
-2765
6742
7757
6498
9533
6720
10959
8099
8672
8698
8635
12955
11626
11245
9708
9250
8585
7928
7789
6239
4591
5940
2372
-1076
4435
1872
298
-1797
-2581
-3404
-4677
-5252
-6882
-7356
-6017
-7258
-10900
-7714
-3140
104
-7332
-9074
-1693
-812
-6940
-5688
-2666
-2311
-8631
-10004
-7718
-4887
4316
-11076
-7934
2488
1212
7081
3851
3180
3020
5448
8116
14061
7211
4809
5867
7231
7320
5990
2089
4757
4193
4241
2917
-436
-1721
-2826
-1250
-4355
-5582
-4410
-5700
-1216
-2231
-4336
-2511
-2322
-3129
-3356
-4574
-4532
-4438
-5450
-4327
-80
-3937
-8662
-16061
-7181
-4041
-5454
-5791
-7465
-6589
-1066
-3843
-3720
3122
189
4717
5222
4962
3493
3857
6554
9098
8923
9173
10822
9705
8048
7337
5838
8852
7558
3880
15
-4759
1458
-2805
4961
5587
2425
2149
796
-2499
-3367
-3892
-3903
-3535
-3498
-9004
-9365
-6863
-5610
-8308
-9689
-12424
-8449
-8218
-11796
-6029
-3382
-6550
-9569
-3884
-3195
4748
1810
-5397
919
4124
10154
9116
7116
8928
10123
11356
13214
15493
14890
13291
14668
14432
14515
14979
4885
7402
10004
6198
4852
5131
8984
4131
4168
3805
4889
5349
2784
1581
902
-1706
-149
-662
1009
572
-1170
-5986
-11306
-5809
-9958
-10321
-13886
-16642
-15383
-14795
-14311
-15077
-10509
-12733
-11079
-9978
-9317
-993
-1682
-1246
2753
4068
4599
4865
6589
5852
8446
9481
9335
11689
6254
9735
10516
9255
12634
10130
10360
1594
1391
7405
5888
8498
7932
5274
5703
4248
4682
5374
5042
3057
4529
-782
-5615
-1990
-2510
-4706
-8756
-6272
-6871
-9069
-14833
-15078
-13436
-15591
-18226
-20149
-13096
-7773
-2288
-16250
-13122
-11711
-3941
1647
-1678
1299
2451
5916
7186
9837
9945
12102
11001
10753
14016
13478
10912
12168
11970
12938
13578
9786
10705
8367
8966
7041
8935
8309
6236
6767
5276
3351
176
2575
182
295
-1763
-3838
-3848
-5592
-5834
-8051
-9128
-11952
-13464
-14405
-15504
-15291
-17785
-19738
-18574
-14184
-18576
-14747
-11982
-13062
-5393
-5518
-3497
-1847
708
3515
5379
9013
11127
10832
12275
12499
11457
11425
12359
14147
13060
15202
8946
7370
12799
10319
12336
7872
7024
8027
5109
5441
5278
5290
5004
4829
-484
-1395
-356
-174
-5201
-6517
-5212
-7078
-11780
-15685
-13747
-14283
-16915
-20163
-20322
-18357
-6440
-12746
-17022
-10452
-6578
-2546
-2845
-2826
249
3608
3961
5026
4264
7449
7836
8027
8436
10735
12446
10780
11539
9251
12303
11785
10441
13919
13273
13244
7832
9129
11459
9881
6469
5918
6486
7115
5714
3587
3262
722
391
-1826
-2410
-4584
-6468
-7723
-10030
-10335
-12799
-11040
-13282
-15264
-16760
-12412
-11850
-16611
-7952
-10074
-7225
-3853
-5600
-4658
-3096
-3063
-2692
1218
6755
9882
6057
8329
8329
10056
10280
12066
13451
14465
14747
7366
8273
11059
9949
7821
8241
6600
13155
12530
9288
4182
3625
3386
0
-2216
339
1699
-2006
-6250
-5487
-5040
-7318
-14144
-13000
-11569
-12613
-16931
-18321
-17788
-11099
-7115
-20133
-11891
-8908
-6765
-690
-4871
-3322
-2647
1055
2493
3498
3964
6163
4391
7748
13364
9691
7564
12117
16564
12675
13897
9588
9920
12688
8758
9756
9359
8760
7114
6423
5163
4556
3879
4523
2543
1317
-261
-6260
-6906
-7961
-7828
-9673
-11639
-11874
-12954
-12983
-14791
-15112
-15435
-16849
-13273
-8859
-11598
-7606
-4544
-6297
-917
358
1624
3706
5099
7418
6539
8234
10205
12354
11429
10629
12600
6835
10389
13257
15195
13031
2982
11737
16532
15395
13989
12033
11364
10047
11695
8816
7075
6748
5583
6926
1504
1338
1785
-1619
-5989
-8770
-4363
-10857
-15437
-15294
-13685
-14002
-17452
-10776
-12151
-7735
209
-14751
-16039
-7021
-7514
-1302
-2471
4798
6064
-2275
1024
5746
5821
12103
11838
9096
14130
12145
7886
9470
2564
3142
9906
1682
8581
12356
7076
6563
1513
11472
8832
7732
5104
5577
5837
5532
-2143
-2234
-1304
-3254
-3649
-5910
-5810
-6386
-7422
-10717
-12222
-9619
-12729
-15508
-14898
-14815
-16647
-10610
-8900
-9071
-2483
-3532
1558
4437
1939
3506
5193
6353
5688
6371
10805
10321
10107
8911
7652
8912
8841
6445
5202
3960
-3532
-554
1314
1685
3089
-50
2287
3275
692
-1129
783
3355
3276
4521
-96
-1737
240
426
-2154
-8179
-5665
-1896
-3893
-7826
-5116
-4246
-7037
-9982
-10834
-7705
-62
-6633
-13568
-2061
-393
5902
7037
7358
8699
5389
12433
14681
14831
14880
12276
12980
13999
14502
11666
8486
7399
7381
5908
-1961
712
779
-776
-1175
-3773
-3423
-2594
-3974
-6808
-4278
-3279
-5116
-7152
-5077
-2748
-4105
-7640
-5369
-3089
-5085
-4661
-4072
-6861
-6420
-5336
-3758
-3393
-4412
-4649
-749
0
-4408
3757
4334
5065
3787
3627
9016
8769
8656
8657
12341
14698
14624
13786
11413
11063
10216
9474
7563
6062
6125
-2691
-697
1189
-3616
-4798
-6488
-6751
-7724
-7872
-9033
-10704
-9986
-10462
-8250
-12569
-13734
-5163
-4132
-10349
-10653
-3064
-2551
-4830
-8444
-6229
-2558
-4729
-8011
-7568
-5751
2352
880
-6218
-857
4452
9503
9851
9297
9219
9776
8918
9136
10896
12248
13280
12784
11713
11790
10377
8500
7358
7331
7939
-1175
-977
1420
-1443
-2609
-4710
-3934
-3074
-4957
-6074
-5349
-9062
-6481
-7973
-9979
-10117
-12384
-10057
-11849
-9695
-4899
-7077
-7864
-9704
-7567
-5115
-7997
-8855
-2203
-3638
-1397
-3741
-266
371
772
3421
9696
7500
9897
9442
9775
11730
12283
13022
14129
8586
8527
9766
8997
8908
6945
4152
4594
1098
-4364
2119
491
1229
203
-2560
-2232
-5406
-2184
-4706
-5165
-7131
-6304
-7054
-12516
-10538
-7330
-8262
-13460
-12450
-8277
-7184
-12868
-12442
-6452
-3548
-11737
-14108
-7527
1420
1944
-10448
-5405
585
5786
7383
5660
7075
7617
8086
9537
12019
13702
12810
8937
12043
11452
11310
8062
5450
3828
5304
4795
-1454
1303
1243
-220
-2897
117
714
-141
-169
-1610
-2164
-1988
-1590
-3344
-4589
-5083
-4083
-3587
-3280
-4978
-5635
-7579
-8374
-11995
-12651
-7863
-10768
-10749
-9965
-5995
-2473
-10440
-2598
4035
3086
6696
7600
10063
8287
11012
14227
13795
17155
16911
12522
12438
11944
12739
10929
10728
10470
10528
7497
-1172
397
-693
2364
3187
1674
2180
-265
1680
-526
-267
-264
648
335
-2944
-1217
407
-180
-7096
-8619
-6498
-10695
-13769
-15737
-6163
-5610
-17969
-18570
-17576
-9375
-7320
-13377
-10634
-6605
2099
2636
-2183
-1041
4483
10237
7606
7870
11022
11893
9602
10283
11093
11420
10064
9608
10959
7126
8257
3959
6395
9407
5926
8995
7204
7122
5973
4352
2769
3595
5624
4201
3221
3007
2175
-859
-2214
-5252
-1986
-2156
-4016
-6239
-10839
-10555
-12407
-12557
-13478
-15169
-11445
-10138
-15713
-9804
-10542
-8631
-3761
-6019
-3128
-2409
824
1494
1533
4167
7861
6834
6862
7335
9134
5094
5323
10310
6635
8892
2097
4846
7294
5833
8650
5241
6511
5757
8447
7740
6737
6038
6324
3173
-2084
-2915
1879
1954
-2274
-65
-2070
-3365
-8712
-9980
-7461
-8720
-12727
-15070
-14600
-6728
-7856
-18193
-12231
-9477
-6132
-3970
-8297
-7344
-7253
-5694
-2475
-1988
-508
1889
1115
1864
1072
8664
4960
5662
4427
4309
7158
910
4407
6627
4145
8982
8765
10189
9125
9396
9332
9156
6758
2483
7703
5531
2586
4343
-984
-4027
-4224
-4008
-4672
-8250
-7869
-7955
-9872
-10222
-10962
-12389
-8223
-6261
-13916
-6599
-6061
-6050
68
-3179
-1658
-1626
-2712
67
-2466
-1487
3578
-388
1058
2628
3273
6094
8510
3086
2733
10789
3873
7386
10640
10027
10559
7902
10198
8956
5983
6682
9316
11512
12232
10435
6895
7846
8188
6688
246
1912
3363
-7847
-7744
-12985
-9402
-11288
-15320
-18829
-17235
-9169
-4438
-21794
-14189
-10989
-5867
-4320
-6541
-4729
-6687
-1617
184
1818
3380
3799
2627
3356
4350
4053
6163
6105
7532
6118
9681
5686
8106
12366
6938
8681
10877
11123
10220
12174
11627
10031
10662
9664
8847
7584
5576
4429
4633
2528
1826
1553
164
-3133
-5286
-7176
-6232
-9757
-14156
-14678
-11186
-8479
-12427
-5169
-5399
-2299
288
-1581
1674
1306
862
953
5331
5058
6514
5296
3092
3821
9191
8681
8899
3614
3668
6491
-378
1186
3888
557
3159
4833
11402
6512
5446
7128
8971
7884
8944
7239
1655
5325
5510
2730
-2038
-419
1139
-2500
-7620
-6522
-4187
-5831
-10290
-13129
-12718
-4750
-5815
-17847
-11365
-8822
-3676
3572
-2040
-296
2679
2273
2902
7090
8217
8809
9054
6748
9199
8206
7421
8689
8208
8188
8513
1538
-626
3396
1990
2708
2079
1718
-806
-1112
-3253
-4355
743
1947
-3056
-5866
-403
-660
-2973
-4819
-5343
-5512
-7655
-10645
-10212
-9999
-9854
-10961
-12855
-14590
-9740
-7984
-13143
-3717
-5497
-2342
2749
446
965
-52
4564
5896
9568
10823
11120
11021
8849
9830
10890
12437
9074
5993
7057
6633
-74
3009
4827
485
4141
-1193
-2290
-1468
-2226
-3417
-5058
-5515
-3679
-3616
-8742
-3932
-1638
-7583
-12144
-6473
-3533
-7401
-10656
-10024
-7377
-9361
-12882
-14353
-13522
-3641
-2013
-11627
-2062
-582
4016
7450
4712
6356
8074
9793
7806
10982
8724
10975
10664
14548
10701
7498
10814
7311
7922
8571
11148
9249
12336
9062
8767
-983
6875
16
-4452
-5099
-594
-753
-1447
-7662
-10181
-11714
-12352
-14115
-12237
-12712
-14745
-12871
-10407
-13326
-14730
-14492
-9790
-9814
-10080
-11232
-6332
-2233
-6675
3734
1899
5528
10335
10339
14302
12891
15055
15821
17014
20321
17434
18225
19352
17320
15082
13099
16681
14585
17386
8946
6496
12460
8923
9081
3826
4211
2917
1726
1085
-2430
-3632
-5129
-3562
-8320
-10478
-9244
-8916
-12525
-16240
-15835
-14400
-18442
-19511
-15150
-17338
-11846
-15597
-18658
-18953
-8186
-1868
-14270
-4042
2411
8643
11759
9111
10175
12253
13907
12729
15943
16853
15229
15751
16732
15752
15785
13572
13082
12138
11783
1860
475
6224
9462
2002
377
574
2019
-1186
-4091
-6297
-7627
-7382
-2059
-3168
-4859
-13306
-14431
-14394
-17695
-18036
-15919
-16936
-20715
-19966
-20075
-17895
-17057
-15664
-15839
-12223
-6330
-9541
575
-4523
-3487
9862
7889
4914
7900
10587
10696
11463
13215
15154
15286
16076
16995
17325
17170
15896
16366
14686
9456
11625
12094
8841
7685
4145
689
904
1204
966
793
-372
-1300
-424
-5737
-5909
-5612
-6030
-5372
-8686
-9233
-8549
-11411
-15541
-12675
-10647
-10196
-13612
-12101
-11228
-3908
-6376
-10681
631
-2612
2377
5764
5587
7405
578
8489
15317
13870
15657
15096
14313
13955
14693
13249
13916
11800
12360
7277
2854
8429
6021
11454
8242
6843
5944
6382
4059
1224
-2499
-3255
-782
-3490
-3273
-3971
-3581
-5032
-4837
-11128
-13540
-6784
-8577
-10917
-9532
-8757
-7542
-7642
-15665
-14675
-8761
-9057
-12700
-6471
-5265
-2939
-49
-825
1852
2743
3472
5949
10589
11690
6099
7971
14300
13639
12473
12684
11278
12648
7991
5916
8463
6477
5774
6580
3760
3335
2951
2666
1289
-2485
-1057
-2484
-938
-4485
-6633
-7613
-7043
-8442
-8761
-8541
-10018
-9122
-10963
-9123
-7524
-10009
-11996
-12779
-10321
939
-9087
-11092
-2295
-957
2641
3722
2594
2535
5174
2996
5950
6990
7662
9046
8353
13882
14968
9799
8637
10867
16210
8093
7691
10612
8590
8275
4736
5587
5840
5168
1704
2815
1423
1888
1149
1342
1265
-684
-1107
-1596
-964
-1968
-4496
-7067
-6546
-8426
-6832
-7841
-9221
-7258
-7133
-9490
-3317
-9240
-8640
3116
-1291
4479
5063
4315
6616
4102
4487
5715
8239
7186
7536
7490
6327
7017
7823
7441
5116
6010
2857
2405
913
438
5959
4152
2289
3558
3476
5356
3625
2619
2796
3887
6678
1763
2257
4292
6593
3707
1082
743
290
-3031
-9182
-4245
-6037
-11251
-12218
-13780
-3739
6079
-9399
-11528
-766
-956
2476
950
-2784
6105
1957
3119
3421
5072
5898
5024
5266
5804
2335
685
389
-937
-1099
-9280
-4940
-4329
-7839
-2115
-3007
-3688
-6628
-1837
1497
-276
1090
2561
2567
3043
3818
3655
3130
2771
2866
4023
152
-199
901
-2120
-5101
-8259
-6597
-6171
-4545
-6747
-4104
-7633
-6288
1344
-2989
1487
2098
2974
2889
2025
2523
1898
4948
4212
3424
2154
3535
879
944
-1360
-2590
-4552
-11067
-5171
-6494
-7303
-6532
-7978
-6929
-6667
-6715
-6361
-2539
85
-3733
-2344
2326
-167
1559
2548
-1377
-2928
-128
2569
352
-5282
-4473
-1399
-988
-3634
-4586
-4266
-916
6178
-6864
-7237
5457
5690
6392
476
2120
6369
5942
5750
6952
8577
7351
7355
7906
9213
5436
4532
1528
5465
5193
-4940
542
1557
1594
-100
-1760
-214
-331
1782
683
-647
-477
793
94
1468
-125
-169
-2225
-224
1171
-1850
-1480
-1529
-2050
-5156
-3485
-4239
-5559
-5621
-6863
-6890
-898
-6778
-3083
1362
-1256
3865
1707
2820
2214
3249
-505
-541
2896
2952
3083
1101
1378
4895
5306
1266
2607
891
-4899
-1956
-551
169
254
-1113
-1187
4487
-2365
-2252
-2887
-3745
-7090
-4828
-3281
-8058
-6059
-6197
-4738
-8251
-5268
318
-6723
-11447
-7060
-3742
-6194
-8634
-9419
-7879
-572
1299
-8434
-4310
2214
4557
6808
3576
3913
5514
5094
5962
3724
7979
5074
7371
8912
3704
6532
5267
7638
4752
7973
3704
5403
8913
8049
10097
8274
8868
7220
7974
4027
1731
3072
3576
2983
1531
-2615
-1473
-1775
-1121
-3408
-4314
-2900
-4350
-8068
-10601
-5830
-5942
-11213
-10425
-7809
-6639
-1654
-7194
-1382
1819
-1131
3526
2746
2492
2847
5230
3557
6547
10797
9678
9700
7729
8422
6081
7360
10982
4839
6640
2315
2178
6930
4950
5928
4970
2577
1139
5154
5392
1986
2112
-1633
-103
2271
-4045
-2528
-1482
-2513
-8534
-9468
-6375
-10393
-14526
-13467
-9673
-10219
-14973
-16561
-15361
-6215
-956
-14491
-11001
-2432
3585
2880
515
1116
2414
5381
5047
5727
6626
9410
8031
12602
13047
11573
11950
9915
10047
12051
5897
11186
16351
10243
1499
3423
5666
5816
5136
1307
466
2928
1394
845
-1203
-2432
-5710
-6765
-962
-3848
-4985
-5526
-6044
-15490
-18084
-15760
-17105
-19273
-18293
-21155
-17185
-14835
-19399
-13943
-10502
-9100
-2013
-3582
-3548
1981
5610
7260
8026
9178
11616
12316
14214
14651
14456
16478
16813
16829
17237
11107
5462
12356
13860
15514
12048
7747
5436
4766
6657
3286
5011
2956
4373
2446
-1733
417
1911
-1641
-8065
-7040
-6571
-10398
-15433
-15319
-13593
-18017
-21313
-25217
-16096
-10967
-10269
-19140
-13833
-6341
-4962
-2613
-3704
-2034
-5429
4549
7973
7508
8930
14277
17612
17122
18436
18829
18640
19431
16026
17079
16796
15586
20713
13229
11250
13174
11301
8572
10508
11043
9173
7914
7174
3803
2434
2510
689
-164
-2502
-2045
-2620
-4781
-5887
-15599
-10657
-11738
-11997
-15159
-15209
-18206
-15832
-9906
-19550
-10515
-10001
-5666
-313
-1677
2396
2851
4133
6096
8937
9158
9925
16300
14140
13085
13922
15656
20890
17896
21707
15204
8962
14404
15867
16979
12861
14262
12811
12215
11751
9084
8390
6618
6675
3295
436
1213
2608
-3432
-5573
-4613
-3832
-7225
-12137
-10861
-9811
-16466
-18252
-15266
-13985
-7449
-9221
-15064
-6400
-2318
1660
1861
577
3603
5265
5820
7109
8821
9843
10087
9026
9772
13686
10622
12917
13696
12290
12463
4396
10517
16714
13187
14653
11881
13555
11827
10285
9852
8739
7853
7058
5363
4310
3907
-455
-5569
-7274
-9417
-3448
-4656
-6671
-12124
-13851
-8554
-9823
-13120
-18570
-15403
-14391
-8429
-12921
-5604
-5837
-2996
1980
3333
5511
5070
7461
10774
8639
9214
9311
9965
9479
7639
4152
2922
3849
6506
2426
-2654
5560
3782
5686
881
1460
8395
4358
5703
4230
4225
6445
5280
5612
1777
661
3037
995
-2084
-3584
-5252
-6172
-5587
-8727
-8660
-8181
-9894
-12404
-12672
-9028
-1515
-5586
-8296
3370
3353
5607
8472
8678
9707
7173
10363
13379
14452
14379
14420
11101
8447
9655
9797
5191
3279
4154
2706
-2708
7230
3861
5002
3320
2053
2584
4390
3901
688
-1484
3875
4236
-4682
-5617
-7400
-6837
-9571
-9411
-4225
-7301
-8288
-7137
-8531
-8231
-8174
-9545
-11306
-11293
-9201
-6166
-3810
1495
5178
-1189
2259
6939
9150
11112
14696
16224
16202
13479
13904
15123
14565
15147
13401
13529
11742
13765
6334
3876
7206
3695
-1517
-2317
-3985
-4767
-4761
-1402
-333
-4312
-3758
-1431
-1977
-9659
-15945
-7412
2314
-2553
-4956
-3418
-3085
-1728
-6183
-3873
-2976
-4637
-5566
-4825
-4475
2968
2056
-4294
6152
5345
7775
14101
11624
11388
9742
14070
7072
14740
14577
14617
13175
12608
17005
10999
14170
11065
9512
-1122
4531
1065
1040
5424
2602
83
-951
-1110
-3298
-5270
-9884
-7359
-9056
-7948
-5092
-7488
-9145
-7146
-6752
-6001
-9703
-4304
354
-6627
-3763
-3079
-2578
-2314
-2839
-2308
2806
-2391
3736
8895
7465
10972
7582
12383
13197
13414
14981
16861
17063
13554
12928
16021
17258
9957
11680
9153
8507
7972
2740
1651
1908
2668
5977
3443
2152
-398
-7360
-4104
-6084
-7376
-6452
-4788
-7865
-11088
-16713
-7854
-8023
-14209
-9325
-8985
-6401
-7451
-4360
-6132
-5624
-2542
-3209
-4813
1746
3501
-784
6079
10145
13232
12732
11122
12028
13022
16468
15886
18663
17624
15200
17480
17069
15910
13635
8897
9717
12232
3705
5044
7635
4949
1704
264
240
382
346
-3525
-1558
-2890
-4347
-2566
-4948
-7623
-7172
-7366
-5852
-7324
-10658
-9835
-13012
-12326
-10667
-11698
-10577
-8878
-8833
-7045
-4183
-2035
-4179
5288
9443
4468
7558
11716
13907
7851
11854
12046
12392
18243
11836
14696
15427
14585
9946
12490
8795
15170
10813
2943
7197
-630
-662
1527
1822
-2666
2705
2360
-2359
-1084
-1550
-2867
-3315
-3795
-4330
-2214
-4925
-7666
-7209
-4885
-5840
-7601
-8827
-10967
-14599
-12324
-15307
-16265
-14335
-3656
-7535
-11742
-865
951
5584
165
5176
9388
9127
13481
15409
14841
10971
13349
15590
17637
17899
15098
16218
14149
14037
6871
3928
8652
4986
4929
3262
2517
569
1151
2626
-2532
-340
1810
56
-282
-263
-3643
-4525
-4110
-6035
-7031
-6775
-9655
-6019
-5585
-13750
-13532
-7481
-14641
-16862
-8016
-6388
-17256
-6507
-3164
-3150
-715
4811
5522
4728
8222
4314
8811
12721
11307
10239
9754
11714
14025
9474
13774
7892
1430
573
1850
8884
8599
846
-9
-888
-322
-1488
4467
-2213
-340
1150
-663
-5359
-3000
-2410
-1990
-2466
-2075
-5724
686
-2044
-6313
-9091
-10324
-8253
-9499
-11768
-6884
-1413
-10857
-4035
-47
-4587
1571
-5355
3447
4078
-426
7162
6448
7044
8616
5442
5306
3086
5814
9886
5737
3869
4531
-1057
4487
4363
6334
7310
960
2512
4217
3043
2181
2253
-111
616
1167
2295
363
192
-3164
-8035
-3188
-3204
-3224
-4932
-7034
-10535
-10692
-11586
-10678
-11710
-13140
-9721
-11564
-1684
-3147
-6623
-1922
65
2627
3221
305
1349
1781
-859
3379
3748
2632
3080
690
-2044
1039
5734
771
-4900
3716
7235
3860
5221
5962
6370
7808
7809
6654
6194
6455
8373
7688
5618
6931
5517
3609
5068
2047
2074
4844
-1195
-4542
-4343
-4865
-8739
-9319
-11739
-4969
-120
-8207
-1356
-590
799
3725
3596
3674
4498
5690
4486
3896
2249
1678
-578
1235
2229
451
-2710
-2293
2760
-1618
-4263
711
787
2326
972
-930
4935
7277
5253
2748
1551
2045
3548
5200
1123
1059
1307
-1218
221
-1521
-344
-546
-4094
-6112
-7618
-8121
-10375
-10202
-11198
-8052
-7165
-7104
1450
947
4
2945
3695
5200
6491
6527
6250
6411
5902
5404
2967
5228
4863
4228
4480
3244
4782
-2540
-4178
524
1108
902
-163
1406
766
1698
3908
3068
1005
3140
5625
4510
2990
3727
5217
3758
-917
231
5097
-221
-5471
-4216
-1943
-1600
-6274
-7350
-5672
4449
-629
-4502
2947
710
6487
4596
3379
5241
6626
7816
6833
7053
6481
5378
3924
4410
4055
4577
1127
4686
1525
-6412
-2615
-2099
-291
-3066
-6654
-5816
-4551
-4539
1083
-4578
-1675
-6121
-4692
-429
-72
-1778
-6341
-1680
-1161
-3122
-4805
-5462
-4077
-4713
-3938
-6550
-8301
-9305
-8182
-7179
-10223
-1915
1140
408
2614
3692
6781
6550
9203
7125
2708
4041
5887
5430
4698
7090
8204
6566
3850
6524
718
-971
4865
2114
4015
1171
2307
2153
875
3502
907
-1927
-5222
-158
-281
-3757
-2460
-1998
-795
-6475
-8141
-3575
-1388
-8881
-10916
-2866
-2071
-6296
-11125
-11437
-1918
-1682
-5198
-1372
-1188
6669
6852
4338
6263
8294
7850
4955
8463
8011
7433
8859
9753
7401
3822
4424
9413
7645
-863
2842
4911
3117
3474
523
1439
1564
4519
3588
-4271
-1178
94
-2278
-3341
-4895
-9000
-5671
-10805
-13162
-12281
-10479
-10800
-10881
-13643
-12099
-9469
-10070
-17400
-13449
-3149
-8419
145
4330
2448
7004
7063
9654
9050
9459
8568
9521
8999
9745
10342
9016
8567
6824
11047
11608
11222
6538
2231
5584
5601
8153
8566
6933
8762
9638
7716
2592
2991
2864
2724
1965
-2370
-4604
-5233
-6144
-8370
-9961
-10534
-11959
-13677
-15233
-11698
-11034
-16622
-20546
-18854
-12267
-14258
-10473
-6833
-8451
-1725
2838
3024
3838
4661
6635
7775
10135
12271
10479
10058
7836
9844
12419
11924
12591
8643
2447
5850
7621
7748
7514
4234
7194
4420
1463
2958
8552
1121
1497
889
355
-1942
-4604
-4488
-3971
-5628
-8053
-8534
-9805
-10026
-11167
-12159
-10855
-13391
-17534
-15181
-16477
-14338
-5944
-5935
-2783
-1881
-100
3844
4433
3696
3535
9406
11962
10206
9466
10422
8098
12079
13236
13059
13014
3694
7866
11181
8945
10073
8479
10379
7051
5097
9514
8273
7220
5999
2138
954
-2573
-2427
-2161
648
-6945
-7940
-4665
-8968
-12118
-10765
-8941
-9505
-14157
-18882
-14770
-11938
-16236
-10182
-12749
-9952
-5172
-8332
-7547
-6611
-4968
-905
794
1690
3603
5328
3279
4826
8824
14852
10594
10381
2533
2804
9574
8659
10527
9441
9166
8149
8094
9337
8517
10064
8312
5453
797
83
1219
587
426
-5707
-3849
-2938
-9919
-8986
-11868
-12024
-11283
-13228
-17485
-15823
-9297
-12090
-2606
-3356
-1357
-890
-2824
250
-5639
-3554
-3413
-3175
-1849
-1386
-689
2676
3336
2296
1496
6847
8046
-5186
-660
14412
14498
8460
9847
13618
9884
7676
10561
9185
8039
6745
4122
5251
3867
3268
2934
73
-1740
-4025
-4098
-4830
-10479
-13649
-10826
-13738
-14629
-17376
-17538
-6030
-15377
-11423
-9670
-8981
-3168
-3033
-3677
-2278
1506
1168
881
1593
2441
6206
4968
3441
8239
6134
2662
6403
-3180
939
8477
1729
8207
7129
2363
-632
4855
9642
6690
6222
1476
2805
4494
5615
5262
4863
4041
2214
-55
-912
-2389
-5203
-6938
-8321
-6908
-6763
-8925
-6936
-6573
-10031
-3222
-2235
-355
1619
-302
2618
3174
6952
7249
7135
6587
8056
8523
9273
9490
8383
8718
9283
7085
1111
4696
7755
4779
6125
5164
3
6572
5073
1018
8457
7902
-3117
738
11215
6571
4295
5857
6888
1483
-729
44
-1750
-4512
-8086
-6791
-6657
-6883
-11661
-11467
-6290
-7972
-4015
-6541
-4575
618
326
-100
-2776
-621
1115
955
2203
4458
3737
5660
10545
11882
10334
2837
4297
-1952
2310
4243
4576
4922
-1752
1434
-1218
-545
-1718
-3190
-6985
-8492
-4814
-3894
-6579
-4981
-3369
-6542
-4307
1922
239
-2147
-2216
-4367
-4783
-5616
-10013
-11946
-9558
-8060
-11902
-3877
467
-1395
2353
4586
7948
8390
8887
10317
10312
11262
12328
9361
11583
11328
12652
11868
10643
9823
2778
10216
11455
11778
11082
4692
5261
6918
7488
6522
2028
-1923
-2375
-1236
-2648
-6724
-7447
-8397
-5883
-6909
-10627
-5781
-5342
-9932
-13327
-12278
-5947
-7598
-13583
-7652
-3136
-5485
-2039
-3391
-1559
3200
2811
2835
2580
3064
2868
5876
8148
7020
12608
13136
14692
16314
13565
12283
9855
7202
6580
5900
5844
12103
6251
7544
2755
9885
6529
3492
-3261
-2399
-3403
-5878
-5410
-5879
-8085
-10064
-9668
-9686
-8811
-12006
-15737
-17461
-15411
-15134
-16192
-14263
-10997
-13314
-15755
938
783
467
2890
1958
6282
6202
8139
8884
12301
12960
11811
11286
13275
13055
17208
13303
12990
10782
6264
12098
10130
10932
6348
2290
6801
7824
10001
6481
-349
2006
630
-224
-3026
-5334
-5281
-4195
-6719
-10122
-9931
-9083
-11192
-16904
-16003
-17792
-16116
-18601
-24130
-21156
-18317
-9909
-13816
-12402
-6388
-3563
-6409
-1352
3511
3759
6646
9828
10403
10781
9519
10820
13597
13756
9888
13261
8168
7364
13229
10809
10180
9502
5418
6067
7316
8246
10037
132
6121
4378
-1669
-1131
-1690
-3258
-5489
-5511
-8345
-8680
-11150
-8804
-14041
-15912
-18705
-18925
-18058
-20515
-16767
-20999
-16160
-11663
-11339
-8851
-8424
-8964
-5843
-4101
-3486
2186
5022
5373
2120
6677
9080
11858
10210
11510
15057
5686
12261
17493
16933
17786
13892
11658
13804
11967
10006
11411
9944
7001
7074
7629
4536
1766
690
1070
-2196
-3513
-3526
-4646
-8671
-13278
-13810
-12300
-12336
-17724
-15221
-9855
-11305
-5842
-7815
-7032
67
-1839
-1977
-2474
-819
2365
4754
2932
3941
6870
5978
8700
14747
10849
10351
10780
9532
17160
14581
15817
16545
13534
12259
10681
13831
14402
12418
10473
9582
8631
9184
8167
6125
4174
2199
144
-997
-2009
-4371
-6327
-8270
-10250
-12297
-9227
-11733
-9668
-11487
-13679
-2517
-3544
-1888
-651
-2073
-2783
-3048
-492
1071
187
1236
784
-1297
-937
4451
9368
-539
9058
4254
-3134
5777
10726
11282
9468
9856
2110
6772
8598
5896
10804
4598
3109
4851
2090
-684
1843
1571
-528
-5486
-4957
1374
-7382
-6900
-5882
-5708
-5887
-9917
-13613
-8102
-9373
-3497
-7886
-8846
-2261
-2150
-2853
-2982
4110
6990
3064
8726
9903
8080
6830
6412
10192
9816
7518
9998
1080
4350
-393
311
1045
7484
3852
-444
10816
2124
940
-361
2142
3351
3589
3558
2346
-71
-3451
-2988
-5961
-4618
-4375
-6291
-9418
-10580
-13623
-11581
-7248
-12848
-12395
-15615
-4536
-2118
-789
-1341
-551
-221
3704
5848
5207
9802
8650
10483
10319
9664
8556
11664
8327
11707
9621
1946
9212
7691
8683
8193
7599
1008
-1369
4701
1064
1049
1109
-3276
-1711
1375
537
-257
-895
-442
-1561
-30
-511
-1012
-5041
-6524
-4054
-3910
-7519
-11253
-6284
-3040
670
-890
-2548
5187
6390
3817
2387
5297
5415
7171
10938
9208
10947
8109
9472
11326
11033
8177
11278
6770
2442
7907
4453
7855
6985
4476
-497
-1009
802
-1964
-1619
-4935
-5564
-5006
-5261
-5919
-7716
-8474
-9385
-9760
-7415
-7230
-10808
-11632
-9696
-10299
-9784
-12464
-12717
-8791
-13238
-4273
-209
-660
6923
4468
5828
8187
8119
6030
7868
8068
8933
8275
6961
7778
8555
8797
9132
9723
-155
10903
12184
10035
6995
4017
1386
4815
5987
333
4352
4929
2703
1887
1201
-8351
-6756
-9085
-11475
-14890
-13505
-13915
-11783
-14873
-19383
-16885
-18446
-17342
-21188
-14877
-14933
-11571
-2407
-7127
-549
4124
3401
4786
4171
7792
11834
12810
13266
13815
11820
12114
15072
14871
11126
15432
10475
6838
12661
7032
9956
10436
7604
8310
5670
5351
6036
5528
3263
1717
806
-2250
-2383
-2704
-6650
-8952
-11311
-12161
-15149
-9309
-10496
-20619
-19140
-18667
-21151
-20726
-19318
-20001
-10177
-6556
-1218
2881
-1317
35
5585
9986
9262
13047
13447
13907
11973
14173
12694
12562
12201
11961
14559
5818
11049
12082
11131
9351
5240
7547
7699
2766
-35
5316
2625
1078
3091
-2089
-5408
-3243
-4392
-1853
-5621
-4922
-4407
-8646
-18187
-17998
-9435
-9730
-14350
-18163
-11934
-11946
-10529
-12384
-17378
-6486
-1770
-2879
-2258
-1518
-983
3931
8753
6897
3746
4379
13994
10126
13201
11018
11207
8513
5954
13914
10641
15545
13376
13303
13019
13552
9566
6795
12827
8486
9509
7316
5446
5451
2368
1275
-663
-1587
-3540
-4554
-6235
-8524
-8569
-10526
-10792
-11359
-10019
-11285
-13858
-4957
-4042
-1491
704
-2574
1600
292
-307
3109
4406
1032
3533
4207
3668
5969
8877
9985
9471
8346
3148
13794
11878
11176
12738
8078
13181
12001
14717
5719
4923
9780
7429
10836
6291
1786
3240
2281
-1051
-3874
-4971
-4315
-6787
-12765
-14403
-11371
-12397
-15969
-19814
-14711
-14683
-11489
-8501
-6499
-3924
-2769
2746
3595
2224
-2137
-1040
312
1313
1717
1768
830
982
1813
-814
8373
-4243
-4185
1214
-864
8467
5474
179
4513
11895
12051
4017
5426
9686
7979
8639
6394
2281
2845
1044
2019
-310
-2501
-3615
-4537
-6001
-6576
-6749
-8200
-10087
-9439
-11894
-10593
-1455
-2571
-1428
1393
3846
4120
3685
5309
6573
7044
6030
6990
4875
6047
5140
5317
2602
4029
4059
-6568
759
-1634
-1501
-1365
-5015
1669
-1312
1807
2945
-714
-5127
862
7854
9002
-810
-458
-2278
2467
659
74
844
-2259
-12938
-6154
-6538
-7715
-12190
-12722
-9828
-8663
-3199
-4719
-6459
1223
334
3631
2693
4210
5583
5176
7695
9062
8514
5525
8891
6466
7000
2870
10618
4748
-4534
2095
-2184
330
-2403
-3002
-2101
-1269
-2067
-2361
-5488
-8530
-4769
-2957
-6497
-4312
-5058
-8170
-8440
-9511
-3554
-4631
-4527
-5356
-6525
-5554
-6058
-5875
-4083
-6953
-6355
3285
3265
5355
6047
7038
7829
8981
11658
10867
11910
12651
12468
11317
12626
13188
13404
10179
13317
11294
2334
8989
9884
6700
6078
6092
6860
4982
6786
5110
4783
1612
-3897
1952
-2027
-5213
-3312
-5962
-7007
-8114
-7428
-6904
-6357
-10571
-10033
-10009
-6768
-7473
-9292
-4633
-4420
967
-2246
-668
7067
10816
10346
7579
8316
10216
10738
11088
11686
8313
10748
10827
10177
10624
5228
8612
3522
4233
10709
8591
2061
8648
7702
6839
7532
8365
5962
6876
1905
-1555
772
1231
207
-2376
-4260
-6189
-7957
-9566
-9655
-12457
-13517
-13869
-14375
-11616
-13182
-10128
-9717
-7720
-2698
-3324
-1849
1847
1825
4760
8225
12641
12664
14217
14269
15315
12648
14343
17142
15355
16876
15807
14980
5291
8659
11980
7042
10343
8109
9230
8063
9071
9063
7196
5834
4153
65
-4518
-2236
-4117
-2895
-5108
-9305
-8897
-10568
-12767
-18949
-18335
-11111
-18773
-22358
-15570
-11460
-13622
-6610
-8177
-7210
922
5060
5945
5327
4680
7334
14135
13852
14375
14561
13841
15820
17586
16870
14735
15905
12867
4648
11944
11637
10985
13162
11077
10279
9592
12334
9673
2602
6768
7201
1195
69
-463
-3337
-4272
-5458
-5198
-3726
-7052
-8855
-10043
-11878
-10913
-11655
-11948
-8189
-14364
-12037
-4020
-7527
-4875
-3341
-3721
-3518
-516
932
4219
5607
7272
12754
9534
8081
9672
12053
15750
14224
16493
9088
3338
7813
6117
8892
7467
9359
11341
11369
11514
9009
10720
7885
11500
4532
-1765
4514
1938
1220
-2280
-6545
-4150
-4373
-9333
-8393
-6601
-8248
-13205
-12160
-7712
-7882
-3646
-6238
-2671
2672
3847
3099
1660
3759
3040
3437
5399
6367
4780
3849
6925
8716
4372
9216
12383
12520
1657
-376
11069
12096
9838
9230
10769
10074
9538
9450
6494
4544
5271
6089
6013
104
920
439
-728
940
-6726
-6956
-5873
-7598
-8966
-9027
-13270
-13657
-10093
-15117
-12644
-4900
-1237
1126
3491
1900
722
182
1347
8421
8582
4958
4977
7978
7410
2894
2178
6690
5611
6652
2514
-4029
2028
-4148
-2331
6825
8013
2562
3309
8805
8433
8238
5629
9675
7771
5151
3419
1928
960
1467
2361
331
-2064
-5353
-3905
-2334
-3781
-9058
-8040
-3807
-5472
-2017
761
874
6954
3362
1211
938
1607
9919
5401
7295
9784
9948
6403
6816
9529
4331
4966
5569
8516
230
-5643
3223
885
2674
1364
1205
-469
1724
2445
1045
2761
3616
2350
98
6218
1118
-160
3025
661
42
-2196
-1541
-3663
-5521
-5825
-3730
-4507
-1707
-5365
-5875
4131
5046
7196
8401
9111
9667
10120
10715
12397
12847
12344
13385
13303
12160
13033
11757
7975
6894
10272
6962
-3929
1069
2620
-319
801
-597
-2338
-438
-1684
-5761
-6204
-4480
-3009
-7686
-8103
-5342
-6397
-10522
-8666
-4010
-10624
-8918
-6318
-9706
-8219
-8158
-13456
-11678
-7179
-7965
-3385
-4703
3297
3361
7541
5927
4891
12654
8774
9500
8313
16140
8789
9369
13518
9179
7422
7353
4464
7712
5127
-3508
4961
3109
3585
2819
2814
3931
-346
-2026
1676
-153
-6207
-6847
-3108
-2713
-5010
-11733
-13563
-9604
-11838
-11313
-13318
-14371
-16814
-10663
-11576
-15427
-8157
-13008
-7294
-1040
-170
4192
7394
7164
6032
9126
8752
8965
8017
16576
16770
17130
18191
17087
10677
7902
8837
8592
11743
3977
6361
8729
3666
6806
4488
1713
1302
80
-2130
-482
-3744
-3856
-3394
-6986
-6061
-4342
-10850
-17925
-8817
-7374
-16444
-18947
-17511
-17534
-14930
-16557
-19048
-14243
-11360
-5586
-8143
-5613
5541
2654
3323
8032
7100
7766
10440
13917
13403
12485
12274
12841
14507
9533
13809
10364
10401
11586
2523
6385
6186
6663
4061
2629
6660
5334
4037
1141
4539
-4104
-2353
-1614
-3815
-57
-1293
-4172
-7693
-7039
-6504
-9228
-10217
-11739
-14992
-16820
-16773
-15758
-17227
-15893
-6631
-8166
-1634
1056
-4428
4729
4559
6563
10804
7006
4869
3573
11261
13173
17425
16481
8970
9145
14646
13510
4314
3370
7365
10006
4674
5233
5244
4856
5913
3558
2281
-22
357
-3477
-6223
2191
1822
-270
-3904
-7790
-5890
-5676
-10851
-8145
-7782
-9047
-11478
-13678
-6321
-6157
-4755
-3407
-8159
-1463
425
-228
593
136
1876
-130
2631
5323
7180
8689
3773
7355
6585
7359
4263
3415
5155
2514
6632
6689
6222
5664
4254
3211
8908
10146
7703
5390
4787
6999
4877
4715
2486
1658
1916
-868
-5131
-5242
-4061
-7205
-6719
-7263
-7467
-9463
-6223
-6879
-8265
780
817
5559
7055
5310
7034
9085
9527
10210
9932
9467
10295
8928
8253
9281
8314
6463
6063
6565
4511
-3601
1846
5268
6690
5646
2393
1796
4795
9465
6496
4370
2810
5131
88
-52
1945
1801
-1041
-3354
-117
-5217
-8709
-9376
-5400
-5870
-9118
-13663
-12560
-3625
-6177
-6656
-4812
-1336
5312
3818
2335
4357
4643
8376
10066
8388
9480
8950
8402
8681
8066
5927
3534
2146
1308
-5070
-4353
-1598
-3628
356
-3880
-5789
-5856
-5051
-1859
-5773
-2971
-645
-4495
-8102
-5709
-3257
-2575
-5448
-4511
-5826
-10950
-5830
-5516
-6163
-6642
-6494
-6646
-2682
-4497
-2360
6880
4970
5241
7640
8672
8792
9459
11330
13344
13490
12308
11113
9209
10328
11256
8635
8848
5967
6880
-937
1475
5134
2658
3214
1504
-3654
-5626
-7022
-3737
-2061
-9400
-7808
-7342
-12266
-10747
-8765
-9225
-11650
-9373
-6027
-10895
-20310
-14212
-8037
-3956
-5068
-9840
-4774
2077
-4990
-1611
-2612
1923
9981
8821
6219
7149
10187
10995
12086
12711
12193
10320
8345
9751
9617
8596
5599
7320
2366
-3578
1028
-1158
4348
6458
-3197
-4838
-3073
-269
-118
-6803
-6741
-50
-2442
-3326
-4673
-11925
-13038
-14297
-13857
-14286
-20660
-20935
-15252
-16236
-14545
-15234
-10933
-3927
-14128
-9074
3332
4861
6804
8166
8630
9731
12553
15108
15894
15654
17762
15746
15275
16100
14956
16168
13398
15105
12742
1842
6512
6876
4364
4502
3505
3418
1315
2815
-3677
-387
-946
-1065
139
-7467
-5717
-4222
-4889
-9429
-9681
-6696
-6847
-17837
-17940
-10592
-12950
-13990
-19760
-12188
-9050
-12009
-6647
-7466
-1160
4418
5620
4764
3412
9138
15928
17840
17515
19149
16386
16933
17366
16320
14671
12354
13871
5247
4991
9248
5686
9348
8723
6301
5638
6149
4689
-1777
-887
1340
-61
-210
-1021
-4947
-5903
-7395
-9274
-8711
-9401
-10764
-17157
-15671
-14191
-12835
-14791
-11934
-11127
-16858
-6983
-4534
-3075
-68
-866
-900
-160
917
1772
4360
7649
8124
7373
11098
10200
6080
10068
10704
15077
9377
3094
10600
5900
8143
3489
3981
5501
1812
4175
-1563
-54
1373
4321
1917
1567
1802
-467
-462
-5296
-5939
-4716
-6662
-14719
-17035
-13881
-12163
-13828
-12562
-7914
-6548
-4462
-4178
-3976
3920
5894
3407
4716
5295
9091
9273
9565
10871
11565
8917
7405
5628
6484
4378
7210
7699
-909
6734
3189
3506
4906
5124
6723
3415
6641
5025
3332
-304
2148
4758
4254
4958
1341
-80
-2606
-2260
-2297
-3652
-2919
-11026
-12541
-8658
-8368
-10633
-6621
-8079
-8742
-772
417
2592
3926
4744
6282
8289
9256
8616
9624
10358
8687
7045
7484
5525
10796
9718
7980
9966
1623
590
2069
1326
1855
-3204
-2084
-495
-25
-334
1188
868
-3481
267
4296
-1489
-485
1732
-1428
-3245
-1558
-6096
-5937
-8262
-13424
-13547
-7923
-11896
-11204
-4459
-4850
-815
-1720
-835
5458
7664
8308
9757
10923
11208
10903
12766
15988
12881
11558
10733
10514
11501
6260
9135
5351
-7
4554
1856
2378
44
-1282
-3272
-2963
-1852
-3527
-4215
-11540
-7174
-5253
-6468
-5876
-7061
-4751
-4628
-5785
-8614
-6724
-5624
-7235
-14551
-10969
-4780
-8080
-3734
-6894
-3415
4469
4138
8054
9602
8942
10605
11736
14452
15472
14839
15536
15904
14430
11515
9629
9100
7200
6647
6399
-2074
283
2482
-306
1168
-2406
-4004
-5025
-2121
-4814
-4870
-7614
-11764
-3598
-7278
-9545
-9033
-10854
-15257
-14330
-12450
-11990
-15326
-18127
-12742
-17778
-14016
-11972
-11782
-7653
-2640
265
-2357
353
8595
10107
7101
7222
8713
13190
12547
19362
14689
15211
13680
12615
12509
13363
9221
10907
2278
-201
5618
3000
5826
2150
236
-2459
-829
-1172
-5730
-4426
-9277
-4155
-179
-7788
-6782
-9203
-11919
-12354
-13031
-12951
-12273
-15042
-16980
-18590
-21862
-16696
-14157
-11819
-13491
-10853
-3244
-524
5097
7141
8089
7892
11373
18456
18208
17815
19247
21090
19275
19196
18304
17178
15069
14900
14300
2537
6415
8015
7321
7641
5819
7282
2902
3602
-17
-2254
-3002
-5159
-6116
-6745
-5095
-5596
-6998
-9979
-9501
-6779
-9659
-12923
-15323
-8705
-8415
-19420
-18899
-11921
-6717
-7587
-7933
-8907
-4440
3597
4451
3169
2454
4272
8265
9849
9507
13910
15729
13059
10532
11889
16135
11311
14506
8469
1483
9510
7821
9887
8531
7426
4989
5458
5426
2475
1625
-497
-1135
-4978
-2445
-742
-4522
-6737
-7515
-8759
-11098
476
227
-1079
-3616
-4154
-5648
-8605
-7568
-7623
-6094
-10034
-10047
-3382
-6811
-13763
-7637
-1925
-6494
-8051
-8668
-6830
-2301
2940
-4030
-4191
4613
4925
8483
7516
6779
8763
9645
8999
12057
12956
12236
12138
12242
14703
13806
11965
11068
12066
12491
11432
11569
10871
-2751
798
6178
3778
6630
1009
-1442
-3323
-1955
-2666
-1806
-3360
-3923
-4657
-7943
-6484
-8369
-10699
-11182
-9762
-12771
-12525
-9569
-12049
-11839
-9184
-8045
-10459
-8146
-4708
-4905
-3469
151
4992
4127
5997
9224
9597
11548
10697
12775
13814
14827
14119
13498
13978
10491
12067
14539
13663
7534
7919
10236
7205
-344
1620
5079
331
2605
737
352
-2367
-3596
-4102
-6296
-4863
-7484
-8090
-7398
-5536
-10644
-15653
-12362
-12909
-18468
-19032
-17474
-16075
-12376
-16636
-19576
-13462
-2447
-3693
-13770
-8597
-548
1582
2091
3107
7174
10014
12968
13107
12492
12827
13177
20040
20878
19537
13793
12172
13388
12918
13995
13850
13385
9630
4964
7365
7275
7200
6759
3935
1126
2285
337
31
961
-1819
-988
-5095
-6556
-5424
-6482
-6586
-8115
-10150
-10503
-14792
-14894
-19900
-17860
-17654
-18759
-16931
-13179
-10781
-10874
-1943
420
3647
7839
9553
11658
10853
13859
14947
16177
18435
14703
12122
16616
18479
17965
15679
12119
13709
9144
3756
7849
1848
1306
5848
4483
4515
3170
1936
1291
785
-981
-3435
-5133
-4027
-7639
-9321
-6892
-8412
-13232
-16064
-14841
-14086
-16687
-18634
-16125
-17438
-17919
-18035
-14816
-12107
-6565
722
-10870
-4150
7546
8983
9600
7921
11459
12913
12961
12712
16680
17300
17724
18294
18151
18833
17404
16276
14030
15451
13996
14785
10096
714
2959
3438
5022
5863
5966
1817
-2077
722
-826
-1909
-2257
-3383
-4811
-5399
-8434
-8441
-8157
-9867
-10012
-13628
-15661
-15656
-15765
-17468
-16762
-17390
-18115
-16211
-11813
-11524
-12952
-4761
-2764
-152
-585
-1392
11649
11406
14428
16875
9843
10041
11589
13057
12234
12505
11650
12600
12519
11719
11828
9377
7703
4037
5123
3124
993
6243
2512
2440
3710
-1309
1141
-2227
-1395
-1079
-6064
-4177
-691
-3566
-11442
-9231
-6859
-8431
-12772
-13164
-11239
-11978
-15073
-17767
-15812
-10813
-4395
-10180
-14131
-8422
-1145
5513
2274
-2189
629
7869
10291
10442
11792
12348
11037
12882
14727
13860
14058
11860
11777
12737
12890
12657
10523
3976
5364
8026
7841
4384
705
1829
233
-974
-781
133
-1596
-582
-4188
-6548
-3632
-2733
-3649
-5262
-5048
-5270
-7226
-8349
-10176
-8510
-9094
-7521
-12666
-16829
-6592
-12804
-7273
-6314
-7133
-1317
-3088
997
2396
4215
405
5678
12089
10610
10710
11141
10597
12012
14920
11223
9600
10056
10612
11523
5473
2862
3627
3605
4382
3198
1350
1057
-4644
-2962
-2769
-4874
597
-2770
-1140
-599
-139
-815
-2794
-3079
-3798
-4957
-8613
-5298
-8282
-13751
-14273
-13312
-11635
-7424
-4708
-13871
-7840
-808
-1637
98
-121
2288
1078
6002
9657
8167
5254
8256
12554
10806
10255
7175
7597
10894
9933
8277
8068
8652
3986
1036
4727
5916
6461
6647
4331
804
2146
3631
1193
-1083
-64
627
-2001
-2684
-3222
-2679
-2750
-3329
-5183
-13373
-10844
-7853
-11587
-12403
-15532
-15504
-15621
-10906
-11973
-12775
-6324
-6963
-4874
-2723
-2556
-2024
-1587
-405
1017
1092
4060
2837
3736
4082
6878
12684
8912
10453
9162
10487
11591
7725
5733
7468
10277
6402
4261
3990
6344
7126
4593
6303
6009
5536
3703
-318
-1348
2537
2056
-4477
-2738
1068
-1503
-6090
-7032
-7721
-7600
-10664
-14238
-14740
-12637
-7417
-14556
-14531
-5331
-5173
-2635
-2155
-894
-1201
-2586
1213
1318
3080
3700
1742
5524
8826
3955
1353
6851
9125
7174
7972
8780
2648
855
3784
5162
7156
6821
9311
9987
6641
5656
4691
4735
3353
1821
-3812
-6047
4643
-736
-185
-333
-3213
-3171
-11587
-4888
-8308
-9250
-16511
-15243
-16047
-12761
-14603
-14577
-7642
-8884
-2193
-2063
-4285
-3859
-2777
-1093
-339
156
402
1321
1007
5002
3406
5803
9138
9408
8148
4185
11237
9779
4970
11353
13436
13365
13029
10986
11498
12895
10716
10877
5242
4960
6832
4323
4565
3178
1575
-3265
-1385
-3267
-9735
-10422
-9893
-8048
-10350
-13339
-13970
-13504
-11185
-5752
-11067
-13657
-6459
-7258
-2841
-2694
-4664
-4651
-1985
-486
-997
1221
1074
3188
2197
3567
4046
5325
2023
1662
7451
5428
8242
780
3708
11610
6379
9898
9436
9372
5402
1622
4680
6464
6016
4956
4567
2088
1377
1321
974
1624
-1825
-3085
-4404
-6523
-10106
-16409
-13477
-13996
-12216
-12420
-10751
-11321
-15889
-5255
-6528
-6111
3121
1746
5057
4021
5245
-203
1207
3187
4445
4221
2994
3551
2617
5583
6755
7181
6389
7793
4483
2397
10384
5070
3850
4630
8528
9304
8963
9478
6250
6760
7280
8273
4114
5433
7160
4729
1292
1267
1404
-609
-7445
-8300
-4099
-5644
-9667
-16640
-13758
-5578
-3341
-12706
-10695
-4182
-638
3017
-462
1770
738
1684
3250
3107
4567
1685
1069
2404
3378
4012
3647
4141
3514
4517
4216
5864
-2244
-2637
5098
9354
7953
-1331
7898
8866
6702
6518
1644
1912
659
649
532
577
977
608
-2215
-3359
-3225
-3511
-4820
-8884
-9146
-7539
-9170
-12348
-10258
-7941
-10411
-7062
-2241
263
2424
5132
6614
6690
6877
5192
5333
9289
10516
10834
9291
11163
11144
9427
10878
8197
6956
246
3149
-930
-2599
580
-3131
-1751
-4053
5278
5656
2276
370
7995
-289
-101
-716
-3612
-323
-2234
-5247
-7859
-4231
-4613
-7120
-10814
-9558
-7838
-8522
-13021
-14149
-10130
-2026
-3210
-11629
-5802
-3383
874
5146
3559
2698
5004
7939
10308
12427
13703
14693
13365
14893
14234
12868
7590
6065
9879
7865
6012
6818
-334
-1987
692
-2193
-360
-1929
-2586
-4855
-1312
-2575
-8622
-2974
-2044
-3618
-3434
-4545
-5262
-5762
-6747
-6001
-7635
-9760
-8844
-9771
-11320
-10413
-12175
-13155
-12593
-6246
-8714
-9908
-1332
-5735
-1825
1229
3589
6959
7482
10449
9118
11906
12802
12960
9465
8523
12726
11478
11797
11716
10987
9007
8981
4654
-1229
2632
1654
2197
790
-1457
-2068
-2061
-1828
-4749
-2798
2992
-719
-8344
-352
5595
1104
-3367
-266
621
-2811
-6181
-5475
-1109
-1459
-7133
-7253
-4668
2265
2785
-7465
-1014
5089
7235
7772
6227
8632
7222
7308
8875
7345
4905
7109
9376
10932
9623
6744
12148
5348
4509
4623
3494
3544
-1984
-7584
-3176
-5055
-2441
-6474
-9671
-8348
-9132
-8762
-10504
-9720
-9434
-7147
-6187
-8201
-10053
-6733
-4050
-5251
-5312
-6428
-8433
-8413
-7552
-6866
-9652
-12403
-12069
-3508
-4179
-6643
3429
3562
5933
9368
8542
6366
3430
14527
11818
9368
8687
14956
13573
13694
14366
5414
5237
10572
10755
3154
2144
3344
-4536
-2288
-99
-1609
-919
-5142
-6309
-6977
-7281
-9468
-11559
-8018
-12058
-12597
-8791
-8746
-6905
-8864
-9452
-7070
-5735
-7470
-8769
-7790
-5767
-9560
-11398
-11063
-3434
2343
-6847
-2975
4121
4655
4037
3585
6796
6898
9061
10645
10198
11731
11321
6786
7209
9733
8378
7396
6820
8463
8639
5978
8389
4490
-1903
-780
-404
4445
1056
-4236
-3417
-5032
-6278
-7117
-7856
-7933
-7293
-7809
-7597
-6838
-7201
-5117
-2908
-6637
-7008
-2887
-1662
-2424
-2154
-2270
-3223
-4327
3542
4254
-5761
1582
5249
7004
11459
9112
11431
12836
12951
14242
13261
13661
12014
11480
9563
6899
9224
8530
7760
9107
10539
6841
5145
2533
3021
3701
1856
829
-892
-2401
-3837
-2117
-4283
-4933
-4268
-6625
-10475
-9609
-8845
-12391
-14434
-10616
-8023
-11403
-12340
-9642
-11338
-10187
-5722
-7022
-10401
-4507
3752
-1957
-1686
4477
7433
10476
10384
8859
8812
10670
11331
11513
11219
10645
11014
9888
11187
11198
8181
7437
7031
9867
8533
8018
6797
-906
1647
2403
1304
2024
-2475
-2951
-1536
-2750
-2610
-2570
-5565
-7976
-5998
-6031
-7456
-5873
-6856
-8786
-7939
-7591
-9697
-7329
-10375
-11632
-11436
-10358
-7666
-2259
-1032
-3862
3552
2532
6759
9223
7991
8926
9941
12780
13519
13912
13293
15236
16212
15119
11823
13380
12307
8416
8287
7682
6930
7320
-752
-1226
5513
1401
1910
621
126
562
-2023
-2881
-3807
-459
-2806
-7419
-7114
-6699
-7871
-6061
-3822
-3824
-10086
-12275
-8800
-7927
-6867
-11871
-11721
-8083
-6184
-2091
-7485
190
1707
5768
10146
7263
8501
9145
11759
7784
10728
9274
8391
8888
11479
12333
10998
8405
6395
6626
5821
4420
7274
2488
-1380
2894
1499
1986
3054
-1428
-2466
-1137
-2055
-1584
-3003
2750
3654
-5449
586
-1971
-4982
-3375
-5213
-5588
-7775
-10028
-10744
-16750
-18623
-18860
-17930
-18436
-10526
-12615
-7747
-2008
2248
6753
7173
8962
9266
2891
4555
12251
9352
9862
9770
10794
9876
9557
8807
9333
10987
9362
9521
8547
2460
5176
5393
3023
4593
5184
5681
7153
6570
5296
5805
4520
6827
11
-2878
1649
780
-1778
-4473
-4344
-3936
-7190
-11691
-10205
-9716
-13101
-15878
-16248
-14989
-9055
-9420
-14391
-6766
-495
2454
2261
2373
7343
7959
11168
11635
11674
12796
12326
13866
17248
17239
14521
14487
13559
14258
14242
13930
7955
6206
9832
7786
9464
9220
8157
7060
5322
6192
-1125
257
2748
-338
-674
-4884
-5004
-5147
-6294
-8065
-10031
-11458
-14268
-16878
-18173
-18501
-20621
-14059
-22736
-18461
-13930
-16195
-9656
-9235
-9240
-2577
1538
1746
-2703
3316
7913
6885
10552
9223
10093
12276
11169
11750
12060
13567
12792
11776
11152
8503
10600
9905
9957
12259
10066
12024
3916
4190
6573
2875
4743
2997
2727
-2705
-3574
-2119
-3538
-7747
-8408
-6342
-9097
-15201
-16429
-14073
-14819
-17027
-19778
-19710
-15848
-11613
-20479
-22239
-6767
-4581
-1976
-3631
-3266
2545
-1303
2282
2425
1414
6512
10465
9864
11865
12232
7199
8796
11475
12334
11753
9044
11448
15193
14083
8851
10488
11999
9851
5880
5994
4951
4585
5943
1761
2860
549
-1861
-1449
-2760
-5181
-6607
-8368
-9179
-11486
-13413
-14198
-15938
-15354
-16617
-18778
-14071
-12815
-15108
-9787
-11319
-8175
-3986
-5381
-3437
465
2633
2063
5999
7766
3879
6625
12337
13425
13598
15177
15479
16775
16332
10170
10187
8449
11321
11637
8758
9469
6195
7415
5501
3831
4134
1191
435
-3797
-6600
-5038
-3292
-4704
-8223
-8208
-7205
-12704
-15840
-13601
-15286
-16643
-19825
-18389
-16582
-8056
-10826
-18021
-12010
-7799
-1866
-1713
-2325
-1844
93
2281
5373
5748
6490
8036
8181
11835
16533
11325
7958
18722
14088
13590
12994
11783
16906
13195
13420
11865
13330
12723
11362
10183
8540
7615
6427
5910
4114
2291
583
-1886
-5421
-5137
-4728
-5771
-8064
-9999
-9736
-10834
-11408
-12665
-14231
-16284
-13945
-11496
-14819
-7735
-5770
-6564
-3676
-3657
-2431
-3355
-3162
-703
2351
4338
4403
4187
5033
6658
4951
5433
9033
6995
8620
6360
6643
8568
6941
9736
7349
5116
5302
5124
4922
4324
3155
1417
2589
-150
-3140
-1815
-663
-1325
-7457
-7206
-8388
-12096
-13857
-13503
-11020
-13094
-15988
-17398
-17429
-8932
-7328
-17299
-12759
-6241
-2146
-24
-4715
-5254
-780
2024
3971
5070
7191
10171
6205
3387
6426
9088
5936
7408
5212
5675
7244
1082
4740
2425
7484
9308
5691
7427
4772
6490
5464
4199
4487
3052
3038
2616
246
-910
-375
-1290
-3504
-2928
-5630
-9295
-8258
-10216
-13115
-13024
-12196
-12471
-10555
-4226
-6851
-4230
1173
-2020
-894
1868
4342
4311
3907
6719
8964
5300
8432
9031
7082
9080
7056
6889
6116
4789
3553
3997
-3401
-1537
3911
2522
4802
-2148
-1489
4234
3451
717
301
710
739
1242
-2816
-1478
-1020
676
-1649
-6588
-1207
-1752
-7381
-8198
-6311
-7936
-10557
-15045
-14750
-10615
-4087
-4384
-16976
-3267
874
5779
4028
3714
5854
4259
8017
8313
9702
11302
12218
10982
10590
8721
9366
6652
6095
3601
4148
1917
-6548
-597
-3168
-3172
-3996
-3516
606
-1816
-5053
-1678
2838
1574
-47
-778
915
-2012
-174
-477
48
757
-1072
-3561
-6718
-4648
-3941
-5341
-7539
-7144
-10495
-5691
-5234
-6725
1914
739
3994
2240
907
6843
5888
6524
6776
8191
9971
8533
7736
7709
5921
10843
8857
7530
6701
6659
8310
-6357
-7122
-3039
-3090
-6225
-7769
-5214
-5089
-3835
-4337
-4245
-8849
-2940
-434
-6044
-2962
-1124
-2180
-6199
-6009
-1203
-2061
-6967
-6603
-4103
-4062
-9120
-8672
-6210
4518
2279
-6067
816
3109
11588
9003
7112
6576
7991
11593
9339
12266
11220
10662
10282
11143
11588
8832
6872
6663
6970
4228
4167
5509
-1025
19
371
-4187
-3104
-3688
-6456
-6375
-6625
-7304
-4091
-4473
-2395
-2176
-5258
-5144
-795
244
-3032
-1342
-2448
-7100
-7638
-6440
-2428
-3427
-4280
-5013
-2283
2282
-2765
6742
7757
6498
9533
6720
10959
8099
8672
8698
8635
12955
11626
11245
9708
9250
8585
7928
7789
6239
4591
5940
2372
-1076
4435
1872
298
-1797
-2581
-3404
-4677
-5252
-6882
-7356
-6017
-7258
-10900
-7714
-3140
104
-7332
-9074
-1693
-812
-6940
-5688
-2666
-2311
-8631
-10004
-7718
-4887
4316
-11076
-7934
2488
1212
7081
3851
3180
3020
5448
8116
14061
7211
4809
5867
7231
7320
5990
2089
4757
4193
4241
2917
-436
-1721
-2826
-1250
-4355
-5582
-4410
-5700
-1216
-2231
-4336
-2511
-2322
-3129
-3356
-4574
-4532
-4438
-5450
-4327
-80
-3937
-8662
-16061
-7181
-4041
-5454
-5791
-7465
-6589
-1066
-3843
-3720
3122
189
4717
5222
4962
3493
3857
6554
9098
8923
9173
10822
9705
8048
7337
5838
8852
7558
3880
15
-4759
1458
-2805
4961
5587
2425
2149
796
-2499
-3367
-3892
-3903
-3535
-3498
-9004
-9365
-6863
-5610
-8308
-9689
-12424
-8449
-8218
-11796
-6029
-3382
-6550
-9569
-3884
-3195
4748
1810
-5397
919
4124
10154
9116
7116
8928
10123
11356
13214
15493
14890
13291
14668
14432
14515
14979
4885
7402
10004
6198
4852
5131
8984
4131
4168
3805
4889
5349
2784
1581
902
-1706
-149
-662
1009
572
-1170
-5986
-11306
-5809
-9958
-10321
-13886
-16642
-15383
-14795
-14311
-15077
-10509
-12733
-11079
-9978
-9317
-993
-1682
-1246
2753
4068
4599
4865
6589
5852
8446
9481
9335
11689
6254
9735
10516
9255
12634
10130
10360
1594
1391
7405
5888
8498
7932
5274
5703
4248
4682
5374
5042
3057
4529
-782
-5615
-1990
-2510
-4706
-8756
-6272
-6871
-9069
-14833
-15078
-13436
-15591
-18226
-20149
-13096
-7773
-2288
-16250
-13122
-11711
-3941
1647
-1678
1299
2451
5916
7186
9837
9945
12102
11001
10753
14016
13478
10912
12168
11970
12938
13578
9786
10705
8367
8966
7041
8935
8309
6236
6767
5276
3351
176
2575
182
295
-1763
-3838
-3848
-5592
-5834
-8051
-9128
-11952
-13464
-14405
-15504
-15291
-17785
-19738
-18574
-14184
-18576
-14747
-11982
-13062
-5393
-5518
-3497
-1847
708
3515
5379
9013
11127
10832
12275
12499
11457
11425
12359
14147
13060
15202
8946
7370
12799
10319
12336
7872
7024
8027
5109
5441
5278
5290
5004
4829
-484
-1395
-356
-174
-5201
-6517
-5212
-7078
-11780
-15685
-13747
-14283
-16915
-20163
-20322
-18357
-6440
-12746
-17022
-10452
-6578
-2546
-2845
-2826
249
3608
3961
5026
4264
7449
7836
8027
8436
10735
12446
10780
11539
9251
12303
11785
10441
13919
13273
13244
7832
9129
11459
9881
6469
5918
6486
7115
5714
3587
3262
722
391
-1826
-2410
-4584
-6468
-7723
-10030
-10335
-12799
-11040
-13282
-15264
-16760
-12412
-11850
-16611
-7952
-10074
-7225
-3853
-5600
-4658
-3096
-3063
-2692
1218
6755
9882
6057
8329
8329
10056
10280
12066
13451
14465
14747
7366
8273
11059
9949
7821
8241
6600
13155
12530
9288
4182
3625
3386
0
-2216
339
1699
-2006
-6250
-5487
-5040
-7318
-14144
-13000
-11569
-12613
-16931
-18321
-17788
-11099
-7115
-20133
-11891
-8908
-6765
-690
-4871
-3322
-2647
1055
2493
3498
3964
6163
4391
7748
13364
9691
7564
12117
16564
12675
13897
9588
9920
12688
8758
9756
9359
8760
7114
6423
5163
4556
3879
4523
2543
1317
-261
-6260
-6906
-7961
-7828
-9673
-11639
-11874
-12954
-12983
-14791
-15112
-15435
-16849
-13273
-8859
-11598
-7606
-4544
-6297
-917
358
1624
3706
5099
7418
6539
8234
10205
12354
11429
10629
12600
6835
10389
13257
15195
13031
2982
11737
16532
15395
13989
12033
11364
10047
11695
8816
7075
6748
5583
6926
1504
1338
1785
-1619
-5989
-8770
-4363
-10857
-15437
-15294
-13685
-14002
-17452
-10776
-12151
-7735
209
-14751
-16039
-7021
-7514
-1302
-2471
4798
6064
-2275
1024
5746
5821
12103
11838
9096
14130
12145
7886
9470
2564
3142
9906
1682
8581
12356
7076
6563
1513
11472
8832
7732
5104
5577
5837
5532
-2143
-2234
-1304
-3254
-3649
-5910
-5810
-6386
-7422
-10717
-12222
-9619
-12729
-15508
-14898
-14815
-16647
-10610
-8900
-9071
-2483
-3532
1558
4437
1939
3506
5193
6353
5688
6371
10805
10321
10107
8911
7652
8912
8841
6445
5202
3960
-3532
-554
1314
1685
3089
-50
2287
3275
692
-1129
783
3355
3276
4521
-96
-1737
240
426
-2154
-8179
-5665
-1896
-3893
-7826
-5116
-4246
-7037
-9982
-10834
-7705
-62
-6633
-13568
-2061
-393
5902
7037
7358
8699
5389
12433
14681
14831
14880
12276
12980
13999
14502
11666
8486
7399
7381
5908
-1961
712
779
-776
-1175
-3773
-3423
-2594
-3974
-6808
-4278
-3279
-5116
-7152
-5077
-2748
-4105
-7640
-5369
-3089
-5085
-4661
-4072
-6861
-6420
-5336
-3758
-3393
-4412
-4649
-749
0
-4408
3757
4334
5065
3787
3627
9016
8769
8656
8657
12341
14698
14624
13786
11413
11063
10216
9474
7563
6062
6125
-2691
-697
1189
-3616
-4798
-6488
-6751
-7724
-7872
-9033
-10704
-9986
-10462
-8250
-12569
-13734
-5163
-4132
-10349
-10653
-3064
-2551
-4830
-8444
-6229
-2558
-4729
-8011
-7568
-5751
2352
880
-6218
-857
4452
9503
9851
9297
9219
9776
8918
9136
10896
12248
13280
12784
11713
11790
10377
8500
7358
7331
7939
-1175
-977
1420
-1443
-2609
-4710
-3934
-3074
-4957
-6074
-5349
-9062
-6481
-7973
-9979
-10117
-12384
-10057
-11849
-9695
-4899
-7077
-7864
-9704
-7567
-5115
-7997
-8855
-2203
-3638
-1397
-3741
-266
371
772
3421
9696
7500
9897
9442
9775
11730
12283
13022
14129
8586
8527
9766
8997
8908
6945
4152
4594
1098
-4364
2119
491
1229
203
-2560
-2232
-5406
-2184
-4706
-5165
-7131
-6304
-7054
-12516
-10538
-7330
-8262
-13460
-12450
-8277
-7184
-12868
-12442
-6452
-3548
-11737
-14108
-7527
1420
1944
-10448
-5405
585
5786
7383
5660
7075
7617
8086
9537
12019
13702
12810
8937
12043
11452
11310
8062
5450
3828
5304
4795
-1454
1303
1243
-220
-2897
117
714
-141
-169
-1610
-2164
-1988
-1590
-3344
-4589
-5083
-4083
-3587
-3280
-4978
-5635
-7579
-8374
-11995
-12651
-7863
-10768
-10749
-9965
-5995
-2473
-10440
-2598
4035
3086
6696
7600
10063
8287
11012
14227
13795
17155
16911
12522
12438
11944
12739
10929
10728
10470
10528
7497
-1172
397
-693
2364
3187
1674
2180
-265
1680
-526
-267
-264
648
335
-2944
-1217
407
-180
-7096
-8619
-6498
-10695
-13769
-15737
-6163
-5610
-17969
-18570
-17576
-9375
-7320
-13377
-10634
-6605
2099
2636
-2183
-1041
4483
10237
7606
7870
11022
11893
9602
10283
11093
11420
10064
9608
10959
7126
8257
3959
6395
9407
5926
8995
7204
7122
5973
4352
2769
3595
5624
4201
3221
3007
2175
-859
-2214
-5252
-1986
-2156
-4016
-6239
-10839
-10555
-12407
-12557
-13478
-15169
-11445
-10138
-15713
-9804
-10542
-8631
-3761
-6019
-3128
-2409
824
1494
1533
4167
7861
6834
6862
7335
9134
5094
5323
10310
6635
8892
2097
4846
7294
5833
8650
5241
6511
5757
8447
7740
6737
6038
6324
3173
-2084
-2915
1879
1954
-2274
-65
-2070
-3365
-8712
-9980
-7461
-8720
-12727
-15070
-14600
-6728
-7856
-18193
-12231
-9477
-6132
-3970
-8297
-7344
-7253
-5694
-2475
-1988
-508
1889
1115
1864
1072
8664
4960
5662
4427
4309
7158
910
4407
6627
4145
8982
8765
10189
9125
9396
9332
9156
6758
2483
7703
5531
2586
4343
-984
-4027
-4224
-4008
-4672
-8250
-7869
-7955
-9872
-10222
-10962
-12389
-8223
-6261
-13916
-6599
-6061
-6050
68
-3179
-1658
-1626
-2712
67
-2466
-1487
3578
-388
1058
2628
3273
6094
8510
3086
2733
10789
3873
7386
10640
10027
10559
7902
10198
8956
5983
6682
9316
11512
12232
10435
6895
7846
8188
6688
246
1912
3363
-7847
-7744
-12985
-9402
-11288
-15320
-18829
-17235
-9169
-4438
-21794
-14189
-10989
-5867
-4320
-6541
-4729
-6687
-1617
184
1818
3380
3799
2627
3356
4350
4053
6163
6105
7532
6118
9681
5686
8106
12366
6938
8681
10877
11123
10220
12174
11627
10031
10662
9664
8847
7584
5576
4429
4633
2528
1826
1553
164
-3133
-5286
-7176
-6232
-9757
-14156
-14678
-11186
-8479
-12427
-5169
-5399
-2299
288
-1581
1674
1306
862
953
5331
5058
6514
5296
3092
3821
9191
8681
8899
3614
3668
6491
-378
1186
3888
557
3159
4833
11402
6512
5446
7128
8971
7884
8944
7239
1655
5325
5510
2730
-2038
-419
1139
-2500
-7620
-6522
-4187
-5831
-10290
-13129
-12718
-4750
-5815
-17847
-11365
-8822
-3676
3572
-2040
-296
2679
2273
2902
7090
8217
8809
9054
6748
9199
8206
7421
8689
8208
8188
8513
1538
-626
3396
1990
2708
2079
1718
-806
-1112
-3253
-4355
743
1947
-3056
-5866
-403
-660
-2973
-4819
-5343
-5512
-7655
-10645
-10212
-9999
-9854
-10961
-12855
-14590
-9740
-7984
-13143
-3717
-5497
-2342
2749
446
965
-52
4564
5896
9568
10823
11120
11021
8849
9830
10890
12437
9074
5993
7057
6633
-74
3009
4827
485
4141
-1193
-2290
-1468
-2226
-3417
-5058
-5515
-3679
-3616
-8742
-3932
-1638
-7583
-12144
-6473
-3533
-7401
-10656
-10024
-7377
-9361
-12882
-14353
-13522
-3641
-2013
-11627
-2062
-582
4016
7450
4712
6356
8074
9793
7806
10982
8724
10975
10664
14548
10701
7498
10814
7311
7922
8571
11148
9249
12336
9062
8767
-983
6875
16
-4452
-5099
-594
-753
-1447
-7662
-10181
-11714
-12352
-14115
-12237
-12712
-14745
-12871
-10407
-13326
-14730
-14492
-9790
-9814
-10080
-11232
-6332
-2233
-6675
3734
1899
5528
10335
10339
14302
12891
15055
15821
17014
20321
17434
18225
19352
17320
15082
13099
16681
14585
17386
8946
6496
12460
8923
9081
3826
4211
2917
1726
1085
-2430
-3632
-5129
-3562
-8320
-10478
-9244
-8916
-12525
-16240
-15835
-14400
-18442
-19511
-15150
-17338
-11846
-15597
-18658
-18953
-8186
-1868
-14270
-4042
2411
8643
11759
9111
10175
12253
13907
12729
15943
16853
15229
15751
16732
15752
15785
13572
13082
12138
11783
1860
475
6224
9462
2002
377
574
2019
-1186
-4091
-6297
-7627
-7382
-2059
-3168
-4859
-13306
-14431
-14394
-17695
-18036
-15919
-16936
-20715
-19966
-20075
-17895
-17057
-15664
-15839
-12223
-6330
-9541
575
-4523
-3487
9862
7889
4914
7900
10587
10696
11463
13215
15154
15286
16076
16995
17325
17170
15896
16366
14686
9456
11625
12094
8841
7685
4145
689
904
1204
966
793
-372
-1300
-424
-5737
-5909
-5612
-6030
-5372
-8686
-9233
-8549
-11411
-15541
-12675
-10647
-10196
-13612
-12101
-11228
-3908
-6376
-10681
631
-2612
2377
5764
5587
7405
578
8489
15317
13870
15657
15096
14313
13955
14693
13249
13916
11800
12360
7277
2854
8429
6021
11454
8242
6843
5944
6382
4059
1224
-2499
-3255
-782
-3490
-3273
-3971
-3581
-5032
-4837
-11128
-13540
-6784
-8577
-10917
-9532
-8757
-7542
-7642
-15665
-14675
-8761
-9057
-12700
-6471
-5265
-2939
-49
-825
1852
2743
3472
5949
10589
11690
6099
7971
14300
13639
12473
12684
11278
12648
7991
5916
8463
6477
5774
6580
3760
3335
2951
2666
1289
-2485
-1057
-2484
-938
-4485
-6633
-7613
-7043
-8442
-8761
-8541
-10018
-9122
-10963
-9123
-7524
-10009
-11996
-12779
-10321
939
-9087
-11092
-2295
-957
2641
3722
2594
2535
5174
2996
5950
6990
7662
9046
8353
13882
14968
9799
8637
10867
16210
8093
7691
10612
8590
8275
4736
5587
5840
5168
1704
2815
1423
1888
1149
1342
1265
-684
-1107
-1596
-964
-1968
-4496
-7067
-6546
-8426
-6832
-7841
-9221
-7258
-7133
-9490
-3317
-9240
-8640
3116
-1291
4479
5063
4315
6616
4102
4487
5715
8239
7186
7536
7490
6327
7017
7823
7441
5116
6010
2857
2405
913
438
5959
4152
2289
3558
3476
5356
3625
2619
2796
3887
6678
1763
2257
4292
6593
3707
1082
743
290
-3031
-9182
-4245
-6037
-11251
-12218
-13780
-3739
6079
-9399
-11528
-766
-956
2476
950
-2784
6105
1957
3119
3421
5072
5898
5024
5266
5804
2335
685
389
-937
-1099
-9280
-4940
-4329
-7839
-2115
-3007
-3688
-6628
-1837
1497
-276
1090
2561
2567
3043
3818
3655
3130
2771
2866
4023
152
-199
901
-2120
-5101
-8259
-6597
-6171
-4545
-6747
-4104
-7633
-6288
1344
-2989
1487
2098
2974
2889
2025
2523
1898
4948
4212
3424
2154
3535
879
944
-1360
-2590
-4552
-11067
-5171
-6494
-7303
-6532
-7978
-6929
-6667
-6715
-6361
-2539
85
-3733
-2344
2326
-167
1559
2548
-1377
-2928
-128
2569
352
-5282
-4473
-1399
-988
-3634
-4586
-4266
-916
6178
-6864
-7237
5457
5690
6392
476
2120
6369
5942
5750
6952
8577
7351
7355
7906
9213
5436
4532
1528
5465
5193
-4940
542
1557
1594
-100
-1760
-214
-331
1782
683
-647
-477
793
94
1468
-125
-169
-2225
-224
1171
-1850
-1480
-1529
-2050
-5156
-3485
-4239
-5559
-5621
-6863
-6890
-898
-6778
-3083
1362
-1256
3865
1707
2820
2214
3249
-505
-541
2896
2952
3083
1101
1378
4895
5306
1266
2607
891
-4899
-1956
-551
169
254
-1113
-1187
4487
-2365
-2252
-2887
-3745
-7090
-4828
-3281
-8058
-6059
-6197
-4738
-8251
-5268
318
-6723
-11447
-7060
-3742
-6194
-8634
-9419
-7879
-572
1299
-8434
-4310
2214
4557
6808
3576
3913
5514
5094
5962
3724
7979
5074
7371
8912
3704
6532
5267
7638
4752
7973
3704
5403
8913
8049
10097
8274
8868
7220
7974
4027
1731
3072
3576
2983
1531
-2615
-1473
-1775
-1121
-3408
-4314
-2900
-4350
-8068
-10601
-5830
-5942
-11213
-10425
-7809
-6639
-1654
-7194
-1382
1819
-1131
3526
2746
2492
2847
5230
3557
6547
10797
9678
9700
7729
8422
6081
7360
10982
4839
6640
2315
2178
6930
4950
5928
4970
2577
1139
5154
5392
1986
2112
-1633
-103
2271
-4045
-2528
-1482
-2513
-8534
-9468
-6375
-10393
-14526
-13467
-9673
-10219
-14973
-16561
-15361
-6215
-956
-14491
-11001
-2432
3585
2880
515
1116
2414
5381
5047
5727
6626
9410
8031
12602
13047
11573
11950
9915
10047
12051
5897
11186
16351
10243
1499
3423
5666
5816
5136
1307
466
2928
1394
845
-1203
-2432
-5710
-6765
-962
-3848
-4985
-5526
-6044
-15490
-18084
-15760
-17105
-19273
-18293
-21155
-17185
-14835
-19399
-13943
-10502
-9100
-2013
-3582
-3548
1981
5610
7260
8026
9178
11616
12316
14214
14651
14456
16478
16813
16829
17237
11107
5462
12356
13860
15514
12048
7747
5436
4766
6657
3286
5011
2956
4373
2446
-1733
417
1911
-1641
-8065
-7040
-6571
-10398
-15433
-15319
-13593
-18017
-21313
-25217
-16096
-10967
-10269
-19140
-13833
-6341
-4962
-2613
-3704
-2034
-5429
4549
7973
7508
8930
14277
17612
17122
18436
18829
18640
19431
16026
17079
16796
15586
20713
13229
11250
13174
11301
8572
10508
11043
9173
7914
7174
3803
2434
2510
689
-164
-2502
-2045
-2620
-4781
-5887
-15599
-10657
-11738
-11997
-15159
-15209
-18206
-15832
-9906
-19550
-10515
-10001
-5666
-313
-1677
2396
2851
4133
6096
8937
9158
9925
16300
14140
13085
13922
15656
20890
17896
21707
15204
8962
14404
15867
16979
12861
14262
12811
12215
11751
9084
8390
6618
6675
3295
436
1213
2608
-3432
-5573
-4613
-3832
-7225
-12137
-10861
-9811
-16466
-18252
-15266
-13985
-7449
-9221
-15064
-6400
-2318
1660
1861
577
3603
5265
5820
7109
8821
9843
10087
9026
9772
13686
10622
12917
13696
12290
12463
4396
10517
16714
13187
14653
11881
13555
11827
10285
9852
8739
7853
7058
5363
4310
3907
-455
-5569
-7274
-9417
-3448
-4656
-6671
-12124
-13851
-8554
-9823
-13120
-18570
-15403
-14391
-8429
-12921
-5604
-5837
-2996
1980
3333
5511
5070
7461
10774
8639
9214
9311
9965
9479
7639
4152
2922
3849
6506
2426
-2654
5560
3782
5686
881
1460
8395
4358
5703
4230
4225
6445
5280
5612
1777
661
3037
995
-2084
-3584
-5252
-6172
-5587
-8727
-8660
-8181
-9894
-12404
-12672
-9028
-1515
-5586
-8296
3370
3353
5607
8472
8678
9707
7173
10363
13379
14452
14379
14420
11101
8447
9655
9797
5191
3279
4154
2706
-2708
7230
3861
5002
3320
2053
2584
4390
3901
688
-1484
3875
4236
-4682
-5617
-7400
-6837
-9571
-9411
-4225
-7301
-8288
-7137
-8531
-8231
-8174
-9545
-11306
-11293
-9201
-6166
-3810
1495
5178
-1189
2259
6939
9150
11112
14696
16224
16202
13479
13904
15123
14565
15147
13401
13529
11742
13765
6334
3876
7206
3695
-1517
-2317
-3985
-4767
-4761
-1402
-333
-4312
-3758
-1431
-1977
-9659
-15945
-7412
2314
-2553
-4956
-3418
-3085
-1728
-6183
-3873
-2976
-4637
-5566
-4825
-4475
2968
2056
-4294
6152
5345
7775
14101
11624
11388
9742
14070
7072
14740
14577
14617
13175
12608
17005
10999
14170
11065
9512
-1122
4531
1065
1040
5424
2602
83
-951
-1110
-3298
-5270
-9884
-7359
-9056
-7948
-5092
-7488
-9145
-7146
-6752
-6001
-9703
-4304
354
-6627
-3763
-3079
-2578
-2314
-2839
-2308
2806
-2391
3736
8895
7465
10972
7582
12383
13197
13414
14981
16861
17063
13554
12928
16021
17258
9957
11680
9153
8507
7972
2740
1651
1908
2668
5977
3443
2152
-398
-7360
-4104
-6084
-7376
-6452
-4788
-7865
-11088
-16713
-7854
-8023
-14209
-9325
-8985
-6401
-7451
-4360
-6132
-5624
-2542
-3209
-4813
1746
3501
-784
6079
10145
13232
12732
11122
12028
13022
16468
15886
18663
17624
15200
17480
17069
15910
13635
8897
9717
12232
3705
5044
7635
4949
1704
264
240
382
346
-3525
-1558
-2890
-4347
-2566
-4948
-7623
-7172
-7366
-5852
-7324
-10658
-9835
-13012
-12326
-10667
-11698
-10577
-8878
-8833
-7045
-4183
-2035
-4179
5288
9443
4468
7558
11716
13907
7851
11854
12046
12392
18243
11836
14696
15427
14585
9946
12490
8795
15170
10813
2943
7197
-630
-662
1527
1822
-2666
2705
2360
-2359
-1084
-1550
-2867
-3315
-3795
-4330
-2214
-4925
-7666
-7209
-4885
-5840
-7601
-8827
-10967
-14599
-12324
-15307
-16265
-14335
-3656
-7535
-11742
-865
951
5584
165
5176
9388
9127
13481
15409
14841
10971
13349
15590
17637
17899
15098
16218
14149
14037
6871
3928
8652
4986
4929
3262
2517
569
1151
2626
-2532
-340
1810
56
-282
-263
-3643
-4525
-4110
-6035
-7031
-6775
-9655
-6019
-5585
-13750
-13532
-7481
-14641
-16862
-8016
-6388
-17256
-6507
-3164
-3150
-715
4811
5522
4728
8222
4314
8811
12721
11307
10239
9754
11714
14025
9474
13774
7892
1430
573
1850
8884
8599
846
-9
-888
-322
-1488
4467
-2213
-340
1150
-663
-5359
-3000
-2410
-1990
-2466
-2075
-5724
686
-2044
-6313
-9091
-10324
-8253
-9499
-11768
-6884
-1413
-10857
-4035
-47
-4587
1571
-5355
3447
4078
-426
7162
6448
7044
8616
5442
5306
3086
5814
9886
5737
3869
4531
-1057
4487
4363
6334
7310
960
2512
4217
3043
2181
2253
-111
616
1167
2295
363
192
-3164
-8035
-3188
-3204
-3224
-4932
-7034
-10535
-10692
-11586
-10678
-11710
-13140
-9721
-11564
-1684
-3147
-6623
-1922
65
2627
3221
305
1349
1781
-859
3379
3748
2632
3080
690
-2044
1039
5734
771
-4900
3716
7235
3860
5221
5962
6370
7808
7809
6654
6194
6455
8373
7688
5618
6931
5517
3609
5068
2047
2074
4844
-1195
-4542
-4343
-4865
-8739
-9319
-11739
-4969
-120
-8207
-1356
-590
799
3725
3596
3674
4498
5690
4486
3896
2249
1678
-578
1235
2229
451
-2710
-2293
2760
-1618
-4263
711
787
2326
972
-930
4935
7277
5253
2748
1551
2045
3548
5200
1123
1059
1307
-1218
221
-1521
-344
-546
-4094
-6112
-7618
-8121
-10375
-10202
-11198
-8052
-7165
-7104
1450
947
4
2945
3695
5200
6491
6527
6250
6411
5902
5404
2967
5228
4863
4228
4480
3244
4782
-2540
-4178
524
1108
902
-163
1406
766
1698
3908
3068
1005
3140
5625
4510
2990
3727
5217
3758
-917
231
5097
-221
-5471
-4216
-1943
-1600
-6274
-7350
-5672
4449
-629
-4502
2947
710
6487
4596
3379
5241
6626
7816
6833
7053
6481
5378
3924
4410
4055
4577
1127
4686
1525
-6412
-2615
-2099
-291
-3066
-6654
-5816
-4551
-4539
1083
-4578
-1675
-6121
-4692
-429
-72
-1778
-6341
-1680
-1161
-3122
-4805
-5462
-4077
-4713
-3938
-6550
-8301
-9305
-8182
-7179
-10223
-1915
1140
408
2614
3692
6781
6550
9203
7125
2708
4041
5887
5430
4698
7090
8204
6566
3850
6524
718
-971
4865
2114
4015
1171
2307
2153
875
3502
907
-1927
-5222
-158
-281
-3757
-2460
-1998
-795
-6475
-8141
-3575
-1388
-8881
-10916
-2866
-2071
-6296
-11125
-11437
-1918
-1682
-5198
-1372
-1188
6669
6852
4338
6263
8294
7850
4955
8463
8011
7433
8859
9753
7401
3822
4424
9413
7645
-863
2842
4911
3117
3474
523
1439
1564
4519
3588
-4271
-1178
94
-2278
-3341
-4895
-9000
-5671
-10805
-13162
-12281
-10479
-10800
-10881
-13643
-12099
-9469
-10070
-17400
-13449
-3149
-8419
145
4330
2448
7004
7063
9654
9050
9459
8568
9521
8999
9745
10342
9016
8567
6824
11047
11608
11222
6538
2231
5584
5601
8153
8566
6933
8762
9638
7716
2592
2991
2864
2724
1965
-2370
-4604
-5233
-6144
-8370
-9961
-10534
-11959
-13677
-15233
-11698
-11034
-16622
-20546
-18854
-12267
-14258
-10473
-6833
-8451
-1725
2838
3024
3838
4661
6635
7775
10135
12271
10479
10058
7836
9844
12419
11924
12591
8643
2447
5850
7621
7748
7514
4234
7194
4420
1463
2958
8552
1121
1497
889
355
-1942
-4604
-4488
-3971
-5628
-8053
-8534
-9805
-10026
-11167
-12159
-10855
-13391
-17534
-15181
-16477
-14338
-5944
-5935
-2783
-1881
-100
3844
4433
3696
3535
9406
11962
10206
9466
10422
8098
12079
13236
13059
13014
3694
7866
11181
8945
10073
8479
10379
7051
5097
9514
8273
7220
5999
2138
954
-2573
-2427
-2161
648
-6945
-7940
-4665
-8968
-12118
-10765
-8941
-9505
-14157
-18882
-14770
-11938
-16236
-10182
-12749
-9952
-5172
-8332
-7547
-6611
-4968
-905
794
1690
3603
5328
3279
4826
8824
14852
10594
10381
2533
2804
9574
8659
10527
9441
9166
8149
8094
9337
8517
10064
8312
5453
797
83
1219
587
426
-5707
-3849
-2938
-9919
-8986
-11868
-12024
-11283
-13228
-17485
-15823
-9297
-12090
-2606
-3356
-1357
-890
-2824
250
-5639
-3554
-3413
-3175
-1849
-1386
-689
2676
3336
2296
1496
6847
8046
-5186
-660
14412
14498
8460
9847
13618
9884
7676
10561
9185
8039
6745
4122
5251
3867
3268
2934
73
-1740
-4025
-4098
-4830
-10479
-13649
-10826
-13738
-14629
-17376
-17538
-6030
-15377
-11423
-9670
-8981
-3168
-3033
-3677
-2278
1506
1168
881
1593
2441
6206
4968
3441
8239
6134
2662
6403
-3180
939
8477
1729
8207
7129
2363
-632
4855
9642
6690
6222
1476
2805
4494
5615
5262
4863
4041
2214
-55
-912
-2389
-5203
-6938
-8321
-6908
-6763
-8925
-6936
-6573
-10031
-3222
-2235
-355
1619
-302
2618
3174
6952
7249
7135
6587
8056
8523
9273
9490
8383
8718
9283
7085
1111
4696
7755
4779
6125
5164
3
6572
5073
1018
8457
7902
-3117
738
11215
6571
4295
5857
6888
1483
-729
44
-1750
-4512
-8086
-6791
-6657
-6883
-11661
-11467
-6290
-7972
-4015
-6541
-4575
618
326
-100
-2776
-621
1115
955
2203
4458
3737
5660
10545
11882
10334
2837
4297
-1952
2310
4243
4576
4922
-1752
1434
-1218
-545
-1718
-3190
-6985
-8492
-4814
-3894
-6579
-4981
-3369
-6542
-4307
1922
239
-2147
-2216
-4367
-4783
-5616
-10013
-11946
-9558
-8060
-11902
-3877
467
-1395
2353
4586
7948
8390
8887
10317
10312
11262
12328
9361
11583
11328
12652
11868
10643
9823
2778
10216
11455
11778
11082
4692
5261
6918
7488
6522
2028
-1923
-2375
-1236
-2648
-6724
-7447
-8397
-5883
-6909
-10627
-5781
-5342
-9932
-13327
-12278
-5947
-7598
-13583
-7652
-3136
-5485
-2039
-3391
-1559
3200
2811
2835
2580
3064
2868
5876
8148
7020
12608
13136
14692
16314
13565
12283
9855
7202
6580
5900
5844
12103
6251
7544
2755
9885
6529
3492
-3261
-2399
-3403
-5878
-5410
-5879
-8085
-10064
-9668
-9686
-8811
-12006
-15737
-17461
-15411
-15134
-16192
-14263
-10997
-13314
-15755
938
783
467
2890
1958
6282
6202
8139
8884
12301
12960
11811
11286
13275
13055
17208
13303
12990
10782
6264
12098
10130
10932
6348
2290
6801
7824
10001
6481
-349
2006
630
-224
-3026
-5334
-5281
-4195
-6719
-10122
-9931
-9083
-11192
-16904
-16003
-17792
-16116
-18601
-24130
-21156
-18317
-9909
-13816
-12402
-6388
-3563
-6409
-1352
3511
3759
6646
9828
10403
10781
9519
10820
13597
13756
9888
13261
8168
7364
13229
10809
10180
9502
5418
6067
7316
8246
10037
132
6121
4378
-1669
-1131
-1690
-3258
-5489
-5511
-8345
-8680
-11150
-8804
-14041
-15912
-18705
-18925
-18058
-20515
-16767
-20999
-16160
-11663
-11339
-8851
-8424
-8964
-5843
-4101
-3486
2186
5022
5373
2120
6677
9080
11858
10210
11510
15057
5686
12261
17493
16933
17786
13892
11658
13804
11967
10006
11411
9944
7001
7074
7629
4536
1766
690
1070
-2196
-3513
-3526
-4646
-8671
-13278
-13810
-12300
-12336
-17724
-15221
-9855
-11305
-5842
-7815
-7032
67
-1839
-1977
-2474
-819
2365
4754
2932
3941
6870
5978
8700
14747
10849
10351
10780
9532
17160
14581
15817
16545
13534
12259
10681
13831
14402
12418
10473
9582
8631
9184
8167
6125
4174
2199
144
-997
-2009
-4371
-6327
-8270
-10250
-12297
-9227
-11733
-9668
-11487
-13679
-2517
-3544
-1888
-651
-2073
-2783
-3048
-492
1071
187
1236
784
-1297
-937
4451
9368
-539
9058
4254
-3134
5777
10726
11282
9468
9856
2110
6772
8598
5896
10804
4598
3109
4851
2090
-684
1843
1571
-528
-5486
-4957
1374
-7382
-6900
-5882
-5708
-5887
-9917
-13613
-8102
-9373
-3497
-7886
-8846
-2261
-2150
-2853
-2982
4110
6990
3064
8726
9903
8080
6830
6412
10192
9816
7518
9998
1080
4350
-393
311
1045
7484
3852
-444
10816
2124
940
-361
2142
3351
3589
3558
2346
-71
-3451
-2988
-5961
-4618
-4375
-6291
-9418
-10580
-13623
-11581
-7248
-12848
-12395
-15615
-4536
-2118
-789
-1341
-551
-221
3704
5848
5207
9802
8650
10483
10319
9664
8556
11664
8327
11707
9621
1946
9212
7691
8683
8193
7599
1008
-1369
4701
1064
1049
1109
-3276
-1711
1375
537
-257
-895
-442
-1561
-30
-511
-1012
-5041
-6524
-4054
-3910
-7519
-11253
-6284
-3040
670
-890
-2548
5187
6390
3817
2387
5297
5415
7171
10938
9208
10947
8109
9472
11326
11033
8177
11278
6770
2442
7907
4453
7855
6985
4476
-497
-1009
802
-1964
-1619
-4935
-5564
-5006
-5261
-5919
-7716
-8474
-9385
-9760
-7415
-7230
-10808
-11632
-9696
-10299
-9784
-12464
-12717
-8791
-13238
-4273
-209
-660
6923
4468
5828
8187
8119
6030
7868
8068
8933
8275
6961
7778
8555
8797
9132
9723
-155
10903
12184
10035
6995
4017
1386
4815
5987
333
4352
4929
2703
1887
1201
-8351
-6756
-9085
-11475
-14890
-13505
-13915
-11783
-14873
-19383
-16885
-18446
-17342
-21188
-14877
-14933
-11571
-2407
-7127
-549
4124
3401
4786
4171
7792
11834
12810
13266
13815
11820
12114
15072
14871
11126
15432
10475
6838
12661
7032
9956
10436
7604
8310
5670
5351
6036
5528
3263
1717
806
-2250
-2383
-2704
-6650
-8952
-11311
-12161
-15149
-9309
-10496
-20619
-19140
-18667
-21151
-20726
-19318
-20001
-10177
-6556
-1218
2881
-1317
35
5585
9986
9262
13047
13447
13907
11973
14173
12694
12562
12201
11961
14559
5818
11049
12082
11131
9351
5240
7547
7699
2766
-35
5316
2625
1078
3091
-2089
-5408
-3243
-4392
-1853
-5621
-4922
-4407
-8646
-18187
-17998
-9435
-9730
-14350
-18163
-11934
-11946
-10529
-12384
-17378
-6486
-1770
-2879
-2258
-1518
-983
3931
8753
6897
3746
4379
13994
10126
13201
11018
11207
8513
5954
13914
10641
15545
13376
13303
13019
13552
9566
6795
12827
8486
9509
7316
5446
5451
2368
1275
-663
-1587
-3540
-4554
-6235
-8524
-8569
-10526
-10792
-11359
-10019
-11285
-13858
-4957
-4042
-1491
704
-2574
1600
292
-307
3109
4406
1032
3533
4207
3668
5969
8877
9985
9471
8346
3148
13794
11878
11176
12738
8078
13181
12001
14717
5719
4923
9780
7429
10836
6291
1786
3240
2281
-1051
-3874
-4971
-4315
-6787
-12765
-14403
-11371
-12397
-15969
-19814
-14711
-14683
-11489
-8501
-6499
-3924
-2769
2746
3595
2224
-2137
-1040
312
1313
1717
1768
830
982
1813
-814
8373
-4243
-4185
1214
-864
8467
5474
179
4513
11895
12051
4017
5426
9686
7979
8639
6394
2281
2845
1044
2019
-310
-2501
-3615
-4537
-6001
-6576
-6749
-8200
-10087
-9439
-11894
-10593
-1455
-2571
-1428
1393
3846
4120
3685
5309
6573
7044
6030
6990
4875
6047
5140
5317
2602
4029
4059
-6568
759
-1634
-1501
-1365
-5015
1669
-1312
1807
2945
-714
-5127
862
7854
9002
-810
-458
-2278
2467
659
74
844
-2259
-12938
-6154
-6538
-7715
-12190
-12722
-9828
-8663
-3199
-4719
-6459
1223
334
3631
2693
4210
5583
5176
7695
9062
8514
5525
8891
6466
7000
2870
10618
4748
-4534
2095
-2184
330
-2403
-3002
-2101
-1269
-2067
-2361
-5488
-8530
-4769
-2957
-6497
-4312
-5058
-8170
-8440
-9511
-3554
-4631
-4527
-5356
-6525
-5554
-6058
-5875
-4083
-6953
-6355
3285
3265
5355
6047
7038
7829
8981
11658
10867
11910
12651
12468
11317
12626
13188
13404
10179
13317
11294
2334
8989
9884
6700
6078
6092
6860
4982
6786
5110
4783
1612
-3897
1952
-2027
-5213
-3312
-5962
-7007
-8114
-7428
-6904
-6357
-10571
-10033
-10009
-6768
-7473
-9292
-4633
-4420
967
-2246
-668
7067
10816
10346
7579
8316
10216
10738
11088
11686
8313
10748
10827
10177
10624
5228
8612
3522
4233
10709
8591
2061
8648
7702
6839
7532
8365
5962
6876
1905
-1555
772
1231
207
-2376
-4260
-6189
-7957
-9566
-9655
-12457
-13517
-13869
-14375
-11616
-13182
-10128
-9717
-7720
-2698
-3324
-1849
1847
1825
4760
8225
12641
12664
14217
14269
15315
12648
14343
17142
15355
16876
15807
14980
5291
8659
11980
7042
10343
8109
9230
8063
9071
9063
7196
5834
4153
65
-4518
-2236
-4117
-2895
-5108
-9305
-8897
-10568
-12767
-18949
-18335
-11111
-18773
-22358
-15570
-11460
-13622
-6610
-8177
-7210
922
5060
5945
5327
4680
7334
14135
13852
14375
14561
13841
15820
17586
16870
14735
15905
12867
4648
11944
11637
10985
13162
11077
10279
9592
12334
9673
2602
6768
7201
1195
69
-463
-3337
-4272
-5458
-5198
-3726
-7052
-8855
-10043
-11878
-10913
-11655
-11948
-8189
-14364
-12037
-4020
-7527
-4875
-3341
-3721
-3518
-516
932
4219
5607
7272
12754
9534
8081
9672
12053
15750
14224
16493
9088
3338
7813
6117
8892
7467
9359
11341
11369
11514
9009
10720
7885
11500
4532
-1765
4514
1938
1220
-2280
-6545
-4150
-4373
-9333
-8393
-6601
-8248
-13205
-12160
-7712
-7882
-3646
-6238
-2671
2672
3847
3099
1660
3759
3040
3437
5399
6367
4780
3849
6925
8716
4372
9216
12383
12520
1657
-376
11069
12096
9838
9230
10769
10074
9538
9450
6494
4544
5271
6089
6013
104
920
439
-728
940
-6726
-6956
-5873
-7598
-8966
-9027
-13270
-13657
-10093
-15117
-12644
-4900
-1237
1126
3491
1900
722
182
1347
8421
8582
4958
4977
7978
7410
2894
2178
6690
5611
6652
2514
-4029
2028
-4148
-2331
6825
8013
2562
3309
8805
8433
8238
5629
9675
7771
5151
3419
1928
960
1467
2361
331
-2064
-5353
-3905
-2334
-3781
-9058
-8040
-3807
-5472
-2017
761
874
6954
3362
1211
938
1607
9919
5401
7295
9784
9948
6403
6816
9529
4331
4966
5569
8516
230
-5643
3223
885
2674
1364
1205
-469
1724
2445
1045
2761
3616
2350
98
6218
1118
-160
3025
661
42
-2196
-1541
-3663
-5521
-5825
-3730
-4507
-1707
-5365
-5875
4131
5046
7196
8401
9111
9667
10120
10715
12397
12847
12344
13385
13303
12160
13033
11757
7975
6894
10272
6962
-3929
1069
2620
-319
801
-597
-2338
-438
-1684
-5761
-6204
-4480
-3009
-7686
-8103
-5342
-6397
-10522
-8666
-4010
-10624
-8918
-6318
-9706
-8219
-8158
-13456
-11678
-7179
-7965
-3385
-4703
3297
3361
7541
5927
4891
12654
8774
9500
8313
16140
8789
9369
13518
9179
7422
7353
4464
7712
5127
-3508
4961
3109
3585
2819
2814
3931
-346
-2026
1676
-153
-6207
-6847
-3108
-2713
-5010
-11733
-13563
-9604
-11838
-11313
-13318
-14371
-16814
-10663
-11576
-15427
-8157
-13008
-7294
-1040
-170
4192
7394
7164
6032
9126
8752
8965
8017
16576
16770
17130
18191
17087
10677
7902
8837
8592
11743
3977
6361
8729
3666
6806
4488
1713
1302
80
-2130
-482
-3744
-3856
-3394
-6986
-6061
-4342
-10850
-17925
-8817
-7374
-16444
-18947
-17511
-17534
-14930
-16557
-19048
-14243
-11360
-5586
-8143
-5613
5541
2654
3323
8032
7100
7766
10440
13917
13403
12485
12274
12841
14507
9533
13809
10364
10401
11586
2523
6385
6186
6663
4061
2629
6660
5334
4037
1141
4539
-4104
-2353
-1614
-3815
-57
-1293
-4172
-7693
-7039
-6504
-9228
-10217
-11739
-14992
-16820
-16773
-15758
-17227
-15893
-6631
-8166
-1634
1056
-4428
4729
4559
6563
10804
7006
4869
3573
11261
13173
17425
16481
8970
9145
14646
13510
4314
3370
7365
10006
4674
5233
5244
4856
5913
3558
2281
-22
357
-3477
-6223
2191
1822
-270
-3904
-7790
-5890
-5676
-10851
-8145
-7782
-9047
-11478
-13678
-6321
-6157
-4755
-3407
-8159
-1463
425
-228
593
136
1876
-130
2631
5323
7180
8689
3773
7355
6585
7359
4263
3415
5155
2514
6632
6689
6222
5664
4254
3211
8908
10146
7703
5390
4787
6999
4877
4715
2486
1658
1916
-868
-5131
-5242
-4061
-7205
-6719
-7263
-7467
-9463
-6223
-6879
-8265
780
817
5559
7055
5310
7034
9085
9527
10210
9932
9467
10295
8928
8253
9281
8314
6463
6063
6565
4511
-3601
1846
5268
6690
5646
2393
1796
4795
9465
6496
4370
2810
5131
88
-52
1945
1801
-1041
-3354
-117
-5217
-8709
-9376
-5400
-5870
-9118
-13663
-12560
-3625
-6177
-6656
-4812
-1336
5312
3818
2335
4357
4643
8376
10066
8388
9480
8950
8402
8681
8066
5927
3534
2146
1308
-5070
-4353
-1598
-3628
356
-3880
-5789
-5856
-5051
-1859
-5773
-2971
-645
-4495
-8102
-5709
-3257
-2575
-5448
-4511
-5826
-10950
-5830
-5516
-6163
-6642
-6494
-6646
-2682
-4497
-2360
6880
4970
5241
7640
8672
8792
9459
11330
13344
13490
12308
11113
9209
10328
11256
8635
8848
5967
6880
-937
1475
5134
2658
3214
1504
-3654
-5626
-7022
-3737
-2061
-9400
-7808
-7342
-12266
-10747
-8765
-9225
-11650
-9373
-6027
-10895
-20310
-14212
-8037
-3956
-5068
-9840
-4774
2077
-4990
-1611
-2612
1923
9981
8821
6219
7149
10187
10995
12086
12711
12193
10320
8345
9751
9617
8596
5599
7320
2366
-3578
1028
-1158
4348
6458
-3197
-4838
-3073
-269
-118
-6803
-6741
-50
-2442
-3326
-4673
-11925
-13038
-14297
-13857
-14286
-20660
-20935
-15252
-16236
-14545
-15234
-10933
-3927
-14128
-9074
3332
4861
6804
8166
8630
9731
12553
15108
15894
15654
17762
15746
15275
16100
14956
16168
13398
15105
12742
1842
6512
6876
4364
4502
3505
3418
1315
2815
-3677
-387
-946
-1065
139
-7467
-5717
-4222
-4889
-9429
-9681
-6696
-6847
-17837
-17940
-10592
-12950
-13990
-19760
-12188
-9050
-12009
-6647
-7466
-1160
4418
5620
4764
3412
9138
15928
17840
17515
19149
16386
16933
17366
16320
14671
12354
13871
5247
4991
9248
5686
9348
8723
6301
5638
6149
4689
-1777
-887
1340
-61
-210
-1021
-4947
-5903
-7395
-9274
-8711
-9401
-10764
-17157
-15671
-14191
-12835
-14791
-11934
-11127
-16858
-6983
-4534
-3075
-68
-866
-900
-160
917
1772
4360
7649
8124
7373
11098
10200
6080
10068
10704
15077
9377
3094
10600
5900
8143
3489
3981
5501
1812
4175
-1563
-54
1373
4321
1917
1567
1802
-467
-462
-5296
-5939
-4716
-6662
-14719
-17035
-13881
-12163
-13828
-12562
-7914
-6548
-4462
-4178
-3976
3920
5894
3407
4716
5295
9091
9273
9565
10871
11565
8917
7405
5628
6484
4378
7210
7699
-909
6734
3189
3506
4906
5124
6723
3415
6641
5025
3332
-304
2148
4758
4254
4958
1341
-80
-2606
-2260
-2297
-3652
-2919
-11026
-12541
-8658
-8368
-10633
-6621
-8079
-8742
-772
417
2592
3926
4744
6282
8289
9256
8616
9624
10358
8687
7045
7484
5525
10796
9718
7980
9966
1623
590
2069
1326
1855
-3204
-2084
-495
-25
-334
1188
868
-3481
267
4296
-1489
-485
1732
-1428
-3245
-1558
-6096
-5937
-8262
-13424
-13547
-7923
-11896
-11204
-4459
-4850
-815
-1720
-835
5458
7664
8308
9757
10923
11208
10903
12766
15988
12881
11558
10733
10514
11501
6260
9135
5351
-7
4554
1856
2378
44
-1282
-3272
-2963
-1852
-3527
-4215
-11540
-7174
-5253
-6468
-5876
-7061
-4751
-4628
-5785
-8614
-6724
-5624
-7235
-14551
-10969
-4780
-8080
-3734
-6894
-3415
4469
4138
8054
9602
8942
10605
11736
14452
15472
14839
15536
15904
14430
11515
9629
9100
7200
6647
6399
-2074
283
2482
-306
1168
-2406
-4004
-5025
-2121
-4814
-4870
-7614
-11764
-3598
-7278
-9545
-9033
-10854
-15257
-14330
-12450
-11990
-15326
-18127
-12742
-17778
-14016
-11972
-11782
-7653
-2640
265
-2357
353
8595
10107
7101
7222
8713
13190
12547
19362
14689
15211
13680
12615
12509
13363
9221
10907
2278
-201
5618
3000
5826
2150
236
-2459
-829
-1172
-5730
-4426
-9277
-4155
-179
-7788
-6782
-9203
-11919
-12354
-13031
-12951
-12273
-15042
-16980
-18590
-21862
-16696
-14157
-11819
-13491
-10853
-3244
-524
5097
7141
8089
7892
11373
18456
18208
17815
19247
21090
19275
19196
18304
17178
15069
14900
14300
2537
6415
8015
7321
7641
5819
7282
2902
3602
-17
-2254
-3002
-5159
-6116
-6745
-5095
-5596
-6998
-9979
-9501
-6779
-9659
-12923
-15323
-8705
-8415
-19420
-18899
-11921
-6717
-7587
-7933
-8907
-4440
3597
4451
3169
2454
4272
8265
9849
9507
13910
15729
13059
10532
11889
16135
11311
14506
8469
1483
9510
7821
9887
8531
7426
4989
5458
5426
2475
1625
-497
-1135
-4978
-2445
-742
-4522
-6737
-7515
-8759
-11098
