-784
-67
-407
-1351
-1508
-4147
-4130
-3735
-1877
-3368
-2491
-1170
416
5814
7354
5130
7563
10252
10621
11806
12484
14594
12152
14502
14437
14500
12927
12401
12357
10715
10077
10818
6191
2569
7878
3133
3728
2718
375
-822
-1243
-1227
-4142
-7188
-7668
-6516
-6333
-5443
-3225
-8422
-3298
4050
-1403
865
-569
3646
1888
-124
2115
506
889
385
1801
2259
2024
1966
705
-2575
-824
-1628
-4257
-2471
-1453
-717
-1200
-759
-620
770
1379
979
1329
1259
1974
2122
1344
1825
2072
1751
1119
-162
-1609
-3476
-4124
-4882
-4271
-7361
-7148
-7285
-5191
-5261
-4704
-4191
-9059
1703
1196
-1313
2183
3897
2678
628
3805
3462
4050
1158
1421
989
6764
4688
815
2978
256
528
1031
-1824
-1565
-82
-874
-1431
1916
118
769
1275
3369
2980
3292
4804
3887
2963
4812
3597
2456
1839
1637
-171
876
-619
-25
-2649
-8749
-4214
-4103
-1469
1481
-1851
-980
5534
3622
6410
7368
7622
8414
5874
8334
8683
9747
4833
5816
9796
7156
5770
3180
1401
-246
-1222
5177
-3212
-2905
1860
-4094
-3829
-6568
-7397
-7853
-8857
-8583
-8603
-8100
-7340
-7601
-6976
-7353
-7223
-5834
-6613
-8680
-10069
-12021
-11785
-11219
-10427
-12777
-4430
-2253
-6609
-1627
3271
-669
3923
9644
8557
8330
9672
14159
10072
4659
10725
8642
10847
12715
12190
11150
11647
10730
7981
6910
7510
8134
5790
4198
4239
2249
1423
-326
-1884
-3084
-5025
-6270
-8230
-8894
-9718
-10719
-10145
-10804
-12313
-7916
-4263
-4516
-5929
-2404
-2353
-1590
-1134
663
5200
2045
6464
10189
11831
7961
15997
19716
12482
17103
15298
15186
16764
14450
14521
15489
13149
11278
10146
9073
8821
8250
5003
5729
6731
4412
3846
2684
2011
476
-1949
-3437
-5651
-2962
-3112
-4396
-4546
-5254
-13166
-13811
-14225
-14250
-13673
-12127
-14975
-13185
-15756
-16802
-11880
-14284
-11869
-12241
-11247
-9787
-5836
-1797
-2083
-2108
-970
6258
5475
4831
5740
7848
6933
6877
9812
7816
8589
7906
7370
7939
7438
5622
1564
1681
3217
2227
2800
377
-477
2405
1335
1473
1483
-936
-3407
-4164
-2202
-8131
-6627
-5970
-11604
-12016
-16280
-11996
-12264
-13688
-9755
-11361
-10556
-12291
-9138
-11737
-11407
-9652
-7345
-1133
4820
1535
4705
13460
9953
12588
10216
10397
12599
14338
15564
16367
19043
18447
18211
18535
17617
17689
10987
12457
14577
11352
11324
9520
8752
7801
4738
5199
3716
1996
2665
1215
646
335
-2334
-2706
1278
-1874
-3616
-2310
-5008
-4207
-2394
-9673
-7695
-6695
-9038
-7097
-9586
-7897
-9651
-7466
-3473
-8013
-5492
2925
1249
1961
984
3697
6438
4093
6025
6905
6956
5432
5278
5072
3104
2747
8585
539
6821
4832
4878
124
-3439
-1324
870
38
703
365
-2380
1839
1947
472
1984
480
-733
730
57
-2845
-1337
-1026
-46
-2383
-3715
-3456
-5304
-4912
-3716
-6727
-8879
-5650
-4590
-10889
-9526
-7390
-2669
-2906
-3255
-2820
-2788
-942
-10
5155
8600
8239
4508
7005
8046
9634
9938
10781
12847
12878
12926
12954
13032
13123
11913
13491
13525
9535
11000
11148
8971
10579
9354
6393
7240
7687
6795
5550
5139
4525
4559
3439
2037
-508
-2894
-2817
-3330
-4973
-6773
-6778
-5328
-7322
-9497
-2924
-2365
-6435
-6462
-4646
-6723
-2531
-1380
-1824
-2642
-3763
-1958
-2283
-7152
-4960
-3556
-3112
-262
-522
270
5392
4208
5735
6610
7034
7276
9550
7551
3563
4329
3291
3235
987
5259
6133
5768
4804
3922
3474
3291
1981
2229
436
-1479
-1927
-1996
-2016
-2874
-3416
-736
-239
-4686
2227
1931
377
1825
-73
1359
-3898
-1741
-1326
-2300
-2189
-2584
-3882
-3415
-6062
-8095
-3842
-2774
-833
-5598
1332
2839
4645
2919
7967
12219
12945
14028
13841
13497
13853
14768
12660
13756
13598
13175
12130
11569
9750
5978
6662
901
-124
-1747
-3734
-2718
-2945
-3399
-3818
-1424
-988
-5387
837
2884
-360
873
-1439
277
1325
861
-402
1312
71
-2245
2246
473
195
522
-501
-487
1995
-2300
-2057
783
-382
677
-269
570
1035
3718
3629
3331
4338
3393
3659
4777
3273
219
901
989
-461
-1007
-1827
-2021
-2787
-4377
-5513
-5432
-4486
-3450
-2873
-2082
589
-3849
1677
5256
5072
4580
3327
5242
2081
3597
4798
7353
7192
5509
7761
6891
6587
1700
2145
4842
246
881
-1125
-2288
-1347
-2239
-2987
-4164
-5239
-5067
-4355
-5513
-4983
-4220
-9
778
783
2422
2288
3549
2623
3179
3504
5209
4180
4020
2734
386
1256
-1588
423
-1827
1194
5672
4178
12603
9265
4526
6825
9658
10650
10349
9453
9906
8702
5618
8656
7738
6458
5657
5603
2635
1822
1290
-1769
3234
1094
1720
910
430
-314
-1580
-2002
-3278
-3697
-4834
-11916
-10339
-10674
-11562
-9049
-10186
-8313
-8915
-9813
-9606
-10923
-10887
-8235
-8873
-7596
-3765
-5298
-4776
-490
595
-2916
7936
10425
7285
7772
10819
10767
7448
12671
12255
12832
11221
10885
11191
10134
9820
8278
7570
6150
7130
6803
4580
4183
2143
1717
1285
-436
-922
-2035
-3291
-3699
-3402
-5924
-8071
-8262
-10090
-10594
-13181
-14115
-12627
-11561
-12169
-13897
-8937
-7077
-11730
-2083
2513
1478
5755
7129
11877
10822
6310
15565
14996
16998
18589
19058
18071
15330
15476
17100
16996
15105
14198
12219
10388
10404
14686
9974
9031
9242
8560
7840
6367
4530
3456
875
-209
-595
-3508
-3582
-3424
-9429
-12350
-10939
-10427
-10883
-12288
-13522
-13261
-14746
-17390
-19029
-8737
-10651
-9764
-9566
-8230
-7120
-6412
-6285
-1712
3435
-1506
9740
12127
9842
7192
6544
9137
9361
10161
9485
10389
10219
8924
8031
8468
9811
9105
5483
5954
6583
7033
5972
3896
4476
1481
349
-325
-3352
-4805
-6566
-8344
-7496
-10755
-6227
-5144
-6598
-8148
-4322
-4192
-6704
-5925
-7304
-6745
-7506
-8593
-10268
-10279
-9064
-8092
-6650
-7403
-5877
-7675
-5975
6804
10405
11988
12212
15113
16612
17965
19183
19352
20384
19540
19845
19452
18124
17160
16596
11809
9630
10794
8830
9611
6520
6556
5742
3818
3469
3342
2412
1500
2418
-2135
755
106
-1724
-1833
-2008
-2488
-2758
-2012
-5361
-3510
-5581
-7870
-7978
-9283
-10978
-10418
-9832
-10333
-6176
-5397
-10321
-3062
-396
-5269
-2983
-2737
-1986
-1639
5380
587
1662
3358
5117
5522
6450
5237
6125
5901
-917
1114
2824
1451
-859
-619
-1969
-149
-1613
-5301
-461
-1313
-3001
-1960
-1383
-2022
-889
-6632
-4245
-3250
-6223
-3806
-5809
-4449
-5649
-6610
-6334
-8545
-8101
-9403
-8480
-7004
-9929
-6274
-4204
-6607
-6089
-2458
-2154
-2505
-3604
-5900
-2504
-1523
-1762
4564
5645
9160
10085
8860
10970
8111
12271
7996
9887
13935
9007
9264
10423
10521
9321
9874
8544
9507
7659
5177
6804
6923
5280
4328
2531
1606
1347
-238
3174
2104
1282
-342
-568
-486
-2550
-3509
-8060
-8033
-7969
-7929
-2434
-6751
-7013
-962
-1187
-547
-2271
1098
556
375
-1648
-4257
-2792
269
-2171
-2333
874
-2417
1670
1787
-638
2681
3537
6602
4696
5992
5091
1566
6495
5130
5136
4764
4080
4219
5752
5918
4058
3167
2092
3205
230
-1089
-863
-2914
-4613
-5449
-6246
-9258
-9684
-9944
-10350
-9922
-11178
-6902
-7671
-8015
-3800
-2561
-3554
-2407
-1060
-3446
693
-1310
-2835
-2025
-6415
-3404
-2367
-3253
-3617
1345
-116
-480
5054
5187
10266
8935
10651
11310
12701
14464
13050
16264
15061
15800
16325
13283
12762
11324
8791
7685
6368
4518
4793
4438
2341
1114
-200
-1939
-5290
-5974
-6379
-6118
-8228
-2486
1236
-4962
-1781
4088
3249
1953
2028
2513
2270
5136
3376
4823
4907
5000
5598
3386
-357
1114
4738
650
-5568
-1900
-75
-3251
-1657
-167
-1648
-1059
-1600
199
-168
587
2153
2038
3284
2878
3054
1729
1063
595
-559
-1865
-2172
-3406
-4421
-4572
-4941
-5495
-8012
-5988
-7025
-7272
-969
-1692
-9545
-1939
1728
-994
3177
284
2533
2479
3872
4340
1801
2151
1896
3717
8731
7197
6380
1851
-985
2079
1068
-4634
-3960
-4871
-2567
-2201
-1412
-2678
-745
688
358
2331
2125
2034
2627
4707
3987
4517
5842
4967
5417
2909
1502
1240
-2264
-1335
-1843
-5811
2605
424
3772
7885
1865
7706
11288
11311
11480
11132
10585
10355
12883
11621
11638
10614
9232
10274
11081
10540
3245
5816
1252
-32
594
-1525
2270
-423
803
-115
-155
-1347
-3339
-4060
-5623
-5240
-5989
-6270
-6971
-5557
-5044
-6638
-6920
-7021
-7595
-4448
-5129
-5454
-8013
-6772
-8203
-10652
-5669
-6385
-6486
-1213
-294
-4154
2121
3846
3495
6649
8118
7774
6564
10670
11057
11249
11065
11404
11746
10948
11955
8155
9062
4734
944
1923
652
-2207
-5165
-668
-2522
-4011
-6393
-6769
-7205
-10556
-11857
-10329
-9038
-10527
-11463
-10921
-10467
-6401
-5411
-2932
-9414
-6009
-2012
-2657
158
1828
3066
4943
6471
9069
14167
8858
13301
18904
16211
16211
14534
15968
12340
12588
14085
11819
12134
11891
11152
10380
10371
10226
9375
9141
5142
3851
4183
3811
2630
1693
-2827
-4258
-3704
-7861
-7241
-9489
-10518
-10683
-10263
-7554
-12693
-11971
-15978
-12773
-9412
-10543
-9461
-9934
-8272
-7409
-10220
-6835
-8185
-6718
-5921
-4825
748
-1386
-3170
5135
9287
8486
10297
11233
9811
8635
11148
10558
10924
10119
9914
9841
9023
8625
8352
8767
7501
4536
3987
6134
3563
910
459
1535
-484
-1696
-2945
-3142
-4986
-7414
-8459
-9440
-6879
-9215
-10287
-10689
-11135
-10842
-12472
-13951
-9436
-8198
-14244
-14041
-5941
-7850
-3989
834
4312
5386
-3767
5802
10098
8887
11658
12221
14378
15070
15328
14803
12878
13089
12701
12574
12844
9631
10931
11133
9894
6023
1488
4619
3432
3707
3478
1257
-103
-3924
1418
2630
1218
714
2258
1633
524
641
69
-1322
-1383
-2675
-2822
-8858
-5113
-11293
-10940
-12626
-13888
-10939
-12431
-12199
-10754
-7275
-7837
-8014
698
1910
614
3924
4857
4406
5631
6473
7036
7281
6578
7397
7305
5699
5373
5831
6197
7275
3889
1945
3540
1557
5773
5796
3995
5072
2811
2486
2705
2360
-64
-2349
-2126
-1065
2430
1614
1586
336
-236
-789
-1626
-4511
-4380
-4905
-7429
-5841
-12398
-13681
-11293
-9139
-11484
-11590
-4805
-5563
-7976
-4032
-3229
339
1374
2002
3887
3449
4481
5823
10021
10196
10810
11490
11496
12895
13696
12030
12473
15385
15019
13555
14130
13397
10394
10263
9703
9013
7815
8076
7950
5085
588
42
675
-134
-1318
-2408
-2282
-3686
-5339
-6504
-7006
-7555
-8900
-9305
-10560
-9507
-8251
-12804
-8334
-4212
-6767
-6264
-5460
-6127
-5020
-5430
-3627
-1326
-2451
-758
214
-492
658
2021
4501
5464
5637
5843
800
1934
4618
5524
4905
4834
7061
6850
6820
6202
6395
5881
4634
5547
3526
2327
-1397
-4717
-2830
376
-1177
-820
-8675
-8626
-6833
-8176
-8543
-9380
-9189
-8156
-6598
-9901
-10183
-5147
-7346
-10182
-9419
-5408
-5468
-6778
-7298
-9722
-7856
-5765
-4051
-1482
663
2585
5591
5982
5237
8424
6016
8013
13072
13798
15106
15307
15098
16629
15470
14520
15645
13570
13474
11669
9394
7012
5342
5202
5735
1694
-2599
-872
-2653
-4553
-7454
-5061
-5674
-2957
-3618
-5295
-4161
-4595
-3984
-18
1109
-181
22
-7045
-3668
-1918
-3190
-2003
-2362
-3063
-3483
-2874
-5457
-18
1500
2606
-3154
3149
2097
-5861
-3389
-2400
-303
-323
1660
1621
947
1490
1647
1002
-1758
869
596
-156
-1743
-801
-1619
-1868
-1864
-3343
-4908
-4522
-5790
-9328
-7257
-10707
-6706
-10021
-7534
-6042
-9953
-1330
-693
4241
4438
4135
6315
6196
7863
5693
4159
4048
4017
4066
1715
253
388
762
27
-1444
-2918
-5613
-5042
-3178
850
3435
4015
5457
6521
6483
8311
9582
8735
8402
9519
10421
10019
9351
9306
9393
6880
5063
3156
4461
3234
127
2111
3134
1976
-214
1177
6645
5710
6038
11278
8669
9112
10400
10914
10962
9601
10350
8088
6736
6503
5209
3542
3446
1950
1684
1536
-601
-1468
-4147
-5737
-4989
-6360
-7949
-7229
-7690
-8390
-8004
-7685
-6198
-5851
-6323
-4078
-4615
-5953
-7276
-7932
-9408
-6876
-6315
-9884
-9121
-2015
-3063
-5812
-2822
909
467
1327
5684
1072
6003
13060
10411
4820
5076
8224
8389
7820
7597
5861
5111
5535
4827
4298
2746
2022
1364
1716
953
-558
-3590
-7909
-5906
-5969
-6975
-9520
-10535
-8788
-11695
-10498
-11621
-12407
-13282
-9743
-3832
-4041
-1240
-1929
319
934
1201
4542
6288
8183
8812
7908
9142
10148
9189
7879
12332
13852
7887
15134
16233
14414
14399
13608
11771
10487
11732
10186
10759
7840
6923
12930
5720
2334
2349
714
835
-590
-184
-4656
-6218
-3618
-6943
-3935
-4904
-7713
-9763
-8920
-13221
-11603
-6927
-9744
-11335
-12419
-12503
-11738
-13521
-12089
-7044
-9609
-8228
-10120
-5268
-2761
-6533
-928
-2549
518
-2917
-131
-388
4018
7805
5109
6417
12458
13755
6527
6714
6409
6480
6355
6308
6394
4981
6655
4622
2527
-442
274
1051
-2856
-6653
-5722
-7110
-5921
-6861
-7014
-4860
-8728
-8001
-13869
-13057
-10127
-11872
-11766
-12197
-10965
-12454
-10795
-10418
-11732
-9267
-4670
-3925
-3186
-1535
3737
5339
8093
9487
8695
14188
12171
11793
20224
19356
19603
19884
21129
19229
18334
19066
16921
16062
9791
8675
8456
7746
8004
5917
3529
2245
282
169
-4418
-3456
-3447
-4796
-8786
-10018
-634
-2203
-2375
-2719
-3097
-9344
-8320
-7711
-7589
-8048
-6012
-5534
-6472
-6504
-6226
-8742
-9977
-6892
-6697
-5097
-4710
-4221
-3003
3807
1311
640
9766
7030
6739
8231
9445
10347
10860
10790
8990
8329
8130
6186
5869
4087
4170
6426
5765
5747
4356
4406
-1799
-1377
3328
1653
2265
2761
1979
2810
2454
1481
790
-361
485
-1320
-1514
-2125
-3147
-4675
-6241
-4283
-5612
-8560
-9031
-10402
-10619
-9553
-8799
-9622
-8099
-1809
1945
831
2072
7854
6012
11731
11560
12849
16208
15984
16543
13899
15181
17543
18226
17321
15378
15315
11173
10100
15043
13439
13778
10747
6577
9746
3212
2797
1928
1435
2179
617
3989
2954
1916
1642
48
-300
-869
-2871
-9534
-10337
-10360
-9924
-11292
-11054
-11712
-10509
-8488
-10976
-9770
-10974
-7969
-5929
-9004
-3238
-465
403
-2466
-1728
1668
-3700
1599
2891
6312
7360
-843
3567
7905
8403
8751
9467
10672
11261
10650
9577
5897
6833
8770
7550
8054
7626
7452
6893
4270
3688
1877
199
-1774
-3215
-2735
-5732
-5085
-6560
-9974
-10280
-9873
-11234
-11104
-12142
-13394
-12055
-12606
-11569
-12298
-9278
-9043
-13681
-6638
-2331
-4678
-674
2326
6381
4842
4056
8303
8679
9309
11284
13495
13952
16480
18828
19495
18602
19241
19563
17207
15242
14815
13508
11982
10160
9877
8702
6242
3407
2270
-222
2687
2145
1431
-552
-636
-2175
-3990
-3778
-5696
-6470
-9223
-8377
-10146
-9182
-11009
-12332
-20647
-14839
-5308
-16882
-8789
-7743
-8474
-8252
-3240
-255
482
3303
6087
3420
1383
5132
5829
6991
5832
7689
6727
7130
7725
5849
5215
2940
8599
5082
5633
2829
2905
3653
2223
1713
1234
33
-1647
-1942
-1575
-2786
-4242
-5809
-6226
-6768
-9393
-11039
-10799
-14102
-16173
-12993
-10833
-10931
-12342
-13728
-11458
-10747
-12738
-6277
-3180
-3048
-3876
-2626
100
-1496
65
-382
3009
5184
2409
6873
11523
11887
12622
12390
14349
15406
14880
14065
11873
12872
14760
14764
14202
13757
14134
12377
10137
10449
9158
6278
4269
2442
1452
-2214
-5349
-5742
-10045
-9108
-3688
-7261
-5893
-7233
-8481
-3417
-2653
-5377
1095
966
-10850
-3174
-234
-2597
-2004
-573
1352
-342
2786
1735
1003
2429
829
2677
-614
-1705
3257
3830
2694
4560
4858
3134
2415
2098
2591
1809
255
-550
-1124
-1807
-1272
-301
245
-3457
-3114
-4642
-6760
-1087
-4121
-4550
-4072
-8123
-9056
-4347
-4928
-5329
-3099
-2304
-612
-2584
-2713
4536
631
-684
6923
5571
5431
4406
6668
6635
5500
6518
5678
5378
3941
3724
3422
882
-2018
-4494
-5509
-4623
-6483
4785
2710
2477
8131
7591
10101
9418
4666
4240
3988
3852
6283
6758
4943
4821
3471
2163
1815
1636
1933
1773
1294
1650
-1336
-1304
-3143
-2616
-2194
1747
3127
8122
3952
3306
12867
9819
8231
7198
6217
8003
7583
8418
7308
678
903
17
9
-62
-1004
-159
-3642
-5611
-5380
-5124
-7632
-8314
-5476
-6045
-6565
-9602
-7266
-6457
-5289
-2706
-5353
-7822
-3753
428
-1564
542
1877
2263
-460
-67
-2067
-2803
-1929
-3970
-3616
-4283
-795
-2677
-2189
2047
674
-1613
4076
7347
2353
4576
4691
7793
6680
5603
6225
5609
6236
6468
4069
4563
3329
-1929
-1819
-1068
-2264
-6390
-10181
-9203
-5399
-7032
-6880
-6409
-7835
-7760
-229
2900
4005
5735
6135
7049
7474
9364
7371
8214
9688
11485
11135
9233
9195
8284
7394
6531
7447
8059
5146
9191
6560
4164
15030
13077
11279
11618
9713
10976
9715
9139
8150
6250
6719
5345
5862
5808
4070
3824
165
-427
-2053
-2261
-6233
-9921
-10814
-10793
-6280
-9647
-7088
-3426
-6059
-7092
-9760
-9015
-6259
-5671
-5371
-3991
-1682
-5
-330
-1078
1083
-42
-81
472
450
615
-2136
1696
-1069
-3743
2658
-3863
-86
7713
6914
6945
6188
6938
6477
4832
6174
6063
5544
3397
4036
3785
2803
5827
4849
3605
1491
1195
3343
-2102
929
3354
-1895
-569
-3861
-1829
-2208
-9420
-5847
-8229
-7649
-7342
-6982
-8337
-3487
3532
1697
4547
3449
5313
4955
5637
134
2978
2322
3345
8716
5779
10808
8380
3209
11474
10888
8371
7021
7987
7590
4353
5050
1819
4630
5914
3491
5853
2964
1777
4620
5927
8706
8152
6508
948
-1237
2819
2243
1178
-2998
-2264
1166
557
-1420
-1948
-3640
-5664
-5523
-7987
-9262
-7961
-8068
-8580
-7002
-8853
-9699
-10706
-9423
-8839
-8713
-8406
-6971
-7138
-7680
-399
-6104
-994
4099
1749
4229
2521
5401
5059
7009
6991
3792
4403
6833
6426
10204
11170
8110
7357
7484
7707
5033
8400
5559
5788
7928
8388
6338
4581
1926
277
2195
773
-1276
-1012
-3517
-4935
-7052
-7182
-8892
-10519
-8813
-9981
-9033
-14238
-9608
-8054
-7345
-4122
-4254
-1149
1311
3213
359
3210
13141
9670
10835
14118
12154
12666
12870
12917
17024
19360
16602
15907
15143
13447
10630
10054
9319
12238
13251
10968
7786
9139
10502
3392
2668
1824
2277
2581
-1526
-1748
-2215
-3019
-3297
-4874
-4563
-5260
-6758
-7732
-9545
-10295
-9132
-11790
-12394
-12785
-14645
-13251
-13536
-11890
-10334
-7098
-2331
-8317
-1099
3271
823
3438
4607
13139
10742
8176
9917
9755
9213
8077
8306
7231
7308
8555
8045
7430
7774
8469
7612
5038
7564
8436
7830
6698
5851
7422
4647
3394
444
-2866
-523
-1581
-3650
-6094
-6482
-6948
-9183
-9840
-13679
-15502
-16327
-18027
-13429
-16816
-15629
-13139
-15756
-8468
-8970
-3757
34
3688
9244
5435
7972
10677
12537
13481
13563
13176
15097
21796
20185
20489
20542
19557
18364
16638
15355
15176
11803
10743
11578
12725
10658
8042
8276
7782
6516
4602
3859
2447
-440
-3525
-1218
-2510
-6941
-6399
-8020
-9442
-9555
-10578
-10770
-12248
-12805
-13030
-14010
-9275
-11985
-9303
-873
-8323
-10107
-1675
-3786
-2578
2448
3530
5285
7108
8106
9422
9672
9434
9442
9858
8429
9754
7751
8922
7337
5209
4514
10
1361
2987
4153
2182
2382
4736
4565
3091
2510
1560
-442
-2168
-5244
-6972
-3767
-5050
-6843
-7465
-9373
-8340
-11099
-11190
-12036
-12166
-6391
-3730
-9493
-6341
-3754
-9480
-2440
233
-1007
1208
1759
3072
8167
9801
10877
12639
12103
14136
15094
16330
15800
16343
17578
18674
18868
18048
14400
11430
10383
10155
9760
7187
7081
5854
4452
3588
1245
1807
2588
-438
19
-1851
-7362
-7947
-7545
-3537
-5487
-3337
701
-7480
-10859
-10098
-10752
-7627
-7195
-6226
-3919
-7570
-4382
996
1467
-719
272
398
-1552
-647
-1561
-1462
-2394
2903
-1638
-1008
-6
369
1819
2547
1790
1396
738
-1416
-483
-300
-913
-3596
-3849
-2613
-2178
-860
-2309
137
-3178
-2191
-916
-2293
-940
-208
3097
-1040
-878
-928
-1783
-1319
-2624
-3788
-3334
-2108
-6066
-1068
618
-5436
-2249
3140
2090
973
-345
-1088
-2074
-3095
-4018
-6209
-657
-429
-1960
1666
6503
6354
8880
7643
8993
4340
6082
4984
5595
10407
8945
11161
10730
12547
9480
9150
9724
10283
8705
11721
16543
7820
7286
6083
6214
5450
1724
1039
1770
1782
2381
2217
1091
1219
1478
-2328
-561
916
-5251
1202
2834
1631
1005
858
1605
-685
0
-1860
-3457
-4773
-6062
-8024
-6454
-8102
-8519
-6434
-7883
-4580
-3832
-5950
-6347
-2543
-4342
-833
-2358
-3009
1650
1256
6107
1772
1837
1068
639
-450
4831
4530
1992
3230
3338
3557
-1449
-1000
99
1916
-1112
164
907
-3833
4664
-1573
-2844
4052
4178
6042
2637
3469
2801
-4455
-3258
-4570
-4424
-5095
-7499
-9441
-8703
-8018
-7875
-8094
-6873
-5554
-4120
-94
-216
2502
5854
10676
12165
9882
11243
10752
13577
14256
14442
14874
14364
15352
14178
13403
12616
10575
9201
8568
7175
6483
2342
-388
1845
49
-145
-4237
-939
-724
-6832
-137
3316
893
895
2042
3275
2671
1287
431
-635
-176
-577
-2041
-2876
-2815
-6544
-1989
-3842
-6090
-3843
-1181
618
-2822
-367
-235
888
202
1986
1574
2971
5120
3039
2221
2365
1394
1883
755
-1455
1063
-1845
-1722
-3258
-4835
-64
224
-926
-3218
-1336
-3176
2279
209
-3779
3857
6867
3767
2716
2671
2703
4595
-232
-609
-1389
-4270
-3783
-2394
-6325
-5628
-6604
-4834
-2141
-7877
-6032
-4874
-7807
-2610
-3174
-1477
-1145
365
7107
6260
8513
9358
8387
8485
9438
10271
9434
9418
7260
7813
8006
5255
4466
3551
2984
3276
3960
3914
7341
675
4198
7522
-1119
5363
4749
6442
7845
3631
5879
2834
2125
6726
2914
1416
-267
3005
5898
4917
4192
4517
2684
2206
2110
-563
-3815
-3251
-960
-304
-1271
-1256
-2385
-3977
-3434
-7072
-5595
-7749
-6107
-4985
-4275
-3533
-5217
-3382
-2789
-1474
-1793
-2149
-3906
-3560
-2165
-3034
-3151
-4573
435
-3204
-4103
2876
4485
2467
5225
7316
5988
9633
6586
11874
13096
7972
8098
6728
7225
6256
7225
5851
5090
4730
3578
2640
-2008
-3337
-5595
-3413
-5345
-5455
-6206
-5137
-6197
-7261
-7129
-7562
-866
-4936
-1853
587
798
1180
438
2564
2162
788
2402
799
673
5087
6591
4677
6382
8275
4621
9083
8856
11674
13754
15425
17507
12637
13516
13096
13797
11985
11058
9983
7994
8462
9868
8790
7642
5757
4943
2939
-3646
-2366
-1166
-2994
-5004
-6640
-7837
-10274
-12077
-11059
-12547
-13343
-14068
-13606
-12060
-13014
-12265
-13693
-8641
-7389
-8258
-7672
-5770
-9034
-7788
-4340
-5361
-847
1345
5652
234
9935
15951
8735
7742
11026
11317
12510
8265
8413
8067
8502
9232
8830
9024
8159
6789
4313
5107
4123
4968
1750
-2366
-773
-2054
-3631
-7066
-7503
-10332
-12573
-14064
-8245
-14997
-15263
-16619
-18697
-16130
-15931
-12222
-14232
-12764
-9224
-8442
-6208
-3884
-3777
-6818
-1952
2020
435
12870
13582
2263
12850
17502
16669
19261
18667
16665
18970
20343
19627
17977
17303
17536
14251
13388
12651
12106
11248
11770
10908
10096
6223
2482
3030
2061
2010
-1114
-1655
-3706
-6671
-6760
-10633
-11884
-13052
-13261
-14596
-12777
-13891
-19153
-12124
-11286
-14468
-11756
-9857
-9748
-9968
-6105
-1445
-907
-1192
6880
2458
1155
11721
9126
9690
9871
11321
11299
9191
7937
7532
8691
8360
9059
8550
7254
6047
5776
4504
4235
2477
1868
3688
2246
3736
2396
-4373
170
-6030
-8865
-9116
-9537
-8725
-9937
-13087
-16420
-16280
-14190
-13203
-17665
-15656
-17648
-16516
-16568
-10882
-10540
-13025
-9852
-10862
-3291
-804
7407
6504
2476
15226
14433
14578
14938
16078
18175
17891
19903
20087
18535
19123
19644
18105
16709
16219
14885
14388
13125
11190
10485
6627
5440
3744
3069
911
-301
-1558
-3358
-4636
-8269
-4590
-5242
-8958
-6218
-5388
-6564
-6163
-4629
-5163
-7176
-9096
-8819
-9615
-11079
-10436
-11938
-9968
-9813
-7502
-3651
-6620
-3533
4001
5334
4756
6954
6783
8376
8652
9620
10757
10247
9226
7091
8093
7700
7010
5744
4624
4493
2750
-109
-3438
-5439
-2052
-925
-2818
-6151
-1834
2572
-1734
-130
794
-2100
-861
-185
-5670
-8297
-7942
-6971
-6005
-7523
-6659
-9175
-10329
-10019
-9727
-10367
-11348
-8939
-10246
-2423
-2054
-8040
708
6002
7640
8954
10372
11249
10674
12729
13136
13780
13719
14691
18205
16412
14761
14975
14423
12373
14106
14546
10237
4631
9365
10291
6833
7513
7259
7069
1208
5077
3763
-47
2398
1073
-1038
83
-1118
-1883
-3771
-3818
-4078
-5567
-5452
-7647
-10856
-10703
-11088
-11447
-7737
-5996
-11579
-11598
-3363
-4645
-7319
-3802
-2582
-878
2289
3430
4922
6141
4439
2692
2338
2999
1648
5244
7991
2980
-1758
3468
-2116
470
2450
1563
1689
5579
6702
3255
1819
2620
2427
1756
2184
-993
-807
-1413
-3804
-5762
-6993
-6747
-8983
-10725
-10270
-10036
-10278
-10347
-11729
-9877
-8226
-5516
-6208
-12381
-4938
-4269
-4836
-2652
-1239
-1075
-2411
4289
5627
8174
10517
10466
9884
8567
7898
12426
11635
11509
13166
11574
12001
14721
17070
13576
13305
12276
10798
12913
11266
9320
8169
5213
5125
2424
6127
5541
3537
2806
2641
-456
-1967
-3685
-5779
-7308
-8151
-7821
-8578
-8916
-7193
-1851
-7937
-9727
-2221
-2991
-4471
-5550
-5733
-9960
-7615
-745
-6167
-6067
-7957
-5317
639
-1610
-1092
4095
4243
7858
6713
5240
6149
6760
9732
9841
10413
9574
7947
8032
8009
5133
5865
5134
3285
3999
2346
1692
26
-593
-1856
-2699
-2609
-4690
-8121
-8925
-10967
-12800
-12337
-11501
-11303
-6396
-9061
-14956
-7053
-4589
-5494
-6883
-5628
-7264
-8941
-3777
-4016
-3210
3263
1372
2497
10705
11156
11832
13258
15482
15639
15186
14078
14841
17970
18403
18482
19076
18022
16570
15721
13861
13527
11635
9157
8942
8017
6103
3495
-150
-2111
-2741
-5245
-7652
-1939
-5677
-5554
-7973
-7534
-8225
-13086
-6734
-12361
-7969
-4503
-7471
-7772
-3199
-3595
-6450
-1142
141
692
2847
2933
1544
3759
3725
3610
4611
5230
4571
4900
7228
5836
6108
6428
8262
8803
6637
7171
6448
7669
6363
4557
3815
1045
-724
-955
-1510
-2130
-2963
-3618
-4788
-6566
-8391
-10087
-13375
-14705
-13115
-13571
-11376
-12285
-7423
-8102
-12484
-2381
-3413
-3502
253
-250
5153
3428
1458
2056
648
-812
-1387
-228
-3451
-2543
-2658
77
2429
871
2551
5789
8635
10203
11701
9381
12970
13606
14313
13528
13924
14305
12371
13297
10909
10267
8599
7440
5665
2239
-542
-91
-2515
-5073
-5230
-8499
-3945
-7141
-3924
-648
1787
824
-804
6074
6329
6763
5553
5604
1622
1187
7546
6188
4765
4978
4810
4139
2834
3903
4713
1762
2515
983
-3760
-6165
-6120
-1691
-2676
-2251
-3623
-1387
275
-655
-64
-2757
-3872
-4429
1218
-839
-1979
-1089
-2550
-2045
-3127
-2880
-3826
-13348
-11613
-11080
-10935
-10055
-9305
-4627
2057
-1215
-7688
2919
5508
466
4211
2298
1079
3662
2598
7350
6222
5906
1729
4856
-1307
-1045
-1839
-2237
-1838
-3445
-3012
-5836
-7138
-4109
-1378
-875
-2299
2081
3168
4689
7660
5602
4941
7137
6726
7794
8081
5026
7262
3936
3161
5399
-99
2107
1649
485
2276
-461
3810
9873
10439
3573
8317
11945
11263
9818
6614
8550
6546
7485
7772
7234
6277
6922
6339
6140
5925
4287
3149
2374
129
-926
-1234
-5080
-6820
-4348
-7227
-7239
-7547
-9659
-10450
-11890
-12171
-11760
-8295
-8698
-9960
-8065
-4375
-3137
-3350
-363
-347
-990
393
683
-59
-271
-1375
-2443
-1647
-1561
1527
1929
-3255
1061
5149
2344
3498
4115
3899
4457
2875
3679
3652
4263
3447
1380
1179
-1336
-343
-1873
-2876
-3020
-3970
-6280
-8242
-6430
-8595
-8905
-10101
-8491
-7915
-6891
-5921
-10990
-7955
1361
2819
3680
8324
7036
8398
9335
9069
9075
8467
8584
10254
10238
10185
8332
9309
10073
12469
16267
6954
13168
17970
11884
12162
12751
12140
9183
9831
7779
4559
4380
2843
1837
2519
1844
1261
-454
-4073
-4574
-6187
-8604
-9335
-7426
-3727
-6346
-6021
-6352
-3225
-3428
-4683
-1926
-4847
-6163
-3295
-3836
-2753
-3723
-2295
324
-107
122
380
-199
-5361
-5394
-4235
-1681
-3156
-499
72
7584
3861
-1184
9416
6946
4603
3937
4460
4491
3638
5474
3770
4217
3950
4091
3809
2404
2378
1074
1382
2857
1301
-1319
-2387
-3041
-505
-1196
-1287
-1204
-2255
-1821
-3318
-2992
-2886
-4621
-7263
-7175
-5958
-5648
-7612
-3604
1704
-18
4150
4827
4484
5882
5172
6699
6718
7591
8239
13593
11722
4665
15146
15200
9131
11016
10443
8733
5395
12551
10833
8455
6036
6693
6279
270
2923
1860
347
740
1835
1429
2058
-371
1266
507
388
856
-218
-582
-506
-732
-2544
-3218
-4256
-3011
-4099
-6657
-5619
-3658
-4668
-5340
-4789
-4896
-5290
-4253
-4177
-4998
-4967
-5227
-4327
-4096
1233
648
-4508
3665
6445
2476
1231
1580
2811
2154
3319
2919
3302
3993
2087
2280
4089
1926
3180
6101
5644
3707
2674
1806
448
2351
3435
3044
3098
2607
515
1138
-42
-1274
-2870
-5569
-5373
-7839
-10856
-13058
-13148
-13515
-12510
-13900
-8755
-5662
-8260
-1017
-600
-3919
1723
4203
3114
9846
-1603
4631
14756
12450
14410
13089
14876
13541
11284
14520
7823
5594
9773
9717
9593
9258
8479
9336
8082
8236
7366
6772
4053
2255
4019
3516
717
497
623
-121
707
-1075
-2711
-4131
-4914
-5606
-7580
-10213
-11978
-13684
-15112
-14084
-15003
-17648
-15757
-12390
-11879
-13380
-13773
-10944
-11688
-2052
-5770
-12043
498
994
-2075
865
2773
2937
7206
6933
5049
4771
5526
6405
6032
5019
5111
6174
5632
5717
4838
4738
1843
165
1577
2542
1810
250
783
1480
1175
-851
-845
-3052
-6140
-6544
-8864
-9415
-11846
-14133
-15402
-16268
-15485
-18898
-20917
-17707
-17852
-16515
-14128
-9945
-6526
-2969
141
-2742
6702
10871
11907
12121
10959
13634
12589
16136
15793
16013
15888
14217
13780
13431
14511
14536
12606
10216
10847
11470
8960
7593
9074
7421
5962
5015
3039
2862
-86
-1044
-1216
-3111
-3487
-4647
-3979
-5149
-5567
-5518
-8700
-11801
-13311
-14203
-13244
-12656
-12713
-13630
-15588
-11276
-11913
-7950
-1073
-7082
-1091
6209
5194
6767
6875
9301
9451
10684
10882
9408
9802
9383
9545
8429
8095
8139
8123
9212
8434
6228
4653
4636
4930
4122
3375
1237
537
1189
700
594
557
594
977
-2216
-3204
-4352
-7567
-7593
-6301
-5809
-10002
-12425
-13072
-12456
-11104
-14232
-9332
-5536
-9936
-2416
-5911
-9314
2329
4317
8659
8073
10414
15000
11826
16462
16785
15149
16041
16013
16776
15864
14364
12831
17470
18330
16737
13183
12591
11492
11622
9269
8946
7621
5663
3793
4639
3921
1320
1717
-1932
-5512
-2032
-7582
-6645
-9857
-9546
-11841
-7485
-8302
-7749
-5612
-6992
-11942
-11716
-10003
-8822
-4156
1056
-8361
-2897
5137
344
322
1309
2451
2066
3311
6412
6185
6516
6482
5459
5582
4640
5147
4863
4743
4108
3413
1467
-218
-1086
2962
4262
1901
1593
-299
-942
-496
-887
-362
-1931
-1717
-1104
-2270
-1568
-2888
-8748
-3376
-4317
-7452
-7209
-8983
-8367
-4135
-5240
-5171
-5822
-1744
-4217
-9292
412
2244
-949
-362
2551
2046
2772
3381
6741
10212
8411
9604
11584
12115
12490
12218
12769
13269
13078
12404
11577
10154
9954
7872
6099
4367
4180
4064
-287
5351
3824
4671
5676
2913
1840
3357
7705
4204
1353
1965
1984
-2718
-3572
-4651
-5952
-10324
-10046
-5946
-8889
-3463
-3611
-6262
3130
6874
-1749
-2830
-3145
-2323
-3321
-2650
-2927
-1640
-963
-140
-463
87
489
792
2006
2014
570
901
-158
-2107
1716
988
-720
1028
-280
1566
3130
2189
3131
1682
5119
4645
2112
2289
3293
3181
1317
1079
219
20
1253
721
29
-1898
-5184
162
-489
4575
805
-3524
6804
1830
288
-1294
-3033
-4326
-4235
-1016
-1302
1378
-2234
-1035
-1904
-2827
-3280
1306
3097
3517
5861
4961
4470
6348
9033
8767
9117
10093
12308
12931
14933
12323
10538
11222
11213
9591
10919
9156
7143
8116
6994
5505
4425
2491
4125
4054
2257
1884
-418
415
-2512
3699
911
-7710
4620
6122
-585
-922
-828
-1365
-2857
-3901
-3578
-2971
-4323
-2069
-3661
-4767
-2554
-3616
-4050
-4235
-3243
-3843
-5928
-3220
-1122
-1409
267
-49
431
1606
736
289
1783
1969
1085
1303
-840
-1027
-1949
-2811
-2948
-4833
-4107
-4822
-2999
-942
-1252
-875
-1785
-809
-88
3660
-2137
-5287
4927
3162
1503
1583
1821
4078
-1184
-716
-1114
-3109
-3683
-4113
-2582
-7052
-6246
-7900
-5503
-3077
-5424
-4494
-7464
-5159
-1052
1718
3868
5681
5987
6057
7444
7742
8860
9020
7445
8343
8089
6795
7033
5149
4343
3498
1464
6423
4246
-11
542
769
-3666
-2019
-1852
811
3689
-4599
9674
9120
4271
3464
138
-468
-992
77
-3994
-2789
-2893
-1264
-2818
-1646
392
-787
258
-754
-1235
644
-4523
-3322
-1457
-2553
-1516
-2951
-217
1561
1781
980
-393
257
1210
-226
299
-101
110
1593
-249
-934
-393
-1859
-4077
-3043
-2461
-5278
-5630
-4244
-3076
3065
-6049
-7489
4081
192
2433
2091
3622
4253
581
2340
962
4142
5864
4488
3542
2920
2681
1521
1441
941
1321
-2118
-3967
-3130
-3044
-1019
-2370
-1052
-3384
-2908
2518
3919
3231
4377
2589
1732
8209
8176
8931
8542
7777
6381
5722
980
156
-1571
257
-81
-360
-1735
2581
4824
-2665
2806
8994
4835
5788
7293
7591
12336
12133
12093
12660
11033
10648
9089
10069
8597
6847
5794
4944
4217
1901
-961
-2656
-2639
-3969
-3669
-5962
-5706
-6645
-5690
-6541
-7236
-6175
-10068
-8471
-7675
-7095
-5758
-6005
-6316
-5663
-5618
-8353
-8924
-7559
-11616
-10420
-8645
-9736
-8899
297
2247
-3415
2052
10190
6050
5058
11252
11240
10510
10986
11649
12318
12571
11352
10786
10046
8321
9107
3053
1649
701
502
-3031
1406
2060
472
-2375
-3016
-4675
-5692
-7035
-8775
-7745
-7794
-6890
-7267
-8483
-5460
-3374
-1679
-607
-6856
-5072
-1678
-3353
-1265
843
2950
2666
3106
7419
6756
11694
7134
9178
17256
13676
10911
10876
12420
13348
13005
13163
13809
13288
14296
12917
12257
11159
9565
8760
6037
5583
3289
-848
-66
4
-1912
-4721
-7235
-2530
-3654
-4854
-7674
-10189
-10685
-11245
-8776
-9420
-10839
-11341
-10555
-15078
-15580
-13244
-16088
-13196
-13522
-12366
-10295
-11099
-4669
-205
5894
578
-2955
7292
10057
8317
10561
11808
11803
13332
13683
13060
14522
13108
11846
12252
12107
11221
8748
8593
7654
7561
5971
2901
3969
2813
1034
1818
-1043
-3712
-4972
-6393
-5843
-8284
-9611
-10629
-13587
-12970
-14029
-14372
-12919
-13911
-15057
-12602
-10194
-8428
-4661
-3154
-81
751
2658
6866
7419
14036
12680
9572
20677
20531
18985
21982
20206
19923
18986
20460
19570
18724
19319
17190
16046
15023
13398
12636
10048
8488
7032
4334
3012
1493
-296
-1651
-3722
-4250
-7048
-10303
-10018
-13476
-11877
-12233
-14479
-13487
-14107
-12343
-11956
-12971
-11089
-9198
-10540
-9539
-10245
-10479
-10142
-8686
-6572
-7321
-4235
2528
1863
-2769
4014
12230
12016
13953
13919
14065
9934
7267
14939
6911
6920
7440
8357
8360
7472
6762
5843
4469
4541
176
1049
2031
-1454
29
-3165
-5621
-4009
-6884
-9060
-10630
-10681
-9762
-11512
-10534
-9551
-11935
-11191
-12092
-13628
-9565
-10919
-9198
-10841
-7688
-6525
-13754
-8590
-5234
-5236
3447
6887
3998
6471
11312
13489
13336
15267
16344
17006
15477
14094
14529
15253
12773
18271
16938
15320
14099
14030
13137
9681
10579
7078
4503
4630
6708
3349
-19
2941
-3
-1265
-5566
-5008
-4619
-4424
-5080
-5452
-7244
-8779
-9423
-8331
-9419
-11657
-11005
-12640
-15100
-14822
-15806
-13275
-12549
-14454
-9130
-2945
-5749
-8089
3895
6291
6096
8868
8581
9073
8431
7640
5289
6598
6884
9181
7399
6413
8799
6686
4148
5845
7038
-373
1219
5214
1445
3982
5898
4479
5014
5024
3713
2961
1236
87
-1656
-2868
-2774
-4713
-5932
-6545
-6435
-7490
-8829
-11836
-13703
-14614
-14860
-15686
-15866
-15294
-14248
-7928
-6804
-9542
-6530
882
4154
4411
4755
5577
12173
14397
15151
15373
16035
9742
14366
16215
16891
13918
15932
13555
6766
7952
10028
11300
8375
10368
9022
8109
10440
8606
6363
6986
6396
5971
3985
3734
2712
449
362
-3614
-5481
-7535
-9984
-9080
-11306
-14115
-14344
-15840
-16417
-14947
-14430
-8016
-7877
-12704
-8355
-3790
-1094
-694
-1126
478
1333
3396
1615
5080
6668
6089
7379
3523
7816
9929
10257
9688
10843
9985
6586
9420
9879
9838
8544
8176
9373
8170
6785
6207
6369
5388
4129
1650
692
-332
-3231
-2270
-3596
-4380
-3887
-6408
-6998
-9183
-10499
-10401
-12293
-11425
-11377
-10886
-7188
-7289
-15627
-15715
-7289
-9684
-7630
-1108
-6870
-2284
5795
1030
1588
11400
11776
16017
17578
15084
18226
19933
21072
21661
18589
17644
19838
18652
17958
15885
15027
15729
13845
12819
7541
6403
5050
5545
4008
1854
-1353
-3237
-5124
-6596
-7642
-8948
-11141
-8037
-9654
-11238
-11418
-11124
-10191
-9999
-6405
-6134
-13430
-4736
-1204
-14020
-5549
-6489
-6208
-4386
-3759
1462
1068
2069
1858
3976
6292
6238
5866
7512
9877
9422
5274
5593
8073
7832
7777
7020
5821
5583
5238
4649
3834
1898
1301
-18
-2256
-2585
-4697
-1666
-2019
-4964
-6811
-6789
-6780
-7412
-10405
-15368
-16562
-16912
-9550
-7362
-3114
-8450
-14347
-5920
-5607
-5405
-3770
-3265
-460
-447
398
-1508
2917
7728
3574
5998
8014
10316
12185
11312
10841
13270
12060
11492
13272
15557
17828
16282
18856
18310
15985
13918
12334
12126
11220
8762
7622
5529
3135
1756
-1737
-1390
-6000
-9551
-8493
-9456
-9507
-8926
-9646
-10425
-8405
-4756
-511
-5855
-4958
3374
2631
2941
3797
2034
2891
3859
3976
5749
4045
4320
3752
2851
5150
2899
3803
4210
1640
2351
943
2779
3850
2556
2718
1663
1811
821
1284
1691
1650
238
-844
-1301
-2803
-3260
-4528
-7166
-6137
-5702
-7208
-5861
-7566
-8700
-8764
-9084
-8946
-7674
-8374
-2845
2814
-134
-2685
5304
8853
3174
6484
4813
5817
4596
2825
4336
2226
2115
-1280
-1435
1250
1416
3663
5006
6116
3166
1604
4084
8221
9763
9602
8753
11221
11616
11850
6233
5567
7034
5353
4710
3692
2793
2500
1120
-856
2170
2049
70
-1849
583
-805
-2633
-1907
-2
-1267
4198
9786
-461
3639
12045
7004
7919
8721
9022
7382
-83
1405
1880
3627
3056
2613
3320
1926
2193
539
-1976
-3451
-5444
-7593
-4168
-1315
-3051
-2214
-1560
-5972
-3989
-6047
-5274
-6933
-6142
-7311
-4662
-4664
-5658
-6736
-4513
-3430
-4455
-1316
-3809
-3128
-4779
-3285
-2432
-4573
-3773
-3165
4387
10291
-344
506
11966
6241
6241
7700
6017
5204
3630
3013
2112
4229
2629
1885
1620
-367
-2032
-3372
1067
1115
-2122
-7144
-6004
-4394
-1635
-1435
-5564
-4011
-106
1179
-2064
-1248
1287
3437
2862
3913
6504
7776
6736
7467
7215
6673
6146
5867
4232
5642
6660
5038
5183
5750
12114
6188
3161
12717
13223
10423
9541
11713
10161
10913
10039
7931
5686
2635
5257
4627
4871
3893
2381
2042
553
1091
-2243
-5894
-4469
-3422
-7033
-9697
-4041
-6344
-6917
-8005
-8257
-8364
-10306
-7707
-5684
-3165
-4209
-2880
-2519
618
635
-1789
-156
227
-2161
-2648
-2556
-2802
-5633
-3623
4667
-1398
-4576
1572
7276
6506
3746
6116
4272
4958
7704
7875
7800
6131
4340
4271
4238
3298
2900
1183
-2788
-1395
-4928
-11280
-6881
-8267
-10656
-9464
-12128
-12157
-10718
-11220
-4537
-4478
-5950
-4140
-928
2589
4571
6665
5424
7553
7587
7566
7135
6800
4833
6113
5382
5555
5795
7849
11629
7790
3169
7795
14662
10237
11439
10287
8786
9718
9067
9367
6991
7286
7053
3712
1493
1422
1480
441
-1768
-1122
-5936
-2848
560
-1778
-3203
-1883
-2082
-2918
-3465
-8190
-6414
-6217
-5680
-4405
-4056
-6577
-5586
-4669
-3884
-2157
-4565
-3000
-3439
-3587
-3629
-4641
-4659
-4323
-905
-2853
349
2426
-4838
-4070
5136
3354
1237
4966
1468
2125
2597
3476
4455
1205
2552
2677
-574
1594
-2454
208
2270
-1949
1206
-3531
-1817
354
-829
-918
-1106
-2108
-612
-2682
-1937
-2106
-4809
-5298
-6364
-4567
-6902
-5119
-7161
-3462
1242
648
3005
3254
1213
2459
-292
-97
3243
1095
12411
10076
6219
14376
14620
7014
11116
8292
9095
7245
7606
6718
1953
7444
2710
1902
9732
1854
2639
2673
3344
6445
2641
676
2392
2305
3214
2068
3905
3364
3626
32
-2708
-858
-2029
-5010
-4531
-6169
-7848
-8397
-11132
-11520
-13632
-6422
-7873
-8128
-8092
-9772
-12213
-12212
-12209
-7309
-5053
-8041
-1155
1039
-3427
2189
1864
1402
4430
6603
4641
3101
7136
7022
6866
8899
8909
8423
9764
7758
8012
9135
6018
5326
6391
6645
5794
5604
5227
5582
4329
3170
794
-3026
-689
-914
-3545
-5360
-6974
-9349
-11798
-12775
-15675
-15465
-12949
-11911
-12208
-12670
-9087
-5510
-2506
4388
2740
-1564
3923
9628
11565
11929
13171
13180
12469
16472
15518
13943
13814
13275
15605
14827
15714
15018
13998
15168
12190
11305
7474
5126
10129
4515
9151
6963
2043
534
1687
-7
115
-3444
-5455
-4079
-6662
-8083
-9708
-9884
-11052
-10988
-13091
-13625
-13789
-15362
-13918
-16119
-19750
-19449
-16788
-18980
-5479
-7439
-17656
-3361
341
-2989
1718
572
6244
3925
5829
7148
5986
5024
4466
6554
6733
8066
6452
7518
7244
7292
4958
3250
3675
3017
2817
1219
2603
2237
2170
1310
2019
406
-4308
-4358
-5633
-8081
-3401
-5374
-12443
-11591
-13847
-14450
-16624
-16833
-16605
-18959
-18892
-17707
-15194
-12152
-5781
-10461
-8218
3318
2351
3033
6202
6487
9337
10667
12141
12964
14235
17017
14628
14410
16420
16345
16639
15156
13836
14006
9140
8083
9155
8100
7081
9643
10303
8722
6620
6190
3974
-1497
-2069
-2616
-6752
-5366
-3814
-5024
-5966
-7854
-7360
-9992
-10679
-11026
-13147
-13255
-11757
-14637
-15592
-13349
-9628
-8901
-12544
-4845
-540
-1727
749
1659
4856
5637
5915
7280
6092
8209
8615
7110
7238
6077
7100
8803
7856
8484
6532
3277
4695
5616
5768
4917
4794
5281
4410
4007
3981
1670
670
1089
-1891
-4815
-5465
-3790
-4524
-4367
-6921
-9089
-7606
-11216
-13254
-14209
-8477
-9766
-8566
-8661
-2442
-4743
-12198
953
-1858
514
694
-3757
557
1454
3235
6927
8106
7321
10229
11454
11825
12563
11711
12557
13427
15130
11783
9428
11236
9143
10155
10007
8828
7118
6712
5593
4287
1149
-414
535
761
2747
-5131
-3980
1009
-1919
-5034
-2660
-2913
-5632
-5906
-7982
-7936
-7776
-9224
-9562
-6869
-4332
-6288
-6442
6185
507
77
-400
2969
123
-4154
1323
-464
1865
1979
2070
4092
3755
3888
4746
5051
7089
7602
1784
3848
2217
-592
-165
-2793
-2799
1579
2162
591
1497
-3898
-5349
-5383
-5725
-3567
-7774
-6855
1825
-5416
-6946
-2344
-1232
-635
-2626
-3370
-7748
-6901
-5509
-509
2409
-5979
-7297
2152
605
-6736
-4467
-557
-1051
-2455
-643
4656
1406
1975
-3934
1720
6026
7750
9337
9101
11437
11663
8871
11531
11644
12418
10541
8283
11912
8501
7914
5545
6676
5321
3344
7565
8858
6456
5859
4789
5129
5892
4464
1894
-996
-917
-3260
-3298
-5257
-5211
-5376
-4762
1137
1390
-7728
-2976
7317
928
2252
1142
311
1396
-2378
-348
-2435
-1272
-1335
-2272
-391
-1434
-781
-1294
-1304
-607
-40
-5269
-570
4960
-1953
-2671
2920
3852
2577
5130
7247
6899
3189
4075
3224
2017
1695
224
-572
-2627
-577
-716
-3260
-3073
-4878
-5442
-5658
-9827
-3036
-594
4131
2721
-6069
2573
8362
2565
3396
2084
1316
-3
-1213
-931
-2579
-4106
-4170
-4748
-13024
-7571
-265
-4794
-2911
2251
3797
-2022
3284
2964
2651
6712
8291
9462
9280
9775
11865
13042
11751
11305
10615
9470
8397
5858
5681
3784
7103
1254
1936
1011
-1433
-2211
-2278
-2620
-5215
-3628
1782
6048
-2143
-1743
8719
3887
1390
3122
-499
-2787
-4458
-5254
-6287
-6381
-4613
-8411
-6795
-4533
-5713
-5671
-6630
-7166
-9671
-11459
-1318
2127
455
861
1058
3318
5386
5754
1036
-803
2502
3125
1546
1878
709
2283
944
2657
118
-935
2529
-735
-1070
-3234
-3019
-1977
-4235
-1861
1075
3249
-3550
-1348
7834
3888
4197
2779
1612
2098
2189
1744
-1478
911
-1540
-3665
-2184
-4299
-5052
-3743
-4170
-1938
-2243
-2784
404
-115
379
3523
5730
5883
7650
6348
6778
8210
7717
9787
9029
9433
9203
8749
9410
6963
6296
4285
7384
6675
6526
2957
1731
1770
-696
1335
3696
8397
-1014
-5880
2387
417
3626
1887
-935
2572
3000
-1537
2718
1512
270
700
440
2368
1075
1140
469
-955
-2735
-7683
-7200
-3905
-4002
-2307
-3131
-3011
-2245
-912
-1684
-2009
-1846
-589
-344
-1372
-837
-1307
-1290
-3375
-3530
-3658
-1231
-2281
-305
-8747
-8265
-7773
-7432
-4516
-968
-1581
-6854
-455
7206
3392
1996
5141
3411
4664
3747
4059
3139
3622
5676
1833
3129
1553
1217
-301
-152
1144
-3208
-4194
-4085
-4825
-4877
-5545
-3448
990
-1864
-1656
-1295
990
5670
6442
7362
7109
7437
7935
8891
7669
7570
7758
7850
5129
6097
5030
192
-3857
-1808
488
5213
5524
-5052
2231
5352
3922
5986
4770
5324
7683
8756
9263
8894
8722
8967
5830
5859
5532
3359
1084
-343
-742
-2980
-4441
-2034
-4361
-5785
-4461
-4427
-4856
-8144
-6801
-7388
-8750
-8726
-9248
-7241
-5486
-4860
-5046
-5293
-5996
-5087
-6767
-9178
-11740
-11027
-8769
-8240
-9075
-10175
-6501
-2105
-4564
-6837
1411
3926
4828
5059
4564
8222
8144
7282
6839
6939
7444
8565
6594
6122
5746
3926
3086
1237
632
-2282
-2176
-1627
-3700
-6691
-9110
-7752
-9652
-11619
-8159
-9043
-9408
-8283
-9726
-9825
-11148
-9980
-6110
-5045
-3705
-1152
550
1729
2426
-750
471
1416
2604
6392
5411
14027
9023
5724
17450
15098
12828
13752
13198
12690
12644
11966
11176
11720
10241
11260
9821
8528
7352
6140
4587
4262
1653
-2035
-161
-672
-554
-3158
-5141
-4798
-4953
-5615
-8060
-8543
-8981
-9723
-10047
-12029
-11192
-11722
-13031
-11317
-13457
-18979
-9182
-8602
-8567
-4991
-4886
-2547
-3906
-395
5005
8664
2517
890
11833
13536
10195
11752
12969
12867
13256
12773
13210
6866
6999
6986
6430
5844
6170
5188
3535
4931
1217
170
-847
-2100
-807
-4103
-3966
-6080
-6458
-6474
-6958
-8255
-11318
-10730
-11456
-12223
-11900
-15530
-17345
-12881
-12034
-11007
-10994
-9154
-5712
-3513
-1247
493
1855
2289
7682
14561
10419
10668
18443
19549
18844
20418
20577
19297
19188
17636
17399
14478
13294
11838
15287
14800
13242
12740
10289
8942
7491
5021
4564
-1485
-1822
-1686
-3682
-3602
-5874
-4991
-3901
-6777
-5375
-6404
-9435
-6225
-7909
-11655
-9005
-7409
-8234
-8056
-7832
-8967
-8295
-7223
-6957
-6560
-4236
-5103
-2462
6477
659
-512
9648
10058
8741
10707
11300
11490
12320
12981
12776
10459
10120
10312
10321
8292
6544
5894
2280
3923
-630
-1584
-461
-3663
-4740
-5254
-2750
-3898
-3906
-5296
-6376
-7366
-8372
-8654
-8373
-7404
-4904
-6930
-11109
-11839
-11057
-11487
-13671
-11147
-12358
-12717
-10835
-9299
-7701
-3626
-2078
4386
9336
4877
10288
15215
17159
17593
18122
18713
17423
18254
18544
17535
16484
14205
14287
13255
10553
10619
8545
6396
2812
1556
5778
4923
4007
2415
2034
-480
-175
351
703
1732
-2954
-3848
-5470
-4889
-5682
-7728
-6679
-7356
-8967
-7399
-9062
-9426
-9028
-11037
-10856
-11979
-12052
-10449
-10647
-2920
-4599
-11490
-2326
3194
2838
2375
5448
6463
6347
7318
6301
6380
6157
5619
6118
4363
-206
1429
885
1111
-314
-2109
-104
-117
-460
-1940
-1675
-2412
191
1401
-1592
-1817
-1510
-2984
-2275
-370
-343
-338
-1544
-1462
-3011
-4138
-4150
-6349
-8372
-8049
-8443
-9683
-10170
-11309
-11128
-6128
-2861
-12501
-8317
-292
-810
4090
5613
7419
8008
8540
10910
11492
11367
12801
15281
15538
15449
15460
13092
13937
11972
10396
12424
12401
12023
12040
11252
10015
7830
6178
5800
4776
7307
4196
2309
2665
2512
2151
390
352
-2692
-4765
-5876
-7975
-9957
-11128
-13506
-13310
-14609
-13167
-10515
-6510
-11838
-12980
-4073
-7624
-6588
-5293
-4506
-961
701
1048
3877
6363
3208
7482
4611
4605
4937
4417
6731
2154
2821
4643
6378
5039
3945
2309
2707
4206
3267
2637
2545
3221
2480
2041
1576
1236
-1167
-1472
-859
-2737
-2844
-5878
-6369
-6718
-6784
-7861
-8350
-10951
-12594
-9012
-8222
-2393
-10579
-13663
-2614
-7801
-11367
-11391
-6482
1863
449
750
-1391
5408
7904
3486
7357
7843
11305
14060
14761
14909
15628
15400
15513
16074
16026
16810
13986
11157
11559
11154
10209
8171
7008
8005
6138
3301
4004
1745
-11
-255
-3143
-4766
-6061
-9288
-9442
-11010
-14302
-12129
-13797
-13997
-10429
-4532
-6604
-12145
-2667
-298
-2573
-4227
-3945
-3166
-5748
-531
248
-318
1892
2134
4747
4902
3432
4951
3998
3826
3948
9398
9164
8302
8296
8857
8791
7351
6760
6808
6399
5294
3857
2745
1835
2122
1422
74
-609
-2777
-2859
-3441
-4160
-5125
-5937
-12618
-11148
-11942
-11000
-11842
-8602
-448
-3957
-9258
-7335
2646
-1496
-3800
951
-964
-1362
-146
1983
768
2910
6172
3995
6084
7059
7026
13225
13745
12804
14848
14882
15331
16124
16707
17612
17664
16941
15751
14532
12736
12079
9628
7146
5102
3047
4271
1600
599
-120
-2050
-2072
-2742
-5848
-6619
-5615
-7869
-7561
-10274
-9003
-4597
-4283
-5957
-5637
1560
3174
2807
5035
5644
1824
653
3033
3895
4485
3130
4213
4513
3737
2836
3496
2769
1921
2740
3417
4463
5050
6087
5419
4503
4210
3810
2604
2472
873
284
-1108
-2570
-6047
-8053
-2333
-2943
-4105
-6484
-4737
-7560
-6182
-7429
-9250
-6012
-14747
-8541
-3912
-3022
1157
2359
507
1955
7198
8040
3272
4462
6663
2735
1610
2052
1658
1322
183
-1126
-1054
-3154
-3700
-2802
6322
-834
-3897
-404
3660
4184
5892
7134
6953
7348
8782
9500
8261
9312
9622
8631
5516
4287
5734
4347
2813
2174
1789
-483
-2620
-3578
-2357
-1528
-3083
-1788
-141
1947
4831
4938
1254
4621
12687
10567
7682
8708
7732
6993
7449
6330
3844
2466
2741
2779
1111
-219
44
-3455
-784
-67
-407
-1351
-1508
-4147
-4130
-3735
-1877
-3368
-2491
-1170
416
5814
7354
5130
7563
10252
10621
11806
12484
14594
12152
14502
14437
14500
12927
12401
12357
10715
10077
10818
6191
2569
7878
3133
3728
2718
375
-822
-1243
-1227
-4142
-7188
-7668
-6516
-6333
-5443
-3225
-8422
-3298
4050
-1403
865
-569
3646
1888
-124
2115
506
889
385
1801
2259
2024
1966
705
-2575
-824
-1628
-4257
-2471
-1453
-717
-1200
-759
-620
770
1379
979
1329
1259
1974
2122
1344
1825
2072
1751
1119
-162
-1609
-3476
-4124
-4882
-4271
-7361
-7148
-7285
-5191
-5261
-4704
-4191
-9059
1703
1196
-1313
2183
3897
2678
628
3805
3462
4050
1158
1421
989
6764
4688
815
2978
256
528
1031
-1824
-1565
-82
-874
-1431
1916
118
769
1275
3369
2980
3292
4804
3887
2963
4812
3597
2456
1839
1637
-171
876
-619
-25
-2649
-8749
-4214
-4103
-1469
1481
-1851
-980
5534
3622
6410
7368
7622
8414
5874
8334
8683
9747
4833
5816
9796
7156
5770
3180
1401
-246
-1222
5177
-3212
-2905
1860
-4094
-3829
-6568
-7397
-7853
-8857
-8583
-8603
-8100
-7340
-7601
-6976
-7353
-7223
-5834
-6613
-8680
-10069
-12021
-11785
-11219
-10427
-12777
-4430
-2253
-6609
-1627
3271
-669
3923
9644
8557
8330
9672
14159
10072
4659
10725
8642
10847
12715
12190
11150
11647
10730
7981
6910
7510
8134
5790
4198
4239
2249
1423
-326
-1884
-3084
-5025
-6270
-8230
-8894
-9718
-10719
-10145
-10804
-12313
-7916
-4263
-4516
-5929
-2404
-2353
-1590
-1134
663
5200
2045
6464
10189
11831
7961
15997
19716
12482
17103
15298
15186
16764
14450
14521
15489
13149
11278
10146
9073
8821
8250
5003
5729
6731
4412
3846
2684
2011
476
-1949
-3437
-5651
-2962
-3112
-4396
-4546
-5254
-13166
-13811
-14225
-14250
-13673
-12127
-14975
-13185
-15756
-16802
-11880
-14284
-11869
-12241
-11247
-9787
-5836
-1797
-2083
-2108
-970
6258
5475
4831
5740
7848
6933
6877
9812
7816
8589
7906
7370
7939
7438
5622
1564
1681
3217
2227
2800
377
-477
2405
1335
1473
1483
-936
-3407
-4164
-2202
-8131
-6627
-5970
-11604
-12016
-16280
-11996
-12264
-13688
-9755
-11361
-10556
-12291
-9138
-11737
-11407
-9652
-7345
-1133
4820
1535
4705
13460
9953
12588
10216
10397
12599
14338
15564
16367
19043
18447
18211
18535
17617
17689
10987
12457
14577
11352
11324
9520
8752
7801
4738
5199
3716
1996
2665
1215
646
335
-2334
-2706
1278
-1874
-3616
-2310
-5008
-4207
-2394
-9673
-7695
-6695
-9038
-7097
-9586
-7897
-9651
-7466
-3473
-8013
-5492
2925
1249
1961
984
3697
6438
4093
6025
6905
6956
5432
5278
5072
3104
2747
8585
539
6821
4832
4878
124
-3439
-1324
870
38
703
365
-2380
1839
1947
472
1984
480
-733
730
57
-2845
-1337
-1026
-46
-2383
-3715
-3456
-5304
-4912
-3716
-6727
-8879
-5650
-4590
-10889
-9526
-7390
-2669
-2906
-3255
-2820
-2788
-942
-10
5155
8600
8239
4508
7005
8046
9634
9938
10781
12847
12878
12926
12954
13032
13123
11913
13491
13525
9535
11000
11148
8971
10579
9354
6393
7240
7687
6795
5550
5139
4525
4559
3439
2037
-508
-2894
-2817
-3330
-4973
-6773
-6778
-5328
-7322
-9497
-2924
-2365
-6435
-6462
-4646
-6723
-2531
-1380
-1824
-2642
-3763
-1958
-2283
-7152
-4960
-3556
-3112
-262
-522
270
5392
4208
5735
6610
7034
7276
9550
7551
3563
4329
3291
3235
987
5259
6133
5768
4804
3922
3474
3291
1981
2229
436
-1479
-1927
-1996
-2016
-2874
-3416
-736
-239
-4686
2227
1931
377
1825
-73
1359
-3898
-1741
-1326
-2300
-2189
-2584
-3882
-3415
-6062
-8095
-3842
-2774
-833
-5598
1332
2839
4645
2919
7967
12219
12945
14028
13841
13497
13853
14768
12660
13756
13598
13175
12130
11569
9750
5978
6662
901
-124
-1747
-3734
-2718
-2945
-3399
-3818
-1424
-988
-5387
837
2884
-360
873
-1439
277
1325
861
-402
1312
71
-2245
2246
473
195
522
-501
-487
1995
-2300
-2057
783
-382
677
-269
570
1035
3718
3629
3331
4338
3393
3659
4777
3273
219
901
989
-461
-1007
-1827
-2021
-2787
-4377
-5513
-5432
-4486
-3450
-2873
-2082
589
-3849
1677
5256
5072
4580
3327
5242
2081
3597
4798
7353
7192
5509
7761
6891
6587
1700
2145
4842
246
881
-1125
-2288
-1347
-2239
-2987
-4164
-5239
-5067
-4355
-5513
-4983
-4220
-9
778
783
2422
2288
3549
2623
3179
3504
5209
4180
4020
2734
386
1256
-1588
423
-1827
1194
5672
4178
12603
9265
4526
6825
9658
10650
10349
9453
9906
8702
5618
8656
7738
6458
5657
5603
2635
1822
1290
-1769
3234
1094
1720
910
430
-314
-1580
-2002
-3278
-3697
-4834
-11916
-10339
-10674
-11562
-9049
-10186
-8313
-8915
-9813
-9606
-10923
-10887
-8235
-8873
-7596
-3765
-5298
-4776
-490
595
-2916
7936
10425
7285
7772
10819
10767
7448
12671
12255
12832
11221
10885
11191
10134
9820
8278
7570
6150
7130
6803
4580
4183
2143
1717
1285
-436
-922
-2035
-3291
-3699
-3402
-5924
-8071
-8262
-10090
-10594
-13181
-14115
-12627
-11561
-12169
-13897
-8937
-7077
-11730
-2083
2513
1478
5755
7129
11877
10822
6310
15565
14996
16998
18589
19058
18071
15330
15476
17100
16996
15105
14198
12219
10388
10404
14686
9974
9031
9242
8560
7840
6367
4530
3456
875
-209
-595
-3508
-3582
-3424
-9429
-12350
-10939
-10427
-10883
-12288
-13522
-13261
-14746
-17390
-19029
-8737
-10651
-9764
-9566
-8230
-7120
-6412
-6285
-1712
3435
-1506
9740
12127
9842
7192
6544
9137
9361
10161
9485
10389
10219
8924
8031
8468
9811
9105
5483
5954
6583
7033
5972
3896
4476
1481
349
-325
-3352
-4805
-6566
-8344
-7496
-10755
-6227
-5144
-6598
-8148
-4322
-4192
-6704
-5925
-7304
-6745
-7506
-8593
-10268
-10279
-9064
-8092
-6650
-7403
-5877
-7675
-5975
6804
10405
11988
12212
15113
16612
17965
19183
19352
20384
19540
19845
19452
18124
17160
16596
11809
9630
10794
8830
9611
6520
6556
5742
3818
3469
3342
2412
1500
2418
-2135
755
106
-1724
-1833
-2008
-2488
-2758
-2012
-5361
-3510
-5581
-7870
-7978
-9283
-10978
-10418
-9832
-10333
-6176
-5397
-10321
-3062
-396
-5269
-2983
-2737
-1986
-1639
5380
587
1662
3358
5117
5522
6450
5237
6125
5901
-917
1114
2824
1451
-859
-619
-1969
-149
-1613
-5301
-461
-1313
-3001
-1960
-1383
-2022
-889
-6632
-4245
-3250
-6223
-3806
-5809
-4449
-5649
-6610
-6334
-8545
-8101
-9403
-8480
-7004
-9929
-6274
-4204
-6607
-6089
-2458
-2154
-2505
-3604
-5900
-2504
-1523
-1762
4564
5645
9160
10085
8860
10970
8111
12271
7996
9887
13935
9007
9264
10423
10521
9321
9874
8544
9507
7659
5177
6804
6923
5280
4328
2531
1606
1347
-238
3174
2104
1282
-342
-568
-486
-2550
-3509
-8060
-8033
-7969
-7929
-2434
-6751
-7013
-962
-1187
-547
-2271
1098
556
375
-1648
-4257
-2792
269
-2171
-2333
874
-2417
1670
1787
-638
2681
3537
6602
4696
5992
5091
1566
6495
5130
5136
4764
4080
4219
5752
5918
4058
3167
2092
3205
230
-1089
-863
-2914
-4613
-5449
-6246
-9258
-9684
-9944
-10350
-9922
-11178
-6902
-7671
-8015
-3800
-2561
-3554
-2407
-1060
-3446
693
-1310
-2835
-2025
-6415
-3404
-2367
-3253
-3617
1345
-116
-480
5054
5187
10266
8935
10651
11310
12701
14464
13050
16264
15061
15800
16325
13283
12762
11324
8791
7685
6368
4518
4793
4438
2341
1114
-200
-1939
-5290
-5974
-6379
-6118
-8228
-2486
1236
-4962
-1781
4088
3249
1953
2028
2513
2270
5136
3376
4823
4907
5000
5598
3386
-357
1114
4738
650
-5568
-1900
-75
-3251
-1657
-167
-1648
-1059
-1600
199
-168
587
2153
2038
3284
2878
3054
1729
1063
595
-559
-1865
-2172
-3406
-4421
-4572
-4941
-5495
-8012
-5988
-7025
-7272
-969
-1692
-9545
-1939
1728
-994
3177
284
2533
2479
3872
4340
1801
2151
1896
3717
8731
7197
6380
1851
-985
2079
1068
-4634
-3960
-4871
-2567
-2201
-1412
-2678
-745
688
358
2331
2125
2034
2627
4707
3987
4517
5842
4967
5417
2909
1502
1240
-2264
-1335
-1843
-5811
2605
424
3772
7885
1865
7706
11288
11311
11480
11132
10585
10355
12883
11621
11638
10614
9232
10274
11081
10540
3245
5816
1252
-32
594
-1525
2270
-423
803
-115
-155
-1347
-3339
-4060
-5623
-5240
-5989
-6270
-6971
-5557
-5044
-6638
-6920
-7021
-7595
-4448
-5129
-5454
-8013
-6772
-8203
-10652
-5669
-6385
-6486
-1213
-294
-4154
2121
3846
3495
6649
8118
7774
6564
10670
11057
11249
11065
11404
11746
10948
11955
8155
9062
4734
944
1923
652
-2207
-5165
-668
-2522
-4011
-6393
-6769
-7205
-10556
-11857
-10329
-9038
-10527
-11463
-10921
-10467
-6401
-5411
-2932
-9414
-6009
-2012
-2657
158
1828
3066
4943
6471
9069
14167
8858
13301
18904
16211
16211
14534
15968
12340
12588
14085
11819
12134
11891
11152
10380
10371
10226
9375
9141
5142
3851
4183
3811
2630
1693
-2827
-4258
-3704
-7861
-7241
-9489
-10518
-10683
-10263
-7554
-12693
-11971
-15978
-12773
-9412
-10543
-9461
-9934
-8272
-7409
-10220
-6835
-8185
-6718
-5921
-4825
748
-1386
-3170
5135
9287
8486
10297
11233
9811
8635
11148
10558
10924
10119
9914
9841
9023
8625
8352
8767
7501
4536
3987
6134
3563
910
459
1535
-484
-1696
-2945
-3142
-4986
-7414
-8459
-9440
-6879
-9215
-10287
-10689
-11135
-10842
-12472
-13951
-9436
-8198
-14244
-14041
-5941
-7850
-3989
834
4312
5386
-3767
5802
10098
8887
11658
12221
14378
15070
15328
14803
12878
13089
12701
12574
12844
9631
10931
11133
9894
6023
1488
4619
3432
3707
3478
1257
-103
-3924
1418
2630
1218
714
2258
1633
524
641
69
-1322
-1383
-2675
-2822
-8858
-5113
-11293
-10940
-12626
-13888
-10939
-12431
-12199
-10754
-7275
-7837
-8014
698
1910
614
3924
4857
4406
5631
6473
7036
7281
6578
7397
7305
5699
5373
5831
6197
7275
3889
1945
3540
1557
5773
5796
3995
5072
2811
2486
2705
2360
-64
-2349
-2126
-1065
2430
1614
1586
336
-236
-789
-1626
-4511
-4380
-4905
-7429
-5841
-12398
-13681
-11293
-9139
-11484
-11590
-4805
-5563
-7976
-4032
-3229
339
1374
2002
3887
3449
4481
5823
10021
10196
10810
11490
11496
12895
13696
12030
12473
15385
15019
13555
14130
13397
10394
10263
9703
9013
7815
8076
7950
5085
588
42
675
-134
-1318
-2408
-2282
-3686
-5339
-6504
-7006
-7555
-8900
-9305
-10560
-9507
-8251
-12804
-8334
-4212
-6767
-6264
-5460
-6127
-5020
-5430
-3627
-1326
-2451
-758
214
-492
658
2021
4501
5464
5637
5843
800
1934
4618
5524
4905
4834
7061
6850
6820
6202
6395
5881
4634
5547
3526
2327
-1397
-4717
-2830
376
-1177
-820
-8675
-8626
-6833
-8176
-8543
-9380
-9189
-8156
-6598
-9901
-10183
-5147
-7346
-10182
-9419
-5408
-5468
-6778
-7298
-9722
-7856
-5765
-4051
-1482
663
2585
5591
5982
5237
8424
6016
8013
13072
13798
15106
15307
15098
16629
15470
14520
15645
13570
13474
11669
9394
7012
5342
5202
5735
1694
-2599
-872
-2653
-4553
-7454
-5061
-5674
-2957
-3618
-5295
-4161
-4595
-3984
-18
1109
-181
22
-7045
-3668
-1918
-3190
-2003
-2362
-3063
-3483
-2874
-5457
-18
1500
2606
-3154
3149
2097
-5861
-3389
-2400
-303
-323
1660
1621
947
1490
1647
1002
-1758
869
596
-156
-1743
-801
-1619
-1868
-1864
-3343
-4908
-4522
-5790
-9328
-7257
-10707
-6706
-10021
-7534
-6042
-9953
-1330
-693
4241
4438
4135
6315
6196
7863
5693
4159
4048
4017
4066
1715
253
388
762
27
-1444
-2918
-5613
-5042
-3178
850
3435
4015
5457
6521
6483
8311
9582
8735
8402
9519
10421
10019
9351
9306
9393
6880
5063
3156
4461
3234
127
2111
3134
1976
-214
1177
6645
5710
6038
11278
8669
9112
10400
10914
10962
9601
10350
8088
6736
6503
5209
3542
3446
1950
1684
1536
-601
-1468
-4147
-5737
-4989
-6360
-7949
-7229
-7690
-8390
-8004
-7685
-6198
-5851
-6323
-4078
-4615
-5953
-7276
-7932
-9408
-6876
-6315
-9884
-9121
-2015
-3063
-5812
-2822
909
467
1327
5684
1072
6003
13060
10411
4820
5076
8224
8389
7820
7597
5861
5111
5535
4827
4298
2746
2022
1364
1716
953
-558
-3590
-7909
-5906
-5969
-6975
-9520
-10535
-8788
-11695
-10498
-11621
-12407
-13282
-9743
-3832
-4041
-1240
-1929
319
934
1201
4542
6288
8183
8812
7908
9142
10148
9189
7879
12332
13852
7887
15134
16233
14414
14399
13608
11771
10487
11732
10186
10759
7840
6923
12930
5720
2334
2349
714
835
-590
-184
-4656
-6218
-3618
-6943
-3935
-4904
-7713
-9763
-8920
-13221
-11603
-6927
-9744
-11335
-12419
-12503
-11738
-13521
-12089
-7044
-9609
-8228
-10120
-5268
-2761
-6533
-928
-2549
518
-2917
-131
-388
4018
7805
5109
6417
12458
13755
6527
6714
6409
6480
6355
6308
6394
4981
6655
4622
2527
-442
274
1051
-2856
-6653
-5722
-7110
-5921
-6861
-7014
-4860
-8728
-8001
-13869
-13057
-10127
-11872
-11766
-12197
-10965
-12454
-10795
-10418
-11732
-9267
-4670
-3925
-3186
-1535
3737
5339
8093
9487
8695
14188
12171
11793
20224
19356
19603
19884
21129
19229
18334
19066
16921
16062
9791
8675
8456
7746
8004
5917
3529
2245
282
169
-4418
-3456
-3447
-4796
-8786
-10018
-634
-2203
-2375
-2719
-3097
-9344
-8320
-7711
-7589
-8048
-6012
-5534
-6472
-6504
-6226
-8742
-9977
-6892
-6697
-5097
-4710
-4221
-3003
3807
1311
640
9766
7030
6739
8231
9445
10347
10860
10790
8990
8329
8130
6186
5869
4087
4170
6426
5765
5747
4356
4406
-1799
-1377
3328
1653
2265
2761
1979
2810
2454
1481
790
-361
485
-1320
-1514
-2125
-3147
-4675
-6241
-4283
-5612
-8560
-9031
-10402
-10619
-9553
-8799
-9622
-8099
-1809
1945
831
2072
7854
6012
11731
11560
12849
16208
15984
16543
13899
15181
17543
18226
17321
15378
15315
11173
10100
15043
13439
13778
10747
6577
9746
3212
2797
1928
1435
2179
617
3989
2954
1916
1642
48
-300
-869
-2871
-9534
-10337
-10360
-9924
-11292
-11054
-11712
-10509
-8488
-10976
-9770
-10974
-7969
-5929
-9004
-3238
-465
403
-2466
-1728
1668
-3700
1599
2891
6312
7360
-843
3567
7905
8403
8751
9467
10672
11261
10650
9577
5897
6833
8770
7550
8054
7626
7452
6893
4270
3688
1877
199
-1774
-3215
-2735
-5732
-5085
-6560
-9974
-10280
-9873
-11234
-11104
-12142
-13394
-12055
-12606
-11569
-12298
-9278
-9043
-13681
-6638
-2331
-4678
-674
2326
6381
4842
4056
8303
8679
9309
11284
13495
13952
16480
18828
19495
18602
19241
19563
17207
15242
14815
13508
11982
10160
9877
8702
6242
3407
2270
-222
2687
2145
1431
-552
-636
-2175
-3990
-3778
-5696
-6470
-9223
-8377
-10146
-9182
-11009
-12332
-20647
-14839
-5308
-16882
-8789
-7743
-8474
-8252
-3240
-255
482
3303
6087
3420
1383
5132
5829
6991
5832
7689
6727
7130
7725
5849
5215
2940
8599
5082
5633
2829
2905
3653
2223
1713
1234
33
-1647
-1942
-1575
-2786
-4242
-5809
-6226
-6768
-9393
-11039
-10799
-14102
-16173
-12993
-10833
-10931
-12342
-13728
-11458
-10747
-12738
-6277
-3180
-3048
-3876
-2626
100
-1496
65
-382
3009
5184
2409
6873
11523
11887
12622
12390
14349
15406
14880
14065
11873
12872
14760
14764
14202
13757
14134
12377
10137
10449
9158
6278
4269
2442
1452
-2214
-5349
-5742
-10045
-9108
-3688
-7261
-5893
-7233
-8481
-3417
-2653
-5377
1095
966
-10850
-3174
-234
-2597
-2004
-573
1352
-342
2786
1735
1003
2429
829
2677
-614
-1705
3257
3830
2694
4560
4858
3134
2415
2098
2591
1809
255
-550
-1124
-1807
-1272
-301
245
-3457
-3114
-4642
-6760
-1087
-4121
-4550
-4072
-8123
-9056
-4347
-4928
-5329
-3099
-2304
-612
-2584
-2713
4536
631
-684
6923
5571
5431
4406
6668
6635
5500
6518
5678
5378
3941
3724
3422
882
-2018
-4494
-5509
-4623
-6483
4785
2710
2477
8131
7591
10101
9418
4666
4240
3988
3852
6283
6758
4943
4821
3471
2163
1815
1636
1933
1773
1294
1650
-1336
-1304
-3143
-2616
-2194
1747
3127
8122
3952
3306
12867
9819
8231
7198
6217
8003
7583
8418
7308
678
903
17
9
-62
-1004
-159
-3642
-5611
-5380
-5124
-7632
-8314
-5476
-6045
-6565
-9602
-7266
-6457
-5289
-2706
-5353
-7822
-3753
428
-1564
542
1877
2263
-460
-67
-2067
-2803
-1929
-3970
-3616
-4283
-795
-2677
-2189
2047
674
-1613
4076
7347
2353
4576
4691
7793
6680
5603
6225
5609
6236
6468
4069
4563
3329
-1929
-1819
-1068
-2264
-6390
-10181
-9203
-5399
-7032
-6880
-6409
-7835
-7760
-229
2900
4005
5735
6135
7049
7474
9364
7371
8214
9688
11485
11135
9233
9195
8284
7394
6531
7447
8059
5146
9191
6560
4164
15030
13077
11279
11618
9713
10976
9715
9139
8150
6250
6719
5345
5862
5808
4070
3824
165
-427
-2053
-2261
-6233
-9921
-10814
-10793
-6280
-9647
-7088
-3426
-6059
-7092
-9760
-9015
-6259
-5671
-5371
-3991
-1682
-5
-330
-1078
1083
-42
-81
472
450
615
-2136
1696
-1069
-3743
2658
-3863
-86
7713
6914
6945
6188
6938
6477
4832
6174
6063
5544
3397
4036
3785
2803
5827
4849
3605
1491
1195
3343
-2102
929
3354
-1895
-569
-3861
-1829
-2208
-9420
-5847
-8229
-7649
-7342
-6982
-8337
-3487
3532
1697
4547
3449
5313
4955
5637
134
2978
2322
3345
8716
5779
10808
8380
3209
11474
10888
8371
7021
7987
7590
4353
5050
1819
4630
5914
3491
5853
2964
1777
4620
5927
8706
8152
6508
948
-1237
2819
2243
1178
-2998
-2264
1166
557
-1420
-1948
-3640
-5664
-5523
-7987
-9262
-7961
-8068
-8580
-7002
-8853
-9699
-10706
-9423
-8839
-8713
-8406
-6971
-7138
-7680
-399
-6104
-994
4099
1749
4229
2521
5401
5059
7009
6991
3792
4403
6833
6426
10204
11170
8110
7357
7484
7707
5033
8400
5559
5788
7928
8388
6338
4581
1926
277
2195
773
-1276
-1012
-3517
-4935
-7052
-7182
-8892
-10519
-8813
-9981
-9033
-14238
-9608
-8054
-7345
-4122
-4254
-1149
1311
3213
359
3210
13141
9670
10835
14118
12154
12666
12870
12917
17024
19360
16602
15907
15143
13447
10630
10054
9319
12238
13251
10968
7786
9139
10502
3392
2668
1824
2277
2581
-1526
-1748
-2215
-3019
-3297
-4874
-4563
-5260
-6758
-7732
-9545
-10295
-9132
-11790
-12394
-12785
-14645
-13251
-13536
-11890
-10334
-7098
-2331
-8317
-1099
3271
823
3438
4607
13139
10742
8176
9917
9755
9213
8077
8306
7231
7308
8555
8045
7430
7774
8469
7612
5038
7564
8436
7830
6698
5851
7422
4647
3394
444
-2866
-523
-1581
-3650
-6094
-6482
-6948
-9183
-9840
-13679
-15502
-16327
-18027
-13429
-16816
-15629
-13139
-15756
-8468
-8970
-3757
34
3688
9244
5435
7972
10677
12537
13481
13563
13176
15097
21796
20185
20489
20542
19557
18364
16638
15355
15176
11803
10743
11578
12725
10658
8042
8276
7782
6516
4602
3859
2447
-440
-3525
-1218
-2510
-6941
-6399
-8020
-9442
-9555
-10578
-10770
-12248
-12805
-13030
-14010
-9275
-11985
-9303
-873
-8323
-10107
-1675
-3786
-2578
2448
3530
5285
7108
8106
9422
9672
9434
9442
9858
8429
9754
7751
8922
7337
5209
4514
10
1361
2987
4153
2182
2382
4736
4565
3091
2510
1560
-442
-2168
-5244
-6972
-3767
-5050
-6843
-7465
-9373
-8340
-11099
-11190
-12036
-12166
-6391
-3730
-9493
-6341
-3754
-9480
-2440
233
-1007
1208
1759
3072
8167
9801
10877
12639
12103
14136
15094
16330
15800
16343
17578
18674
18868
18048
14400
11430
10383
10155
9760
7187
7081
5854
4452
3588
1245
1807
2588
-438
19
-1851
-7362
-7947
-7545
-3537
-5487
-3337
701
-7480
-10859
-10098
-10752
-7627
-7195
-6226
-3919
-7570
-4382
996
1467
-719
272
398
-1552
-647
-1561
-1462
-2394
2903
-1638
-1008
-6
369
1819
2547
1790
1396
738
-1416
-483
-300
-913
-3596
-3849
-2613
-2178
-860
-2309
137
-3178
-2191
-916
-2293
-940
-208
3097
-1040
-878
-928
-1783
-1319
-2624
-3788
-3334
-2108
-6066
-1068
618
-5436
-2249
3140
2090
973
-345
-1088
-2074
-3095
-4018
-6209
-657
-429
-1960
1666
6503
6354
8880
7643
8993
4340
6082
4984
5595
10407
8945
11161
10730
12547
9480
9150
9724
10283
8705
11721
16543
7820
7286
6083
6214
5450
1724
1039
1770
1782
2381
2217
1091
1219
1478
-2328
-561
916
-5251
1202
2834
1631
1005
858
1605
-685
0
-1860
-3457
-4773
-6062
-8024
-6454
-8102
-8519
-6434
-7883
-4580
-3832
-5950
-6347
-2543
-4342
-833
-2358
-3009
1650
1256
6107
1772
1837
1068
639
-450
4831
4530
1992
3230
3338
3557
-1449
-1000
99
1916
-1112
164
907
-3833
4664
-1573
-2844
4052
4178
6042
2637
3469
2801
-4455
-3258
-4570
-4424
-5095
-7499
-9441
-8703
-8018
-7875
-8094
-6873
-5554
-4120
-94
-216
2502
5854
10676
12165
9882
11243
10752
13577
14256
14442
14874
14364
15352
14178
13403
12616
10575
9201
8568
7175
6483
2342
-388
1845
49
-145
-4237
-939
-724
-6832
-137
3316
893
895
2042
3275
2671
1287
431
-635
-176
-577
-2041
-2876
-2815
-6544
-1989
-3842
-6090
-3843
-1181
618
-2822
-367
-235
888
202
1986
1574
2971
5120
3039
2221
2365
1394
1883
755
-1455
1063
-1845
-1722
-3258
-4835
-64
224
-926
-3218
-1336
-3176
2279
209
-3779
3857
6867
3767
2716
2671
2703
4595
-232
-609
-1389
-4270
-3783
-2394
-6325
-5628
-6604
-4834
-2141
-7877
-6032
-4874
-7807
-2610
-3174
-1477
-1145
365
7107
6260
8513
9358
8387
8485
9438
10271
9434
9418
7260
7813
8006
5255
4466
3551
2984
3276
3960
3914
7341
675
4198
7522
-1119
5363
4749
6442
7845
3631
5879
2834
2125
6726
2914
1416
-267
3005
5898
4917
4192
4517
2684
2206
2110
-563
-3815
-3251
-960
-304
-1271
-1256
-2385
-3977
-3434
-7072
-5595
-7749
-6107
-4985
-4275
-3533
-5217
-3382
-2789
-1474
-1793
-2149
-3906
-3560
-2165
-3034
-3151
-4573
435
-3204
-4103
2876
4485
2467
5225
7316
5988
9633
6586
11874
13096
7972
8098
6728
7225
6256
7225
5851
5090
4730
3578
2640
-2008
-3337
-5595
-3413
-5345
-5455
-6206
-5137
-6197
-7261
-7129
-7562
-866
-4936
-1853
587
798
1180
438
2564
2162
788
2402
799
673
5087
6591
4677
6382
8275
4621
9083
8856
11674
13754
15425
17507
12637
13516
13096
13797
11985
11058
9983
7994
8462
9868
8790
7642
5757
4943
2939
-3646
-2366
-1166
-2994
-5004
-6640
-7837
-10274
-12077
-11059
-12547
-13343
-14068
-13606
-12060
-13014
-12265
-13693
-8641
-7389
-8258
-7672
-5770
-9034
-7788
-4340
-5361
-847
1345
5652
234
9935
15951
8735
7742
11026
11317
12510
8265
8413
8067
8502
9232
8830
9024
8159
6789
4313
5107
4123
4968
1750
-2366
-773
-2054
-3631
-7066
-7503
-10332
-12573
-14064
-8245
-14997
-15263
-16619
-18697
-16130
-15931
-12222
-14232
-12764
-9224
-8442
-6208
-3884
-3777
-6818
-1952
2020
435
12870
13582
2263
12850
17502
16669
19261
18667
16665
18970
20343
19627
17977
17303
17536
14251
13388
12651
12106
11248
11770
10908
10096
6223
2482
3030
2061
2010
-1114
-1655
-3706
-6671
-6760
-10633
-11884
-13052
-13261
-14596
-12777
-13891
-19153
-12124
-11286
-14468
-11756
-9857
-9748
-9968
-6105
-1445
-907
-1192
6880
2458
1155
11721
9126
9690
9871
11321
11299
9191
7937
7532
8691
8360
9059
8550
7254
6047
5776
4504
4235
2477
1868
3688
2246
3736
2396
-4373
170
-6030
-8865
-9116
-9537
-8725
-9937
-13087
-16420
-16280
-14190
-13203
-17665
-15656
-17648
-16516
-16568
-10882
-10540
-13025
-9852
-10862
-3291
-804
7407
6504
2476
15226
14433
14578
14938
16078
18175
17891
19903
20087
18535
19123
19644
18105
16709
16219
14885
14388
13125
11190
10485
6627
5440
3744
3069
911
-301
-1558
-3358
-4636
-8269
-4590
-5242
-8958
-6218
-5388
-6564
-6163
-4629
-5163
-7176
-9096
-8819
-9615
-11079
-10436
-11938
-9968
-9813
-7502
-3651
-6620
-3533
4001
5334
4756
6954
6783
8376
8652
9620
10757
10247
9226
7091
8093
7700
7010
5744
4624
4493
2750
-109
-3438
-5439
-2052
-925
-2818
-6151
-1834
2572
-1734
-130
794
-2100
-861
-185
-5670
-8297
-7942
-6971
-6005
-7523
-6659
-9175
-10329
-10019
-9727
-10367
-11348
-8939
-10246
-2423
-2054
-8040
708
6002
7640
8954
10372
11249
10674
12729
13136
13780
13719
14691
18205
16412
14761
14975
14423
12373
14106
14546
10237
4631
9365
10291
6833
7513
7259
7069
1208
5077
3763
-47
2398
1073
-1038
83
-1118
-1883
-3771
-3818
-4078
-5567
-5452
-7647
-10856
-10703
-11088
-11447
-7737
-5996
-11579
-11598
-3363
-4645
-7319
-3802
-2582
-878
2289
3430
4922
6141
4439
2692
2338
2999
1648
5244
7991
2980
-1758
3468
-2116
470
2450
1563
1689
5579
6702
3255
1819
2620
2427
1756
2184
-993
-807
-1413
-3804
-5762
-6993
-6747
-8983
-10725
-10270
-10036
-10278
-10347
-11729
-9877
-8226
-5516
-6208
-12381
-4938
-4269
-4836
-2652
-1239
-1075
-2411
4289
5627
8174
10517
10466
9884
8567
7898
12426
11635
11509
13166
11574
12001
14721
17070
13576
13305
12276
10798
12913
11266
9320
8169
5213
5125
2424
6127
5541
3537
2806
2641
-456
-1967
-3685
-5779
-7308
-8151
-7821
-8578
-8916
-7193
-1851
-7937
-9727
-2221
-2991
-4471
-5550
-5733
-9960
-7615
-745
-6167
-6067
-7957
-5317
639
-1610
-1092
4095
4243
7858
6713
5240
6149
6760
9732
9841
10413
9574
7947
8032
8009
5133
5865
5134
3285
3999
2346
1692
26
-593
-1856
-2699
-2609
-4690
-8121
-8925
-10967
-12800
-12337
-11501
-11303
-6396
-9061
-14956
-7053
-4589
-5494
-6883
-5628
-7264
-8941
-3777
-4016
-3210
3263
1372
2497
10705
11156
11832
13258
15482
15639
15186
14078
14841
17970
18403
18482
19076
18022
16570
15721
13861
13527
11635
9157
8942
8017
6103
3495
-150
-2111
-2741
-5245
-7652
-1939
-5677
-5554
-7973
-7534
-8225
-13086
-6734
-12361
-7969
-4503
-7471
-7772
-3199
-3595
-6450
-1142
141
692
2847
2933
1544
3759
3725
3610
4611
5230
4571
4900
7228
5836
6108
6428
8262
8803
6637
7171
6448
7669
6363
4557
3815
1045
-724
-955
-1510
-2130
-2963
-3618
-4788
-6566
-8391
-10087
-13375
-14705
-13115
-13571
-11376
-12285
-7423
-8102
-12484
-2381
-3413
-3502
253
-250
5153
3428
1458
2056
648
-812
-1387
-228
-3451
-2543
-2658
77
2429
871
2551
5789
8635
10203
11701
9381
12970
13606
14313
13528
13924
14305
12371
13297
10909
10267
8599
7440
5665
2239
-542
-91
-2515
-5073
-5230
-8499
-3945
-7141
-3924
-648
1787
824
-804
6074
6329
6763
5553
5604
1622
1187
7546
6188
4765
4978
4810
4139
2834
3903
4713
1762
2515
983
-3760
-6165
-6120
-1691
-2676
-2251
-3623
-1387
275
-655
-64
-2757
-3872
-4429
1218
-839
-1979
-1089
-2550
-2045
-3127
-2880
-3826
-13348
-11613
-11080
-10935
-10055
-9305
-4627
2057
-1215
-7688
2919
5508
466
4211
2298
1079
3662
2598
7350
6222
5906
1729
4856
-1307
-1045
-1839
-2237
-1838
-3445
-3012
-5836
-7138
-4109
-1378
-875
-2299
2081
3168
4689
7660
5602
4941
7137
6726
7794
8081
5026
7262
3936
3161
5399
-99
2107
1649
485
2276
-461
3810
9873
10439
3573
8317
11945
11263
9818
6614
8550
6546
7485
7772
7234
6277
6922
6339
6140
5925
4287
3149
2374
129
-926
-1234
-5080
-6820
-4348
-7227
-7239
-7547
-9659
-10450
-11890
-12171
-11760
-8295
-8698
-9960
-8065
-4375
-3137
-3350
-363
-347
-990
393
683
-59
-271
-1375
-2443
-1647
-1561
1527
1929
-3255
1061
5149
2344
3498
4115
3899
4457
2875
3679
3652
4263
3447
1380
1179
-1336
-343
-1873
-2876
-3020
-3970
-6280
-8242
-6430
-8595
-8905
-10101
-8491
-7915
-6891
-5921
-10990
-7955
1361
2819
3680
8324
7036
8398
9335
9069
9075
8467
8584
10254
10238
10185
8332
9309
10073
12469
16267
6954
13168
17970
11884
12162
12751
12140
9183
9831
7779
4559
4380
2843
1837
2519
1844
1261
-454
-4073
-4574
-6187
-8604
-9335
-7426
-3727
-6346
-6021
-6352
-3225
-3428
-4683
-1926
-4847
-6163
-3295
-3836
-2753
-3723
-2295
324
-107
122
380
-199
-5361
-5394
-4235
-1681
-3156
-499
72
7584
3861
-1184
9416
6946
4603
3937
4460
4491
3638
5474
3770
4217
3950
4091
3809
2404
2378
1074
1382
2857
1301
-1319
-2387
-3041
-505
-1196
-1287
-1204
-2255
-1821
-3318
-2992
-2886
-4621
-7263
-7175
-5958
-5648
-7612
-3604
1704
-18
4150
4827
4484
5882
5172
6699
6718
7591
8239
13593
11722
4665
15146
15200
9131
11016
10443
8733
5395
12551
10833
8455
6036
6693
6279
270
2923
1860
347
740
1835
1429
2058
-371
1266
507
388
856
-218
-582
-506
-732
-2544
-3218
-4256
-3011
-4099
-6657
-5619
-3658
-4668
-5340
-4789
-4896
-5290
-4253
-4177
-4998
-4967
-5227
-4327
-4096
1233
648
-4508
3665
6445
2476
1231
1580
2811
2154
3319
2919
3302
3993
2087
2280
4089
1926
3180
6101
5644
3707
2674
1806
448
2351
3435
3044
3098
2607
515
1138
-42
-1274
-2870
-5569
-5373
-7839
-10856
-13058
-13148
-13515
-12510
-13900
-8755
-5662
-8260
-1017
-600
-3919
1723
4203
3114
9846
-1603
4631
14756
12450
14410
13089
14876
13541
11284
14520
7823
5594
9773
9717
9593
9258
8479
9336
8082
8236
7366
6772
4053
2255
4019
3516
717
497
623
-121
707
-1075
-2711
-4131
-4914
-5606
-7580
-10213
-11978
-13684
-15112
-14084
-15003
-17648
-15757
-12390
-11879
-13380
-13773
-10944
-11688
-2052
-5770
-12043
498
994
-2075
865
2773
2937
7206
6933
5049
4771
5526
6405
6032
5019
5111
6174
5632
5717
4838
4738
1843
165
1577
2542
1810
250
783
1480
1175
-851
-845
-3052
-6140
-6544
-8864
-9415
-11846
-14133
-15402
-16268
-15485
-18898
-20917
-17707
-17852
-16515
-14128
-9945
-6526
-2969
141
-2742
6702
10871
11907
12121
10959
13634
12589
16136
15793
16013
15888
14217
13780
13431
14511
14536
12606
10216
10847
11470
8960
7593
9074
7421
5962
5015
3039
2862
-86
-1044
-1216
-3111
-3487
-4647
-3979
-5149
-5567
-5518
-8700
-11801
-13311
-14203
-13244
-12656
-12713
-13630
-15588
-11276
-11913
-7950
-1073
-7082
-1091
6209
5194
6767
6875
9301
9451
10684
10882
9408
9802
9383
9545
8429
8095
8139
8123
9212
8434
6228
4653
4636
4930
4122
3375
1237
537
1189
700
594
557
594
977
-2216
-3204
-4352
-7567
-7593
-6301
-5809
-10002
-12425
-13072
-12456
-11104
-14232
-9332
-5536
-9936
-2416
-5911
-9314
2329
4317
8659
8073
10414
15000
11826
16462
16785
15149
16041
16013
16776
15864
14364
12831
17470
18330
16737
13183
12591
11492
11622
9269
8946
7621
5663
3793
4639
3921
1320
1717
-1932
-5512
-2032
-7582
-6645
-9857
-9546
-11841
-7485
-8302
-7749
-5612
-6992
-11942
-11716
-10003
-8822
-4156
1056
-8361
-2897
5137
344
322
1309
2451
2066
3311
6412
6185
6516
6482
5459
5582
4640
5147
4863
4743
4108
3413
1467
-218
-1086
2962
4262
1901
1593
-299
-942
-496
-887
-362
-1931
-1717
-1104
-2270
-1568
-2888
-8748
-3376
-4317
-7452
-7209
-8983
-8367
-4135
-5240
-5171
-5822
-1744
-4217
-9292
412
2244
-949
-362
2551
2046
2772
3381
6741
10212
8411
9604
11584
12115
12490
12218
12769
13269
13078
12404
11577
10154
9954
7872
6099
4367
4180
4064
-287
5351
3824
4671
5676
2913
1840
3357
7705
4204
1353
1965
1984
-2718
-3572
-4651
-5952
-10324
-10046
-5946
-8889
-3463
-3611
-6262
3130
6874
-1749
-2830
-3145
-2323
-3321
-2650
-2927
-1640
-963
-140
-463
87
489
792
2006
2014
570
901
-158
-2107
1716
988
-720
1028
-280
1566
3130
2189
3131
1682
5119
4645
2112
2289
3293
3181
1317
1079
219
20
1253
721
29
-1898
-5184
162
-489
4575
805
-3524
6804
1830
288
-1294
-3033
-4326
-4235
-1016
-1302
1378
-2234
-1035
-1904
-2827
-3280
1306
3097
3517
5861
4961
4470
6348
9033
8767
9117
10093
12308
12931
14933
12323
10538
11222
11213
9591
10919
9156
7143
8116
6994
5505
4425
2491
4125
4054
2257
1884
-418
415
-2512
3699
911
-7710
4620
6122
-585
-922
-828
-1365
-2857
-3901
-3578
-2971
-4323
-2069
-3661
-4767
-2554
-3616
-4050
-4235
-3243
-3843
-5928
-3220
-1122
-1409
267
-49
431
1606
736
289
1783
1969
1085
1303
-840
-1027
-1949
-2811
-2948
-4833
-4107
-4822
-2999
-942
-1252
-875
-1785
-809
-88
3660
-2137
-5287
4927
3162
1503
1583
1821
4078
-1184
-716
-1114
-3109
-3683
-4113
-2582
-7052
-6246
-7900
-5503
-3077
-5424
-4494
-7464
-5159
-1052
1718
3868
5681
5987
6057
7444
7742
8860
9020
7445
8343
8089
6795
7033
5149
4343
3498
1464
6423
4246
-11
542
769
-3666
-2019
-1852
811
3689
-4599
9674
9120
4271
3464
138
-468
-992
77
-3994
-2789
-2893
-1264
-2818
-1646
392
-787
258
-754
-1235
644
-4523
-3322
-1457
-2553
-1516
-2951
-217
1561
1781
980
-393
257
1210
-226
299
-101
110
1593
-249
-934
-393
-1859
-4077
-3043
-2461
-5278
-5630
-4244
-3076
3065
-6049
-7489
4081
192
2433
2091
3622
4253
581
2340
962
4142
5864
4488
3542
2920
2681
1521
1441
941
1321
-2118
-3967
-3130
-3044
-1019
-2370
-1052
-3384
-2908
2518
3919
3231
4377
2589
1732
8209
8176
8931
8542
7777
6381
5722
980
156
-1571
257
-81
-360
-1735
2581
4824
-2665
2806
8994
4835
5788
7293
7591
12336
12133
12093
12660
11033
10648
9089
10069
8597
6847
5794
4944
4217
1901
-961
-2656
-2639
-3969
-3669
-5962
-5706
-6645
-5690
-6541
-7236
-6175
-10068
-8471
-7675
-7095
-5758
-6005
-6316
-5663
-5618
-8353
-8924
-7559
-11616
-10420
-8645
-9736
-8899
297
2247
-3415
2052
10190
6050
5058
11252
11240
10510
10986
11649
12318
12571
11352
10786
10046
8321
9107
3053
1649
701
502
-3031
1406
2060
472
-2375
-3016
-4675
-5692
-7035
-8775
-7745
-7794
-6890
-7267
-8483
-5460
-3374
-1679
-607
-6856
-5072
-1678
-3353
-1265
843
2950
2666
3106
7419
6756
11694
7134
9178
17256
13676
10911
10876
12420
13348
13005
13163
13809
13288
14296
12917
12257
11159
9565
8760
6037
5583
3289
-848
-66
4
-1912
-4721
-7235
-2530
-3654
-4854
-7674
-10189
-10685
-11245
-8776
-9420
-10839
-11341
-10555
-15078
-15580
-13244
-16088
-13196
-13522
-12366
-10295
-11099
-4669
-205
5894
578
-2955
7292
10057
8317
10561
11808
11803
13332
13683
13060
14522
13108
11846
12252
12107
11221
8748
8593
7654
7561
5971
2901
3969
2813
1034
1818
-1043
-3712
-4972
-6393
-5843
-8284
-9611
-10629
-13587
-12970
-14029
-14372
-12919
-13911
-15057
-12602
-10194
-8428
-4661
-3154
-81
751
2658
6866
7419
14036
12680
9572
20677
20531
18985
21982
20206
19923
18986
20460
19570
18724
19319
17190
16046
15023
13398
12636
10048
8488
7032
4334
3012
1493
-296
-1651
-3722
-4250
-7048
-10303
-10018
-13476
-11877
-12233
-14479
-13487
-14107
-12343
-11956
-12971
-11089
-9198
-10540
-9539
-10245
-10479
-10142
-8686
-6572
-7321
-4235
2528
1863
-2769
4014
12230
12016
13953
13919
14065
9934
7267
14939
6911
6920
7440
8357
8360
7472
6762
5843
4469
4541
176
1049
2031
-1454
29
-3165
-5621
-4009
-6884
-9060
-10630
-10681
-9762
-11512
-10534
-9551
-11935
-11191
-12092
-13628
-9565
-10919
-9198
-10841
-7688
-6525
-13754
-8590
-5234
-5236
3447
6887
3998
6471
11312
13489
13336
15267
16344
17006
15477
14094
14529
15253
12773
18271
16938
15320
14099
14030
13137
9681
10579
7078
4503
4630
6708
3349
-19
2941
-3
-1265
-5566
-5008
-4619
-4424
-5080
-5452
-7244
-8779
-9423
-8331
-9419
-11657
-11005
-12640
-15100
-14822
-15806
-13275
-12549
-14454
-9130
-2945
-5749
-8089
3895
6291
6096
8868
8581
9073
8431
7640
5289
6598
6884
9181
7399
6413
8799
6686
4148
5845
7038
-373
1219
5214
1445
3982
5898
4479
5014
5024
3713
2961
1236
87
-1656
-2868
-2774
-4713
-5932
-6545
-6435
-7490
-8829
-11836
-13703
-14614
-14860
-15686
-15866
-15294
-14248
-7928
-6804
-9542
-6530
882
4154
4411
4755
5577
12173
14397
15151
15373
16035
9742
14366
16215
16891
13918
15932
13555
6766
7952
10028
11300
8375
10368
9022
8109
10440
8606
6363
6986
6396
5971
3985
3734
2712
449
362
-3614
-5481
-7535
-9984
-9080
-11306
-14115
-14344
-15840
-16417
-14947
-14430
-8016
-7877
-12704
-8355
-3790
-1094
-694
-1126
478
1333
3396
1615
5080
6668
6089
7379
3523
7816
9929
10257
9688
10843
9985
6586
9420
9879
9838
8544
8176
9373
8170
6785
6207
6369
5388
4129
1650
692
-332
-3231
-2270
-3596
-4380
-3887
-6408
-6998
-9183
-10499
-10401
-12293
-11425
-11377
-10886
-7188
-7289
-15627
-15715
-7289
-9684
-7630
-1108
-6870
-2284
5795
1030
1588
11400
11776
16017
17578
15084
18226
19933
21072
21661
18589
17644
19838
18652
17958
15885
15027
15729
13845
12819
7541
6403
5050
5545
4008
1854
-1353
-3237
-5124
-6596
-7642
-8948
-11141
-8037
-9654
-11238
-11418
-11124
-10191
-9999
-6405
-6134
-13430
-4736
-1204
-14020
-5549
-6489
-6208
-4386
-3759
1462
1068
2069
1858
3976
6292
6238
5866
7512
9877
9422
5274
5593
8073
7832
7777
7020
5821
5583
5238
4649
3834
1898
1301
-18
-2256
-2585
-4697
-1666
-2019
-4964
-6811
-6789
-6780
-7412
-10405
-15368
-16562
-16912
-9550
-7362
-3114
-8450
-14347
-5920
-5607
-5405
-3770
-3265
-460
-447
398
-1508
2917
7728
3574
5998
8014
10316
12185
11312
10841
13270
12060
11492
13272
15557
17828
16282
18856
18310
15985
13918
12334
12126
11220
8762
7622
5529
3135
1756
-1737
-1390
-6000
-9551
-8493
-9456
-9507
-8926
-9646
-10425
-8405
-4756
-511
-5855
-4958
3374
2631
2941
3797
2034
2891
3859
3976
5749
4045
4320
3752
2851
5150
2899
3803
4210
1640
2351
943
2779
3850
2556
2718
1663
1811
821
1284
1691
1650
238
-844
-1301
-2803
-3260
-4528
-7166
-6137
-5702
-7208
-5861
-7566
-8700
-8764
-9084
-8946
-7674
-8374
-2845
2814
-134
-2685
5304
8853
3174
6484
4813
5817
4596
2825
4336
2226
2115
-1280
-1435
1250
1416
3663
5006
6116
3166
1604
4084
8221
9763
9602
8753
11221
11616
11850
6233
5567
7034
5353
4710
3692
2793
2500
1120
-856
2170
2049
70
-1849
583
-805
-2633
-1907
-2
-1267
4198
9786
-461
3639
12045
7004
7919
8721
9022
7382
-83
1405
1880
3627
3056
2613
3320
1926
2193
539
-1976
-3451
-5444
-7593
-4168
-1315
-3051
-2214
-1560
-5972
-3989
-6047
-5274
-6933
-6142
-7311
-4662
-4664
-5658
-6736
-4513
-3430
-4455
-1316
-3809
-3128
-4779
-3285
-2432
-4573
-3773
-3165
4387
10291
-344
506
11966
6241
6241
7700
6017
5204
3630
3013
2112
4229
2629
1885
1620
-367
-2032
-3372
1067
1115
-2122
-7144
-6004
-4394
-1635
-1435
-5564
-4011
-106
1179
-2064
-1248
1287
3437
2862
3913
6504
7776
6736
7467
7215
6673
6146
5867
4232
5642
6660
5038
5183
5750
12114
6188
3161
12717
13223
10423
9541
11713
10161
10913
10039
7931
5686
2635
5257
4627
4871
3893
2381
2042
553
1091
-2243
-5894
-4469
-3422
-7033
-9697
-4041
-6344
-6917
-8005
-8257
-8364
-10306
-7707
-5684
-3165
-4209
-2880
-2519
618
635
-1789
-156
227
-2161
-2648
-2556
-2802
-5633
-3623
4667
-1398
-4576
1572
7276
6506
3746
6116
4272
4958
7704
7875
7800
6131
4340
4271
4238
3298
2900
1183
-2788
-1395
-4928
-11280
-6881
-8267
-10656
-9464
-12128
-12157
-10718
-11220
-4537
-4478
-5950
-4140
-928
2589
4571
6665
5424
7553
7587
7566
7135
6800
4833
6113
5382
5555
5795
7849
11629
7790
3169
7795
14662
10237
11439
10287
8786
9718
9067
9367
6991
7286
7053
3712
1493
1422
1480
441
-1768
-1122
-5936
-2848
560
-1778
-3203
-1883
-2082
-2918
-3465
-8190
-6414
-6217
-5680
-4405
-4056
-6577
-5586
-4669
-3884
-2157
-4565
-3000
-3439
-3587
-3629
-4641
-4659
-4323
-905
-2853
349
2426
-4838
-4070
5136
3354
1237
4966
1468
2125
2597
3476
4455
1205
2552
2677
-574
1594
-2454
208
2270
-1949
1206
-3531
-1817
354
-829
-918
-1106
-2108
-612
-2682
-1937
-2106
-4809
-5298
-6364
-4567
-6902
-5119
-7161
-3462
1242
648
3005
3254
1213
2459
-292
-97
3243
1095
12411
10076
6219
14376
14620
7014
11116
8292
9095
7245
7606
6718
1953
7444
2710
1902
9732
1854
2639
2673
3344
6445
2641
676
2392
2305
3214
2068
3905
3364
3626
32
-2708
-858
-2029
-5010
-4531
-6169
-7848
-8397
-11132
-11520
-13632
-6422
-7873
-8128
-8092
-9772
-12213
-12212
-12209
-7309
-5053
-8041
-1155
1039
-3427
2189
1864
1402
4430
6603
4641
3101
7136
7022
6866
8899
8909
8423
9764
7758
8012
9135
6018
5326
6391
6645
5794
5604
5227
5582
4329
3170
794
-3026
-689
-914
-3545
-5360
-6974
-9349
-11798
-12775
-15675
-15465
-12949
-11911
-12208
-12670
-9087
-5510
-2506
4388
2740
-1564
3923
9628
11565
11929
13171
13180
12469
16472
15518
13943
13814
13275
15605
14827
15714
15018
13998
15168
12190
11305
7474
5126
10129
4515
9151
6963
2043
534
1687
-7
115
-3444
-5455
-4079
-6662
-8083
-9708
-9884
-11052
-10988
-13091
-13625
-13789
-15362
-13918
-16119
-19750
-19449
-16788
-18980
-5479
-7439
-17656
-3361
341
-2989
1718
572
6244
3925
5829
7148
5986
5024
4466
6554
6733
8066
6452
7518
7244
7292
4958
3250
3675
3017
2817
1219
2603
2237
2170
1310
2019
406
-4308
-4358
-5633
-8081
-3401
-5374
-12443
-11591
-13847
-14450
-16624
-16833
-16605
-18959
-18892
-17707
-15194
-12152
-5781
-10461
-8218
3318
2351
3033
6202
6487
9337
10667
12141
12964
14235
17017
14628
14410
16420
16345
16639
15156
13836
14006
9140
8083
9155
8100
7081
9643
10303
8722
6620
6190
3974
-1497
-2069
-2616
-6752
-5366
-3814
-5024
-5966
-7854
-7360
-9992
-10679
-11026
-13147
-13255
-11757
-14637
-15592
-13349
-9628
-8901
-12544
-4845
-540
-1727
749
1659
4856
5637
5915
7280
6092
8209
8615
7110
7238
6077
7100
8803
7856
8484
6532
3277
4695
5616
5768
4917
4794
5281
4410
4007
3981
1670
670
1089
-1891
-4815
-5465
-3790
-4524
-4367
-6921
-9089
-7606
-11216
-13254
-14209
-8477
-9766
-8566
-8661
-2442
-4743
-12198
953
-1858
514
694
-3757
557
1454
3235
6927
8106
7321
10229
11454
11825
12563
11711
12557
13427
15130
11783
9428
11236
9143
10155
10007
8828
7118
6712
5593
4287
1149
-414
535
761
2747
-5131
-3980
1009
-1919
-5034
-2660
-2913
-5632
-5906
-7982
-7936
-7776
-9224
-9562
-6869
-4332
-6288
-6442
6185
507
77
-400
2969
123
-4154
1323
-464
1865
1979
2070
4092
3755
3888
4746
5051
7089
7602
1784
3848
2217
-592
-165
-2793
-2799
1579
2162
591
1497
-3898
-5349
-5383
-5725
-3567
-7774
-6855
1825
-5416
-6946
-2344
-1232
-635
-2626
-3370
-7748
-6901
-5509
-509
2409
-5979
-7297
2152
605
-6736
-4467
-557
-1051
-2455
-643
4656
1406
1975
-3934
1720
6026
7750
9337
9101
11437
11663
8871
11531
11644
12418
10541
8283
11912
8501
7914
5545
6676
5321
3344
7565
8858
6456
5859
4789
5129
5892
4464
1894
-996
-917
-3260
-3298
-5257
-5211
-5376
-4762
1137
1390
-7728
-2976
7317
928
2252
1142
311
1396
-2378
-348
-2435
-1272
-1335
-2272
-391
-1434
-781
-1294
-1304
-607
-40
-5269
-570
4960
-1953
-2671
2920
3852
2577
5130
7247
6899
3189
4075
3224
2017
1695
224
-572
-2627
-577
-716
-3260
-3073
-4878
-5442
-5658
-9827
-3036
-594
4131
2721
-6069
2573
8362
2565
3396
2084
1316
-3
-1213
-931
-2579
-4106
-4170
-4748
-13024
-7571
-265
-4794
-2911
2251
3797
-2022
3284
2964
2651
6712
8291
9462
9280
9775
11865
13042
11751
11305
10615
9470
8397
5858
5681
3784
7103
1254
1936
1011
-1433
-2211
-2278
-2620
-5215
-3628
1782
6048
-2143
-1743
8719
3887
1390
3122
-499
-2787
-4458
-5254
-6287
-6381
-4613
-8411
-6795
-4533
-5713
-5671
-6630
-7166
-9671
-11459
-1318
2127
455
861
1058
3318
5386
5754
1036
-803
2502
3125
1546
1878
709
2283
944
2657
118
-935
2529
-735
-1070
-3234
-3019
-1977
-4235
-1861
1075
3249
-3550
-1348
7834
3888
4197
2779
1612
2098
2189
1744
-1478
911
-1540
-3665
-2184
-4299
-5052
-3743
-4170
-1938
-2243
-2784
404
-115
379
3523
5730
5883
7650
6348
6778
8210
7717
9787
9029
9433
9203
8749
9410
6963
6296
4285
7384
6675
6526
2957
1731
1770
-696
1335
3696
8397
-1014
-5880
2387
417
3626
1887
-935
2572
3000
-1537
2718
1512
270
700
440
2368
1075
1140
469
-955
-2735
-7683
-7200
-3905
-4002
-2307
-3131
-3011
-2245
-912
-1684
-2009
-1846
-589
-344
-1372
-837
-1307
-1290
-3375
-3530
-3658
-1231
-2281
-305
-8747
-8265
-7773
-7432
-4516
-968
-1581
-6854
-455
7206
3392
1996
5141
3411
4664
3747
4059
3139
3622
5676
1833
3129
1553
1217
-301
-152
1144
-3208
-4194
-4085
-4825
-4877
-5545
-3448
990
-1864
-1656
-1295
990
5670
6442
7362
7109
7437
7935
8891
7669
7570
7758
7850
5129
6097
5030
192
-3857
-1808
488
5213
5524
-5052
2231
5352
3922
5986
4770
5324
7683
8756
9263
8894
8722
8967
5830
5859
5532
3359
1084
-343
-742
-2980
-4441
-2034
-4361
-5785
-4461
-4427
-4856
-8144
-6801
-7388
-8750
-8726
-9248
-7241
-5486
-4860
-5046
-5293
-5996
-5087
-6767
-9178
-11740
-11027
-8769
-8240
-9075
-10175
-6501
-2105
-4564
-6837
1411
3926
4828
5059
4564
8222
8144
7282
6839
6939
7444
8565
6594
6122
5746
3926
3086
1237
632
-2282
-2176
-1627
-3700
-6691
-9110
-7752
-9652
-11619
-8159
-9043
-9408
-8283
-9726
-9825
-11148
-9980
-6110
-5045
-3705
-1152
550
1729
2426
-750
471
1416
2604
6392
5411
14027
9023
5724
17450
15098
12828
13752
13198
12690
12644
11966
11176
11720
10241
11260
9821
8528
7352
6140
4587
4262
1653
-2035
-161
-672
-554
-3158
-5141
-4798
-4953
-5615
-8060
-8543
-8981
-9723
-10047
-12029
-11192
-11722
-13031
-11317
-13457
-18979
-9182
-8602
-8567
-4991
-4886
-2547
-3906
-395
5005
8664
2517
890
11833
13536
10195
11752
12969
12867
13256
12773
13210
6866
6999
6986
6430
5844
6170
5188
3535
4931
1217
170
-847
-2100
-807
-4103
-3966
-6080
-6458
-6474
-6958
-8255
-11318
-10730
-11456
-12223
-11900
-15530
-17345
-12881
-12034
-11007
-10994
-9154
-5712
-3513
-1247
493
1855
2289
7682
14561
10419
10668
18443
19549
18844
20418
20577
19297
19188
17636
17399
14478
13294
11838
15287
14800
13242
12740
10289
8942
7491
5021
4564
-1485
-1822
-1686
-3682
-3602
-5874
-4991
-3901
-6777
-5375
-6404
-9435
-6225
-7909
-11655
-9005
-7409
-8234
-8056
-7832
-8967
-8295
-7223
-6957
-6560
-4236
-5103
-2462
6477
659
-512
9648
10058
8741
10707
11300
11490
12320
12981
12776
10459
10120
10312
10321
8292
6544
5894
2280
3923
-630
-1584
-461
-3663
-4740
-5254
-2750
-3898
-3906
-5296
-6376
-7366
-8372
-8654
-8373
-7404
-4904
-6930
-11109
-11839
-11057
-11487
-13671
-11147
-12358
-12717
-10835
-9299
-7701
-3626
-2078
4386
9336
4877
10288
15215
17159
17593
18122
18713
17423
18254
18544
17535
16484
14205
14287
13255
10553
10619
8545
6396
2812
1556
5778
4923
4007
2415
2034
-480
-175
351
703
1732
-2954
-3848
-5470
-4889
-5682
-7728
-6679
-7356
-8967
-7399
-9062
-9426
-9028
-11037
-10856
-11979
-12052
-10449
-10647
-2920
-4599
-11490
-2326
3194
2838
2375
5448
6463
6347
7318
6301
6380
6157
5619
6118
4363
-206
1429
885
1111
-314
-2109
-104
-117
-460
-1940
-1675
-2412
191
1401
-1592
-1817
-1510
-2984
-2275
-370
-343
-338
-1544
-1462
-3011
-4138
-4150
-6349
-8372
-8049
-8443
-9683
-10170
-11309
-11128
-6128
-2861
-12501
-8317
-292
-810
4090
5613
7419
8008
8540
10910
11492
11367
12801
15281
15538
15449
15460
13092
13937
11972
10396
12424
12401
12023
12040
11252
10015
7830
6178
5800
4776
7307
4196
2309
2665
2512
2151
390
352
-2692
-4765
-5876
-7975
-9957
-11128
-13506
-13310
-14609
-13167
-10515
-6510
-11838
-12980
-4073
-7624
-6588
-5293
-4506
-961
701
1048
3877
6363
3208
7482
4611
4605
4937
4417
6731
2154
2821
4643
6378
5039
3945
2309
2707
4206
3267
2637
2545
3221
2480
2041
1576
1236
-1167
-1472
-859
-2737
-2844
-5878
-6369
-6718
-6784
-7861
-8350
-10951
-12594
-9012
-8222
-2393
-10579
-13663
-2614
-7801
-11367
-11391
-6482
1863
449
750
-1391
5408
7904
3486
7357
7843
11305
14060
14761
14909
15628
15400
15513
16074
16026
16810
13986
11157
11559
11154
10209
8171
7008
8005
6138
3301
4004
1745
-11
-255
-3143
-4766
-6061
-9288
-9442
-11010
-14302
-12129
-13797
-13997
-10429
-4532
-6604
-12145
-2667
-298
-2573
-4227
-3945
-3166
-5748
-531
248
-318
1892
2134
4747
4902
3432
4951
3998
3826
3948
9398
9164
8302
8296
8857
8791
7351
6760
6808
6399
5294
3857
2745
1835
2122
1422
74
-609
-2777
-2859
-3441
-4160
-5125
-5937
-12618
-11148
-11942
-11000
-11842
-8602
-448
-3957
-9258
-7335
2646
-1496
-3800
951
-964
-1362
-146
1983
768
2910
6172
3995
6084
7059
7026
13225
13745
12804
14848
14882
15331
16124
16707
17612
17664
16941
15751
14532
12736
12079
9628
7146
5102
3047
4271
1600
599
-120
-2050
-2072
-2742
-5848
-6619
-5615
-7869
-7561
-10274
-9003
-4597
-4283
-5957
-5637
1560
3174
2807
5035
5644
1824
653
3033
3895
4485
3130
4213
4513
3737
2836
3496
2769
1921
2740
3417
4463
5050
6087
5419
4503
4210
3810
2604
2472
873
284
-1108
-2570
-6047
-8053
-2333
-2943
-4105
-6484
-4737
-7560
-6182
-7429
-9250
-6012
-14747
-8541
-3912
-3022
1157
2359
507
1955
7198
8040
3272
4462
6663
2735
1610
2052
1658
1322
183
-1126
-1054
-3154
-3700
-2802
6322
-834
-3897
-404
3660
4184
5892
7134
6953
7348
8782
9500
8261
9312
9622
8631
5516
4287
5734
4347
2813
2174
1789
-483
-2620
-3578
-2357
-1528
-3083
-1788
-141
1947
4831
4938
1254
4621
12687
10567
7682
8708
7732
6993
7449
6330
3844
2466
2741
2779
1111
-219
44
-3455
