-247
-104
230
639
1027
1260
1319
1125
709
253
-148
-367
-386
-160
311
822
1372
1843
2087
2031
1745
1324
772
287
46
103
384
766
1126
1359
1387
1165
731
229
-220
-479
-519
-322
96
661
1246
1757
2027
2015
1802
1398
894
404
155
222
519
874
1210
1419
1407
1166
680
113
-368
-646
-709
-520
-123
429
984
1488
1780
1763
1547
1189
742
293
68
189
564
950
1302
1512
1473
1200
654
46
-489
-839
-887
-710
-284
305
882
1367
1631
1585
1325
952
526
129
-41
134
527
930
1286
1473
1418
1068
476
-164
-726
-1077
-1145
-935
-499
66
655
1134
1344
1275
1054
721
273
-102
-161
61
458
917
1268
1433
1320
911
260
-426
-975
-1257
-1268
-987
-460
193
836
1284
1468
1332
1015
613
147
-177
-154
173
654
1169
1562
1741
1629
1169
492
-229
-845
-1196
-1281
-1052
-577
6
611
1080
1244
1114
818
439
-4
-248
-149
224
707
1176
1529
1694
1519
981
328
-364
-886
-1177
-1178
-880
-372
221
763
1104
1159
978
669
282
-71
-176
66
503
986
1441
1733
1762
1449
883
200
-455
-910
-1146
-1057
-731
-225
318
784
1013
991
780
490
111
-127
-72
219
671
1127
1474
1678
1552
1116
500
-125
-634
-928
-952
-698
-248
280
779
1102
1185
1003
687
312
-12
-127
28
409
887
1299
1612
1686
1387
847
174
-465
-952
-1215
-1162
-842
-356
176
618
801
771
551
224
-122
-332
-248
97
581
1066
1476
1670
1553
1118
478
-216
-804
-1176
-1273
-1078
-656
-117
405
741
823
666
348
-37
-344
-455
-249
183
674
1118
1422
1484
1180
608
-59
-730
-1237
-1482
-1432
-1089
-532
100
583
787
801
581
222
-122
-289
-248
103
664
1160
1524
1703
1573
1106
412
-294
-853
-1222
-1293
-1045
-570
20
578
958
1051
882
596
238
-67
-109
141
626
1182
1637
1961
2013
1693
1128
441
-215
-693
-937
-820
-445
45
581
1040
1258
1179
945
617
302
118
265
695
1201
1650
2011
2137
1888
1384
703
-9
-588
-938
-973
-734
-310
224
725
1013
1035
819
532
216
-22
7
359
910
1456
1920
2208
2169
1777
1129
381
-287
-779
-968
-827
-453
67
644
1062
1158
989
636
271
-84
-254
-31
472
1062
1602
2007
2145
1874
1333
616
-102
-674
-1000
-947
-624
-121
457
1004
1285
1222
959
602
186
-124
-99
254
787
1328
1787
2072
1999
1556
867
129
-561
-1040
-1138
-966
-557
4
580
973
1038
858
523
73
-298
-427
-201
322
911
1437
1845
1960
1694
1086
344
-379
-989
-1265
-1174
-832
-317
275
781
1001
891
600
212
-246
-523
-482
-130
429
969
1431
1698
1559
1094
394
-335
-956
-1391
-1428
-1141
-590
41
660
1077
1168
961
612
200
-198
-324
-87
406
965
1483
1844
1919
1589
968
192
-562
-1128
-1407
-1298
-896
-328
302
851
1101
1033
750
377
-36
-335
-239
182
743
1279
1706
1969
1827
1309
585
-158
-833
-1295
-1379
-1089
-577
40
660
1053
1171
1012
644
252
-125
-211
60
586
1182
1704
2075
2127
1754
1064
272
-490
-1112
-1397
-1341
-960
-400
240
769
983
893
621
227
-215
-514
-458
-48
527
1049
1523
1789
1625
1098
354
-433
-1122
-1587
-1686
-1433
-974
-375
231
592
666
489
173
-211
-590
-674
-355
183
776
1293
1682
1789
1438
795
16
-728
-1300
-1586
-1515
-1161
-609
2
484
704
642
370
1
-403
-656
-524
-76
515
1062
1525
1778
1592
1053
318
-444
-1124
-1588
-1652
-1353
-893
-334
240
591
627
427
97
-313
-647
-629
-230
352
935
1424
1787
1801
1391
719
-31
-697
-1234
-1422
-1271
-864
-298
289
733
869
732
411
20
-398
-555
-318
217
833
1355
1760
1877
1562
900
123
-647
-1257
-1575
-1555
-1174
-601
38
608
875
832
593
206
-194
-476
-386
102
695
1251
1700
1948
1843
1239
435
-356
-1056
-1498
-1624
-1355
-802
-154
461
875
914
721
376
-59
-403
-473
-129
466
1043
1541
1894
1904
1469
670
-181
-964
-1589
-1856
-1749
-1331
-732
-103
421
640
552
294
-60
-428
-559
-328
209
828
1343
1749
1926
1651
1005
172
-635
-1276
-1714
-1732
-1393
-848
-207
387
747
763
548
224
-159
-405
-301
152
735
1274
1689
1906
1758
1142
295
-551
-1288
-1787
-1971
-1783
-1298
-726
-158
249
348
184
-136
-465
-747
-777
-403
251
885
1397
1761
1777
1359
593
-235
-1013
-1596
-1826
-1698
-1276
-700
-104
380
535
385
94
-280
-630
-776
-518
111
800
1377
1818
1973
1704
1024
163
-640
-1286
-1651
-1653
-1274
-695
-26
525
831
806
522
162
-218
-477
-334
186
869
1495
1985
2268
2164
1606
770
-53
-772
-1239
-1367
-1111
-597
6
610
1006
1064
864
519
120
-195
-248
117
735
1361
1875
2244
2295
1895
1156
336
-411
-970
-1210
-1115
-714
-128
455
913
1101
940
609
220
-163
-392
-233
283
900
1418
1808
1999
1760
1138
364
-385
-930
-1232
-1187
-769
-164
482
1069
1354
1344
1102
694
291
-24
-61
305
908
1502
1941
2224
2234
1784
1015
175
-531
-1020
-1219
-1080
-632
-32
570
1079
1268
1164
901
544
176
-12
161
657
1245
1751
2156
2350
2113
1486
687
-84
-708
-1074
-1071
-723
-138
535
1184
1548
1579
1345
1008
609
282
290
615
1215
1795
2255
2545
2499
2041
1276
430
-314
-861
-1064
-900
-423
204
850
1357
1537
1437
1137
754
378
180
374
886
1435
1922
2288
2426
2175
1505
721
-30
-643
-976
-966
-624
-32
620
1179
1487
1481
1258
899
518
261
291
718
1295
1860
2304
2538
2448
1935
1181
398
-282
-751
-878
-660
-182
448
1055
1491
1618
1477
1213
849
509
405
676
1194
1758
2234
2582
2648
2283
1623
845
107
-472
-757
-675
-293
285
895
1395
1657
1619
1374
1031
665
445
544
970
1538
2043
2450
2675
2502
1931
1175
382
-308
-748
-888
-685
-219
361
926
1295
1390
1230
935
572
255
155
410
905
1412
1877
2176
2210
1859
1211
473
-219
-725
-983
-902
-501
63
633
1125
1367
1330
1093
753
416
180
241
620
1132
1616
2003
2195
2043
1525
826
106
-503
-922
-1032
-796
-324
247
805
1212
1312
1180
908
570
272
194
436
905
1418
1845
2133
2177
1829
1200
521
-134
-627
-852
-720
-322
201
800
1286
1528
1488
1274
957
618
440
561
944
1422
1890
2262
2414
2193
1670
1008
343
-261
-608
-628
-368
113
704
1252
1600
1642
1491
1206
821
545
537
842
1314
1780
2195
2465
2411
2004
1355
643
-6
-545
-786
-670
-306
212
770
1197
1391
1312
1092
829
542
435
608
1021
1523
1982
2319
2442
2198
1655
1018
337
-249
-588
-612
-355
113
640
1144
1471
1480
1297
1005
701
460
455
759
1199
1652
2040
2259
2185
1799
1190
492
-142
-587
-762
-637
-285
211
749
1171
1340
1264
1058
777
501
402
562
962
1496
1949
2280
2374
2145
1615
904
205
-422
-790
-842
-596
-172
318
796
1052
1051
839
549
229
-23
-40
204
678
1199
1611
1880
1859
1485
914
247
-368
-799
-978
-832
-467
11
538
956
1112
1009
761
461
165
-17
92
427
883
1288
1602
1731
1506
1045
435
-186
-690
-992
-1006
-788
-392
117
571
870
906
740
496
223
27
44
326
762
1209
1581
1809
1763
1391
848
225
-374
-794
-940
-827
-507
-59
417
803
957
891
705
434
189
72
202
579
1004
1409
1709
1799
1600
1115
540
-76
-601
-862
-847
-563
-136
365
850
1114
1114
942
662
357
103
70
312
700
1117
1481
1668
1594
1256
719
120
-433
-866
-1016
-905
-614
-136
317
722
899
837
708
440
180
66
170
500
924
1314
1649
1728
1535
1114
505
-108
-624
-942
-979
-775
-410
51
482
769
805
655
446
175
-26
-41
156
536
928
1265
1483
1426
1086
597
38
-521
-933
-1112
-1017
-736
-354
121
505
706
675
530
351
150
57
172
460
837
1218
1476
1543
1361
984
469
-111
-619
-950
-1070
-933
-648
-249
148
431
523
453
320
141
0
-14
192
518
912
1258
1422
1423
1104
646
116
-430
-814
-945
-858
-563
-152
280
642
773
707
542
286
54
-87
-26
224
572
954
1237
1356
1228
849
380
-156
-584
-827
-890
-712
-352
53
433
701
722
605
402
166
-23
-24
188
536
959
1304
1503
1464
1189
753
204
-301
-691
-859
-779
-504
-132
308
674
840
804
605
350
62
-69
-34
171
549
909
1172
1313
1203
884
408
-107
-535
-824
-884
-775
-471
-99
290
520
550
465
244
10
-205
-278
-112
195
579
935
1141
1174
938
501
-20
-569
-981
-1162
-1158
-906
-510
-87
286
493
527
391
158
-93
-274
-271
-37
293
654
968
1134
1059
755
266
-273
-767
-1134
-1258
-1161
-878
-463
-32
298
409
317
172
-47
-226
-332
-198
120
480
843
1051
1073
845
412
-158
-656
-1087
-1284
-1266
-1041
-659
-238
144
343
349
221
9
-169
-251
-196
93
491
884
1136
1243
1147
774
265
-313
-807
-1134
-1238
-1103
-777
-335
83
378
464
369
224
35
-114
-107
106
475
880
1196
1374
1324
1040
542
-19
-552
-938
-1123
-1045
-783
-405
36
392
601
608
462
308
179
159
290
577
971
1296
1489
1522
1300
900
343
-221
-654
-881
-933
-785
-497
-146
194
372
402
308
164
61
-12
97
369
713
1078
1289
1367
1262
945
493
-24
-458
-738
-836
-738
-476
-146
208
452
577
550
470
416
355
439
661
976
1329
1558
1657
1589
1287
866
325
-111
-433
-615
-598
-396
-132
122
324
399
341
223
132
108
215
470
814
1175
1475
1598
1491
1223
792
322
-136
-502
-672
-660
-485
-255
-15
181
207
141
28
-77
-84
37
277
637
1028
1357
1548
1494
1263
838
358
-115
-519
-712
-726
-592
-374
-170
-6
64
17
-85
-152
-168
-29
229
622
1054
1408
1618
1627
1453
1095
644
185
-202
-427
-429
-310
-94
155
370
441
398
327
267
230
310
555
916
1304
1648
1801
1805
1625
1230
775
317
-65
-303
-345
-227
-11
219
426
492
427
324
245
213
319
561
939
1333
1610
1786
1744
1484
1052
541
51
-334
-506
-484
-314
-19
270
481
578
497
390
295
238
380
644
1072
1492
1833
2021
1963
1719
1252
681
157
-287
-497
-518
-331
-46
257
458
528
418
274
162
97
205
495
894
1277
1583
1749
1672
1385
948
399
-152
-539
-768
-740
-546
-254
86
316
394
356
234
145
126
294
645
1080
1578
1955
2124
2062
1772
1280
675
78
-375
-591
-578
-391
-77
223
432
473
384
241
135
147
272
614
1086
1523
1853
1995
1868
1519
978
373
-165
-525
-656
-604
-332
5
351
565
586
509
377
329
333
569
935
1402
1871
2206
2344
2180
1809
1283
672
90
-327
-496
-471
-260
75
380
574
598
513
405
339
391
593
1006
1516
1974
2307
2394
2232
1818
1266
668
114
-214
-315
-220
43
442
793
974
1015
916
783
615
600
792
1167
1668
2089
2411
2504
2306
1875
1327
722
186
-159
-276
-156
119
478
812
999
1056
923
789
706
739
959
1357
1807
2176
2409
2427
2153
1657
1038
386
-136
-480
-561
-374
-42
352
670
831
794
695
573
463
527
769
1187
1667
2042
2276
2292
2005
1501
877
275
-210
-511
-526
-312
20
407
707
830
807
722
662
640
743
1043
1472
1892
2192
2334
2220
1823
1242
583
-31
-460
-671
-587
-315
28
379
614
645
575
450
342
372
594
1011
1522
1996
2354
2438
2239
1806
1159
446
-169
-563
-674
-553
-227
194
475
691
693
625
521
490
600
854
1273
1771
2166
2417
2463
2211
1698
1073
425
-101
-401
-462
-247
108
530
830
931
921
851
815
891
1144
1550
2044
2476
2781
2892
2694
2274
1692
1069
513
85
-123
-41
164
529
875
1078
1140
1091
1029
1003
1119
1392
1839
2329
2703
2843
2760
2431
1904
1303
757
316
54
18
191
481
822
1108
1214
1190
1139
1078
1083
1271
1642
2127
2587
2909
2984
2827
2376
1798
1141
551
167
67
196
431
760
1019
1191
1183
1074
994
996
1153
1495
1957
2416
2799
2950
2854
2477
1887
1211
544
82
-165
-92
149
491
788
984
1065
989
930
926
1057
1402
1899
2422
2853
3100
3133
2806
2291
1621
920
391
29
-29
134
365
662
854
945
897
824
874
1018
1330
1856
2409
2918
3233
3277
3046
2496
1779
1030
395
-26
-181
-128
106
382
615
765
768
687
691
802
1065
1565
2102
2725
3153
3355
3239
2812
2150
1365
613
5
-287
-314
-62
270
578
798
851
809
728
760
1017
1450
2042
2654
3113
3364
3328
2960
2325
1584
834
190
-229
-395
-277
-16
314
570
703
716
648
689
842
1232
1838
2485
3066
3412
3457
3152
2563
1825
1061
396
-53
-298
-299
-123
140
352
534
593
591
646
783
1101
1579
2186
2832
3310
3525
3426
2929
2148
1281
410
-189
-525
-534
-292
17
391
584
634
575
527
587
862
1322
1892
2552
3046
3303
3274
2894
2201
1350
474
-230
-667
-785
-637
-353
-58
163
248
243
205
307
552
999
1659
2329
2884
3142
3104
2738
2050
1219
391
-335
-810
-1002
-932
-697
-420
-171
-7
41
84
155
420
902
1510
2159
2701
2985
2989
2623
1945
1135
333
-325
-769
-942
-895
-743
-523
-347
-233
-162
-74
85
362
802
1387
1991
2529
2868
2949
2644
2025
1223
350
-433
-950
-1176
-1091
-884
-576
-307
-191
-169
-140
-63
209
675
1273
1933
2546
2930
3042
2762
2156
1307
367
-465
-1045
-1280
-1217
-946
-541
-208
-5
25
-12
-33
74
448
1080
1773
2417
2836
2975
2753
2164
1324
415
-452
-1112
-1420
-1369
-1077
-688
-317
-84
-26
-59
-89
23
321
823
1476
2166
2659
2878
2729
2211
1359
379
-507
-1176
-1541
-1551
-1260
-870
-509
-272
-256
-394
-491
-467
-192
326
1014
1725
2214
2411
2260
1746
973
109
-695
-1338
-1727
-1778
-1597
-1316
-949
-671
-605
-587
-590
-511
-220
259
962
1664
2159
2387
2209
1601
706
-232
-1034
-1572
-1775
-1670
-1423
-1199
-971
-890
-976
-1026
-1013
-799
-359
277
1029
1737
2201
2372
2119
1427
459
-609
-1562
-2192
-2371
-2118
-1639
-1153
-797
-727
-943
-1191
-1335
-1229
-768
-62
822
1694
2190
2362
2032
1308
308
-767
-1691
-2344
-2588
-2428
-1964
-1344
-778
-454
-401
-598
-866
-977
-755
-218
535
1381
2013
2324
2140
1551
613
-458
-1436
-2098
-2327
-2154
-1722
-1253
-794
-517
-436
-493
-569
-533
-338
26
591
1210
1652
1867
1718
1197
414
-466
-1253
-1813
-2096
-2017
-1685
-1244
-856
-579
-459
-474
-447
-262
107
619
1262
1791
2087
2083
1720
1096
294
-554
-1276
-1733
-1901
-1759
-1505
-1173
-858
-683
-606
-644
-619
-444
-63
491
1232
1901
2314
2351
1846
955
-172
-1242
-2027
-2423
-2277
-1783
-1206
-634
-301
-208
-337
-548
-546
-353
80
740
1504
2086
2455
2418
1959
1098
-25
-1175
-2104
-2562
-2548
-2058
-1374
-703
-185
-13
-86
-263
-350
-209
193
858
1551
2044
2221
2068
1484
700
-156
-1075
-1735
-2192
-2262
-2021
-1650
-1088
-573
-219
25
211
425
750
1096
1593
2055
2255
2283
1919
1222
332
-566
-1278
-1727
-1850
-1634
-1320
-1006
-722
-473
-353
-220
37
452
1011
1693
2358
2767
2859
2544
1900
996
-41
-946
-1600
-1911
-1823
-1421
-904
-450
-205
-211
-360
-474
-286
192
1013
1930
2789
3247
3217
2718
1706
442
-666
-1584
-2084
-2109
-1758
-1212
-670
-281
-65
15
-28
53
298
833
1512
2274
2934
3277
3268
2738
1809
645
-520
-1498
-2115
-2313
-2055
-1580
-1000
-477
-142
47
94
249
550
1072
1705
2380
2821
2979
2717
2035
1112
98
-893
-1703
-2169
-2267
-1964
-1556
-1045
-583
-240
37
309
628
1064
1613
2173
2747
2980
2918
2434
1590
530
-549
-1507
-2023
-2198
-1978
-1550
-1134
-731
-541
-419
-362
-190
235
864
1625
2365
2891
3086
2828
2132
1151
-45
-1164
-1935
-2320
-2257
-1845
-1313
-770
-368
-235
-262
-194
-50
375
1001
1824
2511
2910
2966
2488
1722
547
-652
-1689
-2437
-2792
-2636
-2119
-1522
-877
-408
-148
24
116
281
705
1245
1923
2455
2770
2765
2273
1334
204
-857
-1696
-2235
-2327
-2112
-1685
-1183
-734
-316
56
292
691
1248
1799
2378
2690
2824
2605
2139
1385
483
-349
-1165
-1679
-1845
-1688
-1253
-902
-589
-429
-341
-188
199
823
1630
2414
3038
3372
3374
2850
1918
815
-447
-1443
-2137
-2286
-2050
-1504
-850
-341
131
34
-625
-1067
-1427
-445
651
2650
4487
5805
5538
4838
3007
910
-1163
-2869
-3323
-3497
-2968
-2218
-1112
-169
321
655
843
944
1072
1362
1882
2398
2845
3031
2975
2538
1600
312
-1022
-1681
-2110
-2193
-1494
-1037
-590
-424
-240
26
241
726
1350
1964
2614
2963
2944
2703
2072
1195
210
-588
-1312
-1731
-1714
-1436
-993
-659
-376
-244
-244
-126
67
651
1488
2301
2994
3271
3147
2548
1534
372
-768
-1643
-2154
-2178
-1823
-1281
-699
-265
78
271
227
258
508
903
1503
2136
2614
2921
2813
2203
1199
63
-1023
-1875
-2327
-2179
-1638
-1138
-497
75
381
505
690
889
1185
1490
1836
2202
2356
2425
2153
1635
765
-277
-1142
-1905
-1993
-1877
-1340
-779
-378
-103
31
143
350
746
1431
2294
3040
3459
3408
2871
1800
625
-578
-1452
-1851
-1865
-1410
-783
-267
157
328
282
173
141
453
1001
1915
2939
3661
3928
3782
3045
1753
340
-1074
-1957
-2329
-2083
-1256
-456
241
677
771
775
653
637
900
1356
1965
2648
3088
3240
2945
2126
914
-323
-1371
-2065
-2259
-1955
-1286
-556
144
735
969
997
933
1055
1345
1912
2616
3117
3346
3076
2464
1477
349
-702
-1605
-2118
-2116
-1611
-882
-150
530
926
1025
1019
1164
1411
1907
2417
2974
3270
3198
2821
1925
796
-431
-1436
-1967
-2143
-1807
-1198
-642
-55
365
625
837
1063
1474
1906
2548
3074
3489
3528
3164
2402
1393
413
-498
-1110
-1424
-1531
-1280
-1026
-637
-158
187
529
872
1337
2003
2786
3473
4045
4092
3688
2981
1922
902
-34
-640
-912
-936
-697
-507
-457
-428
-434
-373
26
792
1767
2711
3647
4325
4557
4189
3210
1976
510
-840
-1581
-1531
-945
6
927
1594
1631
1110
365
-535
-998
-903
-123
1206
2741
4165
4815
4730
3926
2487
969
-427
-1140
-1268
-925
-101
905
1745
2236
2357
2002
1207
128
-759
-1195
-1148
-265
1092
2586
3793
4274
4002
2986
1681
385
-492
-940
-924
-426
369
1198
2007
2548
2545
2026
983
-117
-997
-1535
-1226
-168
1197
2610
3537
3855
3436
2325
1135
24
-603
-549
-346
287
904
1285
1534
1343
850
57
-768
-1318
-1479
-927
51
1369
2565
3247
3421
2967
2199
1325
457
-53
-263
-255
203
649
1011
1174
789
181
-757
-1613
-1910
-1634
-654
752
2246
3340
3711
3500
2615
1550
669
22
-243
-276
-282
-136
302
804
1326
1491
1138
98
-1249
-2411
-2653
-1814
-110
2042
3781
4605
4314
3175
1675
435
-452
-811
-604
-378
-145
268
640
1124
1412
1210
471
-793
-2042
-2702
-2438
-1079
1100
3316
4814
5264
4545
3060
1537
121
-783
-1029
-928
-700
-113
570
1131
1471
1262
564
-557
-1790
-2397
-2208
-1047
662
2564
4141
4792
4820
3937
2696
1401
69
-666
-1184
-1341
-1113
-390
448
1178
1562
932
-313
-1900
-3115
-3244
-2193
3
2372
4383
5168
5037
4098
2722
1551
269
-605
-1278
-1599
-1606
-987
81
948
1809
1358
295
-1366
-2694
-3144
-2511
-672
1381
3507
4585
4792
4216
3051
2076
901
-40
-794
-1312
-1494
-1129
-147
761
1594
1661
598
-941
-2428
-3045
-2579
-1134
811
2606
3515
3627
3392
2812
2245
1635
827
-231
-1297
-2044
-2156
-1326
-68
1117
1802
1129
-457
-2137
-3347
-3145
-1819
232
2401
3702
3858
3266
2442
1667
1233
681
139
-518
-1439
-1753
-1553
-585
624
1495
1578
273
-1333
-2874
-3503
-2692
-745
1716
3702
4749
4356
3187
1527
230
-323
-845
-797
-878
-873
-839
-505
286
785
1046
350
-925
-2278
-3293
-3105
-2037
50
2086
3769
4437
4057
3097
1410
92
-1047
-1560
-1495
-1236
-534
93
575
877
859
277
-832
-2045
-2895
-2986
-2234
-666
1293
2775
3704
3683
3201
2480
1540
667
-412
-1249
-1767
-1883
-997
286
1536
2155
1640
66
-2315
-4267
-5185
-4447
-2369
333
2917
4555
4916
3988
2695
1329
421
-244
-715
-1067
-1594
-1631
-1325
-322
1016
1818
1577
-135
-2521
-4895
-6098
-5478
-3119
101
3198
5237
5375
4402
2554
802
-558
-1485
-1727
-1876
-1650
-1253
-783
-27
709
942
549
-931
-2824
-4518
-5403
-4698
-2931
-262
2402
4162
4728
4449
3265
1790
363
-923
-1855
-2531
-2450
-1757
-599
733
1511
1409
231
-2138
-4250
-5708
-5851
-4464
-2185
651
3040
4160
4435
4033
3011
1873
453
-570
-1619
-2285
-2338
-1882
-738
538
1577
1944
987
-1318
-3800
-5900
-6607
-5481
-2925
558
3386
4884
4994
4125
2806
1394
152
-676
-1491
-1997
-2150
-1493
-264
1255
2647
3141
2320
-344
-3552
-6429
-7886
-7156
-4553
-614
3055
5515
6267
5640
3984
2069
327
-1113
-2207
-2985
-3023
-2295
-1022
779
2614
4161
4487
2944
110
-3714
-6922
-8537
-7855
-4891
-750
2747
5027
5812
5083
3727
2182
851
-226
-1606
-2474
-2919
-2571
-1346
378
2442
4150
4384
3224
-160
-4347
-7949
-10020
-8923
-5198
-251
4298
6915
7109
5652
3226
1049
-444
-1469
-2282
-2650
-2573
-1987
-1084
310
1651
2936
3656
2924
1088
-2016
-5662
-8005
-8489
-6262
-2130
1683
4724
5843
5076
3474
1582
285
-635
-1781
-2435
-2601
-2139
-989
390
1756
2633
2277
969
-1656
-4602
-6969
-8230
-7376
-4393
-677
3019
5396
5941
5185
3123
1061
-655
-1942
-2790
-2936
-2476
-1415
-301
1062
2058
2597
2076
192
-2595
-5509
-7944
-8358
-6849
-3336
572
3444
5027
4988
3715
2177
601
-409
-1387
-2597
-3171
-2919
-1962
-602
761
2183
3068
2646
931
-2077
-5550
-8367
-9438
-7832
-3738
767
4461
6148
5584
3836
1570
-329
-1094
-1711
-2283
-2596
-2390
-1657
-654
520
1639
2579
3120
2181
187
-2850
-6555
-8568
-8781
-6228
-1784
1950
4894
5721
4605
2919
1015
-329
-1148
-2162
-2667
-2535
-2105
-987
229
1368
2346
2485
1602
-366
-3339
-6350
-8209
-8230
-5636
-1675
2179
4882
5492
4596
2682
750
-545
-1482
-2265
-2514
-2336
-1466
-620
358
1153
1672
1969
1087
-478
-2664
-5265
-6690
-6597
-4554
-1227
1584
3376
3795
3144
2029
1232
851
137
-991
-2124
-2664
-2096
-1139
252
1629
2118
1820
472
-1769
-3822
-5777
-6479
-5389
-2872
297
2758
3760
3525
2217
731
-69
-244
-145
-475
-1213
-1436
-1523
-1048
33
1023
1981
1605
-47
-2059
-4343
-5780
-5546
-3945
-969
1883
3403
3825
3056
1479
307
-418
-333
-257
-531
-764
-789
-700
-387
214
1232
1636
1184
-436
-2586
-4663
-5645
-4862
-2366
921
3387
4428
4159
2846
1356
30
-511
-546
-728
-837
-763
-408
219
677
1015
1483
1089
-330
-1752
-3543
-4644
-4365
-3170
-156
2415
3850
4200
3315
2132
1268
521
445
182
-537
-1032
-1071
-573
346
1162
1973
2054
871
-956
-2996
-4613
-4559
-3433
-689
2292
3908
4610
3725
2406
1547
680
864
1102
828
158
-538
-663
-260
526
1290
1930
1544
-137
-1923
-4134
-4994
-4305
-2469
1061
3770
4974
4650
2947
1342
244
-191
421
852
808
319
-205
-336
-185
370
921
1373
533
-888
-2685
-4322
-4245
-3516
-893
2037
3886
4725
3932
2538
1267
71
49
207
227
248
-52
351
603
1032
1500
1542
1101
-640
-2115
-4006
-4330
-3454
-1670
1638
3559
4538
4116
2604
1678
681
378
652
551
350
-207
-343
38
581
1497
1823
2156
1004
-960
-2832
-4888
-4641
-3480
-616
2760
4568
5099
3754
1996
645
-143
191
523
680
360
-139
-185
-8
620
1522
1950
2219
706
-989
-3278
-4813
-4533
-3204
390
3463
5487
5819
4308
2657
697
-325
-183
-26
267
281
199
682
827
1333
1601
1645
1374
-166
-1361
-3178
-3738
-3466
-1785
1248
3534
5098
4913
3710
2418
854
225
-186
-270
-432
-428
44
674
1250
1750
1690
1524
315
-1148
-2506
-3764
-3097
-2188
360
2751
3940
4302
3180
2235
1305
845
1110
1060
757
75
-490
-399
-14
762
1579
1890
1957
464
-994
-2753
-4036
-3548
-2277
696
3309
4407
4227
2786
1371
337
245
641
1058
1029
535
337
234
166
500
564
910
885
-318
-1121
-3167
-3835
-3458
-2107
1207
3242
4491
4179
2502
1147
-102
-389
1
340
504
598
699
989
1198
1213
804
540
-486
-1588
-2352
-3639
-3263
-2703
-683
1940
3461
4172
3295
2044
715
-144
81
270
433
378
280
477
966
1274
1357
1287
666
-814
-2178
-3607
-4378
-3781
-2460
505
3037
4485
4623
3145
1604
-9
-828
-648
-243
12
85
157
364
898
1099
1732
1559
1639
572
-1436
-2612
-4572
-4480
-3212
-1108
1956
3421
3657
3099
1750
728
162
128
10
-221
-594
-684
-85
402
1244
1904
1945
2151
638
-1319
-3327
-5485
-5290
-4062
-826
2628
4408
4936
3621
1753
144
-608
-539
-37
24
-215
-231
-240
152
567
1175
1665
2240
1725
3
-1798
-4643
-5638
-5212
-2864
1000
3392
4766
4281
2622
1034
-348
-482
-607
-552
-684
-1001
-491
-218
162
757
1051
1631
1731
614
-747
-3311
-5262
-5696
-4385
-1107
1837
4006
4263
3295
1536
18
-432
-870
-788
-1050
-1081
-680
-443
88
410
693
1189
1596
895
-229
-2340
-4685
-5389
-5068
-2132
1003
3411
4619
3778
2317
468
-528
-819
-839
-949
-903
-618
-180
154
425
575
624
811
210
-1047
-2542
-4737
-5338
-4712
-2369
715
2858
4026
3530
2338
1010
80
-123
-488
-805
-1136
-1091
-503
198
745
1275
1136
1100
286
-1189
-2635
-4712
-5344
-4612
-2187
1260
3476
4439
3847
2271
858
141
145
192
-36
-792
-1120
-1028
-475
559
1362
2219
2144
1252
-881
-3105
-5497
-6655
-5677
-3130
869
4032
5525
5164
3372
1171
-416
-722
-581
-181
17
-269
-290
-206
-29
876
1779
2651
2927
1094
-1401
-4648
-7400
-7438
-5774
-1625
2313
4829
5673
4400
2574
533
-540
-1132
-1271
-1182
-906
-456
-174
196
311
601
1677
2748
2993
1440
-1579
-5697
-8358
-8610
-6027
-1228
2755
5462
5834
4454
2605
795
-292
-1238
-1611
-1604
-999
-52
690
895
678
398
1056
2352
2638
1360
-1433
-5996
-8342
-8565
-5928
-775
2947
5421
5803
3933
2361
694
-488
-1299
-1725
-1965
-1296
-313
687
1192
711
315
452
1577
1843
938
-1371
-5666
-7721
-8242
-5670
-652
2756
5297
5447
3782
2346
972
145
-579
-1207
-1809
-1552
-612
466
1412
1194
756
668
1184
1070
153
-2000
-5611
-6985
-7258
-4479
225
3009
5026
4595
2956
1819
888
590
211
-312
-1113
-1236
-919
219
1010
1101
957
838
1330
945
-13
-2251
-5299
-6611
-6675
-3851
117
2956
4468
3921
2555
1335
901
541
390
-56
-802
-910
-722
304
941
1146
975
908
931
6
-1176
-3427
-5409
-5917
-5369
-2078
1147
3512
4485
3037
1882
635
383
685
697
745
7
-474
-549
-241
564
860
953
1151
446
-849
-2319
-4675
-5510
-5422
-4030
-825
1583
3308
3600
2223
885
0
-318
10
513
521
519
-121
-505
-374
-12
711
1104
1375
244
-1775
-3863
-6450
-6274
-5251
-2716
721
2427
3593
2918
1408
249
-482
-484
-207
125
306
393
105
-14
-111
184
772
1257
1470
-1
-1911
-4655
-7036
-6298
-5079
-1412
1692
3029
3773
2278
972
-51
-639
-503
-381
-260
-114
129
-35
262
216
223
949
1102
1159
-596
-3037
-5818
-8003
-7202
-5024
-1065
2220
3473
3605
1909
329
-505
-843
-539
-370
-309
-335
-30
-86
478
825
959
1570
1757
1286
-837
-3336
-6842
-8243
-7629
-4991
-95
2779
4682
4397
2046
620
-972
-1149
-770
-748
-278
-265
-130
-49
197
569
1133
2005
2432
2275
-457
-3472
-7452
-9412
-8426
-5720
-383
3158
5027
5054
2600
703
-1112
-1710
-1595
-1261
-883
-693
-460
-721
-489
-86
560
2455
3122
3133
558
-3706
-8108
-10484
-9998
-6484
-929
2999
5643
5413
3435
1534
-527
-1362
-1745
-1584
-1147
-678
-453
-119
-410
-345
402
2007
3967
4403
2063
-1896
-7823
-11162
-11303
-8896
-2224
2112
5320
5966
3747
2187
-206
-1236
-1789
-1935
-1567
-1183
-819
-536
-460
-908
-381
1182
3404
5315
3682
319
-5706
-11324
-12433
-11676
-5340
432
4130
6614
4613
3289
1040
-764
-976
-1849
-1283
-819
-702
67
-101
-595
-512
374
2785
5833
5585
3067
-2362
-9763
-12498
-13349
-8392
-828
3185
7473
6421
4170
2838
-254
-641
-1192
-1574
-786
-737
-383
137
-732
-1175
-547
951
4931
7307
5560
2264
-6097
-12448
-14359
-13832
-5435
606
5218
8390
5474
4463
1931
-404
-609
-1436
-1508
-967
-656
-57
217
-830
-862
114
2889
7093
7944
5304
-346
-9699
-14413
-15954
-11652
-2369
3014
8188
8405
5655
4286
845
-99
-742
-1277
-1058
-841
-328
-54
-605
-1394
-1378
777
4744
9026
9340
5424
-1971
-11580
-16353
-16763
-11016
-1891
3794
8489
8482
6245
4185
688
-789
-1933
-2629
-1798
-1079
-9
137
-1091
-1917
-1880
1037
5766
9624
9434
3987
-4115
-13907
-17886
-16632
-10142
-402
4624
8936
8617
5698
4135
135
-937
-1755
-2720
-1171
-891
-98
-371
-2033
-2364
-1820
2179
7033
10527
9415
2886
-5247
-15161
-17965
-16016
-9436
569
4925
9219
8810
5579
3988
-411
-1546
-2478
-3305
-1371
-964
-284
-785
-2478
-2816
-1859
2188
7054
10571
8795
2117
-6358
-16161
-18666
-16629
-9504
658
5388
9881
9088
5595
3454
-1043
-2093
-2684
-3069
-1157
-802
-447
-1122
-2457
-2642
-1400
2526
7052
10337
8723
2267
-5652
-15107
-18079
-16005
-9555
862
5793
9972
9675
5688
3543
-874
-2002
-2237
-2705
-995
-884
-717
-1108
-2074
-2236
-1298
2177
6143
9500
8469
1910
-5013
-15332
-18646
-16556
-10663
1204
5965
10359
10068
4757
2799
-2120
-2945
-2741
-3378
-1407
-1414
-957
-931
-1874
-1956
-1785
1288
4799
8153
7413
1216
-5165
-15492
-18410
-16057
-9587
2544
7010
10936
9614
4115
2024
-2495
-2628
-2597
-2978
-1428
-1664
-815
-749
-1408
-1421
-1631
1200
4524
7407
6440
379
-6300
-15761
-17942
-15207
-7566
3612
7693
10842
8334
2972
618
-3257
-3128
-2886
-3045
-1580
-1641
-864
-655
-1449
-1347
-1437
1439
4828
6820
4674
-1601
-9073
-17145
-17713
-13838
-4489
5234
8887
10800
6585
2044
-879
-3837
-3037
-2994
-2496
-1146
-1130
-383
-670
-1386
-1344
-806
2627
5974
6776
3079
-3581
-12161
-17652
-16647
-11131
-220
6929
10589
10525
5131
1921
-1934
-3632
-3054
-3244
-1994
-993
-561
311
-590
-1162
-1321
-54
3866
6962
6480
1772
-5752
-14655
-17639
-15977
-8283
2208
7226
10990
8485
3737
1110
-3156
-3482
-3505
-3442
-1799
-1148
-350
91
-1324
-1681
-1622
855
5254
7685
5657
354
-8721
-16099
-17330
-14401
-4434
4133
8679
11315
7148
3728
484
-3042
-3121
-3585
-3249
-1571
-886
108
99
-1233
-1409
-688
2427
6584
6871
3868
-3161
-12215
-16730
-17028
-10618
-1247
5265
9535
8758
5404
2241
-1056
-2911
-3525
-3762
-3083
-1836
-891
-230
-822
-1722
-1522
351
4193
7075
6133
1578
-6783
-13965
-17151
-14701
-6818
1063
7082
9348
7803
4895
1598
-959
-2658
-3399
-3596
-2572
-1452
-164
329
-520
-1192
-926
1748
5147
6639
5296
-1179
-8288
-14405
-16309
-11428
-5125
2453
6872
7544
6983
3730
1672
-752
-2693
-3520
-4112
-3012
-1488
-252
315
-278
-833
5
2854
4770
6112
2971
-3818
-9192
-15330
-14105
-9314
-3962
4027
5653
7007
6190
2854
1914
-898
-2285
-3009
-3622
-2223
-1070
87
389
-80
-99
1027
3346
4293
5207
901
-4205
-8845
-13325
-10634
-7541
-2046
3999
4704
6699
5180
3020
1947
-855
-1953
-2694
-3045
-1664
-764
300
468
507
631
1605
2357
3121
2618
-870
-4125
-8224
-10175
-8831
-6765
-1848
1899
3847
5249
4570
2981
1412
-861
-2214
-2883
-2753
-1868
-648
188
508
1299
1238
1641
1804
1693
966
-1400
-4238
-6548
-8150
-7802
-5768
-2231
1343
3468
4702
4527
3109
1423
-504
-1542
-2297
-1875
-1472
-408
513
764
1738
1025
-73
-57
-1078
-198
-967
-2678
-3055
-6403
-6613
-6119
-3952
516
1971
4339
4015
2728
1382
-732
-1216
-2028
-2028
-1537
-722
639
1537
2017
398
-1630
-2692
-3119
-794
-579
-32
-887
-5399
-5870
-7365
-4630
-129
1001
4296
3294
2473
1555
-697
-262
-1753
-1634
-1381
-822
1574
2272
2300
171
-2866
-3937
-3365
-382
1779
2488
523
-4560
-7057
-8691
-5843
-1131
1153
4443
3907
3113
2282
-101
61
-1810
-1890
-1553
-732
2285
2540
1669
-588
-5010
-4769
-3766
129
3905
3140
1498
-4759
-8243
-9084
-7161
-1582
805
4145
4125
3450
3023
704
314
-1705
-2427
-1758
-545
2377
2476
1191
-1778
-5542
-4716
-2968
2179
5406
4028
1895
-5446
-8392
-9293
-7276
-1363
641
3755
4099
3377
3615
1347
870
-959
-2298
-1432
-285
1731
1853
104
-2934
-5547
-4865
-2002
2959
5030
3865
676
-6272
-8927
-9761
-7824
-1879
-25
3117
3998
3139
3956
1461
855
-931
-2544
-1243
-889
593
618
-1496
-3545
-5201
-3967
-118
3926
5835
3921
-135
-6499
-9754
-10210
-8120
-2189
300
3254
4538
3268
3907
1545
724
-301
-1870
-456
-1004
-504
-1045
-3418
-4009
-4860
-2161
1787
4598
6185
2798
-1195
-7033
-10484
-10105
-8364
-2607
188
2786
4533
3064
3747
1452
566
323
-1323
-50
-1167
-1330
-2279
-4396
-4356
-4502
-1141
2434
5192
6328
2743
-884
-6846
-10421
-10330
-8975
-3352
155
2863
5266
3780
4145
1994
731
899
-578
-66
-1090
-2082
-3332
-4558
-4807
-3846
-329
2705
6165
6594
3484
-121
-6415
-10176
-10466
-9237
-3786
244
2901
5050
3976
3698
2275
1374
1408
647
47
-1274
-2345
-4006
-4523
-4587
-3688
-504
1943
5237
6353
4076
893
-4866
-9572
-10848
-10202
-5651
-1039
2130
4583
4256
3908
2930
1929
1869
661
-323
-1879
-3118
-3991
-4550
-4268
-3475
-1676
992
3930
5919
5204
2202
-2603
-8295
-10918
-10873
-7435
-2153
1380
4431
4739
4058
3551
2310
2264
1619
-10
-1080
-2944
-4066
-4509
-4882
-4088
-2729
-207
3206
5758
6439
3800
-467
-7149
-11342
-11965
-9963
-3696
635
4019
5989
4327
3839
2363
1298
1308
-343
-1516
-2609
-4106
-4575
-4909
-4724
-3783
-1092
1869
5184
6972
4668
1213
-5370
-11027
-11775
-11241
-5254
16
3238
6460
5117
4392
3215
1368
1541
-161
-1237
-2352
-3698
-4366
-4952
-4574
-4126
-1503
1717
4913
7723
5597
2440
-3743
-10293
-11827
-12071
-6859
-1325
2229
6030
5321
4968
3608
1757
1623
-33
-866
-2046
-3537
-4522
-5446
-5127
-4511
-1927
1476
4911
7927
6056
3179
-2806
-9530
-11590
-12557
-7908
-2148
1413
5913
5428
4960
4072
1792
2155
645
-367
-1370
-3715
-4748
-6113
-5584
-4429
-1893
1960
5082
8149
6825
3579
-1433
-8820
-11430
-12466
-9379
-2694
1004
5690
6439
4821
4265
1493
1084
605
-891
-1412
-3604
-5069
-6039
-5742
-4068
-1759
2081
5074
7748
7318
3824
-319
-7754
-11701
-12946
-11325
-4602
124
4836
7205
5406
4462
1948
489
239
-1146
-1881
-3674
-5096
-5770
-5184
-3400
-1476
1922
4363
6703
7074
4265
486
-6137
-11130
-12853
-11925
-5850
-634
4149
6826
5365
4695
2142
736
215
-1588
-2534
-4327
-5440
-5176
-4349
-2488
-977
1361
3242
5427
6568
4721
1807
-4309
-9818
-11962
-12291
-6945
-1755
2214
5825
4888
4584
3503
1200
678
-1788
-4047
-4931
-5890
-4441
-2828
-1733
-494
356
1797
4297
6268
6084
2883
-2200
-8889
-11879
-11874
-8122
-1707
1777
4518
5215
3925
3921
2289
585
-1302
-4826
-5545
-5797
-3789
-1251
-662
313
-386
723
3311
5467
7022
3704
-1028
-7437
-11756
-11150
-8222
-1951
1760
3559
4888
3454
3986
2833
867
-914
-5128
-5902
-5935
-3672
-271
86
1064
-220
-275
2343
4286
6217
3911
-808
-6514
-11340
-11039
-8213
-2317
1594
3047
4393
2869
3188
2795
682
-774
-4492
-6097
-5497
-3465
-362
1023
1004
-91
-335
829
3734
5278
3471
305
-5686
-9767
-9913
-8327
-2566
706
2322
4126
2559
2797
2288
532
-718
-3560
-4960
-4720
-3406
-1267
-176
360
-329
169
1385
3410
4428
2569
-594
-5411
-8871
-8968
-7283
-2705
254
2270
3523
2450
2331
1298
-389
-1510
-3013
-3718
-2715
-2104
-972
-539
-1209
-735
-231
1376
3850
3505
2035
-1034
-5733
-7525
-7858
-5824
-1820
136
2141
3089
2174
1780
650
-1036
-2063
-2411
-2775
-1062
-412
-728
-418
-2218
-1745
26
1186
4316
3406
1298
-1846
-6375
-7350
-6761
-4108
-506
1260
2430
2238
1632
247
-626
-1697
-2883
-1881
-1861
55
1249
171
47
-2193
-2082
-373
1454
4039
3317
972
-2753
-7103
-7681
-6814
-2741
999
2742
4169
2623
1474
-101
-1983
-2498
-3491
-2572
-1607
10
1698
1181
942
-1024
-1083
132
1579
3941
2795
463
-3398
-8049
-8526
-7273
-3003
1651
3644
5324
3780
1967
-247
-2048
-3213
-3790
-2894
-2212
-278
1029
976
1469
-194
-121
1121
1856
3410
2418
-508
-3949
-8197
-9203
-7405
-3373
1398
4329
5999
4665
3025
148
-2402
-3116
-4606
-3176
-1949
-703
1324
740
1057
453
183
2057
3081
3720
2469
-594
-4686
-8200
-9367
-7876
-3534
751
3853
6153
5030
3519
1064
-2187
-3066
-4584
-3730
-2170
-624
790
719
429
-234
122
2056
3676
4734
2890
-111
-4705
-8368
-9635
-8215
-3997
35
3739
5581
5427
4368
1475
-1038
-2809
-4581
-3438
-2373
-393
1684
730
532
-731
-983
1731
3893
5822
4745
1772
-3201
-7300
-9305
-9078
-4633
-1358
2612
5688
5575
6177
3131
162
-2064
-5178
-4436
-3302
-593
2248
2269
1536
-523
-1673
-146
2650
5684
6137
4620
-251
-5029
-8482
-9664
-6875
-3654
249
3961
5760
6948
5298
2181
-1573
-5037
-5937
-4965
-1144
2351
3648
3085
-208
-2403
-2442
-250
3879
6007
6490
3053
-1946
-6508
-9432
-8229
-6191
-1965
2216
4767
7248
5977
3516
28
-4551
-5685
-5753
-2437
1774
3687
4115
1020
-2052
-3682
-2990
775
4116
6875
5793
1982
-2553
-7288
-8557
-7728
-5086
-568
2841
5582
6068
4063
1323
-2602
-4938
-5134
-3443
-28
2644
3557
2159
-1207
-3471
-4811
-3009
1077
4809
7292
6291
2245
-2442
-7160
-8641
-7465
-4452
-39
3503
4577
4541
2055
-590
-2951
-4107
-3004
-1242
1190
2811
2628
784
-2182
-4240
-4934
-2522
1423
5385
7819
6369
2913
-2311
-6532
-8122
-7361
-4307
-398
1980
3677
3345
1393
-255
-2149
-2354
-1712
-298
1578
2532
2055
230
-2855
-4863
-5224
-2731
1866
6179
8848
7165
3229
-2157
-7213
-8678
-7959
-4644
-438
1719
3834
2840
996
-1
-1900
-1443
-970
32
1761
1921
1313
-662
-3342
-4727
-4815
-1358
2836
7152
8864
6687
2783
-3025
-7301
-8513
-7554
-3737
-420
2137
3326
2259
1560
116
-520
-584
-609
338
972
1230
570
-1221
-3067
-4487
-3445
-408
4075
7298
8217
5867
841
-4247
-8029
-8830
-6656
-3702
-270
1640
2352
2621
1796
1390
598
-198
-635
-264
24
784
98
-1364
-2807
-3873
-2548
766
4629
7720
7378
4149
-1193
-6442
-9177
-8873
-6051
-2520
603
2156
2745
2568
1730
1412
24
-1032
-1159
-1458
-126
396
-120
-359
-2401
-2740
-1187
1266
5672
6608
5785
1930
-4288
-7407
-9487
-7641
-4034
-1552
1408
1785
2119
2847
2004
2095
206
-1367
-1901
-2191
-54
798
1289
861
-1726
-1791
-828
1956
5714
5418
4019
-1101
-6372
-8152
-8304
-5091
-1509
261
1678
942
1765
2146
2167
2192
-521
-1491
-2491
-1908
1172
1765
2427
1252
-1712
-537
477
3663
6095
4348
1475
-4006
-7536
-7541
-5567
-1797
833
1725
1399
1127
1862
1988
2246
688
-1458
-2073
-2536
262
2793
2885
3232
231
-713
676
1881
4999
4172
1365
-2602
-7427
-7637
-6290
-2629
959
1946
2448
1653
1232
1772
981
734
-1052
-1877
-1572
-519
2041
2673
2391
1024
-531
233
2020
4032
4716
2311
-1375
-6127
-8057
-7574
-4515
-359
1949
3398
3204
2063
1574
407
-647
-1382
-2193
-1724
-508
1065
2399
2373
974
152
184
1684
4075
4774
2966
-200
-5692
-8001
-8275
-6105
-934
1724
3642
3860
1961
1207
-335
-1194
-1589
-2100
-1544
-715
989
2165
2507
1781
-182
-306
549
2450
5018
4042
1898
-2640
-7560
-8372
-7842
-3587
824
3125
4521
3225
1959
752
-786
-610
-1905
-1600
-1412
-514
1645
2014
2314
1239
-329
340
1631
3970
5281
3061
-356
-6091
-9210
-8956
-6129
-649
2743
4459
4342
2465
1510
382
-58
-91
-1222
-895
-962
525
1514
1666
1115
-154
-751
1257
3183
5785
5569
2030
-2717
-8180
-10214
-8934
-4609
144
3392
4857
4766
3822
2981
1279
475
-1167
-2443
-2008
-1179
609
2216
1710
1147
154
420
2788
4731
5637
3885
-163
-5313
-8806
-9724
-7401
-3382
78
2931
4968
5327
5596
4368
2114
-96
-2433
-3896
-2538
-1223
734
1899
788
420
318
1608
4466
5916
5179
2358
-2806
-7714
-10230
-9900
-7091
-2732
799
4462
6823
7181
6725
4063
767
-1964
-4296
-4210
-2067
-657
1440
1330
497
778
1074
3661
5645
6264
4577
469
-5084
-9791
-11483
-10497
-6715
-1403
3043
7445
8939
8555
6641
2547
-894
-4059
-5675
-4512
-2607
-602
1396
1014
976
995
1902
3928
5244
5150
2548
-2301
-7738
-11454
-11804
-9415
-4136
1302
5582
8532
8567
7363
4810
1187
-1693
-4369
-5112
-4127
-2540
-371
1122
984
1536
1950
3564
5550
6234
5051
230
-5387
-11169
-13179
-11153
-6402
753
5635
8497
9364
6909
4979
1999
-866
-2291
-3943
-3465
-2178
-948
680
899
604
1299
2370
4458
6284
5538
2237
-2938
-9239
-12134
-11731
-8062
-1444
3411
6961
8734
7309
5750
3161
354
-1638
-3170
-3553
-2178
-588
661
1198
659
161
1447
3368
5660
6547
3716
-886
-6903
-11306
-11750
-8957
-3682
1445
5025
7206
7353
6625
4608
2192
-685
-3042
-3866
-2987
-638
1106
1733
1201
-251
256
2158
4919
6632
5075
406
-5516
-10791
-11852
-9598
-4661
238
3334
5175
5564
5735
5485
3551
1267
-2318
-4803
-4684
-2559
933
3007
3157
1424
-239
354
2456
5262
5988
2762
-2530
-8724
-11770
-10415
-6499
-971
2697
4133
4722
4634
5138
4937
3504
469
-3448
-5337
-4892
-747
2769
5288
4878
1672
233
75
1995
4967
4572
1203
-4571
-9819
-11078
-8554
-3487
1650
4300
4794
4061
3827
4267
4147
3305
-420
-3661
-5792
-4748
-386
3351
6312
5454
2615
1007
118
2130
4134
3178
-250
-5972
-10131
-10460
-7220
-1558
3531
5714
5898
4300
3550
2930
2972
1733
-1098
-3669
-5089
-3283
589
4436
7031
5851
3733
1629
1053
2427
3580
2052
-1826
-7013
-10781
-10017
-6092
169
5592
7996
7689
5355
3299
1643
1066
76
-1681
-2893
-3187
-1367
1870
4815
6013
5445
3633
1984
2502
2973
3469
1264
-3671
-8096
-11575
-10585
-5561
489
6445
9328
8657
6441
2990
414
-970
-1937
-2489
-2389
-1436
159
2480
4021
4096
4207
3124
2908
4439
4027
3653
194
-5390
-9152
-11785
-9896
-4421
1393
7293
9720
9399
6799
2976
-255
-2587
-3021
-2998
-1523
590
1620
3352
3045
2254
2741
2172
3869
5746
5089
3499
-995
-6672
-9794
-11285
-8629
-3390
1890
6711
9284
9174
6974
3551
-550
-3360
-4165
-3753
-991
1857
3281
4281
2500
1197
1334
1689
4827
6404
5200
2479
-3336
-8215
-10146
-9899
-5350
-1001
3569
6951
8284
8352
6551
3392
-277
-3626
-4402
-3706
-377
2885
4612
4759
2370
1350
1141
2803
6081
6702
4483
605
-6098
-9284
-9966
-7116
-1644
1963
5354
6838
7192
7068
5812
3554
10
-2795
-4113
-3126
590
3298
5462
4442
2008
1137
768
3592
6150
5994
3519
-2167
-7559
-10062
-9013
-4231
644
4063
5796
5805
5493
5303
4582
3249
410
-2015
-3484
-2264
471
3207
4715
3625
2315
1584
2250
5230
6306
5054
998
-5422
-9689
-10573
-7353
-1256
3541
6346
6625
5103
3910
3303
3128
2377
975
-1005
-1765
-889
728
3113
3450
3005
2345
2018
4031
5760
5935
3437
-1803
-7396
-10899
-10081
-5921
108
4819
6974
6984
4883
3299
2279
1536
1157
270
-872
-680
-387
985
2234
1978
2358
2309
3584
6138
6648
5524
1392
-4935
-9507
-11752
-9264
-3802
1535
6105
7665
6807
5177
2815
1768
738
391
465
31
1223
1147
1866
1440
626
1292
2152
4760
7841
7724
5794
498
-5955
-9857
-11157
-8016
-3047
1659
5482
7004
6795
5689
3526
2180
-280
-705
-696
220
2488
3118
2955
1663
-556
-246
1210
4616
8050
8136
5674
72
-5834
-9327
-9591
-6578
-2599
1402
4152
5270
6478
5607
4818
3092
-21
-753
-1284
343
3567
4473
4205
1896
-1130
-1741
307
4273
7804
8711
5700
-201
-4947
-8660
-7654
-4770
-2345
1492
2289
3473
5263
4911
5429
3151
61
-1301
-2218
642
3837
5719
5237
1633
-1634
-3501
-1205
3122
6593
8640
5281
294
-4062
-7468
-5907
-4086
-1938
730
473
2101
3291
4360
5210
3019
721
-1600
-1958
1058
4092
6843
5714
2233
-1833
-4365
-2612
1015
5300
7211
5071
1378
-2893
-5142
-4681
-3564
-1518
-613
-253
659
1772
3522
4085
3081
1103
-1170
-1001
806
4062
6321
5576
2672
-1512
-4081
-3322
-552
3990
5581
5042
2153
-1894
-3529
-4623
-3362
-1601
-1360
-105
-156
927
2436
2584
3057
1324
-182
2
744
3717
5517
5459
3296
-478
-3188
-4072
-1801
1493
4032
5179
3393
1019
-1173
-3677
-2814
-2847
-2154
-865
-823
796
1837
2692
3541
2642
1915
1148
1451
2918
3945
4948
3133
1044
-1649
-3655
-2283
-651
2393
4522
4591
3567
1158
-1419
-2322
-2926
-2454
-1886
-1161
-425
369
1722
2414
3556
3411
2823
2750
2506
2969
3700
2873
1856
-737
-2816
-3342
-2737
607
3247
6105
5921
3711
1458
-2476
-3386
-3723
-3674
-1615
-1458
-448
1127
1545
3977
4527
4369
4040
2607
2409
2309
2508
1973
-24
-1848
-4016
-3971
-1363
1776
5977
7026
5620
3303
-1249
-3627
-4124
-4587
-2649
-2233
-1718
-127
801
3507
5447
6018
5544
3383
1752
869
763
943
-73
-1485
-3566
-4110
-2215
1688
5625
8051
7518
4264
161
-3504
-5102
-4618
-3704
-2486
-1683
-963
685
3093
5246
6851
6534
4145
1981
581
-289
142
-280
-1779
-2930
-3948
-2546
1698
5312
8593
9230
5853
2118
-2246
-5224
-5321
-4787
-3788
-2099
-1377
551
3214
5201
7149
7376
4855
2795
645
-788
-549
-975
-1931
-2546
-3663
-2207
860
4655
8248
9382
7464
3839
-583
-4047
-5629
-5167
-4158
-2719
-1043
478
2899
4875
6580
7170
5688
3668
1218
-614
-1027
-1883
-1951
-2442
-2876
-1233
556
4040
7635
8409
8073
4817
696
-2772
-5117
-5552
-4208
-2916
-1200
911
2434
4397
6147
6285
5860
4296
1409
-177
-1315
-2363
-1793
-2150
-1794
-697
432
2872
5770
7049
7232
5535
1980
-1421
-3942
-5587
-4789
-3442
-1942
529
1965
3800
5619
6030
6072
4837
1963
-99
-2210
-2988
-2584
-1946
-780
-223
772
2088
3851
5715
6426
5705
3579
204
-2764
-4605
-5492
-3733
-2407
-441
1656
2994
4619
5810
5964
5178
3197
209
-1878
-3067
-2991
-1884
-529
-253
550
1119
2255
4358
5689
5839
4501
1621
-1789
-3875
-5329
-4580
-2825
-1509
729
2259
3636
5349
5882
5106
3702
650
-1771
-2819
-3108
-1670
-722
-228
62
374
1251
3466
5086
6079
4998
2662
-380
-3015
-4329
-4569
-3475
-2162
-575
1273
3152
4949
6017
5489
4023
1552
-1003
-2058
-2314
-1392
-682
-662
-538
-533
584
2792
4689
5961
5391
3176
851
-1809
-3070
-3632
-3746
-2830
-1823
-154
2357
4479
5797
5676
3769
1304
-679
-1816
-1160
-284
202
304
-518
-923
8
1511
3836
4914
4917
3552
1559
88
-1244
-1953
-2824
-3423
-3142
-1939
632
3721
5392
5896
4280
1566
-97
-1020
-189
978
1115
711
-706
-1954
-1129
-8
2757
4332
4503
4066
2195
1217
208
-1013
-2062
-3528
-4435
-3232
-1340
2048
4119
4732
3439
1199
-266
-515
1084
2067
2617
1569
-557
-2152
-2447
-1125
1086
3203
3686
3744
2823
2006
1565
447
-1161
-2872
-4921
-4365
-2578
119
3090
3649
2984
1328
-143
211
1635
2815
3505
2170
59
-1893
-2930
-1857
-234
1936
3141
3391
3555
2993
2766
2010
-82
-1832
-4346
-5100
-3777
-2166
1059
2193
2368
1897
646
1105
1828
2971
3566
2573
1013
-1069
-2460
-2526
-1493
244
2059
3120
4139
4403
4287
3625
1647
-725
-3258
-5326
-5303
-3993
-1603
978
2291
3117
2971
2751
2713
3218
3026
2505
1182
-649
-1935
-2829
-2228
-816
1302
3234
4825
5514
5440
4420
2596
-240
-2779
-5153
-6406
-5253
-3630
-345
2301
3793
4613
3918
3111
2808
2272
1887
1328
-166
-1492
-2608
-3087
-1849
201
2699
5056
6084
6173
5058
3181
431
-2394
-4880
-6972
-6797
-5416
-2325
1517
4167
5649
5289
3882
2568
1596
1248
869
284
-1213
-2356
-3265
-2740
-530
2047
5033
6573
6954
6101
4168
1772
-1409
-4314
-6828
-8122
-7037
-4323
-28
3906
6015
6261
4848
2908
1657
1217
1067
679
-712
-2598
-3827
-4027
-2298
917
3901
6297
7050
6388
4889
2715
-402
-3458
-6405
-8902
-8431
-6530
-2143
2694
5573
6881
5943
3670
2389
1573
1516
1421
-131
-2301
-4381
-5009
-4077
-490
2986
5982
7723
7244
5995
4342
1356
-1650
-4934
-8603
-9340
-8437
-4762
707
4713
7136
7011
4981
3266
2345
2257
2335
1297
-1066
-3989
-5425
-5368
-2464
1584
4936
7432
7663
6389
5140
2829
-161
-2886
-6989
-9022
-9167
-7073
-1880
2706
6049
7234
5853
4152
2782
2577
2774
2342
660
-2428
-4685
-5566
-4059
-468
3136
6207
7601
7135
5981
4095
1291
-1684
-5251
-8324
-9063
-7878
-3882
963
4753
6823
6331
4762
3102
2484
2658
2681
1935
-381
-2960
-4666
-4597
-2366
1001
4329
6564
7383
6668
5056
2671
-821
-4005
-7366
-8966
-8071
-5458
-986
2925
5361
5770
4583
2954
2103
1963
2313
2197
853
-1308
-3278
-4232
-3245
-833
2351
5121
6744
6997
5716
3491
-64
-3549
-6560
-8601
-7894
-5889
-2111
1707
4138
5250
4697
3371
2412
2046
2091
2340
1618
101
-1665
-2938
-3058
-1287
985
4124
6346
7368
6919
4579
1169
-2860
-6169
-8341
-8067
-6090
-2748
914
3357
4707
4594
3470
2418
1591
1280
1650
1424
927
-230
-1485
-2048
-1545
69
2798
5313
7145
7446
5550
2388
-2355
-6010
-8428
-8658
-6133
-3071
995
3854
4924
5272
3817
2346
1432
310
880
1044
1105
1010
-188
-813
-931
78
2406
5298
7597
8607
7317
4017
-805
-5519
-8732
-9593
-7695
-4357
45
3848
5859
6583
5354
3472
1702
-197
-596
-354
-99
780
170
-10
-281
127
2178
4451
7362
8982
8517
6198
1224
-3842
-8240
-10744
-9599
-6838
-2276
2439
5412
7186
6885
5078
3065
669
-999
-1333
-1476
-631
-159
-98
378
430
1805
3855
6283
8936
9481
8202
4444
-1397
-6423
-10688
-11378
-9209
-5144
211
4220
7049
8007
6913
5189
2578
141
-1420
-2376
-2138
-1347
-755
108
623
1432
3111
5005
7646
9421
9117
6920
1712
-4028
-8875
-12217
-11053
-8305
-3381
1730
4930
7415
7666
6431
4657
1859
-572
-2204
-3165
-2666
-1808
-780
249
1124
2367
4120
6464
8827
9960
8829
5289
-720
-6279
-11059
-12472
-10278
-6651
-958
3207
6375
8033
7630
6460
4383
1386
-993
-3024
-3847
-3241
-2205
-611
886
2315
3834
5731
7727
9492
9662
7697
3225
-2545
-7757
-11481
-11381
-9161
-4628
146
3747
6593
7342
7243
6008
3905
1264
-1252
-3339
-3984
-3517
-2191
-414
1395
3079
4902
6694
8425
9389
8711
6115
1371
-3813
-8466
-10741
-10284
-7613
-3271
667
4138
6365
7251
7268
6022
3932
1309
-1271
-3229
-3970
-3591
-2305
-452
1489
3753
5973
8001
9603
9587
8241
4380
-540
-5682
-9646
-10801
-9855
-6442
-2276
1615
4761
6522
7169
6720
4980
2836
173
-2183
-3686
-4282
-3676
-2314
-526
1691
4160
6553
8719
9550
9109
6551
2293
-2511
-7111
-9709
-10245
-8479
-5227
-1388
2146
4767
6437
6883
6351
4630
2348
-187
-2365
-3842
-4287
-3856
-2443
-542
1898
4887
7575
9621
10088
8625
5322
764
-4147
-7764
-9920
-9531
-7552
-4596
-809
2121
4716
6092
6295
5647
3825
1670
-569
-2490
-3622
-4103
-3721
-2388
-506
2108
5047
7710
9323
9394
7379
4203
-183
-4251
-7139
-8793
-7905
-6485
-3646
-590
1932
4162
5251
5307
4911
3497
1659
6
-1927
-2877
-3515
-3359
-2155
-114
2356
5313
7468
8670
8356
6088
3246
-802
-3779
-6442
-7293
-6702
-5478
-2850
-513
1877
3713
4407
4442
4206
2813
1803
39
-1464
-2343
-3124
-2773
-1667
282
2604
4850
6351
7163
6507
5027
2524
-280
-2749
-5087
-5772
-5902
-4674
-2859
-895
1099
2508
3074
3481
3256
2684
2046
392
-514
-1648
-2078
-1859
-958
477
2021
3432
4367
4981
4809
3972
2298
370
-1975
-3688
-4685
-4837
-3751
-2589
-1001
324
1189
1782
2239
2103
2234
1596
667
-52
-872
-1084
-1020
-396
310
1273
2141
2694
3314
3465
3030
2033
433
-1330
-2639
-3711
-3991
-3436
-2763
-1701
-864
-148
762
1199
1576
1775
1383
946
153
-233
-496
-359
0
157
806
1164
1578
2301
2515
2676
2168
776
-413
-1805
-2956
-3207
-3318
-2628
-1926
-1435
-629
187
748
1439
1610
1684
1484
828
491
185
309
230
180
235
231
556
1048
1462
2020
1852
910
191
-1164
-1942
-2395
-2699
-2299
-2078
-2045
-1577
-1113
-428
495
1045
1701
1807
1608
1189
1021
907
840
670
283
96
-3
-48
304
905
1028
1179
694
62
-334
-1012
-1253
-1527
-1936
-2354
-2474
-2306
-1339
-228
1117
2237
2622
2548
2114
1835
1538
1315
848
201
-460
-1004
-1347
-868
-210
383
1152
1033
960
612
-96
-502
-1292
-2373
-3124
-3954
-3792
-2841
-1430
640
2139
2934
3152
2791
2391
2150
1572
1226
350
-825
-1785
-2510
-2226
-1610
-553
546
1253
1520
1373
830
347
-656
-1970
-3165
-4393
-4541
-4013
-2314
-55
1815
2981
3340
3010
2774
2379
1930
1741
742
-455
-1998
-3093
-3101
-2585
-1238
211
1427
2063
1913
1383
719
-535
-1931
-3595
-4805
-5218
-4801
-2972
-686
1519
3007
3502
3467
3287
2707
2278
1734
607
-727
-2561
-3633
-3752
-2984
-1431
329
1828
2748
2648
2149
1326
-60
-1474
-3371
-4609
-5268
-5017
-3418
-1366
1002
2869
3678
4139
3981
3425
2965
2027
871
-667
-2494
-3694
-3890
-3118
-1495
551
2168
3250
3384
2787
1927
521
-1035
-2707
-4221
-5060
-5112
-4055
-2294
170
2261
3758
4620
4520
4121
3328
2148
699
-804
-2525
-3597
-3883
-3312
-1690
100
1857
3055
3445
3085
2345
989
-392
-2004
-3532
-4561
-5005
-4455
-3121
-865
1282
3219
4358
4614
4235
3361
2034
597
-784
-2182
-2868
-3355
-2886
-1728
-240
1474
2743
3467
3455
2816
1590
162
-1514
-2972
-4150
-4744
-4612
-3562
-1773
314
2302
3860
4497
4313
3494
1839
364
-1264
-2374
-2823
-3171
-2734
-2036
-954
531
1725
2719
3311
2866
2101
665
-933
-2289
-3597
-4357
-4484
-4001
-2751
-861
1044
3191
4391
4506
3751
2037
193
-1474
-2482
-2734
-2556
-2407
-1943
-1340
-290
1085
2443
3507
3666
3113
1690
18
-1518
-2947
-3908
-4352
-4220
-3487
-1954
-16
2173
3909
4305
3816
2292
343
-1024
-2058
-2353
-2252
-2604
-2604
-2324
-1600
68
1802
3327
4044
3593
2421
743
-927
-2397
-3511
-4216
-4263
-3906
-2559
-696
1416
3373
3956
3740
2440
773
-407
-1336
-1589
-1648
-2079
-2350
-2245
-1673
-77
1627
3218
4068
3867
2956
1458
-176
-1596
-2761
-3784
-4219
-4206
-3234
-1499
601
2382
3423
3345
2172
1021
-438
-983
-1287
-1666
-1818
-2336
-2329
-1707
-582
1026
2537
3206
3345
2509
1386
95
-1151
-2098
-3107
-3659
-3921
-3351
-2072
-473
934
1976
1943
1345
645
-360
-458
-715
-1038
-1226
-1797
-1942
-1414
-687
721
1937
2510
2695
1927
1076
122
-719
-1390
-2041
-2676
-3130
-3028
-2562
-1661
-736
22
386
459
334
322
388
415
61
-574
-1124
-1623
-1445
-888
50
1051
1618
1777
1407
934
479
111
-289
-748
-1436
-2124
-2613
-2830
-2693
-2327
-1807
-1188
-616
-183
401
738
877
569
-90
-633
-1033
-1132
-833
-294
208
614
661
560
479
363
350
320
-53
-550
-1279
-2051
-2546
-2933
-2878
-2473
-1775
-960
-117
567
1085
1161
777
372
-136
-254
-284
-269
50
134
210
245
134
298
453
536
672
402
10
-606
-1434
-2217
-2869
-3163
-2816
-2165
-1222
43
741
1340
1478
1019
799
508
445
598
377
308
115
-257
-197
-276
17
448
631
844
684
339
-325
-1229
-2235
-3169
-3615
-3368
-2557
-1333
60
1087
1605
1645
1186
870
773
721
845
602
205
-196
-628
-617
-370
35
549
757
754
536
165
-540
-1460
-2504
-3536
-3919
-3791
-2779
-1364
-39
1102
1395
1242
897
606
675
901
970
785
246
-265
-507
-514
-80
316
612
656
349
28
-382
-918
-1635
-2466
-3181
-3434
-3088
-2136
-888
159
914
1045
731
510
506
838
1299
1370
1079
442
-298
-536
-493
-2
633
968
1060
742
229
-338
-1034
-1879
-2627
-3161
-3228
-2683
-1800
-628
370
888
1009
768
629
717
1024
1340
1290
939
237
-449
-649
-465
173
958
1409
1466
945
118
-731
-1725
-2374
-2814
-2936
-2547
-1937
-1057
-101
626
971
1032
859
806
802
1015
1161
981
621
-139
-622
-794
-405
529
1398
2076
2060
1239
129
-1166
-2343
-2974
-3247
-2972
-2399
-1699
-861
20
762
1143
1295
1237
1212
1138
1068
970
579
-26
-793
-1275
-1253
-615
574
1751
2496
2374
1384
-11
-1540
-2736
-3390
-3338
-2918
-2324
-1595
-857
0
633
1074
1203
1210
1155
951
779
431
-64
-827
-1616
-1977
-1705
-756
747
2197
2962
2695
1455
-271
-1978
-3178
-3745
-3497
-2927
-2226
-1428
-655
213
902
1351
1507
1513
1234
841
417
-221
-944
-1836
-2512
-2684
-2166
-865
870
2541
3355
2965
1621
-292
-2097
-3389
-3909
-3538
-2834
-1966
-1023
-128
690
1342
1638
1713
1522
985
444
-186
-838
-1616
-2447
-2944
-2987
-2295
-897
963
2677
3511
3197
1858
-34
-1760
-3090
-3455
-3075
-2362
-1418
-630
279
1030
1608
1997
2081
1859
1285
597
-201
-997
-1922
-2737
-3303
-3392
-2707
-1336
546
2186
3009
2845
1652
21
-1464
-2555
-2639
-2263
-1613
-764
-163
598
1199
1659
2034
2060
1713
1133
379
-432
-1212
-2129
-2821
-3344
-3428
-2772
-1503
270
1828
2618
2490
1461
45
-1267
-2178
-2165
-1767
-1126
-361
197
782
1290
1744
2030
2056
1730
1182
398
-489
-1322
-2234
-2931
-3402
-3501
-2903
-1680
-88
1310
1994
1919
1030
-220
-1382
-2124
-2022
-1593
-920
-245
284
791
1152
1495
1724
1726
1496
1004
262
-600
-1522
-2458
-3231
-3761
-3832
-3257
-2083
-591
667
1321
1310
609
-365
-1296
-1874
-1727
-1354
-778
-208
185
639
910
1085
1239
1172
939
507
-206
-985
-1845
-2690
-3285
-3660
-3533
-2831
-1701
-375
636
1012
784
-50
-976
-1726
-2054
-1760
-1259
-590
44
477
952
1256
1443
1494
1285
839
220
-612
-1482
-2311
-2998
-3300
-3303
-2736
-1717
-493
677
1328
1290
673
-356
-1305
-1900
-1999
-1585
-939
-226
511
1101
1620
1990
2141
1983
1479
621
-470
-1585
-2664
-3401
-3711
-3509
-2793
-1705
-391
848
1686
1871
1306
263
-1083
-2182
-2758
-2797
-2217
-1377
-381
686
1614
2381
2929
3078
2642
1648
197
-1461
-3016
-4304
-4955
-4893
-4136
-2858
-1331
305
1634
2432
2456
1616
318
-1286
-2649
-3394
-3532
-2964
-1984
-745
608
1846
2860
3489
3516
2770
1394
-406
-2250
-3845
-4868
-5089
-4610
-3498
-2093
-555
843
1816
2265
2009
1048
-310
-1826
-3100
-3711
-3684
-2960
-1721
-341
1083
2286
3141
3447
3066
1964
291
-1642
-3449
-4774
-5349
-5070
-4118
-2675
-1121
318
1455
2096
2264
1915
940
-349
-1671
-2798
-3353
-3286
-2623
-1431
-128
1098
2022
2545
2560
1924
703
-926
-2606
-4055
-4952
-5108
-4574
-3458
-2085
-674
463
1317
1803
1923
1728
984
-110
-1299
-2381
-3068
-3120
-2527
-1389
-12
1213
2148
2570
2428
1583
195
-1471
-3149
-4526
-5302
-5325
-4640
-3405
-1945
-456
738
1607
2122
2307
2257
1736
846
-242
-1279
-2084
-2399
-2061
-1215
-58
955
1628
1835
1564
818
-330
-1667
-2962
-4013
-4623
-4682
-4213
-3336
-2199
-1066
-32
773
1425
1956
2190
2175
1760
1047
268
-507
-1000
-1009
-635
-59
460
713
744
408
-244
-1135
-2129
-3094
-3913
-4426
-4607
-4364
-3769
-2848
-1845
-830
97
889
1578
1908
1967
1729
1204
571
-107
-590
-737
-520
-128
310
594
580
281
-343
-1132
-1999
-2911
-3753
-4379
-4760
-4764
-4348
-3617
-2606
-1528
-467
468
1184
1527
1598
1488
1200
798
385
110
-8
79
178
273
274
57
-316
-883
-1511
-2191
-2910
-3510
-4002
-4283
-4310
-4013
-3378
-2539
-1579
-645
131
599
738
660
473
346
256
182
222
278
263
193
9
-229
-530
-949
-1420
-1976
-2529
-3054
-3514
-3872
-4017
-3864
-3378
-2611
-1683
-729
110
666
797
614
370
121
82
292
609
942
1115
1012
640
36
-685
-1363
-1994
-2608
-3141
-3647
-3983
-4159
-4151
-3875
-3381
-2652
-1821
-1004
-284
216
401
344
104
-130
-172
77
631
1376
2026
2367
2283
1705
751
-405
-1572
-2597
-3487
-4149
-4597
-4770
-4690
-4314
-3708
-2948
-2106
-1338
-751
-405
-387
-574
-876
-1154
-1240
-1025
-427
488
1559
2409
2810
2568
1718
374
-1143
-2636
-3840
-4629
-5025
-5032
-4715
-4139
-3325
-2413
-1570
-832
-399
-327
-538
-1046
-1569
-2043
-2335
-2258
-1788
-873
277
1479
2459
2863
2497
1391
-299
-2198
-4001
-5464
-6261
-6410
-5930
-4931
-3600
-2085
-681
373
1058
1195
817
112
-735
-1536
-2095
-2316
-2071
-1303
-189
1124
2392
3269
3505
2853
1367
-717
-3131
-5375
-7091
-8035
-8054
-7255
-5800
-4019
-2167
-560
621
1223
1237
783
58
-736
-1413
-1791
-1738
-1205
-258
935
2222
3289
3842
3730
2785
1082
-1094
-3435
-5448
-6826
-7370
-7082
-6136
-4743
-3189
-1772
-714
-89
36
-204
-626
-1071
-1378
-1487
-1250
-705
98
1065
2033
2906
3416
3400
2721
1404
-303
-2287
-4180
-5551
-6267
-6212
-5498
-4312
-2910
-1611
-641
-190
-184
-588
-1156
-1693
-2028
-2082
-1812
-1140
-158
970
2056
3016
3646
3725
3132
1907
196
-1727
-3653
-5203
-6112
-6208
-5515
-4244
-2704
-1186
-39
557
554
104
-642
-1394
-1946
-2225
-2140
-1641
-772
254
1350
2351
3091
3396
3140
2308
932
-781
-2656
-4446
-5742
-6347
-6168
-5221
-3776
-2113
-558
590
1168
1115
634
-71
-749
-1278
-1510
-1381
-894
-137
722
1605
2328
2780
2827
2328
1319
-135
-1906
-3738
-5367
-6483
-6851
-6441
-5375
-3914
-2258
-744
425
1052
1121
832
308
-238
-687
-858
-703
-172
615
1581
2566
3390
3842
3754
2996
1617
-259
-2383
-4428
-6030
-6937
-7012
-6278
-4995
-3463
-1965
-759
19
231
83
-267
-639
-838
-803
-365
355
1237
2190
3059
3731
4075
3952
3355
2297
832
-898
-2628
-4121
-5174
-5602
-5370
-4646
-3646
-2620
-1657
-965
-637
-672
-865
-1098
-1218
-1137
-743
2
948
1974
2942
3792
4341
4425
4017
3139
1801
157
-1576
-3114
-4277
-4878
-4871
-4359
-3481
-2545
-1750
-1241
-1137
-1346
-1811
-2256
-2578
-2582
-2179
-1336
-219
1076
2377
3538
4459
4935
4851
4217
3058
1468
-320
-2070
-3481
-4362
-4582
-4202
-3373
-2304
-1331
-668
-472
-804
-1540
-2455
-3299
-3843
-3953
-3521
-2540
-1234
270
1734
3029
3951
4390
4235
3537
2396
969
-552
-1947
-3020
-3616
-3667
-3233
-2472
-1595
-834
-310
-162
-377
-918
-1614
-2259
-2747
-2887
-2680
-2215
-1524
-671
254
1140
1819
2201
2205
1818
1110
158
-887
-1807
-2465
-2792
-2769
-2504
-2032
-1512
-1100
-879
-852
-928
-1050
-1135
-1099
-930
-612
-186
252
676
1021
1265
1402
1392
1161
700
48
-696
-1486
-2142
-2625
-2830
-2750
-2479
-2057
-1627
-1301
-1134
-1186
-1359
-1594
-1781
-1775
-1569
-1105
-482
213
960
1635
2186
2545
2685
2592
2204
1563
722
-243
-1161
-1947
-2467
-2637
-2581
-2296
-1935
-1619
-1437
-1506
-1767
-2119
-2524
-2782
-2811
-2547
-1997
-1230
-391
445
1175
1720
2084
2219
2110
1801
1311
752
162
-343
-672
-757
-631
-392
-134
51
47
-205
-685
-1323
-2031
-2640
-3020
-3052
-2757
-2218
-1459
-681
0
445
629
529
260
-193
-670
-1101
-1384
-1487
-1362
-1003
-556
-102
276
495
538
312
-59
-494
-954
-1316
-1523
-1432
-1054
-528
59
679
1125
1284
1110
704
53
-732
-1540
-2256
-2756
-3036
-3025
-2734
-2289
-1777
-1326
-975
-789
-878
-1175
-1533
-1865
-2111
-2174
-1969
-1417
-641
249
1131
1825
2248
2312
2080
1691
1131
516
-34
-437
-693
-826
-846
-801
-758
-816
-1017
-1310
-1744
-2236
-2671
-2991
-3205
-3271
-3122
-2737
-2141
-1456
-689
50
647
1017
1139
1073
872
578
290
96
31
93
219
397
504
527
382
134
-205
-656
-1117
-1550
-1844
-2040
-2077
-1908
-1471
-849
-166
436
884
1033
843
355
-378
-1161
-1800
-2155
-2084
-1659
-948
-79
711
1216
1359
1115
579
-203
-1086
-1874
-2391
-2593
-2439
-1966
-1218
-265
717
1597
2202
2492
2377
1872
1084
122
-804
-1571
-2058
-2156
-1883
-1266
-519
188
682
873
729
234
-519
-1370
-2198
-2849
-3245
-3340
-3065
-2462
-1577
-460
688
1733
2530
3015
3090
2757
2172
1443
660
-68
-645
-986
-1102
-1068
-922
-699
-457
-276
-211
-244
-408
-737
-1178
-1721
-2221
-2561
-2698
-2493
-2072
-1413
-639
159
886
1418
1753
1885
1853
1617
1286
929
592
286
13
-211
-352
-405
-414
-386
-296
-175
-86
-76
-172
-360
-685
-1046
-1384
-1620
-1731
-1677
-1451
-1104
-639
-64
533
1063
1421
1578
1539
1276
811
175
-486
-1082
-1525
-1767
-1714
-1381
-832
-219
390
931
1371
1668
1855
1887
1785
1527
1176
681
102
-450
-894
-1154
-1249
-1170
-887
-535
-177
42
35
-234
-770
-1457
-2169
-2765
-3121
-3183
-2929
-2360
-1528
-526
595
1733
2820
3701
4339
4722
4752
4445
3808
2930
1955
996
176
-414
-780
-895
-863
-769
-829
-1101
-1622
-2384
-3307
-4316
-5234
-5911
-6226
-6051
-5297
-4034
-2406
-560
1343
3160
4683
5826
6505
6754
6564
6009
5206
4308
3417
2591
1845
1189
633
135
-337
-836
-1397
-2097
-2886
-3761
-4702
-5656
-6457
-6966
-7074
-6755
-6015
-4831
-3237
-1413
439
2138
3593
4711
5434
5791
5762
5488
5040
4516
4011
3444
2921
2403
1862
1263
507
-387
-1433
-2535
-3636
-4658
-5433
-5943
-6156
-6080
-5781
-5236
-4524
-3623
-2635
-1583
-524
518
1495
2393
3164
3775
4325
4783
5124
5243
5158
4834
4206
3317
2219
932
-378
-1634
-2736
-3596
-4166
-4471
-4587
-4544
-4369
-4091
-3743
-3377
-3019
-2684
-2358
-2011
-1584
-1028
-330
465
1382
2391
3395
4289
4939
5289
5245
4844
4055
2987
1729
408
-818
-1893
-2668
-3181
-3416
-3363
-3137
-2822
-2504
-2242
-2088
-2118
-2288
-2478
-2558
-2511
-2286
-1781
-1024
-35
1088
2146
3074
3732
4080
4124
3848
3292
2450
1483
481
-498
-1349
-2012
-2393
-2523
-2495
-2326
-2149
-2065
-2098
-2247
-2408
-2529
-2550
-2430
-2128
-1686
-1152
-539
125
804
1401
1888
2259
2494
2479
2245
1787
1183
596
31
-435
-791
-1053
-1204
-1344
-1539
-1846
-2248
-2645
-2970
-3176
-3204
-2983
-2503
-1814
-1006
-206
549
1178
1617
1808
1750
1573
1302
1025
740
452
204
42
-39
-90
-225
-464
-770
-1195
-1754
-2453
-3159
-3743
-4191
-4392
-4335
-3937
-3261
-2437
-1530
-640
192
830
1317
1680
1897
1983
1924
1765
1557
1298
1100
954
845
727
577
335
-84
-707
-1484
-2330
-3138
-3872
-4413
-4621
-4510
-4122
-3521
-2785
-2030
-1333
-738
-263
148
435
624
713
698
667
627
643
737
892
1118
1354
1521
1583
1465
1122
615
-45
-828
-1624
-2352
-2862
-3141
-3187
-2992
-2596
-2055
-1491
-962
-500
-148
88
180
139
-4
-274
-598
-907
-1146
-1300
-1285
-1132
-858
-524
-214
22
105
87
-64
-293
-572
-836
-1049
-1101
-1048
-858
-548
-149
324
767
1107
1298
1243
985
476
-170
-865
-1480
-1917
-2207
-2224
-2039
-1690
-1271
-956
-807
-830
-1047
-1387
-1804
-2150
-2371
-2385
-2155
-1722
-1091
-306
589
1506
2338
2918
3208
3176
2813
2110
1153
102
-884
-1682
-2218
-2421
-2298
-1928
-1501
-1167
-990
-1021
-1237
-1638
-2156
-2691
-3126
-3335
-3262
-2909
-2292
-1422
-416
644
1593
2325
2786
2899
2668
2124
1408
665
-18
-538
-845
-936
-873
-739
-621
-596
-607
-736
-989
-1291
-1668
-2034
-2333
-2573
-2652
-2547
-2242
-1747
-1109
-364
382
1043
1474
1676
1669
1472
1125
692
269
-106
-416
-644
-782
-816
-760
-632
-509
-427
-405
-439
-542
-693
-883
-1059
-1196
-1237
-1129
-930
-615
-219
181
557
824
1025
1092
1056
895
661
416
172
-53
-253
-373
-438
-417
-336
-244
-148
-68
11
59
84
29
-62
-167
-248
-312
-364
-426
-476
-518
-540
-499
-463
-397
-323
-275
-288
-383
-520
-644
-741
-765
-673
-455
-119
278
685
1065
1400
1632
1777
1794
1657
1403
1066
658
228
-243
-706
-1098
-1422
-1668
-1838
-1916
-1964
-1981
-1988
-2028
-2119
-2205
-2249
-2207
-2045
-1787
-1404
-887
-273
394
1085
1761
2379
2896
3236
3376
3300
3027
2584
1980
1353
757
259
-149
-490
-774
-1063
-1389
-1814
-2316
-2846
-3344
-3792
-4130
-4295
-4217
-3879
-3308
-2530
-1638
-696
232
1058
1724
2202
2522
2660
2640
2464
2209
1939
1640
1413
1231
1069
928
736
504
156
-321
-915
-1616
-2338
-3003
-3555
-3892
-3996
-3849
-3415
-2791
-2021
-1178
-331
411
945
1264
1372
1324
1207
1083
1025
1030
1125
1248
1324
1322
1195
902
481
-33
-622
-1189
-1669
-2023
-2211
-2269
-2187
-1957
-1651
-1300
-921
-620
-377
-186
-59
16
77
133
227
355
507
684
853
982
1072
1074
998
827
520
128
-355
-832
-1258
-1591
-1833
-1965
-1937
-1747
-1446
-1097
-736
-376
-86
140
239
239
186
68
-58
-140
-181
-186
-166
-83
-18
59
66
25
-61
-214
-420
-646
-859
-1090
-1284
-1396
-1426
-1325
-1130
-879
-597
-319
-66
133
276
372
426
455
437
348
215
51
-134
-303
-448
-564
-689
-792
-833
-884
-968
-1079
-1201
-1296
-1339
-1342
-1271
-1144
-989
-817
-685
-568
-453
-317
-159
-3
155
288
445
587
697
774
783
747
628
403
99
-255
-603
-950
-1252
-1472
-1601
-1623
-1539
-1411
-1249
-1074
-966
-899
-909
-964
-1024
-1047
-999
-871
-619
-288
89
472
798
1051
1194
1233
1153
1041
908
752
565
343
150
-62
-217
-362
-519
-622
-718
-806
-884
-987
-1038
-1027
-985
-932
-862
-758
-633
-497
-388
-287
-197
-87
-12
35
81
166
303
447
604
736
882
1025
1108
1122
1009
826
599
301
35
-196
-359
-432
-419
-371
-275
-146
-43
70
129
129
114
43
-72
-164
-281
-414
-463
-439
-348
-196
11
223
421
548
584
545
447
290
115
-57
-216
-319
-388
-389
-327
-228
-77
78
200
291
316
339
303
191
78
-18
-49
-29
20
129
275
404
493
518
479
376
189
-9
-229
-445
-566
-628
-638
-613
-584
-511
-426
-339
-255
-183
-100
-65
-59
-98
-147
-173
-167
-111
0
160
378
617
842
1022
1103
1145
1085
950
783
564
345
172
25
-99
-179
-237
-294
-310
-327
-349
-376
-433
-506
-573
-620
-636
-620
-530
-394
-222
-21
194
413
610
765
845
862
867
845
810
785
753
736
710
697
675
655
634
605
573
510
408
253
101
-64
-261
-464
-638
-763
-830
-846
-801
-705
-540
-345
-159
29
206
390
557
667
734
803
851
890
947
998
1055
1152
1252
1319
1365
1381
1358
1305
1178
968
707
423
133
-136
-371
-540
-639
-679
-661
-608
-501
-399
-329
-271
-251
-239
-207
-149
-23
111
271
482
720
968
1197
1410
1579
1670
1663
1576
1428
1220
972
733
517
315
180
86
41
27
16
0
-26
-66
-137
-232
-340
-443
-521
-552
-503
-403
-241
-22
224
469
719
910
1030
1105
1117
1089
1029
945
826
722
601
453
323
196
80
-33
-103
-157
-184
-167
-161
-147
-132
-114
-78
-21
29
77
148
229
320
387
470
539
608
673
732
784
818
824
809
761
663
547
405
260
106
-26
-129
-202
-227
-223
-174
-76
19
122
211
294
383
437
480
526
573
655
742
832
916
1005
1068
1093
1062
977
848
679
513
327
154
10
-100
-173
-215
-230
-211
-155
-106
-76
-44
-11
29
91
173
243
366
495
633
772
895
996
1052
1084
1080
1068
1052
1006
927
840
751
656
539
417
312
247
169
105
77
10
-28
-64
-109
-145
-170
-149
-109
-36
52
173
326
462
610
729
810
878
915
913
880
826
765
707
638
581
541
516
488
436
382
318
252
152
47
-57
-144
-215
-296
-348
-365
-323
-257
-174
-68
62
200
324
431
534
610
663
685
688
700
728
746
770
789
781
754
702
657
578
501
423
334
258
191
130
62
-14
-84
-134
-164
-174
-159
-113
-36
28
93
162
245
353
447
511
581
649
701
715
712
715
732
750
747
731
722
730
728
675
632
600
552
500
446
385
334
285
234
190
177
195
209
229
253
279
312
350
367
389
422
445
470
486
513
550
567
570
555
567
596
634
690
748
827
867
886
892
863
837
781
727
674
632
591
575
558
552
547
540
525
479
411
338
258
170
104
53
8
13
27
68
115
156
199
251
276
302
340
390
437
500
565
634
701
768
824
850
877
904
911
901
884
825
749
661
553
449
364
292
223
185
148
122
126
121
120
108
86
82
80
83
110
127
176
249
324
438
550
635
717
766
795
824
813
797
770
754
721
701
674
658
649
630
611
581
560
511
461
407
351
298
256
228
214
238
292
345
410
481
553
616
645
671
700
703
705
720
722
739
763
796
836
862
901
929
940
936
911
861
795
733
684
657
648
638
641
659
664
662
670
677
679
679
673
672
686
696
709
717
723
758
796
843
898
915
923
945
936
927
918
894
893
901
900
888
875
856
830
807
768
740
731
712
702
703
697
700
712
710
704
719
719
734
759
771
778
777
778
801
818
807
820
833
839
827
789
751
715
671
626
592
566
536
507
476
475
492
498
508
526
512
514
511
508
510
513
524
537
584
618
646
692
712
721
731
728
704
697
671
645
636
593
552
542
523
514
512
509
507
521
512
504
518
517
522
539
559
591
620
642
685
712
721
738
749
753
752
749
751
759
745
713
714
714
698
680
656
650
650
636
635
623
625
622
614
636
676
722
742
764
789
795
810
822
832
854
865
868
887
911
932
952
963
965
959
937
936
928
915
889
853
845
835
839
830
841
857
877
905
917
920
916
923
915
929
946
962
983
1005
1029
1048
1069
1076
1081
1085
1097
1095
1087
1066
1032
988
947
917
895
898
899
898
900
897
888
884
899
918
933
935
941
938
944
966
976
990
1020
1047
1070
1096
1106
1105
1087
1058
1013
986
974
950
922
912
893
893
864
830
825
797
786
786
775
787
786
778
758
769
767
786
823
862
897
914
910
908
920
929
930
925
907
890
868
849
819
786
753
727
716
714
713
716
684
660
656
643
643
649
649
661
656
643
656
684
710
743
760
772
795
818
844
861
858
838
829
829
809
794
776
763
751
738
735
739
745
748
743
731
731
735
743
736
745
755
761
802
832
887
930
967
997
1006
1014
1020
1013
1004
995
981
962
949
953
953
973
976
970
970
975
978
971
950
946
940
935
946
961
980
982
977
1000
1025
1040
1045
1051
1057
1054
1044
1031
1036
1036
1020
1008
1002
1003
988
992
978
968
946
919
895
880
879
878
880
876
882
884
903
907
895
897
885
877
850
838
824
811
811
792
798
788
775
779
764
742
717
707
682
675
654
638
642
633
646
666
664
668
672
670
664
669
664
672
669
676
686
714
740
758
775
801
814
820
813
799
781
743
727
712
690
684
677
668
653
637
622
605
604
594
584
590
592
596
608
609
623
634
635
652
670
696
723
749
767
790
805
798
819
834
835
835
819
811
819
821
802
791
771
749
739
694
660
654
634
594
568
551
561
582
594
619
639
653
669
687
709
733
753
783
791
812
847
854
863
878
888
898
895
882
855
827
794
773
752
738
728
708
714
712
705
685
664
652
640
639
652
669
686
712
738
770
793
818
836
849
878
885
882
883
872
869
865
848
847
839
834
825
801
787
774
748
723
703
670
644
627
611
612
619
610
632
655
651
666
670
676
674
653
635
643
648
632
653
674
697
700
702
693
669
648
619
597
569
531
504
490
463
453
434
431
414
405
387
375
377
374
364
358
355
356
379
402
428
464
481
481
478
483
488
482
463
441
434
419
397
394
394
381
376
376
369
347
334
334
310
289
275
258
266
294
320
356
384
409
420
439
454
464
467
462
472
450
448
470
464
465
470
470
488
494
488
477
465
462
429
405
416
400
405
407
417
436
437
437
448
460
474
505
514
538
559
582
606
609
609
616
608
593
590
580
573
571
566
564
566
555
558
568
575
574
570
549
541
525
516
538
540
552
579
574
585
586
586
583
568
557
549
541
522
535
538
525
533
544
548
560
571
546
534
508
488
482
458
459
469
474
493
509
528
551
578
592
592
605
607
614
610
605
596
578
572
593
601
611
621
625
634
642
625
609
591
581
565
553
560
582
606
635
660
675
694
699
683
680
668
651
639
618
632
631
649
674
690
704
729
752
748
734
727
705
684
676
679
700
706
730
752
783
801
803
820
811
803
787
780
787
783
784
795
801
824
841
865
894
900
891
873
882
881
888
875
871
870
864
880
906
920
923
943
939
919
912
889
878
866
846
835
848
864
889
922
936
976
997
996
1013
1008
995
995
988
987
993
1014
1046
1056
1042
1040
1018
997
982
943
899
873
835
815
791
786
790
786
778
774
775
782
758
749
763
766
765
769
767
782
773
776
782
787
783
759
746
750
732
731
709
683
657
627
623
611
595
575
567
549
504
504
505
502
488
486
481
474
470
470
491
500
498
492
501
511
507
519
525
523
496
480
483
473
457
433
435
435
434
435
420
434
433
433
424
434
438
438
447
449
448
438
428
415
411
420
418
408
422
432
435
443
445
452
460
452
443
415
397
390
375
358
356
357
383
392
388
405
420
421
424
413
403
413
403
411
425
437
448
447
453
480
473
461
455
447
434
408
396
408
414
410
425
430
443
425
444
462
449
445
450
430
430
428
393
411
417
407
405
406
410
402
398
374
380
366
368
356
361
365
382
406
387
359
352
347
337
315
296
303
270
254
249
251
251
240
242
255
253
251
259
244
218
183
184
168
147
146
143
149
134
138
122
121
117
95
84
61
42
38
31
20
12
12
7
19
14
12
15
-11
-19
-39
-69
-61
-76
-113
-121
-140
-155
-160
-166
-167
-155
-138
-149
-153
-141
-157
-141
-138
-161
-168
-181
-188
-170
-163
-154
-152
-155
-177
-154
-149
-160
-164
-180
-164
-174
-138
-117
-109
-111
-125
-110
-112
-121
-88
-78
-94
-81
-89
-86
-70
-71
-50
-39
-48
-40
-52
-66
-63
-80
-79
-59
-68
-54
-38
-18
-10
-13
-16
-6
-5
-25
-16
-22
-21
-11
9
33
52
61
66
95
101
107
116
100
81
62
62
46
52
63
62
51
51
62
63
63
74
74
63
62
67
39
27
36
51
41
54
80
80
93
103
91
70
65
65
54
45
32
24
2
-37
-29
-33
-56
-47
-45
-55
-47
-72
-77
-53
-53
-56
-61
-52
-52
-45
-41
-41
-33
-36
-43
-36
-24
-26
-9
-2
3
-5
4
14
18
26
24
14
26
16
25
38
34
39
52
64
71
74
83
110
106
117
121
117
131
116
116
137
131
123
127
127
125
113
79
65
60
42
33
48
52
42
24
22
44
43
37
33
56
65
60
57
67
78
88
102
72
95
117
97
115
120
104
96
92
109
110
116
130
143
158
171
180
205
241
286
317
310
319
335
324
318
333
344
343
348
370
396
396
408
411
406
390
369
353
347
357
350
353
350
365
407
416
457
491
492
515
526
529
538
534
530
544
520
524
531
522
521
507
484
475
463
461
471
461
448
455
461
462
465
462
484
503
514
518
539
550
542
566
543
586
600
599
611
580
568
547
529
513
506
493
488
469
468
446
442
397
372
373
377
403
405
423
431
428
417
437
447
454
442
437
433
440
434
428
423
415
402
404
398
380
352
337
331
324
304
290
268
230
240
223
215
238
221
219
235
239
231
232
219
223
210
213
223
213
202
213
203
211
240
240
243
225
241
226
213
200
192
202
203
195
213
193
197
199
218
235
231
220
220
190
193
174
163
149
119
136
136
120
102
84
86
84
87
81
94
103
179
179
182
209
226
235
218
244
234
236
237
228
233
231
207
202
195
190
185
176
178
170
138
137
137
119
111
107
88
60
49
50
48
52
68
59
87
80
90
98
82
61
55
51
46
31
-8
-1
10
-11
-23
-52
-53
-70
-82
-98
-118
-155
-171
-193
-210
-232
-255
-231
-236
-222
-207
-225
-220
-199
-222
-229
-238
-236
-266
-268
-283
-290
-286
-288
-280
-270
-289
-306
-308
-302
-309
-306
-339
-353
-374
-393
-419
-405
-370
-365
-359
-339
-348
-370
-402
-392
-378
-382
-404
-408
-423
-444
-439
-435
-430
-426
-427
-392
-427
-435
-424
-432
-454
-451
-464
-447
-427
-432
-416
-400
-373
-344
-346
-361
-343
-336
-348
-352
-326
-338
-306
-304
-292
-269
-252
-232
-225
-219
-223
-204
-208
-210
-211
-196
-185
-178
-195
-164
-148
-118
-116
-123
-158
-129
-149
-135
-128
-105
-77
-86
-108
-103
-92
-78
-88
-80
-84
-103
-120
-87
-89
-101
-94
-106
-87
-90
-132
-124
-131
-136
-140
-133
-129
-164
-172
-171
-172
-214
-235
-234
-234
-255
-255
-266
-252
-267
-285
-249
-238
-237
-229
-251
-260
-276
-292
-273
-256
-238
-208
-224
-207
-192
-176
-167
-190
-193
-181
-179
-172
-197
-214
-202
-206
-199
-221
-230
-236
-238
-249
-261
-254
-253
-250
-249
-245
-288
-290
-293
-274
-265
-233
-236
-229
-218
-239
-239
-241
-233
-235
-237
-226
-230
-208
-187
-203
-194
-207
-213
-223
-225
-259
-297
-322
-294
-264
-245
-244
-215
-198
-189
-194
-197
-168
-199
-177
-170
-159
-124
-116
-112
-91
-72
-83
-48
-35
-37
-26
-10
3
0
21
34
50
41
28
34
18
14
34
34
29
33
43
35
52
67
59
68
98
94
114
143
178
236
258
252
244
247
255
228
233
249
249
266
256
270
303
302
298
297
290
300
318
305
319
318
359
405
415
446
470
495
496
505
496
512
514
491
489
477
484
470
461
466
463
479
475
491
488
475
480
474
485
475
481
501
508
520
526
530
521
501
514
511
490
506
484
472
484
466
434
415
394
401
412
394
381
389
363
359
354
347
345
343
328
362
353
360
379
378
356
344
342
352
343
347
322
312
309
311
310
327
333
320
284
260
224
246
211
199
202
169
175
169
171
154
134
111
114
107
103
108
123
141
138
137
148
160
130
152
140
105
160
143
135
141
116
119
111
105
112
109
91
94
96
111
102
111
105
124
132
144
152
149
168
158
166
175
177
175
144
158
142
134
139
146
145
155
166
145
129
123
122
131
133
136
143
156
158
146
128
123
122
123
117
124
120
125
121
111
120
124
114
80
82
52
46
53
47
42
34
27
28
18
29
30
5
-4
0
-19
-26
-1
-15
-27
-20
-1
3
13
-7
-17
-5
-11
-36
-54
-52
-41
-58
-52
-76
-77
-78
-59
-48
-36
-47
-58
-70
-82
-83
-73
-71
-77
-80
-99
-76
-97
-93
-109
-124
-128
-143
-112
-128
-110
-116
-108
-101
-126
-118
-117
-107
-78
-65
-67
-77
-78
-81
-76
-50
-45
-34
-51
-49
-43
-39
-24
-28
