4926
8235
8243
7518
6301
7575
7182
8332
6866
7258
4865
3343
4454
2314
1629
910
492
-1168
-3898
-2434
-3528
-2495
2723
-471
-317
3449
3338
1871
5111
2760
1938
2416
-834
-902
-4086
-1532
243
-2037
-2779
-3724
-3339
-5016
-4788
-5244
-4434
-2443
-802
-320
-6598
-3547
3323
3436
5361
6220
3987
5164
5723
5439
6794
6362
6399
5394
5320
4311
3207
3980
1393
400
-2211
-1522
841
-1103
3905
2983
-3730
334
5002
3603
5992
3241
3800
2342
820
8091
3455
1131
1401
616
-1624
-2524
2737
-3653
-1483
-332
-35
-1497
-4918
-8814
-5356
-661
-3316
-2005
-4212
-5419
-5523
-4908
-6171
-5217
-3955
-3441
-5223
-5414
-3958
-2646
-306
-941
-1250
-453
1451
1244
212
3352
3000
4739
10074
2989
10147
13469
9069
11156
9386
8637
5916
10900
12182
6962
4399
4358
7058
6428
8110
5553
6436
7991
6370
2366
2466
5781
3857
3985
2887
1188
944
555
-374
-1981
-2664
-4024
-4186
-5729
-5666
-6219
-7794
-8686
-10183
-11020
-12815
-12621
-14306
-13321
-11572
-10517
-9329
-8838
-4022
-8439
-3820
3942
1507
7583
8498
7752
11738
11114
13269
16625
13269
13238
14721
16232
16967
16857
16427
11703
7436
10504
13275
10239
12697
10385
8540
9655
7785
8417
6336
5905
5103
3356
2891
439
-174
-2346
-3609
-5032
-7426
-8148
-10468
-12985
-14144
-12878
-14402
-14404
-14303
-15518
-13752
-15195
-15649
-5167
-2430
-5410
-2649
-2660
-9047
-7662
-4270
73
-313
-330
2056
6341
9213
11235
8477
12041
14685
14942
14688
14516
9909
11434
11780
12209
11789
10682
10722
7222
8361
3832
-1314
4692
-1276
1987
479
-983
-4034
-5635
-5654
-8900
-9224
-8912
-8433
-8288
-11484
-13369
-6946
-2220
-7690
-3644
2060
-2334
1334
644
1450
1254
1863
3435
5004
5683
2952
3253
-2263
1893
3402
544
-388
794
2122
2383
3610
483
3029
4942
8076
9178
7593
8904
7772
6795
6698
5392
3640
4532
2074
2774
506
3770
2792
1984
579
-1756
-3619
-10493
-5241
-4044
-3676
-289
1721
-2769
2573
5027
2510
7567
5264
8521
7843
8383
10623
12749
5441
3843
8637
7825
7473
6433
5732
4299
3992
3837
3490
1356
1536
594
-817
-1853
-2783
-4714
-4713
-6139
-6280
-3427
-4301
-3810
-5724
-6372
-3764
-1088
-7091
-7098
-7870
-9192
-4622
-1589
659
881
-1093
1578
5593
2781
8468
10286
10475
14938
12810
13940
8698
10759
9969
10910
14910
10722
9710
11256
11151
9635
10250
9573
10002
8580
7555
6556
5910
4889
3636
3092
1786
757
-613
-1147
-2752
-3582
-4406
-5793
-6718
-8106
-8881
-11158
-13877
-15553
-15070
-13908
-14321
-14666
-12877
-10049
-11361
-13342
-3560
-1878
-2281
8416
6125
8523
11453
12029
9367
6767
14175
14153
14294
14384
12505
13103
13844
13436
11673
10651
10523
9558
6413
7859
6752
4389
4430
2789
2967
3661
2689
1308
502
-2770
-4057
-5155
-3717
-7647
-7210
-8235
-10201
-7659
-9975
-9175
-12282
-13454
-14453
-14030
-12402
-15275
-9741
-6458
-13212
-6293
1335
417
-555
-2605
-2451
-1032
1339
2403
2545
6897
8702
7654
6967
7957
8861
9440
10604
10485
11924
11700
11792
10476
11217
10859
10043
7170
5698
5489
5148
3806
162
-3873
-7150
-4772
-4679
-4313
-5308
-5375
-6470
-8065
-6918
-9707
-9844
-8206
-6870
-6735
-6115
372
-4982
-2077
1798
-2942
5397
6159
8000
5658
3557
4473
6060
6719
5183
2756
1762
-2708
-3017
-3055
-4604
-3470
-1988
-592
-4252
-4561
-863
-3707
-2606
-2766
-1542
-345
2400
905
1085
2399
2847
3257
458
3771
414
-179
282
-1331
-428
400
-1352
-4088
-2439
2581
-1091
6834
468
-4869
9401
4453
6974
7156
10973
11251
10956
5986
7556
9452
7846
6452
3041
7674
5872
4626
3218
1948
1294
213
-1490
-2571
-7874
-8150
-6767
-9096
-9140
-13988
-15481
-15457
-16861
-13986
-13307
-13791
-14709
-9943
-7093
-4906
-4423
-3612
-1276
-223
-738
1210
791
3016
1826
-508
10883
8522
9748
16365
12121
15567
16107
17613
13079
10280
14585
13048
17595
13973
11212
11768
10909
10861
9857
8098
6986
6319
4411
2303
1794
766
129
-3251
-6502
-5609
-8047
-6716
-8146
-9101
-10569
-12045
-12703
-14010
-14594
-14109
-13274
-13778
-12700
-10499
-9606
-9412
-13491
-9952
-5843
-11951
1276
4779
-1140
4343
7637
4374
9352
8254
11733
11894
12073
13916
13253
15677
14561
12981
11928
11836
12718
12003
12013
7726
5072
8206
6897
3362
2417
2157
712
1819
1887
1376
-1091
-1626
-1772
-2698
-4448
-5332
-6321
-7547
-6033
-6440
-5809
-6479
-12134
-12637
-9107
-9876
-12526
-10774
-6554
-6304
-6217
-11133
-2776
457
-3240
1107
-1020
-46
-983
837
-2030
5946
10251
9589
11577
10180
11712
7658
6902
5360
11920
8796
8420
7266
2640
6035
6532
7625
4948
5847
4873
5854
1860
-229
2039
161
-72
-1685
308
-1959
-5553
-1354
197
-1566
-2411
-3407
-4352
-3921
-3129
-2558
650
-1250
-2553
5887
1476
626
4089
1714
1405
117
2116
-168
2304
3472
-1266
-2490
-5514
-1119
-4714
-4758
-1494
-5569
-1107
-2633
-1320
-560
-998
1593
2510
1363
3432
2603
3593
4971
5052
4971
4943
6215
-2295
1278
6090
5150
3957
2410
3198
-661
-2864
-1695
-271
-431
-1682
5170
-1147
-3029
8589
2868
6051
6267
3987
3787
2260
3569
2067
3764
1361
-58
-1679
-3780
-6207
-7353
-5497
-426
-1028
-2886
-2363
-4084
-4638
-3845
-5478
-6377
-3814
-4412
-5617
-2037
-1269
-648
-7137
-6319
142
-3545
-1635
-2246
4719
3940
3330
4341
2543
-126
1221
1702
217
4807
11219
2953
10351
13612
12499
13844
12628
8548
2668
3261
5063
6191
3732
2806
491
-3278
7320
4853
4342
4528
1949
3108
1757
-2888
-3258
-4355
-1545
-341
1193
-95
173
-102
-6106
-2206
-874
-2581
-3190
-4611
-5139
-6938
-7159
-7509
-8928
-9923
-8104
-8026
-7774
-7409
-4699
-4228
1358
5623
684
7705
10482
7157
12198
11339
10258
12342
11576
12271
9280
9748
11066
11238
10047
10871
10199
9112
9916
1772
4902
7180
6593
8216
5858
5459
6590
7143
729
2481
5581
3198
3432
1861
494
1221
302
-1352
-4136
-5033
-6977
-9160
-9459
-12443
-10196
-11448
-10161
-12093
-10387
-4974
-13286
-6816
-1895
-7768
-6134
-5903
-5590
-5108
-6628
-5423
-2587
-19
1773
4185
3721
4084
6832
7870
8828
8670
7786
7692
11850
12027
12510
10718
7962
5640
9129
9629
9720
5183
879
2082
1355
5048
4877
3778
2913
944
-276
174
-972
-2165
-3467
-3409
-4110
-2689
-4881
-4458
562
-4831
381
574
213
1971
-2926
360
37
-4978
-1300
-582
-980
-2868
-1908
-2537
-2832
-2706
-1017
345
2844
1551
1841
-4933
-4543
1385
6734
8613
7576
6466
2499
4490
5282
6158
5452
9551
8076
7703
3187
2450
1681
3158
2105
1318
-491
-5265
-4252
-2902
-2092
-3498
1780
-845
1245
6123
967
4929
4268
5876
5906
4841
5157
4157
5559
5047
5005
4482
5366
5516
5219
4117
5118
1359
-4410
69
739
-1411
-1136
-2860
-4269
-2189
-3574
-4960
-2689
-3435
-3399
-4788
-4413
-1634
-1087
1193
1021
-5
22
-1
1511
953
-554
306
1952
842
1661
5443
4078
3808
9767
8826
12151
12711
4830
6172
7687
8452
8010
8041
7980
6554
7105
6218
8465
6046
847
4163
3399
2687
6894
3589
4594
4286
3121
2215
1411
-12
-451
-1657
-3827
-4416
-5140
-5868
-8398
-9269
-10044
-12064
-11341
-14360
-13799
-11993
-12668
-10002
-14612
-12809
-10637
-6048
907
-1388
1369
7055
7161
9234
11647
10022
14210
13946
16093
16025
17840
18964
18945
16802
10477
14998
16024
14876
10687
10168
10751
12945
12475
8471
8643
7213
7824
5841
53
651
-1039
-2277
-3863
-4715
-4926
-7144
-7671
-8227
-10149
-11564
-12000
-12945
-14260
-16122
-16277
-16334
-16283
-15087
-10952
-6387
-9656
-6777
-5147
-3347
-123
738
2985
2061
2663
6354
11003
8410
6820
11472
13761
13974
15749
15081
14336
15132
15430
14523
14731
15205
13709
13570
12631
12674
11797
9800
10511
4743
-120
3271
2155
1638
1668
-2052
-2111
-3724
-5720
-7549
-9282
-8703
-8435
-10741
-9944
-8211
-7999
-1766
-6323
-3896
344
-813
3095
3286
4567
2667
5716
2898
-2715
1303
1364
1098
935
-1975
-1457
-277
200
716
472
-1156
849
1850
5978
7778
6632
6436
7095
8287
7760
2801
3335
8372
6802
6787
6860
4314
3665
2163
-1120
1040
376
-2618
-3066
-7729
-5506
-4244
-1653
-3256
2362
2095
-459
8204
4870
9543
12492
4884
1124
9147
9894
9464
9813
6982
8566
8168
6883
5020
6238
3592
2634
3210
1502
-2639
-4824
-4382
-6004
-8548
-7972
-8964
-9065
-10364
-7865
-6952
-8026
-8555
-4890
-3643
-4515
-2205
-2724
-1685
-771
-710
-1621
-1806
982
761
3109
3160
6511
10662
6838
9956
14180
10805
9616
14360
9377
10113
13378
11185
12652
11103
9197
8804
10718
9092
10198
7639
5042
5168
4505
5076
2969
2995
1889
570
-2454
-3686
-3489
-4705
-5653
-8810
-9577
-12812
-13224
-12889
-14981
-14802
-15435
-16961
-12102
-17007
-16080
-15479
-15460
-13490
-15238
-10633
-6116
-3221
2645
-2993
-1399
7999
7266
12770
13604
10598
13917
14193
16329
13385
13040
11994
12152
16230
13439
9527
6761
7061
2528
5204
7363
5331
7319
3805
2310
1870
1863
-1487
-1805
-4565
-5362
-2996
-5034
-5598
-6349
-5651
-5355
-6309
-7523
-8249
-9255
-10132
-11827
-12127
-12343
-6286
-6011
-4195
-6023
-8255
-1408
-4110
1621
788
3567
5945
1598
4214
7938
8395
8931
9418
10106
11193
11591
12396
10165
11315
12318
11267
11048
10204
9988
7881
8588
3029
1699
953
907
519
4039
-3380
-6815
374
-1998
-1079
-1333
-823
-1091
-1675
-1448
-3390
-1258
-3235
-801
-3119
-6472
-2086
76
4554
-1
2920
6123
5909
8076
4540
5062
2915
4941
5798
4627
3616
929
791
-933
-2623
-5853
-8030
-449
440
-2682
-2627
-56
760
1184
316
184
3628
2810
-18
3390
4633
3887
6655
5417
3537
6425
5779
5377
4802
3699
4630
3307
4982
-3056
-4922
2466
197
6628
8997
3202
7604
6603
4334
7624
8540
7379
8105
7884
9120
8311
6169
4703
3435
1398
2705
278
-145
1221
46
-2432
-3225
-6847
-7877
-5336
-8757
-8244
-9956
-7541
-9648
-9188
-6460
-5961
-4235
-8009
-4333
-2198
44
884
1820
3070
451
-1559
1192
2702
3139
5207
6422
5286
10923
11939
7139
15806
13285
15783
16885
16863
14294
8275
12689
10755
12346
10889
9768
8810
10238
8204
4283
4183
2513
763
-1882
439
-1463
-4286
-4722
-5893
-8052
-4031
-3688
-4412
-5236
-5418
-10759
-10501
-10733
-11195
-11605
-12136
-9422
-12267
-10644
-11310
-8669
-7613
-7275
-6317
-7887
-3518
1563
3755
98
9490
12542
8030
14187
13380
12958
14584
16039
16202
15072
15690
15922
14167
15743
12317
9361
8486
9509
11012
1865
2111
5268
3325
4662
4482
2902
2949
4020
-1804
2078
1832
1383
1252
296
1458
-3105
-8526
-4150
-4961
-3849
-4454
-7517
-6294
-14049
-12097
-12470
-12265
-12397
-2313
-4721
-6900
69
-2164
541
-4906
-2175
-1149
1788
590
-161
6424
5456
6218
6500
2480
1509
9169
8227
4667
4642
7302
8532
8352
9849
8942
9616
9024
8994
8221
7669
7149
8465
6635
-141
-1200
-679
2915
3486
701
1015
-1636
-1093
-1470
-2556
-3446
-4303
-1603
-4123
854
550
-4509
2332
2505
2243
2881
1561
14
-1152
-688
-1560
-4381
-4249
-5821
-2999
-3134
-5936
-3867
-5908
-2524
-1608
-725
-2137
-1574
3259
4965
6027
6705
6181
6768
9123
8496
12129
7180
5400
7544
7312
9381
7121
6268
5759
6432
4187
3630
-52
-99
-3810
-7037
-4584
-3116
2023
-5144
-3558
3678
2987
4964
5715
3698
4630
3362
-304
-1593
-3414
-2490
-2021
-3964
-4941
-4741
-4281
-3039
-2648
-2732
-2709
-2988
-3919
-4607
-6907
-6773
-6426
-5159
-4915
-11232
-8920
-3868
-4272
-7337
-5994
-3485
-2435
298
-1269
-1135
-530
-206
-1885
2665
3394
3859
4844
5343
10582
5995
7023
13076
10553
10874
6593
9703
10306
8792
2118
4290
4805
4987
5803
6015
3725
-714
4026
2877
5238
5036
2397
2379
1198
2242
2418
1778
2283
-1650
-1560
-1299
-1692
-240
-1420
-2425
-1799
-3961
-4932
-5511
-8524
-8587
-10077
-10047
-11081
-10376
-7671
-9290
-8360
-6992
-2012
-594
-5272
1836
4849
3821
8307
7372
6558
7040
9043
10785
11640
11714
11403
10125
9206
9176
7628
10610
9116
9971
7121
3667
6594
5326
6812
3423
909
2179
4920
4098
1603
1197
-923
-551
-925
-2526
-5019
-1266
-2006
-3270
-4545
-5311
-5802
-11957
-8137
-8706
-8680
-9028
-11800
-8307
-11487
-8204
-4446
-9078
-4737
-5454
-3749
-1646
-2425
-1687
-3671
1550
1251
3278
7278
5687
6317
9957
11008
11158
13068
12452
14534
9820
8254
12411
10813
11119
10980
11250
9007
10007
8469
6347
1349
-337
647
-2032
-1936
62
-6226
-6211
-4759
-6898
-5724
-4903
-6076
-5714
-5507
-2478
-6506
-8010
-4932
-3320
-2280
-682
602
839
59
96
1912
-493
-1200
-3142
-3695
-5022
-6859
-4062
-3743
-3192
-2804
-1770
-6203
-1650
2493
3972
6080
4752
5706
4848
4945
4738
3573
1364
7413
8779
2006
3621
3571
-695
405
-820
-1973
-2949
-3118
-4323
-1602
-6906
-8645
-567
-4263
-3063
4490
6133
3864
7201
4323
3846
3342
4208
6589
5604
6113
4124
5438
5463
1552
1905
4475
4004
859
225
2642
-30
-2173
-3635
-6093
-6497
-7076
-6849
-6749
-7986
-6423
-5709
-6587
-9358
-9344
-6855
-7127
-6909
-5192
-5016
-6203
-4463
-3288
-4351
-3219
-3504
-3679
1736
4301
-175
5301
11014
6767
8597
6849
8080
10179
11996
5526
6046
11585
9807
12798
10398
11485
3512
1605
6019
6637
6383
4085
4481
683
223
1542
451
-1322
-4035
-4982
-769
-7348
-4332
-5325
-5980
-7135
-8446
-9479
-15545
-16756
-16214
-16210
-18956
-20284
-15711
-15494
-16617
-18330
-12072
-5720
-7625
-2116
1724
555
4458
5701
7793
11485
11102
14198
14971
17104
16694
16395
16008
13852
12796
10381
10569
10338
11039
9168
3635
6200
8245
3788
5993
7064
5842
4837
3579
1425
-1473
-1508
-4175
-5168
-5866
-7677
-9605
-10272
-11106
-12065
-11051
-15463
-13435
-13840
-14874
-15136
-15822
-10830
-14604
-12814
-6482
-4615
-2685
-3334
-3118
820
2387
4338
-412
4634
7931
2351
8369
10623
12857
13427
12861
12273
14086
15324
14367
15381
14500
13697
13309
12062
12119
10520
9102
7802
5792
7520
2370
-2066
-1087
-1922
-4332
-4606
-7718
-8525
-6355
-7674
-7838
-8226
-6703
-8080
-7013
-2890
-2233
-5000
1880
3333
1944
3216
-216
2860
2156
3396
1594
-3304
738
4775
1834
2912
3621
559
-4257
-3759
-1873
2733
2437
-5879
1266
1450
3541
3312
4847
7926
5163
5370
4296
4026
1887
7376
5004
5643
1878
799
1924
623
367
-276
52
-1729
-7267
-8333
-7299
-2372
770
-1772
2322
6325
6714
6460
7410
8851
8577
4329
2299
5914
3765
5199
6415
4735
3806
5778
3187
931
1929
-227
490
-4506
-4247
-5112
-6951
-7498
-7114
-6251
-7239
-8048
-10188
-7259
-7221
-10648
-11598
-8842
-11134
-3516
-7695
-5905
-4805
-4893
-2607
-2643
-580
530
3260
5438
10409
4838
5539
11423
9819
11721
10691
7431
7942
11243
7413
7431
7110
8431
9523
8140
9461
8282
7538
3093
3159
3896
3695
1192
195
-322
-1453
-1905
-3742
-4206
-6137
-6432
-6796
-7492
-11082
-10836
-9837
-11380
-12887
-15684
-13065
-13148
-17668
-16567
-13942
-13672
-11280
-10862
-9975
-8862
-1173
-729
-799
10079
3689
3411
8656
11176
13758
14450
16673
15428
17532
16828
15245
14603
13620
13603
13081
12084
6852
9411
9549
3830
-1617
115
-240
598
-1652
-1243
788
-452
-2665
-10357
-7707
-9113
-8243
-10451
-4928
-5011
-12193
-11821
-11652
-12111
-12547
-12334
-12469
-13236
-13141
-10698
-4698
-972
-12648
-5603
824
-986
3425
-683
4228
5379
4628
3294
5085
5382
5282
8293
6949
10159
9199
11156
9040
5541
7821
6758
7138
5792
4271
5285
1590
2314
713
-3669
359
-2861
-25
-3151
-5763
-1974
-3748
-3330
-2975
-3054
-3541
-3754
-3903
-3212
-2815
-2008
-1934
1161
-6415
-107
4380
-1310
5651
3894
5779
5838
3835
5062
3250
4159
5402
4845
3835
3789
3105
-523
-1296
-3909
-3451
-4171
-4851
-5842
-5637
-1764
-2349
524
-1586
-4395
2866
2831
5501
2698
3660
6166
4071
14
372
655
989
168
569
299
-131
2355
397
1296
-5801
-7115
1458
5000
4372
3201
9830
9659
8605
10077
8908
9195
10034
8012
7395
7358
6054
4929
3812
2647
3963
784
788
-1194
-6856
-4866
-5701
-6704
-10718
-8948
-10113
-12539
-10166
-12137
-12745
-10269
-9982
-8512
-11701
-10875
-4896
-7128
-3509
-4452
-5492
-2196
1831
3368
-1115
-956
974
4094
6029
7452
11633
5576
8943
16691
11613
15801
14848
15311
17244
7618
11332
14090
10475
12309
9946
9149
6719
6789
6388
5421
1485
-2311
-687
-1535
534
-926
-825
-1901
-5647
-4061
-5222
-7005
-7863
-8623
-8739
-9642
-9970
-10549
-10370
-9281
-9017
-10451
-14274
-15799
-14425
-11013
-9344
-12169
-11184
-3913
878
-3079
1023
8487
7631
11083
11580
11964
12326
8679
12352
11201
11921
12326
12154
14476
12325
13877
11426
7237
9347
3489
-136
1899
-1465
819
-664
2514
3361
-74
1033
680
-1563
-3385
-2554
-4881
-321
-16
-83
-5508
-7355
-10043
-9743
-8611
-8043
-10681
-12823
-13133
-12620
-12325
-8338
-1085
-7913
-5907
813
-9420
-3304
-3373
-2442
-4919
-4101
4687
1936
3363
8834
9830
3373
4425
2825
5003
6465
6221
6180
6617
7158
9422
5440
9104
12276
9271
4173
4573
7202
7126
-1784
1209
2605
2324
2360
-2218
-2077
-2796
-994
-4686
-5369
-6110
-6183
-4740
-4590
-3440
-5226
-1293
-3480
-6609
-376
-994
-529
64
-3446
-3016
-4838
-3442
-4367
-3226
-2851
-4875
-5315
-5972
-3674
-2619
260
-6345
-9406
-3857
-2377
725
3341
2996
5614
8649
8204
8158
8519
7530
7003
7795
6494
4344
4550
7313
7295
5946
5601
4063
2454
6076
-176
-4973
-1905
-4363
-3061
-291
5108
-791
1693
7763
2049
4416
4353
2541
3673
2251
3599
1712
-1428
574
-787
518
-1695
-4624
-4257
-3185
-5174
-7259
-3444
-2858
-2741
-4978
-4197
-5004
-6076
-3402
-5256
-4790
-8770
-6959
-4813
-2694
3678
3582
6454
5815
6320
6798
2594
3620
2757
3930
5023
1673
3641
960
6790
4647
1212
12054
10240
10552
12100
4929
3602
4712
2796
5123
3597
2600
3443
624
-175
2706
-466
1040
1762
-3832
-603
-866
-1337
-3624
-4758
-4149
-4785
-2582
-3830
-7750
-8243
-5796
-5960
-6230
-7647
-8630
-8049
-9441
-11615
-10282
-9495
-9902
-13393
-10667
-7754
-6181
-2517
-4517
-245
3956
-741
2262
9543
6632
12127
9639
8207
10981
8166
11602
9009
7756
11633
12046
10617
8793
8820
4753
2433
7412
4075
7251
7136
9125
7616
5946
5619
932
1649
3705
2142
2842
29
-1182
-4583
-7350
-6816
-7977
-8655
-8819
-9210
-11259
-11527
-13933
-14140
-13478
-14864
-13023
-12513
-6398
-11480
-11830
486
-4374
-5961
-2079
697
3309
4034
5843
4162
8641
10759
10581
12263
13931
15374
15518
17647
15467
10961
10864
12606
12418
10617
4731
4627
7207
9405
7382
430
4713
4478
4699
3745
498
-432
-2193
-2762
-5721
-6598
-6515
-7716
-8944
-7807
-8776
-9249
-8379
-10507
-9308
-3089
-15078
-11033
-2838
-9657
-4641
-2056
-6984
-4583
-2479
-960
-2620
-911
1168
1612
1760
-1325
-782
1715
4288
5446
3248
7083
5237
4920
8379
8446
9467
8052
8638
9886
9131
8146
6033
6231
5088
4837
2760
2492
769
-221
695
-9835
-5745
-5795
-10514
-7465
-7144
-4007
-10834
-4807
-7382
-9662
4137
-1693
1867
2948
767
3207
687
2793
1525
856
626
2298
1969
786
596
-1570
440
-93
-7828
-4305
-96
-383
-432
-467
2072
-546
-1190
3694
1950
20
1657
725
1797
3270
2618
6702
5210
4082
3820
3368
1413
-4089
-4103
-4722
-6280
-6585
-5064
-3629
1727
-5208
-2058
1560
-670
4248
3964
5103
4747
6179
9159
9939
10445
9011
9530
10705
9878
8440
2752
6724
5152
174
4805
55
74
1796
1650
286
-2285
-3030
-5423
-4353
-6651
-8457
-8027
-8554
-9778
-9984
-7660
-9602
-12254
-9059
-8071
-5554
-6297
-8612
-4063
-3372
-775
-372
3625
2074
2565
12420
10109
12842
13467
12156
12708
13315
15821
15248
15974
15626
18437
9436
3530
10947
10407
12501
11303
6483
8228
10740
9128
6532
4766
3729
3913
2867
964
212
-79
-2710
-3666
-5767
-6984
-6908
-8510
-9352
-10985
-12615
-15505
-16661
-17108
-18963
-16976
-17392
-19674
-17437
-10130
-7450
-11996
-3789
2174
1812
7581
7032
6014
8925
10946
13091
14860
10653
5504
9804
12122
17646
18216
9840
14480
9723
9386
11641
10565
9292
6762
7557
-2305
2418
281
4117
5225
2587
2766
940
-787
-4956
-2471
-5000
-4749
-9844
-8617
-8776
-9598
-7723
-11923
-11747
-9146
-8591
-8377
-2586
-6185
-9631
-4853
-6110
-4254
-2833
-3984
-2465
2508
-5550
-4347
-2348
-127
5429
5940
4212
7416
7243
7935
5244
3484
5488
8301
7655
5817
8654
8085
7594
7247
7041
4859
4233
4437
2386
3147
1782
-43
-2485
-4160
-4975
-6653
-8991
-9174
-8697
-8741
-8059
-7743
-6616
-7292
-716
-1663
-5121
1722
3079
4847
5135
5004
434
-3161
2367
899
2017
4164
653
1329
982
1566
853
124
-3022
-9519
-8517
-5130
-2665
-5350
-4131
332
742
1963
581
-392
-174
443
45
-1192
-3634
-3344
-550
-591
1055
309
-2227
-1820
-2279
-3843
-3675
2339
3831
-3133
1473
2551
-1266
4611
7961
10943
6892
3410
7102
6465
6224
6350
6137
8191
7318
6646
5780
4447
4040
2426
2887
-1001
-2349
353
-394
-2916
-4919
-5045
-7715
-8473
-9216
-10553
-11591
-15499
-15802
-12695
-9761
-13121
-10957
-6167
-8351
-4299
-3277
-4264
-3426
-3510
-3119
-219
1423
3322
5153
10871
12455
9668
14746
8750
12648
16750
14991
15248
14295
16468
14842
11711
11306
13158
10797
11747
12118
10586
11180
9207
4325
4814
3645
2923
247
-478
127
-1812
-3209
-5431
-7114
-9562
-6131
-8850
-9361
-9735
-12441
-13462
-12354
-12582
-15432
-13208
-13527
-13898
-12488
-10325
-9660
-9291
-7179
-770
5240
-2612
1789
9238
7585
12969
12683
15525
16990
14256
13346
14066
14633
12150
13386
12623
16815
16746
14943
15041
5165
4523
11714
2254
3526
-1016
-1902
-2051
-6594
-4161
-4456
-5906
-6988
-2567
-6243
-5250
-4048
-7083
-6211
-5499
-6576
-12303
-7457
-12958
-13232
-13836
-13280
-7553
-7197
-11102
-5682
-3582
-7994
-1453
1214
-319
2677
-1032
71
228
2836
8931
9296
10947
12454
6591
6484
6516
9633
9624
8755
5285
10358
11098
8944
7332
3290
7092
5468
5403
4030
3380
610
-833
3300
-6682
-2515
4
-2292
69
-2930
-2096
-3753
-4067
-3689
-2612
-3810
-7298
-8620
-4928
2668
743
-4697
776
5354
4074
4397
5107
2688
3030
1525
-136
3032
1553
1732
684
506
-1742
-1997
25
617
-2023
-5610
-2369
-3344
68
1202
2480
3479
5385
3863
4211
6619
3230
5101
5142
5885
6244
5870
6145
6034
5776
6224
3700
3431
-3210
-5187
-4175
-5091
-1468
-1618
5977
-1677
496
10023
4924
6409
4027
3946
2548
1779
3455
2499
2772
1819
1437
-163
-1077
-732
-1081
-2247
-7761
-10360
-10046
-9381
-5139
-7576
-4811
-6744
-14311
-10938
-10197
-7503
-9615
-6251
1289
-164
2205
-657
-2252
6581
5531
7510
-2556
-3541
2603
3222
3459
2554
3020
5301
10296
6785
9114
15296
10976
11103
11861
11727
9513
8678
9168
6466
6336
4779
3995
3713
3760
4247
685
-435
-4394
-5262
-1745
-3139
-1760
-3355
-6024
-3901
-4284
-6151
-5530
-6645
-7652
-7354
-8195
-9680
-8932
-7632
-8432
-7591
-14152
-16870
-12680
-11251
-6277
-13607
-9996
-3618
-2645
-69
8214
5971
170
10722
12536
8833
12780
8286
10279
9217
9618
9602
7293
9908
9299
8889
6297
6511
2330
5662
2878
-3769
609
2082
2431
-82
443
376
244
998
205
-386
-671
-1364
-474
250
-158
-1936
-7050
-8051
-5827
-7281
-9037
-9567
-10322
-9191
-9306
-6978
-10060
-9343
-4111
-7487
-10891
-3678
116
-1855
137
-1867
-624
2313
5922
6054
7858
8108
7212
6257
6074
7379
5005
6861
7321
3608
4142
8836
7420
5088
5001
9805
7978
7684
9564
4207
1484
-1013
-1076
-1459
-4078
-2262
-57
-2098
-1722
-1926
-3469
-4945
-6789
-7441
-7708
-8252
-9093
-8471
-3046
-1282
-6772
-4279
363
-314
-99
-1313
-3642
-5261
-4117
-2362
-4257
-5902
-7285
-7884
-7857
-5322
-3804
-7066
-3078
-953
-731
2741
5597
4857
5271
7567
8865
9873
9592
11164
11431
11697
5026
6183
9375
8377
8634
6371
4589
3569
5471
2063
1885
-3316
-5623
1056
-528
-361
5788
3347
-961
6615
5430
2130
5599
3119
3417
4148
1405
2239
1446
2462
1672
102
-668
-2592
-3052
-4077
-3073
-6333
-7186
-6522
-7159
-6462
-9661
-6020
-6858
-4228
-4663
-7841
-10232
-7354
-3575
4996
4197
3249
4405
5202
-749
-1691
5870
-955
-1545
-1682
-2096
293
236
-453
2923
6851
113
1966
11344
7161
9721
8883
484
4903
3111
1009
4547
6004
6122
3974
3903
2880
3607
2968
3645
4309
864
105
1463
2006
1047
-146
-1445
129
-5167
-8042
-4727
-7808
-8060
-10680
-11863
-11231
-12201
-11187
-11768
-9659
-8706
-12909
-12130
-9388
-8009
-4383
-4736
-6056
-1213
2026
-3266
3520
10031
9368
10104
8316
11898
10422
10046
10121
9278
10164
9799
9938
9169
6072
8509
7726
5267
8885
6811
527
5404
5600
4685
4511
-9
-3113
356
139
-1231
-3571
-153
-670
760
-6126
-6929
-7104
-8767
-10692
-13250
-13349
-15236
-15323
-17298
-17139
-13834
-16483
-13493
-8568
-13384
-7272
-3252
-7854
-1817
-1847
7
1753
770
2433
5455
8416
11404
12671
13135
14357
16078
16111
15421
16400
11727
9344
9522
12717
11556
6005
4541
7954
8345
9107
3137
560
3822
413
1088
-2279
-1230
-1861
-2828
-2278
-5242
-6579
-6138
-7165
-9040
-8741
-8339
-9440
-7217
-4188
-9670
-6278
-1827
-3689
-3016
-3575
-3947
-4202
-3518
-6134
-4344
-1237
-708
1454
190
1300
1292
4075
8055
10445
6389
4554
7441
8857
11575
13122
13498
8448
7358
7401
11059
12241
10239
7594
4368
9314
5701
6723
4335
3667
3072
914
-5923
-10951
-6628
-6674
-4435
-5976
-7286
-2583
-6959
-5314
-1241
-966
-617
390
636
180
-37
-393
3311
3182
2616
1127
1464
1453
116
1878
-1894
52
-4997
-12717
-2069
-1075
-1790
-53
283
-5133
-6732
-4501
-108
1651
2862
3384
536
-189
1451
735
1869
2359
-444
-931
580
259
930
1105
1542
-232
2940
6659
817
4850
8863
7701
2994
2762
7453
5633
6028
7408
9405
9700
9349
9188
7408
6205
5375
5193
2410
-2318
-4296
-1591
167
-181
-2147
-5291
-3044
-4356
-4850
-5067
-4121
-5486
-8078
-8282
-9937
-11289
-15536
-6165
-6078
-8499
-13064
-17148
-9452
-7539
-7701
-6546
-4314
-5921
-205
2163
-2077
2930
4695
6019
9887
11389
13441
13532
13348
13599
15016
15339
12615
10852
10960
10439
10741
315
-122
5929
1970
1346
2160
3573
2832
2759
2012
221
-1306
-1939
-2560
-3968
-3471
-4173
-6037
-7773
-7656
-9935
-11981
-12626
-15312
-16170
-18427
-17613
-19050
-17661
-17364
-18038
-11751
-11057
-11585
-5498
-6752
-5483
3105
3062
6788
5005
6506
8309
9497
13405
15058
17117
15154
13000
9160
12896
13710
12301
7695
6089
9159
9679
10828
8023
8579
7067
5324
337
-1850
766
-1136
-1511
-2619
-4531
-5306
-5168
-5812
-5978
-8743
-11372
-12113
-12542
-12172
-11257
-8935
-11106
-6713
-4811
-8261
-3631
-2249
-3584
96
1120
296
827
-1580
911
-113
1058
4474
1928
-405
794
5556
6604
8893
9098
6172
7232
7787
9099
8439
6212
6930
5444
5598
4869
5420
4514
3450
3244
2251
1614
-1402
-498
-2135
-3669
-5279
-8984
-7952
-6803
-8846
-8035
-6362
-7124
-730
-92
-3172
3821
5353
5463
7923
8154
7969
6637
5406
5353
2852
-850
1751
3725
3515
2723
1151
1239
-1033
2
-3541
-7494
-5762
-7428
-5358
-1480
-5014
-3806
-4709
-3940
-2649
-612
-3268
-3185
-2977
-1691
-3530
-2755
-2932
-3421
-3351
-3950
-4698
-6742
-4663
-4189
-1178
-3499
2560
5234
2276
7530
11394
8357
4750
10711
10067
10860
12286
6105
5146
9567
11226
12115
7372
5162
6692
7219
6582
4029
1786
-3074
-1774
8
-1755
-3138
-5330
-4856
-5386
-8249
-8986
-9542
-12244
-14122
-15827
-18937
-16976
-14449
-15509
-16255
-14229
-12347
-11194
-9340
-7546
-4956
-3086
-1375
4519
4427
2074
11511
13942
14832
15525
12738
15044
9438
10512
12886
12985
16023
12789
13023
14306
14533
8272
9233
11521
8718
7048
1166
3459
7005
5404
1484
-274
-1289
-1686
-2531
-2927
-3735
-6964
-8122
-11214
-12077
-12180
-13494
-13986
-16487
-18758
-16772
-17386
-17666
-16496
-16754
-14280
-16114
-10720
-5116
-8257
-2413
3194
2611
5881
3811
2861
9352
11427
12338
15154
15044
15685
18465
17036
15834
14682
13499
10776
12948
13549
8071
9735
10300
8974
4534
3849
940
-4068
-2321
-2018
-3646
-3480
-3164
-5116
-4904
-5976
-7993
-10557
-6085
-7528
-11606
-10182
-11093
-11184
-10292
-10384
-7266
-1109
-938
-9983
-1113
-1110
-5329
-5497
-3675
-546
-1193
2506
-3179
-2330
1398
-1885
428
-610
2539
3530
6309
7867
7458
7351
3369
6083
8181
10382
6497
5145
7225
3781
3001
2558
3765
2466
1601
652
-84
80
-2187
-3114
-1392
-7911
-6306
-3035
-5333
-1394
-5093
-1134
-3457
-1440
1954
-4592
1122
1036
5327
6950
4485
6360
3133
4311
4897
4302
4249
3323
2341
1948
335
59
-178
-478
-1268
-1526
-8088
-13230
-5769
-4086
-5495
-9475
-4758
-3111
-2166
1261
-81
2326
-1289
1684
148
-19
2577
1999
2178
-432
288
1443
1715
2058
3054
2043
2815
12114
5281
4674
17144
7665
4600
8359
5991
10127
4777
7211
6860
7393
7002
6008
5835
4296
4196
4606
2104
723
-1339
-4559
-7827
-9331
-6377
-8322
-6845
-9517
-11337
-10816
-14180
-12831
-14075
-13533
-13481
-15212
-12345
-7642
-7617
-14536
-10565
-7659
-5011
-1823
-1410
2021
1160
1796
-1593
6808
7204
5153
14530
14935
15783
15111
15198
15785
15428
14650
15401
13832
12719
10550
12049
6610
3365
9634
5950
6354
5830
3799
1675
-3847
-4209
-2698
-5176
-6309
-6291
-8346
-8278
-5537
-4938
-5790
-6167
-8513
-8724
-7921
-8619
-9646
-10168
-10947
-13164
-12763
-11096
-12191
-13388
-14239
-10534
-2457
-4822
-5557
369
-1631
3150
8441
8334
9745
9034
9973
10971
12866
10578
11865
12451
12752
12915
10326
10109
8914
8408
4851
2213
-2480
4333
604
3179
-2398
-6725
-845
-3072
-1979
-2221
-2861
-3006
-3621
-3828
-2388
-2785
-3672
-4087
-5665
-5798
-8242
-12179
-10183
-6224
-7629
-6285
-1561
-1228
-3007
3350
4379
3151
4346
754
1415
-442
-3560
-1736
2707
4143
2725
1600
2743
3470
5200
7533
3149
4161
4119
6000
6960
5652
8066
6513
6354
5315
5772
5448
5491
5292
5219
5860
3586
3795
4144
4389
3333
-3779
-6430
-7128
-5254
-5758
-2076
361
-4527
875
-311
-3748
-761
2377
8969
7006
6747
7505
6632
6424
4574
4869
5337
4490
3229
-3151
-4263
990
-3746
-4041
-3323
-9878
-8504
-13709
-6369
-5144
-4998
-5248
-9573
-5103
-4188
-1372
-1812
3811
4285
4165
6560
7835
8012
7636
4855
475
2039
5161
-1721
-2073
3174
3491
1920
6326
9586
3687
10716
8178
8123
10683
3770
7676
6914
8649
6299
7521
6917
6749
6661
5102
5249
3561
2890
1492
963
1195
-1817
-5427
-1474
-2827
-2805
-2118
-4411
-3155
-4552
-5350
-4407
-5630
-5335
-4546
-6668
-4507
-8160
-11790
-8699
-5881
-4221
-2887
-2817
-1387
-535
793
2731
7391
9214
6005
9963
10974
11765
13670
13574
11937
12002
13501
12985
12665
13808
13331
13462
5511
90
5292
3695
4149
4002
840
807
1989
4487
5377
2369
2113
3283
2668
2185
1882
1311
-274
-695
-2169
-6303
-7788
-7059
-8960
-9375
-9154
-11697
-12113
-13068
-12473
-11850
-12212
-14771
-11172
-8625
-9371
-12133
-5594
-496
2088
3865
5050
4994
6930
9170
9847
8795
6892
7883
9552
8596
11812
10572
9414
12974
7886
8198
9346
10613
11109
10495
8469
3619
6386
5298
3994
3415
2074
-1524
-428
1760
979
-358
-3358
-3697
-6633
-7491
-8008
-4485
-5514
-6325
-9931
-10873
-10655
-2191
-6279
-5449
-312
-6389
-6320
-6576
-401
-2996
-3791
-2140
-4477
-1502
-1411
-7942
-7765
-3959
-1413
-1746
1336
7448
7078
3110
4750
5916
10987
10547
7262
8290
8951
11242
9581
4354
7638
10765
4879
9626
9111
4724
6709
-610
-791
1917
-2
-356
-196
-520
-1008
601
-2610
1889
1911
-1162
1115
-411
4457
4685
3344
-4114
-3891
-4777
-4804
-2161
507
-120
-3938
-5220
-4789
-4581
-2368
-3806
-6395
-8999
-7592
-6326
-3354
-4044
-6610
498
1769
-2962
773
5216
2776
5334
5485
6130
6412
6319
6634
5016
4302
3520
3242
2315
2054
3133
4275
3485
3824
6200
6836
-5231
3065
9568
4323
8941
5933
5580
5177
5289
4515
4602
4367
5673
2419
1027
3525
2055
2695
3302
57
-46
2513
1845
1835
361
-1254
-6767
-8709
-4204
-5814
-8606
-4616
-10881
-8955
-9196
-7566
-5779
-10120
-9552
-7066
-7165
-4773
-3208
-4855
481
430
2212
-2111
-1788
6122
2994
3003
10187
9306
8091
7596
8392
9398
8167
8107
6701
8809
5683
5415
10388
7943
12114
8860
9149
7126
2811
5259
5062
5014
-815
-1094
3688
1743
-846
-1430
-3137
-4816
-5738
-5988
-7284
-6403
-7652
-8438
-9247
-11785
-11824
-14189
-14922
-14175
-16016
-15590
-15239
-13443
-11806
-9244
-7523
-10798
-5839
-715
256
3559
5861
5516
7627
9536
9551
12572
13241
12844
13345
11108
12360
12467
14250
13880
9567
12094
8329
10202
5991
2556
5777
2732
5016
3102
2355
999
-167
1561
119
-1072
-2802
-3860
-5571
-5641
-4534
-6409
-8512
-10330
-11601
-13444
-13411
-11737
-12648
-13673
-8421
-8839
-7730
-4244
-3092
-2410
-5507
-5109
-4765
-3243
-2642
-1721
-866
2692
4718
8469
10103
10574
10972
7438
9708
8330
14291
10227
10190
9417
9401
12207
10391
9058
8841
7517
5180
3021
6315
7336
-1048
-7508
-2075
-3850
-1650
-4745
-5351
-5436
-7864
-9503
-10434
-11589
-11693
-11839
-6506
-3662
-8101
-1490
-162
173
2023
2593
4327
4782
5066
3333
5588
6213
6240
4030
2234
-376
-4816
-907
-1950
-3551
431
1119
875
440
2151
2458
5047
4063
4089
4909
2522
4865
5206
3580
2961
2362
1177
850
925
-175
-1925
-2982
-3269
-4842
-5993
-3644
-8731
-10174
-6304
-2161
-4740
-3867
5761
5638
7211
8242
7783
6768
7535
9130
9160
10351
11859
5442
4321
4127
4455
6095
5757
4872
-3849
1138
1903
839
-541
-2952
-2140
-3780
-6273
-6549
-8370
-11460
-7419
-7551
-9238
-9862
-8846
-8573
-4441
-4826
-4356
-7022
-7331
-4539
-6421
-4089
-5239
-3748
-4839
6502
6300
4656
6758
8057
9017
9972
9906
14668
8972
6798
10920
2441
7696
8239
7690
9553
8951
8413
6455
8264
3641
2949
3746
3871
3597
651
-2018
-3235
-4025
-5115
-5338
-7049
-8141
-8250
-9484
-9338
-10992
-11745
-13680
-17692
-16600
-16375
-15563
-17429
-15222
-14164
-17961
-17397
-7987
-1719
71
-659
4290
9419
10328
9247
8244
13625
10054
7582
14051
11306
11064
10539
11636
11734
11862
12407
10656
12527
8974
2618
5777
6089
5040
4580
2446
983
127
767
1121
1438
62
-2271
-2418
-2352
-4309
-8925
-8125
-7670
-8697
-8928
-10578
-11240
-11582
-11993
-11616
-7952
-9481
-8344
-3687
-6180
-5273
484
-181
2920
-610
-794
3280
-1001
2787
4811
5797
9038
10198
10921
10317
10709
10229
10234
11771
7998
11033
13164
11484
10947
6842
8198
7153
4121
2791
4982
711
-5144
-2593
-5004
-1870
-763
-2303
-4069
-6743
-4856
-8919
-8701
-5417
-9038
-8984
-9341
-4157
-8146
-7124
-476
-5368
-2285
-1267
-4364
862
-1224
-1345
-2847
-2045
-2641
2168
1536
-2134
-2271
-3261
-3820
-4429
1248
-800
-3226
-1937
-3900
-372
3744
2510
1510
1843
3506
2289
2798
1586
-427
2017
3123
2770
2853
1134
2743
-974
-2976
5521
2148
814
-4595
-2281
-48
1916
2995
2987
13433
-4900
-3513
8300
6656
7117
4869
6772
3087
9970
4375
3576
4009
2778
3440
2222
2060
1076
-1455
-2960
-3914
-6632
-7670
-5955
-5715
-7733
-9053
-10496
-9794
-11845
-8507
-9007
-9664
-5456
-5286
-4913
-3471
-4052
-4265
3541
1858
2608
3126
3412
3500
5308
5120
6413
7707
-3260
4988
10095
5257
9228
15646
11230
10436
13908
13392
13821
10408
12028
10213
10082
9727
9296
9551
6745
6580
6189
6158
3752
123
751
-193
-618
-1230
-6754
-6580
-6099
-6630
-8980
-9008
-11147
-10499
-11601
-12577
-8754
-11440
-8600
-10658
-9582
-8244
-9165
-13811
-10384
-6586
-13837
-4649
-1637
-533
5821
4506
4267
14215
12610
10922
14986
12950
12708
10352
15273
14201
14316
13675
11742
13632
5495
6638
6630
6096
6266
-1119
5644
5497
2617
-3584
-3541
-4092
-1142
-1915
-2184
-4394
-4907
-8983
-7940
-8047
-9439
-10577
-9548
-11021
-5856
-6368
-11119
-9773
-18397
-15525
-12250
-13461
-11489
-13647
-11605
-8488
-7420
-2410
-53
-3544
2167
4037
5439
9026
5723
10279
10791
12994
13763
13635
15207
13047
15035
13315
13107
7932
5030
5710
5864
6756
4440
2906
229
-2569
-1143
1409
712
405
265
-1105
-1218
-1467
-1201
-1629
-2507
-2219
-11346
-11203
-8131
-10251
-7356
-8115
-7551
-6434
-3600
-547
-6073
-5089
1899
312
-578
-445
-739
-2321
-4899
-4117
-3543
-3692
-1347
-171
-3380
-2172
1707
-966
570
-989
484
4233
3089
5610
5280
5925
5463
7361
7425
6422
6342
5578
4782
4508
5506
5321
6707
4882
-3921
-5728
-669
-2285
-2436
-5888
-7036
-7872
-1888
-4414
-6745
-1098
-872
-3261
1407
4849
5198
4230
1903
1976
2621
-435
409
1434
1549
1550
1032
564
-3028
-2280
-2927
-5228
-9889
-10773
-8335
-11751
-7886
-5106
-4744
-5050
-1440
-14
1347
3404
3104
4415
4430
4759
-1085
826
4236
5036
4481
3859
3037
127
1528
-223
-574
1930
1838
1338
4060
-23
1602
9145
7691
5198
5242
5853
4611
4690
5150
2234
1661
4437
966
3133
2103
1346
515
-55
-1159
-6346
-4151
-1927
-1426
-5726
-2861
-2927
-4447
-3580
-1904
-2811
-2875
-3163
-12128
-10662
-6599
-5347
-5439
-7367
-4865
-869
-114
819
952
-434
635
-69
1423
-231
2183
7968
4205
5185
10810
11286
11131
11161
11544
9478
9416
7758
2665
5116
4168
6083
5279
2041
2883
3086
2370
286
342
771
3190
1620
232
1426
3849
3931
4641
2085
-4666
-5572
-3311
-3193
-4827
-5250
-6543
-5976
-6208
-6919
-9343
-10114
-12224
-14064
-13945
-15729
-11573
-10460
-13240
-6545
-5826
-6569
3879
5147
4176
3028
9727
9118
6266
9924
10471
11611
12000
10437
10551
8847
6229
7430
8695
7781
7952
9439
8519
7861
9434
4560
7593
5297
-3599
1732
3199
2157
3764
2460
492
-3188
-2749
-4712
-4431
-5819
-6654
-7343
-8180
-7339
-9231
-9443
-10407
-10096
-12228
-12356
-7378
-14134
-10089
-2771
-5626
-3811
-7042
-7416
-2910
-3441
-5193
-1814
911
-274
3240
4632
3713
5473
7201
7609
4525
6556
10925
11097
12731
12865
7846
7621
10100
8966
10477
11180
9891
6623
4279
3014
4981
5064
2662
3584
1190
-1474
-2900
-4201
-5517
-4917
-4075
-3504
-5029
-5106
923
-3302
-4391
1580
-1491
-1891
-1696
-1301
-1503
-286
-2223
-2354
-2859
-3216
-1457
-1197
-1416
-2575
-1609
-1809
1888
-872
-1790
449
-465
-2488
4085
6293
4231
6564
5519
7176
5957
6506
5574
4668
3042
4099
4416
4364
4970
4352
4662
1831
189
-92
-5056
-7080
-2644
-4970
-518
1804
-4895
-1833
3659
3406
3351
1746
-842
5080
2814
3547
6497
5745
5388
5055
4908
4554
5142
4311
-806
936
-6748
-8926
-4511
-4950
-5064
-5188
-5057
-7704
-9274
-6513
-7844
-8332
-7429
-7736
-3310
-3083
-2517
-575
-1493
-1721
-1470
-2911
2513
2692
-2272
-401
1153
306
-220
7131
1556
1466
9648
6734
8103
7091
5647
5962
7664
9770
9074
7985
7792
8960
9207
7907
8095
8304
3390
1669
3405
4912
3651
3853
1893
-1439
152
-1662
-1558
-2401
-4518
-4634
-6032
-6586
-7260
-9250
-9503
-9065
-10093
-11751
-12793
-11558
-10400
-10682
-14273
-11956
-8415
-9022
-4382
-1102
1627
-936
4036
8674
10339
11828
10760
13756
13033
13626
17556
15584
12552
14142
12923
17405
11846
9864
5321
10980
8619
3036
8204
7914
6706
2674
2184
1576
1455
908
-762
-1046
-3776
-2598
-4588
-5627
-6391
-9824
-11962
-7926
-9599
-9852
-12164
-12554
-14390
-22228
-14019
-19117
-17745
-15475
-12361
-16726
-17721
-7482
-5135
-5042
-2916
1344
4831
5351
8440
7501
7730
14418
13238
8544
11931
13493
13315
15211
12521
8203
9176
10588
10356
9687
8106
9034
11086
11902
5577
2225
5991
844
-2940
291
-1826
-1908
-6452
-6663
-4359
-6234
-9599
-10661
-11036
-11684
-9490
-11334
-11289
-9469
-7542
-5035
-9549
-2323
832
-225
-2783
-2740
-1006
765
2628
2179
2127
-4138
-1174
4357
3258
-1522
-1017
5497
7258
7213
5323
8963
9163
9370
10909
11912
12196
10855
11089
10582
9416
7670
6482
5306
5659
5713
4124
1793
-1059
-1795
-7932
-9412
-4424
-6835
-6530
-7404
-7827
-7947
-3170
1579
-6336
482
6904
6090
7389
6558
8397
6771
8841
905
188
6114
6009
7922
6364
6153
3853
3355
3776
2979
-1806
-3889
-1824
-2478
-3496
-2005
-2111
-2436
-3219
-1130
-408
-247
3933
3291
3670
2289
2560
1522
222
1615
1745
-92
-1320
-1553
-4175
-2734
-1033
-83
1949
6457
7566
2335
4798
7572
7949
10316
8921
6852
6813
9943
9224
8079
9185
5962
4980
9699
4058
5023
4330
5256
2451
-293
1423
896
512
-2898
-1533
-3863
-5461
-4501
-5167
-5563
-8284
-12939
-14413
-18159
-16270
-13980
-10389
-14189
-10122
-8873
-8867
-5908
-5878
-2350
0
1148
2310
5456
9620
6777
11230
15188
16537
7922
7030
11464
11879
13533
11583
8487
15577
16946
8437
11604
12710
11601
10050
9749
9163
777
4831
3964
3221
-558
-788
-1226
-2799
900
142
-834
-5075
-8587
-6892
-6738
-12954
-13769
-14137
-14307
-16229
-13554
-14782
-14470
-12156
-13736
-13985
-13247
-11792
-9992
-5527
-4034
-3426
1750
2604
9107
11783
11589
13428
12198
14112
13221
14425
16645
16650
16179
16937
13884
15925
16098
14365
12754
6268
8295
8615
10375
748
686
6196
474
-1058
-4822
-3791
-4327
-2634
-2773
-5470
-5409
-9838
-8702
-8204
-7172
-6907
-9290
-5407
-5711
-9192
-9335
-6776
-8389
-6517
-4249
-11997
-5365
2318
-3277
-2217
-3273
-1778
-3837
344
3216
1477
2015
4044
6028
6955
9926
9877
9981
9807
10160
7514
6406
10869
10799
11592
8757
6410
6680
6353
5210
5253
5044
2588
-259
-3448
-1205
-3945
-2875
2199
121
3170
1513
-879
-3113
-2121
554
1473
-2043
-4092
-785
4827
499
2333
5998
4712
6818
5062
6338
4171
4052
3949
2133
1019
-1311
-2057
-2958
-2948
-3251
-3292
-5363
-3590
-798
-6625
-4237
-3158
-2304
-2905
-2245
427
-1484
591
811
1189
2335
4311
5189
6368
5693
5471
5475
4351
3572
2182
1395
5750
2337
-1466
506
-2882
2279
6785
5261
3699
9622
11091
5551
6093
10057
10020
8865
4117
3611
3140
1324
267
146
-2336
-1043
-3214
-3913
-4189
-5006
-11505
-12370
-9555
-9208
-7927
-9737
-8237
-9677
-9754
-12603
-10167
-7906
-8870
-5365
-4472
-871
1324
1859
4308
5192
6705
1468
1885
4704
4509
6367
5383
4029
3614
12222
10905
8317
13756
13605
16379
14750
15013
11925
7640
12749
10764
10534
9627
7169
7995
6282
6420
2380
202
1573
-1514
-3380
-3087
-3250
-3907
-5380
-6255
-6808
-8599
-8988
-6972
-6860
-8397
-8762
-9887
-10998
-10797
-9777
-8009
-12981
-15185
-10729
-9111
-10594
-13342
-9393
-5809
-5165
-1731
-2114
2371
4457
2446
9198
12112
13198
12704
12268
12549
12414
12020
10691
15583
14813
14192
12590
5379
5353
10777
4887
5157
5078
2439
3953
3599
2625
2111
2925
3348
3182
917
-2581
-3607
-3025
-2131
-3154
-3357
-9991
-6357
-5535
-4941
-8661
-10291
-8253
-9507
-9864
-10288
-10450
-9548
-12142
-10213
-9518
-10078
-8310
-1459
-2853
-2338
1692
1925
4756
7824
9830
7896
8132
6698
8795
9301
9187
11162
9734
8015
5824
4960
7909
8959
9653
10208
10892
9230
7827
6508
-17
3003
3153
2961
-553
-3249
-506
-199
-373
-3385
-2493
-2818
-2040
-5806
-7468
-8565
-10299
-8945
-7687
-8866
-7543
-4987
-10265
-5898
-3661
-2761
-2272
-2745
42
-1251
-3277
-6439
-6894
-6619
-3966
-255
-3782
-5506
144
1853
4336
3622
4258
8752
8831
10204
9684
10745
11326
11315
11921
12789
9481
5745
8577
8710
8459
6555
6104
5033
4328
-533
-5519
-2415
-4248
-3607
-4773
-6108
-4150
-3821
-6443
-2735
-266
-4502
1050
4103
4620
4360
1330
-1178
637
1699
395
24
-90
-1405
-274
-7
-1114
288
-78
334
-4988
-6967
-6527
-6381
-2912
-1715
-5179
-2420
-635
-3708
6136
7938
8595
7901
8922
7970
7582
8314
7276
7467
5112
333
-90
-1742
-1049
-2533
-4621
-3198
-4671
-3277
2930
-3406
-4379
4512
-211
2216
5562
2675
3857
2348
2749
1961
2439
2779
834
795
2677
3729
4386
2391
2486
1219
-1223
148
1917
2571
-6739
-6613
-3692
-6116
-5012
-6068
-4134
-6778
-7065
-9043
-6716
-8160
-13808
-5996
-6306
-4354
-3109
-4240
-3569
-4692
-3013
-4485
-1143
193
-943
4735
-766
1522
5514
4801
10124
8581
8912
8199
8427
9763
9347
3964
6637
10881
6841
6490
7728
6207
6156
9393
8329
4727
-87
2352
4133
2458
3030
1109
1048
-549
-2144
-3596
-5529
-6044
-8105
-9198
-9070
-9126
-9548
-12415
-13220
-14064
-13835
-12964
-14555
-13841
-10814
-10961
-15592
-8558
-4930
-8719
-3341
168
66
3539
6255
6890
9415
11518
12619
12738
13797
15114
16150
14520
12232
12489
10863
12301
8005
5260
6364
2026
8411
8476
6291
6764
4542
3439
1153
2164
-67
-1245
-1246
-3526
-5099
-5431
-5107
-5874
-7408
-8590
-9212
-10981
-9481
-12105
-17617
-15222
-16389
-17269
-17649
-7399
-16055
-17095
-9160
-9754
-6942
-5887
-2456
-3726
-321
2539
2907
6193
7863
12788
14123
14092
8715
9993
14875
16865
16009
10793
11321
12099
11401
9292
7578
10343
9508
10483
10699
8276
6302
1213
2723
1075
1849
727
-2656
-3730
-8198
-3002
-11493
-9923
-10048
-9747
-8185
-8534
-10403
-9791
-7017
-13076
-9327
-3537
-3793
-140
-2045
-2578
1386
-982
-1131
-1342
-987
239
-3615
-3676
-5052
-3399
1290
-3043
660
3607
-484
3716
4565
6586
5857
6389
9185
8851
9898
8695
8255
4918
5050
4341
4079
3114
2338
1996
-3330
1361
-3377
-3375
-3387
-11324
-6308
-9033
-4544
-4911
-5346
1291
-5254
-1250
4158
2658
3130
4558
6839
6249
7531
5019
870
4183
5196
4909
5254
2175
1282
886
442
826
-944
-5136
-4603
-3368
-4415
-6572
-8475
-6076
-5837
-7383
-6763
-3722
-5097
-2285
121
-1629
-3576
-1747
-3373
-3244
1909
-1618
-1474
-3026
-3516
-1925
-793
801
2118
3245
2697
2274
7346
12326
10739
10608
13143
11362
7291
8697
8578
7705
8398
9153
9844
7727
5368
4188
3399
2759
3790
2096
-2134
-2994
-4258
-6532
-7595
-7839
-7807
-7553
-8619
-8457
-8622
-12312
-14514
-14392
-17599
-16848
-16282
-16513
-11783
-18351
-16249
-14219
-11433
-5474
-448
-418
2055
2180
6192
10677
7433
9077
15309
12099
9805
15693
15388
15016
15179
13903
14488
15354
15099
14712
12016
9996
10844
10511
9821
8398
5105
2586
3186
2706
1166
-371
-687
-2008
-1935
-4290
-5758
-4443
-7870
-8222
-9686
-13953
-16404
-16882
-15316
-14836
-14070
-14547
-12952
-13121
-14108
-12198
-13159
-11809
-11233
-6506
-885
-11407
-9298
2931
7007
10750
10068
10918
10106
11116
14314
14274
15964
16870
17388
18137
16688
15302
14120
12925
10732
7713
7059
5703
6139
4778
1330
-2275
-1816
-241
-4071
-1663
-3422
-6862
-7646
-7762
-9598
-10591
-8108
-8603
-8194
-9020
-7807
-7712
-6528
-6503
-5916
-5520
-4596
-8979
-8894
-4664
-8798
-5269
-607
-879
-651
2064
1868
764
-214
4415
3572
-895
-777
1269
8651
4773
5662
4545
7174
6148
7059
9700
10872
6857
5775
7212
2893
4247
3958
1997
2069
2019
2400
2191
2761
978
-1078
129
739
-965
-1490
-1594
-3557
-2398
-4878
-10880
-4124
-5638
-4118
-1717
-2328
-5027
903
3102
3276
4657
2609
2595
-543
-298
-199
-1354
-183
-1591
-1031
-2770
-5501
-4660
-4696
-2151
-6641
-8538
-7462
-8914
-9345
-4865
-628
-1951
1356
-201
-612
560
2192
4138
3611
3169
3161
992
2214
2841
2082
3857
3080
855
1368
4868
2768
962
-25
-614
3671
3768
-1579
3994
7063
7281
9616
7432
8564
7944
6214
4132
3409
3975
2982
1469
820
1584
344
-2342
-522
-4373
-8747
-4753
-4298
-6611
-9820
-9036
-8164
-7629
-5928
-7034
-6887
-5624
-2231
-4628
-4989
-443
1720
5466
693
-769
2147
2613
2864
1523
3522
3955
4232
6956
4888
9001
9415
4668
12755
9588
9551
9363
10211
11005
5423
8517
6790
7388
8977
8653
5117
2986
2649
2213
1043
2178
-1446
-4645
-2471
-936
-1924
-6366
-2966
-2538
-4094
-4337
-5087
-4880
-5391
-6659
-4929
-8250
-11922
-10974
-11406
-7142
-12008
-11880
-14353
-10169
-10435
-8658
-7918
-7375
-7393
-7496
1233
7093
-2718
1150
5891
7313
9682
9405
9010
7132
7662
8819
14941
10968
5280
7011
3194
11019
9606
6809
1849
4004
4270
7371
8252
6357
5450
4831
6960
2149
2502
1079
1309
-1357
-4755
-1139
-1111
-2048
-2854
-3587
-5152
-4865
-6334
-8751
-12612
-7861
-14542
-13107
-11565
-11733
-12712
-10941
-6123
-13457
-6238
-4201
-2062
-5980
-7501
919
-3770
1607
4373
3511
5122
7847
5988
5375
6936
8053
8526
11308
8195
7179
8848
6762
13285
10999
8242
9158
12928
8304
243
5636
5245
7169
5760
2794
3735
993
941
-356
-1698
-2027
-3435
-3306
-5021
-6346
-5646
-6287
-5748
-6393
-8104
-1536
-6661
-8106
348
-2760
-1591
-5454
-5670
-3258
-4541
-6316
-5710
-5830
-5692
-1818
-627
919
-3107
3071
5416
2845
6270
6428
8177
8628
8699
7243
5125
9103
11445
10201
9445
8233
9109
7831
11363
9515
3378
3580
2974
2726
-1259
-1252
-1551
-1871
-2195
-2746
-3527
-1230
-2509
-1320
5743
-4527
2362
3879
-1003
2250
-1149
2708
-1155
-1061
-1116
-3586
-3568
-3521
-2985
290
-647
-1268
-322
-5112
-6892
-6381
-3539
-8283
-9982
-4248
1437
797
-734
2811
4144
-168
2353
2868
2539
2544
3709
1749
1108
6670
6449
5317
6242
3022
1828
-1765
-1241
-1174
-294
-1620
877
1994
-9364
-1072
6178
5240
4926
8235
8243
7518
6301
7575
7182
8332
6866
7258
4865
3343
4454
2314
1629
910
492
-1168
-3898
-2434
-3528
-2495
2723
-471
-317
3449
3338
1871
5111
2760
1938
2416
-834
-902
-4086
-1532
243
-2037
-2779
-3724
-3339
-5016
-4788
-5244
-4434
-2443
-802
-320
-6598
-3547
3323
3436
5361
6220
3987
5164
5723
5439
6794
6362
6399
5394
5320
4311
3207
3980
1393
400
-2211
-1522
841
-1103
3905
2983
-3730
334
5002
3603
5992
3241
3800
2342
820
8091
3455
1131
1401
616
-1624
-2524
2737
-3653
-1483
-332
-35
-1497
-4918
-8814
-5356
-661
-3316
-2005
-4212
-5419
-5523
-4908
-6171
-5217
-3955
-3441
-5223
-5414
-3958
-2646
-306
-941
-1250
-453
1451
1244
212
3352
3000
4739
10074
2989
10147
13469
9069
11156
9386
8637
5916
10900
12182
6962
4399
4358
7058
6428
8110
5553
6436
7991
6370
2366
2466
5781
3857
3985
2887
1188
944
555
-374
-1981
-2664
-4024
-4186
-5729
-5666
-6219
-7794
-8686
-10183
-11020
-12815
-12621
-14306
-13321
-11572
-10517
-9329
-8838
-4022
-8439
-3820
3942
1507
7583
8498
7752
11738
11114
13269
16625
13269
13238
14721
16232
16967
16857
16427
11703
7436
10504
13275
10239
12697
10385
8540
9655
7785
8417
6336
5905
5103
3356
2891
439
-174
-2346
-3609
-5032
-7426
-8148
-10468
-12985
-14144
-12878
-14402
-14404
-14303
-15518
-13752
-15195
-15649
-5167
-2430
-5410
-2649
-2660
-9047
-7662
-4270
73
-313
-330
2056
6341
9213
11235
8477
12041
14685
14942
14688
14516
9909
11434
11780
12209
11789
10682
10722
7222
8361
3832
-1314
4692
-1276
1987
479
-983
-4034
-5635
-5654
-8900
-9224
-8912
-8433
-8288
-11484
-13369
-6946
-2220
-7690
-3644
2060
-2334
1334
644
1450
1254
1863
3435
5004
5683
2952
3253
-2263
1893
3402
544
-388
794
2122
2383
3610
483
3029
4942
8076
9178
7593
8904
7772
6795
6698
5392
3640
4532
2074
2774
506
3770
2792
1984
579
-1756
-3619
-10493
-5241
-4044
-3676
-289
1721
-2769
2573
5027
2510
7567
5264
8521
7843
8383
10623
12749
5441
3843
8637
7825
7473
6433
5732
4299
3992
3837
3490
1356
1536
594
-817
-1853
-2783
-4714
-4713
-6139
-6280
-3427
-4301
-3810
-5724
-6372
-3764
-1088
-7091
-7098
-7870
-9192
-4622
-1589
659
881
-1093
1578
5593
2781
8468
10286
10475
14938
12810
13940
8698
10759
9969
10910
14910
10722
9710
11256
11151
9635
10250
9573
10002
8580
7555
6556
5910
4889
3636
3092
1786
757
-613
-1147
-2752
-3582
-4406
-5793
-6718
-8106
-8881
-11158
-13877
-15553
-15070
-13908
-14321
-14666
-12877
-10049
-11361
-13342
-3560
-1878
-2281
8416
6125
8523
11453
12029
9367
6767
14175
14153
14294
14384
12505
13103
13844
13436
11673
10651
10523
9558
6413
7859
6752
4389
4430
2789
2967
3661
2689
1308
502
-2770
-4057
-5155
-3717
-7647
-7210
-8235
-10201
-7659
-9975
-9175
-12282
-13454
-14453
-14030
-12402
-15275
-9741
-6458
-13212
-6293
1335
417
-555
-2605
-2451
-1032
1339
2403
2545
6897
8702
7654
6967
7957
8861
9440
10604
10485
11924
11700
11792
10476
11217
10859
10043
7170
5698
5489
5148
3806
162
-3873
-7150
-4772
-4679
-4313
-5308
-5375
-6470
-8065
-6918
-9707
-9844
-8206
-6870
-6735
-6115
372
-4982
-2077
1798
-2942
5397
6159
8000
5658
3557
4473
6060
6719
5183
2756
1762
-2708
-3017
-3055
-4604
-3470
-1988
-592
-4252
-4561
-863
-3707
-2606
-2766
-1542
-345
2400
905
1085
2399
2847
3257
458
3771
414
-179
282
-1331
-428
400
-1352
-4088
-2439
2581
-1091
6834
468
-4869
9401
4453
6974
7156
10973
11251
10956
5986
7556
9452
7846
6452
3041
7674
5872
4626
3218
1948
1294
213
-1490
-2571
-7874
-8150
-6767
-9096
-9140
-13988
-15481
-15457
-16861
-13986
-13307
-13791
-14709
-9943
-7093
-4906
-4423
-3612
-1276
-223
-738
1210
791
3016
1826
-508
10883
8522
9748
16365
12121
15567
16107
17613
13079
10280
14585
13048
17595
13973
11212
11768
10909
10861
9857
8098
6986
6319
4411
2303
1794
766
129
-3251
-6502
-5609
-8047
-6716
-8146
-9101
-10569
-12045
-12703
-14010
-14594
-14109
-13274
-13778
-12700
-10499
-9606
-9412
-13491
-9952
-5843
-11951
1276
4779
-1140
4343
7637
4374
9352
8254
11733
11894
12073
13916
13253
15677
14561
12981
11928
11836
12718
12003
12013
7726
5072
8206
6897
3362
2417
2157
712
1819
1887
1376
-1091
-1626
-1772
-2698
-4448
-5332
-6321
-7547
-6033
-6440
-5809
-6479
-12134
-12637
-9107
-9876
-12526
-10774
-6554
-6304
-6217
-11133
-2776
457
-3240
1107
-1020
-46
-983
837
-2030
5946
10251
9589
11577
10180
11712
7658
6902
5360
11920
8796
8420
7266
2640
6035
6532
7625
4948
5847
4873
5854
1860
-229
2039
161
-72
-1685
308
-1959
-5553
-1354
197
-1566
-2411
-3407
-4352
-3921
-3129
-2558
650
-1250
-2553
5887
1476
626
4089
1714
1405
117
2116
-168
2304
3472
-1266
-2490
-5514
-1119
-4714
-4758
-1494
-5569
-1107
-2633
-1320
-560
-998
1593
2510
1363
3432
2603
3593
4971
5052
4971
4943
6215
-2295
1278
6090
5150
3957
2410
3198
-661
-2864
-1695
-271
-431
-1682
5170
-1147
-3029
8589
2868
6051
6267
3987
3787
2260
3569
2067
3764
1361
-58
-1679
-3780
-6207
-7353
-5497
-426
-1028
-2886
-2363
-4084
-4638
-3845
-5478
-6377
-3814
-4412
-5617
-2037
-1269
-648
-7137
-6319
142
-3545
-1635
-2246
4719
3940
3330
4341
2543
-126
1221
1702
217
4807
11219
2953
10351
13612
12499
13844
12628
8548
2668
3261
5063
6191
3732
2806
491
-3278
7320
4853
4342
4528
1949
3108
1757
-2888
-3258
-4355
-1545
-341
1193
-95
173
-102
-6106
-2206
-874
-2581
-3190
-4611
-5139
-6938
-7159
-7509
-8928
-9923
-8104
-8026
-7774
-7409
-4699
-4228
1358
5623
684
7705
10482
7157
12198
11339
10258
12342
11576
12271
9280
9748
11066
11238
10047
10871
10199
9112
9916
1772
4902
7180
6593
8216
5858
5459
6590
7143
729
2481
5581
3198
3432
1861
494
1221
302
-1352
-4136
-5033
-6977
-9160
-9459
-12443
-10196
-11448
-10161
-12093
-10387
-4974
-13286
-6816
-1895
-7768
-6134
-5903
-5590
-5108
-6628
-5423
-2587
-19
1773
4185
3721
4084
6832
7870
8828
8670
7786
7692
11850
12027
12510
10718
7962
5640
9129
9629
9720
5183
879
2082
1355
5048
4877
3778
2913
944
-276
174
-972
-2165
-3467
-3409
-4110
-2689
-4881
-4458
562
-4831
381
574
213
1971
-2926
360
37
-4978
-1300
-582
-980
-2868
-1908
-2537
-2832
-2706
-1017
345
2844
1551
1841
-4933
-4543
1385
6734
8613
7576
6466
2499
4490
5282
6158
5452
9551
8076
7703
3187
2450
1681
3158
2105
1318
-491
-5265
-4252
-2902
-2092
-3498
1780
-845
1245
6123
967
4929
4268
5876
5906
4841
5157
4157
5559
5047
5005
4482
5366
5516
5219
4117
5118
1359
-4410
69
739
-1411
-1136
-2860
-4269
-2189
-3574
-4960
-2689
-3435
-3399
-4788
-4413
-1634
-1087
1193
1021
-5
22
-1
1511
953
-554
306
1952
842
1661
5443
4078
3808
9767
8826
12151
12711
4830
6172
7687
8452
8010
8041
7980
6554
7105
6218
8465
6046
847
4163
3399
2687
6894
3589
4594
4286
3121
2215
1411
-12
-451
-1657
-3827
-4416
-5140
-5868
-8398
-9269
-10044
-12064
-11341
-14360
-13799
-11993
-12668
-10002
-14612
-12809
-10637
-6048
907
-1388
1369
7055
7161
9234
11647
10022
14210
13946
16093
16025
17840
18964
18945
16802
10477
14998
16024
14876
10687
10168
10751
12945
12475
8471
8643
7213
7824
5841
53
651
-1039
-2277
-3863
-4715
-4926
-7144
-7671
-8227
-10149
-11564
-12000
-12945
-14260
-16122
-16277
-16334
-16283
-15087
-10952
-6387
-9656
-6777
-5147
-3347
-123
738
2985
2061
2663
6354
11003
8410
6820
11472
13761
13974
15749
15081
14336
15132
15430
14523
14731
15205
13709
13570
12631
12674
11797
9800
10511
4743
-120
3271
2155
1638
1668
-2052
-2111
-3724
-5720
-7549
-9282
-8703
-8435
-10741
-9944
-8211
-7999
-1766
-6323
-3896
344
-813
3095
3286
4567
2667
5716
2898
-2715
1303
1364
1098
935
-1975
-1457
-277
200
716
472
-1156
849
1850
5978
7778
6632
6436
7095
8287
7760
2801
3335
8372
6802
6787
6860
4314
3665
2163
-1120
1040
376
-2618
-3066
-7729
-5506
-4244
-1653
-3256
2362
2095
-459
8204
4870
9543
12492
4884
1124
9147
9894
9464
9813
6982
8566
8168
6883
5020
6238
3592
2634
3210
1502
-2639
-4824
-4382
-6004
-8548
-7972
-8964
-9065
-10364
-7865
-6952
-8026
-8555
-4890
-3643
-4515
-2205
-2724
-1685
-771
-710
-1621
-1806
982
761
3109
3160
6511
10662
6838
9956
14180
10805
9616
14360
9377
10113
13378
11185
12652
11103
9197
8804
10718
9092
10198
7639
5042
5168
4505
5076
2969
2995
1889
570
-2454
-3686
-3489
-4705
-5653
-8810
-9577
-12812
-13224
-12889
-14981
-14802
-15435
-16961
-12102
-17007
-16080
-15479
-15460
-13490
-15238
-10633
-6116
-3221
2645
-2993
-1399
7999
7266
12770
13604
10598
13917
14193
16329
13385
13040
11994
12152
16230
13439
9527
6761
7061
2528
5204
7363
5331
7319
3805
2310
1870
1863
-1487
-1805
-4565
-5362
-2996
-5034
-5598
-6349
-5651
-5355
-6309
-7523
-8249
-9255
-10132
-11827
-12127
-12343
-6286
-6011
-4195
-6023
-8255
-1408
-4110
1621
788
3567
5945
1598
4214
7938
8395
8931
9418
10106
11193
11591
12396
10165
11315
12318
11267
11048
10204
9988
7881
8588
3029
1699
953
907
519
4039
-3380
-6815
374
-1998
-1079
-1333
-823
-1091
-1675
-1448
-3390
-1258
-3235
-801
-3119
-6472
-2086
76
4554
-1
2920
6123
5909
8076
4540
5062
2915
4941
5798
4627
3616
929
791
-933
-2623
-5853
-8030
-449
440
-2682
-2627
-56
760
1184
316
184
3628
2810
-18
3390
4633
3887
6655
5417
3537
6425
5779
5377
4802
3699
4630
3307
4982
-3056
-4922
2466
197
6628
8997
3202
7604
6603
4334
7624
8540
7379
8105
7884
9120
8311
6169
4703
3435
1398
2705
278
-145
1221
46
-2432
-3225
-6847
-7877
-5336
-8757
-8244
-9956
-7541
-9648
-9188
-6460
-5961
-4235
-8009
-4333
-2198
44
884
1820
3070
451
-1559
1192
2702
3139
5207
6422
5286
10923
11939
7139
15806
13285
15783
16885
16863
14294
8275
12689
10755
12346
10889
9768
8810
10238
8204
4283
4183
2513
763
-1882
439
-1463
-4286
-4722
-5893
-8052
-4031
-3688
-4412
-5236
-5418
-10759
-10501
-10733
-11195
-11605
-12136
-9422
-12267
-10644
-11310
-8669
-7613
-7275
-6317
-7887
-3518
1563
3755
98
9490
12542
8030
14187
13380
12958
14584
16039
16202
15072
15690
15922
14167
15743
12317
9361
8486
9509
11012
1865
2111
5268
3325
4662
4482
2902
2949
4020
-1804
2078
1832
1383
1252
296
1458
-3105
-8526
-4150
-4961
-3849
-4454
-7517
-6294
-14049
-12097
-12470
-12265
-12397
-2313
-4721
-6900
69
-2164
541
-4906
-2175
-1149
1788
590
-161
6424
5456
6218
6500
2480
1509
9169
8227
4667
4642
7302
8532
8352
9849
8942
9616
9024
8994
8221
7669
7149
8465
6635
-141
-1200
-679
2915
3486
701
1015
-1636
-1093
-1470
-2556
-3446
-4303
-1603
-4123
854
550
-4509
2332
2505
2243
2881
1561
14
-1152
-688
-1560
-4381
-4249
-5821
-2999
-3134
-5936
-3867
-5908
-2524
-1608
-725
-2137
-1574
3259
4965
6027
6705
6181
6768
9123
8496
12129
7180
5400
7544
7312
9381
7121
6268
5759
6432
4187
3630
-52
-99
-3810
-7037
-4584
-3116
2023
-5144
-3558
3678
2987
4964
5715
3698
4630
3362
-304
-1593
-3414
-2490
-2021
-3964
-4941
-4741
-4281
-3039
-2648
-2732
-2709
-2988
-3919
-4607
-6907
-6773
-6426
-5159
-4915
-11232
-8920
-3868
-4272
-7337
-5994
-3485
-2435
298
-1269
-1135
-530
-206
-1885
2665
3394
3859
4844
5343
10582
5995
7023
13076
10553
10874
6593
9703
10306
8792
2118
4290
4805
4987
5803
6015
3725
-714
4026
2877
5238
5036
2397
2379
1198
2242
2418
1778
2283
-1650
-1560
-1299
-1692
-240
-1420
-2425
-1799
-3961
-4932
-5511
-8524
-8587
-10077
-10047
-11081
-10376
-7671
-9290
-8360
-6992
-2012
-594
-5272
1836
4849
3821
8307
7372
6558
7040
9043
10785
11640
11714
11403
10125
9206
9176
7628
10610
9116
9971
7121
3667
6594
5326
6812
3423
909
2179
4920
4098
1603
1197
-923
-551
-925
-2526
-5019
-1266
-2006
-3270
-4545
-5311
-5802
-11957
-8137
-8706
-8680
-9028
-11800
-8307
-11487
-8204
-4446
-9078
-4737
-5454
-3749
-1646
-2425
-1687
-3671
1550
1251
3278
7278
5687
6317
9957
11008
11158
13068
12452
14534
9820
8254
12411
10813
11119
10980
11250
9007
10007
8469
6347
1349
-337
647
-2032
-1936
62
-6226
-6211
-4759
-6898
-5724
-4903
-6076
-5714
-5507
-2478
-6506
-8010
-4932
-3320
-2280
-682
602
839
59
96
1912
-493
-1200
-3142
-3695
-5022
-6859
-4062
-3743
-3192
-2804
-1770
-6203
-1650
2493
3972
6080
4752
5706
4848
4945
4738
3573
1364
7413
8779
2006
3621
3571
-695
405
-820
-1973
-2949
-3118
-4323
-1602
-6906
-8645
-567
-4263
-3063
4490
6133
3864
7201
4323
3846
3342
4208
6589
5604
6113
4124
5438
5463
1552
1905
4475
4004
859
225
2642
-30
-2173
-3635
-6093
-6497
-7076
-6849
-6749
-7986
-6423
-5709
-6587
-9358
-9344
-6855
-7127
-6909
-5192
-5016
-6203
-4463
-3288
-4351
-3219
-3504
-3679
1736
4301
-175
5301
11014
6767
8597
6849
8080
10179
11996
5526
6046
11585
9807
12798
10398
11485
3512
1605
6019
6637
6383
4085
4481
683
223
1542
451
-1322
-4035
-4982
-769
-7348
-4332
-5325
-5980
-7135
-8446
-9479
-15545
-16756
-16214
-16210
-18956
-20284
-15711
-15494
-16617
-18330
-12072
-5720
-7625
-2116
1724
555
4458
5701
7793
11485
11102
14198
14971
17104
16694
16395
16008
13852
12796
10381
10569
10338
11039
9168
3635
6200
8245
3788
5993
7064
5842
4837
3579
1425
-1473
-1508
-4175
-5168
-5866
-7677
-9605
-10272
-11106
-12065
-11051
-15463
-13435
-13840
-14874
-15136
-15822
-10830
-14604
-12814
-6482
-4615
-2685
-3334
-3118
820
2387
4338
-412
4634
7931
2351
8369
10623
12857
13427
12861
12273
14086
15324
14367
15381
14500
13697
13309
12062
12119
10520
9102
7802
5792
7520
2370
-2066
-1087
-1922
-4332
-4606
-7718
-8525
-6355
-7674
-7838
-8226
-6703
-8080
-7013
-2890
-2233
-5000
1880
3333
1944
3216
-216
2860
2156
3396
1594
-3304
738
4775
1834
2912
3621
559
-4257
-3759
-1873
2733
2437
-5879
1266
1450
3541
3312
4847
7926
5163
5370
4296
4026
1887
7376
5004
5643
1878
799
1924
623
367
-276
52
-1729
-7267
-8333
-7299
-2372
770
-1772
2322
6325
6714
6460
7410
8851
8577
4329
2299
5914
3765
5199
6415
4735
3806
5778
3187
931
1929
-227
490
-4506
-4247
-5112
-6951
-7498
-7114
-6251
-7239
-8048
-10188
-7259
-7221
-10648
-11598
-8842
-11134
-3516
-7695
-5905
-4805
-4893
-2607
-2643
-580
530
3260
5438
10409
4838
5539
11423
9819
11721
10691
7431
7942
11243
7413
7431
7110
8431
9523
8140
9461
8282
7538
3093
3159
3896
3695
1192
195
-322
-1453
-1905
-3742
-4206
-6137
-6432
-6796
-7492
-11082
-10836
-9837
-11380
-12887
-15684
-13065
-13148
-17668
-16567
-13942
-13672
-11280
-10862
-9975
-8862
-1173
-729
-799
10079
3689
3411
8656
11176
13758
14450
16673
15428
17532
16828
15245
14603
13620
13603
13081
12084
6852
9411
9549
3830
-1617
115
-240
598
-1652
-1243
788
-452
-2665
-10357
-7707
-9113
-8243
-10451
-4928
-5011
-12193
-11821
-11652
-12111
-12547
-12334
-12469
-13236
-13141
-10698
-4698
-972
-12648
-5603
824
-986
3425
-683
4228
5379
4628
3294
5085
5382
5282
8293
6949
10159
9199
11156
9040
5541
7821
6758
7138
5792
4271
5285
1590
2314
713
-3669
359
-2861
-25
-3151
-5763
-1974
-3748
-3330
-2975
-3054
-3541
-3754
-3903
-3212
-2815
-2008
-1934
1161
-6415
-107
4380
-1310
5651
3894
5779
5838
3835
5062
3250
4159
5402
4845
3835
3789
3105
-523
-1296
-3909
-3451
-4171
-4851
-5842
-5637
-1764
-2349
524
-1586
-4395
2866
2831
5501
2698
3660
6166
4071
14
372
655
989
168
569
299
-131
2355
397
1296
-5801
-7115
1458
5000
4372
3201
9830
9659
8605
10077
8908
9195
10034
8012
7395
7358
6054
4929
3812
2647
3963
784
788
-1194
-6856
-4866
-5701
-6704
-10718
-8948
-10113
-12539
-10166
-12137
-12745
-10269
-9982
-8512
-11701
-10875
-4896
-7128
-3509
-4452
-5492
-2196
1831
3368
-1115
-956
974
4094
6029
7452
11633
5576
8943
16691
11613
15801
14848
15311
17244
7618
11332
14090
10475
12309
9946
9149
6719
6789
6388
5421
1485
-2311
-687
-1535
534
-926
-825
-1901
-5647
-4061
-5222
-7005
-7863
-8623
-8739
-9642
-9970
-10549
-10370
-9281
-9017
-10451
-14274
-15799
-14425
-11013
-9344
-12169
-11184
-3913
878
-3079
1023
8487
7631
11083
11580
11964
12326
8679
12352
11201
11921
12326
12154
14476
12325
13877
11426
7237
9347
3489
-136
1899
-1465
819
-664
2514
3361
-74
1033
680
-1563
-3385
-2554
-4881
-321
-16
-83
-5508
-7355
-10043
-9743
-8611
-8043
-10681
-12823
-13133
-12620
-12325
-8338
-1085
-7913
-5907
813
-9420
-3304
-3373
-2442
-4919
-4101
4687
1936
3363
8834
9830
3373
4425
2825
5003
6465
6221
6180
6617
7158
9422
5440
9104
12276
9271
4173
4573
7202
7126
-1784
1209
2605
2324
2360
-2218
-2077
-2796
-994
-4686
-5369
-6110
-6183
-4740
-4590
-3440
-5226
-1293
-3480
-6609
-376
-994
-529
64
-3446
-3016
-4838
-3442
-4367
-3226
-2851
-4875
-5315
-5972
-3674
-2619
260
-6345
-9406
-3857
-2377
725
3341
2996
5614
8649
8204
8158
8519
7530
7003
7795
6494
4344
4550
7313
7295
5946
5601
4063
2454
6076
-176
-4973
-1905
-4363
-3061
-291
5108
-791
1693
7763
2049
4416
4353
2541
3673
2251
3599
1712
-1428
574
-787
518
-1695
-4624
-4257
-3185
-5174
-7259
-3444
-2858
-2741
-4978
-4197
-5004
-6076
-3402
-5256
-4790
-8770
-6959
-4813
-2694
3678
3582
6454
5815
6320
6798
2594
3620
2757
3930
5023
1673
3641
960
6790
4647
1212
12054
10240
10552
12100
4929
3602
4712
2796
5123
3597
2600
3443
624
-175
2706
-466
1040
1762
-3832
-603
-866
-1337
-3624
-4758
-4149
-4785
-2582
-3830
-7750
-8243
-5796
-5960
-6230
-7647
-8630
-8049
-9441
-11615
-10282
-9495
-9902
-13393
-10667
-7754
-6181
-2517
-4517
-245
3956
-741
2262
9543
6632
12127
9639
8207
10981
8166
11602
9009
7756
11633
12046
10617
8793
8820
4753
2433
7412
4075
7251
7136
9125
7616
5946
5619
932
1649
3705
2142
2842
29
-1182
-4583
-7350
-6816
-7977
-8655
-8819
-9210
-11259
-11527
-13933
-14140
-13478
-14864
-13023
-12513
-6398
-11480
-11830
486
-4374
-5961
-2079
697
3309
4034
5843
4162
8641
10759
10581
12263
13931
15374
15518
17647
15467
10961
10864
12606
12418
10617
4731
4627
7207
9405
7382
430
4713
4478
4699
3745
498
-432
-2193
-2762
-5721
-6598
-6515
-7716
-8944
-7807
-8776
-9249
-8379
-10507
-9308
-3089
-15078
-11033
-2838
-9657
-4641
-2056
-6984
-4583
-2479
-960
-2620
-911
1168
1612
1760
-1325
-782
1715
4288
5446
3248
7083
5237
4920
8379
8446
9467
8052
8638
9886
9131
8146
6033
6231
5088
4837
2760
2492
769
-221
695
-9835
-5745
-5795
-10514
-7465
-7144
-4007
-10834
-4807
-7382
-9662
4137
-1693
1867
2948
767
3207
687
2793
1525
856
626
2298
1969
786
596
-1570
440
-93
-7828
-4305
-96
-383
-432
-467
2072
-546
-1190
3694
1950
20
1657
725
1797
3270
2618
6702
5210
4082
3820
3368
1413
-4089
-4103
-4722
-6280
-6585
-5064
-3629
1727
-5208
-2058
1560
-670
4248
3964
5103
4747
6179
9159
9939
10445
9011
9530
10705
9878
8440
2752
6724
5152
174
4805
55
74
1796
1650
286
-2285
-3030
-5423
-4353
-6651
-8457
-8027
-8554
-9778
-9984
-7660
-9602
-12254
-9059
-8071
-5554
-6297
-8612
-4063
-3372
-775
-372
3625
2074
2565
12420
10109
12842
13467
12156
12708
13315
15821
15248
15974
15626
18437
9436
3530
10947
10407
12501
11303
6483
8228
10740
9128
6532
4766
3729
3913
2867
964
212
-79
-2710
-3666
-5767
-6984
-6908
-8510
-9352
-10985
-12615
-15505
-16661
-17108
-18963
-16976
-17392
-19674
-17437
-10130
-7450
-11996
-3789
2174
1812
7581
7032
6014
8925
10946
13091
14860
10653
5504
9804
12122
17646
18216
9840
14480
9723
9386
11641
10565
9292
6762
7557
-2305
2418
281
4117
5225
2587
2766
940
-787
-4956
-2471
-5000
-4749
-9844
-8617
-8776
-9598
-7723
-11923
-11747
-9146
-8591
-8377
-2586
-6185
-9631
-4853
-6110
-4254
-2833
-3984
-2465
2508
-5550
-4347
-2348
-127
5429
5940
4212
7416
7243
7935
5244
3484
5488
8301
7655
5817
8654
8085
7594
7247
7041
4859
4233
4437
2386
3147
1782
-43
-2485
-4160
-4975
-6653
-8991
-9174
-8697
-8741
-8059
-7743
-6616
-7292
-716
-1663
-5121
1722
3079
4847
5135
5004
434
-3161
2367
899
2017
4164
653
1329
982
1566
853
124
-3022
-9519
-8517
-5130
-2665
-5350
-4131
332
742
1963
581
-392
-174
443
45
-1192
-3634
-3344
-550
-591
1055
309
-2227
-1820
-2279
-3843
-3675
2339
3831
-3133
1473
2551
-1266
4611
7961
10943
6892
3410
7102
6465
6224
6350
6137
8191
7318
6646
5780
4447
4040
2426
2887
-1001
-2349
353
-394
-2916
-4919
-5045
-7715
-8473
-9216
-10553
-11591
-15499
-15802
-12695
-9761
-13121
-10957
-6167
-8351
-4299
-3277
-4264
-3426
-3510
-3119
-219
1423
3322
5153
10871
12455
9668
14746
8750
12648
16750
14991
15248
14295
16468
14842
11711
11306
13158
10797
11747
12118
10586
11180
9207
4325
4814
3645
2923
247
-478
127
-1812
-3209
-5431
-7114
-9562
-6131
-8850
-9361
-9735
-12441
-13462
-12354
-12582
-15432
-13208
-13527
-13898
-12488
-10325
-9660
-9291
-7179
-770
5240
-2612
1789
9238
7585
12969
12683
15525
16990
14256
13346
14066
14633
12150
13386
12623
16815
16746
14943
15041
5165
4523
11714
2254
3526
-1016
-1902
-2051
-6594
-4161
-4456
-5906
-6988
-2567
-6243
-5250
-4048
-7083
-6211
-5499
-6576
-12303
-7457
-12958
-13232
-13836
-13280
-7553
-7197
-11102
-5682
-3582
-7994
-1453
1214
-319
2677
-1032
71
228
2836
8931
9296
10947
12454
6591
6484
6516
9633
9624
8755
5285
10358
11098
8944
7332
3290
7092
5468
5403
4030
3380
610
-833
3300
-6682
-2515
4
-2292
69
-2930
-2096
-3753
-4067
-3689
-2612
-3810
-7298
-8620
-4928
2668
743
-4697
776
5354
4074
4397
5107
2688
3030
1525
-136
3032
1553
1732
684
506
-1742
-1997
25
617
-2023
-5610
-2369
-3344
68
1202
2480
3479
5385
3863
4211
6619
3230
5101
5142
5885
6244
5870
6145
6034
5776
6224
3700
3431
-3210
-5187
-4175
-5091
-1468
-1618
5977
-1677
496
10023
4924
6409
4027
3946
2548
1779
3455
2499
2772
1819
1437
-163
-1077
-732
-1081
-2247
-7761
-10360
-10046
-9381
-5139
-7576
-4811
-6744
-14311
-10938
-10197
-7503
-9615
-6251
1289
-164
2205
-657
-2252
6581
5531
7510
-2556
-3541
2603
3222
3459
2554
3020
5301
10296
6785
9114
15296
10976
11103
11861
11727
9513
8678
9168
6466
6336
4779
3995
3713
3760
4247
685
-435
-4394
-5262
-1745
-3139
-1760
-3355
-6024
-3901
-4284
-6151
-5530
-6645
-7652
-7354
-8195
-9680
-8932
-7632
-8432
-7591
-14152
-16870
-12680
-11251
-6277
-13607
-9996
-3618
-2645
-69
8214
5971
170
10722
12536
8833
12780
8286
10279
9217
9618
9602
7293
9908
9299
8889
6297
6511
2330
5662
2878
-3769
609
2082
2431
-82
443
376
244
998
205
-386
-671
-1364
-474
250
-158
-1936
-7050
-8051
-5827
-7281
-9037
-9567
-10322
-9191
-9306
-6978
-10060
-9343
-4111
-7487
-10891
-3678
116
-1855
137
-1867
-624
2313
5922
6054
7858
8108
7212
6257
6074
7379
5005
6861
7321
3608
4142
8836
7420
5088
5001
9805
7978
7684
9564
4207
1484
-1013
-1076
-1459
-4078
-2262
-57
-2098
-1722
-1926
-3469
-4945
-6789
-7441
-7708
-8252
-9093
-8471
-3046
-1282
-6772
-4279
363
-314
-99
-1313
-3642
-5261
-4117
-2362
-4257
-5902
-7285
-7884
-7857
-5322
-3804
-7066
-3078
-953
-731
2741
5597
4857
5271
7567
8865
9873
9592
11164
11431
11697
5026
6183
9375
8377
8634
6371
4589
3569
5471
2063
1885
-3316
-5623
1056
-528
-361
5788
3347
-961
6615
5430
2130
5599
3119
3417
4148
1405
2239
1446
2462
1672
102
-668
-2592
-3052
-4077
-3073
-6333
-7186
-6522
-7159
-6462
-9661
-6020
-6858
-4228
-4663
-7841
-10232
-7354
-3575
4996
4197
3249
4405
5202
-749
-1691
5870
-955
-1545
-1682
-2096
293
236
-453
2923
6851
113
1966
11344
7161
9721
8883
484
4903
3111
1009
4547
6004
6122
3974
3903
2880
3607
2968
3645
4309
864
105
1463
2006
1047
-146
-1445
129
-5167
-8042
-4727
-7808
-8060
-10680
-11863
-11231
-12201
-11187
-11768
-9659
-8706
-12909
-12130
-9388
-8009
-4383
-4736
-6056
-1213
2026
-3266
3520
10031
9368
10104
8316
11898
10422
10046
10121
9278
10164
9799
9938
9169
6072
8509
7726
5267
8885
6811
527
5404
5600
4685
4511
-9
-3113
356
139
-1231
-3571
-153
-670
760
-6126
-6929
-7104
-8767
-10692
-13250
-13349
-15236
-15323
-17298
-17139
-13834
-16483
-13493
-8568
-13384
-7272
-3252
-7854
-1817
-1847
7
1753
770
2433
5455
8416
11404
12671
13135
14357
16078
16111
15421
16400
11727
9344
9522
12717
11556
6005
4541
7954
8345
9107
3137
560
3822
413
1088
-2279
-1230
-1861
-2828
-2278
-5242
-6579
-6138
-7165
-9040
-8741
-8339
-9440
-7217
-4188
-9670
-6278
-1827
-3689
-3016
-3575
-3947
-4202
-3518
-6134
-4344
-1237
-708
1454
190
1300
1292
4075
8055
10445
6389
4554
7441
8857
11575
13122
13498
8448
7358
7401
11059
12241
10239
7594
4368
9314
5701
6723
4335
3667
3072
914
-5923
-10951
-6628
-6674
-4435
-5976
-7286
-2583
-6959
-5314
-1241
-966
-617
390
636
180
-37
-393
3311
3182
2616
1127
1464
1453
116
1878
-1894
52
-4997
-12717
-2069
-1075
-1790
-53
283
-5133
-6732
-4501
-108
1651
2862
3384
536
-189
1451
735
1869
2359
-444
-931
580
259
930
1105
1542
-232
2940
6659
817
4850
8863
7701
2994
2762
7453
5633
6028
7408
9405
9700
9349
9188
7408
6205
5375
5193
2410
-2318
-4296
-1591
167
-181
-2147
-5291
-3044
-4356
-4850
-5067
-4121
-5486
-8078
-8282
-9937
-11289
-15536
-6165
-6078
-8499
-13064
-17148
-9452
-7539
-7701
-6546
-4314
-5921
-205
2163
-2077
2930
4695
6019
9887
11389
13441
13532
13348
13599
15016
15339
12615
10852
10960
10439
10741
315
-122
5929
1970
1346
2160
3573
2832
2759
2012
221
-1306
-1939
-2560
-3968
-3471
-4173
-6037
-7773
-7656
-9935
-11981
-12626
-15312
-16170
-18427
-17613
-19050
-17661
-17364
-18038
-11751
-11057
-11585
-5498
-6752
-5483
3105
3062
6788
5005
6506
8309
9497
13405
15058
17117
15154
13000
9160
12896
13710
12301
7695
6089
9159
9679
10828
8023
8579
7067
5324
337
-1850
766
-1136
-1511
-2619
-4531
-5306
-5168
-5812
-5978
-8743
-11372
-12113
-12542
-12172
-11257
-8935
-11106
-6713
-4811
-8261
-3631
-2249
-3584
96
1120
296
827
-1580
911
-113
1058
4474
1928
-405
794
5556
6604
8893
9098
6172
7232
7787
9099
8439
6212
6930
5444
5598
4869
5420
4514
3450
3244
2251
1614
-1402
-498
-2135
-3669
-5279
-8984
-7952
-6803
-8846
-8035
-6362
-7124
-730
-92
-3172
3821
5353
5463
7923
8154
7969
6637
5406
5353
2852
-850
1751
3725
3515
2723
1151
1239
-1033
2
-3541
-7494
-5762
-7428
-5358
-1480
-5014
-3806
-4709
-3940
-2649
-612
-3268
-3185
-2977
-1691
-3530
-2755
-2932
-3421
-3351
-3950
-4698
-6742
-4663
-4189
-1178
-3499
2560
5234
2276
7530
11394
8357
4750
10711
10067
10860
12286
6105
5146
9567
11226
12115
7372
5162
6692
7219
6582
4029
1786
-3074
-1774
8
-1755
-3138
-5330
-4856
-5386
-8249
-8986
-9542
-12244
-14122
-15827
-18937
-16976
-14449
-15509
-16255
-14229
-12347
-11194
-9340
-7546
-4956
-3086
-1375
4519
4427
2074
11511
13942
14832
15525
12738
15044
9438
10512
12886
12985
16023
12789
13023
14306
14533
8272
9233
11521
8718
7048
1166
3459
7005
5404
1484
-274
-1289
-1686
-2531
-2927
-3735
-6964
-8122
-11214
-12077
-12180
-13494
-13986
-16487
-18758
-16772
-17386
-17666
-16496
-16754
-14280
-16114
-10720
-5116
-8257
-2413
3194
2611
5881
3811
2861
9352
11427
12338
15154
15044
15685
18465
17036
15834
14682
13499
10776
12948
13549
8071
9735
10300
8974
4534
3849
940
-4068
-2321
-2018
-3646
-3480
-3164
-5116
-4904
-5976
-7993
-10557
-6085
-7528
-11606
-10182
-11093
-11184
-10292
-10384
-7266
-1109
-938
-9983
-1113
-1110
-5329
-5497
-3675
-546
-1193
2506
-3179
-2330
1398
-1885
428
-610
2539
3530
6309
7867
7458
7351
3369
6083
8181
10382
6497
5145
7225
3781
3001
2558
3765
2466
1601
652
-84
80
-2187
-3114
-1392
-7911
-6306
-3035
-5333
-1394
-5093
-1134
-3457
-1440
1954
-4592
1122
1036
5327
6950
4485
6360
3133
4311
4897
4302
4249
3323
2341
1948
335
59
-178
-478
-1268
-1526
-8088
-13230
-5769
-4086
-5495
-9475
-4758
-3111
-2166
1261
-81
2326
-1289
1684
148
-19
2577
1999
2178
-432
288
1443
1715
2058
3054
2043
2815
12114
5281
4674
17144
7665
4600
8359
5991
10127
4777
7211
6860
7393
7002
6008
5835
4296
4196
4606
2104
723
-1339
-4559
-7827
-9331
-6377
-8322
-6845
-9517
-11337
-10816
-14180
-12831
-14075
-13533
-13481
-15212
-12345
-7642
-7617
-14536
-10565
-7659
-5011
-1823
-1410
2021
1160
1796
-1593
6808
7204
5153
14530
14935
15783
15111
15198
15785
15428
14650
15401
13832
12719
10550
12049
6610
3365
9634
5950
6354
5830
3799
1675
-3847
-4209
-2698
-5176
-6309
-6291
-8346
-8278
-5537
-4938
-5790
-6167
-8513
-8724
-7921
-8619
-9646
-10168
-10947
-13164
-12763
-11096
-12191
-13388
-14239
-10534
-2457
-4822
-5557
369
-1631
3150
8441
8334
9745
9034
9973
10971
12866
10578
11865
12451
12752
12915
10326
10109
8914
8408
4851
2213
-2480
4333
604
3179
-2398
-6725
-845
-3072
-1979
-2221
-2861
-3006
-3621
-3828
-2388
-2785
-3672
-4087
-5665
-5798
-8242
-12179
-10183
-6224
-7629
-6285
-1561
-1228
-3007
3350
4379
3151
4346
754
1415
-442
-3560
-1736
2707
4143
2725
1600
2743
3470
5200
7533
3149
4161
4119
6000
6960
5652
8066
6513
6354
5315
5772
5448
5491
5292
5219
5860
3586
3795
4144
4389
3333
-3779
-6430
-7128
-5254
-5758
-2076
361
-4527
875
-311
-3748
-761
2377
8969
7006
6747
7505
6632
6424
4574
4869
5337
4490
3229
-3151
-4263
990
-3746
-4041
-3323
-9878
-8504
-13709
-6369
-5144
-4998
-5248
-9573
-5103
-4188
-1372
-1812
3811
4285
4165
6560
7835
8012
7636
4855
475
2039
5161
-1721
-2073
3174
3491
1920
6326
9586
3687
10716
8178
8123
10683
3770
7676
6914
8649
6299
7521
6917
6749
6661
5102
5249
3561
2890
1492
963
1195
-1817
-5427
-1474
-2827
-2805
-2118
-4411
-3155
-4552
-5350
-4407
-5630
-5335
-4546
-6668
-4507
-8160
-11790
-8699
-5881
-4221
-2887
-2817
-1387
-535
793
2731
7391
9214
6005
9963
10974
11765
13670
13574
11937
12002
13501
12985
12665
13808
13331
13462
5511
90
5292
3695
4149
4002
840
807
1989
4487
5377
2369
2113
3283
2668
2185
1882
1311
-274
-695
-2169
-6303
-7788
-7059
-8960
-9375
-9154
-11697
-12113
-13068
-12473
-11850
-12212
-14771
-11172
-8625
-9371
-12133
-5594
-496
2088
3865
5050
4994
6930
9170
9847
8795
6892
7883
9552
8596
11812
10572
9414
12974
7886
8198
9346
10613
11109
10495
8469
3619
6386
5298
3994
3415
2074
-1524
-428
1760
979
-358
-3358
-3697
-6633
-7491
-8008
-4485
-5514
-6325
-9931
-10873
-10655
-2191
-6279
-5449
-312
-6389
-6320
-6576
-401
-2996
-3791
-2140
-4477
-1502
-1411
-7942
-7765
-3959
-1413
-1746
1336
7448
7078
3110
4750
5916
10987
10547
7262
8290
8951
11242
9581
4354
7638
10765
4879
9626
9111
4724
6709
-610
-791
1917
-2
-356
-196
-520
-1008
601
-2610
1889
1911
-1162
1115
-411
4457
4685
3344
-4114
-3891
-4777
-4804
-2161
507
-120
-3938
-5220
-4789
-4581
-2368
-3806
-6395
-8999
-7592
-6326
-3354
-4044
-6610
498
1769
-2962
773
5216
2776
5334
5485
6130
6412
6319
6634
5016
4302
3520
3242
2315
2054
3133
4275
3485
3824
6200
6836
-5231
3065
9568
4323
8941
5933
5580
5177
5289
4515
4602
4367
5673
2419
1027
3525
2055
2695
3302
57
-46
2513
1845
1835
361
-1254
-6767
-8709
-4204
-5814
-8606
-4616
-10881
-8955
-9196
-7566
-5779
-10120
-9552
-7066
-7165
-4773
-3208
-4855
481
430
2212
-2111
-1788
6122
2994
3003
10187
9306
8091
7596
8392
9398
8167
8107
6701
8809
5683
5415
10388
7943
12114
8860
9149
7126
2811
5259
5062
5014
-815
-1094
3688
1743
-846
-1430
-3137
-4816
-5738
-5988
-7284
-6403
-7652
-8438
-9247
-11785
-11824
-14189
-14922
-14175
-16016
-15590
-15239
-13443
-11806
-9244
-7523
-10798
-5839
-715
256
3559
5861
5516
7627
9536
9551
12572
13241
12844
13345
11108
12360
12467
14250
13880
9567
12094
8329
10202
5991
2556
5777
2732
5016
3102
2355
999
-167
1561
119
-1072
-2802
-3860
-5571
-5641
-4534
-6409
-8512
-10330
-11601
-13444
-13411
-11737
-12648
-13673
-8421
-8839
-7730
-4244
-3092
-2410
-5507
-5109
-4765
-3243
-2642
-1721
-866
2692
4718
8469
10103
10574
10972
7438
9708
8330
14291
10227
10190
9417
9401
12207
10391
9058
8841
7517
5180
3021
6315
7336
-1048
-7508
-2075
-3850
-1650
-4745
-5351
-5436
-7864
-9503
-10434
-11589
-11693
-11839
-6506
-3662
-8101
-1490
-162
173
2023
2593
4327
4782
5066
3333
5588
6213
6240
4030
2234
-376
-4816
-907
-1950
-3551
431
1119
875
440
2151
2458
5047
4063
4089
4909
2522
4865
5206
3580
2961
2362
1177
850
925
-175
-1925
-2982
-3269
-4842
-5993
-3644
-8731
-10174
-6304
-2161
-4740
-3867
5761
5638
7211
8242
7783
6768
7535
9130
9160
10351
11859
5442
4321
4127
4455
6095
5757
4872
-3849
1138
1903
839
-541
-2952
-2140
-3780
-6273
-6549
-8370
-11460
-7419
-7551
-9238
-9862
-8846
-8573
-4441
-4826
-4356
-7022
-7331
-4539
-6421
-4089
-5239
-3748
-4839
6502
6300
4656
6758
8057
9017
9972
9906
14668
8972
6798
10920
2441
7696
8239
7690
9553
8951
8413
6455
8264
3641
2949
3746
3871
3597
651
-2018
-3235
-4025
-5115
-5338
-7049
-8141
-8250
-9484
-9338
-10992
-11745
-13680
-17692
-16600
-16375
-15563
-17429
-15222
-14164
-17961
-17397
-7987
-1719
71
-659
4290
9419
10328
9247
8244
13625
10054
7582
14051
11306
11064
10539
11636
11734
11862
12407
10656
12527
8974
2618
5777
6089
5040
4580
2446
983
127
767
1121
1438
62
-2271
-2418
-2352
-4309
-8925
-8125
-7670
-8697
-8928
-10578
-11240
-11582
-11993
-11616
-7952
-9481
-8344
-3687
-6180
-5273
484
-181
2920
-610
-794
3280
-1001
2787
4811
5797
9038
10198
10921
10317
10709
10229
10234
11771
7998
11033
13164
11484
10947
6842
8198
7153
4121
2791
4982
711
-5144
-2593
-5004
-1870
-763
-2303
-4069
-6743
-4856
-8919
-8701
-5417
-9038
-8984
-9341
-4157
-8146
-7124
-476
-5368
-2285
-1267
-4364
862
-1224
-1345
-2847
-2045
-2641
2168
1536
-2134
-2271
-3261
-3820
-4429
1248
-800
-3226
-1937
-3900
-372
3744
2510
1510
1843
3506
2289
2798
1586
-427
2017
3123
2770
2853
1134
2743
-974
-2976
5521
2148
814
-4595
-2281
-48
1916
2995
2987
13433
-4900
-3513
8300
6656
7117
4869
6772
3087
9970
4375
3576
4009
2778
3440
2222
2060
1076
-1455
-2960
-3914
-6632
-7670
-5955
-5715
-7733
-9053
-10496
-9794
-11845
-8507
-9007
-9664
-5456
-5286
-4913
-3471
-4052
-4265
3541
1858
2608
3126
3412
3500
5308
5120
6413
7707
-3260
4988
10095
5257
9228
15646
11230
10436
13908
13392
13821
10408
12028
10213
10082
9727
9296
9551
6745
6580
6189
6158
3752
123
751
-193
-618
-1230
-6754
-6580
-6099
-6630
-8980
-9008
-11147
-10499
-11601
-12577
-8754
-11440
-8600
-10658
-9582
-8244
-9165
-13811
-10384
-6586
-13837
-4649
-1637
-533
5821
4506
4267
14215
12610
10922
14986
12950
12708
10352
15273
14201
14316
13675
11742
13632
5495
6638
6630
6096
6266
-1119
5644
5497
2617
-3584
-3541
-4092
-1142
-1915
-2184
-4394
-4907
-8983
-7940
-8047
-9439
-10577
-9548
-11021
-5856
-6368
-11119
-9773
-18397
-15525
-12250
-13461
-11489
-13647
-11605
-8488
-7420
-2410
-53
-3544
2167
4037
5439
9026
5723
10279
10791
12994
13763
13635
15207
13047
15035
13315
13107
7932
5030
5710
5864
6756
4440
2906
229
-2569
-1143
1409
712
405
265
-1105
-1218
-1467
-1201
-1629
-2507
-2219
-11346
-11203
-8131
-10251
-7356
-8115
-7551
-6434
-3600
-547
-6073
-5089
1899
312
-578
-445
-739
-2321
-4899
-4117
-3543
-3692
-1347
-171
-3380
-2172
1707
-966
570
-989
484
4233
3089
5610
5280
5925
5463
7361
7425
6422
6342
5578
4782
4508
5506
5321
6707
4882
-3921
-5728
-669
-2285
-2436
-5888
-7036
-7872
-1888
-4414
-6745
-1098
-872
-3261
1407
4849
5198
4230
1903
1976
2621
-435
409
1434
1549
1550
1032
564
-3028
-2280
-2927
-5228
-9889
-10773
-8335
-11751
-7886
-5106
-4744
-5050
-1440
-14
1347
3404
3104
4415
4430
4759
-1085
826
4236
5036
4481
3859
3037
127
1528
-223
-574
1930
1838
1338
4060
-23
1602
9145
7691
5198
5242
5853
4611
4690
5150
2234
1661
4437
966
3133
2103
1346
515
-55
-1159
-6346
-4151
-1927
-1426
-5726
-2861
-2927
-4447
-3580
-1904
-2811
-2875
-3163
-12128
-10662
-6599
-5347
-5439
-7367
-4865
-869
-114
819
952
-434
635
-69
1423
-231
2183
7968
4205
5185
10810
11286
11131
11161
11544
9478
9416
7758
2665
5116
4168
6083
5279
2041
2883
3086
2370
286
342
771
3190
1620
232
1426
3849
3931
4641
2085
-4666
-5572
-3311
-3193
-4827
-5250
-6543
-5976
-6208
-6919
-9343
-10114
-12224
-14064
-13945
-15729
-11573
-10460
-13240
-6545
-5826
-6569
3879
5147
4176
3028
9727
9118
6266
9924
10471
11611
12000
10437
10551
8847
6229
7430
8695
7781
7952
9439
8519
7861
9434
4560
7593
5297
-3599
1732
3199
2157
3764
2460
492
-3188
-2749
-4712
-4431
-5819
-6654
-7343
-8180
-7339
-9231
-9443
-10407
-10096
-12228
-12356
-7378
-14134
-10089
-2771
-5626
-3811
-7042
-7416
-2910
-3441
-5193
-1814
911
-274
3240
4632
3713
5473
7201
7609
4525
6556
10925
11097
12731
12865
7846
7621
10100
8966
10477
11180
9891
6623
4279
3014
4981
5064
2662
3584
1190
-1474
-2900
-4201
-5517
-4917
-4075
-3504
-5029
-5106
923
-3302
-4391
1580
-1491
-1891
-1696
-1301
-1503
-286
-2223
-2354
-2859
-3216
-1457
-1197
-1416
-2575
-1609
-1809
1888
-872
-1790
449
-465
-2488
4085
6293
4231
6564
5519
7176
5957
6506
5574
4668
3042
4099
4416
4364
4970
4352
4662
1831
189
-92
-5056
-7080
-2644
-4970
-518
1804
-4895
-1833
3659
3406
3351
1746
-842
5080
2814
3547
6497
5745
5388
5055
4908
4554
5142
4311
-806
936
-6748
-8926
-4511
-4950
-5064
-5188
-5057
-7704
-9274
-6513
-7844
-8332
-7429
-7736
-3310
-3083
-2517
-575
-1493
-1721
-1470
-2911
2513
2692
-2272
-401
1153
306
-220
7131
1556
1466
9648
6734
8103
7091
5647
5962
7664
9770
9074
7985
7792
8960
9207
7907
8095
8304
3390
1669
3405
4912
3651
3853
1893
-1439
152
-1662
-1558
-2401
-4518
-4634
-6032
-6586
-7260
-9250
-9503
-9065
-10093
-11751
-12793
-11558
-10400
-10682
-14273
-11956
-8415
-9022
-4382
-1102
1627
-936
4036
8674
10339
11828
10760
13756
13033
13626
17556
15584
12552
14142
12923
17405
11846
9864
5321
10980
8619
3036
8204
7914
6706
2674
2184
1576
1455
908
-762
-1046
-3776
-2598
-4588
-5627
-6391
-9824
-11962
-7926
-9599
-9852
-12164
-12554
-14390
-22228
-14019
-19117
-17745
-15475
-12361
-16726
-17721
-7482
-5135
-5042
-2916
1344
4831
5351
8440
7501
7730
14418
13238
8544
11931
13493
13315
15211
12521
8203
9176
10588
10356
9687
8106
9034
11086
11902
5577
2225
5991
844
-2940
291
-1826
-1908
-6452
-6663
-4359
-6234
-9599
-10661
-11036
-11684
-9490
-11334
-11289
-9469
-7542
-5035
-9549
-2323
832
-225
-2783
-2740
-1006
765
2628
2179
2127
-4138
-1174
4357
3258
-1522
-1017
5497
7258
7213
5323
8963
9163
9370
10909
11912
12196
10855
11089
10582
9416
7670
6482
5306
5659
5713
4124
1793
-1059
-1795
-7932
-9412
-4424
-6835
-6530
-7404
-7827
-7947
-3170
1579
-6336
482
6904
6090
7389
6558
8397
6771
8841
905
188
6114
6009
7922
6364
6153
3853
3355
3776
2979
-1806
-3889
-1824
-2478
-3496
-2005
-2111
-2436
-3219
-1130
-408
-247
3933
3291
3670
2289
2560
1522
222
1615
1745
-92
-1320
-1553
-4175
-2734
-1033
-83
1949
6457
7566
2335
4798
7572
7949
10316
8921
6852
6813
9943
9224
8079
9185
5962
4980
9699
4058
5023
4330
5256
2451
-293
1423
896
512
-2898
-1533
-3863
-5461
-4501
-5167
-5563
-8284
-12939
-14413
-18159
-16270
-13980
-10389
-14189
-10122
-8873
-8867
-5908
-5878
-2350
0
1148
2310
5456
9620
6777
11230
15188
16537
7922
7030
11464
11879
13533
11583
8487
15577
16946
8437
11604
12710
11601
10050
9749
9163
777
4831
3964
3221
-558
-788
-1226
-2799
900
142
-834
-5075
-8587
-6892
-6738
-12954
-13769
-14137
-14307
-16229
-13554
-14782
-14470
-12156
-13736
-13985
-13247
-11792
-9992
-5527
-4034
-3426
1750
2604
9107
11783
11589
13428
12198
14112
13221
14425
16645
16650
16179
16937
13884
15925
16098
14365
12754
6268
8295
8615
10375
748
686
6196
474
-1058
-4822
-3791
-4327
-2634
-2773
-5470
-5409
-9838
-8702
-8204
-7172
-6907
-9290
-5407
-5711
-9192
-9335
-6776
-8389
-6517
-4249
-11997
-5365
2318
-3277
-2217
-3273
-1778
-3837
344
3216
1477
2015
4044
6028
6955
9926
9877
9981
9807
10160
7514
6406
10869
10799
11592
8757
6410
6680
6353
5210
5253
5044
2588
-259
-3448
-1205
-3945
-2875
2199
121
3170
1513
-879
-3113
-2121
554
1473
-2043
-4092
-785
4827
499
2333
5998
4712
6818
5062
6338
4171
4052
3949
2133
1019
-1311
-2057
-2958
-2948
-3251
-3292
-5363
-3590
-798
-6625
-4237
-3158
-2304
-2905
-2245
427
-1484
591
811
1189
2335
4311
5189
6368
5693
5471
5475
4351
3572
2182
1395
5750
2337
-1466
506
-2882
2279
6785
5261
3699
9622
11091
5551
6093
10057
10020
8865
4117
3611
3140
1324
267
146
-2336
-1043
-3214
-3913
-4189
-5006
-11505
-12370
-9555
-9208
-7927
-9737
-8237
-9677
-9754
-12603
-10167
-7906
-8870
-5365
-4472
-871
1324
1859
4308
5192
6705
1468
1885
4704
4509
6367
5383
4029
3614
12222
10905
8317
13756
13605
16379
14750
15013
11925
7640
12749
10764
10534
9627
7169
7995
6282
6420
2380
202
1573
-1514
-3380
-3087
-3250
-3907
-5380
-6255
-6808
-8599
-8988
-6972
-6860
-8397
-8762
-9887
-10998
-10797
-9777
-8009
-12981
-15185
-10729
-9111
-10594
-13342
-9393
-5809
-5165
-1731
-2114
2371
4457
2446
9198
12112
13198
12704
12268
12549
12414
12020
10691
15583
14813
14192
12590
5379
5353
10777
4887
5157
5078
2439
3953
3599
2625
2111
2925
3348
3182
917
-2581
-3607
-3025
-2131
-3154
-3357
-9991
-6357
-5535
-4941
-8661
-10291
-8253
-9507
-9864
-10288
-10450
-9548
-12142
-10213
-9518
-10078
-8310
-1459
-2853
-2338
1692
1925
4756
7824
9830
7896
8132
6698
8795
9301
9187
11162
9734
8015
5824
4960
7909
8959
9653
10208
10892
9230
7827
6508
-17
3003
3153
2961
-553
-3249
-506
-199
-373
-3385
-2493
-2818
-2040
-5806
-7468
-8565
-10299
-8945
-7687
-8866
-7543
-4987
-10265
-5898
-3661
-2761
-2272
-2745
42
-1251
-3277
-6439
-6894
-6619
-3966
-255
-3782
-5506
144
1853
4336
3622
4258
8752
8831
10204
9684
10745
11326
11315
11921
12789
9481
5745
8577
8710
8459
6555
6104
5033
4328
-533
-5519
-2415
-4248
-3607
-4773
-6108
-4150
-3821
-6443
-2735
-266
-4502
1050
4103
4620
4360
1330
-1178
637
1699
395
24
-90
-1405
-274
-7
-1114
288
-78
334
-4988
-6967
-6527
-6381
-2912
-1715
-5179
-2420
-635
-3708
6136
7938
8595
7901
8922
7970
7582
8314
7276
7467
5112
333
-90
-1742
-1049
-2533
-4621
-3198
-4671
-3277
2930
-3406
-4379
4512
-211
2216
5562
2675
3857
2348
2749
1961
2439
2779
834
795
2677
3729
4386
2391
2486
1219
-1223
148
1917
2571
-6739
-6613
-3692
-6116
-5012
-6068
-4134
-6778
-7065
-9043
-6716
-8160
-13808
-5996
-6306
-4354
-3109
-4240
-3569
-4692
-3013
-4485
-1143
193
-943
4735
-766
1522
5514
4801
10124
8581
8912
8199
8427
9763
9347
3964
6637
10881
6841
6490
7728
6207
6156
9393
8329
4727
-87
2352
4133
2458
3030
1109
1048
-549
-2144
-3596
-5529
-6044
-8105
-9198
-9070
-9126
-9548
-12415
-13220
-14064
-13835
-12964
-14555
-13841
-10814
-10961
-15592
-8558
-4930
-8719
-3341
168
66
3539
6255
6890
9415
11518
12619
12738
13797
15114
16150
14520
12232
12489
10863
12301
8005
5260
6364
2026
8411
8476
6291
6764
4542
3439
1153
2164
-67
-1245
-1246
-3526
-5099
-5431
-5107
-5874
-7408
-8590
-9212
-10981
-9481
-12105
-17617
-15222
-16389
-17269
-17649
-7399
-16055
-17095
-9160
-9754
-6942
-5887
-2456
-3726
-321
2539
2907
6193
7863
12788
14123
14092
8715
9993
14875
16865
16009
10793
11321
12099
11401
9292
7578
10343
9508
10483
10699
8276
6302
1213
2723
1075
1849
727
-2656
-3730
-8198
-3002
-11493
-9923
-10048
-9747
-8185
-8534
-10403
-9791
-7017
-13076
-9327
-3537
-3793
-140
-2045
-2578
1386
-982
-1131
-1342
-987
239
-3615
-3676
-5052
-3399
1290
-3043
660
3607
-484
3716
4565
6586
5857
6389
9185
8851
9898
8695
8255
4918
5050
4341
4079
3114
2338
1996
-3330
1361
-3377
-3375
-3387
-11324
-6308
-9033
-4544
-4911
-5346
1291
-5254
-1250
4158
2658
3130
4558
6839
6249
7531
5019
870
4183
5196
4909
5254
2175
1282
886
442
826
-944
-5136
-4603
-3368
-4415
-6572
-8475
-6076
-5837
-7383
-6763
-3722
-5097
-2285
121
-1629
-3576
-1747
-3373
-3244
1909
-1618
-1474
-3026
-3516
-1925
-793
801
2118
3245
2697
2274
7346
12326
10739
10608
13143
11362
7291
8697
8578
7705
8398
9153
9844
7727
5368
4188
3399
2759
3790
2096
-2134
-2994
-4258
-6532
-7595
-7839
-7807
-7553
-8619
-8457
-8622
-12312
-14514
-14392
-17599
-16848
-16282
-16513
-11783
-18351
-16249
-14219
-11433
-5474
-448
-418
2055
2180
6192
10677
7433
9077
15309
12099
9805
15693
15388
15016
15179
13903
14488
15354
15099
14712
12016
9996
10844
10511
9821
8398
5105
2586
3186
2706
1166
-371
-687
-2008
-1935
-4290
-5758
-4443
-7870
-8222
-9686
-13953
-16404
-16882
-15316
-14836
-14070
-14547
-12952
-13121
-14108
-12198
-13159
-11809
-11233
-6506
-885
-11407
-9298
2931
7007
10750
10068
10918
10106
11116
14314
14274
15964
16870
17388
18137
16688
15302
14120
12925
10732
7713
7059
5703
6139
4778
1330
-2275
-1816
-241
-4071
-1663
-3422
-6862
-7646
-7762
-9598
-10591
-8108
-8603
-8194
-9020
-7807
-7712
-6528
-6503
-5916
-5520
-4596
-8979
-8894
-4664
-8798
-5269
-607
-879
-651
2064
1868
764
-214
4415
3572
-895
-777
1269
8651
4773
5662
4545
7174
6148
7059
9700
10872
6857
5775
7212
2893
4247
3958
1997
2069
2019
2400
2191
2761
978
-1078
129
739
-965
-1490
-1594
-3557
-2398
-4878
-10880
-4124
-5638
-4118
-1717
-2328
-5027
903
3102
3276
4657
2609
2595
-543
-298
-199
-1354
-183
-1591
-1031
-2770
-5501
-4660
-4696
-2151
-6641
-8538
-7462
-8914
-9345
-4865
-628
-1951
1356
-201
-612
560
2192
4138
3611
3169
3161
992
2214
2841
2082
3857
3080
855
1368
4868
2768
962
-25
-614
3671
3768
-1579
3994
7063
7281
9616
7432
8564
7944
6214
4132
3409
3975
2982
1469
820
1584
344
-2342
-522
-4373
-8747
-4753
-4298
-6611
-9820
-9036
-8164
-7629
-5928
-7034
-6887
-5624
-2231
-4628
-4989
-443
1720
5466
693
-769
2147
2613
2864
1523
3522
3955
4232
6956
4888
9001
9415
4668
12755
9588
9551
9363
10211
11005
5423
8517
6790
7388
8977
8653
5117
2986
2649
2213
1043
2178
-1446
-4645
-2471
-936
-1924
-6366
-2966
-2538
-4094
-4337
-5087
-4880
-5391
-6659
-4929
-8250
-11922
-10974
-11406
-7142
-12008
-11880
-14353
-10169
-10435
-8658
-7918
-7375
-7393
-7496
1233
7093
-2718
1150
5891
7313
9682
9405
9010
7132
7662
8819
14941
10968
5280
7011
3194
11019
9606
6809
1849
4004
4270
7371
8252
6357
5450
4831
6960
2149
2502
1079
1309
-1357
-4755
-1139
-1111
-2048
-2854
-3587
-5152
-4865
-6334
-8751
-12612
-7861
-14542
-13107
-11565
-11733
-12712
-10941
-6123
-13457
-6238
-4201
-2062
-5980
-7501
919
-3770
1607
4373
3511
5122
7847
5988
5375
6936
8053
8526
11308
8195
7179
8848
6762
13285
10999
8242
9158
12928
8304
243
5636
5245
7169
5760
2794
3735
993
941
-356
-1698
-2027
-3435
-3306
-5021
-6346
-5646
-6287
-5748
-6393
-8104
-1536
-6661
-8106
348
-2760
-1591
-5454
-5670
-3258
-4541
-6316
-5710
-5830
-5692
-1818
-627
919
-3107
3071
5416
2845
6270
6428
8177
8628
8699
7243
5125
9103
11445
10201
9445
8233
9109
7831
11363
9515
3378
3580
2974
2726
-1259
-1252
-1551
-1871
-2195
-2746
-3527
-1230
-2509
-1320
5743
-4527
2362
3879
-1003
2250
-1149
2708
-1155
-1061
-1116
-3586
-3568
-3521
-2985
290
-647
-1268
-322
-5112
-6892
-6381
-3539
-8283
-9982
-4248
1437
797
-734
2811
4144
-168
2353
2868
2539
2544
3709
1749
1108
6670
6449
5317
6242
3022
1828
-1765
-1241
-1174
-294
-1620
877
1994
-9364
-1072
6178
5240
