5931
5916
5885
6047
5941
5681
5507
5317
5131
5080
5094
5208
5295
5328
5514
5683
5643
5580
5576
5932
6127
6167
6264
6321
6539
6513
6268
6048
6409
6841
6965
7170
7275
7375
7435
7501
7714
7735
8041
8500
8518
8565
8589
8513
8386
8117
8013
8200
8418
8628
8865
9060
9144
8931
8694
8435
8169
8160
8268
8466
8418
8369
8404
8324
8215
7986
7739
7784
8210
8488
8477
7966
7178
6590
5969
5744
6024
6540
6741
6754
7031
7097
7089
7393
7863
7980
7965
7873
7317
6954
7106
7070
6970
6875
6695
6392
6097
5889
5783
6014
6334
6243
5516
4827
4477
4102
4008
4290
4816
5463
5911
6092
5802
5178
4572
4170
3649
3685
4334
4858
5482
6084
6332
6257
5887
5802
6036
6275
6507
6544
6750
7012
7182
6961
6518
6137
6046
6136
5993
5549
5427
5649
5674
5657
5415
5161
4696
4409
4460
4479
4552
4513
4220
4103
4431
4516
4291
4026
3816
3680
3872
4135
4102
4162
4306
4363
4557
4589
4877
5404
5446
5616
5645
5618
5733
5806
6227
6696
6789
6797
6714
6887
6995
6989
7125
6926
6897
6768
6397
6005
5749
5495
5342
5031
4648
4601
4386
4197
4122
4158
4018
3616
3398
3372
3483
3277
2877
2628
2413
2361
2154
1789
1333
914
523
326
226
-170
-572
-819
-1078
-1514
-1672
-1383
-1339
-1488
-1517
-1919
-2346
-2235
-2126
-2163
-1768
-1562
-1409
-1321
-1422
-1429
-1574
-1413
-1323
-1630
-1915
-1712
-1770
-1616
-1817
-2012
-1867
-2087
-1733
-2092
-2508
-2489
-2550
-2825
-2841
-2554
-2511
-2605
-2780
-2898
-3203
-3432
-3277
-3057
-3153
-3456
-3441
-3576
-3999
-4040
-4174
-4052
-3851
-3791
-3618
-3210
-3054
-3150
-3049
-2924
-2889
-3050
-2975
-2717
-2484
-2340
-2050
-1592
-1532
-1652
-1374
-1189
-1105
-1160
-997
-686
-520
-95
200
637
753
453
257
294
548
499
262
24
114
549
696
516
249
271
708
985
1269
1563
1732
1663
1440
1247
1243
1607
1778
1977
2635
3219
3413
3311
3454
3885
4130
4463
4742
5398
5796
5842
5723
5625
6106
6577
6853
6530
5955
5355
5408
5730
4923
4015
3557
2920
2832
2694
1923
2092
3072
3314
3230
3455
3497
3295
3260
3406
3368
3116
3047
3374
3453
3584
3830
3983
4195
4042
3892
4219
4761
5186
5283
5505
5607
5636
5623
5273
5464
5874
6125
6126
5834
5343
5100
5136
4883
4511
4273
4627
5116
4975
5018
5238
4989
4767
4912
5127
4840
4647
4679
4518
4561
4171
4162
4749
4863
4850
4539
4222
4178
4304
4393
4306
3950
3617
3198
2890
2707
1959
1481
1386
1217
1135
1195
1063
655
425
506
423
90
-57
-135
-383
-650
-911
-1065
-1228
-1511
-1697
-2239
-2234
-1949
-2219
-2311
-2172
-1871
-1916
-1746
-1402
-1176
-1093
-1042
-691
-418
-253
-151
-145
-122
-191
37
276
288
562
989
966
886
993
735
974
1010
1060
1039
1150
981
391
285
-241
-275
114
354
160
-72
24
-99
188
510
655
610
758
793
581
880
949
308
-196
104
310
1013
1127
1577
2080
1898
2174
2264
2373
2516
2746
2870
3209
3298
3257
3185
2982
2730
2771
2854
2627
2313
2551
2929
2911
2431
2261
2699
2917
3193
3160
3387
3700
3461
3180
3444
4211
4273
4313
4731
5274
5868
6110
6603
6419
6436
6698
6753
6785
6574
6512
7017
7515
7416
7250
6877
6458
6245
5930
5360
5172
4700
4857
5135
5032
4960
4927
5083
4930
4853
4719
4803
4899
5305
5458
5404
5762
5844
5670
5099
4796
4630
4703
5129
5510
5850
5987
5993
5818
5607
5268
5278
5023
4983
5350
5111
4979
5105
5200
5252
5200
5348
5319
5128
5027
4861
4573
4408
4179
4071
4332
4195
4085
3958
4194
4309
4388
4113
3806
3978
4288
4539
4450
4424
4406
4808
5028
5310
5396
5432
5632
5519
5407
5550
5839
6202
6305
6342
6077
5707
5778
5673
5092
5143
5499
5562
5705
5894
6192
5970
5812
5208
4846
4978
5231
5338
4997
4439
4344
4293
4132
4124
4034
4117
3744
3508
3021
2665
2510
2584
2603
2082
1729
1397
1005
759
457
4
-453
-905
-1827
-2855
-3481
-3798
-4301
-4630
-4457
-4493
-4396
-4287
-3696
-3001
-2181
-1465
-1076
-863
-773
-1110
-1652
-1366
-1099
-1202
-1060
-449
-270
33
517
871
1221
1819
2321
2406
2368
2744
3167
3204
3401
3805
4067
4043
4327
4494
4655
4575
4218
3492
2993
2984
2834
2204
1297
543
670
948
671
281
-257
-600
-796
-945
-1217
-1354
-1602
-1330
-1010
-820
-480
-424
-541
-423
-116
166
353
695
1489
2118
2552
3061
3265
3552
3851
3888
3890
3731
3856
3614
3364
3258
3195
3383
3421
3171
2861
2769
2771
2549
2422
2600
2726
2682
2659
2532
2160
1777
1505
1547
1432
1129
743
768
751
443
364
407
383
68
41
221
43
-196
-299
-318
-233
-63
380
883
1441
1827
1799
1534
1613
1736
1577
1458
1206
1253
1386
1429
1169
453
-289
-747
-912
-1160
-1680
-1837
-1698
-1727
-1859
-2033
-1977
-1867
-1757
-1990
-2195
-2368
-2757
-2866
-2786
-2656
-2594
-2676
-2910
-3177
-3384
-3503
-3702
-3845
-4020
-3933
-3966
-4220
-4291
-4530
-4825
-5241
-5523
-5733
-5951
-6273
-6614
-6739
-6672
-6704
-6786
-7006
-7137
-7080
-7394
-7321
-7177
-7242
-7118
-7241
-7327
-7230
-7196
-7029
-6672
-6329
-6289
-6418
-6513
-6448
-6351
-6224
-6015
-6086
-6210
-6228
-6213
-6327
-6454
-6429
-6266
-5967
-5734
-5587
-5559
-5559
-5560
-5185
-4673
-4295
-3825
-3465
-3207
-3132
-3188
-3124
-2748
-2151
-1516
-1017
-776
-764
-722
-755
-985
-1154
-1414
-1741
-2096
-2460
-2839
-3235
-3590
-3725
-3855
-4228
-4488
-4766
-4727
-4460
-4354
-4308
-4269
-4279
-4442
-4376
-4223
-4043
-4020
-3984
-3892
-4053
-4077
-4036
-4034
-3962
-3891
-3870
-3814
-3867
-3809
-3652
-3507
-3336
-3215
-3047
-2845
-2502
-2029
-1518
-864
-310
100
275
219
157
-55
-74
143
584
808
687
782
977
1211
1446
1437
1151
801
378
-234
-726
-1151
-1286
-1048
-904
-728
-473
-272
-75
61
316
681
777
576
328
263
197
148
-53
-310
-527
-810
-1051
-1050
-978
-954
-848
-964
-1121
-1195
-1177
-1133
-1177
-1382
-1627
-1941
-2219
-2520
-2767
-2595
-2185
-1807
-1410
-910
-700
-663
-753
-724
-732
-1047
-1282
-1523
-1972
-2537
-2908
-2859
-2581
-2341
-2110
-1966
-1764
-1589
-1519
-1138
-940
-1183
-1352
-1435
-1524
-1614
-1466
-1289
-1074
-987
-1028
-1031
-1033
-843
-597
-215
-2
-123
-403
-739
-1016
-1295
-1745
-2239
-2646
-2906
-3231
-3611
-3837
-4005
-4076
-4086
-4196
-4431
-4778
-5228
-5704
-6275
-6740
-7117
-7515
-7783
-8023
-8294
-8600
-8894
-9109
-9327
-9597
-9991
-10509
-10865
-10876
-10318
-9359
-8739
-8518
-8211
-8290
-8703
-8822
-8670
-8433
-8155
-7802
-7388
-6785
-6767
-6736
-6789
-7044
-6954
-6713
-6395
-6309
-6019
-5947
-5724
-5734
-5764
-5472
-5092
-4706
-4587
-4461
-4311
-3972
-4019
-3687
-3175
-2949
-2657
-2644
-2860
-3266
-3750
-4170
-4705
-5092
-5460
-6090
-6914
-7850
-8554
-9123
-9482
-9822
-9917
-9376
-8705
-7677
-6704
-6270
-6063
-5715
-5025
-4724
-4186
-3817
-3692
-3504
-3591
-3564
-3672
-3774
-3855
-4047
-4291
-4410
-4664
-4850
-5114
-5431
-5774
-6404
-6966
-7330
-7480
-7537
-7446
-7476
-7543
-7592
-7701
-7715
-7586
-7414
-7319
-7325
-7649
-8141
-8456
-8518
-8490
-8307
-8248
-8295
-8177
-8028
-7906
-7798
-7742
-7741
-7560
-7286
-7083
-7125
-7303
-7387
-7322
-7337
-7569
-7958
-8428
-8766
-9078
-9402
-9665
-9901
-10176
-10445
-10780
-11122
-11343
-11555
-11729
-11874
-12135
-12289
-12301
-12374
-12512
-12645
-12782
-13030
-13251
-13462
-13713
-13873
-13950
-13888
-13590
-13170
-12833
-12849
-13137
-13473
-13753
-13818
-13691
-13523
-13537
-13635
-13696
-13635
-13432
-13361
-13689
-14237
-14706
-15134
-15453
-15630
-15719
-15656
-15486
-15362
-15370
-15376
-15095
-14705
-14195
-13687
-13472
-13280
-13042
-13056
-13035
-12674
-12109
-11572
-11087
-10780
-10744
-10670
-10794
-10962
-10991
-11012
-11069
-11190
-11432
-11739
-11958
-12034
-12060
-12006
-11903
-11981
-12148
-12233
-12130
-11998
-11958
-11817
-11721
-11717
-11724
-11884
-12073
-12313
-12454
-12572
-12899
-13211
-13408
-13581
-13820
-13987
-14035
-14109
-14305
-14476
-14577
-14703
-14693
-14627
-14485
-14162
-13741
-13348
-12987
-12723
-12490
-12244
-12024
-11749
-11315
-10893
-10491
-10179
-9977
-9730
-9588
-9229
-8890
-8625
-8202
-7630
-7086
-6734
-6714
-6887
-7070
-7196
-7112
-6937
-6942
-7252
-7547
-7659
-7870
-8169
-8501
-8990
-9339
-9646
-9931
-10116
-10120
-9969
-9735
-9586
-9741
-10120
-10586
-11020
-11380
-11562
-11527
-11193
-10909
-10943
-10967
-10909
-10829
-10736
-10598
-10435
-10402
-10175
-9717
-9282
-9019
-8918
-8684
-8345
-7950
-7573
-7189
-6759
-6388
-6192
-6177
-6234
-6234
-5916
-5402
-4800
-4236
-3825
-3591
-3657
-3937
-4128
-4111
-3943
-3610
-3313
-3181
-3097
-3190
-3519
-3800
-3892
-3942
-4039
-4124
-4235
-4274
-4298
-4437
-4576
-4625
-4653
-4635
-4616
-4678
-4847
-5075
-5254
-5453
-5679
-5891
-6131
-6357
-6579
-6785
-6896
-6800
-6435
-5967
-5430
-5101
-5020
-5114
-5321
-5430
-5497
-5517
-5612
-5801
-6094
-6428
-6660
-6875
-7133
-7313
-7344
-7331
-7250
-7106
-6912
-6600
-6135
-5625
-5032
-4419
-3915
-3437
-2975
-2575
-2384
-2387
-2511
-2676
-2784
-2920
-3010
-3032
-3128
-3149
-3144
-3156
-3130
-3163
-3193
-3112
-2882
-2455
-1982
-1616
-1284
-902
-499
-261
-188
-89
-39
20
183
243
302
430
457
429
416
320
122
-57
-163
-295
-442
-502
-495
-420
-314
-229
-145
8
179
286
495
787
1023
1192
1246
1154
1039
1028
950
980
1288
1573
1698
1875
2236
2565
2844
3052
3047
2930
2776
2663
2657
2788
2897
2861
2627
2261
1975
1662
1329
1142
1118
1103
1048
923
727
572
390
200
84
-29
-202
-462
-699
-758
-671
-505
-164
142
197
-200
-436
-717
-922
-747
-541
-43
36
260
548
1050
1443
1625
1995
2337
2524
2387
2310
1980
1868
1841
1828
1824
1820
1537
1172
900
446
-6
-523
-984
-1316
-1630
-1952
-2207
-2524
-2811
-3190
-3519
-3667
-3656
-3734
-3659
-3408
-3446
-3548
-3529
-3519
-3418
-3123
-2832
-2374
-1779
-1187
-729
-279
150
379
728
1085
1520
1998
2328
2458
2309
2239
2203
2193
2256
2354
2322
2327
2303
2063
1932
1798
1567
1346
1087
809
759
796
772
795
778
411
161
152
136
387
577
518
436
381
330
319
293
446
783
1123
1474
1469
1316
1140
993
1279
1490
1529
1531
1554
1425
871
227
-255
-685
-939
-946
-859
-780
-811
-883
-910
-947
-1228
-1437
-1541
-1633
-1782
-2028
-2157
-2048
-1872
-1483
-931
-538
-361
-545
-619
-872
-1138
-1159
-893
-232
326
682
1024
1019
495
-204
-438
-280
-108
534
1055
1593
1889
1988
2556
3388
3874
4247
4463
4531
4848
4903
5263
5682
6028
6392
6673
6998
7269
7351
7551
7660
7686
7742
7927
8405
8806
8990
9082
9151
9075
9145
9208
9157
9163
9248
9195
9273
9369
9437
9651
10106
10419
10352
10273
10114
10189
10189
9980
9891
9883
9747
9381
8890
8448
8137
7947
8121
8425
8501
8548
8690
8828
8978
9128
9376
9655
9959
10290
10457
10592
10554
10342
10130
9913
9643
9475
9415
9413
9469
9590
9707
9603
9638
9669
9771
9837
9740
9686
9378
9238
9292
9333
9584
9728
9706
9717
9558
9288
9070
8978
8972
8894
8837
8660
8214
7922
7901
7935
8058
8357
8426
8296
8248
8212
8239
8364
8717
9277
9714
9891
10037
10115
10099
9892
9393
8925
8591
8076
7554
7090
6705
6300
5924
5746
5459
5115
4777
4392
4097
3771
3537
3407
3146
2656
2057
1738
1382
999
768
622
516
495
510
472
274
-108
-626
-1376
-2185
-2922
-3441
-3609
-3594
-3593
-3480
-3053
-2669
-2094
-1609
-1575
-1174
-808
-767
-824
-944
-1204
-1476
-1674
-1962
-2347
-2814
-3067
-3075
-3018
-3066
-3124
-3257
-3450
-3716
-4180
-4623
-5031
-5332
-5491
-5415
-5319
-5336
-5432
-5707
-5923
-5986
-5916
-5639
-5187
-4673
-4112
-3659
-3403
-3226
-3120
-3113
-3127
-3131
-3178
-3256
-3252
-3188
-3095
-2980
-2865
-2798
-2667
-2440
-2190
-1827
-1467
-1097
-708
-458
-333
-65
158
267
412
551
646
601
564
417
251
112
-96
-292
-358
-346
-340
-377
-590
-913
-1238
-1498
-1574
-1258
-914
-656
-557
-636
-917
-1309
-1609
-1894
-2110
-2360
-2424
-2338
-2321
-2443
-2500
-2518
-2563
-2478
-2294
-2265
-2370
-2443
-2504
-2561
-2804
-3180
-3453
-3682
-3855
-3835
-3731
-3546
-3391
-3204
-3070
-3013
-2814
-2508
-2093
-1620
-1118
-733
-436
-34
307
542
767
1115
1476
1799
2211
2604
3079
3416
3520
3625
3778
3893
4039
4229
4442
4718
5152
5214
5002
4970
4815
5030
5505
5861
6049
6181
6225
6180
6408
6707
6956
7118
7179
7248
7388
7669
7849
7940
7978
8007
7960
7824
7753
7722
7790
7744
7804
7889
7678
7358
6942
6653
6633
6792
6970
7001
7035
7106
7269
7356
7368
7557
7996
8404
8623
8447
8378
8414
8507
8902
9260
9926
10347
10765
10872
10720
10923
10749
10359
9894
9271
8715
8078
7695
7423
7314
7451
7437
7586
7578
7497
7403
7334
7199
7086
7219
7350
7616
7933
7966
8014
8166
8197
8103
7917
7726
7388
7093
6958
6985
6924
6708
6547
6351
6104
5941
5961
6214
6393
6472
6713
6896
6845
6603
6172
5828
5657
5484
5375
5351
5328
5212
5043
4792
4716
4647
4396
4130
3915
3757
3578
3436
3307
3148
2848
2435
1952
1561
1327
1259
1379
1427
1263
1082
1065
1247
1499
1773
2117
2314
2320
2243
2211
2152
2162
2259
2288
2390
2529
2644
2665
2657
2666
2538
2210
1960
1866
1938
2156
2368
2785
3345
4091
4935
5647
6354
6802
6931
6883
6671
6373
6143
6064
6234
6614
7199
7877
8288
8799
9169
9170
9296
9578
9599
9324
9091
9059
9064
9042
9214
9093
8819
8836
8716
8585
8655
8719
8863
9009
9153
9654
10247
11028
11694
12055
12091
11897
11782
11606
11392
11296
11344
11366
11656
11750
11909
12143
12481
12792
12931
13102
13186
13240
13347
13346
13222
13295
13232
13403
13563
13608
13550
13478
13209
12634
12264
12016
11745
11386
11051
10511
9922
9602
9482
9364
9538
9727
9900
10190
10142
10021
9800
9679
9535
9564
9841
10253
10754
11037
11108
11029
10954
10873
10730
10593
10549
10414
10320
10147
9997
9969
10022
10142
10427
10656
10748
10979
11182
11359
11507
11584
11489
11263
11114
11114
11144
11172
11388
11441
11317
11268
11217
11198
11223
11408
11549
11542
11333
11043
10995
11142
11278
11483
11483
11537
11520
11415
11420
11273
11318
11452
11693
11892
12080
12269
12392
12344
12267
12293
12384
12324
12078
11803
11598
11568
11445
11256
11103
10805
10247
9588
9125
9049
8937
8835
8589
8742
8945
9104
9080
8848
8990
9102
9336
9240
9406
9515
9492
9632
9790
9774
9628
9645
9617
9580
9588
9692
9747
10010
10275
10643
10845
10899
10991
11145
11497
11788
11845
11752
11759
11547
11367
11000
10746
10731
10858
11176
11621
11671
11151
10749
10469
10818
11167
11503
11764
11758
11961
12000
11985
12001
11994
11912
11671
11366
11286
11311
11227
11204
10996
10512
10371
10640
10958
11237
11295
11158
10762
10180
9900
9724
9684
9973
10160
10451
10820
10937
10903
10725
10489
10241
10109
10236
10331
10234
9896
9702
9509
9308
9015
8837
9076
9280
9677
9892
9797
9302
9013
8958
8892
9097
9147
8889
8712
8632
8385
8102
7861
7847
7796
7582
7682
7909
7829
7550
7452
7734
7783
7645
7382
7139
7168
6939
6481
6283
6220
6045
5932
5710
5513
5546
5371
5309
5481
5620
5640
5485
5289
5109
5147
5209
5003
4846
4914
4973
5107
5186
5285
5000
4535
4286
4288
4363
4228
4212
4322
4505
4543
4472
4307
4135
3954
3944
4119
4244
4243
4300
4386
4250
3955
3701
3645
3771
3963
4274
4653
4610
4321
4009
3837
3692
3310
3076
3052
2990
3071
3241
3364
3746
4043
4061
4080
4115
4100
3980
3922
3738
3513
3360
3304
3476
3588
3494
3331
3074
2926
2925
2904
2705
2542
2554
2493
2470
2344
2215
2140
1994
1798
1791
1785
1870
1922
1978
1991
1868
1769
1738
1876
2180
2509
2660
3036
3329
3689
3875
4039
4311
4246
4022
3972
4142
4481
4679
4497
4284
4015
3995
3876
3601
3492
3364
3287
3274
3215
2831
2119
1565
1092
977
1189
1228
1036
893
958
1110
1252
1230
1340
1550
1636
1441
1147
1057
1083
1202
1261
1197
1074
987
1049
1058
841
694
701
773
868
1020
1432
1876
2063
2081
2048
2083
2270
2349
2608
2860
3119
3204
3019
3146
3419
3723
3845
3961
4036
4230
4494
4696
4851
4991
5187
5324
5452
5319
5099
5055
5255
5447
5331
5053
4787
4531
4281
4147
4002
3927
3758
3263
2747
2307
1942
1679
1632
1717
1841
1820
1846
2203
2589
3039
3452
3747
4003
4391
4640
4847
5190
5133
4615
4163
3944
3787
3956
4275
4560
4636
4487
4266
4062
4125
4277
4490
4713
4920
5027
4775
4775
4884
4958
5190
5276
5387
5406
5562
5938
6177
6122
5982
6134
6288
6290
6041
5736
5721
5736
5660
5653
5694
5690
5775
5646
5306
5086
4823
4547
4472
4518
4564
4585
4543
4465
4413
4482
4461
4367
4227
4064
3941
3783
3838
4089
4215
4177
3959
3640
3240
2929
2869
2777
2705
2618
2583
2686
2777
2636
2560
2274
1782
1551
1396
1271
1265
1138
878
859
1049
1171
1223
1264
1135
1160
1314
1427
1327
1008
618
378
93
5
-11
7
152
247
143
52
260
527
939
984
944
657
348
151
-298
-608
-630
-606
-654
-1042
-1686
-2322
-2609
-2414
-2071
-1723
-1584
-1381
-1165
-1042
-917
-773
-568
-127
246
520
650
789
1078
1248
1211
915
635
358
94
-109
-259
-470
-751
-978
-1251
-1746
-2111
-2435
-2554
-2268
-1945
-1344
-723
-232
-57
-213
-272
-430
-568
-520
-549
-526
-383
-81
108
-57
-172
-50
-85
-344
-457
-574
-847
-1247
-1785
-2268
-2483
-2650
-2985
-3308
-3631
-4002
-4128
-4360
-4813
-5036
-5114
-4989
-4854
-4689
-4490
-4479
-4197
-3970
-3763
-3624
-3391
-2897
-2636
-2504
-2312
-2110
-2007
-1928
-2064
-1973
-1818
-1830
-1809
-1562
-1337
-1153
-1030
-885
-763
-819
-915
-894
-686
-680
-607
-528
-44
484
738
764
809
791
640
381
42
213
611
1108
1733
2109
2175
2529
2590
2155
1919
1980
1733
1410
1221
934
810
780
746
624
537
376
139
96
125
263
557
623
536
259
-235
-697
-1111
-1395
-1659
-1903
-2123
-2299
-2268
-2213
-2244
-2311
-2355
-2518
-2716
-2893
-2866
-2784
-2849
-2754
-2724
-2762
-2782
-2807
-2703
-2567
-2517
-2591
-2638
-2635
-2760
-2998
-3431
-3783
-4102
-4504
-4777
-4932
-5001
-5038
-5133
-5315
-5565
-5755
-5818
-5916
-6086
-6360
-6692
-6942
-7205
-7457
-7578
-7634
-7657
-7736
-7784
-7799
-7674
-7445
-7271
-7031
-6717
-6657
-6938
-7278
-7648
-7988
-8195
-8214
-8238
-8183
-8134
-8198
-8308
-8439
-8373
-8199
-7965
-7738
-7723
-7925
-8212
-8366
-8324
-8263
-8152
-7761
-7427
-7255
-7167
-7381
-7702
-7816
-7720
-7539
-7251
-7011
-6704
-6385
-6135
-6093
-6300
-6587
-6882
-7137
-7689
-8252
-8748
-9306
-9788
-10126
-10227
-9863
-9152
-8647
-8462
-8590
-8951
-9272
-9234
-8971
-8559
-7997
-7275
-6616
-6142
-5699
-5486
-5167
-4525
-4010
-3575
-3026
-2577
-2168
-1990
-1931
-1921
-1968
-2074
-2196
-2197
-2136
-1951
-1913
-1975
-2039
-2055
-2202
-2410
-2364
-2231
-2234
-2437
-2680
-2936
-3100
-3048
-3063
-3401
-3853
-4195
-4344
-4312
-4264
-4021
-3938
-3899
-3687
-3617
-3478
-3199
-2937
-2834
-2787
-2804
-2903
-3067
-3156
-3217
-3246
-3225
-3162
-2962
-2757
-2654
-2676
-2796
-3011
-3365
-3719
-3981
-4143
-4191
-4106
-4010
-4077
-4106
-4259
-4471
-4646
-4831
-4991
-5050
-4943
-4768
-4501
-4157
-3874
-3784
-3806
-4020
-4112
-4120
-4049
-3879
-3737
-3563
-3431
-3289
-3125
-2879
-2678
-2522
-2497
-2590
-2664
-2671
-2699
-2767
-2811
-2822
-2739
-2719
-2704
-2628
-2526
-2392
-2345
-2419
-2454
-2417
-2323
-2176
-1993
-1783
-1496
-1220
-1030
-874
-804
-767
-698
-688
-804
-959
-931
-562
-189
101
116
-320
-1102
-2093
-2729
-2797
-2301
-1270
-214
464
792
1089
1512
1594
1607
1690
1646
1612
1609
1663
1712
1647
1529
1562
1568
1592
1737
1962
1917
1827
1826
1677
1481
1125
1036
922
539
168
-51
-235
-393
-414
-439
-426
-499
-572
-531
-441
-300
-203
-219
-234
-253
-363
-581
-958
-1433
-1843
-2023
-1971
-1916
-2014
-2129
-2026
-1950
-2019
-1942
-1662
-1384
-1033
-480
-92
26
130
156
121
83
96
215
307
290
383
804
1156
1286
1399
1296
775
449
138
-281
-610
-1142
-1507
-1658
-1837
-2080
-2260
-2330
-2344
-2370
-2421
-2547
-2769
-2991
-3182
-3289
-3250
-3289
-3591
-3736
-3664
-3711
-3842
-3802
-3583
-3458
-3473
-3454
-3601
-3991
-4363
-4654
-4774
-4821
-4856
-4900
-4995
-5033
-5000
-4945
-4831
-4731
-4696
-4708
-4817
-4822
-4738
-4707
-4734
-4909
-5206
-5463
-5689
-5903
-6055
-6161
-6221
-6206
-6160
-6190
-6277
-6467
-6556
-6540
-6462
-6301
-6133
-6010
-5979
-5947
-5998
-6046
-6046
-5992
-5931
-5918
-5982
-5936
-5824
-5706
-5490
-5277
-5008
-4814
-4759
-4813
-4947
-5119
-5057
-4833
-4527
-4117
-3758
-3539
-3559
-3726
-3833
-3694
-3483
-3152
-2835
-2707
-2636
-2628
-2645
-2700
-2706
-2660
-2525
-2312
-2120
-2026
-2019
-2013
-2005
-1842
-1541
-1297
-976
-640
-437
-490
-659
-611
-468
-351
-176
47
270
453
626
748
866
1016
1177
1434
1459
1539
1598
1603
1777
1981
2243
2532
2735
2776
2809
2545
2375
2407
2504
2805
2959
2855
2676
2454
2185
2089
2204
2383
2438
2342
2285
2146
1922
1693
1322
976
663
334
1
-339
-602
-759
-861
-869
-723
-630
-560
-509
-354
-144
-58
235
457
610
861
904
791
678
560
305
23
-36
-24
-134
-298
-300
-331
-445
-546
-619
-693
-718
-648
-555
-449
-523
-644
-787
-886
-805
-593
-438
-333
-460
-703
-753
-767
-607
-311
-89
-105
-407
-870
-1354
-1804
-2015
-1956
-1797
-1846
-1708
-1640
-1722
-1702
-1885
-1943
-2120
-2256
-2441
-2742
-2966
-3161
-3408
-3745
-4068
-4381
-4408
-4174
-3971
-3891
-3831
-3657
-3485
-3132
-2617
-2328
-2365
-2540
-2485
-2432
-2437
-2373
-2364
-2568
-2752
-2985
-3101
-2900
-2542
-2314
-2106
-1896
-2071
-2409
-2847
-2908
-2841
-2793
-2726
-2650
-2694
-2840
-2846
-3007
-3176
-3231
-3103
-2820
-2600
-2530
-2498
-2459
-2404
-2378
-2326
-2206
-2119
-2061
-2014
-1934
-1758
-1666
-1545
-1403
-1381
-1358
-1366
-1468
-1627
-1669
-1538
-1275
-1075
-942
-770
-562
-373
-192
-139
-170
-128
-24
136
155
180
204
61
-77
-191
-199
-66
82
244
348
387
326
180
37
2
61
61
82
81
24
-116
-59
304
612
768
954
1209
1407
1579
1867
2221
2363
2422
2440
2458
2444
2476
2591
2775
3016
3208
3403
3325
3280
3222
3150
3168
3263
3405
3402
3392
3309
3249
3142
3061
3210
3450
3730
3873
3823
3578
3221
3127
3191
3555
4321
5091
5707
6280
6715
6930
6910
6898
7115
7388
7770
8215
8589
8991
9528
9980
10297
10395
10344
10130
9855
9566
9418
9522
9656
9758
9378
8847
8383
7986
7793
8063
8959
9680
10162
10524
10746
10887
10975
11079
10999
10822
10658
10511
10393
10372
10214
9971
9748
9564
9497
9316
9316
9275
9322
9327
9131
9103
8826
8549
8255
8026
7988
7992
8111
8372
8560
8563
8682
8880
9035
9066
9097
9175
9294
9462
9515
9391
9284
9223
9173
9286
9502
9665
9560
9402
9381
9198
9043
9069
9101
9097
9027
8814
8495
8228
7966
7886
7845
7624
7383
7111
6799
6292
5639
5165
5031
5052
5295
5581
5901
6094
5977
5925
5797
5636
5452
5334
5292
5282
5141
4924
4776
4621
4752
5102
5428
5506
5505
5459
5441
5516
5621
5887
6068
6009
5747
5526
5382
5229
5145
5174
5341
5647
5924
5990
5723
5274
4655
4109
3826
3602
3456
3457
3631
3469
3160
2902
2746
2878
3253
3617
3940
4234
4427
4519
4571
4725
4652
4421
4148
3995
3955
4029
4276
4477
4495
4553
4569
4504
4532
4530
4627
4800
5049
5150
5044
4961
4992
5050
5091
5165
5137
5081
5126
5008
4613
4171
3899
3509
3137
2883
2813
2706
2542
2574
2473
2258
1895
1557
1127
935
954
815
667
667
425
578
1073
1550
2131
2345
2725
2808
2655
2405
2090
1830
1820
1879
1673
1505
1434
1497
1490
1379
1242
1205
1265
1389
1315
1186
1157
1177
1156
1194
1244
1260
1105
874
479
-48
-20
101
175
125
45
-207
-462
-502
-454
-497
-554
-464
-653
-891
-996
-931
-1082
-1232
-1197
-1248
-1267
-1377
-1606
-1997
-2530
-3017
-3491
-3878
-4161
-4451
-4648
-4611
-4588
-4616
-4679
-4715
-4629
-4671
-4800
-4948
-5259
-5646
-5852
-6018
-6034
-5978
-5866
-5776
-5810
-5819
-5902
-5867
-5652
-5309
-4894
-4484
-4502
-4648
-4507
-4425
-4266
-4036
-3893
-3832
-3845
-3913
-4005
-3974
-3708
-3363
-3080
-2941
-2836
-2671
-2458
-2419
-2453
-2389
-2393
-2366
-2467
-2417
-2232
-2122
-1953
-1810
-1712
-1608
-1487
-1236
-938
-737
-566
-504
-614
-834
-990
-1281
-1445
-1543
-1623
-1692
-1868
-2050
-2321
-2428
-2346
-2150
-2069
-2007
-1915
-2104
-2475
-2732
-2802
-2461
-1981
-1542
-1081
-737
-424
-88
344
1007
1592
2229
3049
3514
3752
3503
3145
2869
2669
2811
3003
3446
4080
4806
5382
5718
5954
6360
6679
6573
6368
6099
5819
5630
5618
5727
5914
6049
6117
6378
6743
7206
7470
7407
7289
7216
7488
7763
8141
8509
8741
8784
8772
8885
8818
8802
8490
8013
7331
6689
6466
6487
6450
6640
6957
7108
7191
7243
7336
7412
7449
7249
7177
7062
7090
6887
6750
6698
6456
6310
5786
5310
4929
4706
4596
4609
4504
4042
3420
3134
3468
3877
4305
4367
4294
4284
4035
3962
3895
3732
3672
3894
4112
4280
4305
4307
4419
4419
4692
5143
5411
5568
5752
5544
5318
5286
5096
4989
4996
4773
4183
3536
3289
3350
3623
3932
4328
4785
5145
5354
5278
5246
5289
5374
5351
5412
5406
5198
4838
4561
4488
4536
4642
4770
4825
4409
4030
3641
3576
3873
4056
4457
4752
5037
5170
5193
5694
6111
6362
6563
6550
6409
6187
5913
5728
5883
5887
5863
5594
5082
5004
4730
4563
4502
4579
4970
5058
5350
5410
5264
5145
5227
5162
4949
5195
4965
4958
5137
5324
5369
5209
5113
4928
4866
4778
4454
4084
3800
3371
3091
2849
2595
2617
2765
3102
3330
2991
2471
1758
756
-348
-1059
-1727
-1994
-1851
-1727
-1581
-1752
-2422
-3386
-4212
-4843
-5106
-5036
-4952
-5092
-4868
-4888
-4966
-4987
-4981
-5021
-5249
-5490
-5807
-5761
-5507
-4908
-4036
-3349
-3069
-2926
-2941
-3407
-3968
-3798
-3441
-2909
-2312
-2036
-1453
-544
-295
-660
-782
-1193
-1490
-1578
-1228
-1104
-975
-451
-425
-475
-889
-1143
-1235
-838
-354
-310
193
153
-649
-616
-708
-794
-417
53
592
763
552
-82
-250
-827
-1455
-1570
-1516
-1619
-1736
-1975
-1952
-1512
-1382
-1261
-1462
-1882
-2045
-1943
-2046
-2296
-2584
-2802
-2571
-2121
-1979
-2069
-2357
-2482
-2670
-2804
-2675
-2514
-2368
-2287
-2527
-2797
-2904
-3186
-3292
-3443
-3406
-2937
-2575
-2505
-2264
-1921
-1781
-1824
-2150
-2300
-2299
-2214
-1830
-1345
-986
-950
-770
-462
46
222
227
580
837
1288
1912
2299
2450
2512
2477
2462
2324
2111
1822
1517
1276
1204
1018
885
820
566
227
-169
-400
-399
-231
-91
145
93
-256
-583
-835
-1009
-1179
-1335
-1319
-1124
-1086
-1355
-1892
-2425
-2866
-3203
-3579
-3819
-3798
-3624
-3543
-3442
-3117
-3036
-3100
-3105
-3043
-2831
-2823
-2953
-2753
-2248
-1807
-1811
-1890
-2179
-2462
-2659
-2725
-2580
-2613
-2665
-2829
-2974
-2989
-3073
-3363
-3323
-3172
-3070
-2909
-2849
-2706
-2334
-1870
-1542
-1143
-883
-790
-735
-721
-756
-788
-722
-829
-1091
-1436
-1463
-1653
-2150
-2497
-2715
-2743
-2799
-2498
-2275
-2229
-2238
-1962
-1646
-1566
-1536
-1699
-1609
-1568
-1761
-1913
-2178
-2385
-2596
-3051
-3260
-3275
-2985
-2627
-2508
-2855
-3504
-4197
-4611
-4863
-4862
-4304
-3619
-2848
-2143
-1744
-1548
-1419
-1188
-799
-747
-362
-136
-184
-218
-504
-765
-840
-777
-766
-626
-686
-898
-1005
-908
-928
-1154
-1294
-1243
-1135
-1120
-1348
-1709
-1977
-2202
-2505
-2817
-2855
-2870
-2995
-3287
-3560
-3614
-3731
-3902
-4060
-4365
-4467
-4304
-4130
-4020
-3921
-3739
-3726
-3913
-4022
-4180
-4448
-4509
-4540
-4461
-4267
-4051
-3952
-4115
-4504
-4827
-5036
-5063
-4941
-4830
-4750
-4790
-4596
-4698
-4755
-4801
-5032
-5180
-5339
-5549
-5800
-5917
-6013
-5641
-5383
-5337
-5237
-5653
-6224
-6660
-6911
-6902
-6852
-6708
-6578
-6455
-6329
-6398
-6401
-6340
-6367
-6365
-6341
-6437
-6645
-6755
-6817
-6901
-7021
-6949
-6896
-7064
-7431
-8016
-8531
-8868
-8914
-8848
-8890
-8939
-8859
-9136
-9571
-9946
-10128
-10114
-10073
-9842
-9736
-9801
-9962
-10194
-10420
-10539
-10682
-10757
-10813
-11002
-11141
-11268
-11445
-11564
-11756
-12033
-12209
-12386
-12502
-12604
-12649
-12503
-12385
-12483
-12703
-12756
-12800
-12738
-12534
-12447
-12510
-12653
-12860
-12937
-12917
-12854
-12756
-12588
-12470
-12368
-12236
-12389
-12409
-12430
-12156
-11926
-11959
-11999
-12181
-12207
-12242
-12351
-12479
-12502
-12485
-12454
-12339
-12224
-12208
-12247
-12278
-12545
-13011
-13404
-13661
-13784
-14018
-14203
-14065
-13810
-13466
-13126
-12921
-12798
-12586
-12147
-11933
-11784
-11612
-11503
-11566
-11768
-11761
-11751
-11732
-11640
-11455
-11275
-11037
-10760
-10472
-10411
-10395
-10292
-10230
-10159
-10193
-10140
-9948
-9569
-9167
-8776
-8317
-7858
-7414
-7024
-6699
-6710
-6763
-6826
-7172
-7417
-7457
-7220
-6936
-6792
-6718
-6756
-6915
-7190
-7142
-6779
-6446
-6239
-6252
-6398
-6417
-6387
-6384
-6244
-5785
-5196
-4660
-4020
-3763
-3922
-4131
-4386
-4809
-5212
-5496
-5627
-5659
-5581
-5350
-5218
-5108
-5241
-5416
-5468
-5559
-5704
-5735
-5780
-5844
-5882
-6051
-6147
-6238
-6269
-6283
-6275
-6329
-6413
-6490
-6792
-7127
-7429
-7787
-8176
-8497
-8688
-8721
-8655
-8644
-8845
-9178
-9368
-9344
-9152
-8765
-8438
-8379
-8532
-8679
-8549
-8188
-7692
-7581
-7687
-7641
-7676
-7563
-7334
-7227
-7099
-6914
-6928
-7173
-7345
-7409
-7622
-7675
-7639
-7669
-7619
-7529
-7372
-7392
-7566
-7773
-7828
-7686
-7519
-7231
-6673
-6067
-5588
-5639
-6320
-7215
-8044
-8723
-9114
-9031
-8625
-7989
-7740
-7603
-7290
-7107
-6978
-6886
-6851
-6803
-6801
-6821
-6891
-7034
-7382
-7718
-8034
-8289
-8405
-8538
-8435
-8621
-8925
-9081
-9108
-9260
-9167
-8897
-8788
-8712
-8766
-8794
-8801
-8702
-8609
-8479
-8361
-8230
-8171
-8189
-8176
-8146
-8287
-8615
-8943
-9211
-9312
-9319
-9349
-9336
-9268
-9190
-9082
-8915
-8706
-8623
-8555
-8420
-8436
-8435
-8451
-8526
-8607
-8683
-8762
-8872
-8915
-8912
-8893
-8950
-8978
-9052
-9073
-8967
-8813
-8709
-8683
-8645
-8580
-8387
-8108
-7948
-7792
-7770
-7696
-7571
-7521
-7469
-7419
-7398
-7470
-7406
-7389
-7197
-7063
-6853
-6626
-6589
-6400
-6201
-6087
-5960
-5671
-5304
-5134
-5091
-5005
-4979
-5146
-5151
-5089
-5043
-4616
-4233
-3877
-3677
-3750
-3966
-4052
-3945
-3916
-3810
-3622
-3589
-3541
-3622
-3705
-3706
-3795
-3766
-3966
-4174
-4329
-4468
-4447
-4325
-4159
-4088
-4074
-4192
-4318
-4338
-4359
-4365
-4466
-4734
-5092
-5452
-5874
-6182
-6127
-5884
-5705
-5625
-5591
-5401
-5218
-5079
-4881
-4630
-4369
-4371
-4414
-4255
-4138
-3898
-3545
-3582
-3498
-3375
-3431
-3528
-3373
-3204
-3078
-3048
-3364
-3598
-3700
-3581
-3683
-3662
-3409
-3219
-3089
-3102
-3129
-3244
-3070
-2874
-2711
-2497
-2423
-2356
-2444
-2287
-1942
-1629
-1394
-1324
-1273
-1377
-1318
-1130
-1085
-999
-827
-640
-486
-345
-420
-520
-480
-302
-135
-157
-320
-557
-867
-825
-604
-582
-667
-673
-515
-581
-453
-474
-547
-788
-1093
-1190
-968
-298
155
517
718
900
1027
1024
1070
1226
1461
1871
2389
2804
3023
3161
3046
2735
2421
2274
2483
2697
2977
3292
3433
3233
2696
2145
2081
2353
2529
2907
3412
3869
4603
4800
4564
4376
4121
3899
3626
3700
3662
3762
3907
3998
4400
4591
4619
4606
4536
4658
4811
5003
5261
5460
5695
5732
5827
5739
5459
5376
5436
5308
5096
5194
5207
5063
4870
4874
4972
4935
4817
4776
4674
4491
4525
4701
4567
4233
4347
4500
4466
4403
4453
4654
4653
4423
4360
4325
4137
4066
4173
4209
4045
3821
3641
3446
3017
2666
2570
2402
2381
2640
2839
2716
2565
2465
2253
2207
2279
2381
2503
2625
2888
3158
3310
3462
3564
3782
4013
4125
4158
4154
4162
4232
4319
4356
4489
4555
4642
4515
4585
4867
4972
5124
5181
5011
4757
4733
4782
4881
4945
5151
5382
5567
5622
5665
5877
5946
6072
6440
6780
6946
6921
6902
7014
7045
7068
7137
7463
7675
8010
8134
8146
8470
8745
8977
9001
9054
8992
8958
8956
8871
9034
9235
9408
9702
9760
9703
9735
9666
9493
9352
9249
9427
9518
9562
9387
8927
8742
8551
8409
8102
7716
7239
6858
6500
6182
5956
5644
5665
5661
5622
5734
5920
6031
5959
5869
5789
5705
5574
5524
5607
5810
6117
6371
6548
6702
6811
6769
6764
6929
6892
6940
7092
7040
6928
6861
6843
6658
6731
7011
7206
7283
7361
7455
7437
7412
7367
7340
7225
7066
6950
6862
6713
6604
6534
6340
6047
5836
5722
5729
5834
6097
6311
6130
6005
6136
5981
5806
5777
5573
5448
5334
5245
5145
5128
5144
5179
5266
5253
5260
5370
5401
5198
5136
5089
5005
4951
4901
4734
4594
4497
4446
4517
4432
4510
4643
4635
4681
4667
4809
4979
4817
4640
4499
4760
4773
4433
4192
4151
4305
4162
3818
3452
3549
3768
3790
3674
3532
3605
3701
3390
3104
2972
2870
2726
2343
2067
1824
1697
1672
1906
2241
2470
2534
2387
2468
2388
2057
1748
1493
1221
878
697
591
611
648
669
537
125
-348
-724
-874
-690
-539
-637
-540
-359
-370
-440
-411
-301
-146
-41
41
276
600
762
914
906
821
906
904
935
1213
1406
1390
1187
896
883
987
1102
1205
1505
1690
1766
1629
1365
1319
1422
1483
1639
1951
2065
2298
2365
2437
2512
2420
2250
2225
2212
2072
1987
1975
2043
1978
2022
2046
1786
1517
1492
1569
1492
1334
1170
941
783
533
584
799
967
974
640
460
82
-324
-581
-537
-572
-692
-848
-1265
-1496
-1779
-1799
-1829
-1940
-1827
-1723
-1856
-2305
-2568
-2508
-2492
-2623
-2698
-2590
-2536
-2599
-2612
-2588
-2384
-2168
-2099
-2062
-2154
-2246
-2268
-2340
-2439
-2725
-3023
-3067
-2977
-2660
-2637
-2835
-2893
-2762
-2666
-2978
-3322
-3622
-3684
-3611
-3188
-2735
-2551
-2505
-2614
-2845
-3210
-3359
-3216
-2851
-2457
-2050
-1752
-1461
-1138
-952
-956
-1132
-1210
-1096
-971
-955
-1081
-1156
-1198
-1315
-1304
-1290
-1070
-436
224
765
882
788
856
1030
1400
1671
1619
1171
597
218
-149
-68
241
408
488
503
543
510
599
644
748
551
23
-583
-995
-1198
-1381
-1281
-1273
-1567
-1824
-1916
-2350
-2603
-2472
-2243
-1931
-1760
-1446
-1240
-1357
-1367
-1492
-1443
-1359
-1512
-1320
-1166
-783
-517
-426
-90
321
534
715
871
775
677
578
507
397
417
329
13
-515
-963
-1186
-1211
-1223
-1126
-976
-757
-631
-461
-154
-155
17
462
824
956
861
768
662
407
80
-387
-372
-330
-251
-288
-495
-692
-1020
-1346
-1784
-1936
-2217
-2583
-3037
-3501
-3798
-4125
-4559
-4944
-5333
-5688
-5931
-6104
-6216
-6292
-6197
-6039
-5901
-5752
-5703
-5832
-5945
-5913
-5742
-5731
-5954
-6280
-6443
-6492
-6455
-6422
-6562
-6880
-7314
-7609
-7865
-8130
-8370
-8673
-9137
-9694
-10368
-11249
-12157
-12881
-13321
-13336
-13059
-12619
-12490
-12327
-12182
-12474
-12578
-12654
-12513
-12183
-11846
-11390
-11082
-10961
-10891
-10860
-10762
-10434
-10160
-10070
-10239
-10443
-10515
-10777
-10990
-11071
-11168
-11193
-11173
-11361
-11547
-11687
-11852
-11691
-11398
-11164
-11029
-10870
-10700
-10282
-9571
-8893
-8366
-8077
-7730
-7417
-7100
-6969
-6968
-6691
-6687
-7003
-7381
-7908
-8604
-9080
-9341
-9447
-9332
-9147
-9012
-9125
-9518
-9869
-9964
-9878
-9765
-9680
-9675
-9857
-9927
-9956
-9922
-9897
-9901
-10117
-10513
-10777
-11112
-11427
-11693
-11874
-11962
-12084
-12055
-11960
-11852
-11483
-10994
-10454
-10037
-9762
-9575
-9349
-9067
-8701
-8512
-8516
-8375
-8366
-8545
-8732
-8832
-8990
-8905
-8746
-8779
-8983
-9316
-9554
-9694
-9791
-9886
-9932
-10019
-10053
-10098
-10354
-10417
-10381
-10239
-10000
-9796
-9779
-9736
-9496
-9357
-9176
-9193
-9163
-9137
-9077
-9074
-9030
-8950
-8974
-8811
-8667
-8646
-8757
-8925
-8952
-8774
-8641
-8613
-8671
-8679
-8789
-8951
-9153
-9517
-9779
-10004
-10229
-10272
-10086
-9679
-9438
-9404
-9328
-9288
-9388
-9604
-9817
-10030
-10105
-10031
-9984
-10004
-9985
-9931
-9634
-9629
-9708
-9724
-9855
-9796
-9802
-9735
-9681
-9582
-9555
-9595
-9646
-9584
-9462
-9343
-9310
-9447
-9543
-9572
-9684
-9863
-9877
-9934
-9806
-9476
-9273
-9208
-9139
-9087
-8997
-8725
-8355
-8092
-7841
-7589
-7595
-7752
-7896
-7948
-7891
-7812
-7862
-8159
-8628
-9072
-9420
-9652
-9934
-10176
-10375
-10658
-10899
-11101
-11199
-11269
-11267
-11122
-10910
-10680
-10557
-10502
-10529
-10558
-10508
-10448
-10406
-10465
-10529
-10568
-10636
-10852
-11133
-11301
-11483
-11528
-11375
-11148
-10973
-10977
-11172
-11389
-11510
-11432
-11138
-10734
-10276
-9990
-9731
-9549
-9454
-9361
-9369
-9412
-9542
-9613
-9728
-9931
-9907
-9811
-9943
-10073
-10285
-10409
-10176
-9880
-9562
-9424
-9472
-9630
-9975
-10158
-9878
-9358
-8857
-8366
-8140
-8284
-8587
-8925
-9194
-9162
-8875
-8520
-8160
-7771
-7578
-7444
-7135
-7011
-6850
-6662
-6239
-5854
-5556
-5491
-5541
-5337
-5188
-5058
-5195
-5279
-5347
-5487
-5704
-5801
-5790
-5833
-5985
-6268
-6489
-6697
-6929
-7147
-7289
-7504
-7623
-7729
-7861
-8040
-8299
-8362
-8308
-8229
-8083
-8078
-8272
-8603
-8846
-8907
-9066
-9269
-9345
-9334
-9354
-9299
-9214
-9143
-9112
-9162
-9293
-9392
-9427
-9360
-9155
-9084
-9089
-9136
-9238
-9396
-9492
-9524
-9548
-9451
-9188
-8871
-8637
-8420
-8240
-8158
-8200
-8314
-8444
-8571
-8648
-8719
-8887
-8973
-8930
-8765
-8447
-8094
-7738
-7343
-7118
-7004
-6777
-6480
-6259
-6147
-6050
-6249
-6603
-6922
-7149
-7071
-6831
-6599
-6353
-6387
-6495
-6463
-6264
-5740
-5013
-4199
-3431
-2572
-1940
-1438
-856
-329
148
536
917
1400
1681
1770
1761
1853
2159
2210
2396
2674
2832
3065
3432
3607
3834
4210
4290
4196
3961
3679
3410
3206
3260
3450
3477
3335
3198
3040
2835
2746
2711
2859
3011
3039
2890
2653
2288
1930
1784
1840
1938
1945
2050
2133
2105
2157
2358
2357
2619
2851
3045
3422
3723
4020
4262
4254
4254
4403
4377
4366
4081
3675
3396
3058
2543
2268
2374
2750
3100
3174
3212
3263
3086
3102
3335
3517
3813
3914
3836
3375
2870
2669
2889
3096
3271
3536
3780
4077
4193
4067
3621
3420
3364
3354
3638
3938
4295
4632
4673
4474
4210
3910
3524
3304
3038
2657
2354
1950
1561
1261
1090
1051
999
836
553
193
-212
-559
-684
-664
-649
-558
-702
-1156
-1514
-1919
-2205
-2408
-2610
-2655
-2701
-2735
-2758
-2687
-2416
-2273
-2288
-2351
-2419
-2459
-2504
-2394
-2089
-1794
-1693
-1662
-1785
-1869
-1852
-1820
-1696
-1628
-1578
-1592
-1694
-1681
-1512
-1260
-1078
-1036
-1227
-1444
-1543
-1502
-1330
-1148
-881
-728
-665
-761
-833
-923
-1022
-1001
-1018
-972
-948
-782
-432
-194
-231
-514
-853
-1253
-1375
-1074
-742
-403
-40
394
455
518
627
574
527
468
411
355
676
1016
1399
1687
1866
1946
1794
1735
1689
1794
1920
1926
2063
2155
2004
1805
1643
1524
1451
1472
1822
2209
2569
2965
3029
2819
2694
2759
2833
2903
2847
2663
2564
2448
2316
2193
2030
1873
1518
1069
796
741
774
677
582
408
132
8
-197
-369
-427
-484
-696
-1043
-1338
-1621
-1470
-1307
-1403
-1427
-1332
-1329
-1542
-1741
-1914
-1856
-1916
-1954
-1943
-2107
-2203
-2380
-2453
-2310
-2209
-2197
-2161
-2056
-1939
-1664
-1300
-1056
-725
-441
-180
-30
155
241
182
214
91
8
52
97
84
3
-226
-603
-852
-906
-902
-843
-830
-932
-950
-905
-1095
-1378
-1489
-1582
-1627
-1487
-1205
-859
-637
-532
-459
-343
-304
-158
23
129
301
458
685
763
947
1234
1449
1582
1556
1456
1451
1604
1975
2270
2165
2061
1700
1282
1082
1072
1217
1166
1095
1149
1321
1480
1515
1519
1387
1118
989
838
697
622
778
973
1128
1378
1673
1935
1973
1974
1970
1898
1623
1485
1411
1357
1465
1519
1411
1435
1617
2021
2162
2048
2057
1991
2158
2598
3153
3327
3502
3655
3800
3749
3420
3466
3623
3802
3869
3997
4411
4493
4152
3757
3714
3698
3591
3631
3553
3425
3386
3330
2961
2755
2630
2514
2461
2410
2533
2911
2932
2744
3003
3360
3471
3387
3209
2809
2764
2613
2263
2190
2440
2613
2568
2233
2016
2271
2377
2366
2376
2503
2631
2855
2965
2618
2414
2490
2675
2899
2952
3047
3313
3725
3980
4128
4249
4302
4356
4449
4499
4356
4396
4712
4598
4394
3910
3371
3091
2837
2684
2274
2033
2076
2087
1920
1728
1417
1208
854
714
560
276
144
301
688
1017
997
745
703
919
1297
1314
1504
1988
2534
2691
2539
2675
3122
3377
3420
3416
3465
3620
3755
3420
3287
3204
2929
2821
2595
2718
2821
2806
2849
2775
2502
2527
2690
2446
2158
2102
2137
2274
2400
2749
2927
2508
1957
1637
1119
652
706
1056
1508
1431
1629
1942
1748
1543
1591
2034
2509
2945
3011
3209
3466
3520
3489
3047
2945
2986
3029
3112
3421
3660
3587
3385
3116
2683
2376
2424
2361
2430
2596
2622
2667
2911
3111
3240
3293
3261
3347
3429
3141
2995
3162
3116
3104
3219
3209
3006
2651
2538
2698
2909
2873
2681
2570
2787
2959
2925
3294
3796
4305
4263
3954
4113
4285
4341
4586
4794
5202
5421
4954
4342
3605
3504
3562
3731
4319
4695
5241
5543
5711
5771
5618
5709
5988
6364
6498
6514
7029
7451
7417
7513
7685
7770
7971
7760
7398
7239
6863
6588
6480
6594
6539
6543
6661
6766
7061
7058
6941
6930
7073
7245
6831
6570
6733
6831
7282
7776
7799
7604
7838
7711
7631
8140
8387
8908
9265
9001
8808
9254
9453
9461
9556
9538
9221
8745
8955
9200
9247
8998
9035
9253
8918
8498
8508
8577
8460
8307
8211
8134
8198
8277
8241
8329
8053
7841
7750
7511
6972
6729
6921
7007
7253
7342
7222
7113
7129
7146
7022
7157
7524
7770
8105
8011
7948
8008
7919
7941
7528
7141
6971
6904
6740
6495
6766
7317
7407
6900
6411
6505
6709
6888
6816
6297
6085
5824
5806
6031
5589
5076
4835
4782
5261
5419
5081
5245
5768
5974
5765
5216
4594
4793
4930
4635
4636
4827
4644
4177
4352
4628
4714
5102
5593
5831
5906
5630
5046
4359
3641
3181
2716
2094
1508
884
728
924
847
703
678
595
699
767
481
184
-109
-128
-128
-279
-705
-720
-753
-1118
-1322
-1636
-1727
-1540
-1215
-1142
-1252
-1487
-1279
-962
-698
-587
-819
-943
-1096
-1146
-827
-347
-148
357
1015
1389
1462
1193
742
907
1202
1201
1552
1583
1024
563
645
499
759
1547
1870
2064
2139
1866
1833
1962
2072
1883
1821
2239
2236
2511
2619
3049
3482
3453
3833
4065
3775
3449
3782
4295
4704
4390
3815
3919
4067
4136
4451
4438
4354
4171
4081
4163
4166
4036
4234
5005
4867
4709
4535
3960
3397
3254
3731
4013
4173
4142
4098
4014
3764
3420
3095
3035
3387
3614
3480
3446
3842
4072
3906
3710
3625
3498
3208
3028
2910
2684
2445
2519
2283
1836
1487
1239
751
573
983
1182
1333
1263
781
614
168
-618
-766
-645
-263
17
-8
-245
-362
-289
15
-56
-193
-196
-60
137
275
254
46
83
-138
-427
-750
-595
-552
-103
440
717
708
439
65
-439
-589
-782
-736
-1142
-1638
-2275
-2647
-2854
-2774
-2664
-2845
-2919
-3248
-3938
-5089
-5697
-5961
-5582
-5603
-5621
-5168
-5173
-5017
-4958
-4971
-5067
-5102
-4988
-4824
-4988
-5247
-5513
-5593
-5082
-4954
-4854
-4569
-4631
-4960
-4891
-4589
-4571
-4573
-4191
-3294
-2732
-2377
-2263
-2220
-2207
-2314
-2271
-1857
-1434
-1266
-1171
-1051
-576
-132
-131
-429
-199
238
321
272
535
849
759
590
336
31
-64
25
217
245
189
237
95
194
85
-201
-247
-261
-123
-146
-290
-86
303
269
299
353
260
351
623
612
623
832
727
551
630
530
316
-13
-292
7
54
-144
-365
-461
-655
-1143
-1076
-805
-1021
-1481
-1754
-1496
-1221
-1319
-1553
-1334
-1132
-1114
-992
-640
-101
-41
-684
-1476
-1721
-1599
-1801
-1603
-407
412
711
566
792
1061
1136
1464
1426
1283
1302
1444
1565
1502
1339
1387
1328
1089
1014
811
396
158
342
557
392
118
43
-44
9
422
654
726
850
725
470
573
841
969
949
962
1159
1440
1316
1149
1167
1278
1206
1137
1161
1068
1077
1089
673
267
174
-49
-514
-1125
-1481
-2087
-2173
-1998
-1784
-1447
-1489
-2161
-2582
-2728
-2714
-2367
-2479
-2783
-2899
-2279
-1962
-2047
-2693
-3171
-2704
-2413
-2155
-2029
-1556
-927
-818
-763
-713
-742
-1036
-1220
-1522
-1555
-1484
-1530
-1494
-1347
-821
-752
-811
-833
-819
-636
-353
-163
59
215
286
639
831
1116
1402
1532
1770
1803
1699
1549
1420
1436
1573
1671
1524
1738
2342
3065
3403
3330
3417
3394
3093
2796
2987
3331
3841
4292
4202
3665
3496
3721
4027
3948
3874
3906
3211
2788
2839
2671
2596
3117
3604
4180
4508
4552
4606
4463
4404
4627
4765
4636
4637
4908
4792
4483
4503
4411
4126
3621
3369
3308
3181
3169
3581
3775
3824
3894
3984
3896
3410
2851
2541
2810
2919
2851
2613
2343
2329
2470
2531
2670
2608
2471
2712
2985
2913
2819
2949
2764
2379
2215
2102
1943
1382
707
488
403
355
230
220
108
-138
-431
-836
-1444
-2018
-2580
-3033
-3607
-4036
-4512
-5200
-5549
-5667
-5631
-6080
-6008
-5840
-6106
-6381
-6759
-7210
-7595
-7003
-6594
-6632
-6348
-6481
-6300
-5881
-5586
-5317
-5279
-5187
-4953
-4661
-4488
-4114
-3875
-3423
-2958
-3140
-3135
-3258
-3394
-3690
-3655
-3123
-2933
-3070
-3022
-2621
-2567
-2848
-3508
-3751
-3701
-3878
-4541
-5071
-4903
-4665
-4362
-4343
-4507
-4521
-4811
-5062
-5001
-4698
-4596
-4674
-4811
-5269
-4925
-4209
-4181
-4615
-4944
-5085
-5238
-5251
-4920
-5043
-5362
-5461
-5264
-4792
-4844
-4991
-4832
-4620
-4631
-4754
-4758
-5170
-5536
-5621
-5987
-6026
-6029
-5649
-5158
-5188
-5663
-5696
-5132
-5315
-5577
-5554
-5519
-4962
-4803
-5027
-4852
-4819
-4927
-5031
-5214
-4940
-4046
-4065
-4015
-4227
-4126
-3961
-4421
-3956
-3989
-3740
-3571
-4063
-3819
-2741
-2547
-2755
-2139
-1819
-1539
-1465
-1929
-2372
-2536
-2247
-2198
-2117
-1977
-2456
-2847
-2948
-2751
-2440
-2271
-1916
-1621
-1845
-1764
-1403
-1454
-1439
-1164
-788
-588
-1017
-1502
-1620
-1567
-1147
-992
-1296
-1134
-677
-245
13
55
349
586
850
632
714
782
609
1402
2003
2218
2467
2568
2621
2840
2920
2859
2690
3094
3536
3412
3044
2832
2242
2096
2271
1851
1729
1377
1506
1669
1282
1167
1130
831
470
180
301
352
340
92
-278
-305
-374
-870
-1393
-1465
-1300
-970
-1029
-1305
-1589
-1416
-1502
-1650
-1576
-1679
-961
-217
-90
-137
108
553
986
980
862
1005
1040
899
931
1137
1208
1444
1463
1023
438
214
32
-31
163
768
1184
1211
1445
1243
1118
1404
1238
679
580
595
539
48
-261
-64
50
144
-141
-169
135
333
147
-529
-1101
-1311
-1112
-227
-65
-384
-120
-136
-303
-792
-1085
-928
-1012
-1107
-919
-704
-591
-270
94
-209
-775
-782
-757
-560
-618
-714
131
944
1310
1301
1162
1128
1420
1877
2193
2234
2151
2095
2257
2370
2190
2274
2406
2125
1693
1679
1278
1038
1280
1573
1781
1532
1426
1588
1709
1732
1644
1680
1832
1977
2098
1848
1755
1930
2146
1801
1707
1847
1838
1772
1782
2151
1701
1431
1511
1639
1421
1198
1557
1580
1297
1100
820
467
154
-357
-607
-691
-1039
-1171
-1194
-1327
-1596
-1758
-1787
-1750
-1573
-1843
-2124
-2237
-2393
-2304
-1943
-2259
-2411
-1833
-1555
-1506
-1779
-2137
-2571
-2445
-1854
-2244
-3065
-3229
-2555
-2457
-3011
-3113
-2792
-2424
-2569
-2727
-2601
-2657
-2707
-2890
-3293
-3281
-3150
-2725
-2153
-1885
-2181
-2350
-2084
-2268
-2782
-3144
-3130
-2941
-3130
-3106
-2599
-2085
-1675
-2012
-2705
-3116
-3635
-3601
-2857
-2241
-1697
-1030
-774
-772
-311
-165
308
735
1039
1526
1392
1228
982
756
715
323
164
-386
-1150
-1863
-2624
-2873
-3148
-3485
-4094
-4201
-4025
-3668
-3720
-3629
-3376
-3208
-3128
-3550
-3226
-2612
-2127
-1242
-358
-175
195
437
538
763
1047
1725
2474
2871
3237
3827
4066
3954
3958
3994
4215
4479
4385
4479
4470
4492
4774
5034
5335
5474
5133
4348
3750
3248
2909
2882
2725
2618
2573
2309
1343
189
-271
-354
-499
-373
28
267
342
229
-202
-572
-764
-1000
-1231
-1240
-1198
-1407
-1616
-1902
-2145
-2448
-2833
-3032
-3271
-3323
-2973
-2725
-2624
-2603
-2601
-2487
-2292
-2187
-2329
-2151
-1812
-1976
-2265
-2313
-1944
-1643
-1694
-1409
-1206
-1246
-1048
-781
-319
124
370
806
1260
1634
2152
2406
2027
1616
1593
1998
2403
2362
2336
2430
2464
2221
1750
1749
1799
1707
1435
1334
1422
1484
1553
1490
1455
1157
895
474
304
215
-96
-661
-1289
-1777
-2365
-2892
-3297
-3668
-3965
-4112
-4131
-3761
-3725
-3945
-4135
-4438
-4851
-4778
-4571
-4777
-4957
-4991
-4800
-4592
-4370
-4142
-3744
-3266
-3071
-3193
-3237
-3243
-3129
-3131
-3441
-3529
-3435
-3256
-3139
-3316
-3514
-3483
-3429
-3434
-3792
-4222
-4426
-4423
-4481
-4641
-4853
-5115
-5334
-5442
-5481
-5680
-5906
-6237
-6544
-7023
-7470
-7636
-7602
-7565
-7418
-7210
-7117
-6973
-6871
-6799
-6899
-7118
-7023
-6611
-6330
-5907
-5123
-4435
-4127
-4396
-4943
-5262
-5484
-5011
-4675
-4522
-4573
-4995
-4666
-4521
-4551
-4806
-4996
-5060
-5093
-4780
-4696
-4786
-4723
-4699
-4918
-5065
-5256
-5462
-5664
-6027
-6432
-6363
-6111
-6035
-5900
-5985
-6412
-7031
-7874
-8830
-9345
-8981
-8398
-7695
-6708
-6290
-6114
-6170
-6496
-6769
-6738
-6325
-6160
-6194
-6822
-7569
-8128
-8849
-9081
-8891
-8828
-8924
-9023
-9052
-8701
-8368
-8387
-8601
-8652
-8626
-8777
-8904
-9249
-9513
-9434
-9440
-9628
-9598
-9498
-9382
-9189
-9248
-9458
-9503
-9347
-9093
-8953
-8963
-9091
-9120
-9035
-8969
-8581
-8026
-7659
-7547
-7172
-6732
-6798
-6972
-6743
-6449
-6235
-5836
-5409
-5011
-4467
-3789
-3340
-3147
-3133
-2935
-2692
-2628
-2622
-2437
-2268
-2131
-2133
-2004
-1835
-1936
-2264
-3018
-3688
-3997
-3850
-3763
-3640
-3436
-3334
-3491
-4041
-4366
-4334
-4061
-3904
-3825
-3509
-3573
-3678
-3791
-3669
-3439
-3269
-2648
-2218
-2053
-1796
-1232
-991
-1239
-1522
-1743
-1918
-1874
-1848
-1973
-2140
-2187
-2550
-2927
-3209
-3337
-3577
-4039
-4044
-4220
-4241
-4329
-4566
-4984
-5558
-6014
-6285
-6441
-6636
-6728
-6960
-7332
-7427
-7366
-7358
-7134
-6581
-6339
-6164
-5729
-5528
-5272
-4988
-4865
-4775
-4641
-4816
-5224
-5647
-5907
-6021
-6178
-6113
-5823
-5718
-5384
-5035
-5220
-5307
-5420
-5440
-5344
-5362
-5254
-5268
-5242
-5121
-5196
-5246
-5327
-5495
-5536
-5597
-5818
-5800
-5338
-4831
-4539
-4326
-4080
-3833
-3658
-3562
-3386
-3156
-3267
-3545
-3892
-4206
-4169
-4221
-3631
-3072
-3193
-3037
-3356
-3779
-3928
-3897
-3642
-3885
-4218
-4333
-4255
-3967
-4019
-4072
-3841
-3612
-3844
-3929
-4136
-4728
-5134
-5522
-5828
-6526
-6895
-7299
-7670
-7592
-7728
-7812
-7558
-7322
-6935
-6429
-6361
-5956
-5747
-5417
-4798
-5140
-5989
-6666
-7140
-7416
-7529
-7638
-7141
-6529
-6688
-7212
-7722
-8297
-8858
-9206
-9345
-9443
-9600
-9790
-9743
-9458
-9374
-9367
-9522
-9521
-9445
-9559
-9415
-9026
-8753
-8643
-8453
-8144
-7912
-7345
-7137
-7179
-7046
-6747
-6293
-6277
-5806
-5900
-6140
-5863
-5855
-5453
-4821
-4628
-4872
-5412
-5918
-6483
-7421
-8029
-7858
-7585
-7694
-7951
-8089
-8209
-8553
-8919
-8797
-8368
-8568
-8620
-8505
-8382
-7746
-7389
-7365
-7410
-7629
-7887
-8089
-8396
-8780
-9211
-9571
-9962
-10346
-10582
-10654
-10730
-10771
-10680
-10970
-11317
-11193
-10848
-10615
-10415
-10102
-9815
-9433
-9236
-9200
-8710
-8390
-8313
-8531
-8493
-8186
-8188
-7593
-7039
-6990
-6755
-6310
-6139
-6467
-6781
-6565
-6367
-6277
-6181
-6307
-6238
-5765
-5437
-5335
-5185
-5143
-5242
-5295
-5079
-4443
-3990
-3738
-3424
-3227
-2702
-2380
-2412
-2301
-1847
-1308
-723
24
715
973
844
832
598
418
794
1142
1204
1480
1451
933
389
136
528
833
925
1443
1925
1989
2031
2132
2179
1967
1713
1695
1748
1662
1380
1487
1655
1288
975
764
488
233
276
235
-194
-615
-695
-654
-724
-849
-1066
-1033
-1182
-1530
-1903
-1993
-1871
-1957
-2326
-2502
-2645
-2956
-2910
-2928
-2907
-2910
-2975
-2998
-2977
-3265
-3472
-3402
-3326
-3423
-3645
-3742
-3838
-3936
-4270
-4510
-4776
-4643
-4073
-3802
-3841
-4041
-4260
-4359
-4400
-4356
-4198
-4074
-3894
-3687
-3717
-3681
-3561
-3359
-3066
-2892
-2491
-2244
-2047
-2164
-2586
-2943
-3294
-3467
-3285
-2899
-2884
-2824
-2742
-2951
-3404
-3744
-3851
-3810
-3680
-3430
-3348
-3687
-3965
-4139
-4082
-3746
-3685
-3759
-3879
-4167
-4321
-4415
-4216
-3960
-3340
-2767
-2918
-3117
-3230
-3324
-3488
-3669
-3784
-3482
-3103
-3247
-3301
-3256
-3282
-3310
-3391
-3350
-3426
-3572
-3721
-3993
-4299
-4501
-4652
-4583
-4702
-4952
-5034
-4970
-4865
-4938
-4892
-4873
-5011
-5081
-5056
-5181
-5446
-5718
-5627
-5388
-5149
-4994
-4794
-4981
-5690
-6057
-6344
-6513
-6414
-6133
-5798
-5558
-5509
-5601
-5762
-6021
-6118
-6070
-5948
-5968
-5900
-5533
-5248
-5084
-5087
-4962
-4716
-4487
-4117
-3777
-3534
-3385
-3285
-3264
-3407
-3457
-3415
-3161
-3097
-3387
-3373
-3381
-3599
-3724
-3969
-4222
-4511
-4949
-5091
-5180
-5091
-5121
-5267
-5197
-4984
-4726
-4840
-4545
-4134
-3973
-3899
-3841
-3519
-3327
-3284
-3281
-3155
-3014
-2983
-3093
-3099
-2874
-2879
-2656
-2237
-1922
-1703
-1700
-1850
-1899
-1875
-1779
-1159
-1240
-1917
-2175
-2584
-2975
-3033
-2903
-2591
-2403
-2055
-1715
-1698
-1902
-2035
-1947
-1970
-1992
-2054
-1966
-2082
-2316
-2560
-2613
-2459
-2655
-2920
-2748
-2356
-2009
-1965
-2348
-2643
-2524
-2580
-2685
-2657
-2836
-2548
-2235
-2178
-2232
-2026
-1620
-1360
-1182
-891
-643
-725
-1222
-1743
-1820
-2033
-2080
-2204
-2389
-2310
-1922
-1567
-1878
-2170
-2092
-1775
-1570
-1366
-1372
-1477
-1591
-1950
-2072
-2228
-2136
-2111
-2216
-2506
-2493
-2031
-2198
-2852
-3563
-4054
-4402
-4698
-4965
-5040
-5198
-5004
-4773
-4711
-4753
-4973
-4993
-4893
-4838
-4867
-4720
-4363
-3759
-3099
-2767
-2417
-1795
-1576
-1573
-1641
-1832
-2154
-2164
-1964
-1619
-1100
-551
124
850
1415
1598
1670
1529
1516
1662
2086
2245
2146
2384
2950
3416
3616
3948
4335
4374
4251
4454
4683
4665
4494
4650
4651
4601
4586
4493
4466
4423
4577
4387
4335
4440
4319
4518
4791
4819
4771
4966
4923
4873
5225
5429
5209
4941
4969
5119
5288
5085
4770
4691
4676
4332
3961
3664
3365
3272
3162
3216
3420
3410
3360
3247
3006
2833
2625
2353
1850
1425
1346
1511
1724
1719
1417
1083
751
665
621
328
-35
-122
118
0
-261
-533
-564
-624
-620
-535
-443
-431
-846
-1416
-1545
-1205
-1100
-874
-734
-515
-266
-185
-246
-490
-535
-675
-822
-923
-980
-992
-1172
-1410
-1611
-1727
-1947
-2110
-1997
-1987
-2201
-2289
-2436
-2386
-2394
-2807
-3135
-3525
-3561
-3821
-4031
-3997
-3931
-4114
-4381
-4165
-3874
-3431
-3304
-3444
-3733
-3726
-3688
-3715
-3324
-3058
-2929
-2784
-2614
-2258
-2311
-2532
-2288
-1905
-1679
-1656
-1424
-1298
-1434
-1757
-2212
-2470
-2596
-2508
-2079
-1796
-1921
-2028
-1935
-1837
-1606
-1431
-1763
-1905
-1777
-1823
-1747
-1523
-1579
-1504
-1373
-1129
-824
-747
-562
-580
-735
-791
-376
-71
32
26
144
376
346
279
209
420
441
118
-286
-905
-1220
-1308
-1452
-1382
-1028
-722
-817
-1017
-940
-667
-964
-1040
-589
-27
276
397
542
681
893
896
1031
1187
1123
699
655
855
861
992
986
955
892
1020
1070
879
708
534
561
425
315
284
266
350
258
-51
-407
-745
-1008
-1002
-953
-1348
-1819
-2011
-2181
-2310
-2212
-1999
-1965
-2172
-2303
-2303
-2307
-2248
-2318
-2299
-2131
-1973
-1977
-1902
-1883
-2141
-2328
-2368
-2356
-2313
-2478
-2766
-2766
-2660
-2622
-2718
-2841
-3101
-3232
-3317
-3520
-3661
-3683
-3573
-3368
-3109
-3122
-3253
-3280
-3248
-3122
-2948
-2969
-3112
-3143
-3179
-3194
-3212
-3346
-3308
-3413
-3786
-4395
-4931
-5000
-5004
-4449
-3876
-3936
-3978
-3738
-3508
-3508
-3622
-3910
-4316
-4627
-5003
-5371
-5622
-5660
-5334
-5013
-4643
-4508
-4391
-4287
-4592
-4833
-5056
-4928
-4574
-4298
-3817
-3279
-2738
-2378
-2299
-2280
-2102
-1750
-1367
-1211
-1528
-1805
-1743
-1531
-1539
-1698
-1909
-2052
-2272
-2895
-3282
-3412
-3239
-3218
-3575
-3910
-4240
-4392
-4215
-4192
-4286
-4446
-4436
-4148
-4037
-3753
-3527
-3591
-3596
-3485
-3413
-3242
-3284
-3374
-3299
-3034
-3063
-3158
-3118
-2944
-2766
-2797
-2742
-2669
-2399
-2301
-2165
-2116
-1948
-1719
-1484
-1366
-1383
-1049
-722
-395
-293
-553
-734
-615
-351
55
580
827
862
880
800
755
642
481
524
421
115
-117
-417
-654
-765
-780
-891
-912
-928
-836
-721
-684
-459
-455
-632
-882
-756
-325
203
550
855
936
805
1039
1183
1416
1667
1453
780
171
-193
-300
-284
-360
-491
-1058
-1851
-2480
-2865
-3071
-3091
-3067
-3117
-3214
-3539
-4202
-4888
-5002
-5192
-5560
-6003
-6350
-6398
-6322
-6038
-5819
-5597
-5366
-4994
-4869
-4620
-4229
-4108
-4334
-4545
-4753
-4962
-4632
-4111
-3422
-2890
-2381
-2356
-2336
-2200
-2411
-2427
-2379
-2262
-1895
-1581
-1805
-2258
-2771
-3045
-3603
-4060
-4087
-4354
-4762
-5312
-5501
-5799
-6161
-6153
-6083
-5959
-6008
-6010
-6015
-5998
-6223
-6404
-6270
-6061
-5843
-5753
-5709
-5622
-5478
-5538
-5327
-4955
-4373
-3790
-3516
-3182
-3050
-2978
-2928
-3033
-2996
-2785
-2626
-2614
-2527
-2447
-2397
-2343
-2488
-2563
-2634
-2575
-2397
-2506
-2789
-2685
-2334
-2326
-2335
-2363
-2421
-2471
-2499
-2544
-2573
-2212
-2329
-2046
-1476
-1605
-1672
-1689
-1652
-1779
-1835
-2010
-2403
-2445
-2261
-2108
-2288
-2725
-2744
-2848
-3314
-3709
-3896
-4078
-4653
-5001
-5280
-5436
-5548
-5680
-5652
-5724
-5919
-5966
-5714
-5793
-5909
-5881
-6075
-6413
-6501
-6863
-7152
-7354
-7473
-7232
-7220
-7142
-7004
-6845
-6735
-6378
-5977
-5818
-5939
-6207
-6343
-6520
-6613
-6421
-6415
-6539
-6525
-6460
-6469
-6749
-7053
-7367
-7623
-7712
-7820
-8052
-8214
-8291
-8451
-8540
-8636
-9007
-9352
-9612
-9826
-10078
-10166
-10365
-10784
-11026
-11085
-11195
-11498
-11860
-12228
-12539
-12964
-13081
-12990
-12724
-12504
-12305
-11979
-11853
-12054
-12565
-13106
-13536
-13572
-13309
-12790
-12417
-12159
-11878
-11882
-11979
-12139
-12038
-11562
-11040
-10360
-9833
-9651
-9626
-9721
-9991
-10205
-10271
-10240
-10171
-10237
-10277
-10539
-10836
-11078
-11386
-11619
-11797
-11851
-11915
-12161
-12362
-12362
-12332
-12398
-12484
-12522
-12421
-12561
-13003
-13335
-13655
-13942
-14163
-14305
-14538
-14872
-15221
-15611
-16074
-16628
-17068
-17292
-17389
-17398
-17307
-17138
-16841
-16426
-15891
-15243
-14615
-14113
-13607
-12969
-12344
-11786
-11238
-10754
-10415
-10388
-10835
-11183
-11241
-11245
-11075
-10772
-10333
-10118
-9989
-9819
-9518
-9344
-9312
-9097
-9019
-8993
-8968
-9004
-8993
-9002
-9042
-8943
-8873
-8748
-8680
-8678
-8581
-8263
-8075
-7954
-7689
-7721
-7787
-7996
-8128
-8208
-8076
-7672
-7335
-7164
-7345
-7556
-7894
-8198
-8348
-8419
-8204
-7764
-7430
-7452
-7955
-8418
-8569
-8627
-8402
-7629
-6734
-6382
-5839
-5137
-4917
-4686
-4150
-3554
-3081
-2883
-3086
-3529
-3956
-4189
-4085
-3841
-3298
-2827
-2838
-2790
-2988
-3154
-3053
-2976
-3005
-2923
-2889
-3000
-3058
-2882
-2926
-3128
-3022
-3223
-3217
-2936
-2761
-2826
-3069
-3308
-3307
-3229
-3159
-3214
-3321
-3398
-3667
-4016
-4491
-4882
-4935
-4636
-4214
-3820
-3776
-3750
-3652
-3542
-3358
-3165
-3042
-2998
-2938
-2887
-2866
-2899
-3273
-3658
-3838
-4167
-4459
-4687
-4913
-5196
-5566
-5935
-6329
-6914
-7475
-7849
-8073
-8056
-7953
-8050
-8255
-8503
-8568
-8611
-8734
-8812
-8835
-8789
-8780
-8805
-8900
-8966
-8925
-8911
-8851
-8638
-8384
-8220
-8259
-8406
-8596
-8746
-8878
-8887
-8910
-8793
-8694
-8729
-8685
-8543
-8305
-8152
-8106
-8290
-8563
-8522
-8313
-8417
-8553
-8599
-8481
-8293
-8084
-7963
-7875
-7738
-7727
-7701
-7697
-7794
-7788
-7485
-7302
-7405
-7544
-7520
-7404
-7284
-7619
-8012
-8270
-8608
-8965
-9252
-9178
-9095
-8829
-8654
-8482
-8452
-8521
-8236
-8089
-8011
-8049
-8138
-8239
-8396
-8530
-8526
-8471
-8509
-8506
-8413
-8406
-8569
-8817
-8991
-9005
-9061
-8990
-8861
-8790
-8700
-8482
-8284
-8333
-8486
-8516
-8460
-8545
-8660
-8609
-8578
-8752
-9085
-9381
-9517
-9589
-9831
-10201
-10409
-10523
-10453
-10405
-10253
-10056
-10066
-10059
-9891
-9588
-9208
-8911
-8689
-8634
-8815
-9117
-9452
-9611
-9581
-9325
-8978
-8555
-8251
-8097
-8089
-7885
-7327
-6790
-6302
-5843
-5661
-5670
-5698
-5836
-5801
-5611
-5787
-6021
-6009
-6208
-6271
-6548
-6958
-7130
-7223
-6862
-6221
-5774
-5510
-5331
-5516
-5858
-6374
-6902
-7504
-8017
-7998
-7597
-7267
-6920
-6212
-5585
-5308
-5381
-5153
-4997
-4719
-4364
-3935
-3429
-3097
-2561
-2404
-2455
-2446
-2243
-2173
-2208
-2171
-1992
-1750
-1678
-1691
-1933
-2060
-2026
-2027
-1864
-1537
-1242
-1210
-1326
-1430
-1171
-658
-262
174
637
1363
1971
2505
3118
3608
4048
4378
4857
5243
5502
5611
5456
5199
4804
4675
4841
4686
4355
4212
3964
3680
3452
3360
3416
3337
3233
3167
2879
2585
2823
2990
3103
3802
4392
4611
4887
5238
5498
5982
6462
6505
6520
6487
6375
6475
6526
6400
6224
5996
6038
5991
5748
5518
5352
5668
5970
6066
6061
6084
6220
6336
6309
6371
6571
6757
7133
7578
7951
8054
7791
7336
7160
7040
6904
6485
5848
5309
5080
5228
5379
5262
4848
4315
3726
3470
3395
3730
4141
4199
4254
4284
4351
4495
4567
4681
4731
5043
5461
5470
4954
3815
2626
1953
1888
1917
1796
1819
1705
1369
1159
844
911
1315
1495
1854
2292
2475
2482
2520
2868
3031
3134
3462
3599
3948
4367
4546
4873
4937
4853
4785
4613
4567
4248
4010
3949
3969
4000
4140
4287
4204
3986
3715
3597
3334
3041
2768
2515
2520
2511
2300
2072
1933
1888
1821
1655
1457
1401
1434
1688
1893
1853
1809
1878
2109
2225
2495
2718
2706
2823
2937
2946
2911
2997
3173
3306
3445
3872
4437
4604
4707
4643
4551
4588
4438
4411
4321
4265
4356
4169
4024
4031
4020
3965
3783
3707
3681
3792
3859
3843
3801
3784
3589
3422
3714
4084
4426
4448
4714
5185
5261
5320
5300
5120
5113
5337
5520
5262
4928
4603
4360
4456
4572
4786
4857
5142
5368
5316
5335
5242
5223
5581
5849
5902
5815
5734
6017
6170
6230
6366
6507
6619
6751
6791
6728
6760
6770
6701
6554
6433
6568
6629
6578
6599
6624
6697
6733
6616
6661
6454
6144
6053
6064
6347
6633
6853
6827
6680
6487
6348
6124
6095
6162
5965
5671
5337
4945
4731
4513
4368
4424
4517
4763
5015
5295
5443
5463
5367
5365
5371
5454
5483
5428
5295
5072
5011
4831
4636
4641
4839
4814
4803
4566
4081
3976
3869
3674
3558
3488
3293
3074
2879
2691
2528
2577
2767
2697
2475
2286
2210
2279
2218
2286
2295
2242
2267
2484
2851
2829
2605
2292
2148
2077
2272
2526
2769
3264
3406
3382
3365
3203
3150
3153
3064
2864
2646
2472
2360
2312
2135
1686
1476
1521
1590
1679
1745
1672
1476
1266
725
409
286
227
347
615
862
821
651
562
600
619
639
786
910
976
1287
1570
1709
1926
1921
1893
1862
1664
1664
1639
1653
1691
1619
1718
1679
1512
1551
1569
1538
1409
1277
1071
748
499
508
712
869
1014
1039
940
815
813
695
382
133
-24
-112
-213
-263
-102
105
337
538
600
714
825
954
1170
1576
2062
2614
3154
3515
3923
4407
4895
5161
5232
5082
5048
5014
5063
5320
5480
5593
5620
5999
6341
6669
7020
7505
7889
7928
8114
8123
8257
8078
7871
7926
8054
8257
8084
7812
7615
7609
7722
7911
8095
8227
8187
8140
8098
8252
8369
8489
8352
8299
8392
8468
8768
8854
9169
9038
8905
8894
8995
9233
9105
8935
8765
8707
8888
8923
8633
8438
8509
8601
8675
8793
8922
8852
8784
8785
8603
8570
8688
8859
8938
8978
9306
9816
9785
9718
9835
9930
10091
10156
10118
9849
9440
8990
8515
8157
8221
8296
8326
8148
7508
6926
6476
6025
5685
5559
5486
5277
4957
4589
4617
5030
5339
5451
5333
5204
5341
5678
5920
6169
6128
6007
6006
5810
5369
5014
4724
4571
5193
5820
6061
6372
6638
6723
6778
6673
6659
6677
6693
6689
6680
6667
6654
6670
6615
6572
6556
6640
6583
6460
6300
6243
6469
6738
7062
7481
7609
7605
7490
7465
7508
7547
7700
7703
7611
7488
7543
7533
7260
6947
6767
6722
6838
6911
6739
6642
6679
6877
7152
7362
7570
7680
7972
8323
8525
8420
7835
7349
7203
7109
7581
8294
8493
8500
8314
8353
8547
8902
9081
8990
9877
10848
11072
11172
11711
12407
12576
12670
12707
12726
13376
13922
13981
13865
13777
14139
14696
15050
15099
15164
15316
15900
16148
15887
15829
15943
16194
16272
16089
15942
16060
16047
16455
16875
16788
16762
17045
17232
17171
17188
17190
17193
17275
17261
17042
16469
16082
16346
16377
16009
15909
15998
15972
15856
15585
15332
15141
15029
14879
14679
14264
14118
14125
14053
13706
13644
13629
13275
13193
13108
13059
12798
12498
12272
12701
12801
12658
12343
12226
12549
12713
12856
12629
12730
12914
13041
13225
13418
13477
13421
13581
13933
14196
14211
14178
14246
14253
14446
14363
13901
13666
13721
13365
13207
13542
13420
13421
13549
13505
13054
12753
12366
12058
11855
11723
12095
12209
12216
12232
12073
12036
11980
11967
12076
11880
11697
11748
11792
11979
12252
12437
12629
12712
12833
12800
12766
12731
12762
12774
12630
12457
12029
11532
11187
11335
11636
12009
12720
13009
12800
12532
12412
12359
12133
11950
11809
11750
11840
11978
12159
12106
11788
11444
11164
11079
10943
10586
10635
11029
11067
11364
11219
10916
10477
10286
10962
11131
10880
10633
10568
10365
10358
10346
10337
10195
9985
10013
9806
9488
9310
8834
8636
8831
8663
8216
7974
7931
7768
7705
7311
7158
7396
7532
7493
7870
8078
8134
8660
8795
8910
8819
8481
8424
8574
8392
8041
8000
8096
8206
8189
8300
8348
8244
7868
7529
7298
7307
8031
8322
8088
8077
8040
8089
8334
8274
8347
8635
8895
9186
9038
8675
8777
9105
9390
9822
10027
10067
10319
10312
9951
9865
10455
10725
10420
10247
10177
9750
9269
9150
8255
8028
8338
8128
8170
8516
8831
8807
8752
8721
8909
8768
8499
8476
8592
8305
7944
7947
7915
8021
8188
8133
7921
8016
7977
7789
6996
6454
6342
6258
6464
6026
5795
5905
6066
5898
5475
4991
5076
5246
4985
4988
5067
5055
5126
4995
4534
4649
4635
4467
4463
4705
4705
4582
4855
5223
5319
5457
5263
5188
5939
6913
7566
7225
6140
4744
3815
3099
2516
2054
2454
3285
3813
4052
4413
4658
4439
4348
4204
4155
4029
4098
4308
4795
5218
5392
5455
5584
6084
6578
6810
6859
7087
7549
8040
8582
8819
8865
8916
9019
8908
8429
8150
7610
7237
7277
7189
7137
6887
6353
5724
5284
5394
5500
5396
5297
5150
4906
4799
5059
5520
5557
5291
5085
4829
4561
4457
4394
4679
5292
5362
5183
4800
4131
3625
3544
3159
3082
3497
3689
3455
3334
3560
3719
4104
4417
4727
4885
5098
5272
5244
5046
4895
5003
5030
4911
4870
4937
4947
4880
4786
4772
4618
4620
4861
5137
5226
5354
5675
5729
5514
5309
5060
5116
5446
5311
5318
5350
4848
4228
3888
3968
4182
4326
4634
4879
4860
4905
4921
4777
5085
5406
5817
6252
6220
6300
6448
6737
6498
6442
6727
6764
6911
6912
7295
7502
7472
8103
8465
8508
8457
8344
8434
8463
8516
8686
8682
8600
8687
8731
8590
8342
8458
8847
9026
8973
8817
8658
8600
8544
8542
8380
8351
8475
8792
8920
8758
8627
8461
8436
8604
8784
8557
8524
9077
9880
9968
9476
8784
8262
7985
7919
8139
8409
8509
8368
8363
8309
8089
7887
7995
8316
8682
8768
8610
8556
8597
8449
8129
7700
7268
7138
7422
8117
8532
8338
8326
8394
8372
8551
8641
8741
8670
8681
9208
9293
8765
8485
8487
8498
8555
8621
8551
8532
8319
8256
8485
8543
8703
8656
8276
8114
7962
7682
7657
7777
8027
8263
8513
8752
8710
8587
8543
8478
8405
8094
7952
8239
8433
8567
8821
9145
9047
8881
8711
8714
9150
9216
9045
9168
9329
9224
9196
9270
9729
10446
11049
11282
10902
10595
10013
9521
9409
9420
9707
9794
9926
10098
10137
9901
9583
9811
9746
9350
9154
9313
9962
10458
10739
10929
10967
10979
11044
11029
11066
10872
10694
10643
10522
10293
10016
9903
9789
9884
9888
9902
9946
9759
9362
9008
8938
9304
9791
9775
9340
9060
9170
9250
9158
9176
9329
9241
9123
9144
9052
8819
8366
8033
7971
7855
7577
7163
6880
6702
6472
6116
5900
5767
5678
5639
5650
5645
5658
5682
5642
5698
5698
5673
5418
5222
4957
5005
5133
5040
5389
5429
5281
5295
5292
5370
5336
5462
5704
5828
5832
5599
5326
5151
5108
5080
5028
5181
5201
5014
4685
4312
4185
3793
3288
2896
2509
2180
1763
1515
1530
1464
1208
1039
1108
901
594
217
-147
-322
-475
-340
-93
100
160
294
451
583
534
518
489
219
75
229
502
598
668
654
727
410
-130
-388
-468
-501
-571
-557
-507
-379
-369
-457
-620
-795
-769
-470
-317
-317
-207
-192
-117
-117
-274
-373
-168
311
516
501
395
346
459
707
964
951
787
623
341
47
141
439
656
802
837
664
393
152
-16
137
409
264
-186
-595
-828
-929
-872
-833
-920
-834
-613
-502
-615
-551
-257
94
432
666
969
1191
1300
1546
1713
1808
1939
1810
1876
1983
1998
2077
2152
2287
2459
2523
2377
2292
2176
2351
2682
2881
3165
3446
3507
3592
3583
3424
3252
3033
2920
3011
3343
3456
3620
3908
4357
4603
4308
4125
3932
3580
3101
2410
1884
1605
1493
1522
1569
1648
1663
1679
1697
1934
2038
1979
1849
1613
1534
1471
1591
1801
1939
2189
2401
2634
2840
2997
3267
3461
3538
3628
3760
3844
3898
3838
3886
3815
3748
3768
3781
3745
3552
3377
3319
3413
3143
2760
2625
2579
2355
2129
2056
2050
2090
1915
1897
2058
2152
2327
2335
2403
2605
2743
2903
3117
3313
3634
3811
3759
3984
4215
4395
4589
4553
4500
4616
4708
4767
4794
4911
5204
5558
5889
6140
6104
6180
6406
6518
6551
6523
6660
6747
6766
6747
6713
6857
7183
7337
7314
7247
7183
7004
6811
6536
6098
5838
5721
5750
5832
5842
5572
5166
4879
4874
4877
4863
4666
3980
3544
3282
2997
2844
2897
2882
2759
2694
2782
2821
2618
2735
3148
3812
4163
4259
4263
4349
4436
4358
4639
4937
5021
4710
4620
4803
4785
4890
5076
5144
5221
5007
4627
4641
4733
4810
5000
5186
5376
5387
5375
5489
5233
5193
5340
5041
4804
4754
4812
4980
5268
5558
5754
5911
5745
5473
5199
4835
4520
4549
4792
4694
4812
4945
4819
4688
4480
4291
4137
4064
4173
4361
4454
4392
4506
4956
5148
5471
5842
5964
6169
6472
6596
6536
6619
6604
6645
6930
7067
7026
6530
5778
5493
5423
5288
5266
5479
5429
5615
5782
5632
5574
5651
5828
5900
5962
5789
5742
5786
5743
5847
5964
5887
6051
6152
6402
6534
6413
6424
6267
6178
6109
6065
6104
6130
6149
6257
6349
6399
6418
6475
6472
6575
6599
6876
7185
7504
7654
7562
7228
6518
5931
5445
5339
5641
6063
5935
5726
5553
5094
4800
4994
5285
5512
5344
4964
4847
4928
5095
5012
4961
4948
4677
4395
4159
3943
3827
3709
3521
3180
2811
2484
2280
2040
1875
1776
1837
2005
2055
1762
1640
1644
1614
1893
2017
1881
1549
1479
1427
1365
1247
1100
1033
913
857
845
890
877
872
766
620
595
600
477
433
513
620
631
519
206
-138
-440
-916
-1327
-1865
-2159
-2111
-1853
-1675
-1641
-1622
-1946
-2303
-2563
-2676
-2649
-2574
-2460
-2340
-2341
-2427
-2615
-2781
-2919
-3085
-3209
-3020
-2520
-2259
-2055
-1780
-1810
-1914
-1686
-1450
-1253
-937
-485
-108
62
185
370
515
703
998
1110
1169
1147
1183
1256
1352
1546
1751
1834
1846
1799
1931
2180
2239
2435
2686
2830
2880
3059
2966
2681
2453
2273
2096
1699
1345
1084
1005
1090
1300
1461
1571
1548
1487
1470
1610
1850
1899
1937
1845
1822
1588
1318
1363
1425
1573
1694
1853
2017
2246
2583
2744
2844
3038
3410
3826
4059
4283
4478
4543
4577
4585
4610
4632
4523
4514
4875
5264
5437
5356
5243
5278
5294
5191
5103
5228
5121
5281
5633
6013
6221
6187
6130
6069
6342
6506
6630
6894
7674
8309
8801
9502
10419
11018
10969
11073
11051
10972
11050
10920
10822
10613
10433
10604
10520
10157
9808
9698
9422
9411
9490
9452
9472
9451
9433
9264
9111
8890
8704
8927
9046
8993
9087
8922
9144
9464
9559
9613
9448
9545
9583
9397
9330
9286
9344
9231
9597
9979
9879
9710
9346
9032
8764
8592
8437
8693
8887
8798
8811
8794
8873
8994
9232
9344
9336
9350
9325
9503
9723
9821
9909
10061
10074
9846
9692
9786
9655
9644
9932
9948
9865
9886
9837
9681
9536
9606
9590
9171
8751
8436
8265
8079
7902
7535
7088
6965
7020
6963
6603
6518
6662
6570
6555
6491
6240
5828
5502
5422
5706
5828
5720
5895
6041
6170
6208
6468
6874
7251
7531
7647
7474
6994
6465
5962
5513
5162
5009
4885
4841
4826
4886
5206
5231
5333
5733
5824
5812
5841
5745
5516
5361
5245
5254
5278
5339
5380
5226
5095
4947
4861
4782
4814
5154
5452
5550
5533
5488
5297
5115
4936
4630
4386
4154
4044
4008
4079
4233
4144
3840
3621
3426
3260
3104
2807
2656
2487
2221
2145
2201
2290
2396
2521
2543
2599
2630
2574
2681
2703
2529
2455
2476
2283
2155
2263
2442
2452
2271
2151
2086
1927
1819
1969
2010
1873
1845
2090
2389
2538
2421
2237
2169
2077
1963
1947
1881
1810
1730
1414
1237
1026
871
812
966
1265
1345
1364
1261
1060
777
534
348
355
508
634
368
-24
-269
-605
-904
-1091
-1127
-1224
-1280
-1122
-1142
-1168
-1188
-1435
-1227
-1028
-723
-447
-722
-696
-473
-678
-1167
-1304
-1266
-1305
-1241
-1127
-1004
-870
-843
-861
-831
-917
-1162
-1218
-1540
-1872
-1891
-1806
-1593
-1292
-874
-706
-625
-698
-984
-1625
-2224
-2492
-2185
-1608
-1132
-862
-561
47
368
627
418
39
21
80
-15
124
324
462
521
278
-160
-953
-1526
-1890
-2011
-1985
-2024
-2225
-2454
-2757
-3117
-3446
-3717
-3685
-3643
-3564
-3351
-3252
-3454
-3673
-4082
-4662
-5087
-5543
-5885
-6084
-6275
-6239
-6227
-6236
-6316
-6463
-6549
-6623
-6640
-6798
-6901
-6910
-6822
-6665
-6539
-6371
-6220
-6100
-6080
-6192
-6264
-6398
-6577
-6672
-6828
-6834
-6487
-6198
-5841
-5751
-5647
-5366
-5535
-5749
-6029
-6161
-6317
-6342
-6149
-6242
-6395
-6601
-6789
-6852
-6603
-6564
-6589
-6176
-6053
-6026
-5897
-5663
-5309
-5034
-5264
-5622
-5733
-5791
-5800
-5677
-5250
-5233
-5022
-4892
-5004
-4829
-4928
-4654
-4178
-3954
-3939
-4244
-4667
-4945
-5186
-5405
-5545
-5646
-5716
-5747
-5660
-5570
-5494
-5353
-5226
-5410
-5758
-6250
-6523
-6566
-6852
-7098
-7158
-7087
-7083
-7076
-7109
-7427
-7935
-8174
-8133
-7887
-7389
-6871
-6279
-5804
-5440
-5147
-5061
-4951
-4651
-4359
-4169
-4155
-4604
-4792
-4847
-5061
-5028
-5023
-5181
-5588
-5763
-5775
-5860
-6042
-6593
-7609
-8518
-9148
-9807
-10290
-10518
-10493
-10503
-10582
-10732
-10904
-10911
-10781
-10656
-10590
-10565
-10695
-10933
-10987
-10900
-10763
-10533
-10418
-10477
-10807
-11282
-11739
-12175
-12293
-12166
-11954
-11740
-11566
-11384
-11332
-11492
-11697
-11737
-11687
-11705
-11822
-12107
-12526
-12928
-13158
-13245
-13315
-13362
-13610
-13897
-14134
-14356
-14555
-14778
-14833
-14767
-14673
-14639
-14661
-14714
-14664
-14533
-14415
-14409
-14562
-14750
-14933
-15071
-15070
-14929
-14762
-14546
-14420
-14377
-14410
-14481
-14489
-14390
-14274
-14193
-14118
-14056
-13952
-13842
-13657
-13488
-13309
-13068
-12715
-12394
-12199
-12083
-12121
-12239
-12241
-12031
-11683
-11290
-10835
-10392
-9956
-9508
-9437
-9514
-9467
-9384
-9347
-9387
-9536
-9746
-9985
-10258
-10459
-10719
-11013
-11330
-11574
-11828
-11949
-11894
-11835
-11638
-11400
-11015
-10751
-10566
-10294
-10205
-10352
-10647
-10866
-10993
-11082
-11108
-11033
-10923
-10836
-10863
-10980
-11042
-11010
-10834
-10582
-10399
-10252
-9970
-9610
-9258
-8999
-8778
-8451
-8156
-7878
-7561
-7317
-7209
-7123
-7041
-6933
-6782
-6638
-6474
-6481
-6571
-6712
-6816
-6906
-7056
-7168
-7229
-7281
-7316
-7211
-6989
-6642
-6229
-5836
-5533
-5327
-5297
-5252
-5178
-5101
-4898
-4538
-4100
-3776
-3551
-3410
-3218
-2861
-2534
-2290
-2090
-1838
-1574
-1504
-1433
-1273
-1093
-828
-545
-426
-151
289
878
1751
2705
3470
3728
3538
3435
3508
3736
4283
4882
5146
5522
6139
6701
6943
6562
6241
6166
6450
6727
6769
6737
6671
6518
6397
6599
6843
7063
7171
7310
7417
7403
7365
7377
7454
7600
7807
7938
7837
7497
7069
6689
6484
6562
6655
6655
6775
6912
6931
6965
6971
6787
6635
6404
6330
6383
6433
6677
6947
7375
7596
7465
7279
7040
6773
6496
6397
6345
6208
6109
5864
5654
5444
5182
5079
5183
5287
5466
5648
5518
5435
5506
5606
5622
5566
5625
5530
5479
5464
5363
5477
5590
5698
5551
5554
5812
5900
5858
5605
5463
5472
5744
6209
6586
7131
7640
8034
8037
7839
7778
7566
7400
7328
7248
7256
7080
6715
6585
6427
6290
6154
6112
5990
5646
5221
4860
4626
4399
4160
4012
4117
4412
4703
4821
4888
4681
4576
4579
4312
4409
4680
4749
4605
4396
4314
4113
4099
4023
4017
4234
4612
5061
5427
5476
5461
5745
5862
6266
6766
7419
7727
7702
7937
8109
8105
7991
8260
8352
8201
7762
7350
7321
7355
7353
7082
7238
7383
7535
7804
7700
7775
8043
8304
8468
8804
9286
9483
9627
9925
10235
10674
10975
11244
11403
11468
11419
11209
11123
11130
11409
11724
11731
11538
11409
11346
11291
11305
11316
11153
11278
11390
11437
11343
11213
11227
11381
11704
11856
11973
11938
12165
12301
12207
12155
12232
12357
12373
12535
12566
12263
12037
11888
11903
11885
11936
11909
11947
12466
12552
12561
12596
12688
12663
12676
12815
12965
13301
13757
13981
13931
14118
14400
14585
14413
14579
14931
15218
15283
15256
15586
15857
15849
15698
15685
15512
15173
15153
15251
15185
15172
15133
14970
14683
14389
14234
13910
13373
13126
13133
12854
12749
12804
12449
12077
11817
11681
11222
10923
11039
11056
11093
11148
11254
10918
10059
9630
9722
9489
9559
9791
9679
9704
9797
9706
9882
9755
9046
8662
8254
7801
7293
7080
7410
7642
7721
7662
7369
7423
7705
7929
8283
8355
8514
8774
8569
8523
8779
8994
9021
9051
9128
9174
9141
8963
8766
8747
9229
9189
8918
8946
9137
9600
9861
9451
8995
8925
8832
8734
7988
7909
7949
7361
7312
7236
7025
6715
6516
6446
6675
6742
6583
6235
6157
6182
5865
6045
6060
5877
5639
5485
5098
4804
4984
5404
5610
5032
4189
3448
3337
3506
3307
3403
3530
3567
3263
2861
3167
3307
3064
3148
3787
3770
3849
3981
3869
3789
3273
2724
2930
3359
3235
3361
2685
1693
1057
675
335
64
-65
-196
51
282
406
245
-73
-507
-800
-1127
-708
-180
-191
109
563
809
667
705
1165
1359
866
520
324
69
-255
-207
-755
-1373
-1248
-1052
-734
-666
-1061
-1491
-1491
-1797
-1722
-1351
-1081
-767
-662
-761
-874
-1159
-1506
-1537
-1682
-1646
-1949
-2172
-2236
-2464
-2359
-2274
-1930
-1707
-1815
-2035
-1996
-1784
-1902
-2023
-2171
-1981
-1749
-1918
-1842
-1617
-1527
-1576
-1561
-1446
-1442
-1587
-1728
-1753
-1658
-1658
-1642
-1204
-745
-752
-965
-1242
-1379
-1438
-1726
-1866
-1678
-1188
-991
-840
-563
-569
-734
-874
-923
-944
-932
-950
-730
-577
-590
-704
-667
-453
-368
-198
-135
42
433
520
214
-80
-212
-101
53
124
47
-85
-126
-271
-251
-423
-700
-742
-575
-613
-1027
-1253
-1165
-1160
-1305
-1420
-1429
-1356
-1448
-1589
-1551
-1323
-974
-565
-350
-172
-12
129
181
-52
-363
-696
-1172
-1500
-1525
-994
-299
91
-112
-924
-1879
-2902
-3089
-2707
-2425
-2316
-2048
-1400
-696
-349
-377
-556
-682
-159
211
275
539
809
685
336
378
411
129
-489
-773
-1087
-1541
-1871
-2015
-2014
-1579
-1093
-1335
-1548
-1859
-1917
-1871
-1892
-2024
-2264
-2532
-3096
-3894
-4117
-3906
-3776
-3177
-2460
-2166
-1934
-1791
-1996
-1852
-1639
-1419
-579
323
854
1137
1387
1492
1194
1021
1248
1334
1289
1148
744
186
-360
-849
-1636
-2095
-2219
-2433
-2369
-1640
-1599
-1722
-1485
-1889
-2198
-2463
-2359
-2386
-2323
-2125
-2229
-2091
-1988
-1982
-1834
-1588
-1352
-1414
-1647
-1531
-1706
-2007
-2126
-2361
-2528
-2725
-3019
-3329
-3362
-3294
-3213
-3160
-3215
-3340
-3349
-3256
-3321
-3161
-2861
-2639
-2357
-2170
-2018
-1860
-1776
-1600
-1527
-1378
-1176
-1236
-1433
-1622
-1758
-1811
-1823
-1922
-1984
-1745
-1427
-1217
-1264
-1422
-1406
-1481
-1487
-1458
-1426
-1473
-1633
-1872
-2231
-2456
-2453
-2211
-2172
-2342
-2829
-3311
-3561
-3752
-3842
-4058
-4188
-4411
-4646
-4752
-4841
-4814
-4594
-4384
-4347
-4445
-4594
-4774
-4942
-5046
-5214
-5491
-5859
-6112
-6353
-6716
-7091
-7321
-7412
-7705
-8201
-8640
-9025
-9203
-9294
-9216
-8942
-8677
-8243
-7904
-7432
-7188
-7018
-6627
-6366
-5992
-5658
-5503
-5412
-5519
-5841
-6003
-6007
-5681
-5329
-5004
-4692
-4646
-4538
-4354
-4325
-4212
-3994
-3828
-3637
-3539
-3701
-4139
-4517
-4770
-4863
-4686
-4372
-4042
-3633
-3538
-3693
-3793
-4122
-4587
-5060
-5488
-5844
-5967
-6052
-6087
-5948
-6195
-6588
-6781
-6682
-6745
-6849
-6695
-6660
-6586
-6426
-6332
-6491
-6609
-6944
-7403
-7731
-7819
-7539
-7129
-6764
-6526
-6548
-6648
-6714
-6878
-6932
-6750
-6357
-5921
-5299
-4856
-4697
-4725
-5064
-5501
-5901
-6119
-6027
-5902
-5498
-4919
-4304
-3795
-3580
-3242
-2861
-2234
-1836
-1937
-2091
-2045
-2015
-1747
-1454
-1412
-1225
-1195
-1350
-1608
-1813
-1848
-1755
-1738
-1967
-1906
-1666
-1934
-2089
-2085
-1903
-1695
-1646
-1467
-1459
-1379
-1207
-1052
-1063
-1192
-1450
-1933
-2330
-2442
-2478
-2686
-2919
-3104
-3255
-3420
-3577
-3671
-3777
-3869
-3979
-3997
-3914
-3795
-3620
-3645
-3651
-3671
-3732
-3519
-3477
-3557
-3581
-3676
-3720
-3758
-3710
-3530
-3478
-3686
-3825
-3965
-4057
-3874
-3779
-3909
-4152
-4118
-4026
-4142
-4496
-4861
-5033
-5055
-4896
-4497
-4253
-4493
-4265
-3910
-3697
-3482
-3539
-3633
-3464
-3367
-3383
-3165
-3016
-2792
-2660
-2753
-2747
-2561
-2271
-2185
-2173
-1993
-1896
-1855
-2052
-2268
-2365
-2508
-2642
-2745
-2992
-3423
-3989
-4343
-4318
-4143
-3810
-3495
-3073
-2700
-2390
-1972
-1734
-1808
-1949
-2012
-1979
-1865
-1620
-1415
-1479
-1522
-1440
-1313
-1215
-1091
-641
-220
-7
163
204
159
250
230
175
343
493
604
491
528
681
692
800
1131
1338
1392
1335
1325
1271
963
739
794
1032
1191
1486
1402
1302
1152
954
946
980
1275
1612
2038
2452
2737
2739
2605
2579
2687
2850
3123
3571
4136
4589
5018
5061
4916
4947
4924
5041
5217
5555
5638
5471
5434
5077
4830
4803
4549
4368
4097
4023
4209
4456
4819
4787
4608
4283
4059
4180
4656
5434
5787
5926
6048
5716
4902
4311
3700
3552
4008
4342
4096
4101
5089
5312
5019
4932
5002
5107
5228
5543
5911
6257
6544
6662
6423
6206
6273
6225
6000
5771
5478
5252
5126
5162
5260
5288
5456
5523
5639
5811
5602
5241
4927
4658
4679
4580
4266
4414
4326
4551
4938
4855
4822
4844
5096
5254
5239
5236
5119
4890
4907
4655
4287
3995
3645
3348
3240
3158
2968
2862
2689
2458
2015
1896
2247
2574
2838
3065
2800
2375
2100
2028
1897
1742
1847
1989
2014
2146
2347
2352
2516
2629
2888
3209
3240
3212
3049
3097
3438
3556
3431
3526
3738
3646
3788
3820
3623
3425
3401
3492
3540
3539
3615
3705
3532
3337
3277
3646
4116
4524
4760
5096
5289
5450
5648
5655
5538
5321
5404
5754
5901
5941
6098
6247
6166
5919
6031
6074
6232
6251
6399
6695
6881
6990
7204
7634
7396
7246
7393
7361
6954
6704
6604
6777
6842
6655
6727
6580
6399
6211
6318
6047
5697
5399
5334
5496
5625
6008
6445
6662
6295
5533
4978
5156
5398
5716
5899
6665
7243
7384
7508
7629
7731
7554
7637
7363
6992
6889
7057
7109
6903
6849
6959
6500
6060
5526
4790
4572
5121
5654
5867
5864
5525
5785
6076
5930
5315
5010
5450
5811
6001
5940
5894
6005
5770
5929
6194
6255
6414
6632
6810
6662
6498
6441
6491
6425
6349
6336
6531
6904
6979
6804
6743
6825
6741
6726
6827
6954
7016
6897
6924
6619
6402
6393
6526
6642
6432
6324
6344
6335
6204
6249
6118
5854
5681
5826
5808
5548
5221
4920
4494
3951
3687
3255
2907
2772
2806
3165
3486
3572
3862
3878
3673
3519
3539
3503
3200
3025
3125
3111
3169
3404
3393
3469
3539
3699
3740
3512
3383
3190
3179
3577
3831
4300
4645
4656
4550
4232
4441
4515
4049
3668
3221
3166
3180
3246
3237
3012
2711
2314
2393
2496
2382
2200
1976
1649
1816
2106
2318
2725
3133
3259
3069
3290
3740
4006
4281
4318
4239
4427
4479
4315
4246
4389
4647
5103
5441
5388
5165
5088
5171
5110
5271
5536
5808
5900
5909
6045
5943
5766
5825
6081
6101
6030
6009
6170
6246
6364
6372
6364
6485
6484
6410
6235
5965
5564
5412
5101
4647
4449
4497
4247
4119
3936
3563
3081
2975
3376
3415
3320
2907
2930
2866
2683
2684
2653
2646
2683
2816
2781
2658
2652
2783
2667
2314
2125
2109
1816
1312
859
975
992
1137
1228
653
-170
-748
-808
-803
-988
-885
-674
-870
-429
-44
-13
-27
-146
-79
289
657
923
991
850
622
328
571
702
596
581
558
739
1000
965
910
630
380
429
403
366
286
18
-396
-779
-879
-854
-1040
-1164
-1330
-988
-561
-564
-725
-875
-945
-963
-1068
-964
-848
-916
-868
-828
-484
-291
-455
-510
-229
-23
92
-31
-86
135
400
608
624
712
801
698
506
404
334
271
138
161
184
131
523
637
507
643
818
779
524
626
861
958
1051
1149
1295
1354
1194
1126
1133
1317
1505
1494
1394
1784
2267
2439
2710
2987
3206
3268
3331
3402
3331
3483
3752
3891
4367
4592
4734
4608
4378
4041
3995
4398
4281
4343
4566
4523
4358
4100
3883
3807
3653
3760
3787
3777
3556
3440
3588
3741
3612
3360
3329
2967
2842
2567
2569
2694
2932
3158
3213
2963
2640
2673
2643
2629
2330
2384
2576
2805
2622
2342
2003
1803
1765
1661
1635
1668
2026
1980
1858
1920
2269
2285
2050
1923
2215
2498
2351
2487
2659
2930
3169
3247
3199
3291
3543
3923
4404
4687
4553
4337
4323
4003
4148
4470
5122
6004
6211
6284
6084
5861
5561
5621
5748
5648
5986
6280
6439
6248
6042
6078
6220
6213
6099
6034
5638
5645
5980
5747
5393
4943
4497
4417
4269
4329
4180
4044
4030
4056
3939
3549
3238
2924
2549
2362
2530
2371
2129
2080
2260
2438
2621
2675
2562
2703
2825
2777
2660
2726
3047
2939
2822
2743
2667
2699
2436
2336
2154
1940
1933
1815
1658
1466
1047
609
350
247
-34
-348
-539
-849
-1222
-1614
-1881
-1981
-1900
-1805
-1766
-1450
-1329
-1402
-1516
-1501
-1486
-1699
-1738
-1726
-1346
-709
-308
-248
-192
-155
-203
4
109
-4
-47
121
428
352
26
-123
-157
-137
-266
-485
-789
-876
-623
-743
-951
-800
-604
-394
-589
-906
-657
-145
207
334
572
703
585
520
553
275
115
459
843
978
775
481
212
62
-193
-390
-298
-64
-166
-499
-947
-1161
-1232
-1513
-1630
-1541
-1128
-721
-364
-522
-656
-717
-818
-386
217
625
648
375
-169
-525
-564
-754
-889
-781
-665
-340
208
683
527
457
603
529
164
-339
-537
-439
-324
-492
-792
-795
-846
-1068
-1225
-1512
-1400
-1399
-1486
-1382
-1228
-1018
-845
-804
-880
-986
-853
-1075
-1590
-1804
-1980
-1740
-1617
-1989
-2165
-2299
-2581
-2571
-2573
-2417
-2342
-2581
-2855
-2803
-2704
-2811
-2839
-2591
-2463
-2623
-2260
-1901
-1641
-1621
-1734
-1815
-1815
-1495
-1114
-479
-121
299
421
134
145
221
110
-227
-36
60
207
201
-182
-349
-507
-877
-1140
-1222
-1452
-1512
-1442
-1393
-1619
-1878
-2024
-1982
-2357
-2641
-2408
-2049
-2008
-2180
-1964
-1799
-1693
-1813
-1943
-2090
-2032
-1790
-1607
-1618
-1678
-1646
-1450
-1136
-1118
-1069
-808
-767
-799
-656
-489
-80
51
-10
-143
-155
89
-47
-189
-125
-111
-229
-477
-452
-313
-696
-940
-918
-667
-495
-730
-954
-1092
-774
-669
-729
-771
-838
-911
-876
-656
-460
-249
-333
-337
-248
-191
-210
-5
-102
-307
181
811
1265
1401
1642
1845
1906
2018
2145
2147
2245
2519
2780
2915
2955
3196
2985
2735
2828
2660
2369
2346
2554
2788
3158
3460
3402
3169
3133
3309
3505
3183
2825
2985
3158
3437
3494
3561
3729
3770
3811
3754
3639
3489
3390
3459
3503
3270
3439
4035
4329
3944
3516
3309
3174
2792
2601
2771
2728
2368
2212
2687
2984
3152
2883
2377
2366
2780
2915
3004
3172
3399
3474
3425
3581
3653
3987
4408
4487
4367
4170
3625
3430
3213
2995
2923
2952
2875
2701
2559
2447
2562
2698
2923
2678
2582
2263
1860
1779
1750
1851
1894
2008
1955
2008
2146
2362
2368
2457
2604
2468
2621
2388
2199
2757
3201
3083
2797
2720
3120
3259
2864
2565
2232
2200
2150
2129
2006
1609
1296
917
836
817
384
-143
-573
-946
-1167
-1233
-1260
-1259
-1400
-1715
-1868
-2120
-2280
-2352
-2385
-2380
-2661
-2751
-2685
-2521
-2453
-2298
-2197
-2248
-2033
-1879
-1786
-1959
-2043
-2203
-2423
-2390
-2412
-2455
-2495
-2404
-2232
-1818
-1522
-1341
-1076
-945
-947
-628
-103
277
497
383
340
253
319
458
350
91
106
309
565
773
914
1088
891
1131
1029
591
501
483
398
170
-126
-352
-608
-906
-1085
-942
-438
-422
-613
-891
-1114
-1377
-1535
-1690
-1741
-1793
-1940
-2411
-2708
-2540
-2598
-2552
-2717
-2807
-3070
-3080
-3378
-3796
-4260
-4812
-5044
-5400
-5657
-5846
-5880
-6161
-6521
-6745
-6807
-6780
-6701
-6457
-5956
-5640
-5770
-5915
-6166
-6700
-7057
-7196
-6995
-6607
-6271
-6188
-6273
-6460
-6750
-6888
-6969
-6775
-6797
-6945
-6836
-7115
-7487
-7870
-8193
-7967
-7693
-7381
-7363
-7285
-7546
-8097
-8473
-8456
-8084
-7609
-7150
-7257
-7052
-6855
-6972
-7324
-7572
-7628
-7349
-6990
-6907
-6868
-6947
-6977
-6825
-6461
-6244
-5775
-5272
-4849
-4885
-5127
-5219
-5598
-5919
-5907
-5762
-5671
-5292
-4712
-4193
-3988
-3844
-3846
-3665
-3286
-3119
-3091
-3072
-3127
-3140
-2999
-2665
-2281
-2393
-2669
-2961
-3042
-3289
-3343
-3043
-2810
-2758
-2838
-2835
-3021
-3183
-3356
-3406
-3357
-3459
-3554
-3537
-3426
-3258
-2934
-2469
-2213
-2222
-2354
-2629
-2981
-3048
-3131
-3209
-3266
-3358
-3345
-3334
-3325
-3389
-3328
-3189
-2888
-2669
-2548
-2506
-2503
-2394
-2182
-1863
-1650
-1861
-2148
-2438
-2907
-3389
-3516
-3349
-3119
-3097
-3277
-3236
-3393
-3463
-3581
-3683
-3908
-3857
-3844
-3985
-3889
-3793
-3685
-3593
-3304
-3197
-3150
-3236
-3403
-3467
-3892
-4445
-4345
-4121
-3768
-3283
-2946
-2676
-2452
-2122
-1964
-2279
-2343
-2189
-1865
-1463
-1266
-1201
-1244
-968
-925
-964
-859
-615
-274
-222
-580
-1307
-1852
-2090
-1965
-1699
-1713
-1497
-1602
-1877
-2145
-2381
-2454
-2491
-2634
-2981
-3138
-3185
-3019
-2728
-2389
-2131
-1879
-1958
-2267
-2356
-2213
-1964
-1623
-1337
-1322
-1467
-1621
-1661
-1421
-1320
-1365
-1166
-954
-843
-811
-747
-854
-1143
-1589
-2024
-2247
-2204
-1955
-1510
-1115
-1001
-919
-810
-834
-891
-912
-923
-962
-958
-617
-561
-585
-454
-624
-848
-1020
-1241
-1396
-1432
-1413
-1550
-1812
-2010
-2180
-2574
-2970
-3088
-3235
-3506
-3584
-3263
-3026
-2942
-3066
-3189
-3253
-3374
-3536
-3692
-3917
-4190
-4215
-4145
-4021
-3958
-4109
-4334
-4471
-4479
-4464
-4281
-3957
-3899
-3885
-4110
-4218
-4221
-4376
-4083
-3813
-3912
-3978
-3654
-3790
-3689
-2873
-2851
-3083
-3387
-3129
-2874
-3088
-2958
-2783
-2178
-2413
-2829
-2799
-3111
-3443
-3762
-3835
-3935
-4164
-4294
-4180
-3964
-3944
-4132
-3705
-3160
-2846
-2836
-3128
-2707
-2243
-2028
-2259
-2560
-2640
-2744
-2712
-2516
-2031
-1821
-1883
-2131
-2237
-2077
-2462
-2974
-2712
-2183
-2297
-2625
-2512
-2440
-2395
-2101
-1685
-1481
-1716
-1706
-1820
-1942
-1828
-2154
-2222
-1747
-1522
-1963
-2356
-2297
-2523
-2946
-3029
-3112
-3297
-3499
-3622
-3980
-4632
-5864
-7245
-8428
-9224
-9866
-9945
-9527
-9534
-8874
-8906
-9273
-9573
-9929
-9687
-9159
-8574
-8295
-7809
-7240
-6990
-6459
-5783
-5451
-4714
-4110
-3795
-3732
-4042
-4121
-4334
-4046
-3288
-2709
-1910
-1234
-872
-829
-1121
-1556
-1795
-2029
-2198
-2194
-1601
-1210
-1488
-1662
-2040
-2662
-3869
-4657
-4635
-4014
-3101
-2625
-2366
-2273
-2777
-3404
-3812
-4006
-3879
-3790
-3469
-3098
-2902
-3055
-3171
-3265
-3249
-3231
-3393
-3304
-3275
-3237
-3126
-2675
-2332
-2348
-2316
-1891
-1211
-906
-626
-208
376
649
354
333
544
248
-136
-180
-154
125
370
321
262
169
5
206
550
574
726
946
891
875
763
846
996
1017
1398
1737
1752
1922
2187
2404
2669
2636
2561
2552
2707
3224
3480
3243
3043
2913
2614
2039
1651
1519
1330
988
852
797
664
498
96
-99
-39
-65
-272
-283
-548
-1019
-1553
-1840
-1847
-2031
-2457
-2931
-3255
-3794
-4243
-4422
-4409
-4439
-4686
-4713
-4797
-5073
-5100
-4775
-4541
-4286
-3701
-3124
-2598
-2140
-1857
-2070
-2214
-2414
-2461
-2788
-1982
-261
236
643
931
1656
1748
1534
1518
927
645
-24
-939
-1861
-3983
-5654
-5471
-4657
-4711
-4838
-4278
-3846
-3917
-4543
-4844
-4739
-4236
-3789
-3553
-3358
-2394
-1332
-866
-699
-752
-798
-1151
-1102
-869
-597
-226
-458
-806
-1152
-1546
-2052
-2392
-2390
-2488
-1990
-1658
-2115
-2878
-3202
-2765
-2190
-2343
-2456
-2260
-2098
-2154
-2709
-3128
-3512
-3796
-3877
-3821
-4178
-4793
-5717
-6384
-6717
-6925
-6391
-5749
-4718
-4133
-4192
-4612
-5313
-5518
-5779
-5807
-5349
-5194
-5508
-5400
-5109
-5128
-5342
-5319
-4813
-3948
-3255
-2966
-2701
-2337
-1946
-1849
-1837
-1823
-1628
-1534
-1238
-1139
-1173
-711
-323
-372
-342
-120
-78
101
526
751
510
466
410
542
622
606
882
736
464
319
726
1127
1343
1704
1389
1089
869
688
680
1066
1445
1448
1687
1921
1903
1965
2151
2179
2216
1930
1790
1473
1147
1194
1443
2040
2307
1839
1898
2816
3528
3870
3665
3453
3433
3628
3566
3495
3663
4058
4196
4243
4370
4025
3859
3635
3442
3250
3075
2947
2643
2450
2192
1805
1594
1432
1202
1126
1169
1355
1265
1283
1459
1314
1448
1249
836
390
82
12
-318
-749
-1365
-2223
-2600
-2737
-2996
-2968
-2543
-2303
-2347
-1903
-2052
-2648
-3476
-4020
-3950
-4552
-5191
-5277
-5139
-5100
-4842
-4532
-4871
-5591
-5949
-6387
-6459
-5966
-6061
-5771
-5089
-4768
-4523
-4029
-4180
-4274
-4800
-5414
-5303
-5026
-4739
-5099
-4779
-4406
-4516
-4779
-4793
-4625
-4580
-4884
-4977
-5051
-5497
-5556
-5120
-4406
-3736
-3199
-3241
-3917
-4398
-4775
-5049
-4679
-4339
-4274
-4154
-3678
-3518
-3462
-3311
-3074
-2849
-2462
-1868
-1758
-2008
-2227
-2618
-3542
-3715
-3339
-3160
-3188
-2880
-2461
-2546
-2799
-3222
-3425
-3747
-4001
-3898
-3578
-3621
-3533
-3358
-3666
-3762
-4120
-4455
-4359
-3778
-3486
-3535
-3425
-3634
-3647
-3489
-3365
-3329
-3243
-3099
-2980
-2811
-2578
-2265
-1917
-1895
-2063
-2070
-2298
-2326
-2382
-2728
-3007
-2998
-2924
-2719
-2618
-2630
-2466
-2401
-2515
-2671
-2672
-2904
-3111
-3399
-3781
-4103
-4372
-4775
-5189
-5332
-5413
-5511
-5685
-6069
-6563
-6807
-7098
-7068
-6832
-6720
-6488
-6270
-5854
-5409
-5223
-5041
-4778
-4456
-4062
-3569
-3255
-2845
-2301
-2082
-2237
-2430
-2510
-2570
-2583
-2525
-2340
-2325
-1976
-1727
-1640
-1484
-1703
-1924
-2120
-2506
-2883
-3147
-3472
-3663
-3818
-3927
-3855
-3888
-4033
-4219
-4579
-4855
-5031
-4978
-4791
-4641
-4414
-4159
-3927
-3950
-3835
-3787
-3966
-3909
-3744
-3728
-3595
-3328
-3061
-2754
-2614
-2377
-2080
-1768
-1661
-1483
-1006
-578
-222
-25
-130
-296
-319
-229
-80
-57
-51
-76
186
531
686
678
528
594
872
1004
1009
875
578
368
301
273
153
195
241
98
74
-144
-663
-1278
-1562
-1608
-1752
-1923
-2200
-2438
-2865
-3414
-3875
-4365
-4719
-4508
-4413
-4543
-4340
-4059
-4142
-4649
-4642
-4332
-4215
-3791
-3435
-3324
-3210
-3138
-2839
-2499
-2421
-2425
-2341
-2316
-2321
-2204
-1989
-1680
-1296
-1042
-960
-827
-852
-1024
-1216
-1400
-1411
-1427
-1504
-1667
-2003
-2516
-3108
-3425
-3588
-3934
-4463
-5124
-5815
-6533
-6970
-7279
-7602
-7822
-8093
-8406
-8822
-9143
-9078
-8766
-8431
-7988
-7711
-7745
-7920
-7985
-7899
-7549
-7156
-6881
-6507
-6201
-6128
-6052
-5766
-5271
-4772
-4289
-3743
-3550
-3581
-3654
-3703
-3952
-3925
-3502
-3262
-2984
-2801
-2889
-2889
-2905
-2870
-2399
-2330
-2599
-2849
-3096
-3675
-4271
-4240
-4281
-4192
-3960
-3661
-3490
-3533
