255
2
159
49
39
228
368
257
307
268
246
345
451
442
361
369
325
424
402
501
441
471
601
317
82
132
-23
-176
-51
5
-34
-179
-125
-80
-239
-243
-159
-293
-366
-460
-564
-220
-295
-284
40
-91
119
304
207
224
-3
99
203
-1
43
106
281
271
41
114
100
-105
-69
-104
-93
-7
-126
-138
52
143
222
35
-30
-40
-412
-431
-378
-554
-507
-391
-727
-740
-586
-629
-712
-662
-623
-715
-569
-483
-529
-638
-732
-730
-781
-914
-879
-911
-886
-647
-377
-331
-170
83
348
619
529
605
1008
1034
716
849
806
858
759
639
1011
789
610
708
621
447
289
252
163
27
175
148
47
229
55
-6
-131
-196
91
-25
-7
-37
-99
-10
-14
-253
-354
-192
-350
-290
-464
-513
-127
-347
-303
-262
-615
-378
-417
-604
-346
-484
-481
-139
-456
-539
-343
-353
-192
-176
49
117
-68
0
0
234
359
250
507
610
649
706
588
454
565
496
303
414
335
371
344
259
194
65
149
199
309
422
480
249
254
474
251
249
133
40
77
-68
-135
-101
-93
-78
-28
-22
-29
-436
-465
-249
-201
23
-39
-136
56
154
411
411
309
539
467
788
925
647
576
494
384
289
207
202
-28
23
140
-94
37
-12
-321
-259
-175
-313
-68
-293
-409
-398
-522
-282
-374
-214
-172
-467
-512
-440
-566
-630
-566
-515
-538
-758
-721
-761
-813
-604
-728
-704
-627
-505
-214
-222
-89
-7
-123
-23
-36
-209
-138
-169
-161
-90
-43
172
-7
-213
-225
-338
-262
-405
-334
-43
-401
-287
-381
-613
-439
-632
-501
-387
-109
-121
-186
-121
-161
159
208
374
608
673
834
677
589
680
632
737
464
339
326
124
269
189
-37
30
87
158
194
158
229
267
228
134
131
120
96
209
91
-143
99
132
21
-49
-142
-48
25
0
-15
71
2
92
-99
-193
-81
-210
-117
-201
-276
-218
-523
-792
-569
-298
-449
-385
-384
-501
-282
-382
-415
-103
5
0
136
208
395
412
251
56
201
403
424
560
567
736
929
888
862
1058
952
949
1053
842
772
776
651
589
520
471
248
129
136
-104
-108
-130
-264
-192
-247
-368
-322
-526
-459
-360
-465
-413
-362
-321
-216
-172
-332
-166
-240
-335
-254
-400
-360
-351
-623
-739
-615
-295
-176
-329
-263
-151
-107
-108
-255
-432
-380
-453
-436
-347
-306
-408
-59
255
192
126
17
107
-5
-95
-38
159
33
104
249
1
-127
-33
-314
-378
-129
-460
-447
-329
-443
-476
-517
-500
-577
-519
-520
-655
-629
-727
-610
-359
-300
-299
-196
-365
-341
-300
-441
-221
-414
-381
-98
-7
46
36
232
340
290
389
285
250
171
311
467
257
432
442
358
337
368
301
344
416
303
474
477
263
371
381
413
500
413
510
519
532
679
564
638
875
729
598
683
689
533
658
625
541
516
205
118
189
15
-57
-34
-235
-213
-48
-105
-189
-275
-143
-27
-252
-437
-140
-313
-557
-120
-394
-441
-96
-118
-80
-24
-18
181
211
24
-92
15
-109
-168
-166
-295
-289
-486
-506
-303
-282
-426
-132
-240
-317
-373
-457
-336
-408
-312
-221
-372
-332
-125
-206
-197
-54
88
122
187
170
239
319
105
-6
125
-72
0
16
-215
20
69
-131
-208
-202
-37
-87
-89
241
39
-153
-1
-166
-128
190
50
19
31
-222
-256
-203
-398
-565
-665
-477
-489
-469
-243
-471
-351
-379
-476
-325
-407
-309
-271
-403
-506
-707
-541
-483
-636
-422
-558
-600
-214
-156
-119
-4
32
41
119
156
144
95
17
139
238
390
450
149
234
459
415
537
325
308
590
597
557
483
319
439
625
352
276
494
511
650
673
420
554
365
347
308
172
424
335
287
242
221
146
-1
-60
32
-37
-219
-248
-205
-348
-412
-231
-312
-300
-211
-254
-150
-137
-141
22
36
143
165
147
199
129
197
204
104
276
439
193
300
564
492
529
438
211
80
95
9
78
146
-106
-38
-63
-13
149
-6
-16
34
33
-231
-402
-176
-295
-173
-41
-184
-12
-258
-432
-406
-605
-547
-578
-475
-307
-539
-561
-482
-307
-310
-247
-120
-342
-211
-17
-140
-202
-86
-198
-240
-191
-275
-277
-270
-129
-1
-75
-36
-126
-178
-178
-219
-218
-223
-138
-144
-221
-286
-332
-331
-288
-302
-128
-121
-45
204
35
-36
194
195
104
-39
-91
-34
61
116
132
320
260
186
317
327
89
-87
-91
-352
-330
-12
-133
171
169
71
348
146
-33
300
528
371
437
378
294
377
231
-109
-16
-17
-28
-53
-369
-381
-276
-320
-338
-175
-30
-72
-262
-105
6
112
320
210
195
132
86
130
233
495
373
394
494
464
655
593
385
332
337
268
158
55
41
-36
-158
-269
-250
-87
-168
-88
78
-83
-91
-157
-150
55
165
279
407
374
396
605
670
696
596
678
700
540
608
385
363
752
654
652
599
453
581
535
421
410
490
371
153
-37
-69
50
-209
-402
-203
-252
-266
-471
-501
-266
-303
-394
-460
-390
-595
-713
-555
-625
-686
-642
-581
-730
-695
-542
-708
-556
-351
-163
-102
-121
-159
79
67
-251
-124
-189
-277
-210
-126
-161
-94
-254
-369
-233
-346
-120
-180
-408
-269
-255
-236
-283
-179
-339
-349
-134
-316
-339
-234
-410
-542
-308
-329
-318
-287
-172
-30
-211
-8
50
-268
-94
26
-140
-54
-244
-384
-144
-172
-176
-44
0
40
115
80
6
-31
-195
-185
-37
-126
-99
-193
-393
-279
-436
-397
-290
-393
-378
-400
-325
-152
-60
-226
-143
3
-333
-491
-374
-280
-58
-99
7
145
188
433
128
75
404
204
230
380
432
688
740
806
948
1090
1080
1101
1075
992
1067
825
665
478
430
420
211
181
26
120
50
-84
262
152
-119
55
-83
-165
0
-157
-241
-184
-258
-309
-340
-407
-463
-563
-413
-201
-172
-168
-177
-160
-43
34
247
346
273
221
274
457
478
550
490
427
291
380
439
160
67
43
-83
-167
-52
-202
-247
-228
-281
-74
55
38
95
159
271
170
-25
-121
-117
-61
-107
-101
62
228
233
404
345
248
162
150
216
-10
-64
1
-169
-98
-121
-329
-155
-325
-459
-356
-305
-501
-703
-738
-730
-409
-455
-591
-511
-689
-564
-358
-459
-260
-233
-315
-222
-272
-342
-408
-451
-383
-419
-519
-516
-466
-528
-584
-728
-1036
-890
-859
-811
-742
-608
-496
-571
-551
-388
-105
-274
-170
-82
119
293
222
407
443
259
266
415
548
457
276
413
318
381
523
683
662
477
598
513
230
457
548
331
332
224
343
422
363
503
434
326
428
355
213
92
244
223
157
118
183
86
41
408
141
238
236
-4
226
268
147
137
65
94
44
-14
-112
-62
-83
-243
-48
-282
-222
23
-122
-158
142
76
16
88
155
203
-35
147
401
299
230
239
102
83
147
326
408
419
434
404
403
522
322
79
-29
-185
-116
-90
-208
-243
-196
-301
-150
-54
-152
-157
-139
-261
-187
-282
-521
-475
-617
-707
-471
-439
-511
-446
-592
-565
-367
-390
-552
-477
-501
-640
-547
-314
-444
-516
-479
-555
-281
-424
-391
-205
-372
-288
-173
-396
-487
-262
-252
-539
-550
-382
-526
-387
-457
-585
-299
-486
-577
-355
-263
-32
-31
-99
117
313
117
14
121
-61
-45
-160
-192
-43
-94
50
37
61
107
134
384
228
285
318
156
252
254
197
319
469
386
487
521
602
760
638
549
832
516
402
552
150
309
376
98
250
276
-60
178
18
19
357
136
246
74
-130
-277
-358
-52
-36
-15
92
250
-51
-44
65
-132
155
0
-88
-27
-276
-300
-234
-264
-89
-60
-116
-42
-133
-72
88
-57
220
244
230
520
461
650
600
591
709
690
777
795
1004
1024
811
736
396
371
211
-13
271
342
-24
237
196
-98
231
45
-39
-189
-262
-291
-93
-253
-587
-166
67
-389
-422
-566
-924
-453
-856
-959
-665
-900
-548
-179
-257
-119
-99
-134
-189
106
-53
-498
-316
-347
-241
-154
-492
-274
-21
-675
-586
-695
-676
-551
-783
-718
-869
-869
-740
-843
-829
-660
-480
-546
-617
-128
-321
-199
54
-271
218
184
-345
459
67
-494
267
-186
-133
165
-283
-108
71
-198
-117
32
-4
-146
80
248
10
313
376
185
319
130
255
528
233
657
634
504
766
605
568
839
637
604
462
401
679
69
467
718
255
41
263
192
101
163
21
-49
35
-176
-187
-91
-528
-76
-219
-662
-333
-380
-509
-226
-202
-99
206
88
88
290
116
214
339
100
224
185
54
579
442
87
441
290
194
387
-136
-115
141
-272
-231
12
137
203
343
425
343
90
89
168
45
4
37
178
45
-52
223
95
1
205
-3
-53
347
291
72
276
35
276
179
-366
6
59
-227
-15
-8
-215
336
135
56
403
-21
40
351
126
215
309
93
10
70
42
9
394
105
44
190
-46
127
185
33
-132
-233
-411
-596
-574
-587
-520
-589
-467
-315
-572
-502
-525
-478
-279
-420
-567
-560
-346
-491
-584
-473
-597
-585
-616
-542
-250
-297
-216
-416
-386
129
-660
-349
508
-431
-135
355
-517
-5
60
-202
291
98
-56
132
-141
-385
73
-146
-654
-137
160
-390
-16
-42
84
427
144
440
184
157
687
321
56
396
365
101
0
150
347
377
-67
279
584
74
118
296
65
6
-48
-267
-2
-67
-208
-46
-248
-247
-86
-316
-19
-245
-230
236
-119
224
406
98
217
194
-138
-52
-158
-169
-89
-135
37
116
460
258
131
436
118
89
179
-30
-36
54
216
290
94
-108
-113
-302
-410
-199
72
-81
-43
71
-159
-61
-108
-120
129
31
211
216
135
132
-229
41
31
-3
51
40
164
160
291
438
517
638
599
630
444
251
375
79
110
213
-44
-203
-284
-545
-469
-307
-574
-685
-364
-590
-677
-584
-551
-235
-310
-141
-6
144
39
-56
16
-170
-44
57
-72
-28
40
-30
-89
-294
-152
92
-119
-52
-38
77
261
266
255
90
139
117
54
-95
-15
146
72
11
-88
-86
-106
-35
-65
-190
3
-18
-336
-357
-561
-809
-544
-620
-731
-382
-496
-750
-395
-332
-445
-424
-688
-659
-479
-373
-484
-474
-181
-222
-181
222
293
275
441
392
552
677
588
726
791
838
1036
981
857
817
926
1079
821
821
808
679
761
489
420
557
352
293
365
212
142
9
-177
-563
-706
-681
-894
-1104
-1031
-846
-764
-738
-695
-567
-580
-393
-406
-481
-539
-547
-554
-366
-405
-276
-149
-162
56
11
2
28
109
82
344
314
363
373
211
262
234
74
299
476
476
417
215
456
448
313
593
531
299
578
444
408
281
161
175
47
82
316
63
176
563
241
371
272
-10
149
276
-65
101
196
135
226
27
-258
-268
-276
-386
-477
-522
-322
-416
-367
-377
-261
-367
-538
-555
-524
-510
-462
-643
-838
-775
-915
-665
-725
-843
-742
-911
-1008
-1083
-1403
-1286
-1004
-1028
-888
-548
-567
-354
-230
-544
-229
-55
-32
52
80
60
347
444
236
402
236
156
111
-89
30
159
188
220
209
213
285
401
411
127
11
62
55
-14
111
267
35
55
312
302
250
381
376
224
241
300
337
345
369
287
315
492
143
79
216
82
195
133
-60
104
192
177
315
42
-75
195
62
89
185
-60
-19
-196
-142
47
-102
-75
-28
-22
-92
-43
14
-37
8
157
319
333
335
551
503
517
533
374
395
339
107
112
65
-234
-169
-91
-76
-55
-50
-33
46
-16
-46
44
29
144
21
279
414
209
342
262
52
43
114
-125
-234
-68
-16
-171
-170
-312
-346
-97
-314
-320
-258
-320
-85
-61
-148
-37
61
-26
-26
49
4
39
144
220
147
86
72
173
-59
-142
-38
-256
-195
-115
-31
59
41
49
228
191
124
172
58
146
-53
-257
-186
-166
-203
-257
-225
-334
-264
-274
-681
-694
-549
-711
-619
-633
-578
-507
-474
-414
-662
-704
-471
-373
-412
-143
-159
-226
-224
-239
-257
-292
-103
-164
15
121
-202
-81
129
-69
-115
-201
-251
-62
-33
41
98
258
214
334
669
530
642
1005
862
1012
1065
769
1005
1042
1005
666
635
539
131
65
-63
45
-71
-332
-37
-69
-503
-306
-297
-568
-606
-554
-554
-516
-620
-521
-418
-450
-354
-212
-69
-159
-38
-7
231
294
279
491
474
503
421
420
394
322
307
217
246
191
84
82
14
124
190
-7
155
277
87
191
14
-164
147
483
488
407
447
387
306
331
242
-44
-102
-283
-455
-247
-257
-429
-565
-515
-595
-807
-621
-518
-465
-283
83
258
84
7
48
18
-16
-66
-14
-138
-314
-138
-212
-182
-271
-273
-339
-470
-183
-190
-149
-170
-128
3
107
283
107
139
187
108
-150
-177
-140
-374
-162
-320
-307
-251
-439
-163
-283
-472
-182
-148
-313
-234
-65
-273
-335
-215
-189
-179
-85
-51
-16
143
-122
-225
-252
-190
-162
-128
-6
-123
-236
-176
-188
-101
71
73
14
-161
-84
46
102
69
-67
-154
-239
-430
-349
-116
-278
-372
-248
-251
-204
-225
-90
123
129
243
248
154
99
127
118
42
172
240
168
126
119
37
32
118
0
-136
-141
-4
75
-14
-46
94
79
254
213
107
423
299
345
558
536
591
573
640
617
558
756
755
678
672
611
654
670
475
360
321
121
160
269
183
204
100
-46
-131
-30
53
43
180
220
214
195
223
267
288
199
231
251
132
249
114
-91
61
14
-85
-89
-131
-224
-68
102
-129
-11
43
-25
46
-9
6
-177
-259
-280
-494
-325
-387
-603
-560
-637
-492
-461
-398
-238
-88
-12
-44
-7
46
175
-39
67
29
-32
172
83
154
53
-43
-80
-301
-234
-153
-420
-503
-448
-618
-906
-813
-839
-821
-703
-839
-839
-826
-718
-555
-708
-870
-671
-655
-691
-426
-302
-249
-19
-87
-148
48
91
194
453
383
517
670
462
546
642
507
426
566
664
543
612
585
520
643
343
504
680
272
191
276
171
405
529
242
341
194
90
133
-9
-119
-135
-253
-467
-380
-522
-594
-506
-481
-388
-589
-702
-610
-847
-785
-663
-877
-624
-495
-417
-344
-442
-374
-367
-352
-193
11
300
407
301
466
502
706
813
754
839
872
982
879
970
1123
1028
1211
1159
967
972
727
613
532
359
169
-131
-234
-273
-608
-449
-378
-590
-384
-378
-410
-134
-36
-212
-100
-167
-64
145
-102
97
268
145
440
578
319
365
553
516
293
273
557
291
131
195
0
-5
-167
-512
-256
-380
-824
-346
-453
-646
-426
-451
-360
-300
-194
-152
-183
-194
-127
-157
-453
-534
-504
-531
-531
-715
-825
-608
-728
-820
-636
-600
-478
-562
-411
-210
-377
-526
-515
-195
113
108
177
304
459
668
271
159
271
-26
68
12
82
380
-29
-379
-322
-442
-610
-651
-446
-401
-181
250
18
41
190
-1
-65
-17
-30
6
-138
-530
-597
-714
-929
-856
-792
-721
-580
-670
-517
-355
-393
-374
-126
183
196
365
450
625
654
469
665
966
1052
914
878
889
710
607
550
391
570
525
275
359
508
407
439
389
459
715
294
297
316
9
-38
-180
-381
-268
-374
-484
-556
-716
-737
-586
-366
-639
-660
-487
-596
-689
-210
-362
-377
93
-18
57
61
97
131
0
111
295
469
671
506
540
569
569
616
421
539
584
543
549
458
352
291
196
212
223
-180
-169
66
6
-96
-56
-176
-280
11
-134
-104
235
91
84
197
26
-137
-290
-577
-470
-467
-636
-385
-613
-627
-420
-488
-388
-167
-21
111
359
445
131
339
398
-240
287
505
-13
142
195
125
128
48
133
41
125
272
252
342
472
416
246
269
128
-62
-141
-84
0
-180
-51
-5
-295
-186
-538
-941
-652
-899
-1043
-998
-1331
-867
-940
-1067
-662
-616
-442
-375
-471
-360
-90
39
102
-35
55
169
239
276
259
360
451
584
426
100
-42
-198
-86
-56
-119
152
53
123
375
453
658
544
207
197
188
149
408
425
227
253
303
289
205
74
-125
-417
-552
-727
-822
-766
-951
-743
-499
-707
-618
-486
-316
-187
-278
47
65
-52
221
307
500
478
347
464
575
792
778
689
731
556
562
491
267
343
326
179
143
114
65
-31
8
202
31
-279
-121
-255
-827
-696
-584
-487
-548
-711
-216
-515
-415
-157
-638
-286
-385
-404
-396
-545
63
-99
168
399
74
427
300
310
525
165
303
541
132
33
135
222
105
129
414
164
168
128
-131
36
-170
-331
-129
-348
-124
-111
-290
43
-55
111
162
-46
101
13
-180
-235
-327
-253
-218
-468
-336
-292
-415
-221
-309
-264
-393
-453
-247
-382
-268
-277
-332
-289
-199
-356
-103
105
-311
21
101
-60
64
22
-92
-154
-118
-141
-368
-317
-200
-478
-267
-90
-138
85
93
424
710
491
455
469
418
229
172
11
-144
-22
-123
-189
-331
-378
-293
-185
-244
-356
-162
191
244
170
447
431
485
491
638
671
563
789
774
964
872
790
1028
773
608
579
291
231
184
50
-74
-339
-342
-482
-664
-250
-145
-346
-109
414
193
-9
346
-4
-230
-190
-437
-431
-361
-503
-481
-440
-392
-326
-346
-194
-52
13
54
165
357
315
353
353
550
665
590
586
623
911
701
640
689
323
451
456
212
408
181
99
124
-6
145
88
-48
118
396
461
375
225
357
322
125
90
141
177
-5
-142
-314
-675
-860
-823
-920
-1070
-1182
-1212
-1154
-1042
-922
-741
-669
-583
-350
-318
-158
0
-67
202
282
88
529
465
366
579
261
293
286
-148
-286
-173
-378
-335
-251
-396
-199
-195
-357
-266
-672
-632
-499
-655
-406
-678
-757
-827
-930
-783
-630
-678
-911
-808
-658
-827
-826
-699
-611
-472
-414
-339
-207
25
115
158
399
778
843
745
702
773
806
949
707
578
786
449
541
602
402
515
447
333
510
404
269
283
333
401
457
490
537
520
508
506
115
127
-226
-471
-450
-794
-904
-1131
-1024
-931
-1295
-1241
-1188
-1233
-614
-479
-298
164
109
524
662
497
730
610
786
778
697
867
680
770
806
771
662
481
413
207
31
57
-107
-154
-81
-145
46
6
163
519
454
290
221
1
-80
-128
-583
-724
-922
-1060
-1132
-1266
-1097
-1041
-1054
-914
-791
-561
-220
-155
233
307
266
846
773
750
942
803
910
837
717
584
593
703
345
340
412
162
158
145
-76
18
119
32
192
69
107
97
196
487
430
385
222
-145
-154
-35
-390
-443
-605
-769
-945
-1160
-922
-817
-998
-939
-733
-851
-697
-408
-577
-623
-437
-562
-359
-209
-367
-130
32
201
519
539
472
438
534
492
220
333
301
-7
-245
-474
-304
-342
-589
-228
-267
-227
-126
-116
141
-147
-314
-125
-218
-492
-622
-850
-1016
-966
-822
-884
-887
-953
-836
-369
-110
-25
84
502
664
940
1137
1223
1509
1261
1204
1225
1167
1206
1185
995
674
709
496
138
-121
-57
-217
-355
-299
-357
-169
-145
-196
-377
-285
58
140
16
380
449
337
716
581
289
366
177
68
-20
-370
-323
-751
-1030
-879
-990
-757
-578
-547
-30
130
206
455
388
409
431
495
706
778
677
866
818
669
743
907
785
524
704
318
76
337
-118
-149
-137
-365
-109
-200
-226
-85
-34
-78
-138
-330
-389
-625
-1125
-1157
-1271
-1379
-1177
-1160
-1089
-889
-761
-543
-361
-196
-252
2
303
334
484
456
618
854
786
748
815
676
543
444
334
327
293
167
-149
-133
-39
-91
-92
-143
-96
-123
-172
-264
-290
-314
-289
-154
-256
-181
-71
-270
-489
-716
-859
-1111
-1304
-1312
-1382
-1402
-1305
-1040
-876
-1006
-798
-534
-422
17
151
142
248
230
347
475
419
504
601
641
848
894
917
1093
1142
1092
966
864
647
470
369
357
398
168
317
402
428
479
369
463
343
74
-2
-4
-236
-305
-460
-595
-735
-999
-1039
-1274
-1287
-1129
-1047
-758
-495
-361
-143
16
127
390
503
499
704
572
609
686
444
356
204
230
248
201
202
133
-9
87
234
226
140
-69
-221
14
27
20
50
140
441
204
212
468
533
366
315
158
59
-136
-516
-459
-526
-795
-688
-712
-656
-121
-153
1
299
463
762
835
930
1166
1155
707
530
733
492
281
463
319
261
324
64
-64
-71
-191
-246
-257
-249
-194
-247
-276
-197
-86
71
47
180
69
-188
-255
-370
-504
-761
-942
-1102
-1309
-1591
-1467
-1620
-1811
-1388
-1406
-1409
-1061
-1068
-819
-419
-345
143
89
278
661
438
734
499
246
228
61
-21
-220
-174
-3
63
19
-13
185
450
556
627
546
549
559
592
748
771
767
975
1057
915
949
662
235
107
-90
-459
-762
-776
-1029
-1363
-1227
-1195
-864
-543
-539
-210
39
378
431
327
443
533
474
332
449
417
264
185
431
578
506
403
359
438
228
44
161
295
212
113
77
55
75
73
88
309
225
-70
-12
-135
-471
-516
-776
-1000
-876
-1033
-1059
-988
-1187
-1063
-873
-860
-577
-383
-72
257
302
902
1077
1008
1224
1087
1138
823
703
570
476
516
269
215
299
278
97
387
522
554
690
773
449
588
859
477
530
476
386
457
336
247
193
150
165
44
-166
-386
-535
-753
-851
-853
-930
-984
-1095
-1043
-1027
-881
-627
-573
-341
-397
-413
-66
-139
-247
-229
-422
-283
-217
-341
-338
-382
-328
-213
-40
-219
-150
-196
-358
-148
-77
-16
77
1
58
300
191
11
-88
-52
-136
-220
-509
-1124
-1149
-1195
-1489
-1454
-1392
-1214
-1277
-1057
-574
-486
-235
-162
32
392
442
662
664
517
643
605
557
330
101
52
-194
-135
-200
-201
74
-156
-95
37
126
423
447
398
366
327
550
610
516
743
771
885
897
649
597
424
-34
-113
-186
-335
-293
-766
-732
-647
-672
-297
-468
-318
-91
-144
142
297
543
437
390
509
209
241
242
142
28
-125
-1
18
-21
28
-128
109
141
148
246
71
231
258
294
387
649
749
698
502
433
355
-67
-401
-726
-977
-1224
-1327
-1273
-1307
-1284
-884
-747
-676
-368
-217
55
431
484
585
768
931
1109
1083
1145
1231
1134
963
939
559
149
144
75
-108
-73
51
-134
-8
319
340
562
751
681
778
745
687
868
759
519
502
272
-4
-131
-396
-862
-1194
-1210
-1399
-1640
-1712
-1777
-1772
-1624
-1624
-1621
-1131
-925
-727
-288
16
250
195
133
228
209
-77
-40
-206
-402
-335
-444
-560
-454
-209
-309
-267
-72
-46
-104
-183
-197
45
35
74
484
704
628
604
702
429
265
264
-84
-416
-721
-992
-965
-988
-1078
-1141
-1072
-896
-607
-319
-101
-75
134
484
516
899
1092
1166
1451
1406
1431
1466
1376
1201
931
725
198
-62
-118
-179
-9
4
154
146
223
290
370
709
630
756
905
687
768
639
574
513
65
-114
-472
-833
-1044
-1360
-1655
-1843
-1802
-2001
-2080
-1826
-1719
-1530
-1151
-692
-363
-40
280
631
839
944
869
577
448
242
64
33
84
40
223
242
194
255
271
391
487
441
306
752
852
813
1346
1317
1440
1635
1350
1275
1046
696
337
104
-341
-692
-816
-1062
-1020
-899
-991
-830
-529
-610
-371
-190
-57
198
356
608
730
843
1012
889
692
697
440
226
193
-130
-568
-842
-903
-948
-1072
-761
-552
-546
-301
-131
-70
64
326
419
427
286
292
515
452
384
324
130
-36
-325
-859
-1208
-1164
-1351
-1450
-1350
-1438
-1507
-1241
-1037
-1052
-850
-752
-630
-529
-306
-159
-210
37
-217
-403
-157
-287
-253
-24
-77
-80
78
18
146
237
276
307
316
561
732
790
1110
1265
1271
1590
1448
1300
1195
723
470
229
-138
-344
-770
-897
-840
-1199
-1216
-937
-801
-719
-719
-536
-399
-168
252
287
611
1024
1034
1172
1115
990
1011
844
670
354
83
79
-52
-215
-204
-497
-290
-259
-441
52
162
460
672
713
938
1201
1311
1236
1211
1086
1088
869
653
499
166
50
-175
-485
-808
-1017
-984
-1119
-1050
-863
-866
-600
-407
-219
248
490
641
804
767
778
748
462
362
267
96
21
-121
-314
-308
-187
-152
-101
-47
92
167
-102
-70
206
450
670
792
766
606
561
355
352
17
-271
-549
-1004
-1301
-1584
-1575
-1898
-2014
-1856
-1870
-1748
-1621
-1395
-1181
-1095
-595
-164
97
543
606
615
859
1009
1015
807
746
669
276
147
-88
-505
-516
-564
-711
-328
-177
-280
159
165
119
303
289
357
422
526
596
382
442
511
319
360
42
-230
-274
-399
-648
-768
-773
-845
-934
-754
-710
-548
-286
-259
355
446
231
518
418
443
553
179
267
319
52
-55
107
-21
-161
53
-94
-74
-24
-104
23
-147
-213
-3
50
308
463
497
806
834
599
630
320
97
-36
-438
-773
-1169
-1345
-1526
-1796
-1881
-1875
-1586
-1382
-1454
-1157
-833
-606
-277
-56
485
952
1054
1274
1462
1615
1556
1442
1377
1277
1043
619
529
528
273
256
211
303
537
642
931
750
664
998
1090
1138
1235
1265
1411
1336
1132
1176
1009
683
284
-32
-387
-740
-938
-1088
-1198
-1251
-1330
-1387
-1036
-808
-848
-452
-123
-91
64
10
83
336
185
118
87
-186
-149
-242
-336
-328
-481
-534
-565
-633
-566
-264
-227
-357
-157
137
244
535
676
783
1029
970
915
802
329
-7
-120
-573
-850
-1034
-1583
-1779
-1637
-1736
-1687
-1551
-1398
-1067
-895
-755
-551
-361
-208
64
391
636
513
571
585
225
293
0
-123
-134
-280
-280
-584
-514
-407
-413
-455
-418
-143
41
56
145
479
658
587
780
1047
1038
1145
1020
786
759
508
56
-240
-433
-642
-928
-948
-1177
-1320
-1146
-1171
-641
-644
-604
-32
48
305
494
457
723
712
435
376
3
-83
-31
-73
158
71
-18
-68
27
-96
-256
-9
-10
-28
60
187
383
741
903
990
1193
1203
969
794
469
220
179
-118
-349
-623
-749
-915
-1109
-1102
-1161
-1126
-1087
-900
-575
-545
-422
-291
33
246
402
717
759
883
751
620
640
689
505
442
496
233
75
285
328
269
578
676
551
531
657
755
817
569
725
1003
779
844
820
723
695
337
-23
-437
-709
-915
-1327
-1398
-1433
-1424
-1221
-1098
-1103
-976
-840
-584
-402
-349
-124
-37
-4
-35
-159
-299
-401
-488
-574
-495
-603
-800
-610
-719
-770
-559
-561
-634
-707
-552
-236
-217
7
159
179
544
473
314
402
495
219
-27
-168
-379
-618
-845
-985
-1021
-876
-1089
-1006
-886
-1071
-882
-773
-700
-509
-316
-31
208
405
454
451
571
386
221
123
37
-21
-397
-102
72
-55
237
438
686
955
1168
1207
1327
1334
1017
1005
1232
1106
1141
1151
986
932
663
573
323
139
12
-351
-360
-647
-784
-674
-835
-730
-644
-704
-591
-576
-494
-100
-200
-131
48
-53
165
127
19
-47
-159
-142
-113
-41
187
360
420
465
560
633
870
968
929
1194
1029
803
992
947
737
847
737
745
674
607
578
226
14
-286
-507
-703
-873
-794
-992
-1162
-927
-1101
-895
-687
-668
-438
-313
-191
-116
64
299
409
588
667
411
304
235
12
2
-88
-337
-251
-441
-224
-15
-332
-76
122
240
415
371
646
831
966
1183
1178
1125
1065
859
544
204
-331
-563
-667
-838
-909
-922
-983
-1069
-1246
-1500
-1322
-929
-950
-1035
-801
-551
-233
-99
-77
214
184
-29
-168
-404
-434
-473
-666
-718
-688
-779
-887
-851
-774
-831
-501
-154
-88
166
176
412
667
760
973
873
992
803
559
316
-17
41
-483
-848
-1028
-1449
-1203
-1327
-1580
-863
-830
-933
-654
-794
-541
-120
-57
307
537
670
1200
1323
1482
1599
1338
1063
964
791
507
405
381
118
41
208
289
453
504
643
853
1058
1176
1314
1374
1433
1655
1590
1252
1244
1137
754
445
-87
-309
-517
-790
-1054
-1460
-1442
-1499
-1562
-1399
-1331
-1310
-1281
-1079
-1033
-788
-445
-529
-282
-89
-230
-5
-39
-362
-423
-339
-187
-43
121
218
310
450
583
572
756
901
862
1178
1118
1057
1262
1258
1310
1339
1384
1256
1044
644
308
161
-271
-670
-906
-1250
-1400
-1285
-1379
-1254
-909
-997
-1137
-933
-908
-854
-522
-235
212
683
869
1109
1309
1167
941
691
444
411
113
-318
-304
-317
-336
-294
-196
10
137
248
163
65
209
369
388
340
608
743
512
514
390
154
-99
-605
-868
-1051
-1234
-1484
-1724
-1701
-1752
-1689
-1698
-1420
-1259
-1244
-901
-713
-483
-343
-184
-271
-264
-48
-38
-8
-5
60
184
34
-135
21
85
183
143
148
329
173
322
596
629
811
907
958
1129
891
724
871
649
500
438
163
-31
-89
-264
-327
-371
-696
-831
-896
-909
-857
-912
-788
-467
-227
-299
-266
-37
48
260
664
553
470
503
263
248
37
71
0
-160
-64
-334
-200
194
387
732
747
795
1037
1090
1184
1340
1549
1586
1708
1753
1725
1755
1507
1200
959
524
354
86
-385
-592
-854
-962
-1198
-1438
-1308
-1309
-1205
-818
-784
-526
-500
-579
-352
-401
-407
-412
-429
-425
-429
-435
-355
-425
-383
-381
-321
-173
-78
127
114
97
347
470
683
1220
1051
1148
1313
970
845
648
466
181
-227
-548
-568
-762
-1009
-1119
-1332
-1409
-1423
-1587
-1455
-1296
-1495
-1423
-1373
-1189
-841
-783
-549
-236
-177
-197
-179
-154
-219
-485
-612
-408
-491
-503
-478
-393
-36
8
289
708
556
502
758
744
795
1017
1104
1145
1423
1459
1107
1184
1168
813
804
487
183
188
-190
-425
-519
-636
-608
-825
-936
-715
-609
-305
-199
-188
-7
-56
-98
-223
-318
-353
-412
-511
-508
-439
-475
-434
-470
-415
-320
-299
-53
4
112
380
576
868
1080
1225
1413
1359
1082
990
793
567
199
145
133
-199
-198
-441
-707
-662
-706
-997
-932
-885
-1042
-877
-644
-533
-291
-57
-86
206
305
306
364
528
634
641
660
437
425
240
123
128
95
264
272
291
558
592
928
1360
1333
1449
1472
1473
1522
1511
1575
1434
1246
1300
974
555
536
196
-116
-280
-723
-1000
-1284
-1495
-1414
-1523
-1541
-1304
-1212
-1101
-1031
-1029
-810
-749
-873
-905
-939
-1131
-1479
-1371
-1135
-1057
-976
-1042
-966
-963
-941
-741
-557
-320
-9
92
302
598
788
990
981
1117
1068
975
949
784
770
438
222
333
57
-163
-200
-443
-702
-840
-824
-828
-933
-953
-962
-913
-869
-775
-699
-679
-499
-552
-573
-497
-534
-336
-299
-483
-559
-592
-666
-727
-473
-406
-343
-123
-192
-104
111
134
360
623
722
935
1009
1241
1446
1602
1721
1586
1567
1423
1156
1088
881
551
364
85
-91
-236
-435
-363
-408
-449
-250
-292
-324
-172
-150
-143
-159
-118
8
-49
83
44
-49
-88
-186
-251
-458
-501
-612
-536
-653
-603
-264
-72
364
626
909
1119
1325
1576
1569
1624
1556
1466
1606
1505
1172
1002
805
622
198
-135
-173
-537
-631
-654
-786
-729
-855
-910
-829
-714
-550
-412
-254
-169
65
129
125
252
208
104
16
-52
-155
-251
-386
-504
-587
-401
-337
-277
-45
-49
123
320
341
454
645
648
751
1004
922
1014
909
534
428
-7
-289
-414
-750
-883
-1012
-1120
-970
-829
-766
-496
-311
-396
-371
-350
-299
-308
-387
-377
-354
-400
-581
-595
-746
-962
-924
-1035
-1283
-1325
-1341
-1311
-1254
-1147
-919
-682
-360
-219
-33
204
426
487
386
502
490
575
677
478
436
532
419
222
145
25
-98
-180
-289
-505
-505
-438
-608
-441
-218
-101
-110
-161
-8
0
-58
-7
67
76
132
160
45
123
291
198
255
297
272
342
295
299
275
392
529
535
743
955
1036
1057
1074
1083
1131
1175
1049
994
802
680
532
236
374
273
46
108
-67
-191
-278
-309
-276
-339
-372
-413
-410
-506
-630
-507
-424
-626
-643
-662
-540
-499
-610
-563
-681
-904
-921
-810
-797
-661
-644
-635
-438
-217
-130
-26
180
433
500
593
874
954
983
882
726
811
871
888
857
759
634
540
526
422
357
260
204
127
33
63
44
61
149
179
266
197
270
195
-5
116
-113
-123
-22
-284
-275
-176
-189
-110
-44
48
25
-55
-22
15
62
83
109
176
191
320
342
288
303
92
123
55
-255
-440
-529
-543
-698
-640
-696
-808
-677
-722
-747
-655
-650
-759
-679
-750
-776
-581
-679
-565
-669
-881
-756
-840
-939
-848
-933
-1035
-1019
-835
-544
-572
-346
-154
84
260
324
518
543
685
666
591
600
599
686
690
404
296
301
223
248
246
149
60
57
99
165
99
57
194
248
135
114
187
106
143
112
-31
105
-11
-19
84
-46
-35
-147
-166
-232
-484
-399
-248
-278
-279
-225
-166
-182
-94
-8
47
188
160
215
270
283
361
351
404
448
378
403
433
442
504
479
468
407
370
398
389
387
299
186
157
217
214
3
-114
-209
-391
-523
-572
-525
-586
-612
-578
-597
-619
-545
-516
-533
-386
-128
-123
-110
155
197
234
311
389
479
530
577
504
449
485
363
238
303
229
22
-87
-152
-64
-94
-189
-258
-460
-507
-579
-536
-490
-470
-378
-329
-327
-213
-238
-285
-275
-247
-267
-445
-395
-515
-632
-664
-635
-646
-536
-392
-292
-317
-473
-343
-185
-98
97
136
274
554
333
326
424
384
348
293
216
218
206
124
180
136
190
317
225
111
162
96
14
-37
-6
34
107
312
290
287
269
216
241
46
-151
-241
-477
-619
-494
-491
-495
-535
-506
-502
-516
-242
-269
-145
129
38
-46
25
114
211
187
82
182
251
202
215
138
36
-1
-43
-54
-98
-192
-224
-78
-40
-128
-80
-87
-69
111
70
12
56
127
222
204
211
337
418
535
537
503
602
489
474
439
428
629
629
486
525
494
445
523
540
422
424
529
379
440
563
448
505
456
364
482
382
318
269
82
63
-89
-200
-141
-242
-298
-314
-230
-265
-355
-242
-318
-300
-318
-349
-204
-155
-167
-264
-330
-438
-514
-619
-675
-591
-549
-673
-689
-632
-675
-551
-367
-245
-279
-142
-32
0
72
23
118
375
343
323
441
337
384
323
218
204
208
51
-102
5
-70
-123
-166
-253
-286
-315
-244
-279
-360
-416
-425
-334
-385
-300
-280
-503
-593
-750
-899
-932
-909
-690
-665
-841
-789
-812
-769
-619
-500
-301
-263
-131
-79
-39
158
58
168
460
317
295
519
398
371
409
154
49
60
-42
-6
153
177
161
237
151
57
169
140
235
296
238
222
168
181
215
233
177
158
117
92
180
180
46
189
223
148
274
159
121
106
115
326
369
378
432
372
389
443
361
265
236
131
22
-60
-57
-81
-251
-159
-142
-193
-152
-157
-34
70
2
95
249
285
576
668
804
876
680
726
611
477
496
195
38
111
-88
-105
-60
-216
-260
-104
-120
-205
-249
-178
84
73
-63
-17
-2
49
85
91
93
-6
-158
-305
-185
-184
-302
-268
-396
-284
-107
-219
-44
-34
-207
-181
-103
-189
-159
-118
-88
95
-23
-55
1
-14
34
-136
-177
-177
-401
-342
-314
-301
-320
-266
-344
-361
-258
-362
-132
-33
-126
21
-9
-137
53
36
-3
12
-129
36
-42
-131
-25
-262
-266
-216
-230
-261
-307
-351
-298
-285
-391
-228
-227
-87
-29
-135
112
71
72
286
254
217
182
31
38
27
-65
48
19
45
177
229
192
185
154
-11
119
355
264
276
432
363
518
516
416
445
319
184
-20
12
-45
-83
-64
-196
-224
-313
-438
-423
-240
-244
-200
-142
-166
-210
-132
73
-91
-202
-186
-306
-315
-307
-415
-400
-480
-609
-559
-449
-422
-302
-149
-202
-35
80
84
22
40
334
425
491
611
604
585
466
554
691
645
653
774
907
650
707
683
489
525
373
340
69
212
279
88
338
223
217
279
184
354
379
260
229
174
227
-11
-187
44
-133
-155
56
-183
-232
-260
-326
-198
-282
-204
-11
-78
-113
-94
-115
-25
-211
-260
-176
-424
-484
-565
-817
-785
-770
-767
-501
-663
-593
-521
-800
-610
-664
-511
-445
-679
-511
-396
-434
-456
-249
-184
-195
-304
-344
-191
-246
-122
-122
-56
-111
-359
-249
-352
-270
-163
-204
35
15
-48
146
104
229
273
117
132
60
137
102
2
6
91
-60
-165
-82
-2
38
17
-17
-1
28
-151
-62
-28
-6
-33
-143
-53
-69
-29
25
-115
122
170
6
-42
-161
-183
-314
-101
-202
-378
-373
-369
-340
-379
-206
-184
-214
-119
44
222
304
160
277
393
314
443
382
127
161
22
-188
-122
-99
52
80
180
262
243
256
139
84
179
86
67
150
38
235
266
209
242
189
112
52
130
165
230
146
36
49
27
138
280
336
482
595
600
587
581
618
411
258
291
34
12
3
-72
40
27
-63
-131
-64
-215
-129
-254
-390
-189
-250
-64
117
157
173
265
182
65
85
-32
-108
-126
-182
-356
-426
-440
-456
-272
-381
-239
-141
-191
-184
-358
-322
-294
-328
-417
-280
-362
-224
-256
-469
-223
-221
-274
-117
-150
-275
-298
-167
-120
-159
-2
13
9
-87
113
189
-9
192
254
145
344
204
62
308
171
-16
0
-141
-147
-79
-240
-333
-246
-282
-450
-391
-409
-435
-262
-360
-426
-247
-376
-187
-134
-65
139
-166
-72
23
-23
-35
-66
-54
-72
-138
-243
-82
-53
-183
-215
-77
-9
-38
-45
-229
-184
-27
-79
-24
60
4
13
-156
-190
-16
93
101
-39
100
79
21
120
90
108
160
361
327
469
537
480
561
561
548
625
831
679
790
733
765
871
688
640
594
431
245
224
151
133
80
142
27
-41
143
64
84
105
38
11
-37
5
-105
-82
83
107
-88
-122
-61
-294
-308
-366
-435
-278
-443
-365
-359
-544
-267
-255
-163
24
-58
105
163
45
295
247
174
286
103
24
68
53
156
178
98
19
-164
-96
-35
-46
-22
88
140
21
144
222
260
265
-25
-101
-241
-292
-428
-568
-484
-746
-765
-865
-809
-755
-761
-612
-871
-829
-659
-822
-799
-640
-676
-579
-352
-373
-365
-288
-348
-418
-467
-333
-369
-411
-332
-334
-448
-432
-304
-573
-396
-243
-381
-163
-116
45
268
195
330
476
567
745
665
594
648
581
489
418
535
493
342
481
433
224
151
17
74
181
103
19
-105
80
148
329
492
356
329
268
204
297
361
348
400
367
355
290
440
375
291
342
273
322
234
195
172
-93
-244
-206
-396
-201
-247
-462
-215
-507
-411
-331
-279
-104
-277
-116
-177
-222
-245
-209
-135
-125
-129
15
21
-163
201
61
131
532
343
448
412
511
651
717
591
486
601
505
643
722
803
710
449
399
355
301
400
266
325
248
12
58
-16
0
181
90
119
206
254
229
-30
-106
-117
-139
-337
-373
-361
-191
-292
-212
-179
-187
-13
-76
-45
77
229
88
139
27
-31
137
78
61
205
125
133
95
24
-58
-123
-137
-322
-223
-423
-557
-516
-636
-586
-690
-751
-688
-632
-561
-692
-696
-628
-807
-802
-731
-857
-806
-680
-677
-809
-682
-538
-559
-405
-385
-245
-192
-149
50
185
339
369
429
343
168
315
319
192
395
363
273
386
268
348
395
270
465
370
313
586
497
533
632
605
621
536
558
383
144
48
-60
-242
-370
-354
-544
-541
-603
-565
-423
-296
-133
-420
-347
-342
-410
-365
-354
-259
-340
-208
-213
-67
105
-87
76
114
113
255
91
127
276
273
215
144
322
434
278
310
365
203
269
234
160
284
296
297
323
346
142
61
-2
-191
-86
28
-164
11
-9
-245
-79
-141
-83
103
105
-11
59
214
95
18
173
156
36
64
73
112
136
-35
68
132
84
13
-44
7
-157
-74
-108
-120
-70
-129
-167
-143
65
-38
-184
-236
-305
-272
-238
-337
-409
-254
-223
-209
-221
-343
-241
-202
-422
-378
-263
-342
-401
-469
-417
-460
-452
-291
-358
-270
-124
-87
-8
32
1
-114
-36
-2
-30
12
6
-147
-93
-34
-317
-286
-62
-228
-269
-182
-372
-193
-169
-249
16
111
-54
13
90
-124
-77
-87
-237
-241
-311
-261
-141
-173
-222
-326
-320
-170
-129
-298
-11
72
-29
186
-57
134
283
53
291
230
129
444
420
435
467
264
240
246
209
199
235
285
396
266
263
300
299
496
446
463
477
500
490
407
573
684
629
646
396
145
171
-89
-234
-169
-316
-362
-268
-239
-71
-14
-39
60
22
44
134
215
115
93
87
44
150
41
118
73
-38
0
31
-119
-214
-178
-359
-124
-117
-285
-66
-193
-219
-89
-275
-66
-98
-270
-167
-192
44
-16
-226
-32
-40
17
146
-2
154
232
300
388
422
492
329
306
296
131
267
260
202
296
157
177
121
38
23
-110
-189
-438
-649
-317
-312
-380
-262
-244
-144
-54
-187
-383
-187
-350
-430
-230
-291
-402
-236
-224
-313
-164
-324
-356
-314
-492
-394
-331
-420
-486
-650
-643
-734
-771
-631
-896
-850
-731
-909
-815
-631
-408
-462
-409
-442
-262
-82
-170
-119
-168
-38
-87
-10
205
112
133
308
92
130
224
-17
70
53
-13
165
126
133
132
144
182
109
143
147
108
65
79
201
55
-8
92
-72
154
99
-31
52
-16
8
9
-41
-43
119
-10
-93
147
95
238
474
481
568
514
499
455
528
447
434
446
454
599
516
482
523
528
353
461
496
508
579
406
362
467
422
448
504
243
167
97
-153
-106
92
-258
-259
33
-286
-133
-142
-299
-65
-212
-147
0
-99
-93
-78
-120
-78
-170
-236
-312
-434
-399
-352
-362
-248
-151
-323
-294
-25
-90
-9
242
0
8
50
151
259
144
181
277
219
187
254
37
-53
-114
-221
-179
-140
-191
-375
-409
-307
-271
-168
-260
-327
-344
-421
-405
-317
-317
-313
-320
-288
-19
-119
-66
141
-140
-205
-14
-207
-121
-99
-215
-82
-29
-3
-88
-122
-81
-65
-88
-178
-250
-195
-194
-118
-248
-106
-66
-36
152
24
80
59
62
31
99
132
144
87
18
-49
-142
-166
-122
-137
-345
-260
-272
-325
-295
-412
-404
-303
-317
-295
-317
-257
-171
-164
-166
-71
-5
-117
-56
-195
-144
-90
-188
-7
125
174
216
177
216
206
269
463
402
586
441
413
563
645
700
354
531
391
237
349
257
288
328
369
333
495
511
486
506
457
541
429
263
415
367
358
301
98
235
305
266
223
310
281
397
407
340
362
506
555
346
345
202
279
257
132
-5
-285
-311
-466
-558
-396
-538
-534
-493
-518
-484
-656
-475
-484
-522
-358
-524
-256
-171
-190
134
103
196
127
27
195
243
290
310
90
132
103
-75
-56
-394
-465
-507
-579
-527
-749
-677
-624
-594
-468
-569
-499
-363
-297
-272
-341
-376
-347
-314
-270
-247
-165
-55
-18
5
-21
-21
-71
-21
-14
16
32
-81
11
-150
-128
96
-177
-179
71
-82
-21
85
34
115
-30
120
102
137
416
194
317
275
69
156
124
71
82
125
119
94
149
112
-2
153
113
-213
-142
-209
-488
-535
-672
-603
-624
-565
-499
-703
-621
-538
-629
-596
-452
-505
-426
-396
-415
-295
-206
-119
-75
165
296
371
511
584
657
508
444
304
299
331
135
320
357
334
460
482
392
341
315
260
253
222
334
493
608
611
634
543
480
496
376
385
312
228
266
214
350
459
311
413
355
167
167
63
57
65
-28
10
-200
-258
-102
-330
-364
-380
-430
-526
-776
-754
-694
-708
-502
-555
-700
-626
-741
-649
-440
-363
-186
-136
-95
33
-22
129
302
309
527
378
223
303
47
39
-1
-45
107
78
-17
75
53
97
226
127
196
215
144
69
205
113
94
199
52
27
29
14
-4
-22
24
31
-172
-102
-71
-95
45
-2
-134
-113
-165
-324
-243
-348
-406
-230
-311
-420
-327
-384
-326
-359
-445
-200
-212
-230
-80
-66
-173
-243
-138
-39
-105
2
9
9
42
-180
-114
3
43
160
183
101
172
197
-10
179
163
97
305
186
98
40
83
-80
-165
-90
-42
42
91
86
-79
-8
-100
-233
-199
-173
-208
-181
-10
-42
-109
-68
73
-19
-82
0
75
228
207
228
145
174
169
90
60
118
174
82
221
169
121
247
302
382
201
80
219
160
5
-14
224
-31
-147
10
-166
-45
-96
-152
102
163
146
438
392
227
252
160
217
111
24
156
73
-8
231
258
-11
-35
53
-69
-100
71
-112
-261
-6
-44
-9
128
38
52
75
163
120
-16
-54
-52
-117
-73
-113
-179
-18
-19
-137
-85
-20
-202
-71
-2
-97
-129
-280
-343
-321
-362
-393
-579
-670
-572
-805
-754
-541
-601
-491
-300
-555
-393
-341
-466
-214
-334
-322
-199
-111
-168
-43
-81
-252
-6
-82
-356
-246
-304
-350
-134
-197
-145
-132
-129
-50
58
102
111
245
224
350
462
320
337
360
315
352
266
121
121
73
-75
44
41
-37
-72
-94
37
17
-71
-22
-54
-272
-90
-221
-359
-165
-480
-440
-322
-587
-482
-304
-378
-192
-45
-172
-171
-68
40
211
97
32
273
214
319
483
500
700
598
465
620
546
527
596
512
517
453
456
478
413
462
375
327
435
336
93
127
137
5
101
144
17
-47
191
201
110
244
274
245
230
168
261
331
290
418
240
215
263
25
10
14
-207
-73
-78
-210
-45
-208
-250
-255
-422
-446
-416
-412
-228
-284
-251
44
89
129
112
189
205
68
99
16
-47
195
27
-33
195
26
-187
-159
-88
-75
-98
-83
-142
-318
-120
-158
-329
-179
-116
-245
-316
-253
-141
-67
-74
-41
-100
-90
-38
-60
-37
-5
47
204
-9
-6
108
-39
-12
10
10
-29
-244
-328
-382
-561
-502
-689
-683
-809
-826
-660
-763
-504
-484
-496
-303
-444
-419
-188
-381
-406
-208
-331
-197
-16
-244
-323
-353
-387
-333
-257
-353
-222
-117
-201
-118
-73
-145
-42
113
64
190
169
82
42
111
-61
-18
84
13
-7
-39
40
-23
115
207
255
301
464
452
406
565
420
359
408
321
291
328
381
385
418
618
539
242
205
292
330
293
237
269
252
246
269
266
291
293
232
60
210
176
107
228
62
141
213
120
206
376
198
222
377
245
262
356
384
126
-40
-20
-113
-97
-197
-399
-316
-199
-261
-259
-149
-253
-240
-221
-130
36
-117
41
123
-33
30
45
-130
-99
-94
-170
-64
-14
-52
6
88
-59
-26
-22
-174
-280
-291
-156
-157
-136
-224
-356
-147
-309
-315
-208
-302
-232
-377
-204
-124
-214
-308
-488
-329
-337
-401
-263
-209
-295
-443
-359
-409
-477
-331
-361
-245
-197
-374
-381
-380
-480
-445
-535
-628
-422
-480
-604
-403
-337
-180
-89
-249
71
261
187
292
310
291
444
429
336
480
400
284
322
287
242
193
165
104
62
15
-9
191
150
15
-14
-128
-281
-81
-151
-223
112
-45
-80
60
-60
-164
21
170
210
200
177
218
235
129
143
68
69
188
-36
-36
59
-66
-154
-162
-280
-275
-188
-26
-48
-147
-30
91
179
218
97
109
295
181
163
104
108
174
243
349
362
574
546
527
538
457
548
449
334
419
374
345
349
271
256
57
12
-25
-118
29
-75
-234
-59
-145
-58
132
-25
121
149
100
180
151
183
362
337
359
371
330
311
145
300
337
230
493
469
223
320
203
103
136
45
74
84
74
153
-8
-79
30
-169
-171
-143
-338
-431
-422
-431
-409
-492
-680
-618
-393
-702
-835
-465
-765
-756
-547
-715
-612
-531
-638
-507
-353
-388
-396
-613
-557
-363
-456
-391
-551
-662
-370
-464
-631
-464
-498
-593
-370
-303
-273
-176
-300
-233
-27
-38
-55
81
82
-57
48
169
116
315
305
136
327
306
263
260
370
403
338
378
374
568
411
301
375
325
291
328
265
152
146
193
339
302
312
230
21
19
109
3
-37
-29
-100
-118
-73
-54
-157
-71
-6
-116
-105
-117
-145
-161
-258
-309
-391
-364
-464
-411
-294
-231
-44
-40
-82
-151
-129
72
92
-14
86
192
111
161
375
238
394
435
320
443
311
262
203
167
285
258
171
208
162
131
176
211
242
327
357
378
216
196
297
148
267
201
155
345
208
133
146
156
266
301
354
243
210
367
168
-20
98
22
-168
-153
-204
-324
-206
-264
-409
-242
-317
-471
-257
-253
-459
-328
-469
-456
-450
-626
-414
-498
-457
-325
-494
-444
-253
-307
-274
-315
-306
-171
-173
-178
-164
-250
-199
-39
-290
-253
-227
-431
-353
-327
-404
-367
-361
-241
-316
-478
-381
-458
-428
-420
-460
-398
-366
-309
-106
-17
-57
-100
-92
54
148
93
114
236
288
329
327
382
484
552
470
361
302
307
306
313
402
292
136
325
464
392
546
509
394
576
544
363
433
394
333
557
590
543
631
453
349
456
351
302
310
325
342
38
51
182
-79
-202
-174
-220
-340
-211
-261
-427
-325
-235
-316
-375
-305
-220
-208
-318
-58
-102
-177
97
-5
99
170
-27
-28
63
126
128
87
-86
-37
22
-94
26
36
-54
33
94
-2
-29
-43
-38
47
125
44
-16
-27
-112
48
47
-16
105
163
83
106
132
68
61
-63
23
11
-35
116
0
14
105
-53
-85
22
-239
-297
-199
-284
-19
-139
-190
-12
-86
144
237
76
75
86
53
-26
-99
-79
-14
-6
-173
-134
-48
-114
-69
-68
-206
-327
-271
-439
-608
-511
-640
-824
-696
-756
-1005
-833
-729
-934
-829
-845
-940
-805
-822
-801
-716
-651
-491
-250
-499
-507
-285
-383
-365
-295
-279
-302
-191
-102
-125
-29
199
138
194
268
165
389
327
153
372
330
276
424
355
278
423
470
417
436
373
261
263
255
262
352
266
386
376
234
291
163
149
131
110
81
-3
68
-57
-69
-95
-324
-95
47
-117
-11
23
-23
92
163
67
5
-14
-45
88
119
248
284
285
517
472
593
812
731
755
761
703
717
505
471
538
480
569
511
662
587
353
511
586
604
550
486
449
416
428
336
268
322
304
199
134
263
243
139
44
11
-42
-106
-20
-157
-280
-320
-292
-399
-610
-540
-389
-330
-368
-466
-618
-620
-497
-595
-590
-513
-503
-480
-404
-331
-283
-278
-234
-116
-416
-522
-576
-626
-494
-545
-425
-245
-395
-438
-217
-229
-191
-281
-197
-103
-289
-138
-100
-122
-158
-247
-204
-282
-311
-368
-457
-407
-390
-379
-340
-531
-636
-356
-368
-559
-358
-425
-464
-214
-490
-615
-349
-358
-376
-214
-207
-157
-98
-193
-218
-100
29
107
199
245
345
381
253
415
518
317
296
267
292
288
220
273
156
134
194
39
196
198
37
190
215
180
326
251
235
411
192
305
408
338
416
463
407
373
371
176
163
105
-31
-6
-108
-182
-82
-158
-137
-166
-177
-145
-337
-308
-243
-97
-147
-301
-170
-123
-128
-121
24
-90
-271
-101
-104
-55
129
37
190
258
195
399
371
384
492
469
365
408
421
297
399
450
401
433
462
472
337
359
391
306
293
241
110
170
262
184
189
127
-5
-67
-179
-345
-236
-233
-83
-1
-139
129
232
25
174
46
-219
69
223
-14
-124
-11
-63
-55
-114
-78
-114
-177
-155
-150
-200
-179
-189
-246
-369
-488
-408
-411
-482
-717
-687
-794
-913
-774
-649
-830
-684
-528
-687
-450
-399
-372
-192
-142
-155
-100
-331
-386
-365
-454
-381
-476
-544
-472
-314
-283
-383
-234
-218
-346
-195
-166
-137
33
39
-2
135
188
145
247
437
480
488
579
579
590
492
219
123
225
193
244
219
234
312
181
84
111
75
123
243
45
180
150
-121
-91
-194
-205
-47
-131
-112
-11
-42
106
-17
-168
-181
-402
-284
-168
-315
-76
-44
-31
101
-120
-179
-32
-97
-299
-327
-267
-184
-232
-215
-69
-46
78
112
62
138
103
242
305
378
606
486
579
694
592
688
644
654
686
511
646
583
462
644
502
579
708
561
420
277
335
213
138
264
130
126
183
56
121
128
96
127
43
132
54
-31
-27
-217
-101
12
-88
-161
-160
-10
-4
-42
6
-59
-94
-150
-348
-406
-315
-326
-397
-401
-358
-398
-500
-424
-301
-334
-391
-393
-290
-261
-198
-236
-363
-229
-314
-385
-269
-245
-253
-305
-453
-366
-418
-544
-437
-400
-244
-412
-464
-289
-388
-524
-534
-550
-488
-494
-616
-568
-674
-596
-456
-620
-592
-498
-516
-566
-496
-328
-329
-261
-106
-21
10
55
175
304
331
500
634
449
564
750
551
460
652
648
544
604
590
627
462
379
469
220
285
400
379
510
533
511
505
539
519
460
397
388
464
439
293
255
196
238
337
168
164
225
142
80
-33
-99
-216
-275
-218
-295
-305
-288
-318
-224
-288
-364
-206
-128
-146
27
76
0
138
175
226
222
292
431
198
177
370
367
288
352
303
4
103
3
-217
-337
-444
-403
-603
-550
-350
-396
-405
-294
-353
-431
-327
-183
-245
-140
-79
70
201
33
77
133
173
84
99
146
122
144
254
153
151
172
40
208
144
-30
40
-148
-157
-146
-221
45
-48
-198
-91
-19
-158
-86
-121
-187
-179
-268
-336
-372
-212
-295
-265
-109
-368
-447
-307
-324
-198
-145
-147
-123
-96
-196
-285
-235
-268
-363
-397
-507
-504
-481
-674
-528
-378
-318
-137
-238
-364
-228
-164
-154
-121
-13
75
54
91
38
-96
13
109
-202
-229
-135
-158
-137
-172
-15
-65
-123
-75
-137
-153
-48
62
102
118
-26
55
96
-52
-13
-21
125
247
214
282
323
413
635
452
370
614
439
516
550
369
369
301
278
282
363
373
318
345
324
491
450
447
568
360
600
680
562
529
390
562
501
302
185
47
58
-115
-251
-268
-347
-266
-218
-33
-48
-178
-65
-63
-69
-103
-140
-136
-37
-70
109
236
188
288
291
334
321
307
198
201
188
229
398
264
236
330
176
173
328
273
201
94
15
208
171
-57
20
-41
-229
-168
-214
-240
-217
-269
-188
-159
-274
-398
-349
-397
-532
-687
-717
-655
-582
-524
-765
-579
-438
-646
-464
-565
-722
-647
-599
-433
-302
-341
-242
8
192
275
19
20
121
-21
-22
26
78
24
-69
-162
-281
-242
-367
-323
-274
-417
-164
-142
-235
-255
-300
-325
-435
-266
-173
-223
-326
-420
-381
-424
-328
-424
-477
-390
-570
-442
-350
-272
-4
-241
-271
-66
-72
7
-189
-145
54
-31
-4
49
206
311
377
360
308
340
240
244
322
400
401
477
607
460
345
225
58
38
78
139
94
75
57
114
214
142
27
15
121
116
145
180
174
90
112
218
222
254
161
202
105
-36
298
336
323
380
158
228
379
342
306
219
247
275
168
326
378
377
194
183
294
105
101
104
-97
-116
81
-65
55
137
35
87
-102
-19
215
-2
45
0
7
118
39
156
65
97
-11
-42
-12
-49
-2
-16
72
28
-111
-154
-299
-339
-387
-507
-458
-416
-487
-457
-205
-102
40
134
61
-74
-64
-91
-130
-106
-236
-337
-323
-362
-322
-237
-263
-226
-204
-291
-327
-224
-216
-373
-507
-420
-556
-618
-606
-571
-381
-305
-101
129
103
118
167
63
127
218
305
282
235
230
152
322
489
420
167
-163
-150
-283
-502
-465
-706
-633
-583
-651
-432
-460
-362
-362
-247
-135
-225
-171
-234
-292
-286
-219
-307
-300
-47
-131
-83
129
50
194
165
130
203
60
99
122
33
123
314
287
220
335
104
203
314
58
324
358
327
338
243
204
431
448
262
499
387
360
526
518
457
423
424
109
58
137
-33
-91
-89
-148
-149
-84
-102
-71
-210
-180
9
94
49
-29
-74
-43
74
-153
-105
-40
-194
-154
-32
35
-54
72
224
189
28
-36
134
117
41
162
127
140
193
139
352
346
211
374
342
164
147
-188
-209
-61
-341
-134
-243
-455
-89
-186
-154
98
6
60
-24
31
178
-52
3
85
-46
137
159
-24
-25
-121
-108
-70
-149
-60
-90
-185
-158
-335
-364
-254
-196
-124
-195
-312
-372
-439
-499
-342
-463
-536
-430
-477
-483
-537
-329
-398
-425
-251
-316
-300
-433
-569
-434
-421
-500
-556
-598
-590
-746
-707
-686
-550
-456
-485
-349
-376
-411
-417
-485
-293
-162
-283
-222
-43
-33
-121
34
-50
65
114
144
320
327
505
399
546
797
682
737
661
651
895
820
823
762
748
956
905
581
553
525
336
474
608
593
513
574
603
442
395
366
63
176
255
192
399
215
272
351
66
107
97
30
80
-3
-14
-126
-266
-56
-29
-194
-171
-156
-161
-184
-114
-54
63
93
-15
127
62
-2
14
-96
-77
-146
-141
-59
-44
53
133
-51
-22
94
-45
-19
51
-81
-113
-24
-91
-125
-50
-41
-56
-23
-187
-295
-382
-352
-251
-467
-451
-228
-223
-329
-358
-356
-172
-64
-243
-275
-79
-192
-399
-129
-160
-303
-267
-350
-350
-311
-368
-320
-70
-157
-281
-272
-278
-69
-145
-359
-273
-312
-183
-100
-166
106
265
206
319
386
378
333
328
521
463
478
552
319
371
450
141
144
257
211
368
221
117
158
-104
-286
-440
-432
-458
-580
-593
-589
-586
-659
-727
-640
-634
-513
-511
-553
-309
-468
-477
-465
-569
-497
-431
-309
-331
-351
17
171
29
304
278
157
416
268
167
438
200
141
380
185
273
409
393
513
533
523
573
269
184
247
-14
181
282
229
357
228
360
573
461
384
163
-11
-56
-269
-217
-9
-248
-216
-219
-369
-280
-266
-161
-159
-31
135
39
-36
50
-92
-39
286
90
302
583
593
853
738
651
778
739
617
728
706
614
611
597
781
747
621
786
717
688
766
560
625
512
435
378
160
154
37
-82
-150
-299
-376
-318
-493
-596
-525
-635
-788
-956
-943
-898
-974
-872
-853
-932
-849
-848
-743
-597
-661
-540
-569
-546
-269
-461
-536
-186
-437
-486
-245
-522
-459
-197
-175
54
65
31
306
214
428
376
130
463
293
200
331
-140
-10
122
-392
-264
-73
-185
-151
-196
-179
-243
-460
-444
-438
-316
-321
-391
-299
-78
32
-46
-86
-129
-128
-241
-394
-295
-144
-189
-132
24
195
182
109
232
224
-74
-82
-9
-252
-290
-412
-623
-402
-400
-564
-309
-424
-511
-344
-354
-223
-255
-321
-183
-215
-285
-282
-256
-20
-124
-83
27
77
393
254
309
305
0
253
489
436
786
793
695
836
785
909
1059
987
1047
897
751
893
794
771
705
747
580
491
404
175
190
415
303
241
534
386
489
625
365
149
111
33
97
-217
-426
-273
-463
-365
-373
-431
-209
-307
-394
-452
-516
-478
-699
-638
-545
-645
-370
-549
-639
-283
-92
171
392
367
239
176
-63
-80
-97
-18
24
127
108
-65
266
286
3
-102
21
64
11
-62
-324
-345
-207
-365
-347
-258
-420
-353
-165
-247
-94
-26
-115
-211
-258
-119
-278
-93
164
-4
90
223
189
321
329
254
318
192
140
285
181
116
162
-52
-156
-8
-101
-124
-124
-82
-202
-330
-104
-195
-287
-383
-440
-337
-448
-622
-527
-476
-478
-333
-527
-515
-363
-485
-479
-547
-650
-662
-687
-701
-715
-681
-620
-703
-687
-655
-483
-231
-191
-71
-99
75
227
160
460
500
539
763
611
691
895
882
931
758
792
945
703
678
706
638
588
468
328
225
176
29
39
-36
-82
-84
-380
-346
-287
-293
-435
-438
-240
-186
-94
-110
-154
-87
11
-273
-233
-105
-320
-348
-176
-214
-277
-200
-207
-156
-232
-52
-17
-98
42
40
-69
96
212
98
318
608
741
666
688
627
645
767
571
769
892
660
720
623
537
641
541
340
236
-18
-216
-249
-269
-322
-461
-505
-452
-353
-452
-430
-382
-427
-486
-353
-314
-314
-107
-228
-201
-19
-13
-36
-25
98
116
177
232
238
219
-88
-72
18
31
51
126
110
-175
-156
-57
-114
-104
-109
-388
-435
-360
-531
-577
-455
-507
-501
-480
-687
-740
-842
-849
-902
-1026
-886
-808
-670
-753
-866
-680
-680
-482
-248
-333
-430
-326
-153
-72
93
303
412
399
373
412
453
404
343
410
497
443
367
285
307
295
378
350
256
475
318
86
185
131
98
146
5
-55
-112
-295
-306
-169
-190
-210
-189
-156
-124
-220
-282
-230
-84
-80
-184
-65
-20
-216
-96
-60
-138
180
202
85
315
231
147
288
333
431
422
443
553
554
566
613
679
737
787
789
702
715
609
344
460
434
103
76
73
172
142
-32
26
-30
-176
-111
-61
-73
-174
-194
-136
-201
-124
-148
-220
-29
89
79
174
267
346
249
325
422
364
310
335
290
369
258
157
263
-57
110
62
-62
13
-221
-251
-108
-337
-359
-204
-459
-507
-508
-514
-506
-490
-407
-483
-601
-621
-687
-643
-565
-586
-598
-629
-556
-439
-580
-450
-240
-284
-299
-185
-176
-212
-48
-207
90
145
62
436
166
213
400
190
370
349
121
196
120
109
194
185
185
141
194
134
117
277
121
94
126
-22
-87
-214
-187
-151
-161
-327
-498
-364
-268
-308
-311
-277
-232
-331
-482
-371
-645
-659
-480
-595
-483
-497
-451
-272
-323
-393
-178
-174
-179
112
100
60
284
243
233
190
159
261
189
-51
18
204
109
151
33
-8
-50
-241
-172
-57
-67
5
140
177
264
412
416
496
549
595
571
397
478
613
565
500
540
530
533
570
396
523
635
574
690
635
638
680
709
699
790
625
689
756
467
484
443
378
235
201
205
78
183
128
-126
-172
-72
-115
-332
-361
-390
-565
-928
-1147
-1270
-1302
-1445
-1591
-1503
-1608
-1539
-1400
-1464
-1488
-1409
-1331
-1171
-884
-708
-695
-529
-491
-365
-6
82
27
288
569
613
589
531
570
543
638
699
685
673
686
728
547
715
825
448
379
373
231
215
7
10
140
-20
-104
-222
-222
-192
-295
-417
-534
-639
-685
-522
-531
-623
-576
-645
-507
-459
-500
-319
-410
-302
-176
-153
-125
-107
-64
-178
-288
-354
-274
-328
-171
-38
-208
-54
57
98
246
240
117
-107
-89
21
-13
-165
-173
-158
-225
-89
-21
12
-48
-150
-195
-225
-3
201
-6
166
348
229
466
421
321
376
269
340
349
480
649
626
610
609
634
531
717
761
756
1085
1048
970
970
868
956
865
850
818
789
814
485
260
255
359
331
165
151
136
-15
-18
-144
-115
-78
-116
-32
-44
-150
-198
-79
-142
-170
-66
-124
-274
-255
-207
-141
-106
-122
-206
-140
-85
-142
-203
-265
-295
-471
-351
-239
-457
-510
-524
-445
-426
-504
-517
-601
-542
-473
-396
-177
68
-27
-108
-156
-285
-223
-179
-133
38
-50
-301
-376
-389
-247
-416
-526
-373
-415
-464
-508
-550
-667
-690
-675
-653
-548
-650
-657
-540
-531
-579
-517
-251
-51
195
263
296
575
449
330
419
236
143
237
228
183
163
12
24
337
226
257
488
439
576
459
265
151
226
312
221
269
312
231
181
151
20
-67
-32
126
-78
-264
-208
-226
-135
-247
-366
-343
-405
-421
-633
-675
-767
-911
-893
-891
-654
-574
-441
-346
-449
-407
-362
-372
-43
59
-49
145
209
314
446
405
314
328
355
445
433
308
430
417
296
224
230
282
175
209
259
132
-114
-105
-104
-182
-29
71
201
145
255
467
279
230
249
333
634
759
825
706
742
967
753
679
885
872
1006
1073
903
912
798
697
618
567
534
252
152
199
84
117
4
17
200
-37
-140
-124
-187
-302
-393
-343
-368
-431
-242
-343
-531
-270
-579
-821
-527
-695
-754
-640
-803
-754
-809
-1025
-748
-645
-777
-643
-618
-456
-324
-461
-539
-407
-377
-385
-301
-203
-66
-50
-203
-337
-182
-330
-291
-192
-313
-105
-203
-380
-449
-494
-497
-532
-519
-325
-355
-290
-166
-549
-357
-410
-598
-186
-175
-55
209
40
264
393
186
366
211
408
528
391
538
483
525
657
530
475
783
565
603
763
354
309
323
314
432
233
99
41
-129
-270
-434
-509
-377
-336
-587
-603
-529
-740
-699
-633
-660
-491
-310
-192
-417
-426
-603
-838
-714
-675
-723
-465
-202
-464
-301
-144
-121
10
-136
86
260
125
284
193
249
469
170
323
652
555
836
940
867
934
911
846
823
826
827
891
757
892
832
702
678
614
752
713
681
667
598
472
439
316
261
364
317
415
351
284
301
101
224
312
337
565
441
206
40
9
0
-146
-105
-73
-204
-307
-364
-456
-652
-676
-592
-649
-621
-536
-456
-435
-480
-531
-486
-438
-350
-297
-377
-358
-295
-382
-536
-586
-868
-962
-840
-712
-619
-733
-789
-724
-662
-744
-567
-407
-533
-358
-312
-255
28
-102
-6
27
118
419
380
432
394
429
334
217
378
421
487
483
364
215
69
115
99
240
100
-77
89
4
83
-2
-199
-67
-54
-272
-188
-277
-381
-115
-274
-241
-14
-251
-165
-116
-425
-419
-431
-609
-635
-619
-603
-404
-440
-582
-545
-462
-419
-490
-506
-223
-50
-120
-23
8
177
277
306
526
486
546
609
610
739
720
592
501
498
390
405
374
414
505
253
277
285
223
513
372
237
258
201
245
63
61
138
109
24
102
247
181
115
-23
-128
-37
148
52
-128
19
61
3
32
96
137
129
219
231
244
282
112
15
-39
78
14
-220
-45
-61
-103
202
204
96
299
250
307
401
253
189
227
65
65
159
73
-78
-488
-442
-447
-418
-318
-505
-344
-245
-409
-275
-236
-497
-501
-520
-274
-8
-74
-128
-180
-173
-234
-191
-166
-78
-26
-129
123
283
108
-48
-187
-188
-213
-268
-206
-173
-166
-317
-337
-384
-629
-553
-583
-546
-599
-664
-422
-527
-426
-336
-534
-513
-403
-398
-498
-425
-205
-343
-222
-110
-286
-137
-4
65
161
48
58
136
-73
100
-55
-199
-4
-379
-524
-369
-336
-166
-173
-45
16
-102
-38
-37
129
261
319
305
385
204
33
-16
1
202
183
411
596
698
848
768
839
805
509
736
895
709
828
785
364
200
125
-159
-41
50
-50
131
271
220
133
79
3
4
8
130
394
426
318
369
417
377
484
398
410
562
225
163
196
-48
-23
-66
-263
-137
-17
-141
-323
-106
3
-239
133
227
206
291
225
228
476
397
238
447
239
245
163
155
155
-100
-111
-194
-143
117
-10
-34
-37
-243
-294
-399
-455
-330
-267
-411
-227
-186
-333
-227
-292
-231
-38
-63
38
19
-152
-160
-372
-595
-510
-420
-384
-285
-294
-474
-669
-739
-941
-1043
-845
-963
-896
-568
-607
-658
-632
-628
-509
-459
-464
-248
-242
-218
-101
-99
-197
-344
-370
-378
-214
-107
-49
-86
-257
-311
-407
-414
-219
-345
-294
-77
-125
-106
-18
-32
-60
41
-31
152
215
22
-145
-191
173
-87
-201
137
-183
-148
-33
-265
-90
119
137
221
367
290
161
159
19
102
214
205
419
474
377
239
313
306
211
398
542
609
782
681
579
641
405
437
436
418
518
388
398
436
175
81
113
-56
-190
-159
33
48
16
48
-156
-300
-406
-529
-252
-80
-220
-188
-185
-348
-455
-644
-713
-475
-398
-259
-38
-41
-124
-124
-7
130
240
187
425
637
656
728
649
733
744
457
435
639
618
601
397
290
413
266
108
203
247
-36
-82
106
259
655
566
338
412
307
235
52
137
210
129
173
55
100
7
-297
-350
-271
-337
-286
-93
-10
167
22
-237
-382
-692
-776
-623
-530
-516
-446
-461
-647
-795
-1034
-964
-823
-934
-681
-576
-378
-246
-223
-221
-404
-297
-490
-381
248
206
195
334
185
169
-74
-135
-215
-278
-16
46
25
52
17
-4
162
261
146
238
320
166
249
124
86
17
-119
-154
-270
-80
-68
-62
-106
-351
-241
-85
-171
-219
-402
-248
16
-65
260
331
132
101
-50
46
-75
-277
-211
-221
-169
-109
-275
-267
-289
-571
-462
-488
-157
281
200
446
628
642
478
284
367
346
346
363
418
567
432
181
173
71
50
119
216
598
794
739
694
564
176
76
34
42
306
202
311
254
-50
102
-113
-213
-213
-365
-95
82
2
-116
-150
-116
-187
-274
-288
-258
-308
-331
-18
95
253
87
-143
-165
-286
-270
-319
-277
-220
-211
-212
-60
-203
-279
-351
-349
-253
-70
130
194
281
72
66
-17
0
74
-150
-219
-67
360
495
335
386
175
235
364
406
721
776
739
749
722
613
451
221
110
219
263
382
409
232
-26
-338
-452
-397
-355
-161
-6
-185
-50
-98
-276
-351
-516
-536
-559
-556
-485
-425
-580
-694
-899
-962
-874
-976
-994
-1131
-1234
-1142
-908
-773
-804
-711
-691
-854
-893
-769
-801
-488
-307
-360
-282
-220
-329
-316
-273
-482
-327
-258
-96
143
166
64
83
353
469
530
779
962
940
1059
1120
913
887
793
671
670
512
570
678
607
677
617
476
551
548
720
985
1171
1208
1137
983
860
922
666
414
392
425
554
491
251
31
-146
-473
-529
-229
-366
-348
-141
-253
-35
-158
-316
21
-270
-411
-434
-344
-260
-350
-321
-776
-701
-517
-656
-655
-576
-647
-750
-433
-259
-93
42
-240
-341
-178
-105
-114
-185
-168
-49
226
355
292
123
-46
41
-22
-28
87
97
226
49
-90
120
75
-6
156
425
541
610
596
448
536
621
348
356
379
199
83
1
178
147
221
269
175
385
477
406
498
643
519
364
383
215
142
44
-219
-332
-502
-542
-681
-940
-1030
-1059
-987
-901
-792
-810
-972
-989
-723
-425
-444
-445
-571
-689
-688
-766
-715
-917
-1186
-1267
-1229
-1090
-1141
-1250
-1388
-1146
-816
-812
-559
-383
-320
-397
-401
-191
-130
-151
-339
-295
-98
-176
66
306
218
172
131
201
269
365
429
543
710
614
486
589
676
688
686
886
990
974
990
866
1023
975
606
452
556
632
454
432
655
740
696
648
795
974
873
809
812
772
614
429
301
208
35
-139
-238
-318
-244
-486
-556
-412
-508
-452
-169
38
105
150
261
450
381
461
542
333
340
385
247
241
-17
-349
-530
-649
-654
-844
-889
-820
-955
-790
-585
-527
-462
-623
-373
-115
-101
-99
-96
11
-123
-125
-11
-53
205
78
-159
-102
-242
-221
-178
-109
-118
29
87
63
289
293
244
222
248
495
393
348
128
-173
-130
-499
-445
-422
-610
-532
-528
-526
-239
-182
-360
-61
221
302
429
381
275
96
-240
-216
-224
-378
-551
-685
-689
-748
-730
-773
-1014
-859
-653
-508
-164
-194
-308
-133
-130
-11
186
-120
-103
-187
-152
16
-215
-347
-787
-916
-985
-1072
-707
-613
-478
-364
-354
22
170
141
331
263
319
477
538
381
196
385
402
538
638
484
478
316
86
239
338
366
421
431
427
679
862
751
773
735
680
689
876
782
401
1
-407
-555
-540
-654
-718
-762
-695
-651
-605
-304
-365
-266
75
404
760
851
664
407
352
423
389
499
622
336
277
155
34
153
-73
-145
-55
7
207
315
453
365
206
217
201
340
316
107
220
366
208
47
-306
-525
-631
-725
-489
-413
-356
-104
-54
65
258
202
153
153
170
268
223
253
409
133
-8
-174
-259
-387
-645
-516
-522
-540
-533
-713
-630
-304
-344
-227
-82
143
155
278
685
628
748
491
128
62
-331
-447
-332
-318
-295
-592
-446
-352
-499
-214
-8
237
450
600
807
901
866
653
561
617
299
259
344
366
338
15
-186
-238
-200
-272
-387
-260
-188
-108
-49
-101
29
-160
-238
-230
-458
-473
-511
-672
-605
-756
-1146
-1361
-1590
-1662
-1673
-1587
-1416
-1182
-917
-724
-615
-419
-260
-129
98
127
263
480
415
372
344
201
158
338
333
228
269
-155
-139
-125
-295
126
195
373
556
465
880
1242
1233
1181
980
963
873
610
444
236
34
-29
-119
-170
-136
-327
-488
-418
-180
11
184
327
493
493
349
400
308
223
244
-56
-69
136
-22
-70
-44
-174
-239
-233
-173
62
255
395
433
697
887
762
799
760
607
504
493
351
99
-60
-290
-424
-580
-922
-883
-732
-627
-644
-552
-337
-308
-140
21
284
362
130
137
185
198
276
30
-18
-67
-272
-124
-3
-82
-202
-363
-414
-159
134
355
363
453
396
380
794
604
505
536
341
530
335
69
-201
-776
-910
-943
-849
-610
-704
-770
-852
-712
-423
-384
-101
181
54
3
171
172
199
61
-117
-28
-254
-291
-304
-460
-375
-528
-638
-522
-282
-82
-8
199
206
207
218
84
106
140
33
-64
-27
-274
-482
-639
-912
-958
-881
-813
-877
-792
-662
-535
-318
-310
-100
175
299
339
194
252
284
239
324
376
468
586
479
428
431
248
54
-81
-88
117
457
760
762
720
801
614
655
1013
954
1079
1183
753
701
556
148
38
-158
-374
-570
-608
-489
-532
-547
-619
-558
-391
-200
39
199
492
382
484
655
456
347
129
225
342
293
193
18
-268
-413
-192
167
555
601
414
416
404
512
563
313
338
316
262
421
301
116
-86
-624
-833
-886
-983
-755
-846
-822
-514
-439
-140
-29
42
250
174
217
143
77
-58
-160
29
-161
-209
-209
-462
-295
-375
-543
-419
-425
-274
-152
-16
281
494
536
510
526
513
475
511
328
-121
-296
-375
-546
-687
-990
-1177
-1188
-1211
-1001
-1033
-1135
-984
-863
-516
-112
111
181
-44
-149
-247
-199
-160
-438
-383
-407
-355
-189
-16
-110
-262
-168
-31
374
689
674
713
574
317
314
192
245
195
106
168
161
117
38
-151
-515
-544
-581
-723
-592
-485
-509
-454
-308
-226
-191
-119
-169
-103
72
52
18
52
139
126
233
321
415
483
381
458
446
346
76
-38
-44
-159
-82
186
168
31
70
6
158
266
63
-80
-130
-191
-188
-114
-67
-274
-459
-482
-695
-609
-619
-811
-584
-351
96
511
549
714
580
579
771
893
1255
1347
1461
1503
1384
1354
1024
742
625
507
779
1033
879
751
677
543
545
397
262
361
216
221
298
133
46
-174
-496
-713
-915
-1196
-1170
-1128
-1151
-919
-941
-1083
-891
-792
-1039
-824
-407
-434
-167
-23
-6
246
147
134
187
123
54
11
60
55
179
161
86
121
188
329
126
201
193
-43
-33
-280
-598
-770
-798
-852
-821
-857
-1027
-1261
-1454
-1500
-1440
-1293
-1036
-844
-777
-522
-286
46
412
336
270
400
292
390
658
663
732
706
419
530
683
650
751
797
987
820
657
757
448
318
162
-320
-239
-252
-595
-598
-636
-820
-773
-800
-1158
-1252
-1186
-1075
-840
-826
-728
-671
-853
-832
-654
-349
-175
-32
245
234
258
324
610
785
698
666
801
935
1053
1064
882
865
770
587
429
478
320
219
274
225
-29
-279
-336
-376
-289
-129
32
8
22
-55
-135
-232
-293
-400
-426
-269
-154
16
180
67
-12
178
433
684
786
904
962
1232
1226
1167
1266
1114
958
918
864
727
696
546
327
118
126
257
259
188
195
162
159
227
200
54
-214
-581
-944
-902
-770
-871
-1003
-1106
-1272
-1239
-1192
-1170
-1151
-1168
-909
-581
-421
-238
-140
-146
-86
-51
187
388
321
425
560
544
552
311
167
219
82
-63
109
39
-153
-174
-389
-422
-502
-441
-534
-767
-816
-693
-508
-520
-601
-633
-620
-645
-794
-775
-674
-746
-511
-265
-115
-19
-90
-141
-86
105
364
312
317
452
439
729
784
657
737
601
503
558
606
560
394
265
151
1
-78
-172
-337
-392
-296
-270
-367
-338
-448
-499
-537
-681
-646
-780
-873
-901
-959
-849
-850
-702
-618
-548
-114
111
171
574
665
563
637
544
609
796
839
714
708
702
600
564
449
373
285
139
204
225
-62
19
95
-80
-37
-81
-156
-355
-494
-287
-290
-406
-503
-472
-396
-379
-340
-518
-521
-356
-47
318
457
584
596
637
731
757
1156
1207
1086
1199
918
897
1105
1097
1036
1018
969
954
902
890
727
355
190
-12
-130
-102
-291
-439
-456
-477
-556
-635
-787
-988
-981
-1058
-995
-845
-710
-811
-849
-542
-621
-546
-471
-440
-211
-15
196
320
375
320
148
160
236
282
284
499
631
553
734
565
350
342
50
-121
-65
-238
-366
-544
-664
-565
-534
-497
-331
-382
-494
-541
-667
-658
-632
-598
-564
-480
-320
-266
-358
-266
-127
-128
63
100
80
74
170
376
642
874
883
685
646
574
606
607
485
460
216
231
180
39
-91
-346
-573
-791
-850
-812
-727
-496
-485
-512
-511
-588
-607
-659
-639
-602
-361
-149
-40
-79
-204
-150
-93
-17
102
272
541
558
830
1067
844
806
614
303
369
424
425
466
237
196
76
-111
38
-35
-74
16
-144
-165
-119
-334
-498
-708
-725
-632
-614
-409
-241
-233
53
7
-41
64
-48
135
281
446
488
510
421
256
152
126
465
552
699
779
664
716
558
526
636
529
476
397
304
344
261
54
-25
-1
-134
-326
-397
-293
-285
-128
-81
-258
-185
-335
-540
-483
-307
-164
-189
-324
-104
-103
-283
-210
-319
-515
-499
-438
-529
-412
-121
-213
-283
-299
-321
-196
-94
-138
-105
-11
-106
-314
-285
-346
-295
-392
-433
-343
-379
-151
-67
-81
-76
-254
-309
-257
-374
-211
-29
-5
156
200
285
317
281
361
179
190
221
-60
-116
-129
-104
-24
-109
18
241
284
176
14
67
-108
-241
-241
-291
-280
-274
-240
-400
-343
-313
-482
-473
-494
-446
-385
-284
-95
-50
-63
-15
-35
-89
3
-17
-54
-44
-77
-38
-240
-250
-264
-224
66
71
25
274
363
307
168
44
-27
-222
-203
-145
-38
-64
-92
-51
-256
-246
-335
-205
55
77
171
269
211
299
424
503
489
534
520
482
614
645
615
668
708
644
755
772
805
1047
894
680
602
615
749
696
641
541
410
331
226
119
135
260
104
-26
-127
-158
-115
-48
-178
-243
-213
-288
-268
-327
-276
-294
-275
-131
-109
-215
-198
-183
-306
-209
30
0
48
27
-3
-56
-179
-63
-52
-14
59
5
121
135
-161
-270
-473
-667
-638
-791
-550
-332
-309
-120
-161
-209
-152
-184
-99
-124
-193
-92
-186
-290
-297
-294
-287
-269
-296
-322
-226
-122
-179
-107
-69
-132
-208
-88
61
53
90
10
-153
-193
-351
-422
-290
-135
-152
-247
-369
-503
-557
-449
-348
-198
4
60
-56
-133
-61
-67
15
23
-141
-80
-63
61
-8
112
299
195
287
464
578
757
756
708
582
510
531
458
453
468
329
228
212
-34
-67
-105
-161
-183
-193
-154
-304
-412
-335
-344
-327
-204
-186
-53
-92
-192
-223
-319
-439
-590
-661
-681
-539
-270
-88
196
409
393
565
616
653
803
812
839
759
583
553
508
393
477
345
239
174
-36
18
19
-49
13
-12
-127
-73
-151
-170
-168
-237
-235
-260
-306
-228
-106
-270
-302
-306
-327
-261
-128
131
234
360
387
310
186
56
12
127
384
460
461
489
323
127
9
-6
84
12
10
42
-47
-60
-79
0
62
56
99
43
-147
-261
-338
-458
-433
-558
-532
-437
-347
-173
-179
-163
-190
-269
-266
-230
-151
-216
-194
-136
-319
-220
-130
-138
52
107
137
339
322
231
230
195
159
109
66
37
-3
-34
-16
-145
-155
-300
-370
-296
-359
-385
-314
-330
-361
-322
-301
-93
-88
-29
-99
-249
-190
-198
-90
101
83
136
145
44
65
44
94
143
294
386
431
457
386
367
226
132
224
151
