-558
-673
-588
-613
-560
-578
-541
-558
-522
-531
-498
-495
-458
-445
-403
-364
-312
-278
-228
-175
-115
-49
8
68
121
178
232
287
341
413
474
555
631
699
762
835
902
964
1015
1055
1101
1138
1174
1214
1247
1273
1292
1314
1337
1351
1363
1378
1401
1430
1470
1509
1531
1540
1534
1511
1485
1460
1436
1395
1314
1211
1114
1019
934
862
793
718
644
579
535
501
480
483
499
532
571
600
628
641
637
641
647
644
640
641
644
649
656
663
663
657
639
612
578
533
487
443
407
390
383
380
382
373
352
348
364
387
398
387
367
336
303
260
209
167
131
97
82
78
84
94
104
117
134
157
166
175
194
208
217
231
240
245
243
232
219
204
185
160
121
82
60
43
35
28
9
-10
-18
-18
-16
-6
2
9
32
70
116
162
207
259
303
352
402
443
485
529
566
590
614
639
654
657
666
677
684
684
689
711
744
785
821
862
914
967
1001
1021
1026
1012
993
973
944
910
877
844
821
807
817
840
854
856
845
816
778
737
698
662
637
600
551
511
468
432
393
340
278
218
162
112
70
50
61
100
143
191
231
259
272
271
269
258
249
236
217
200
188
171
157
155
165
193
233
279
324
367
419
478
544
622
714
811
903
988
1074
1152
1214
1264
1304
1329
1343
1346
1339
1333
1324
1311
1292
1267
1241
1219
1186
1154
1117
1069
1021
962
907
843
780
729
692
672
669
686
715
761
822
891
962
1029
1079
1117
1153
1183
1219
1265
1320
1377
1441
1512
1585
1656
1721
1794
1868
1950
2030
2085
2116
2123
2112
2092
2066
2032
2006
1994
2008
2023
2026
2017
2001
1977
1936
1886
1832
1790
1768
1749
1713
1668
1608
1538
1475
1445
1429
1407
1386
1358
1328
1277
1206
1126
1033
946
860
759
639
521
424
350
315
308
323
345
373
404
425
441
456
492
545
606
677
749
810
854
895
946
966
964
949
913
886
878
889
930
994
1064
1121
1156
1192
1254
1341
1452
1557
1631
1674
1699
1735
1767
1805
1843
1879
1907
1933
1973
2025
2080
2110
2105
2096
2117
2167
2215
2237
2236
2218
2184
2140
2099
2062
2025
1990
1970
1962
1965
1973
1992
2042
2101
2144
2167
2186
2216
2247
2277
2286
2278
2269
2254
2239
2222
2198
2162
2129
2082
2020
1942
1854
1768
1671
1563
1443
1325
1211
1104
1010
937
874
810
751
695
661
659
643
589
528
493
472
460
434
384
354
344
359
388
448
514
556
590
635
671
670
647
622
618
621
644
678
707
727
747
767
797
822
826
838
847
847
837
831
825
807
792
776
762
747
727
703
674
649
627
590
556
523
489
465
442
418
393
380
373
369
365
358
343
327
307
285
272
257
238
222
204
190
184
176
169
159
151
140
123
108
103
102
111
125
138
162
184
210
238
252
258
255
254
256
245
223
189
158
131
98
52
12
-23
-50
-64
-83
-95
-101
-94
-68
-43
-36
-49
-90
-134
-178
-224
-271
-326
-383
-440
-495
-544
-596
-653
-702
-742
-768
-791
-809
-837
-884
-935
-978
-1020
-1068
-1122
-1184
-1238
-1262
-1273
-1288
-1292
-1294
-1282
-1278
-1294
-1322
-1350
-1367
-1385
-1407
-1437
-1458
-1480
-1513
-1546
-1576
-1604
-1627
-1642
-1662
-1701
-1750
-1802
-1846
-1872
-1909
-1959
-2004
-2043
-2071
-2096
-2103
-2094
-2080
-2065
-2057
-2045
-2027
-2005
-1983
-1964
-1976
-1992
-2009
-2046
-2082
-2116
-2175
-2256
-2326
-2389
-2436
-2468
-2485
-2456
-2382
-2300
-2238
-2201
-2171
-2152
-2151
-2126
-2056
-2004
-1982
-1977
-1961
-1924
-1909
-1902
-1897
-1892
-1883
-1878
-1865
-1835
-1801
-1773
-1769
-1756
-1718
-1673
-1625
-1574
-1531
-1503
-1490
-1491
-1491
-1492
-1493
-1492
-1489
-1487
-1476
-1446
-1399
-1345
-1296
-1252
-1219
-1190
-1165
-1152
-1156
-1176
-1224
-1289
-1350
-1396
-1422
-1436
-1432
-1401
-1342
-1279
-1222
-1193
-1184
-1184
-1197
-1221
-1229
-1230
-1224
-1217
-1235
-1276
-1323
-1350
-1372
-1387
-1406
-1421
-1430
-1437
-1437
-1431
-1415
-1396
-1376
-1359
-1349
-1347
-1336
-1321
-1303
-1284
-1267
-1260
-1258
-1256
-1254
-1255
-1246
-1235
-1234
-1238
-1248
-1258
-1269
-1274
-1273
-1269
-1265
-1256
-1233
-1183
-1120
-1052
-983
-917
-838
-738
-619
-496
-382
-273
-171
-80
-3
61
120
169
210
241
264
290
325
361
402
438
468
491
511
533
550
567
577
580
585
588
588
595
599
607
621
635
653
662
658
650
641
635
635
635
639
648
660
666
655
642
642
642
641
647
656
667
693
730
774
821
854
868
868
857
851
836
820
799
784
775
754
747
740
725
719
731
754
788
827
856
877
902
910
894
867
853
859
876
888
880
873
864
865
876
876
866
853
843
826
797
769
731
704
682
664
649
638
643
659
689
714
725
723
709
710
729
736
732
741
760
797
862
936
1015
1073
1114
1156
1192
1219
1234
1241
1252
1252
1253
1271
1282
1315
1352
1386
1431
1488
1551
1615
1673
1728
1770
1794
1815
1840
1866
1880
1884
1886
1882
1870
1856
1840
1828
1812
1806
1805
1812
1821
1829
1835
1834
1814
1795
1779
1764
1747
1708
1668
1628
1586
1540
1487
1408
1332
1256
1184
1119
1063
1023
978
939
941
962
931
894
866
811
745
677
625
574
543
512
450
400
372
341
310
283
275
282
281
284
298
306
305
304
297
297
309
327
342
347
350
339
331
342
363
390
421
451
472
483
482
486
499
535
580
621
668
719
776
836
878
897
912
919
921
938
969
978
976
984
1000
1013
1002
995
998
1004
1006
1015
1047
1085
1095
1071
1047
1029
1020
1022
1034
1034
1034
1035
1014
992
979
974
976
987
996
1000
999
1004
1015
1018
1011
997
992
997
1002
1021
1045
1060
1076
1081
1083
1096
1114
1126
1121
1103
1079
1053
1025
999
988
979
959
923
879
838
801
771
736
690
641
599
550
504
467
431
400
377
356
336
318
291
257
215
165
120
77
39
5
-25
-50
-73
-83
-87
-88
-90
-93
-99
-89
-68
-52
-46
-54
-57
-58
-56
-50
-34
-18
-3
0
5
22
61
117
173
233
286
322
330
330
337
347
351
350
338
313
282
248
226
219
202
170
141
116
117
145
188
236
294
362
423
496
565
620
662
689
703
699
683
661
648
647
647
639
640
640
622
596
561
537
547
578
589
584
585
581
562
543
529
488
435
383
339
310
296
285
256
208
168
131
76
-2
-109
-213
-305
-362
-375
-353
-323
-298
-282
-265
-247
-237
-227
-219
-215
-217
-229
-255
-286
-319
-353
-396
-450
-504
-553
-582
-592
-586
-561
-520
-469
-415
-350
-271
-194
-131
-88
-50
-20
9
47
86
121
136
141
146
161
182
204
225
241
258
271
268
255
235
221
215
215
227
253
293
326
354
371
371
364
348
328
294
254
221
193
161
121
85
57
66
94
118
151
160
146
119
84
57
72
116
156
195
229
241
233
235
224
206
194
185
182
178
172
149
113
77
66
84
119
154
186
204
205
203
208
222
239
256
264
277
284
287
304
334
380
427
465
498
518
525
524
524
540
559
567
561
553
553
561
573
574
573
573
570
567
568
583
615
642
653
657
659
650
642
649
661
676
701
714
720
735
746
749
747
744
743
745
739
721
698
695
715
747
772
789
800
803
784
741
678
620
587
554
528
506
481
460
452
439
430
427
427
412
391
379
355
320
306
295
275
279
291
307
322
333
328
318
305
287
282
287
285
273
257
233
207
187
186
188
196
206
222
254
290
322
340
337
320
300
282
257
224
187
150
102
59
47
50
55
72
97
96
57
-13
-105
-182
-218
-232
-243
-260
-281
-313
-349
-363
-364
-376
-381
-361
-323
-266
-191
-110
-52
-20
-3
15
40
65
79
85
93
99
116
151
200
239
275
309
336
359
371
374
367
369
377
393
420
459
494
514
521
518
528
545
556
556
550
556
586
630
677
713
741
763
774
780
787
796
820
861
893
904
904
912
928
956
984
1005
1015
1010
994
976
963
962
978
1000
1034
1073
1102
1126
1143
1155
1167
1175
1184
1196
1201
1196
1177
1157
1145
1134
1126
1121
1114
1099
1077
1051
1034
1031
1039
1056
1083
1114
1147
1170
1176
1163
1131
1087
1034
1000
960
921
892
868
850
825
782
717
669
649
646
664
699
731
747
762
785
805
814
822
825
827
823
814
806
797
783
762
748
736
726
711
678
632
576
512
474
448
419
406
414
445
488
524
555
580
589
597
608
631
650
670
696
708
715
730
722
688
659
633
604
582
571
558
551
549
549
537
515
498
500
507
541
606
670
734
776
801
809
804
779
739
698
666
645
635
626
609
600
595
584
579
591
609
633
658
685
731
783
838
908
975
1025
1063
1105
1127
1146
1181
1221
1261
1276
1275
1274
1275
1270
1259
1230
1166
1086
1016
963
918
885
863
838
811
781
752
744
744
736
720
694
653
614
591
560
540
526
498
475
458
449
438
432
432
428
404
346
271
207
165
131
110
91
81
81
63
26
-22
-89
-162
-219
-271
-315
-375
-435
-472
-486
-477
-490
-509
-514
-512
-511
-507
-496
-476
-439
-399
-360
-319
-284
-268
-261
-235
-183
-119
-50
20
90
159
220
281
337
374
404
438
486
543
615
695
768
850
937
1035
1142
1231
1298
1353
1397
1456
1539
1627
1694
1731
1758
1772
1786
1811
1831
1851
1869
1877
1873
1853
1818
1766
1711
1668
1642
1623
1597
1554
1507
1466
1434
1398
1363
1337
1314
1302
1289
1260
1220
1171
1121
1076
1038
1011
989
969
953
930
902
878
855
833
821
804
772
732
685
638
595
570
559
552
549
543
538
547
560
572
584
589
603
629
652
657
659
650
640
635
627
630
642
661
679
690
696
710
745
794
840
871
886
889
887
881
874
861
848
851
864
876
878
864
847
827
798
760
718
674
634
599
556
502
450
410
379
351
314
262
202
139
67
6
-34
-63
-92
-134
-189
-241
-277
-295
-295
-283
-271
-259
-251
-247
-241
-240
-248
-266
-285
-291
-277
-247
-208
-176
-157
-147
-141
-125
-106
-87
-66
-51
-47
-55
-69
-85
-106
-121
-127
-131
-133
-145
-176
-218
-264
-305
-336
-355
-357
-353
-350
-357
-368
-378
-389
-400
-421
-446
-484
-530
-575
-618
-655
-695
-738
-779
-820
-850
-859
-860
-865
-871
-891
-924
-956
-978
-991
-999
-1018
-1039
-1061
-1086
-1115
-1155
-1202
-1252
-1302
-1347
-1382
-1404
-1411
-1412
-1409
-1390
-1358
-1323
-1285
-1251
-1220
-1191
-1157
-1118
-1077
-1040
-1015
-996
-981
-964
-941
-922
-911
-910
-922
-938
-954
-965
-963
-937
-883
-824
-776
-754
-743
-724
-693
-662
-644
-626
-603
-563
-516
-471
-435
-421
-430
-457
-490
-529
-560
-575
-567
-540
-493
-445
-402
-360
-329
-305
-274
-238
-189
-125
-64
-14
24
60
91
119
151
188
223
247
252
238
209
177
153
144
156
175
187
190
184
180
179
176
176
178
172
166
167
180
207
233
254
270
288
319
361
408
445
461
443
426
426
436
444
429
415
409
402
377
336
292
258
228
207
206
213
212
196
179
162
138
123
121
122
119
122
134
157
193
226
241
240
229
202
178
162
157
161
168
174
175
178
193
216
236
258
284
311
346
376
397
408
407
387
351
306
257
224
205
195
188
195
213
229
253
285
321
353
383
416
454
479
496
514
533
552
561
564
561
562
567
568
565
556
548
534
512
484
464
445
423
415
414
418
426
439
448
452
446
431
427
436
452
450
438
425
397
366
344
321
302
293
281
271
266
253
248
260
275
289
310
346
402
469
530
575
614
645
668
679
661
625
590
562
545
549
568
583
587
587
583
574
557
534
495
449
405
370
344
322
309
301
288
276
256
221
177
136
98
67
40
16
2
-8
-17
-30
-47
-70
-103
-140
-179
-221
-264
-299
-319
-326
-328
-336
-350
-363
-379
-392
-409
-424
-434
-444
-461
-485
-506
-527
-539
-531
-508
-477
-450
-431
-414
-405
-404
-404
-405
-403
-394
-379
-357
-326
-287
-251
-227
-221
-231
-241
-248
-261
-272
-266
-252
-247
-241
-240
-237
-228
-215
-198
-176
-139
-96
-53
-13
18
48
74
100
133
169
198
224
257
285
301
306
300
301
316
327
320
298
266
233
208
188
173
168
168
162
143
109
69
32
4
-18
-42
-71
-110
-157
-198
-238
-274
-292
-294
-289
-282
-271
-267
-280
-300
-332
-371
-402
-424
-433
-443
-469
-508
-545
-573
-591
-601
-612
-624
-624
-614
-592
-567
-553
-540
-516
-486
-467
-468
-481
-501
-505
-489
-461
-436
-418
-403
-388
-363
-340
-320
-308
-308
-310
-295
-268
-231
-177
-123
-63
-4
67
147
222
287
343
406
466
527
584
633
673
706
734
757
773
772
765
761
768
782
805
820
819
810
796
780
748
709
675
658
642
623
619
617
620
627
630
629
639
667
693
715
722
716
705
692
681
681
686
690
711
750
793
828
853
858
848
831
812
810
824
843
856
859
854
848
845
852
856
862
875
891
902
905
892
862
829
794
763
748
750
760
767
760
750
744
744
755
767
782
790
792
781
764
754
753
761
772
778
772
767
753
739
725
701
675
645
619
586
548
513
481
458
439
426
422
424
427
431
433
428
414
387
349
313
284
262
243
214
186
159
122
80
34
0
-24
-49
-71
-86
-96
-103
-119
-138
-151
-146
-127
-98
-81
-81
-89
-99
-94
-94
-104
-119
-120
-106
-92
-76
-66
-57
-46
-26
-7
-3
0
7
19
24
24
32
34
29
28
32
30
4
-43
-93
-146
-184
-185
-159
-125
-90
-59
-34
-3
17
31
26
13
9
17
23
19
-3
-31
-47
-63
-66
-67
-75
-88
-105
-120
-128
-131
-133
-124
-120
-123
-122
-121
-120
-122
-136
-157
-164
-170
-185
-194
-200
-211
-228
-243
-254
-268
-276
-294
-320
-343
-377
-412
-443
-479
-508
-526
-535
-532
-531
-534
-554
-592
-652
-726
-790
-836
-867
-890
-903
-922
-952
-991
-1031
-1057
-1053
-1048
-1064
-1079
-1085
-1097
-1122
-1146
-1163
-1164
-1163
-1169
-1175
-1185
-1202
-1211
-1212
-1206
-1194
-1172
-1129
-1070
-1008
-954
-913
-878
-844
-811
-767
-720
-676
-639
-606
-582
-565
-545
-519
-491
-464
-439
-415
-375
-329
-287
-262
-251
-237
-208
-167
-121
-72
-39
-11
11
30
61
97
128
151
154
147
146
158
176
179
174
169
174
186
199
212
212
194
179
187
186
160
117
82
58
38
14
-14
-28
-30
-42
-60
-89
-129
-171
-209
-224
-227
-239
-253
-279
-317
-363
-406
-431
-458
-490
-524
-562
-598
-615
-608
-593
-571
-551
-540
-532
-530
-532
-549
-586
-623
-652
-675
-684
-683
-654
-601
-541
-477
-416
-352
-288
-219
-161
-106
-67
-60
-83
-140
-200
-261
-331
-399
-459
-510
-550
-578
-588
-581
-559
-532
-518
-506
-475
-442
-419
-400
-377
-364
-368
-383
-388
-371
-351
-335
-325
-285
-233
-177
-123
-86
-49
-37
-41
-54
-61
-80
-118
-148
-163
-166
-170
-185
-209
-222
-233
-249
-265
-285
-288
-287
-283
-272
-274
-283
-293
-307
-322
-332
-331
-311
-293
-280
-272
-258
-239
-228
-215
-205
-197
-189
-184
-179
-171
-161
-160
-159
-154
-142
-128
-104
-62
4
82
150
219
294
355
385
389
363
329
295
267
253
242
228
202
168
140
126
126
130
136
145
156
168
183
215
238
237
236
231
232
229
205
176
152
122
88
58
33
13
3
7
25
34
31
22
8
-2
-14
-30
-53
-90
-124
-148
-179
-210
-239
-270
-305
-350
-400
-458
-503
-516
-508
-500
-507
-515
-524
-527
-517
-487
-443
-404
-357
-307
-252
-199
-148
-82
-18
40
97
145
187
210
211
202
201
195
175
152
123
105
105
114
132
148
149
147
152
151
145
151
156
163
150
137
126
105
86
58
43
31
18
2
-18
-47
-65
-71
-84
-97
-102
-102
-106
-112
-116
-125
-144
-171
-201
-238
-293
-368
-457
-556
-663
-761
-844
-906
-957
-1001
-1030
-1041
-1035
-1028
-1018
-1002
-985
-977
-993
-1021
-1051
-1076
-1094
-1112
-1130
-1148
-1171
-1190
-1193
-1187
-1174
-1155
-1132
-1093
-1025
-933
-850
-783
-725
-687
-669
-669
-687
-719
-750
-763
-757
-748
-739
-721
-697
-667
-634
-592
-555
-542
-541
-541
-543
-570
-614
-651
-684
-718
-750
-771
-758
-726
-698
-674
-653
-640
-628
-606
-566
-522
-486
-448
-407
-359
-300
-240
-179
-129
-96
-64
-39
-7
25
66
116
164
222
283
344
396
438
476
501
511
513
512
525
551
583
619
664
711
748
770
794
829
859
872
856
823
788
748
720
706
714
745
786
812
830
849
864
876
886
899
905
916
925
929
927
921
918
903
879
860
858
868
878
878
875
866
855
851
849
830
811
803
787
753
702
652
611
569
529
495
469
451
439
456
484
501
507
511
512
509
495
470
440
396
355
324
313
308
296
294
288
296
323
357
390
402
390
360
310
252
214
183
150
110
54
-9
-87
-160
-211
-227
-215
-188
-151
-107
-63
-22
15
37
47
43
22
2
-16
-48
-84
-120
-154
-185
-221
-257
-296
-334
-370
-410
-451
-486
-502
-498
-494
-499
-502
-505
-495
-474
-447
-421
-402
-378
-348
-314
-286
-264
-245
-221
-189
-151
-114
-78
-37
4
39
73
112
143
153
142
133
130
139
163
183
194
202
212
224
237
257
278
304
329
350
361
362
364
362
357
340
313
286
248
197
146
105
77
62
53
55
60
52
53
64
80
94
102
105
100
101
106
103
96
96
103
115
128
154
187
212
241
261
276
284
284
286
293
296
291
293
307
329
339
333
324
314
311
302
286
269
238
212
190
154
105
44
-24
-87
-144
-194
-235
-266
-280
-276
-266
-248
-205
-155
-114
-87
-57
-19
10
48
81
111
137
154
174
185
185
184
188
206
243
278
316
352
367
364
357
356
363
375
381
383
378
358
343
330
322
321
316
319
328
342
352
349
333
299
254
204
147
80
11
-55
-115
-147
-155
-146
-137
-127
-113
-96
-67
-30
10
37
46
29
-5
-45
-87
-120
-143
-163
-177
-179
-175
-167
-153
-133
-125
-123
-116
-108
-100
-107
-128
-151
-170
-206
-256
-320
-405
-483
-532
-564
-590
-598
-597
-590
-579
-566
-556
-542
-523
-499
-473
-460
-468
-489
-511
-541
-581
-623
-658
-677
-683
-674
-647
-608
-547
-472
-398
-339
-307
-272
-244
-228
-221
-223
-222
-221
-214
-205
-182
-155
-122
-83
-40
10
52
94
141
189
230
264
296
328
360
394
437
468
496
517
526
534
554
593
638
676
694
708
715
715
716
711
699
675
637
604
575
557
554
556
554
546
526
505
499
495
485
474
458
426
385
348
316
278
239
209
190
175
166
153
132
116
100
78
46
6
-26
-50
-68
-84
-93
-93
-101
-118
-132
-155
-179
-204
-228
-253
-297
-352
-408
-461
-505
-546
-597
-645
-697
-740
-767
-789
-799
-803
-794
-772
-746
-724
-704
-689
-684
-694
-709
-726
-748
-774
-802
-819
-815
-791
-766
-752
-747
-741
-731
-725
-731
-743
-765
-807
-855
-908
-962
-1014
-1063
-1103
-1144
-1191
-1230
-1256
-1261
-1249
-1238
-1234
-1240
-1246
-1239
-1230
-1225
-1230
-1240
-1239
-1232
-1230
-1228
-1231
-1237
-1255
-1270
-1267
-1252
-1234
-1229
-1222
-1217
-1211
-1199
-1185
-1171
-1151
-1126
-1112
-1098
-1073
-1043
-1005
-966
-929
-893
-870
-872
-892
-929
-970
-1003
-1030
-1056
-1074
-1076
-1068
-1036
-996
-953
-901
-851
-812
-776
-742
-710
-678
-648
-621
-608
-606
-609
-606
-596
-578
-571
-572
-567
-554
-537
-533
-525
-509
-486
-453
-425
-413
-413
-415
-421
-425
-431
-430
-426
-426
-428
-435
-440
-449
-457
-473
-491
-510
-539
-575
-621
-660
-694
-727
-764
-800
-840
-874
-899
-915
-929
-947
-970
-980
-969
-949
-922
-885
-865
-844
-819
-802
-781
-760
-754
-764
-778
-797
-815
-837
-852
-860
-857
-846
-826
-801
-775
-728
-665
-611
-572
-531
-496
-465
-442
-424
-404
-375
-339
-306
-281
-258
-237
-225
-227
-231
-227
-229
-241
-252
-266
-291
-316
-344
-373
-404
-428
-440
-447
-457
-470
-488
-512
-521
-520
-520
-528
-542
-559
-589
-627
-662
-688
-716
-749
-785
-829
-862
-887
-904
-923
-941
-965
-986
-1005
-1022
-1040
-1065
-1090
-1111
-1113
-1101
-1083
-1068
-1048
-1023
-992
-957
-920
-878
-846
-816
-771
-715
-661
-613
-569
-523
-478
-426
-370
-312
-255
-199
-139
-81
-22
41
100
149
186
202
216
229
231
222
212
205
201
195
192
187
172
155
143
137
132
126
122
120
118
115
113
121
123
103
70
41
20
4
-16
-54
-98
-141
-168
-174
-167
-153
-129
-95
-62
-38
-13
16
43
67
76
76
77
73
63
56
61
84
123
158
194
234
274
305
335
366
386
399
398
390
374
345
318
304
303
302
306
323
351
380
409
435
450
457
466
473
468
464
460
450
439
433
430
410
381
355
339
322
300
270
241
210
179
155
133
113
82
35
-25
-94
-156
-205
-242
-283
-325
-349
-363
-367
-363
-352
-343
-335
-336
-342
-348
-360
-374
-390
-397
-398
-402
-411
-414
-423
-442
-470
-500
-527
-546
-548
-537
-529
-529
-525
-519
-504
-481
-459
-442
-425
-405
-383
-362
-339
-318
-300
-282
-265
-252
-244
-240
-239
-226
-217
-188
-146
-109
-68
-38
-17
-1
1
-5
-14
-23
-32
-39
-32
-23
-18
-8
11
33
55
82
111
151
192
220
231
241
253
268
288
307
324
325
319
307
295
285
280
288
305
332
352
368
379
393
413
433
459
479
481
475
466
445
418
393
377
374
378
392
405
417
446
487
524
552
574
589
602
611
610
596
563
526
492
461
438
408
380
363
360
371
377
373
371
371
366
365
367
385
421
465
510
545
572
604
630
652
690
731
773
817
862
898
921
939
957
958
939
913
886
863
845
843
846
848
847
846
863
889
908
914
919
924
927
921
909
900
884
861
833
813
796
785
781
783
791
810
832
851
869
878
895
908
904
894
877
861
850
842
834
828
810
794
786
788
805
821
841
865
900
940
973
996
1000
976
936
894
845
794
747
699
661
638
623
614
595
580
567
547
527
518
517
513
510
508
495
468
427
379
331
296
277
274
280
294
314
322
332
333
317
293
267
252
248
258
276
293
295
306
324
344
371
394
419
445
481
521
550
572
591
613
632
639
645
643
637
636
639
650
667
693
719
750
785
819
863
906
941
972
993
1003
1009
1020
1028
1035
1046
1055
1068
1083
1099
1109
1117
1132
1159
1197
1224
1246
1258
1271
1278
1271
1269
1264
1256
1244
1234
1241
1266
1286
1293
1286
1273
1258
1234
1209
1178
1139
1100
1065
1020
967
918
871
831
795
771
750
731
727
733
735
728
719
710
707
706
700
700
701
703
710
706
699
691
685
685
692
712
741
775
799
816
826
837
851
869
890
920
969
1027
1087
1151
1213
1262
1301
1331
1347
1353
1344
1322
1312
1300
1274
1245
1204
1152
1096
1027
957
907
869
851
837
815
790
756
716
683
657
629
584
528
474
424
385
361
352
365
388
411
422
411
385
343
286
211
132
47
-31
-99
-160
-215
-253
-276
-301
-319
-339
-367
-397
-425
-459
-495
-525
-545
-575
-609
-631
-634
-614
-586
-562
-546
-542
-536
-526
-521
-523
-525
-538
-555
-569
-581
-582
-577
-573
-579
-591
-609
-618
-614
-587
-546
-512
-492
-488
-485
-469
-440
-400
-357
-330
-302
-272
-248
-217
-184
-149
-108
-61
-17
26
69
93
101
112
124
130
139
153
158
151
132
104
78
59
43
27
24
34
60
96
135
168
194
224
245
246
250
260
275
306
338
379
426
477
532
594
653
704
755
793
821
836
849
862
872
876
878
877
881
879
852
812
780
757
734
700
642
566
472
377
288
207
139
86
38
0
-21
-41
-68
-101
-141
-185
-229
-273
-321
-369
-426
-484
-531
-565
-586
-589
-580
-565
-541
-512
-480
-460
-439
-411
-380
-346
-304
-255
-194
-130
-82
-35
9
30
39
43
37
30
26
34
40
33
29
41
56
67
56
33
23
36
74
114
147
163
163
159
142
124
101
67
35
13
-8
-36
-70
-109
-136
-144
-136
-124
-113
-102
-88
-73
-49
-34
-26
-12
-7
-13
-19
-32
-58
-86
-124
-168
-201
-226
-249
-258
-253
-242
-227
-221
-216
-209
-224
-254
-288
-319
-346
-361
-369
-379
-392
-411
-438
-474
-513
-546
-573
-594
-612
-624
-635
-655
-682
-708
-731
-741
-751
-789
-854
-940
-1028
-1105
-1167
-1222
-1276
-1320
-1339
-1335
-1321
-1308
-1291
-1255
-1214
-1178
-1147
-1126
-1105
-1084
-1075
-1069
-1060
-1054
-1073
-1118
-1173
-1231
-1288
-1343
-1387
-1420
-1454
-1497
-1536
-1558
-1569
-1584
-1592
-1577
-1546
-1510
-1464
-1430
-1419
-1430
-1455
-1487
-1531
-1572
-1616
-1657
-1683
-1693
-1694
-1691
-1685
-1682
-1684
-1679
-1668
-1659
-1648
-1640
-1637
-1637
-1626
-1578
-1510
-1442
-1384
-1333
-1291
-1255
-1216
-1180
-1153
-1147
-1162
-1178
-1175
-1169
-1163
-1160
-1153
-1128
-1093
-1050
-1001
-961
-929
-902
-879
-862
-851
-857
-866
-866
-863
-857
-834
-782
-727
-687
-666
-644
-618
-592
-574
-547
-517
-492
-458
-423
-407
-421
-439
-448
-451
-451
-451
-455
-456
-449
-441
-437
-426
-421
-416
-412
-425
-460
-512
-569
-616
-668
-708
-734
-763
-785
-807
-842
-883
-918
-961
-991
-1023
-1050
-1054
-1037
-1015
-1013
-1041
-1077
-1107
-1142
-1165
-1191
-1218
-1236
-1256
-1302
-1363
-1426
-1477
-1508
-1524
-1539
-1552
-1547
-1521
-1467
-1412
-1372
-1346
-1322
-1286
-1236
-1175
-1109
-1063
-1040
-1035
-1040
-1038
-1022
-999
-980
-964
-947
-931
-927
-941
-967
-997
-1028
-1069
-1120
-1173
-1207
-1214
-1206
-1192
-1174
-1146
-1109
-1064
-1028
-1006
-1003
-1019
-1032
-1040
-1056
-1073
-1083
-1087
-1073
-1048
-1010
-966
-919
-863
-820
-797
-775
-745
-703
-665
-634
-597
-553
-503
-437
-364
-302
-240
-164
-66
32
116
183
224
239
235
237
264
313
369
408
432
465
509
555
602
636
644
627
621
631
648
651
634
617
608
602
598
598
590
577
572
580
591
599
593
577
562
542
521
493
469
452
424
399
378
354
331
298
253
207
158
107
51
-5
-60
-110
-149
-175
-182
-174
-164
-164
-172
-195
-238
-286
-341
-394
-434
-449
-456
-468
-483
-507
-534
-547
-557
-568
-571
-575
-569
-546
-516
-490
-472
-455
-449
-448
-438
-420
-397
-377
-346
-303
-255
-231
-230
-228
-229
-231
-240
-241
-237
-221
-197
-173
-151
-148
-153
-157
-166
-174
-183
-194
-194
-192
-185
-165
-145
-132
-134
-145
-158
-178
-200
-226
-245
-253
-257
-267
-269
-272
-281
-315
-384
-458
-508
-508
-473
-419
-366
-323
-288
-252
-215
-184
-161
-130
-93
-52
-2
51
97
131
160
191
223
249
260
258
248
226
199
174
152
151
181
231
289
345
395
424
442
463
488
504
518
540
555
554
541
518
493
472
455
451
466
493
525
555
581
613
638
662
693
724
746
759
773
787
805
823
830
830
818
816
837
863
901
948
989
1012
1021
1031
1046
1061
1057
1029
974
913
850
790
740
687
632
570
512
461
409
362
319
273
223
168
118
69
25
-10
-36
-40
-36
-28
-22
-18
-24
-29
-26
-24
-30
-46
-58
-76
-93
-115
-145
-174
-193
-198
-190
-178
-152
-116
-77
-29
16
63
108
143
168
181
180
172
164
164
187
225
277
330
373
396
401
393
370
344
326
313
287
238
190
162
162
188
206
201
187
186
202
241
289
327
360
378
380
384
391
379
353
312
260
221
202
209
244
286
328
349
353
370
397
418
421
396
372
375
400
428
443
457
461
447
425
406
392
368
337
321
321
323
312
292
258
207
155
117
99
96
112
130
150
161
153
144
135
121
103
71
32
1
-14
-6
8
27
54
87
104
97
69
35
7
0
8
35
95
163
214
252
253
228
188
141
103
65
33
1
-27
-31
-11
14
32
25
-4
-40
-50
-32
3
42
65
95
143
194
235
269
290
297
301
319
360
409
461
515
555
590
619
636
652
665
664
663
654
634
609
601
618
648
679
706
744
790
839
891
962
1042
1104
1127
1114
1089
1060
1030
996
964
928
880
829
777
730
690
660
644
652
672
684
688
686
665
629
584
542
511
470
399
310
233
160
87
18
-43
-93
-127
-148
-154
-162
-179
-205
-236
-269
-309
-351
-395
-431
-463
-476
-467
-458
-462
-473
-498
-518
-521
-522
-514
-496
-485
-499
-531
-560
-583
-606
-643
-700
-755
-813
-871
-923
-964
-988
-1002
-1004
-984
-945
-906
-871
-851
-854
-877
-910
-933
-935
-933
-921
-904
-898
-906
-927
-944
-950
-943
-931
-926
-935
-951
-957
-948
-920
-874
-832
-793
-766
-746
-730
-712
-680
-646
-601
-555
-518
-494
-493
-508
-539
-571
-611
-638
-640
-635
-627
-606
-568
-518
-453
-387
-319
-258
-205
-146
-76
-11
43
92
123
132
110
77
66
82
111
134
166
211
260
306
358
412
451
481
509
546
595
636
662
689
710
721
739
767
804
830
831
809
779
753
737
735
746
767
779
775
771
765
756
740
716
682
634
576
512
454
409
389
371
346
337
340
366
413
453
479
494
514
550
584
608
630
642
647
638
613
581
551
530
510
485
462
451
453
469
495
510
509
513
528
546
562
589
617
630
632
621
595
552
488
408
332
280
262
257
244
222
201
187
183
188
198
213
218
214
200
192
215
256
298
334
358
372
378
381
374
368
348
312
268
221
179
145
126
114
107
106
118
149
194
236
261
272
281
296
322
346
339
307
271
250
240
220
194
172
142
108
73
33
-5
-35
-49
-37
-1
35
61
76
99
118
135
156
169
185
194
202
219
236
248
256
273
299
309
298
281
268
260
264
283
313
336
348
355
362
355
331
308
306
320
342
364
369
370
366
359
351
345
336
331
324
323
322
318
319
321
318
306
277
245
232
240
267
300
336
346
351
350
361
386
417
455
480
488
496
517
550
583
604
606
590
578
564
561
562
568
578
575
565
556
565
594
623
641
641
625
616
620
643
677
702
705
688
665
645
637
638
641
648
647
644
641
629
627
625
617
611
606
591
571
567
568
581
610
642
666
692
720
735
746
748
748
751
735
704
678
661
658
652
624
600
581
577
588
596
595
594
590
579
564
545
522
477
422
365
320
294
281
281
279
267
233
195
171
168
175
189
205
220
232
242
264
278
285
288
290
277
247
223
197
159
120
93
90
94
96
87
80
89
102
122
132
142
153
152
147
143
128
107
97
97
105
117
116
102
87
72
56
44
47
58
69
61
30
0
-27
-46
-40
-13
13
46
74
95
104
115
128
129
120
93
52
7
-26
-48
-56
-38
-9
20
43
64
88
120
167
214
257
291
310
323
338
351
368
380
390
400
404
393
370
354
342
336
335
337
333
329
332
337
344
337
322
306
289
277
263
255
254
260
279
294
302
309
320
324
320
300
266
236
219
210
188
156
120
92
80
76
80
95
104
102
84
68
61
50
37
11
-30
-85
-155
-220
-274
-318
-357
-395
-412
-414
-408
-404
-403
-400
-378
-353
-333
-323
-326
-337
-362
-385
-408
-419
-419
-418
-411
-391
-371
-340
-305
-289
-278
-275
-271
-258
-243
-241
-251
-259
-270
-288
-302
-311
-310
-305
-311
-331
-353
-366
-381
-396
-419
-436
-447
-460
-473
-478
-466
-451
-425
-390
-353
-315
-268
-206
-135
-71
-18
8
28
51
69
91
108
136
168
209
260
309
347
382
414
436
447
449
449
446
441
434
431
433
445
471
506
531
536
536
541
554
574
587
592
583
568
550
529
503
478
458
448
443
435
422
400
378
369
372
373
369
364
362
357
347
328
302
270
247
229
216
212
203
184
177
193
215
234
244
248
246
249
250
250
259
279
306
330
362
401
431
462
493
522
550
576
604
627
648
680
722
763
800
825
829
827
821
821
825
835
851
850
842
823
799
779
764
749
733
721
709
700
687
676
665
656
649
640
620
586
548
530
536
555
562
542
510
482
469
458
451
458
471
486
511
547
588
637
683
727
764
789
810
835
871
910
940
955
963
955
939
923
903
880
863
847
833
826
828
836
833
820
814
804
780
751
710
665
620
588
569
552
535
529
524
518
525
538
553
558
557
542
512
482
451
414
371
328
285
241
193
139
85
36
-14
-59
-96
-132
-172
-217
-262
-314
-363
-405
-439
-456
-468
-491
-504
-516
-535
-553
-570
-577
-589
-593
-604
-624
-643
-665
-678
-685
-686
-686
-675
-657
-637
-624
-616
-603
-585
-554
-531
-517
-490
-469
-459
-443
-410
-370
-336
-314
-304
-296
-289
-279
-262
-249
-256
-274
-277
-262
-240
-211
-191
-184
-166
-151
-133
-112
-92
-63
-38
-26
-28
-42
-68
-91
-98
-97
-92
-83
-81
-89
-108
-132
-149
-167
-176
-185
-191
-172
-135
-101
-74
-57
-48
-43
-47
-45
-52
-66
-79
-80
-77
-70
-70
-86
-101
-107
-100
-88
-72
-46
-19
14
41
49
56
66
77
90
97
101
105
106
116
134
143
139
120
84
40
-6
-45
-76
-89
-87
-81
-76
-59
-38
-18
1
21
47
67
75
80
80
75
70
58
34
-6
-53
-96
-127
-152
-178
-202
-219
-226
-222
-205
-187
-165
-147
-136
-124
-119
-117
-107
-96
-87
-83
-81
-78
-65
-50
-27
3
31
53
77
108
137
167
191
211
216
215
225
236
257
278
282
282
278
291
322
366
422
465
489
499
500
493
482
476
472
465
456
441
435
443
475
510
541
578
614
644
665
678
681
677
677
685
689
679
660
650
636
619
595
566
537
518
523
536
551
560
553
538
523
500
472
457
454
462
483
518
558
602
645
680
709
730
745
759
780
800
817
831
837
835
831
829
827
821
812
792
778
783
795
807
806
794
779
764
733
697
657
617
586
558
536
512
488
459
424
396
377
369
365
370
387
404
422
430
426
416
410
403
392
386
381
382
384
383
386
388
384
393
413
437
456
481
505
514
509
502
493
497
517
534
558
581
605
622
630
638
647
661
675
693
701
690
667
633
597
557
511
481
467
465
469
481
503
530
555
567
564
546
518
491
467
438
415
395
384
381
371
366
366
373
381
384
394
399
392
372
355
349
347
356
367
381
392
404
418
446
486
512
534
552
568
566
550
547
559
582
611
638
661
695
740
793
853
919
993
1075
1151
1211
1253
1283
1308
1332
1352
1370
1381
1393
1405
1410
1411
1405
1405
1416
1426
1436
1460
1496
1533
1568
1596
1610
1606
1599
1591
1589
1593
1596
1591
1573
1563
1564
1573
1596
1636
1679
1712
1748
1782
1810
1826
1825
1811
1790
1773
1760
1754
1750
1748
1755
1755
1752
1756
1778
1804
1819
1821
1806
1789
1776
1768
1775
1788
1797
1804
1819
1848
1884
1913
1931
1949
1971
1987
1995
2016
2029
2026
2009
1995
1999
2010
2025
2026
2024
2023
2022
2022
2020
2027
2028
2024
2015
2007
2000
1987
1983
1969
1950
1939
1925
1915
1911
1905
1898
1884
1871
1860
1851
1839
1824
1814
1809
1801
1782
1757
1726
1700
1671
1637
1603
1571
1547
1530
1514
1493
1468
1442
1425
1423
1427
1428
1419
1409
1396
1384
1374
1358
1320
1277
1237
1194
1168
1163
1158
1134
1107
1088
1084
1089
1096
1100
1101
1093
1076
1048
1001
949
904
867
842
829
814
801
796
801
794
775
754
726
696
669
642
604
564
523
477
430
386
352
323
300
293
298
298
303
314
325
334
322
299
272
236
182
125
84
49
-5
-67
-120
-168
-210
-243
-285
-337
-387
-425
-466
-518
-559
-597
-631
-675
-736
-796
-848
-881
-892
-886
-880
-874
-866
-862
-856
-855
-851
-845
-831
-815
-811
-803
-796
-775
-743
-704
-672
-641
-603
-580
-571
-561
-549
-560
-578
-587
-603
-617
-610
-591
-580
-576
-581
-579
-559
-529
-500
-483
-471
-471
-481
-494
-517
-543
-551
-547
-543
-538
-521
-486
-446
-398
-345
-280
-214
-158
-125
-103
-90
-90
-78
-63
-42
-21
-14
-15
-2
10
33
57
71
91
103
115
123
131
134
128
117
106
102
102
113
133
163
203
253
307
351
383
407
428
448
473
494
511
526
526
520
518
521
522
527
541
558
584
619
657
693
729
753
774
796
822
853
867
886
910
934
974
1024
1074
1128
1179
1220
1252
1278
1303
1326
1350
1375
1406
1419
1408
1391
1377
1366
1350
1336
1325
1308
1296
1286
1266
1234
1197
1165
1144
1132
1115
1098
1072
1036
1004
967
922
871
809
739
668
609
575
554
528
500
464
417
377
353
342
343
350
348
338
315
285
249
210
180
153
116
78
50
37
43
57
71
82
81
62
27
-17
-80
-149
-209
-259
-292
-318
-358
-399
-450
-508
-574
-636
-692
-751
-812
-880
-959
-1039
-1100
-1160
-1204
-1241
-1275
-1289
-1299
-1335
-1380
-1414
-1442
-1459
-1463
-1466
-1477
-1484
-1493
-1500
-1510
-1516
-1521
-1517
-1510
-1506
-1491
-1472
-1450
-1432
-1425
-1427
-1429
-1432
-1444
-1459
-1474
-1503
-1532
-1542
-1547
-1548
-1535
-1518
-1492
-1462
-1435
-1417
-1404
-1399
-1402
-1416
-1436
-1448
-1453
-1453
-1455
-1457
-1454
-1443
-1429
-1415
-1397
-1362
-1325
-1293
-1268
-1251
-1244
-1236
-1234
-1228
-1208
-1187
-1175
-1187
-1210
-1226
-1241
-1249
-1254
-1265
-1279
-1291
-1307
-1326
-1330
-1314
-1283
-1262
-1242
-1224
-1204
-1184
-1168
-1148
-1131
-1117
-1090
-1050
-1021
-988
-957
-931
-909
-909
-918
-915
-900
-866
-823
-781
-745
-718
-683
-648
-623
-592
-572
-568
-572
-586
-599
-597
-576
-554
-533
-514
-500
-480
-468
-465
-457
-451
-450
-450
-448
-438
-422
-415
-419
-422
-418
-403
-373
-326
-276
-228
-199
-187
-178
-174
-170
-167
-179
-205
-225
-250
-272
-286
-295
-300
-317
-334
-351
-360
-369
-395
-422
-441
-458
-462
-454
-436
-408
-383
-372
-377
-380
-404
-430
-447
-465
-473
-472
-458
-424
-385
-352
-314
-276
-241
-209
-180
-155
-138
-126
-120
-126
-136
-145
-163
-194
-224
-255
-272
-285
-311
-349
-399
-430
-427
-395
-366
-348
-348
-360
-368
-362
-357
-371
-394
-420
-445
-475
-505
-521
-526
-539
-564
-593
-627
-658
-681
-696
-705
-713
-721
-729
-721
-707
-700
-689
-676
-668
-647
-612
-572
-521
-463
-411
-368
-323
-273
-227
-191
-155
-112
-69
-31
-2
19
37
51
53
53
56
67
87
103
115
132
168
199
225
241
239
211
186
200
228
257
293
337
372
400
426
452
493
544
592
643
684
713
749
786
826
876
936
1000
1055
1098
1125
1138
1145
1143
1144
1151
1152
1133
1113
1099
1081
1087
1119
1163
1205
1243
1270
1284
1294
1312
1323
1326
1333
1327
1314
1311
1312
1315
1333
1363
1385
1399
1396
1376
1346
1304
1269
1235
1207
1177
1153
1156
1161
1167
1170
1172
1169
1164
1154
1137
1113
1074
1036
1020
1002
974
960
960
951
938
931
940
968
1001
1049
1092
1120
1142
1154
1158
1171
1188
1198
1201
1191
1165
1137
1108
1096
1102
1119
1152
1174
1179
1192
1226
1259
1273
1279
1281
1277
1272
1253
1228
1211
1202
1199
1201
1216
1212
1198
1189
1177
1169
1146
1098
1041
986
927
877
844
812
786
781
782
773
756
733
703
688
677
656
641
620
594
578
580
582
587
598
619
658
699
744
791
822
836
854
870
877
871
869
886
905
910
908
918
933
938
941
937
929
936
953
971
986
990
987
985
1001
1025
1042
1049
1048
1026
993
976
969
979
1004
1037
1074
1084
1069
1047
1026
1003
994
996
991
997
1003
1024
1062
1106
1152
1210
1284
1356
1404
1429
1448
1451
1446
1445
1466
1489
1503
1510
1526
1551
1582
1611
1631
1666
1701
1733
1749
1762
1790
1817
1830
1821
1802
1783
1775
1778
1786
1807
1809
1789
1764
1743
1721
1684
1640
1593
1569
1559
1554
1543
1537
1533
1525
1510
1487
1474
1474
1482
1490
1486
1460
1434
1418
1423
1427
1414
1400
1392
1403
1438
1483
1513
1533
1547
1555
1548
1529
1512
1485
1471
1469
1470
1482
1479
1475
1478
1476
1476
1488
1515
1527
1527
1531
1545
1559
1560
1553
1537
1523
1514
1501
1482
1485
1518
1570
1628
1679
1711
1719
1715
1713
1715
1711
1697
1685
1695
1719
1753
1783
1800
1824
1855
1874
1886
1897
1893
1889
1896
1907
1924
1957
1992
2028
2064
2096
2138
2162
2165
2168
2169
2170
2169
2181
2198
2207
2213
2222
2230
2231
2246
2268
2273
2255
2217
2169
2117
2057
1996
1948
1900
1855
1820
1785
1759
1748
1746
1739
1711
1667
1621
1602
1595
1591
1588
1577
1574
1577
1587
1604
1630
1655
1673
1696
1733
1775
1806
1823
1831
1848
1873
1892
1917
1929
1903
1864
1838
1828
1829
1826
1803
1785
1756
1719
1689
1653
1609
1567
1540
1523
1506
1491
1466
1435
1389
1335
1286
1245
1213
1185
1146
1070
993
938
901
877
868
862
861
865
856
853
861
866
882
903
920
944
977
1010
1034
1056
1068
1090
1138
1201
1264
1314
1348
1379
1404
1426
1454
1488
1531
1563
1581
1598
1622
1649
1683
1729
1762
1770
1748
1724
1709
1706
1704
1680
1657
1632
1598
1570
1573
1584
1585
1579
1546
1507
1470
1446
1429
1398
1384
1377
1369
1353
1328
1322
1331
1332
1326
1317
1299
1268
1241
1221
1193
1153
1113
1058
984
924
883
845
809
781
760
753
757
748
725
710
703
695
671
628
567
525
499
466
421
363
308
260
220
185
156
126
101
78
77
95
118
145
171
184
184
169
140
101
80
81
79
64
43
39
60
104
145
170
186
188
178
173
183
194
191
177
164
136
112
108
111
112
89
33
-35
-106
-172
-207
-218
-215
-220
-226
-237
-259
-280
-297
-311
-324
-309
-288
-271
-272
-295
-322
-337
-335
-327
-316
-313
-283
-225
-186
-159
-123
-94
-72
-35
-12
-7
-13
-9
7
26
53
74
92
101
114
121
126
130
123
111
85
47
9
-20
-37
-35
-49
-82
-140
-191
-232
-266
-294
-313
-334
-368
-389
-421
-456
-479
-485
-516
-556
-613
-683
-749
-827
-913
-993
-1046
-1088
-1118
-1133
-1135
-1134
-1103
-1078
-1075
-1069
-1061
-1031
-1010
-1009
-1041
-1081
-1110
-1128
-1123
-1111
-1092
-1087
-1084
-1068
-1044
-1024
-1003
-972
-939
-918
-904
-903
-929
-973
-1011
-1037
-1060
-1083
-1118
-1143
-1159
-1158
-1131
-1089
-1045
-1010
-988
-987
-993
-987
-974
-947
-921
-915
-937
-975
-1003
-1000
-972
-949
-928
-914
-920
-929
-941
-970
-1003
-1033
-1046
-1043
-1034
-1024
-1028
-1055
-1084
-1119
-1170
-1215
-1252
-1277
-1263
-1225
-1189
-1144
-1102
-1062
-1028
-997
-975
-953
-930
-920
-911
-902
-903
-915
-924
-927
-915
-877
-819
-787
-775
-773
-793
-807
-802
-795
-800
-816
-830
-842
-862
-894
-924
-946
-966
-974
-978
-964
-951
-930
-907
-889
-857
-839
-817
-793
-760
-726
-699
-682
-669
-666
-673
-674
-658
-628
-603
-577
-571
-580
-585
-584
-574
-542
-520
-505
-490
-502
-528
-554
-592
-619
-616
-606
-593
-586
-589
-596
-609
-619
-623
-629
-628
-626
-621
-619
-609
-608
-618
-646
-672
-672
-677
-692
-717
-748
-788
-824
-842
-859
-895
-943
-1000
-1064
-1129
-1187
-1242
-1294
-1313
-1302
-1281
-1251
-1234
-1221
-1204
-1182
-1158
-1155
-1153
-1143
-1131
-1122
-1105
-1090
-1079
-1049
-1009
-974
-952
-934
-916
-889
-848
-825
-830
-841
-858
-857
-821
-777
-724
-664
-591
-507
-427
-335
-240
-144
-48
44
129
195
251
293
332
368
403
437
478
508
525
548
564
567
565
574
583
596
615
614
610
608
608
606
596
586
573
574
590
605
612
606
593
596
602
613
633
646
653
647
631
615
601
592
592
585
604
634
655
674
691
722
746
753
755
761
758
745
727
690
650
617
588
579
601
646
709
766
811
838
843
854
862
843
809
770
714
666
638
613
581
541
499
464
431
412
396
371
351
324
270
198
135
64
-7
-68
-116
-141
-158
-172
-171
-159
-147
-136
-140
-165
-197
-203
-199
-202
-199
-181
-163
-154
-134
-132
-149
-160
-151
-131
-109
-101
-92
-71
-65
-82
-112
-138
-141
-114
-84
-51
-16
37
101
179
257
328
396
458
507
516
498
456
418
399
389
377
368
359
355
348
344
356
379
392
389
382
347
294
229
163
116
72
15
-41
-102
-153
-197
-250
-301
-353
-384
-393
-402
-408
-415
-423
-426
-428
-420
-416
-426
-443
-458
-461
-455
-424
-387
-348
-305
-284
-271
-243
-210
-163
-128
-132
-160
-197
-220
-229
-226
-213
-200
-184
-181
-176
-161
-139
-100
-64
-41
-42
-39
-6
46
89
127
169
203
219
225
250
283
308
310
306
285
230
167
136
147
175
204
218
232
256
293
326
347
344
305
261
213
172
128
66
-4
-75
-138
-177
-196
-220
-234
-239
-239
-245
-267
-284
-317
-372
-434
-499
-569
-622
-652
-673
-684
-687
-685
-679
-687
-700
-706
-695
-664
-622
-577
-560
-560
-577
-591
-591
-586
-589
-590
-569
-545
-538
-532
-513
-488
-456
-430
-414
-425
-470
-512
-542
-570
-594
-612
-620
-652
-671
-658
-639
-619
-609
-600
-596
-576
-556
-538
-527
-525
-504
-485
-476
-472
-456
-452
-459
-463
-463
-451
-438
-416
-402
-429
-470
-499
-515
-507
-500
-513
-530
-536
-534
-513
-490
-472
-468
-474
-482
-482
-473
-478
-501
-533
-572
-615
-645
-651
-623
-574
-520
-492
-504
-528
-549
-577
-580
-557
-516
-466
-431
-389
-353
-326
-309
-295
-281
-247
-200
-148
-91
-52
-36
-45
-86
-111
-124
-142
-157
-173
-168
-156
-144
-147
-110
-43
9
60
124
201
266
292
278
248
214
193
186
196
195
191
193
201
184
148
132
120
112
133
157
187
227
251
257
241
237
243
262
268
268
261
263
277
254
231
218
238
280
342
411
492
573
612
617
596
568
553
566
590
604
592
586
600
587
575
586
604
620
617
618
631
640
658
673
671
687
708
740
783
825
861
883
885
863
842
824
828
836
842
847
837
811
783
757
738
740
731
717
699
671
635
588
538
474
394
332
298
284
286
285
293
311
317
310
300
296
273
236
201
148
99
49
-2
-54
-100
-140
-201
-258
-292
-312
-331
-317
-296
-293
-306
-330
-354
-384
-427
-483
-528
-549
-546
-539
-512
-470
-414
-347
-270
-204
-132
-48
35
98
144
186
207
221
219
205
207
228
239
265
266
265
286
322
394
476
576
647
692
722
758
781
804
843
883
901
896
903
917
955
1001
1053
1072
1077
1086
1109
1126
1117
1124
1137
1157
1179
1188
1190
1209
1248
1301
1357
1409
1452
1486
1504
1510
1503
1495
1488
1465
1446
1403
1321
1236
1150
1058
1002
993
1005
1016
1052
1099
1105
1092
1081
1065
1030
975
903
826
759
696
642
573
492
427
395
400
420
463
493
493
491
497
511
498
472
436
403
366
331
315
298
266
226
183
131
103
70
40
31
31
35
46
56
27
-11
-26
-49
-103
-165
-214
-254
-278
-305
-341
-383
-407
-442
-487
-517
-548
-564
-591
-617
-649
-680
-699
-686
-639
-587
-580
-618
-662
-717
-754
-768
-773
-767
-749
-734
-708
-670
-622
-583
-572
-595
-622
-654
-701
-736
-767
-794
-813
-834
-864
-917
-972
-1000
-998
-948
-861
-757
-659
-560
-478
-424
-394
-366
-325
-286
-259
-249
-219
-206
-205
-222
-240
-233
-225
-205
-180
-165
-169
-181
-190
-185
-174
-174
-202
-275
-358
-427
-486
-539
-590
-650
-705
-730
-729
-691
-636
-583
-543
-522
-512
-492
-467
-466
-475
-494
-504
-493
-464
-443
-450
-459
-464
-469
-459
-448
-412
-362
-340
-326
-322
-351
-397
-428
-468
-536
-580
-607
-656
-723
-793
-882
-979
-1062
-1134
-1167
-1206
-1256
-1306
-1347
-1372
-1399
-1413
-1424
-1458
-1513
-1583
-1648
-1698
-1756
-1802
-1842
-1891
-1927
-1952
-1979
-1993
-1977
-1960
-1954
-1943
-1923
-1898
-1871
-1853
-1840
-1814
-1794
-1748
-1676
-1625
-1598
-1597
-1632
-1672
-1693
-1705
-1718
-1730
-1704
-1678
-1688
-1711
-1739
-1766
-1753
-1684
-1598
-1514
-1452
-1425
-1427
-1422
-1415
-1404
-1395
-1398
-1386
-1357
-1328
-1315
-1297
-1281
-1247
-1171
-1073
-958
-852
-754
-657
-576
-497
-434
-385
-344
-313
-312
-317
-291
-261
-220
-204
-206
-230
-256
-246
-230
-190
-136
-97
-70
-62
-31
-6
-44
-90
-126
-142
-132
-105
-77
-85
-121
-154
-160
-152
-159
-152
-139
-144
-156
-188
-245
-349
-444
-506
-572
-625
-695
-802
-922
-1013
-1070
-1121
-1154
-1196
-1262
-1328
-1403
-1461
-1490
-1509
-1517
-1545
-1596
-1684
-1768
-1845
-1928
-1969
-2005
-2052
-2102
-2136
-2153
-2193
-2241
-2273
-2316
-2363
-2413
-2425
-2407
-2411
-2432
-2435
-2416
-2384
-2344
-2329
-2295
-2248
-2189
-2118
-2054
-1975
-1910
-1854
-1774
-1679
-1586
-1504
-1474
-1479
-1491
-1472
-1430
-1398
-1360
-1319
-1240
-1149
-1064
-992
-927
-839
-756
-701
-668
-640
-593
-533
-471
-426
-407
-398
-387
-333
-244
-172
-101
-10
68
134
188
245
326
408
481
538
583
634
693
748
782
806
830
843
852
877
932
996
1029
1033
1026
1015
1003
990
971
953
955
975
1007
1052
1104
1173
1262
1349
1444
1552
1635
1691
1713
1705
1690
1662
1633
1600
1558
1538
1533
1534
1553
1596
1633
1642
1646
1635
1615
1613
1643
1675
1697
1711
1718
1732
1726
1717
1730
1759
1796
1826
1865
1911
1951
1972
1953
1928
1922
1938
1944
1936
1929
1913
1894
1863
1833
1799
1764
1745
1757
1808
1876
1944
2015
2092
2168
2210
2222
2234
2233
2192
2106
2017
1959
1952
1957
1955
1944
1936
1954
1988
2017
2019
2020
2007
2001
1998
1956
1899
1865
1847
1817
1763
1688
1646
1636
1639
1634
1607
1574
1541
1518
1517
1528
1563
1634
1696
1730
1750
1774
1793
1805
1812
1829
1838
1829
1831
1839
1848
1868
1934
2031
2114
2178
2226
2302
2380
2438
2479
2503
2522
2534
2532
2513
2512
2515
2544
2584
2603
2631
2643
2648
2652
2650
2633
2601
2551
2482
2420
2374
2334
2288
2260
2241
2223
2195
2135
2052
1952
1850
1742
1654
1606
1599
1604
1593
1559
1535
1545
1545
1534
1536
1532
1520
1503
1492
1472
1435
1374
1327
1319
1299
1270
1252
1257
1247
1209
1157
1101
1055
996
933
890
844
787
731
656
544
426
320
225
141
86
57
14
-66
-163
-263
-331
-355
-371
-375
-406
-465
-514
-562
-625
-707
-789
-866
-958
-1066
-1191
-1305
-1401
-1512
-1615
-1687
-1739
-1787
-1852
-1910
-1945
-1958
-1954
-1949
-1927
-1905
-1912
-1959
-2016
-2083
-2136
-2149
-2143
-2131
-2129
-2122
-2105
-2069
-2012
-1928
-1828
-1744
-1683
-1635
-1605
-1550
-1477
-1428
-1368
-1323
-1292
-1250
-1202
-1124
-1044
-994
-954
-930
-918
-890
-817
-742
-692
-632
-561
-466
-388
-324
-279
-273
-265
-255
-253
-266
-295
-336
-365
-411
-474
-523
-532
-510
-515
-567
-631
-683
-719
-727
-725
-704
-683
-660
-628
-626
-626
-609
-591
-585
-609
-639
-630
-612
-586
-589
-640
-699
-739
-765
-795
-837
-888
-933
-981
-1014
-1033
-1038
-1000
-908
-826
-784
-747
-699
-648
-583
-532
-502
-452
-380
-310
-262
-207
-158
-135
-129
-125
-106
-46
-15
-28
-55
-69
-52
4
79
151
234
304
385
447
503
561
596
609
601
602
608
625
653
684
706
705
707
694
651
605
568
553
553
543
543
541
510
492
490
503
510
523
550
563
569
576
577
568
572
591
622
672
726
766
798
821
859
907
953
982
996
1008
1019
1039
1047
1015
997
1037
1095
1155
1191
1201
1166
1090
1015
954
897
843
800
747
709
697
685
673
627
565
536
524
521
489
430
369
317
289
251
200
178
175
143
66
5
-21
-23
-19
-20
-15
-19
-31
-38
-22
-20
-37
-26
24
50
23
0
-2
-3
-12
-36
-24
53
128
186
246
297
342
369
378
376
354
334
296
241
194
170
171
192
220
238
250
255
283
337
430
525
588
613
601
594
589
587
588
590
566
533
505
459
419
384
358
352
333
305
285
267
257
269
302
330
339
342
345
357
385
409
440
479
530
584
611
607
608
627
666
714
746
787
814
824
823
814
800
777
737
714
738
773
811
834
846
852
842
787
725
668
605
542
462
375
264
147
72
54
55
44
11
-40
-63
-54
-17
50
122
185
238
292
339
410
484
523
543
523
488
459
420
382
340
293
241
194
164
156
164
154
128
70
30
35
28
-1
-42
-90
-110
-88
-42
21
77
126
167
208
247
288
331
368
406
461
515
551
564
567
565
562
575
608
662
692
680
636
615
610
636
691
736
764
767
733
657
560
471
413
365
321
280
245
237
247
236
245
307
412
492
518
544
608
682
721
709
649
608
567
526
488
451
442
445
428
401
393
404
455
513
544
559
575
589
585
560
553
584
643
696
725
722
712
717
722
718
678
634
614
585
547
508
480
469
460
435
383
332
292
249
201
128
22
-51
-90
-113
-144
-191
-236
-279
-328
-364
-376
-385
-420
-479
-542
-613
-703
-794
-855
-909
-976
-1081
-1180
-1262
-1332
-1396
-1482
-1570
-1648
-1708
-1767
-1825
-1871
-1882
-1873
-1891
-1936
-1956
-1935
-1903
-1890
-1903
-1916
-1937
-1978
-2025
-2074
-2121
-2164
-2204
-2206
-2177
-2141
-2114
-2123
-2147
-2179
-2220
-2265
-2321
-2410
-2522
-2658
-2793
-2890
-2988
-3074
-3122
-3166
-3216
-3278
-3342
-3395
-3456
-3514
-3541
-3561
-3595
-3630
-3636
-3614
-3580
-3538
-3503
-3457
-3399
-3322
-3245
-3184
-3138
-3108
-3062
-2984
-2895
-2827
-2769
-2720
-2694
-2686
-2700
-2729
-2728
-2702
-2666
-2641
-2630
-2615
-2585
-2541
-2497
-2467
-2437
-2405
-2392
-2401
-2402
-2380
-2353
-2310
-2275
-2246
-2209
-2173
-2148
-2136
-2150
-2177
-2166
-2128
-2100
-2094
-2108
-2155
-2202
-2215
-2181
-2150
-2150
-2146
-2112
-2083
-2091
-2089
-2047
-1982
-1942
-1940
-1967
-1986
-1977
-1965
-1961
-1960
-1946
-1933
-1930
-1907
-1845
-1771
-1710
-1683
-1656
-1586
-1493
-1410
-1334
-1253
-1182
-1105
-1016
-910
-789
-662
-533
-417
-335
-282
-244
-204
-147
-105
-94
-105
-106
-74
-44
-38
-22
3
18
27
32
58
93
115
119
103
75
49
40
39
24
13
20
22
7
-26
-49
-33
-13
3
52
106
139
161
152
132
119
119
147
173
176
193
242
297
337
362
395
435
472
495
496
489
492
514
534
550
573
612
674
747
806
860
943
1034
1078
1073
1052
1049
1075
1095
1107
1088
1046
1012
989
975
959
942
937
939
917
889
891
905
914
921
904
869
809
734
678
649
620
607
604
571
542
513
497
497
478
452
419
376
361
357
355
354
339
319
294
254
222
204
201
210
225
243
277
331
371
418
473
541
604
635
654
697
765
826
858
867
880
893
916
962
1008
1021
1018
1026
1028
1015
1000
972
934
902
887
855
803
745
692
666
638
613
598
584
571
559
550
545
549
571
580
581
586
610
637
656
659
646
629
611
584
537
503
470
431
367
303
263
223
184
154
148
170
161
117
71
49
52
48
46
43
48
44
58
98
140
161
174
188
199
211
220
232
253
289
325
344
341
326
299
275
221
134
33
-76
-159
-208
-242
-270
-301
-320
-317
-318
-328
-343
-360
-371
-384
-398
-401
-407
-417
-417
-411
-409
-429
-478
-528
-571
-604
-626
-638
-647
-655
-662
-654
-625
-602
-586
-568
-538
-507
-474
-427
-390
-386
-399
-406
-395
-376
-360
-354
-360
-380
-411
-446
-496
-565
-630
-646
-645
-644
-652
-642
-613
-594
-581
-579
-572
-569
-563
-537
-488
-431
-382
-338
-286
-226
-192
-177
-153
-128
-99
-65
-27
-7
0
22
45
69
91
131
186
234
258
274
302
328
334
324
324
327
325
317
307
321
332
321
319
328
350
356
348
349
361
389
435
483
516
540
551
548
529
498
456
402
347
298
268
254
251
257
247
224
208
192
161
123
81
22
-41
-108
-177
-245
-301
-347
-392
-427
-464
-497
-509
-510
-506
-504
-512
-522
-524
-516
-500
-494
-533
-600
-635
-644
-641
-630
-613
-577
-532
-490
-449
-419
-410
-422
-439
-456
-469
-482
-512
-565
-614
-640
-646
-645
-656
-666
-678
-685
-693
-742
-820
-899
-980
-1063
-1161
-1253
-1322
-1396
-1475
-1551
-1612
-1626
-1619
-1600
-1577
-1548
-1508
-1461
-1406
-1355
-1306
-1263
-1238
-1212
-1186
-1179
-1155
-1091
-1012
-948
-893
-854
-826
-794
-777
-783
-803
-831
-846
-832
-820
-816
-818
-824
-813
-809
-809
-803
-809
-811
-811
-817
-817
-820
-821
-804
-774
-746
-730
-721
-723
-736
-745
-739
-720
-725
-756
-783
-803
-844
-902
-975
-1060
-1150
-1257
-1383
-1504
-1601
-1688
-1764
-1844
-1919
-1984
-2036
-2069
-2088
-2107
-2123
-2132
-2135
-2133
-2131
-2110
-2075
-2022
-1960
-1887
-1818
-1760
-1694
-1618
-1546
-1490
-1446
-1417
-1379
-1338
-1299
-1269
-1258
-1259
-1257
-1251
-1253
-1251
-1245
-1216
-1186
-1164
-1141
-1129
-1109
-1085
-1077
-1063
-1045
-1044
-1042
-1040
-1037
-1030
-1014
-1026
-1051
-1079
-1099
-1095
-1093
-1091
-1083
-1065
-1056
-1047
-1048
-1069
-1099
-1129
-1154
-1178
-1199
-1225
-1260
-1315
-1378
-1428
-1455
-1474
-1481
-1470
-1456
-1444
-1444
-1436
-1424
-1402
-1367
-1346
-1348
-1364
-1370
-1376
-1387
-1392
-1413
-1430
-1430
-1408
-1349
-1294
-1241
-1180
-1117
-1048
-996
-960
-935
-934
-945
-949
-957
-970
-964
-948
-950
-966
-987
-996
-985
-971
-966
-957
-945
-932
-924
-940
-975
-1018
-1063
-1095
-1097
-1102
-1111
-1133
-1179
-1224
-1264
-1289
-1303
-1309
-1322
-1325
-1312
-1277
-1234
-1205
-1188
-1180
-1164
-1143
-1115
-1089
-1068
-1056
-1048
-1036
-1033
-1035
-1031
-1032
-1032
-1006
-953
-902
-863
-841
-830
-821
-816
-808
-784
-752
-724
-680
-638
-612
-598
-595
-593
-571
-547
-540
-533
-528
-513
-503
-506
-502
-505
-516
-545
-578
-604
-626
-639
-639
-628
-613
-607
-616
-629
-640
-643
-649
-664
-691
-730
-776
-820
-866
-914
-956
-1001
-1052
-1107
-1145
-1150
-1146
-1130
-1104
-1075
-1060
-1044
-1020
-1008
-999
-999
-1022
-1057
-1065
-1054
-1036
-1010
-992
-971
-940
-906
-864
-823
-779
-725
-668
-619
-582
-547
-505
-455
-407
-364
-342
-333
-326
-337
-351
-342
-319
-290
-259
-234
-213
-199
-191
-183
-174
-158
-144
-129
-115
-109
-87
-59
-27
9
24
20
18
31
47
78
105
116
121
128
143
163
199
232
255
262
264
274
294
305
297
291
287
289
293
314
333
331
319
285
253
237
241
260
290
326
356
378
388
391
400
416
418
416
421
434
462
499
521
538
560
574
582
584
595
602
602
595
594
607
608
585
557
550
551
552
556
541
506
464
410
360
319
281
255
244
232
224
209
175
123
76
58
66
101
147
199
242
277
302
312
322
331
348
364
359
348
336
319
322
326
318
316
314
300
279
260
248
230
207
195
180
170
170
173
173
170
175
186
206
222
219
205
190
172
166
163
160
147
127
117
114
120
117
102
81
73
80
89
86
80
65
50
53
54
30
3
-10
-17
-1
27
68
96
101
88
71
51
31
14
2
11
30
47
49
49
43
37
26
13
14
19
31
43
54
59
35
-12
-44
-40
-18
18
54
78
98
104
106
105
114
135
140
135
129
131
148
174
200
234
286
361
441
496
538
580
635
685
725
771
823
883
939
982
999
1003
992
977
967
956
950
943
916
872
834
799
770
749
738
725
723
719
706
670
605
551
519
495
458
419
383
340
291
248
219
198
162
127
84
28
-23
-69
-107
-134
-158
-189
-214
-217
-193
-179
-186
-192
-192
-186
-177
-169
-171
-178
-174
-178
-178
-166
-155
-151
-146
-128
-105
-71
-26
35
93
145
190
233
279
324
367
398
417
425
432
440
447
452
452
449
436
417
414
432
469
503
528
537
529
527
523
516
513
496
477
457
430
400
364
327
299
291
278
262
249
235
222
210
189
166
158
161
160
136
107
80
59
56
58
78
119
166
214
265
324
370
401
436
472
505
540
560
565
563
548
524
497
475
461
446
418
385
356
334
313
315
329
348
368
391
411
423
429
414
401
398
394
377
372
379
392
405
407
390
363
328
296
289
311
333
340
348
349
353
347
333
315
298
273
241
204
169
148
137
136
144
164
189
212
231
245
233
219
213
210
215
218
211
206
209
229
272
336
407
476
545
614
681
754
834
917
1001
1072
1122
1152
1174
1157
1113
1065
1018
979
943
901
863
853
870
916
990
1071
1138
1195
1253
1323
1387
1435
1476
1518
1540
1508
1431
1352
1304
1287
1299
1310
1297
1281
1273
1285
1296
1305
1328
1349
1378
1400
1418
1449
1490
1532
1587
1635
1671
1691
1695
1705
1706
1716
1724
1718
1715
1697
1667
1620
1559
1493
1440
1406
1371
1322
1265
1207
1150
1099
1044
987
956
959
970
958
922
874
820
763
705
659
623
591
557
513
458
405
381
362
338
326
319
317
310
291
282
279
261
236
212
175
131
92
53
17
-7
-40
-85
-130
-163
-181
-196
-211
-227
-253
-273
-284
-290
-307
-342
-374
-390
-386
-384
-396
-416
-420
-413
-419
-435
-448
-445
-439
-454
-491
-534
-568
-583
-582
-561
-536
-526
-542
-582
-618
-657
-697
-728
-753
-771
-798
-831
-862
-900
-941
-997
-1055
-1107
-1150
-1172
-1189
-1200
-1208
-1218
-1231
-1230
-1230
-1238
-1237
-1232
-1239
-1260
-1286
-1313
-1324
-1325
-1313
-1292
-1277
-1276
-1289
-1298
-1313
-1332
-1332
-1324
-1307
-1291
-1296
-1298
-1294
-1292
-1315
-1357
-1405
-1444
-1460
-1464
-1470
-1478
-1495
-1522
-1549
-1574
-1587
-1591
-1577
-1564
-1559
-1558
-1567
-1598
-1624
-1641
-1652
-1644
-1637
-1636
-1648
-1671
-1686
-1691
-1691
-1687
-1668
-1627
-1579
-1532
-1484
-1431
-1386
-1351
-1337
-1344
-1339
-1334
-1345
-1365
-1380
-1398
-1415
-1400
-1357
-1296
-1227
-1164
-1084
-998
-930
-871
-810
-752
-697
-661
-634
-613
-600
-587
-591
-612
-620
-629
-660
-695
-727
-730
-719
-699
-663
-610
-552
-525
-533
-571
-616
-638
-635
-624
-612
-577
-507
-413
-328
-245
-149
-50
47
110
145
171
208
250
263
264
262
243
184
99
23
-39
-82
-106
-124
-129
-113
-74
-15
55
129
196
244
284
324
359
379
389
384
355
334
340
372
427
481
519
567
606
628
648
691
756
824
874
902
915
898
875
836
791
756
723
692
668
669
692
712
710
699
690
690
680
663
673
702
748
808
865
918
968
1007
1030
1040
1056
1069
1079
1106
1134
1175
1223
1286
1360
1412
1460
1508
1540
1555
1541
1498
1443
1384
1347
1312
1280
1258
1216
1186
1194
1221
1252
1263
1270
1278
1260
1220
1183
1169
1144
1107
1069
1039
1011
975
939
910
895
878
870
892
944
1009
1065
1133
1215
1280
1342
1393
1436
1475
1493
1491
1464
1417
1372
1361
1379
1381
1362
1349
1363
1392
1422
1438
1450
1472
1486
1492
1475
1442
1387
1323
1266
1212
1164
1112
1072
1057
1069
1089
1082
1046
995
948
902
867
829
780
730
671
619
561
504
442
377
323
288
260
226
194
176
179
175
153
147
165
184
200
206
213
221
230
225
224
240
251
258
273
277
275
271
286
323
361
389
417
467
500
530
569
625
698
777
853
918
965
994
1029
1063
1092
1122
1151
1194
1259
1345
1419
1451
1447
1437
1435
1432
1433
1432
1434
1429
1421
1417
1416
1412
1418
1436
1450
1446
1409
1359
1308
1258
1192
1116
1043
1003
990
960
920
874
808
741
694
649
614
599
597
614
643
651
649
639
624
612
604
610
604
589
557
523
502
488
473
451
442
435
414
391
368
351
335
316
296
299
319
332
332
330
330
337
333
317
308
301
299
282
261
240
214
191
181
170
114
34
-23
-45
-47
-41
-29
-5
32
62
72
53
12
-16
-31
-47
-85
-145
-186
-202
-207
-203
-200
-203
-197
-188
-170
-151
-126
-98
-73
-22
19
60
109
156
195
226
229
216
206
207
228
267
323
389
447
486
507
521
538
567
597
618
635
638
645
653
665
679
690
685
682
676
659
658
666
673
669
672
671
667
646
607
561
525
507
469
405
343
302
261
207
157
120
121
142
161
172
184
196
188
169
133
76
19
-13
-35
-53
-63
-91
-143
-203
-256
-307
-329
-314
-285
-266
-265
-275
-286
-299
-317
-331
-359
-399
-440
-480
-525
-581
-636
-683
-718
-731
-722
-686
-624
-557
-501
-450
-403
-355
-314
-289
-280
-283
-289
-280
-262
-248
-206
-148
-85
-27
36
106
181
272
370
471
566
659
738
794
819
827
843
880
917
945
957
953
948
938
929
929
954
982
1005
1023
1048
1097
1139
1166
1179
1184
1172
1127
1077
1032
995
963
942
935
938
927
903
887
875
874
884
916
937
922
919
912
881
841
797
757
730
700
661
632
612
600
581
578
583
582
593
614
624
601
564
542
532
503
455
409
369
344
324
303
279
238
187
124
64
6
-52
-110
-175
-224
-271
-324
-387
-452
-513
-589
-677
-749
-799
-851
-906
-945
-958
-960
-954
-938
-926
-913
-902
-912
-937
-987
-1055
-1109
-1162
-1228
-1298
-1352
-1416
-1490
-1543
-1568
-1570
-1557
-1535
-1501
-1470
-1440
-1390
-1319
-1235
-1149
-1060
-987
-933
-897
-871
-867
-868
-855
-839
-824
-812
-786
-756
-725
-706
-686
-666
-652
-636
-631
-626
-612
-581
-550
-514
-466
-417
-371
-334
-301
-266
-225
-172
-119
-75
-39
-17
-26
-73
-140
-188
-211
-231
-263
-300
-340
-386
-427
-454
-465
-464
-448
-441
-446
-450
-444
-443
-451
-467
-481
-492
-492
-499
-538
-605
-670
-727
-795
-857
-895
-903
-893
-889
-895
-901
-910
-920
-937
-965
-990
-1019
-1044
-1058
-1076
-1096
-1129
-1148
-1155
-1174
-1197
-1216
-1234
-1254
-1271
-1283
-1288
-1270
-1228
-1167
-1118
-1083
-1041
-1015
-991
-961
-942
-943
-941
-921
-872
-813
-754
-694
-635
-575
-515
-473
-408
-311
-222
-139
-69
-1
60
126
194
252
290
307
307
306
326
362
409
446
475
501
523
531
521
507
466
404
358
325
287
259
252
240
227
207
176
140
110
107
125
131
118
117
134
160
200
228
226
210
182
150
131
109
67
19
-32
-83
-121
-165
-213
-231
-217
-212
-234
-276
-310
-320
-318
-317
-305
-291
-276
-272
-296
-312
-307
-296
-312
-337
-345
-340
-308
-250
-191
-158
-152
-145
-129
-115
-104
-94
-82
-81
-93
-119
-166
-214
-237
-257
-285
-315
-350
-387
-432
-476
-500
-504
-519
-553
-593
-640
-672
-689
-694
-685
-684
-699
-712
-724
-757
-795
-825
-851
-843
-815
-796
-782
-772
-767
-751
-735
-722
-689
-640
-573
-488
-410
-342
-285
-247
-231
-227
-223
-228
-247
-258
-264
-274
-270
-259
-248
-238
-236
-254
-286
-326
-360
-387
-419
-455
-493
-527
-551
-558
-573
-601
-622
-617
-600
-591
-589
-591
-603
-618
-637
-641
-624
-618
-609
-614
-647
-684
-728
-763
-782
-806
-812
-800
-769
-730
-698
-664
-632
-631
-646
-667
-691
-710
-725
-728
-729
-715
-685
-649
-609
-568
-537
-508
-466
-427
-406
-391
-369
-341
-325
-299
-253
-206
-168
-141
-116
-104
-91
-58
-25
3
34
68
101
141
174
180
167
142
130
106
76
53
16
-8
-1
17
20
5
-8
-5
3
3
-5
-11
6
37
63
77
62
37
16
-7
-45
-96
-150
-204
-260
-290
-293
-291
-292
-284
-267
-261
-270
-302
-336
-368
-394
-413
-428
-440
-451
-470
-491
-511
-531
-562
-615
-671
-721
-758
-785
-805
-821
-845
-878
-900
-898
-867
-832
-807
-807
-818
-838
-863
-881
-903
-903
-899
-887
-863
-840
-827
-836
-841
-841
-833
-811
-793
-793
-813
-833
-860
-884
-906
-934
-953
-965
-967
-959
-930
-877
-831
-800
-782
-763
-743
-754
-777
-798
-813
-811
-803
-804
-817
-830
-839
-872
-902
-917
-935
-934
-918
-902
-893
-893
-896
-884
-867
-855
-853
-845
-818
-765
-699
-670
-668
-660
-648
-639
-644
-656
-651
-632
-608
-579
-542
-503
-458
-431
-421
-425
-434
-443
-454
-468
-511
-554
-588
-608
-617
-616
-604
-569
-513
-453
-404
-371
-344
-334
-326
-321
-344
-375
-417
-465
-492
-508
-527
-543
-543
-543
-551
-557
-559
-553
-543
-533
-527
-499
-442
-387
-368
-375
-394
-415
-427
-459
-509
-538
-537
-527
-509
-469
-416
-365
-313
-275
-245
-216
-203
-196
-184
-169
-145
-120
-83
-42
-14
6
23
40
57
64
66
72
85
104
114
121
128
124
105
93
81
69
42
-2
-52
-115
-188
-260
-307
-332
-346
-368
-389
-395
-390
-407
-441
-463
-467
-476
-493
-503
-514
-508
-480
-428
-378
-338
-305
-295
-293
-290
-253
-210
-180
-138
-106
-96
-93
-63
-24
13
59
107
140
157
165
166
156
133
111
85
76
93
124
164
197
205
202
212
239
261
265
279
295
301
311
336
359
374
389
384
355
324
289
252
224
191
154
113
82
44
-1
-32
-32
-11
3
-10
-50
-94
-134
-169
-214
-266
-289
-282
-270
-269
-294
-314
-337
-353
-356
-346
-338
-336
-339
-367
-399
-423
-431
-450
-490
-555
-628
-693
-729
-743
-770
-797
-847
-901
-927
-934
-930
-922
-914
-918
-936
-955
-971
-984
-1001
-1031
-1076
-1106
-1108
-1085
-1040
-990
-934
-903
-896
-883
-870
-852
-841
-834
-822
-820
-801
-761
-714
-678
-653
-648
-664
-667
-661
-673
-689
-668
-621
-574
-533
-499
-476
-456
-436
-423
-410
-362
-280
-195
-127
-79
-46
-26
-9
1
-3
-23
-44
-69
-121
-199
-266
-302
-334
-375
-424
-491
-569
-653
-722
-761
-777
-797
-822
-831
-831
-843
-868
-885
-906
-934
-964
-996
-1023
-1051
-1087
-1117
-1147
-1183
-1208
-1239
-1255
-1259
-1285
-1310
-1323
-1328
-1307
-1265
-1208
-1158
-1115
-1099
-1076
-1033
-983
-933
-901
-884
-903
-914
-899
-869
-837
-823
-816
-819
-845
-887
-925
-920
-875
-811
-771
-778
-795
-808
-808
-812
-829
-864
-894
-908
-904
-896
-902
-912
-917
-916
-924
-919
-902
-892
-902
-938
-997
-1063
-1127
-1190
-1226
-1240
-1265
-1287
-1308
-1317
-1321
-1346
-1385
-1418
-1439
-1464
-1493
-1511
-1519
-1538
-1577
-1632
-1691
-1739
-1771
-1798
-1818
-1827
-1805
-1747
-1706
-1678
-1639
-1591
-1527
-1460
-1427
-1422
-1414
-1403
-1390
-1392
-1404
-1416
-1425
-1422
-1416
-1432
-1458
-1465
-1452
-1443
-1440
-1420
-1390
-1348
-1308
-1282
-1273
-1239
-1192
-1143
-1081
-1043
-1031
-1038
-1062
-1091
-1119
-1140
-1154
-1174
-1196
-1239
-1307
-1366
-1394
-1405
-1393
-1370
-1347
-1308
-1271
-1231
-1185
-1129
-1076
-1042
-1026
-1034
-1060
-1080
-1108
-1151
-1188
-1220
-1245
-1245
-1207
-1163
-1130
-1104
-1075
-1047
-1042
-1034
-1011
-966
-918
-868
-824
-820
-816
-784
-729
-682
-623
-573
-545
-524
-501
-487
-501
-523
-527
-523
-540
-575
-614
-642
-637
-616
-601
-593
-591
-571
-560
-549
-529
-503
-472
-453
-440
-417
-393
-395
-416
-458
-503
-535
-564
-576
-580
-579
-582
-590
-608
-647
-688
-706
-696
-683
-670
-677
-687
-691
-701
-721
-740
-751
-769
-780
-780
-767
-757
-758
-771
-786
-803
-825
-864
-901
-924
-916
-895
-887
-879
-872
-852
-820
-756
-670
-587
-541
-536
-536
-526
-514
-510
-514
-535
-552
-549
-562
-584
-590
-586
-573
-560
-538
-511
-484
-474
-478
-472
-460
-464
-491
-533
-579
-607
-630
-654
-665
-667
-661
-645
-657
-685
-707
-739
-790
-848
-889
-890
-842
-774
-706
-651
-598
-549
-526
-515
-525
-561
-610
-661
-694
-702
-711
-750
-800
-861
-913
-957
-992
-1006
-1024
-1030
-1010
-981
-948
-919
-935
-970
-977
-954
-931
-932
-936
-938
-943
-954
-973
-975
-955
-943
-958
-992
-1026
-1062
-1108
-1167
-1209
-1239
-1269
-1290
-1299
-1311
-1316
-1311
-1307
-1300
-1300
-1304
-1333
-1376
-1403
-1409
-1409
-1418
-1433
-1434
-1434
-1416
-1371
-1331
-1310
-1329
-1377
-1427
-1419
-1375
-1326
-1285
-1244
-1185
-1113
-1032
-949
-865
-803
-775
-796
-835
-847
-818
-783
-781
-823
-895
-968
-1008
-1021
-1044
-1074
-1119
-1171
-1205
-1214
-1183
-1125
-1064
-1004
-948
-898
-856
-820
-802
-818
-858
-907
-978
-1067
-1141
-1192
-1220
-1236
-1266
-1332
-1420
-1500
-1552
-1571
-1581
-1594
-1616
-1619
-1583
-1532
-1491
-1469
-1453
-1440
-1452
-1499
-1558
-1610
-1656
-1697
-1723
-1739
-1743
-1723
-1689
-1645
-1573
-1472
-1356
-1249
-1168
-1108
-1063
-1016
-967
-923
-878
-831
-794
-783
-789
-793
-785
-763
-729
-699
-685
-669
-625
-545
-448
-359
-298
-261
-237
-217
-202
-204
-234
-287
-366
-453
-518
-548
-543
-518
-499
-492
-493
-502
-499
-482
-485
-522
-583
-651
-721
-796
-863
-904
-906
-885
-866
-870
-889
-908
-913
-901
-897
-884
-875
-876
-908
-961
-989
-1011
-1038
-1090
-1165
-1241
-1306
-1355
-1402
-1444
-1473
-1502
-1508
-1465
-1405
-1333
-1256
-1171
-1087
-1015
-957
-930
-907
-902
-925
-970
-1029
-1098
-1177
-1246
-1291
-1301
-1290
-1266
-1239
-1193
-1146
-1115
-1062
-971
-873
-784
-721
-686
-663
-637
-582
-523
-469
-424
-403
-389
-386
-367
-320
-241
-139
-47
30
63
44
25
16
-6
-39
-67
-94
-118
-158
-206
-255
-274
-273
-292
-318
-344
-360
-366
-357
-328
-292
-283
-300
-329
-344
-357
-391
-418
-434
-438
-423
-406
-398
-387
-383
-392
-427
-483
-556
-633
-684
-727
-776
-847
-901
-919
-912
-870
-841
-833
-824
-819
-829
-855
-886
-908
-899
-871
-849
-856
-900
-953
-980
-956
-917
-909
-933
-979
-1029
-1068
-1097
-1121
-1134
-1132
-1126
-1121
-1119
-1113
-1081
-1040
-1010
-980
-948
-943
-954
-952
-938
-916
-921
-932
-933
-935
-946
-959
-971
-981
-978
-963
-941
-909
-874
-869
-872
-855
-842
-868
-914
-957
-1000
-1051
-1089
-1115
-1141
-1139
-1117
-1080
-1030
-975
-935
-916
-885
-847
-822
-806
-790
-766
-758
-760
-754
-739
-714
-679
-647
-640
-660
-672
-646
-603
-586
-592
-607
-616
-624
-646
-654
-643
-627
-648
-708
-743
-781
-842
-911
-990
-1056
-1080
-1054
-1033
-1030
-1031
-1028
-1035
-1051
-1056
-1047
-1022
-982
-961
-984
-1006
-1018
-1030
-1042
-1045
-1061
-1102
-1132
-1130
-1122
-1125
-1116
-1111
-1096
-1079
-1054
-1026
-992
-948
-903
-867
-842
-812
-795
-784
-783
-780
-763
-746
-724
-685
-645
-609
-590
-609
-645
-681
-710
-729
-736
-727
-723
-725
-719
-698
-694
-724
-773
-824
-861
-879
-865
-823
-786
-757
-718
-679
-635
-603
-585
-573
-585
-604
-620
-624
-609
-576
-552
-549
-538
-518
-517
-523
-519
-512
-519
-521
-500
-468
-436
-409
-395
-382
-350
-313
-296
-313
-357
-395
-416
-431
-448
-486
-510
-509
-495
-491
-517
-548
-582
-615
-632
-647
-682
-722
-758
-760
-743
-739
-744
-749
-745
-725
-690
-656
-620
-578
-530
-491
-488
-519
-573
-609
-621
-633
-654
-689
-707
-689
-648
-629
-619
-604
-572
-525
-487
-441
-396
-376
-375
-400
-445
-490
-521
-537
-529
-513
-496
-462
-424
-384
-338
-267
-168
-80
-19
28
72
101
108
112
100
63
-3
-67
-110
-131
-108
-71
-52
-47
-13
30
76
126
171
219
268
307
331
357
388
429
451
443
443
456
455
442
411
368
337
310
281
261
267
310
351
358
345
344
354
358
342
329
321
309
295
257
218
189
168
156
161
182
217
263
314
345
345
339
339
323
302
293
281
258
232
221
222
242
258
255
254
266
289
330
388
440
473
494
493
461
420
384
374
358
330
302
288
302
315
307
294
297
319
347
381
426
478
549
612
651
688
699
684
667
651
606
529
445
363
302
255
207
176
140
105
79
61
59
71
96
79
31
-29
-94
-156
-207
-241
-276
-310
-354
-388
-409
-425
-431
-430
-419
-390
-353
-327
-290
-237
-191
-165
-153
-131
-123
-134
-165
-208
-244
-272
-293
-308
-311
-309
-298
-284
-255
-194
-137
-94
-60
-35
-27
-33
-37
-35
-22
-31
-75
-134
-172
-170
-150
-143
-145
-134
-112
-74
-37
-10
3
26
49
58
67
64
48
23
0
-12
-10
-2
38
105
188
265
328
392
437
469
480
447
371
301
242
176
124
91
81
89
94
85
73
62
61
64
52
34
37
46
38
37
59
103
145
187
228
258
285
308
317
307
302
309
327
359
401
452
502
538
572
618
676
742
777
771
761
764
776
775
769
775
796
841
867
863
854
864
896
909
911
915
923
918
891
887
908
931
932
898
875
873
870
851
826
814
817
826
819
809
809
812
804
780
733
678
630
595
571
558
550
534
512
488
482
500
527
534
547
577
598
595
583
580
574
550
509
470
434
398
356
321
293
260
246
239
220
201
183
177
172
152
135
115
100
100
110
101
68
53
37
23
23
17
17
15
20
44
83
140
196
252
298
324
343
365
377
379
393
425
457
476
500
525
567
624
681
730
762
788
824
869
898
902
905
917
941
978
1018
1069
1119
1163
1213
1267
1315
1355
1395
1422
1417
1390
1378
1383
1403
1428
1452
1468
1476
1494
1534
1591
1675
1790
1881
1931
1964
1998
2027
2041
2026
1958
1872
1818
1784
1742
1698
1672
1677
1695
1696
1679
1660
1639
1622
1609
1577
1536
1486
1422
1362
1305
1248
1203
1171
1148
1136
1129
1117
1103
1085
1055
1025
983
937
909
890
857
818
788
771
758
745
726
702
695
692
675
624
568
519
464
408
367
334
295
262
262
289
320
354
404
466
526
588
637
681
720
764
794
798
793
803
821
808
789
785
787
786
767
720
666
618
592
591
610
625
649
683
719
749
749
727
694
657
618
579
541
512
466
406
360
338
326
324
333
346
344
330
310
286
270
250
224
203
199
196
206
223
235
233
234
251
265
284
313
331
347
353
356
377
379
359
335
349
387
434
484
527
564
588
625
664
698
719
744
785
832
886
943
993
1024
1038
1037
1026
1003
955
891
847
817
796
792
790
784
763
754
770
806
864
928
979
1006
1014
1003
985
956
927
893
860
835
821
824
825
836
861
889
925
953
952
959
965
953
934
915
887
838
790
764
745
722
689
660
654
667
692
713
732
761
803
839
868
902
935
959
968
961
935
914
900
883
882
868
849
831
798
767
738
721
715
726
732
733
734
744
750
738
711
682
664
649
628
611
630
684
740
774
788
786
784
783
781
778
772
765
761
764
772
754
722
696
679
663
632
607
600
597
580
551
518
489
461
438
431
436
426
395
354
300
238
184
123
59
3
-28
-40
-44
-24
5
41
74
120
169
212
239
249
259
267
266
261
258
262
268
278
290
301
317
351
392
419
440
453
471
498
528
539
545
547
543
532
521
517
511
511
491
462
458
485
515
535
520
488
463
429
387
349
332
320
299
283
278
286
284
267
264
276
292
328
388
442
478
517
549
553
542
515
487
449
405
363
320
267
216
174
134
96
67
48
30
27
7
-27
-39
-44
-50
-51
-47
-41
-34
-20
-25
-48
-78
-104
-126
-142
-155
-159
-144
-131
-105
-97
-110
-116
-121
-136
-150
-160
-169
-170
-150
-121
-94
-74
-75
-101
-131
-144
-141
-113
-76
-15
41
84
112
139
173
191
184
160
142
139
135
143
167
187
207
200
200
186
167
156
145
136
125
126
122
118
120
139
160
193
234
265
284
297
304
299
286
275
277
290
315
321
303
281
269
263
259
245
215
190
174
158
126
87
54
26
-1
-22
-35
-41
-45
-40
-44
-61
-50
-38
-17
21
55
97
132
162
207
250
267
261
240
206
176
162
165
165
160
157
119
44
-37
-107
-158
-195
-218
-256
-305
-324
-330
-344
-346
-334
-312
-284
-261
-262
-270
-284
-296
-294
-307
-327
-350
-389
-436
-483
-529
-544
-547
-545
-531
-501
-469
-461
-467
-475
-461
-425
-383
-333
-291
-273
-250
-207
-175
-147
-120
-99
-79
-56
-45
-57
-74
-85
-84
-85
-81
-84
-82
-71
-80
-104
-135
-167
-201
-264
-331
-373
-397
-396
-364
-326
-285
-204
-106
-14
65
124
164
214
271
316
359
400
437
479
510
533
567
599
628
637
601
561
545
528
513
486
442
389
354
347
335
317
282
249
219
211
215
213
216
220
234
248
230
208
180
132
95
51
-1
-81
-169
-242
-301
-361
-409
-437
-503
-582
-650
-701
-705
-683
-662
-671
-677
-672
-671
-656
-628
-588
-556
-526
-495
-486
-522
-565
-589
-600
-614
-624
-625
-616
-607
-592
-555
-533
-529
-529
-504
-475
-462
-447
-433
-436
-441
-451
-452
-452
-491
-524
-555
-587
-625
-644
-654
-655
-639
-649
-675
-705
-699
-684
-646
-587
-531
-483
-459
-443
-417
-378
-347
-325
-314
-308
-301
-299
-303
-306
-293
-261
-201
-116
-14
105
204
272
337
390
406
387
341
297
242
187
168
155
136
131
158
205
246
268
266
277
302
328
334
313
271
233
224
219
220
218
231
249
286
308
323
358
385
416
436
475
496
503
495
494
473
403
343
269
196
133
102
83
51
29
5
-12
-12
-5
37
101
161
223
264
300
327
349
372
374
352
300
235
216
210
199
190
186
209
220
266
327
361
396
416
447
476
458
414
348
272
225
182
148
123
106
59
-2
-36
-87
-146
-213
-245
-241
-211
-167
-158
-158
-145
-107
-56
-31
-32
-58
-103
-157
-195
-249
-340
-407
-447
-461
-431
-372
-344
-327
-286
-272
-274
-293
-343
-404
-481
-550
-588
-637
-710
-758
-793
-826
-877
-902
-905
-912
-887
-845
-801
-791
-789
-799
-821
-855
-910
-951
-996
-1047
-1108
-1138
-1155
-1173
-1184
-1245
-1286
-1280
-1278
-1311
-1334
-1356
-1380
-1378
-1389
-1392
-1383
-1355
-1318
-1286
-1251
-1198
-1155
-1106
-1075
-1021
-967
-929
-869
-813
-770
-716
-659
-633
-621
-632
-600
-580
-569
-553
-549
-570
-584
-597
-589
-552
-497
-430
-392
-355
-317
-283
-287
-247
-233
-221
-226
-261
-275
-262
-242
-196
-120
-73
-14
19
37
58
67
67
83
61
24
-11
-6
-1
-4
24
55
75
93
130
159
183
186
190
205
220
209
177
161
169
147
139
124
133
180
213
242
231
216
189
143
93
36
-17
-86
-129
-146
-178
-186
-154
-90
-4
85
155
223
256
283
319
312
306
312
346
379
376
347
290
253
230
208
195
157
142
138
128
111
76
56
34
11
0
-24
-67
-84
-92
-104
-149
-198
-219
-244
-261
-254
-257
-305
-343
-366
-355
-329
-286
-235
-177
-99
-30
49
148
232
247
242
213
208
186
159
139
111
86
64
95
96
110
106
153
204
248
297
319
388
420
458
451
454
484
471
462
437
418
423
422
470
547
589
622
635
681
732
783
860
903
931
979
1027
1081
1130
1165
1173
1178
1156
1127
1156
1139
1105
1085
1049
1040
1016
991
977
967
980
977
986
1008
1002
954
930
932
895
855
836
808
759
756
727
706
692
620
529
453
402
331
277
217
144
86
28
-30
-68
-111
-128
-143
-156
-157
-163
-162
-187
-150
-102
-100
-69
-43
-44
-29
-17
1
37
50
46
35
3
-36
-92
-121
-122
-112
-138
-175
-153
-135
-110
-89
-100
-51
-15
-10
61
124
233
294
317
352
326
287
241
239
198
199
173
103
66
40
49
25
6
11
29
6
-38
-56
-46
-30
8
34
48
83
98
116
145
105
96
60
-1
37
25
1
-33
-79
-97
-107
-117
-100
-63
-10
36
69
60
74
85
108
119
89
76
2
-45
-102
-83
-50
8
86
102
139
170
216
224
204
195
236
282
260
209
153
77
14
-9
-24
-83
-134
-123
-132
-111
-100
-94
-63
-41
-8
33
-1
-74
-66
-47
-54
-51
-46
-107
-125
-149
-194
-212
-200
-197
-156
-158
-176
-162
-183
-214
-281
-297
-349
-371
-356
-332
-305
-275
-219
-144
-85
-53
-64
-51
-17
-49
-49
-97
-188
-258
-297
-277
-259
-246
-257
-259
-234
-265
-285
-216
-131
-169
-176
-188
-192
-186
-233
-222
-209
-197
-208
-219
-193
-170
-203
-161
-102
-71
13
68
84
157
197
217
225
252
278
207
158
110
75
46
79
116
171
196
206
188
156
148
116
101
34
-4
-40
-67
-124
-214
-295
-395
-488
-591
-678
-683
-694
-695
-720
-754
-742
-759
-766
-810
-839
-910
-1044
-1105
-1150
-1157
-1151
-1215
-1268
-1326
-1299
-1304
-1361
-1386
-1367
-1333
-1346
-1291
-1258
-1300
-1340
-1306
-1274
-1253
-1243
-1236
-1261
-1300
-1337
-1396
-1440
-1497
-1528
-1500
-1513
-1543
-1488
-1501
-1534
-1470
-1373
-1342
-1361
-1324
-1382
-1426
-1407
-1434
-1413
-1393
-1340
-1339
-1327
-1318
-1354
-1396
-1412
-1402
-1415
-1351
-1326
-1345
-1401
-1379
-1346
-1311
-1294
-1274
-1189
-1173
-1149
-1155
-1138
-1110
-1057
-1016
-948
-883
-845
-748
-675
-628
-537
-495
-496
-504
-511
-543
-547
-440
-349
-286
-239
-191
-224
-155
-73
65
218
298
349
342
355
372
381
311
308
362
342
294
326
270
342
437
430
529
545
539
528
548
532
550
575
655
712
669
667
619
578
455
448
542
562
530
510
484
452
460
490
548
602
705
761
753
796
836
813
843
875
919
954
960
997
919
961
1018
1007
994
927
901
820
852
876
873
881
863
845
810
709
649
587
508
486
430
430
474
544
543
533
555
560
541
537
508
525
541
564
574
519
555
574
581
575
489
468
425
341
351
282
216
223
135
158
157
144
161
162
244
242
281
310
409
441
388
412
410
417
409
371
387
400
387
374
303
239
168
85
-29
-82
-88
-134
-153
-111
-74
-76
-58
-43
-97
-147
-171
-192
-177
-202
-148
-104
-33
-42
-44
66
47
50
16
25
21
79
174
212
230
137
133
112
35
14
31
83
67
117
111
40
45
46
8
16
9
-66
-38
-119
-65
16
-8
44
0
13
-14
-57
-139
-194
-229
-278
-244
-322
-284
-350
-390
-373
-423
-386
-372
-395
-419
-406
-430
-487
-524
-495
-466
-475
-547
-552
-522
-499
-550
-580
-553
-608
-654
-660
-694
-712
-721
-690
-628
-596
-521
-537
-572
-551
-486
-534
-569
-588
-634
-619
-627
-680
-706
-670
-678
-626
-589
-556
-504
-432
-382
-390
-395
-417
-501
-547
-609
-680
-672
-633
-601
-667
-608
-553
-548
-538
-521
-549
-598
-613
-690
-701
-682
-636
-643
-666
-666
-661
-672
-652
-681
-744
-762
-783
-701
-711
-804
-734
-678
-717
-617
-547
-534
-458
-400
-369
-428
-427
-406
-449
-417
-454
-486
-484
-517
-600
-644
-627
-651
-614
-606
-584
-576
-632
-714
-734
-707
-686
-701
-742
-650
-569
-513
-460
-448
-459
-430
-464
-460
-519
-602
-629
-625
-542
-548
-552
-555
-552
-643
-619
-548
-466
-459
-413
-346
-351
-350
-388
-342
-347
-327
-337
-353
-350
-341
-355
-288
-256
-255
-246
-258
-193
-130
-67
-41
-83
-71
-108
-153
-198
-218
-235
-294
-255
-255
-283
-347
-408
-443
-420
-444
