-2370
-2360
-1777
-2740
-1143
-96
1559
1159
1784
6009
5194
2974
1792
8012
10971
6189
5511
5958
5199
5612
7753
6578
4934
6034
2765
6342
5029
4712
7201
5819
4198
2245
1848
4381
5825
-353
2884
4199
5906
8299
-218
-5790
-6221
-7
1124
-3427
-1189
-371
-4937
-5151
-6300
-4883
-7541
-8339
-5769
-8061
-9242
-10748
-10938
-13261
-10715
-10496
-14400
-12637
-7027
-5990
-1453
544
-1925
5012
6035
6421
4174
5706
8657
4299
6448
7383
7672
8880
10315
12093
11748
12051
12380
9607
10161
10418
11420
11008
11909
7979
1777
6111
5612
6634
3777
1848
1572
1013
1732
-159
149
826
588
-1865
-4001
-6878
-7586
-9145
-9282
-9388
-9653
-8234
-10255
-11003
-11738
-11690
-11580
-13261
-13964
-10159
-8514
-8564
-13177
-12138
-4288
-4423
-5688
-5213
319
-316
-2475
-1032
1844
7469
8531
9878
10517
5575
9728
9610
6918
15054
12952
12540
15295
13106
10822
9354
9507
9780
7730
7551
6256
6185
5734
5079
6403
5836
5022
1418
-2311
-1917
-4744
-4625
-4048
-7477
-6265
-6965
-8013
-6676
-9479
-7074
-9450
-9905
-9673
-9083
-5049
-5086
-6870
-9156
11
-686
-2563
677
901
3361
-766
-1244
1803
404
-723
-3144
-3086
-2458
-3187
-433
-701
11
3054
-266
-2178
-1305
-1556
-2660
-636
1356
1229
-703
2938
3022
3430
4759
3182
2815
3051
3085
2269
3405
1252
3820
3031
-3320
-5030
-4601
-657
379
-2030
784
6861
-1139
-3305
-442
2525
9958
1015
-3418
7047
12678
7834
4856
9793
12056
5272
7729
9251
7959
6605
3459
4073
970
2549
1310
-1011
711
991
1809
1287
-3021
-5616
-7559
-7422
-7561
-10087
-9037
-11895
-10794
-9542
-9373
-4749
-6536
-8068
-10862
-6991
-7398
-6060
-2742
-3227
-2555
-497
-779
-85
3074
2337
3776
1388
1886
2767
3075
10882
12530
7234
6340
10784
10596
7448
6988
7435
7755
8225
9712
6939
4569
5126
8033
8388
6945
4784
1980
3417
989
176
-103
56
-359
-4427
-3090
-5448
-3145
-1174
-4855
-7117
-8560
-6356
-3001
-4782
-5111
-2055
-3357
-1486
-240
-3910
-4428
-11336
-8747
-364
-5986
-7167
-5570
-5597
-8336
-9713
-7766
-2244
1404
-175
8320
5980
937
8256
9520
6863
8317
7002
7113
8447
8332
12209
11881
13688
12893
11432
12110
9368
8052
7017
3523
3773
3780
2419
6694
934
1399
1367
1979
1623
-657
1769
-2238
408
-241
-79
1841
991
351
-2367
-2212
-1001
-5317
-5870
-5289
-6827
-5525
-7484
-6973
-8026
-8878
-7663
-11563
-10937
-9851
-12536
-5806
-7786
-9353
-4461
-1858
-795
-4355
-3528
-1879
-2094
-2906
-1720
3581
5013
2605
7548
4587
4924
8718
5495
6691
5416
6747
10273
11383
11137
12975
13502
9959
4840
3761
7245
8782
6370
5168
7700
4827
4440
3928
2832
3527
644
1373
3010
-297
-2607
-5554
-6586
-5555
-7469
-9649
-10582
-8463
-6324
-5837
-5600
-2915
-3547
-4508
-7322
-4345
930
-2407
-1659
-2368
-3371
-2995
-1105
-1198
-1504
-1031
-3352
-2510
-921
-2656
-2826
-1343
-65
1653
2551
3778
432
-1091
248
725
2031
3689
3183
2201
3369
3658
3119
4281
6132
3843
3487
3080
3017
3124
1826
413
-712
-1024
-602
-2067
-4095
-4351
-6307
-4706
-3347
-9105
-4256
-2680
-5121
466
-1211
-6752
-944
4215
5154
5907
6302
7529
7156
5515
6427
4053
2249
8765
5252
4218
10437
9664
5002
4337
8313
6981
2109
1274
-92
-3183
-1393
-3737
-4970
-7769
-7901
-5340
-7254
-5415
-3761
-2766
-6323
-5380
-3161
-3222
-4112
-3158
-3443
-4461
-1682
-3559
-3628
-4155
-2698
-2545
-2672
-909
-100
-325
571
4000
4650
-1817
794
11016
6950
8471
10206
10115
10346
5285
9112
8393
7116
7168
5065
7698
6580
3807
5841
5964
5172
5559
2404
3922
-934
-2897
-262
-4969
-2645
-3951
-4620
-5015
-9635
-6609
-7357
-6493
-6689
-10283
-5326
-7642
-12366
-12138
-12800
-9279
-7590
-10297
-7441
-3876
-7798
-7358
-7661
-9149
-701
-6492
-6402
4957
8911
1786
76
14187
13618
10789
10908
13001
13608
12032
11251
10545
11681
8487
8148
8906
9198
11434
11068
11148
11528
7282
5337
3029
44
1488
449
1279
-130
-3522
-766
-4213
-1330
-541
-3617
-2877
-4563
-4719
-8333
-6410
-4095
-6735
-6459
-5208
-4491
-3846
-5853
-5995
-7113
-7669
-7406
-9566
-7698
-12321
-10434
-7374
-8580
-9351
-996
1794
-765
-868
-1237
577
-2802
-1269
2020
2846
2245
5684
9362
5046
6731
7244
6153
7051
4116
5082
7141
2067
4694
3771
4255
2894
-776
3460
7590
12221
635
2976
1849
3491
10592
7084
3328
-2612
2248
4749
4242
6046
4689
-1573
2071
630
-6188
-5505
-5741
-1769
-2760
-5729
-2753
-643
-1294
-4360
313
4795
795
1923
221
-3465
-1876
-2900
-1854
-4045
-4174
-3126
-4260
-1584
-6031
-3764
-4178
-5488
-3010
-4484
-4643
-5541
-4688
-1344
-127
1744
4784
1986
5067
5383
5043
7999
5128
5731
5796
4480
7610
5397
5580
4864
2249
5272
2430
513
306
-323
1811
-215
-3578
-4420
-2812
-3833
-2593
3831
-2609
-4096
4478
1456
-177
2472
-712
-235
1085
3032
2256
336
4115
815
735
-880
-2476
3222
2345
1189
2866
2148
5687
-883
-5668
-7956
-8771
1776
-1306
-3006
-2636
-4210
-4137
-3924
-1627
-1012
-5884
-4060
1016
-687
-3547
-3531
-1327
-2357
-1001
-3516
-5475
-2702
-425
-700
-476
398
3708
3469
5636
6901
1564
1848
2897
6262
2444
6604
6117
5161
10511
3548
6552
6234
5002
7781
9531
4293
3367
4129
5371
7102
5640
7416
6002
2263
11
-194
633
-1954
-3533
-2983
-3179
-2478
-4205
-4171
-4544
-5960
-4333
-7502
-8501
-8916
-11548
-10977
-12236
-12342
-12307
-16390
-16089
-13357
-14771
-11642
-11006
-11581
-9783
-6157
-5844
-3538
4384
-2073
-231
6993
4702
8768
12936
13026
13898
11972
11526
8830
11249
19892
17181
12973
14192
15772
14389
10356
12102
12838
11127
8035
4820
7675
6662
5575
3211
-235
291
-1259
-3703
-1443
-2381
-2817
-1058
-4387
-702
-4718
-5409
-6346
-10131
-8405
-11061
-10493
-10789
-10063
-12715
-14029
-10984
-10844
-11036
-8531
-10026
-7138
-4626
-7938
-9007
-3882
773
-2644
-840
619
2296
930
243
4424
7150
6662
10035
11543
8606
12058
8367
9216
10510
8963
10753
9300
6358
5774
6085
8453
8252
6428
6485
4224
5351
1319
911
1167
-957
-879
-2668
1842
-3645
-8071
-4758
-6103
3063
-3042
-10458
-5406
-8872
-328
463
-7645
-5036
-4236
-3272
-3659
642
7756
-2740
1376
11601
1497
121
1412
4904
2160
-4316
-3112
-3935
-225
-1136
-2059
2724
2162
3311
2730
-364
1250
-1979
-3186
-3652
-7407
-3955
-3524
1898
777
-566
3298
2156
2474
1211
2877
2456
3777
3448
2594
1904
3284
1975
1531
3300
819
287
-2716
-790
-824
-2412
-7
-3659
-1531
-1019
-1512
1015
-496
-1814
-2302
6388
6393
2499
3610
3674
4675
2051
-483
893
1362
42
1139
-1515
119
-1032
-1832
-983
-5183
-2551
-5978
-5290
-5510
-9361
-7759
-11093
-6786
-4918
-5304
-6473
-535
1097
-3819
-6170
-9677
-43
5922
3690
-3130
4076
4740
3494
3989
3782
3746
-993
4774
3367
-22
707
1905
3672
6834
4498
4218
1199
5669
11763
7796
8302
6850
7168
7496
2639
5628
5550
6804
4749
1828
4567
570
5369
3289
-78
1175
-246
-1138
-636
-4670
-1676
-27
-2320
510
-1635
1728
-128
-1970
-1229
-4214
-5547
-5953
-7545
-9236
-8272
-6607
-8492
-8806
-8639
-8330
-9569
-10868
-8760
-10205
-12098
-11257
-8706
-7064
-5848
-4052
794
-157
-1682
621
3018
4682
2814
4265
5776
5714
7340
8361
9355
10912
9079
8930
7310
7411
12140
9643
9054
11873
15419
8411
6322
-361
371
7662
1458
4904
9181
2991
2117
3222
1989
4238
-803
706
3200
2345
-612
-5519
-4433
-5523
-7367
-9735
-10846
-9752
-11158
-8207
-5962
-7619
-8648
-9368
-8855
-11047
-12076
-7760
-11575
-12993
-4751
-5161
-3547
-785
-4996
547
-72
2478
5391
4399
5721
5885
8854
7749
8957
10165
8568
9793
9366
9871
11042
8309
7329
8220
7834
8335
7941
6173
6060
5711
3981
2648
3121
1393
1106
-21
133
275
-1732
-2232
-4217
-5948
-6325
-5995
-8113
-7700
-8017
-7609
-8094
-8503
-6156
-7022
-7457
-4126
-1237
-2730
-2191
2778
3925
2311
6245
2365
2258
2182
3185
2182
-673
3845
-667
3937
7096
1222
829
3025
-228
-2186
-1795
1457
739
3325
8683
6402
7669
6035
5008
2636
-51
-938
-2945
-947
2171
1214
4381
5613
3079
2844
-1170
-462
-2675
-4719
-4365
-7292
-5127
-3661
-2374
-89
-665
-1336
744
2111
3769
-3795
-295
6222
4604
7502
6775
8063
3759
3299
3357
4593
5090
1397
1948
2807
2023
103
-1887
-2071
599
-3182
-3235
-4215
-7395
-6663
-8324
-6923
-9735
-10426
-10056
-11134
-8608
-8622
-9640
-10053
-8444
-7312
-2619
-4006
-3449
-3750
-5350
912
2230
3362
651
590
2613
785
3595
6597
5943
7178
8104
12979
11408
6024
6138
11220
12774
7208
6789
8023
9707
10528
10392
10072
11203
11287
11788
8667
6658
7775
5113
4019
2182
3192
479
14
-996
-7377
-4854
-5831
-5838
-4301
-7884
-7038
-6353
-7736
-8007
-8898
-7729
-7846
-8699
-8537
-7925
-7268
-6552
-7748
-9637
-9649
-9479
-9956
-9678
-7753
-10319
-7109
-2808
-1661
-4021
1629
4967
883
1614
4330
10893
6971
6803
8353
8003
8942
8842
7578
9446
10036
10326
7814
5881
7736
6447
7561
3843
7100
7969
3094
570
-1738
1639
5393
-190
-1643
1253
4318
5586
811
184
1184
-619
2415
908
4815
6691
1591
-2731
-1624
-793
-5073
-8041
-7199
-8245
-11548
-10872
-10161
-9627
-8298
-7838
-8912
-8595
-4914
-5945
-7906
-9341
-3896
-3527
-2364
-2327
-4782
-2778
1001
565
1343
4227
7152
6822
6299
6469
5915
9844
8775
7234
7449
8213
6398
4528
6215
7348
7482
8891
10493
8795
9795
8020
7767
6842
2038
3647
185
-154
676
-1540
-669
-2530
-3728
-4825
-4729
-6561
-7437
-8276
-8909
-8983
-9343
-8424
-9989
-12244
-8652
-6532
-9169
-7508
-3845
-3590
-4064
-2971
-4297
-6194
-5582
-4477
-1912
-558
952
4524
1809
3061
4016
3019
1574
1848
-839
-1268
8457
7936
979
4209
6865
-1617
4108
5103
8083
10096
4711
12362
11698
10437
7206
2505
4295
5721
1820
-378
729
964
2856
4047
3163
-1046
-3464
-5982
-6978
-9320
-7589
-4916
-8826
-4109
-4668
-929
-1669
-4564
3654
1975
-1414
-2477
1126
605
-981
322
2138
6434
5090
6660
4643
3147
4793
938
1681
-655
-3051
-3001
-4121
-4956
-5594
-4170
-2742
-4457
-4028
-3717
-4610
-3100
-4634
-3755
-7621
-7075
-4006
-6120
-2408
-1663
-4122
-92
-624
-22
275
-3248
-466
-646
-564
-3860
-3930
1880
3335
5737
8113
12395
12929
3972
5455
7593
9651
9738
4929
9544
12484
11863
7488
5597
10668
8263
5262
8169
8166
8325
6161
5070
3791
1759
2035
-185
-3797
-3121
-2151
-2601
-2298
-3430
-3436
-3611
-5315
-4893
-8135
-6869
-7425
-10740
-7539
-10809
-9561
-9044
-10997
-11669
-10647
-8614
-9428
-8876
-12037
-8365
-3372
-4706
-985
2314
2255
5808
6226
4077
3556
7404
12063
11138
8948
11416
9582
9186
11785
10909
12761
9981
9340
9836
8224
8495
5474
6065
2871
2737
5506
1905
1016
-1832
-2458
480
-2485
-2139
-2690
-3838
-1397
-933
-4439
-6724
-3477
-198
3605
2442
-1641
-1505
-6488
-3687
-143
-5185
-5725
-7004
-7945
-7992
-7350
-2683
-4013
-5574
-2823
-2677
-2387
-5393
-6295
-4035
-73
1248
-3164
-1199
4120
3601
5832
9118
7912
9097
8214
9091
6276
6332
6276
3863
6520
3558
6423
6297
6253
5859
2678
5625
3501
4635
6166
3991
4100
2147
4519
3920
1432
4000
1506
1173
1047
-503
173
-1595
-3137
-1908
-3477
-4877
-4084
-5056
-4729
-5745
-5057
-7093
-8235
-3829
-5544
-6301
-7544
-8184
-5596
-1398
406
-2463
-3023
-2827
-4716
-3653
-4727
-4070
-1264
-5203
-2499
-3424
-4213
-5111
-4129
-572
-397
1943
5728
8680
2112
1077
947
5512
6668
4249
7299
6536
8569
8889
6195
9175
10349
5765
6549
7999
7647
2650
703
1744
242
58
-3767
-2284
-1725
-4167
-1797
-2375
-4591
-4844
48
2048
649
-2512
-3015
-174
2664
2562
-27
1101
-468
2880
-1455
-369
1540
131
1182
679
217
-796
308
889
185
361
787
246
443
-1041
-4010
-4257
-3619
-4131
-6023
-6615
-4368
-6129
-3503
-4539
-5648
-2615
-726
319
295
755
-1155
-1089
-1417
-211
-2465
240
-1882
-3490
-421
-3395
-2017
-3387
-2122
308
1303
22
2864
1075
3000
8877
6854
12031
9993
11210
12616
9636
6611
7104
8062
6648
13215
13274
11091
8619
4387
6739
9706
6205
6940
8939
4039
-63
-1071
19
-647
-2594
-4809
-5352
-4514
-5099
-5600
-4735
-7220
-8316
-9186
-11607
-11229
-13846
-13126
-13591
-13336
-11475
-12096
-9627
-13869
-12621
-9610
-8340
-8040
-5058
-3740
-992
1135
4881
5252
1823
7163
10288
10448
10679
11957
11320
10158
11482
10801
14376
14223
13014
11810
13380
12134
10451
10443
6223
4552
5158
5966
5214
1289
1019
-453
-775
-2983
-4100
-4217
-4261
-2640
-4074
-5422
-2991
-4264
-5636
-4116
-5873
-5878
-10386
-10550
-9405
-5072
-6281
-9091
-2466
-7404
-9648
-12242
-9027
-9180
-11523
-9136
-3371
-3078
-5649
-5718
-3116
7965
289
2359
8233
8046
9219
5276
6528
8276
9067
9168
9852
9661
12915
13492
12645
11677
10892
11438
9018
8141
5914
2253
3152
1044
2041
2884
3372
6844
269
69
2165
1171
1232
-18
85
-1808
-1383
442
81
-1776
-1462
-1740
-3043
-2799
-4536
-7139
-8631
-8797
-10040
-8448
-8353
-7185
-2571
-5087
-8404
-2671
1072
-1050
-2473
-3219
-3411
-6148
-5144
-3433
-2279
-1284
-3473
-1330
-1238
-773
-2291
-2794
685
-2043
2685
4146
3718
5585
4650
4661
3637
6403
9544
14466
9995
9029
6469
4769
11023
7028
8194
8217
5825
4325
2498
7015
9091
3613
2096
-1258
-1810
-2336
-5215
-3685
-5048
-3979
-5610
-5460
-2261
2658
587
-3831
1347
2752
673
-332
-1233
-1504
-2842
-2831
-363
-52
-928
84
-741
-40
-610
-674
-619
-713
-1171
-2153
-2904
-3439
-6864
-4195
-2934
-3312
-922
-3609
-234
-2864
-177
3085
245
2529
4122
2784
1486
3456
3813
4253
2738
544
-711
-385
389
-1041
225
-1671
-1653
291
-165
-188
-1224
3391
2749
-1577
-137
6110
4514
-625
4462
2291
323
-344
847
4397
7568
4933
2105
8741
8425
8110
9641
9488
6305
-216
2266
2801
3499
6292
1148
818
1664
-3329
-4795
-5746
-3273
-3260
-7025
-6272
-7434
-6417
-4910
-4775
-5775
-8363
-7716
-9000
-12011
-14263
-14283
-9964
-6859
-7844
-4443
-4730
-3889
-4036
-912
872
969
1142
-1012
6384
9850
7529
8993
8768
7496
8353
10581
13066
12063
10511
13381
12690
11473
13076
9317
8210
7233
6605
5921
3003
1084
-1965
1351
2335
3033
2158
-494
1098
323
-1910
-3645
-6537
-8160
-5787
-7161
-5991
-8468
-10016
-7383
-10300
-10792
-12647
-11575
-11655
-13890
-15110
-18267
-16045
-10477
-12539
-5494
2320
-4443
-3983
-4054
8439
5381
-62
5892
2405
9889
9993
8051
14011
14947
14084
13399
14992
17083
13026
11690
12364
9722
8870
7109
5086
2812
3782
8022
6285
5623
4127
2088
3828
1757
-3595
-1408
-1156
-1463
-1847
-6591
-3833
-6111
-5602
-6912
-8667
-7457
-8437
-6876
-8663
-6984
-5205
-5803
-6485
-5154
-2422
-406
270
-1092
-6302
-4180
3925
1747
804
1396
642
286
-2088
-24
219
-1158
1723
1115
1622
-453
1226
2009
-1614
500
1816
967
1678
994
-215
1653
1348
2659
1243
486
2953
1270
1040
1709
2526
973
-2056
1000
3754
6492
5458
2075
2693
-1199
799
5118
-2297
-4298
-4729
-4930
-2559
1227
6036
1921
5153
8682
-321
1984
7127
7034
5143
4963
4265
-593
-416
5489
6680
6713
5830
6525
3224
845
1295
-1193
-1027
-2452
-1788
-3461
-3218
-6702
-9661
-8947
-10222
-8457
-10624
-11413
-10179
-5028
-6233
-7107
-3897
-3098
-2397
742
924
-1341
1769
-578
465
-279
744
3442
1913
2948
1360
3894
2938
404
1880
-197
2455
3703
1779
2542
4762
8001
8778
5280
4108
3683
2145
4743
3832
1920
2347
2561
2792
725
1828
2556
280
1784
1097
863
-3440
-5456
-4627
-3768
490
-1320
2695
593
-236
1863
-1883
264
-1518
-8857
-7625
-7306
-4501
-2636
-5088
-6422
-8019
-9538
-8865
-10786
-2670
-5930
-10850
-968
-331
1500
1102
-936
817
267
-53
-5308
-2345
5846
6853
8357
11753
11207
8536
9873
10315
8061
8721
8896
6374
7637
7555
7593
9784
10083
9041
5530
6387
4914
3421
2345
818
1775
2969
2654
1128
2572
1571
-623
-701
-2009
-3087
-3387
-2103
-3088
-6455
-5744
-6863
-6480
-8367
-11759
-11211
-13076
-13254
-12706
-13473
-12143
-12257
-11278
-10949
-11361
-6888
-9744
-10985
-7960
-3154
25
-4887
1511
4233
638
5522
7541
10368
10714
9598
14122
13109
11010
13872
10220
13059
12842
10698
14893
15973
15785
11786
13778
11652
7428
6600
1399
1882
5053
1273
-519
3094
2923
5384
1838
3278
866
-2649
-3773
-6222
-6928
-8681
-9521
-7751
-7629
-12830
-9272
-11623
-9081
-8213
-9525
-5891
-8711
-8435
-10365
-2836
-251
-3207
-1538
-3138
-2333
-1433
-898
649
1347
972
1272
489
387
-269
776
-1473
-325
4020
2882
6906
9588
2161
4533
6145
5831
6465
4909
8256
6233
5468
6633
3921
3933
997
-242
-288
-1135
366
-4157
-851
-2436
-2388
-7585
-11559
-6306
-5859
-5991
-6159
-784
3980
4719
2349
1081
-3670
3845
6013
791
7605
6921
4527
3397
1575
5914
6808
3987
6061
5778
5557
2180
342
2875
-687
-1842
-3509
-2862
-517
-3683
-2969
-6787
-8037
-5473
-6906
-4834
-6070
-4603
-5942
-6418
-1180
-1091
-1144
743
-1622
-151
2060
-837
1329
-431
-133
-874
-637
1386
-1428
2467
2251
4778
5108
4057
10596
6571
3014
5224
9273
7198
2956
5969
6610
3759
5999
5742
6675
7261
2667
5076
3245
1264
1660
-107
104
-1373
-1377
-353
-2964
-2135
-6787
-7882
-7868
-7212
-4818
-9676
-5531
-5150
-9083
-10827
-12420
-12233
-6133
-6459
-4560
-3632
-8484
-7154
-9754
-3604
-1942
-8998
-11429
-6764
-913
-5833
-3279
6225
-220
599
8699
9072
7155
2402
8088
10426
9949
12178
7182
8344
8882
12381
14327
11388
10703
9204
8986
6174
5818
1706
4040
2595
2307
1659
-947
2811
-902
-2180
-2607
-976
-4378
-2964
173
-2318
-1472
-1305
-2319
743
527
-271
-2076
-4982
-3243
-6299
-4789
-7029
-9251
-7332
-9449
-8993
-8127
-9291
-6327
-7488
-8139
-5906
-4840
-4103
-10527
-5743
-2161
-2085
-2481
-3165
4517
1599
1189
5895
4372
5800
6693
8023
9609
8082
8719
7940
8209
11381
9165
3183
4352
7234
9200
6305
8971
11747
7892
5883
2094
6166
6521
3024
229
1069
4132
553
702
6829
1011
-842
2703
-1464
-1531
-3978
-6699
-7734
-9311
-8628
-12012
-9227
-4738
-4321
-1392
-2618
-6515
-5210
-1207
612
-2851
-3075
-3042
-2432
-4607
-5803
-3587
-2477
-1094
-741
-2041
-1836
901
1452
265
-1577
754
4101
3227
8136
6346
3663
5187
5209
8740
5710
4215
5221
5870
7862
5208
2953
4690
3000
2584
2363
843
433
-1929
-2270
-3771
-4278
-7273
-7155
-5400
-8890
-7387
-7671
-6991
-6244
-7355
-2572
-1014
-6872
-2407
4205
4383
4540
-999
2597
3833
6874
10904
3699
5742
4172
6480
8849
-1143
2631
3531
-1054
3944
3253
5464
2313
585
1021
-3968
-3917
-7028
-5464
-3875
-5057
-6790
-9005
-3138
-1021
-1438
4555
1801
1253
2337
-16
-141
-3473
-2205
-2705
-5297
-3109
-2493
-4628
-2129
-5368
-1562
-1175
-938
968
3925
4348
2454
4730
7225
6437
5244
5796
6380
8582
7149
9346
9676
8265
10365
6772
8077
6528
4549
5498
2076
1961
2801
2571
1957
-1115
-588
-2777
-3516
-1987
-5966
-5569
-5605
-6600
-4804
-8600
-8713
-9687
-10924
-7146
-13622
-11314
-12133
-12941
-7720
-10621
-13697
-14469
-10072
-5718
-3725
-670
1667
-600
600
2419
6763
3098
5016
8550
7248
15138
14804
10365
15467
16371
12704
13720
12192
14162
10997
9572
9341
4423
4692
3369
5744
6986
5903
11045
8655
7190
2181
-277
1658
-2163
-3461
-3374
-6378
-3632
-5400
-4755
-3587
-6404
-2904
-9051
-7688
-6675
-8720
-7186
-9724
-7914
-10189
-10411
-8710
-10225
-9346
-8779
-10777
-8134
-7947
-4382
-5454
-9047
-4159
-5049
-879
-1241
-1184
2711
1411
6235
7226
6636
9712
8643
10454
12465
8243
11330
8821
10222
10535
8529
9367
6692
7522
5552
2362
1357
2734
4923
4743
-338
-4309
-2476
2256
2667
921
5746
7067
834
-1790
-6349
719
7245
-3954
-5901
171
489
-3892
-750
-1831
-6025
-4846
-3406
-3468
-113
-4491
-7902
-5685
-2547
1722
-4014
-2572
-312
-112
-2436
-2437
-333
-1707
-1889
-2092
-4151
-757
-2120
-5802
-1226
-3025
1352
1435
2647
3477
425
3080
1507
4186
5779
4562
6619
5128
8000
9440
5347
8132
8435
8119
8384
5942
6019
5736
5055
2196
-1782
-1968
-1790
-1586
-2882
-4176
-5402
-5808
-3498
-5098
-4201
1015
-2647
-4093
-3209
-408
1188
-4151
91
-2653
-5307
-2812
-1070
1190
513
-170
-2367
-1461
-387
-2724
-7999
-6936
-2105
947
-761
-847
-355
-1513
3556
-656
-5899
-7587
-3397
-1481
903
4647
-282
-255
2668
1181
4049
7900
2994
6823
8158
5953
2556
1267
2590
-167
979
-1865
-3390
436
2481
1883
5039
8949
2824
-624
2997
2910
3527
2977
3575
5569
1317
4972
4277
3977
7210
3914
3289
3445
1880
418
1314
825
1759
-774
74
1569
347
-811
-4386
-2893
-2548
-3539
-4963
-8200
-6383
-6666
-8214
-6291
-7115
-8995
-8612
-8208
-8559
-8473
-9729
-9595
-10932
-10083
-8097
-9419
-6730
-6250
-4864
-3942
-3684
-3208
-145
4595
-1005
-383
5171
7853
9216
7706
9612
11454
9050
14176
15220
12541
17079
17070
14705
7246
1672
8237
12818
8522
8389
9099
8390
6256
1944
1308
3840
2619
3410
6074
3525
1869
-145
-1921
-4526
-6351
-8158
-10263
-9281
-6051
-6887
-8068
-8597
-8982
-10772
-11965
-11874
-13984
-12375
-15578
-14957
-11632
-13437
-12660
-4612
-4671
-8987
-3829
-1707
850
2402
1437
2737
8175
8063
10160
13767
13697
14118
12517
12344
12048
12312
13768
11970
11181
11501
9999
9260
9383
7342
5208
4033
2591
2122
2073
-1126
-3882
-1303
-2679
-2176
-2630
-4359
-5392
-6036
-7881
-7163
-5079
-8143
-7836
-8038
-9825
-10853
-12825
-9497
-4728
-6422
-2709
377
-4711
-4519
2475
2182
-8220
-2793
4224
1908
4958
3385
873
960
3581
3412
2093
681
2135
5126
-204
-753
2129
2321
2592
3646
7345
7739
7797
7945
4639
5104
5130
3755
3978
5144
2348
2710
3835
1283
2193
1159
1140
403
1088
-2349
-1522
-164
-1944
655
-8730
-5183
-2142
-3236
610
-3298
-2335
-2264
-1626
-604
404
893
-3856
173
6008
1408
5900
6349
4283
5389
1939
4178
1711
895
1999
-233
583
-890
-1140
-82
-3618
-4755
-4765
-4651
-2410
-6199
-6659
-7934
-8925
-4231
-5980
-7108
-9798
-6969
-3580
-4169
-1441
3945
8191
3276
2019
2683
5632
7415
-2652
-239
8358
7424
5322
5363
3788
1351
3457
2043
1787
2788
2997
3891
2357
3029
7651
8111
7575
7119
8175
7967
5840
5068
2765
3108
3017
5117
4264
380
3588
1445
987
2270
-2427
1846
-1353
-2196
-1778
-4753
-3903
-6617
-3452
-2728
-6958
-3143
-5376
-4288
-4296
-6553
-4370
-4897
-3403
-4204
-6485
-5919
-8906
-5530
-7578
-11448
-4604
-6611
-3621
-133
-2744
-1451
-3856
-1136
1417
1057
3637
-504
4987
10779
8152
7183
6275
8302
6565
6385
8486
4561
5949
9804
8844
9312
6106
3751
1285
5774
8803
6605
15564
6562
162
-2016
-2201
13258
6205
-4175
4156
9500
3473
478
3389
4151
-442
1827
1713
-4501
-4396
-7408
-8565
-6712
-6630
-8922
-11066
-9046
-6880
-10767
-10189
-12474
-10458
-8967
-12491
-8550
-8219
-7543
-10921
-10605
-2085
-2315
276
4081
2718
4828
1729
5250
5023
6696
10359
8368
9650
9295
9917
10700
11841
9116
10231
8101
10124
11432
7510
8953
5785
9157
10188
7140
1604
1961
6311
1756
1560
1750
-336
-554
-1002
-4308
-3995
-5059
-7416
-6410
-8466
-10187
-11071
-10977
-12719
-11482
-9502
-7933
-8160
-7148
-5621
-5508
-9522
-13560
-6317
-1918
629
-2294
2091
3116
1606
5654
1968
2
499
7093
3226
1313
4975
6711
11208
10955
7418
5800
7314
6091
3881
2418
10791
12243
9494
14030
11408
8434
7485
3685
1556
-330
-3820
-1947
-299
-20
1160
2508
4859
-1751
-5421
-5014
-7588
-5386
-7775
-6954
-7267
-6584
-2991
-2929
-350
2520
-887
-3034
491
5823
4660
186
1847
1038
3727
889
593
2839
1970
405
-323
175
-1163
634
-1789
-2721
-2797
-3518
-3815
-4207
-7369
-9554
-4786
-4399
-3030
-6600
-6222
-1086
-2883
343
630
-1123
708
-340
562
576
-216
3826
2725
-361
164
3600
5810
3756
812
167
5573
3408
556
1457
592
4766
5334
3380
8151
15952
12929
12013
11603
8849
6972
4103
5707
6135
5256
3332
3669
4692
4613
3881
2961
1907
1397
-589
-3202
-3500
-5753
-8284
-6964
-6515
-7082
-8519
-7931
-9528
-10673
-10269
-11063
-9931
-9837
-9454
-8055
-10595
-7313
-6704
-6418
-5801
-9466
-2200
-3039
-4175
288
-2610
-3129
-2278
-348
1626
4315
4275
8704
7251
6283
5630
9693
12285
6617
9987
10035
9880
8877
6799
8732
9255
9352
9014
4310
4979
4551
4142
3385
1739
2689
-663
-206
90
-3635
-4705
-5945
-3627
436
3967
1240
-2890
-3342
-6841
4040
6385
-7721
-10187
-3692
-6351
-2577
-913
-2642
-2169
-4343
-2421
-8848
-10988
-8558
-9504
-12898
-10074
-10292
-11196
-6145
-222
-4818
-7205
2482
2390
2616
3759
3736
5617
5412
3858
4034
7017
8597
8676
8297
10497
10118
7455
8613
6026
7300
9243
6369
7062
5535
1453
1687
3140
4008
721
-770
1913
550
1246
1413
-726
-1294
-2626
-3020
-6118
-7160
-6551
-7647
-7527
-7551
-8092
-9055
-9308
-9802
-9838
-10609
-12795
-12760
-10758
-10551
-10572
-8899
-10843
-9466
-8870
-4396
-3763
-8543
-3634
-4938
-5090
-7041
-7069
-2404
688
2062
994
2526
4905
9216
5053
4344
1484
2181
6631
9940
12221
6409
7416
7048
5828
7064
8584
6645
6251
7653
6907
2014
415
2961
323
-1199
-3285
-3458
-5575
-7725
-3187
-3477
-5684
-5927
-5068
-9307
-10440
-13290
-10049
-9570
-11983
-9221
-8144
-5313
-9248
-6776
-292
-3309
-3161
-2954
-1560
-4415
-3122
-71
-1565
-423
1610
1362
1823
447
28
-875
-954
-1317
-4313
-3911
-6471
-7271
-6717
-4435
-3519
-6083
-3280
1498
-644
280
1058
-1390
-216
-1669
-1709
-2327
-2206
-2082
-4244
-2847
-2785
-3367
-2531
-6657
-5534
-3638
-6995
-6916
-6661
-7725
-2044
-2740
114
541
2357
5053
1340
5147
915
2141
7748
4222
7127
9204
9534
7595
4101
4566
3919
4644
4601
4170
5144
3776
2090
590
-498
-2785
-5460
-5767
-4935
-6164
-4858
-8369
-8177
-5323
-9086
-8478
-10487
-11747
-11910
-12969
-11169
-9976
-11962
-13902
-12730
-7387
-7882
-7789
-5835
-8214
-3984
-6224
-5727
-2911
-3484
926
-6
4741
7481
1773
399
4396
8558
6554
4632
5096
7217
5381
6977
7013
6855
5435
2143
4843
2750
3977
2133
972
887
-1879
980
-263
-2323
-2943
-5695
-3201
-4412
-3534
-2850
-6501
-4852
-6568
-4561
-3446
-7900
-9475
-10686
-6325
-472
-7272
-7439
-7705
-11562
-3188
-9673
-13429
-10237
-12682
-10925
-11238
-6912
-6412
-5494
-6883
-5100
845
-1397
-1290
-454
2974
4573
2571
3081
7478
5827
8605
11672
9669
12565
8230
9019
8286
4250
7427
4126
3731
4418
2155
2846
578
1273
-3449
-5430
-421
-432
646
-823
724
864
-2230
0
-2614
-3418
-1300
-3795
-2068
-4553
-4771
-4746
-9658
-7037
-7605
-9224
-9110
-10940
-10036
-11434
-11763
-10724
-13739
-11947
-10034
-9975
-8822
-13338
-8402
-4774
-9153
-7469
-8185
-6714
-5993
-6558
-5218
-2949
2088
-731
1701
4291
478
3808
3893
2461
6616
5805
7930
6896
3909
1499
5994
12266
9120
8016
2425
3289
6558
2451
9595
8743
5930
10021
2867
998
1276
-2855
-3802
-3649
-2613
-6176
-8318
-5283
-4583
-4489
-3910
-7271
-4489
-6457
-6546
-4059
-8850
-9721
-10461
-1149
-2352
-4533
-1600
-3439
-2157
-6267
-5959
-3684
-5168
-6258
-6177
-5239
-4291
-6002
-5389
-3745
-3838
-149
-3313
-2926
722
-2742
-83
1901
1792
-999
-1209
2518
872
3488
3674
2292
3517
3222
5112
2334
564
466
-1981
-806
-1499
-2899
-3107
-6305
-5529
-3688
-4835
-8216
-9398
-4977
-2804
-5789
-4743
-9291
-7902
-1118
-2068
3007
1537
5697
7909
3510
4913
820
5538
6799
914
-2340
-2235
7530
1029
425
6971
132
-1527
-542
-1720
-5677
-5693
-7672
-9597
-7952
-7804
-9178
-9925
-7476
-5691
-7366
-9608
-8624
-7176
-7675
-6946
-4922
-4175
-4115
-4453
-4541
-3579
-3220
-5203
-5095
-2813
-7495
-3942
-2540
-2779
6019
336
2432
4226
7133
9075
6536
9970
6969
6403
5402
6239
7846
8440
8082
7676
5865
7642
5353
1532
2528
17
457
-821
-1257
-3066
-3249
-3560
-3969
-2394
-5494
-6467
-6324
-9560
-11994
-12216
-12058
-12797
-10707
-11190
-13852
-11516
-15049
-15882
-14114
-16137
-17779
-15232
-13628
-8593
-10906
-9472
-2373
-6411
-4808
-2250
5424
7024
-896
-1042
10162
13941
11162
9904
14336
13713
11471
15977
15162
16788
11842
9673
8902
7664
9181
7370
8311
8834
9262
9342
4843
3499
504
-1179
482
-2230
-3871
-4591
-4525
-3549
-6104
-5064
-7995
-7229
-5869
-11055
-7967
-10087
-10056
-10027
-10825
-10346
-10733
-9637
-9283
-9081
-10347
-10689
-10240
-10565
-11088
-11760
-10193
-8329
-11950
-12336
-2722
-1936
-3866
1045
-1390
-3240
-446
3639
4303
5367
8743
6140
4716
6160
5964
6378
5236
4812
6561
3990
6481
4664
4372
3245
1007
4211
1812
3520
3939
1117
670
-1328
959
3914
-344
4541
5890
503
-2536
-4417
-5589
-2930
-3064
-8478
-5369
-1585
-6591
-8988
-2897
-4464
-6424
-5321
-2517
-1018
-3038
-6746
-8813
183
-2370
-5918
-2485
-3079
-3302
-2217
-1683
-2277
-2454
-4913
-4638
-6320
-6119
-5551
-4325
-2834
-6086
-7316
-6412
-2765
-2427
-2905
-1637
-1117
-319
387
399
2893
1845
2452
4562
4322
6417
6666
5156
4969
3484
784
1189
-363
-1441
-4308
-4396
-5083
-5564
-5165
-7480
-6532
-5582
-4748
-4823
-6254
-4033
-3539
-6389
-2677
662
-583
-2954
-1589
-814
-4577
-1252
-54
-1053
754
-2616
180
-267
-903
-1813
-3652
-971
-112
1640
-387
-972
2789
3215
-8231
-9022
-7707
-3601
604
-5882
76
-655
-6395
-5323
-3674
238
707
862
2085
2965
2423
-726
-1715
-1920
-1321
-1846
-5272
-958
-1086
-4644
2101
-235
1035
2778
5524
-1239
-2383
6449
1859
972
-2762
1619
473
290
3647
5285
3951
1812
3568
1692
2650
527
2129
1092
3623
4587
3450
4692
2878
-1750
-3063
-3773
-2795
-3743
-5987
-2675
-5937
-4608
-3564
-6032
-5400
-7855
-8428
-8549
-11050
-15118
-18980
-15860
-13475
-15120
-13709
-13750
-12525
-14177
-11433
-9989
-11799
-7062
-2665
-2143
-1521
-6090
-5105
8935
10667
9137
13092
9878
9381
9076
11983
14442
7796
8279
10725
15455
11715
8160
15158
10779
8163
7012
8062
5902
2867
1356
-5315
-37
1613
-2553
-790
-1997
-396
68
-2114
-2221
-4824
-4473
-6300
-8846
-6823
-8448
-8955
-10188
-13015
-13678
-12078
-12568
-12564
-16780
-17284
-16858
-15264
-14324
-10962
-4934
-11396
-15769
-8313
-1705
-1162
-1893
-2580
-971
-603
3712
5403
3794
5106
3326
5125
5226
5662
6131
4077
7816
8563
7678
8249
4963
5933
1515
995
4990
1994
2065
691
2388
2296
-1118
-3524
-8272
-3966
-4788
-6665
-4446
-5251
-4578
-9906
-10430
-7957
-5420
-3902
-2318
-4382
-6429
-8139
-7672
206
-533
-5009
-7258
-2461
-3658
326
12525
5842
714
1935
1738
832
-1171
-1198
-2343
-2664
-499
-3849
-4235
-1176
-1068
2
-159
84
-4133
-4006
-2288
-2840
-4437
-4447
-1628
-1309
-1999
-3745
827
2
-446
225
-2630
-265
-758
-875
-2613
-2081
465
-1408
-663
349
378
-915
-832
998
-4174
-4310
-2376
-4104
523
101
1412
1104
-3139
3529
7295
3881
2786
2636
858
-363
288
1954
1079
-301
-347
-1366
-1643
-3296
-1660
-2641
-3566
-3355
-4246
-4646
-4958
-7599
-11577
-13185
-11890
-10093
-12169
-12182
-11320
-8740
-5633
-2098
-5442
-6176
1240
-259
-3300
-7198
-6905
1215
2392
-2462
-1577
2763
-167
-4355
-1215
4977
1176
-584
6144
7281
4952
6694
1733
-1229
7260
5511
2917
6198
7775
1023
2991
8749
9924
9843
3874
4801
-1684
-15
1605
-392
2385
1014
333
1478
726
-2304
-2353
-4015
-4190
-5237
-6314
-5548
-3519
-2054
-3041
-2097
-2698
-5298
-7498
-9566
-12247
-12737
-12319
-14494
-14172
-15696
-13541
-13331
-14842
-13510
-13696
-12257
-14863
-11160
-10358
-8952
-678
-1560
-2170
-3588
1828
5543
1698
4835
3422
3509
7097
6691
7459
7760
8793
10297
9415
7195
10702
8882
13087
14412
7363
8190
-216
3586
5617
-3853
1838
3557
993
1372
5498
7751
3380
2785
4688
1088
-3426
-4980
-6394
-7811
-8102
-8549
-8339
-8602
-9391
-8141
-6833
-8649
-14410
-14524
-13420
-14361
-13396
-13612
-13418
-11446
-9101
-12516
-11858
-7174
-8725
-10152
-6040
-7088
-8205
-5553
582
634
3681
6452
5954
7783
9714
9815
7649
7570
7459
9484
8589
8591
7872
7510
5779
5246
7023
7181
5654
4704
4974
6028
5199
3030
2023
-5549
-4632
-2473
-4897
-4217
-7663
-6073
-5978
-10312
-7604
-10553
-12253
-8997
-13528
-13226
-8075
-9445
-11154
-7773
-9291
-9269
-3490
2305
1035
-1606
-3296
-3944
2267
4079
-3502
-4801
1036
774
44
1409
2018
759
759
-799
-580
-58
-1074
-3775
-4278
-918
-3857
-3058
1602
1256
2730
5780
5400
5691
2457
2844
1240
-1725
88
-1477
-815
-1175
-704
-255
-3201
-514
-1761
-4556
-2677
-6373
-3717
-5368
-9172
-2185
-5459
-3502
499
-2323
-5494
-2147
3894
1914
509
4447
3115
2251
1306
473
2976
-1466
-2223
-1240
-1684
1159
1180
-646
-1196
-698
-3662
-6879
-5479
-6999
-11087
-10919
-11137
-8735
-9613
-11928
-6517
-8709
-10571
-4688
-8586
-10701
-6499
-6220
-8263
-10285
-3662
-2064
906
1809
2307
3672
-311
1043
-449
2691
1092
-397
1920
5788
11610
7744
2388
7147
11757
8269
10582
11485
9117
8565
1013
3051
5013
3803
5337
1872
4996
4506
3891
4945
-9
2
-1061
-2869
-1809
-3798
-3745
-10024
-10944
-6712
-5965
-5540
-6955
-6613
-6499
-9016
-9252
-7685
-10420
-8898
-10546
-7592
-8896
-8735
-7138
-10983
-6833
-8317
-9500
-9174
-11454
-11812
-9122
-8300
-5402
-5374
-3700
2580
3195
2249
861
6113
7386
4959
7202
4199
5686
4900
6227
9078
5944
6745
5115
4939
5808
2234
4285
6681
2316
2082
11
2462
-528
-6666
-3928
-3413
2896
89
2316
3910
4113
4732
-938
-3921
-9269
-5081
-2425
-5828
-2376
-4003
-9657
-6403
-5147
-7591
-8273
-9171
-4110
-7603
-10234
-8874
-11304
-9833
-9595
-7160
-7701
-12762
-8142
-3191
-3389
380
-1518
-5876
-1649
-3819
1770
2655
4319
3766
2338
6970
3495
7850
5753
5501
8686
6391
6298
6306
4861
3253
1471
2804
4462
2305
4219
3952
5502
4767
3138
-2132
-3629
1089
-1477
-1780
-3977
-7613
-5947
-5341
-6896
-6280
-8692
-8535
-7209
-10566
-10155
-11718
-9484
-8501
-9969
-6405
-10029
-8115
-6809
-6304
-4389
-3322
-3742
-6145
-5477
-6730
-5520
-3795
-3450
-7756
-4395
-946
409
580
377
4372
-194
-177
-4443
-3386
4861
1243
-2209
2506
3952
2442
1591
2666
7476
6221
4754
5530
8524
4966
2404
2943
708
814
-1750
-3156
-2650
-1913
-909
-2903
-3413
-4817
-8789
-5360
-5325
-7739
-4607
-3685
-4267
-7756
-6291
342
-1362
-146
731
634
1113
-324
3197
2070
2069
2011
-735
1203
-754
-1088
145
-1830
106
-80
-1811
-2838
-3920
-4354
-9841
-9890
-7076
-7211
-6987
-9121
-9721
-7337
-9494
-11452
-7376
-8517
-8375
-4730
-4981
-7541
-7819
-5959
-8492
-5638
-7762
-6675
-5133
-6993
-4165
-5609
-5065
-3488
-5240
2003
3874
105
3953
4323
12815
8353
7092
8204
-653
5844
3980
8501
16003
9382
10693
10048
8849
6407
3501
5193
3272
1582
-418
-3318
-1982
-1044
-3864
-4042
-2181
-2020
-3804
-7680
-8797
-9731
-10038
-10914
-10377
-9768
-11482
-9141
-11395
-12504
-13271
-15975
-12676
-15574
-15226
-12910
-13863
-13614
-13228
-10108
-8946
-6270
-1030
-770
1606
701
-799
7097
8620
7951
7210
7544
8873
8081
8081
10426
10705
10002
11343
11063
11243
9186
8424
9084
6354
5875
3661
-2255
197
-25
1580
-2484
-3847
-1366
-2291
-1937
-6215
-5148
-4842
-6352
-10644
-12542
-8328
-5606
-7731
-4478
1083
-6284
-7861
-9879
-5920
-5119
-9865
-13632
-17067
-9742
-9162
-10832
-5391
-7141
-7841
-5961
-6095
-4617
-6189
-4427
-1857
-947
-4369
-3904
-1855
-177
6253
8237
4695
6084
6232
5555
6819
4641
6930
5664
5062
4325
4111
3022
3454
3638
-201
-1980
422
2247
1097
3020
13
939
3487
-327
-2690
-1188
-525
1095
1810
827
-2612
-4203
-1656
-3495
-2083
-5383
-8826
-9850
-8921
-6999
-8676
-5720
-8584
-6748
-3763
-10230
-9067
-4779
-4771
-3818
-5458
-5392
-6229
-7715
-5105
-5012
-4411
-5608
-6293
-3001
-4769
-3745
-2473
-1936
-2874
-5143
-6404
-3236
-1356
8252
10937
-2325
3655
-387
4306
14872
11950
3461
-3801
7578
5421
5016
11712
9126
5802
9232
8441
2348
26
2550
1122
-4214
-2607
-7175
-11129
-2588
-3359
-3118
-897
-2627
-1620
-740
-4556
-9400
-2317
1046
-1856
-2289
-926
-3335
-3316
-2484
-1918
-15
-2036
-2806
-2619
-591
-3682
-2417
-1724
-4238
-2825
-4644
-2713
-2847
-2927
-4497
-7853
-6493
-5979
-6251
-5147
-5783
-5341
-4122
-4534
-1554
-2520
-630
1186
-423
1199
-1759
-2857
-2437
-2727
-1995
-4567
-3689
-2730
-3775
-2229
-3753
-3507
-5060
-1371
3766
-590
-2325
968
3761
6983
6463
-91
-1325
956
7138
8069
8261
7621
7260
11349
9588
4998
-4246
-1629
5293
4875
2983
5026
3469
-1577
-1659
-2926
-2987
-4783
-3817
328
-2308
-4299
-5602
-9076
-8196
-9697
-11472
-14753
-13526
-12155
-13252
-11429
-12821
-12135
-10652
-10314
-13856
-13152
-10317
-13055
-10512
-6133
-5955
-3202
-1732
1099
578
1371
4600
8614
8218
7500
8242
7646
11313
11082
13087
12405
12971
10929
9707
10221
6791
6819
6000
4284
593
1895
2530
1972
2241
-679
-2896
-4697
-5441
-4347
-4377
-6363
-6265
-6686
-6095
-6834
-7792
-7859
-9919
-8636
-10030
-11469
-11717
-12698
-13948
-10651
-11704
-16724
-15207
-12707
-9558
-11606
-10787
-6448
-7335
-4250
-6309
-8424
-8428
4514
1654
-3856
10017
5360
2476
4117
8124
6900
4350
10058
12061
12624
11720
11336
8632
7634
7361
4589
5131
5056
5769
6361
5194
1769
2977
2095
512
25
-2116
1505
-3311
-7883
-3357
-3368
-5132
-5834
-5291
-7237
-8071
-7732
-6677
-7378
-7284
-5186
-6443
-6820
-7238
-8709
-9476
-8193
-7265
-6823
-2763
-5147
-6309
-3699
1030
1268
-1771
1723
-1403
-2480
-2214
-5107
-4136
-5221
-2202
-1475
-2903
-1836
-2377
-2250
-4845
-2687
-1000
-357
221
2237
724
-2845
-93
1529
1250
-1216
2173
5733
1843
1782
213
5521
11403
3008
469
-1065
6410
2087
-9478
3350
4785
2709
2395
444
-5640
-10674
-4581
-3992
-2240
-4732
-3940
245
-2091
-2703
-1361
3692
2283
453
2083
-1181
-1995
-1435
-870
-1570
736
384
-2122
-1871
-2171
-1371
-6328
-4639
-3600
-5070
-3961
-7815
-7099
-5859
-10451
-12924
-7969
-6245
-4950
-2986
-4431
-4356
-2103
-1836
-3702
-1570
1534
1447
897
-1412
504
222
-1066
86
-355
-1039
19
-3724
-4098
-2312
-4267
-2890
-2944
-477
559
-3990
-3551
-550
2711
2069
3362
1162
-2927
1936
787
4902
4872
1665
-287
-362
3253
1379
1114
3183
5413
4995
11129
1621
-4317
-3724
-2809
-147
-1846
1297
-2369
-2398
-168
-4802
-5594
-3160
-5945
-3279
-3218
-8249
-8042
-11290
-8328
-10033
-9830
-12326
-10446
-7746
-12374
-7582
-6734
-8193
-6958
-4016
-5906
-3773
-1452
-2345
-3190
-3978
84
5202
6156
2623
6196
4867
2789
4982
4873
6874
7058
5111
6044
7505
7079
5318
5087
5885
7012
5442
4707
5333
4460
5904
3007
-2380
-1721
-182
1051
-543
-1571
-3534
-5752
-4612
-4475
-5202
-6240
-9309
-8929
-11853
-12342
-12310
-14400
-14120
-15377
-15743
-13737
-15235
-16078
-15988
-13999
-11887
-12549
-13930
-16536
-7052
-6486
-2461
443
-1055
5246
4679
9881
3544
1819
8044
6767
4944
9811
16960
11658
8270
10682
9984
8715
6157
6266
10394
9101
11268
10045
9114
7188
2990
1050
-375
153
-5908
-8723
-5719
-4639
-1825
1591
-1586
-1080
-4146
-6330
-6553
-11345
-8744
-10445
-11900
-9499
-9012
-9163
-11097
-8750
-7186
-8997
-9268
-6360
-4163
-7155
-7333
-4461
-893
-66
-1913
-2197
-1455
-1349
-2497
-2441
-5060
-3203
-2314
-1529
-1855
-1787
-5403
-6825
-271
-2333
-1297
-1338
-284
483
-452
-730
-2666
-1277
-187
1542
-1417
838
1410
875
1071
449
3280
1706
285
-4971
3739
5428
1323
-1056
-883
1619
-3014
-2305
-7042
-1437
-3064
-7256
1041
4163
1662
6278
6057
845
716
1821
2246
465
4453
-861
-2127
229
374
2729
1988
2008
1924
-228
-1712
-1832
-4192
-4008
-6414
-7225
-8404
-8526
-9130
-9534
-10522
-13480
-11908
-10069
-8321
-11429
-8044
-5191
-3386
-2226
-1897
-952
-1687
919
711
-1644
-891
-1251
-213
-1415
-48
-681
-794
673
537
-663
-2021
0
-709
1100
4235
3583
-1840
1104
2260
521
3005
-373
788
355
1287
2038
-632
1290
-170
324
988
-749
-2550
-2426
197
-1232
-4913
-4663
-1050
-3521
-4586
-8234
-5605
3321
1993
-4678
-5493
-6190
-6438
-5509
-7610
-1196
-2545
-6442
-5297
-7343
-9942
-10592
-9427
-11645
-11508
-9994
-9050
-7096
-6214
-4053
-5761
-3060
-1506
-1986
3601
247
1725
868
6466
10235
3930
7072
7633
7088
6304
8755
6707
8381
5338
3779
7792
4676
4753
4232
4892
2552
3443
5433
4327
1618
384
1063
2052
3103
2322
250
-962
-1314
-2779
-3425
-7006
-7150
-8945
-8153
-5757
-7930
-7431
-9658
-11247
-10570
-14055
-14843
-14798
-15006
-15132
-15838
-15951
-16191
-14557
-12307
-8830
-11949
-9901
-10197
-5864
-2074
-4084
-1673
-4077
2064
3936
8408
12522
9601
13909
16937
12216
7638
8739
6238
10928
10607
12871
14007
11439
7811
2393
6923
10099
6539
7701
9469
8130
1633
-1088
-989
-2434
-3401
-5750
-5294
-5336
-5616
-3189
-3719
-4842
-5948
-7467
-10245
-12639
-12931
-12719
-14138
-14062
-12477
-12217
-10518
-6931
-7435
-9713
-5557
-3663
-5321
-5002
-3687
-6310
-3159
-3428
-2327
96
-219
2698
509
2585
2883
3927
874
439
3082
1355
2982
5151
4273
1574
3019
3201
2702
3042
3852
4110
3171
3595
2679
1262
-462
-210
-1245
-2568
-2433
-1383
-4719
-2153
-1781
-6538
-3977
-6994
-9993
-10500
-8796
-7762
-4291
-4661
-3697
5006
-728
2810
4784
1621
-1574
-1934
2347
3944
4208
5237
6336
5999
1257
-331
4335
4376
2133
2037
1339
1208
-643
-1977
-3675
-6183
-7056
-8502
-10106
-9704
-7589
-7122
-5999
-3756
-3090
-6382
-8358
-7612
-8905
-8146
-5827
-6057
-4387
-3768
-6469
-3255
-3601
-776
-419
-1952
-1179
-1142
-671
-1130
83
1331
190
4496
5960
-14
5338
9570
8313
4829
5722
4329
2375
3450
3191
3686
3546
5517
4508
5077
4489
2735
1920
-475
-255
-2142
-3915
-3352
-3811
-5755
-7556
-10018
-7934
-4807
-5847
-4874
-7048
-7040
-5309
-6353
-8313
-10970
-11061
-6288
-4637
-4276
-5056
-7896
-10445
-12930
-7289
-8354
-11135
-10985
-7851
-2976
-3679
-2693
2784
3615
3988
1655
2935
7865
10244
5993
6894
8353
7655
3393
5721
9464
8340
9549
7898
8603
5980
6292
5881
3890
3132
1962
2431
-1748
-3118
-1449
-5278
-7716
-2149
-2603
-3741
-3044
-2359
-360
-2519
-2928
-2947
-4563
-3504
-4996
-4303
-3624
-5804
-4594
-6885
-7310
-7424
-7959
-6948
-10723
-10881
-9059
-12512
-11120
-10747
-12381
-8768
-9285
-12648
-10669
-5925
-4835
-4170
-4093
-2137
-2926
-2539
-1360
229
-104
-255
7028
2866
3607
5697
1816
6436
6050
6081
3390
1322
5839
5325
3658
2922
5946
5810
11301
3692
-2035
8148
6114
4219
5259
2770
265
2879
-1166
-3017
-4166
-6013
-3968
-6110
-5990
-6606
-6420
-4958
-6718
-5519
-8180
-7731
-6876
-7294
-5307
-10663
-11162
-5221
-3194
-4513
-5127
-2300
-1678
-5952
-7368
-4992
-6134
-5023
-6253
-6039
-1990
-4807
-2883
-4158
-3632
-2912
-4590
441
417
64
2709
-888
1163
2847
940
4054
3555
4590
3778
2715
4089
1561
845
3207
1601
1591
649
-674
-602
-3173
-3051
-5365
-5998
-4832
-5910
-4513
-8762
-8127
-5098
-9442
-100
-1729
-10730
-1903
-1990
-3527
-705
2593
-254
-2235
6434
4556
9942
8168
1151
2680
-633
2857
1473
2214
5016
1721
198
-1870
-6279
-2887
-3720
-6038
-6068
-6976
-2869
-6989
-7418
-4468
-8594
-11738
-8146
-8973
-9412
-6705
-3903
-4079
-4520
-4236
-6277
-4964
-6467
-6230
-6357
-7042
-7421
-3085
-3090
-1145
-1609
86
4430
-3371
-729
4242
7450
5168
4968
7465
5060
9308
8712
7477
9116
6432
7956
7709
3781
3985
3084
2643
1488
-406
513
1569
1698
-1061
-4422
-5016
-6925
-5630
-6225
-8412
-8203
-9674
-8175
-8291
-9411
-11656
-13807
-12248
-12066
-17791
-13283
-14058
-19557
-13566
-14994
-15696
-17003
-18065
-12129
-8409
-7171
-8283
-3320
2480
2700
1193
1295
11034
6875
2580
10472
13915
15213
15690
16482
16060
13443
11710
12653
10065
10533
9047
8706
8759
8298
9316
8239
5343
3498
3437
-223
-1810
-1546
-1331
-3268
-2698
-3758
-3305
-4278
-6615
-3481
-7929
-7321
-6242
-9293
-9028
-9316
-12202
-11629
-12476
-12992
-12634
-13282
-11221
-9438
-10590
-8812
-9369
-10021
-6896
-8354
-12536
-11189
-2775
-3665
-4445
-1035
-4560
-1730
736
1343
2852
2641
5640
4737
5425
5704
4925
7254
5812
5374
5020
4911
4909
4047
5179
-441
-1953
4385
2502
696
-1024
-2481
2994
588
-1685
-1674
276
4796
-924
317
1097
-3514
-103
1576
-565
-9764
-9336
-4005
-6791
-7048
-2516
-1529
-2267
-1400
-1497
737
-3142
-10729
-2929
-1729
-4107
-4336
-5514
-3277
-3495
838
-506
-1450
-3317
-3219
-3111
-6875
-5812
-5281
-7465
-7672
-3253
-5845
-5460
-3454
-2703
-2678
-3364
-2195
-1629
1222
1696
2599
3543
3668
5660
6296
6050
7653
6144
2369
609
-101
480
589
1414
-2266
-3097
-2067
-2536
-1987
-2387
37
-3109
-5324
-3924
-3838
-1285
-5571
-7248
2992
-207
-1528
-424
-3693
-2114
-3919
-1334
-1252
-3944
-2460
-2708
-3719
-1764
-2996
-3735
-6067
-7510
-1710
-1620
-79
1014
-2080
-6409
-10947
-2107
885
-5523
-8690
-4874
-4183
-3788
-1261
-3017
-2752
-293
699
-488
1605
-442
-71
-2062
-565
-461
-4123
-4054
-1989
980
730
3277
2681
-760
1935
1486
-529
261
-4546
5788
5380
1469
3991
-2382
3271
2849
598
2048
1805
2431
2446
2303
1642
1229
1368
2033
2540
3936
4131
2306
1090
-1034
-5846
-6082
-5184
-5594
-7199
-8568
-5898
-7823
-6728
-5624
-6020
-5684
-8730
-9664
-10462
-13814
-13321
-14980
-14509
-13723
-14462
-12691
-12364
-13674
-12781
-11237
-6204
-6835
-7637
-3721
-3396
-2121
-6823
-1241
4770
5052
12641
11516
9272
10087
9725
13705
12708
9735
14643
3205
6414
14312
8994
11730
13946
10776
7658
7560
1364
1696
2989
-2079
-1697
-2823
-1406
-1552
-3251
-1880
-998
-2392
-3136
-5657
-10008
-8145
-9692
-10050
-8468
-9569
-8849
-11019
-13873
-13729
-15613
-11516
-15848
-12987
-12821
-14888
-9361
-12008
-7676
-7571
-10520
-10578
-5971
-432
-4089
-1818
-3947
-3063
2568
5997
6918
9543
8495
7834
10495
7656
7362
5672
8072
8669
7915
9919
8440
7818
6538
4792
3294
1427
239
898
-1033
697
-1412
-2423
413
-6827
-3082
-3998
-6859
-3398
-5390
-4692
-10983
-10636
-8341
-6970
-3754
-8285
-5080
-594
-3559
-5452
-9467
-8474
-6682
-5440
1811
-542
-2662
2005
3032
-3214
1997
2556
-1137
2054
5058
4768
-1610
-944
-4092
-3614
-4310
-4930
-918
178
-3178
-4309
1642
3982
-223
1635
975
-5359
-640
-1173
-368
-1572
-1330
2399
-905
1650
1201
591
1075
21
-863
-1583
-642
252
-1705
-174
1392
-2728
-896
-5714
-7390
-3948
-7175
-4267
-6137
-5117
-2234
-4123
-2191
-3868
-1474
5162
117
-206
315
-748
-121
-4337
-56
-1673
-1034
-2044
-3210
-406
-6974
-4804
-3421
-6288
-4565
-6554
-7828
-6327
-9348
-8405
-9393
-11002
-7670
-10151
-9446
-3697
-1296
-4830
2370
3591
-1728
-2388
-5551
1671
3313
486
552
2937
1773
1402
203
2078
1482
-2657
1341
1724
3463
69
1080
2360
2251
-4507
-1167
6315
5320
2876
1089
3823
1623
5592
3845
2351
2392
-1102
3832
514
736
2631
-1450
833
705
-2842
-2031
-3262
-2829
-5318
-7283
-4609
-6166
-4080
-4516
-5114
-3762
-4705
-4118
-5289
-8746
-9398
-9673
-8497
-9606
-12794
-9703
-8737
-9833
-8533
-10897
-12984
-12174
-10430
-9994
-10169
-6723
-7926
-3964
-769
-367
-1601
-4479
3604
3217
648
3147
3196
3072
5045
4518
6439
7989
5057
7329
5044
8136
11671
11909
8524
5292
4356
4971
6563
827
1986
439
207
3657
1323
-1466
5658
4459
2508
2870
-161
-434
-3970
-3991
-6535
-8681
-8997
-10824
-10892
-9492
-10794
-9447
-11912
-12998
-14226
-15446
-14767
-14190
-12969
-14934
-13029
-8813
-10700
-13899
-8081
-3679
-5605
-6339
-3984
-771
-761
3100
3424
2046
6546
7657
9823
10860
10323
10302
8426
9165
8795
6725
9356
7087
6698
2742
1086
4880
1647
4548
3558
2761
3779
122
-2949
-3315
-4049
-3205
-4982
-5683
-5487
-7485
-6068
-9022
-9483
-11006
-10354
-9380
-12124
-10965
-9117
-11066
-12443
-12191
-5476
-2805
-1720
-1221
-5404
1739
-657
1900
1805
-1530
-772
-5087
2390
1251
1189
5872
2395
-572
1816
1796
2980
624
-3022
388
-989
1457
3330
-865
-1046
2700
1690
5458
4748
1399
2225
1389
1830
1422
2675
1325
753
2246
342
-883
-648
-1608
-5006
-6379
-6271
-4398
-3957
-8418
-7499
-6307
-6283
-7334
-5971
-1706
327
-1494
-5558
852
6053
2518
5324
3021
2541
1888
-179
1918
-544
444
273
959
851
-241
-647
-1651
-2420
-4806
-6542
-7212
-8509
-9555
-10860
-11719
-10116
-8783
-8594
-9791
-7414
-6494
-10565
-11038
-4663
-6677
-7827
-6451
-7795
-3066
2768
1766
-2369
109
-2883
2901
4239
693
-4302
-416
2143
-1094
5304
8081
10803
9644
7357
1558
6873
10619
7356
5514
1031
5475
-458
2936
7188
6844
7313
7152
5762
3208
2951
1187
-772
-1618
-2641
-1650
-3706
-4672
-4678
-8098
-7244
-8506
-6969
-7203
-10057
-2370
-2360
-1777
-2740
-1143
-96
1559
1159
1784
6009
5194
2974
1792
8012
10971
6189
5511
5958
5199
5612
7753
6578
4934
6034
2765
6342
5029
4712
7201
5819
4198
2245
1848
4381
5825
-353
2884
4199
5906
8299
-218
-5790
-6221
-7
1124
-3427
-1189
-371
-4937
-5151
-6300
-4883
-7541
-8339
-5769
-8061
-9242
-10748
-10938
-13261
-10715
-10496
-14400
-12637
-7027
-5990
-1453
544
-1925
5012
6035
6421
4174
5706
8657
4299
6448
7383
7672
8880
10315
12093
11748
12051
12380
9607
10161
10418
11420
11008
11909
7979
1777
6111
5612
6634
3777
1848
1572
1013
1732
-159
149
826
588
-1865
-4001
-6878
-7586
-9145
-9282
-9388
-9653
-8234
-10255
-11003
-11738
-11690
-11580
-13261
-13964
-10159
-8514
-8564
-13177
-12138
-4288
-4423
-5688
-5213
319
-316
-2475
-1032
1844
7469
8531
9878
10517
5575
9728
9610
6918
15054
12952
12540
15295
13106
10822
9354
9507
9780
7730
7551
6256
6185
5734
5079
6403
5836
5022
1418
-2311
-1917
-4744
-4625
-4048
-7477
-6265
-6965
-8013
-6676
-9479
-7074
-9450
-9905
-9673
-9083
-5049
-5086
-6870
-9156
11
-686
-2563
677
901
3361
-766
-1244
1803
404
-723
-3144
-3086
-2458
-3187
-433
-701
11
3054
-266
-2178
-1305
-1556
-2660
-636
1356
1229
-703
2938
3022
3430
4759
3182
2815
3051
3085
2269
3405
1252
3820
3031
-3320
-5030
-4601
-657
379
-2030
784
6861
-1139
-3305
-442
2525
9958
1015
-3418
7047
12678
7834
4856
9793
12056
5272
7729
9251
7959
6605
3459
4073
970
2549
1310
-1011
711
991
1809
1287
-3021
-5616
-7559
-7422
-7561
-10087
-9037
-11895
-10794
-9542
-9373
-4749
-6536
-8068
-10862
-6991
-7398
-6060
-2742
-3227
-2555
-497
-779
-85
3074
2337
3776
1388
1886
2767
3075
10882
12530
7234
6340
10784
10596
7448
6988
7435
7755
8225
9712
6939
4569
5126
8033
8388
6945
4784
1980
3417
989
176
-103
56
-359
-4427
-3090
-5448
-3145
-1174
-4855
-7117
-8560
-6356
-3001
-4782
-5111
-2055
-3357
-1486
-240
-3910
-4428
-11336
-8747
-364
-5986
-7167
-5570
-5597
-8336
-9713
-7766
-2244
1404
-175
8320
5980
937
8256
9520
6863
8317
7002
7113
8447
8332
12209
11881
13688
12893
11432
12110
9368
8052
7017
3523
3773
3780
2419
6694
934
1399
1367
1979
1623
-657
1769
-2238
408
-241
-79
1841
991
351
-2367
-2212
-1001
-5317
-5870
-5289
-6827
-5525
-7484
-6973
-8026
-8878
-7663
-11563
-10937
-9851
-12536
-5806
-7786
-9353
-4461
-1858
-795
-4355
-3528
-1879
-2094
-2906
-1720
3581
5013
2605
7548
4587
4924
8718
5495
6691
5416
6747
10273
11383
11137
12975
13502
9959
4840
3761
7245
8782
6370
5168
7700
4827
4440
3928
2832
3527
644
1373
3010
-297
-2607
-5554
-6586
-5555
-7469
-9649
-10582
-8463
-6324
-5837
-5600
-2915
-3547
-4508
-7322
-4345
930
-2407
-1659
-2368
-3371
-2995
-1105
-1198
-1504
-1031
-3352
-2510
-921
-2656
-2826
-1343
-65
1653
2551
3778
432
-1091
248
725
2031
3689
3183
2201
3369
3658
3119
4281
6132
3843
3487
3080
3017
3124
1826
413
-712
-1024
-602
-2067
-4095
-4351
-6307
-4706
-3347
-9105
-4256
-2680
-5121
466
-1211
-6752
-944
4215
5154
5907
6302
7529
7156
5515
6427
4053
2249
8765
5252
4218
10437
9664
5002
4337
8313
6981
2109
1274
-92
-3183
-1393
-3737
-4970
-7769
-7901
-5340
-7254
-5415
-3761
-2766
-6323
-5380
-3161
-3222
-4112
-3158
-3443
-4461
-1682
-3559
-3628
-4155
-2698
-2545
-2672
-909
-100
-325
571
4000
4650
-1817
794
11016
6950
8471
10206
10115
10346
5285
9112
8393
7116
7168
5065
7698
6580
3807
5841
5964
5172
5559
2404
3922
-934
-2897
-262
-4969
-2645
-3951
-4620
-5015
-9635
-6609
-7357
-6493
-6689
-10283
-5326
-7642
-12366
-12138
-12800
-9279
-7590
-10297
-7441
-3876
-7798
-7358
-7661
-9149
-701
-6492
-6402
4957
8911
1786
76
14187
13618
10789
10908
13001
13608
12032
11251
10545
11681
8487
8148
8906
9198
11434
11068
11148
11528
7282
5337
3029
44
1488
449
1279
-130
-3522
-766
-4213
-1330
-541
-3617
-2877
-4563
-4719
-8333
-6410
-4095
-6735
-6459
-5208
-4491
-3846
-5853
-5995
-7113
-7669
-7406
-9566
-7698
-12321
-10434
-7374
-8580
-9351
-996
1794
-765
-868
-1237
577
-2802
-1269
2020
2846
2245
5684
9362
5046
6731
7244
6153
7051
4116
5082
7141
2067
4694
3771
4255
2894
-776
3460
7590
12221
635
2976
1849
3491
10592
7084
3328
-2612
2248
4749
4242
6046
4689
-1573
2071
630
-6188
-5505
-5741
-1769
-2760
-5729
-2753
-643
-1294
-4360
313
4795
795
1923
221
-3465
-1876
-2900
-1854
-4045
-4174
-3126
-4260
-1584
-6031
-3764
-4178
-5488
-3010
-4484
-4643
-5541
-4688
-1344
-127
1744
4784
1986
5067
5383
5043
7999
5128
5731
5796
4480
7610
5397
5580
4864
2249
5272
2430
513
306
-323
1811
-215
-3578
-4420
-2812
-3833
-2593
3831
-2609
-4096
4478
1456
-177
2472
-712
-235
1085
3032
2256
336
4115
815
735
-880
-2476
3222
2345
1189
2866
2148
5687
-883
-5668
-7956
-8771
1776
-1306
-3006
-2636
-4210
-4137
-3924
-1627
-1012
-5884
-4060
1016
-687
-3547
-3531
-1327
-2357
-1001
-3516
-5475
-2702
-425
-700
-476
398
3708
3469
5636
6901
1564
1848
2897
6262
2444
6604
6117
5161
10511
3548
6552
6234
5002
7781
9531
4293
3367
4129
5371
7102
5640
7416
6002
2263
11
-194
633
-1954
-3533
-2983
-3179
-2478
-4205
-4171
-4544
-5960
-4333
-7502
-8501
-8916
-11548
-10977
-12236
-12342
-12307
-16390
-16089
-13357
-14771
-11642
-11006
-11581
-9783
-6157
-5844
-3538
4384
-2073
-231
6993
4702
8768
12936
13026
13898
11972
11526
8830
11249
19892
17181
12973
14192
15772
14389
10356
12102
12838
11127
8035
4820
7675
6662
5575
3211
-235
291
-1259
-3703
-1443
-2381
-2817
-1058
-4387
-702
-4718
-5409
-6346
-10131
-8405
-11061
-10493
-10789
-10063
-12715
-14029
-10984
-10844
-11036
-8531
-10026
-7138
-4626
-7938
-9007
-3882
773
-2644
-840
619
2296
930
243
4424
7150
6662
10035
11543
8606
12058
8367
9216
10510
8963
10753
9300
6358
5774
6085
8453
8252
6428
6485
4224
5351
1319
911
1167
-957
-879
-2668
1842
-3645
-8071
-4758
-6103
3063
-3042
-10458
-5406
-8872
-328
463
-7645
-5036
-4236
-3272
-3659
642
7756
-2740
1376
11601
1497
121
1412
4904
2160
-4316
-3112
-3935
-225
-1136
-2059
2724
2162
3311
2730
-364
1250
-1979
-3186
-3652
-7407
-3955
-3524
1898
777
-566
3298
2156
2474
1211
2877
2456
3777
3448
2594
1904
3284
1975
1531
3300
819
287
-2716
-790
-824
-2412
-7
-3659
-1531
-1019
-1512
1015
-496
-1814
-2302
6388
6393
2499
3610
3674
4675
2051
-483
893
1362
42
1139
-1515
119
-1032
-1832
-983
-5183
-2551
-5978
-5290
-5510
-9361
-7759
-11093
-6786
-4918
-5304
-6473
-535
1097
-3819
-6170
-9677
-43
5922
3690
-3130
4076
4740
3494
3989
3782
3746
-993
4774
3367
-22
707
1905
3672
6834
4498
4218
1199
5669
11763
7796
8302
6850
7168
7496
2639
5628
5550
6804
4749
1828
4567
570
5369
3289
-78
1175
-246
-1138
-636
-4670
-1676
-27
-2320
510
-1635
1728
-128
-1970
-1229
-4214
-5547
-5953
-7545
-9236
-8272
-6607
-8492
-8806
-8639
-8330
-9569
-10868
-8760
-10205
-12098
-11257
-8706
-7064
-5848
-4052
794
-157
-1682
621
3018
4682
2814
4265
5776
5714
7340
8361
9355
10912
9079
8930
7310
7411
12140
9643
9054
11873
15419
8411
6322
-361
371
7662
1458
4904
9181
2991
2117
3222
1989
4238
-803
706
3200
2345
-612
-5519
-4433
-5523
-7367
-9735
-10846
-9752
-11158
-8207
-5962
-7619
-8648
-9368
-8855
-11047
-12076
-7760
-11575
-12993
-4751
-5161
-3547
-785
-4996
547
-72
2478
5391
4399
5721
5885
8854
7749
8957
10165
8568
9793
9366
9871
11042
8309
7329
8220
7834
8335
7941
6173
6060
5711
3981
2648
3121
1393
1106
-21
133
275
-1732
-2232
-4217
-5948
-6325
-5995
-8113
-7700
-8017
-7609
-8094
-8503
-6156
-7022
-7457
-4126
-1237
-2730
-2191
2778
3925
2311
6245
2365
2258
2182
3185
2182
-673
3845
-667
3937
7096
1222
829
3025
-228
-2186
-1795
1457
739
3325
8683
6402
7669
6035
5008
2636
-51
-938
-2945
-947
2171
1214
4381
5613
3079
2844
-1170
-462
-2675
-4719
-4365
-7292
-5127
-3661
-2374
-89
-665
-1336
744
2111
3769
-3795
-295
6222
4604
7502
6775
8063
3759
3299
3357
4593
5090
1397
1948
2807
2023
103
-1887
-2071
599
-3182
-3235
-4215
-7395
-6663
-8324
-6923
-9735
-10426
-10056
-11134
-8608
-8622
-9640
-10053
-8444
-7312
-2619
-4006
-3449
-3750
-5350
912
2230
3362
651
590
2613
785
3595
6597
5943
7178
8104
12979
11408
6024
6138
11220
12774
7208
6789
8023
9707
10528
10392
10072
11203
11287
11788
8667
6658
7775
5113
4019
2182
3192
479
14
-996
-7377
-4854
-5831
-5838
-4301
-7884
-7038
-6353
-7736
-8007
-8898
-7729
-7846
-8699
-8537
-7925
-7268
-6552
-7748
-9637
-9649
-9479
-9956
-9678
-7753
-10319
-7109
-2808
-1661
-4021
1629
4967
883
1614
4330
10893
6971
6803
8353
8003
8942
8842
7578
9446
10036
10326
7814
5881
7736
6447
7561
3843
7100
7969
3094
570
-1738
1639
5393
-190
-1643
1253
4318
5586
811
184
1184
-619
2415
908
4815
6691
1591
-2731
-1624
-793
-5073
-8041
-7199
-8245
-11548
-10872
-10161
-9627
-8298
-7838
-8912
-8595
-4914
-5945
-7906
-9341
-3896
-3527
-2364
-2327
-4782
-2778
1001
565
1343
4227
7152
6822
6299
6469
5915
9844
8775
7234
7449
8213
6398
4528
6215
7348
7482
8891
10493
8795
9795
8020
7767
6842
2038
3647
185
-154
676
-1540
-669
-2530
-3728
-4825
-4729
-6561
-7437
-8276
-8909
-8983
-9343
-8424
-9989
-12244
-8652
-6532
-9169
-7508
-3845
-3590
-4064
-2971
-4297
-6194
-5582
-4477
-1912
-558
952
4524
1809
3061
4016
3019
1574
1848
-839
-1268
8457
7936
979
4209
6865
-1617
4108
5103
8083
10096
4711
12362
11698
10437
7206
2505
4295
5721
1820
-378
729
964
2856
4047
3163
-1046
-3464
-5982
-6978
-9320
-7589
-4916
-8826
-4109
-4668
-929
-1669
-4564
3654
1975
-1414
-2477
1126
605
-981
322
2138
6434
5090
6660
4643
3147
4793
938
1681
-655
-3051
-3001
-4121
-4956
-5594
-4170
-2742
-4457
-4028
-3717
-4610
-3100
-4634
-3755
-7621
-7075
-4006
-6120
-2408
-1663
-4122
-92
-624
-22
275
-3248
-466
-646
-564
-3860
-3930
1880
3335
5737
8113
12395
12929
3972
5455
7593
9651
9738
4929
9544
12484
11863
7488
5597
10668
8263
5262
8169
8166
8325
6161
5070
3791
1759
2035
-185
-3797
-3121
-2151
-2601
-2298
-3430
-3436
-3611
-5315
-4893
-8135
-6869
-7425
-10740
-7539
-10809
-9561
-9044
-10997
-11669
-10647
-8614
-9428
-8876
-12037
-8365
-3372
-4706
-985
2314
2255
5808
6226
4077
3556
7404
12063
11138
8948
11416
9582
9186
11785
10909
12761
9981
9340
9836
8224
8495
5474
6065
2871
2737
5506
1905
1016
-1832
-2458
480
-2485
-2139
-2690
-3838
-1397
-933
-4439
-6724
-3477
-198
3605
2442
-1641
-1505
-6488
-3687
-143
-5185
-5725
-7004
-7945
-7992
-7350
-2683
-4013
-5574
-2823
-2677
-2387
-5393
-6295
-4035
-73
1248
-3164
-1199
4120
3601
5832
9118
7912
9097
8214
9091
6276
6332
6276
3863
6520
3558
6423
6297
6253
5859
2678
5625
3501
4635
6166
3991
4100
2147
4519
3920
1432
4000
1506
1173
1047
-503
173
-1595
-3137
-1908
-3477
-4877
-4084
-5056
-4729
-5745
-5057
-7093
-8235
-3829
-5544
-6301
-7544
-8184
-5596
-1398
406
-2463
-3023
-2827
-4716
-3653
-4727
-4070
-1264
-5203
-2499
-3424
-4213
-5111
-4129
-572
-397
1943
5728
8680
2112
1077
947
5512
6668
4249
7299
6536
8569
8889
6195
9175
10349
5765
6549
7999
7647
2650
703
1744
242
58
-3767
-2284
-1725
-4167
-1797
-2375
-4591
-4844
48
2048
649
-2512
-3015
-174
2664
2562
-27
1101
-468
2880
-1455
-369
1540
131
1182
679
217
-796
308
889
185
361
787
246
443
-1041
-4010
-4257
-3619
-4131
-6023
-6615
-4368
-6129
-3503
-4539
-5648
-2615
-726
319
295
755
-1155
-1089
-1417
-211
-2465
240
-1882
-3490
-421
-3395
-2017
-3387
-2122
308
1303
22
2864
1075
3000
8877
6854
12031
9993
11210
12616
9636
6611
7104
8062
6648
13215
13274
11091
8619
4387
6739
9706
6205
6940
8939
4039
-63
-1071
19
-647
-2594
-4809
-5352
-4514
-5099
-5600
-4735
-7220
-8316
-9186
-11607
-11229
-13846
-13126
-13591
-13336
-11475
-12096
-9627
-13869
-12621
-9610
-8340
-8040
-5058
-3740
-992
1135
4881
5252
1823
7163
10288
10448
10679
11957
11320
10158
11482
10801
14376
14223
13014
11810
13380
12134
10451
10443
6223
4552
5158
5966
5214
1289
1019
-453
-775
-2983
-4100
-4217
-4261
-2640
-4074
-5422
-2991
-4264
-5636
-4116
-5873
-5878
-10386
-10550
-9405
-5072
-6281
-9091
-2466
-7404
-9648
-12242
-9027
-9180
-11523
-9136
-3371
-3078
-5649
-5718
-3116
7965
289
2359
8233
8046
9219
5276
6528
8276
9067
9168
9852
9661
12915
13492
12645
11677
10892
11438
9018
8141
5914
2253
3152
1044
2041
2884
3372
6844
269
69
2165
1171
1232
-18
85
-1808
-1383
442
81
-1776
-1462
-1740
-3043
-2799
-4536
-7139
-8631
-8797
-10040
-8448
-8353
-7185
-2571
-5087
-8404
-2671
1072
-1050
-2473
-3219
-3411
-6148
-5144
-3433
-2279
-1284
-3473
-1330
-1238
-773
-2291
-2794
685
-2043
2685
4146
3718
5585
4650
4661
3637
6403
9544
14466
9995
9029
6469
4769
11023
7028
8194
8217
5825
4325
2498
7015
9091
3613
2096
-1258
-1810
-2336
-5215
-3685
-5048
-3979
-5610
-5460
-2261
2658
587
-3831
1347
2752
673
-332
-1233
-1504
-2842
-2831
-363
-52
-928
84
-741
-40
-610
-674
-619
-713
-1171
-2153
-2904
-3439
-6864
-4195
-2934
-3312
-922
-3609
-234
-2864
-177
3085
245
2529
4122
2784
1486
3456
3813
4253
2738
544
-711
-385
389
-1041
225
-1671
-1653
291
-165
-188
-1224
3391
2749
-1577
-137
6110
4514
-625
4462
2291
323
-344
847
4397
7568
4933
2105
8741
8425
8110
9641
9488
6305
-216
2266
2801
3499
6292
1148
818
1664
-3329
-4795
-5746
-3273
-3260
-7025
-6272
-7434
-6417
-4910
-4775
-5775
-8363
-7716
-9000
-12011
-14263
-14283
-9964
-6859
-7844
-4443
-4730
-3889
-4036
-912
872
969
1142
-1012
6384
9850
7529
8993
8768
7496
8353
10581
13066
12063
10511
13381
12690
11473
13076
9317
8210
7233
6605
5921
3003
1084
-1965
1351
2335
3033
2158
-494
1098
323
-1910
-3645
-6537
-8160
-5787
-7161
-5991
-8468
-10016
-7383
-10300
-10792
-12647
-11575
-11655
-13890
-15110
-18267
-16045
-10477
-12539
-5494
2320
-4443
-3983
-4054
8439
5381
-62
5892
2405
9889
9993
8051
14011
14947
14084
13399
14992
17083
13026
11690
12364
9722
8870
7109
5086
2812
3782
8022
6285
5623
4127
2088
3828
1757
-3595
-1408
-1156
-1463
-1847
-6591
-3833
-6111
-5602
-6912
-8667
-7457
-8437
-6876
-8663
-6984
-5205
-5803
-6485
-5154
-2422
-406
270
-1092
-6302
-4180
3925
1747
804
1396
642
286
-2088
-24
219
-1158
1723
1115
1622
-453
1226
2009
-1614
500
1816
967
1678
994
-215
1653
1348
2659
1243
486
2953
1270
1040
1709
2526
973
-2056
1000
3754
6492
5458
2075
2693
-1199
799
5118
-2297
-4298
-4729
-4930
-2559
1227
6036
1921
5153
8682
-321
1984
7127
7034
5143
4963
4265
-593
-416
5489
6680
6713
5830
6525
3224
845
1295
-1193
-1027
-2452
-1788
-3461
-3218
-6702
-9661
-8947
-10222
-8457
-10624
-11413
-10179
-5028
-6233
-7107
-3897
-3098
-2397
742
924
-1341
1769
-578
465
-279
744
3442
1913
2948
1360
3894
2938
404
1880
-197
2455
3703
1779
2542
4762
8001
8778
5280
4108
3683
2145
4743
3832
1920
2347
2561
2792
725
1828
2556
280
1784
1097
863
-3440
-5456
-4627
-3768
490
-1320
2695
593
-236
1863
-1883
264
-1518
-8857
-7625
-7306
-4501
-2636
-5088
-6422
-8019
-9538
-8865
-10786
-2670
-5930
-10850
-968
-331
1500
1102
-936
817
267
-53
-5308
-2345
5846
6853
8357
11753
11207
8536
9873
10315
8061
8721
8896
6374
7637
7555
7593
9784
10083
9041
5530
6387
4914
3421
2345
818
1775
2969
2654
1128
2572
1571
-623
-701
-2009
-3087
-3387
-2103
-3088
-6455
-5744
-6863
-6480
-8367
-11759
-11211
-13076
-13254
-12706
-13473
-12143
-12257
-11278
-10949
-11361
-6888
-9744
-10985
-7960
-3154
25
-4887
1511
4233
638
5522
7541
10368
10714
9598
14122
13109
11010
13872
10220
13059
12842
10698
14893
15973
15785
11786
13778
11652
7428
6600
1399
1882
5053
1273
-519
3094
2923
5384
1838
3278
866
-2649
-3773
-6222
-6928
-8681
-9521
-7751
-7629
-12830
-9272
-11623
-9081
-8213
-9525
-5891
-8711
-8435
-10365
-2836
-251
-3207
-1538
-3138
-2333
-1433
-898
649
1347
972
1272
489
387
-269
776
-1473
-325
4020
2882
6906
9588
2161
4533
6145
5831
6465
4909
8256
6233
5468
6633
3921
3933
997
-242
-288
-1135
366
-4157
-851
-2436
-2388
-7585
-11559
-6306
-5859
-5991
-6159
-784
3980
4719
2349
1081
-3670
3845
6013
791
7605
6921
4527
3397
1575
5914
6808
3987
6061
5778
5557
2180
342
2875
-687
-1842
-3509
-2862
-517
-3683
-2969
-6787
-8037
-5473
-6906
-4834
-6070
-4603
-5942
-6418
-1180
-1091
-1144
743
-1622
-151
2060
-837
1329
-431
-133
-874
-637
1386
-1428
2467
2251
4778
5108
4057
10596
6571
3014
5224
9273
7198
2956
5969
6610
3759
5999
5742
6675
7261
2667
5076
3245
1264
1660
-107
104
-1373
-1377
-353
-2964
-2135
-6787
-7882
-7868
-7212
-4818
-9676
-5531
-5150
-9083
-10827
-12420
-12233
-6133
-6459
-4560
-3632
-8484
-7154
-9754
-3604
-1942
-8998
-11429
-6764
-913
-5833
-3279
6225
-220
599
8699
9072
7155
2402
8088
10426
9949
12178
7182
8344
8882
12381
14327
11388
10703
9204
8986
6174
5818
1706
4040
2595
2307
1659
-947
2811
-902
-2180
-2607
-976
-4378
-2964
173
-2318
-1472
-1305
-2319
743
527
-271
-2076
-4982
-3243
-6299
-4789
-7029
-9251
-7332
-9449
-8993
-8127
-9291
-6327
-7488
-8139
-5906
-4840
-4103
-10527
-5743
-2161
-2085
-2481
-3165
4517
1599
1189
5895
4372
5800
6693
8023
9609
8082
8719
7940
8209
11381
9165
3183
4352
7234
9200
6305
8971
11747
7892
5883
2094
6166
6521
3024
229
1069
4132
553
702
6829
1011
-842
2703
-1464
-1531
-3978
-6699
-7734
-9311
-8628
-12012
-9227
-4738
-4321
-1392
-2618
-6515
-5210
-1207
612
-2851
-3075
-3042
-2432
-4607
-5803
-3587
-2477
-1094
-741
-2041
-1836
901
1452
265
-1577
754
4101
3227
8136
6346
3663
5187
5209
8740
5710
4215
5221
5870
7862
5208
2953
4690
3000
2584
2363
843
433
-1929
-2270
-3771
-4278
-7273
-7155
-5400
-8890
-7387
-7671
-6991
-6244
-7355
-2572
-1014
-6872
-2407
4205
4383
4540
-999
2597
3833
6874
10904
3699
5742
4172
6480
8849
-1143
2631
3531
-1054
3944
3253
5464
2313
585
1021
-3968
-3917
-7028
-5464
-3875
-5057
-6790
-9005
-3138
-1021
-1438
4555
1801
1253
2337
-16
-141
-3473
-2205
-2705
-5297
-3109
-2493
-4628
-2129
-5368
-1562
-1175
-938
968
3925
4348
2454
4730
7225
6437
5244
5796
6380
8582
7149
9346
9676
8265
10365
6772
8077
6528
4549
5498
2076
1961
2801
2571
1957
-1115
-588
-2777
-3516
-1987
-5966
-5569
-5605
-6600
-4804
-8600
-8713
-9687
-10924
-7146
-13622
-11314
-12133
-12941
-7720
-10621
-13697
-14469
-10072
-5718
-3725
-670
1667
-600
600
2419
6763
3098
5016
8550
7248
15138
14804
10365
15467
16371
12704
13720
12192
14162
10997
9572
9341
4423
4692
3369
5744
6986
5903
11045
8655
7190
2181
-277
1658
-2163
-3461
-3374
-6378
-3632
-5400
-4755
-3587
-6404
-2904
-9051
-7688
-6675
-8720
-7186
-9724
-7914
-10189
-10411
-8710
-10225
-9346
-8779
-10777
-8134
-7947
-4382
-5454
-9047
-4159
-5049
-879
-1241
-1184
2711
1411
6235
7226
6636
9712
8643
10454
12465
8243
11330
8821
10222
10535
8529
9367
6692
7522
5552
2362
1357
2734
4923
4743
-338
-4309
-2476
2256
2667
921
5746
7067
834
-1790
-6349
719
7245
-3954
-5901
171
489
-3892
-750
-1831
-6025
-4846
-3406
-3468
-113
-4491
-7902
-5685
-2547
1722
-4014
-2572
-312
-112
-2436
-2437
-333
-1707
-1889
-2092
-4151
-757
-2120
-5802
-1226
-3025
1352
1435
2647
3477
425
3080
1507
4186
5779
4562
6619
5128
8000
9440
5347
8132
8435
8119
8384
5942
6019
5736
5055
2196
-1782
-1968
-1790
-1586
-2882
-4176
-5402
-5808
-3498
-5098
-4201
1015
-2647
-4093
-3209
-408
1188
-4151
91
-2653
-5307
-2812
-1070
1190
513
-170
-2367
-1461
-387
-2724
-7999
-6936
-2105
947
-761
-847
-355
-1513
3556
-656
-5899
-7587
-3397
-1481
903
4647
-282
-255
2668
1181
4049
7900
2994
6823
8158
5953
2556
1267
2590
-167
979
-1865
-3390
436
2481
1883
5039
8949
2824
-624
2997
2910
3527
2977
3575
5569
1317
4972
4277
3977
7210
3914
3289
3445
1880
418
1314
825
1759
-774
74
1569
347
-811
-4386
-2893
-2548
-3539
-4963
-8200
-6383
-6666
-8214
-6291
-7115
-8995
-8612
-8208
-8559
-8473
-9729
-9595
-10932
-10083
-8097
-9419
-6730
-6250
-4864
-3942
-3684
-3208
-145
4595
-1005
-383
5171
7853
9216
7706
9612
11454
9050
14176
15220
12541
17079
17070
14705
7246
1672
8237
12818
8522
8389
9099
8390
6256
1944
1308
3840
2619
3410
6074
3525
1869
-145
-1921
-4526
-6351
-8158
-10263
-9281
-6051
-6887
-8068
-8597
-8982
-10772
-11965
-11874
-13984
-12375
-15578
-14957
-11632
-13437
-12660
-4612
-4671
-8987
-3829
-1707
850
2402
1437
2737
8175
8063
10160
13767
13697
14118
12517
12344
12048
12312
13768
11970
11181
11501
9999
9260
9383
7342
5208
4033
2591
2122
2073
-1126
-3882
-1303
-2679
-2176
-2630
-4359
-5392
-6036
-7881
-7163
-5079
-8143
-7836
-8038
-9825
-10853
-12825
-9497
-4728
-6422
-2709
377
-4711
-4519
2475
2182
-8220
-2793
4224
1908
4958
3385
873
960
3581
3412
2093
681
2135
5126
-204
-753
2129
2321
2592
3646
7345
7739
7797
7945
4639
5104
5130
3755
3978
5144
2348
2710
3835
1283
2193
1159
1140
403
1088
-2349
-1522
-164
-1944
655
-8730
-5183
-2142
-3236
610
-3298
-2335
-2264
-1626
-604
404
893
-3856
173
6008
1408
5900
6349
4283
5389
1939
4178
1711
895
1999
-233
583
-890
-1140
-82
-3618
-4755
-4765
-4651
-2410
-6199
-6659
-7934
-8925
-4231
-5980
-7108
-9798
-6969
-3580
-4169
-1441
3945
8191
3276
2019
2683
5632
7415
-2652
-239
8358
7424
5322
5363
3788
1351
3457
2043
1787
2788
2997
3891
2357
3029
7651
8111
7575
7119
8175
7967
5840
5068
2765
3108
3017
5117
4264
380
3588
1445
987
2270
-2427
1846
-1353
-2196
-1778
-4753
-3903
-6617
-3452
-2728
-6958
-3143
-5376
-4288
-4296
-6553
-4370
-4897
-3403
-4204
-6485
-5919
-8906
-5530
-7578
-11448
-4604
-6611
-3621
-133
-2744
-1451
-3856
-1136
1417
1057
3637
-504
4987
10779
8152
7183
6275
8302
6565
6385
8486
4561
5949
9804
8844
9312
6106
3751
1285
5774
8803
6605
15564
6562
162
-2016
-2201
13258
6205
-4175
4156
9500
3473
478
3389
4151
-442
1827
1713
-4501
-4396
-7408
-8565
-6712
-6630
-8922
-11066
-9046
-6880
-10767
-10189
-12474
-10458
-8967
-12491
-8550
-8219
-7543
-10921
-10605
-2085
-2315
276
4081
2718
4828
1729
5250
5023
6696
10359
8368
9650
9295
9917
10700
11841
9116
10231
8101
10124
11432
7510
8953
5785
9157
10188
7140
1604
1961
6311
1756
1560
1750
-336
-554
-1002
-4308
-3995
-5059
-7416
-6410
-8466
-10187
-11071
-10977
-12719
-11482
-9502
-7933
-8160
-7148
-5621
-5508
-9522
-13560
-6317
-1918
629
-2294
2091
3116
1606
5654
1968
2
499
7093
3226
1313
4975
6711
11208
10955
7418
5800
7314
6091
3881
2418
10791
12243
9494
14030
11408
8434
7485
3685
1556
-330
-3820
-1947
-299
-20
1160
2508
4859
-1751
-5421
-5014
-7588
-5386
-7775
-6954
-7267
-6584
-2991
-2929
-350
2520
-887
-3034
491
5823
4660
186
1847
1038
3727
889
593
2839
1970
405
-323
175
-1163
634
-1789
-2721
-2797
-3518
-3815
-4207
-7369
-9554
-4786
-4399
-3030
-6600
-6222
-1086
-2883
343
630
-1123
708
-340
562
576
-216
3826
2725
-361
164
3600
5810
3756
812
167
5573
3408
556
1457
592
4766
5334
3380
8151
15952
12929
12013
11603
8849
6972
4103
5707
6135
5256
3332
3669
4692
4613
3881
2961
1907
1397
-589
-3202
-3500
-5753
-8284
-6964
-6515
-7082
-8519
-7931
-9528
-10673
-10269
-11063
-9931
-9837
-9454
-8055
-10595
-7313
-6704
-6418
-5801
-9466
-2200
-3039
-4175
288
-2610
-3129
-2278
-348
1626
4315
4275
8704
7251
6283
5630
9693
12285
6617
9987
10035
9880
8877
6799
8732
9255
9352
9014
4310
4979
4551
4142
3385
1739
2689
-663
-206
90
-3635
-4705
-5945
-3627
436
3967
1240
-2890
-3342
-6841
4040
6385
-7721
-10187
-3692
-6351
-2577
-913
-2642
-2169
-4343
-2421
-8848
-10988
-8558
-9504
-12898
-10074
-10292
-11196
-6145
-222
-4818
-7205
2482
2390
2616
3759
3736
5617
5412
3858
4034
7017
8597
8676
8297
10497
10118
7455
8613
6026
7300
9243
6369
7062
5535
1453
1687
3140
4008
721
-770
1913
550
1246
1413
-726
-1294
-2626
-3020
-6118
-7160
-6551
-7647
-7527
-7551
-8092
-9055
-9308
-9802
-9838
-10609
-12795
-12760
-10758
-10551
-10572
-8899
-10843
-9466
-8870
-4396
-3763
-8543
-3634
-4938
-5090
-7041
-7069
-2404
688
2062
994
2526
4905
9216
5053
4344
1484
2181
6631
9940
12221
6409
7416
7048
5828
7064
8584
6645
6251
7653
6907
2014
415
2961
323
-1199
-3285
-3458
-5575
-7725
-3187
-3477
-5684
-5927
-5068
-9307
-10440
-13290
-10049
-9570
-11983
-9221
-8144
-5313
-9248
-6776
-292
-3309
-3161
-2954
-1560
-4415
-3122
-71
-1565
-423
1610
1362
1823
447
28
-875
-954
-1317
-4313
-3911
-6471
-7271
-6717
-4435
-3519
-6083
-3280
1498
-644
280
1058
-1390
-216
-1669
-1709
-2327
-2206
-2082
-4244
-2847
-2785
-3367
-2531
-6657
-5534
-3638
-6995
-6916
-6661
-7725
-2044
-2740
114
541
2357
5053
1340
5147
915
2141
7748
4222
7127
9204
9534
7595
4101
4566
3919
4644
4601
4170
5144
3776
2090
590
-498
-2785
-5460
-5767
-4935
-6164
-4858
-8369
-8177
-5323
-9086
-8478
-10487
-11747
-11910
-12969
-11169
-9976
-11962
-13902
-12730
-7387
-7882
-7789
-5835
-8214
-3984
-6224
-5727
-2911
-3484
926
-6
4741
7481
1773
399
4396
8558
6554
4632
5096
7217
5381
6977
7013
6855
5435
2143
4843
2750
3977
2133
972
887
-1879
980
-263
-2323
-2943
-5695
-3201
-4412
-3534
-2850
-6501
-4852
-6568
-4561
-3446
-7900
-9475
-10686
-6325
-472
-7272
-7439
-7705
-11562
-3188
-9673
-13429
-10237
-12682
-10925
-11238
-6912
-6412
-5494
-6883
-5100
845
-1397
-1290
-454
2974
4573
2571
3081
7478
5827
8605
11672
9669
12565
8230
9019
8286
4250
7427
4126
3731
4418
2155
2846
578
1273
-3449
-5430
-421
-432
646
-823
724
864
-2230
0
-2614
-3418
-1300
-3795
-2068
-4553
-4771
-4746
-9658
-7037
-7605
-9224
-9110
-10940
-10036
-11434
-11763
-10724
-13739
-11947
-10034
-9975
-8822
-13338
-8402
-4774
-9153
-7469
-8185
-6714
-5993
-6558
-5218
-2949
2088
-731
1701
4291
478
3808
3893
2461
6616
5805
7930
6896
3909
1499
5994
12266
9120
8016
2425
3289
6558
2451
9595
8743
5930
10021
2867
998
1276
-2855
-3802
-3649
-2613
-6176
-8318
-5283
-4583
-4489
-3910
-7271
-4489
-6457
-6546
-4059
-8850
-9721
-10461
-1149
-2352
-4533
-1600
-3439
-2157
-6267
-5959
-3684
-5168
-6258
-6177
-5239
-4291
-6002
-5389
-3745
-3838
-149
-3313
-2926
722
-2742
-83
1901
1792
-999
-1209
2518
872
3488
3674
2292
3517
3222
5112
2334
564
466
-1981
-806
-1499
-2899
-3107
-6305
-5529
-3688
-4835
-8216
-9398
-4977
-2804
-5789
-4743
-9291
-7902
-1118
-2068
3007
1537
5697
7909
3510
4913
820
5538
6799
914
-2340
-2235
7530
1029
425
6971
132
-1527
-542
-1720
-5677
-5693
-7672
-9597
-7952
-7804
-9178
-9925
-7476
-5691
-7366
-9608
-8624
-7176
-7675
-6946
-4922
-4175
-4115
-4453
-4541
-3579
-3220
-5203
-5095
-2813
-7495
-3942
-2540
-2779
6019
336
2432
4226
7133
9075
6536
9970
6969
6403
5402
6239
7846
8440
8082
7676
5865
7642
5353
1532
2528
17
457
-821
-1257
-3066
-3249
-3560
-3969
-2394
-5494
-6467
-6324
-9560
-11994
-12216
-12058
-12797
-10707
-11190
-13852
-11516
-15049
-15882
-14114
-16137
-17779
-15232
-13628
-8593
-10906
-9472
-2373
-6411
-4808
-2250
5424
7024
-896
-1042
10162
13941
11162
9904
14336
13713
11471
15977
15162
16788
11842
9673
8902
7664
9181
7370
8311
8834
9262
9342
4843
3499
504
-1179
482
-2230
-3871
-4591
-4525
-3549
-6104
-5064
-7995
-7229
-5869
-11055
-7967
-10087
-10056
-10027
-10825
-10346
-10733
-9637
-9283
-9081
-10347
-10689
-10240
-10565
-11088
-11760
-10193
-8329
-11950
-12336
-2722
-1936
-3866
1045
-1390
-3240
-446
3639
4303
5367
8743
6140
4716
6160
5964
6378
5236
4812
6561
3990
6481
4664
4372
3245
1007
4211
1812
3520
3939
1117
670
-1328
959
3914
-344
4541
5890
503
-2536
-4417
-5589
-2930
-3064
-8478
-5369
-1585
-6591
-8988
-2897
-4464
-6424
-5321
-2517
-1018
-3038
-6746
-8813
183
-2370
-5918
-2485
-3079
-3302
-2217
-1683
-2277
-2454
-4913
-4638
-6320
-6119
-5551
-4325
-2834
-6086
-7316
-6412
-2765
-2427
-2905
-1637
-1117
-319
387
399
2893
1845
2452
4562
4322
6417
6666
5156
4969
3484
784
1189
-363
-1441
-4308
-4396
-5083
-5564
-5165
-7480
-6532
-5582
-4748
-4823
-6254
-4033
-3539
-6389
-2677
662
-583
-2954
-1589
-814
-4577
-1252
-54
-1053
754
-2616
180
-267
-903
-1813
-3652
-971
-112
1640
-387
-972
2789
3215
-8231
-9022
-7707
-3601
604
-5882
76
-655
-6395
-5323
-3674
238
707
862
2085
2965
2423
-726
-1715
-1920
-1321
-1846
-5272
-958
-1086
-4644
2101
-235
1035
2778
5524
-1239
-2383
6449
1859
972
-2762
1619
473
290
3647
5285
3951
1812
3568
1692
2650
527
2129
1092
3623
4587
3450
4692
2878
-1750
-3063
-3773
-2795
-3743
-5987
-2675
-5937
-4608
-3564
-6032
-5400
-7855
-8428
-8549
-11050
-15118
-18980
-15860
-13475
-15120
-13709
-13750
-12525
-14177
-11433
-9989
-11799
-7062
-2665
-2143
-1521
-6090
-5105
8935
10667
9137
13092
9878
9381
9076
11983
14442
7796
8279
10725
15455
11715
8160
15158
10779
8163
7012
8062
5902
2867
1356
-5315
-37
1613
-2553
-790
-1997
-396
68
-2114
-2221
-4824
-4473
-6300
-8846
-6823
-8448
-8955
-10188
-13015
-13678
-12078
-12568
-12564
-16780
-17284
-16858
-15264
-14324
-10962
-4934
-11396
-15769
-8313
-1705
-1162
-1893
-2580
-971
-603
3712
5403
3794
5106
3326
5125
5226
5662
6131
4077
7816
8563
7678
8249
4963
5933
1515
995
4990
1994
2065
691
2388
2296
-1118
-3524
-8272
-3966
-4788
-6665
-4446
-5251
-4578
-9906
-10430
-7957
-5420
-3902
-2318
-4382
-6429
-8139
-7672
206
-533
-5009
-7258
-2461
-3658
326
12525
5842
714
1935
1738
832
-1171
-1198
-2343
-2664
-499
-3849
-4235
-1176
-1068
2
-159
84
-4133
-4006
-2288
-2840
-4437
-4447
-1628
-1309
-1999
-3745
827
2
-446
225
-2630
-265
-758
-875
-2613
-2081
465
-1408
-663
349
378
-915
-832
998
-4174
-4310
-2376
-4104
523
101
1412
1104
-3139
3529
7295
3881
2786
2636
858
-363
288
1954
1079
-301
-347
-1366
-1643
-3296
-1660
-2641
-3566
-3355
-4246
-4646
-4958
-7599
-11577
-13185
-11890
-10093
-12169
-12182
-11320
-8740
-5633
-2098
-5442
-6176
1240
-259
-3300
-7198
-6905
1215
2392
-2462
-1577
2763
-167
-4355
-1215
4977
1176
-584
6144
7281
4952
6694
1733
-1229
7260
5511
2917
6198
7775
1023
2991
8749
9924
9843
3874
4801
-1684
-15
1605
-392
2385
1014
333
1478
726
-2304
-2353
-4015
-4190
-5237
-6314
-5548
-3519
-2054
-3041
-2097
-2698
-5298
-7498
-9566
-12247
-12737
-12319
-14494
-14172
-15696
-13541
-13331
-14842
-13510
-13696
-12257
-14863
-11160
-10358
-8952
-678
-1560
-2170
-3588
1828
5543
1698
4835
3422
3509
7097
6691
7459
7760
8793
10297
9415
7195
10702
8882
13087
14412
7363
8190
-216
3586
5617
-3853
1838
3557
993
1372
5498
7751
3380
2785
4688
1088
-3426
-4980
-6394
-7811
-8102
-8549
-8339
-8602
-9391
-8141
-6833
-8649
-14410
-14524
-13420
-14361
-13396
-13612
-13418
-11446
-9101
-12516
-11858
-7174
-8725
-10152
-6040
-7088
-8205
-5553
582
634
3681
6452
5954
7783
9714
9815
7649
7570
7459
9484
8589
8591
7872
7510
5779
5246
7023
7181
5654
4704
4974
6028
5199
3030
2023
-5549
-4632
-2473
-4897
-4217
-7663
-6073
-5978
-10312
-7604
-10553
-12253
-8997
-13528
-13226
-8075
-9445
-11154
-7773
-9291
-9269
-3490
2305
1035
-1606
-3296
-3944
2267
4079
-3502
-4801
1036
774
44
1409
2018
759
759
-799
-580
-58
-1074
-3775
-4278
-918
-3857
-3058
1602
1256
2730
5780
5400
5691
2457
2844
1240
-1725
88
-1477
-815
-1175
-704
-255
-3201
-514
-1761
-4556
-2677
-6373
-3717
-5368
-9172
-2185
-5459
-3502
499
-2323
-5494
-2147
3894
1914
509
4447
3115
2251
1306
473
2976
-1466
-2223
-1240
-1684
1159
1180
-646
-1196
-698
-3662
-6879
-5479
-6999
-11087
-10919
-11137
-8735
-9613
-11928
-6517
-8709
-10571
-4688
-8586
-10701
-6499
-6220
-8263
-10285
-3662
-2064
906
1809
2307
3672
-311
1043
-449
2691
1092
-397
1920
5788
11610
7744
2388
7147
11757
8269
10582
11485
9117
8565
1013
3051
5013
3803
5337
1872
4996
4506
3891
4945
-9
2
-1061
-2869
-1809
-3798
-3745
-10024
-10944
-6712
-5965
-5540
-6955
-6613
-6499
-9016
-9252
-7685
-10420
-8898
-10546
-7592
-8896
-8735
-7138
-10983
-6833
-8317
-9500
-9174
-11454
-11812
-9122
-8300
-5402
-5374
-3700
2580
3195
2249
861
6113
7386
4959
7202
4199
5686
4900
6227
9078
5944
6745
5115
4939
5808
2234
4285
6681
2316
2082
11
2462
-528
-6666
-3928
-3413
2896
89
2316
3910
4113
4732
-938
-3921
-9269
-5081
-2425
-5828
-2376
-4003
-9657
-6403
-5147
-7591
-8273
-9171
-4110
-7603
-10234
-8874
-11304
-9833
-9595
-7160
-7701
-12762
-8142
-3191
-3389
380
-1518
-5876
-1649
-3819
1770
2655
4319
3766
2338
6970
3495
7850
5753
5501
8686
6391
6298
6306
4861
3253
1471
2804
4462
2305
4219
3952
5502
4767
3138
-2132
-3629
1089
-1477
-1780
-3977
-7613
-5947
-5341
-6896
-6280
-8692
-8535
-7209
-10566
-10155
-11718
-9484
-8501
-9969
-6405
-10029
-8115
-6809
-6304
-4389
-3322
-3742
-6145
-5477
-6730
-5520
-3795
-3450
-7756
-4395
-946
409
580
377
4372
-194
-177
-4443
-3386
4861
1243
-2209
2506
3952
2442
1591
2666
7476
6221
4754
5530
8524
4966
2404
2943
708
814
-1750
-3156
-2650
-1913
-909
-2903
-3413
-4817
-8789
-5360
-5325
-7739
-4607
-3685
-4267
-7756
-6291
342
-1362
-146
731
634
1113
-324
3197
2070
2069
2011
-735
1203
-754
-1088
145
-1830
106
-80
-1811
-2838
-3920
-4354
-9841
-9890
-7076
-7211
-6987
-9121
-9721
-7337
-9494
-11452
-7376
-8517
-8375
-4730
-4981
-7541
-7819
-5959
-8492
-5638
-7762
-6675
-5133
-6993
-4165
-5609
-5065
-3488
-5240
2003
3874
105
3953
4323
12815
8353
7092
8204
-653
5844
3980
8501
16003
9382
10693
10048
8849
6407
3501
5193
3272
1582
-418
-3318
-1982
-1044
-3864
-4042
-2181
-2020
-3804
-7680
-8797
-9731
-10038
-10914
-10377
-9768
-11482
-9141
-11395
-12504
-13271
-15975
-12676
-15574
-15226
-12910
-13863
-13614
-13228
-10108
-8946
-6270
-1030
-770
1606
701
-799
7097
8620
7951
7210
7544
8873
8081
8081
10426
10705
10002
11343
11063
11243
9186
8424
9084
6354
5875
3661
-2255
197
-25
1580
-2484
-3847
-1366
-2291
-1937
-6215
-5148
-4842
-6352
-10644
-12542
-8328
-5606
-7731
-4478
1083
-6284
-7861
-9879
-5920
-5119
-9865
-13632
-17067
-9742
-9162
-10832
-5391
-7141
-7841
-5961
-6095
-4617
-6189
-4427
-1857
-947
-4369
-3904
-1855
-177
6253
8237
4695
6084
6232
5555
6819
4641
6930
5664
5062
4325
4111
3022
3454
3638
-201
-1980
422
2247
1097
3020
13
939
3487
-327
-2690
-1188
-525
1095
1810
827
-2612
-4203
-1656
-3495
-2083
-5383
-8826
-9850
-8921
-6999
-8676
-5720
-8584
-6748
-3763
-10230
-9067
-4779
-4771
-3818
-5458
-5392
-6229
-7715
-5105
-5012
-4411
-5608
-6293
-3001
-4769
-3745
-2473
-1936
-2874
-5143
-6404
-3236
-1356
8252
10937
-2325
3655
-387
4306
14872
11950
3461
-3801
7578
5421
5016
11712
9126
5802
9232
8441
2348
26
2550
1122
-4214
-2607
-7175
-11129
-2588
-3359
-3118
-897
-2627
-1620
-740
-4556
-9400
-2317
1046
-1856
-2289
-926
-3335
-3316
-2484
-1918
-15
-2036
-2806
-2619
-591
-3682
-2417
-1724
-4238
-2825
-4644
-2713
-2847
-2927
-4497
-7853
-6493
-5979
-6251
-5147
-5783
-5341
-4122
-4534
-1554
-2520
-630
1186
-423
1199
-1759
-2857
-2437
-2727
-1995
-4567
-3689
-2730
-3775
-2229
-3753
-3507
-5060
-1371
3766
-590
-2325
968
3761
6983
6463
-91
-1325
956
7138
8069
8261
7621
7260
11349
9588
4998
-4246
-1629
5293
4875
2983
5026
3469
-1577
-1659
-2926
-2987
-4783
-3817
328
-2308
-4299
-5602
-9076
-8196
-9697
-11472
-14753
-13526
-12155
-13252
-11429
-12821
-12135
-10652
-10314
-13856
-13152
-10317
-13055
-10512
-6133
-5955
-3202
-1732
1099
578
1371
4600
8614
8218
7500
8242
7646
11313
11082
13087
12405
12971
10929
9707
10221
6791
6819
6000
4284
593
1895
2530
1972
2241
-679
-2896
-4697
-5441
-4347
-4377
-6363
-6265
-6686
-6095
-6834
-7792
-7859
-9919
-8636
-10030
-11469
-11717
-12698
-13948
-10651
-11704
-16724
-15207
-12707
-9558
-11606
-10787
-6448
-7335
-4250
-6309
-8424
-8428
4514
1654
-3856
10017
5360
2476
4117
8124
6900
4350
10058
12061
12624
11720
11336
8632
7634
7361
4589
5131
5056
5769
6361
5194
1769
2977
2095
512
25
-2116
1505
-3311
-7883
-3357
-3368
-5132
-5834
-5291
-7237
-8071
-7732
-6677
-7378
-7284
-5186
-6443
-6820
-7238
-8709
-9476
-8193
-7265
-6823
-2763
-5147
-6309
-3699
1030
1268
-1771
1723
-1403
-2480
-2214
-5107
-4136
-5221
-2202
-1475
-2903
-1836
-2377
-2250
-4845
-2687
-1000
-357
221
2237
724
-2845
-93
1529
1250
-1216
2173
5733
1843
1782
213
5521
11403
3008
469
-1065
6410
2087
-9478
3350
4785
2709
2395
444
-5640
-10674
-4581
-3992
-2240
-4732
-3940
245
-2091
-2703
-1361
3692
2283
453
2083
-1181
-1995
-1435
-870
-1570
736
384
-2122
-1871
-2171
-1371
-6328
-4639
-3600
-5070
-3961
-7815
-7099
-5859
-10451
-12924
-7969
-6245
-4950
-2986
-4431
-4356
-2103
-1836
-3702
-1570
1534
1447
897
-1412
504
222
-1066
86
-355
-1039
19
-3724
-4098
-2312
-4267
-2890
-2944
-477
559
-3990
-3551
-550
2711
2069
3362
1162
-2927
1936
787
4902
4872
1665
-287
-362
3253
1379
1114
3183
5413
4995
11129
1621
-4317
-3724
-2809
-147
-1846
1297
-2369
-2398
-168
-4802
-5594
-3160
-5945
-3279
-3218
-8249
-8042
-11290
-8328
-10033
-9830
-12326
-10446
-7746
-12374
-7582
-6734
-8193
-6958
-4016
-5906
-3773
-1452
-2345
-3190
-3978
84
5202
6156
2623
6196
4867
2789
4982
4873
6874
7058
5111
6044
7505
7079
5318
5087
5885
7012
5442
4707
5333
4460
5904
3007
-2380
-1721
-182
1051
-543
-1571
-3534
-5752
-4612
-4475
-5202
-6240
-9309
-8929
-11853
-12342
-12310
-14400
-14120
-15377
-15743
-13737
-15235
-16078
-15988
-13999
-11887
-12549
-13930
-16536
-7052
-6486
-2461
443
-1055
5246
4679
9881
3544
1819
8044
6767
4944
9811
16960
11658
8270
10682
9984
8715
6157
6266
10394
9101
11268
10045
9114
7188
2990
1050
-375
153
-5908
-8723
-5719
-4639
-1825
1591
-1586
-1080
-4146
-6330
-6553
-11345
-8744
-10445
-11900
-9499
-9012
-9163
-11097
-8750
-7186
-8997
-9268
-6360
-4163
-7155
-7333
-4461
-893
-66
-1913
-2197
-1455
-1349
-2497
-2441
-5060
-3203
-2314
-1529
-1855
-1787
-5403
-6825
-271
-2333
-1297
-1338
-284
483
-452
-730
-2666
-1277
-187
1542
-1417
838
1410
875
1071
449
3280
1706
285
-4971
3739
5428
1323
-1056
-883
1619
-3014
-2305
-7042
-1437
-3064
-7256
1041
4163
1662
6278
6057
845
716
1821
2246
465
4453
-861
-2127
229
374
2729
1988
2008
1924
-228
-1712
-1832
-4192
-4008
-6414
-7225
-8404
-8526
-9130
-9534
-10522
-13480
-11908
-10069
-8321
-11429
-8044
-5191
-3386
-2226
-1897
-952
-1687
919
711
-1644
-891
-1251
-213
-1415
-48
-681
-794
673
537
-663
-2021
0
-709
1100
4235
3583
-1840
1104
2260
521
3005
-373
788
355
1287
2038
-632
1290
-170
324
988
-749
-2550
-2426
197
-1232
-4913
-4663
-1050
-3521
-4586
-8234
-5605
3321
1993
-4678
-5493
-6190
-6438
-5509
-7610
-1196
-2545
-6442
-5297
-7343
-9942
-10592
-9427
-11645
-11508
-9994
-9050
-7096
-6214
-4053
-5761
-3060
-1506
-1986
3601
247
1725
868
6466
10235
3930
7072
7633
7088
6304
8755
6707
8381
5338
3779
7792
4676
4753
4232
4892
2552
3443
5433
4327
1618
384
1063
2052
3103
2322
250
-962
-1314
-2779
-3425
-7006
-7150
-8945
-8153
-5757
-7930
-7431
-9658
-11247
-10570
-14055
-14843
-14798
-15006
-15132
-15838
-15951
-16191
-14557
-12307
-8830
-11949
-9901
-10197
-5864
-2074
-4084
-1673
-4077
2064
3936
8408
12522
9601
13909
16937
12216
7638
8739
6238
10928
10607
12871
14007
11439
7811
2393
6923
10099
6539
7701
9469
8130
1633
-1088
-989
-2434
-3401
-5750
-5294
-5336
-5616
-3189
-3719
-4842
-5948
-7467
-10245
-12639
-12931
-12719
-14138
-14062
-12477
-12217
-10518
-6931
-7435
-9713
-5557
-3663
-5321
-5002
-3687
-6310
-3159
-3428
-2327
96
-219
2698
509
2585
2883
3927
874
439
3082
1355
2982
5151
4273
1574
3019
3201
2702
3042
3852
4110
3171
3595
2679
1262
-462
-210
-1245
-2568
-2433
-1383
-4719
-2153
-1781
-6538
-3977
-6994
-9993
-10500
-8796
-7762
-4291
-4661
-3697
5006
-728
2810
4784
1621
-1574
-1934
2347
3944
4208
5237
6336
5999
1257
-331
4335
4376
2133
2037
1339
1208
-643
-1977
-3675
-6183
-7056
-8502
-10106
-9704
-7589
-7122
-5999
-3756
-3090
-6382
-8358
-7612
-8905
-8146
-5827
-6057
-4387
-3768
-6469
-3255
-3601
-776
-419
-1952
-1179
-1142
-671
-1130
83
1331
190
4496
5960
-14
5338
9570
8313
4829
5722
4329
2375
3450
3191
3686
3546
5517
4508
5077
4489
2735
1920
-475
-255
-2142
-3915
-3352
-3811
-5755
-7556
-10018
-7934
-4807
-5847
-4874
-7048
-7040
-5309
-6353
-8313
-10970
-11061
-6288
-4637
-4276
-5056
-7896
-10445
-12930
-7289
-8354
-11135
-10985
-7851
-2976
-3679
-2693
2784
3615
3988
1655
2935
7865
10244
5993
6894
8353
7655
3393
5721
9464
8340
9549
7898
8603
5980
6292
5881
3890
3132
1962
2431
-1748
-3118
-1449
-5278
-7716
-2149
-2603
-3741
-3044
-2359
-360
-2519
-2928
-2947
-4563
-3504
-4996
-4303
-3624
-5804
-4594
-6885
-7310
-7424
-7959
-6948
-10723
-10881
-9059
-12512
-11120
-10747
-12381
-8768
-9285
-12648
-10669
-5925
-4835
-4170
-4093
-2137
-2926
-2539
-1360
229
-104
-255
7028
2866
3607
5697
1816
6436
6050
6081
3390
1322
5839
5325
3658
2922
5946
5810
11301
3692
-2035
8148
6114
4219
5259
2770
265
2879
-1166
-3017
-4166
-6013
-3968
-6110
-5990
-6606
-6420
-4958
-6718
-5519
-8180
-7731
-6876
-7294
-5307
-10663
-11162
-5221
-3194
-4513
-5127
-2300
-1678
-5952
-7368
-4992
-6134
-5023
-6253
-6039
-1990
-4807
-2883
-4158
-3632
-2912
-4590
441
417
64
2709
-888
1163
2847
940
4054
3555
4590
3778
2715
4089
1561
845
3207
1601
1591
649
-674
-602
-3173
-3051
-5365
-5998
-4832
-5910
-4513
-8762
-8127
-5098
-9442
-100
-1729
-10730
-1903
-1990
-3527
-705
2593
-254
-2235
6434
4556
9942
8168
1151
2680
-633
2857
1473
2214
5016
1721
198
-1870
-6279
-2887
-3720
-6038
-6068
-6976
-2869
-6989
-7418
-4468
-8594
-11738
-8146
-8973
-9412
-6705
-3903
-4079
-4520
-4236
-6277
-4964
-6467
-6230
-6357
-7042
-7421
-3085
-3090
-1145
-1609
86
4430
-3371
-729
4242
7450
5168
4968
7465
5060
9308
8712
7477
9116
6432
7956
7709
3781
3985
3084
2643
1488
-406
513
1569
1698
-1061
-4422
-5016
-6925
-5630
-6225
-8412
-8203
-9674
-8175
-8291
-9411
-11656
-13807
-12248
-12066
-17791
-13283
-14058
-19557
-13566
-14994
-15696
-17003
-18065
-12129
-8409
-7171
-8283
-3320
2480
2700
1193
1295
11034
6875
2580
10472
13915
15213
15690
16482
16060
13443
11710
12653
10065
10533
9047
8706
8759
8298
9316
8239
5343
3498
3437
-223
-1810
-1546
-1331
-3268
-2698
-3758
-3305
-4278
-6615
-3481
-7929
-7321
-6242
-9293
-9028
-9316
-12202
-11629
-12476
-12992
-12634
-13282
-11221
-9438
-10590
-8812
-9369
-10021
-6896
-8354
-12536
-11189
-2775
-3665
-4445
-1035
-4560
-1730
736
1343
2852
2641
5640
4737
5425
5704
4925
7254
5812
5374
5020
4911
4909
4047
5179
-441
-1953
4385
2502
696
-1024
-2481
2994
588
-1685
-1674
276
4796
-924
317
1097
-3514
-103
1576
-565
-9764
-9336
-4005
-6791
-7048
-2516
-1529
-2267
-1400
-1497
737
-3142
-10729
-2929
-1729
-4107
-4336
-5514
-3277
-3495
838
-506
-1450
-3317
-3219
-3111
-6875
-5812
-5281
-7465
-7672
-3253
-5845
-5460
-3454
-2703
-2678
-3364
-2195
-1629
1222
1696
2599
3543
3668
5660
6296
6050
7653
6144
2369
609
-101
480
589
1414
-2266
-3097
-2067
-2536
-1987
-2387
37
-3109
-5324
-3924
-3838
-1285
-5571
-7248
2992
-207
-1528
-424
-3693
-2114
-3919
-1334
-1252
-3944
-2460
-2708
-3719
-1764
-2996
-3735
-6067
-7510
-1710
-1620
-79
1014
-2080
-6409
-10947
-2107
885
-5523
-8690
-4874
-4183
-3788
-1261
-3017
-2752
-293
699
-488
1605
-442
-71
-2062
-565
-461
-4123
-4054
-1989
980
730
3277
2681
-760
1935
1486
-529
261
-4546
5788
5380
1469
3991
-2382
3271
2849
598
2048
1805
2431
2446
2303
1642
1229
1368
2033
2540
3936
4131
2306
1090
-1034
-5846
-6082
-5184
-5594
-7199
-8568
-5898
-7823
-6728
-5624
-6020
-5684
-8730
-9664
-10462
-13814
-13321
-14980
-14509
-13723
-14462
-12691
-12364
-13674
-12781
-11237
-6204
-6835
-7637
-3721
-3396
-2121
-6823
-1241
4770
5052
12641
11516
9272
10087
9725
13705
12708
9735
14643
3205
6414
14312
8994
11730
13946
10776
7658
7560
1364
1696
2989
-2079
-1697
-2823
-1406
-1552
-3251
-1880
-998
-2392
-3136
-5657
-10008
-8145
-9692
-10050
-8468
-9569
-8849
-11019
-13873
-13729
-15613
-11516
-15848
-12987
-12821
-14888
-9361
-12008
-7676
-7571
-10520
-10578
-5971
-432
-4089
-1818
-3947
-3063
2568
5997
6918
9543
8495
7834
10495
7656
7362
5672
8072
8669
7915
9919
8440
7818
6538
4792
3294
1427
239
898
-1033
697
-1412
-2423
413
-6827
-3082
-3998
-6859
-3398
-5390
-4692
-10983
-10636
-8341
-6970
-3754
-8285
-5080
-594
-3559
-5452
-9467
-8474
-6682
-5440
1811
-542
-2662
2005
3032
-3214
1997
2556
-1137
2054
5058
4768
-1610
-944
-4092
-3614
-4310
-4930
-918
178
-3178
-4309
1642
3982
-223
1635
975
-5359
-640
-1173
-368
-1572
-1330
2399
-905
1650
1201
591
1075
21
-863
-1583
-642
252
-1705
-174
1392
-2728
-896
-5714
-7390
-3948
-7175
-4267
-6137
-5117
-2234
-4123
-2191
-3868
-1474
5162
117
-206
315
-748
-121
-4337
-56
-1673
-1034
-2044
-3210
-406
-6974
-4804
-3421
-6288
-4565
-6554
-7828
-6327
-9348
-8405
-9393
-11002
-7670
-10151
-9446
-3697
-1296
-4830
2370
3591
-1728
-2388
-5551
1671
3313
486
552
2937
1773
1402
203
2078
1482
-2657
1341
1724
3463
69
1080
2360
2251
-4507
-1167
6315
5320
2876
1089
3823
1623
5592
3845
2351
2392
-1102
3832
514
736
2631
-1450
833
705
-2842
-2031
-3262
-2829
-5318
-7283
-4609
-6166
-4080
-4516
-5114
-3762
-4705
-4118
-5289
-8746
-9398
-9673
-8497
-9606
-12794
-9703
-8737
-9833
-8533
-10897
-12984
-12174
-10430
-9994
-10169
-6723
-7926
-3964
-769
-367
-1601
-4479
3604
3217
648
3147
3196
3072
5045
4518
6439
7989
5057
7329
5044
8136
11671
11909
8524
5292
4356
4971
6563
827
1986
439
207
3657
1323
-1466
5658
4459
2508
2870
-161
-434
-3970
-3991
-6535
-8681
-8997
-10824
-10892
-9492
-10794
-9447
-11912
-12998
-14226
-15446
-14767
-14190
-12969
-14934
-13029
-8813
-10700
-13899
-8081
-3679
-5605
-6339
-3984
-771
-761
3100
3424
2046
6546
7657
9823
10860
10323
10302
8426
9165
8795
6725
9356
7087
6698
2742
1086
4880
1647
4548
3558
2761
3779
122
-2949
-3315
-4049
-3205
-4982
-5683
-5487
-7485
-6068
-9022
-9483
-11006
-10354
-9380
-12124
-10965
-9117
-11066
-12443
-12191
-5476
-2805
-1720
-1221
-5404
1739
-657
1900
1805
-1530
-772
-5087
2390
1251
1189
5872
2395
-572
1816
1796
2980
624
-3022
388
-989
1457
3330
-865
-1046
2700
1690
5458
4748
1399
2225
1389
1830
1422
2675
1325
753
2246
342
-883
-648
-1608
-5006
-6379
-6271
-4398
-3957
-8418
-7499
-6307
-6283
-7334
-5971
-1706
327
-1494
-5558
852
6053
2518
5324
3021
2541
1888
-179
1918
-544
444
273
959
851
-241
-647
-1651
-2420
-4806
-6542
-7212
-8509
-9555
-10860
-11719
-10116
-8783
-8594
-9791
-7414
-6494
-10565
-11038
-4663
-6677
-7827
-6451
-7795
-3066
2768
1766
-2369
109
-2883
2901
4239
693
-4302
-416
2143
-1094
5304
8081
10803
9644
7357
1558
6873
10619
7356
5514
1031
5475
-458
2936
7188
6844
7313
7152
5762
3208
2951
1187
-772
-1618
-2641
-1650
-3706
-4672
-4678
-8098
-7244
-8506
-6969
-7203
-10057
