485
510
790
723
655
817
707
946
1196
1108
844
990
1048
1171
963
1056
1191
1025
1018
988
1016
857
760
793
770
798
717
411
554
339
483
549
205
277
201
297
39
-44
83
94
-298
-245
-338
-34
-133
-408
-101
-276
-544
-1665
-1290
-546
-711
-670
-828
-792
-799
-643
-741
-938
-911
-499
-526
-811
-413
-141
395
47
878
1173
673
313
356
472
104
172
355
820
435
500
535
734
618
728
727
757
509
624
709
323
427
350
525
612
406
288
660
592
486
395
290
318
145
163
165
162
102
125
261
122
135
-11
202
0
-15
41
165
-192
-162
-27
-111
-328
-702
-253
-670
-708
-796
-602
-571
-876
-1831
-1423
-922
-816
-820
-1026
-1172
-1201
-720
-1187
-980
-1114
-683
-758
-716
-786
-183
543
478
737
531
746
785
666
435
347
252
476
766
741
894
1030
689
951
996
1037
1165
913
1158
1159
593
608
944
985
1051
614
889
1207
1169
1009
1032
1084
1019
936
1039
1071
887
807
697
820
461
408
480
290
108
-111
-260
-142
-498
-168
-347
-741
-769
-800
-247
-589
-712
-873
-897
-974
-1862
-1583
-1008
-1465
-1122
-1103
-1264
-929
-1033
-1120
-1321
-1426
-1063
-1033
-1036
-609
-208
-250
-5
-133
567
932
386
218
208
367
-437
143
369
372
605
544
800
751
669
916
821
1038
1008
1017
1322
867
721
707
1320
1164
1202
1295
1307
1137
1024
1324
1339
1124
1028
972
727
802
752
926
515
593
621
560
443
35
154
352
-65
-168
-47
-145
-126
-636
-342
-195
-488
-623
-826
-940
-905
-1089
-1260
-1460
-1166
-999
-1066
-1272
-1416
-1267
-1302
-1213
-1360
-1101
-1019
-1340
-1334
-619
-236
51
303
376
12
-455
-678
-333
-737
-793
-530
-866
-330
-576
-35
336
199
309
268
424
476
624
635
441
441
395
481
590
624
598
616
527
446
501
701
778
462
517
564
517
559
523
500
503
251
576
712
473
203
309
390
185
248
138
272
82
-172
-9
219
-167
-219
-48
38
-226
-733
-953
-698
-353
-1084
-547
-643
-903
-822
-654
-736
-1111
-408
-580
-461
-222
95
-46
117
501
371
375
423
184
279
114
-327
28
36
466
492
477
850
702
337
572
669
740
734
488
647
414
429
512
699
662
325
539
750
634
491
373
450
130
100
441
126
249
379
458
469
147
329
158
12
-70
-45
-141
-205
-346
-436
-138
-520
-590
-431
-483
-809
-776
-919
-799
-973
-1708
-1559
-1268
-1466
-1324
-1014
-1590
-1789
-1430
-1298
-1141
-1100
-607
-513
-808
-481
-199
133
160
218
342
342
-109
58
253
186
-136
244
589
345
715
734
761
903
1048
1016
1169
713
923
1034
1046
938
950
1402
1029
833
966
1092
1047
1029
951
1209
992
659
879
901
567
537
479
625
408
120
267
113
16
-366
-60
-215
-519
-458
-576
-373
-940
-1033
-910
-945
-836
-1233
-796
-1107
-2387
-2007
-1206
-1548
-1664
-1623
-1929
-1474
-1503
-1222
-599
-736
-935
-1001
-882
-1050
-863
-251
-102
-403
-96
-128
-207
-600
-504
3
-568
-506
-470
-222
-22
-199
348
472
414
934
921
1246
908
697
945
994
1106
1016
1391
1357
1036
832
1158
1268
1219
1209
1396
1119
711
716
956
833
710
795
714
861
517
748
513
217
326
209
291
-13
-106
-24
-142
-367
-408
-287
-546
-830
-584
-927
-1675
-1659
-1304
-1067
-1472
-1342
-1386
-1757
-1239
-1182
-1464
-1399
-1325
-1165
-1103
-1034
-1358
-1349
-927
-1039
-615
-304
-381
-367
-331
-876
-575
-446
-1075
-284
-54
-259
-140
59
475
267
465
752
668
777
888
1010
920
831
573
1225
1420
1213
1214
868
1001
691
927
1022
684
643
687
728
502
492
623
536
281
356
381
428
232
301
322
185
213
-56
115
-45
-238
11
-82
-282
-595
-1245
-946
-911
-976
-821
-833
-879
-963
-1113
-1077
-1207
-1129
-741
-822
-910
-1168
-588
-1025
-935
-721
-747
-392
422
475
257
67
7
400
-112
167
-70
213
185
222
410
527
662
509
582
745
681
660
667
478
496
652
755
673
477
442
742
599
565
287
383
540
128
99
207
161
318
79
394
372
116
254
106
138
45
150
181
-41
-298
-99
-215
-346
-438
-574
-766
-1356
-1333
-1107
-1085
-1036
-1224
-1423
-1512
-1282
-993
-1181
-1242
-1121
-927
-681
-722
-659
-643
-820
-884
-840
-546
-99
100
425
457
366
378
186
-89
169
93
-164
492
317
406
587
637
815
743
826
1007
975
671
776
1010
919
728
611
1178
1152
584
964
903
771
573
681
818
561
385
604
625
342
505
263
297
234
43
141
-27
-94
-127
-209
-210
-439
-515
-599
-671
-934
-1068
-981
-1270
-1140
-1078
-1253
-1497
-1401
-1211
-1071
-1303
-1472
-816
-992
-1160
-957
-1051
-753
-909
-835
-587
-419
-472
-508
-90
-210
251
454
376
203
-120
199
-36
-115
30
203
411
277
451
565
762
584
821
1047
878
948
1061
1241
1167
1235
1172
1184
1255
1247
1311
1326
970
896
915
910
807
715
764
661
439
517
550
453
404
330
296
204
295
100
-95
-365
-319
-200
-99
-505
-811
-514
-699
-869
-609
-849
-835
-1009
-1213
-1115
-1230
-1299
-1302
-1015
-1485
-1342
-1177
-1287
-1203
-1257
-1226
-970
-1052
-1128
-796
-692
-304
135
-121
-165
-698
-431
0
-710
-505
-503
-122
29
34
205
466
483
405
716
526
367
692
913
914
899
819
948
948
775
809
915
885
736
530
586
384
230
479
614
522
319
404
585
432
403
528
415
287
402
236
171
96
17
23
-211
-167
-319
-431
-364
-538
-597
-534
-842
-899
-574
-656
-743
-557
-598
-877
-968
-1095
-801
-453
-855
-855
-849
-686
-589
-643
-469
-186
-385
46
384
-217
16
191
112
-305
-31
66
250
448
28
10
354
436
472
645
728
671
534
762
624
413
498
638
410
369
474
643
437
276
488
682
428
367
446
373
536
430
479
567
476
406
601
374
396
438
291
97
-297
-406
-195
-277
-386
-383
-304
-454
-633
-616
-947
-1131
-955
-658
-816
-814
-1044
-853
-706
-861
-847
-821
-676
-738
-714
-439
-455
-550
-238
-80
386
137
301
464
532
272
-144
338
-161
-160
353
417
202
447
370
641
467
538
827
719
973
569
765
644
637
694
1036
1009
897
997
719
744
624
516
745
613
593
397
310
332
-23
297
80
101
267
64
77
-71
-254
-333
-690
-619
-705
-528
-481
-844
-516
-1044
-1161
-914
-1191
-1119
-1336
-1327
-992
-980
-1027
-916
-912
-981
-679
-834
-808
-656
-857
-630
-295
-660
-816
-214
-157
-156
42
200
654
211
-104
133
-43
65
-21
18
165
279
164
398
730
673
807
1050
1330
1103
1045
1267
1210
1032
1218
1320
1275
1395
1235
1202
919
937
954
881
769
584
843
848
811
542
605
481
374
621
341
82
219
-139
76
-68
-328
38
-282
-516
-400
-295
-387
-774
-819
-584
-982
-906
-932
-751
-956
-1042
-943
-849
-955
-1140
-1097
-1039
-1093
-1112
-849
-957
-791
-1208
-1015
-473
-409
-563
-69
197
-404
-613
4
-314
-621
-44
-64
-83
88
-24
67
764
867
921
770
805
587
707
856
586
657
993
721
818
707
615
800
147
687
537
720
665
562
761
645
473
184
446
412
516
438
370
392
238
352
413
-16
-88
-55
-26
-148
-149
-191
-90
-211
-815
-605
-380
-547
-557
-343
-451
-726
-709
-378
-903
-1108
-696
-741
-826
-996
-681
-662
-684
-658
-343
-141
-270
262
540
110
-53
169
-165
121
-125
-196
205
-185
79
140
237
598
292
456
552
351
410
570
774
546
764
823
502
305
232
235
669
336
-36
230
371
443
253
177
269
169
368
682
467
460
343
462
471
331
-34
171
58
-50
-136
-223
-373
-467
-76
-638
-774
-839
-931
-579
-754
-874
-360
-948
-838
-739
-960
-1084
-945
-684
-658
-482
-569
-363
-375
-443
-386
-92
-50
225
439
668
508
477
180
161
-123
-169
266
84
205
38
16
215
558
632
655
599
530
494
622
679
712
750
732
829
767
691
935
612
709
551
341
522
48
329
498
354
295
193
101
150
69
126
-33
64
-45
-323
-267
-632
-516
-605
-530
-599
-741
-558
-992
-954
-957
-916
-915
-828
-521
-592
-761
-1057
-982
-1087
-942
-940
-796
-475
-930
-927
-632
-649
-759
-817
-317
5
-144
164
517
206
-218
42
190
-84
-120
33
256
441
388
518
367
217
605
674
861
964
981
942
1056
872
932
1287
1044
1222
1154
1260
1228
1000
1107
1044
872
840
725
1058
892
426
538
561
651
318
566
378
48
271
160
213
-74
-226
-87
-299
-149
-296
-454
-470
-595
-582
-757
-676
-698
-1023
-1071
-1137
-1420
-1235
-1282
-1464
-1150
-1070
-1337
-1184
-1328
-1262
-1148
-1357
-795
-655
-704
-617
-638
-62
-74
-418
-257
-218
-267
-815
-449
235
-61
-68
-26
389
430
437
1004
803
702
837
800
661
642
547
963
890
686
716
525
570
231
494
516
420
466
550
600
494
523
537
485
420
541
646
245
266
434
356
51
-64
125
-160
-1
-84
-83
-48
-226
-218
-468
-509
-197
-757
-633
-511
-892
-628
-945
-901
-1202
-1362
-908
-952
-828
-700
-508
-709
-541
-69
-161
-139
-120
270
449
377
58
-283
-82
-129
-371
-80
149
109
-71
336
157
67
430
378
721
567
418
258
370
489
668
637
583
415
415
337
349
519
416
658
460
483
410
263
406
444
431
505
390
428
558
433
-26
99
192
-26
-258
-115
-234
-513
-74
-303
-282
-529
-777
-691
-586
-478
-710
-846
-834
-1048
-1013
-889
-948
-937
-1105
-984
-699
-658
-568
-521
-284
-175
-232
94
19
106
595
466
504
359
-152
201
-10
-109
66
107
314
-72
287
509
329
601
604
604
303
490
651
768
581
828
1097
857
965
752
889
554
695
439
466
447
508
684
391
328
376
334
74
164
-51
199
-134
-346
-250
-347
-429
-527
-556
-489
-754
-719
-545
-872
-939
-984
-944
-697
-743
-753
-781
-1257
-1163
-1154
-928
-1076
-1227
-940
-1018
-919
-836
-747
-477
-607
-599
-587
-522
-211
-106
546
428
64
135
-59
107
113
-163
188
344
223
592
874
967
903
861
1160
1111
941
1020
1208
1281
1287
1354
1193
1227
1195
1117
1278
1016
848
1045
778
864
796
609
734
618
528
798
719
350
406
373
497
88
267
195
-152
33
-151
-195
-123
18
-199
-444
-674
-572
-658
-620
-701
-748
-586
-985
-1282
-1314
-1342
-1221
-1346
-1259
-923
-1075
-968
-1142
-863
-908
-1118
-646
-785
-626
-190
-161
105
-228
-372
-100
-303
-393
-222
-241
-131
243
189
459
289
552
658
530
616
645
750
704
727
784
1029
877
776
610
805
579
586
621
525
468
234
513
584
447
491
535
520
771
390
416
418
281
261
419
601
110
8
151
122
-33
-149
-81
-190
-486
-223
-196
-363
-540
-664
-583
-1009
-1129
-1016
-1078
-1029
-1078
-974
-838
-847
-876
-676
-701
-598
-587
-513
131
-102
143
677
370
89
136
435
88
-265
-316
-2
151
43
225
245
38
105
442
270
556
588
503
627
540
635
652
665
685
495
687
810
502
683
684
565
581
304
586
638
441
522
307
316
157
421
397
70
160
317
13
32
-175
-247
-170
-620
-165
-515
-695
-591
-726
-463
-802
-1067
-947
-884
-985
-1154
-1005
-897
-1205
-1116
-678
-706
-684
-776
-407
-315
-469
-117
32
34
141
501
422
515
513
372
189
266
-3
-136
279
405
410
216
533
532
358
672
828
657
659
878
648
600
741
1095
1156
784
895
724
765
558
573
608
487
321
346
524
341
343
27
144
-91
-95
-17
-76
-167
-487
-306
-426
-636
-574
-486
-410
-298
-480
-510
-713
-862
-767
-815
-764
-833
-628
-835
-1115
-1099
-1170
-1016
-1001
-1039
-783
-816
-911
-819
-761
-739
-666
-362
-222
-274
35
135
91
136
-44
303
94
-111
4
-38
175
390
417
603
623
515
717
796
994
1032
883
943
1159
939
1131
1161
1059
1218
1144
1205
958
894
1001
916
678
511
439
402
497
453
397
392
320
284
405
368
89
131
165
35
-18
-42
52
-79
-241
-228
-49
-381
-775
-453
-501
-682
-840
-745
-956
-1289
-1322
-1372
-1225
-1443
-1434
-1322
-1292
-1397
-1243
-862
-1026
-835
-685
-517
-242
-310
57
99
-211
-49
-65
-201
-431
-205
256
-2
146
187
189
434
446
543
581
662
603
482
550
599
584
699
776
864
729
520
533
467
623
725
632
669
502
564
538
263
569
615
428
482
354
480
431
252
476
341
37
0
77
-91
-47
-22
113
6
-396
-304
-361
-270
-480
-647
-703
-940
-1033
-907
-1074
-1160
-1103
-1275
-1105
-1037
-798
-535
-224
-354
-526
-162
-80
-167
51
325
275
111
-28
166
169
34
48
130
159
-1
87
240
74
232
484
641
599
238
100
338
436
436
693
503
475
501
518
514
523
435
781
796
527
703
451
455
257
275
513
457
385
368
104
130
11
-84
-72
-126
-117
-246
-88
-290
-316
-230
-343
-555
-592
-607
-420
-472
-750
-710
-846
-888
-960
-1051
-989
-996
-1055
-748
-744
-592
-425
-430
-287
-384
-240
-111
-216
183
367
356
467
-23
135
40
-196
-45
-13
89
146
241
408
391
282
724
594
405
508
495
764
607
544
718
748
828
679
692
539
460
680
769
410
365
469
225
257
-67
23
143
-38
-96
-91
-231
-432
-446
-371
-533
-442
-451
-504
-331
-672
-598
-641
-563
-748
-696
-354
-475
-608
-669
-531
-832
-1143
-1129
-1057
-1184
-1205
-1143
-777
-785
-1013
-629
-780
-788
-572
-531
-193
-207
-55
363
293
198
83
166
320
147
36
233
411
527
594
740
922
742
1126
1011
1003
1092
908
1195
940
1115
1220
1066
1037
1266
1211
1233
1166
1011
1173
683
592
622
533
500
432
475
515
352
367
409
351
291
155
191
-35
82
167
55
181
-284
-153
-316
-585
-499
-670
-517
-665
-727
-904
-865
-1227
-1212
-1387
-1327
-1339
-1702
-1355
-1545
-1242
-1212
-1251
-1109
-934
-727
-397
-365
-398
-349
-139
297
174
160
34
-11
11
-10
309
309
265
385
430
506
514
779
666
555
492
625
417
289
492
600
830
552
666
710
758
807
767
604
453
330
295
448
397
502
186
516
586
535
608
192
400
278
263
155
91
57
140
61
-46
47
-174
-217
-372
-95
-352
-536
-521
-627
-577
-902
-924
-1038
-1092
-1105
-1325
-1215
-911
-1106
-843
-608
-568
-422
-343
-127
-85
160
39
297
407
200
174
31
-129
-99
-160
-30
225
100
168
163
131
257
427
98
217
354
337
327
163
413
289
487
517
692
967
743
859
689
574
450
364
530
620
462
458
542
303
321
375
505
460
-80
-243
-167
-228
-161
-149
119
-95
-474
-122
-346
-451
-435
-552
-387
-601
-629
-625
-714
-870
-1021
-890
-881
-958
-945
-969
-710
-626
-579
-329
-209
-372
-159
129
47
58
231
439
15
517
270
-24
35
-78
355
91
101
356
471
329
292
486
645
577
781
704
670
545
312
644
851
791
874
746
603
858
499
622
512
261
264
109
348
-55
-77
165
93
-63
-139
-98
-357
-493
-376
-374
-649
-518
-523
-473
-418
-677
-447
-536
-706
-463
-391
-566
-523
-525
-591
-518
-857
-988
-1144
-1095
-1156
-1290
-1095
-954
-1006
-867
-658
-689
-643
-515
-204
-263
-7
148
419
351
295
449
295
144
180
279
357
280
183
912
804
934
986
1018
1077
751
766
926
968
732
960
875
968
1041
1249
992
732
846
851
723
161
598
632
432
570
566
506
236
63
414
435
196
186
-9
126
-149
-242
13
-70
-191
12
-137
-338
-431
-647
-524
-595
-764
-886
-923
-947
-1265
-1361
-1435
-1717
-1670
-1458
-1263
-1281
-1121
-898
-1010
-986
-593
-509
-455
-292
156
267
-42
-205
90
116
-23
77
-104
84
153
382
499
641
794
697
511
590
341
262
96
286
452
481
866
617
745
610
739
630
467
529
626
589
600
771
708
716
358
568
718
527
573
369
531
212
67
247
74
271
167
225
42
-171
32
183
-72
-235
-437
-465
-515
-560
-270
-630
-789
-1090
-1028
-970
-1364
-1122
-863
-727
-742
-750
-366
-460
-505
-270
-65
94
187
96
193
359
55
340
13
34
-44
-289
-19
-68
292
463
575
439
347
262
333
116
31
104
98
201
243
527
585
634
564
785
659
629
704
533
421
332
628
433
384
445
258
633
256
229
194
-110
41
-238
-182
-320
-70
-164
-237
-396
-483
-409
-351
-439
-581
-433
-731
-610
-530
-452
-490
-812
-1032
-926
-1062
-919
-974
-738
-772
-817
-454
-646
-610
-451
-236
22
186
397
306
113
130
-183
234
-206
-118
21
-271
82
72
202
308
354
292
398
337
523
315
251
343
206
568
676
759
732
549
642
498
499
207
107
373
219
22
-58
-27
-179
17
-104
-116
-248
-375
-125
-216
-530
-564
-414
-564
-472
-605
-197
-529
-526
-471
-637
-330
-632
-467
-669
-572
-695
-688
-570
-897
-1123
-811
-938
-1195
-1274
-1361
-1024
-1196
-898
-595
-887
-737
-293
-323
-91
-181
148
166
-91
280
171
-3
-85
227
251
139
461
776
720
711
762
850
736
573
752
928
917
890
887
1198
1199
897
1097
1081
1267
832
792
916
453
550
526
655
436
82
411
634
454
572
385
441
178
80
304
91
-20
-238
63
-65
-136
-344
-194
-301
-507
-490
-885
-631
-1069
-941
-650
-1282
-1156
-1314
-1560
-1601
-1652
-1386
-1649
-1490
-1330
-1019
-1085
-1134
-740
-686
-454
-28
-71
-191
270
11
142
15
-60
-48
-58
279
472
393
370
666
490
515
347
350
335
372
625
622
605
748
1054
833
621
974
795
632
894
592
636
758
370
899
847
452
836
521
635
554
500
744
155
256
213
50
151
-172
-83
247
164
-12
-102
-142
-271
-472
-274
-630
-745
-520
-756
-526
-798
-1101
-818
-1278
-1174
-991
-888
-823
-934
-758
-705
-564
-524
-310
-244
153
184
330
238
6
126
21
-116
-62
-77
-15
315
102
116
458
295
104
423
187
294
180
457
669
517
555
606
688
522
795
827
890
691
761
938
646
420
613
542
784
663
577
588
253
329
78
230
188
-53
49
-198
-102
80
-235
-2
-213
-350
-269
-570
-593
-415
-310
-260
-572
-491
-380
-576
-507
-592
-499
-808
-930
-736
-796
-798
-793
-896
-506
-373
-162
242
188
383
397
416
428
-8
-54
198
19
-229
-102
272
249
178
546
733
560
490
534
769
472
568
887
611
586
600
887
924
706
834
829
584
600
219
286
378
28
183
314
194
210
43
-94
-230
-505
-116
-271
-358
-389
-451
-409
-606
-474
-591
-609
-314
-510
-125
-439
-644
-289
-554
-222
-720
-763
-731
-640
-700
-818
-770
-1224
-1165
-1035
-727
-1038
-1164
-861
-720
-442
-292
-52
119
106
284
177
57
46
360
667
323
288
531
500
620
799
579
1008
759
820
1067
757
1054
973
1157
1077
896
917
884
1002
951
871
939
907
781
602
645
580
484
412
317
259
225
199
71
286
109
87
159
-29
-3
-77
-100
-190
-280
-107
-389
-345
-188
-420
-421
-721
-635
-780
-1028
-765
-1135
-1160
-1021
-1117
-935
-1415
-1379
-1230
-1430
-1361
-1288
-1343
-1174
-534
-750
-538
-433
-302
-43
-191
144
145
-72
13
230
-94
-188
125
247
-30
141
510
253
167
274
373
420
67
412
430
411
472
160
691
406
361
586
712
691
472
616
696
544
471
521
474
350
348
732
533
401
274
287
384
213
376
229
76
46
224
49
-22
16
-35
165
-298
-204
-255
-531
-470
-795
-458
-515
-658
-558
-703
-730
-1147
-865
-652
-746
-550
-438
-241
-341
-506
-109
198
69
-97
128
246
-63
-116
-94
-245
-516
-96
105
81
-37
-349
-5
66
285
427
180
69
298
397
343
275
357
422
588
728
413
1043
932
788
839
653
771
479
528
552
412
413
308
354
358
72
181
152
13
-118
86
-57
-107
-197
-457
11
-145
-85
-93
-320
-133
-44
-20
-228
-282
-159
-254
-267
-596
-522
-379
-947
-938
-973
-729
-511
-686
-501
-330
-354
-102
235
219
268
240
461
413
162
157
6
-8
-204
43
272
90
313
88
207
411
549
670
612
657
688
839
442
388
617
665
758
866
756
865
617
257
410
151
87
243
173
133
-91
-85
97
-58
-262
-454
-377
-297
-277
-452
-261
-441
-437
-200
-378
-300
-419
-220
-362
-361
-360
-420
-330
-577
-574
-357
-429
-845
-729
-642
-776
-1025
-1315
-1005
-986
-1245
-1129
-740
-541
-762
-542
70
-167
10
372
74
289
104
158
369
72
352
462
426
478
373
572
725
794
984
859
894
883
763
993
1002
1119
928
1094
1115
1033
1294
1260
1133
723
786
644
553
488
725
842
508
402
321
530
255
356
563
411
266
106
283
24
-22
93
73
90
-225
-274
-328
-492
-564
-476
-522
-763
-862
-874
-972
-963
-963
-1206
-1115
-1381
-1601
-1260
-1330
-1454
-1300
-1095
-821
-818
-623
-138
-149
-158
239
196
28
-253
-110
120
-294
-165
28
106
4
58
368
576
342
467
417
399
412
318
570
318
531
738
859
1013
1003
877
989
641
646
929
663
663
531
596
721
290
500
592
285
612
286
407
364
54
319
171
163
8
-42
160
-56
-96
-75
-99
-298
-359
-67
-270
-512
-577
-616
-555
-628
-696
-669
-1021
-1130
-738
-927
-878
-927
-899
-719
-610
-314
-396
-138
-45
178
431
230
121
-10
-132
-162
-228
-336
-195
-135
-194
119
160
83
-101
208
433
204
391
441
336
499
440
639
871
437
800
709
731
763
497
711
614
521
660
552
527
412
220
533
119
-123
-30
-152
-66
-252
-53
-37
-474
-257
-159
-99
-261
-445
-216
-132
-169
-157
-130
-141
-265
-548
-339
-402
-492
-430
-602
-617
-789
-504
-362
-658
-682
-587
-441
-429
-404
-1
92
-35
317
501
631
244
-134
133
-156
-111
-41
-176
46
167
430
608
560
439
591
654
765
579
641
752
545
895
744
905
813
492
808
594
413
152
74
407
77
310
448
234
158
0
-181
-371
-335
-339
-122
-463
-331
-162
-88
-207
-392
-149
-309
-240
-204
-135
-94
-400
-304
-89
-257
-384
-638
-443
-566
-889
-765
-572
-894
-992
-933
-829
-816
-1008
-669
-862
-500
-307
-425
99
106
213
622
332
401
284
94
226
229
357
347
336
643
754
690
665
577
1122
944
866
1071
992
1239
1136
1149
1349
1247
1159
910
1050
866
757
911
596
615
508
878
973
746
579
564
502
351
445
267
256
5
-59
291
39
-53
25
-68
-196
-357
-170
-243
-270
-250
-446
-552
-640
-771
-506
-769
-1274
-1205
-1211
-1036
-1229
-1472
-1366
-1378
-1184
-1089
-1296
-785
-836
-579
0
-258
197
258
264
116
-61
19
-74
-326
-529
-248
38
249
391
580
124
248
368
460
417
62
472
363
472
608
647
875
796
700
952
882
819
954
802
810
591
574
877
638
496
594
509
499
220
397
457
185
157
196
492
205
7
165
35
-85
-114
-240
-141
-252
-352
-80
-481
-364
-216
-496
-507
-780
-702
-408
-620
-752
-1042
-1085
-806
-862
-764
-515
-258
-440
-297
147
171
28
169
39
-168
-385
-432
-391
-677
-363
-41
-41
127
60
-16
116
-9
102
213
171
273
505
588
674
821
825
760
754
830
1014
1008
737
682
747
476
401
426
681
591
128
589
307
97
42
-158
-56
-192
-110
-31
-27
-16
48
-62
-87
-74
-81
-25
-157
62
-156
-127
-80
-640
-271
-239
-545
-485
-321
-424
-733
-830
-810
-746
-611
-641
-362
-228
-373
-71
199
343
235
426
499
197
-13
-62
-73
-98
-218
-94
177
191
485
584
357
491
392
420
631
546
516
777
760
731
774
687
919
788
959
790
537
221
249
458
235
97
292
340
-151
-348
-376
-232
-506
-455
-375
-333
-367
-552
-389
-496
-630
-326
-442
-363
-297
-508
-145
-204
-432
-383
-441
-610
-626
-668
-565
-773
-705
-670
-817
-1103
-1512
-1102
-1154
-1217
-896
-688
-561
-572
-465
98
236
74
373
474
537
319
352
251
137
290
256
441
594
531
494
813
729
701
845
967
979
840
1006
990
906
1047
1168
1148
769
796
1009
784
755
810
892
581
300
500
629
295
246
282
313
330
168
430
70
-82
74
-149
-116
-300
-179
-64
-251
-255
-337
-315
-396
-596
-630
-512
-669
-959
-971
-906
-948
-1196
-1073
-1080
-1358
-1209
-1138
-1195
-1324
-1200
-916
-698
-620
-491
-213
-331
-325
77
335
191
21
33
-216
-70
-139
-188
-85
-129
324
43
56
148
146
209
113
371
274
619
605
152
336
481
604
550
686
776
744
844
809
553
202
334
396
340
370
347
532
299
336
557
337
382
-35
-49
233
178
99
356
274
105
275
99
8
-203
-150
-199
-223
-322
-468
-299
-534
-513
-583
-524
-338
-754
-766
-728
-701
-767
-687
-627
-619
-459
-183
199
-124
-53
201
140
58
-11
178
-35
-323
-435
-441
-373
-336
-47
-190
-310
-89
148
404
224
333
546
389
253
391
391
435
293
388
880
837
921
697
382
217
60
197
425
252
79
321
651
280
13
60
26
-59
-234
-118
86
-81
-319
-239
-155
118
-15
135
-57
-161
-89
-11
-59
-351
-208
-285
-544
-780
-423
-205
-349
-714
-838
-491
-689
-831
-701
-808
-290
-92
-204
-16
-154
118
227
364
368
132
343
-160
-37
139
37
199
-155
88
453
228
543
661
539
533
423
626
255
293
629
572
468
552
398
475
682
424
298
120
-107
-143
-97
92
-47
-194
-117
-152
-209
-319
-195
-168
-385
-364
-89
-157
7
-249
-254
-198
-258
-84
-329
-71
-296
-482
-373
-509
-745
-659
-648
-800
-817
-975
-587
-1152
-1257
-1080
-1245
-1273
-1294
-713
-792
-699
-660
-489
-170
105
38
135
160
182
324
-55
52
-167
144
-31
-93
102
206
545
705
894
751
871
756
761
414
759
877
765
925
770
921
823
749
771
716
661
686
329
529
698
747
651
353
550
408
205
456
532
255
108
150
382
269
119
126
41
-49
-134
94
-77
-629
-542
-527
-740
-992
-1212
-1030
-1225
-1358
-1188
-1094
-1088
-1225
-1492
-1533
-1434
-1413
-1045
-868
-850
-972
-543
-183
-296
-241
33
257
-11
-34
-159
-237
-534
-462
-45
-222
-336
-298
335
336
173
223
1
315
243
314
352
260
523
451
474
840
756
956
969
723
790
658
624
495
462
846
492
205
781
505
417
240
240
479
99
192
472
335
342
-85
104
-12
-268
-119
-176
99
-542
-415
-341
-418
-663
-682
-477
-362
-897
-967
-559
-1079
-848
-783
-701
-759
-950
-748
-633
-731
-599
-204
2
-159
-280
134
49
-175
-55
-390
-379
-596
-486
-291
-196
-194
-109
149
70
-86
167
478
-40
39
321
460
636
530
549
570
501
846
803
881
625
755
741
283
302
618
688
354
190
314
385
135
348
-54
-115
-203
-212
0
172
97
-98
-250
-71
-108
-150
1
-386
-386
-516
-365
-182
-487
-748
-658
-896
-767
-683
-767
-603
-972
-668
-606
-818
-941
-1010
-565
-877
-515
-161
-200
-166
-118
58
152
-340
-340
-126
-228
-224
-516
-85
-102
21
170
347
453
682
500
366
137
-44
480
541
623
633
689
648
716
729
681
614
361
432
367
80
248
256
123
-149
-13
164
23
-273
-278
90
-179
-196
-149
-183
-91
-242
-219
-146
-181
-356
-331
-170
-240
-503
-374
-591
-848
-737
-939
-850
-1105
-1231
-1096
-945
-1055
-1204
-979
-979
-1285
-1150
-884
-651
-416
-420
3
-68
-238
307
136
337
518
-17
134
60
-62
131
193
344
586
552
794
454
494
732
562
706
523
645
703
632
837
1074
1336
1090
727
1107
815
666
1034
1000
547
298
725
731
317
548
852
541
95
85
447
329
-94
222
272
-121
-68
-250
195
-39
-210
-130
-334
-158
-485
-710
-815
-1105
-1254
-989
-1066
-1370
-1446
-1233
-1063
-981
-1036
-987
-1004
-1347
-1282
-894
-926
-713
-390
-403
-421
-283
237
311
115
286
20
-389
-267
-384
-331
-121
-147
-83
194
172
39
78
284
357
-34
-17
233
249
271
448
692
769
689
690
913
747
561
890
920
514
487
544
650
571
305
785
439
-57
164
320
346
-247
-221
49
-288
-35
-50
-33
2
-370
-289
-321
-626
-401
-375
-679
-773
-819
-641
-755
-794
-1023
-999
-647
-530
-922
-1037
-1051
-1196
-695
-587
-737
-828
-829
-426
-152
-59
30
0
-129
-560
-416
-327
-618
-379
-455
-512
-435
-151
335
3
32
199
95
151
414
305
453
412
341
446
579
968
653
914
775
713
799
861
803
204
155
400
170
-11
221
350
350
101
249
29
-267
-69
-229
-101
-213
-401
-320
-399
-211
196
38
-28
-232
-484
-117
-534
-638
-546
-501
-617
-764
-549
-484
-691
-678
-727
-749
-636
-864
-515
-403
-593
-608
-321
-121
18
77
528
538
242
347
41
31
-486
-315
-112
-274
19
52
221
238
543
733
369
365
651
411
351
600
563
717
564
422
485
459
489
229
326
270
77
-94
-8
-82
-213
-328
-301
-135
-321
-186
-182
-112
-599
-530
-327
-254
-258
-238
-178
-373
-97
-56
110
-406
-522
-591
-730
-297
-866
-867
-595
-783
-840
-780
-597
-893
-1207
-999
-862
-1008
-721
-705
-625
-560
-520
-95
-290
120
431
539
430
80
428
296
48
-109
0
-29
-135
-41
295
591
701
989
1039
812
528
618
833
676
620
813
622
813
717
742
899
962
1118
766
795
352
171
363
294
386
161
496
435
271
209
355
534
24
178
-37
-72
-285
-247
-105
-343
-258
-400
-442
-445
-590
-697
-653
-1079
-1056
-1076
-1020
-1028
-964
-729
-1075
-1089
-1534
-1587
-1379
-1383
-1207
-1054
-917
-694
-418
-443
-216
86
184
-83
-160
16
-68
-220
-394
-530
-493
-543
-534
-53
195
389
94
-79
489
435
255
130
305
509
519
503
543
988
941
1143
1104
732
944
832
760
743
553
393
639
588
666
859
564
419
331
666
325
182
643
352
-4
161
339
111
-4
63
-42
-89
-57
-421
-467
-530
-776
-614
-391
-478
-616
-492
-432
-591
-721
-663
-865
-956
-998
-822
-700
-650
-706
-399
-271
-431
-98
-84
-53
-237
-84
-380
-655
-638
-576
-544
-690
-328
14
26
-212
39
215
370
168
327
418
331
423
427
941
739
897
923
943
830
911
667
557
886
363
555
344
290
254
171
502
388
-128
268
327
-90
1
99
274
49
285
262
272
395
323
388
62
-96
-236
-262
-414
-691
-629
-408
-359
-515
-238
-248
-589
-1006
-1011
-901
-899
-877
-738
-465
-363
-202
-20
100
-84
48
405
-44
-424
-194
-344
-470
-625
-421
-284
-367
-17
367
424
311
257
554
667
47
-37
390
341
138
513
800
870
548
654
799
582
458
317
434
170
30
90
298
-148
-129
-12
-37
182
-279
-71
-51
-23
43
-9
-200
-269
-192
-258
-303
-408
-307
-208
-260
-752
-686
-526
-942
-1039
-895
-735
-731
-870
-609
-833
-1189
-1365
-1427
-1154
-1149
-923
-768
-828
-658
-356
-48
144
63
33
131
188
294
345
346
284
-94
-4
570
288
353
884
941
671
721
967
568
912
1066
1047
872
771
1141
1395
1232
878
1222
1021
905
802
899
888
877
1041
834
667
562
571
622
778
506
265
276
226
280
255
230
-149
-215
2
-163
-41
-320
-369
-231
-475
-483
-478
-796
-1233
-1180
-892
-1012
-1115
-1077
-985
-1167
-1317
-1288
-1141
-1069
-1058
-963
-1070
-659
-651
-290
120
-132
-298
-136
86
132
-52
-67
-42
-594
-319
-215
-224
198
224
134
185
205
413
537
645
447
488
609
654
807
672
996
1043
1126
1243
1065
748
1029
1030
837
748
594
693
642
615
714
609
646
442
482
655
395
458
370
507
-6
-118
26
126
64
-77
-44
6
-1
-215
145
-129
-608
-538
-412
-262
-638
-611
-382
-715
-829
-1023
-820
-742
-1007
-854
-498
-693
-426
-125
124
-90
-183
256
33
-229
-11
173
-222
-52
-242
-295
-283
67
221
86
180
198
364
356
635
738
566
811
920
593
1038
882
912
986
947
1330
932
767
1024
869
407
483
613
565
279
345
520
264
198
84
123
365
67
38
0
-120
89
-112
93
132
38
91
127
165
152
72
-30
-277
-120
74
-133
-186
-507
-182
-333
-653
-664
-665
-556
-785
-520
-294
-282
-159
332
440
-51
19
418
489
370
510
574
254
49
164
168
273
423
686
639
466
384
449
758
575
781
702
581
637
770
952
758
603
484
624
630
537
509
322
250
174
97
288
111
-40
-154
-38
-10
-89
-2
107
3
-88
79
-357
-104
-56
-277
-338
-222
91
-54
26
-83
-110
-86
-220
-429
-505
-409
-525
-633
-493
-790
-987
-868
-1147
-975
-988
-1011
-788
-447
-226
-392
-27
129
30
112
448
634
576
309
292
-123
-48
364
384
636
347
639
723
615
674
678
773
767
722
805
792
702
793
880
767
876
1083
1362
1030
727
960
543
573
555
363
565
336
181
640
510
440
419
499
365
75
149
285
-33
-221
-140
-180
-19
-176
112
-84
-185
-461
-564
-456
-830
-937
-766
-801
-776
-838
-1004
-916
-1368
-1474
-1512
-1557
-1256
-1096
-831
-683
-667
-237
-255
-217
-145
238
127
-184
-389
-290
-302
-565
-223
-188
-128
-93
300
119
220
42
166
131
-83
-9
330
415
344
567
540
808
800
966
866
974
1052
846
725
794
346
677
984
919
476
625
883
766
400
252
400
12
152
-23
266
-202
17
91
142
52
-176
8
-93
-259
-120
-14
-252
-149
-391
-88
-213
-311
-516
-439
-717
-1060
-954
-1112
-1162
-1048
-732
-828
-795
-320
80
-140
-413
-174
0
-88
-232
-269
-186
-189
-242
-305
-114
-202
-72
-94
262
87
-93
285
165
162
85
483
503
558
640
620
596
652
848
1316
1107
850
1023
878
553
377
466
453
426
392
707
317
289
122
203
360
44
268
129
93
5
-68
306
162
73
139
-17
172
-28
69
0
80
-239
-318
86
-70
-118
-209
-489
-641
-554
-909
-736
-1075
-810
-445
-367
-277
-367
-110
-215
-352
-412
-72
-113
-27
-277
-288
-24
-378
-158
121
108
133
133
321
453
359
419
482
67
165
339
432
479
452
770
608
701
870
906
785
785
513
154
128
179
144
121
294
122
293
174
72
95
144
121
-140
-23
137
-49
-153
-11
-161
2
-305
2
160
-155
-177
-244
-157
-385
-386
-517
-173
-514
-892
-1034
-935
-824
-1210
-1128
-1324
-1247
-1003
-514
-258
-427
-354
-303
-317
-429
-164
194
182
173
198
30
-53
230
359
333
92
211
810
819
423
594
589
702
772
710
869
994
1096
740
780
933
1121
1309
1224
807
666
695
722
646
737
697
841
748
482
430
474
397
267
559
213
223
-54
80
-116
-178
-179
-7
-128
-435
-46
-347
-337
-572
-493
-531
-422
-647
-765
-924
-1028
-949
-1199
-1253
-1602
-1414
-1606
-1702
-1489
-1077
-757
-850
-555
-366
-484
-742
-668
-293
-151
-423
-283
-70
37
-168
-541
-50
-252
-190
-116
-86
208
-98
-13
226
461
378
532
665
712
550
844
892
841
1071
955
1211
929
788
709
901
744
777
1010
672
730
773
773
582
377
528
743
648
347
389
189
-226
-76
-284
-423
-345
-291
-232
-21
-162
-239
-251
-82
-97
-502
-227
-517
-653
-696
-802
-1104
-1140
-1309
-1513
-1367
-1089
-965
-705
-521
-809
-489
-610
-558
-587
-405
-303
-265
-370
-313
-282
-474
-398
-491
-373
-447
-341
44
-29
-82
80
259
233
214
814
506
628
593
909
1018
825
904
1035
1190
651
666
846
704
431
788
573
540
216
192
290
386
306
237
402
207
191
99
276
64
-128
-97
11
-248
-267
-262
131
117
-172
-157
-201
-249
-211
-78
-337
-286
-551
-643
-838
-1039
-1093
-1073
-902
-1073
-628
-687
-889
-375
-269
-319
-393
-392
-82
1
-275
-299
-253
-238
-331
-238
-134
-117
-43
206
583
126
117
320
321
400
142
521
797
650
671
725
700
608
794
848
747
450
264
453
422
462
186
223
197
8
64
-147
-89
-67
-123
-149
-161
-268
-96
-186
-189
-325
-330
-330
-449
-185
-139
17
-290
-400
-429
-455
-607
-592
-475
-745
-854
-1057
-1154
-1505
-1468
-1182
-1457
-1331
-1203
-574
-562
-578
-295
-203
99
-282
-12
67
-27
-85
128
-4
208
215
372
356
122
550
628
862
613
770
596
881
983
1064
1226
1179
1045
808
1013
941
911
1142
1217
1133
883
734
1050
779
563
732
837
600
359
307
160
111
321
312
86
-186
109
163
-111
-348
-424
-626
-622
-408
-375
-303
-495
-326
-454
-545
-701
-698
-822
-893
-1032
-1044
-1048
-1373
-1506
-1472
-1559
-1682
-1576
-1237
-979
-796
-680
-511
-268
-417
-285
-320
-146
-276
-58
-139
-466
-475
-532
-431
-409
-409
-362
175
243
52
41
276
338
182
502
846
684
688
1001
962
683
604
1141
1363
830
652
974
985
672
884
838
862
915
709
484
363
168
124
472
382
176
266
-46
-45
-235
-579
-417
-540
-186
-44
50
-195
-434
-117
-79
-310
-316
-567
-460
-728
-664
-776
-1134
-1082
-1353
-1345
-1508
-1367
-1159
-553
-682
-489
-458
-431
-355
-598
-298
-320
-281
-348
-213
-211
-573
-817
-522
-461
-551
-297
-234
-196
-125
210
372
154
411
634
771
1013
670
856
941
635
1050
1126
1172
972
762
992
411
294
449
301
554
224
37
124
-92
-17
52
82
103
-154
-54
-204
-416
-462
-556
-386
-521
-235
-106
-244
-129
-275
-47
-10
-343
-282
-36
-231
-429
-340
-487
-623
-956
-940
-1083
-1192
-884
-754
-562
-393
-208
-277
-511
-386
-132
-288
5
-81
-9
-65
-396
-148
-320
-123
-7
-13
272
251
-137
68
214
487
590
299
701
678
489
528
557
631
438
750
1134
1009
665
431
546
512
237
228
290
188
-2
-146
25
-266
-199
-153
-65
-64
-277
-331
-342
-687
-584
-361
-652
-174
-142
56
79
-70
-43
9
3
-555
-272
-173
-599
-561
-783
-881
-908
-1161
-1331
-1382
-1359
-1066
-761
-553
-382
-185
-227
-329
-443
-133
-84
-123
158
-33
158
-180
-239
152
169
347
410
417
465
49
336
786
820
860
967
1001
795
744
834
896
935
1103
1262
1529
1181
1161
1110
930
917
787
825
1053
874
876
793
529
453
92
292
260
152
38
-198
-341
-672
-727
-426
-497
-342
-186
-77
-125
-151
-242
-357
-413
-706
-546
-475
-663
-971
-1100
-975
-1190
-1472
-1685
-1725
-1607
-1533
-1054
-587
-334
-314
-384
-313
-242
-415
-149
-144
19
-60
-619
-724
-530
-436
-334
-178
-259
37
184
104
200
607
374
323
686
691
636
571
804
1031
714
1118
1299
1073
1059
832
1005
824
789
710
798
878
821
830
606
497
255
263
235
201
-25
105
-45
-512
-711
-846
-775
-680
-264
-138
-15
-107
149
-80
-95
115
-291
108
-382
-619
-445
-792
-842
-1246
-1352
-1454
-1667
-1459
-1104
-793
-406
-300
-367
-221
-411
-450
-720
-614
-140
-273
-211
-567
-800
-553
-503
-304
-287
-153
-10
122
244
126
238
612
488
721
904
486
782
951
1226
1188
1312
1452
1289
1101
901
943
961
861
621
834
516
572
546
318
410
263
295
364
166
184
104
-179
-359
-580
-541
-404
-104
112
120
242
156
-25
202
116
82
117
161
42
-277
-293
-338
-869
-1244
-1487
-1323
-1315
-1227
-732
-642
-502
-412
-259
-244
-350
-522
-321
-255
-142
-382
-394
-351
-598
-62
57
-72
277
362
268
180
129
509
393
449
574
483
604
617
857
964
1155
1276
1108
1228
1176
804
685
618
747
770
693
560
263
234
111
224
8
-91
0
-22
17
-168
-319
-353
-192
-425
-365
-239
-295
39
205
92
35
-15
65
85
-295
-290
-562
-487
-507
-860
-806
-1340
-1377
-1408
-1394
-937
-569
-274
-191
-414
-439
-92
-17
-264
-233
148
14
-19
183
18
29
147
470
800
491
487
729
905
645
384
573
630
686
743
963
1045
946
1124
1336
1050
1237
1370
1294
1045
466
795
1006
1075
1036
790
819
544
382
371
219
228
195
156
120
-134
-340
-106
-352
-531
-333
-507
-561
-666
-659
-289
-337
-486
-357
-320
-421
-846
-679
-647
-809
-717
-846
-1101
-1673
-1839
-1509
-1376
-1295
-957
-759
-370
-360
-395
-121
-252
-291
-418
0
-222
-428
-150
-287
-86
-17
-48
101
-28
-73
448
568
266
287
407
432
521
390
775
691
974
1361
1296
1308
1220
1415
1634
977
656
1318
1273
1208
969
1092
842
648
608
639
563
185
263
502
394
-199
-301
-221
-229
-425
-412
-359
-400
-345
-122
114
-89
-252
-128
-30
-218
-219
-97
-432
-288
-533
-940
-1041
-1467
-1265
-1202
-1001
-1002
-803
-286
-347
-279
-394
-449
-499
-570
-203
-382
-798
-659
-521
-159
-277
-122
-92
-336
-267
-66
258
-21
158
193
246
480
483
779
1018
1110
1060
1221
1477
1413
1363
1500
1187
896
723
1072
1412
948
980
736
625
305
431
518
118
329
187
438
497
9
15
408
-95
-274
-279
-86
83
-111
194
-21
-108
103
66
36
31
-118
252
-52
-228
-266
-716
-904
-1176
-989
-1034
-879
-738
-583
-200
-350
-292
-213
-321
-435
-417
-280
-482
-385
-456
-96
-63
16
118
-73
95
103
414
153
149
200
203
286
370
376
740
837
804
1100
854
1173
995
831
1018
399
357
522
617
642
138
397
468
-48
-123
-182
-151
-194
-430
-107
-17
-219
-59
-142
-275
-469
-579
-270
-222
-270
-254
-123
-210
-200
-87
-432
-174
-300
-417
-359
-347
-338
-737
-886
-1146
-1134
-918
-580
-500
-589
-69
46
-263
-53
-162
-61
-93
-164
-231
-406
-143
-151
395
528
445
581
367
551
625
341
646
402
584
730
481
714
749
1292
1140
1220
1286
1119
1438
1463
1352
995
746
992
1209
1115
933
970
1008
651
121
-87
82
197
156
276
221
139
266
161
-34
-415
-523
-532
-419
-483
-492
-129
-498
-697
-421
-310
-469
-724
-635
-878
-851
-566
-786
-939
-1233
-1561
-1494
-1084
-982
-969
-694
-342
-614
-673
-538
-400
-212
-437
-324
-456
-543
-520
-141
-128
-408
-493
-360
-189
-14
-119
-69
28
122
411
186
619
759
983
958
1015
1156
1090
1284
1376
1420
1222
959
1099
1187
1046
1223
1080
1115
917
617
457
333
460
433
191
258
363
311
401
234
-143
-696
-695
-243
-266
-467
-332
-118
-123
-40
-48
-136
-145
-440
-322
-457
-507
-224
-489
-815
-1244
-1255
-1082
-739
-737
-780
-422
-537
-694
-660
-681
-504
-478
-474
-455
-651
-734
-449
-197
-214
-584
-399
-48
-364
-356
-542
-314
-353
-38
155
87
533
588
719
945
883
773
1083
1274
1306
1107
911
773
740
819
858
781
837
672
392
235
200
307
282
211
174
229
206
219
310
-14
-272
-398
-491
-275
-205
-122
116
89
104
166
61
324
-299
-204
182
6
136
-108
-345
-480
-1021
-1199
-872
-871
-815
-832
-365
-755
-887
-506
-489
-402
-399
-373
-209
-409
-310
-198
-333
33
-243
-216
-139
-337
-254
-134
-315
-71
-30
171
343
205
563
621
464
662
623
561
1008
825
752
612
276
423
410
663
513
448
403
109
74
-319
-40
-154
-122
-6
4
120
-33
100
35
-489
-595
-338
-460
-214
-174
-76
-177
-358
-106
-91
-599
-676
-497
-631
-673
-471
-355
-1071
-1180
-1289
-1551
-1321
-1102
-832
-594
-485
-613
-732
-484
-170
-199
-326
-160
-119
-218
-175
-129
122
-57
154
182
249
117
-209
62
238
321
482
572
573
811
878
886
714
934
1030
993
1114
779
880
816
932
1230
928
1090
817
1018
734
495
437
337
382
88
352
17
258
145
-14
-58
-306
-531
-543
-376
-568
-522
-446
-510
-609
-570
-810
-971
-857
-675
-758
-854
-845
-971
-1053
-1289
-1485
-1649
-1645
-1413
-1408
-1175
-961
-674
-695
-984
-763
-529
-411
-323
-115
-6
-247
-591
-574
-607
-431
-370
-200
-196
-560
-398
-110
-30
301
535
550
667
577
689
660
750
847
946
988
954
1059
1006
895
1021
1079
1007
1043
1088
878
946
746
311
535
518
431
231
63
160
93
36
-255
-452
-339
-572
-472
-265
-234
-239
-370
-349
-482
-389
-382
-482
-419
-543
-475
-622
-681
-736
-817
-1196
-1549
-1292
-1287
-1359
-857
-527
-535
-597
-681
-340
-445
-577
-289
-224
-589
-635
-507
-614
-655
-676
-276
20
-58
-94
-329
-79
24
199
485
628
643
658
870
806
834
637
1093
1318
1222
1060
1089
1025
967
783
602
655
577
794
587
407
284
398
364
328
301
439
234
233
100
50
-161
-562
-373
-326
-180
-64
3
-266
-225
-188
-90
-301
-265
-158
-219
21
-321
-564
-447
-595
-976
-1240
-1100
-1141
-910
-605
-379
-535
-447
-273
-444
-297
-584
-56
-73
-395
-285
-662
-684
-532
-389
-266
-200
-59
-182
-9
77
287
430
498
790
477
437
606
653
534
611
690
650
706
779
610
575
597
494
487
300
433
196
144
-38
-16
227
-92
-15
-178
163
79
-272
-178
-461
-449
-560
-480
-319
-267
-103
-329
-583
-594
-444
-466
-540
-619
-502
-535
-595
-516
-652
-680
-878
-1227
-1315
-1010
-897
-502
-171
-187
-400
-372
-178
-293
-405
-341
182
288
80
-79
-2
-95
-63
99
127
259
153
281
303
332
351
441
689
473
597
774
693
715
811
941
910
986
1154
1152
960
890
940
914
960
781
535
404
153
325
335
343
38
68
275
66
-146
-274
-137
-323
-623
-778
-528
-596
-324
-380
-606
-592
-752
-855
-564
-521
-805
-704
-609
-859
-843
-786
-1216
-1253
-1492
-1171
-993
-919
-840
-674
-506
-633
-308
-418
-539
-455
-310
-84
-280
-492
-624
-850
-847
-621
-420
-350
-382
-222
-28
-21
76
357
495
292
618
670
537
777
853
938
1001
1130
1190
1218
1421
1101
1026
1146
1037
1112
945
955
742
799
695
794
753
281
223
523
372
-236
-39
-161
-246
-631
-616
-370
-317
-125
-231
-328
-513
-306
-281
-263
-291
-433
-339
-194
-600
-610
-630
-1217
-1259
-1286
-1066
-999
-811
-528
-619
-634
-384
-584
-745
-584
-613
-191
-436
-743
-674
-655
-820
-769
-612
-532
-189
-253
-181
-183
134
354
249
330
440
673
752
872
990
865
1069
1203
1023
1308
1251
1224
1208
853
1050
1025
659
899
794
589
675
784
729
472
157
453
592
-1
85
68
141
-369
-464
38
-6
-124
73
173
-92
72
30
-104
-48
-126
-266
-116
-108
-351
-343
-521
-1019
-1081
-1134
-1054
-1008
-937
-742
-357
-197
-529
-417
-474
-487
-57
-141
-205
-229
-558
-263
-455
-515
-354
-115
-38
-360
-44
96
149
450
313
371
421
306
732
658
651
666
821
917
784
732
553
689
672
810
548
343
553
395
333
223
142
268
180
-15
-3
104
-36
-327
172
-147
-450
-196
-297
-29
-282
-217
-131
-286
-458
-423
-352
-315
-512
-520
-188
-494
-582
-846
-812
-862
-1032
-953
-923
-787
-994
-744
-474
-111
-172
-373
-195
-503
-291
37
140
-95
-72
63
-51
-25
75
270
362
410
478
466
519
766
596
613
589
694
766
713
1005
1017
992
1098
1078
1183
1247
1323
1212
1060
1043
1188
1086
713
716
580
716
632
835
614
434
690
403
294
-26
40
176
-143
-329
-463
-274
-500
-609
-342
-595
-375
-371
-665
-590
-694
-803
-571
-507
-707
-920
-782
-1089
-1331
-1012
-1096
-1301
-1039
-604
-716
-359
-299
-506
-308
-242
16
-156
-138
-220
-542
-320
-148
-328
-430
-101
-243
-169
175
330
367
566
602
439
788
562
727
1033
1070
1002
871
1361
1185
1153
1633
1654
1477
1268
1224
1195
927
1087
884
648
1010
863
945
716
696
876
340
104
-55
-112
-103
41
177
-31
-251
-341
-327
-134
-259
-367
-177
-102
-431
-414
-117
-401
-153
-485
-608
-643
-890
-775
-858
-882
-1004
-1146
-581
-575
-718
-138
-462
-337
-401
-334
-399
-719
-375
-635
-529
-194
-590
-399
-322
-383
-262
-90
36
99
212
433
546
415
702
930
1238
893
970
1252
943
1210
1342
1256
1220
1073
1195
1127
934
726
848
820
490
598
799
699
616
724
701
261
3
268
202
354
346
171
-38
-186
-183
-65
-196
-150
-40
-263
-182
-328
-41
77
-120
-141
-375
-612
-804
-827
-920
-891
-924
-951
-838
-668
-513
-833
-399
-83
-475
-230
7
-397
-209
-157
-291
-148
-217
-232
-642
-309
-296
-218
-6
-96
136
191
249
371
254
538
604
484
460
542
937
560
868
848
736
727
1009
755
328
491
612
603
387
501
333
429
363
402
283
301
219
15
6
-45
-71
145
-73
-319
-338
-510
-436
-354
-483
-401
-195
-688
-384
-418
-528
-624
-630
-509
-960
-832
-968
-890
-783
-656
-656
-693
-665
-408
-363
-471
85
139
175
214
0
-96
95
143
195
-41
-39
-18
226
304
386
733
241
378
453
390
463
573
503
953
889
944
1143
1001
1039
1066
1197
1160
1413
1077
1352
1057
674
824
914
746
795
994
554
698
494
392
624
209
-106
94
83
-83
-352
-381
-451
-625
-633
-901
-713
-804
-818
-780
-931
-915
-735
-703
-824
-781
-940
-810
-1067
-1100
-933
-969
-879
-898
-817
-521
-672
-493
-320
-246
-145
-198
-131
-172
-142
-242
-362
-450
-724
-425
-17
-375
-135
-32
180
190
35
264
576
242
412
871
825
819
959
1267
1046
1359
1382
1191
1453
1268
1255
1294
988
1061
1138
1133
820
640
728
731
474
684
676
269
166
150
190
-76
-159
-73
-481
-379
-433
-864
-289
-536
-662
-632
-588
-444
-574
-310
-321
-408
-566
-817
-726
-716
-862
-894
-1028
-1194
-830
-753
-790
-863
-888
-432
-445
-195
-311
-384
-480
-473
-258
-453
-566
-405
-477
-408
-469
-615
-8
-228
-181
297
273
349
451
540
734
933
1107
1144
1202
1146
977
1268
1335
917
1067
1020
1024
907
514
833
799
849
830
668
868
492
448
642
446
352
269
134
70
-38
-35
-41
-329
-126
-334
-129
-1
-242
-216
-219
-163
-16
-86
-225
-251
-628
-535
-488
-571
-805
-978
-1066
-1127
-1147
-893
-822
-748
-809
-368
-89
-129
96
-154
-194
-92
-207
-451
-477
-533
-356
-495
-349
-253
-172
39
-77
27
289
248
354
196
651
582
425
1096
659
812
313
365
646
463
687
476
642
317
162
303
97
369
598
455
421
290
81
59
-15
22
232
-85
-144
29
-512
-410
-693
-729
-398
-634
-567
-754
-708
-815
-596
-754
-755
-566
-641
-685
-637
-752
-739
-540
-1134
-909
-1145
-806
-723
-570
-200
-360
83
44
144
277
251
-27
347
181
-134
35
-85
39
90
101
319
181
263
407
435
774
635
649
586
894
881
794
1232
891
1126
1010
799
1280
944
768
955
704
595
790
702
778
883
703
732
602
403
333
-2
-22
56
-202
-320
-436
-469
-502
-593
-809
-1028
-910
-736
-804
-939
-807
-754
-995
-902
-883
-1048
-954
-1051
-938
-1231
-1211
-1082
-1226
-1498
-1216
-623
-869
-669
-589
-249
-215
-136
-112
-268
-259
-335
-338
-363
-479
-427
-225
-372
-158
-63
48
-25
307
443
325
603
505
629
730
791
913
1077
1386
1268
1133
1252
1324
1084
1179
1487
976
792
985
923
1063
934
719
807
685
631
433
194
62
-29
99
-85
-127
-399
-412
88
-537
-636
-641
-631
-549
-441
-416
-744
-634
-749
-776
-683
-633
-1095
-680
-762
-932
-897
-1087
-1211
-1517
-1194
-1047
-1078
-752
-730
-605
-109
-577
-390
-527
-487
-326
-609
-597
-541
-548
-552
-283
-362
-8
11
1
-65
151
492
579
617
595
913
637
761
1082
1200
920
943
1113
1113
1197
871
898
693
601
567
764
713
465
526
624
795
828
528
117
7
-20
238
162
167
29
164
-64
-557
-503
-425
-188
-484
-323
-302
-536
-618
-621
-319
-428
-474
-486
-679
-724
-896
-606
-909
-1047
-1187
-1506
-750
-605
-580
-290
-137
-240
-279
-238
-63
-526
-307
-374
-648
-541
-501
-216
-389
89
-122
66
-19
-199
161
49
159
22
263
273
168
480
465
531
308
524
650
633
685
386
363
65
180
450
252
298
202
346
374
286
380
89
-169
-158
118
-145
-101
-248
-321
-369
-413
-561
-914
-683
-726
-671
-483
-508
-581
-718
-509
-314
-559
-654
-457
-438
-680
-665
-700
-1092
-1407
-756
-695
-628
-250
18
251
184
265
193
137
184
86
14
341
223
62
74
188
161
57
117
21
-54
362
462
340
524
546
570
556
602
936
1062
1094
1151
1163
1325
1053
1226
1218
520
514
523
649
788
584
648
613
751
324
294
13
-60
-2
-118
31
-304
-447
-572
-213
-645
-858
-953
-875
-674
-885
-863
-707
-1054
-875
-735
-683
-409
-861
-727
-745
-873
-840
-782
-923
-1241
-1099
-654
-733
-198
-5
-49
-216
-213
-199
-426
-227
-193
-210
-343
-403
-589
-267
-222
57
128
-32
119
375
151
435
295
291
651
453
749
883
1038
1214
1084
1115
1580
1152
1530
1187
1209
996
685
940
929
1126
618
796
620
433
377
356
126
10
-146
43
-195
-351
-212
-484
-173
-493
-884
-715
-584
-737
-563
-625
-831
-664
-487
-231
-405
-643
-592
-723
-754
-925
-1086
-1057
-1319
-1270
-1156
-705
-513
-521
-233
-595
-486
-496
-495
-331
-699
-532
-533
-548
-459
-688
-435
-284
-435
-68
289
121
251
344
200
454
388
527
824
805
902
902
1046
996
1095
1012
1132
1131
946
903
525
704
857
1133
825
754
832
815
1002
471
455
439
169
363
438
154
185
369
123
-141
-306
-453
-311
-119
-255
-245
16
-219
-398
6
24
-298
-432
-587
-687
-857
-512
-704
-1286
-1133
-1349
-976
-755
-687
-298
-262
90
-240
-356
-283
-355
-63
-297
-449
-349
-503
-356
-296
-112
99
55
290
-28
98
-18
-28
145
32
300
116
401
563
762
906
783
899
704
731
812
829
392
169
521
701
706
554
545
549
368
313
407
275
263
129
479
365
180
342
-91
-5
-423
-782
-818
-897
-489
-281
-275
-398
-825
-624
-305
-249
-261
-287
-449
-691
-608
-788
-1000
-1017
-1290
-1150
-602
-423
-66
-88
0
69
98
296
192
183
373
390
261
59
-3
-108
-6
201
269
243
103
385
177
289
394
541
775
662
675
736
956
1193
872
1098
1133
951
1099
785
767
336
403
749
977
953
671
634
648
537
494
141
-72
121
106
-99
-128
-118
-392
-407
-571
-793
-1141
-1041
-763
-852
-788
-729
-1024
-974
-731
-610
-486
-807
-634
-692
-734
-710
-891
-927
-1363
-1422
-1393
-901
-742
-586
-378
-360
-320
-376
-379
-440
-252
-258
27
-232
-472
-196
-241
-243
196
259
478
453
231
52
-23
350
507
557
765
692
857
1469
1215
1367
1266
1325
1301
1167
1140
865
782
715
815
901
639
614
688
240
482
113
20
325
-50
283
442
73
-107
-154
32
-343
-751
-696
-692
-532
-359
-333
-683
-914
-644
-391
-417
-582
-452
-723
-990
-1041
-784
-896
-1228
-1166
-1542
-1271
-1012
-720
-611
-496
-272
-634
-880
-453
-617
-643
-363
-246
-211
-684
-500
-296
-247
-61
376
485
257
71
203
156
338
667
745
946
768
973
1261
857
976
1044
998
1134
1171
1088
484
451
811
1034
826
1000
852
773
920
651
842
616
447
482
331
325
304
272
229
131
-373
-469
-259
-142
-107
78
-5
-65
-221
-578
-226
-356
-411
-719
-802
-931
-1015
-875
-809
-1363
-1518
-1076
-943
-735
-524
-239
94
48
-430
-315
-284
-11
-174
-42
-237
-431
-529
-704
-238
-114
-37
164
182
18
-102
-119
22
96
291
109
-42
241
533
423
458
379
567
447
610
783
389
394
204
248
280
685
469
739
586
81
355
358
427
80
286
434
431
236
-12
-40
-427
-987
-915
-816
-647
-325
-450
-520
-863
-524
-421
-244
-65
-477
-584
-592
-582
-829
-845
-887
-1137
-1322
-885
-549
-305
-139
-10
375
342
213
235
331
151
417
577
229
82
74
282
62
26
304
233
384
-106
-21
69
53
621
386
531
359
431
921
941
1214
932
913
1293
993
843
699
596
677
831
1100
866
644
842
502
488
359
144
257
130
41
78
120
-10
-205
-487
-964
-1434
-1014
-992
-784
-639
-850
-900
-960
-918
-893
-725
-607
-817
-897
-667
-743
-850
-836
-1135
-1440
-1383
-1127
-674
-817
-476
-197
-258
-68
-212
-290
-151
-364
40
-63
-212
-298
-308
68
-54
453
581
466
251
254
0
389
444
565
818
550
638
790
1204
1452
1319
1212
1337
1511
1415
1078
1106
874
1212
1103
1074
969
600
762
673
338
365
478
130
276
548
405
236
111
-558
-580
-659
-1187
-902
-628
-595
-827
-752
-759
-1032
-689
-592
-493
-407
-602
-664
-722
-910
-1135
-982
-1327
-1617
-1428
-1392
-1255
-1097
-642
-481
-572
-593
-468
-443
-614
-464
-73
-232
-449
-520
-493
-42
60
50
213
472
170
36
289
412
579
502
529
497
326
824
1161
1018
807
829
1090
1136
1212
1252
772
843
1142
861
1184
814
728
890
682
742
464
437
593
557
638
720
657
110
-471
-317
-641
-606
-359
-286
-51
-256
-457
-457
-597
-441
-320
-325
-437
-891
-759
-588
-955
-1063
-963
-1282
-1514
-1408
-832
-765
-693
-14
136
-246
-219
-279
-282
-277
-232
-108
-137
-363
-865
-267
-303
49
133
-167
210
-130
-195
144
278
251
112
43
117
-15
375
600
476
244
419
451
497
425
227
440
231
501
516
409
602
663
534
696
364
84
388
302
176
589
591
-327
-275
-547
-784
-948
-1314
-876
-640
-469
-783
-884
-767
-839
-638
-485
-420
-39
-55
-559
-352
-578
-888
-882
-863
-1203
-861
-359
-361
28
385
639
470
258
273
326
197
436
437
469
-15
-8
71
243
464
239
589
244
45
253
572
567
603
660
668
260
789
1451
1075
1004
801
861
1077
999
722
553
423
630
777
399
308
569
655
611
265
-37
374
355
13
-25
-5
-104
-390
-614
-1131
-1185
-1309
-1201
-860
-506
-890
-1049
-870
-1234
-1135
-961
-400
-716
-573
-517
-654
-589
-793
-815
-994
-1090
-985
-746
-773
-618
-449
-175
-154
-255
-101
-153
-198
33
64
13
82
-270
-8
276
108
543
547
527
143
112
527
544
551
576
722
605
667
926
1390
1278
1147
1427
1591
1498
1298
951
997
1074
769
810
860
478
336
916
528
145
-34
75
416
132
414
428
364
-69
-545
-665
-845
-552
-446
-183
-138
-370
-699
-698
-804
-849
-749
-422
-310
-479
-197
-578
-985
-1231
-1124
-1275
-1305
-1422
-1104
-808
-644
-355
-434
-212
-597
-443
-280
-390
-289
-177
-318
-562
-654
-410
97
91
339
485
30
130
172
475
797
445
420
319
590
788
867
983
726
724
919
1210
1110
751
913
965
806
623
896
1022
794
1054
857
558
613
493
671
726
566
796
699
303
95
308
-228
-298
-132
-96
560
415
-78
-372
-165
-324
-426
-176
-208
-224
-124
-236
-629
-950
-870
-1224
-1389
-876
-898
-623
-734
-563
-18
-286
-136
-176
-161
-344
-306
-4
3
-206
-420
-257
-157
134
69
374
179
-216
-253
64
342
482
141
-190
62
-51
120
344
613
515
398
439
724
604
393
608
575
573
602
534
279
369
604
679
611
305
477
543
195
535
729
86
-42
-323
-476
-593
-1016
-711
-485
-337
-317
-426
-560
-576
-593
-331
-170
-351
-76
98
-181
-970
-1069
-843
-913
-996
-751
-539
-525
-238
-105
93
66
354
385
606
647
563
569
194
239
159
54
175
-11
166
349
200
102
104
694
477
845
802
323
647
524
877
974
787
892
981
1362
1277
957
984
556
549
919
619
839
569
477
863
345
470
446
382
358
435
174
-194
-91
-412
-416
-857
-1257
-1257
-1155
-987
-832
-808
-1250
-1113
-1000
-927
-912
-824
-602
-410
-400
-491
-962
-1072
-802
-1403
-1183
-1073
-1058
-769
-778
-328
-191
-517
-252
-351
-286
-229
-223
-141
-462
-468
-241
-17
110
459
378
277
216
102
221
564
595
726
586
400
594
731
1213
1524
1147
1110
1492
1504
1665
1164
1099
1080
827
847
817
899
745
792
452
296
362
428
286
452
443
363
395
96
-4
-162
-232
-989
-865
-474
-550
-675
-769
-774
-977
-965
-549
-345
-520
-361
-339
-459
-900
-899
-1235
-1003
-961
-1640
-1470
-1130
-602
-708
-776
-222
-151
-263
-71
-308
-157
-334
-500
-542
-705
-265
53
6
129
191
289
432
46
401
598
650
691
643
434
380
593
1051
1073
859
889
948
1154
894
864
849
912
909
777
731
868
632
618
566
389
556
572
583
582
579
629
387
446
177
-54
-16
-635
-516
-215
-338
-397
-343
-368
-721
-572
-174
-457
-285
-437
-474
-638
-937
-1079
-988
-983
-1229
-1076
-740
-641
-865
-291
-130
-26
-136
-150
72
67
-293
-273
-273
-425
-538
-380
374
10
50
-56
32
313
81
77
628
687
236
173
-29
353
454
612
518
599
631
683
795
683
516
339
527
435
563
232
438
249
296
471
397
593
461
273
56
501
187
116
155
-197
-221
-596
-1053
-753
-611
-688
-821
-758
-861
-782
-427
-590
-37
-267
-445
-323
-343
-716
-927
-835
-894
-820
-811
-545
-506
-220
-216
312
518
275
634
528
411
277
-6
18
147
158
120
338
436
510
395
250
276
365
418
659
1024
790
817
770
856
990
1064
1185
1024
1055
1189
902
1003
1005
822
981
512
546
669
365
602
757
644
690
485
500
398
7
132
139
-37
-183
-422
-526
-556
-944
-894
-757
-915
-787
-523
-636
-1003
-521
-536
-293
-326
-675
-484
-763
-948
-945
-664
-704
-784
-952
-491
-432
-770
-415
-44
50
-106
-292
-282
-112
-80
-92
-263
-146
-22
352
616
288
386
357
244
384
278
504
562
909
723
688
680
525
1141
1185
1342
1187
1249
1625
1158
879
1179
638
669
789
668
733
395
310
374
570
435
224
233
123
61
577
135
2
120
-186
-327
-451
-416
-532
-328
-642
-735
-477
-499
-807
-573
-326
-351
-692
-581
-581
-898
-906
-1287
-969
-1202
-838
-937
-935
-672
-632
-374
-351
-113
-282
-297
-280
-111
-296
-122
-397
-247
-90
38
252
272
365
529
664
262
354
420
1039
614
685
759
312
736
979
949
824
1078
1060
1021
707
747
958
879
881
747
533
713
722
521
613
619
879
820
604
264
359
742
362
-245
-188
-138
-257
-300
-582
-408
-485
-116
-415
-353
-278
-787
-875
-685
-121
-539
-567
-845
-776
-738
-902
-1089
-1002
-840
-1026
-723
-650
-528
-356
-231
-237
-181
-107
-335
-223
-25
-343
-222
-400
-168
-60
59
281
5
233
-116
-158
303
129
34
193
419
67
-194
227
449
410
355
715
753
828
660
537
834
713
565
737
736
580
503
564
278
691
673
338
432
-5
291
171
198
-258
-412
-251
-437
-397
-775
-801
-807
-604
-717
-593
-278
-611
-723
-555
-316
-208
-376
-657
-306
-696
-781
-958
-912
-414
-587
-304
-106
160
146
320
135
245
128
63
106
174
61
-48
-98
-69
116
-99
125
40
61
-54
422
575
416
573
616
590
638
667
859
882
720
960
932
1291
759
847
997
806
890
444
764
347
525
650
481
494
440
451
10
35
-26
124
-29
-405
-624
-530
-555
-915
-1020
-1107
-1020
-834
-934
-853
-782
-819
-566
-765
-655
-444
-614
-689
-884
-784
-915
-898
-949
-1158
-836
-565
-560
-421
-309
-452
-184
-273
-146
-277
-378
-230
-27
-109
-133
-22
-240
-9
-68
55
47
63
9
568
715
703
601
570
604
418
933
1168
1175
855
917
975
1104
1002
1018
1034
915
984
833
481
411
445
485
587
353
342
179
276
229
62
77
-251
-150
-241
-597
-516
-740
-760
-740
-935
-910
-746
-922
-799
-626
-676
-553
-695
-603
-720
-878
-1013
-1269
-1265
-1203
-1257
-1110
-1240
-1091
-791
-707
-506
-364
-297
-476
-215
15
-69
-236
-278
-326
-298
-358
-306
-193
-245
-12
11
-24
-47
251
550
693
618
440
543
425
372
722
719
761
1013
979
1106
781
782
810
1161
1353
865
651
509
639
684
686
578
683
520
595
416
373
405
264
214
-141
52
-260
-224
-170
-559
-457
-377
-524
-469
-555
-449
-255
-642
-660
-613
-713
-920
-1076
-1048
-995
-1200
-1095
-879
-670
-573
-892
-431
-484
-211
-165
-329
-65
-81
-71
-244
-64
-321
-318
-244
-204
-418
-434
-358
-492
-551
-458
-252
-98
44
-43
114
-152
-63
321
412
468
148
323
842
699
513
293
514
558
723
913
736
610
307
464
398
386
322
34
3
156
-161
21
86
-272
-118
-549
-684
-771
-752
-619
-794
-760
-832
-807
-678
-675
-109
-340
-818
-440
-497
-776
-896
-820
-785
-626
-912
-641
-474
-120
-98
-53
320
211
355
125
350
381
225
-6
177
-79
-165
-103
-19
85
215
251
39
61
11
205
204
471
622
675
515
763
550
773
1010
647
731
934
896
696
662
519
598
588
612
535
579
368
246
301
188
-147
-256
-475
-291
-426
-665
-554
-706
-649
-875
-843
-916
-820
-917
-746
-953
-1073
-985
-922
-641
-706
-612
-543
-635
-801
-888
-930
-1133
-1222
-864
-1102
-757
-648
-731
-459
-223
-257
-180
38
-89
-62
-185
-27
-131
-32
-175
-286
13
49
185
487
258
353
532
458
560
424
620
713
643
901
1061
1032
1096
1063
1028
936
987
966
874
804
628
693
620
513
411
229
495
296
351
132
-13
46
32
-35
-270
7
-251
-408
-483
-502
-690
-510
-589
-655
-821
-672
-734
-719
-571
-635
-479
-729
-676
-950
-981
-1364
-1252
-1333
-1457
-1303
-1184
-1069
-885
-695
-528
-259
-316
-439
-245
170
-72
-246
-431
-136
-222
-404
-172
-65
145
262
285
97
191
427
248
493
506
459
815
738
923
854
722
948
951
898
1068
976
827
653
771
1093
894
874
776
633
706
533
579
636
649
559
304
350
304
80
238
104
-21
37
-108
-161
-141
-106
-507
-495
-376
-289
-405
-565
-698
-552
-742
-942
-904
-1162
-1028
-1123
-936
-910
-1055
-968
-484
-522
-587
-536
-176
-68
-190
-21
-69
103
-136
-3
-232
-228
-53
-82
41
100
88
-1
-24
-95
157
337
27
-110
193
-21
265
413
433
600
338
482
674
758
385
466
622
540
709
726
621
451
419
418
471
286
334
384
207
264
23
-79
161
36
-211
-423
-318
-283
-209
-32
-114
-202
-338
-510
-538
-215
-245
-180
-415
-483
-781
-740
-606
-878
-515
-733
-584
-412
-355
-183
-208
240
505
317
311
224
460
223
77
98
-22
2
-16
88
5
150
348
402
85
113
320
504
645
482
398
394
510
637
573
764
964
799
863
842
742
894
837
829
752
732
676
425
303
505
325
149
411
147
71
-159
-301
-42
-256
-351
-542
-648
-540
-766
-628
-426
-397
-575
-641
-612
-452
-498
-512
-472
-590
-737
-810
-707
-1083
-879
-799
-971
-594
-564
-586
-405
-201
-160
-359
-295
-163
-187
-270
-22
-59
-129
52
41
-115
-88
477
198
174
477
493
386
160
437
645
766
572
923
974
832
929
1125
1249
1140
1153
773
909
846
810
740
946
925
784
880
489
480
451
426
420
257
96
131
100
-98
-76
-49
-321
-196
-231
-560
-600
-510
-576
-461
-423
-832
-396
-265
-489
-516
-763
-721
-706
-983
-1120
-1350
-1545
-1251
-1366
-1211
-1059
-782
-680
-779
-522
-410
-389
-379
6
-3
-69
-69
-114
-388
-111
-49
-169
165
205
451
409
220
242
446
552
583
502
486
574
732
945
756
879
994
820
1237
1175
982
951
876
1021
935
882
780
851
900
728
838
703
810
802
479
610
320
425
388
134
237
141
-163
-243
-233
-266
-66
-325
-196
-49
-461
-432
-588
-777
-665
-805
-714
-1218
-1131
-1245
-1394
-763
-1112
-885
-902
-764
-507
-537
-461
-445
-240
-327
-207
-273
-255
-234
-172
-318
-420
-18
-184
-137
221
73
-128
-177
-156
88
61
54
230
236
145
313
355
417
493
648
707
821
880
706
1012
568
765
821
736
823
705
664
749
635
288
444
269
458
297
164
67
23
-136
-113
-73
-243
-200
-145
-175
-222
-326
-548
-150
-456
-484
-371
-634
-451
-417
-526
-656
-850
-806
-921
-804
-717
-519
-312
-139
-197
-127
231
110
390
107
280
97
187
191
-198
-1
-88
54
162
168
391
388
359
287
-23
333
380
507
597
537
587
650
832
1083
1008
1051
1055
944
898
911
765
812
1015
758
883
785
923
646
361
261
319
10
10
101
-380
-255
-329
-444
-546
-534
-689
-726
-507
-470
-722
-697
-522
-639
-683
-456
-593
-677
-552
-734
-807
-705
-910
-1015
-963
-1097
-672
-794
-955
-410
-491
-434
-263
-187
-199
-1
117
-113
111
-8
-43
-121
-39
96
40
198
388
313
321
410
350
421
716
746
669
919
763
672
864
972
1178
1298
1089
1165
927
846
824
844
738
555
922
693
492
537
630
595
268
265
75
-37
-109
-297
-298
-152
-277
-768
-439
-437
-769
-642
-451
-486
-700
-655
-733
-895
-466
-579
-778
-717
-807
-877
-1203
-1180
-1283
-1188
-1150
-1351
-1183
-1237
-1072
-781
-668
-412
-296
-189
-461
-16
-142
-341
-147
-216
-193
-201
-46
-119
-54
-66
225
27
270
338
661
425
556
713
346
773
575
543
440
829
926
958
905
763
646
819
751
826
881
813
909
790
590
493
521
314
566
327
452
87
12
85
-157
175
87
-92
-133
-72
-284
-265
-333
-373
-522
-471
-417
-545
-732
-676
-610
-899
-828
-1094
-1079
-963
-998
-1069
-985
-951
-887
-737
-651
-452
-439
-356
-33
-331
-355
-163
-171
-98
-298
-79
-241
-206
-164
-90
-193
-231
-7
-117
-278
-260
-178
25
244
146
224
252
337
591
649
597
660
454
626
461
474
616
296
461
539
482
662
455
134
386
149
146
326
26
-237
-367
-154
-174
-306
-319
-494
-444
-339
-453
-399
-395
-467
-570
-474
-205
-269
-68
-172
-399
-394
-536
-645
-815
-899
-688
-660
-745
-323
-358
-310
-145
-97
311
302
171
224
240
118
-4
76
118
-86
-166
-128
106
111
96
205
34
140
204
217
376
358
367
624
520
495
590
778
832
692
879
960
729
629
580
533
489
430
327
216
360
215
39
32
65
-52
-25
-162
-333
-371
-447
-530
-962
-775
-539
-864
-478
-650
-744
-602
-766
-469
-652
-740
-651
-620
-545
-686
-790
-945
-1068
-896
-866
-866
-978
-718
-662
-642
-497
-478
-358
-312
-121
-249
98
84
-179
94
-230
-13
-2
24
388
-26
328
286
153
365
202
485
653
777
783
891
789
627
944
939
1122
1033
817
1042
1116
824
556
613
725
733
555
623
776
470
300
321
222
346
273
131
234
12
-194
-46
-43
-328
-447
-404
-428
-143
-386
-664
-313
-337
-419
-335
-556
-404
-429
-560
-713
-1021
-865
-1105
-1224
-1045
-1154
-1191
-1062
-1175
-726
-603
-545
-176
-279
-221
-109
-245
-148
-22
-74
-81
-137
83
138
29
-7
326
265
133
384
359
459
629
618
754
723
636
755
866
807
1204
1058
1017
1246
788
1044
999
756
742
801
893
851
703
763
926
960
637
712
714
536
411
312
411
330
200
-149
-73
-338
-323
-188
-158
-264
-422
-301
-376
-218
-205
-382
-672
-645
-839
-1058
-1055
-1139
-1068
-791
-924
-1235
-917
-759
-739
-643
-256
-354
-398
-289
-155
-88
-260
-249
-279
-170
-327
-240
-210
-53
-198
-477
-319
-156
-246
-195
-20
-156
96
279
162
199
199
340
483
372
518
546
722
621
507
455
548
750
733
525
461
477
290
349
371
401
46
293
473
72
64
-3
-45
-27
-355
-341
-345
-239
-354
-317
-418
-256
-211
-516
-193
-291
-175
-395
-311
-683
-673
-644
-751
-501
-699
-713
-316
-499
-517
-64
-256
247
142
-32
6
164
57
0
38
-135
106
-63
48
104
126
155
174
273
201
198
306
467
472
477
459
390
390
671
796
765
918
956
1027
700
576
803
697
783
380
568
617
186
588
355
145
272
71
23
64
-180
-340
-401
-226
-341
-439
-164
-219
-360
-286
-294
-330
-589
-461
-493
-658
-344
-659
-388
-568
-806
-727
-886
-842
-831
-789
-640
-859
-907
-544
-744
-525
-457
-224
-86
-31
24
-250
-34
-60
-135
-96
74
123
72
215
61
244
457
452
455
710
1079
708
623
811
788
685
795
861
966
1190
1175
1108
798
900
936
797
876
588
344
617
683
414
420
409
287
357
255
338
355
-11
-117
-94
-277
-363
-312
-233
-361
-584
-216
-381
-452
-386
-404
-397
-469
-460
-541
-755
-824
-696
-1024
-944
-1318
-1288
-1235
-1179
-993
-1136
-893
-966
-665
-492
-238
-149
-362
-175
-12
-340
-125
258
-119
29
-104
-203
10
43
174
87
327
425
483
585
455
500
502
642
802
798
674
764
1003
984
813
917
909
593
898
839
788
909
833
788
605
721
636
403
526
712
496
464
408
210
183
275
65
78
158
12
37
-158
-178
-262
-505
-212
-148
-392
-276
-492
-630
-617
-615
-586
-787
-987
-785
-943
-886
-854
-767
-649
-737
-533
-645
-469
-242
-231
-349
-205
-499
-425
-202
-133
-250
-193
-106
-266
-142
-121
-59
-99
89
59
137
29
-15
207
190
-98
291
411
509
780
590
719
790
507
482
750
562
642
546
563
483
443
525
536
465
219
130
288
149
-25
101
-171
-231
-236
-168
-152
-304
-213
-65
-70
-296
-372
-60
5
-21
-229
-119
-149
-346
-502
-510
-414
-439
-368
-505
-597
-597
-288
-382
-296
-140
10
-125
91
102
131
122
-92
36
-137
159
81
244
214
232
401
191
362
434
456
824
688
570
624
707
721
768
785
783
1075
863
924
906
788
651
810
652
622
684
492
510
235
206
231
192
-41
-138
-262
-109
-315
-527
-430
-602
-625
-572
-534
-370
-506
-532
-452
-767
-638
-712
-823
-404
-305
-416
-517
-755
-693
-741
-915
-1117
-918
-825
-945
-905
-651
-803
-792
-569
-691
-217
-278
-471
-404
-180
-234
-227
13
-56
-1
132
219
290
385
424
539
501
637
676
509
712
672
558
661
658
879
913
944
948
841
1094
765
683
668
455
767
789
642
609
386
323
237
250
397
259
199
-175
-98
28
-111
0
-343
-348
-218
-606
-286
-329
-424
-115
-498
-452
-515
-767
-394
-360
-428
-551
-840
-898
-933
-1116
-1248
-945
-1066
-1113
-1133
-1074
-939
-852
-649
-583
-556
-481
-554
-347
-288
-362
-161
-253
121
-197
-92
263
85
315
167
327
382
240
479
323
306
384
391
585
691
409
800
923
713
1095
1058
996
705
682
722
744
874
863
822
733
498
736
985
812
625
562
676
444
177
72
-9
128
96
45
66
-240
-203
-273
-251
-181
-526
-455
-364
-372
-483
-588
-499
-496
-659
-762
-880
-911
-641
-862
-926
-1059
-916
-784
-852
-549
-426
-388
-316
-435
-375
-109
-255
-261
-283
-254
-499
-474
-215
-353
-189
-194
-270
-123
56
184
136
137
33
43
-1
208
535
514
514
590
673
724
709
703
683
590
491
438
346
259
240
284
437
232
363
496
431
211
2
-14
-65
-253
-478
-108
-152
-543
-447
-331
-355
-363
-481
-475
-382
-539
-557
-211
-327
-579
-480
-402
-563
-559
-619
-596
-605
-701
-340
-525
-440
-323
-287
-33
80
72
-51
-167
-100
-115
-90
116
-171
58
-9
15
224
-8
48
177
420
424
459
548
566
642
649
699
659
873
918
955
1040
1023
1126
852
845
671
726
636
585
518
489
427
346
516
178
237
90
166
-61
-209
25
-72
-367
-385
-259
-132
-281
-378
-272
-570
-312
-522
-520
-445
-598
-570
-583
-678
-502
-485
-819
-641
-862
-846
-794
-1017
-905
-799
-648
-634
-575
-422
-547
-418
-349
-194
-122
-137
-176
-285
122
41
56
89
-39
346
378
264
379
650
520
774
817
497
756
641
690
475
713
780
856
1141
922
851
759
529
538
621
237
508
454
443
400
412
537
182
358
317
144
120
-116
52
-97
-492
-548
-547
-280
-326
-504
-468
-652
-662
-423
-622
-536
-684
-755
-471
-692
-757
-766
-972
-1096
-1272
-1213
-1121
-1104
-925
-914
-880
-748
-728
-636
-401
-349
-158
-340
-79
-140
-234
19
-38
278
192
153
-44
229
347
355
333
322
627
795
778
727
844
628
391
468
733
784
774
856
1003
703
741
599
536
702
637
869
753
531
690
702
586
439
347
579
347
281
331
120
-19
-365
-288
-120
-358
-386
-375
-321
-539
-967
-958
-830
-812
-793
-691
-649
-823
-884
-855
-935
-990
-859
-997
-1079
-1124
-1030
-748
-654
-675
-583
-357
-319
-290
-291
-94
-231
-333
-230
-267
-322
-75
-45
-40
-167
-349
-125
-128
-42
25
150
175
65
95
324
149
333
616
516
718
736
669
784
612
343
364
284
194
348
531
414
331
381
326
298
339
1
69
222
53
72
-130
-245
-383
-368
-240
-51
71
-279
-321
-484
-572
-533
-709
-557
-409
-324
-361
-464
-503
-529
-663
-727
-704
-692
-753
-845
-638
-517
-637
-459
-210
-31
-245
-246
-68
-203
-297
-102
-23
-274
-242
-242
0
-90
-261
64
105
123
253
261
433
507
506
453
385
564
610
544
586
647
772
916
783
258
391
431
147
311
263
269
255
149
35
39
-135
15
-20
-83
-35
-238
-257
-479
-367
-362
-412
-247
-263
-278
-255
-346
-512
-326
-362
-701
-590
-443
-288
-536
-589
-650
-950
-920
-1063
-911
-973
-980
-826
-810
-974
-758
-580
-488
-442
-593
-166
-77
-62
-46
-83
-89
102
-12
19
212
190
322
490
556
551
748
607
684
774
652
783
634
666
755
681
797
745
1089
832
561
379
345
418
516
523
365
652
48
331
298
79
313
29
223
147
-73
-139
-278
-190
-162
-420
-367
-249
-506
-459
-252
-417
-488
-677
-786
-870
-703
-704
-849
-754
-817
-920
-1177
-1239
-1136
-1120
-1100
-1032
-1275
-986
-909
-739
-599
-679
-154
-165
-80
140
154
113
121
67
231
91
198
258
300
410
337
556
569
839
924
762
700
591
552
818
792
816
879
964
1062
1368
1204
1180
1036
696
991
903
1015
822
941
1070
782
775
607
601
885
760
400
301
257
138
244
81
86
173
96
-169
-149
-255
-439
-215
-517
-647
-856
-597
-531
-699
-604
-425
-623
-930
-859
-1028
-1015
-926
-861
-1015
-982
-750
-867
-631
-368
-578
-359
-281
-186
-199
-386
-204
-114
-271
-155
-227
-328
-221
-335
76
-56
-86
123
72
78
192
217
111
89
201
397
420
517
518
774
493
500
569
517
767
400
461
652
552
528
459
344
214
77
225
204
-106
-204
-182
-272
-333
-285
-281
-272
-254
-304
-415
-373
-391
-339
-424
-312
-320
-449
-150
-101
-332
-339
-463
-533
-286
-676
-677
-582
-804
-719
-617
-639
-382
-266
-290
-251
-205
-115
-136
10
-133
-44
-11
-184
-148
-146
-225
-34
242
89
20
374
562
388
383
727
676
531
458
545
643
661
855
738
920
822
485
313
433
379
475
421
173
57
-38
160
-299
-191
38
-95
-137
-229
-385
-365
-424
-438
-331
-296
-369
-526
-546
-606
-530
-746
-628
-775
-690
-682
-591
-397
-667
-588
-635
-771
-755
-738
-1020
-947
-861
-754
-784
-589
-646
-599
-368
-339
-338
-131
242
-85
174
145
-149
-119
36
110
112
219
647
712
411
698
801
937
895
746
821
871
723
680
847
1013
941
968
1213
1021
777
765
725
662
658
568
487
284
245
308
336
525
240
314
385
251
193
-184
-178
-243
-217
-72
-82
-258
-159
-128
-250
-565
-565
-584
-987
-916
-874
-636
-980
-1040
-755
-987
-1129
-1126
-1206
-1192
-1348
-1412
-1189
-1033
-944
-654
-535
-642
-411
-274
133
75
122
127
-50
82
-128
-107
31
-102
-27
200
175
305
614
822
571
654
713
595
744
664
626
797
963
1152
1399
1164
1077
1006
919
1032
1155
1108
964
1046
915
948
942
787
697
845
850
684
566
327
346
61
146
212
71
44
-88
-88
-33
-217
-434
-531
-671
-592
-769
-493
-569
-527
-435
-585
-437
-794
-791
-627
-1110
-1037
-797
-902
-688
-771
-433
-317
-450
-383
-220
31
-85
-185
-174
-121
-241
-329
-330
-426
-289
23
-55
-60
160
123
282
413
470
258
348
390
285
412
601
907
777
1021
968
660
383
699
758
420
525
844
740
557
593
356
466
335
483
447
137
-107
26
16
-69
-157
-317
-245
-197
-47
-45
-57
-449
-653
-494
-634
-578
-277
-241
-184
-131
-212
-205
-237
-427
-455
-462
-441
-696
-614
-210
-420
-502
-372
-170
0
149
83
94
85
128
223
53
16
-34
33
-32
-95
82
316
462
415
594
919
721
612
698
749
725
758
921
924
961
1145
1200
719
579
697
693
637
342
493
580
167
133
334
289
79
118
196
139
1
-229
-295
-220
-293
-201
-203
-298
-154
-144
-177
-362
-675
-538
-370
-687
-560
-443
-370
-311
-465
-452
-651
-894
-917
-887
-855
-1068
-1075
-997
-905
-804
-908
-579
-419
-299
7
131
55
40
-26
108
160
191
202
103
233
87
383
404
435
743
731
827
777
739
716
600
724
777
835
1092
1018
901
755
653
556
515
676
597
656
786
700
711
480
438
258
292
456
403
340
-33
-77
-264
-131
-102
-169
-5
-78
28
134
-174
-401
-390
-546
-663
-689
-527
-475
-588
-718
-745
-770
-853
-883
-993
-1190
-1159
-1066
-1033
-698
-878
-942
-674
-373
-63
-115
-14
132
42
-8
188
4
124
175
81
147
-38
299
371
264
693
628
842
754
526
822
598
596
738
670
926
1237
1022
1187
953
657
788
730
837
936
859
1021
1051
830
834
761
782
708
618
745
536
368
372
269
168
-260
128
149
-212
-185
-363
-280
-579
-912
-783
-724
-664
-407
-399
-290
-404
-370
-498
-706
-835
-1011
-697
-826
-938
-823
-617
-787
-752
-586
-383
-430
-250
46
-153
-67
-424
-326
-338
-438
-194
-327
-381
-96
-171
-100
49
77
239
305
354
329
383
470
415
465
655
761
893
718
943
818
718
827
722
835
732
584
700
710
490
476
132
271
168
220
394
63
191
165
22
-53
-103
-183
-124
-317
-93
-88
-262
-449
-397
-340
-560
-268
-149
-180
-272
-274
-271
-221
-709
-771
-685
-709
-585
-857
-905
-516
-747
-725
-497
-524
-82
-18
170
67
-132
-132
-151
-51
-304
-478
34
-37
-166
182
245
401
669
572
636
631
332
713
846
672
817
1050
1089
1037
936
919
1090
984
997
1097
846
654
488
550
580
281
228
160
109
276
165
42
0
-56
39
-59
-324
-196
-243
-305
-341
-446
-209
-421
-491
-461
-519
-516
-556
-376
-282
-276
-464
-705
-796
-773
-729
-711
-778
-1025
-969
-884
-865
-945
-853
-344
-142
-179
89
299
169
202
231
325
92
-254
155
296
364
374
498
961
856
905
992
746
444
570
657
672
607
891
1145
1054
879
910
1180
906
673
678
832
655
682
716
621
409
182
164
353
381
276
386
161
-42
-207
-197
-174
-482
-434
-255
-333
-519
-261
-363
-618
-524
-785
-661
-859
-971
-812
-804
-756
-944
-997
-857
-979
-1124
-1131
-1186
-1150
-778
-784
-1019
-805
-600
-184
-72
-101
234
155
15
303
-2
-126
-272
-441
66
267
0
48
646
437
504
602
487
556
467
402
425
728
796
1065
1222
951
858
1090
1104
913
856
1173
915
904
997
777
903
826
673
824
840
538
528
445
392
103
147
186
-72
-299
-57
-5
-273
-487
-516
-344
-697
-844
-832
-614
-747
-798
-414
-602
-732
-748
-664
-783
-1068
-995
-932
-846
-1057
-1114
-1045
-1157
-737
-376
-593
-417
-446
-411
-202
-621
-786
-460
-654
-674
-413
-391
-352
-359
-254
-214
-94
-241
-105
-5
-80
-138
55
251
191
292
550
706
477
610
803
665
607
575
769
807
665
746
595
584
518
218
383
360
26
288
396
54
-425
-177
-52
-284
-324
-149
-84
-408
-137
-262
-303
-503
-516
-277
-341
-374
-152
-86
-136
34
-198
-277
-502
-646
-658
-476
-778
-803
-701
-699
-498
-498
-176
-138
-111
68
-82
-357
-337
-296
-285
-235
-189
-361
-37
73
143
62
-76
13
337
621
383
468
240
768
792
550
583
586
714
584
662
567
594
456
485
406
495
382
413
592
363
382
204
89
42
185
176
166
-104
-150
-53
-326
-310
-311
-310
-283
-96
-213
-548
-577
-472
-687
-547
-425
-441
-247
-251
-114
-263
-440
-689
-860
-722
-723
-967
-923
-950
-874
-630
-831
-496
-327
-234
20
-94
-167
-241
-389
-361
-165
-276
-164
51
92
181
39
231
490
367
502
715
554
482
607
517
319
227
391
628
550
216
425
483
383
515
551
514
352
418
403
364
357
406
478
288
329
385
254
252
25
140
230
-14
-260
-202
75
-27
-45
-62
-516
-572
-587
-743
-464
-626
-686
-396
-498
-834
-924
-870
-917
-1182
-1165
-1085
-1281
-1172
-1021
-858
-796
-954
-694
-186
-119
-117
-30
-187
-272
-51
-165
-320
-117
-82
-21
-16
-74
-28
187
127
131
313
414
529
402
489
513
334
377
401
355
598
765
778
990
948
778
828
716
768
857
927
715
686
673
678
632
429
528
417
304
152
256
66
-154
-187
-159
-131
-81
-242
-469
-720
-717
-537
-514
-637
-635
-405
-413
-322
-664
-561
-510
-712
-876
-1006
-977
-933
-955
-854
-835
-787
-631
-557
-50
-318
-138
-228
-272
-134
-266
-109
-350
-239
-421
-327
-286
-220
-186
-36
6
113
159
-75
172
335
423
236
276
87
216
160
237
559
659
689
431
660
729
654
544
377
456
239
187
382
166
184
45
23
59
107
19
-176
-118
-289
-176
-74
-282
-383
-176
-396
-590
-510
-743
-327
-339
-675
-200
-210
-255
-333
-410
-342
-744
-791
-711
-645
-619
-816
-590
-578
-561
-322
-427
-339
-240
-102
65
-125
-207
-83
-218
-110
20
-204
-7
160
91
43
-18
248
98
107
460
223
376
422
392
537
279
363
425
419
553
459
695
711
569
553
408
337
230
248
74
107
179
168
158
46
258
216
11
75
58
-28
-113
-37
4
-200
-204
-127
-97
-193
-421
-174
-135
-247
-293
-358
-39
-158
-268
-362
-534
-623
-578
-539
-603
-836
-691
-528
-465
-381
-412
-141
-195
-95
-254
-158
-34
-112
41
182
50
119
77
91
177
-183
141
327
326
280
141
203
226
286
505
365
354
534
561
614
503
449
590
662
486
309
331
492
271
306
292
-94
26
11
81
128
85
175
-25
43
-134
-131
-41
-113
-65
-73
-108
-242
-294
-340
-151
-277
-301
-264
-323
-209
-255
-282
-373
-432
-451
-503
-665
-683
-673
-669
-666
-611
-270
-292
-257
-135
32
48
-263
28
-32
-119
172
16
182
128
-57
52
225
162
196
356
328
262
167
424
244
236
458
630
556
563
735
669
746
623
582
718
643
473
580
565
511
500
473
536
311
378
474
306
394
195
252
334
9
60
158
164
89
-115
32
-53
-172
-220
-318
-277
-326
-317
-254
-248
-261
-270
-299
-322
-508
-328
-317
-512
-462
-411
-369
-394
-210
-145
-272
-146
-147
-91
-192
-221
-37
-62
-38
-150
-113
-37
-90
-183
-124
-78
-178
-136
-11
-94
-90
-15
-49
-59
70
269
296
330
381
499
438
478
449
490
664
