939
849
895
519
796
1279
639
1044
1475
754
631
527
314
45
-174
235
402
81
165
340
401
396
295
100
51
171
1
-109
262
496
32
-362
-48
-352
-591
-123
115
-290
-126
51
-75
-270
-287
152
-328
-276
-206
-101
116
-271
-100
179
-55
-115
-58
-254
-536
-561
-399
-321
-854
-456
-183
-648
-378
-374
-376
-390
-249
47
59
99
425
254
208
564
309
96
792
713
286
473
769
729
425
742
1242
981
728
1114
948
731
528
657
131
77
607
616
207
40
668
199
-215
-248
-188
-413
-959
-980
-999
-1604
-1321
-1107
-1680
-1490
-1385
-1229
-1144
-1232
-808
-1176
-1538
-852
-724
-1178
-930
-352
-759
-929
-447
-104
-236
-459
32
277
-47
295
689
352
5
524
668
44
284
779
961
609
840
987
396
364
424
119
-188
-208
138
196
-440
-177
44
-143
-27
284
62
-316
-98
-52
-43
-210
152
235
-107
-51
347
538
145
8
321
217
252
691
555
497
699
828
455
278
585
522
330
262
124
-128
-330
-68
145
-202
-2
277
189
-148
-140
-8
-566
-149
-235
-468
140
-150
39
715
260
294
779
451
527
319
184
369
163
-159
-134
-3
-2
74
194
222
120
233
498
320
-134
13
-112
91
-331
-594
-298
-511
-313
-404
-767
-688
-420
-385
-413
-675
-251
-6
-192
7
119
176
365
275
381
219
254
724
474
91
16
5
-241
-181
-265
-395
-385
-567
-261
-170
-442
37
140
-137
186
180
-104
299
438
493
225
97
375
70
-313
-96
263
-244
42
147
-300
-274
-405
-276
-405
-915
-394
-425
-869
-465
-430
-322
-549
-461
0
-309
-357
65
-248
-337
-74
-122
-237
-186
-286
37
41
-349
493
-31
-450
87
0
-26
-33
41
291
86
38
392
173
28
130
62
4
144
284
514
215
190
437
199
-63
152
73
-372
287
422
44
-81
-51
-23
-130
-151
-87
-29
-127
406
420
419
540
424
570
438
359
74
80
269
374
311
161
216
365
-9
-434
-216
-200
-134
-322
-409
17
-287
-61
262
-46
129
156
112
-167
-80
10
229
-5
-172
-26
-511
-269
45
-123
-83
186
59
-24
-68
-24
-510
-469
-242
-614
-500
-493
-293
5
-281
-211
-4
-272
-362
-274
-319
-90
23
-183
246
138
493
981
604
519
721
568
383
325
212
128
-195
-135
-53
-541
-481
-402
-748
-650
-667
-601
-807
-534
-241
-798
-699
-518
-657
-612
-938
-404
-369
-692
223
199
321
340
194
481
20
35
223
290
491
403
492
380
211
49
-114
-84
52
521
546
158
737
723
486
800
662
637
390
389
344
-27
-204
135
183
-120
-120
-152
-308
-293
-482
-597
-235
-466
-352
-260
-607
-569
-496
-694
-552
-102
-206
-485
-456
-338
-436
-717
-554
-632
-789
-683
-540
-260
-454
-14
36
-2
310
-182
31
422
25
389
208
356
924
610
652
325
405
695
605
300
743
620
338
554
406
328
113
335
283
5
140
329
59
239
482
574
421
263
256
-12
73
113
335
432
90
198
549
167
308
536
30
227
71
144
509
359
505
536
618
195
266
433
-367
-496
-475
-1001
-819
-616
-765
-849
-1074
-619
-909
-1074
-780
-1038
-871
-855
-771
-508
-443
-427
-150
-166
-541
84
63
157
614
313
611
441
270
397
623
562
333
538
355
199
415
490
336
190
127
-123
-199
-90
-307
-71
352
127
37
-149
-108
-5
-279
-83
-398
-325
-333
-330
-69
-316
-217
-194
-79
-370
-728
-329
-328
-792
-712
-772
-960
-789
-933
-923
-630
-659
-393
-355
-74
224
478
475
136
437
338
443
348
-48
146
126
-270
143
-79
-479
-148
-158
-248
-128
-54
70
237
33
58
122
249
30
-39
11
-123
-318
-327
-65
-6
-287
-397
-213
-111
-138
-191
188
278
87
231
400
140
524
553
11
366
463
318
592
668
454
505
468
490
370
310
339
31
-10
-227
-550
-346
-108
-482
-682
-318
-755
-855
-485
-840
-865
-766
-607
-857
-751
-478
-378
-392
-748
-272
3
-254
-33
741
553
411
892
756
868
938
1158
1295
857
1159
1090
900
978
1026
815
472
761
748
617
593
573
649
623
344
700
613
396
279
38
29
-417
-575
-255
-415
-697
-471
-641
-799
-591
-485
-711
-901
-737
-458
-1121
-967
-552
-847
-440
-219
-494
-120
-241
-772
-273
-638
-512
-263
-315
-118
-437
-516
-468
-531
-377
-276
-291
-312
-275
-170
-201
4
-10
-117
-172
-269
-367
-364
-225
-66
-243
77
140
36
227
-209
127
190
64
171
79
357
188
137
87
-362
-15
-134
-141
264
262
201
299
448
265
347
357
306
497
785
480
543
353
242
699
414
-11
242
313
-334
-81
-95
-473
-435
-715
-364
-422
-772
-222
-446
-594
-333
-469
-568
-370
-420
-211
8
-408
-134
205
-741
-504
43
-258
-21
-322
90
421
269
508
663
348
653
913
913
762
544
586
455
767
707
712
665
633
978
650
480
912
354
748
394
-188
388
-185
-18
139
-315
101
-98
8
93
-538
150
-169
-74
563
102
273
416
102
287
156
91
166
154
91
56
154
42
-270
-159
191
47
-145
-109
4
-579
211
-79
-190
272
-58
396
252
71
201
353
64
108
-15
-283
-423
-569
-890
-919
-602
-1215
-823
-867
-1455
-365
-1096
-974
-654
-1024
-683
-933
-786
-734
-511
-263
-119
-457
180
107
-124
374
83
108
-80
256
417
-294
228
398
-135
46
205
-4
-49
139
116
-1
-269
50
-43
-176
-526
-67
-109
-832
-220
-661
-273
-123
-744
-384
-516
-766
-81
-264
-510
165
-375
181
440
-186
620
296
188
604
391
351
133
167
251
26
269
234
-301
-255
-355
-426
-618
-168
-244
-192
470
-423
99
267
30
583
-62
202
211
73
547
522
702
539
752
780
451
995
852
502
828
396
443
532
696
447
294
755
-164
126
-154
-496
88
-627
-658
-241
-969
-484
-123
-767
234
-102
-234
747
26
161
832
141
486
183
50
289
248
275
-221
495
135
-108
27
-22
67
67
-203
-184
39
-64
137
-69
-268
17
-358
-80
436
-358
749
647
82
1423
779
308
916
585
677
589
512
438
136
624
237
-341
51
270
-80
4
193
-519
-1
-144
-622
395
-591
-637
-157
-705
-352
-794
-567
-186
-1495
-678
-302
-1112
-502
-827
-288
-361
-500
64
-853
-311
-90
-406
-86
-90
632
244
-24
481
328
90
1
-92
-538
-296
45
-568
-340
-21
-668
-86
-900
-1083
-419
-1223
-521
-754
-720
-285
-576
-378
-418
-595
-504
-207
-232
-401
-417
171
257
-168
374
405
40
539
677
450
951
789
718
565
657
1376
184
834
1361
115
766
782
152
376
149
364
9
-26
484
-672
-42
10
-696
-17
-885
-449
-84
-1187
-172
53
-522
205
-195
-405
82
-667
-1021
-346
-901
-1082
-543
-647
-406
-425
271
504
165
710
747
598
588
902
941
694
1151
1154
1022
911
1143
993
677
761
675
826
465
355
507
-128
-55
328
-103
-300
-131
-428
-732
-23
-935
-911
-357
-1126
-954
-1296
-1038
-982
-1480
-936
-1288
-642
-313
-1400
-504
-360
-513
-735
-401
-30
-470
409
337
322
215
280
744
-131
575
326
-290
653
73
735
328
-183
1182
-306
0
891
-148
141
440
383
-193
138
670
-444
-496
315
-590
-649
-442
-913
-582
-477
-1091
-1139
-698
-828
-795
-983
-977
-911
-622
-625
-715
-588
-585
-306
-735
-503
141
-68
-422
435
425
-348
439
356
419
273
248
581
433
864
689
688
1080
768
419
768
580
170
-335
-350
362
-203
-102
156
-940
-249
83
-686
-705
-662
95
267
-415
-302
304
27
-127
228
552
297
74
536
346
238
280
551
538
103
521
428
385
454
272
740
419
587
890
-74
31
723
54
-300
472
419
99
552
367
515
944
213
598
357
0
701
-150
31
337
499
617
260
549
202
104
192
336
371
167
79
403
-93
82
-71
-437
403
-65
23
221
272
121
-174
189
-104
-369
3
-661
-312
57
-497
66
-435
-248
42
-578
-256
-165
-351
-9
38
-525
83
184
-941
-194
91
-558
-446
-611
-506
-612
-901
-321
-707
-900
-320
-1024
-1143
-605
-385
-773
-528
-237
-1044
-473
-177
-1023
-779
-378
-14
-476
-590
186
-426
-488
209
-878
-646
656
-748
-443
200
-276
300
204
51
370
-41
-14
143
-57
292
-82
302
113
-119
482
10
547
428
397
941
128
565
193
279
343
-422
964
318
-420
772
592
40
-115
-445
-322
-460
-245
-81
-674
-164
46
-792
-318
30
-800
186
51
-818
582
345
-140
382
84
347
345
-104
452
81
214
467
-550
-119
184
-219
119
0
-473
144
-76
-180
240
-268
-190
246
-259
-252
-523
-217
361
-91
583
89
587
1107
193
244
1138
964
111
696
1105
670
622
1173
312
0
346
592
119
-175
552
528
851
460
419
559
-97
-166
466
637
333
280
512
425
-449
-175
-260
-520
-96
-205
299
-422
-970
625
-616
-882
545
-794
-877
-179
-613
-669
-218
-513
-504
-603
-347
-252
-961
-352
-253
-157
359
-566
-575
171
-357
-540
-390
55
354
-636
-181
-133
29
902
-1117
-609
118
-785
-497
-857
-661
295
-468
-584
236
-590
-130
-52
-532
57
328
383
-265
-372
372
-355
-835
-36
219
-97
-64
-681
88
120
-440
198
-654
74
-129
-331
-43
-192
329
-796
-427
810
-211
-109
-392
-539
851
-502
-244
-114
-108
1281
-490
117
1229
387
441
217
568
896
562
542
842
825
1030
46
189
475
1
287
-689
-258
-162
-659
-156
-515
-453
204
7
-562
-443
399
-351
-547
233
51
-545
-188
128
-466
73
-21
-173
-179
228
214
-547
-482
320
-98
-440
536
-129
-115
469
523
824
376
418
588
556
1346
865
20
708
676
654
1372
-9
-221
915
339
-435
91
460
-289
220
621
390
382
661
166
17
864
509
5
109
783
749
53
140
206
321
196
-200
-654
155
621
-368
220
471
-415
159
153
-582
317
-233
-94
-353
-724
436
-567
-823
-632
-830
-573
-1383
-692
-701
-1307
-217
-1270
-701
-197
-946
-374
-927
-792
-261
-837
-649
-737
-1230
-718
-690
-1201
-858
-977
-1081
-1075
-651
-392
-461
-502
-212
618
-475
-150
624
173
48
481
419
792
152
200
280
379
473
-938
1030
118
-308
1365
93
-310
1004
713
98
-103
124
-335
-1080
-78
-940
-473
53
-1077
-634
533
-426
-302
551
-353
172
168
188
85
-168
540
451
60
8
326
20
55
-6
-42
857
-229
-413
153
195
639
127
234
1105
876
412
929
768
836
698
577
1136
252
949
1073
-557
664
745
-417
-62
-293
-432
-34
-1083
-451
208
-780
793
-429
-392
1329
-553
-157
477
134
132
-714
-212
358
-284
-36
406
-213
465
735
-883
546
498
-290
327
-450
-27
561
-115
-447
173
423
720
-519
-354
846
44
-132
-68
-242
-576
-223
92
-463
-171
110
-286
-197
-489
41
524
-1041
-431
440
-257
-149
-151
-295
-88
48
-573
-445
-419
-252
-177
-180
569
228
141
314
332
460
294
52
410
285
-83
634
-30
-160
716
334
468
185
108
327
85
-309
-428
35
-372
-752
81
-652
-1083
41
-1142
-409
412
-501
81
93
-161
258
-902
-340
493
-500
63
-699
-233
493
-561
-142
136
-122
426
-500
-74
649
-459
-209
-16
-305
540
41
-726
788
-652
-689
174
-1144
181
57
-1093
-709
-228
156
-1302
-674
393
-586
-32
-175
-363
888
326
-446
694
654
561
459
558
942
697
838
426
478
1378
898
-70
511
885
857
771
-46
241
714
-92
-179
-50
-284
-384
-9
-443
-891
379
-286
-1323
25
285
-457
-12
-170
-317
612
37
-274
316
368
895
-304
-329
773
-198
-581
-469
-162
-2
-244
-571
-256
589
-204
-363
-166
-607
-317
-346
-160
-953
-691
-93
-994
-392
77
-975
-582
-606
-1008
529
-232
-1135
408
192
205
431
-456
930
701
-89
512
358
582
666
110
690
909
114
-94
-450
490
213
-1062
-621
241
424
-97
-636
-137
-50
-59
-72
-1208
223
-160
-1190
619
-727
-1088
650
-1099
-1188
712
-157
-604
-387
-154
704
-531
-792
359
-547
-140
-362
-921
-351
-949
-696
-895
-1163
304
-768
-1257
643
-136
-264
-331
-283
403
-72
489
528
360
842
408
60
669
781
584
970
530
93
511
245
423
69
-119
527
-78
135
975
80
-352
773
458
362
922
42
-161
1154
1228
265
-47
423
754
-129
309
798
281
791
914
409
876
411
-435
756
348
400
1013
-78
-11
289
391
-51
-171
344
711
204
-341
191
-408
-103
526
-241
135
150
-363
57
461
452
101
1
743
786
201
394
676
248
-55
758
661
-412
268
639
538
482
-303
585
-301
-490
100
-518
433
-598
-1153
249
129
-1078
-1130
-1137
-127
-23
-1247
-118
-77
-672
32
-269
-851
97
-606
-1456
239
-152
-955
-120
-638
-47
-652
-759
401
-1584
-280
966
-982
-18
161
-451
184
-877
-221
-159
-1141
-579
-823
-1163
-567
-864
-1188
-540
-843
-874
-999
-902
-77
-370
-897
33
-158
166
438
16
481
201
163
437
491
178
-31
499
1155
-374
-127
328
-1107
197
-155
-725
-180
-549
284
-184
-108
0
-700
-38
-84
-447
-74
-178
-286
-229
-920
344
-318
-1367
810
-398
-879
622
-840
-435
150
-542
-112
-762
-187
182
-747
-248
-345
-539
895
192
-400
771
326
-28
751
335
-453
902
548
111
695
434
436
261
454
403
122
353
371
231
559
353
389
32
145
588
35
269
-109
-343
258
-71
267
116
-553
-33
30
7
389
467
411
685
266
510
1049
-267
-564
699
430
529
240
-139
629
-64
-166
250
203
58
519
937
586
387
569
331
-237
500
483
-695
-97
865
592
338
187
-340
-132
-73
-915
-898
-334
-536
-719
-233
-24
-789
-1282
-238
-7
-541
-294
-216
-488
631
517
-412
324
-431
50
389
-862
898
506
-666
1207
166
-272
230
-721
70
107
-618
-504
-187
-67
-146
-836
-385
-140
-1493
-135
50
-600
210
-621
-222
345
-585
-444
-210
-313
-214
-23
215
-392
-577
-469
-568
-503
-953
-244
-81
-838
215
550
-307
-243
255
693
261
315
1283
697
1017
921
255
1213
940
-78
277
657
290
627
737
302
196
755
521
266
661
351
-441
397
1553
51
-230
-54
-167
564
206
260
22
-386
-214
309
-102
-1157
-536
-281
-178
-11
184
-322
-748
195
-203
-697
-121
-327
-685
-364
-67
-466
-850
-528
-18
5
-120
-48
197
680
417
68
-32
403
515
485
229
-6
396
-224
43
160
-649
-57
123
223
1044
518
245
362
309
316
-206
-154
69
203
275
234
505
146
146
923
122
-188
669
211
57
625
-73
-377
610
233
46
13
-257
773
71
-353
392
-391
-163
149
-1283
-1119
-351
-250
-417
-574
69
-319
-425
-198
289
129
-533
602
281
-696
158
4
-626
-792
-1036
-642
-728
-391
159
-929
-478
295
-580
456
454
-112
850
-160
-264
449
-633
-147
71
-503
-18
-808
-403
168
-1504
-758
-573
-1507
-671
-913
-1014
-1183
-1444
-651
-910
-1702
-993
-935
-890
-150
-550
-528
-248
-134
-261
-411
-157
-12
-305
-248
269
12
59
365
445
480
984
961
492
1192
1529
1518
1665
1400
1575
1558
1419
1514
1470
1796
1529
1475
1616
690
135
339
-157
343
426
-73
755
-180
-223
724
-283
-564
-307
232
549
249
396
124
-30
385
399
-172
-146
278
-44
-660
-341
-550
-375
124
-782
-517
-270
-596
-314
-4
-278
-937
267
342
-1102
-331
-57
-256
73
-846
-6
831
-729
-51
-50
-381
280
-325
1255
975
-685
1287
452
-631
1287
192
355
1050
-403
711
913
-409
432
329
-143
302
-382
224
501
-539
378
-3
-602
270
-724
-723
-194
-286
-314
-894
-512
-406
-446
39
-521
-1224
-509
-521
-885
-430
-1202
-593
25
-1298
-614
-479
-778
-385
-500
-118
-844
-909
-154
-43
-145
-285
82
394
-285
-127
29
-909
147
40
-639
67
215
245
16
-533
163
486
-370
499
693
100
175
566
552
-55
-323
145
-80
-456
-495
-304
665
-352
-926
-341
-209
-409
-756
-259
34
-359
23
162
457
456
-655
322
736
236
65
28
679
802
316
-133
-32
574
579
521
659
-236
240
473
21
471
-81
-307
909
575
53
678
585
563
-74
28
442
199
363
458
-296
-656
-114
-232
-293
217
-420
-717
238
-518
-293
46
-172
266
-467
-499
175
-15
-207
64
394
322
29
99
785
1066
98
896
693
-26
1064
566
229
50
-308
317
-4
109
546
-103
105
-472
-448
319
-329
-55
116
-156
150
-191
-272
-214
-200
-334
-422
-274
-153
218
-2
-19
60
-342
-568
-440
-515
-563
-1051
-884
-556
-1040
-820
-209
-326
-1037
-615
-177
-510
-393
-559
-175
724
-686
-221
553
-177
366
471
728
-64
-480
465
111
-405
98
-396
-815
-603
-423
-480
-513
-376
-485
-648
-957
-549
-702
-832
-718
-997
-438
52
149
191
-343
-149
211
-199
194
-190
-416
192
-636
-356
-304
-488
52
-404
-244
45
-609
-283
574
160
590
477
77
837
1117
598
627
1049
786
1591
1670
593
1097
1767
875
528
818
617
669
316
69
15
-431
-780
-96
-195
-740
-622
-570
115
-116
-8
184
259
50
-500
206
273
-271
265
88
-445
271
-62
139
309
-335
411
97
-430
375
-296
-174
157
-366
-203
-849
-439
177
55
-449
-101
-237
-784
405
126
-199
-113
-480
-119
460
173
-64
262
280
406
411
510
425
401
527
213
375
384
259
669
727
765
711
573
1024
943
523
672
389
620
630
419
704
49
308
761
29
-173
3
26
101
-142
-977
-855
-91
-402
-897
-890
-782
-1159
-1112
-947
-1586
-1538
-609
-829
-1847
-1057
-244
-576
-355
-152
-137
-630
-308
116
-491
-338
-537
-277
36
-578
-32
-29
-279
269
-134
265
731
246
344
290
-69
180
427
481
491
200
630
495
-520
-90
372
-662
-756
-348
-746
-642
-821
-172
-129
-1162
-613
-796
-661
-216
-337
-463
-429
-306
-121
-187
-675
177
724
479
-345
149
1158
685
552
547
323
147
600
953
208
-18
416
520
514
-33
63
347
435
314
-152
-41
390
49
55
634
10
237
761
706
651
9
60
367
-112
33
413
85
101
408
324
185
59
-193
-5
301
110
8
-77
239
286
-376
-725
-133
184
-567
-137
596
180
-681
-557
58
209
163
-17
42
276
12
148
304
-120
-60
-181
-26
-67
-562
-474
16
-29
-748
-1025
-383
-637
-586
69
-373
-615
-543
128
290
-215
484
386
304
1437
723
490
937
-52
-110
511
112
-214
-146
332
141
-424
-210
-498
-193
-106
-687
-308
-222
-367
-9
-403
-242
239
-429
-265
184
220
835
94
81
918
-19
232
339
-103
210
84
-26
24
-224
-403
-86
-369
-489
-349
-917
-433
94
-811
-509
48
-425
-239
127
124
725
421
-576
340
-121
-458
-100
-945
-212
120
-318
-311
251
76
-411
230
146
-102
36
-122
-112
-354
-587
-117
-436
-212
430
-207
-785
-965
-536
-72
-337
-803
-752
-306
-237
-405
-210
-150
-78
-291
-5
447
-220
-440
386
805
-168
-642
302
639
-217
-37
255
203
68
73
346
177
183
92
134
210
17
87
197
360
429
173
675
911
1085
1172
1034
518
599
999
145
542
970
578
119
-5
214
-50
285
631
-182
-215
-5
111
737
231
62
480
10
210
523
-8
-11
-197
14
-35
-254
239
415
142
128
-235
-486
-632
-1143
-745
-943
-798
-887
-326
1273
970
257
867
24
-284
183
405
1301
285
-104
98
-566
-1299
-340
310
11
-124
-149
-704
-896
290
-906
-954
-13
-818
-165
-206
-581
-54
-1021
-636
-264
-918
-278
-685
-1511
-804
-1020
-1700
-434
-867
-1327
194
-1095
-1259
-115
-1176
-490
-68
-688
-41
-128
-467
555
1152
936
215
-371
434
808
449
1407
1196
292
1206
791
840
868
-244
521
733
836
975
798
1755
1321
765
1181
379
736
1302
223
482
0
-163
210
-134
-427
-281
-991
-1323
-676
-1443
-882
-924
-767
156
705
-511
-543
-220
-641
208
201
4
-477
510
1277
386
-257
203
461
53
80
-350
-1064
-21
-235
-533
-182
669
-290
-1174
42
-351
112
469
-300
-712
155
-317
262
528
1015
1230
779
346
-1066
-237
-646
-1803
-605
720
-557
147
996
794
292
-101
137
780
1103
959
1623
437
466
215
-554
-648
437
868
835
77
-922
-790
-1286
-665
130
225
-268
-402
-716
-276
-188
-178
419
8
-920
390
495
-427
644
-545
-654
779
-310
163
855
-246
-609
-720
-83
-203
-365
354
263
-1181
-558
547
668
1208
133
-525
-631
-1388
-47
-182
-61
1788
1164
562
290
-125
-949
-1912
-2205
-534
-992
-1965
-847
-1314
-1829
-699
-913
-1381
-565
-12
119
-1157
-1731
-1207
-188
-167
1091
1323
465
745
-487
-962
97
680
392
-45
-858
-636
-366
411
895
372
942
684
-132
-72
143
636
202
-276
481
710
434
762
830
108
743
870
-47
729
672
612
847
-599
-843
524
748
127
-63
-734
-987
-492
-114
-342
-7
194
-505
-117
-175
-293
109
276
334
-487
-326
454
612
862
256
283
1102
-137
-13
1076
1035
772
586
592
4
252
-43
106
-221
-366
383
45
131
949
1229
27
376
1129
199
470
1004
150
2
88
-30
-259
-75
304
-58
101
-319
-312
345
605
453
-539
-391
153
-119
-71
-166
90
577
757
510
147
-440
-928
-118
490
253
169
86
-1188
-846
478
-1
-613
-210
256
276
8
-359
-651
-849
-334
-703
-564
46
-83
-125
-736
-536
-261
-343
507
148
-960
-95
-189
-1172
-55
-337
-942
-15
-671
-1013
-646
-1281
-1639
-815
-614
-357
168
-213
-161
-806
-326
32
-610
-20
-184
-682
-195
-419
-153
-107
144
507
-40
414
-165
149
532
-89
672
1385
624
328
215
350
798
985
1093
1553
1624
933
899
321
-124
-30
-257
-43
707
185
251
-418
-1019
-430
-1111
-381
96
-546
-316
-436
-1001
-1438
-899
-862
-840
209
26
109
962
287
172
654
107
396
617
336
25
554
453
-55
-13
275
819
612
713
133
-359
352
95
-170
-178
-590
-410
-902
-346
578
127
382
705
312
173
478
299
617
788
291
180
-383
-101
600
357
666
964
661
382
309
639
-154
-347
618
305
-149
-590
-355
-268
-591
-424
-303
-171
-415
-165
-431
-424
-195
143
109
-550
31
-629
-1038
-177
-410
-883
-939
-949
-596
-1339
-1111
-272
-382
-888
-568
-835
-1999
-1413
-1785
-1162
-1014
-1175
-261
-632
-1607
-576
-335
-801
896
174
-839
805
337
-776
532
-92
472
1598
1085
1305
1248
426
357
980
711
746
491
187
-64
-46
-14
302
402
229
624
401
790
736
297
880
1356
736
606
1278
779
883
1314
1008
1206
429
216
1263
324
15
951
301
448
976
112
238
-124
-402
-302
-1605
-1717
-1549
-1802
-1187
-1643
-1632
-907
-2018
-1444
-480
-1296
-748
-68
-802
-157
394
-209
-183
-659
-998
-376
-129
-251
-308
-756
-98
211
50
41
-44
-179
3
465
-73
433
1100
773
431
911
403
169
1112
439
162
434
302
692
1033
560
1178
816
-23
921
406
5
455
510
629
720
741
1262
950
939
1355
1243
1731
1534
1114
765
284
-25
637
381
542
818
125
617
538
82
565
920
-249
-204
-143
-1179
-977
-1433
-1318
-893
-1915
-1842
-1788
-1540
-1170
-1605
-1374
-973
-1554
-2046
-1716
-1234
-1349
-1524
-395
-323
-328
-31
-401
-514
-523
-757
-902
-617
-160
-555
-417
214
463
904
21
782
1169
-339
321
615
-6
282
444
299
258
108
322
-84
-533
-255
-638
-1069
-854
-224
-372
277
54
-359
22
-637
-979
-191
-60
14
374
-383
-124
-723
-825
-317
-363
-119
-249
-120
-2
-351
-107
-50
-241
-14
74
-434
-846
-559
-1256
-1260
-725
-907
-690
-367
-123
9
-413
426
611
-130
688
250
191
1188
809
1182
1222
649
649
2
817
1314
879
1419
867
1053
1069
364
807
779
331
441
908
634
641
963
1076
751
627
463
8
83
236
283
-83
187
606
194
-13
-180
29
162
-38
404
-430
-469
56
-275
323
183
-238
334
272
273
252
95
197
-27
434
304
-98
-23
361
197
-193
-407
-887
-648
-395
-681
-469
-339
-552
-358
-724
-565
-854
-1300
-446
-1335
-1482
-852
-1238
-903
-445
-493
-676
-67
-286
157
607
340
295
-44
568
660
125
231
60
571
157
-732
-571
-771
-239
-319
-214
91
403
-219
-1016
-586
-255
-563
-393
168
419
173
47
464
194
18
144
492
-253
4
55
-125
137
-183
-203
-625
-613
24
120
209
431
370
289
-2
213
-71
93
247
-144
506
150
-324
103
-799
-470
-278
-856
-138
-151
-867
-934
-683
-1227
-1284
-1144
-1027
-543
-733
-583
-134
-256
17
42
20
299
461
724
500
503
949
1197
1464
1277
1369
1501
1534
1741
2239
2393
2068
2054
1301
1613
1330
683
1099
1166
561
897
1394
485
728
401
361
503
149
287
-235
-162
78
42
391
-95
-36
106
-349
314
211
-226
596
576
279
497
-103
-504
49
-296
-908
-723
-1079
-1107
-1796
-1740
-1168
-1626
-2008
-1822
-1784
-1902
-1770
-1617
-1216
-1628
-1284
-1373
-1651
-1386
-949
-476
-631
-744
-454
-436
-483
-41
-158
691
486
208
859
187
587
1497
1459
1420
1232
1078
1104
1368
1012
854
1311
729
1077
1558
1149
1455
1854
971
1317
1102
180
275
-592
-689
-400
-279
-362
-124
-304
-660
-666
-566
-320
-500
-244
-346
-888
-539
-735
-785
61
-671
-969
-420
-1023
-1048
-36
-600
-811
-147
-1122
-1316
-1229
-1140
-821
-719
-147
-299
-155
-194
-229
-77
-36
-218
-500
-653
-1525
-1140
-825
-1347
-384
1
-680
72
-8
237
545
159
529
-20
25
286
702
351
-312
-56
126
460
690
609
400
517
306
462
932
1036
1332
1204
671
1125
1164
171
-129
-115
-212
495
954
667
1400
1349
436
-95
-825
-1340
-1073
-624
17
425
-275
-967
-523
-417
-902
-762
-1509
-2153
-2532
-1573
-487
645
1641
1898
1951
914
-946
-1517
-1117
-1831
305
704
-142
859
1450
872
623
-132
-485
319
656
731
709
2649
2831
2213
697
-525
-766
-601
996
2157
2805
2888
1810
-109
-650
-690
-320
733
855
226
-622
-1096
-559
722
1436
1840
2381
1840
-81
-1854
-591
110
175
739
-234
-1651
-2487
-1852
-827
98
883
1079
339
-186
-1624
-2580
-1748
-904
-1022
-1384
-1156
-1008
-554
-215
-343
-952
-1679
-2196
-2555
-1922
-1456
-1606
-659
-1253
-1243
-946
-2107
-358
719
-249
-366
-995
944
1458
-1106
901
1253
-788
-372
-469
-454
388
299
-683
-850
50
560
201
308
671
979
715
834
1592
976
1191
870
283
1614
1530
-21
501
988
-11
231
108
408
955
442
1486
1553
586
1002
-152
-464
1092
1081
235
-294
-522
592
650
-640
365
126
-874
53
17
-786
308
234
-1259
-271
-491
-638
-60
-1536
-1241
-274
-767
-752
-70
228
462
364
-262
517
540
-429
487
880
-105
415
911
-332
364
229
-506
-621
-1442
-363
557
-269
-841
281
-912
-838
69
-286
1045
514
673
2080
998
443
374
-334
-44
-823
-1254
-683
-718
-486
653
281
-671
-468
-235
-747
-261
645
131
504
512
-350
-233
392
327
-662
-929
-347
-998
-1611
-1046
-346
-635
-684
-612
-77
-280
-840
-869
-537
121
-212
-478
-245
-151
-817
-790
-953
-519
-837
-194
618
240
1039
841
-86
50
-1089
-699
379
-744
688
1049
653
702
557
93
70
776
723
426
1188
1120
325
730
359
839
1327
-365
-197
295
-966
-93
224
-339
68
-20
-1068
-786
-994
-1166
-315
-1093
-808
-53
-225
648
703
-225
-41
-240
-255
-108
-654
-359
74
-12
-28
-145
-158
-696
-941
-70
517
420
988
765
396
-650
-1266
-970
-1852
-1537
-471
-235
-1389
-889
45
-364
-407
-53
213
621
566
7
-197
-1070
-919
182
140
1465
1995
997
377
-498
195
753
1374
1499
1823
2573
1796
1687
1064
1341
2114
799
1331
1679
1519
2534
1692
656
1064
1116
165
-121
353
-586
-753
-518
-1534
-326
63
-477
1012
596
-825
-1122
-2163
-2622
-2831
-2454
-81
281
-201
432
-411
-538
-184
-740
-365
491
-30
-681
-767
-433
140
1275
1874
2028
2481
1826
1392
1187
1884
1895
807
-13
32
-286
-486
-978
-1837
-1407
-1115
-321
-437
-1466
-1825
-1872
-1725
-1838
-1854
-1862
-1618
-1598
-1832
-430
-212
-73
711
141
-314
-735
-1902
-1413
-714
-480
-888
-1603
-463
-524
225
1685
1433
738
291
363
1379
1256
-9
-964
-671
-802
-1105
-488
-652
-130
-48
-58
126
1007
1965
1602
1788
1886
1376
925
1138
1375
1212
837
-228
487
867
-226
829
286
-1142
-554
-280
-13
573
510
831
1202
-184
-551
-796
-1470
-1070
-1111
-1364
-1676
-1952
-2081
-1450
-531
-402
-864
-1195
-1306
-1414
-997
-25
605
901
758
106
-434
-253
646
215
-137
-176
-391
-466
-484
-189
-97
482
94
-131
455
158
-359
-69
347
699
870
401
459
650
-165
-752
-593
-910
-192
783
448
906
1191
1139
1584
1957
2242
2533
3014
2481
2329
2612
1571
1377
669
139
1192
459
531
1373
1289
953
7
-363
646
688
-81
8
-84
-218
-828
-1218
-1310
-1295
-1709
-1573
-905
-794
-768
-348
-79
-552
-944
-706
-399
-1330
-933
-804
-1145
-345
959
1710
1159
1078
344
-144
38
-448
-638
-420
-1170
-1070
-933
-1315
-1022
-762
-365
-509
-496
-607
-905
-1163
-1358
-980
-615
-1269
-1432
-1595
-2070
-1131
-942
-1202
-763
-687
-1017
-862
-540
-748
-1128
-1330
-1685
-2044
-1713
-1367
-543
885
1247
1108
1430
1273
778
787
1318
2016
2062
2222
1983
1336
2041
1821
1894
2138
1728
1879
907
797
1604
1613
1548
1200
-131
-181
-197
-627
210
91
454
1191
223
-444
-127
-183
-278
-3
53
20
109
84
234
153
-176
282
441
-243
10
123
-276
-92
-406
-389
-215
-572
273
508
407
379
-443
-1112
-1696
-1327
-1185
-1079
-232
221
-175
-495
-558
-728
-856
-874
-516
-476
-378
127
170
-171
4
111
49
-275
-940
-666
-144
27
-123
224
113
-170
609
-26
-348
-9
10
282
411
811
976
379
-47
171
241
-145
-635
-834
-743
-205
-65
-294
-12
579
534
1083
1275
955
1258
942
875
1234
2000
1670
1022
486
-533
-229
-20
-450
415
923
441
824
984
1035
1657
1167
-55
-761
-1114
-1160
-1635
-1298
-214
74
-179
-572
-432
-275
-448
-653
-823
-889
-745
-1221
-1677
-1474
-1233
-1147
-834
-645
-1088
-845
-683
-1279
-1227
-1368
-1444
-1186
-2009
-2254
-2129
-1943
-906
-385
-101
1072
1070
582
740
831
739
475
336
-119
520
1100
539
347
874
825
342
124
204
740
899
840
719
226
614
622
-349
-151
-14
-326
-781
-817
-704
-980
-1601
-1914
-920
-205
-278
-698
-281
-151
-520
43
706
1203
1262
1090
1615
1852
1818
2145
2049
2093
1675
1123
1047
712
769
995
766
758
589
141
-295
-917
-470
-197
-957
-782
-903
-711
-353
-690
-875
-1015
-1103
-1356
-1273
-1351
-728
35
310
567
184
-149
155
-526
-883
-209
-437
-285
-101
-405
-110
5
-463
-478
-875
-709
614
723
860
1434
982
919
676
603
1296
1072
744
796
415
153
293
-119
-319
-386
-1204
-1372
-813
-702
-508
-745
-1386
-754
16
711
1405
947
171
-34
487
366
192
9
-33
790
579
97
-14
-82
47
171
137
173
286
490
68
-364
-288
442
815
41
0
-210
-662
-874
-735
-672
-661
-728
-911
-562
-138
35
164
152
-236
-551
-890
-1048
-792
-934
-853
-731
-1567
-1579
-1322
-1077
-464
-90
-679
-1331
-1336
-1172
-422
-140
-489
-381
81
140
223
82
157
505
420
10
106
472
969
1645
1387
1426
1529
1607
1484
604
578
744
652
327
254
692
254
-491
-853
-632
-330
-326
319
802
652
561
99
-369
508
657
12
818
943
478
373
340
597
581
-63
-346
-682
-1524
-1622
-1594
-1453
-1348
-1341
-1043
-1210
-430
426
-70
-634
-1076
-287
774
891
887
1212
1317
1987
1995
518
474
1612
1976
2091
2012
1482
1821
1246
26
-238
-672
-760
55
-597
-1880
-2132
-2093
-1539
-1203
-1202
-974
-1226
-1016
-560
-942
-295
441
506
436
0
19
694
854
490
157
301
960
990
1124
1642
1290
981
1358
1233
1192
1387
717
0
-182
-188
-78
32
-23
-380
-222
26
-248
-172
-154
182
261
-1015
-1423
-710
-305
-229
-1027
-2434
-2905
-2306
-1972
-1964
-1811
-2026
-2828
-2803
-2169
-2311
-1743
-1162
-790
-691
-841
-420
-230
-226
-369
-605
-517
-62
-70
367
675
823
1210
1346
771
771
875
730
748
334
196
553
1286
824
539
-86
-275
-104
934
2170
1548
1104
1103
2046
2626
1690
789
889
805
1010
868
327
1045
1240
730
313
-92
551
576
-724
-1699
-1687
-1257
-1236
-1800
-1948
-1264
-791
-1187
-2052
-2107
-2384
-1977
-1137
-1008
-1061
-842
-488
-465
-268
-284
238
808
898
787
1063
1198
1076
601
-277
9
961
1802
1110
155
586
955
1285
1383
1474
1953
2112
1861
1450
1199
1204
1487
764
597
1669
1770
1395
1209
879
1077
980
562
492
349
776
1048
983
924
1204
773
516
-287
-1086
-527
-532
-380
-450
-1100
-1134
-1298
-1426
-1036
-1759
-1105
-171
-717
-1317
-1904
-1982
-1737
-1647
-1857
-1581
-874
-595
-1349
-2017
-1566
-362
-48
-687
-733
203
731
341
139
-323
32
664
454
866
991
257
-165
-566
-684
-447
-90
118
-48
-109
-294
-64
-31
-375
-643
-696
-302
204
690
95
-475
-444
-964
-926
-918
-696
174
-27
167
40
-188
515
-247
-285
-454
-599
629
304
90
217
106
552
497
-25
428
652
280
-149
-978
-524
-112
-508
-424
-178
109
-363
-1027
-1549
-1685
-1123
-785
-445
-732
-1099
-793
-1051
-1381
-1462
-1540
-1254
-727
393
714
677
363
-141
308
-12
458
1389
897
858
768
623
1003
1160
761
594
919
1158
1931
2482
3056
2346
905
1088
938
1232
2506
1931
1301
1342
1445
1659
732
840
1626
2354
2105
1550
2161
1866
1143
535
573
1317
1742
1063
-72
-342
-210
-243
-402
-896
-1106
-1033
-1583
-1543
-1146
-1111
-1319
-1853
-1455
-1040
-818
-666
-1233
-1340
-1637
-1849
-1821
-1763
-1524
-1645
-2006
-2230
-1904
-1564
-2178
-2261
-1087
-111
-57
-1043
-1133
-843
-556
-76
143
558
552
213
-327
-162
713
359
-348
-150
747
2117
1931
880
459
-10
-463
-325
389
873
1446
1014
-47
47
71
59
259
360
454
429
555
870
497
-614
-1136
-900
-519
-302
-379
-779
-666
-63
-301
-1331
-1853
-1415
-665
-384
-975
-1148
-732
-711
-498
-949
-903
664
1126
766
613
1016
889
372
1207
1052
654
1381
1711
2143
1737
410
51
192
651
1148
789
671
586
197
-304
-462
463
1142
1030
909
868
1210
1388
909
940
868
636
716
885
909
432
-96
-523
-679
-99
-64
-700
-1269
-1977
-1857
-2013
-2239
-1806
-1530
-1846
-1980
-1645
-1589
-1300
-861
-788
-1801
-2341
-2022
-1705
-742
-110
11
11
-205
-412
-291
-141
498
1183
612
207
461
883
717
202
88
185
1085
1594
789
617
290
68
-399
-975
227
1038
1064
-188
-1360
-865
414
704
164
-455
-928
-105
326
-136
160
357
-25
206
394
1685
2296
1782
2449
2269
1995
2618
2303
1236
1436
1917
1778
1373
573
923
1166
249
-553
-670
-336
-705
-1063
-1106
-1549
-1542
-1620
-1741
-1204
-1251
-1789
-1576
-1658
-1440
-442
-491
-617
-236
3
-258
-198
322
900
196
-1292
-1119
-1133
-1105
-334
-680
-1229
-1762
-3029
-3459
-3258
-2732
-2257
-2164
-2187
-2216
-1560
-912
-112
105
-96
137
-151
-489
64
634
280
466
1148
1271
1601
1315
899
559
243
618
473
802
1716
1936
1334
1228
1589
1049
253
536
1301
1238
1856
2093
726
474
914
155
-575
-63
1019
1474
626
124
571
316
699
1269
1006
1447
1956
1867
1308
1009
1582
1807
1460
1845
1691
1538
1530
-165
-595
-399
-1247
-681
-6
-1059
-1608
-1422
-1715
-1773
-1407
-1204
-1369
-1132
-962
-1090
-832
-928
-622
-113
-8
693
1155
1396
833
44
-398
-820
62
1358
1205
802
765
-65
-963
-871
-54
180
289
286
347
375
-240
-712
-1442
-1674
-565
401
950
158
-711
-443
-540
-691
-337
439
718
917
825
-34
-415
-447
-826
-928
-1162
-1011
-649
-790
-1135
-1617
-1853
-1586
-1147
-1326
-1736
-1693
-1495
-1932
-1898
-1761
-1930
-1698
-1638
-1575
-1098
-430
-434
-832
-569
-160
88
369
670
1142
690
281
1260
1178
1060
1628
970
1368
1932
1144
875
821
564
1170
1227
1125
2085
2066
1306
990
1519
1900
1845
1694
1265
1231
1978
1762
214
111
845
616
246
301
655
694
-41
-904
-839
-221
-261
-284
-345
-671
-574
-793
-1007
-1018
-990
-1322
-1793
-1083
-805
-1545
-2118
-1887
-1241
-1345
-1690
-1580
-1993
-1725
-971
-1193
-1335
-1428
-1386
-1325
-1478
-1745
-1381
-978
-1491
-1444
-774
-829
-506
32
-88
-359
-551
-472
-76
244
525
640
179
438
1030
1018
179
63
718
1172
1565
2074
2380
1839
1843
2052
2363
3187
3632
2883
1951
1963
2558
2402
2177
2208
1732
1590
1368
1383
1006
1041
819
336
765
452
413
912
754
123
-110
-380
-584
-253
27
-512
-952
-892
-669
-497
-878
-1249
-1897
-1774
-1190
-1629
-1808
-1717
-1638
-1134
-1504
-1942
-1592
-1701
-1642
-1776
-1761
-965
-946
-1132
-1262
-1250
-1000
-1137
-1277
-1056
-220
-392
-1076
-905
-1142
-701
39
120
264
464
388
460
1151
1084
1144
1348
670
980
1424
1464
1638
974
661
835
956
948
1077
1312
867
706
635
451
434
-318
-564
-743
-797
173
179
-44
-69
-647
-744
-526
-435
236
139
-381
-458
-868
-703
-505
-1438
-1376
-508
-342
128
-323
-876
-803
-950
-817
-570
-448
-354
-313
-826
-993
-847
-927
-295
179
-57
-193
-167
-145
-281
31
646
896
1040
1190
1389
1146
941
904
875
973
1074
1621
1331
797
602
-230
-449
-294
-276
218
374
426
286
-548
-736
-266
384
871
854
932
1117
594
339
786
843
1252
1349
1049
888
810
1174
847
692
790
229
657
1651
1498
958
617
506
688
746
420
229
-14
-382
83
225
-407
-1132
-1842
-2267
-2002
-1757
-1706
-1804
-1965
-1876
-1914
-1688
-1474
-1133
-669
-1007
-1206
-645
-670
-801
-967
-1049
-318
-18
19
-28
-592
-561
-329
-254
-171
288
954
669
497
175
-282
661
1070
1200
1268
402
545
922
842
592
573
467
1064
1969
1405
669
573
396
279
460
73
176
144
-490
-471
-909
-1023
-470
-1137
-1801
-1249
-992
-1074
-1464
-2049
-1578
-1686
-1820
-1167
-840
-885
-1414
-1747
-1521
-864
-361
-586
-786
-400
-260
-545
-564
94
103
-492
-801
-507
-257
-215
-14
-366
-280
60
211
521
677
677
1152
1147
714
1178
1785
1737
2050
1886
837
1064
1233
1240
1434
907
424
117
237
564
528
82
-381
-437
-562
-399
-186
7
187
-130
-323
-351
-204
-125
-16
104
167
230
71
-39
303
848
827
502
605
917
966
801
341
-165
-49
252
471
616
123
-803
-890
-622
-496
-237
-151
-3
-92
15
-213
-19
231
-175
501
928
311
82
433
729
943
858
667
547
423
268
238
576
376
-202
4
-288
-212
-193
-903
-414
-389
-374
49
117
344
467
198
-436
-658
-565
-214
36
-185
-272
-262
49
-124
-659
-528
-346
-323
-352
-819
-961
-1033
-1193
-1385
-1783
-949
-262
-604
-752
-382
-148
16
-88
-117
-99
-213
-149
-203
-337
-992
-925
-728
-797
-794
-726
-1037
-1288
-1566
-1992
-1423
-1062
-746
-984
-1231
-1426
-1253
-556
-467
-117
357
872
1377
1414
1005
784
701
841
1208
1502
1692
1495
876
584
432
119
416
672
228
-117
-108
-252
-87
257
119
284
399
419
803
750
1001
1542
1202
591
1241
1671
1283
1175
987
634
280
189
163
186
-187
-450
-212
-180
-334
-381
-451
-376
-578
-719
-418
-231
-228
-376
-564
-465
-426
-600
-306
-89
149
-265
-445
-381
-544
-545
-820
-638
-331
-390
-587
-293
-277
-312
-326
-643
-268
454
566
341
-137
-197
-121
-72
611
865
895
595
479
836
750
817
1436
1101
804
1093
757
910
1218
1074
919
819
700
1417
1973
984
229
505
931
1373
1145
686
1135
862
281
536
386
742
1093
725
602
123
47
329
-125
-484
-214
-536
-839
-983
-1573
-1609
-1672
-1504
-970
-918
-1354
-2051
-2111
-2113
-2386
-2012
-1930
-2170
-2388
-2677
-1961
-1813
-2367
-2184
-2319
-2037
-1459
-1626
-1772
-1763
-1698
-1291
-1047
-837
-3
310
93
-4
155
561
736
970
1032
1477
1664
1364
1348
1449
1840
1945
2246
2204
1678
1357
1037
1210
1212
646
466
345
254
-52
-643
-753
-658
-397
-543
-365
-321
-409
-45
-483
-428
-67
-78
178
381
83
140
730
698
408
198
408
760
878
645
348
594
899
749
535
525
530
343
58
76
-287
-255
-92
-370
-366
-647
-637
-291
-263
-226
-342
-52
182
-197
152
562
490
786
844
499
430
228
193
23
-107
254
737
421
-331
-355
-510
-185
190
233
299
266
214
-75
-310
-46
333
447
375
670
1037
723
561
475
511
723
1167
1536
1642
1423
880
311
189
336
-47
-82
-170
-423
-247
-279
-137
89
-206
-364
-720
-1385
-1435
-1375
-1510
-1664
-1843
-1833
-1896
-1965
-2231
-1842
-1766
-1962
-1361
-1253
-1096
-657
-353
-409
-525
-841
-779
-360
-342
-291
-70
-260
-274
146
-105
-187
-162
-573
-514
-532
-514
106
90
-339
-66
-113
-473
-457
-299
212
435
587
582
649
499
486
623
402
658
574
771
1363
830
319
653
873
804
682
435
235
-2
-831
-1085
-1020
-802
-538
-674
-704
-739
-1103
-939
-490
-461
-29
158
26
-194
-335
-202
405
502
273
589
645
632
888
388
27
501
355
634
1288
1101
665
656
790
1125
1018
375
582
889
930
715
296
177
116
179
147
52
-300
-590
-340
-68
114
2
13
278
-117
-636
-584
-125
540
663
566
462
130
131
-102
-172
159
-48
127
357
168
386
429
558
421
487
858
694
821
783
713
815
395
242
403
240
376
-159
-700
-380
-355
-423
-449
-631
-612
-674
-763
-771
-1295
-1182
-597
-539
-444
-982
-1381
-598
-341
-251
-532
-796
-579
-632
-691
-829
-545
-645
-897
-994
-1045
-997
-1209
-1110
-633
-404
-260
428
413
32
304
31
357
808
607
1012
1087
868
1077
1360
1015
1005
825
791
1529
1306
733
532
770
1040
996
748
833
729
140
-149
-194
-109
-58
-233
-684
-910
-1131
-1243
-690
-620
-844
-806
-789
-553
-664
-1085
-1112
-1259
-1411
-1176
-753
-525
-716
-817
-1098
-1077
-1141
-1170
-502
-693
-1065
-1022
-1169
-764
-848
-1158
-641
-266
-551
-449
-83
-563
-516
-614
-762
166
-2
-189
565
403
469
677
601
834
1246
1411
1127
957
1018
1191
1400
1290
1201
1105
657
661
875
786
925
653
217
539
265
307
414
268
323
422
410
-85
-208
-118
294
476
486
1054
1410
1323
1077
716
733
1299
1623
1448
1156
773
965
1188
842
685
760
351
-68
-314
-618
-654
-1162
-1600
-1219
-1030
-969
-922
-986
-894
-1172
-1575
-1652
-1288
-1296
-1277
-1130
-1246
-1399
-1331
-1139
-1152
-954
-906
-636
-509
-799
-1105
-1127
-738
-289
-362
-380
-394
-644
-309
146
572
659
510
858
1554
1266
661
722
1479
1880
1164
922
1163
1455
1569
1393
852
797
1088
950
1032
766
503
431
269
300
30
-447
-709
-842
-838
-836
-654
-896
-1144
-834
-1193
-1448
-1726
-2207
-1867
-1655
-1558
-1303
-981
-740
-956
-937
-892
-283
-289
-977
-895
-671
-614
-670
-403
149
657
230
107
556
594
805
863
708
1039
1280
1333
1343
1145
1453
1426
1341
1553
1180
1342
1204
940
788
431
656
530
553
256
626
785
298
247
264
442
488
620
315
95
-401
-625
-338
-4
-329
-675
-598
-952
-1189
-1325
-1461
-1671
-1382
-1126
-1350
-613
-1097
-1505
-254
-495
-182
174
-29
358
503
469
879
991
644
1031
1050
637
730
94
37
267
-543
-253
113
663
647
-334
-425
6
81
247
138
-371
115
294
321
552
930
837
752
1073
377
442
648
501
835
937
403
509
566
183
401
201
538
763
172
19
-478
-907
-492
-137
23
-105
300
331
356
681
737
951
767
696
568
510
451
39
260
-30
-960
-438
-553
-878
-580
-1042
-1380
-1356
-1437
-1614
-1657
-1405
-1348
-1712
-1510
-1313
-1671
-1623
-1568
-1931
-2016
-2261
-2319
-1876
-1637
-1508
-1970
-1866
-766
-821
-1135
-934
-651
-178
-2
542
930
717
789
1060
1372
1226
1311
1970
1554
1038
1551
1443
1532
1682
1659
1751
1091
821
962
661
-8
95
141
439
199
-412
251
80
56
279
-74
-20
420
234
-304
-229
-50
-291
-185
130
-238
-549
-212
-298
-811
-170
-333
-231
246
-469
-223
-338
-352
-104
-367
91
100
-294
-261
-343
-194
-27
-88
312
755
477
283
699
1008
1060
1061
815
840
797
311
470
-187
-428
318
137
27
237
-64
-367
-30
-213
55
-187
-366
-146
-133
77
37
229
370
706
371
282
-126
-232
1
-625
-558
-128
-255
-177
-238
-527
-304
-374
-614
-273
-18
-88
-290
-688
-674
-421
-443
-92
301
-335
-129
-429
-561
-60
-143
438
694
1002
1298
905
703
568
694
629
1164
1111
444
983
442
410
326
-115
-254
436
379
-783
-593
-526
-689
-304
-487
-820
-745
-1030
-517
-972
-978
-554
-791
-405
-871
-954
-365
-470
-549
-539
-513
-21
-266
-688
12
151
148
47
-138
151
160
215
-199
362
419
-199
42
176
-264
-285
-554
-1806
-1392
-1156
-1604
-922
-1570
-2032
-823
-1020
-1031
-335
-219
-119
24
474
654
445
1223
1104
893
1822
1383
1231
1284
977
318
524
647
141
664
186
146
43
-32
190
390
261
407
429
57
753
-108
81
775
673
1070
658
554
660
1180
1145
613
1181
820
1279
1078
676
339
-113
491
369
205
-184
32
-481
-482
-742
-671
-646
-658
-342
-1287
-478
-838
-1171
38
-91
-400
-700
-202
-417
-633
-602
-611
-345
-467
200
-332
-33
427
0
-176
-246
-321
-201
-837
-1053
-812
-1051
-736
-1151
-613
-467
-972
-413
-147
-77
-121
359
734
691
946
577
1641
917
624
1113
1061
1520
980
1044
755
1282
755
1084
488
563
989
126
427
-465
-9
66
263
-65
-762
-138
-645
-752
-573
-852
-903
-952
-720
-1121
-1077
-1222
-1236
-1122
-1338
-1725
-2224
-2024
-1939
-1885
-2288
-1267
-1456
-1439
-851
-1367
-1276
-1204
-573
-574
-236
-38
-337
87
107
-22
-9
19
523
128
87
219
-21
268
272
374
620
715
588
1244
843
772
1078
1221
1430
1073
1178
1211
983
377
571
725
579
850
548
425
629
596
577
500
601
520
155
-134
503
-195
-259
-261
4
161
272
-64
-405
282
-127
172
-141
431
287
1125
882
478
1063
769
926
765
335
379
35
-25
52
-197
102
566
460
-462
-41
-154
226
-385
-157
29
136
35
-93
277
-288
-227
-272
-69
-436
-194
-331
-337
-875
-555
-660
-1596
-364
-863
-1201
-861
-1446
-1352
-1108
-857
-1169
-628
-576
-826
239
-215
-531
285
776
102
559
441
-11
893
566
558
626
436
381
1046
336
941
1442
587
1081
481
373
428
593
778
651
738
526
458
273
13
-526
-966
-224
-410
-435
-651
-861
-911
-1053
-1168
-1176
-1041
-1800
-1236
-1294
-1201
-963
-1118
-943
-421
-252
-774
-103
100
369
107
-213
364
319
920
64
205
280
-195
704
-280
271
-61
-23
134
-106
-26
-170
306
-445
273
-240
-608
-279
-422
66
-103
7
296
491
201
365
727
147
858
467
1005
1068
914
964
430
1462
832
1410
936
1023
964
464
667
92
87
120
234
124
-95
-156
-125
224
-366
-81
-60
-636
-141
-1284
-702
-931
-753
-727
-945
-299
-485
-591
-705
-309
-374
-125
-232
216
445
70
446
500
652
631
289
718
643
490
442
103
586
531
257
252
154
89
-111
-225
-727
-451
-433
-422
-419
-863
-644
-573
1
-216
-140
48
-340
-3
-617
-262
11
-139
-551
-242
-272
-817
-177
-401
141
401
-307
-303
34
159
795
322
116
796
227
0
651
423
540
509
588
339
451
805
199
32
-252
47
-308
-190
327
-189
103
229
-182
-236
-653
-297
-517
-388
-620
-726
-543
-1438
-1438
-1150
-810
-985
-1010
-1133
-503
-792
-1621
-1062
-1039
-829
-833
-1054
-671
-359
-349
-853
-787
141
-1
-44
-124
-272
152
112
457
444
575
918
462
687
112
72
336
162
399
135
690
430
666
733
684
790
729
1007
920
739
688
674
966
1215
770
809
508
404
474
-31
221
194
230
905
-131
709
496
257
447
335
1150
629
777
268
613
740
707
339
7
436
4
70
-396
-563
-381
-809
-291
-573
-625
-469
-667
-289
-472
-248
-248
318
295
-43
130
-495
-123
-121
47
242
395
611
214
532
676
245
-26
-181
-228
277
-258
-415
-580
-1177
-701
-1375
-1255
-1122
-1179
-540
-1006
-619
-740
-546
-154
-171
-47
35
219
124
630
533
74
524
567
230
146
390
496
317
540
346
642
202
-416
161
276
-142
178
-400
-479
260
-629
-376
-174
-446
-258
-932
-821
-584
-1171
-1426
-1285
-1216
-879
-617
-1207
-1065
-1199
-1214
-344
-942
-537
-178
-671
-43
-463
-381
105
475
387
399
860
537
843
1104
553
1283
1708
965
1257
1005
970
1475
681
801
754
379
949
580
639
614
399
359
-195
-219
-179
-805
-709
-869
-1522
-1098
-1121
-1533
-612
-1260
-1590
-814
-1286
-411
-234
-406
-176
-253
252
-286
-126
173
30
431
378
412
444
663
236
1085
772
925
1347
492
1193
864
987
1018
679
1008
1112
610
419
623
-4
272
193
114
1006
3
197
389
-290
-347
216
188
-115
622
85
289
309
94
634
349
606
648
787
41
-152
239
-626
-165
-979
-998
-741
-1263
-1070
-1002
-1277
-943
-790
-1286
-607
-969
-710
-425
-250
119
-481
47
48
-251
-124
-367
31
405
295
-312
441
484
182
692
153
378
491
288
71
199
370
112
414
313
700
728
-29
610
91
-184
127
-58
-94
-264
-412
-465
-131
-459
-323
-415
-1001
-210
-725
-753
-686
-935
-461
-892
-662
-1040
-60
-333
-192
-487
-1212
-42
-363
-133
-24
182
-18
155
-194
-384
238
-80
106
-358
-125
132
-562
79
-496
-297
47
-914
-429
-876
-698
-404
-960
-184
-551
-710
-600
-934
-465
-491
-854
-475
-316
-546
197
-269
-228
1098
925
865
1324
982
1503
1954
1025
1564
1555
1257
1982
1293
1556
1458
1149
1085
827
1101
1007
1352
896
867
1292
912
1152
765
673
1005
213
455
-20
56
208
-412
286
-418
-122
-100
-991
226
-871
-289
-196
-1442
16
-1187
-1095
-938
-1748
-721
-1338
-1567
-800
-1436
-1405
-807
-1368
-1376
-957
-1059
-907
-828
-844
-898
-1087
-1130
-670
-687
-435
-1024
-481
-305
-781
-31
-880
-43
-71
-480
79
-348
563
1118
154
1077
1100
1260
1413
854
1244
1131
1278
1181
1591
655
1030
1294
617
1638
1336
1197
958
848
1047
731
546
864
730
354
397
-565
54
-576
-612
-145
-977
-73
-1109
-1200
-755
-1601
-926
-768
-1527
-1093
-799
-1651
-1124
-1523
-1464
-596
-1091
-674
-740
-795
36
-285
-579
487
-240
271
338
-153
809
448
239
467
34
5
508
-404
183
168
-53
303
-338
47
97
36
5
-202
-182
98
-323
-156
279
-239
89
400
133
317
210
94
744
521
688
389
297
632
173
424
836
381
669
644
702
918
729
795
491
641
634
457
565
745
-210
206
-360
-246
-160
-1063
-528
-557
-760
-316
-756
-820
-461
-1075
-304
-1006
-1024
-868
-1317
-965
-986
-1037
-725
-747
-973
-697
-973
-329
-627
-553
261
-103
270
397
716
790
1027
273
967
1193
259
1071
124
716
469
187
770
-183
775
268
99
220
-462
-193
-278
-23
-694
534
-352
-306
524
-800
1062
183
105
1180
276
1136
684
908
1269
763
1451
1279
1030
1895
1265
236
1277
114
-17
882
-838
4
172
-1722
-458
-1450
-1942
-805
-2062
-1615
-1484
-1938
-1075
-1277
-1071
-821
-828
-233
-888
-330
-568
-622
-273
-1062
-626
-887
-1063
-662
-694
-1120
-232
-491
-939
272
-315
-46
278
70
284
578
50
521
759
158
964
372
295
579
181
361
647
314
279
226
-550
82
-8
-83
-51
-367
280
-641
359
217
58
714
104
257
487
795
999
1109
744
1071
771
1483
870
1012
1029
868
1184
448
675
605
1086
306
735
168
182
-49
-357
181
-590
120
-462
-452
-479
-714
-732
-544
-192
-345
-602
-179
-102
-295
189
-529
-146
-145
-433
-3
-107
-697
-215
-336
-551
-291
-575
-687
-837
-441
-1063
-262
-769
-877
196
-399
-96
254
-1002
-321
120
-1409
411
-353
-482
153
-799
-419
-409
-20
-306
-80
118
-250
-218
-433
99
49
200
434
274
872
347
1216
582
797
1642
876
1278
1349
1292
1248
1438
1202
1580
1344
937
958
718
389
701
-115
71
436
-551
103
-315
-593
-652
-521
-561
-872
-796
-913
-917
-600
-997
-756
-729
-825
-39
-483
360
-544
-326
157
15
358
122
491
408
760
433
741
468
564
76
376
19
-565
-127
-758
-804
-878
-848
-678
-522
-1138
-707
-396
-585
-272
-861
-326
-537
-1385
-491
-1850
-1184
-1009
-1777
-599
-1470
-858
-1079
-1188
-210
-670
-122
-482
92
380
9
858
431
1609
609
1341
1613
623
1964
1003
1959
1084
1767
1413
898
1554
295
925
226
315
541
360
486
297
-472
59
-362
-651
-491
-837
-960
-1056
-898
-1345
-946
-1707
-692
-1269
-1246
-692
-1262
84
-823
-313
-150
570
22
93
356
-118
994
-232
1116
442
519
828
196
630
63
247
-96
557
185
627
149
202
1151
98
895
1150
533
983
729
-117
781
528
394
741
111
-108
487
-25
-16
499
-420
991
68
337
594
-54
303
309
266
22
645
-384
103
-169
-320
115
-881
-599
-682
-1184
-902
-1347
-1397
-1232
-1351
-807
-969
-1116
-791
-1127
-760
-573
-801
-638
-794
-746
-427
-449
-709
-443
-585
-39
-678
-482
-73
-620
58
-356
-54
-97
-333
303
-205
-101
116
-211
320
-216
-83
192
-263
-26
43
-723
-541
-105
-821
33
-773
-589
222
-1285
-119
-240
-1338
611
-662
-471
647
-957
1150
620
799
1727
801
1484
1655
1472
1606
2117
1497
2134
2308
1596
1926
1880
1858
1837
1581
1492
1415
926
610
912
61
153
417
-447
129
14
-673
-78
-631
-807
-160
-895
-854
-638
-1373
-1165
-525
-1761
-632
-1398
-1503
-498
-2050
-873
-1242
-1730
-937
-1152
-1589
-602
-1244
-486
-430
-1221
34
-787
-462
-114
-740
-806
277
-768
-96
17
-1264
589
-157
-350
984
-347
587
1221
-337
978
135
233
441
229
470
-44
696
198
632
598
255
1251
843
1058
1944
1249
1755
1736
1425
1853
1718
1941
1978
1457
1496
1531
938
735
1044
382
431
-14
-94
31
-797
23
-1045
-873
-727
-1567
-1450
-1076
-1578
-1320
-1410
-1684
-1266
-1889
-1192
-1680
-1410
-1271
-961
-1419
-631
-524
-981
330
-583
511
-367
-42
351
-369
35
-245
-396
-1043
-149
-452
-367
-305
-381
-200
-718
-271
-628
-614
437
-564
339
-33
-448
790
-376
258
521
-401
-315
387
-638
-252
124
-563
-8
126
-62
534
505
458
982
477
706
1367
1021
1063
1584
652
866
1521
657
438
1280
458
704
965
212
411
95
-64
81
154
-262
-11
-297
-369
-131
42
-87
416
-148
-57
633
-271
535
-62
206
352
-1
357
182
-248
109
483
-420
369
602
134
350
455
202
110
493
77
41
-273
-547
242
-611
-559
-268
-601
-368
-69
-120
-631
56
-541
-385
-82
-450
-120
-513
-251
-239
-336
-334
345
-76
-239
321
-106
383
419
263
258
735
455
643
748
260
1094
39
566
528
120
580
-699
364
-396
-782
478
-652
-130
457
-1116
-104
197
-684
-183
-82
-81
-64
-442
-220
108
-593
5
-613
-546
-376
-852
-455
-444
-772
-861
-296
-435
-392
-432
-641
-561
-648
-451
-730
-1041
-547
-935
-874
-765
-1223
-898
-936
-1466
-984
-1370
-1132
-779
-1314
-666
-736
-973
-658
-567
-535
-424
-402
51
-415
-363
56
-271
-288
0
192
-127
384
292
301
851
586
998
881
1268
1340
1512
1870
1358
1963
1268
2054
1870
1694
2340
1524
1937
1643
1619
1681
1390
960
1199
827
587
869
678
517
362
538
562
172
511
-10
-598
40
-1024
-595
-849
-1492
-1073
-1537
-1509
-1323
-1417
-1097
-1404
-1424
-1003
-1386
-897
-949
-898
-854
-500
-477
-348
85
-142
-220
-283
-189
-377
0
-392
-370
-1
-274
39
-144
-291
16
-51
-196
191
304
262
942
441
657
985
216
941
559
615
850
603
815
622
1206
1567
1276
1546
1217
754
1292
790
767
848
170
695
649
44
571
4
-255
75
-758
-811
-135
-702
-849
-473
-905
-934
-810
-916
-781
-1066
-1103
-474
-1414
-1014
-605
-797
-831
-826
-650
-968
-354
-510
-485
-467
-652
-467
-645
-322
-109
-276
429
80
-225
201
209
-52
-126
178
-407
-620
-536
-447
-766
-1126
-739
-540
-922
-741
-792
-1218
-1132
-460
-616
-849
-89
-758
-521
-471
-352
-23
-408
195
52
69
496
464
384
379
726
597
878
1153
1187
1271
1085
1443
1125
1836
1787
1105
1497
1376
995
1069
1032
753
576
517
854
152
-32
431
410
-133
-13
-16
-138
-161
-70
-257
-603
177
-284
-810
-761
-477
-742
-968
-1127
-1423
-944
-989
-419
-382
-779
-190
-465
-700
-198
-623
-892
-465
-851
-835
-827
-740
-251
-577
-305
-440
-713
-606
-525
-357
-611
-413
-178
-252
-115
336
504
937
1331
955
1082
1486
1381
1912
2180
1533
1426
1822
1799
1233
1002
1351
1370
852
1080
1054
695
983
1355
801
444
705
81
305
145
-380
-216
-1035
-1073
-1156
-1804
-1172
-1014
-1476
-1214
-1171
-1543
-1015
-789
-807
-564
-713
-290
-440
-414
-270
-456
-11
-91
-13
189
106
213
-338
-454
148
7
-222
83
-102
-68
408
193
437
105
162
539
49
-52
-313
-172
-80
-163
-203
-307
-418
-553
-864
-1243
-1193
-955
-895
-839
-982
-757
-48
-331
182
530
52
158
760
809
398
598
721
670
358
794
693
52
713
982
561
485
461
880
539
505
692
298
417
358
351
-275
-398
175
-500
-851
-646
-1279
-1106
-1224
-1262
-1141
-1468
-908
-775
-806
-667
-378
30
-33
-184
142
383
237
558
482
100
106
-306
65
-242
-1156
-223
-204
-638
-115
-236
-181
23
315
44
-292
50
-182
-139
-484
-303
-138
-782
-329
-368
-976
-408
101
-30
-47
-141
395
691
944
1336
1262
1387
1653
1806
1676
1536
1429
1782
1854
1471
1078
1167
1141
387
154
617
380
-81
479
401
-96
280
839
950
397
281
825
564
873
913
97
-114
338
576
-146
-561
-634
-553
-642
-927
-905
-831
-1078
-631
-705
-1164
-398
-525
-842
-832
-1160
-1177
-1203
-1348
-1195
-1319
-1873
-1547
-1214
-1671
-1790
-1949
-1188
-1097
-1922
-1553
-1488
-1453
-1255
-858
-1202
-1764
-1018
-680
-1092
-1100
-846
-577
-597
-322
82
-325
-163
893
668
126
638
1090
1053
1196
1721
1605
1570
2257
2343
1819
2035
1891
1869
1639
1438
1537
1004
1281
1311
978
827
974
816
848
1101
417
326
661
473
-237
45
264
-229
-452
-393
-573
-1160
-489
-396
-1129
-1012
-777
-1001
-860
-1063
-1182
-824
-602
-533
-691
-376
-96
-101
118
528
274
221
475
272
254
278
32
139
258
73
171
179
122
306
-65
-60
138
-46
330
634
347
-110
428
537
99
269
248
110
-77
-415
-105
-171
-792
-98
141
-208
-112
-220
208
487
198
190
110
380
405
-45
-210
-179
-258
-335
-20
-23
-360
-477
-241
-312
40
113
-181
74
-29
39
119
-375
-314
137
-41
228
365
101
690
1090
627
188
83
740
845
488
785
1011
383
490
1226
713
-114
357
1351
433
-155
798
1021
164
332
637
117
-536
-3
421
-824
-1071
-565
-557
-1094
-1320
-1300
-1466
-1088
-607
-888
-1300
-1168
-492
-275
-652
-518
-160
-137
190
391
418
372
224
912
489
-302
-261
138
745
-210
-577
216
159
-938
-611
34
-882
-1014
-284
-86
-1534
-1550
-60
-393
-1392
-1009
-291
-956
-1414
-372
-118
-934
-934
70
-209
-1162
-774
-92
-537
-842
159
35
-538
-319
331
-193
-842
475
844
-77
83
880
453
288
1107
590
-373
-190
1192
735
-431
456
1049
53
-609
469
225
-849
0
1070
145
-808
-14
617
310
199
487
362
57
425
542
252
258
500
1219
1457
906
794
1188
1762
1739
2001
2259
1661
1839
2045
1529
1136
752
704
739
214
314
1
-551
275
-199
-1201
-482
-567
-1153
-849
56
-846
-1528
-608
-312
-861
-1338
-144
-281
-1290
-981
-418
-832
-953
-158
-382
-1122
-559
119
-247
-489
-129
-359
-565
181
154
-583
-448
75
-281
-821
-903
-626
-638
-813
-701
-988
-1647
-1379
-1092
-959
-979
-1213
-405
-42
-952
-1261
-204
121
-619
-497
183
-441
-770
103
-62
-1063
-491
461
-455
-1057
-409
-222
-269
168
539
226
183
1176
1194
577
712
989
1079
977
976
1094
763
800
912
553
746
599
958
1221
525
187
69
-47
-457
-157
-317
-900
-233
-103
-841
-883
-156
-503
-1106
-539
-60
-456
-523
102
-158
-769
180
1091
-358
-962
527
879
-116
418
1271
33
-402
1041
1387
-508
-571
1188
517
-509
314
588
-110
156
560
88
-373
72
987
780
583
1131
1002
603
774
1099
734
1028
1840
1090
467
1210
1253
245
46
657
250
-411
-75
-134
-1030
-1296
-547
-624
-1749
-1671
-474
-628
-1407
-746
-416
-1171
-965
-21
102
-936
-915
-101
-475
-1019
-1102
-613
-513
-602
-522
-620
-837
-541
-218
-277
-68
-373
-646
-490
-536
-378
149
296
-103
174
613
87
-178
239
555
-366
-338
919
596
-384
55
423
-193
-114
597
441
-158
579
1341
367
-507
441
1049
716
510
602
612
174
522
1295
548
26
776
1030
296
-113
561
802
797
810
700
535
246
275
354
666
295
-360
-647
-234
-166
-1397
-1709
-559
-448
-1809
-1628
-934
-1463
-2045
-1480
-912
-1749
-1775
-604
-710
-1538
-864
-137
-1097
-1431
-653
-202
-567
-454
353
-110
-830
-43
257
-461
-239
-82
-527
-738
-271
-335
-775
-594
-63
73
-385
20
57
-2
735
801
318
832
1318
1258
489
476
1550
452
13
987
1302
731
338
758
712
430
747
1201
1094
1087
1820
1584
809
1383
2006
1438
1033
1630
1393
810
829
713
550
622
998
931
225
143
746
538
401
545
217
-39
-69
93
-39
192
-131
-694
-655
-152
-409
-1145
-410
-170
-1341
-1882
-980
-932
-1765
-1749
-1033
-1638
-1966
-631
-924
-1741
-1182
12
-488
-1377
-482
122
-777
-773
735
269
-520
-252
90
-19
-156
137
-54
-649
-620
177
367
80
198
193
-394
-573
-33
-337
-404
-13
-644
-836
-482
-142
-616
-870
-151
334
-574
-383
576
165
219
421
733
246
178
804
567
46
593
829
-31
-38
578
737
54
379
1110
538
-216
171
446
-197
-295
-31
159
223
-61
-140
243
333
229
118
98
-140
-125
183
-80
-158
-113
-393
-458
-93
113
-44
-232
134
272
9
-20
206
99
-323
137
-17
-330
484
278
-92
190
212
-32
-82
70
428
16
-213
511
123
11
312
501
335
452
505
233
303
324
666
744
733
587
159
531
613
587
914
593
590
472
465
172
280
714
400
-128
347
623
78
-176
-124
-365
-885
271
3
-959
-892
-433
-333
-882
-692
-310
-528
-654
-34
-211
-858
-583
-589
-1002
-626
-486
-387
-474
-664
-903
-618
-612
-548
-282
-765
-364
-219
-463
-179
-309
-843
-577
-112
106
-380
-567
184
139
-917
-666
661
7
-881
-67
557
-468
-461
737
294
-288
-58
705
314
-253
886
781
-260
486
1323
323
-310
531
853
20
-403
94
-77
-409
317
479
160
-67
159
-147
-471
339
275
-317
-94
189
-312
-891
-375
-81
-1178
-1605
-627
-893
-1653
-726
-20
-597
-1096
-290
-102
-1316
-1464
-102
-284
-1094
-615
-479
-1308
-867
13
-450
-324
126
488
222
479
1375
1533
1075
1232
1646
1344
1424
1503
1573
1307
1326
1514
718
894
1207
608
598
510
302
66
8
750
895
444
335
330
222
5
148
557
362
-249
-152
-331
-874
-691
-525
-442
-283
-862
-1057
-473
-237
-420
-652
-226
-73
-104
-12
107
66
206
275
528
571
-199
325
878
842
1086
1056
561
251
857
1225
638
234
598
404
-312
-145
228
403
-193
-739
-218
50
-299
-736
-791
-258
-420
-1002
-504
-639
-1242
-724
-17
106
-646
-569
740
896
210
379
1167
676
124
655
657
433
660
698
719
-82
-833
-46
15
-351
-84
-228
30
243
-83
122
55
-246
214
218
4
101
-400
-26
-101
-444
-440
-22
-272
-1496
-1302
-861
-943
-1346
-983
-813
-1276
-1437
-710
-520
-1743
-1742
-474
-549
-1283
-1291
-1021
-1101
-897
-111
-215
-694
-708
-279
61
-614
-1064
-358
-183
-452
-470
-348
0
81
-259
137
39
-280
57
-38
-270
-181
231
603
245
76
340
459
705
587
335
201
508
213
569
407
-547
-277
88
149
-348
-149
750
862
-1
-345
160
519
550
553
274
180
316
143
230
218
463
593
846
962
695
473
494
955
444
468
666
291
267
447
557
490
478
492
609
397
211
528
1067
462
-350
-22
132
247
219
-105
-340
-360
-131
-165
-438
-806
-433
246
-98
-685
-593
191
295
42
209
141
313
265
-10
-346
-132
252
48
1
-506
-840
-799
-273
198
-658
-780
-322
-631
-774
-394
-501
-599
-483
-478
-757
-1440
-1087
-661
-832
-1052
-1278
-830
-367
-687
-769
-91
-124
-576
0
89
-335
-266
232
76
-58
-353
-145
709
360
178
464
521
493
1069
834
688
755
821
678
71
184
440
823
884
306
862
1269
345
504
658
662
471
58
347
262
-226
-328
-94
-234
-735
-277
-33
-575
-453
-524
-378
-489
-1148
-593
-49
-383
-311
296
246
-316
-83
488
107
39
524
677
586
433
650
587
458
625
994
1083
985
915
790
379
627
621
-73
771
853
422
970
1109
542
263
422
250
337
29
359
753
-347
-914
-114
160
-621
-864
-485
-368
-1215
-1172
-625
-783
-1319
-1060
-802
-1179
-740
-457
-449
-744
-62
620
235
-39
118
593
-363
-973
113
-386
-963
-87
160
-654
-984
-591
-642
-595
-777
-787
-710
-876
-517
-670
-893
-550
-562
-1007
-1102
-320
-184
-395
-23
430
297
-301
147
926
364
250
1078
1263
975
1388
1500
1044
1313
1483
1453
817
875
1256
546
-371
170
531
-446
-353
-258
-557
-406
-112
-286
-384
-100
134
298
202
449
917
369
-66
610
596
128
-157
306
1005
95
53
872
549
236
373
561
373
-36
402
93
-688
44
-24
-1030
-1341
-749
-781
-1190
-1015
-995
-1057
-1252
-915
-518
-887
-1065
-1111
-1212
-1108
-1551
-1866
-1213
-973
-1268
-1154
-805
-342
-444
-1171
-1093
-217
-480
-830
-277
-204
-267
-519
-629
-36
-569
-854
5
110
-112
43
201
-132
86
18
-426
-477
-829
-781
-164
-485
-964
-191
-271
-754
59
-317
-739
-91
-153
30
395
145
477
1567
1345
794
810
1395
1578
1189
1418
1673
1754
1449
1787
1790
1569
2444
2406
2028
2172
2262
1915
1625
1210
1282
1565
863
659
601
976
644
651
1337
721
80
285
328
-116
61
142
-339
-423
59
-313
-980
-1098
-584
-268
-628
-1043
-957
-333
-608
-750
-395
-668
-1076
-444
-34
-607
-578
-806
-839
-571
-1136
-1450
-891
-341
-766
-622
-293
-112
225
-114
245
277
259
559
432
334
281
401
685
677
275
663
994
410
494
1225
531
73
-200
-493
-46
-789
-1121
-563
-956
-942
-847
-1159
-697
-542
-504
-395
-621
-808
-321
-832
-1775
-1282
-850
-1148
-1286
-1091
-864
-980
-1222
-505
-278
-632
-636
-230
94
-305
-742
-218
-151
-491
-358
-399
-157
-345
-463
-416
-464
-281
-320
-529
-216
-53
-219
-63
6
363
885
834
291
601
807
96
403
933
1177
1106
1023
1258
961
1024
1165
951
620
346
359
733
602
596
1155
1232
1436
1212
789
864
758
541
572
625
733
350
47
246
99
459
193
177
952
600
768
968
460
508
565
244
151
108
-66
31
-318
-292
-47
-778
-395
-18
-274
-587
-742
-476
-950
-1283
-728
-543
-1094
-731
-762
-976
-682
-1164
-1438
-1245
-927
-976
-1104
-858
-501
-232
-546
-204
-357
-537
-143
-614
-228
-21
-302
-10
256
75
16
-65
-4
5
186
877
460
298
413
145
339
431
501
545
317
232
440
198
-4
383
207
347
505
106
91
213
-239
-259
238
132
487
169
-1
694
349
-236
234
663
251
199
640
354
-20
-115
-763
-368
-591
-1064
-636
-985
-442
-180
-673
-621
-407
61
-25
-656
-550
-191
-422
-531
-783
-862
-487
-550
-594
-632
-1034
-793
-804
-1368
-837
-858
-954
-339
-366
-1032
-1118
-469
-751
-453
-449
-120
695
249
495
1063
840
428
460
487
504
484
668
738
863
512
122
480
114
-36
617
554
746
838
773
909
83
224
564
732
826
513
596
691
632
154
-128
314
179
251
420
197
142
-261
288
695
355
522
1095
1103
657
402
817
560
-487
106
283
-132
183
-108
-21
98
-517
-425
-480
-1034
-838
-749
-1397
-1805
-1012
-290
-1157
-989
-379
-387
-81
-278
216
639
296
324
388
474
415
241
701
712
336
279
601
726
342
698
776
502
404
325
1166
1140
529
1023
1050
823
701
378
263
456
114
242
821
180
-257
73
321
-173
-650
-653
-531
-539
-1361
-1489
-679
-730
-1027
-918
-544
-684
-1513
-1103
-661
-1139
-1325
-1326
-1145
-1471
-1576
-1482
-1725
-1575
-609
62
-713
-1046
-343
-170
-219
-133
-186
388
-31
-519
-170
-393
-1055
-855
-114
-462
-505
-243
75
-149
-129
39
68
286
232
190
-478
145
573
-129
-135
169
81
-438
-538
3
741
469
248
973
720
233
212
379
602
615
1299
1140
487
700
1321
1141
659
1465
1522
892
941
695
758
685
847
2112
1823
1013
984
781
521
414
273
419
451
-26
-546
-547
257
322
288
816
802
-21
-648
-147
162
186
241
-205
-171
-362
-692
-624
-1166
-857
310
503
252
-231
-516
-8
-23
-10
198
-271
-204
-300
-427
-569
-1369
-1300
-745
-806
-1325
-1576
-1351
-1133
-930
-575
-242
115
-208
-513
36
222
-310
14
805
755
246
-15
-113
31
20
-311
129
-142
-398
-567
-1055
-806
-490
270
950
15
-813
-542
-346
-291
-245
80
408
-31
-520
-454
-1033
-808
-130
238
6
-820
-597
-604
-1085
-321
639
458
622
771
-162
-826
-53
246
260
541
331
172
-838
-1159
-26
94
-525
-401
156
122
-478
-840
-599
-88
477
837
88
-396
-176
-303
-270
116
367
-32
437
843
384
696
784
920
1644
1591
1147
1157
569
-100
423
583
285
604
985
284
-342
571
1149
680
448
1310
924
-180
-423
36
145
-952
-142
770
-186
-971
-1044
-840
-837
-811
235
78
-852
-474
-523
-182
301
-68
195
211
-500
-679
-506
-378
-750
-66
830
803
876
455
9
202
161
155
494
516
205
-441
-421
-104
-375
-537
-130
-265
-540
-455
-163
414
-114
-470
263
164
-839
-749
-29
-622
-689
645
1533
778
47
551
524
402
616
925
917
494
745
1111
355
111
23
274
458
33
188
-525
-956
-901
-619
-696
-192
294
-176
60
204
-161
-319
137
0
-364
-63
114
-416
-982
-874
-329
-223
-611
-597
-196
-721
-1143
-105
451
194
-93
-318
-179
-233
-392
258
618
424
761
677
170
-701
-1145
-728
-655
-384
-137
-289
-1019
-1668
-1565
-1340
-1436
-1184
-615
-548
-872
-1467
-1138
-714
-1243
-1158
-491
-271
-716
-875
-200
-184
-621
-504
6
265
-471
-909
-151
525
707
889
1023
1252
1127
1287
1885
2067
1629
1727
2058
1591
1243
596
362
835
723
571
968
640
403
185
-213
24
191
484
1176
1485
1262
602
486
833
181
189
354
379
50
-856
-553
-241
-680
-651
-479
-505
-1120
-1353
-227
180
327
649
548
138
-483
-466
-336
-347
-194
-244
-196
-691
-1038
-709
-800
-727
-416
-153
-231
-357
-140
-567
-1113
-610
-326
-316
-46
274
598
273
176
664
384
-73
52
72
482
240
-266
163
259
32
-204
-187
-69
-3
209
540
1907
2624
1375
1153
1167
638
845
967
1695
1726
596
688
812
-34
-423
-224
-244
-66
288
303
-24
-675
-992
-1143
-1350
-1337
-1063
-792
-876
-730
-972
-1272
-744
-1262
-2278
-1979
-1395
-1908
-2050
-1511
-1710
-2170
-2467
-1878
-1258
-1808
-1664
-446
653
1263
1233
1211
557
-391
-373
326
666
411
-524
-966
-599
-1484
-1992
-1673
-1315
-856
-629
-305
172
-140
-829
-410
247
537
783
1459
2358
2321
1774
1951
2314
1615
649
1127
1687
1344
1360
2307
2207
1182
1104
1278
977
129
435
1277
1530
2384
2973
2016
981
370
484
553
395
889
238
-449
-150
30
-831
-1680
-1475
-1109
-1453
-1155
-272
-292
-843
-1131
-609
-579
-821
-1120
-772
-312
-562
-280
-127
-480
-1224
-1579
-1843
-1840
-889
-629
-1206
-1742
-1881
-1758
-1898
-1911
-1559
-929
44
952
1614
1497
897
351
475
925
644
831
819
640
692
350
207
-282
-721
-574
-229
690
1293
1634
1824
1128
1137
1620
1457
867
907
1586
1287
1065
1058
861
675
-253
-801
-315
428
472
19
-209
-121
-510
-791
-554
-789
-792
-141
629
1162
1352
644
-483
-799
-1021
-1640
-1180
-539
-852
-789
-608
-883
-1070
-1527
-1378
-846
-703
-169
573
603
124
308
308
247
301
-10
-556
-596
-146
-441
-838
-682
-1070
-1667
-1832
-1405
-648
-816
-1146
-1230
-1052
-1431
-1252
-766
-1203
-662
227
1380
2341
2070
1714
1031
-36
328
986
719
254
101
76
-111
-288
-510
-740
-143
201
147
1311
1668
1611
1443
1336
2085
1853
1017
501
317
567
952
929
342
-358
-877
-1285
-788
-51
92
216
-104
24
1028
846
505
911
691
1028
1380
1842
2358
1601
448
-573
-989
-808
-1020
-1152
-1002
-1179
-1271
-1261
-1057
-1276
-1648
-1225
-318
-230
-26
492
0
70
415
192
-93
-529
-857
-907
73
1064
609
-22
-182
-577
-762
-432
-241
-445
-1161
-1451
-1066
-590
-684
-551
17
238
941
1766
2150
2082
1288
644
248
41
323
499
376
128
51
71
-110
-449
-632
-575
271
774
964
1613
1823
1721
1700
1914
1773
1173
383
-445
-362
221
-3
-423
-783
-1206
-1643
-1649
-602
-49
-808
-925
-622
-297
-174
-456
-177
-498
-540
-58
188
191
20
-396
-985
-1343
-1692
-1406
-1473
-1816
-1844
-1796
-1615
-1417
-1043
-757
-429
-347
-286
408
697
635
384
125
224
-393
-589
-1129
-1947
-1260
-592
-779
-1057
-1133
-933
-314
292
1073
1465
965
561
508
478
587
917
993
865
940
908
1222
1148
927
573
-164
-66
19
208
471
242
190
471
326
269
329
-461
-1097
-800
-521
-534
-216
341
315
334
562
721
1066
823
880
1447
1794
1682
1070
440
93
210
770
794
306
85
-112
-402
-485
330
601
49
-388
-478
-117
-81
-117
8
-54
-628
-844
-458
-578
-1102
-1274
-1217
-726
-810
-1383
-1188
-1042
-765
-34
562
649
834
791
942
1189
680
571
238
-319
-346
-404
-791
-1087
-1289
-1568
-1242
-393
289
492
869
710
252
223
99
54
-61
-391
-741
-522
-187
-146
21
73
-310
-169
133
368
681
812
1072
1344
1258
979
603
145
252
-12
-43
242
-56
-365
-520
-133
405
463
490
295
143
309
324
78
-410
-890
-1278
-1340
-1340
-1204
-1074
-984
-794
-558
-805
-913
-636
-961
-1035
-1132
-858
-296
-191
340
757
798
834
963
985
567
-6
-506
-903
-1183
-1396
-1689
-1257
-895
-907
-322
96
250
351
735
1095
1294
1301
1108
912
779
696
650
497
-233
-482
-459
-538
-281
97
462
796
1209
1445
1411
1367
1193
976
583
108
33
118
207
95
-252
-267
204
473
782
824
642
502
231
141
-7
-433
-657
-813
-1225
-1052
-1334
-1535
-1090
-1088
-791
-440
-110
374
501
779
881
1138
1242
420
-255
-397
-346
-305
-78
-181
-171
120
-334
-429
-103
-505
-609
-807
-1171
-814
-292
54
339
682
806
1173
1559
1110
437
-260
-467
-611
-834
-486
-567
-788
-521
-109
-48
-364
-488
-197
227
501
1003
1651
1383
941
880
986
565
-27
-533
-1278
-1432
-1403
-1521
-1685
-1542
-1381
-850
-36
248
594
555
196
-169
-553
-348
-459
-554
-478
-357
0
386
927
900
634
401
294
490
396
-103
-640
-1067
-932
-614
-723
-926
-1083
-1054
-939
-687
-310
-137
136
216
353
1001
1184
990
605
274
99
-310
-637
-823
-1008
-1098
-483
9
108
280
311
240
51
371
607
739
632
303
539
707
920
880
797
920
391
-43
-368
-610
-443
-902
-1210
-674
-301
-161
-332
-211
78
335
854
1036
1376
1621
1211
1117
1001
364
253
197
-222
-672
-731
-914
-1133
-1200
-1073
-663
-293
279
635
991
1183
1001
655
858
668
42
-109
-589
-482
-274
-664
-396
-411
-309
112
-311
364
960
431
185
251
571
929
956
314
50
136
-182
-152
184
241
236
374
768
1156
1468
1569
1279
483
-24
-202
-714
-677
-685
-989
-479
211
520
697
928
971
788
847
503
158
-263
-479
-555
-873
-1171
-1379
-1297
-1577
-1559
-1292
-1102
-941
-681
-444
-589
-687
-588
-202
-389
-1186
-1209
-1041
-1320
-1327
-1120
-1342
-1488
-1112
-514
-393
-414
140
-123
-653
-744
-1003
-1385
-1275
-1284
-1228
-156
780
1372
1685
2404
2599
1947
1231
266
-209
-591
-1056
-814
-656
-935
-499
-164
-79
359
913
1257
1387
1605
1661
1878
1606
1164
1203
901
495
460
257
-98
-247
-411
-489
-628
-527
-159
-280
-543
187
885
443
276
537
461
547
190
25
373
73
206
750
477
250
-169
-870
-920
-1446
-1342
-1330
-1585
-1417
-1315
-1023
-571
238
349
442
627
988
640
-251
-374
-728
-907
-176
161
-76
299
230
292
478
168
132
-6
-208
-393
-166
228
624
1165
1086
829
813
840
1169
852
542
866
986
1067
1138
875
262
146
-257
-778
-1131
-1570
-1343
-1230
-897
-47
307
462
951
1495
1708
1895
2010
1763
1277
896
845
475
-374
-912
-1245
-1714
-1750
-1664
-1695
-1663
-1826
-1232
-680
-388
519
930
945
752
1067
852
542
468
-231
-468
-878
-1262
-1488
-1694
-1897
-1633
-1522
-1754
-1345
-1091
-826
-598
-85
295
147
144
-76
100
274
106
176
75
76
147
35
75
-142
-245
-409
-612
-672
-828
-1093
-985
-985
-1091
-992
-421
366
636
1181
1510
1559
1619
1995
1548
1320
1078
350
397
346
97
-159
-375
-874
-1393
-1441
-1546
-1649
-1358
-927
-443
214
807
700
749
739
669
849
1368
1354
1048
902
391
12
-286
-616
-1027
-743
-315
-22
-8
569
1174
1017
888
1337
2110
2479
2440
1923
1899
1565
1310
1186
233
-50
-651
-1082
-1066
-1443
-1045
-1097
-1517
-1719
-1315
-1041
-1173
-951
-706
-737
-163
387
186
71
-185
-58
151
423
-3
51
-395
-1109
-632
-830
-843
-844
-860
-535
-159
36
111
436
638
734
1477
1927
1961
1878
1465
685
310
437
182
-476
-1094
-1134
-1359
-925
-361
17
-49
-213
-254
-417
-218
-455
-489
-467
-496
-147
32
0
-249
-555
-257
-366
-457
24
-771
-1376
-865
-1101
-767
-608
-726
-623
-787
-215
208
274
325
652
887
1442
1734
1541
1426
1134
990
850
424
-141
-647
-940
-1196
-1457
-1174
-857
-327
-119
-393
-48
126
-108
-93
-98
-102
-159
10
19
20
-436
-455
-194
-826
-715
-576
-1001
-1612
-1666
-1560
-1004
-1001
-1191
-489
72
435
861
1343
1678
1526
1226
1736
1706
1683
1447
1473
1768
1116
406
-242
-949
-1215
-1356
-1220
-585
-142
642
689
645
770
660
629
522
339
237
-275
-529
-268
-536
-755
-1013
-396
-317
-353
-248
-339
199
148
141
193
-67
238
489
607
833
1045
1440
1115
1060
1090
769
417
422
714
373
231
341
319
28
-376
-127
-280
-589
-442
-661
-480
-309
5
390
647
1136
1099
1063
1235
916
741
678
187
-274
-584
-445
-535
-919
-572
-367
-855
-565
-590
-939
-437
-391
-329
-46
-127
141
142
56
145
156
-68
-698
-664
-1084
-1464
-1514
-1838
-1657
-1680
-1911
-1318
-1073
-1126
-774
-448
-98
113
231
225
121
123
311
384
626
574
186
-163
-42
-203
-225
-70
-43
-21
-44
432
571
725
887
945
756
711
393
-40
-280
-292
-33
-12
-84
222
40
-318
216
69
81
101
-127
-318
-992
-1259
-1051
-854
-744
-1053
-851
-567
-1043
-1009
-683
-604
-713
-526
106
402
370
655
769
706
909
1015
1343
1481
1095
873
836
1120
1226
974
731
285
-284
-514
-738
-1009
-980
-815
-324
-217
-393
-270
-298
-445
-532
-200
-3
-17
-65
-173
291
-46
90
711
663
1045
735
284
89
-62
-293
-217
-122
26
425
226
231
538
203
45
524
274
397
151
-301
71
-79
-178
-70
-261
-484
-383
-429
-260
-242
-640
-339
-417
-218
162
44
360
846
921
794
796
288
296
75
-540
-283
-536
-738
-319
-492
-757
-506
-397
-564
-335
-158
88
665
498
376
564
322
542
434
81
-249
-859
-1310
-1555
-1820
-1717
-1292
-1341
-1200
-1163
-1060
-714
-468
-340
91
-51
205
357
-19
639
311
437
1014
960
1335
1249
952
1245
1061
1003
1245
887
837
735
629
672
749
311
103
219
-226
-97
228
160
289
749
640
529
215
50
189
-56
-47
-133
-514
-721
-1058
-1461
-1051
-1311
-1115
-627
-734
-615
-751
-932
-763
-488
-614
-97
71
162
843
893
651
277
-5
-136
-266
-271
-327
-103
-244
-223
100
106
376
402
303
134
84
277
157
243
29
-435
-328
-787
-1010
-1252
-1400
-1178
-1379
-1451
-1324
-1395
-1404
-932
-586
284
490
635
1340
1223
1497
1958
2184
2217
2067
1949
1820
1905
1683
1485
1195
671
672
382
135
280
-242
-476
-427
-636
-553
-236
-28
-229
-19
65
318
948
748
457
489
430
492
672
561
648
659
262
211
-72
-862
-799
-650
-919
-791
-884
-409
145
-21
66
-39
242
279
-72
17
-343
-389
-254
-726
-823
-1098
-1411
-1377
-1293
-1276
-1712
-1566
-1363
-991
-438
-535
-636
-468
-535
-231
-57
-279
-275
-594
-777
-634
-540
-503
-270
-186
3
-70
93
526
647
949
1121
1229
1519
1654
1706
1756
1418
1356
1276
1036
830
558
377
29
-319
-195
-189
-656
-625
-724
-787
-462
-671
-679
-576
-841
-939
-926
-980
-817
-871
-946
-527
-545
-902
-850
-870
-1325
-1246
-1352
-1505
-1012
-1022
-964
-800
-897
-553
-424
-676
-583
-464
-287
165
518
641
798
806
864
1264
1226
1120
1139
586
363
422
298
3
-174
-80
-224
-318
-87
-25
-1
5
-217
7
219
403
47
-154
342
105
149
205
316
889
604
441
788
693
1008
1518
1446
1758
1833
1624
1825
1729
1220
951
737
312
311
-329
-700
-164
-535
-685
-655
-956
-817
-832
-993
-832
-642
-999
-685
-365
-553
22
62
71
168
-84
240
273
84
278
256
166
240
5
193
385
26
347
728
659
775
852
839
968
949
926
969
1201
1178
764
844
991
545
-47
-488
-758
-643
-578
-705
-584
-727
-1074
-1059
-912
-944
-1124
-1397
-1557
-1485
-1564
-1355
-1159
-1338
-1154
-807
-544
-267
-86
204
191
-259
16
451
369
494
586
771
602
445
700
571
530
540
539
734
546
274
198
-251
-400
-421
-693
-994
-1209
-1353
-1110
-1173
-1169
-538
-551
-143
182
242
604
509
436
473
342
-271
-391
-351
-861
-611
-486
-574
-634
-667
-667
-372
215
221
278
281
347
670
860
951
974
847
970
1046
933
936
816
877
988
1086
1452
1248
1113
1003
525
282
-121
-183
-466
-819
-956
-1178
-894
-941
-838
-493
-686
-756
-930
-834
-831
-867
-707
-703
-396
-267
453
966
746
1037
1362
1059
750
1023
1106
1272
1540
1361
1239
1101
725
554
353
-236
-509
-621
-808
-711
-747
-730
-604
-258
-221
-198
34
-195
-55
72
103
144
-171
-375
-1
127
193
544
-39
-450
-636
-856
-674
-1206
-1569
-1202
-1014
-966
-985
-756
-704
-701
-166
-327
-68
-223
-913
-300
-495
-680
-85
-210
-230
-44
-52
-74
-40
32
40
440
486
452
533
355
431
623
468
117
-84
-342
-452
-726
-1088
-737
-755
-523
51
-287
129
-46
-65
707
403
305
534
628
823
772
721
764
495
799
576
20
222
167
348
674
191
-263
-167
-318
-378
-509
-771
-619
-1010
-1187
-1023
-1500
-1511
-1053
-564
126
320
233
273
44
-69
112
54
-100
-73
119
490
388
263
425
810
689
429
648
186
0
7
108
402
39
9
344
315
422
566
699
717
501
728
769
435
129
-140
-222
-291
-465
-435
-499
-978
-941
-825
-580
-375
-464
-81
-121
47
497
380
290
-229
-418
6
-122
-59
227
163
607
937
1206
1817
1550
1183
1151
812
753
845
363
-47
-230
-437
-278
-106
-71
94
256
254
182
452
504
385
101
-268
-130
-163
-305
-345
-716
-886
-871
-1183
-962
-816
-724
-300
-194
3
183
-51
-181
-76
-25
-132
-400
-631
-759
-724
-745
-716
-275
-71
-197
-355
-520
-380
-229
-1
34
180
62
55
457
394
549
570
200
-87
-530
-653
-716
-1246
-1231
-1430
-1657
-1264
-1081
-880
-1107
-1519
-1216
-841
-425
-229
262
671
452
1012
1392
1533
1643
857
1029
1372
633
835
837
506
621
243
153
61
-151
-59
-360
-399
-588
-709
-407
-419
-607
-629
-213
-727
-1171
-973
-917
-783
-882
-708
-567
-687
-325
-119
98
365
201
254
154
-220
-92
482
345
148
147
-93
-68
-254
-432
-185
-279
-473
-602
-844
-801
-833
-490
-436
-546
-490
-462
-11
149
642
955
972
1197
1267
1211
1419
1438
1227
1568
1367
1135
1233
1114
907
766
588
733
856
694
1040
1291
1223
1080
1005
1145
1005
667
677
681
554
483
584
361
182
129
175
149
-30
246
406
370
135
70
-39
-253
-655
-747
-401
-585
-654
-1028
-1431
-1448
-1887
-1765
-1373
-1636
-1766
-1954
-2218
-1879
-1583
-1488
-1154
-1241
-910
-490
-382
97
-18
-3
268
129
220
413
529
743
579
322
395
318
78
148
11
149
403
375
473
191
167
488
552
491
609
635
706
807
588
518
681
425
453
483
227
321
44
-137
-370
-635
-365
-341
-674
-689
-837
-1289
-1571
-1811
-1796
-1612
-1558
-1296
-1259
-1346
-837
-465
-436
-394
-255
-235
-336
-252
-233
-25
166
-131
-164
88
343
429
340
243
-32
93
42
87
562
783
890
1059
1080
865
845
857
993
1121
1088
1059
935
821
1045
754
442
535
202
6
-211
-365
27
274
228
395
504
923
1229
1071
962
750
529
77
-525
-396
-163
-445
-81
163
22
254
465
831
1207
1319
1222
1261
1170
771
642
770
359
-15
-390
-704
-394
-840
-587
-368
-893
-807
-667
-299
-111
-525
-629
-631
-988
-837
-665
-690
-564
-443
-218
-118
-215
146
-274
-593
-539
-1308
-1435
-1578
-1707
-1533
-1399
-803
-618
-517
191
330
428
531
485
571
261
492
442
18
188
-86
-252
-182
-595
-235
192
-12
151
227
238
492
470
364
410
171
-21
-203
-502
-478
-620
-531
-190
-504
-485
-424
-211
-100
-291
-27
-207
-534
-852
-1051
-749
-910
-1316
-951
-491
-202
101
499
347
64
-139
-296
-58
-195
-461
-383
-636
-955
-551
-238
171
226
458
991
935
1185
1246
909
745
687
695
1003
775
249
529
525
624
844
725
725
423
145
-38
92
4
-262
-444
-721
-758
-535
240
370
114
347
497
613
1020
1202
1120
897
525
671
754
382
259
-58
-555
-419
-325
-93
172
81
-10
-18
-343
-452
-531
-695
-774
-1168
-892
-679
-835
-624
-384
-692
-539
-484
-689
-375
-205
50
-133
-238
274
872
1109
779
475
701
989
801
955
1020
780
662
128
-18
-70
-352
-707
-814
-765
-738
-315
-484
-618
-697
-750
-291
136
362
709
778
371
768
792
434
571
324
284
146
-201
268
202
-427
-212
-311
-557
-420
-590
-383
-307
-653
-610
-658
-726
-634
-1059
-1290
-878
-681
-390
-70
-214
-92
109
4
561
716
915
1362
1316
1811
2338
2810
2930
2891
2496
2099
1634
1196
971
168
-91
-385
-911
-1315
-1808
-1887
-2037
-2386
-2140
-2213
-2426
-2107
-1853
-1630
-1643
-1429
-1533
-1444
-1126
-1636
-1262
-429
-236
363
502
213
390
200
260
527
781
987
636
342
259
-258
-457
-495
-1152
-1063
-792
-794
-401
-368
-638
-8
39
-233
51
-64
295
387
800
1295
1347
1653
1795
1744
1135
932
973
556
168
-174
-323
-821
-1162
-1005
-1363
-1217
-1004
-1201
-655
-562
-616
203
658
1179
1638
1569
1676
1730
1564
1519
1634
1366
1363
1483
1216
877
516
392
487
54
