2246
3452
-2566
-769
7069
3794
5465
5833
8258
5590
7112
9396
8964
8538
7842
8771
7064
8077
7320
7008
8880
3465
4503
7564
8379
7935
7737
8494
7972
7064
1877
2322
3161
692
-99
630
-424
-2080
634
-27
-1478
-3096
-2681
-3715
-4968
-5148
-4423
-7490
-5551
-4718
-3498
-8175
-4205
3940
4554
161
-2666
1562
1903
45
-1341
-2449
-1143
-1103
-1924
-1560
-670
-3250
-6294
-5541
-522
1945
-1252
-3134
-10011
-2321
4300
2553
3697
2628
6168
1894
332
2867
1060
1796
2962
1809
2864
2981
2617
2327
1712
1212
983
-1970
-3433
-1638
-1202
1129
5160
3472
-5179
-542
6181
2818
8035
3826
3776
2045
1207
1857
5616
6532
2552
1402
1531
1232
-923
-1334
-1344
727
1069
1820
-2721
-7139
-1467
-1380
-1459
-3159
-3428
-2000
-5462
-5693
-4531
-4836
-6857
-7302
-7843
-7056
-6250
-6602
-5240
-7956
-7237
-7828
-9724
-4686
-4353
-6430
-4258
-313
1354
4412
1815
551
5158
9470
11042
9070
10862
9853
9327
9073
8277
8547
8172
7570
6481
9168
9499
9294
9476
9487
3845
5193
7151
432
1761
4506
5446
3515
775
1194
730
1000
896
1013
-933
-246
-294
-3869
-3916
-4634
-4778
-9669
-8784
-6851
-10167
-14941
-15187
-11752
-8376
-5115
-5018
-5862
-6497
-2762
-2260
279
45
-2623
-6669
190
4697
4330
1115
835
-3504
2485
3361
1683
4043
5118
5314
5913
8009
9766
7167
6124
9001
11290
11794
8296
8988
11215
10320
9501
8395
6747
6513
6140
4886
1283
-589
1132
-98
-1110
-3250
-5643
-5663
-6460
-4941
-6071
-7367
-6932
-4912
146
-750
-4273
-1913
1697
580
-71
1540
1579
525
2338
3499
2343
2450
2161
760
2270
2966
3085
1179
2266
4025
2953
3371
-940
-789
-834
-3762
1002
3394
2262
1313
-1136
-550
783
-385
-90
1050
1391
1722
463
-843
-1679
-1381
-2575
-3855
-3513
-3587
-4308
-5524
-2143
404
1274
1800
991
4934
2924
4879
6378
3161
2608
3992
3994
4653
1739
3779
4278
3631
6591
7278
6130
7750
4598
7450
8376
6881
2947
-1356
-2626
3821
4416
1910
1663
3390
3271
-965
-3562
-2303
-34
-6601
-7998
-9522
-6157
-5841
-10578
-9616
-9482
-12554
-15957
-13378
-7466
-7479
-8249
-9899
-7773
-357
-6449
-1138
5718
3540
5550
3941
7585
8833
7204
7212
9526
12012
11038
10713
10276
10125
13405
11674
11964
12655
9883
6410
2919
6518
7015
7435
7595
5647
7254
6744
6539
4185
490
-126
1004
2202
1077
-2342
-1809
-3683
-5230
-5140
-5792
-5810
-7639
-7896
-7148
-6085
-7068
-7518
-2150
-5051
-9905
-580
-484
-2375
-1768
-2618
-658
-3280
-5064
-4053
-572
-4025
-4292
-533
4307
5166
2490
1756
7875
7738
579
5847
2377
3429
4660
3150
3947
4219
5467
6346
6516
8425
4761
4610
7602
8059
5875
4707
4482
-1458
1713
449
-1864
-6246
-7451
-4378
-3496
-4746
-6186
-4334
-3728
1210
440
-4146
2527
4884
-1123
-1899
4186
4501
3899
3397
1624
5772
5362
2595
1356
1106
5621
5952
-1285
-3265
2366
3938
2262
-3300
-4039
411
917
-127
-487
-274
-1387
-6520
-4503
-2383
-3873
-6518
-5643
-6029
-4465
521
-3215
-684
-766
-2667
-2346
-1856
-73
-2441
-2440
-4054
352
5240
-83
-1519
5781
6346
4209
8312
12059
9764
7715
9492
10705
11051
9835
9094
9912
13138
10529
6749
7065
9317
8651
9735
7656
181
3783
6553
5259
1837
1867
861
292
-728
-3427
-1847
-4001
-5483
-6927
-7774
-8443
-10847
-11726
-11471
-14293
-14473
-15382
-15378
-15210
-15390
-14396
-13795
-11923
-9850
-8022
-12236
-5531
2023
2520
-582
4353
7282
8050
10385
9097
9749
12556
10145
15355
14278
11468
10546
10950
14451
10460
9487
10744
10056
9083
9817
9977
6680
5651
2376
2876
5659
4117
-1212
-1775
-2699
-3469
-4827
-5778
-5863
-5839
-6779
-7517
-8296
-11124
-12235
-11147
-13842
-9522
-9883
-10830
-6811
-7932
-9570
-4132
2731
2349
-993
-2568
2059
3398
3398
2727
3678
4645
4285
2349
1272
6164
5792
11
715
5916
7189
3956
1357
-798
219
4980
3901
1952
5482
5739
302
1092
4217
1976
-564
-275
1148
528
297
-887
-981
-1587
-3751
-3192
-5321
-5301
-4915
-5252
-4835
-4359
-3780
-768
238
-5641
-308
6337
4617
5932
6242
6636
8527
9992
10723
10861
6729
7382
10247
8748
7564
3790
2590
3782
5062
3728
1927
-730
-4053
-4229
-496
601
-2622
-1914
-2730
-2855
-4543
-5928
-7363
-8546
-8482
-11675
-10453
-9197
-9237
-10054
-10211
-12459
-10521
-6597
-8104
-5811
-3335
-2908
646
3180
1087
470
9606
12392
8808
12207
12366
12688
15098
15999
12756
11636
13727
14143
14017
12857
12883
13197
11613
10800
10917
8957
7165
4726
2869
4617
5609
2195
864
64
-198
-2161
-6064
-6831
-3867
-5884
-9234
-7988
-5988
-7694
-11641
-9920
-9042
-11557
-16367
-15397
-12214
-12382
-15940
-11654
-8303
-6131
-8246
-11794
-4430
-276
-1362
-380
5666
9760
4746
2566
2230
4629
12087
9720
8842
11373
12477
12409
11935
12435
12052
10723
10045
9819
7328
8533
8641
9820
10351
7739
8476
2854
1392
787
-757
-1596
-2498
-3199
-5634
-5734
-7138
-8990
-6943
-7787
-8309
-8801
-7589
-7761
-7609
-6482
-3746
2163
-1700
-5700
2684
6171
5549
6553
5141
6190
2427
3219
4586
3690
4053
984
1659
538
1930
542
-756
624
-538
-973
-353
-4472
-9793
-7666
-1695
19
-3230
-2587
-5780
-2872
-18
-441
1106
-95
1194
756
-2207
-959
-213
-1473
-622
-1895
-607
-965
-1831
-592
-1510
-1565
2559
6267
7712
3791
5643
12037
11854
12755
9790
6755
9187
10125
10215
9952
9511
10501
9288
8335
6634
7023
6341
6954
3697
4090
4391
1220
-1993
-5361
-548
-2910
-2224
-2414
-7515
-11492
-7951
-5965
-7211
-11695
-12864
-11386
-10778
-10130
-12769
-11970
-13667
-15242
-12810
-11507
-11078
-9495
-11326
-9543
-5287
2296
667
-2455
7624
11656
9132
7508
8533
11940
9465
9500
15221
11394
12398
9918
14397
14165
9775
9186
10086
8246
8494
8161
9317
5553
2551
3997
2779
2285
192
1297
-182
-181
-1730
-2241
-2813
-4074
-3365
-4074
-4442
-7615
-8863
-10322
-10762
-10906
-10135
-9759
-11784
-11490
-9822
-7932
-4725
-2763
-4008
-5030
-4379
-688
-1191
-73
2730
1170
3802
3950
3801
2257
1089
2504
5806
6417
2857
1712
4754
7279
6592
7907
6056
7629
4638
2375
6225
7068
5556
5229
4469
4311
3238
22
420
-2168
-1126
-1832
-4005
-4634
-4542
-3601
-5552
-2039
-3811
-7905
-8540
-6552
-6455
-1568
-1162
-2479
4631
2773
2571
7586
8357
7922
8631
7795
9418
9699
8773
9138
7627
8097
5094
7921
9446
6029
1243
-3550
6289
3347
978
-5078
-8364
-496
-1439
-7132
-5554
-7379
-10337
-11624
-5272
-2433
-4500
-12637
-11794
-11022
-8683
-3739
-10115
-4780
-3273
-7147
-5122
-2351
-2273
-3952
-5198
-1183
3229
3728
3374
3766
4623
6937
14389
15104
11447
11851
13324
13556
12051
13305
12740
11621
11081
10135
9590
8969
9604
8568
7403
7539
6821
4582
1480
-1359
-1142
2346
734
-1309
-1714
-1654
897
-2089
-3539
-4808
-5502
-4991
-6463
-7936
-8980
-8031
-8895
-11072
-10382
-10504
-9140
-7783
-8878
-7828
-5389
-5314
-4785
-2827
-5495
185
3365
1585
4596
3265
6990
8315
8215
9477
9345
9533
9219
10380
10132
9697
9234
11361
12132
7837
6523
11646
6734
7426
7447
7351
5891
2282
4498
3975
2813
-1001
-2676
-793
-4085
-5099
-4819
-4955
-4885
-6625
-8123
-6425
-7651
-6822
-8047
-5674
-4280
-5304
-7349
-8771
-4535
-4911
-2728
-5106
-5601
-572
-472
3107
3499
-741
-2189
318
3217
2736
2144
2619
4397
-303
-1759
3147
4217
2815
-573
-1994
2146
1143
-896
2607
2394
3676
4754
4300
4828
3346
1761
1525
2185
2750
2038
1702
2275
435
1021
3177
2083
1021
2122
2341
1382
128
-1560
485
3056
2787
1117
431
7795
11025
7961
7822
7444
7851
6683
7101
6940
5315
4560
2235
1948
-169
-702
-182
-278
-1625
-2590
-684
-4574
-8654
-5915
-5035
-4862
-4480
-7769
-8010
-6485
-7221
-7622
-7032
-7494
-8205
-7707
-5291
-5032
-3643
-4441
-7696
-6480
-3455
-3370
-3574
-4321
-5076
-2546
438
238
2955
8827
5848
1231
11137
16038
11450
12265
9506
8852
11152
11601
10958
8164
6793
8265
7749
5825
2762
2393
2465
1150
155
754
-1035
-7141
-2825
-2112
-2927
-5022
-4907
-2134
-6007
-4819
-3403
-4114
-3182
-2225
-3805
-3454
-397
-973
-5003
-6941
-2095
-4040
-6481
-13171
-7777
-10202
-7434
-6838
-8076
-2104
-5095
-6284
2057
4083
3545
2284
2093
1802
5551
9738
6516
7135
8812
8810
9326
9664
12072
10241
7761
8181
7910
10636
2870
3032
6059
4389
5425
2690
5113
3875
3424
4025
3422
2500
2327
2014
1583
-397
-935
-1912
-2545
-1586
-5097
-5556
-6065
-7126
-2312
-6831
-7246
-7926
-6438
-5555
-1689
-4087
-703
508
790
5096
5343
5926
3887
2005
2886
4799
4342
1790
1697
3027
1775
1627
800
-1875
-92
-1798
-855
-6396
-8516
-4608
-4633
-5772
-5615
-3119
-360
2615
2091
-214
1190
2547
2388
4111
2076
2606
3409
-690
-1532
-563
-214
-1493
-939
-1724
-2366
3672
2811
2445
7736
-1481
1452
9442
3626
4216
4683
6405
7741
6097
5267
4314
3675
4550
5207
4038
909
100
4140
3137
1401
2658
4211
-3874
-4581
2780
1469
-4961
-6278
-759
-1251
-3073
-6243
-6161
-3722
-3763
-3462
-4986
-3581
-8856
-13240
-9361
-5911
-5977
-10217
-11645
-12524
-8218
-3810
-3402
-3032
-3377
-1104
3105
952
2847
7958
6058
6071
7985
7483
6698
7607
10240
11695
10295
11435
9940
8562
8339
8769
8469
8151
6413
7716
4360
-1987
4343
4997
3277
3853
4274
3682
2393
2964
3324
3568
2270
585
1306
-1565
-3361
-1395
-1663
-1873
-3162
-4810
-4591
-4943
-7204
-6835
-7140
-8668
-8478
-5781
-4946
-8827
-3762
-252
-1779
73
-3663
-4427
-1722
-2175
446
1175
-1731
-1784
3249
3249
1510
3955
4852
3236
6882
3819
2430
3300
4748
4864
5364
4720
6474
6115
3302
5291
6514
5697
6092
3528
1714
1267
5614
573
-307
123
-929
-4536
-4340
-4199
-3663
-3532
-7380
-4147
-4258
-5045
-3338
-1532
-2946
-4357
4032
2254
-289
1408
1773
-95
215
2543
62
-2772
-3640
-1723
-1275
-3840
-6679
-3915
-3545
-2300
-3870
-5802
-1682
-1597
-3108
-4259
-353
1434
293
-2928
-5382
2034
755
-432
1665
792
2756
1953
2179
1475
1662
3202
2051
1450
-946
2125
-1089
2749
2231
1952
5811
5887
1371
6239
10075
7091
8330
7634
8033
7847
2538
-1817
395
4572
940
-58
-318
-472
551
521
-322
-413
-1835
-35
541
-10
600
1222
1600
1163
1040
526
-1804
-4298
-3117
-2460
-3206
-3609
-4707
-4191
-4914
-6613
-7133
-9457
-10394
-10793
-9003
-9884
-7236
-6411
-6819
-4504
-7537
-1186
864
-3173
1540
7463
5706
4334
7592
7217
6163
8441
7568
8503
10483
9072
9005
8132
8324
7501
7395
8232
8013
7916
5937
6287
7496
8568
7535
7335
4472
970
1612
602
2863
1693
-808
-581
-504
-1399
-4612
-3346
-4474
-4693
-5460
-8502
-7490
-8702
-8856
-12527
-11283
-7900
-6997
-6007
-6209
-6049
-2626
785
-1672
-256
-2982
-4619
-1953
-1759
-2569
-4276
-2936
-2291
1655
875
1702
410
1384
7328
4127
2243
4642
6545
6017
6431
6811
6427
2674
3990
5441
6132
5660
3595
5306
5670
4129
2322
1485
-81
60
-510
-278
-1629
-4133
-5182
-6115
-5064
-5939
-10473
-7277
-4826
-4058
336
-4580
1782
4555
1359
3154
2383
4682
2813
4985
3074
770
5362
7656
8054
6303
5157
5086
4841
4245
2041
1847
3105
2376
2281
1360
-2116
-984
1242
-1837
-1844
-2836
-2164
-1980
-1618
-1988
-4860
-2656
-208
-778
-924
-1405
-2450
-2547
-3501
-2342
-2125
-487
-1597
-116
254
3531
3671
-3044
6614
7280
5537
6916
5343
7292
7229
7145
5359
5739
6265
6151
7657
8984
8868
9829
10121
10194
6888
8600
8368
8687
4480
-1203
-556
4346
6094
1666
2107
2145
1998
143
-1140
-232
-2034
-6582
-6750
-4347
-4479
-7873
-10318
-10315
-11335
-11772
-12940
-10940
-9720
-12649
-13026
-13862
-12684
-9475
-8165
-7908
-5082
971
3490
3279
458
4085
5848
6181
7706
10669
11026
10475
11984
14051
14284
11779
11187
11123
10485
10866
12335
12380
11850
11508
10639
10468
7810
8256
6789
5566
2831
1010
2827
2096
496
-1131
-1220
-2681
-3542
-5423
-5164
-7040
-9145
-7535
-9026
-10562
-8384
-9691
-7474
-3873
-8682
-3424
575
-1648
-3948
-3865
93
-409
-194
1055
-775
271
637
1615
1531
2080
3913
2766
2573
2119
3858
1282
2541
6690
5996
6057
7539
7258
5272
6334
7608
6603
7036
6057
4800
5988
3447
2286
2296
370
-223
-468
-2698
-3847
-4644
-6296
-3298
-4090
-3632
-3850
-4420
-4096
-2472
-4304
-3370
851
3815
4383
4015
6201
6806
5509
7721
7773
4727
7708
7820
7703
9725
8008
2927
439
5284
2819
1675
-5805
-672
2511
-2391
-4490
1605
638
-3164
-5294
-1495
-479
-7875
-9640
-9736
-4636
-6207
-10283
-10397
-11621
-7220
-5538
-8679
-6590
-5280
-3879
-4344
-4337
-2268
-3251
-594
-1271
-146
5911
6079
7314
6790
7877
8265
7074
11162
9527
9872
10752
10811
8725
5358
8901
9816
8336
4520
3805
6321
4470
4467
5432
5117
4656
4178
4362
3153
1331
823
299
-265
-1921
-3407
-3951
-4291
-4328
-4633
-4975
-6438
-8948
-10073
-8976
-9324
-11202
-12939
-12668
-12536
-12901
-13139
-12046
-3896
-7679
-4285
4390
1838
4515
3876
3501
8007
4104
6415
7164
6822
5831
7946
9569
9546
9538
9481
9171
9208
9509
8279
8220
6999
6694
5420
4370
5239
4712
2731
1416
118
-1070
-1403
-1514
-1491
-2381
-6032
-5817
-5848
-8684
-5964
-7778
-8046
-8173
-8603
-7401
-6483
-9432
-7539
-2950
-3486
-6949
-2127
6304
-651
2707
7020
5649
1472
3472
8356
5163
736
-158
2752
1991
457
-408
2300
1268
-1710
-422
-1174
-1505
-3218
-5483
-7308
-1089
-861
-1793
-2440
1351
1581
-155
714
314
1257
405
-1160
1458
-1745
-1945
-430
-2452
-1517
-1780
-1984
-2430
-1889
-1299
-1577
-1612
268
3504
937
2652
10644
8497
6198
9206
10477
11626
10218
7794
8852
9550
9711
10734
9199
7533
4626
4169
4526
3949
3652
1477
2021
679
605
202
-3149
-4624
-5135
-4973
-6364
-6124
-6368
-6341
-8725
-8581
-7836
-10409
-10116
-10712
-10996
-11071
-10114
-12731
-11053
-7571
-7087
-4205
-2796
-628
347
5840
3615
5690
12704
11336
13815
13058
15117
12180
12518
17041
12710
14361
14951
15550
15115
14784
12879
11017
10934
10339
10701
9625
8016
3912
4461
3016
3189
2872
527
512
-2511
-1742
-5144
-6269
-7405
-7343
-6185
-9547
-9732
-9823
-9569
-12570
-11487
-9097
-12587
-18824
-15049
-11509
-10962
-12014
-10137
-8681
-3972
-768
-5110
1501
6417
1416
-1798
3924
8949
6220
4052
3801
6943
11029
10420
10183
12580
11588
10588
10327
12227
13100
10383
8724
8983
10370
8827
7763
7908
7092
2923
1348
1351
-2
-263
-1882
-3372
-1998
-3867
-5187
-5737
-4952
-8112
-8583
-8168
-7116
-6360
-9089
-7976
-7104
-6758
-6500
-244
-3201
-4160
3819
412
944
2654
4154
5582
4663
4297
4231
3501
2020
1391
275
5204
4816
3253
2553
1996
-2440
-3440
-305
-792
-2026
-1768
-1373
-4944
-5911
-7424
-8288
-4950
-3784
-6084
-2308
-1792
-2690
-1831
-489
395
806
-627
-290
1322
1814
1038
-613
173
42
1683
2414
2147
5816
3405
722
8128
9875
9260
8682
7524
10439
7445
8126
7906
7017
5959
5095
7604
6985
6800
2878
3845
2581
3240
2056
-1305
-995
-96
1327
-2798
302
-1099
-4072
-7831
-6813
-1469
-3348
-6591
-8294
-5903
-5526
-6455
-7843
-7020
-5545
-6569
-8699
-5853
-3035
-7250
-9384
-6074
-1452
-735
1039
-97
3401
10276
7818
9659
11251
12970
12478
11541
12571
12824
11326
10888
11852
10280
12334
11436
10587
11018
8377
7910
7954
5330
6692
6251
2637
1663
683
-473
-1589
-2239
-4152
-4111
-4772
-5053
-4505
-406
-2057
-2165
-1153
-3199
-2838
-3669
-3860
-3325
-4405
-4260
-4003
-4851
-6239
-6612
-10465
-5864
-4716
-7354
-3319
585
-208
-987
-334
89
1235
731
304
543
1016
1988
808
649
1755
3325
3184
3256
3613
3565
2936
1685
2300
2269
3068
1955
733
1451
183
1534
2765
643
5247
1079
1700
1600
-433
-578
-1350
-1044
-893
-1397
-810
-692
-2823
-4790
-2987
-4055
-3486
1289
800
-1278
2529
4331
2101
1961
4873
4313
2862
3289
2508
2012
1336
2851
3050
-1353
-3203
1172
2138
-1309
-3739
-5843
-5214
-5050
-7206
-7974
-8295
-8343
-11086
-11859
-8516
-7143
-7729
-10760
-9645
-2263
-1507
-3198
-3417
-2777
-67
-868
-1339
-20
-216
-3832
-2748
136
459
-249
947
2150
5596
8843
2911
5807
10997
10603
10053
8805
9178
9815
9530
9083
9254
8673
7959
7862
8020
7349
6850
4814
3312
3933
3172
3058
1210
-277
-611
-1731
-1444
-1723
-2831
-3749
-2992
-1507
-1219
-1561
-3288
-4650
-3575
-3405
-3281
-4298
-5851
-8484
-12403
-10161
-9254
-9334
-12145
-12168
-8867
-8702
-6622
-3968
-6849
-2161
7054
4256
5742
7251
8856
7844
6707
9076
7710
8645
8000
8857
8963
8966
7145
6076
7586
6873
6618
5328
5072
3221
3020
3089
2080
1677
802
1471
-173
166
813
221
-400
-1873
1599
749
-2333
-2405
-5449
-6813
-5108
-4559
-6717
-8387
-9022
-6806
-7475
-9608
-7641
-5822
-6220
-10829
-9921
177
954
-3645
-4092
-2120
627
-3013
-700
-451
-1001
-1431
-4016
588
1555
-1382
-6563
-3405
4579
5401
3406
3127
6065
5448
5793
6478
9017
8680
8000
3423
4068
4876
5084
4216
4041
5731
4193
-783
-189
2570
1245
-53
-1813
-3449
-3599
-4351
-5874
-6906
-7206
-5303
-1043
-4549
-4012
3240
284
2110
2737
2523
3923
1981
3414
2326
1819
2122
794
1880
2019
-834
-173
-527
-586
-1395
-1918
-24
-1149
-1113
-907
-281
-747
-1443
-1122
-2165
-2407
-758
-1853
-1124
584
-1044
-3699
-2322
-104
-458
-1675
-1570
-512
-1129
-1330
-2335
-3850
-3563
-2157
-1088
-3764
-1112
1403
-2704
623
4314
5687
4180
5839
7223
6299
5761
2998
6154
4984
3488
7751
2017
433
467
4668
1092
2398
249
1533
2141
2774
1828
3118
909
1359
3037
382
773
1216
-1070
-5081
-2476
1322
-1880
-7033
-5766
-3486
-5135
-8996
-10619
-10079
-10671
-11410
-11737
-9923
-5944
-9254
-8567
-2470
-6285
-6431
-4629
-6071
627
4095
5826
4763
3655
7323
6612
9782
8423
8338
7002
5908
8031
7548
9236
6877
7800
11734
11615
10732
9373
8482
9513
9423
9326
8522
6988
6120
2436
2875
2493
2341
2301
1830
768
-1300
-1025
-3428
-5377
-5347
-5402
-5594
-6191
-8362
-7789
-7333
-7835
-7039
-3732
-4244
-7652
-2439
421
-2938
-3982
-2173
-2227
-1136
-1570
-1886
-1478
-1568
238
-203
-1872
-3414
-3466
-275
3549
-497
-1501
-289
2329
2967
3117
6094
4452
5039
3791
4541
4495
3914
3788
5247
5502
3737
3811
2495
2190
146
-534
-1143
-3243
-1804
-2047
-3818
-4148
-4362
-2497
-2034
1494
-445
-1876
4954
3812
1757
1644
1742
1448
2151
1807
214
458
4288
6318
5520
1911
2615
2389
555
172
2614
3032
168
-2386
1106
1886
-673
-2614
-8488
-5541
-5144
-5699
-5724
-5458
-6142
-7250
-6741
-5491
-3878
-7149
-10190
-6640
-4623
-3303
-4199
-3193
-3254
-3113
-3912
-2836
-2206
-2997
241
1357
1868
2407
9036
9325
7451
9623
9482
11062
9213
8921
10365
9558
10058
10908
10868
10879
8721
5952
5668
6467
6273
5987
4823
3335
851
1085
5833
4719
4367
2287
-2466
-3923
-3744
-3813
-4166
-4237
-6156
-7145
-8312
-8644
-9997
-12086
-13101
-12325
-12213
-12940
-12683
-12440
-11839
-13769
-12522
-9353
-12324
-7652
-2093
-3295
-136
-2570
-2514
1846
2862
4713
5074
6408
8385
9593
12311
11664
12437
13839
13677
13510
12013
14685
10263
7692
10991
10403
9343
8358
7800
7179
5590
3924
4310
2300
1261
769
-2360
-3471
-2868
-3417
-3858
-5384
-6443
-7705
-8509
-9971
-11187
-10690
-12641
-10851
-12284
-13025
-6808
-6548
-8506
-4151
-1722
967
-200
-3857
-649
2518
4628
2861
3211
6325
6638
4767
4305
4903
5872
2424
166
1475
2972
2448
-2276
-2000
1853
4511
3626
5392
5753
3932
3227
3566
3071
3135
1762
2024
1553
1731
1364
-1606
-1416
-2997
-4068
-4360
-5136
-3464
-3428
-4818
-2664
-8098
371
2
-2771
3677
-1909
404
-841
1767
2524
2078
5487
4038
4972
6462
6816
6155
5044
5093
4279
1607
1886
2975
2278
1974
667
423
-484
-1118
-1771
-3290
750
-326
-5340
-5428
-5916
-8228
-8593
-9378
-10000
-10929
-11286
-10706
-9542
-10659
-13448
-12317
-9853
-9180
-10835
-7088
-7095
-4816
-4828
-3257
778
-615
5961
7285
6702
7580
10048
11434
11387
12479
13769
13484
12492
15073
17750
13393
8896
11952
11166
10900
9858
8777
7832
7500
7770
8160
7464
5742
3772
3173
1773
2426
3030
-465
129
-2972
-3193
-3602
-3487
-6295
-8083
-3394
-4590
-11038
-14106
-8283
-7674
-11151
-12587
-13515
-13585
-8367
-9973
-12451
-1600
311
-2378
-1177
3129
4698
-2155
272
6481
9344
9760
10865
4845
7068
5901
6051
6855
11121
10760
8911
11186
11766
8295
7788
7080
6870
6235
6806
5978
3838
3425
2474
1462
2762
-1399
-1234
-561
-935
-2521
-4694
-4817
-5691
-4589
-8522
-8573
-6438
-8294
-8220
-6540
-7494
-5810
-1698
-2581
-143
4680
3026
4260
5850
931
4095
5380
3298
2386
-1102
2034
2807
5560
4604
2943
1374
1545
1754
2107
-99
-204
1589
-134
-3747
-7800
-1590
1242
-2745
-2363
-1457
-1046
-1937
-1512
-3270
-1294
-2073
-2175
314
525
2165
-4001
-3577
-1145
-967
-4790
-5076
-3429
-4488
498
3445
1288
7102
9484
8975
8371
12205
10414
9223
10530
7170
7391
8160
10225
8170
7637
5534
5376
4909
6264
4087
1444
3766
3338
1225
-1904
44
876
-3659
-7484
-3017
-1754
-4406
-8687
-8685
-8187
-11222
-10205
-10374
-8826
-8137
-12593
-12308
-8618
-8161
-11640
-15621
-11536
-5742
-6646
-5751
-3816
-677
3660
-2156
3165
9837
8554
8400
10302
13372
10686
11547
12725
14180
15398
16386
15339
14001
14300
13097
11334
10906
9615
7498
7020
5162
3273
1638
147
-488
-1194
-2463
-2567
-3234
-3891
-4267
-4615
-5837
-6512
-6003
-5046
-5103
-7243
-9315
-8368
-9358
-10670
-10617
-11060
-9723
-9451
-9344
-10498
-6432
-3357
-8126
-5124
1498
-268
1581
1176
-2207
2156
2855
4014
4571
783
2759
7750
5846
5400
6071
11536
12215
10796
10511
10000
10351
9663
9234
9285
8054
7347
7367
6747
6395
5750
2902
3091
1095
573
667
-1574
-1720
-1859
-6017
-7961
-8626
-11120
-8516
-6182
-7712
-7673
-8477
-7609
-7932
-9232
-1526
-814
-4286
3045
718
-843
2183
4884
2010
-120
5272
7723
5627
662
4845
10012
6348
1323
1241
996
1425
438
-430
864
-1003
-4685
-3198
433
1610
-1349
-8158
-4428
319
-1365
-265
917
-132
-741
-1510
216
2130
-1139
-2195
416
1630
1540
1540
734
23
2634
2229
3242
7709
5310
964
6814
12203
9815
10495
9311
10052
9754
9072
9672
8999
11019
7474
7958
6258
3592
3515
3190
1770
741
103
-1065
2703
1119
1429
-9
-921
-1362
-6844
-6757
-6463
-6245
-8614
-8252
-8761
-10489
-10429
-13218
-13303
-10929
-10270
-11475
-11659
-11028
-11348
-9543
-10590
-9742
-10954
-4585
-6262
-4943
1659
257
4969
10838
7735
10307
11451
10675
10042
10936
11246
11035
12758
12175
10506
10499
11191
9535
8190
8225
6257
5482
5166
4319
4128
3364
912
-3057
-1343
-3362
-2614
-3355
-2886
-2646
-5221
-3932
-8438
-1947
-6437
-4259
-4204
-6043
-6189
-6837
-4928
-7324
-4835
-2729
-5702
-8145
-8897
-375
2255
-8247
-2842
1640
-245
1693
1666
2808
926
196
227
1410
3121
-94
-3383
-1923
4672
5447
2161
4219
5383
6911
5344
3122
4799
4765
2494
1969
3389
3629
1994
253
1370
1040
1975
518
-38
2455
2908
2311
3486
3690
3424
4273
2493
2556
-934
-2527
-3903
-4233
-681
-2162
-1133
3076
-152
-1645
5313
6045
3675
4819
7002
4488
4506
5118
2408
2870
1815
1516
223
-1528
-1046
-3347
-3215
-468
-2646
-2973
-4586
-3475
-4106
-3987
-6129
-5207
-5500
-6061
-4343
-6246
-5307
-6133
-3423
-3125
67
626
118
-820
256
1242
1480
1082
-1205
-2291
-18
1394
1534
4339
2883
7842
5939
3110
11098
10326
8189
8784
7775
10476
4682
10136
10592
6979
8030
9344
8285
6752
6514
6758
3403
2763
1539
987
-333
1234
-4179
-6186
-5364
-4892
-6355
-8407
-6351
-5122
-7200
-10181
-6606
-4096
-5218
-8877
-8656
-5310
-5069
-4993
-7678
-9599
-9262
-9812
-11806
-8711
-5512
-8060
-11502
-9028
1952
2383
-210
5904
10302
10136
9447
11477
11771
10400
9550
10516
10999
13270
13518
13971
12131
10518
11453
8778
8849
8182
8126
6073
5618
4549
4436
4170
2041
2794
-702
2106
2554
1975
1386
-1598
-1162
-1515
-2189
-3302
-2546
-5323
-8846
-6126
-7067
-5567
-6585
-6502
-4897
-5458
-4692
-6127
-2564
-2357
-4622
1847
1906
1936
1488
-1781
-3564
-2240
-2019
-2231
-666
-1701
3050
1441
-642
-4567
-3447
2909
2572
2520
2629
3827
3610
3142
3433
2750
4364
6652
5915
4770
5006
6143
4862
5151
4844
3888
3503
1912
111
-1698
1392
226
-2162
-1567
-3347
-1614
-3838
-8044
-2805
-5314
-4514
-1560
-2633
-1856
-931
3508
5237
3597
4130
4341
-767
-627
1905
2951
166
1160
1931
2410
146
-831
3077
2892
278
-2439
-1420
-3111
150
-1766
-1007
2933
-384
-2583
-2143
382
1321
-991
-6548
-4071
2358
-790
-888
409
-151
561
-1521
-1677
-1687
-3291
-3618
-2607
-2373
-1851
-2639
1403
422
-1651
3613
4997
5647
2749
3966
3962
6733
8739
5096
6450
7218
7429
2195
2678
4557
2391
2520
1757
804
-2031
-605
-872
-123
1629
-589
249
872
-177
125
-407
-138
-930
-1432
-2210
-4690
-2926
-2595
-2790
-3474
-4825
-6033
-5628
-6706
-8243
-8926
-10627
-12072
-12116
-9925
-10048
-6871
-8043
-10080
-2886
-820
2612
3025
2212
5440
2928
3195
5053
8124
8077
7225
6480
7124
7364
6232
7441
5046
7460
9516
8411
7803
7495
7019
6929
5849
5728
5756
6000
6000
2518
3016
1336
2438
2412
1403
802
-31
-1147
-4505
-3307
-4568
-4706
-8048
-8724
-9662
-8621
-9156
-12153
-5551
-4957
-11181
-10333
-210
1948
801
-2248
-793
-1935
-2253
-1160
793
2335
82
-1513
-1026
2778
267
-3010
-2659
-281
5566
5253
583
2816
7150
7783
3899
4934
5190
9648
7974
2184
4794
6984
4597
5531
3018
3234
5709
5299
4931
3091
2775
1885
1566
455
-467
-988
-1218
-3110
-5068
-6038
371
1329
-2900
1229
3527
4739
3235
2608
3024
-240
651
2584
4265
4875
4675
1725
262
3292
2055
2159
709
-2543
-2574
-1810
-4134
-3301
-3034
-2769
-2289
-4676
-5262
-4213
-5504
-6770
-4884
-3044
-2311
-6023
-4041
-662
-3131
-4083
-1599
-2925
-3293
-3738
-5027
-3590
-2983
-2790
-3721
-4371
820
3729
-2261
5037
7871
5854
6659
6637
7130
4179
7286
5893
8078
9229
3606
7312
6681
4314
7216
5734
7446
5920
5689
4782
4462
3690
2734
2209
-1959
1601
1270
277
374
1806
-1173
-3021
613
-745
-6661
-7968
-4792
-2395
-5735
-10285
-9072
-9658
-9714
-10229
-12239
-11421
-10753
-11577
-8891
-9334
-1552
-6112
-14958
-566
3094
1117
752
2684
2103
5399
5816
7135
12771
12168
12426
11107
12535
12071
11730
12707
13147
14143
13106
13188
11423
7719
10251
9106
7317
7468
6879
5917
3191
234
-2402
-2428
-2455
-4458
-6744
-5343
-5285
-7750
-7262
-5562
-8228
-9064
-11310
-10582
-10340
-10805
-8969
-10117
-3077
-5603
-8625
-533
902
-1137
-767
2176
-893
-2479
2133
4535
4201
3549
3429
2988
2884
2193
2631
4852
2345
1505
3141
2462
2928
5500
6888
4360
5109
5792
6227
7756
6937
7963
6858
6270
5915
3369
2151
1245
827
-741
-3272
-4402
-1562
-2731
-3066
-3381
-3395
-5342
-5723
-5411
-5291
-5270
-2174
-3528
-5417
3706
3735
2088
3331
3265
6463
5091
8669
5410
2622
3579
5188
4372
1519
4910
5701
-1616
-4922
4718
3148
927
-1994
-2347
1683
-2212
-89
-41
908
-929
-3482
-4664
-909
794
-4943
-10014
-4655
-810
-2854
-3412
-2572
-3635
-2220
-3483
-9117
-5707
-6658
-6334
-4966
-2538
590
-2081
-1856
6029
4019
2102
8052
7944
5024
5742
6264
8863
11708
8907
10099
9180
9287
6705
3750
8221
7962
8098
6651
6619
6245
6220
6551
4600
3065
1839
2464
1856
981
-127
-1590
-2194
-3042
-4489
-5906
-8395
-8692
-9118
-10343
-11030
-14607
-13472
-13933
-14263
-13489
-14630
-15287
-15274
-13375
-9780
-6018
-12667
-8627
2630
4787
3717
6430
8796
5304
8210
9613
14243
15237
14919
13331
10210
13894
12947
11441
11739
11273
9855
10201
10187
8656
9373
8019
7660
7981
6516
5964
4658
4550
443
-1170
89
-340
-206
-2494
-1651
-3699
-6467
-7807
-7692
-11024
-9046
-10165
-12457
-13989
-10939
-11808
-13142
-4152
-2483
-962
592
1996
4043
1239
-1402
-3360
-898
1006
3245
619
2777
3673
195
1818
4226
4595
2061
-2124
2678
6265
6686
6832
5841
5571
6500
5687
5976
6944
5249
5377
4555
3330
4502
3026
2277
3334
882
-1296
-493
-1119
-2639
-3819
-5501
-4256
-3488
-4094
-7277
-5115
-6210
-7152
-228
-1745
-1906
167
2302
4837
8620
6448
6355
5409
1776
7197
7855
7526
6333
5487
6886
6103
4712
4015
3893
2637
1840
987
185
-144
-884
-1494
-3473
-3806
-3346
-4978
-6289
-6931
-6782
-5916
-4690
-9482
-7808
-4653
-4123
-3079
-4185
-2673
-3652
-2554
-3575
-3438
-1046
-924
2859
2014
4865
10052
6056
8025
12408
13785
13281
16706
10838
6129
12663
12407
12939
13050
10761
10023
10332
7652
5186
4657
8169
7826
7589
6204
4631
4482
2044
2978
1287
579
300
-2493
-3041
-2380
-3692
-6005
-6680
-5020
-5110
-11734
-9508
-6477
-7633
-11655
-12102
-11753
-12942
-9691
-11217
-8760
-6608
-9640
-15046
-8098
-1459
-3100
-8453
-3571
6929
7059
3331
9019
10113
6135
7179
9609
14391
15457
11621
10335
12750
12291
10021
8199
8674
9895
8769
8399
7000
7491
6257
4579
3063
3507
1821
-46
135
-4488
-4312
-5007
-7061
-6988
-6604
-6762
-6842
-7255
-10929
-10494
-9351
-10073
-7765
-7849
-8124
-8745
-9275
-8316
1586
416
-1267
-793
-3068
391
1365
2107
3463
1349
3681
5121
6644
5864
6073
4958
2940
3593
2900
2999
4415
-1616
-1055
4865
4085
2985
2833
1381
3771
2278
891
932
-669
2871
1282
-605
-1348
-849
-2320
1968
-2105
-3066
-2142
-1883
-2402
-2461
-2801
-4686
-3422
-3238
-3847
-4802
-6613
-2903
-1566
-5457
1094
5337
5135
6107
7623
4263
4455
5721
6445
13061
7612
5547
7359
7841
5013
1235
3141
2405
-3680
-4009
2089
2630
-2229
-3255
-3410
-3139
-4632
-6428
-4000
-5893
-8046
-11630
-8900
-5969
-3172
-8935
-10092
-1562
371
-1600
-716
-2989
-2817
-3063
-2357
-450
229
1499
-562
1398
6894
4172
5034
12270
10545
11774
13969
11423
9373
9766
13907
11080
12214
10916
10107
8858
7156
6635
5012
5598
3697
4115
2914
3197
1977
-101
-642
-3100
-2208
-4073
-5820
-3833
-4189
-5154
-4623
-4664
-6414
-5399
-5365
-6583
-5929
-6509
-6862
-7708
-6930
-6873
-7197
-7632
-8125
-11612
-12881
-10775
-10533
-4115
-3615
-3798
-3151
-31
5037
4999
6390
6382
6765
7856
8102
9373
10997
9464
9579
9849
8526
6599
5820
6522
6913
4541
3904
7062
5164
6680
1337
5100
3083
-457
-199
2434
56
-2910
-1187
-2038
-1297
-2452
-1850
-1743
-2117
-3673
-4123
-6403
-3614
-7192
-8632
-7506
-8841
-8208
-5495
1084
-4794
-2646
5683
4394
586
2712
5508
3850
247
979
3283
3626
1256
597
3503
1094
-2865
-2992
628
1164
-4226
-8036
-4351
1102
-235
-1627
-50
413
868
1079
357
-230
4274
1678
-827
2452
2907
44
3764
5440
5330
5040
5802
5232
1235
-1212
1561
877
-1067
341
627
-25
3161
5785
500
5138
9337
7460
8768
8248
6670
5393
5323
7223
7328
6146
2149
2186
1778
2387
366
997
386
-3843
-2754
-4080
-4283
-4600
-3861
-5728
-5050
-5701
-7374
-4554
-4100
-3492
-3791
-4104
-4093
-3295
-3081
-1943
-4870
-3669
-2731
-5246
-3298
-2568
-3964
-2206
-482
-1025
481
1329
6791
7836
3888
10824
10870
11076
13917
10779
11549
11074
10939
14378
11856
10641
10855
10251
9823
7331
6090
5945
2599
-680
1149
2390
2711
2332
1419
2036
355
999
1392
1244
2369
-149
-1420
-2438
-375
-1800
-2781
-1514
-724
-6829
-11400
-4914
-4492
-7417
-10366
-11068
-9952
-9401
-8805
-8171
-7786
-6968
-6661
-6683
-2812
-209
-617
-3333
-1169
4157
2387
4113
7551
4723
5281
9794
10568
6979
7961
8219
9465
11102
7714
5064
9668
5666
7190
7575
3578
9611
8432
7706
8099
5564
6366
6411
1305
4788
6302
2760
-2543
-3871
-5083
-5046
-5432
-4799
-5058
-5834
-4809
-4997
-4421
-5305
-6340
-1933
-2042
-4521
-787
20
-873
-1193
-2003
-2864
-4254
-1070
956
-1760
-2488
-2335
-2494
-3586
-572
-1610
-2464
-952
-6921
-6291
-2568
-4205
-2931
-146
5671
5333
4036
6944
2718
4062
3769
7408
4004
5587
4488
1353
4944
4231
2463
2477
279
1793
1396
-124
-2126
-2344
-3807
-4651
-3469
-2482
384
1555
-1336
-1286
3819
3762
4290
4448
5344
3530
3501
6657
4371
5217
3850
5684
4837
1189
1909
349
1575
-3190
-6206
-589
188
-4465
-4648
1379
1528
-4493
-5004
-1918
-1632
-1123
-4216
-6499
-3006
-2538
-7468
-6362
-4587
-4753
-6809
-10238
-7269
-4643
-6561
-3135
-6314
-4147
-2758
-4698
958
2589
-3339
-46
4655
4979
4609
4788
3685
6201
7888
5510
6441
11074
9545
8899
8188
7461
8847
6291
1264
7168
2359
1876
3864
4957
5354
2152
5423
3812
4371
4309
5186
2565
-4328
280
1740
-1183
-1274
-1378
-573
-3483
-6883
-6388
-7405
-7808
-9408
-10241
-9472
-9315
-12491
-9296
-9247
-10007
-4267
-7829
-6898
-2781
-689
-2211
1587
1587
-3930
1307
4240
5640
7834
7584
6879
9634
6698
7657
12127
10122
11635
8402
8154
9576
10428
9414
8910
11888
11751
10800
5216
6773
8225
5038
5983
5351
3716
3412
3980
2164
-888
-1519
-1739
-3963
-5097
-7523
-6574
-7007
-9514
-7993
-10168
-4335
-3272
-10046
-4397
185
-3581
-2422
280
594
-4803
-8420
-1431
1157
-1138
-2810
-1307
-641
-1875
-2173
-31
3460
3109
-2004
-3296
3577
4164
2149
-2568
1615
6242
-108
3942
4865
2931
5924
5213
5198
5710
5184
3496
1525
2060
1780
1865
952
-2513
-3141
-1678
-2212
-1178
-6138
-6704
-5004
-3147
352
-2944
-5716
-1836
-276
3139
-467
2822
3877
612
1958
5085
6409
5679
6486
5927
5584
7442
8067
2822
3796
2592
40
1398
2191
-1400
-4963
-89
-1227
-3243
-1577
-1536
-4139
-4882
-4258
-4195
-5953
-9193
-9677
-8872
-8364
-8858
-9092
-13347
-9857
-8205
-10096
-7235
-7821
-6778
-4872
-2599
1862
-1230
-491
3991
8057
6242
6607
10878
7375
4416
9377
8113
12050
10524
11479
11253
11048
8093
12553
11986
12380
10092
7449
9609
5227
8251
7169
3881
6914
4026
4097
3461
2731
1468
-2708
-2216
-5226
-6049
-6429
-3723
-5847
-6469
-4563
-7146
-12961
-12947
-10158
-9834
-12704
-15038
-14594
-12719
-10521
-6980
-6452
-7691
-4107
-5563
-1492
-12
3347
275
-5290
7802
10013
10923
12331
11357
10290
11236
13239
14181
14663
14688
10979
5300
9666
9457
12677
9344
9257
11935
10814
10879
4346
7793
6138
5244
4721
1803
3812
-1108
-1744
-1246
-2702
-2651
-4643
-9224
-6813
-8388
-7218
-9205
-10682
-8209
-7874
-2170
-6457
-4743
-288
503
-3856
-2528
-1221
683
4155
-518
-430
2100
6498
5864
3603
4093
2513
4348
960
2340
-1338
-3812
-4287
2469
3050
2357
198
2300
5592
4518
5066
4311
4185
5045
5415
3555
4101
4789
4528
3452
2187
2041
-1518
-2602
-2009
-5543
-4621
-5116
-5193
-2894
-2621
-4031
-1810
221
-821
-70
3439
6972
3012
4759
8602
6346
5114
6007
9187
10437
9246
9037
9546
4560
4935
6740
5354
6552
2357
897
3564
5312
3142
-2693
-2105
552
-927
-5914
-5983
-5970
-7769
-7354
-9066
-7372
-8202
-10590
-13335
-9147
-4067
-6101
-10626
-12371
-10107
-5956
-4822
-6721
-3472
-3186
364
2764
-147
2449
6814
7573
8279
12029
13391
9219
10784
12607
15612
15534
14403
9402
7673
11592
9422
11254
11658
8974
1727
3972
7675
7571
6150
2057
3152
1731
-482
-1329
-1640
-1112
1006
-1357
-4307
-1830
-8244
-9715
-7831
-7737
-9238
-11290
-12517
-11597
-13898
-14392
-11185
-10892
-11535
-9843
-9953
-8943
-5065
-4856
-3942
568
2357
796
3685
-49
1031
2286
4079
7623
3307
10011
10063
11134
12728
12054
6404
10259
11273
8163
8293
7000
5998
6426
5062
6345
5044
3405
4530
7121
6009
330
4811
2364
1007
-2438
-654
-1087
-1370
-4124
-2652
-4096
-7767
-11484
-10982
-7740
-8438
-7307
-9179
-3547
481
1635
2614
4177
5037
6555
6188
3806
6163
11656
6129
-203
5933
7477
7122
4849
4846
3399
2206
3963
2975
201
444
-2821
-2810
-1287
-538
-2374
-9121
-4535
137
-2653
-1618
-310
-3586
-2263
-3864
-3568
-2000
-407
-2129
-5231
-4098
-4789
-3947
-5574
-1880
-2216
-5143
-5007
-3788
-2511
-2588
936
1723
1691
4673
7104
6626
8739
9716
5302
5679
8589
10977
12823
11409
10423
11828
10921
9550
8021
7123
7149
1787
817
3474
1088
162
-97
-389
-845
-3536
-3368
-5029
-5788
-5026
-7744
-7372
-8647
-9950
-8966
-10318
-12212
-13251
-11780
-12105
-9738
-11176
-16118
-8335
-6864
-6837
-5924
-3027
3634
4683
7318
7979
8418
13913
12262
7847
8685
7683
14006
15279
16694
12767
12581
11953
10809
12075
11672
11195
12548
7594
6116
5095
4111
6402
3979
2664
2102
2111
110
490
-806
-2343
-4101
-3050
-5283
-6904
-7552
-11541
-9307
-10155
-9382
-11442
-13903
-9735
-11588
-12114
-13685
-8972
-9526
-11620
-12690
-7855
-3627
-6442
-4905
-1291
-180
-1924
815
4823
3786
3829
-1365
-201
9387
11522
7407
6399
9246
10694
8978
7330
10474
5876
3923
5759
4202
6685
5141
3290
4893
3486
1146
2510
1844
2284
2872
1755
229
-961
-135
-2468
-6718
-5215
-8061
-9906
-6974
-5898
-7874
-6943
-7227
-1610
-2632
-3963
1879
-4378
197
4847
4477
6274
4301
7414
5368
5661
6146
7106
7135
6388
5901
4650
4497
3655
3745
2814
2222
-776
-2763
-2088
-3375
-3591
-2548
-2098
-4455
-7787
-9441
-2864
-3435
-2533
-1226
-816
-642
403
63
285
3339
1066
3314
4501
4387
3392
2508
1539
879
1228
2365
867
-2426
5857
9444
3102
6687
10176
9611
8681
8973
8253
7205
9431
7489
9712
9938
8847
8560
7619
6107
6765
4759
5033
5640
-3256
-3491
-326
-1129
-4552
-3376
713
-3804
-9921
-9939
-4105
-3071
-8264
-10093
-11285
-8392
-8156
-9820
-6761
-5635
-7448
-7504
-3619
-2926
-4397
-10188
-6849
-1214
-4846
-5318
-3265
5848
3381
455
5360
9780
9228
7632
8518
8725
10196
7715
9722
10268
9224
10267
8525
8817
7364
5755
5939
4207
3122
102
3731
3927
2320
878
2002
931
1079
651
886
1276
-1480
-4641
-1483
-1585
-2896
-3069
-4135
-2310
-3482
-3330
-2520
-4280
-3503
-3306
-9190
-11173
-6642
-7837
-8098
-6586
-5338
-3644
-2750
-3163
1258
2073
-320
1961
1771
2713
2155
5079
2403
749
6146
6316
5928
5126
5917
7228
6919
7219
3779
1488
6276
5226
4993
4173
3973
5378
4545
3143
2833
4767
3843
3220
5616
5962
3397
2861
2252
2245
895
-1332
-2888
-6472
-3514
-5841
-4245
-5174
-1198
-1715
2522
4654
1303
413
7901
7760
3652
6777
5910
3544
2109
1256
4660
339
-4149
-1398
4232
3344
-1130
-1583
-1729
-1647
-6959
-9099
-8452
-6420
-8087
-7411
-5811
-6028
-4950
-9181
-7103
398
44
-2176
2011
712
2275
903
-1115
4750
4269
-1310
-5258
-490
1599
646
-1245
-2648
-1259
-128
533
219
3581
1055
270
6325
6097
6258
6645
7396
2875
2780
4253
4923
5810
4144
5327
4126
5937
100
1466
1991
-860
661
-3556
-4650
-3183
-2884
-4635
-3323
-1963
-612
-2776
-3351
-1695
-1107
-2690
-4061
-4668
-2698
-2804
-5224
-7408
-9743
-5231
-8645
-8842
-6432
-6029
-6767
-8836
-7701
-4108
-4017
2394
1690
214
7952
5735
9096
9535
9823
7566
5657
7501
8633
8609
7799
10022
7201
8471
9653
7199
9952
4974
8899
6267
321
1571
3837
5441
2541
720
5085
4455
2498
2129
1138
-1274
-1272
-38
-2527
-3531
-5800
-2361
-3222
-6742
-4154
-3964
-6315
-11155
-7130
-4877
-10594
-15444
-12834
-8851
-9913
-4741
-6288
-5656
-1228
-604
310
1823
1118
-1280
-7310
-2689
389
993
-2339
-3745
3134
3204
3262
3879
6891
6896
4841
7594
5909
7371
9295
8225
8163
9820
9049
9446
10505
10602
10080
7231
6336
4970
7108
5946
4577
4201
1778
2601
335
-830
-3118
-3908
-3904
-3719
-5342
-4215
-3995
-1611
-153
-2897
1925
2419
1829
2483
2386
-441
-290
-920
808
3510
-41
-1057
-1457
-2934
-1515
-1789
-1274
283
2599
121
-3021
-5270
-2698
-1864
121
-1723
-1151
-226
535
588
-7960
-3803
3163
-19
1109
1419
956
400
3605
-886
-648
-1317
-1579
-3290
738
-981
-2855
-4006
-5279
-3656
-3619
2370
-1377
-510
5572
4473
2476
3901
2831
2513
2311
1358
3673
2561
5738
4534
3850
6231
5615
6997
6157
6330
6320
5907
2582
-319
439
2357
4103
629
-2771
1673
2651
-6687
-7291
-3442
-1161
-4796
-6574
-4551
-5480
-5150
-8186
-7583
-5319
-7810
-11023
-11173
-9022
-9217
-12905
-15044
-11417
-3641
-2349
-4332
-2807
2615
329
133
6015
3633
4418
5989
6192
6887
5526
6294
7162
7289
9726
8463
8219
8581
9743
10800
5598
4450
7435
10105
9089
2413
1042
3240
2637
2270
2666
3241
3697
2498
376
135
-1397
-5857
-2043
-6390
-3352
-4519
-4539
-5062
-7694
-7784
-9447
-8893
-12481
-13074
-12434
-8038
-6472
-12198
-5628
-1976
-3689
-5016
-4909
-4724
-6426
-3858
-2967
-1765
-884
5156
3557
2345
7716
9019
4877
4819
9365
5533
4410
1891
3023
6312
6635
4861
5994
6865
5915
5282
5575
5893
3398
4135
3612
4389
3846
1820
950
385
672
-3012
-3372
-4724
-7722
-7215
-5539
-6963
-4802
-1303
-3275
-3370
-1144
1139
1547
393
1636
1527
-1108
-1606
3917
5461
2732
4630
7680
6490
1912
4016
7467
5434
3991
2099
-4146
-3662
-317
-53
1500
192
-1820
-3281
-228
904
-325
-3982
-5827
-1551
863
-46
-989
-172
698
-480
-937
336
-538
-2684
-1354
-2307
-980
-2700
-2166
-2465
-112
3867
-670
4446
6364
7513
6918
9928
10209
8905
10817
9820
13654
11058
10773
10978
10438
8094
6464
7587
3893
1503
3874
4769
970
-482
444
784
386
-1325
-2759
601
-216
-996
-2537
-3066
-3857
-5117
-4891
-6604
-7039
-11393
-8932
-9993
-9309
-14227
-11207
-10672
-16479
-17417
-14914
-10998
-15129
-9777
-7512
-2682
-3913
-1729
5583
3304
8293
4912
6519
11341
16441
10906
13089
16633
15828
13375
12900
8308
11375
9689
9319
9373
11565
4159
9833
9809
9969
8656
6892
7295
4984
2833
-878
1730
242
-4258
-4478
-1983
-4441
-7336
-8332
-7722
-8968
-8992
-9349
-13820
-10922
-10783
-12428
-13279
-12662
-8615
-11449
-9937
-6333
-6355
-1003
-750
571
851
4054
2746
2987
7798
8592
7469
6146
7749
3949
2616
1635
3136
6727
9418
6857
8745
8086
5322
9410
8431
8785
7627
5202
4063
3266
3720
4508
3479
2018
1912
-749
918
1435
-2999
-4189
-7148
-7134
-5226
-8206
-8236
-7481
-8937
-10293
-8758
-8404
-4812
-939
-3137
1853
4883
5747
6466
9938
7079
6998
9478
9889
10689
2590
6688
9568
6153
4653
2145
3447
4443
3619
4624
981
-5502
-5438
-1512
-478
-2783
-2476
-4598
-6751
-7288
-7632
-9242
-8091
-8941
-10823
-9291
-6207
-5824
-7165
-2221
-3371
-3732
-3678
-3592
-2938
-3391
-3254
-3913
-1504
-1273
-900
5590
4873
3976
8596
9897
9017
11429
13344
12978
5842
3845
13694
10890
9611
9796
7585
5920
5451
5739
9278
4442
4817
4313
986
-1544
2315
2831
1626
2416
-897
-2027
-4135
-2959
-3905
-5933
-3263
-3162
-10735
-8714
-3001
-6073
-8738
-9744
-9601
-9786
-10837
-11451
-8382
-6465
-8931
-9991
-6608
-4033
404
-5424
-3208
2225
4013
6361
5664
3808
5625
6969
7496
12424
11313
10444
9668
11338
10260
11041
9371
8362
10158
10156
7814
5342
7595
7213
5440
5252
5448
3305
4040
3170
2422
1321
-1423
-3756
-2396
-2540
-6268
-6916
-5602
-6192
-8313
-6950
-9292
-4850
-5108
-5532
-10210
-4923
-4573
-4729
-3744
-522
2003
-117
3348
-905
1934
6993
3890
-1173
-3135
3443
4565
5474
4465
3529
-181
-1125
-979
3963
-259
-1834
-3191
-10
-353
-1308
1233
2685
3544
2176
892
696
1224
-246
-523
757
19
57
874
1540
-458
-1300
810
1686
-356
1137
-546
-2853
-797
680
-1041
-455
1039
1796
5715
-1300
-1871
5870
7053
5324
5943
5820
1631
5205
7338
5432
6744
3445
5069
5331
6696
4131
-2583
774
411
764
-4543
-5919
-3567
-1529
-7467
-10379
-10144
-7268
-7758
-5790
-5209
-5789
-8222
-7701
-5171
-5728
-7518
-9930
-7433
-1428
-2177
-1679
-379
470
872
1033
1185
3700
3290
590
-475
2906
9660
5933
9703
12961
13106
9033
11791
10436
9768
9201
11638
12444
11106
9635
9486
9737
10139
9310
5747
5363
5781
2852
-987
-122
2027
-820
-601
-405
-2063
-2827
-2553
-3302
-3228
-5302
-4617
-3347
-4391
-3500
-3272
-3728
-4867
-4559
-3322
-5389
-5703
-7073
-7369
-7229
-10240
-7049
-6634
-5348
-1038
-2902
-1238
5546
5103
3686
4820
6946
5675
6358
11551
9824
11246
10860
10375
10015
9767
9078
8218
8430
9089
11199
5828
5218
2979
3541
224
1937
1260
826
1062
3852
3369
2132
-879
-1904
3849
-332
-6380
-3334
-2844
-2973
-4232
-3539
-4701
-5123
-7948
-7034
-7447
-9085
-6003
-6903
-6219
-639
1065
-3705
1820
6329
5321
1609
-157
3901
2903
359
448
3032
1426
-2048
-4465
367
96
678
-905
1577
-1078
-5441
-7832
-7695
-355
762
-2220
-403
100
-396
2592
1755
4130
7019
3932
4069
4354
5149
5060
1793
3172
4426
161
1117
1478
895
405
-638
-513
1692
-937
4355
6993
483
3839
5567
7391
6286
5647
4783
4572
3858
4029
4014
5033
2868
2322
1257
4402
-17
-472
2229
1592
2971
-5390
-7314
-4109
19
-2249
-3667
1501
-2315
-2106
-932
-1186
-6121
-6338
-7031
-4065
-2513
-2890
-3175
-3448
-2856
-4721
-5662
-2934
-3292
-3794
-8372
-6877
-5935
-1201
-4496
-2537
2207
1063
27
5660
6535
6902
7715
8681
7043
7043
9167
10904
9651
10356
10204
8834
8166
7231
8719
7264
6231
5554
3001
361
1920
3949
3306
1013
814
1376
1615
-1606
-189
3707
3063
-2416
2109
1182
-1217
-317
-3883
-754
274
-5811
-9436
-4727
-3617
-5692
-8918
-8737
-7102
-7713
-1985
-3272
-4888
-763
-1433
-5881
1551
-1200
-5425
-8496
-2623
4113
4358
354
2972
2845
2816
6196
3258
7234
8056
5023
4221
2689
7654
9331
8077
7770
8690
11708
10549
9271
8950
7408
8099
8655
4767
4756
7648
2319
-269
2536
1693
1029
1282
-411
-2735
-2111
-3260
-3618
-5345
-2892
-4160
-4554
1704
-2227
-788
1271
2340
2533
1204
1152
912
-412
-59
-1921
-3194
835
-1234
-2638
-3411
-4203
-4786
-4587
-5523
377
-4358
-8746
-4233
-4886
137
-4382
-3363
6283
6227
2835
2745
5574
4514
4449
5262
6258
5187
2393
6842
5492
5228
5605
4309
3439
892
-14
1138
936
1288
2037
7007
4072
3329
7433
6568
7384
6843
5533
5252
1941
6666
5579
4873
6681
6131
823
3780
3155
647
-893
1970
804
-1499
-1838
2436
546
1453
2353
2043
-2671
-5317
1260
1014
-3599
-2945
-2585
-2550
-2721
-5256
-2012
-2465
-6406
-8073
-7782
-4696
-5981
-8795
-12489
-6006
-1707
-5325
-4352
-4100
220
851
-2384
-99
5579
4621
3189
7319
6221
4982
6517
8556
7689
9167
9573
5629
5188
8533
7669
10708
6973
4822
6516
3495
3925
6711
7181
3378
555
2504
1350
573
249
589
-2814
-558
-1471
-3915
-3513
-4685
-4799
-6934
-7807
-8391
-9239
-8561
-10207
-11430
-10152
-11518
-11281
-11255
-6639
-6071
-9975
-7935
-4206
-5291
-4540
-1106
-2672
-3745
-3657
-1156
-1259
93
-2953
618
5897
4870
6814
6149
7593
8016
10282
5731
4941
7962
5430
7681
7142
6531
7643
6364
4813
5430
7411
6053
2408
1007
787
-745
-1530
-1906
-2695
-1523
-4188
-4375
-3828
-6339
-6207
-6239
-7442
-9188
-8943
-6809
-5083
-5179
-3892
-3713
662
359
1577
3797
3031
2152
-1249
3363
7588
5878
2782
5852
8191
5567
3345
6515
5061
7363
1752
-4237
4225
3376
2334
-2410
-316
2251
683
-3833
-4902
2371
2201
394
1139
1252
153
838
295
1752
838
-2507
-2699
-2143
-1845
-3978
-6161
-6037
-5978
-5114
933
1587
-768
-1241
3549
5484
3663
5780
1985
1839
2414
7489
7728
6025
9077
7141
10022
11524
6477
7439
10018
6369
8221
3466
3952
4659
4156
3587
3851
4619
3149
3016
1244
-2216
136
-5222
-5800
-2792
-2280
-7028
-9195
-9675
-9253
-10272
-8686
-13012
-10560
-16593
-12593
-13501
-14218
-13233
-15782
-8109
-3278
-7370
-3158
-1010
2568
5135
3447
7382
8273
6612
9350
10555
11669
11326
13473
13926
14958
15431
11012
13225
12741
12812
11696
6410
7195
9534
10504
7821
8000
8354
7640
7200
3179
2740
3161
1880
1398
-841
50
-1691
-2031
-3800
-4666
-5534
-8480
-7447
-10252
-8744
-11745
-10689
-10307
-11356
-6953
-9872
-6304
-5479
-5883
-6782
-2111
4026
-3866
-139
4845
1698
3872
1178
2009
6005
4486
-4502
-1940
4290
5140
5288
3791
2287
2598
9994
8542
5555
4710
8044
7705
2777
4124
4673
5762
4447
2868
2855
3222
1012
-48
-686
-3308
-4172
-4179
-4171
-7530
-5763
-6596
-8553
-6847
-6150
-9488
-9724
-2016
-5938
-5788
1760
4510
4105
6052
7114
6265
6068
8072
3710
4697
-690
2121
3514
5525
3326
258
4439
-177
2623
-1083
-5762
-1455
-381
-2852
-3568
-1096
-3271
-4248
-4828
-6288
-5149
-5773
-8557
-7510
-3876
-3987
-3606
-4604
-3473
-2027
-2880
-2428
-2281
-2805
-1606
-974
-2480
-2138
-1593
2246
3452
-2566
-769
7069
3794
5465
5833
8258
5590
7112
9396
8964
8538
7842
8771
7064
8077
7320
7008
8880
3465
4503
7564
8379
7935
7737
8494
7972
7064
1877
2322
3161
692
-99
630
-424
-2080
634
-27
-1478
-3096
-2681
-3715
-4968
-5148
-4423
-7490
-5551
-4718
-3498
-8175
-4205
3940
4554
161
-2666
1562
1903
45
-1341
-2449
-1143
-1103
-1924
-1560
-670
-3250
-6294
-5541
-522
1945
-1252
-3134
-10011
-2321
4300
2553
3697
2628
6168
1894
332
2867
1060
1796
2962
1809
2864
2981
2617
2327
1712
1212
983
-1970
-3433
-1638
-1202
1129
5160
3472
-5179
-542
6181
2818
8035
3826
3776
2045
1207
1857
5616
6532
2552
1402
1531
1232
-923
-1334
-1344
727
1069
1820
-2721
-7139
-1467
-1380
-1459
-3159
-3428
-2000
-5462
-5693
-4531
-4836
-6857
-7302
-7843
-7056
-6250
-6602
-5240
-7956
-7237
-7828
-9724
-4686
-4353
-6430
-4258
-313
1354
4412
1815
551
5158
9470
11042
9070
10862
9853
9327
9073
8277
8547
8172
7570
6481
9168
9499
9294
9476
9487
3845
5193
7151
432
1761
4506
5446
3515
775
1194
730
1000
896
1013
-933
-246
-294
-3869
-3916
-4634
-4778
-9669
-8784
-6851
-10167
-14941
-15187
-11752
-8376
-5115
-5018
-5862
-6497
-2762
-2260
279
45
-2623
-6669
190
4697
4330
1115
835
-3504
2485
3361
1683
4043
5118
5314
5913
8009
9766
7167
6124
9001
11290
11794
8296
8988
11215
10320
9501
8395
6747
6513
6140
4886
1283
-589
1132
-98
-1110
-3250
-5643
-5663
-6460
-4941
-6071
-7367
-6932
-4912
146
-750
-4273
-1913
1697
580
-71
1540
1579
525
2338
3499
2343
2450
2161
760
2270
2966
3085
1179
2266
4025
2953
3371
-940
-789
-834
-3762
1002
3394
2262
1313
-1136
-550
783
-385
-90
1050
1391
1722
463
-843
-1679
-1381
-2575
-3855
-3513
-3587
-4308
-5524
-2143
404
1274
1800
991
4934
2924
4879
6378
3161
2608
3992
3994
4653
1739
3779
4278
3631
6591
7278
6130
7750
4598
7450
8376
6881
2947
-1356
-2626
3821
4416
1910
1663
3390
3271
-965
-3562
-2303
-34
-6601
-7998
-9522
-6157
-5841
-10578
-9616
-9482
-12554
-15957
-13378
-7466
-7479
-8249
-9899
-7773
-357
-6449
-1138
5718
3540
5550
3941
7585
8833
7204
7212
9526
12012
11038
10713
10276
10125
13405
11674
11964
12655
9883
6410
2919
6518
7015
7435
7595
5647
7254
6744
6539
4185
490
-126
1004
2202
1077
-2342
-1809
-3683
-5230
-5140
-5792
-5810
-7639
-7896
-7148
-6085
-7068
-7518
-2150
-5051
-9905
-580
-484
-2375
-1768
-2618
-658
-3280
-5064
-4053
-572
-4025
-4292
-533
4307
5166
2490
1756
7875
7738
579
5847
2377
3429
4660
3150
3947
4219
5467
6346
6516
8425
4761
4610
7602
8059
5875
4707
4482
-1458
1713
449
-1864
-6246
-7451
-4378
-3496
-4746
-6186
-4334
-3728
1210
440
-4146
2527
4884
-1123
-1899
4186
4501
3899
3397
1624
5772
5362
2595
1356
1106
5621
5952
-1285
-3265
2366
3938
2262
-3300
-4039
411
917
-127
-487
-274
-1387
-6520
-4503
-2383
-3873
-6518
-5643
-6029
-4465
521
-3215
-684
-766
-2667
-2346
-1856
-73
-2441
-2440
-4054
352
5240
-83
-1519
5781
6346
4209
8312
12059
9764
7715
9492
10705
11051
9835
9094
9912
13138
10529
6749
7065
9317
8651
9735
7656
181
3783
6553
5259
1837
1867
861
292
-728
-3427
-1847
-4001
-5483
-6927
-7774
-8443
-10847
-11726
-11471
-14293
-14473
-15382
-15378
-15210
-15390
-14396
-13795
-11923
-9850
-8022
-12236
-5531
2023
2520
-582
4353
7282
8050
10385
9097
9749
12556
10145
15355
14278
11468
10546
10950
14451
10460
9487
10744
10056
9083
9817
9977
6680
5651
2376
2876
5659
4117
-1212
-1775
-2699
-3469
-4827
-5778
-5863
-5839
-6779
-7517
-8296
-11124
-12235
-11147
-13842
-9522
-9883
-10830
-6811
-7932
-9570
-4132
2731
2349
-993
-2568
2059
3398
3398
2727
3678
4645
4285
2349
1272
6164
5792
11
715
5916
7189
3956
1357
-798
219
4980
3901
1952
5482
5739
302
1092
4217
1976
-564
-275
1148
528
297
-887
-981
-1587
-3751
-3192
-5321
-5301
-4915
-5252
-4835
-4359
-3780
-768
238
-5641
-308
6337
4617
5932
6242
6636
8527
9992
10723
10861
6729
7382
10247
8748
7564
3790
2590
3782
5062
3728
1927
-730
-4053
-4229
-496
601
-2622
-1914
-2730
-2855
-4543
-5928
-7363
-8546
-8482
-11675
-10453
-9197
-9237
-10054
-10211
-12459
-10521
-6597
-8104
-5811
-3335
-2908
646
3180
1087
470
9606
12392
8808
12207
12366
12688
15098
15999
12756
11636
13727
14143
14017
12857
12883
13197
11613
10800
10917
8957
7165
4726
2869
4617
5609
2195
864
64
-198
-2161
-6064
-6831
-3867
-5884
-9234
-7988
-5988
-7694
-11641
-9920
-9042
-11557
-16367
-15397
-12214
-12382
-15940
-11654
-8303
-6131
-8246
-11794
-4430
-276
-1362
-380
5666
9760
4746
2566
2230
4629
12087
9720
8842
11373
12477
12409
11935
12435
12052
10723
10045
9819
7328
8533
8641
9820
10351
7739
8476
2854
1392
787
-757
-1596
-2498
-3199
-5634
-5734
-7138
-8990
-6943
-7787
-8309
-8801
-7589
-7761
-7609
-6482
-3746
2163
-1700
-5700
2684
6171
5549
6553
5141
6190
2427
3219
4586
3690
4053
984
1659
538
1930
542
-756
624
-538
-973
-353
-4472
-9793
-7666
-1695
19
-3230
-2587
-5780
-2872
-18
-441
1106
-95
1194
756
-2207
-959
-213
-1473
-622
-1895
-607
-965
-1831
-592
-1510
-1565
2559
6267
7712
3791
5643
12037
11854
12755
9790
6755
9187
10125
10215
9952
9511
10501
9288
8335
6634
7023
6341
6954
3697
4090
4391
1220
-1993
-5361
-548
-2910
-2224
-2414
-7515
-11492
-7951
-5965
-7211
-11695
-12864
-11386
-10778
-10130
-12769
-11970
-13667
-15242
-12810
-11507
-11078
-9495
-11326
-9543
-5287
2296
667
-2455
7624
11656
9132
7508
8533
11940
9465
9500
15221
11394
12398
9918
14397
14165
9775
9186
10086
8246
8494
8161
9317
5553
2551
3997
2779
2285
192
1297
-182
-181
-1730
-2241
-2813
-4074
-3365
-4074
-4442
-7615
-8863
-10322
-10762
-10906
-10135
-9759
-11784
-11490
-9822
-7932
-4725
-2763
-4008
-5030
-4379
-688
-1191
-73
2730
1170
3802
3950
3801
2257
1089
2504
5806
6417
2857
1712
4754
7279
6592
7907
6056
7629
4638
2375
6225
7068
5556
5229
4469
4311
3238
22
420
-2168
-1126
-1832
-4005
-4634
-4542
-3601
-5552
-2039
-3811
-7905
-8540
-6552
-6455
-1568
-1162
-2479
4631
2773
2571
7586
8357
7922
8631
7795
9418
9699
8773
9138
7627
8097
5094
7921
9446
6029
1243
-3550
6289
3347
978
-5078
-8364
-496
-1439
-7132
-5554
-7379
-10337
-11624
-5272
-2433
-4500
-12637
-11794
-11022
-8683
-3739
-10115
-4780
-3273
-7147
-5122
-2351
-2273
-3952
-5198
-1183
3229
3728
3374
3766
4623
6937
14389
15104
11447
11851
13324
13556
12051
13305
12740
11621
11081
10135
9590
8969
9604
8568
7403
7539
6821
4582
1480
-1359
-1142
2346
734
-1309
-1714
-1654
897
-2089
-3539
-4808
-5502
-4991
-6463
-7936
-8980
-8031
-8895
-11072
-10382
-10504
-9140
-7783
-8878
-7828
-5389
-5314
-4785
-2827
-5495
185
3365
1585
4596
3265
6990
8315
8215
9477
9345
9533
9219
10380
10132
9697
9234
11361
12132
7837
6523
11646
6734
7426
7447
7351
5891
2282
4498
3975
2813
-1001
-2676
-793
-4085
-5099
-4819
-4955
-4885
-6625
-8123
-6425
-7651
-6822
-8047
-5674
-4280
-5304
-7349
-8771
-4535
-4911
-2728
-5106
-5601
-572
-472
3107
3499
-741
-2189
318
3217
2736
2144
2619
4397
-303
-1759
3147
4217
2815
-573
-1994
2146
1143
-896
2607
2394
3676
4754
4300
4828
3346
1761
1525
2185
2750
2038
1702
2275
435
1021
3177
2083
1021
2122
2341
1382
128
-1560
485
3056
2787
1117
431
7795
11025
7961
7822
7444
7851
6683
7101
6940
5315
4560
2235
1948
-169
-702
-182
-278
-1625
-2590
-684
-4574
-8654
-5915
-5035
-4862
-4480
-7769
-8010
-6485
-7221
-7622
-7032
-7494
-8205
-7707
-5291
-5032
-3643
-4441
-7696
-6480
-3455
-3370
-3574
-4321
-5076
-2546
438
238
2955
8827
5848
1231
11137
16038
11450
12265
9506
8852
11152
11601
10958
8164
6793
8265
7749
5825
2762
2393
2465
1150
155
754
-1035
-7141
-2825
-2112
-2927
-5022
-4907
-2134
-6007
-4819
-3403
-4114
-3182
-2225
-3805
-3454
-397
-973
-5003
-6941
-2095
-4040
-6481
-13171
-7777
-10202
-7434
-6838
-8076
-2104
-5095
-6284
2057
4083
3545
2284
2093
1802
5551
9738
6516
7135
8812
8810
9326
9664
12072
10241
7761
8181
7910
10636
2870
3032
6059
4389
5425
2690
5113
3875
3424
4025
3422
2500
2327
2014
1583
-397
-935
-1912
-2545
-1586
-5097
-5556
-6065
-7126
-2312
-6831
-7246
-7926
-6438
-5555
-1689
-4087
-703
508
790
5096
5343
5926
3887
2005
2886
4799
4342
1790
1697
3027
1775
1627
800
-1875
-92
-1798
-855
-6396
-8516
-4608
-4633
-5772
-5615
-3119
-360
2615
2091
-214
1190
2547
2388
4111
2076
2606
3409
-690
-1532
-563
-214
-1493
-939
-1724
-2366
3672
2811
2445
7736
-1481
1452
9442
3626
4216
4683
6405
7741
6097
5267
4314
3675
4550
5207
4038
909
100
4140
3137
1401
2658
4211
-3874
-4581
2780
1469
-4961
-6278
-759
-1251
-3073
-6243
-6161
-3722
-3763
-3462
-4986
-3581
-8856
-13240
-9361
-5911
-5977
-10217
-11645
-12524
-8218
-3810
-3402
-3032
-3377
-1104
3105
952
2847
7958
6058
6071
7985
7483
6698
7607
10240
11695
10295
11435
9940
8562
8339
8769
8469
8151
6413
7716
4360
-1987
4343
4997
3277
3853
4274
3682
2393
2964
3324
3568
2270
585
1306
-1565
-3361
-1395
-1663
-1873
-3162
-4810
-4591
-4943
-7204
-6835
-7140
-8668
-8478
-5781
-4946
-8827
-3762
-252
-1779
73
-3663
-4427
-1722
-2175
446
1175
-1731
-1784
3249
3249
1510
3955
4852
3236
6882
3819
2430
3300
4748
4864
5364
4720
6474
6115
3302
5291
6514
5697
6092
3528
1714
1267
5614
573
-307
123
-929
-4536
-4340
-4199
-3663
-3532
-7380
-4147
-4258
-5045
-3338
-1532
-2946
-4357
4032
2254
-289
1408
1773
-95
215
2543
62
-2772
-3640
-1723
-1275
-3840
-6679
-3915
-3545
-2300
-3870
-5802
-1682
-1597
-3108
-4259
-353
1434
293
-2928
-5382
2034
755
-432
1665
792
2756
1953
2179
1475
1662
3202
2051
1450
-946
2125
-1089
2749
2231
1952
5811
5887
1371
6239
10075
7091
8330
7634
8033
7847
2538
-1817
395
4572
940
-58
-318
-472
551
521
-322
-413
-1835
-35
541
-10
600
1222
1600
1163
1040
526
-1804
-4298
-3117
-2460
-3206
-3609
-4707
-4191
-4914
-6613
-7133
-9457
-10394
-10793
-9003
-9884
-7236
-6411
-6819
-4504
-7537
-1186
864
-3173
1540
7463
5706
4334
7592
7217
6163
8441
7568
8503
10483
9072
9005
8132
8324
7501
7395
8232
8013
7916
5937
6287
7496
8568
7535
7335
4472
970
1612
602
2863
1693
-808
-581
-504
-1399
-4612
-3346
-4474
-4693
-5460
-8502
-7490
-8702
-8856
-12527
-11283
-7900
-6997
-6007
-6209
-6049
-2626
785
-1672
-256
-2982
-4619
-1953
-1759
-2569
-4276
-2936
-2291
1655
875
1702
410
1384
7328
4127
2243
4642
6545
6017
6431
6811
6427
2674
3990
5441
6132
5660
3595
5306
5670
4129
2322
1485
-81
60
-510
-278
-1629
-4133
-5182
-6115
-5064
-5939
-10473
-7277
-4826
-4058
336
-4580
1782
4555
1359
3154
2383
4682
2813
4985
3074
770
5362
7656
8054
6303
5157
5086
4841
4245
2041
1847
3105
2376
2281
1360
-2116
-984
1242
-1837
-1844
-2836
-2164
-1980
-1618
-1988
-4860
-2656
-208
-778
-924
-1405
-2450
-2547
-3501
-2342
-2125
-487
-1597
-116
254
3531
3671
-3044
6614
7280
5537
6916
5343
7292
7229
7145
5359
5739
6265
6151
7657
8984
8868
9829
10121
10194
6888
8600
8368
8687
4480
-1203
-556
4346
6094
1666
2107
2145
1998
143
-1140
-232
-2034
-6582
-6750
-4347
-4479
-7873
-10318
-10315
-11335
-11772
-12940
-10940
-9720
-12649
-13026
-13862
-12684
-9475
-8165
-7908
-5082
971
3490
3279
458
4085
5848
6181
7706
10669
11026
10475
11984
14051
14284
11779
11187
11123
10485
10866
12335
12380
11850
11508
10639
10468
7810
8256
6789
5566
2831
1010
2827
2096
496
-1131
-1220
-2681
-3542
-5423
-5164
-7040
-9145
-7535
-9026
-10562
-8384
-9691
-7474
-3873
-8682
-3424
575
-1648
-3948
-3865
93
-409
-194
1055
-775
271
637
1615
1531
2080
3913
2766
2573
2119
3858
1282
2541
6690
5996
6057
7539
7258
5272
6334
7608
6603
7036
6057
4800
5988
3447
2286
2296
370
-223
-468
-2698
-3847
-4644
-6296
-3298
-4090
-3632
-3850
-4420
-4096
-2472
-4304
-3370
851
3815
4383
4015
6201
6806
5509
7721
7773
4727
7708
7820
7703
9725
8008
2927
439
5284
2819
1675
-5805
-672
2511
-2391
-4490
1605
638
-3164
-5294
-1495
-479
-7875
-9640
-9736
-4636
-6207
-10283
-10397
-11621
-7220
-5538
-8679
-6590
-5280
-3879
-4344
-4337
-2268
-3251
-594
-1271
-146
5911
6079
7314
6790
7877
8265
7074
11162
9527
9872
10752
10811
8725
5358
8901
9816
8336
4520
3805
6321
4470
4467
5432
5117
4656
4178
4362
3153
1331
823
299
-265
-1921
-3407
-3951
-4291
-4328
-4633
-4975
-6438
-8948
-10073
-8976
-9324
-11202
-12939
-12668
-12536
-12901
-13139
-12046
-3896
-7679
-4285
4390
1838
4515
3876
3501
8007
4104
6415
7164
6822
5831
7946
9569
9546
9538
9481
9171
9208
9509
8279
8220
6999
6694
5420
4370
5239
4712
2731
1416
118
-1070
-1403
-1514
-1491
-2381
-6032
-5817
-5848
-8684
-5964
-7778
-8046
-8173
-8603
-7401
-6483
-9432
-7539
-2950
-3486
-6949
-2127
6304
-651
2707
7020
5649
1472
3472
8356
5163
736
-158
2752
1991
457
-408
2300
1268
-1710
-422
-1174
-1505
-3218
-5483
-7308
-1089
-861
-1793
-2440
1351
1581
-155
714
314
1257
405
-1160
1458
-1745
-1945
-430
-2452
-1517
-1780
-1984
-2430
-1889
-1299
-1577
-1612
268
3504
937
2652
10644
8497
6198
9206
10477
11626
10218
7794
8852
9550
9711
10734
9199
7533
4626
4169
4526
3949
3652
1477
2021
679
605
202
-3149
-4624
-5135
-4973
-6364
-6124
-6368
-6341
-8725
-8581
-7836
-10409
-10116
-10712
-10996
-11071
-10114
-12731
-11053
-7571
-7087
-4205
-2796
-628
347
5840
3615
5690
12704
11336
13815
13058
15117
12180
12518
17041
12710
14361
14951
15550
15115
14784
12879
11017
10934
10339
10701
9625
8016
3912
4461
3016
3189
2872
527
512
-2511
-1742
-5144
-6269
-7405
-7343
-6185
-9547
-9732
-9823
-9569
-12570
-11487
-9097
-12587
-18824
-15049
-11509
-10962
-12014
-10137
-8681
-3972
-768
-5110
1501
6417
1416
-1798
3924
8949
6220
4052
3801
6943
11029
10420
10183
12580
11588
10588
10327
12227
13100
10383
8724
8983
10370
8827
7763
7908
7092
2923
1348
1351
-2
-263
-1882
-3372
-1998
-3867
-5187
-5737
-4952
-8112
-8583
-8168
-7116
-6360
-9089
-7976
-7104
-6758
-6500
-244
-3201
-4160
3819
412
944
2654
4154
5582
4663
4297
4231
3501
2020
1391
275
5204
4816
3253
2553
1996
-2440
-3440
-305
-792
-2026
-1768
-1373
-4944
-5911
-7424
-8288
-4950
-3784
-6084
-2308
-1792
-2690
-1831
-489
395
806
-627
-290
1322
1814
1038
-613
173
42
1683
2414
2147
5816
3405
722
8128
9875
9260
8682
7524
10439
7445
8126
7906
7017
5959
5095
7604
6985
6800
2878
3845
2581
3240
2056
-1305
-995
-96
1327
-2798
302
-1099
-4072
-7831
-6813
-1469
-3348
-6591
-8294
-5903
-5526
-6455
-7843
-7020
-5545
-6569
-8699
-5853
-3035
-7250
-9384
-6074
-1452
-735
1039
-97
3401
10276
7818
9659
11251
12970
12478
11541
12571
12824
11326
10888
11852
10280
12334
11436
10587
11018
8377
7910
7954
5330
6692
6251
2637
1663
683
-473
-1589
-2239
-4152
-4111
-4772
-5053
-4505
-406
-2057
-2165
-1153
-3199
-2838
-3669
-3860
-3325
-4405
-4260
-4003
-4851
-6239
-6612
-10465
-5864
-4716
-7354
-3319
585
-208
-987
-334
89
1235
731
304
543
1016
1988
808
649
1755
3325
3184
3256
3613
3565
2936
1685
2300
2269
3068
1955
733
1451
183
1534
2765
643
5247
1079
1700
1600
-433
-578
-1350
-1044
-893
-1397
-810
-692
-2823
-4790
-2987
-4055
-3486
1289
800
-1278
2529
4331
2101
1961
4873
4313
2862
3289
2508
2012
1336
2851
3050
-1353
-3203
1172
2138
-1309
-3739
-5843
-5214
-5050
-7206
-7974
-8295
-8343
-11086
-11859
-8516
-7143
-7729
-10760
-9645
-2263
-1507
-3198
-3417
-2777
-67
-868
-1339
-20
-216
-3832
-2748
136
459
-249
947
2150
5596
8843
2911
5807
10997
10603
10053
8805
9178
9815
9530
9083
9254
8673
7959
7862
8020
7349
6850
4814
3312
3933
3172
3058
1210
-277
-611
-1731
-1444
-1723
-2831
-3749
-2992
-1507
-1219
-1561
-3288
-4650
-3575
-3405
-3281
-4298
-5851
-8484
-12403
-10161
-9254
-9334
-12145
-12168
-8867
-8702
-6622
-3968
-6849
-2161
7054
4256
5742
7251
8856
7844
6707
9076
7710
8645
8000
8857
8963
8966
7145
6076
7586
6873
6618
5328
5072
3221
3020
3089
2080
1677
802
1471
-173
166
813
221
-400
-1873
1599
749
-2333
-2405
-5449
-6813
-5108
-4559
-6717
-8387
-9022
-6806
-7475
-9608
-7641
-5822
-6220
-10829
-9921
177
954
-3645
-4092
-2120
627
-3013
-700
-451
-1001
-1431
-4016
588
1555
-1382
-6563
-3405
4579
5401
3406
3127
6065
5448
5793
6478
9017
8680
8000
3423
4068
4876
5084
4216
4041
5731
4193
-783
-189
2570
1245
-53
-1813
-3449
-3599
-4351
-5874
-6906
-7206
-5303
-1043
-4549
-4012
3240
284
2110
2737
2523
3923
1981
3414
2326
1819
2122
794
1880
2019
-834
-173
-527
-586
-1395
-1918
-24
-1149
-1113
-907
-281
-747
-1443
-1122
-2165
-2407
-758
-1853
-1124
584
-1044
-3699
-2322
-104
-458
-1675
-1570
-512
-1129
-1330
-2335
-3850
-3563
-2157
-1088
-3764
-1112
1403
-2704
623
4314
5687
4180
5839
7223
6299
5761
2998
6154
4984
3488
7751
2017
433
467
4668
1092
2398
249
1533
2141
2774
1828
3118
909
1359
3037
382
773
1216
-1070
-5081
-2476
1322
-1880
-7033
-5766
-3486
-5135
-8996
-10619
-10079
-10671
-11410
-11737
-9923
-5944
-9254
-8567
-2470
-6285
-6431
-4629
-6071
627
4095
5826
4763
3655
7323
6612
9782
8423
8338
7002
5908
8031
7548
9236
6877
7800
11734
11615
10732
9373
8482
9513
9423
9326
8522
6988
6120
2436
2875
2493
2341
2301
1830
768
-1300
-1025
-3428
-5377
-5347
-5402
-5594
-6191
-8362
-7789
-7333
-7835
-7039
-3732
-4244
-7652
-2439
421
-2938
-3982
-2173
-2227
-1136
-1570
-1886
-1478
-1568
238
-203
-1872
-3414
-3466
-275
3549
-497
-1501
-289
2329
2967
3117
6094
4452
5039
3791
4541
4495
3914
3788
5247
5502
3737
3811
2495
2190
146
-534
-1143
-3243
-1804
-2047
-3818
-4148
-4362
-2497
-2034
1494
-445
-1876
4954
3812
1757
1644
1742
1448
2151
1807
214
458
4288
6318
5520
1911
2615
2389
555
172
2614
3032
168
-2386
1106
1886
-673
-2614
-8488
-5541
-5144
-5699
-5724
-5458
-6142
-7250
-6741
-5491
-3878
-7149
-10190
-6640
-4623
-3303
-4199
-3193
-3254
-3113
-3912
-2836
-2206
-2997
241
1357
1868
2407
9036
9325
7451
9623
9482
11062
9213
8921
10365
9558
10058
10908
10868
10879
8721
5952
5668
6467
6273
5987
4823
3335
851
1085
5833
4719
4367
2287
-2466
-3923
-3744
-3813
-4166
-4237
-6156
-7145
-8312
-8644
-9997
-12086
-13101
-12325
-12213
-12940
-12683
-12440
-11839
-13769
-12522
-9353
-12324
-7652
-2093
-3295
-136
-2570
-2514
1846
2862
4713
5074
6408
8385
9593
12311
11664
12437
13839
13677
13510
12013
14685
10263
7692
10991
10403
9343
8358
7800
7179
5590
3924
4310
2300
1261
769
-2360
-3471
-2868
-3417
-3858
-5384
-6443
-7705
-8509
-9971
-11187
-10690
-12641
-10851
-12284
-13025
-6808
-6548
-8506
-4151
-1722
967
-200
-3857
-649
2518
4628
2861
3211
6325
6638
4767
4305
4903
5872
2424
166
1475
2972
2448
-2276
-2000
1853
4511
3626
5392
5753
3932
3227
3566
3071
3135
1762
2024
1553
1731
1364
-1606
-1416
-2997
-4068
-4360
-5136
-3464
-3428
-4818
-2664
-8098
371
2
-2771
3677
-1909
404
-841
1767
2524
2078
5487
4038
4972
6462
6816
6155
5044
5093
4279
1607
1886
2975
2278
1974
667
423
-484
-1118
-1771
-3290
750
-326
-5340
-5428
-5916
-8228
-8593
-9378
-10000
-10929
-11286
-10706
-9542
-10659
-13448
-12317
-9853
-9180
-10835
-7088
-7095
-4816
-4828
-3257
778
-615
5961
7285
6702
7580
10048
11434
11387
12479
13769
13484
12492
15073
17750
13393
8896
11952
11166
10900
9858
8777
7832
7500
7770
8160
7464
5742
3772
3173
1773
2426
3030
-465
129
-2972
-3193
-3602
-3487
-6295
-8083
-3394
-4590
-11038
-14106
-8283
-7674
-11151
-12587
-13515
-13585
-8367
-9973
-12451
-1600
311
-2378
-1177
3129
4698
-2155
272
6481
9344
9760
10865
4845
7068
5901
6051
6855
11121
10760
8911
11186
11766
8295
7788
7080
6870
6235
6806
5978
3838
3425
2474
1462
2762
-1399
-1234
-561
-935
-2521
-4694
-4817
-5691
-4589
-8522
-8573
-6438
-8294
-8220
-6540
-7494
-5810
-1698
-2581
-143
4680
3026
4260
5850
931
4095
5380
3298
2386
-1102
2034
2807
5560
4604
2943
1374
1545
1754
2107
-99
-204
1589
-134
-3747
-7800
-1590
1242
-2745
-2363
-1457
-1046
-1937
-1512
-3270
-1294
-2073
-2175
314
525
2165
-4001
-3577
-1145
-967
-4790
-5076
-3429
-4488
498
3445
1288
7102
9484
8975
8371
12205
10414
9223
10530
7170
7391
8160
10225
8170
7637
5534
5376
4909
6264
4087
1444
3766
3338
1225
-1904
44
876
-3659
-7484
-3017
-1754
-4406
-8687
-8685
-8187
-11222
-10205
-10374
-8826
-8137
-12593
-12308
-8618
-8161
-11640
-15621
-11536
-5742
-6646
-5751
-3816
-677
3660
-2156
3165
9837
8554
8400
10302
13372
10686
11547
12725
14180
15398
16386
15339
14001
14300
13097
11334
10906
9615
7498
7020
5162
3273
1638
147
-488
-1194
-2463
-2567
-3234
-3891
-4267
-4615
-5837
-6512
-6003
-5046
-5103
-7243
-9315
-8368
-9358
-10670
-10617
-11060
-9723
-9451
-9344
-10498
-6432
-3357
-8126
-5124
1498
-268
1581
1176
-2207
2156
2855
4014
4571
783
2759
7750
5846
5400
6071
11536
12215
10796
10511
10000
10351
9663
9234
9285
8054
7347
7367
6747
6395
5750
2902
3091
1095
573
667
-1574
-1720
-1859
-6017
-7961
-8626
-11120
-8516
-6182
-7712
-7673
-8477
-7609
-7932
-9232
-1526
-814
-4286
3045
718
-843
2183
4884
2010
-120
5272
7723
5627
662
4845
10012
6348
1323
1241
996
1425
438
-430
864
-1003
-4685
-3198
433
1610
-1349
-8158
-4428
319
-1365
-265
917
-132
-741
-1510
216
2130
-1139
-2195
416
1630
1540
1540
734
23
2634
2229
3242
7709
5310
964
6814
12203
9815
10495
9311
10052
9754
9072
9672
8999
11019
7474
7958
6258
3592
3515
3190
1770
741
103
-1065
2703
1119
1429
-9
-921
-1362
-6844
-6757
-6463
-6245
-8614
-8252
-8761
-10489
-10429
-13218
-13303
-10929
-10270
-11475
-11659
-11028
-11348
-9543
-10590
-9742
-10954
-4585
-6262
-4943
1659
257
4969
10838
7735
10307
11451
10675
10042
10936
11246
11035
12758
12175
10506
10499
11191
9535
8190
8225
6257
5482
5166
4319
4128
3364
912
-3057
-1343
-3362
-2614
-3355
-2886
-2646
-5221
-3932
-8438
-1947
-6437
-4259
-4204
-6043
-6189
-6837
-4928
-7324
-4835
-2729
-5702
-8145
-8897
-375
2255
-8247
-2842
1640
-245
1693
1666
2808
926
196
227
1410
3121
-94
-3383
-1923
4672
5447
2161
4219
5383
6911
5344
3122
4799
4765
2494
1969
3389
3629
1994
253
1370
1040
1975
518
-38
2455
2908
2311
3486
3690
3424
4273
2493
2556
-934
-2527
-3903
-4233
-681
-2162
-1133
3076
-152
-1645
5313
6045
3675
4819
7002
4488
4506
5118
2408
2870
1815
1516
223
-1528
-1046
-3347
-3215
-468
-2646
-2973
-4586
-3475
-4106
-3987
-6129
-5207
-5500
-6061
-4343
-6246
-5307
-6133
-3423
-3125
67
626
118
-820
256
1242
1480
1082
-1205
-2291
-18
1394
1534
4339
2883
7842
5939
3110
11098
10326
8189
8784
7775
10476
4682
10136
10592
6979
8030
9344
8285
6752
6514
6758
3403
2763
1539
987
-333
1234
-4179
-6186
-5364
-4892
-6355
-8407
-6351
-5122
-7200
-10181
-6606
-4096
-5218
-8877
-8656
-5310
-5069
-4993
-7678
-9599
-9262
-9812
-11806
-8711
-5512
-8060
-11502
-9028
1952
2383
-210
5904
10302
10136
9447
11477
11771
10400
9550
10516
10999
13270
13518
13971
12131
10518
11453
8778
8849
8182
8126
6073
5618
4549
4436
4170
2041
2794
-702
2106
2554
1975
1386
-1598
-1162
-1515
-2189
-3302
-2546
-5323
-8846
-6126
-7067
-5567
-6585
-6502
-4897
-5458
-4692
-6127
-2564
-2357
-4622
1847
1906
1936
1488
-1781
-3564
-2240
-2019
-2231
-666
-1701
3050
1441
-642
-4567
-3447
2909
2572
2520
2629
3827
3610
3142
3433
2750
4364
6652
5915
4770
5006
6143
4862
5151
4844
3888
3503
1912
111
-1698
1392
226
-2162
-1567
-3347
-1614
-3838
-8044
-2805
-5314
-4514
-1560
-2633
-1856
-931
3508
5237
3597
4130
4341
-767
-627
1905
2951
166
1160
1931
2410
146
-831
3077
2892
278
-2439
-1420
-3111
150
-1766
-1007
2933
-384
-2583
-2143
382
1321
-991
-6548
-4071
2358
-790
-888
409
-151
561
-1521
-1677
-1687
-3291
-3618
-2607
-2373
-1851
-2639
1403
422
-1651
3613
4997
5647
2749
3966
3962
6733
8739
5096
6450
7218
7429
2195
2678
4557
2391
2520
1757
804
-2031
-605
-872
-123
1629
-589
249
872
-177
125
-407
-138
-930
-1432
-2210
-4690
-2926
-2595
-2790
-3474
-4825
-6033
-5628
-6706
-8243
-8926
-10627
-12072
-12116
-9925
-10048
-6871
-8043
-10080
-2886
-820
2612
3025
2212
5440
2928
3195
5053
8124
8077
7225
6480
7124
7364
6232
7441
5046
7460
9516
8411
7803
7495
7019
6929
5849
5728
5756
6000
6000
2518
3016
1336
2438
2412
1403
802
-31
-1147
-4505
-3307
-4568
-4706
-8048
-8724
-9662
-8621
-9156
-12153
-5551
-4957
-11181
-10333
-210
1948
801
-2248
-793
-1935
-2253
-1160
793
2335
82
-1513
-1026
2778
267
-3010
-2659
-281
5566
5253
583
2816
7150
7783
3899
4934
5190
9648
7974
2184
4794
6984
4597
5531
3018
3234
5709
5299
4931
3091
2775
1885
1566
455
-467
-988
-1218
-3110
-5068
-6038
371
1329
-2900
1229
3527
4739
3235
2608
3024
-240
651
2584
4265
4875
4675
1725
262
3292
2055
2159
709
-2543
-2574
-1810
-4134
-3301
-3034
-2769
-2289
-4676
-5262
-4213
-5504
-6770
-4884
-3044
-2311
-6023
-4041
-662
-3131
-4083
-1599
-2925
-3293
-3738
-5027
-3590
-2983
-2790
-3721
-4371
820
3729
-2261
5037
7871
5854
6659
6637
7130
4179
7286
5893
8078
9229
3606
7312
6681
4314
7216
5734
7446
5920
5689
4782
4462
3690
2734
2209
-1959
1601
1270
277
374
1806
-1173
-3021
613
-745
-6661
-7968
-4792
-2395
-5735
-10285
-9072
-9658
-9714
-10229
-12239
-11421
-10753
-11577
-8891
-9334
-1552
-6112
-14958
-566
3094
1117
752
2684
2103
5399
5816
7135
12771
12168
12426
11107
12535
12071
11730
12707
13147
14143
13106
13188
11423
7719
10251
9106
7317
7468
6879
5917
3191
234
-2402
-2428
-2455
-4458
-6744
-5343
-5285
-7750
-7262
-5562
-8228
-9064
-11310
-10582
-10340
-10805
-8969
-10117
-3077
-5603
-8625
-533
902
-1137
-767
2176
-893
-2479
2133
4535
4201
3549
3429
2988
2884
2193
2631
4852
2345
1505
3141
2462
2928
5500
6888
4360
5109
5792
6227
7756
6937
7963
6858
6270
5915
3369
2151
1245
827
-741
-3272
-4402
-1562
-2731
-3066
-3381
-3395
-5342
-5723
-5411
-5291
-5270
-2174
-3528
-5417
3706
3735
2088
3331
3265
6463
5091
8669
5410
2622
3579
5188
4372
1519
4910
5701
-1616
-4922
4718
3148
927
-1994
-2347
1683
-2212
-89
-41
908
-929
-3482
-4664
-909
794
-4943
-10014
-4655
-810
-2854
-3412
-2572
-3635
-2220
-3483
-9117
-5707
-6658
-6334
-4966
-2538
590
-2081
-1856
6029
4019
2102
8052
7944
5024
5742
6264
8863
11708
8907
10099
9180
9287
6705
3750
8221
7962
8098
6651
6619
6245
6220
6551
4600
3065
1839
2464
1856
981
-127
-1590
-2194
-3042
-4489
-5906
-8395
-8692
-9118
-10343
-11030
-14607
-13472
-13933
-14263
-13489
-14630
-15287
-15274
-13375
-9780
-6018
-12667
-8627
2630
4787
3717
6430
8796
5304
8210
9613
14243
15237
14919
13331
10210
13894
12947
11441
11739
11273
9855
10201
10187
8656
9373
8019
7660
7981
6516
5964
4658
4550
443
-1170
89
-340
-206
-2494
-1651
-3699
-6467
-7807
-7692
-11024
-9046
-10165
-12457
-13989
-10939
-11808
-13142
-4152
-2483
-962
592
1996
4043
1239
-1402
-3360
-898
1006
3245
619
2777
3673
195
1818
4226
4595
2061
-2124
2678
6265
6686
6832
5841
5571
6500
5687
5976
6944
5249
5377
4555
3330
4502
3026
2277
3334
882
-1296
-493
-1119
-2639
-3819
-5501
-4256
-3488
-4094
-7277
-5115
-6210
-7152
-228
-1745
-1906
167
2302
4837
8620
6448
6355
5409
1776
7197
7855
7526
6333
5487
6886
6103
4712
4015
3893
2637
1840
987
185
-144
-884
-1494
-3473
-3806
-3346
-4978
-6289
-6931
-6782
-5916
-4690
-9482
-7808
-4653
-4123
-3079
-4185
-2673
-3652
-2554
-3575
-3438
-1046
-924
2859
2014
4865
10052
6056
8025
12408
13785
13281
16706
10838
6129
12663
12407
12939
13050
10761
10023
10332
7652
5186
4657
8169
7826
7589
6204
4631
4482
2044
2978
1287
579
300
-2493
-3041
-2380
-3692
-6005
-6680
-5020
-5110
-11734
-9508
-6477
-7633
-11655
-12102
-11753
-12942
-9691
-11217
-8760
-6608
-9640
-15046
-8098
-1459
-3100
-8453
-3571
6929
7059
3331
9019
10113
6135
7179
9609
14391
15457
11621
10335
12750
12291
10021
8199
8674
9895
8769
8399
7000
7491
6257
4579
3063
3507
1821
-46
135
-4488
-4312
-5007
-7061
-6988
-6604
-6762
-6842
-7255
-10929
-10494
-9351
-10073
-7765
-7849
-8124
-8745
-9275
-8316
1586
416
-1267
-793
-3068
391
1365
2107
3463
1349
3681
5121
6644
5864
6073
4958
2940
3593
2900
2999
4415
-1616
-1055
4865
4085
2985
2833
1381
3771
2278
891
932
-669
2871
1282
-605
-1348
-849
-2320
1968
-2105
-3066
-2142
-1883
-2402
-2461
-2801
-4686
-3422
-3238
-3847
-4802
-6613
-2903
-1566
-5457
1094
5337
5135
6107
7623
4263
4455
5721
6445
13061
7612
5547
7359
7841
5013
1235
3141
2405
-3680
-4009
2089
2630
-2229
-3255
-3410
-3139
-4632
-6428
-4000
-5893
-8046
-11630
-8900
-5969
-3172
-8935
-10092
-1562
371
-1600
-716
-2989
-2817
-3063
-2357
-450
229
1499
-562
1398
6894
4172
5034
12270
10545
11774
13969
11423
9373
9766
13907
11080
12214
10916
10107
8858
7156
6635
5012
5598
3697
4115
2914
3197
1977
-101
-642
-3100
-2208
-4073
-5820
-3833
-4189
-5154
-4623
-4664
-6414
-5399
-5365
-6583
-5929
-6509
-6862
-7708
-6930
-6873
-7197
-7632
-8125
-11612
-12881
-10775
-10533
-4115
-3615
-3798
-3151
-31
5037
4999
6390
6382
6765
7856
8102
9373
10997
9464
9579
9849
8526
6599
5820
6522
6913
4541
3904
7062
5164
6680
1337
5100
3083
-457
-199
2434
56
-2910
-1187
-2038
-1297
-2452
-1850
-1743
-2117
-3673
-4123
-6403
-3614
-7192
-8632
-7506
-8841
-8208
-5495
1084
-4794
-2646
5683
4394
586
2712
5508
3850
247
979
3283
3626
1256
597
3503
1094
-2865
-2992
628
1164
-4226
-8036
-4351
1102
-235
-1627
-50
413
868
1079
357
-230
4274
1678
-827
2452
2907
44
3764
5440
5330
5040
5802
5232
1235
-1212
1561
877
-1067
341
627
-25
3161
5785
500
5138
9337
7460
8768
8248
6670
5393
5323
7223
7328
6146
2149
2186
1778
2387
366
997
386
-3843
-2754
-4080
-4283
-4600
-3861
-5728
-5050
-5701
-7374
-4554
-4100
-3492
-3791
-4104
-4093
-3295
-3081
-1943
-4870
-3669
-2731
-5246
-3298
-2568
-3964
-2206
-482
-1025
481
1329
6791
7836
3888
10824
10870
11076
13917
10779
11549
11074
10939
14378
11856
10641
10855
10251
9823
7331
6090
5945
2599
-680
1149
2390
2711
2332
1419
2036
355
999
1392
1244
2369
-149
-1420
-2438
-375
-1800
-2781
-1514
-724
-6829
-11400
-4914
-4492
-7417
-10366
-11068
-9952
-9401
-8805
-8171
-7786
-6968
-6661
-6683
-2812
-209
-617
-3333
-1169
4157
2387
4113
7551
4723
5281
9794
10568
6979
7961
8219
9465
11102
7714
5064
9668
5666
7190
7575
3578
9611
8432
7706
8099
5564
6366
6411
1305
4788
6302
2760
-2543
-3871
-5083
-5046
-5432
-4799
-5058
-5834
-4809
-4997
-4421
-5305
-6340
-1933
-2042
-4521
-787
20
-873
-1193
-2003
-2864
-4254
-1070
956
-1760
-2488
-2335
-2494
-3586
-572
-1610
-2464
-952
-6921
-6291
-2568
-4205
-2931
-146
5671
5333
4036
6944
2718
4062
3769
7408
4004
5587
4488
1353
4944
4231
2463
2477
279
1793
1396
-124
-2126
-2344
-3807
-4651
-3469
-2482
384
1555
-1336
-1286
3819
3762
4290
4448
5344
3530
3501
6657
4371
5217
3850
5684
4837
1189
1909
349
1575
-3190
-6206
-589
188
-4465
-4648
1379
1528
-4493
-5004
-1918
-1632
-1123
-4216
-6499
-3006
-2538
-7468
-6362
-4587
-4753
-6809
-10238
-7269
-4643
-6561
-3135
-6314
-4147
-2758
-4698
958
2589
-3339
-46
4655
4979
4609
4788
3685
6201
7888
5510
6441
11074
9545
8899
8188
7461
8847
6291
1264
7168
2359
1876
3864
4957
5354
2152
5423
3812
4371
4309
5186
2565
-4328
280
1740
-1183
-1274
-1378
-573
-3483
-6883
-6388
-7405
-7808
-9408
-10241
-9472
-9315
-12491
-9296
-9247
-10007
-4267
-7829
-6898
-2781
-689
-2211
1587
1587
-3930
1307
4240
5640
7834
7584
6879
9634
6698
7657
12127
10122
11635
8402
8154
9576
10428
9414
8910
11888
11751
10800
5216
6773
8225
5038
5983
5351
3716
3412
3980
2164
-888
-1519
-1739
-3963
-5097
-7523
-6574
-7007
-9514
-7993
-10168
-4335
-3272
-10046
-4397
185
-3581
-2422
280
594
-4803
-8420
-1431
1157
-1138
-2810
-1307
-641
-1875
-2173
-31
3460
3109
-2004
-3296
3577
4164
2149
-2568
1615
6242
-108
3942
4865
2931
5924
5213
5198
5710
5184
3496
1525
2060
1780
1865
952
-2513
-3141
-1678
-2212
-1178
-6138
-6704
-5004
-3147
352
-2944
-5716
-1836
-276
3139
-467
2822
3877
612
1958
5085
6409
5679
6486
5927
5584
7442
8067
2822
3796
2592
40
1398
2191
-1400
-4963
-89
-1227
-3243
-1577
-1536
-4139
-4882
-4258
-4195
-5953
-9193
-9677
-8872
-8364
-8858
-9092
-13347
-9857
-8205
-10096
-7235
-7821
-6778
-4872
-2599
1862
-1230
-491
3991
8057
6242
6607
10878
7375
4416
9377
8113
12050
10524
11479
11253
11048
8093
12553
11986
12380
10092
7449
9609
5227
8251
7169
3881
6914
4026
4097
3461
2731
1468
-2708
-2216
-5226
-6049
-6429
-3723
-5847
-6469
-4563
-7146
-12961
-12947
-10158
-9834
-12704
-15038
-14594
-12719
-10521
-6980
-6452
-7691
-4107
-5563
-1492
-12
3347
275
-5290
7802
10013
10923
12331
11357
10290
11236
13239
14181
14663
14688
10979
5300
9666
9457
12677
9344
9257
11935
10814
10879
4346
7793
6138
5244
4721
1803
3812
-1108
-1744
-1246
-2702
-2651
-4643
-9224
-6813
-8388
-7218
-9205
-10682
-8209
-7874
-2170
-6457
-4743
-288
503
-3856
-2528
-1221
683
4155
-518
-430
2100
6498
5864
3603
4093
2513
4348
960
2340
-1338
-3812
-4287
2469
3050
2357
198
2300
5592
4518
5066
4311
4185
5045
5415
3555
4101
4789
4528
3452
2187
2041
-1518
-2602
-2009
-5543
-4621
-5116
-5193
-2894
-2621
-4031
-1810
221
-821
-70
3439
6972
3012
4759
8602
6346
5114
6007
9187
10437
9246
9037
9546
4560
4935
6740
5354
6552
2357
897
3564
5312
3142
-2693
-2105
552
-927
-5914
-5983
-5970
-7769
-7354
-9066
-7372
-8202
-10590
-13335
-9147
-4067
-6101
-10626
-12371
-10107
-5956
-4822
-6721
-3472
-3186
364
2764
-147
2449
6814
7573
8279
12029
13391
9219
10784
12607
15612
15534
14403
9402
7673
11592
9422
11254
11658
8974
1727
3972
7675
7571
6150
2057
3152
1731
-482
-1329
-1640
-1112
1006
-1357
-4307
-1830
-8244
-9715
-7831
-7737
-9238
-11290
-12517
-11597
-13898
-14392
-11185
-10892
-11535
-9843
-9953
-8943
-5065
-4856
-3942
568
2357
796
3685
-49
1031
2286
4079
7623
3307
10011
10063
11134
12728
12054
6404
10259
11273
8163
8293
7000
5998
6426
5062
6345
5044
3405
4530
7121
6009
330
4811
2364
1007
-2438
-654
-1087
-1370
-4124
-2652
-4096
-7767
-11484
-10982
-7740
-8438
-7307
-9179
-3547
481
1635
2614
4177
5037
6555
6188
3806
6163
11656
6129
-203
5933
7477
7122
4849
4846
3399
2206
3963
2975
201
444
-2821
-2810
-1287
-538
-2374
-9121
-4535
137
-2653
-1618
-310
-3586
-2263
-3864
-3568
-2000
-407
-2129
-5231
-4098
-4789
-3947
-5574
-1880
-2216
-5143
-5007
-3788
-2511
-2588
936
1723
1691
4673
7104
6626
8739
9716
5302
5679
8589
10977
12823
11409
10423
11828
10921
9550
8021
7123
7149
1787
817
3474
1088
162
-97
-389
-845
-3536
-3368
-5029
-5788
-5026
-7744
-7372
-8647
-9950
-8966
-10318
-12212
-13251
-11780
-12105
-9738
-11176
-16118
-8335
-6864
-6837
-5924
-3027
3634
4683
7318
7979
8418
13913
12262
7847
8685
7683
14006
15279
16694
12767
12581
11953
10809
12075
11672
11195
12548
7594
6116
5095
4111
6402
3979
2664
2102
2111
110
490
-806
-2343
-4101
-3050
-5283
-6904
-7552
-11541
-9307
-10155
-9382
-11442
-13903
-9735
-11588
-12114
-13685
-8972
-9526
-11620
-12690
-7855
-3627
-6442
-4905
-1291
-180
-1924
815
4823
3786
3829
-1365
-201
9387
11522
7407
6399
9246
10694
8978
7330
10474
5876
3923
5759
4202
6685
5141
3290
4893
3486
1146
2510
1844
2284
2872
1755
229
-961
-135
-2468
-6718
-5215
-8061
-9906
-6974
-5898
-7874
-6943
-7227
-1610
-2632
-3963
1879
-4378
197
4847
4477
6274
4301
7414
5368
5661
6146
7106
7135
6388
5901
4650
4497
3655
3745
2814
2222
-776
-2763
-2088
-3375
-3591
-2548
-2098
-4455
-7787
-9441
-2864
-3435
-2533
-1226
-816
-642
403
63
285
3339
1066
3314
4501
4387
3392
2508
1539
879
1228
2365
867
-2426
5857
9444
3102
6687
10176
9611
8681
8973
8253
7205
9431
7489
9712
9938
8847
8560
7619
6107
6765
4759
5033
5640
-3256
-3491
-326
-1129
-4552
-3376
713
-3804
-9921
-9939
-4105
-3071
-8264
-10093
-11285
-8392
-8156
-9820
-6761
-5635
-7448
-7504
-3619
-2926
-4397
-10188
-6849
-1214
-4846
-5318
-3265
5848
3381
455
5360
9780
9228
7632
8518
8725
10196
7715
9722
10268
9224
10267
8525
8817
7364
5755
5939
4207
3122
102
3731
3927
2320
878
2002
931
1079
651
886
1276
-1480
-4641
-1483
-1585
-2896
-3069
-4135
-2310
-3482
-3330
-2520
-4280
-3503
-3306
-9190
-11173
-6642
-7837
-8098
-6586
-5338
-3644
-2750
-3163
1258
2073
-320
1961
1771
2713
2155
5079
2403
749
6146
6316
5928
5126
5917
7228
6919
7219
3779
1488
6276
5226
4993
4173
3973
5378
4545
3143
2833
4767
3843
3220
5616
5962
3397
2861
2252
2245
895
-1332
-2888
-6472
-3514
-5841
-4245
-5174
-1198
-1715
2522
4654
1303
413
7901
7760
3652
6777
5910
3544
2109
1256
4660
339
-4149
-1398
4232
3344
-1130
-1583
-1729
-1647
-6959
-9099
-8452
-6420
-8087
-7411
-5811
-6028
-4950
-9181
-7103
398
44
-2176
2011
712
2275
903
-1115
4750
4269
-1310
-5258
-490
1599
646
-1245
-2648
-1259
-128
533
219
3581
1055
270
6325
6097
6258
6645
7396
2875
2780
4253
4923
5810
4144
5327
4126
5937
100
1466
1991
-860
661
-3556
-4650
-3183
-2884
-4635
-3323
-1963
-612
-2776
-3351
-1695
-1107
-2690
-4061
-4668
-2698
-2804
-5224
-7408
-9743
-5231
-8645
-8842
-6432
-6029
-6767
-8836
-7701
-4108
-4017
2394
1690
214
7952
5735
9096
9535
9823
7566
5657
7501
8633
8609
7799
10022
7201
8471
9653
7199
9952
4974
8899
6267
321
1571
3837
5441
2541
720
5085
4455
2498
2129
1138
-1274
-1272
-38
-2527
-3531
-5800
-2361
-3222
-6742
-4154
-3964
-6315
-11155
-7130
-4877
-10594
-15444
-12834
-8851
-9913
-4741
-6288
-5656
-1228
-604
310
1823
1118
-1280
-7310
-2689
389
993
-2339
-3745
3134
3204
3262
3879
6891
6896
4841
7594
5909
7371
9295
8225
8163
9820
9049
9446
10505
10602
10080
7231
6336
4970
7108
5946
4577
4201
1778
2601
335
-830
-3118
-3908
-3904
-3719
-5342
-4215
-3995
-1611
-153
-2897
1925
2419
1829
2483
2386
-441
-290
-920
808
3510
-41
-1057
-1457
-2934
-1515
-1789
-1274
283
2599
121
-3021
-5270
-2698
-1864
121
-1723
-1151
-226
535
588
-7960
-3803
3163
-19
1109
1419
956
400
3605
-886
-648
-1317
-1579
-3290
738
-981
-2855
-4006
-5279
-3656
-3619
2370
-1377
-510
5572
4473
2476
3901
2831
2513
2311
1358
3673
2561
5738
4534
3850
6231
5615
6997
6157
6330
6320
5907
2582
-319
439
2357
4103
629
-2771
1673
2651
-6687
-7291
-3442
-1161
-4796
-6574
-4551
-5480
-5150
-8186
-7583
-5319
-7810
-11023
-11173
-9022
-9217
-12905
-15044
-11417
-3641
-2349
-4332
-2807
2615
329
133
6015
3633
4418
5989
6192
6887
5526
6294
7162
7289
9726
8463
8219
8581
9743
10800
5598
4450
7435
10105
9089
2413
1042
3240
2637
2270
2666
3241
3697
2498
376
135
-1397
-5857
-2043
-6390
-3352
-4519
-4539
-5062
-7694
-7784
-9447
-8893
-12481
-13074
-12434
-8038
-6472
-12198
-5628
-1976
-3689
-5016
-4909
-4724
-6426
-3858
-2967
-1765
-884
5156
3557
2345
7716
9019
4877
4819
9365
5533
4410
1891
3023
6312
6635
4861
5994
6865
5915
5282
5575
5893
3398
4135
3612
4389
3846
1820
950
385
672
-3012
-3372
-4724
-7722
-7215
-5539
-6963
-4802
-1303
-3275
-3370
-1144
1139
1547
393
1636
1527
-1108
-1606
3917
5461
2732
4630
7680
6490
1912
4016
7467
5434
3991
2099
-4146
-3662
-317
-53
1500
192
-1820
-3281
-228
904
-325
-3982
-5827
-1551
863
-46
-989
-172
698
-480
-937
336
-538
-2684
-1354
-2307
-980
-2700
-2166
-2465
-112
3867
-670
4446
6364
7513
6918
9928
10209
8905
10817
9820
13654
11058
10773
10978
10438
8094
6464
7587
3893
1503
3874
4769
970
-482
444
784
386
-1325
-2759
601
-216
-996
-2537
-3066
-3857
-5117
-4891
-6604
-7039
-11393
-8932
-9993
-9309
-14227
-11207
-10672
-16479
-17417
-14914
-10998
-15129
-9777
-7512
-2682
-3913
-1729
5583
3304
8293
4912
6519
11341
16441
10906
13089
16633
15828
13375
12900
8308
11375
9689
9319
9373
11565
4159
9833
9809
9969
8656
6892
7295
4984
2833
-878
1730
242
-4258
-4478
-1983
-4441
-7336
-8332
-7722
-8968
-8992
-9349
-13820
-10922
-10783
-12428
-13279
-12662
-8615
-11449
-9937
-6333
-6355
-1003
-750
571
851
4054
2746
2987
7798
8592
7469
6146
7749
3949
2616
1635
3136
6727
9418
6857
8745
8086
5322
9410
8431
8785
7627
5202
4063
3266
3720
4508
3479
2018
1912
-749
918
1435
-2999
-4189
-7148
-7134
-5226
-8206
-8236
-7481
-8937
-10293
-8758
-8404
-4812
-939
-3137
1853
4883
5747
6466
9938
7079
6998
9478
9889
10689
2590
6688
9568
6153
4653
2145
3447
4443
3619
4624
981
-5502
-5438
-1512
-478
-2783
-2476
-4598
-6751
-7288
-7632
-9242
-8091
-8941
-10823
-9291
-6207
-5824
-7165
-2221
-3371
-3732
-3678
-3592
-2938
-3391
-3254
-3913
-1504
-1273
-900
5590
4873
3976
8596
9897
9017
11429
13344
12978
5842
3845
13694
10890
9611
9796
7585
5920
5451
5739
9278
4442
4817
4313
986
-1544
2315
2831
1626
2416
-897
-2027
-4135
-2959
-3905
-5933
-3263
-3162
-10735
-8714
-3001
-6073
-8738
-9744
-9601
-9786
-10837
-11451
-8382
-6465
-8931
-9991
-6608
-4033
404
-5424
-3208
2225
4013
6361
5664
3808
5625
6969
7496
12424
11313
10444
9668
11338
10260
11041
9371
8362
10158
10156
7814
5342
7595
7213
5440
5252
5448
3305
4040
3170
2422
1321
-1423
-3756
-2396
-2540
-6268
-6916
-5602
-6192
-8313
-6950
-9292
-4850
-5108
-5532
-10210
-4923
-4573
-4729
-3744
-522
2003
-117
3348
-905
1934
6993
3890
-1173
-3135
3443
4565
5474
4465
3529
-181
-1125
-979
3963
-259
-1834
-3191
-10
-353
-1308
1233
2685
3544
2176
892
696
1224
-246
-523
757
19
57
874
1540
-458
-1300
810
1686
-356
1137
-546
-2853
-797
680
-1041
-455
1039
1796
5715
-1300
-1871
5870
7053
5324
5943
5820
1631
5205
7338
5432
6744
3445
5069
5331
6696
4131
-2583
774
411
764
-4543
-5919
-3567
-1529
-7467
-10379
-10144
-7268
-7758
-5790
-5209
-5789
-8222
-7701
-5171
-5728
-7518
-9930
-7433
-1428
-2177
-1679
-379
470
872
1033
1185
3700
3290
590
-475
2906
9660
5933
9703
12961
13106
9033
11791
10436
9768
9201
11638
12444
11106
9635
9486
9737
10139
9310
5747
5363
5781
2852
-987
-122
2027
-820
-601
-405
-2063
-2827
-2553
-3302
-3228
-5302
-4617
-3347
-4391
-3500
-3272
-3728
-4867
-4559
-3322
-5389
-5703
-7073
-7369
-7229
-10240
-7049
-6634
-5348
-1038
-2902
-1238
5546
5103
3686
4820
6946
5675
6358
11551
9824
11246
10860
10375
10015
9767
9078
8218
8430
9089
11199
5828
5218
2979
3541
224
1937
1260
826
1062
3852
3369
2132
-879
-1904
3849
-332
-6380
-3334
-2844
-2973
-4232
-3539
-4701
-5123
-7948
-7034
-7447
-9085
-6003
-6903
-6219
-639
1065
-3705
1820
6329
5321
1609
-157
3901
2903
359
448
3032
1426
-2048
-4465
367
96
678
-905
1577
-1078
-5441
-7832
-7695
-355
762
-2220
-403
100
-396
2592
1755
4130
7019
3932
4069
4354
5149
5060
1793
3172
4426
161
1117
1478
895
405
-638
-513
1692
-937
4355
6993
483
3839
5567
7391
6286
5647
4783
4572
3858
4029
4014
5033
2868
2322
1257
4402
-17
-472
2229
1592
2971
-5390
-7314
-4109
19
-2249
-3667
1501
-2315
-2106
-932
-1186
-6121
-6338
-7031
-4065
-2513
-2890
-3175
-3448
-2856
-4721
-5662
-2934
-3292
-3794
-8372
-6877
-5935
-1201
-4496
-2537
2207
1063
27
5660
6535
6902
7715
8681
7043
7043
9167
10904
9651
10356
10204
8834
8166
7231
8719
7264
6231
5554
3001
361
1920
3949
3306
1013
814
1376
1615
-1606
-189
3707
3063
-2416
2109
1182
-1217
-317
-3883
-754
274
-5811
-9436
-4727
-3617
-5692
-8918
-8737
-7102
-7713
-1985
-3272
-4888
-763
-1433
-5881
1551
-1200
-5425
-8496
-2623
4113
4358
354
2972
2845
2816
6196
3258
7234
8056
5023
4221
2689
7654
9331
8077
7770
8690
11708
10549
9271
8950
7408
8099
8655
4767
4756
7648
2319
-269
2536
1693
1029
1282
-411
-2735
-2111
-3260
-3618
-5345
-2892
-4160
-4554
1704
-2227
-788
1271
2340
2533
1204
1152
912
-412
-59
-1921
-3194
835
-1234
-2638
-3411
-4203
-4786
-4587
-5523
377
-4358
-8746
-4233
-4886
137
-4382
-3363
6283
6227
2835
2745
5574
4514
4449
5262
6258
5187
2393
6842
5492
5228
5605
4309
3439
892
-14
1138
936
1288
2037
7007
4072
3329
7433
6568
7384
6843
5533
5252
1941
6666
5579
4873
6681
6131
823
3780
3155
647
-893
1970
804
-1499
-1838
2436
546
1453
2353
2043
-2671
-5317
1260
1014
-3599
-2945
-2585
-2550
-2721
-5256
-2012
-2465
-6406
-8073
-7782
-4696
-5981
-8795
-12489
-6006
-1707
-5325
-4352
-4100
220
851
-2384
-99
5579
4621
3189
7319
6221
4982
6517
8556
7689
9167
9573
5629
5188
8533
7669
10708
6973
4822
6516
3495
3925
6711
7181
3378
555
2504
1350
573
249
589
-2814
-558
-1471
-3915
-3513
-4685
-4799
-6934
-7807
-8391
-9239
-8561
-10207
-11430
-10152
-11518
-11281
-11255
-6639
-6071
-9975
-7935
-4206
-5291
-4540
-1106
-2672
-3745
-3657
-1156
-1259
93
-2953
618
5897
4870
6814
6149
7593
8016
10282
5731
4941
7962
5430
7681
7142
6531
7643
6364
4813
5430
7411
6053
2408
1007
787
-745
-1530
-1906
-2695
-1523
-4188
-4375
-3828
-6339
-6207
-6239
-7442
-9188
-8943
-6809
-5083
-5179
-3892
-3713
662
359
1577
3797
3031
2152
-1249
3363
7588
5878
2782
5852
8191
5567
3345
6515
5061
7363
1752
-4237
4225
3376
2334
-2410
-316
2251
683
-3833
-4902
2371
2201
394
1139
1252
153
838
295
1752
838
-2507
-2699
-2143
-1845
-3978
-6161
-6037
-5978
-5114
933
1587
-768
-1241
3549
5484
3663
5780
1985
1839
2414
7489
7728
6025
9077
7141
10022
11524
6477
7439
10018
6369
8221
3466
3952
4659
4156
3587
3851
4619
3149
3016
1244
-2216
136
-5222
-5800
-2792
-2280
-7028
-9195
-9675
-9253
-10272
-8686
-13012
-10560
-16593
-12593
-13501
-14218
-13233
-15782
-8109
-3278
-7370
-3158
-1010
2568
5135
3447
7382
8273
6612
9350
10555
11669
11326
13473
13926
14958
15431
11012
13225
12741
12812
11696
6410
7195
9534
10504
7821
8000
8354
7640
7200
3179
2740
3161
1880
1398
-841
50
-1691
-2031
-3800
-4666
-5534
-8480
-7447
-10252
-8744
-11745
-10689
-10307
-11356
-6953
-9872
-6304
-5479
-5883
-6782
-2111
4026
-3866
-139
4845
1698
3872
1178
2009
6005
4486
-4502
-1940
4290
5140
5288
3791
2287
2598
9994
8542
5555
4710
8044
7705
2777
4124
4673
5762
4447
2868
2855
3222
1012
-48
-686
-3308
-4172
-4179
-4171
-7530
-5763
-6596
-8553
-6847
-6150
-9488
-9724
-2016
-5938
-5788
1760
4510
4105
6052
7114
6265
6068
8072
3710
4697
-690
2121
3514
5525
3326
258
4439
-177
2623
-1083
-5762
-1455
-381
-2852
-3568
-1096
-3271
-4248
-4828
-6288
-5149
-5773
-8557
-7510
-3876
-3987
-3606
-4604
-3473
-2027
-2880
-2428
-2281
-2805
-1606
-974
-2480
-2138
-1593
