2
8
18
0
52
-17
16
-21
-40
0
0
16
-9
26
0
-26
-30
12
63
-18
9
13
-18
15
-19
-35
-9
-29
8
15
1
-35
87
-22
-6
48
-32
-26
19
-27
3
3
4
7
30
7
-77
62
-8
-45
32
-3
-24
2
31
-57
39
18
-27
-8
7
-55
8
64
-23
31
31
-49
47
-18
6
-19
0
-3
0
-15
-41
48
-39
-3
31
-17
-27
60
-55
8
41
-34
50
-23
32
-47
45
-12
-19
35
-15
-26
7
0
-61
9
15
-9
47
-11
0
28
-39
-19
0
0
18
72
-34
22
-8
-11
5
-23
-22
0
17
-34
22
-37
-31
23
1
-13
49
-15
-24
62
21
-4
2
-30
32
-12
-9
22
-43
19
-53
-21
-4
-25
40
21
-27
25
-61
99
-79
40
82
-115
166
-84
-3
48
-49
25
-89
58
-35
-54
5
-7
-86
147
-60
2
58
-41
93
-68
76
31
-116
107
-65
-37
26
-83
41
-7
71
-27
-49
77
-98
33
45
-88
15
18
15
-37
49
21
-115
136
-6
-71
94
-40
61
-46
74
-91
30
-54
5
-148
96
24
-169
255
-215
220
-76
29
6
-53
60
-66
3
18
13
-37
163
-232
173
-70
-53
134
-219
206
-62
-63
195
-279
180
-13
-104
144
-120
34
-21
-89
167
-199
114
141
-279
366
-162
-93
251
-265
133
38
-271
382
-291
-13
320
-482
383
-115
-234
432
-458
277
67
-295
429
-400
169
117
-280
267
-119
-156
351
-384
84
359
-592
661
-301
-236
668
-742
329
174
-679
842
-459
-184
667
-778
474
30
-456
589
-372
-92
553
-714
380
214
-626
672
-336
-167
530
-553
248
324
-596
510
-101
-501
685
-548
-70
663
-872
575
214
-950
1121
-521
-414
1202
-1227
572
474
-1253
1152
-381
-747
1373
-942
-150
1216
-1543
867
343
-1331
1455
-496
-784
1559
-1353
14
1361
-1897
1153
490
-1731
1860
-590
-1212
2137
-1567
-227
1971
-2189
817
1246
-2490
1948
-160
-1786
2509
-1437
-635
2309
-2227
332
1887
-2859
1701
839
-2878
2915
-606
-2272
3457
-2194
-1064
3702
-3661
901
2965
-4587
2752
1374
-4810
4267
-456
-3722
5193
-2344
-2242
5260
-4476
-285
4672
-5664
2130
3655
-6111
3859
1709
-6055
5124
-174
-5163
6193
-1890
-3917
6823
-3906
-2389
6666
-5771
-275
6073
-6764
1854
5183
-7478
3422
3563
-7837
4915
1919
-7048
6140
367
-6128
6599
-1210
-5265
6597
-2144
-4287
6453
-2550
-3413
6251
-2896
-3031
5993
-3314
-2888
6035
-3496
-2343
6036
-3528
-2159
5703
-3530
-2159
5582
-3674
-2190
5686
-3674
-1721
5574
-3584
-1591
5041
-3446
-1773
4880
-3088
-2056
5160
-2915
-2154
5259
-2822
-2628
5525
-2827
-3303
6175
-2981
-3643
6990
-3189
-3858
7678
-3792
-3907
7973
-4485
-3779
8016
-4562
-3369
8156
-4447
-3360
7782
-4299
-3534
7508
-3952
-3934
7444
-3205
-4271
7564
-2625
-4762
7302
-2197
-5426
7125
-1505
-5917
6799
-388
-6549
6915
442
-7059
6389
1011
-7550
5746
1932
-7768
5229
2826
-7576
4290
3964
-7530
3014
4800
-7484
1575
5968
-7360
280
7293
-7067
-652
8269
-6640
-1965
8694
-6195
-3377
9066
-5194
-4655
9369
-3730
-5959
9647
-2393
-7449
9589
-1533
-8723
9377
-463
-9074
8700
1042
-9255
7619
2569
-9275
5844
3917
-9406
4121
5339
-9012
2435
6708
-8231
665
8147
-7632
-1032
8604
-6814
-2834
8900
-5435
-4328
9198
-3853
-5413
8934
-2096
-6603
7913
-360
-7683
6672
1696
-8448
5506
3475
-8417
3993
5124
-7984
1791
6580
-7607
-257
7854
-6979
-2019
8575
-5667
-3484
9154
-4231
-4867
8600
-2707
-6051
7561
-832
-7023
6423
1199
-7339
5126
3210
-7548
3416
4739
-7346
1578
5908
-6805
-418
6932
-5688
-1984
7553
-4347
-3364
7220
-2595
-4892
6561
-994
-6024
5799
858
-6624
5016
2325
-6677
3670
3589
-6180
1876
4202
-5167
40
4504
-3682
-1662
4676
-2127
-3123
5016
-915
-4162
4576
317
-4932
3965
1325
-4989
2781
2369
-4500
1517
3210
-3829
210
3497
-3137
-832
3502
-2243
-1564
3120
-1047
-2232
2755
105
-2804
2294
1032
-2936
1487
1668
-2673
483
1994
-2034
-353
2174
-1362
-955
1932
-507
-1488
1579
287
-1806
1055
958
-1815
378
1503
-1564
-353
2081
-1336
-832
2040
-832
-1270
1712
-101
-1691
1359
573
-1931
1049
1112
-1949
618
1497
-1847
83
1757
-1750
-234
1748
-1268
-584
1641
-745
-850
1256
-41
-1104
794
626
-1315
422
1028
-1390
5
1363
-1047
-656
1837
-821
-1206
1980
-549
-1569
1965
-269
-1825
1793
100
-1860
1409
724
-1967
1071
1204
-1969
557
1553
-1999
133
1841
-1937
-161
2093
-1755
-456
2236
-1551
-693
2069
-1288
-997
2038
-936
-1014
1863
-606
-965
1278
-172
-943
806
321
-981
276
864
-1054
-120
1264
-1085
-322
1543
-1142
-388
1403
-946
-617
1442
-701
-682
1327
-604
-544
981
-327
-530
627
31
-640
435
302
-705
247
448
-587
86
521
-534
-40
580
-492
-29
392
-301
-76
190
0
-294
233
112
-379
321
132
-380
276
85
-367
287
-76
-163
276
-225
143
69
-187
143
-60
-186
278
-89
-241
429
-240
-152
366
-216
-138
343
-177
-214
379
-212
-154
446
-284
-35
279
-184
-155
260
-94
-198
348
-222
-147
366
-224
-105
317
-232
-31
192
-210
-118
466
-382
-44
565
-542
103
416
-573
74
509
-656
60
617
-613
-23
660
-599
-32
643
-567
-51
534
-492
-212
687
-433
-320
799
-431
-270
621
-209
-425
651
-142
-537
633
-166
-522
513
28
-561
503
206
-591
363
286
-585
369
141
-487
187
205
-420
101
362
-374
7
410
-296
-76
357
-321
-73
335
-280
-35
274
-191
-120
255
-3
-188
201
-14
-272
223
94
-308
303
19
-349
305
-27
-326
251
51
-313
268
117
-351
359
63
-373
317
-5
-403
307
13
-360
480
-140
-137
259
-103
-121
117
-50
-101
123
-131
32
60
-63
103
18
-114
146
-101
-45
114
-101
15
91
-102
-44
164
-101
-17
203
-191
4
104
-178
-13
110
-37
-83
201
-94
-82
136
-42
-121
226
-49
-123
147
-96
-49
-10
140
-186
97
116
-208
161
-12
-147
117
61
-251
192
33
-147
99
90
-144
-13
167
-178
70
68
-73
-77
127
-43
-111
100
3
-151
196
15
-122
162
-2
-214
169
-7
-191
207
-1
-168
166
26
-224
194
-30
-168
231
-63
-129
255
-204
-39
120
-158
-13
212
-92
10
196
-203
86
41
-155
-32
165
-189
-33
252
-254
10
271
-213
-39
321
-284
-41
203
-150
-153
340
-169
-189
465
-280
-59
257
-147
-164
321
-140
-202
327
-158
-209
314
-62
-283
426
-171
-169
292
-146
-73
184
-78
-132
190
-103
-119
248
-155
-12
146
-103
-63
133
-122
-27
240
-191
66
112
-167
13
49
-122
-8
134
-90
-21
140
-83
-80
162
-121
-3
184
-128
-23
108
-124
-50
165
-102
-28
138
-73
-108
112
-16
-132
187
-16
-119
142
-36
-103
96
15
-70
-3
16
-73
36
37
-8
61
57
-48
-19
5
-22
-77
27
1
-20
-8
38
-31
-27
93
-50
-38
106
-60
22
49
-6
-42
50
-10
-124
150
-50
-117
131
21
-170
123
8
-109
60
41
-116
47
85
-142
57
144
-108
-32
175
-184
-4
180
-146
36
117
-107
-27
27
-73
-115
77
5
-120
216
49
-116
161
-72
-88
60
7
-83
57
1
-35
-6
71
-102
24
110
-95
-12
90
-81
-16
124
-66
-29
18
-22
-112
115
-19
-38
92
-3
-69
45
40
-91
79
35
-57
-10
56
-108
-12
83
-58
-14
100
-68
5
104
-115
52
7
-28
-12
-8
-6
-66
46
-9
-19
60
42
-91
111
-4
-13
0
-22
19
-90
44
-50
40
48
-37
48
22
-46
-12
-12
-27
6
-40
82
-10
-53
73
-72
-21
31
-2
-6
73
17
-25
56
-21
-13
-13
-11
-34
-12
4
-5
-17
27
-14
-13
14
39
-41
37
-3
-65
69
11
-45
15
-5
-82
49
37
16
39
61
-35
-40
-9
-34
-100
56
-34
-8
157
-74
11
9
-25
-44
36
-17
-68
120
-41
26
9
56
-21
-9
-10
-43
-44
25
26
-46
89
-32
-45
-7
-28
-26
78
-7
16
53
-7
4
3
-31
-11
-26
3
-10
-52
9
10
10
34
4
-33
45
-1
16
36
24
-27
-37
-28
-42
-67
41
-30
31
74
-40
87
-23
29
-40
13
12
-46
-9
-5
-39
-13
27
-30
25
35
-45
38
61
-31
20
33
-78
16
0
-43
4
18
-48
-13
37
3
-36
139
-41
-5
48
-69
-27
-1
-57
-3
80
-72
61
38
-80
94
-18
18
11
-37
-17
-4
-20
15
-16
9
-41
26
-53
1
40
7
12
102
-66
-15
39
-69
-9
3
-46
26
67
-110
74
23
-53
67
0
12
-47
61
-39
-34
58
-46
0
-8
-60
-28
53
-26
45
51
-54
32
-14
-52
50
-2
-3
44
-18
25
-21
7
-5
6
-26
12
-15
21
-12
-14
14
-14
-19
-24
-52
10
-29
55
84
15
-4
20
-10
-47
-8
2
1
54
-32
13
-41
0
17
-16
27
-42
20
-13
15
0
-40
51
-39
30
-27
0
-47
48
1
-44
45
-25
-6
80
-28
-16
71
-54
16
31
-46
21
5
-25
-40
45
-53
-29
38
-1
-25
15
-26
-11
26
-38
63
56
-11
1
-15
0
-18
0
25
3
4
6
-4
-59
27
-20
10
-15
-8
-20
1
-1
-53
99
-34
-19
45
-2
14
31
14
11
-62
24
-47
19
-11
-28
12
14
9
-7
-42
-10
-3
33
63
-15
-7
19
-86
47
-11
-56
44
23
-16
26
-14
-3
25
16
-58
13
-19
-30
38
3
1
16
-12
26
-35
9
35
-34
29
-6
-39
0
-33
20
-22
38
-3
-14
45
-47
62
22
-32
23
-22
-30
-9
18
-28
-33
38
-1
-26
53
-53
17
6
4
40
-1
-27
41
-30
24
-26
-38
-1
-7
-5
4
17
0
25
-1
7
-3
-17
-2
-65
59
-16
-14
95
-83
53
-46
-14
7
-16
41
17
7
20
-5
-12
-32
-11
-25
37
-28
-14
10
-59
0
12
31
45
9
48
-10
3
-5
-18
-31
17
-32
-25
26
-60
-7
40
-41
29
49
24
-6
-8
-18
-39
40
-48
65
-45
19
-4
12
24
-13
-6
-23
21
-21
-11
10
-25
8
27
-31
28
48
-85
38
15
-49
13
77
-48
-24
21
-65
-47
115
-83
38
68
-77
59
7
-11
-26
16
-19
-55
53
-14
-25
27
-38
17
-1
52
-36
5
41
-59
52
21
-10
-44
18
-22
-51
52
-35
-9
16
20
-51
105
-51
-2
49
-53
52
-22
28
-62
0
-27
-8
15
9
-23
17
31
-34
47
30
-50
32
-10
-21
-32
26
-75
75
-17
-35
75
-27
-27
3
24
0
12
3
-6
-12
18
-13
24
-27
-12
-6
-10
-28
41
26
-39
38
-35
17
-8
-46
63
-19
19
-34
1
22
25
24
-18
18
-28
-18
-7
-11
21
-51
3
-33
-13
14
-19
82
5
11
34
-11
-1
-15
-50
61
-21
35
-29
-22
22
-30
15
-24
14
-8
-26
-8
-15
29
9
14
0
22
-10
-14
39
-6
0
11
-12
13
-3
-7
-44
7
1
-66
39
-31
20
35
-18
37
-9
48
-30
20
-22
-24
-7
1
-14
-4
29
-28
29
2
9
-1
9
0
-17
-13
-13
-10
0
-1
-15
48
-17
32
-5
17
3
-2
-37
14
-25
1
8
22
-32
-13
49
-63
57
-16
-9
25
-2
-38
42
-26
-7
-22
10
14
12
31
-42
11
-25
21
34
-6
-12
-44
10
-29
8
2
-9
19
4
25
18
-8
7
-1
13
-18
-21
20
-45
0
-5
3
-3
16
11
-22
58
-38
46
-58
22
-24
-15
-21
-8
30
34
14
-24
41
3
-13
-1
-32
23
-34
6
-7
4
-40
-8
29
6
10
1
-30
46
-50
49
1
-8
7
6
25
-18
49
-44
-25
11
-52
31
1
-55
-1
3
-17
7
49
-40
24
33
12
-19
73
-101
60
45
-74
63
-43
-20
-3
-47
-45
35
-55
11
61
-7
36
2
17
-40
46
-55
18
44
-49
33
0
-52
36
30
-35
-4
-26
-38
1
2
-1
31
62
-51
43
13
-77
54
-19
5
-17
22
-75
20
-42
-6
55
11
28
18
-15
-25
1
-1
13
-37
57
-21
-7
6
-22
-51
39
-11
4
85
-72
7
-23
16
-8
-11
6
0
-12
40
1
-26
64
-32
-1
52
-38
-38
3
-3
2
17
-10
-11
-3
-26
-15
-6
17
-2
64
38
-48
2
1
-43
-8
73
-88
41
44
-35
1
42
-19
-38
75
-74
6
4
-28
-37
31
-26
-37
86
-39
61
23
-78
72
2
-78
110
-29
-28
27
-58
-21
51
-22
-31
25
12
-51
60
-63
16
50
-22
35
-20
41
-63
0
-32
-21
36
-3
-16
62
-32
7
43
-44
33
-15
-59
62
-33
17
25
-13
-10
-24
-45
32
-22
20
-51
36
60
-33
24
-1
-27
15
9
-41
21
23
-29
20
-1
-21
-4
-2
7
15
12
-25
-21
5
-6
-24
27
-14
-25
32
-23
22
41
-37
41
24
-25
0
1
-35
-29
5
2
-18
49
6
-28
26
-16
4
0
-7
-28
-1
-43
48
-17
-2
34
10
-2
47
-38
-1
11
-16
40
-44
8
-20
-26
9
-19
-5
-7
-27
40
-15
24
66
-25
29
5
-26
-45
35
-74
54
7
-31
38
-42
26
-3
-30
9
13
-24
37
8
-81
58
11
-58
109
-58
23
-26
13
1
-37
25
-11
-9
31
-45
-7
24
-58
39
44
-50
25
-5
4
35
1
-51
64
-41
1
44
-24
1
-8
-23
-39
41
-49
-18
51
-51
22
73
-116
95
-17
-16
60
-45
40
-50
43
-18
34
-34
-24
27
-28
4
12
-36
-14
28
-40
-12
81
-52
-4
50
-25
-12
33
-16
-8
39
-6
3
35
-18
-23
-30
-16
-1
31
-17
-17
67
-66
23
-5
-23
18
-26
32
19
0
-16
-2
-71
32
27
-34
49
-15
-11
41
9
-1
14
-14
-40
50
0
-61
1
8
-39
27
0
-4
-39
75
-80
31
54
-88
48
67
-79
35
55
-94
48
18
-24
41
22
-6
-18
-12
-53
-8
-14
-14
6
-32
47
1
15
-12
21
-31
28
1
-20
48
-44
85
16
-53
19
-23
-14
-51
43
-41
47
-5
-16
36
-65
-12
21
16
-3
5
-9
4
-43
16
26
27
20
-3
13
-14
-28
31
-52
20
16
-38
27
-23
-12
-30
27
-33
26
48
-51
93
-17
-21
-6
-1
-42
10
-6
-25
2
-5
54
-18
16
-8
16
15
30
-24
4
32
-38
-13
0
-53
-32
13
-22
-5
54
-16
4
42
-41
41
-9
-10
13
-24
41
3
-8
30
-24
18
-43
6
-26
-8
10
-48
24
-5
3
-4
-8
29
-28
28
41
-71
96
-35
-15
59
-71
37
-3
0
-73
11
40
-87
58
27
-65
71
20
-106
55
-17
-13
35
30
-7
-46
64
-77
3
79
-77
54
3
-13
-15
8
-1
-36
32
-12
-53
38
34
-53
80
-2
-48
-1
21
-61
9
63
-58
44
26
-55
1
58
-47
-9
-6
-32
5
60
-24
17
20
0
-28
12
-14
-16
4
-22
44
-67
47
-34
1
23
-31
56
-25
16
-7
22
11
-19
21
-58
1
-21
0
12
39
-3
36
-22
-47
14
-33
22
11
-12
0
15
-10
12
-16
-14
20
26
-14
1
-7
10
36
9
-56
11
-32
-22
3
-28
15
4
37
30
-42
-1
5
0
45
-11
-29
26
-1
9
6
-3
-58
14
22
-24
0
-10
-40
37
-12
-10
8
-9
10
26
14
-10
32
7
6
14
-32
0
-36
-16
-22
17
-28
51
-3
-9
13
-37
13
10
-15
15
17
-8
13
-14
38
-47
12
15
-60
37
-2
-17
56
0
-20
-20
8
-73
33
-9
10
8
49
-20
17
-4
-26
35
-45
62
-22
-7
3
-77
20
34
-6
12
12
-54
19
8
-38
43
15
-24
61
-37
-13
-33
-7
30
-17
22
-6
-14
3
-3
40
5
-16
-3
-23
10
-22
-2
11
-14
16
6
-15
14
-25
62
-2
-10
16
-48
-17
-14
21
8
16
-12
-19
-9
40
-21
13
1
-5
28
-32
2
22
-39
16
15
-22
-8
17
-8
-34
38
27
-41
24
-17
-35
67
-19
-34
3
-8
-18
44
13
3
-12
28
-4
-34
-11
-3
-18
28
23
-27
8
15
-35
22
-13
-43
59
-56
14
51
-59
58
-15
12
30
-41
-11
-18
12
5
-19
20
-14
-48
11
13
24
-14
27
25
-11
15
0
-52
5
20
-55
36
11
-37
26
-22
13
-16
14
21
-19
-8
23
3
41
2
-71
36
-53
-31
41
-33
26
37
7
-22
-9
5
-19
24
11
-30
12
0
-13
20
-4
10
23
-23
7
-19
-20
22
5
-18
-9
6
-32
16
-5
-13
8
8
12
14
48
-36
52
-1
-34
-7
-43
17
-10
-5
-20
17
-23
5
26
-24
44
-7
-26
14
3
-32
1
24
-19
10
36
-19
-10
35
13
-20
24
-52
23
0
-4
-29
-14
-10
-12
16
-24
-14
9
29
5
59
25
-14
8
-23
-30
-8
-2
-23
43
-1
-17
-17
-22
15
-10
-21
42
26
-12
9
9
-1
-3
-16
-17
-9
-3
-30
32
7
-7
58
-47
39
-33
13
3
18
2
-50
29
-56
0
-51
62
2
38
31
-55
26
-14
13
-23
-19
60
-35
24
-11
-51
45
-35
-15
28
3
16
3
9
-39
-3
18
-32
2
32
0
-13
39
7
-5
-2
-28
-9
-17
28
-19
-13
23
-31
-13
28
-25
9
61
-75
78
2
-7
45
-26
-34
8
-14
5
-43
15
8
-31
28
-30
-22
22
-8
18
48
5
0
-8
17
-36
23
-11
-19
-22
10
29
-52
37
-51
14
52
-9
-23
22
-27
6
27
-20
1
1
-37
-34
-3
27
2
66
47
-51
-1
-16
-20
-13
42
-51
0
50
-19
28
-23
-20
-31
34
5
-24
45
-9
-35
59
-41
-31
61
-37
-13
54
-20
-30
43
-19
-16
38
-17
-17
-15
32
-14
-1
22
-59
10
19
-25
8
22
23
-16
55
-25
-33
-12
-5
-35
12
50
-42
63
3
-18
11
-8
-34
-22
36
-15
9
18
-23
-17
-5
-24
-29
63
9
-1
50
-17
2
20
-34
2
24
-27
34
-28
-43
17
-40
-30
20
-7
21
35
17
-36
61
-10
-30
29
-29
6
9
14
-9
-13
15
-56
24
10
3
-6
9
-44
-6
36
-70
62
1
-7
47
-42
10
-27
16
56
-68
75
-20
-50
40
-11
-20
16
30
-67
1
57
-70
4
22
-64
37
58
-52
81
-20
-47
43
-14
10
-29
8
-21
30
8
-5
-22
-4
13
-51
36
5
13
13
-36
9
-4
-14
4
-13
21
20
-23
18
-7
-15
70
-45
22
18
-53
49
-34
-7
-50
-11
28
-24
35
-3
-60
52
20
-49
83
2
-34
34
12
-30
-25
29
-34
25
33
-69
16
-23
1
-15
15
7
-33
44
-10
-12
11
5
14
47
-33
-26
-63
59
-15
32
29
-4
20
-3
-40
-36
-17
-20
5
13
-27
8
36
-14
19
22
-37
24
39
-29
26
-32
-41
38
7
-10
36
-38
-14
10
-22
-29
-4
20
4
50
-37
-10
24
-51
27
3
23
-21
22
8
-39
31
3
-11
42
-41
-18
-9
15
-29
17
-9
-19
6
-13
33
16
28
-23
-3
8
-23
-20
-28
24
5
36
8
-4
27
-26
-22
-5
-27
-16
6
38
-18
-7
4
-42
40
4
15
9
9
22
-39
37
-10
-22
25
-25
-34
3
-41
-20
-9
0
1
44
51
-30
58
-25
-8
41
-49
4
-7
0
13
-39
50
-25
-19
21
-31
-37
36
-21
-30
52
-4
-26
35
2
-54
68
11
1
42
-14
-40
29
-25
-6
-3
-20
13
-47
1
4
-4
2
-18
7
26
3
12
16
-2
13
4
-36
18
-31
15
-23
5
12
13
8
2
-9
-23
1
-35
47
-22
8
-22
-27
9
16
27
21
-19
1
-15
-30
34
11
20
1
6
-50
8
28
-17
29
-17
-13
-27
12
-21
6
18
-16
-9
-25
-28
-2
39
11
28
8
-14
23
-6
31
0
4
-33
0
-7
-32
-5
17
-12
-3
41
-69
18
0
-11
15
-14
6
-13
2
8
14
36
27
-2
12
-27
-30
-16
45
-22
34
-9
-70
19
-28
1
40
-39
19
23
-75
34
8
15
7
4
-6
1
-3
6
-14
0
7
-4
-13
38
-46
12
40
-5
-3
9
-49
-24
1
-21
5
27
9
-1
11
-21
-13
35
4
11
23
-8
-44
3
-1
-29
48
27
-23
-1
-15
-27
7
1
22
-42
12
-12
-28
46
-26
33
14
-9
22
-14
26
14
-5
-6
-45
6
-14
-40
-32
5
17
31
-2
19
17
4
28
-24
32
-9
5
-33
-22
-37
-15
39
-27
-9
69
-40
4
29
-55
30
43
-44
45
1
-47
5
5
-5
-11
51
-56
34
19
-49
1
12
-14
19
11
-28
-2
0
0
-26
21
11
19
-1
-4
-64
7
10
1
43
15
-4
-8
19
-33
30
4
-19
8
-45
13
-31
-25
12
-3
3
6
20
-6
30
11
5
-22
4
-13
11
0
5
29
-1
-31
-5
-31
-13
5
-5
-14
25
14
-18
61
-46
7
24
-8
26
-26
-28
-7
-6
-6
5
39
-46
31
-31
35
5
-1
22
-33
48
-33
2
0
-22
-36
-13
0
17
9
-7
5
-6
16
5
61
5
-7
4
-16
-31
-5
-20
-33
5
20
-21
36
0
-31
30
-31
41
-6
-2
20
-11
13
14
-7
13
10
-31
-6
-15
-12
3
-25
14
-33
-5
5
-50
43
22
58
39
5
21
-48
-10
-43
17
0
-20
12
-43
4
-14
-10
7
9
47
36
-11
20
-16
-19
-25
-9
-23
-4
29
-14
0
-2
-2
25
0
0
13
-13
35
-21
18
-8
-8
-7
-1
-13
12
19
-41
18
-16
-9
-7
-23
-5
-4
11
20
7
51
11
6
19
-16
1
-18
-2
-24
-12
2
-32
-16
22
0
-2
11
1
-10
23
-3
17
-3
0
-27
2
10
-4
-3
1
8
7
28
-30
4
-3
-28
47
-21
-5
-4
16
-19
0
5
-20
20
-36
0
15
-4
-3
25
-28
-16
41
-8
38
13
-11
-8
-16
2
15
0
10
-43
-24
-10
-13
18
-3
11
45
-15
-2
-9
-4
-3
4
-3
10
-14
4
-16
4
25
11
-13
27
-1
-23
10
-25
3
0
5
-21
7
-1
-9
46
-24
-2
-13
-20
-3
-31
26
5
17
28
-15
14
32
-29
0
11
0
-8
7
-2
-40
37
-36
-9
-19
0
-5
0
10
0
37
-28
19
19
2
-5
-4
12
-37
9
7
-8
22
6
0
-6
-18
-8
-26
14
-9
28
-33
-2
4
-2
17
5
16
-15
-24
31
-7
12
-13
-21
-13
35
-2
19
2
26
-41
1
-3
-14
1
-10
-18
-3
3
14
19
-13
24
-13
13
-3
4
13
-31
0
-21
5
-1
6
5
7
-5
10
-21
7
7
8
21
-2
6
-22
-12
-12
-21
2
14
-27
12
9
-20
12
0
1
28
-8
35
-16
18
12
-12
19
-25
-20
-21
-13
5
-9
-16
5
-15
-10
0
3
35
8
16
20
-11
20
-17
3
3
-26
0
28
-13
2
-11
-30
6
-9
8
-4
-8
-22
-8
3
1
16
6
18
12
-7
25
3
17
-5
0
-15
-7
-29
-18
10
-13
2
5
-13
-9
-3
-15
13
23
12
25
-15
20
-2
-6
9
-12
-19
1
-9
-6
14
7
-23
3
-4
-24
17
7
4
9
-21
6
-7
11
8
-2
0
13
-32
19
-1
-12
39
-25
-24
8
-20
11
32
-26
11
6
-7
-8
-12
-12
16
12
0
-19
11
-6
12
19
-14
5
-14
6
-6
-14
3
-12
0
-5
24
14
9
-3
-8
-7
-7
-22
12
17
-5
18
21
-28
-4
-34
3
-2
-4
15
4
5
12
-5
7
-7
-9
14
-17
2
3
4
-3
4
11
-27
2
0
-22
25
7
9
-7
0
-17
-5
12
-19
22
-15
0
1
-1
7
9
13
2
-16
-3
-7
-41
31
-7
-4
49
-25
1
9
-19
15
-10
-4
-11
-4
-2
11
8
12
0
-14
-7
-14
-4
-3
5
13
35
-5
-8
-3
-3
7
-11
7
-11
-1
11
-32
11
-6
-19
-1
-19
33
12
22
0
-7
20
-15
-2
-1
-4
-24
14
-20
15
16
-9
16
-6
-3
-21
1
16
1
-17
4
-13
18
24
-38
28
-24
-4
4
-8
35
-13
28
-14
6
3
-31
-22
1
-40
33
21
14
-1
-14
-13
-21
6
32
2
46
-9
3
5
-29
18
-50
14
-26
18
-23
-5
-26
-29
43
17
44
30
4
-14
7
-31
-15
17
-8
1
30
-33
-20
-2
-50
29
0
9
11
34
-21
-9
2
-14
-5
5
-12
46
-10
-22
22
-9
6
14
-10
-5
9
4
-7
-9
1
-41
6
-16
-10
30
-26
40
11
-3
20
2
-15
-23
18
-16
20
5
-12
16
6
-46
9
-8
2
-10
11
1
-2
15
-2
-1
22
-41
-20
8
-45
29
-1
37
30
19
28
-6
-30
-31
-6
-10
-40
3
-5
-7
26
33
-2
39
-6
-2
-36
7
-11
-15
35
-16
22
-18
4
-18
-17
-19
14
16
6
32
8
4
-7
-23
-1
-1
14
-13
0
-10
-40
-9
29
25
23
20
-35
-3
-20
-30
0
0
21
15
13
12
-1
-16
-5
28
-16
-7
-1
11
-18
31
-11
-65
12
-32
31
32
-21
44
-19
0
-3
-12
-5
0
-11
8
33
23
0
-16
-3
-30
-44
24
-5
35
37
-45
33
-30
-2
-16
-42
-2
-23
40
35
48
28
-3
-11
-21
-49
5
22
-44
8
-13
7
14
-5
12
-18
-1
-30
-12
14
19
38
54
17
-8
-5
-41
-28
-22
-13
11
2
-1
7
-8
-11
7
-26
0
17
-10
49
32
11
12
-1
-33
-14
-24
-21
8
7
18
11
-1
-38
-17
-26
44
26
19
14
-26
-7
-33
-20
29
13
10
-7
-39
16
18
-5
68
-12
7
-43
-10
-39
-17
40
0
22
-17
2
-10
-47
19
-6
-10
26
1
-6
-1
29
17
23
33
-33
1
-13
-30
-2
-14
-10
-15
-1
-16
-17
10
13
25
34
3
13
-4
4
-11
8
-13
-14
9
-23
0
-29
-43
45
-29
32
24
39
7
10
-6
-35
2
-30
3
-4
-8
-19
26
-20
13
26
-27
31
-15
5
6
9
-31
19
-8
-4
6
-24
-12
-25
35
10
21
20
-39
16
-34
-8
6
72
-17
23
-54
-16
-17
1
28
-8
23
-20
1
-5
-29
13
7
2
32
0
-29
7
-13
3
33
3
-17
12
-16
-15
1
-7
-19
-5
-2
-35
15
18
26
4
8
-1
31
21
0
-16
5
-17
4
-3
-24
-26
-41
4
11
7
-35
12
10
23
66
6
15
0
-15
-8
-19
-15
-17
-6
10
10
-1
0
-31
-1
2
8
46
-42
35
-33
-2
16
-18
-3
-24
29
16
-8
21
17
4
3
-23
-20
-4
-29
-2
-21
44
8
19
-12
-14
26
-10
22
-29
18
-42
-3
-15
-6
-23
44
-21
32
27
-19
48
1
-23
4
1
-7
-9
5
-31
-30
-30
-39
14
43
29
38
1
16
-29
-26
-1
6
53
3
-38
28
-50
36
-29
-15
-8
3
-12
-7
8
13
36
0
-6
-28
3
-28
41
-1
8
8
3
-23
16
3
14
14
-38
-29
-1
-43
-14
46
9
65
-7
-16
-20
-2
-17
4
38
12
-26
-15
7
-4
37
-41
-12
6
-25
13
11
6
7
12
-32
15
-8
1
27
-11
2
28
-48
-1
-19
-5
-3
18
18
-1
7
0
-4
7
-2
-47
12
1
-13
14
29
-40
22
-6
7
18
-13
-9
51
0
-17
-8
-66
15
-6
25
-24
-3
0
-5
48
-32
24
5
-22
38
-25
-14
21
13
-14
8
-25
1
-10
9
0
-10
25
-27
0
17
-27
7
12
-27
16
7
-32
44
3
32
-5
-39
-1
-1
7
11
-28
3
-6
-21
0
-9
30
1
3
7
2
-4
10
-12
-17
35
4
0
-29
-7
6
-9
-9
-21
4
6
-15
20
15
6
31
-15
-42
51
8
-12
8
-3
-23
0
-2
-34
14
-3
-14
0
-10
0
34
-14
-3
-18
4
38
2
1
29
17
-23
13
-32
-9
-12
-11
2
-8
24
-16
-8
-19
15
-7
-5
-14
3
29
-15
37
31
13
10
-22
-12
-44
-17
-10
23
21
14
-7
-32
-8
-23
-4
15
-8
24
15
-18
22
-28
18
37
11
4
-7
-43
-1
-3
-12
7
3
15
-19
4
-35
14
-8
6
-1
-35
47
22
16
34
-4
-5
-16
-20
-3
-46
-4
-5
34
-3
-12
-3
-5
24
7
0
-3
9
0
8
-19
-8
17
-28
5
21
-16
28
10
-21
-13
4
-12
-2
0
4
0
-6
-7
-22
-2
-6
44
-14
33
14
6
10
-32
19
-49
42
-43
-8
38
-43
30
-4
-33
15
-10
-4
18
13
-13
17
11
-12
5
2
-12
7
2
-22
0
-16
4
0
15
1
17
29
-17
-15
-13
-11
5
-23
-6
0
-18
39
10
-1
26
-14
8
-15
-9
-13
0
19
1
2
7
-4
-8
-8
-3
-16
10
-9
1
32
-24
15
-1
-10
5
-3
-33
9
-3
6
20
23
19
-1
5
-35
-25
0
-29
3
6
1
13
-4
25
6
6
8
-26
-7
-3
-3
-21
1
-6
7
4
-6
5
-11
9
21
1
36
12
-41
-14
-34
-12
18
16
10
14
-21
-18
-23
-26
-1
13
35
40
23
13
-10
-48
-6
-51
-5
10
2
56
-2
21
7
-20
-9
-19
-36
-3
25
-33
38
3
13
11
-12
-27
-2
12
-3
12
16
-20
10
-5
-9
-8
10
-1
2
10
-17
-6
-1
-9
-9
27
-8
11
12
-9
-17
-6
1
-11
27
0
6
-24
-7
21
-9
-9
38
-9
-2
5
-42
-22
-3
16
1
24
5
27
2
-19
11
-25
-11
-14
-1
-1
9
31
-35
-6
-7
11
24
4
12
-9
18
-10
10
-22
-16
2
-17
6
2
-13
-10
-13
-8
22
16
39
7
19
-13
-9
-9
-7
6
-46
29
-20
2
-5
-27
-6
-5
7
8
45
7
35
-13
-17
-10
-24
1
-17
23
0
8
15
-12
-10
-21
-15
4
14
13
25
-22
-11
12
-12
-10
11
0
-9
32
-12
10
-8
-2
-25
24
1
5
4
-26
9
-10
-8
0
-4
-6
9
18
1
10
10
-6
-39
7
-16
19
19
-11
5
-11
-8
-19
25
6
-9
26
-17
15
9
-6
8
-21
-13
-7
-13
10
4
2
-14
-10
4
-26
29
0
17
23
4
2
8
-14
2
6
-17
24
-41
15
-26
-19
-2
-20
16
-16
24
10
9
6
11
-27
26
12
2
2
-2
5
-36
1
-20
4
-11
44
-18
-15
42
-32
2
-6
-23
34
4
-6
-7
-19
-37
25
1
2
22
5
-4
41
19
-19
24
-17
-24
-24
-14
-43
21
0
19
19
-6
-4
-27
-6
-5
33
18
27
28
-3
-21
-21
-20
-27
17
-14
-15
25
-40
46
11
4
21
0
-29
0
20
-19
0
-4
9
-3
9
-24
-17
29
-20
-27
29
-39
16
35
-26
49
14
-1
-4
-2
-21
10
14
-36
-4
-5
-55
29
18
-16
28
0
-35
27
-4
-26
51
-9
-3
17
7
-19
6
3
-13
-11
23
-63
8
16
-12
28
25
-24
9
-16
-36
17
-19
30
-1
0
0
-19
36
-7
26
6
-14
-19
-8
-9
-26
37
9
-8
37
-23
-39
-4
-5
-3
11
-4
-18
41
-7
15
9
-15
11
-3
-9
20
1
11
-7
-6
-15
-13
3
-2
12
-34
16
-41
-21
1
-5
25
30
39
2
44
-13
-3
2
-32
3
-40
-11
9
-5
-23
40
-22
-37
39
-37
4
21
19
29
30
0
-19
-3
-23
3
0
-5
-16
-12
-13
5
21
11
19
-15
12
-25
-4
-21
14
-39
45
7
-16
55
-29
18
-16
-23
4
1
-25
34
6
-39
44
-36
-34
44
-19
24
35
-10
-16
11
-40
10
8
-30
17
-9
-1
-2
15
-4
-7
28
-14
22
8
-1
-6
-13
-35
-18
11
11
10
48
-25
-25
39
-90
11
37
-16
52
25
-28
-7
-5
-40
7
25
-53
6
31
-31
16
32
-29
28
19
-38
1
15
-34
40
36
-55
28
-15
-50
-3
12
-60
51
21
-31
44
9
-44
32
35
-45
61
-4
-55
25
-13
-43
31
-3
-50
54
-1
-48
57
-25
-10
20
-1
-8
24
-7
-16
23
-31
15
20
-12
49
-27
-23
-22
-23
2
-13
24
10
10
-14
-2
-4
28
4
-11
44
-30
19
-11
-38
3
13
-38
19
6
-29
27
17
-10
36
-38
-19
32
-38
17
32
-50
21
-5
-29
33
-6
18
-11
-4
9
-20
14
13
-17
8
5
-28
17
16
-46
18
-10
-28
53
-34
42
9
-45
10
8
0
-14
24
-38
21
18
-40
11
-3
-20
33
32
-19
2
-18
-21
10
8
-1
0
46
-44
-4
28
-68
27
9
-43
24
16
-50
49
3
-43
88
-12
-29
50
-51
-16
43
-29
4
-6
-21
-23
17
-11
14
10
-8
12
-46
35
8
-21
55
-21
-24
55
-44
5
10
-41
61
-21
-24
35
-61
9
25
-55
47
-5
-54
116
-63
-40
136
-111
6
119
-139
-6
117
-183
49
130
-202
112
91
-195
147
75
-211
181
20
-211
197
-24
-238
249
-66
-193
275
-100
-105
261
-165
-84
231
-202
-8
198
-201
42
170
-202
71
116
-195
97
41
-143
109
8
-95
92
-24
-65
79
-23
-28
37
-34
-29
61
1
-2
35
4
-49
25
-8
-78
76
-37
-55
112
-71
-31
128
-69
-3
140
-139
-24
117
-164
0
171
-153
54
137
-234
62
109
-154
66
152
-210
81
96
-252
120
77
-184
154
77
-173
102
55
-155
85
77
-134
39
81
-142
26
142
-166
-4
144
-183
-24
222
-194
11
248
-230
-6
240
-247
-11
230
-251
50
218
-238
38
203
-231
12
207
-237
-9
212
-236
-40
287
-211
-51
313
-273
-26
314
-289
-15
295
-249
-22
289
-256
-34
245
-219
-53
211
-182
-71
220
-113
-82
219
-60
-136
184
-37
-152
195
-28
-176
182
5
-223
179
34
-235
210
48
-239
177
61
-245
149
109
-230
138
143
-249
106
123
-279
68
165
-226
101
175
-259
114
126
-262
113
120
-199
98
75
-183
78
99
-148
66
47
-89
29
39
-75
42
70
-66
6
2
-13
-13
13
16
-39
-5
82
-94
-31
119
-99
24
133
-128
-24
119
-154
0
210
-183
33
134
-210
42
170
-197
60
127
-178
34
88
-166
76
108
-156
67
58
-141
88
47
-72
74
54
-89
-14
13
-14
-29
42
-20
-72
95
-39
-69
109
-66
-1
69
-11
-31
93
-27
-70
82
-35
-61
67
-33
-107
127
-8
-133
209
-87
-121
279
-213
-61
297
-254
-21
253
-314
52
268
-330
184
172
-365
207
83
-307
250
39
-292
244
0
-264
274
-30
-217
248
-33
-170
239
-53
-170
222
-61
-183
204
-66
-164
207
-79
-93
179
-62
-33
103
-31
-56
29
6
-63
38
-12
-11
-17
64
-29
-62
135
-78
-68
149
-104
-43
191
-110
-89
238
-162
-116
226
-212
-28
222
-184
32
196
-165
-7
152
-161
-26
147
-150
-12
159
-69
-40
149
-103
-77
121
-55
-114
164
-78
-70
191
-107
-97
192
-101
-128
235
-147
-105
277
-105
-65
293
-232
-73
253
-308
25
244
-277
98
184
-312
119
126
-292
205
90
-245
253
-10
-217
206
-32
-192
268
-111
-159
296
-182
-56
259
-220
3
203
-261
63
148
-219
107
53
-155
133
8
-108
137
-87
-10
110
-127
56
14
-116
143
-39
-80
159
-117
-11
156
-195
62
88
-180
148
12
-118
128
-120
-25
123
-145
127
16
-165
236
-105
-157
305
-195
-112
361
-334
-24
372
-415
63
427
-465
105
376
-543
93
437
-608
180
502
-732
321
419
-820
457
294
-782
562
142
-674
610
-8
-545
575
-166
-330
411
-187
-72
217
-90
21
0
54
6
-193
192
-79
-199
299
-151
-175
355
-196
-142
321
-151
-66
241
-123
-66
108
-19
-115
0
182
-239
29
304
-406
91
374
-539
175
422
-649
301
390
-764
406
314
-796
527
240
-755
605
151
-749
655
-13
-671
706
-130
-496
663
-247
-347
584
-274
-239
449
-281
-105
377
-280
39
226
-300
168
-2
-191
187
-136
-17
214
-200
92
169
-376
270
53
-361
402
-122
-272
375
-206
-127
393
-267
-22
299
-276
44
190
-322
163
32
-176
187
-150
28
111
-198
201
-6
-200
305
-173
-176
449
-307
-154
508
-495
-9
564
-589
118
517
-730
223
446
-776
396
386
-699
457
257
-713
401
162
-685
503
100
-550
547
6
-414
489
-89
-357
330
-65
-242
215
69
-278
231
110
-355
231
162
-454
307
157
-555
466
14
-528
569
-72
-503
647
-193
-455
684
-234
-448
721
-228
-499
825
-339
-577
918
-467
-522
1072
-600
-446
1175
-850
-318
1203
-1015
-29
1091
-1126
179
880
-1170
358
630
-1042
544
388
-831
553
159
-567
491
-24
-343
262
-128
-90
92
-55
184
-112
-74
366
-393
-53
566
-711
125
723
-907
215
829
-1184
308
912
-1445
529
961
-1562
745
988
-1682
864
831
-1797
937
712
-1770
1005
707
-1759
1111
655
-1698
1159
492
-1551
1096
366
-1429
1047
269
-1275
1031
169
-1062
863
70
-839
741
-10
-609
565
-125
-237
331
-109
27
-18
-151
292
-336
-16
531
-650
167
667
-957
328
725
-1188
529
691
-1374
681
564
-1318
780
638
-1343
823
607
-1462
825
572
-1475
950
571
-1577
1086
487
-1662
1206
356
-1620
1372
139
-1531
1447
12
-1356
1476
-204
-1191
1466
-468
-888
1367
-596
-654
1231
-709
-472
1131
-792
-172
968
-831
45
703
-838
161
592
-762
253
530
-772
303
429
-779
318
462
-790
341
428
-734
338
401
-714
314
429
-739
216
503
-821
239
668
-941
357
670
-1069
457
636
-1224
636
626
-1345
853
423
-1334
1009
149
-1210
1156
-36
-1047
1167
-238
-879
1207
-506
-544
1070
-598
-319
851
-740
-43
694
-773
296
514
-844
555
199
-851
813
-162
-703
1029
-518
-472
1096
-750
-268
1101
-1036
-39
1090
-1169
217
1012
-1282
447
801
-1328
597
573
-1135
614
423
-879
416
430
-796
183
636
-820
138
807
-903
21
922
-999
-64
1109
-1106
4
1281
-1214
-16
1344
-1401
-65
1509
-1581
37
1569
-1643
79
1633
-1746
103
1719
-1969
265
1661
-1996
426
1648
-2093
605
1420
-2054
777
1145
-1930
822
982
-1870
972
743
-1634
1124
300
-1234
921
28
-779
634
22
-424
369
15
-147
-100
301
-170
-368
679
-322
-375
942
-675
-262
1021
-1059
116
1037
-1352
611
751
-1598
1146
309
-1634
1573
-249
-1383
1895
-772
-984
1907
-1159
-611
1798
-1466
-58
1446
-1392
230
997
-1200
297
656
-870
269
413
-505
29
348
-148
-359
437
159
-894
796
208
-1249
1311
-6
-1513
1696
-282
-1616
2153
-625
-1590
2642
-1251
-1433
2863
-1925
-842
2991
-2474
-207
2712
-2826
381
2354
-3021
1022
1964
-3100
1568
1336
-3034
1905
726
-2742
2315
125
-2238
2354
-428
-1612
2095
-812
-1028
1659
-856
-514
1222
-644
-313
795
-479
-265
552
-262
-253
508
-207
-265
443
-227
-203
455
-300
-6
278
-463
233
9
-339
601
-318
0
562
-774
410
166
-838
723
-114
-655
1132
-569
-435
1262
-1102
-114
1242
-1536
350
1230
-1824
883
1121
-2083
1268
839
-2359
1640
528
-2421
2067
319
-2331
2221
37
-2248
2252
-79
-2266
2359
-192
-2269
2551
-325
-2142
2592
-541
-1931
2501
-788
-1517
2240
-926
-1033
1796
-837
-601
1183
-554
-320
492
-134
-198
-118
521
-321
-458
1104
-630
-662
1526
-917
-729
1768
-1159
-583
1846
-1330
-518
1799
-1222
-622
1863
-1247
-636
1901
-1208
-708
1924
-1191
-874
1972
-1109
-897
2088
-1146
-831
2046
-1234
-775
1979
-1302
-637
1869
-1300
-353
1429
-1073
-248
1105
-742
-261
878
-405
-478
772
-215
-703
793
66
-866
899
95
-1107
1014
-47
-1075
1162
-92
-1014
1256
-321
-809
1148
-520
-478
810
-420
-255
538
-224
-160
236
43
-187
-65
430
-463
-31
648
-707
87
731
-1060
400
652
-1285
902
249
-1142
1208
-239
-978
1450
-887
-503
1565
-1462
242
1314
-1671
675
830
-1688
917
607
-1668
1223
352
-1499
1283
227
-1340
981
345
-1364
815
659
-1498
742
1073
-1917
791
1369
-2440
1118
1416
-2875
1650
1230
-3064
2095
891
-3122
2537
258
-2718
2668
-206
-2276
2466
-457
-1784
2283
-698
-1330
1927
-779
-907
1542
-670
-652
1254
-650
-526
1048
-572
-484
1100
-689
-376
1232
-1103
86
1006
-1349
560
684
-1415
1000
493
-1636
1486
-77
-1538
1827
-632
-1120
1794
-829
-917
1896
-1120
-531
1809
-1468
-216
1515
-1500
88
1176
-1294
195
1151
-1190
239
1076
-1301
190
889
-1243
261
870
-974
180
882
-1001
109
786
-977
66
918
-821
-177
1105
-825
-280
1229
-909
-519
1446
-962
-744
1891
-1217
-797
2312
-1628
-732
2633
-2162
-447
2804
-2672
20
2799
-3158
484
2651
-3340
1019
2364
-3475
1458
1816
-3407
1727
1348
-3131
1989
869
-2678
2069
410
-2203
1811
-32
-1558
1454
-188
-884
1075
-193
-491
471
-205
-98
-15
76
91
-326
374
123
-547
576
-48
-567
642
-306
-321
534
-390
65
251
-222
398
-270
-164
529
-640
4
724
-918
231
938
-1327
483
879
-1496
674
878
-1660
788
1020
-1912
962
956
-1916
1015
822
-1824
1010
782
-1675
869
697
-1549
683
723
-1290
495
917
-1134
257
940
-1186
115
828
-1025
154
902
-815
42
732
-610
-124
412
-233
-413
396
209
-646
436
554
-950
474
641
-1413
678
715
-1604
967
768
-1715
1102
677
-1874
1295
430
-1893
1416
341
-1799
1644
190
-1768
1789
-95
-1690
1827
-419
-1438
2011
-777
-1062
1983
-1208
-565
1789
-1475
-12
1440
-1522
286
1061
-1423
443
781
-1216
565
609
-1072
571
444
-958
417
363
-812
369
396
-604
263
422
-444
-89
530
-500
-171
584
-436
-172
655
-313
-289
695
-452
-266
554
-388
-227
560
-271
-300
673
-298
-258
645
-370
-362
706
-472
-348
945
-753
-164
1100
-1086
77
1171
-1384
327
1035
-1623
635
910
-1699
1018
601
-1530
1153
345
-1360
1050
104
-1226
993
45
-928
989
-25
-734
835
-209
-646
686
-254
-463
674
-223
-280
720
-290
-336
649
-503
-272
681
-560
-129
741
-612
4
723
-678
-26
757
-856
-3
950
-1127
166
1051
-1376
409
1104
-1642
637
1087
-1881
845
1057
-2081
1182
928
-2221
1527
651
-2324
1820
182
-2015
2021
-139
-1686
1897
-357
-1353
1626
-448
-1107
1412
-374
-877
1259
-353
-773
1077
-369
-730
1008
-314
-664
1028
-338
-556
1012
-471
-528
797
-451
-366
789
-338
-258
619
-374
-255
496
-289
-235
489
-217
-243
523
-282
-211
426
-162
-169
322
-16
-321
254
79
-490
232
327
-691
370
523
-1012
618
493
-1230
811
481
-1437
957
503
-1519
1095
505
-1614
1053
572
-1617
990
701
-1796
1038
770
-1781
976
790
-1734
851
940
-1706
782
1013
-1763
703
1071
-1845
779
902
-1715
816
858
-1542
747
759
-1431
767
463
-1136
610
339
-838
503
265
-590
444
51
-346
120
-4
-18
-94
100
181
-243
86
296
-518
174
363
-593
217
328
-613
326
311
-700
518
246
-703
578
113
-720
590
-48
-649
618
-73
-522
712
-93
-510
711
-255
-521
784
-426
-376
810
-447
-272
815
-522
-285
810
-670
-136
806
-753
34
765
-810
168
554
-790
285
414
-775
367
307
-541
286
232
-391
104
267
-357
1
360
-338
-103
549
-443
-10
497
-509
-35
379
-412
28
370
-365
108
226
-240
112
7
-79
28
-93
65
14
-124
230
3
-237
278
-41
-345
435
-157
-330
607
-395
-204
722
-690
-14
833
-1036
371
723
-1253
671
493
-1262
903
388
-1279
1036
230
-1297
1028
-2
-998
888
70
-778
634
264
-719
407
299
-608
80
533
-576
-121
795
-690
-56
761
-620
-176
757
-544
-331
849
-379
-614
945
-140
-994
1215
-27
-1459
1575
15
-1876
1920
-19
-2109
2291
-36
-2239
2412
-41
-2414
2384
-70
-2458
2386
-21
-2240
2202
88
-2107
1928
152
-1842
1460
409
-1702
1056
707
-1637
682
1064
-1653
443
1357
-1727
275
1571
-1932
206
1719
-1980
202
1856
-2052
277
1853
-2127
358
1526
-1939
398
1404
-1635
295
1274
-1413
315
869
-1051
222
481
-517
40
262
-79
-233
51
389
-522
85
748
-924
163
810
-1169
329
859
-1299
599
824
-1509
933
491
-1619
1217
197
-1565
1564
-107
-1387
1767
-442
-1267
1752
-665
-1237
1831
-788
-889
1854
-845
-796
1591
-893
-756
1484
-873
-416
1194
-739
-199
769
-524
-152
535
-422
-25
220
-253
229
-89
-66
342
-413
76
504
-731
249
582
-949
391
574
-1099
584
537
-1227
748
441
-1258
801
530
-1298
864
462
-1339
950
319
-1249
934
240
-1214
957
208
-1154
952
172
-1032
805
245
-989
691
372
-1091
689
446
-1135
624
459
-1109
548
637
-1205
661
663
-1289
674
596
-1352
585
763
-1443
685
840
-1492
657
939
-1595
631
1063
-1749
554
1164
-1789
610
1296
-1837
568
1318
-1803
365
1358
-1762
287
1388
-1555
145
1455
-1445
-34
1544
-1487
-128
1539
-1403
-217
1563
-1273
-336
1720
-1244
-507
1704
-1222
-558
1711
-1072
-705
1725
-927
-858
1738
-697
-1021
1659
-530
-1325
1760
-399
-1402
1794
-274
-1479
1728
-41
-1646
1642
22
-1743
1532
162
-1760
1502
300
-1718
1404
473
-1748
1253
485
-1762
1154
515
-1607
1027
544
-1405
828
584
-1257
554
682
-1176
394
726
-1045
237
813
-875
-26
896
-793
-137
783
-649
-217
819
-511
-254
808
-432
-334
706
-369
-358
623
-238
-399
530
6
-516
497
104
-625
393
231
-630
363
367
-681
296
380
-716
196
529
-724
218
552
-688
120
575
-688
44
664
-697
36
677
-723
32
702
-748
44
659
-684
-29
683
-638
-88
736
-603
-128
778
-614
-171
791
-596
-175
683
-540
-203
703
-496
-144
570
-403
-147
514
-283
-193
543
-251
-300
494
-245
-344
556
-271
-284
569
-372
-199
656
-462
-157
755
-627
-59
674
-676
-32
664
-669
-6
730
-737
48
644
-690
19
697
-708
19
633
-638
9
612
-595
-5
553
-535
-12
507
-470
-71
532
-438
-64
503
-379
-102
429
-332
-168
453
-321
-132
500
-263
-166
400
-228
-247
383
-140
-243
385
-153
-232
393
-170
-177
324
-85
-159
249
-111
-177
272
-131
-113
210
-137
-88
213
-171
-25
268
-250
37
237
-322
104
119
-253
132
112
-188
124
109
-197
73
156
-198
18
122
-154
-8
115
-87
-128
206
-62
-212
335
-121
-179
350
-148
-138
325
-190
-98
247
-189
-59
159
-155
20
119
-145
143
19
-164
155
-69
-163
250
-134
-147
358
-233
-138
418
-258
-109
410
-292
-132
389
-262
-129
379
-217
-166
362
-171
-217
332
-178
-235
435
-183
-235
484
-145
-298
487
-194
-305
449
-234
-285
488
-217
-231
484
-181
-274
463
-234
-223
432
-208
-158
332
-146
-206
284
-121
-164
230
-42
-129
185
9
-147
113
-11
-65
-29
107
-42
-69
106
0
-188
183
-16
-169
213
49
-244
220
64
-347
255
54
-358
262
43
-332
292
99
-365
275
116
-309
193
227
-395
132
161
-394
106
234
-311
67
385
-363
11
391
-403
-48
395
-332
-146
461
-308
-209
524
-274
-297
601
-229
-380
631
-208
-419
630
-138
-492
563
-108
-530
577
-67
-533
598
-65
-503
603
18
-554
551
0
-563
501
-55
-529
526
-19
-415
522
-26
-461
445
-4
-422
426
-16
-453
434
-21
-417
435
7
-432
438
-16
-409
403
28
-407
370
21
-415
313
121
-446
326
171
-471
330
138
-496
297
196
-483
301
199
-460
202
257
-448
155
261
-394
103
291
-332
0
356
-373
8
387
-365
-47
370
-343
-73
380
-267
-105
389
-215
-211
441
-226
-263
494
-224
-268
511
-198
-288
491
-235
-296
524
-297
-259
529
-273
-213
487
-213
-292
507
-185
-256
470
-167
-358
426
-119
-385
519
-128
-334
455
-37
-335
346
20
-434
342
74
-436
338
99
-433
275
186
-458
267
233
-479
250
261
-452
205
252
-438
103
300
-421
44
343
-378
4
358
-271
-56
381
-230
-152
323
-154
-229
291
-52
-284
273
65
-360
280
146
-360
245
155
-358
192
93
-319
108
187
-259
90
157
-168
6
121
-57
-52
99
-19
-107
52
33
-98
3
134
-112
-35
171
-114
-88
233
-29
-194
252
-88
-237
217
0
-261
244
98
-263
150
128
-275
94
144
-224
58
168
-146
-44
171
-116
-80
202
-67
-126
140
-4
-182
149
27
-191
121
84
-166
122
68
-126
69
87
-154
37
114
-191
35
48
-121
6
103
-77
81
40
-51
26
12
-65
89
-32
-36
76
-59
-49
47
-18
-90
128
-22
-48
62
64
-138
75
59
-167
105
15
-135
84
37
-90
83
50
-88
-8
58
-71
-3
67
-23
-16
31
-16
-58
42
-2
7
-28
53
-14
6
17
23
-84
4
38
-81
28
41
-48
-16
112
-82
15
77
-80
-40
125
-92
0
72
-83
8
37
-26
7
41
-48
8
25
-9
-29
36
-59
-33
28
-19
1
61
-1
24
-5
0
-73
26
12
-25
55
7
-27
-3
54
-128
68
-7
-91
111
-1
-36
69
4
-105
31
51
-114
43
101
-164
81
125
-205
115
63
-162
76
105
-176
79
106
-240
57
131
-163
25
217
-217
29
228
-256
21
127
-167
-6
148
-95
-16
161
-108
-27
116
-67
-137
167
-102
-42
154
-69
-23
51
-28
-104
138
-34
-64
161
-91
-46
100
-1
-132
158
-78
-147
174
-91
-90
138
18
-144
210
-30
-118
114
-2
-100
91
58
-202
129
8
-161
124
31
-151
128
70
-160
89
42
-98
39
77
-138
30
104
-158
58
80
-124
36
86
-83
-26
101
-63
-22
102
-44
-68
62
-12
-81
121
-32
-46
29
35
-97
50
3
-82
99
15
-89
78
56
-154
72
35
-132
99
58
-113
113
41
-136
83
-7
-104
13
50
-98
3
108
-93
24
115
-90
6
116
-59
-75
130
-78
-89
113
-71
-37
89
-32
-67
99
-42
-39
80
7
-79
93
-47
-40
65
-32
-32
18
20
-60
56
-8
0
28
59
-54
-16
66
-75
-39
8
-29
-51
98
-10
-46
91
-15
-17
56
-46
-67
27
36
-31
59
12
-29
5
-6
-30
-13
22
-26
26
18
-12
-5
3
-23
-11
19
-35
-4
30
-11
-11
75
-14
3
26
-28
-9
5
-17
4
37
-26
0
3
-2
-76
38
-23
-50
91
-45
-17
88
-27
-14
47
7
-38
38
-27
-20
30
2
-21
46
-11
-84
49
-16
-28
64
-29
-28
29
-7
-47
31
-6
-28
31
17
-50
82
-15
-9
80
-2
-17
-37
51
-100
5
0
-40
8
3
-9
14
46
-31
69
-7
-26
-4
-23
-25
28
20
-29
29
12
-41
47
-17
-22
29
-15
-15
23
-17
16
-24
16
-44
-25
48
-62
41
52
-21
32
69
-61
-17
14
-73
-7
37
-62
2
27
-15
38
39
-3
-39
56
-18
-34
40
-53
-13
38
-36
23
21
6
-29
-9
12
-26
8
24
-66
81
-6
-30
37
-19
-55
18
6
-21
70
-25
0
28
0
-19
0
19
-64
0
52
-55
27
45
-87
36
-8
-79
86
-24
-23
34
15
10
5
38
-84
26
36
-64
63
-29
-17
-12
23
-25
19
32
-26
10
7
-50
27
-1
-62
43
-21
14
-20
4
-4
-14
75
1
19
66
-67
47
-35
-57
23
-26
-30
-7
27
-23
19
2
-1
-4
46
-29
-38
60
-31
-2
49
-33
-5
43
-25
-25
9
-3
9
12
8
-16
10
5
-43
-40
8
-17
6
32
25
-17
24
25
-23
44
11
-57
0
5
-89
41
-2
-43
50
22
-10
22
13
-22
1
33
-41
1
15
-34
-7
21
-30
6
28
-39
30
-44
58
-44
58
18
-42
42
-33
-18
-40
4
-7
24
-12
14
5
8
13
8
3
-26
7
-13
4
-4
27
-39
7
13
-40
20
24
-39
0
39
0
-5
6
-24
-15
3
-20
24
32
-6
16
8
-31
19
-45
38
-56
27
4
-16
22
19
-33
-15
63
-95
71
-1
-49
32
-21
-8
35
7
-19
23
-6
-12
13
-8
-26
17
13
-5
1
-18
-19
20
41
1
0
-12
-57
-24
64
-44
17
55
-54
38
22
-103
58
5
-40
40
15
-34
20
22
-55
38
-5
-26
12
26
-73
22
26
-4
7
37
-61
-4
52
-89
38
38
-55
35
-5
-12
15
-13
23
3
0
1
-13
-23
11
-15
37
27
-10
10
-51
-4
-23
23
13
-20
11
-18
-6
13
-12
12
34
-8
-15
8
-25
-33
56
-19
33
40
-34
13
-41
5
-38
7
-20
10
18
6
27
-17
4
-53
46
-15
-22
57
-47
22
37
-11
-24
12
-18
-27
27
-23
0
18
39
-33
20
-4
-31
-7
-2
-26
33
54
-57
83
-48
-20
0
-52
-5
14
42
-5
45
-16
-7
-9
-19
-17
-4
49
-21
34
-13
-27
24
-31
-12
0
6
-29
49
-15
3
36
-13
-20
28
-6
-29
7
-18
20
8
3
-19
6
-27
4
22
-47
16
18
-18
37
2
-9
8
-26
9
-39
26
-16
-12
64
-29
17
14
-38
34
-25
-9
2
2
-35
40
-38
-16
41
-36
62
-13
-7
26
-24
-3
-9
9
-18
17
9
-23
18
16
-25
5
-11
-16
12
-22
44
-15
2
-29
0
4
-5
10
-20
24
18
-5
20
-7
17
33
-89
53
-47
-9
4
-45
46
-28
17
22
8
6
-36
43
-61
55
-21
-20
7
-35
21
24
29
-7
24
-4
-29
-4
-14
-31
30
15
-26
46
-39
-10
-6
-22
13
2
33
-31
27
0
8
17
3
-32
-9
38
-42
31
-19
-10
25
-28
2
3
-4
-36
23
17
-42
59
1
-17
50
-35
-4
-21
-9
-22
12
26
-24
77
-29
-11
4
-65
19
-6
39
-14
18
62
-64
24
-38
-7
14
-6
-13
-22
47
-51
35
4
29
-20
38
-14
-82
61
-28
-10
37
0
-8
41
-14
-15
-14
9
-46
23
24
-55
38
26
-52
24
33
-70
67
5
-56
44
-5
-50
25
5
-27
12
26
-35
3
17
-10
14
62
-50
-41
74
-91
36
17
-30
4
45
-24
-20
13
-26
2
9
23
-9
38
-17
-41
-14
-3
0
35
0
-16
30
-12
5
-5
32
-32
2
34
-69
24
19
-55
2
43
-45
2
35
-56
7
79
-32
2
42
-48
-7
42
-77
31
4
-39
21
34
-3
-25
48
-51
15
21
-15
-14
14
5
-30
18
8
-58
40
-5
-58
62
-15
4
26
12
-13
11
30
-60
-3
28
-50
35
22
-17
-25
27
-69
3
43
-20
30
37
-36
-30
47
-37
4
60
-64
0
38
-58
-1
12
-9
-5
48
-22
-19
55
-31
28
13
-15
-25
7
0
-48
38
5
-38
46
-33
-34
48
-30
-10
51
-28
10
13
-3
-2
18
8
-2
5
-48
30
-3
-17
8
-8
3
-8
19
-12
-16
-5
-28
1
24
36
-9
13
0
-11
9
2
-25
32
-22
-2
29
-35
-2
7
-2
-11
2
-8
-37
25
2
-22
76
-19
2
24
-55
-15
14
-9
26
-2
5
0
37
-32
-24
0
-15
-29
47
-11
1
62
-47
-2
-11
-3
-11
9
-6
-19
39
44
-35
8
-47
3
14
1
-15
20
22
-51
76
-20
-33
12
-35
-5
-19
39
20
-22
66
-78
44
7
-35
1
-26
4
-14
0
27
22
26
33
-65
6
-21
-42
48
12
-51
36
40
-82
52
-19
-63
74
0
-25
31
15
-21
19
17
-55
24
10
-56
46
-17
-46
34
10
-57
52
-16
-20
36
15
-15
44
5
-46
18
1
-47
46
-2
-31
61
-65
15
-21
-4
4
-31
36
-25
27
6
-9
-7
30
-18
10
12
22
-34
14
7
-33
50
-56
19
-8
-24
-15
-19
-2
27
3
36
-51
41
21
-38
29
-17
-12
16
3
32
-8
28
-7
-37
-15
-64
30
-30
9
22
-17
26
-2
2
16
28
-9
-1
3
32
-41
42
-42
-37
39
-88
58
-29
1
41
-32
38
0
1
-11
-42
59
-59
37
5
6
-1
5
32
-50
25
-45
-7
23
-22
5
54
-36
-4
0
-17
-15
28
13
-58
76
-16
-33
57
-15
-48
85
-30
-58
73
-44
-39
19
0
0
42
17
-59
23
24
-89
61
2
-76
51
45
-56
37
15
-49
17
80
-91
40
24
-72
64
-23
-12
-35
12
-20
-11
20
-16
13
21
18
-4
53
-56
-2
31
-51
15
54
-26
-8
-13
-10
-31
3
9
13
-7
14
-12
-8
33
-56
31
6
-57
56
28
-58
58
6
-34
63
21
-90
10
-24
-57
52
41
-21
-6
45
-81
-39
91
-125
59
98
-79
52
41
-84
27
37
-46
21
33
-36
-5
28
-66
-17
11
-44
3
58
-19
-17
49
-28
-1
54
14
-30
61
-72
-12
27
-30
-1
23
-7
-80
79
-35
-2
65
-29
-4
22
-19
-38
-1
10
-51
64
57
-72
71
-50
-73
47
6
-34
59
32
-52
30
16
-52
16
31
-60
-2
14
-35
-8
67
-50
36
26
-60
28
1
-44
32
32
-20
8
19
-48
-4
56
-68
6
17
-49
9
64
0
-12
52
-55
-12
44
-58
13
-2
-14
19
14
-27
-54
61
-47
0
93
-48
7
53
0
-52
34
-23
-54
28
-19
-28
65
17
-26
54
-34
-35
16
-39
-23
30
18
-23
66
19
-49
37
-40
-56
14
17
15
2
19
-2
-4
16
-22
-34
10
-5
6
28
-21
14
10
-14
-8
0
-41
28
0
-8
1
37
0
-2
5
-8
-10
-16
11
-36
25
6
-6
9
7
-19
-3
-10
0
36
7
14
-15
11
-41
-22
-7
-50
15
33
1
44
34
-24
12
-21
-18
-6
8
-26
0
35
-15
22
5
-15
2
-20
-6
-23
24
19
-18
20
-43
-8
20
-34
39
1
0
34
-9
21
-13
26
-5
-18
22
-47
0
-43
-6
13
23
10
-23
-4
-22
-11
-14
31
35
32
18
0
1
-12
7
-38
-7
40
-66
24
-13
-40
33
-27
-20
27
0
-18
7
48
0
46
25
-26
-4
-20
-37
-21
47
-66
32
47
-36
9
18
-50
14
14
-57
39
9
-42
51
-1
-12
46
-9
0
-40
14
-32
-26
67
-19
-1
26
-25
-12
-2
4
-8
15
50
-26
8
6
-49
-14
-43
5
32
14
4
27
36
-61
30
-8
-16
27
-12
-8
0
8
-34
10
-2
-7
14
13
-53
8
30
-23
33
21
-37
4
21
-20
0
27
-54
4
32
-23
9
42
-43
-6
29
-29
-30
28
-6
-1
27
-23
-5
27
-31
-19
45
-14
9
47
-41
0
4
4
-41
3
10
-42
58
-15
-24
28
22
-37
-1
-2
-1
15
16
-21
12
5
-34
22
4
-38
14
23
-40
48
-12
-24
43
-31
3
-6
-1
11
-23
36
6
-16
13
-43
31
-6
1
-17
-10
-21
0
19
21
13
-21
-9
2
0
-1
2
9
48
-24
25
-3
-26
4
-32
-23
-7
-3
3
4
8
-28
8
36
-50
45
9
-14
22
8
-12
3
7
-10
-3
14
-4
-24
2
-12
-12
29
4
-9
-5
-34
5
-6
-23
-12
19
19
33
16
30
-7
-21
-18
-9
39
-30
14
6
5
11
-22
-16
-22
-29
3
-2
17
-34
29
0
-3
20
-4
-4
17
-9
29
14
-5
13
0
-17
16
-15
-21
24
-27
-16
-20
-19
-20
11
17
7
14
20
-3
27
-17
-3
-11
-3
-16
5
6
-7
10
28
1
-1
-23
-2
-29
29
-7
-1
32
-48
43
-14
-27
5
-40
-16
0
-15
22
14
54
15
27
-16
-12
15
-28
-2
-6
28
-24
1
-14
-23
-14
-4
-32
32
-4
37
1
-6
-22
-9
-8
-13
37
14
25
36
-2
-7
-26
-20
17
-20
11
-25
-18
-28
-27
-1
17
14
15
40
-13
32
2
0
3
22
-16
7
-20
-43
-17
1
-27
10
22
-16
22
11
-2
-24
10
14
1
41
5
-7
-19
-14
-10
-9
12
-9
26
3
-8
-18
-16
-14
-16
3
-13
22
14
30
53
-11
-9
-25
-8
-32
0
17
2
1
23
-55
23
-3
-16
-4
8
-11
26
8
-2
10
20
-4
-10
-26
-27
-4
3
22
-3
47
-20
20
12
-40
0
-16
-30
5
17
8
1
14
9
-33
12
-11
5
25
32
-23
9
-13
-32
-1
1
-28
6
-12
12
1
12
10
-13
68
-43
6
0
-10
0
19
9
-26
-14
-24
-41
-9
19
29
44
0
17
6
-7
-33
34
-22
7
2
-33
-24
-28
37
-44
28
27
-10
39
-6
-4
18
16
-9
9
-14
-38
-2
-14
-30
32
3
22
-11
2
-10
4
3
-5
13
6
-12
9
2
-14
-6
-21
2
8
29
-2
18
-3
1
-18
2
-36
3
-7
-6
8
-1
-2
21
17
-9
-15
-22
35
-9
24
8
0
8
-10
-11
-29
-1
-15
12
-8
-5
20
-13
22
4
-13
5
-1
-12
11
3
2
15
0
11
-26
6
-42
-14
-4
10
19
16
29
-26
0
-20
-17
8
0
6
16
2
-5
10
0
-20
2
1
-26
6
22
-40
52
-18
16
19
-38
7
-11
-13
-5
5
-11
21
-18
15
-23
0
0
7
16
-5
32
-14
17
-16
14
-18
0
5
-27
-23
8
-9
10
12
-18
-9
17
8
-1
25
16
-28
19
-34
-23
-6
-13
23
-1
77
-39
13
26
-39
-1
-18
-8
20
17
-29
-14
-32
2
-16
46
16
-20
37
-14
-22
4
29
-18
32
-9
-19
-10
8
-8
12
26
-33
31
-56
-2
13
-14
11
-12
6
-3
-6
20
-3
23
6
-30
0
-7
-3
37
4
-21
33
-36
-14
-12
-6
-9
46
4
-9
43
-29
-11
-30
-14
7
0
19
-9
12
33
-39
10
19
-36
11
21
-26
19
1
-46
8
-21
23
8
15
-39
12
15
10
4
0
6
-7
-13
-30
-5
19
3
10
-11
2
-10
-1
-10
5
12
-21
14
-18
23
32
-7
9
-42
16
11
-52
29
-10
25
13
-17
-11
-7
-26
2
-2
-17
26
8
8
46
-7
2
-20
-17
-22
13
36
0
16
-22
-16
-34
-27
-1
-10
24
11
16
30
8
-11
9
-28
30
-18
-16
1
0
6
10
-7
-24
-7
1
-12
-5
17
14
-2
17
-13
-8
22
-13
-8
7
-21
10
6
14
25
-9
3
-18
-9
3
-25
1
-24
7
7
20
-10
20
-22
12
-15
-8
8
-16
41
11
-9
2
-21
-15
-9
8
32
-15
23
-7
12
9
-22
-9
-45
-3
-27
5
17
0
22
-22
29
-3
-2
18
-6
31
7
-1
1
-13
-23
0
-11
-20
30
-45
34
-5
-12
-11
0
-14
11
35
10
2
-1
-3
-12
4
1
-8
31
0
-10
-5
-37
-24
62
5
-24
11
-24
-16
32
-17
9
15
15
-48
37
-39
-42
60
-8
11
50
-30
1
-15
-24
6
9
-9
5
8
-12
8
-2
-19
8
8
3
0
6
-12
13
4
-46
23
27
-39
-4
-7
-4
27
32
-5
19
-9
-49
-15
21
-53
31
33
-18
20
25
-31
-13
31
-25
17
16
-38
3
-11
-20
2
8
9
-23
6
12
-7
43
25
-11
-9
2
-67
18
-1
-37
45
15
-21
3
-2
-4
7
42
-3
5
32
-65
-2
-33
-14
-31
37
-11
-2
63
-29
11
52
-34
2
37
-70
10
54
-62
31
31
-71
-18
47
-53
-10
43
-27
17
43
-7
-25
20
-33
-55
70
-13
-46
83
-2
-32
63
-33
-26
63
-23
-36
33
-54
-31
13
13
-10
34
-6
-23
23
11
-42
37
4
-6
-2
-10
-20
12
0
15
38
-2
9
11
-46
-10
-9
-43
49
16
-57
49
-8
-84
55
-38
-30
109
0
-37
93
-6
-43
81
-58
-69
27
-54
-3
44
-11
-10
42
-7
-42
7
-9
-5
7
48
2
-22
56
-21
-41
34
-46
-28
49
-9
12
33
-13
-10
7
-40
-24
25
7
-12
2
-10
13
-32
52
-42
16
43
-39
2
45
-28
-16
83
-59
-14
37
-71
3
35
-53
32
17
-15
10
-7
-27
1
7
-2
12
21
-22
17
-20
26
8
-26
25
-16
-41
75
-5
-43
75
-60
-66
91
-86
-17
106
-43
-35
89
-93
-16
88
-81
-19
95
-31
0
88
-75
-54
71
-61
-12
77
-60
0
91
-48
-4
29
-79
18
-16
-34
32
-10
5
10
-12
27
-22
21
26
-19
25
-15
-37
51
-24
-26
62
-46
-32
88
-85
-5
123
-164
44
81
-164
84
56
-133
73
44
-90
93
35
-55
42
14
-81
0
21
-37
-17
114
-62
-50
144
-138
-5
123
-147
16
116
-156
74
101
-166
80
45
-143
88
2
-54
41
32
-5
7
14
27
-72
8
50
-128
89
52
-135
91
41
-181
121
27
-153
108
50
-145
104
62
-130
103
56
-126
37
38
-97
2
79
-81
30
85
-4
-69
57
-50
-137
103
4
-64
133
-11
-103
124
-24
-81
98
1
-103
78
-8
-109
68
3
-62
94
-16
-27
54
-12
11
12
-26
31
-46
14
17
-121
59
22
-104
108
43
-127
114
11
-115
115
-15
-105
139
-35
-77
123
-64
-54
83
-69
-10
83
-60
-17
102
-126
83
57
-192
149
-39
-180
191
12
-165
238
-24
-197
223
-61
-247
322
-48
-246
341
-123
-200
306
-124
-204
273
-89
-195
271
-38
-198
243
-9
-209
166
9
-210
151
57
-192
170
106
-196
98
96
-213
85
55
-173
52
87
-77
-13
114
-36
-92
121
-47
-101
126
4
-82
124
-1
-134
39
54
-114
17
165
-160
-10
185
-215
31
212
-235
46
222
-299
32
242
-341
131
199
-296
177
97
-288
185
26
-177
180
-6
-152
114
15
-121
101
1
-66
80
-3
-78
86
-50
-31
76
-76
41
60
-100
64
34
-146
134
-57
-120
164
-94
-21
180
-112
39
32
-134
52
3
-47
111
-62
62
28
-179
147
-66
-189
297
-77
-164
358
-204
-144
358
-316
-86
393
-346
-43
389
-357
9
346
-345
58
255
-286
47
221
-246
13
191
-169
23
99
-99
-70
22
11
-23
38
128
-106
0
103
-119
-24
117
-92
-71
119
-13
-118
170
17
-159
113
41
-194
123
116
-213
101
116
-174
-69
177
-131
-150
298
-54
-216
367
-64
-318
373
-67
-363
364
8
-335
325
44
-332
189
95
-248
38
290
-258
-112
436
-276
-273
624
-330
-369
737
-393
-381
778
-440
-331
777
-432
-284
677
-332
-274
554
-225
-320
428
-104
-333
323
37
-279
197
142
-307
10
304
-341
-45
477
-349
-114
619
-532
-88
645
-762
137
575
-811
405
381
-784
589
57
-600
612
-228
-324
506
-312
-50
373
-344
130
110
-282
259
-103
-110
263
-257
106
168
-305
203
53
-304
270
-12
-316
399
-109
-303
506
-240
-242
495
-345
-153
482
-398
-12
383
-353
98
157
-234
142
-55
10
128
-215
245
-28
-352
402
-147
-379
578
-224
-375
722
-355
-366
738
-410
-313
673
-283
-369
634
-224
-451
628
-126
-528
618
-27
-657
669
51
-721
709
42
-731
619
27
-719
614
58
-551
519
125
-492
267
224
-505
125
408
-499
75
507
-509
-32
548
-561
-61
556
-540
7
532
-489
46
381
-394
57
238
-232
54
86
-116
79
-102
114
2
-287
377
-119
-322
590
-263
-355
694
-404
-326
742
-508
-153
610
-504
44
366
-372
139
32
-77
165
-249
219
41
-534
565
-37
-697
916
-160
-845
1105
-272
-940
1276
-320
-960
1360
-356
-1029
1358
-389
-980
1299
-368
-800
1112
-312
-608
758
-146
-456
378
76
-366
68
304
-160
-253
522
-82
-572
619
-6
-765
702
199
-896
708
298
-1007
581
465
-1091
454
670
-1055
341
824
-1024
72
966
-1040
-96
1177
-1062
-127
1231
-1005
-259
1299
-1005
-336
1308
-1014
-262
1124
-824
-258
1043
-721
-234
931
-654
-178
639
-493
-196
541
-218
-268
525
-155
-379
505
-94
-458
545
-39
-599
666
-76
-670
786
-123
-673
918
-288
-672
963
-432
-533
1031
-528
-393
969
-617
-325
915
-622
-227
827
-605
-150
617
-435
-183
455
-160
-327
450
56
-569
513
129
-730
543
176
-777
578
245
-742
589
119
-583
429
-7
-247
37
92
63
-352
318
236
-708
546
330
-1066
742
400
-1320
1030
275
-1371
1121
218
-1298
1045
230
-1164
892
257
-943
529
400
-843
176
717
-787
-10
870
-750
-204
901
-663
-280
792
-391
-429
668
-40
-577
538
284
-842
371
561
-1014
273
820
-1012
140
1053
-1171
-21
1207
-1186
-188
1354
-1100
-326
1464
-1017
-498
1513
-845
-733
1577
-814
-828
1583
-750
-912
1659
-755
-854
1626
-876
-597
1445
-939
-249
1054
-879
28
672
-872
411
249
-699
709
-155
-435
770
-446
-393
853
-592
-300
882
-576
-261
857
-469
-445
892
-382
-602
1006
-338
-684
934
-171
-808
883
-18
-851
753
112
-806
604
311
-818
415
502
-875
202
681
-918
121
842
-910
143
842
-902
109
727
-959
254
486
-786
474
128
-450
499
-187
-190
465
-542
160
429
-818
616
193
-983
936
-75
-932
1163
-283
-829
1310
-592
-583
1217
-832
-289
929
-812
-43
716
-645
153
471
-456
135
210
-346
50
87
-178
47
55
54
3
28
121
-192
47
107
-265
91
153
-297
116
247
-381
136
360
-497
162
346
-583
283
224
-546
297
187
-494
442
23
-324
394
-203
-63
139
-255
207
-127
-103
406
-344
18
493
-593
144
450
-741
267
344
-706
381
359
-702
473
247
-595
418
161
-579
396
-17
-487
468
-154
-165
394
-184
-30
267
-211
-51
159
-220
-65
228
-169
-73
384
-259
-58
440
-432
1
394
-500
39
377
-480
149
345
-398
190
224
-287
30
101
-173
-144
292
-152
-111
421
-210
-206
514
-385
-189
593
-514
-19
493
-489
48
361
-323
-53
241
-28
-323
332
155
-640
581
121
-816
723
158
-1016
880
233
-1145
914
311
-1253
876
402
-1340
805
601
-1419
720
874
-1552
580
1118
-1716
450
1313
-1777
302
1635
-1841
189
1802
-1951
-20
1926
-1829
-255
2050
-1654
-608
2280
-1563
-852
2435
-1507
-926
2446
-1416
-922
2171
-1141
-998
1926
-852
-1013
1685
-648
-837
1233
-207
-788
677
209
-834
306
553
-756
-57
942
-702
-392
1246
-739
-535
1232
-740
-421
971
-398
-458
498
99
-499
97
709
-717
-271
1325
-1149
-398
1725
-1591
-73
1723
-1780
360
1258
-1557
457
701
-917
299
265
-240
-58
-9
504
-627
3
1048
-1397
313
1313
-2018
898
1133
-2312
1457
701
-2177
1770
128
-1829
1832
-264
-1409
1702
-447
-944
1358
-541
-647
993
-448
-495
803
-269
-397
754
-312
-411
741
-395
-437
872
-600
-272
1035
-874
-177
1266
-1332
161
1333
-1767
637
1182
-1970
918
936
-1962
1149
677
-1720
1092
562
-1392
665
617
-1120
180
971
-966
-200
1287
-851
-616
1382
-548
-975
1461
-229
-1262
1264
184
-1497
954
835
-1733
530
1617
-2113
74
2428
-2505
-276
3021
-2752
-527
3437
-2802
-734
3683
-2735
-1008
3710
-2577
-1245
3506
-2176
-1357
3107
-1413
-1461
2478
-553
-1807
1890
275
-2103
1326
1024
-2208
695
1809
-2380
295
2264
-2333
-89
2355
-1967
-606
2369
-1465
-1122
2308
-816
-1496
1919
55
-1974
1524
887
-2413
1128
1556
-2652
709
2144
-2705
280
2581
-2575
-175
2722
-2361
-603
2759
-1828
-1049
2680
-1253
-1570
2613
-762
-1922
2482
-302
-2224
2341
2
-2223
1995
308
-2247
1803
455
-2103
1472
468
-1684
1116
505
-1209
604
486
-782
-18
510
-284
-481
788
-91
-797
1081
-127
-1103
1285
-288
-1121
1531
-543
-885
1404
-608
-712
1292
-645
-615
1266
-717
-455
1241
-746
-482
1255
-831
-562
1397
-763
-754
1671
-819
-978
1891
-960
-1121
2110
-1009
-1196
2271
-981
-1232
2171
-976
-1075
1965
-838
-837
1382
-572
-520
574
17
-336
-195
810
-271
-895
1496
-455
-1344
1920
-642
-1527
2178
-562
-1770
2263
-284
-1952
2179
116
-2295
2015
536
-2763
2006
844
-3131
2155
1168
-3309
2324
1290
-3639
2417
1044
-3537
2348
859
-3023
2062
859
-2509
1608
848
-1984
933
911
-1537
250
1230
-1337
-267
1664
-1192
-672
2020
-1214
-963
2315
-1325
-1094
2448
-1392
-1055
2390
-1284
-1038
2164
-1022
-1170
2157
-737
-1305
1931
-552
-1541
1776
-164
-1723
1782
120
-1778
1579
289
-1738
1284
593
-1736
994
672
-1522
671
709
-1211
307
921
-863
-143
953
-548
-726
1164
-233
-1172
1272
47
-1411
1226
479
-1661
1152
819
-1978
1100
910
-2070
811
1092
-1870
600
1374
-1536
187
1475
-1279
-384
1476
-1005
-910
1576
-467
-1276
1611
263
-1964
1673
760
-2551
1616
1158
-3077
1568
1638
-3393
1727
1869
-3448
1776
1675
-3251
1629
1345
-2810
1378
873
-1986
1029
579
-982
324
475
-227
-372
396
349
-1080
391
933
-1652
641
1288
-1964
722
1520
-2236
707
1621
-2352
600
1803
-2392
502
1872
-2403
468
1845
-2282
471
1766
-2131
348
1680
-1895
215
1578
-1687
128
1392
-1393
31
1227
-1130
-32
1170
-1065
-70
1023
-1024
13
845
-955
323
658
-925
394
360
-808
430
285
-688
456
220
-595
292
315
-543
183
471
-672
174
535
-836
232
570
-773
303
568
-722
81
478
-499
-198
492
-55
-500
597
302
-1066
684
656
-1677
893
947
-2006
946
1217
-2254
1016
1555
-2448
799
1674
-2437
560
1749
-2102
185
1837
-1609
-381
1781
-1028
-1017
1838
-427
-1578
1811
95
-2061
1678
567
-2244
1490
1032
-2288
1110
1386
-2385
618
1718
-2240
214
1994
-1940
-150
2218
-1832
-429
2103
-1520
-603
1823
-1131
-707
1432
-577
-684
1024
-32
-626
427
310
-532
-189
668
-339
-658
915
82
-1117
1000
498
-1578
1000
808
-1852
789
1119
-1920
485
1478
-1762
105
1577
-1412
-327
1666
-893
-875
1586
-264
-1501
1430
375
-2059
1417
1019
-2444
1245
1545
-2789
1138
1760
-2911
947
1860
-2614
475
1959
-2091
78
1828
-1488
-360
1496
-741
-844
1198
41
-1274
894
828
-1781
656
1442
-2104
360
1899
-2199
45
2336
-2261
-319
2656
-2292
-553
2783
-2058
-812
2821
-1793
-1010
2819
-1751
-977
2491
-1579
-677
1915
-1156
-467
1371
-888
-137
682
-591
123
66
-84
168
-228
231
100
-319
153
131
-292
76
119
-20
-201
185
169
-354
33
442
-498
-111
871
-741
-188
1003
-734
-483
1211
-712
-722
1464
-655
-804
1463
-487
-1050
1500
-311
-1241
1479
-71
-1466
1315
256
-1557
1135
572
-1521
773
882
-1421
277
1138
-1326
-259
1534
-1052
-712
1889
-809
-1210
2090
-671
-1628
2200
-453
-1874
2167
-168
-1913
1975
79
-1974
1674
441
-1918
1204
791
-1939
830
1162
-1937
673
1307
-1820
473
1320
-1589
237
1226
-1344
52
1083
-999
-88
877
-622
-194
731
-253
-510
634
15
-846
675
211
-904
735
304
-1008
723
286
-1056
730
180
-836
733
47
-707
665
-71
-508
566
-131
-332
465
-140
-212
266
-29
-188
52
176
-297
25
404
-419
55
521
-562
18
567
-783
35
780
-932
239
821
-978
307
608
-785
146
438
-498
-38
322
-159
-148
226
210
-348
9
503
-623
-107
739
-708
-149
928
-679
-191
862
-551
-361
802
-214
-642
669
158
-854
558
475
-1016
313
858
-1209
201
1137
-1276
17
1318
-1269
-124
1337
-1133
-363
1271
-757
-501
1138
-323
-699
830
207
-1008
438
781
-1235
147
1234
-1295
-171
1605
-1320
-504
1854
-1170
-851
1966
-957
-1072
1839
-595
-1303
1604
-18
-1495
1276
469
-1446
747
891
-1460
142
1281
-1280
-415
1633
-827
-1030
1937
-483
-1648
1974
-58
-2287
2025
542
-2720
2106
982
-3011
1944
1311
-3175
1550
1667
-3112
1135
1930
-2782
570
2174
-2343
-76
2310
-1811
-710
2307
-1105
-1427
2304
-491
-2113
2275
164
-2548
2105
742
-2723
1884
1133
-2867
1503
1384
-2773
1068
1579
-2421
584
1781
-2002
61
1987
-1676
-507
1994
-1270
-911
1988
-846
-1333
2034
-471
-1510
1925
-225
-1572
1652
2
-1603
1346
218
-1473
989
453
-1165
617
594
-932
182
695
-668
-223
731
-375
-497
764
-87
-681
714
153
-797
487
413
-872
272
619
-864
20
937
-791
-299
1195
-746
-595
1459
-744
-839
1594
-692
-1068
1692
-549
-1226
1719
-418
-1301
1651
-177
-1362
1357
127
-1396
1065
416
-1409
740
688
-1217
315
997
-991
-246
1311
-872
-755
1541
-673
-1097
1724
-371
-1363
1719
-159
-1684
1686
131
-1848
1545
369
-1806
1283
631
-1700
896
923
-1664
497
1144
-1586
222
1319
-1324
-92
1434
-1086
-440
1407
-897
-605
1335
-620
-655
1140
-281
-738
841
42
-816
528
369
-875
338
677
-912
142
788
-849
-40
852
-741
-146
838
-597
-239
745
-446
-349
705
-321
-350
622
-140
-417
460
5
-403
333
57
-398
256
154
-332
141
215
-264
16
229
-220
-91
269
-161
-186
334
-81
-261
339
-37
-339
362
61
-433
387
100
-512
377
130
-527
369
209
-554
308
260
-549
247
309
-558
198
393
-565
145
399
-512
72
454
-521
73
450
-522
95
354
-448
143
270
-331
101
209
-295
32
197
-236
70
184
-231
132
94
-306
176
48
-286
262
18
-269
364
-55
-275
358
-137
-269
410
-110
-330
449
-141
-296
448
-105
-321
421
-52
-444
444
-18
-494
517
-57
-458
502
-21
-407
463
11
-433
436
-37
-421
406
-6
-390
361
71
-371
234
154
-382
139
353
-486
59
492
-605
33
589
