-162
-717
-1336
-1523
-1659
-1748
-732
318
1163
1783
1975
1022
-269
-1262
-1999
-1765
-1019
-943
-900
-962
-784
-811
-1348
-1568
-2278
-3097
-3461
-3373
-1985
-909
-377
207
969
1526
1202
1797
2307
2540
2507
2453
1614
-51
-918
-1115
-351
429
908
1124
1242
1572
1011
406
824
1257
1841
2037
1870
673
-611
-1021
-1896
-1740
-1223
-720
-539
-859
-1089
-814
-1068
-1101
-739
-1356
-1072
-766
143
1135
1629
1385
227
-733
-1743
-2804
-2780
-2493
-2597
-1801
-1594
-999
-417
-292
106
390
444
398
238
-439
-946
-1056
-1134
-680
-685
-339
549
1002
1476
322
-1149
-2621
-3979
-4134
-3848
-3463
-2233
-1151
-455
-136
-117
-664
-1792
-2195
-2563
-2957
-3340
-3617
-3239
-3529
-3659
-3948
-5176
-6602
-6733
-6317
-5615
-4404
-3572
-3377
-3975
-4741
-5432
-4844
-3455
-2803
-2412
-1179
718
1638
1632
790
-529
-2251
-3577
-3815
-3615
-3802
-3568
-3407
-3218
-2759
-2171
-1455
-726
1271
2838
3627
3948
2915
1629
595
-368
-152
136
-33
387
322
463
556
681
1122
832
895
946
332
-624
-1511
-1653
-948
-383
-244
430
1577
2859
4005
4743
4875
4182
2700
1387
1174
629
991
1929
2387
2528
2721
3317
3261
3127
3181
3642
4108
3899
3237
2425
1173
684
329
947
1708
1841
1773
1034
891
1177
1179
624
-105
-1346
-1567
-1159
-196
306
-97
-780
-1183
-1100
-44
1309
2263
2497
1553
1350
1084
1240
1385
957
914
1025
2248
3270
3746
3402
1912
419
100
-44
589
1179
1422
2006
2329
2112
2930
3524
4049
3883
2727
762
-812
-1825
-3279
-4445
-5475
-5315
-4034
-2994
-2273
-1568
-1457
-815
-763
-1347
-846
-1713
-1815
-1981
-2003
-731
566
1994
2176
2178
2801
2960
2126
1233
131
-609
-1423
-2428
-2338
-1678
482
2387
3564
4749
4655
3971
3561
3178
2382
1360
-66
-1438
-2087
-2942
-3212
-2997
-2175
-2149
-2380
-2917
-3325
-3233
-3995
-4511
-4708
-5806
-6235
-6101
-5586
-4108
-2546
-447
917
1217
942
0
-166
-205
-1249
-1554
-2403
-2938
-2505
-2462
-2381
-1526
80
945
1441
1587
799
236
370
43
43
719
994
1551
1680
2345
1514
271
-577
-780
-327
-393
15
442
878
1102
1623
2910
3284
3534
3349
2098
1574
2230
2355
1631
747
-455
-969
-1402
-1905
-1778
-1028
3
957
1438
1351
1188
911
822
1405
1236
1567
1363
1829
2333
1751
812
-245
-940
-676
-33
731
1113
1261
1743
1030
-145
-645
-520
80
738
1289
1758
1828
1493
752
-768
-1979
-2067
-1221
-95
626
1687
1614
1343
1042
362
466
725
764
503
-72
-206
-107
444
741
893
1998
2413
2392
2366
2015
1351
229
-282
-826
-1298
-1310
-1301
-1501
-351
37
-503
-348
-1324
-2255
-3048
-4002
-4000
-3590
-2667
-1251
317
1618
1206
1367
2097
2612
2881
2167
1439
-321
-1877
-1488
-1578
-1082
430
1279
2782
4334
4532
5028
4718
3893
3063
1649
546
-794
-1038
-308
-333
783
1058
854
1743
1942
2944
3335
3088
2890
1149
-503
-2332
-4018
-4368
-3841
-2650
-1502
-1652
-1931
-1376
-760
23
-306
-679
-1718
-3247
-4001
-4578
-3951
-2999
-2839
-2717
-2753
-2797
-2888
-2981
-3056
-3219
-3254
-3333
-3752
-3493
-3370
-2348
-618
-213
-190
-566
-1479
-1524
-2041
-2392
-2629
-3752
-4325
-5107
-5233
-4278
-3602
-2680
-1786
-1831
-1496
-508
298
830
958
250
-349
-447
-774
-161
861
867
674
762
948
86
-650
-885
-1474
-1583
-1732
-1804
-1795
-2099
-1970
-2044
-1838
-1058
-761
-666
-364
-493
-1170
-1235
-2008
-2934
-2801
-2675
-1167
694
1681
2208
2242
2056
2293
2722
3161
4623
4842
4650
4268
3730
3096
2693
2904
2907
2652
2809
2678
2332
2589
2494
2249
1501
1641
2095
2301
3631
4165
4004
4129
4201
4287
4437
5474
6517
6372
5297
4982
5182
4884
4932
4805
4341
3821
3473
3051
2890
2398
2038
1989
838
43
-822
-1044
221
1547
2405
2589
1962
1528
1554
1282
738
789
701
861
530
81
-114
-226
1021
1967
2580
2337
1671
1034
370
-420
-1255
-2350
-2952
-3111
-2970
-2721
-2451
-1810
-1203
-1399
-1775
-1490
-879
-205
253
-59
-1272
-1690
-2447
-2416
-2600
-2274
-1468
-1217
-1542
-1845
-2146
-2908
-2807
-3197
-3757
-3393
-2857
-1277
-86
573
989
743
-389
-1176
-1572
-1504
-616
-548
-932
-1387
-2679
-3797
-4014
-3830
-3263
-2269
-1309
-1351
-1611
-1658
-1484
-2100
-2704
-2418
-2260
-2428
-2835
-3391
-4358
-3717
-3227
-3031
-2470
-2736
-2321
-1438
-831
-162
-400
-794
-1220
-1797
-1872
-1332
-1161
-331
-443
-1030
-1273
-2236
-2425
-2793
-2987
-2895
-2631
-1696
-1570
-1617
-1212
-956
-827
-1315
-1277
-896
-849
-345
-461
-1949
-3579
-4438
-5388
-5011
-4185
-3429
-2643
-2055
-1042
-919
-1789
-2882
-3602
-4179
-4105
-3872
-4159
-4281
-3494
-2539
-1231
668
1160
1532
2383
2011
1432
280
-1066
-2058
-3091
-3268
-2882
-2070
-318
1339
2236
2962
3799
3670
3239
2331
1246
1271
1045
1152
950
472
355
345
152
178
468
807
1364
2262
2084
767
-223
-1367
-1768
-1178
-187
358
600
1140
2197
1844
-176
-138
371
283
466
850
998
1311
1629
2726
3958
2857
3226
3998
4615
4924
4892
4372
3060
2525
2324
2140
1967
2292
3032
3890
4755
4677
5168
4156
3493
4115
4026
3760
3447
3757
4080
3746
3188
3022
3165
3473
4292
4905
5778
5934
5100
3864
1530
409
137
681
967
1088
1575
2367
2597
1544
1758
2610
3759
4531
4120
4626
5135
4787
4941
4480
3591
3017
2810
3013
3137
2747
2497
2455
2470
2393
1845
1437
1280
1656
2036
2404
1788
103
-763
-1593
-1300
-113
434
897
746
439
848
537
-29
-396
-1152
-847
-148
2
-491
-1116
-1235
-1045
-1329
-2292
-3478
-4452
-4573
-4516
-4464
-4883
-4747
-4141
-3254
-2852
-3556
-3809
-3335
-1775
-277
233
-362
-2248
-3358
-3986
-4441
-4571
-4429
-3496
-2688
-2177
-1848
-1183
-162
588
1229
1307
1018
1075
692
-125
-1137
-1909
-1597
-913
-932
-746
-885
-449
412
-93
-590
-918
-984
-733
-642
-1165
-1831
-2463
-2870
-2673
-3293
-4781
-5165
-4586
-4503
-4323
-4213
-3860
-3882
-3155
-2182
-1478
-451
366
1671
1822
1433
1215
945
421
475
514
471
940
966
1952
2177
2426
2705
2875
3037
2340
1634
2130
2168
2210
2520
2128
1933
1746
1186
981
917
468
-230
-492
-1000
-605
-552
-456
-387
-1158
-1151
-693
-330
925
1673
1977
1541
986
221
-880
-1415
-2623
-3113
-3015
-2054
-980
-20
464
282
-478
-901
-427
-469
-837
-1622
-1788
-1833
-1754
-1949
-1406
-310
544
1957
2333
2281
1893
1183
995
-252
-1501
-2160
-3146
-2894
-2475
-953
-102
525
954
887
1013
703
627
308
-410
-1250
-2021
-2919
-3073
-3349
-2788
-1287
34
916
1027
1475
1093
760
195
-674
-1508
-1748
-2546
-2967
-2980
-3022
-3097
-2425
-1235
-405
-564
-176
396
860
1452
559
-462
-717
-436
-29
297
635
1950
2731
3077
2398
921
340
-546
-281
-387
-2
1502
3105
4063
3721
3421
2678
1811
901
-602
-1218
-1358
-2016
-2156
-2485
-2452
-1933
-1623
131
1459
1974
2360
1961
1429
535
-742
-1464
-1831
-2694
-2667
-1899
-1356
-880
-220
991
1725
1607
596
-453
-1143
-2271
-3872
-4576
-3937
-2744
-2453
-2502
-2075
-1662
-1675
-976
-795
-1806
-2688
-2169
-2696
-2300
-1496
-1749
-654
-120
474
673
300
-16
-941
-1746
-1142
-1067
-1190
-1415
-3017
-3951
-4650
-3585
-1688
-238
1778
2871
3480
3322
3052
3007
2429
1973
1324
1732
1095
-80
156
798
2277
3825
4392
5353
5542
4328
3371
2008
138
-784
-883
-755
-231
-67
-784
-594
-384
-470
-187
-164
-362
-763
-1344
-1091
-536
-44
-85
293
1794
2864
3148
2997
3137
2860
3074
3786
3601
2548
2239
1716
1543
875
103
-259
-302
568
423
650
1654
2166
2432
2625
2490
2588
2619
2582
3666
3742
3149
2810
2246
2722
2961
2727
1978
1367
164
-882
-1259
-1815
-1860
-1714
-1713
-1064
-1246
-1150
-638
-161
86
-881
-1875
-2716
-3300
-3196
-2468
-1529
-804
193
1345
2311
3560
3817
3804
4197
4278
3682
3076
2455
1743
1596
1477
1402
985
1217
1801
2163
2740
2811
2574
2405
1395
-630
-1486
-1615
-981
-358
-825
-1175
-1962
-3369
-4014
-3350
-2799
-2543
-1898
-2467
-3049
-3528
-3582
-2821
-1952
-1243
-1041
-855
-56
116
-605
-1077
-1000
50
371
757
1313
751
627
735
326
180
-91
-504
-707
-1625
-2012
-1591
-1368
-832
-1108
-768
-657
-1782
-2464
-3548
-3594
-2915
-3188
-2994
-3050
-4025
-3897
-4221
-4231
-3859
-3671
-3129
-2915
-3169
-3616
-2956
-1716
-605
-192
-221
-402
-956
-1301
-822
69
517
843
503
-435
-1330
-1055
492
1089
2362
2790
2475
2784
2905
2191
1712
1147
1585
1620
1201
459
-436
-1115
-542
726
684
643
261
622
224
278
371
271
782
829
1281
1108
853
1141
1639
2857
3203
3088
3404
2733
2199
2228
2497
2922
2852
2600
2707
2539
3382
4006
4338
3979
2958
2009
819
-103
-947
-467
690
1696
2015
1703
1702
1986
2422
2038
1107
-152
-1176
-1635
-2343
-2534
-2424
-1760
-418
1179
2254
2195
2132
2110
1897
1012
552
72
-635
-433
-475
-476
-298
765
1864
2760
3062
2350
1937
2118
2769
2805
2620
1360
312
-426
-937
-568
-107
71
494
6
-1219
-1187
-1236
-1463
-2042
-3355
-3455
-2630
-2090
-1534
-1971
-2425
-2245
-2442
-3014
-3723
-2929
-2784
-2105
-1678
-1951
-2052
-2275
-1653
-1349
-1774
-2663
-2960
-3530
-3718
-3386
-3579
-3593
-3419
-3534
-3782
-3380
-2154
-983
-458
-421
-696
-597
-69
195
544
722
239
-215
-787
-1161
-1034
-557
-338
-538
-1206
-1704
-2244
-3634
-4157
-4108
-4339
-5041
-5190
-5063
-4897
-4522
-3809
-2861
-2097
-1543
-975
-1410
-2793
-3548
-3393
-3159
-3640
-4430
-4779
-4133
-3187
-2114
-1235
-680
-800
-2254
-3101
-3507
-3375
-3287
-3625
-3659
-3787
-3812
-3403
-3437
-2875
-2432
-2721
-2906
-3312
-3792
-4182
-3863
-4162
-3683
-3328
-2357
-285
282
1066
1387
949
-4
306
628
1201
1256
328
741
1218
2300
3227
3288
4186
5381
5540
5152
3870
2987
3396
3520
3168
2597
2789
2404
1766
1245
687
773
717
1223
818
69
-803
-1273
-932
-445
-64
-83
458
481
-123
449
1519
2492
3138
3494
3817
3778
4277
5019
5152
5481
5228
5026
5107
4582
4643
5067
5053
5200
5039
4107
3741
3587
3362
3921
3633
2898
2373
2325
2890
2582
3218
3535
3348
4343
4130
3616
3274
2322
1373
67
-538
-308
233
337
232
958
1760
2431
3093
2820
1841
1237
603
659
748
673
1622
1640
2472
3695
3997
4656
5014
5098
4758
4133
3255
2857
2462
1355
1112
1179
654
919
1472
2006
2379
2689
2547
2003
1397
650
183
-102
-11
257
217
399
654
373
225
562
1316
1450
1215
1270
1477
1631
1741
1816
1096
1042
1459
801
778
602
236
230
372
-68
-784
-2062
-3504
-4474
-4240
-3247
-2977
-2669
-2054
-1747
-2162
-2382
-3269
-3987
-3760
-3904
-3585
-3263
-3195
-2090
-1916
-2505
-2871
-3708
-3945
-3888
-3615
-3071
-3330
-3658
-4405
-5144
-5572
-5022
-4031
-3725
-2698
-1537
-1402
-1082
-1712
-2256
-2024
-2291
-2101
-2494
-2784
-2653
-2304
-2106
-2028
-2076
-1928
-2067
-2990
-3499
-3819
-4207
-3945
-3864
-3701
-4171
-4842
-4533
-4515
-4158
-3728
-4387
-4539
-5016
-5492
-4998
-4858
-5196
-4668
-4615
-4954
-4705
-4749
-4166
-3065
-2251
-2072
-2836
-1984
-1379
-1245
-1555
-1581
-1282
-1388
-905
79
551
1191
2072
2600
2999
2734
2609
1707
949
956
1280
1258
1569
2252
3103
2715
3001
3685
3518
3599
2947
1522
720
81
254
558
120
-171
-246
340
398
569
846
713
1259
828
-294
-129
178
320
1370
1464
1450
2667
2779
3370
3802
3086
2100
1468
1709
1961
2014
2101
2224
2574
3399
3516
3271
3052
2957
2989
2534
1852
1370
1715
1942
2080
2097
1466
842
329
445
138
-123
410
512
597
420
-273
-784
-789
-251
358
489
249
-238
-668
-1313
-1740
-2270
-2286
-1184
214
1137
1493
1729
1818
1676
1816
1114
457
-195
-521
2
83
756
1208
728
636
864
455
135
-131
498
936
534
141
-991
-1712
-1807
-480
661
779
157
148
593
856
1133
618
-85
-825
-1424
-1939
-2353
-2505
-2289
-1387
315
1469
1696
2408
2541
2564
2192
1785
1141
524
802
456
-464
-730
-1275
-688
-407
-1072
-1277
-1938
-2386
-2908
-3227
-3444
-4316
-4967
-5169
-4998
-4570
-4095
-3790
-3267
-2497
-2774
-2812
-2344
-1771
-1691
-2047
-2110
-2752
-2938
-2492
-1253
569
1554
2091
2963
2734
2255
2183
2233
1880
1772
1916
1475
839
225
-557
-730
-366
-147
543
1508
1794
1769
1061
-319
-1191
-1300
-1635
-2148
-3040
-3512
-3215
-2876
-2360
-2267
-2061
-2315
-2408
-2488
-2110
-1571
-1345
70
1981
2807
2830
2550
2959
3379
4376
4783
3590
3391
2104
1162
1001
879
1130
1953
2613
2396
1741
1164
675
569
262
-374
-692
-1612
-1921
-1606
-1980
-2029
-1517
-631
1418
2480
2809
3762
4498
4617
4114
3360
2177
812
1051
1897
2223
2684
3669
4745
5487
5029
3898
2489
1507
774
298
823
555
28
57
-534
-644
-1258
-1434
-1567
-2571
-2636
-2371
-2354
-2329
-1835
-1190
-283
247
1070
1351
1587
2084
2361
2688
1829
1134
58
-731
-1111
-1209
-240
1136
2335
3239
3691
3887
3581
3256
2962
2630
3110
3084
2615
2799
2371
1859
2915
3301
3766
4326
3824
3038
2160
724
-981
-2131
-1869
-2005
-3798
-3288
-2125
-1286
118
304
464
654
687
909
-41
-844
-1598
-3670
-4587
-5816
-6951
-6445
-4983
-3940
-3128
-2135
-2232
-2484
-1753
-1714
-1951
-2686
-3579
-4296
-4719
-4214
-3027
-987
-397
-776
-928
-1218
-1098
-46
609
496
180
-370
-1860
-2689
-2260
-1730
-151
1712
2169
1636
627
193
-434
-1545
-1885
-2522
-3145
-2951
-3405
-3696
-2766
-2162
-1861
-1198
-751
-171
-68
-384
325
292
2
-458
-1022
-1057
-1327
-1224
-537
604
1363
1705
951
-434
-1497
-2311
-2645
-2082
-2188
-2449
-1965
-1326
-200
946
1722
2848
3784
3912
3189
1651
30
-303
-301
1
715
1145
1756
2149
2212
1989
1615
2285
2385
1262
766
98
-130
1048
2470
2914
2397
1790
804
-371
-212
196
335
228
-462
-1024
-1057
-531
-200
-128
821
1381
1941
2548
1849
1447
1349
1145
609
-1494
-3704
-4513
-5260
-5098
-3523
-2086
-822
131
642
565
-375
-789
-894
-1200
-1667
-2781
-3037
-2516
-2064
-876
249
781
1338
1545
1225
313
135
250
-317
-49
-125
-584
132
688
1453
3292
4064
3967
3292
1959
724
-47
-820
-1516
-1884
-1497
-928
-599
-8
-415
-659
-166
-487
-909
-1224
-1751
-1609
-1269
-690
-552
-570
225
752
979
1607
1236
595
265
127
584
1393
1697
2086
1686
1320
1268
886
481
-176
-876
-1505
-2229
-2488
-2377
-2048
-1209
-902
-750
-519
-591
-754
-524
33
479
1087
1070
923
1178
1026
1772
2667
3637
4059
3932
2981
1619
1014
265
242
541
286
-1
150
138
909
1429
1382
1402
1192
753
117
-1132
-1808
-1716
-1975
-2103
-2188
-2506
-1750
-631
342
1133
1039
274
-1179
-2476
-3760
-4551
-4427
-3312
-2313
-1969
-1573
-1029
-1015
-715
251
334
-133
-1691
-3090
-3567
-3208
-2305
-1182
-400
-73
755
1048
1663
1825
1263
1162
515
-521
-1031
-1236
-1079
190
1258
1909
2581
3284
4058
4121
3917
3511
2813
2649
2567
1738
697
-175
-503
-113
1171
2227
3365
4605
5346
4754
3836
2894
1239
294
-770
-988
-674
-253
-32
196
867
1661
1955
2616
3194
2677
2748
2763
2998
3825
4202
4243
4308
4500
4384
4140
3864
2811
1564
372
-722
-1674
-1966
-1939
-1536
-1127
-1201
-811
-464
-478
-959
-1035
-926
-819
-621
-853
-687
-555
-707
-128
412
507
915
1427
1935
2102
2510
2785
2722
2864
2557
1730
1902
2600
3146
3920
3903
3692
1990
34
-246
-281
470
1032
1084
661
432
1115
1808
2166
2064
1527
1071
-130
-954
-1737
-2446
-2450
-2929
-3462
-3416
-3173
-2483
-2082
-2094
-1370
-2522
-2868
-3316
-4123
-3995
-3722
-2874
-1640
-862
-454
-393
-311
501
532
513
575
489
36
-1536
-2479
-3248
-3475
-3072
-3406
-2696
-2358
-2336
-1691
-2198
-2909
-3424
-4105
-4092
-4426
-5001
-4037
-3532
-2979
-3025
-2972
-2968
-3199
-2386
-2150
-1400
-215
-43
-1195
-2345
-3517
-4373
-4005
-3330
-2579
-2807
-2337
-1733
-2100
-1807
-1993
-1590
-1652
-2088
-2361
-2356
-2595
-2872
-2682
-2055
-1202
-991
-467
624
990
1141
1450
875
-348
-1527
-2551
-3471
-2459
-1654
-700
484
952
1546
629
157
572
1221
1446
1066
629
-169
-1082
-968
-223
1075
2312
3423
4487
4788
5112
5008
4203
3787
3414
1832
874
710
730
1221
1663
3108
4220
5638
6922
7501
7348
6821
5812
3784
1487
-415
-2017
-2106
-1510
-701
1415
3004
4141
4388
3588
2786
1993
122
-1118
-1602
-2614
-2806
-2452
-1486
-513
-575
643
2053
3102
3329
3452
3260
2345
1888
1082
946
1674
2188
2704
2768
3435
3917
3701
3523
1925
246
-722
-1794
-1876
-1418
-1234
-372
-141
626
2106
2777
3051
2571
1586
939
853
438
2
-1005
-1732
-1764
-200
1164
1313
1515
1097
1185
1360
830
668
1040
907
658
-66
-813
-1343
-1961
-1715
-1337
-1339
-504
810
1740
2087
1537
559
-543
-38
654
139
-7
103
-39
105
71
-492
1
587
645
74
-695
-1294
-1556
-1849
-2222
-2219
-2056
-2335
-2118
-1741
-1394
-635
-42
141
87
-933
-2011
-2759
-2826
-2833
-3051
-3602
-3418
-3735
-3918
-3317
-3400
-3369
-2966
-3905
-5186
-5445
-5068
-5260
-6415
-6759
-6569
-5951
-4919
-4054
-3234
-2498
-2387
-2926
-3322
-4000
-3824
-3879
-3313
-2560
-3092
-3357
-3522
-3508
-3027
-2511
-2038
-1797
-1875
-1410
-1300
-1913
-1706
-1536
-1426
-1281
-1377
-2169
-2120
-1866
-1172
-59
-238
-515
-388
-265
463
1227
507
-792
-2228
-3663
-3919
-4011
-3126
-1672
-917
23
903
694
342
-906
-2179
-2405
-2485
-2444
-2291
-1357
-1029
-686
-284
184
909
1794
2218
2301
2969
3394
4057
4253
4524
4063
3283
2975
3280
3743
3188
2506
1716
1659
1491
1117
1328
1461
1953
2454
3272
4007
4489
3951
2956
2079
667
-110
219
278
567
377
1
45
-520
29
555
1144
2241
2801
3647
3907
4024
3539
3345
3761
3664
3093
3943
3857
2943
2466
1791
635
86
400
1069
2208
2981
4154
4608
4164
3541
2788
2209
1921
1402
1013
558
279
626
686
1146
1735
1520
2464
3065
3083
4339
4677
3609
2013
1102
957
1231
1845
2041
2564
3541
4852
5311
4976
3792
2290
1019
-372
-1257
-1761
-1222
272
812
1507
1486
1074
242
8
976
1545
1595
1397
795
3
-331
-671
-99
754
1487
1956
1726
1669
1290
680
20
-927
-1169
-1695
-2311
-2604
-2547
-2376
-1319
-597
-516
-387
-643
-887
-1159
-1019
-1333
-1387
-1367
-2008
-2845
-3363
-2772
-1615
-608
92
-510
-1014
-930
-173
171
408
206
-326
9
59
531
1118
686
458
865
291
35
-438
-637
-212
-46
57
-43
-857
-2169
-2845
-3323
-3937
-5272
-5784
-6021
-6638
-5379
-3632
-2319
-1115
-699
-806
-1329
-1766
-2275
-2834
-3458
-3334
-3539
-3754
-3294
-3241
-2280
-1288
-495
-35
-240
-284
-1625
-2718
-3643
-3769
-4133
-4792
-4565
-4285
-3440
-2563
-2419
-2145
-1657
-864
-566
-451
-924
-791
-161
-330
-338
-367
-515
-4
342
176
957
1952
1886
1887
2135
1915
1613
1641
1656
1127
490
64
344
684
790
949
728
740
515
155
204
-227
-257
-313
-755
-336
139
469
313
-113
-42
-482
-485
-1012
-1230
-1499
-1899
-1337
-1102
-788
14
253
336
1003
1517
1873
2223
2698
2964
2720
2593
2421
1710
1383
1551
1822
1358
1239
1389
1542
2077
2541
2761
2608
2863
2876
2706
2728
2862
2957
3222
3331
3469
2630
1914
1796
1538
1719
1679
883
246
122
112
285
501
674
224
-334
-1047
-838
-385
-113
407
706
478
-54
-318
-419
-246
698
1427
2121
2636
3145
3631
3630
4023
3959
3834
3653
3174
2117
570
-398
-1549
-2249
-2543
-3036
-3218
-3466
-2891
-2415
-2042
-1760
-2220
-2678
-3142
-3261
-3349
-3411
-3576
-3622
-3627
-2343
-1492
-732
-446
145
311
437
893
695
267
-812
-1763
-2934
-3751
-3978
-3133
-1891
-1188
-638
-529
-787
-1367
-1961
-2766
-2991
-3372
-3820
-3957
-3354
-2193
-1119
319
630
415
400
17
-751
-1682
-2354
-2834
-2999
-2927
-2711
-2476
-2184
-2077
-1777
-1268
-1126
-433
-413
-68
388
-243
-199
-328
-641
-818
-653
-188
320
243
-380
-547
-300
-713
-1391
-2473
-3507
-4272
-4176
-3698
-2593
-1563
-794
-406
-447
-333
-802
-707
-319
-485
-309
-241
-419
-493
-530
-198
101
-343
-520
-974
-1411
-1149
-1053
-129
53
409
398
10
-508
-1042
-1302
-1823
-1473
-1536
-1518
-1172
-905
-344
416
1498
1507
931
783
382
363
1048
1348
1881
1970
1995
2004
1537
2037
2366
2670
2450
1841
1275
580
-334
-866
-1209
-1148
-937
-1288
-1449
-833
676
1665
2523
3284
3393
2873
2774
2621
2423
2859
2398
2364
3471
4514
5387
6359
6370
5618
5140
3909
2269
893
-102
-234
-501
-874
-114
281
381
1081
2322
3067
3642
3313
2129
1853
1727
1099
208
-9
491
796
1635
2631
3470
4397
4333
3858
3265
3072
3124
2878
2825
2661
2007
1025
336
81
130
909
998
744
-55
-728
-1437
-2081
-1792
-1351
-1195
-1213
-1118
-1510
-2031
-2396
-2487
-2707
-2696
-2339
-2714
-2263
-868
-272
869
1174
972
674
23
19
-185
0
151
28
-161
19
267
223
659
608
413
276
125
-798
-1656
-2752
-3838
-4012
-3744
-3075
-2506
-1824
-1206
-817
-106
266
-35
-297
-1076
-1959
-2516
-3576
-3858
-3806
-3572
-2846
-1540
-552
353
1731
2580
2726
2828
2842
2521
2410
1898
1291
981
1041
981
2079
2575
2375
2569
1671
1170
594
78
-416
-579
-1825
-2986
-2562
-2650
-1852
-650
0
255
-185
-301
-593
-1154
-1657
-2059
-1810
-1761
-1607
-668
20
384
1757
2743
2716
2358
1802
1650
1348
1399
1563
989
120
-487
-76
925
1982
2821
3333
3197
2312
1937
1962
1727
853
387
-653
-930
-454
-528
78
290
190
61
-183
-457
-587
-1353
-1647
-2735
-3657
-3608
-3606
-3041
-2275
-1609
-1059
-1165
-1404
-1314
-1847
-2410
-2114
-1897
-1461
-995
-1428
-1622
-1486
-1627
-1292
-944
-820
-574
-656
-497
-1729
-2584
-2881
-3173
-3341
-3282
-2978
-2476
-1005
1179
2795
3206
2358
997
52
-477
-1516
-2499
-3324
-3792
-3592
-3599
-2849
-2037
-1349
468
1365
2379
2977
2162
1845
750
-317
-1155
-2170
-2211
-1960
-1399
-851
-100
830
1562
1876
1970
1672
1443
1573
1554
2090
1721
842
712
1109
2088
2783
2839
2434
1750
1209
788
662
106
-908
-1371
-1809
-1245
360
1252
1275
877
446
84
-261
-999
-1243
-2304
-3259
-3081
-2575
-1684
-1066
-141
937
1465
2131
2073
2120
1680
1293
1279
440
-165
-271
-267
-80
79
-109
1132
528
353
-93
-620
-215
27
412
681
951
1015
1745
2604
2937
3506
2673
1676
1031
721
-170
-817
-175
44
695
769
498
666
1165
2230
2878
3249
3113
2124
1430
1279
1548
1500
1747
2757
4225
4658
4631
4124
3587
3438
2720
1652
908
605
583
1172
2016
2375
2648
2702
2227
1990
1405
1788
1861
1602
1348
974
819
1035
1242
1273
1805
1899
1542
1324
936
403
-411
-1210
-1781
-2436
-2395
-1907
-406
561
527
194
-21
499
1387
1696
2331
2215
2030
1741
1220
704
-309
-217
-666
-757
235
1163
2335
3653
3672
2975
2383
1938
1257
915
1223
1828
2334
2272
1608
1261
1482
1490
1560
1136
541
84
-327
-889
-544
-189
-506
-687
-1063
-1279
-1252
-1223
-773
-317
-319
-58
-362
-741
-261
116
641
662
551
171
-633
-849
-1042
-1224
-491
98
56
-751
-1523
-1265
-938
-510
-245
-473
-1513
-2642
-3506
-3952
-3414
-2694
-2096
-2079
-1707
-1086
-226
562
450
-154
-319
-1196
-2624
-3830
-4313
-4717
-4848
-4407
-4483
-4349
-3687
-3119
-3377
-3611
-3319
-3035
-2959
-3390
-4547
-5726
-5722
-6064
-6523
-6358
-5714
-4317
-3605
-2536
-1978
-1648
-936
-1185
-1267
-644
18
105
-361
-415
-677
-927
-1804
-2284
-2620
-3450
-3397
-3836
-4980
-5078
-4199
-3329
-1966
-463
488
2098
3173
3170
2920
2851
2446
1675
698
-244
-769
-1257
-917
-558
-329
489
1816
1895
1969
2855
3839
4380
4213
3409
2501
2046
2341
2832
2740
2911
2617
2257
2359
2058
1787
1871
1929
1326
646
597
753
908
1140
1558
1110
808
515
-2
-98
219
-378
-1447
-1532
-730
263
1309
1639
1567
2179
2884
3731
3646
3660
4100
3972
3455
2618
1193
333
-404
-518
-417
-1210
-1741
-2128
-2051
-1322
-786
-823
-867
-74
36
-390
-239
-694
-655
-453
-125
842
1574
1884
2599
2894
2851
3328
2836
2384
2229
1035
-127
-1277
-1785
-1243
-1247
-680
-750
-1371
-1878
-1931
-1606
-2288
-1982
-1247
-775
-326
148
580
1169
1188
1007
881
1104
730
477
869
939
606
163
-1106
-1798
-1851
-1716
-417
1248
1969
2134
1982
1675
1153
725
963
610
890
1314
740
1070
2208
2540
3300
2771
1959
1647
584
-326
-676
-551
-555
-651
-688
-781
287
1054
1081
1100
627
225
-440
-817
-246
126
-121
47
99
163
-465
-628
-427
-1600
-2501
-2594
-2432
-1391
-390
-374
-4
-38
-675
-774
-550
-423
-57
360
901
1010
574
-103
-29
16
-102
249
-373
-818
-751
-819
-1273
-2029
-3136
-3522
-3744
-3724
-3908
-3974
-3559
-3559
-3657
-3755
-4023
-3655
-3039
-2450
-2135
-2290
-1985
-2641
-3194
-2671
-2639
-1950
-1198
-1632
-1351
-1006
-454
414
880
888
460
289
514
570
391
355
-33
-312
-307
-758
-1626
-2467
-2683
-2419
-1859
-1182
-869
-249
52
332
1182
1978
3126
3662
3329
2493
2124
1839
2263
2329
2204
1996
1215
1050
1673
2115
2030
2090
1938
1539
1188
917
328
-30
-129
-393
-526
-512
116
957
1557
1690
1835
1793
1075
388
310
90
283
1159
1814
2017
2522
2650
2716
3035
3022
2882
2548
2225
2003
1219
796
1056
1323
1410
1594
1707
2203
2562
1994
898
-186
-398
287
1377
1268
716
788
531
1244
1974
1698
1636
667
75
-3
-1098
-936
-581
19
503
303
768
1768
2677
3411
3922
3846
3365
1974
839
19
-843
-1210
-851
-383
-99
855
1665
2156
2806
2454
1502
96
-1490
-2201
-2721
-3043
-3287
-4187
-3616
-2466
-1588
-196
405
1225
1770
1600
1437
517
-142
-270
102
768
986
1163
1567
2223
2390
1782
1318
998
-375
-1127
-839
-850
-658
-1450
-2025
-1493
-1372
-848
-585
-677
-912
-1571
-2328
-2879
-2883
-2273
-1792
-2164
-2471
-2494
-2035
-1894
-1564
-828
-1100
-2173
-3276
-4101
-3989
-3734
-3747
-3432
-3088
-2705
-2432
-2954
-2842
-2427
-2358
-1989
-1903
-1394
-817
-454
-132
151
909
1734
1731
2025
2225
1901
1951
1656
1783
1407
526
297
-39
107
586
1113
995
1195
1290
1244
1500
1050
695
601
-95
-217
-222
-1011
-1647
-2291
-2419
-1677
-1079
-913
-704
-829
-813
-1129
-1221
-1069
-1431
-1356
-937
-903
-1187
-1179
-730
-118
-149
86
591
651
1124
2143
2972
3324
3097
2560
2132
1827
1361
859
573
583
932
1141
1555
1675
1539
1402
1035
687
1002
1400
973
777
1117
1599
1628
1381
971
568
-101
-656
-1604
-2755
-3201
-2747
-1665
-647
217
162
351
630
539
880
1811
2510
2981
2728
2148
1927
1125
-5
310
576
842
1532
1664
1746
1930
2835
3620
4013
4334
3864
2908
2511
1786
1306
1035
669
284
389
-51
-877
-1281
-2184
-2224
-2261
-2339
-2162
-2038
-1124
121
643
1158
691
-219
-232
-548
-941
-1040
-1125
-216
341
313
144
741
1485
1752
1971
2518
3183
3278
2988
2723
2717
2158
1322
417
-851
-1797
-1736
-1097
-379
-423
-633
-638
-496
-1004
-1295
-1255
-1913
-1981
-2242
-2421
-2326
-2029
-1145
-1234
-889
-482
-616
-533
-784
-717
-986
-1515
-1908
-2451
-2522
-1906
-540
109
383
1154
1192
1083
1221
530
-74
-551
-2193
-3478
-3537
-3344
-2523
-1442
-357
122
-1
-89
-287
-901
-2083
-3057
-3454
-3433
-2851
-1981
-1460
-1043
-1589
-1532
-1785
-2734
-2647
-2939
-2751
-2046
-1683
-2030
-3527
-4266
-3734
-3503
-3266
-2476
-1643
-862
-683
-390
-965
-1146
-1001
-799
-838
-1414
-1340
-667
461
1173
1876
1961
1691
2293
2632
2905
2463
1851
1046
40
-336
-521
-165
334
898
180
-1847
-3212
-3516
-4538
-6016
-6294
-3518
-1948
-362
4570
5552
5542
5844
6630
3801
-410
-1375
-2192
-4051
-3321
-381
1165
1315
2812
4275
3317
774
741
-196
-2688
-4148
-3153
-2038
-1278
1524
4318
5377
5815
5730
3867
387
-2112
-2493
-2831
-2845
-984
1736
2999
3640
3741
2556
728
-1143
-2849
-4798
-5956
-6588
-5373
-3831
-1243
1764
2734
2671
1620
-385
-2461
-4383
-4972
-4325
-3642
-2253
-422
681
2573
4625
5603
5329
4597
3318
1519
-359
-1143
-1352
-1068
180
1217
1077
921
1727
2918
2627
1543
792
255
-510
-883
-671
-526
767
2617
4386
4437
3951
3864
3380
2762
1938
1396
438
-228
-45
1457
2990
4156
4554
3851
2549
1211
309
-475
-438
-59
828
1280
1473
1955
2587
3347
3566
2862
2233
2316
2091
1350
710
371
1131
1082
327
-903
-1851
-1406
-1301
-1388
-1622
-1799
-1397
-641
195
603
741
1099
978
627
-40
-211
235
490
591
451
952
1088
900
630
-25
-342
-663
-603
-367
-735
-693
-983
-1984
-2468
-2697
-2818
-2072
-1094
-451
-265
-689
-1092
-1581
-2110
-2772
-2978
-2668
-2070
-1064
-722
-300
-258
-412
-325
-28
-340
-496
-643
-729
-783
-684
-1018
-2051
-2916
-3753
-4136
-4134
-3724
-2712
-1847
-1431
-1547
-1158
-1023
-1571
-2009
-2666
-2750
-2341
-1947
-1647
-1717
-1757
-1632
-729
-250
-673
-1463
-2444
-3057
-2775
-2533
-2309
-1985
-643
357
958
876
1231
2291
2711
2610
1885
1861
2233
2773
3201
2790
2248
1859
1680
1473
1388
1839
2616
3045
3029
2083
1168
1131
944
887
1118
737
1047
2207
2710
2826
2383
909
-91
-621
-648
-1295
-1414
-1019
-993
-589
59
-28
-387
-573
-282
430
920
1108
1195
1399
1628
1838
1833
2152
2420
2604
2623
2331
2611
2840
2659
2135
1132
751
1310
1322
1573
1367
604
553
637
333
-47
-458
-798
-1059
-1735
-2151
-2232
-2071
-2212
-2762
-2023
-1814
-2021
-1326
-1060
-1512
-2150
-2550
-2224
-1409
-741
-815
-1079
-1354
-1862
-1884
-969
-788
-1553
-2139
-2383
-1992
-1652
-642
195
655
261
-666
-1293
-1623
-1009
-229
736
740
236
-755
-1090
-1000
-615
253
23
-1099
-2480
-3806
-4349
-4155
-3945
-3177
-2629
-2630
-2546
-2397
-1741
-1577
-1686
-2574
-3610
-4685
-5501
-5055
-4894
-4155
-3235
-2253
-1091
-636
-627
-991
-1341
-1851
-1858
-1805
-1485
-1087
-505
259
387
1093
1829
1738
1207
233
-466
-1288
-2170
-1971
-1421
-986
-662
-629
-114
199
17
-185
-144
180
68
-229
-1039
-1613
-2305
-2683
-2630
-3301
-3440
-3406
-3515
-3242
-3140
-2892
-1961
-908
-403
-284
-949
-1488
-1688
-1711
-1587
-1692
-1206
-466
-441
146
563
742
753
483
599
807
488
500
387
729
1671
1515
1659
2128
2140
2055
2091
1932
1811
1349
1051
430
-537
-661
1
935
1561
2007
2188
2504
2264
1654
1558
1182
1359
1739
2167
2543
3096
4138
4412
4497
4707
4794
4736
4957
5174
5102
4829
4327
4327
4680
4573
4347
3767
3551
3588
3085
2985
2453
2153
1340
513
-104
-147
393
1073
2007
2510
2860
2342
2042
1948
1618
2103
1790
1127
545
628
1403
1902
2654
3695
4352
4424
3868
2869
2602
2817
3233
3406
2946
2700
2991
3855
4786
5376
5076
4114
3067
1586
1123
1156
1614
2426
2588
2318
1886
1113
886
1339
2021
1947
1191
458
-306
-531
-584
-508
-730
-505
-226
525
1195
1531
2089
2560
2243
1478
676
-152
-1012
-1493
-568
557
965
1211
651
448
236
287
500
172
274
464
49
31
20
145
-274
-574
-235
112
309
-733
-1948
-2538
-2875
-2479
-2147
-2389
-2437
-2588
-2273
-1655
-1029
-1445
-1847
-2112
-2556
-3174
-3412
-3082
-3202
-3470
-3564
-3104
-2774
-2358
-1522
-870
-614
-907
-1747
-2531
-2559
-2578
-2774
-3389
-3599
-3852
-4309
-4348
-4045
-3571
-3760
-4271
-4870
-4735
-3703
-2627
-1108
-413
-401
-538
-1741
-2912
-3862
-4742
-4876
-5003
-5451
-5576
-5514
-4572
-3461
-1718
-278
-339
-585
-1059
-1159
-900
-1234
-1444
-1568
-1770
-2051
-1952
-1589
-892
-166
247
458
44
-122
-573
-1259
-1551
-1680
-1618
-1381
-1735
-1805
-1334
-511
776
978
629
-585
-1537
-2445
-3298
-3441
-3207
-2553
-2345
-2085
-1246
-76
1422
2778
2963
2692
1803
937
232
355
593
400
692
820
594
744
1800
2765
3071
3298
2912
2279
1716
1476
1799
2031
2310
2452
2294
2691
2577
2137
2189
2027
1379
485
-193
0
335
746
1074
1410
1357
1101
893
1059
1308
1092
961
212
-280
127
977
1823
2394
3300
3029
2185
1917
1550
1975
2774
2867
2008
879
-482
-1218
-822
124
611
216
-389
-1108
-1536
-1236
-209
-64
53
-322
-953
-1144
-945
92
1289
1818
2292
1939
1714
2268
2448
2481
2101
1324
967
789
252
-373
-36
858
1074
945
388
257
-41
240
88
-554
-810
-1398
-1217
-662
-33
485
273
-352
-1216
-2083
-2037
-2277
-2341
-2338
-2821
-3237
-3647
-3076
-1620
-496
601
377
-678
-1003
-1373
-998
-767
-258
445
614
623
689
814
1061
886
284
-169
-1574
-2133
-2308
-2102
-1269
-886
-277
67
86
134
409
731
1244
1423
583
-239
-1005
-1734
-2064
-1974
-1318
-830
-633
-642
-495
-671
-1465
-2535
-2943
-3949
-4846
-4929
-4798
-4301
-3728
-3088
-2933
-2753
-2458
-2141
-2267
-2304
-2939
-4267
-4758
-4451
-3721
-2737
-2909
-2419
-1296
-742
-25
31
-462
-921
-1255
-1380
-1518
-1219
529
1771
1716
1857
1363
1017
1918
2260
2751
2722
1923
1198
519
154
179
288
752
921
1170
1353
1388
2295
3365
3682
3246
2513
1688
1586
1786
1732
2021
2439
2669
2156
1247
559
1075
2092
3080
2998
1693
655
-2
91
565
635
1272
2005
2592
2831
2873
2688
2355
2011
1640
1490
1689
2348
2586
3264
3916
3890
3983
3805
4074
4242
3658
2774
1940
1419
1266
808
1061
2167
2910
3728
4146
4387
4703
4834
4628
3781
2401
774
-75
-550
-991
-1051
-395
413
505
229
279
608
1187
1387
1550
526
-649
-1515
-1714
-1025
40
1377
1601
1372
1773
2211
2335
2699
2791
2439
1471
768
840
1141
1965
3323
3996
3395
2332
1628
1272
862
98
-136
93
-199
-809
-1216
-1448
-1377
-1225
-691
-218
207
1027
1743
2176
2428
2121
1424
853
47
-788
-1527
-1923
-1755
-1467
-1193
-456
713
1697
2316
2253
1687
489
-335
-528
-569
-707
-721
-338
-139
-495
-535
-460
-201
215
-805
-1969
-2160
-1758
-1666
-2032
-2327
-3123
-3056
-2814
-2786
-2659
-3131
-3225
-3887
-4971
-5497
-5875
-5571
-4914
-3863
-3100
-2715
-2476
-2580
-2817
-3009
-2960
-3056
-3263
-3797
-4309
-5029
-5441
-4831
-4003
-2477
-1139
-950
-1052
-1072
-1122
-1533
-2460
-3902
-4915
-5280
-5082
-4185
-3206
-2443
-1503
-1142
-1075
-1666
-2332
-2959
-3907
-4818
-5309
-5390
-4880
-4390
-3916
-3568
-3221
-2226
-1403
-1045
-1030
-1585
-1752
-2087
-2464
-3027
-4022
-4143
-3515
-2505
-792
265
1588
2525
2320
1480
675
396
60
-510
-1299
-1645
-1689
-1099
174
1030
1410
1554
1523
1889
2008
1582
1157
689
269
289
855
1403
2602
3609
3908
4048
4228
4015
3505
3140
2495
1574
761
442
777
1188
2068
2716
3441
3706
3489
2420
1012
-146
-923
-1289
-1639
-1820
-1779
-951
355
1670
3155
4028
4580
4474
3613
2827
1988
1446
1072
709
795
1173
1648
2395
3212
3932
3528
2841
1570
1076
634
12
292
245
291
329
857
1390
1335
1722
2059
1970
1428
628
-190
-538
-174
625
1523
1748
2092
2876
3535
3225
2961
2116
1321
1023
115
-377
-918
-802
164
675
516
1016
1782
2103
2125
1215
660
-353
-1186
-1730
-1544
-674
369
1339
1593
1973
2623
2980
2774
2131
1728
1282
824
417
735
1334
1878
2730
2747
2675
2483
2568
2453
2101
1485
478
17
-838
-1306
-894
-242
352
830
1336
1642
2230
1991
1309
297
-1060
-2117
-3235
-4111
-4650
-4301
-3538
-2520
-1788
-1719
-1449
-1330
-1790
-2386
-3394
-4056
-4222
-3995
-3141
-2332
-1743
-1091
-523
134
562
219
-680
-1501
-2357
-3160
-3417
-2610
-1819
-974
-344
-116
209
573
597
609
598
-432
-1041
-1830
-2524
-2788
-3248
-2673
-1824
-1424
-707
-204
808
1241
874
137
-365
-612
-862
-907
-1197
-1233
-1053
-827
-118
708
1196
1730
2057
2063
1879
2054
1754
1058
282
-170
-96
255
237
384
530
318
82
-385
-932
-931
-878
-720
-899
-1256
-1256
-1035
-580
0
297
469
954
957
815
580
273
567
697
629
630
1051
1808
2604
3091
3386
3324
2809
1989
1301
1167
1122
1464
2132
2403
2920
3667
4134
4952
5462
5193
4363
3422
2954
2800
2611
2452
1769
1183
1070
1151
1352
1846
1948
1344
501
-394
-1017
-1022
-554
-168
491
1064
1150
1699
2400
2807
2897
2497
2300
1956
1519
898
861
1257
1935
2416
3181
4129
4442
4773
4500
3826
3216
2268
1158
-83
-1171
-1292
-1152
-844
-955
-1228
-1260
-1144
-1063
-693
-621
-1308
-1812
-2711
-3173
-3526
-3999
-3926
-3464
-2250
-1076
50
1027
1233
987
-334
-1519
-2626
-3466
-4009
-3996
-3155
-2231
-936
846
1709
1627
798
-543
-1576
-2152
-2430
-2975
-3389
-3913
-4112
-3932
-3493
-2710
-1986
-1218
-1140
-1511
-1757
-2137
-2172
-2306
-2999
-3257
-3480
-3361
-2516
-1977
-1746
-1347
-1031
-1130
-1588
-2098
-2659
-3057
-3773
-4448
-5002
-5588
-5290
-4358
-3306
-2431
-1639
-1383
-1750
-2391
-3001
-3856
-4358
-4764
-4591
-3964
-2929
-1914
-1568
-1270
-423
482
898
1194
1342
1363
831
-31
-561
-1446
-1663
-1601
-1618
-1411
-1251
-651
-576
-651
-846
-1930
-2892
-3763
-3939
-3464
-2079
-393
247
804
1067
641
258
-132
187
251
-370
-802
-1186
-1469
-788
55
224
168
260
825
1641
1825
2018
2468
2494
2065
1960
2276
2882
4088
4631
4891
4786
4498
4550
4353
3972
3357
3000
2446
2248
1908
1417
906
230
26
-178
-407
-282
-226
-264
-90
-270
-454
-999
-987
-772
-552
-563
-562
-312
-179
359
671
1076
1587
1925
2531
2549
2265
2456
2776
2703
2665
2542
2145
2489
2976
3171
2882
2925
2891
3171
3048
2645
2881
2829
2428
2038
1842
1259
929
903
526
304
512
194
-6
115
1008
1199
697
946
1009
952
234
-721
-1671
-1940
-1205
-41
541
647
579
467
941
426
248
-495
-796
-1118
-1460
-1228
-1179
-1325
-1634
-1814
-1835
-1398
-1178
-1490
-1189
-1055
-1225
-1279
-1142
-768
-440
-142
122
450
971
1683
2310
2287
2259
1681
1512
1628
1145
268
-308
-272
-244
-101
8
-73
-37
-642
-1685
-2531
-3043
-3556
-3517
-3464
-3883
-4685
-5016
-4790
-4422
-3917
-3137
-2612
-2357
-2537
-2569
-2099
-1986
-2182
-2448
-2536
-2429
-3022
-3470
-3227
-2451
-1567
-1235
-1277
-857
-468
-796
-1310
-1549
-1473
-1386
-1269
-1146
-1151
-1503
-1824
-2094
-2621
-2898
-3870
-3635
-3209
-2668
-1888
-1704
-1694
-1264
-698
-174
49
211
258
-529
-1704
-2774
-3447
-3489
-3249
-2888
-2684
-2514
-2001
-1335
-473
414
1226
1673
1655
1207
839
359
381
552
75
603
673
795
1380
1332
1637
943
-560
-1505
-2284
-2897
-2478
-2048
-1357
-745
-319
554
1035
1339
1456
1410
1248
814
561
976
1639
2176
2836
3713
4070
4349
4759
4928
5039
5199
4831
4701
3864
2726
2244
1782
1651
1703
1830
2131
2455
3295
3933
3970
3869
3458
3830
3798
3338
3042
3051
3563
3959
3891
3919
3677
3023
2292
1622
819
-436
-1290
-2072
-2339
-2288
-2101
-1409
-657
8
472
971
1413
1421
825
168
-665
-1926
-2775
-2581
-1471
-177
936
1816
2742
3186
3136
3442
3479
3436
2936
2474
2246
1821
2363
3117
3801
4243
3974
3523
3369
2958
2999
2994
2284
1937
1677
1514
1559
2002
2440
2661
1956
1175
548
-189
-542
-966
-1794
-3137
-4240
-4829
-4367
-3281
-1884
-696
-535
-608
-473
-880
-932
-610
-962
-946
-885
-784
-550
384
1551
2101
2722
2267
1458
1031
929
1166
1489
1554
1238
979
843
898
1148
1407
1474
687
-315
-951
-903
-688
-886
-1238
-1833
-2072
-1951
-1604
-1250
-1051
-1175
-2036
-3524
-4538
-5069
-4928
-4034
-3688
-3838
-4167
-4722
-4650
-4964
-4457
-3757
-3398
-2892
-2831
-2592
-2327
-1606
-630
-46
-157
-249
-376
-611
-479
-565
-918
-1302
-1548
-1598
-1285
-414
617
805
778
220
-749
-1134
-1772
-1973
-1572
-1314
-1283
-1132
-1111
-1415
-1574
-1662
-1563
-1427
-1179
-682
-137
504
606
332
161
-315
-182
427
882
1091
824
33
-380
-744
-921
-882
-767
-403
-210
19
150
307
399
328
413
832
890
997
904
338
5
-601
-874
-1217
-1316
-1100
-827
-158
55
-94
-51
64
663
1310
858
517
74
44
761
1205
1369
1615
1883
1840
1770
1458
1121
572
319
195
-29
134
262
779
1676
2309
3033
3157
2639
2560
2063
1346
143
-1056
-1111
-729
-493
93
605
998
1096
1289
1270
1187
1266
1144
799
233
354
380
202
45
59
-53
0
146
-58
-329
-201
65
10
-43
-479
-1179
-1826
-2087
-1656
-1336
-1155
-903
-479
-468
-867
-1251
-993
-1127
-1097
-534
83
223
712
1379
1925
2977
3744
3882
3977
3682
2999
2785
2510
1842
946
185
-389
-851
-712
-426
518
1306
1744
1809
1605
1515
1037
703
294
-313
-982
-2054
-2878
-3201
-3280
-3431
-3677
-3612
-3676
-3931
-3853
-3323
-3126
-2689
-2449
-1977
-1504
-1636
-1643
-653
-225
-491
-1053
-1921
-1862
-2007
-1843
-1657
-1253
-756
-825
-1044
-1643
-1991
-1859
-1453
-1214
-1546
-2044
-2835
-3348
-3413
-3679
-4054
-4061
-3861
-2914
-1686
-548
510
1336
2330
2736
2442
2219
2199
2087
1929
1603
1483
1003
437
523
960
1472
1670
1237
920
892
611
398
465
87
-384
-1287
-2021
-2752
-3191
-2772
-2166
-1793
-1387
-420
-60
-216
-34
-387
-768
-1196
-1126
-886
-602
27
769
1072
939
876
866
601
817
1301
1417
1448
1451
1322
1608
2083
2289
2555
2771
2899
3177
3021
2734
2959
3016
3050
2953
2304
1589
1412
1211
1433
1815
1353
1455
1304
1102
1048
737
773
629
681
1064
1043
1386
1564
1266
1113
502
305
441
1004
1280
1500
2137
2544
2854
2720
2474
2248
2402
2143
1446
899
975
1005
987
1083
1051
987
917
1312
1458
1636
1290
588
-56
-747
-811
-224
417
1064
1756
2206
2590
2821
3012
3591
3971
3642
2919
2736
2284
1899
1619
1555
1833
1574
1113
442
139
-157
-75
-32
-18
156
402
476
533
975
1888
2569
2415
1773
684
155
116
220
21
-173
451
964
930
419
-95
-34
160
481
471
198
22
-266
-376
-476
-1036
-1551
-2076
-2482
-2628
-2450
-2180
-2268
-2146
-1664
-1179
-817
-1231
-2265
-3166
-3563
-3047
-2682
-1920
-1291
-745
-348
-583
-6
176
164
-87
-975
-1913
-2991
-3390
-3299
-2732
-1571
-466
217
363
-322
-635
-465
-691
-745
-968
-1601
-2337
-3127
-4010
-4641
-5247
-5579
-6081
-6549
-6418
-5741
-4769
-4020
-3628
-3837
-3861
-3669
-3644
-3753
-3251
-2422
-1846
-1254
-1545
-1764
-1857
-1900
-1523
-1649
-1896
-1421
-857
17
755
916
812
376
14
132
383
590
-45
-948
-1662
-2236
-2384
-2505
-2801
-2867
-2175
-1612
-1206
-1143
-1266
-1485
-1552
-1577
-1493
-2092
-2562
-2896
-2779
-2143
-1801
-1349
-1142
-255
916
1594
2203
2204
1805
1707
1324
1671
2013
1756
2464
2906
3078
3305
3258
3117
2920
2276
1303
106
-971
-1363
-1508
-1480
-1458
-1253
-1019
-775
-365
348
639
1367
1629
944
-14
-1315
-1676
-1872
-1837
-945
247
1451
2512
3520
4048
4314
4628
5053
4753
4329
3748
3068
3011
3022
3009
2912
2847
2597
2745
2987
2564
1944
1416
1273
787
597
479
261
823
1134
1960
2683
3080
3339
3003
2642
2029
1199
876
719
266
-201
-20
497
1198
1539
1982
2567
2754
2698
2544
2470
2129
1716
1785
2575
2921
3112
3382
3832
4568
4614
4184
3665
2704
1785
1044
129
-365
-1076
-1538
-1577
-1962
-1751
-1115
-6
1331
2230
2863
2938
2417
1577
1028
918
948
1482
2272
2629
2697
2300
2181
2422
2934
2883
2421
1798
940
588
687
763
1019
1438
1001
35
-900
-1050
-930
-760
-473
-601
-1080
-1585
-2047
-2605
-3198
-3431
-3034
-2788
-2330
-1777
-1329
-1513
-1406
-1144
-1353
-1435
-1149
-1046
-1281
-1485
-955
-479
-600
-710
-1137
-1068
-908
-1135
-1402
-1921
-2491
-2926
-3162
-2946
-2505
-2075
-1937
-1664
-1159
-483
215
581
853
571
-345
-1113
-2173
-3018
-3211
-3360
-3033
-2501
-2678
-2973
-2555
-1784
-1575
-2036
-2229
-2789
-3549
-3622
-3911
-3921
-3927
-3711
-3729
-4438
-4572
-4219
-3921
-3052
-2223
-2258
-2821
-2997
-3142
-3018
-2964
-3223
-2485
-2102
-2095
-2321
-2418
-1754
-1091
-616
-588
-500
-618
-521
-316
-365
-48
114
-155
-148
33
-195
-514
-793
-465
-108
-688
-1377
-1394
-1486
-1208
-440
239
334
463
212
-281
-738
-1616
-2353
-3133
-3704
-4111
-4067
-3394
-2900
-2085
-1279
-1042
-595
-444
-488
-206
-410
-711
-1023
-1023
-1030
-1297
-756
42
984
2393
3464
4028
4489
4103
3037
2177
1286
941
1164
1238
1644
2357
2628
2788
2999
2593
2260
1932
1826
1741
1293
1402
1321
1096
978
707
408
312
146
306
34
55
-266
-1279
-1987
-2246
-1609
-628
611
2090
2958
3643
4405
4629
4974
4824
4576
4603
3977
3325
2567
2375
2174
2525
3346
4135
4926
5387
5885
6073
5697
5206
4177
2620
1195
309
-10
-95
495
924
1123
943
184
-76
-22
54
233
217
151
69
127
331
459
1016
2430
3340
3903
4413
4890
4755
4374
3718
2979
2168
1407
1328
1373
1614
2193
3216
3939
4425
4421
3533
2333
1124
-271
-1174
-1757
-1696
-1666
-995
-490
-894
-1123
-1664
-1495
-1205
-883
-634
-619
-1046
-1772
-2235
-2196
-2012
-1530
-1137
-791
-207
-49
484
924
1163
1384
1200
934
-22
-1353
-2499
-2563
-1859
-1594
-1109
-690
-1042
-1546
-2124
-2250
-2666
-2875
-2435
-2133
-1947
-1854
-1514
-1008
-877
-315
55
574
1224
1425
1433
1353
1142
757
172
-129
-394
-269
116
154
164
457
762
901
650
334
-574
-1579
-2268
-3323
-3851
-3564
-3447
-2860
-2272
-1926
-1803
-1853
-1552
-1103
-618
-615
-617
-806
-1319
-1595
-1783
-1984
-2013
-1282
225
1135
1949
2741
3193
2941
2209
1168
416
562
835
597
481
334
22
410
353
-151
-200
142
424
212
-563
-1205
-1125
-796
-897
-898
-1260
-1281
-781
-681
-362
190
680
1185
959
470
502
197
-168
-302
-601
-265
-33
623
939
666
506
264
-197
-818
-1001
-1075
-934
-625
-627
-779
-833
-583
54
410
482
467
35
-397
-592
-1037
-1161
-1049
-852
-591
-584
-642
-1095
-1166
-1472
-1716
-1577
-984
-712
-969
-1174
-1366
-1370
-975
-603
-334
234
817
1215
1483
804
93
-440
-1053
-1326
-1662
-1960
-1745
-1652
-502
329
917
1404
1614
1942
1623
750
-274
-733
-747
67
880
1589
1841
1540
1643
1700
1731
1659
1837
2052
1860
1711
1274
896
240
107
532
495
569
204
-381
-462
96
381
121
-247
-712
-696
-843
-1049
-746
-745
-625
-390
-482
-112
489
770
1442
1957
1116
669
478
297
815
1182
993
541
-470
-1586
-1898
-2156
-1734
-953
-458
-787
-1183
-1232
-794
-229
164
406
771
371
-730
-1321
-1730
-1980
-1850
-1714
-2086
-2717
-3453
-3459
-2901
-2108
-1469
-674
-83
144
955
1809
2673
3009
3138
2936
2189
1358
484
142
567
767
738
608
385
194
499
804
958
1027
777
839
1180
1496
1705
1773
1307
855
190
-454
-856
-822
-31
731
1318
1362
1537
1827
1636
1717
1651
1496
827
-143
-533
-642
-549
146
683
716
-56
-1375
-2150
-1994
-1053
13
829
1064
477
-896
-1727
-2063
-1964
-1429
-1053
-878
-1467
-2451
-2856
-3013
-2430
-1271
-748
-802
-1394
-1978
-1937
-1792
-1490
-995
-491
455
915
1181
2022
2551
3196
3392
2712
2018
1386
1063
806
561
539
381
457
585
824
1308
1938
2881
3479
3520
3363
2448
1838
1589
1170
1152
755
211
-142
-581
-906
-705
-271
186
696
982
744
507
84
37
595
718
712
321
256
-23
-159
-35
545
951
701
401
-501
-727
-94
882
1587
2047
2048
1784
1215
796
751
419
322
-177
-647
-1168
-1432
-408
461
1090
1155
1568
1619
1702
1691
1738
1568
1413
944
306
157
185
590
1186
1662
1690
1494
965
451
298
629
1088
1361
864
343
-229
-580
-461
-580
-650
-656
-381
-88
725
1283
1719
2244
2573
2383
2198
1961
1681
1370
795
803
1141
1566
1922
2094
2104
2109
2101
2442
2809
3127
3311
2989
2726
2166
1901
1405
932
889
888
671
799
734
821
1250
1236
993
1244
1334
915
769
314
-651
-1034
-1413
-1236
-18
747
1181
1075
-61
-1365
-1958
-1777
-1239
-1008
-1089
-1332
-1481
-1667
-1750
-1674
-1553
-1104
-550
560
1143
881
474
73
-296
-326
-497
-825
-1455
-1796
-2002
-2403
-2859
-3608
-3570
-3476
-3063
-2780
-2314
-2068
-1797
-1023
-750
-377
-398
-252
-880
-1719
-2129
-2655
-2758
-2543
-2276
-1587
-1379
-1261
-1368
-1541
-1486
-1566
-1534
-1611
-1697
-1810
-2003
-2296
-2632
-2556
-2385
-1971
-1188
-1166
-1716
-2508
-3212
-3338
-3053
-2733
-2745
-3367
-4198
-4541
-4197
-3107
-1997
-582
0
-240
-333
-1128
-1381
-1240
-1026
-735
-531
-409
-197
385
1004
1473
1404
289
-520
-1502
-1618
-968
-789
-570
-268
-452
-535
-715
-760
-359
-12
362
588
-147
-855
-1673
-2290
-2596
-2342
-1676
-1139
-509
-102
-109
390
1281
1976
2422
2059
938
-52
-234
153
721
1132
1470
2008
2267
2827
3084
2879
2839
2552
2242
1520
923
502
325
797
1587
1807
2328
2815
3263
3648
3675
3301
2531
1806
783
0
65
644
741
430
-172
-1005
-1059
-649
269
1492
1490
820
-410
-1751
-1997
-1832
-1302
-718
-787
-1323
-1996
-2721
-2854
-2532
-2266
-2387
-2233
-1608
-431
640
1267
1094
121
-517
-1195
-1462
-1462
-1688
-1981
-1738
-1590
-1706
-1060
33
1266
2198
2617
2472
2121
1847
1805
1881
1551
754
-26
-1348
-1859
-1132
647
2860
5077
5802
5464
4675
4032
4196
4574
5330
5579
5304
4594
4009
3546
3313
3623
3828
3970
3775
3301
2442
1822
1455
1247
1592
2004
2357
2605
2682
2211
1797
1101
325
-21
172
980
1900
2354
2566
2068
1370
916
1398
2149
2739
2927
3072
2322
1126
-365
-1343
-1160
-477
85
506
936
956
1124
1906
2127
2090
1634
607
-730
-2003
-2597
-3015
-2508
-2148
-1160
-135
185
977
1678
1836
1526
686
-124
-887
-2015
-3345
-4453
-5622
-6558
-6283
-5256
-3796
-1873
-620
424
772
465
-64
-665
-1078
-1513
-1698
-2315
-2634
-2754
-2972
-2453
-2006
-1289
-793
-568
-155
-187
-408
-425
-166
42
-104
-87
-11
-487
-528
-947
-1095
-777
-667
-403
-72
-708
-2027
-3377
-4748
-5185
-5151
-4574
-3892
-3749
-3839
-3833
-3894
-3584
-2709
-2311
-2260
-2700
-3088
-2715
-2310
-1526
-693
-134
142
-509
-1170
-2365
-3055
-3079
-2818
-2806
-2845
-2699
-2077
-1928
-1092
-120
316
838
525
73
-497
-1100
-1451
-2284
-3553
-4693
-5010
-4103
-2757
-1277
-380
398
607
355
-160
-1267
-1989
-3062
-3552
-3897
-4361
-4001
-3006
-969
1559
3464
4959
6210
6270
5110
3524
2112
1359
772
-509
-1763
-2641
-3349
-3002
-2247
-986
466
1137
1377
1530
1552
1471
1538
1820
1579
1123
210
-473
-760
-912
-725
-474
-206
-36
-24
266
638
797
674
1317
2340
2798
3197
2855
3176
3038
2155
1152
210
-54
124
547
703
1026
1356
1565
1749
2115
2200
2217
2114
2347
2243
2110
2060
1824
1867
2588
3857
4860
5554
5924
6075
5935
5939
5902
5654
5294
5026
4543
4192
3815
3815
3803
4313
4638
5081
6072
6265
6284
5977
5248
4460
3640
3098
2907
2142
1720
1019
-235
-841
-1252
-1556
-920
-157
290
703
512
292
56
-197
-524
-1091
-1433
-1890
-2707
-2812
-2494
-1233
39
1018
1862
1754
1570
1861
2256
2302
1932
1213
215
-672
-1191
-2192
-2724
-2383
-1962
-757
132
821
796
756
506
-508
-1832
-3011
-3740
-4322
-4620
-4685
-5185
-5344
-5065
-4764
-4026
-3311
-2645
-1876
-1280
-1334
-1729
-2391
-2682
-3045
-2397
-1820
-2119
-2824
-4171
-4486
-4573
-4512
-4310
-4291
-4018
-3443
-3107
-2570
-1263
-118
758
459
-570
-2101
-3594
-4790
-5369
-5344
-5002
-3810
-2408
-1228
365
1158
1285
1612
1533
1097
232
-439
-1928
-3323
-4075
-5300
-5658
-5570
-4798
-3670
-2340
-1277
-846
-636
-885
-1977
-2594
-3020
-3434
-3737
-4191
-4608
-4849
-4517
-4269
-3584
-3037
-2962
-2649
-2417
-3014
-3492
-3502
-3876
-3623
-2631
-2075
-1666
-1609
-1023
-312
342
845
578
634
429
170
-31
620
1454
2138
3149
4135
4725
5333
5747
5621
4895
3515
2274
1578
1189
943
863
417
302
100
-290
-238
126
618
1005
868
244
-741
-1062
-304
978
2861
4301
4744
4610
4040
3092
2389
1504
673
-357
-1499
-2295
-2707
-2470
-1834
-373
1289
2908
4732
5912
6536
6418
5973
5244
4021
2714
1359
966
908
831
1257
1775
1960
2160
2449
2570
2887
2840
2912
2232
1430
829
665
1322
1616
2178
2391
2032
1090
573
764
1377
2007
2846
3347
3293
2539
2142
2306
2833
3451
3592
3188
1574
386
-414
-1139
-1212
-506
543
1432
1951
1752
1851
2275
2606
2975
2454
899
-619
-1614
-2180
-2419
-2561
-2212
-1013
805
2479
3514
4291
4319
3591
2771
1752
649
45
-309
-486
-814
-1209
-1092
-153
1053
2281
3714
4198
3526
2480
1129
22
-969
-1103
-936
-954
-1018
-1012
-643
95
748
1272
1301
1216
1028
442
-492
-1531
-2096
-1983
-1402
-1347
-2255
-2634
-3022
-3030
-2415
-1958
-1728
-1276
-1107
-340
-721
-1102
-960
-1109
-1204
-1600
-1586
-2302
-3194
-4246
-5443
-6028
-5704
-4780
-4161
-3383
-2624
-1412
-1
606
510
72
-380
-841
-1293
-2456
-4032
-4632
-5376
-5875
-5187
-4353
-3332
-1587
188
1317
1135
987
502
-235
-1318
-3038
-4254
-4795
-5180
-4643
-3746
-2879
-1965
-404
922
1719
1940
1425
-11
-1480
-3149
-4002
-4505
-5255
-5902
-6219
-6043
-4799
-3112
-1614
-903
-1033
-1208
-2423
-3464
-3350
-2715
-1917
-1270
-555
-681
-1151
-2018
-2523
-2340
-1459
-342
801
2068
2653
2879
3250
3061
2428
1505
424
-518
-1262
-1605
-2118
-1994
-1368
-567
-51
283
1047
882
257
-809
-2109
-3262
-3716
-2790
-1038
404
962
1483
1386
1305
503
-354
-615
-81
931
1547
2436
2739
3444
4040
4694
4331
3171
2344
1085
-73
-1137
-1288
-466
1130
2845
4221
4560
4489
3874
3508
3253
2721
1225
-224
-1557
-2781
-3127
-2740
-1465
519
2598
3803
4542
4809
4445
3188
1765
280
-875
-1005
-685
-497
-1032
-1461
-1725
-1138
423
2158
3860
5181
5680
4770
3288
2162
1262
809
901
1657
2898
3325
3580
3213
2803
2453
2344
2727
2681
2469
1737
1118
667
-72
-250
-198
-159
-143
-82
-222
-381
226
1344
2310
3201
4329
5066
4908
4020
2391
1612
1651
1370
1477
1346
362
-983
-2144
-2512
-2051
-156
2238
3929
4816
4645
3594
2378
1417
418
-348
-1065
-1730
-2477
-3072
-3827
-4160
-3564
-2203
-74
1721
3581
3648
2530
1239
532
175
-189
-599
-1010
-1035
-1775
-2127
-2792
-3200
-2764
-2045
-1096
-750
-25
898
548
-223
-940
-1853
-2148
-2728
-3734
-4386
-4833
-4523
-3682
-2497
-1229
84
676
432
-641
-1754
-2986
-3623
-4023
-4304
-4720
-5305
-5584
-5257
-5354
-5270
-4239
-3116
-1662
-689
61
-38
-620
-1221
-1497
-2510
-3254
-4314
-5213
-5283
-5342
-5117
-5312
-4265
-3348
-2198
-1010
-125
722
707
187
-232
-314
-137
50
-95
-1005
-1542
-1948
-2322
-1731
-930
440
1608
2517
2967
3341
2883
1701
417
-846
-1607
-2126
-1736
-1857
-1628
-856
23
1122
2168
3329
3792
3858
3022
1787
278
-1200
-1824
-1580
-1435
-1381
-1107
-882
-102
1042
2530
3423
3874
3780
3775
3756
2796
2481
2397
2415
3027
2667
2059
2088
2190
1900
1551
1841
2041
2470
2244
2459
2456
2291
2320
2088
1512
1046
641
199
-508
-1493
-2596
-3674
-3550
-2509
-1180
220
1293
2491
3173
3151
2658
1203
42
-482
-871
-805
-943
-863
-587
10
1317
2166
2472
3012
2741
2277
478
-1233
-2378
-3305
-2974
-3270
-3298
-3306
-3061
-2795
-1853
-655
-34
979
956
754
1056
872
229
-412
-1102
-1498
-1841
-2112
-2317
-2175
-2401
-2279
-1628
-1051
-593
-49
412
808
1298
1780
2700
3075
3197
3135
2855
2186
1026
-579
-1625
-1618
-932
-87
368
876
477
-221
-415
-339
-634
-1672
-2530
-3228
-3221
-2907
-2880
-3302
-3094
-1367
523
2121
2430
1848
954
-815
-2720
-3529
-3612
-3162
-2205
-1247
-736
-452
747
2370
4084
5478
5529
4542
2950
1666
782
-211
-909
-1661
-2557
-2869
-2391
-1139
-346
287
1158
1761
2261
2406
1929
972
-107
-684
-794
-614
30
124
-118
-203
-455
-1265
-2291
-2614
-1764
-672
702
1646
2135
1691
1300
1343
845
324
71
720
1131
253
-706
-1107
-658
58
954
2000
2834
2625
1740
910
765
1078
1695
1978
999
13
-1198
-1417
-1256
-1301
-1077
-388
937
1918
2411
2399
2125
1351
1504
1729
1067
567
-411
-682
-584
412
1071
1564
2467
3570
4800
5022
4327
3353
2432
1480
966
1094
728
480
955
1206
1851
2642
3419
4088
3837
3508
2807
1872
737
-232
-230
-459
22
585
350
220
390
898
893
810
1187
1514
2541
3290
3084
2192
898
-528
-1374
-1582
-1449
-1208
-810
-819
-1556
-1762
-1453
-919
-111
822
2253
3549
3986
3291
2122
1418
1129
1482
1251
-132
-1625
-2853
-3078
-2391
-1107
256
1610
3132
3619
2996
1736
240
-1129
-2322
-3542
-4917
-5469
-5701
-5324
-4943
-4208
-3180
-1852
184
1504
1883
1627
181
-1579
-3347
-4601
-4983
-5117
-4951
-4383
-3946
-4110
-3669
-2374
-1037
536
1640
1622
1221
937
749
275
28
848
1697
2609
2810
1720
500
-916
-1852
-2267
-2478
-1858
-1241
-699
-86
89
-516
-1594
-2395
-2981
-3461
-3995
-4722
-5644
-6845
-7100
-6663
-5154
-2776
-730
996
1991
1963
1481
1308
654
182
-189
-833
-649
-776
-1026
-655
398
2640
3893
4952
5240
3868
1910
-700
-2876
-3796
-4260
-4324
-4039
-3862
-3984
-3120
-1387
-497
766
2048
2452
1987
861
-68
-1209
-1539
-1566
-1853
-1440
-422
776
1627
1472
939
612
497
583
557
873
1033
524
9
270
706
1846
4041
6127
6942
6209
4719
3400
2062
1358
1579
1671
1817
2235
2156
1749
1486
956
305
159
65
-171
-1308
-2416
-2332
-1995
-1260
-647
-517
-523
-392
123
245
305
-14
-944
-1192
-1059
-1226
-1698
-1870
-906
-112
1171
3059
4649
5719
6538
6095
4188
2306
432
-961
-1740
-2037
-2018
-1777
-1668
-1586
-1406
-1195
-28
1790
3044
4047
4247
3525
2535
1523
1390
1304
1071
566
137
-478
-1015
-664
76
736
619
634
654
454
488
763
513
250
-92
-164
-212
223
705
793
693
183
-46
116
1081
1705
2228
2440
1881
1190
-153
-1473
-1783
-1937
-1958
-2190
-2717
-2308
-441
2132
4447
5502
5516
4644
3404
1765
76
-510
-277
339
528
-114
-686
-949
-419
1350
1993
2122
2181
1856
1126
-22
-1044
-2908
-4881
-5807
-6115
-5584
-4243
-2734
-1262
-440
-72
270
288
742
1481
1772
2231
2165
1526
1200
497
-188
-525
-1040
-2294
-3157
-3319
-3070
-2308
-1633
-159
742
813
919
837
93
-719
-1755
-2700
-3703
-4651
-5281
-4856
-3955
-3182
-2364
-2063
-1630
-1042
-839
-1091
-1960
-2660
-2691
-3111
-3125
-3419
-3629
-3017
-2545
-1716
-810
-88
683
1533
2588
2905
2176
1048
-459
-1508
-1506
-1194
-865
-1005
-1558
-2434
-2939
-3236
-3260
-2969
-2450
-1429
-654
-209
-75
-298
-1140
-1870
-2141
-2537
-2663
-3060
-3740
-3981
-3531
-2015
-296
1244
2263
3232
4040
4039
4109
3710
2883
1666
834
220
-481
-1199
-2391
-3487
-3985
-3418
-2526
-1318
78
1146
967
58
-930
-1961
-1844
-1328
-901
-499
147
1354
3160
5391
6920
7696
8211
8426
7871
6443
4712
3337
2459
1944
1718
1459
1224
732
893
1461
2152
2798
3508
3938
3785
4013
3645
3468
2893
2352
1818
1148
1137
1469
840
-262
-1386
-2410
-2315
-1107
209
530
1023
1009
1002
465
85
-231
-1216
-1689
-2582
-4033
-5050
-5430
-4846
-3319
-1412
491
2145
3214
3942
3814
3013
1875
675
-491
-959
-524
-882
-1932
-2597
-2504
-1840
-995
-394
-282
-478
-816
-1650
-2368
-2914
-4075
-4682
-4226
-2989
-1557
-450
-70
189
578
789
1120
1699
2021
1863
1388
1398
1314
1332
1609
1704
1300
721
-21
-980
-1392
-1755
-1964
-1521
-1522
-1718
-2167
-2343
-1778
-1016
-375
36
509
1459
1818
1440
880
326
-349
-1048
-1463
-1407
-644
224
986
1303
1072
744
48
-92
344
168
-482
-2016
-2902
-2875
-2475
-1520
-449
330
280
246
-11
-1059
-1703
-1647
-1765
-1783
-2476
-2819
-3190
-2975
-2071
-1859
-964
-155
1018
2062
1915
824
-990
-2221
-3525
-4486
-4953
-5167
-5361
-4923
-3838
-2348
-1364
-241
736
1811
2341
1964
1731
491
-996
-2351
-3024
-3389
-3697
-3272
-2535
-1324
67
1689
2410
2409
2134
1852
1844
1846
2300
2305
2061
1317
804
484
11
-237
-363
-254
-358
-317
-523
-397
155
1033
1255
974
1248
1662
2106
2224
2344
1848
1175
414
335
746
1243
2154
2898
3240
3445
3237
2725
1664
484
-114
-506
-865
-1214
-922
-494
58
663
716
836
1485
2475
2690
2903
3490
3591
3238
2606
1820
1175
957
1459
2583
2876
2674
1778
1479
1141
867
1249
2116
2995
2777
1590
213
-935
-1079
-929
-1249
-1216
-942
-737
-577
192
761
1911
2686
2739
2304
1420
686
-928
-1835
-2170
-2238
-2723
-2992
-2386
-1000
-30
956
1705
1950
1943
1485
1711
1323
2074
1078
646
-942
-2289
-2108
-1849
-538
-306
1351
2441
3917
4152
4418
3866
2648
1292
-665
-1901
-3005
-2085
-1510
-559
-99
423
460
-181
516
714
1445
1778
788
335
252
146
188
82
-383
-836
-1459
-1024
-1478
-2622
-2166
-2322
-1633
-2414
-2605
-2265
-1843
150
353
217
-952
-2297
-3574
-4342
-3625
-2505
-1396
-322
453
1096
983
1258
1635
2550
2754
1021
-15
-492
-1393
-1406
-1575
-1835
-2492
-1725
440
45
375
520
322
-202
-1272
-1107
-2574
-3450
-3331
-4233
-4729
-4981
-3920
-3151
-2498
-800
-1513
-1342
-639
-1163
-1146
-2315
-3062
-3714
-4711
-4292
-5528
-5554
-5169
-4524
-2868
-2518
-1459
-1677
-748
468
940
1587
2025
1620
1351
744
-291
-1363
-1688
-1064
-1310
-1481
-2499
-3071
-2488
-1703
-635
82
806
1049
684
920
943
1374
1315
954
206
-2036
-3443
-3897
-4075
-2988
-1019
493
1471
2225
3358
3291
2879
1294
92
-1153
-2296
-1841
-1562
-202
790
1267
1378
859
612
890
351
-50
-1056
-1982
-1823
-2342
-1130
387
1944
3402
4128
4079
3315
3370
3232
2707
2240
1173
364
-36
-636
-325
25
1149
3063
4602
5054
4196
3411
3509
3041
3183
2302
678
247
-412
-249
-203
319
769
1372
2215
2026
1765
1477
793
-450
-1238
-1374
-355
858
2572
3773
3871
3624
3343
2436
579
-40
-937
-1598
-1292
-1394
-1374
-1031
556
1606
2915
4658
5904
6513
6741
5966
4285
2756
780
-285
-1395
-1063
-371
857
3077
5419
6511
6351
5713
4600
2841
1296
476
-1814
-3134
-2888
-3165
-2349
-1156
-87
452
589
438
529
1149
1812
2279
2331
1332
-158
-796
-1271
-796
78
1457
2465
2397
2650
2289
2946
3595
4414
3955
3130
2463
1071
-144
-2225
-2789
-3621
-3499
-3094
-3311
-3249
-3698
-2905
-3545
-3050
-3226
-3037
-2535
-2376
-1422
-1957
-482
376
-69
213
-9
-460
-947
-1203
-1980
-3111
-3852
-3458
-3508
-2232
-1536
-755
-306
-399
-49
-168
201
55
-25
-302
-1212
-1894
-1804
-1004
402
1887
2692
1960
127
-153
228
205
-226
-589
-288
-1044
-941
-400
-317
-438
316
973
-344
-859
-915
-1157
-2047
-2163
-2817
-3272
-2978
-2122
-1596
-1211
-17
309
1567
1962
2320
976
-8
318
-720
-674
-2043
-1864
-2839
-1917
751
1180
1883
566
237
-800
-1531
133
290
282
500
332
279
-518
277
-275
-1004
-1067
-2676
-2735
-2855
-1342
86
299
1656
-59
588
2275
2171
3605
3029
2632
1734
-63
-528
-3396
-3882
-3435
-5201
-3472
-4861
-4484
-2565
-3176
-1050
-3414
-2264
-2773
-3505
-679
-2774
-1422
-1889
-2261
-1077
-2539
-704
-427
481
1954
1253
940
-975
-769
-377
264
2971
4670
5071
3798
3278
1740
373
1612
512
744
-460
-548
1329
1408
2042
660
1083
1055
765
2680
1475
56
1041
477
-602
-1442
-1014
-1444
-1293
756
-938
-925
7
-1261
-1499
-1285
-2016
-1956
-18
-111
-997
765
2128
1463
3266
3999
228
-235
-292
-2060
-1567
1065
2095
1535
3518
3769
694
634
1841
1414
187
778
1696
493
795
2916
1914
1369
1504
1845
877
126
800
-1092
-1428
-687
-62
1940
3609
4993
5315
4880
4372
3565
2140
1147
428
180
86
112
22
-847
-73
887
460
118
894
1553
1243
1406
1070
436
522
863
463
-739
-1744
-2344
-913
539
692
-289
-258
331
-282
-475
-643
-1231
-853
422
1295
1369
568
429
380
465
-237
-648
-137
-810
-1677
-2296
-2573
-3423
-3787
-2100
-674
973
2254
3512
4647
4507
4168
2990
1969
1108
159
-626
-1294
-2307
-1705
-293
25
-122
380
1610
1134
646
-419
-2059
-4077
-4721
-3849
-3273
-3208
-3993
-3761
-2633
-1285
-676
-1455
-2483
-3304
-3185
-2597
-3444
-4763
-4577
-2959
-1630
-1383
125
1355
2308
3715
3647
2543
520
-268
-1166
-3277
-4545
-4881
-4149
-3363
-3447
-3752
-3202
-1078
234
177
-270
-578
-574
-1609
-2668
-3626
-4428
-4655
-4386
-2721
-2350
-1812
-1122
-1107
-1057
-700
283
-437
-1889
-2247
-2491
-2055
-1558
-1642
-1653
-891
1326
2606
2504
2466
1792
1519
812
-753
-1966
-2442
-2532
-2334
-907
160
234
1342
2269
2364
2446
2315
2416
2708
1918
1133
666
1494
1823
1656
988
250
917
1727
1815
1118
278
-448
-989
-2001
-2317
-1681
-913
651
1447
1141
54
-217
-691
-2089
-2061
-2307
-1934
-1101
-240
-279
-1241
-1029
-934
-1548
-1427
-1366
-1367
-782
496
1204
1500
2550
3150
3525
3779
4518
4677
3879
3236
1981
1760
1530
1208
938
-261
-29
738
1082
745
412
477
98
74
-209
-1409
-1899
-1420
-391
50
175
1364
2366
2570
2448
2266
1770
1688
1810
1809
1287
710
1070
977
719
1075
2566
3169
3373
3475
3105
2276
1344
934
628
757
398
252
-236
-512
-317
118
626
755
1002
1128
1409
2151
2309
1832
1243
860
456
455
699
221
-68
-209
-201
-589
-1638
-1848
-2020
-2252
-2089
-1827
-1784
-1586
-476
238
869
802
448
282
-165
-41
-94
-464
-775
-958
-130
100
245
303
135
678
1096
1416
2112
2305
2755
3052
2962
2633
1818
1980
2219
2517
3022
2629
1862
993
270
116
574
1209
1106
1129
1034
667
765
733
704
243
601
829
900
1061
568
-113
-476
-401
-449
-1147
-1858
-1809
-1952
-1279
-857
-397
85
-30
-131
553
1569
1981
1810
1775
1467
841
236
-96
-481
-126
819
1017
897
1041
1338
1675
1621
1263
585
199
-209
-563
-403
-743
-1047
-1731
-2258
-2473
-2895
-1461
-294
38
602
-73
-1391
-2185
-2315
-2664
-2592
-1604
-1684
-1808
-1710
-2149
-2415
-2701
-2832
-3135
-3684
-3995
-3994
-3300
-2477
-2020
-828
234
-187
483
1760
1756
647
633
114
-735
-122
-801
-1175
-1039
-301
355
1413
2871
3732
4226
4212
3176
1002
-583
-1243
-2037
-2479
-2226
-1908
-767
354
901
2176
4919
7669
8876
7107
3748
1424
927
1239
-1237
-5780
-9770
-8677
-4303
-1117
-775
-4408
-7129
-6810
-3942
-1956
-2281
-3825
-3540
-2070
-994
-862
-1583
-14
1662
3467
3447
33
-1753
-1130
1104
2620
2057
1416
-309
-909
-327
167
1688
2530
3306
2807
1949
832
553
1993
3459
3895
3583
1920
976
1177
1373
1656
1669
1057
827
1180
1312
1395
1806
1667
2084
1499
-224
-843
-1584
-2169
-1423
-1440
-1158
-1809
-3283
-4198
-5002
-5460
-6270
-5328
-4168
-3313
-1946
-1633
-1358
-1393
-530
539
-105
-752
-949
-2002
-3318
-4399
-4890
-4167
-3193
-2871
-2865
-2597
-2158
-441
1523
2611
3335
3278
3758
4007
3254
1474
-65
-785
-107
1172
1694
231
-153
812
3171
4930
4582
4324
3924
5823
8183
10219
11197
7248
-5022
-14049
-16058
-18576
-22525
-25420
-27900
-30816
-18546
-1026
4020
5413
7327
6408
3879
2903
688
-2196
-605
4584
10338
15843
18737
21960
23276
20536
15799
9695
3399
-1962
-6193
-8665
-9675
-8514
-6466
-3039
-879
365
1320
1538
214
-2314
-4531
-6966
-7127
-6835
-6933
-6111
-4870
-2832
-1103
398
1444
1438
79
-766
-1015
-109
260
1748
3718
3568
2830
2325
-308
-5354
-9632
-12342
-14265
-15007
-14263
-11356
-8942
-5534
-172
4573
7193
7557
6782
5765
4481
3104
3160
2580
1655
738
985
1104
1054
-274
-2112
-4126
-5884
-5422
-3796
-2383
-2840
-1111
3433
7758
11654
12809
11963
10933
10426
10069
8135
4879
2376
1404
1637
3315
5064
5599
6527
7058
6653
5810
5126
2668
-434
-3364
-6093
-8338
-9724
-10554
-11652
-11308
-9912
-7142
-3952
-40
4091
6709
8230
8960
8431
7285
6272
4956
3658
3178
3489
3602
3788
3435
2345
1434
63
-1811
-2655
-2512
-2507
-2368
-2639
-3076
-2750
-942
486
1613
1771
1592
1374
2155
2781
2405
1647
841
132
141
1006
955
232
132
6
-210
70
480
-394
-679
-192
-252
148
1070
804
459
148
-265
33
1059
1527
2287
3934
4345
4092
4712
5257
6067
7081
7314
6295
4820
4356
3798
3139
1933
470
117
-194
50
-240
-497
-330
-902
-851
177
586
-208
-1531
-1844
-2234
-1927
-1806
-2071
-2452
-2466
-1659
-1130
-1095
-1508
-1943
-2303
-2518
-2833
-2924
-2823
-2003
-2069
-2108
-2242
-2746
-3291
-3862
-4143
-4950
-4355
-3270
-2607
-2260
-1885
-1316
-871
-882
-1069
-2615
-4302
-4744
-3924
-3330
-3232
-2639
-2428
-1553
294
1379
1546
1515
1916
2295
1599
788
-524
-1963
-2672
-3112
-3168
-2751
-2078
-1196
343
1512
941
-317
-1385
-2255
-3048
-3415
-2992
-3208
-2660
-1320
-179
123
-489
-979
-1441
-1717
-2494
-3879
-5145
-4804
-3493
-2088
-510
507
1347
2427
3842
4641
4333
3789
2597
1259
850
177
-531
-1161
-465
-267
-453
-13
-140
-392
-954
-1732
-2931
-4200
-4349
-4045
-3335
-2764
-2770
-2894
-2571
-2070
-2002
-1408
-802
-302
-982
-1588
-1499
-1592
-1388
-517
1240
3029
4731
5417
5302
4804
3705
2872
2176
1616
458
-323
-366
-348
-743
-1672
-2654
-3151
-2451
-1260
-898
-558
-53
464
37
234
351
-412
-592
308
613
457
824
1118
626
-257
-185
317
925
1939
2832
4305
5263
6025
6447
5869
4043
2103
1518
1212
733
-234
-1452
-2364
-2358
-2061
-2386
-2737
-2832
-1110
2123
5150
5934
4505
2647
565
-669
-2025
-2881
-2724
-1784
28
1713
2296
2585
3206
4213
5312
4314
1420
-34
208
684
3161
4819
2355
748
4007
6879
5982
4744
2993
276
377
1482
-1290
-4601
-4307
-734
-434
-3588
-5022
-4947
-2887
417
-444
-2581
-2201
607
1719
1747
1393
140
1489
4945
6206
5950
6680
7307
7587
8212
7661
6479
5247
4692
4229
2771
2234
1578
325
-604
-1665
-3066
-3966
-3232
-2541
-1961
-1570
-1980
-2552
-3074
-2939
-2790
-2896
-3085
-3359
-3085
-2974
-3097
-4074
-5183
-5845
-6418
-6149
-5824
-6107
-6236
-5846
-4943
-5381
-5605
-5610
-5150
-4255
-3409
-2234
-2674
-3690
-4248
-4650
-5439
-5786
-4339
-2395
-241
1151
1479
1484
2664
4186
4549
3892
3542
3594
3061
3121
2019
356
-376
-78
-305
-749
-174
1000
2114
2880
2648
1560
1272
2633
3162
2872
1855
1502
1396
1614
2669
2113
242
-1412
-2332
-3481
-4509
-4817
-5147
-5462
-4807
-4051
-3390
-2792
-1792
-1761
-1550
-1151
-1232
-1184
-1287
-1422
-1874
-1854
-1191
-37
1351
1950
1981
1905
985
249
126
11
64
758
2035
1788
1401
1830
2154
1873
1794
1067
-130
-654
-875
-1310
-2066
-3364
-3439
-2245
-1355
-120
747
969
1680
3334
4188
3474
1907
814
-692
-1818
-1661
-2958
-4165
-3806
-3615
-3462
-2671
-1838
-1692
-2331
-1838
-1484
-1554
-1470
-1184
-1165
-1360
-191
-111
-422
-396
-504
-429
291
193
-1186
-981
191
584
1082
2266
3216
3309
4101
5063
3944
2001
1862
1609
445
2067
3553
2134
2390
4613
4914
3408
3857
4191
2011
1981
3576
3071
3023
3965
4553
4544
4321
3821
2102
791
353
-893
-1209
-786
-280
-353
992
1761
874
1784
2030
1491
887
385
-207
-1495
-949
-580
-348
769
1718
2259
2877
3189
1620
1052
1622
185
-820
-345
-529
-883
239
1572
1496
2178
2753
2570
2985
3354
4082
4536
4503
3421
3391
3890
1675
1569
3778
3060
2937
4513
4361
2180
2170
1926
-415
-1176
-2766
-4869
-4472
-4585
-4630
-3289
-2783
-2279
236
2172
1866
1630
2179
1038
-494
691
-1152
-2529
133
196
446
3056
2457
736
310
-1143
-3567
-4209
-4302
-5414
-6559
-5432
-5647
-5609
-2975
-2394
-3381
-1886
-1140
-2326
-2634
-1787
-2847
-3868
-3284
-2846
-3499
-3030
-1824
-1567
-889
-1019
-1332
-1693
-2662
-2431
-1240
-1897
-2608
-723
327
365
566
1072
1401
355
1051
1614
496
811
923
227
722
1961
1760
1077
1104
491
-471
-882
-737
-1451
-2089
-1361
-1364
-2420
-2537
-2975
-4009
-3146
-1179
684
1617
1933
2871
2391
1914
2431
1806
1258
636
-593
-1079
-1232
-617
-22
151
1407
1216
92
262
-657
-1767
-1872
-2174
-3145
-4126
-4166
-4391
-4853
-4509
-3548
-3006
-1917
-752
-770
-369
759
1838
2731
3877
4963
5452
5394
5523
4283
2603
1683
146
-717
-1807
-2107
-2137
-2046
-2008
-3508
-3590
-3473
-3629
-3267
-2913
-2369
-3117
-2670
-1669
-1817
-1424
-1812
-2295
-2060
-1994
-1961
-1053
162
861
490
-294
-1241
-2096
-1880
-2009
-2530
-2400
-2226
-1364
-586
224
941
913
520
201
-21
328
-113
-839
74
484
-405
-548
278
258
7
-140
-223
-385
228
1300
1177
116
-626
-1261
-1804
-2362
-2655
-2268
-2422
-3054
-2265
-1151
-1867
-2116
-1032
-536
-687
24
535
-493
-1396
-1310
-841
758
2739
3525
3884
3996
4121
4290
4124
3234
2986
2789
2234
2031
2058
1982
1714
1869
2587
2733
2752
2639
1684
591
-118
-813
-1030
-141
1316
2693
3601
4862
5957
5497
4810
3238
1764
506
219
870
496
-36
-961
-1591
-973
-359
379
1328
1473
693
155
-111
-656
-1119
-1038
-444
1067
2111
2149
2518
3383
3166
2739
2701
2402
1785
1370
1428
1377
591
371
254
732
1530
2133
2568
2942
3374
3225
3347
2448
357
-1417
-1869
-1302
-150
1140
1781
2971
3768
1541
-2795
-4573
-3915
-1537
796
2241
2483
1762
-1040
-5410
-5494
-3702
-2560
-214
715
-112
-1081
-1698
-958
485
-138
-2906
-4253
-2942
998
3605
2876
2340
2021
-219
-1826
-1298
-1087
-268
1257
-37
-4084
-5312
-3397
-1940
-2400
-243
1953
1984
2791
2887
388
-2237
-3278
-4399
-3763
-2843
-3468
-4624
-4416
-1141
-1069
-37
3075
6059
5482
3317
3934
2128
1598
1980
3366
3931
2370
2331
3749
3444
2503
905
423
660
-77
-169
-486
-1379
-2378
-1713
-2149
-3118
-2587
-2077
-1849
164
3023
3045
916
-363
-2038
-5396
-5501
-3081
-4200
-3145
-1556
-2478
-945
-156
2892
3628
2471
962
-1360
-862
-2585
-4136
-4971
-4191
-2528
-681
916
137
321
4171
3080
297
-610
-962
-1938
-1882
-455
-713
-81
-757
-425
2981
3634
1833
833
-157
-3621
-6430
-4135
-3490
-1824
496
-1277
91
1925
903
1187
960
69
1432
419
-439
-584
-754
-933
576
2340
76
-150
1540
733
-47
179
-475
-1865
-3615
-2489
-1218
-2088
-2511
-696
-637
-1791
-937
1158
-119
-1329
546
1188
-649
-1279
-49
623
1541
3275
2727
1919
2787
3291
4309
4432
2381
1827
-248
-2469
-2063
-1797
-3294
-2896
-833
-1067
-505
1145
1118
2252
3632
2465
1598
1872
-3282
-5675
244
-2832
-4162
1335
-789
-935
3800
3320
1641
2995
1625
-1239
-1474
-3656
-4565
-2644
-1870
398
-699
-827
-297
540
2259
288
654
1245
532
1100
1377
1428
1126
1024
418
1520
1671
635
1235
1668
-131
-269
-221
-1460
-1658
-1058
443
149
821
709
-350
-320
436
581
-1139
-456
2412
3947
2814
1578
823
-767
-644
841
630
330
1647
2016
2204
2510
902
280
842
-292
-903
-995
-1925
-4532
-4109
-2287
-2366
-2093
-3365
-2759
-2006
-1312
-1364
-1921
-1693
-337
675
201
-836
-290
1400
2153
2363
1166
1219
1485
401
90
1737
1763
-729
-828
-492
-2392
-865
1209
1868
3631
2358
1418
2133
2112
1932
2357
3338
3668
4115
1544
-1106
-1390
-1283
-1992
-1583
-74
139
557
-1517
-1430
-348
-795
-519
1519
1643
96
863
292
-1018
-496
-1099
-1134
-769
-2073
-1931
-767
88
145
1083
919
373
2007
1150
88
-558
-1439
-572
-163
-807
-2540
-3565
-3195
-2301
-2951
-2155
-1738
-2917
-2189
-1386
-1670
-2165
-3005
-3596
-2595
-1324
-1853
-567
-1329
-3275
-2473
-1215
1070
2895
3561
2282
1173
-513
-1038
-680
-1830
-2547
-3052
-3323
-4386
-3673
-2450
-2041
-1018
-830
-2332
-3582
-3665
-3704
-2660
-2505
-3126
-919
146
290
1143
1149
225
1161
1045
348
-143
-1804
-3885
-5017
-3476
-977
642
1640
2629
4145
4729
4847
4516
4440
3552
2914
1821
498
366
968
2057
3480
3878
2732
2132
3096
3680
3184
2442
1498
780
535
405
-412
429
1351
1843
3517
3626
3106
1647
-559
-524
-860
-2403
-3065
-2817
-3937
-3454
-3557
-4802
-4051
-2034
-900
670
1421
797
1278
1281
482
-1222
-1505
-863
-1897
-1024
-223
483
1287
1892
2226
2469
1864
1030
1192
1686
414
1542
2004
1163
1221
1518
3001
3074
2798
2722
2324
2152
3020
2829
2618
1331
83
-592
-1014
-155
766
-5
-1303
-2214
-2393
-1995
-1989
-1681
-2384
-2437
-2592
-1886
186
732
814
1738
3049
3393
3449
3089
958
951
495
-183
-689
-668
692
2208
3022
3175
3382
3532
3741
4366
4420
3669
3343
2102
329
-534
-59
526
405
1129
440
806
578
-683
-1021
-3198
-3985
-3719
-5061
-4211
-2699
-2269
-333
1156
1420
2587
2289
965
298
-81
-1135
-1900
-2160
-2767
-2565
-1672
-515
346
-88
68
1434
1282
1913
2092
680
58
-151
225
1254
2312
3030
2990
2760
2420
215
-267
126
-2230
-3643
-2793
-2522
-1878
-1348
-47
545
396
1898
1685
458
-573
-1626
-1828
-2443
-2970
-3092
-3641
-3560
-2898
-1903
-840
-716
-541
373
-40
-1287
-1675
-2503
-3763
-4802
-4062
-3913
-2303
691
2419
3388
2565
2265
2091
1575
410
1042
1306
-358
-1978
-2686
-2315
-2414
-2039
-665
-318
-394
-275
-494
-942
-1813
-2467
-3043
-2488
-2218
-1235
268
1334
1623
2200
1788
1909
1517
612
606
-812
-1314
-2105
-1807
-65
-230
1109
2513
2452
4019
4674
4364
3415
2470
1578
208
-603
-1472
-1527
-289
1011
1546
1719
860
514
-1136
-2544
-2794
-2031
-1014
-399
383
561
1214
1564
2272
2713
1711
1223
131
-1291
-2346
-2297
-1919
-2626
-3787
-4258
-3370
-2397
-1866
-1193
169
-163
-481
827
486
326
902
1293
795
691
-354
-1529
-937
-733
-446
171
241
755
730
708
-225
-993
-471
-262
542
1115
907
904
1001
1347
1595
1454
2005
1932
1149
8
-1312
-1771
-2691
-2423
-1317
377
1865
3803
5849
6057
6981
6924
4857
3625
2517
1910
1191
207
215
1610
2632
2689
1828
889
-219
-1321
-1175
-1670
-2145
-2854
-2367
-1573
-1113
194
1424
3289
3298
1800
1228
909
322
370
-49
-431
-981
-989
-537
-107
572
466
561
219
-411
-658
-330
277
-343
-1021
-1177
-1972
-2365
-2207
-2054
-556
422
289
320
-370
-416
-1294
-1916
-2186
-3193
-3196
-3014
-2432
-1786
-1404
-1653
-2356
-1933
-2224
-2824
-2358
-2634
-2410
-2553
-3049
-3548
-4256
-2475
-659
274
560
627
149
521
814
171
412
332
128
214
569
1772
3424
3727
3621
3205
2712
2020
1560
1876
711
-298
-334
496
794
-252
-1245
-493
648
968
1521
725
492
1396
1929
2222
1877
1648
1816
1367
1511
1857
695
-8
-224
-219
-883
-852
-1076
-1856
-1371
-2748
-3065
-2697
-3035
-3016
-1998
369
1428
1309
1338
1385
796
-751
-2381
-3651
-4795
-4541
-3344
-2912
-3158
-3348
-2523
-2065
-2126
-2154
-2725
-3227
-2302
-1284
-1305
-1441
-1659
-2422
-2092
-814
-803
-1380
-1578
-711
-625
-1532
-848
-401
-42
270
-819
-99
379
596
1608
2571
1944
291
561
667
403
-145
-524
-29
-517
-545
-562
-958
-431
-403
566
845
-120
164
1232
2070
1736
1806
472
33
-298
-819
-644
122
1692
2367
2300
2263
3497
4727
3541
3175
2880
571
-330
-119
244
307
1612
2437
1177
2614
4045
3533
3970
3894
2611
61
-776
-799
-129
849
776
2365
4096
3540
3061
3421
2430
1928
882
301
-166
910
1770
2833
3694
3621
4395
4466
4161
3171
2205
1446
190
-1152
-2268
-3996
-3799
-3201
-2376
-826
-552
-182
136
629
1404
1847
1850
1331
2179
2488
1739
1859
1156
633
720
0
-645
-1043
-1054
-1044
-572
579
2091
2894
3287
3576
3271
3629
3906
2878
2905
2522
884
1546
1130
1866
2934
2182
2962
2268
2016
1506
93
286
-817
-1374
-2088
-3926
-2803
-3439
-2248
-238
767
3085
2574
3517
4011
3153
3981
2329
1905
2859
2000
3793
3530
3499
3994
4322
5090
2753
2289
491
285
583
207
334
1094
988
795
1914
1629
620
-214
-1089
-3492
-2698
-3462
-3829
-5161
-3231
-2678
-2191
1296
338
-720
-972
-1187
166
-783
-2815
-2781
-5384
-4399
-3059
-3642
-6484
-4084
-3792
-4988
-1885
-4921
-4741
-5919
-7393
-4011
-5824
-6919
-3926
-6775
-5709
-2997
-3833
-4464
-2598
-4439
-3399
-1540
-3348
-3686
-3924
-6756
-7231
-5457
-7975
-8330
-5311
-4647
-4639
-3858
-3321
-1420
-2393
-2891
-2707
-3647
-2104
-1728
-1142
-938
-1241
234
1836
-444
-1704
-2048
-1194
-1289
-3455
-3605
-2106
-4088
-4133
-904
-2335
-4623
-714
1280
-1303
1312
2643
-612
-1259
-433
-2119
-3224
-3085
-1450
-1682
-2257
-685
-599
-1109
-385
-174
-1923
-1576
-614
-2082
-2268
-2412
-2816
-2959
-2699
72
431
612
2383
788
-247
-267
-2308
-2886
-2897
-3961
-3227
-2632
-1331
-820
-924
574
1515
2026
920
390
776
1090
2002
1752
1266
1998
1861
2762
2736
1606
378
880
1818
1296
1310
3055
4952
4161
4420
5664
3668
2241
2783
2481
1444
518
304
187
-865
-1275
-491
84
-182
286
1680
1543
3408
5272
4149
3573
3230
3380
3137
2382
2251
1921
1547
1955
3169
4700
4840
5007
6032
5523
4265
4012
3575
1939
967
1597
2748
2627
2079
3720
5383
4732
4791
5936
4636
3493
4082
4186
3343
2351
2157
1998
1531
1408
143
-1549
-2707
-2312
-2385
-2682
-2218
-1828
-430
977
2641
4660
5426
4476
4500
4959
5500
4871
5373
5170
3482
3326
4004
3459
3091
3796
2603
931
178
-1687
-2423
-3437
-4199
-2521
-1988
-838
1023
1594
1304
485
-780
-1272
-962
-1557
-2464
-1673
-1390
-362
1667
2049
1725
1337
1386
81
-610
567
1177
495
163
-70
-222
-639
-1247
-501
-400
-1033
-545
-79
-1309
-1492
-2012
-2525
-1581
-815
-27
1333
1638
1632
3680
3867
2690
1969
1167
-317
-1592
-1554
-2536
-3971
-4786
-4262
-3514
-3823
-3423
-4114
-4277
-3611
-2856
-2997
-4294
-4000
-4844
-4594
-3919
-4155
-2049
-24
1578
2742
3731
4364
2747
3393
2573
1188
-90
-2503
-2651
-4054
-4664
-3593
-2427
-2457
-1716
-1068
-1944
-1379
-1123
-2147
-2896
-2431
-2398
-1593
495
1661
2118
2138
1072
-22
-1791
-3326
-3958
-4886
-6324
-6493
-6580
-6539
-5933
-5073
-4607
-3134
-2103
-3092
-1860
-859
-757
-904
-1300
-2619
-3089
-2998
-3380
-3666
-2460
-1069
567
252
-855
-1138
-2899
-4604
-5159
-5400
-6742
-6705
-6532
-5770
-3563
-2737
-1343
-783
-1335
-2062
-2635
-3293
-4267
-3561
-3176
-3271
-1260
468
2149
4197
5338
5626
6279
6475
5876
5789
4949
3772
2835
2521
1953
1625
2022
1443
1678
2575
3656
3330
3105
3695
3244
3166
2972
2405
2213
1420
1683
3032
4233
4390
4722
4050
2647
2376
1708
92
-908
-1788
-2304
-1616
-414
692
1404
1048
-562
235
217
-621
-1513
-2052
-2253
-1831
-215
855
1490
2154
3771
5739
6278
5081
4640
3843
2621
3392
3122
725
-50
346
670
2709
3992
3860
4960
5369
4854
4570
3343
1249
-419
-1005
-1704
-2442
-1427
1068
2719
4528
6286
6241
5115
4886
3902
963
-1014
-2298
-2351
-1878
-1534
-758
974
2514
2876
3595
3643
1592
828
122
-1314
-1574
-534
-935
-1280
-436
851
3916
5525
5123
5034
4236
4147
3111
1785
1076
480
-173
1045
1617
1445
812
631
90
-1941
-2133
-1878
-2425
-3294
-2349
-1618
-1052
48
1728
1379
1464
3883
3977
3954
4218
2861
2130
2796
3355
3387
2121
1210
1571
2087
502
-714
-1889
-4272
-4528
-3552
-5770
-6149
-3172
-4593
-5409
-3442
-5255
-7547
-6541
-6544
-7004
-6607
-5123
-5014
-5475
-3582
-3264
-3760
-2063
-1638
-3963
-4196
-2552
-4815
-5782
-2859
-3478
-3484
747
1520
932
2840
2127
517
118
-1082
-3249
-2732
-1128
-1877
-153
865
638
1610
1198
-256
-335
-1269
-1604
-758
-693
-1194
-1722
-1705
-2611
-2050
-1192
-2472
-2572
-2850
-4614
-5837
-6560
-7176
-8825
-7155
-4679
-3643
-1430
516
1334
1533
1657
470
-471
-671
-1509
-1030
248
531
1506
1928
1027
732
430
-1048
-1522
-596
-1074
-509
566
292
677
956
1188
2228
2820
2711
3204
3628
2912
2222
1555
-443
-2187
-1677
-2160
-2344
-2012
-895
193
151
1051
2094
1450
1426
1713
894
466
189
-652
-1396
-670
-314
385
1184
1248
2003
2021
-25
-761
-1143
-1916
-910
655
1424
1671
2714
3650
3425
3266
3516
2477
2092
1742
1141
2376
2199
2537
2442
691
420
574
867
1226
1007
653
1146
2847
4341
4266
3818
4315
5729
5367
4370
2509
605
-82
-1151
-235
-695
-1731
-49
711
1075
1814
2914
3265
2768
3902
3818
3210
2469
1845
673
-1738
-2996
-3690
-3392
-1564
-896
-334
1102
2398
2733
1308
623
-674
-971
221
-67
-1436
-1420
-1321
-1222
-925
-1153
-2580
-3266
-2460
-2468
-1893
-1480
-1095
-1116
315
2757
1606
1950
1922
57
-627
-2208
-3597
-4096
-2652
-2017
-731
2767
4830
7392
9087
9291
8609
6727
5594
2855
1131
-547
-2207
-2183
-3054
-1789
-1118
-2355
-848
-1064
-1931
-1878
-1654
-894
-2911
-3553
-3913
-5151
-4382
-4487
-3333
-3601
-3043
-1636
-2066
-913
-1852
-1513
-614
-18
858
-744
87
-287
-1887
-1453
-2096
-2558
-3077
-2263
-1748
-1303
87
-308
96
-492
-1462
-1444
-1305
-916
-1634
-1029
-1825
-1825
-2457
-3832
-4195
-5947
-4641
-4210
-3606
-2412
-2196
475
376
-434
-157
-575
-124
218
1524
1145
1153
2551
2197
1969
1324
1639
1568
1259
2002
1976
3328
2971
2779
2373
906
924
-533
-1090
-2038
-2439
-1192
-2594
-2732
-2517
-3137
-2811
-3025
-2746
-2920
-2991
-2167
-3511
-3979
-3742
-4966
-4313
-3387
-2012
-656
526
2459
3337
4433
5880
5604
5435
4802
3409
3495
3310
2443
1785
1716
1688
654
1623
225
-1918
825
1640
1937
3073
2058
1265
1788
3614
2386
404
-223
-2466
-1840
-2489
-4036
-4576
-4673
-2727
-1946
-1401
-1012
-1105
387
1479
1468
1100
406
-382
236
405
-1727
-3000
-4059
-3369
-2029
-2395
-2002
-1269
469
1094
1564
2545
2723
4162
4816
3748
2379
3190
2819
2291
3663
2696
1127
1549
2305
-46
-491
346
-2266
-2242
-653
-357
732
1011
1426
1909
1910
1188
-355
254
-678
-1124
1479
1735
925
1056
2373
3439
3442
2547
1134
1696
1326
602
1241
2201
2317
3632
5442
3971
3557
4973
2537
-741
-688
-1894
-3667
-1413
1855
2736
4244
5549
6544
8078
8076
5143
2811
2298
1734
961
-465
-1606
-216
2017
4532
6316
5216
4738
5724
5646
2138
-542
-2787
-4695
-3446
-1298
-1234
-1049
2574
5023
3150
3184
2173
-851
-1439
-522
-2926
-5395
-2373
-1185
-2124
-52
513
-1709
-818
877
-2139
-3567
-2155
-4717
-5254
-3764
-5266
-5061
-2269
-945
-711
2321
2890
1543
2083
1201
-364
368
-63
-840
1049
1253
107
1692
2290
453
541
584
-1826
-2950
-2492
-4502
-5402
-5132
-7016
-7368
-5379
-5310
-5320
-4139
-4575
-4519
-2881
-3629
-5318
-6059
-6153
-5805
-4771
-4025
-3611
-2504
-1513
-398
267
747
-277
-502
-779
-1640
-2622
-3724
-4508
-4602
-3537
-3288
-2432
-1199
-1065
-368
-529
-2779
-2146
-1638
-3305
-3399
-3318
-3408
-2433
-24
269
1020
1865
1647
98
-1085
-1059
-2530
-1186
-781
-1969
-2249
-1864
-1872
-2456
-2549
-2603
-3211
-2729
24
-1314
-1791
153
-633
-2403
-1338
-1206
-3305
-1188
387
488
1680
3434
4552
4083
4271
2325
1258
830
-1121
-2880
-1588
-564
-1213
-154
402
663
2247
4409
4271
3577
1770
1528
1317
1086
548
284
1388
791
3330
4898
3434
1885
2052
1237
-1080
-1202
-2044
-3066
-1872
-2156
-1327
1044
603
-786
-545
-360
-56
414
-686
-1868
-1600
-1884
235
2595
2073
3762
5479
5443
8044
8053
5449
5030
3138
1763
977
-113
-281
1713
3505
1553
2580
2537
1840
3517
2229
2223
4342
1462
1424
1840
-698
43
-66
996
1652
3087
4111
818
2606
4573
1400
4302
2739
354
4727
4618
2923
2520
4896
5580
3861
5284
3898
2736
5902
5497
5589
5126
3398
4281
2069
2591
3070
-2246
-2128
-244
-1515
1232
3119
-384
3055
8273
5057
2496
1542
-2191
-3278
-2242
-4820
-8579
-8639
-5809
-2955
-2398
-1339
-724
-1223
3280
5047
-284
73
-10
-2638
1127
213
-1088
1853
3189
4474
5877
4781
3433
3955
3603
2352
1705
-2531
-5216
-3216
-2154
-953
-2435
-3566
-2845
-2251
567
-727
-3905
-2695
-2907
-2573
-1621
-4411
-2102
-1034
-1923
-1011
-1559
-1208
-721
-1580
-2282
-3557
-5978
-7946
-9698
-9963
-10325
-11255
-10440
-11171
-7773
-3502
-3461
-3659
-4091
-3332
-2919
-2548
-2170
-2965
-701
3098
4890
6218
7783
10102
11572
12830
12615
7784
7755
7497
4891
3751
1209
-376
103
1310
1042
-1469
-2365
-1393
-2450
-1005
-2678
-5245
-4432
-5257
-6832
-7171
-8677
-9950
-11525
-12902
-12291
-13779
-12641
-8632
-6127
-4541
-7434
-8257
-6115
-2545
-4885
-13258
-15876
-8848
-3162
-4050
-4159
-2414
2446
11165
13787
8355
5624
9639
12850
11389
6807
5432
9888
11498
7218
4739
5349
8441
8407
4927
1605
-1690
-2567
-1444
-3415
-8019
-9854
-7632
-6665
-7850
-7290
-8187
-7233
-6096
-5085
-3770
-5813
-4829
-5393
-13860
-17319
-8506
905
-1907
-8918
-8744
-5067
6180
17386
9359
-6001
-9794
-1056
7951
10798
6256
-2598
-1741
7716
14467
15207
9166
3174
5288
9660
8303
673
-3412
-2945
-2702
-1450
-549
-4102
-5740
-1837
-1376
-5546
-4990
-3308
-2058
-1725
-2435
741
5216
6605
5121
5842
8713
10798
10760
9748
8842
8307
8343
9651
10272
6908
6264
10488
10894
5818
3448
5767
4779
-625
-2816
-3060
-435
2550
171
-2533
-2830
427
6441
8319
3594
476
3621
9535
9871
4299
1258
4322
8167
8665
6888
5889
6531
6618
7578
5967
1583
924
4199
4219
3439
1475
3343
7246
7592
6337
3678
4673
6610
7378
8120
5403
3774
5708
5130
5930
4060
-1364
-4183
-6592
-5650
-6618
-9876
-13896
-15967
-14660
-11028
-9621
-10129
-10175
-6293
-349
3158
2247
-1189
-801
1808
3705
2493
-124
1663
5337
9327
11163
10939
9969
11575
12720
10909
6421
1193
-1199
-33
-787
-4266
-8922
-8648
-6433
-5207
-5091
-7550
-9677
-8553
-6844
-6286
-6906
-9708
-11083
-9719
-7885
-7290
-7276
-4153
-2190
-2991
-2659
-3117
-1912
-173
108
-302
-1539
-1145
427
1067
-728
-3691
-4542
-3544
-2897
-3495
-4323
-3791
-1275
379
1033
172
37
127
186
669
1209
-386
-95
35
-866
-1767
-764
981
1418
1632
31
-1142
1733
4356
2840
966
43
818
2264
2940
2387
269
388
2042
3880
2199
-219
-1704
364
2252
2043
1362
-420
-1079
-471
858
-679
-940
-1605
-2157
-984
589
1402
-80
3254
2293
1848
1594
-294
-363
-1615
349
-1901
1492
2865
83
2129
-251
5113
5620
5853
3865
-2102
1803
-1266
4040
2944
-4716
-703
1091
4302
-137
677
3903
1896
5920
3809
-241
-1924
-605
3053
2450
84
-1329
376
2504
2453
2439
915
-725
445
1945
-337
-4954
-5209
-4924
-5233
-7329
-9569
-11025
-10012
-6338
-2844
-665
-968
79
2063
2433
1748
2076
1490
-141
-93
-1461
566
3210
5022
5710
4638
3325
602
950
-421
-3683
-5804
-6733
-6903
-6848
-6549
-6286
-5185
-5736
-5240
-4911
-5609
-7034
-10638
-10128
-9874
-8468
-4071
-2992
-644
1422
3383
6171
4649
2503
-261
-693
-322
-1402
-1625
-1826
-817
1670
2953
1547
-1472
-3540
-3095
-2742
-4175
-4741
-5976
-4498
-1288
1574
4593
6554
8992
10988
11091
11165
8193
7101
6285
4977
2531
442
1727
3102
4068
3837
2604
1022
814
2066
3372
1693
-29
2896
2283
4670
5848
2951
4153
1421
3515
4506
2806
5890
4917
7776
7941
5700
7731
4532
5061
2872
-45
1154
-864
366
225
-954
587
2584
3942
2879
1429
1879
2925
2388
3228
3198
1053
-186
-768
-1847
-2397
-2937
-2854
-3661
-4367
-3279
-3391
-1882
314
-376
740
1655
1942
1832
-16
206
65
-1011
209
1301
4324
4717
5644
6258
4535
4716
4459
2237
673
-1949
-2747
-627
-1172
-1857
-4059
-4961
-4515
-5300
-6435
-9714
-9116
-10031
-9606
-8987
-11574
-9935
-8620
-5469
-4247
-6064
-5080
-3743
-2512
-2627
-4066
-6303
-6491
-5846
-4474
-3066
-2058
546
1851
3739
3548
489
870
-495
-1790
-3097
-4566
-3072
-2112
-95
-199
-212
767
36
1005
303
554
697
253
231
926
1979
2513
2878
1963
1352
1956
1560
431
-470
-1933
-430
1931
3204
4379
3661
4383
5799
6135
5571
3610
4946
2523
3883
5134
1906
4764
5142
6864
5618
4425
7175
5072
6198
4088
3216
2105
-182
1954
-2981
-3105
-3053
-2564
-358
-965
1054
378
2150
3734
2940
1457
-252
783
-1830
-1786
-1386
-2912
-1810
-1641
-512
-772
460
312
-319
156
-2892
-5526
-8100
-9206
-10251
-11405
-9045
-8530
-6053
-1549
1257
2670
4227
5392
4930
4456
3424
2780
1679
1179
1590
1075
1283
1547
2355
2888
2978
2836
1558
1930
-119
-1631
-3685
-5897
-5785
-6339
-5943
-4998
-4765
-3913
-2020
-3424
-4536
-5030
-6413
-6166
-8254
-7634
-6609
-6477
-4289
-2840
-249
63
2606
2455
2196
3795
1406
283
-1160
-2550
-3230
-1758
744
2616
4662
7013
8453
7173
6304
4753
2610
838
-1037
-2309
-1987
561
799
3017
2666
1816
521
-966
1608
-1521
-1054
-97
-173
1042
1440
3607
-670
986
1629
-2890
-194
220
1244
3452
5937
8353
9754
10292
12102
10242
8528
11275
4449
3535
3143
-1933
1913
955
1261
528
2392
2522
84
2140
-4280
-6359
-6346
-6692
-4299
-4553
-2377
-2610
-409
3225
3667
-126
-5077
-7795
-12622
-16142
-19096
-21029
-21565
-20133
-15545
-10365
-4411
43
5426
6934
6025
6758
4584
4959
4288
3134
3999
4029
8308
9878
11064
12392
11314
10574
8113
6686
3892
2991
2410
1565
561
-1762
-1491
-3277
-3178
-4589
-6265
-6002
-6942
-5915
-6410
-6068
-5740
-5773
-5658
-4429
-3556
-1040
1394
1364
4705
4280
6244
8123
7093
8284
8605
8498
6920
5975
1534
-1033
-3896
-6511
-8945
-14948
-12386
-16279
-14309
-11831
-14259
-10009
-12038
-7069
-7832
-6187
-3235
-7441
1504
706
5049
8807
5801
11016
9059
14897
13751
10625
12571
8883
14516
17088
15745
15315
12600
12076
9944
7752
1141
-820
-2659
-5622
-4015
-6738
-8203
-7442
-5496
-6403
-5289
-4218
-5565
-4861
-1651
