7065
5731
8188
11215
10031
9620
11488
10665
2867
6497
11866
8588
6585
5284
5022
2908
6087
3501
2919
4075
1950
4161
3594
1975
1783
618
1025
3654
1747
-6310
-7821
-5586
-8500
-9260
-4609
-5142
-8611
-13628
-14482
-11662
-8552
-6787
-5315
-3952
-5027
1569
313
1909
4077
3393
4329
5221
7081
4695
6189
9517
8729
6787
8634
12632
10486
3173
8310
9642
11251
9579
6628
5647
1621
7639
6193
1586
3473
905
-1073
-1150
-3346
-2069
-1427
-2376
-1838
-3137
-3279
-4227
-8141
-10027
-13107
-11435
-8801
-14381
-18082
-16060
-15921
-15374
-9811
-7038
-6909
-10488
-6378
-2510
-1407
-549
1021
222
3349
5257
3242
4609
3534
2473
1734
3336
6152
5799
409
5817
6868
6921
6886
1032
4226
5379
7157
5747
4885
4051
4171
3785
3926
4965
2730
1381
-901
920
3229
-180
-1104
-3076
130
-3464
-9455
-8432
-10631
-9380
-14436
-12726
-7976
-8266
-5512
-6316
-3406
4079
2203
3378
5812
6146
6739
5122
5437
6293
6536
4357
4759
4596
3643
3167
2426
-1813
962
163
3291
10150
7263
3001
1240
3043
3053
4563
1728
1808
353
-70
1538
519
452
-3105
-2177
82
-542
144
-1804
-6348
-8994
-11536
-6827
-5540
-8747
-13765
-16179
-11073
-11972
-8997
-7173
-8514
-4041
336
4832
2273
3099
2711
3371
5822
4646
5647
6223
6146
4224
1654
1793
4706
-3592
-5410
1436
1374
3034
-1249
5003
6036
1415
2646
1501
4536
246
-667
1108
2406
2003
2553
-421
-1239
2270
3054
763
-5363
-4802
-2560
-8128
-7716
-3304
-7592
-10376
-11026
-9220
-10937
-2965
-5567
-7629
3392
159
2232
1780
4903
9275
10128
10255
8780
10901
8863
5900
7832
7601
4400
8449
1625
-917
2151
-4384
-3184
-81
-746
1785
-360
1964
6195
4128
1718
-1115
-411
-2073
-144
-829
-1593
-523
666
-545
-2062
1319
-1093
-3060
-7941
-9324
-3702
-6588
-9538
-11467
-8661
-7167
-1340
-2992
-10964
145
1636
548
2298
3447
3688
3300
6474
8157
10154
9214
9308
7786
9414
6308
6732
6042
-1257
1661
406
2308
2879
-613
-1795
-3816
2020
-74
-3032
3375
2939
-1510
756
5791
5229
2733
-7
-2325
2963
3877
1804
638
-3534
-356
-5883
-4062
-1710
-10317
-9858
-7411
-4504
-2960
-162
-3399
2534
3660
1202
4692
2532
6431
7785
7502
7636
8534
7584
7309
7059
7044
6598
7484
8433
-838
-938
-139
-4608
-1471
-2977
-4107
-5080
-6504
-7712
-9029
-2718
-6165
-4548
-768
-3771
-2402
-5711
-4214
-2774
-5405
-872
-989
-1672
-2516
-5731
-9035
-10009
-3742
-6319
-12088
-9942
-9128
-7051
-3358
-5177
-5152
1460
887
3165
1908
2169
8102
7298
6678
8921
9685
9220
10099
10927
9270
7077
8271
1070
-1241
2885
1202
3425
-993
-4016
-5445
-7766
-5891
-8683
-6150
-5985
-8098
-5083
-9587
-6431
936
-3051
-4551
-4607
2753
2072
-3143
-4318
-4907
-4999
-9945
-4717
-3666
-9306
-8658
-7653
-6587
-294
-3666
-4097
4333
4461
4433
4888
7529
8879
7428
7588
11074
13619
14753
11671
13440
12437
9944
14049
7223
3390
7115
3866
2288
1746
-1639
-1631
-4384
-5004
-5093
-1532
-5266
-10276
-8043
-6220
-4317
-5547
-4329
-1982
-2348
-5862
-2938
1127
-744
-3541
-5971
-12549
-8023
-1597
-5386
-10204
-7216
-4727
-5920
2742
-1737
-2291
4105
3965
5272
7247
9335
11651
13236
11601
11472
13411
12619
11655
15048
12562
12971
5685
651
8211
4081
2624
3800
3232
3072
1135
-361
-4933
-2391
-7425
-9911
-7192
-10847
-10412
-10025
-8460
-10218
-8477
-7618
-4313
-3955
-5176
-5916
-4059
-8789
-14013
-4324
-4194
-8049
-9828
-7612
-6081
355
-1661
-1407
4784
4593
7916
5522
10248
14908
13667
13788
13656
14138
12715
8331
10792
9971
11407
8645
3762
8131
6311
7392
6756
1769
1576
3473
-1164
-5922
-9478
-5271
-5412
-8195
-6802
-10196
-9894
-9792
-10123
-10090
-10591
-11622
-11902
-5284
-3624
-7849
-8237
-12160
-7768
-4858
-9775
-12393
-9196
-7678
-4917
-795
-2477
-641
36
1354
4143
10038
9616
9708
12622
13526
13979
15114
15485
13570
12916
12609
13397
3544
6077
7480
4976
5409
4862
6350
2270
-1380
-2797
-5414
-5432
-3808
-7603
-5916
-7178
-10930
-11172
-11884
-12996
-16410
-15967
-11014
-10248
-9612
-9909
-5265
-12478
-17044
-8693
-9733
-9581
-13680
-7939
-4437
-2254
-2613
-5149
3355
4101
7143
9262
11808
12213
13895
13911
12902
16723
13578
11332
12746
13075
11146
3370
3666
9471
9432
10267
6650
390
2505
2499
2770
-549
-4170
-386
-2386
-5908
-6118
-5420
-10226
-9084
-10468
-10692
-12556
-13989
-11434
-13089
-8580
-6476
-10510
-15391
-8162
-6131
-8974
-9092
-6488
-3656
-3016
440
310
2230
5637
8559
10984
12175
12877
14925
14269
16143
18549
17390
16649
19013
18654
20486
15776
4559
8612
8721
7421
4222
2716
4647
4554
2555
2692
1407
-3214
-2523
-6582
-6845
-6348
-9381
-9925
-11064
-11152
-12385
-14517
-13322
-14041
-15519
-14079
-13628
-16472
-20231
-14711
-6155
-10459
-11714
-8965
-2861
1722
4693
2318
2179
9777
8583
13691
14026
15641
15789
14653
16063
19200
19521
16744
15493
15621
18834
8202
7047
4841
4421
8574
5289
4372
3139
5137
964
-991
-3305
-2333
-1378
-5246
-5457
-6648
-6189
-8183
-10475
-12278
-13348
-13978
-15379
-15304
-15181
-14646
-13479
-20865
-18983
-11084
-14417
-14698
-14761
-10590
-3981
-1069
281
-1621
1127
5854
4797
9051
11084
10843
12951
13576
14155
15798
15097
15791
16478
15424
11098
1065
6824
8699
5229
1885
808
3616
1233
882
-337
-3026
-4009
-2790
-6640
-4058
-6720
-9113
-8345
-9237
-8617
-13903
-13179
-12803
-15301
-16090
-16486
-15761
-14095
-20597
-17518
-8818
-12157
-11629
-10527
-4542
-2072
2695
1939
764
9398
8351
9436
14374
16425
18439
19472
18023
22410
22015
18764
15686
14993
19027
10154
8129
10531
9850
11989
8338
5974
3577
3660
2592
539
-1362
945
-230
-2876
-3312
-4472
-5204
-4712
-5804
-8332
-10726
-13265
-9016
-12212
-12003
-15326
-11635
-16883
-20675
-14497
-13957
-13725
-14765
-11551
-8475
-382
-1668
-1727
-1292
7345
5436
7349
10824
10371
17327
19219
19269
17276
16952
15632
18505
17150
16683
6659
12655
13384
6236
6087
5934
3793
3931
2744
4411
2102
-3438
-4154
-7765
-2493
-2492
-2755
-6173
-5203
-5217
-6773
-10410
-16147
-14783
-11164
-11502
-16943
-15123
-21984
-20585
-14721
-12325
-13322
-19716
-13244
-7457
-2189
4278
3299
1801
4862
7044
9735
15805
15105
15519
8910
13590
18402
15980
17828
12403
15674
14852
4542
8792
6993
9893
12188
6287
5478
6368
696
-3049
-4802
-1796
1105
-1911
-5458
-7469
-9494
-9855
-6820
-9620
-12176
-9473
-15396
-13287
-11403
-12645
-15123
-11970
-16663
-15372
-17603
-17514
-17152
-19045
-14971
-6013
-665
207
-2277
474
4562
5668
12404
13929
12137
14345
14603
14457
18242
15429
21840
18971
20150
10481
3413
15270
8501
12592
10602
7909
5869
2105
4559
6546
-3620
-6616
-3184
-6643
-2144
-1902
-4401
-6442
-7103
-9509
-10150
-7719
-12070
-11990
-5757
-10790
-9492
-10559
-18728
-19801
-18901
-19096
-19751
-16662
-13192
-10037
-9056
-1479
1510
2584
8979
5566
11183
15825
16697
18702
16377
19082
21606
17569
16060
16242
19216
14057
8944
12061
8125
8920
7837
8445
8461
7993
4940
-479
1361
-1345
-2414
-4937
-2473
-2742
-3711
-8105
-8845
-7791
-5859
-7011
-10323
-10183
-5403
-6320
-7527
-14251
-16863
-14146
-18021
-16611
-16522
-11902
-10729
-7013
-5256
-7570
-3414
2865
2416
6893
12582
12060
12386
11009
15252
14925
17027
17936
19636
17060
18092
10963
7617
13928
11709
11734
8865
6230
5315
4548
6617
3357
1334
-219
-6464
-7541
-3750
-2778
-1421
-4099
-6377
-5436
-6809
-7735
-8803
-11388
-9534
-8755
-10778
-15347
-14595
-9190
-14694
-17128
-16788
-17687
-15678
-15308
-11505
-6324
-3149
-3197
2597
8090
8711
13493
14222
11514
12467
14068
12447
10990
12081
12723
14685
7605
6412
8752
6500
5939
5160
6993
6406
3442
2306
-2333
-1551
1941
819
-5755
-7693
-6777
-6772
-6043
-6834
-8001
-8284
-6114
-5223
-4280
-8101
-10193
-9432
-15516
-14386
-11794
-13086
-15261
-17227
-15858
-16261
-10135
-8972
-7125
-1038
-1710
1054
5901
9480
6993
9833
15517
17878
15243
15219
14659
11955
10228
16367
9588
4384
11530
8448
8440
5761
4107
5143
5239
5975
4229
2387
1738
-591
2138
-1333
-7205
-6771
-3908
-3468
-8155
-10122
-9267
-7325
-5151
-9277
-8610
-8223
-14972
-10059
-14023
-16008
-11847
-14779
-11794
-10171
-10986
-9516
-9935
-6563
-5744
-1932
4020
6683
11233
9946
6000
14572
18411
14891
11683
13590
14078
12463
8985
3962
11927
8844
7597
6866
3741
5360
6151
4438
2411
3169
1802
-2355
-751
1908
-1272
-1819
29
-338
-2437
-3778
-6432
-3353
-3659
-7328
-5217
-12580
-12818
-5987
-6999
-10205
-12081
-12361
-10360
-7355
-6449
-5253
-5164
-4356
-4774
-1204
3195
8030
10123
10577
11561
12388
13007
15033
13670
17459
14241
14579
9520
6237
10434
5472
11562
10542
10335
8647
6453
6155
4630
4672
3227
2236
1952
1881
-1902
1070
-6484
-7416
-4306
-3466
-2925
-3628
-5834
-12059
-11757
-18092
-12049
-8671
-11841
-14240
-17275
-18638
-13571
-12319
-13017
-10058
-8126
-5551
-6405
-6160
-4210
1852
4151
4668
5477
10138
5700
4515
12617
14162
9718
12864
11826
2940
8806
8445
7982
7082
5490
10365
5518
4282
5214
2408
1673
842
-916
-1034
-139
-277
-906
-5431
-5337
-1685
-4132
-6268
-7613
-6000
-11479
-16408
-11555
-9044
-8472
-9001
-10145
-13477
-14229
-9233
-8290
-9026
-7303
-7674
-4728
-2585
-999
1182
2196
2802
3956
10723
10649
12541
9016
11516
16431
13658
11003
4234
10483
8510
11342
12988
6988
10549
8179
7821
9439
6268
5729
3835
3760
1688
222
4056
-116
-2120
-5502
-10502
-1980
-2953
-5547
-3113
-10568
-12350
-8805
-6742
-8000
-10965
-9835
-13841
-13686
-8609
-13873
-7933
-9653
-7357
-4337
-8344
-1503
-3058
175
1374
7266
5257
5896
12923
12218
8538
5495
20520
16916
3240
5207
6889
9674
12293
10196
6703
4377
7652
5568
4616
1976
5380
4981
1147
880
-2042
-3704
-2741
-523
-2722
-2618
-2071
-2824
-4674
-11289
-10654
-5967
-14647
-12522
-7391
-9523
-12903
-17201
-9787
-13493
-12301
-8682
-4199
-5604
-5343
-4869
-3916
-2894
-1471
-2375
-604
8489
11561
13199
4896
11207
12323
11846
15014
4939
14029
13447
11984
10941
5588
6384
7647
9080
6785
8318
6525
695
1432
1010
1341
3792
2509
4046
4392
977
-8120
-3433
-5887
-10905
-3141
-7049
-14032
-14211
-13213
-11062
-9318
-13270
-13597
-9049
-14076
-7835
-9609
-8221
-1785
-4107
-1320
-855
-624
1231
-1759
3527
7889
6739
9875
8015
7108
10134
12167
4668
7238
10552
6346
12697
6410
6265
9038
6551
5794
392
1400
3529
1455
6208
2456
2613
3409
-369
5118
-377
-1756
-2127
-13116
-8410
-6940
-10765
-7632
-7945
-14681
-12175
-6964
-12659
-12576
-13864
-10829
-9565
-6657
-4420
-5755
19
-6956
-841
4013
3297
2923
478
1547
3100
3386
7415
14425
10533
12218
5372
3938
14067
8050
8061
9895
10643
3065
1469
4436
4964
6153
4298
7015
1796
4324
4930
5903
2765
1680
1865
419
-7109
-9020
-2831
-5856
-5932
-13021
-9362
-13427
-16587
-9201
-10165
-14157
-14234
-11185
-12402
-7483
-4737
-2531
-2334
-1392
-81
2144
5374
3653
3556
6232
5063
3800
7626
5646
10991
14663
14883
6351
4356
14122
9419
9121
7447
5203
5373
8206
6237
5132
6731
5970
8443
5760
6416
5828
4280
4961
3875
1580
-3089
-1137
-2056
-6023
-9974
-8591
-10767
-10278
-7173
-13368
-11319
-11617
-14900
-16594
-9422
-7372
-10613
-5686
-2664
-2707
-1557
-5525
901
6628
3945
4098
4028
3483
4107
5910
3827
4857
11576
8669
2616
4541
2655
9674
6191
3600
4681
5649
5620
3841
3775
2897
6103
4801
6483
3006
3572
2261
-2029
-3965
-6012
-818
-721
-6707
-6510
-11323
-13030
-15749
-5925
-5664
-15202
-15336
-13057
-11754
-9568
-9175
-14688
-5731
-9166
-4002
-2010
-7096
-642
771
5352
5131
3004
455
2819
5443
2972
9745
4525
7473
6633
2152
4108
2369
10553
4759
2968
4046
4027
3482
3278
4097
3366
4595
1183
6398
5348
7107
5282
-1525
26
2621
-808
-2594
-75
-3733
-3727
-6951
-9672
-13657
-9604
-7034
-13109
-9379
-10005
-9511
-9189
-11349
-4804
-1855
1589
-83
-3991
2734
4067
1745
2823
5726
4225
2061
3178
451
2277
6112
8147
5127
6250
2045
2695
8793
5708
5122
4406
6956
3833
2950
4228
5929
7074
6239
4649
5246
-374
-1268
4865
1688
1812
-45
-4940
-6869
-3791
-5984
-7375
-12033
-16336
-9377
-8791
-11142
-14144
-10012
-7909
-6693
-8789
-7429
-1048
-3634
-1964
-4108
425
5838
9631
6511
3519
3162
3376
8119
7643
4937
3053
7859
1804
3792
6149
-2972
10370
8080
6438
9249
7567
5829
4024
7188
7445
8317
6876
5108
1289
7591
6900
2757
4589
1895
988
197
1804
1547
-737
-4352
-7461
-13932
-12918
-4700
-9506
-14988
-8227
-6263
-5782
-6023
-4057
104
2208
623
-3714
19
1305
3859
7450
4717
3414
3519
5354
3245
4531
828
1453
250
-1288
7052
-752
917
7801
9685
4523
5650
8310
3405
4762
2733
6525
252
-3153
3906
3851
1389
773
-2506
-1868
-631
-1810
-531
-4446
-8645
-6455
-8722
-12857
-17741
-13957
-8428
-15670
-10602
-7500
-10363
-9136
-5818
-6894
-4366
-1130
-4621
-1125
4090
4744
3030
2932
-13
1485
-176
-935
3836
3775
1301
-6802
-5445
3755
5866
2899
1090
6741
5509
6067
6165
6626
7333
2774
307
1256
4701
4595
3956
6133
6270
2740
3490
2404
15
-1319
-1823
-1222
-149
-54
-6618
-13275
-14670
-8016
-8069
-9598
-8214
-10134
-10501
-7934
-3375
-1770
3426
-721
-1710
2859
6907
6399
4296
3902
-1114
2919
1380
3113
-700
-515
215
-5965
1260
4319
1716
71
3499
9311
8800
8726
7691
5642
1901
8457
10293
7335
6794
6532
5974
5844
7820
2833
3213
2982
-2487
904
-639
-689
-1748
-4623
-7656
-16850
-10734
-10915
-9598
-11970
-14233
-5533
-6244
-1071
-68
3709
1678
-1980
1616
4646
4388
2132
2439
1853
4260
2060
2096
1120
4092
-1415
-3381
6072
1825
6221
3071
3578
9097
9834
10569
5998
7672
5926
6208
6302
4216
1931
2188
3981
6216
6412
4101
644
-2274
-367
-2210
-4648
-5712
-6484
-5580
-10622
-16054
-20992
-14887
-9665
-16638
-12522
-10826
-7369
-3753
-5106
-857
2148
-2626
-3225
1384
-129
2836
-945
-1472
1912
-450
2934
-430
554
-1979
-5027
-743
1207
4130
4089
-1212
3032
10260
2971
6886
10239
7889
5967
3684
4009
3634
6322
5379
4742
3523
2838
4845
5825
-434
-3441
-5886
-7662
-8408
-9447
-7365
-12040
-16888
-16500
-8748
-8327
-13407
-8195
-5827
-5055
-427
1140
-2628
-2195
-963
1413
4430
1575
2714
-788
-876
819
4594
4714
5469
2662
-6613
254
4493
6227
12178
9708
-704
3419
13170
12743
7262
9111
10246
5170
7232
8981
9063
7646
6683
5000
5533
8143
2585
700
-1453
-1380
-1910
-4877
-6241
-5401
-5198
-12920
-14464
-18138
-10825
-9197
-12677
-3793
-8121
-3596
-3609
-1271
71
-3349
-1842
271
5263
5222
4128
1816
3308
5022
3041
3130
3185
-1302
4206
5074
1655
4442
1956
4714
6776
7205
10796
10673
7758
9541
11176
7524
7826
7281
5552
5514
5079
5117
276
2387
1488
721
-618
-2671
-8641
-10635
-10315
-12223
-12251
-14944
-14051
-13771
-3450
-12032
-9894
-6117
-7415
-2253
-1218
1803
-1350
-1468
2175
4235
4356
6029
2828
3769
6264
6100
4211
6174
2124
-109
4051
2069
4214
3704
8152
10398
5748
5525
7009
8117
7479
9341
7612
3659
2918
-39
3824
4602
2191
1928
-813
1064
179
-4343
-6281
-7970
-8022
-12538
-10993
-12432
-15634
-18111
-21362
-11781
-10930
-11171
-11400
-8149
-5143
-5340
-4107
-1408
-3966
-5151
42
555
4586
4191
1745
2226
2149
2636
7000
-873
-59
34
-3881
5002
5535
6802
9744
7512
1620
3479
6994
11620
2986
1198
4808
3545
3245
2482
3034
-44
-13
-48
-223
-1975
-4167
-7765
-8768
-11611
-12528
-11859
-15040
-15395
-12758
-15407
-15358
-15383
-13002
-9446
-9114
-5968
-2197
-1405
-504
2707
1184
1991
6909
8982
8581
5645
5377
8980
4726
9994
6600
-2830
8534
4361
3498
6705
5414
11620
13156
12519
5370
6706
7866
9312
9553
6030
8688
5676
4717
5922
7111
6152
3237
2477
-483
1076
-130
-2471
-3993
-6019
-10244
-11703
-13287
-11068
-10838
-14746
-10325
-10862
-9445
-6903
-4685
-3586
361
2157
2484
3384
3141
6524
7805
9480
10864
8595
9575
10943
6826
3653
2625
8318
9493
6743
5551
5945
5112
7563
7649
11479
9643
4866
6177
8361
7316
4866
5823
-266
3401
597
-1577
-2061
-3316
-924
-3055
-3209
-4870
-9720
-10189
-11610
-14687
-14008
-18052
-17494
-15967
-12823
-14665
-13802
-9585
-6796
-5265
-4580
-354
1272
3066
1884
3856
4716
7167
8374
9526
7786
2294
6200
6686
-1708
2139
4970
-918
1223
2785
5063
2988
6603
6336
3577
769
4449
7358
3857
2180
-742
3852
515
3215
244
-1944
-4110
-3653
-2736
-4690
-6493
-9077
-7883
-10348
-5937
-15577
-13447
-15093
-16642
-12162
-10489
-12658
-15277
-5556
-6468
-874
-613
1832
3265
4485
5742
8165
10200
10425
11645
7345
11375
10733
11623
1784
-747
4489
4057
6741
5811
4248
3317
4870
7730
9574
5090
5968
3824
2342
5109
5304
3809
724
1446
1694
113
-2116
-3231
-3249
-3659
-5616
-6775
-7133
-7275
-11186
-10018
-14792
-15240
-12535
-14705
-6572
-13469
-14163
-5416
-5631
-133
2840
1691
4200
4580
6685
8702
10971
9621
9140
8632
5812
8963
9101
7016
1118
3793
3853
3285
6385
2128
1708
-14
255
5307
4960
3690
240
3621
6207
2490
4517
1488
386
-912
-1630
-404
-1387
-3702
-5215
-2529
483
-2266
-6474
-8933
-10642
-10311
-14103
-15170
-15243
-12547
-12269
-11916
-9001
-4626
-138
148
2981
3763
9317
5988
8812
10967
5299
8829
9799
11493
10050
10003
10267
6938
3225
4948
6938
3379
3828
4466
2489
170
3921
1658
1017
3384
-3100
2926
2191
1076
2967
621
136
-5416
-1835
-3297
-4673
-3995
-3746
-2605
-4100
-8291
-11936
-8638
-9119
-9095
-13858
-15964
-9607
-9244
-9765
-8234
-8513
-8999
-3185
4411
3026
4217
3287
443
7732
11241
9742
11278
10113
10599
9895
7380
10731
5502
5978
5077
10
775
-273
1737
-1433
-1836
-3030
-1373
-274
-2788
539
-3298
-3456
1130
-825
-3110
-839
-3279
-5764
-1804
-218
-2726
-4783
-7019
-6205
-4955
-8506
-9365
-9888
-9774
-11748
-14088
-8493
-8011
-12329
-6024
-5221
-4015
-2329
3732
7230
4883
6298
9204
13445
12361
13424
12041
11588
12414
12321
12561
9459
2747
6592
7092
5861
5752
2299
504
556
5040
925
1920
902
-1277
1570
211
-2127
2767
3927
1266
-1562
-2804
-4556
-5818
-1333
-3283
-2162
-3166
-6908
-6053
-6846
-10759
-11103
-10141
-10878
-7882
-7356
-11327
-13851
-6750
-2658
1441
-525
-1773
4520
6978
8391
7265
9620
9729
7431
9680
10659
10349
8664
7994
6343
1850
6076
4481
2793
2058
2103
2785
-1267
-946
968
-1614
-3349
540
-2784
-1148
992
-2350
-456
6495
3000
951
3797
-3467
-730
-548
331
-1112
-5091
-8115
-4878
-3104
-7094
-6390
-10510
-8265
-3773
-4087
-6761
-719
435
220
2789
4802
7490
8620
6956
7622
10844
9668
10465
9117
7297
8685
8828
7762
5253
-518
3488
898
2121
2708
3
-2813
-6331
-2472
-4389
-868
-2209
-3548
-6348
-8014
-3072
-4640
-3527
-1176
-1879
-4351
-3507
-3672
-5864
-6462
-8425
-4323
-2965
-12296
-10820
-9087
-10605
-9032
-9678
-5511
-4421
-7506
-8601
-4625
-418
2976
1764
1342
5253
3983
6963
7796
8390
10633
6922
7743
5928
6048
8626
9971
3859
184
5122
-39
1130
686
-265
-1196
-3109
-4430
-6145
-3188
-282
-4853
-3757
519
-4254
1026
-1392
-1257
-1225
-4689
-1677
-2186
-5091
-8238
-3516
-4173
-6155
-3678
-8993
-6820
-4621
-4779
-9152
-11029
-7265
-3078
-9024
-6498
3452
-960
4770
708
2444
6835
4629
7400
7791
8343
11504
12427
10200
13146
7328
9353
7611
5640
9966
5415
2393
399
890
358
707
1130
248
-3390
-1673
2587
946
-1549
-3275
-3392
927
-1773
494
-817
-2835
-1249
-1597
-2198
-3231
-817
-4048
-1999
-1780
-2628
-5932
-6718
-4816
-6589
-2302
-2571
-6147
-534
907
4059
5429
5222
4382
3203
4166
6645
7579
9978
8704
8764
8848
10005
12062
9576
5796
4082
8390
2692
1517
2808
1777
-129
-4772
-1039
1092
-3454
-6382
-4878
-6642
-4148
-7367
-9135
-9310
-7429
-5361
-5321
-7
-4329
-1425
-2208
-1856
-3003
-4995
-4321
-3654
-2646
-6464
-5264
-4280
-4115
-5679
-6951
-4660
-3609
-3115
2398
3216
3026
2689
5278
6156
5146
9982
9385
11587
9682
11475
11417
7905
7452
5868
6860
3421
2705
5415
638
-1354
1338
-204
-2178
-4246
-3135
-4476
-8447
-7428
-6050
-9103
-10354
-7527
-6937
-2765
-6025
-6535
-3763
-4869
-5678
-2016
-4966
-8850
-8624
-8596
-3249
-6956
-9516
-8738
-8801
-8098
-6584
-6826
-4819
511
175
2929
3534
4970
1361
4395
3374
5558
9009
7525
9383
6766
9397
7323
8899
7033
3014
5442
1072
5306
5318
5211
-1736
-1266
-4311
-5430
-2079
-5630
-2208
-4839
-4903
-6020
-3474
-2305
-6323
-5674
-101
-122
-748
-629
-206
-2414
-2513
-3055
-2585
-1735
-2141
-284
-3278
-7586
-5902
-1381
-790
-6434
-4966
2724
3008
6849
8139
8737
9131
5222
8820
9893
6319
10687
13254
13829
14014
12261
11959
7395
8146
8594
7436
8755
1405
-1720
-387
1992
603
-2655
-3576
-4849
-2792
-4155
-3681
-2006
-4750
-4039
-4686
-6729
-4623
-3521
-3169
-2947
-4458
-4877
-3636
-5479
-8245
-6986
-7543
-2337
-7958
-8187
-4392
-8497
-192
-5317
-2827
3124
524
4894
6386
8667
5382
7873
6067
5543
8839
9716
11917
9145
10258
10418
9317
6075
7707
4467
2093
224
3330
2166
-4078
1291
-75
-3058
-5149
-1923
-3431
-6924
-6423
-6121
-2627
-2740
-4894
-7371
-8133
-8952
-9597
-4866
-3538
-9300
-10124
-3209
-7214
-9168
-6330
-5439
-9979
-9743
-5439
-10702
-3642
-6431
-6621
601
1602
3232
5232
5544
4309
8579
9157
7828
6260
8877
13408
14483
12649
8916
7025
6451
5102
3599
6359
2829
2653
3044
-70
542
-2027
-1883
-1745
-2950
-3286
-5226
-3843
-3850
-6316
-7898
-9511
-5477
-6130
-4877
-5241
-7208
-7525
-6721
-6611
-7908
-4204
-8272
-8954
-5069
-5719
-5821
-4271
-5069
-1390
-8539
-4846
2792
1423
5953
6204
8217
7631
10546
8350
6753
11764
12533
7680
7185
11723
12349
6405
6742
8400
5673
8012
4376
2975
1736
1857
2193
266
385
-1575
1308
891
-1595
-4370
-5238
-5928
-8222
-8246
-7195
-8689
-9536
-4013
-5846
-5867
-6098
-6412
-8923
-7947
-10241
-14372
-4735
-7534
-8600
-6728
-6535
-1309
-4847
-3945
-415
87
6787
7457
6892
7182
9592
11530
10073
9446
12252
14904
6119
9785
10559
9386
10025
4822
7814
7176
6445
5431
3877
5064
2185
2087
2730
1984
3050
-442
-161
-1091
-1639
-1575
-3343
-2433
-7606
-6973
-4332
-6905
-7551
-4327
-8683
-6948
-7067
-7161
-7373
-17704
-8997
-5655
-3707
-5337
-5108
-491
-4337
-2348
1133
4226
5179
7953
5215
4759
8348
7577
6891
8012
8526
9168
10034
8775
6752
5250
4940
2805
6114
5971
4969
7094
4602
7403
7046
5736
1487
-1477
53
-627
-1107
-117
-470
-3965
-3169
-4268
-4458
-6783
-7228
-8732
-10970
-7328
-11576
-10308
-7360
-10798
-7732
-11400
-11695
-12401
-11032
-7594
-8868
-4976
-11730
-4993
312
-2092
1016
3187
5970
7410
8364
7088
5514
6803
10541
9939
11168
8135
9612
8694
1791
5816
8221
6268
5613
4499
6401
4232
1244
3167
2297
3167
2059
1692
1756
-1199
814
-2764
-3956
-2656
-5061
-5255
-9259
-8298
-5627
-7474
-12490
-14553
-11243
-11538
-12859
-10018
-14969
-12294
-6823
-14397
-10378
-4565
-9847
-9175
-976
2546
4668
5143
6973
6857
8447
8903
8599
7640
9751
11448
10109
14690
12162
12338
8958
10105
8875
10226
10932
3277
5309
4953
3205
5388
6010
2360
2233
1176
1173
1027
780
-2903
-4616
-3977
-5244
-3911
-4299
-7582
-8708
-8942
-7954
-6748
-12807
-13394
-15445
-9180
-14543
-18033
-8817
-12862
-8907
-10441
-9597
-7139
-1901
-437
1356
6785
6460
6628
7635
8202
7900
10705
10922
11309
12914
13340
11881
13211
7848
10243
10424
5157
4437
5769
7885
8952
5940
4550
6688
3220
5606
5838
5216
2278
685
-2321
-2203
-422
-3195
-5105
-4987
-3911
-5986
-6856
-6786
-5845
-9373
-11365
-13786
-14770
-16399
-21005
-15769
-11117
-10035
-8052
-10953
-11373
-3306
669
683
4083
2914
4024
5084
4909
9385
9740
11643
12252
14101
13333
12747
7895
4856
12615
7998
8986
11027
6527
7385
6370
6500
7121
4918
4316
2432
1713
2476
1327
1156
-661
-2821
-3247
-4492
-3921
-6069
-6933
-8401
-11061
-11521
-11954
-9571
-13905
-17098
-16935
-16882
-23278
-20321
-12526
-16292
-14347
-11350
-14754
-7684
-4690
-3064
3359
-629
3694
4810
8339
9757
8859
12247
13128
14849
10611
12827
10617
8093
11407
11491
12699
10924
11319
7956
4297
9128
6444
6652
5490
3550
4271
4043
5916
3215
2337
1632
2337
-1046
-1553
-1338
-5273
-6288
-6279
-10382
-12423
-11729
-12210
-11651
-16261
-16022
-19473
-20327
-18440
-17375
-13358
-13106
-13949
-9762
-5002
-4875
5586
4265
4866
6844
8721
13558
12455
10184
9867
15174
13199
16651
16104
11644
14738
13466
11573
14015
11938
10609
10009
5301
5694
5450
4884
7131
4245
3193
3776
3562
2861
2116
815
-2524
-3875
-4736
-6863
-11236
-9058
-10758
-14694
-13222
-9863
-12223
-15789
-15656
-17847
-18736
-17824
-16421
-15418
-11247
-14940
-8901
-2776
-1843
-13
441
6032
7464
8754
9829
12131
13646
11886
15502
15308
15779
13254
13572
16689
13428
15345
13443
10546
10623
9685
10607
9641
4095
4841
6407
5845
5727
3824
4714
4745
1873
835
-1703
-6206
-5098
-6389
-8457
-7442
-7133
-9131
-13497
-13224
-12168
-16189
-17102
-20056
-20969
-17413
-19507
-15545
-15097
-17316
-13928
-8000
-1176
1446
752
-1867
4317
8260
8687
12445
12060
9662
16072
12938
13766
11867
11635
18996
15515
13742
9842
9250
8049
14421
8249
6680
6822
9555
1655
4912
411
128
-755
-1909
-4843
-3951
-2227
-4847
-6915
-6909
-8052
-9493
-11451
-12540
-15222
-15080
-16104
-15327
-19576
-17689
-17069
-21164
-15378
-16024
-12991
-14396
-11955
-6137
-3057
870
1143
3499
2146
8148
12553
10491
14138
14530
14644
16344
17227
17449
17608
15897
15039
17704
15930
13608
12027
12953
13319
11446
9549
10037
9755
5783
2209
-739
-1796
-780
232
-2458
-1655
-1496
-4199
-5270
-7217
-8798
-8774
-10712
-12423
-12954
-15553
-16449
-15576
-14807
-16149
-19894
-19280
-12796
-11757
-13410
-11481
-6274
-4580
-642
2702
3825
6578
7487
8308
10999
15791
13612
13997
14569
14690
14154
13472
16180
15416
12432
12335
12093
10141
11312
8605
7647
7380
4775
2236
1651
2144
3948
-4065
-5017
-3174
-2035
-4857
-1532
-8606
-10857
-9839
-11817
-8145
-13693
-15162
-12502
-14715
-17724
-14642
-15853
-17040
-18541
-20082
-16249
-15263
-12119
-10269
-8535
-3619
-652
769
4676
7406
8017
6992
8172
15869
17098
14746
16108
17878
17522
16463
16643
15197
15414
16300
15117
14962
12755
10544
8783
8099
7919
4840
4048
1767
2577
2730
-4469
-4774
-4032
-5889
-5046
-6846
-8017
-8815
-11865
-10651
-12726
-12484
-12299
-14037
-15819
-16967
-14179
-15385
-19633
-18040
-13094
-15906
-12380
-9571
-7307
-4798
-2833
-144
72
915
5880
12107
9580
9052
11842
15651
13263
13143
14050
12806
14915
13265
14041
11410
7474
9053
8232
8152
8483
5673
6919
5195
3897
4399
1028
971
-3443
-7189
-4413
-3825
-4226
-7076
-7555
-9307
-11878
-9905
-10038
-11259
-12578
-11754
-12318
-12120
-15362
-12440
-15537
-19397
-9941
-10263
-9726
-8253
-6542
-4678
-1639
2730
3018
4137
6405
8777
14934
14541
9661
12498
15259
16530
16056
17672
14297
12780
15951
14865
14741
10841
11720
10629
9057
8709
6196
7557
4634
4525
3526
1323
1529
-4047
-5763
-4625
-7875
-6815
-6063
-6222
-7654
-8433
-8169
-9961
-8512
-8596
-10842
-12137
-13898
-12250
-9552
-13725
-8585
-8873
-11976
-6534
-6354
-1516
-560
-377
243
3779
8435
9134
10296
14264
12998
9616
16054
14082
12114
12098
12562
12359
11087
12593
9463
9784
8422
8463
8372
6798
4116
1349
2306
-492
1611
-325
-4120
-3942
-5679
-7027
-8602
-6710
-6048
-7612
-10057
-9145
-9930
-11018
-12510
-14978
-11549
-11974
-12650
-16184
-13079
-14841
-14673
-10844
-10423
-2591
-1261
-2584
615
-2561
628
582
509
4069
7495
5679
7534
10606
12064
8547
13026
11702
9159
11021
11345
9196
9401
8774
9248
6875
5113
4181
4155
3974
3121
98
-509
-1597
-3939
-1570
-3986
-5445
-7278
-7869
-4947
-3165
-4667
-8229
-7716
-7137
-8224
-10810
-8909
-10863
-12210
-13546
-13848
-12765
-10681
-8657
-14227
-5775
-3594
-1348
67
1183
4181
2936
5488
4253
7309
7980
10029
9596
13548
9613
9799
17651
13574
12173
9887
11820
10964
10208
8333
6621
7003
5748
8150
3969
1298
2178
1260
1850
157
793
2951
-1081
-2063
-3067
-4472
-2087
-1209
-3716
-2942
-2188
-4952
-6677
-7966
-8026
-9794
-9786
-7254
-9572
-8256
-7588
-9577
-3768
-1029
-1807
793
-590
-1520
2366
418
1382
6854
5958
4353
5061
7108
11554
5449
5322
15706
11958
10474
8577
7110
5393
5739
6609
3946
4008
1248
1486
1700
3357
1042
429
-57
185
412
-63
-79
-2377
-4264
-4661
-2174
-3246
-4960
-6588
-7309
-9072
-7832
-8595
-10520
-13545
-8593
-14795
-6491
-12543
-12123
-3587
-8715
-6471
-3583
-1631
-759
-538
-433
174
1236
2133
7511
5044
5861
5832
5845
5911
7759
8945
5450
6679
4941
6138
6138
3737
2650
2333
3363
2763
3861
4483
2902
1121
2146
2904
2670
1474
1347
339
28
-1974
-5844
-1855
-2676
-4559
-4529
-6790
-7273
-7823
-10294
-12890
-10513
-11914
-7670
-12564
-13251
-2036
-4541
-371
-30
-1735
518
2507
1066
1274
2909
2602
4724
5475
6358
5227
7132
5661
4065
7273
7770
6373
6288
4036
2701
3932
6006
6317
4760
2633
2572
4264
3949
2825
1017
831
1948
1279
2302
3669
2972
1409
-3330
-1570
-1324
-2655
-4411
-4120
-7381
-8699
-7215
-10076
-10517
-9598
-5911
-12014
-5494
-1364
-5198
-1626
-2159
-1416
-886
1401
-739
604
2269
3030
2273
2217
2357
-329
2678
4637
5584
1514
2856
3461
2211
2338
3973
5771
4281
4887
4203
6476
4655
4879
4237
1953
3755
4906
3250
2709
3521
3685
2944
2505
930
-2869
-2084
-2247
-2878
-6286
-5853
-8218
-11942
-9594
-11378
-9520
-9938
-10258
-4180
-4378
-3831
864
-405
-602
1920
722
-360
1707
3178
2980
3408
4237
3801
3852
3365
6509
6860
4575
1681
7555
11768
8198
7581
8619
9264
8696
6941
4718
4499
5781
3790
4220
6584
3636
2083
5211
5758
6013
4308
-819
2999
-38
-4316
-3988
-3978
-11432
-11236
-10429
-13911
-13805
-12227
-9154
-13207
-11897
-9083
-8215
-3525
-2032
-2627
-1619
-643
2167
395
-604
717
1904
1166
2587
1176
272
865
108
3019
6876
6735
96
6231
9587
7419
8211
7223
7370
6899
9727
7774
8765
7990
7974
9330
6161
5542
6516
6490
4063
3614
3147
2755
900
904
-5702
-7128
-3873
-8208
-6126
-11295
-12377
-11103
-10624
-9351
-12861
-7914
-7314
-6345
-3820
-3673
2309
1727
1195
542
2512
3590
2679
3050
2511
460
1372
4832
6465
5764
5347
3443
9668
4345
7440
10181
8534
7173
6779
8466
12115
9279
8934
9653
6654
5785
5919
3584
2794
3376
3329
970
-169
62
-55
-2308
-3886
-7449
-8634
-9740
-9603
-10728
-12893
-11566
-7818
-7693
-13580
-4326
-5627
-2310
1119
-3026
96
-963
423
2190
697
853
1883
583
2909
2374
4052
1888
2984
3804
2183
5225
3260
5305
4804
3206
5309
9741
9068
7417
9252
8505
8505
7979
7686
4660
4190
3803
1675
-684
-122
515
-2238
-3135
-3585
-3774
-7477
-7528
-9776
-12078
-13334
-13612
-17049
-14949
-10245
-16083
-11531
-7413
-6040
-4594
-3507
-3683
-1625
-883
194
1823
-1447
1024
4089
4617
4005
5116
3976
4950
6081
4624
5145
7109
9103
7079
10204
11161
8109
12591
13959
11947
13015
12803
8647
9059
9912
5732
5590
5384
6344
4933
2025
1324
669
-1062
-4279
-4711
-6340
-7031
-9333
-10528
-14489
-11921
-14267
-12344
-10218
-13655
-6874
-12039
-5866
-3189
-1672
-267
-2831
542
-486
1829
3443
3978
5677
5410
2929
3591
4356
3026
3585
3653
-447
1000
5605
4536
5037
7033
6576
6091
8737
9868
8135
8830
4727
2861
5963
5663
4669
3731
3210
2197
2850
681
-1374
-1546
-4370
-6692
-8597
-9104
-10089
-10569
-13738
-16155
-15710
-9406
-9508
-10793
-8359
-5747
-4469
-912
-881
-2469
-93
4270
6353
6263
7868
1954
3987
5561
7285
5156
4441
5776
3283
5367
6036
4674
2916
3451
3243
4268
5771
6771
4179
3124
8378
6623
7164
6125
4137
3434
1752
3940
1927
1476
1701
-1255
-2392
-3658
-2619
-4707
-5740
-6478
-8567
-8562
-8869
-9387
-13990
-13723
-10975
-8304
-6668
-5023
-2864
-2353
-671
3610
5512
7514
6821
6678
9123
8767
9393
7651
5744
7057
7871
6182
6708
4874
3444
8041
8862
8628
8528
7206
2212
1184
2611
4373
326
3321
3325
3499
3653
3112
1801
2739
3551
-323
-648
-1007
-1864
-5169
-6942
-7149
-8479
-8618
-12881
-14782
-10706
-11518
-10673
-17053
-17945
-14221
-11185
-11470
-5087
2166
-1538
-370
1690
4649
5525
7349
5670
6045
7208
8107
9118
11017
9486
7529
6807
6906
6785
6199
5878
5517
3817
4114
3885
4735
7711
4999
5671
2161
3794
6950
1871
2254
216
-1141
-2805
-3093
-3087
-3640
-2878
-5294
-5537
-5115
-4923
-8045
-9530
-10985
-11544
-12417
-11845
-14184
-18354
-10810
-5125
-508
3255
2794
5426
6574
8814
10243
10672
10511
11746
10830
12858
12744
12275
14173
12762
11313
10705
9123
9234
3027
-287
3367
4628
3611
2210
1195
3086
5073
5379
2429
2552
3336
4964
3355
1762
2106
556
-955
-1533
-2523
-2311
-4711
-5567
-4932
-7820
-8504
-9925
-9128
-11417
-13717
-9600
-8032
-9498
-7926
-6576
-814
3418
1191
4199
2769
9616
10755
11528
14473
13434
13358
13777
13934
13451
12553
12029
10379
7571
7026
6956
5499
1261
4770
4319
3400
2591
3410
3199
1652
1958
3521
269
-616
1004
2460
73
-1236
-1132
-2279
-997
-7638
-6983
-7034
-8029
-7867
-12038
-7595
-14861
-9875
-10832
-12911
-5773
-7211
-3318
-1924
202
5717
5458
6952
8341
9986
13493
13487
13748
14154
14739
13500
14771
14620
14799
14798
9254
9282
5243
7466
7631
3931
3165
3735
3638
1858
1545
193
851
383
-1089
-1852
-38
-2973
-2732
-4835
-663
-11
-4303
-4444
-4658
-4664
-6290
-7128
-5992
-7489
-6852
-8743
-7300
-7892
-9259
-6658
-4410
-3993
-1193
-1791
1080
3047
4395
5157
7607
11827
10197
12889
10571
15561
15842
13992
15832
13114
11263
11517
10757
9323
8697
9390
7538
6716
6053
3671
2673
711
-5524
-1998
-1292
-1246
-3299
-2172
-3215
-2133
-1264
-3769
-5162
-6889
-2542
-4315
-4336
-5535
-7487
-7044
-9025
-10246
-7139
-6455
-6347
-5628
-6877
-4724
-2822
-5119
2481
4310
6094
10731
8719
9475
12468
14000
13327
14840
17005
16708
16050
8128
10625
11766
12521
12394
9921
10835
8833
7907
7179
5731
3838
3396
2295
-483
-756
-1524
-2738
-4624
-4390
-2473
-4234
-5291
-5631
-4909
-6082
-10992
-10569
-4745
-3921
-5819
-7845
-7093
-6036
-4646
-5344
-4402
-4576
-4798
-5095
-6003
-6569
-8339
1304
5885
9877
10802
8928
9908
10739
12346
11074
16884
14946
13562
14653
14097
14996
14401
12815
11355
10268
12154
10035
7291
7162
4375
1911
2360
-2110
-6320
-5901
-6165
-5307
-6597
-7972
-6584
-7952
-6418
-7197
-6880
-9357
-4417
-9845
-9198
-3176
-7406
-4066
-5535
-5383
-6967
-3843
-5225
-6152
-3554
-5901
-2891
-6685
-701
2424
2635
11816
10852
13410
15041
17362
14018
12444
15636
16407
16881
15234
13917
14271
13107
12940
12506
9452
5155
6591
6777
5191
4210
2192
-459
-1955
-3463
-3900
-2121
-4978
-7464
-6670
-9917
-10141
-9587
-7147
-9149
-8676
-8438
-6446
-5452
-7443
-3510
-4612
-3390
-6466
-5912
-3042
-3540
-2379
-2681
-2364
-1038
-3672
5582
5921
7452
12224
11237
13128
12144
13864
15635
14355
12940
15952
11019
9639
14135
15399
13895
10711
6233
8548
7268
3978
4268
4405
2329
930
-1082
-1100
-1732
-3393
-2578
-4005
-7788
-7474
-8743
-9031
-10599
-11528
-9723
-12142
-6779
-4909
-5502
-9179
-12487
-11504
-166
-4399
-10362
-1990
-3020
-756
-1269
125
-2967
1271
6310
8878
10256
10812
10193
12484
13373
15173
16844
13983
13264
14860
12490
10325
13356
13398
7135
10459
9485
8659
7663
5934
4320
2610
2943
2092
-2106
-5166
-6911
-3756
-7934
-9142
-10429
-10776
-12952
-11023
-8394
-8100
-8263
-7498
-6597
-8041
-6331
-4078
-4276
-6595
-3966
-1854
-3378
904
-2482
-2377
-1289
-700
-26
2307
7056
6115
11005
12010
11438
12272
14970
10730
10750
15500
10811
10266
13881
14231
10969
11925
10327
10579
8932
7930
5909
-103
3963
-1925
-996
-1250
-1159
-2183
-4670
-2609
-4953
-9480
-7901
-6438
-8521
-6921
-7587
-13542
-11450
-9590
-5695
-6681
-10251
-9526
-6284
-7494
-8656
-3454
-3401
-3432
-1467
-1664
-4153
-2046
-1872
1849
2902
5801
10468
9780
13573
13463
14270
14914
16833
12212
12993
8817
8411
9481
7550
9330
9156
9054
8234
6810
6175
4170
1099
-772
-111
-484
-1908
119
-870
-6189
-7272
-8477
-7323
-2565
-7205
-11236
-6367
-6850
-8593
-10377
-12259
-9000
-10447
-10580
-7948
-7181
-9235
-12320
-8157
597
-7037
-4518
-2202
-3076
-6018
815
6182
7820
10326
8093
10251
11959
13372
10692
9618
9774
12504
11907
11415
7562
12475
10204
8313
7904
8430
7086
4548
5078
2986
4340
2170
1980
-2035
-2319
-1116
-4877
1704
-5101
-7030
-4967
-6495
-4787
-4640
-6099
-6590
-7211
-4566
-5634
-5335
-5402
-8994
-5379
-2947
-5358
-6652
-3897
-3371
-1465
-103
-162
1339
5212
5899
9347
11683
8885
7735
8359
8646
14164
14273
13664
14758
13764
12992
11322
10567
9786
8880
6568
5868
6484
5494
3457
4240
3989
-219
1661
-1565
-2405
1872
-2570
-1993
-603
-1513
-2970
-4518
-5419
-2960
-3995
-3808
-3728
-5051
-6725
-6488
-3545
-5629
-8666
-5878
-5780
-6688
-5873
-6800
-4016
-583
565
-2399
1965
7047
8573
9498
6420
6469
5480
7215
9677
8698
8549
10246
8915
12703
12259
9050
7223
2592
3810
4294
3488
800
-1968
-1184
3438
1588
6157
3996
2362
2850
-18
367
-5531
-877
523
-1688
-1616
-1955
-1883
-4135
-3773
-5521
-5134
-5919
-8200
-6718
-7074
-10013
-7778
-2928
-8485
-7740
-5826
-2549
54
-2080
3386
5768
7357
9750
9787
10993
11433
11719
12631
12367
13730
11909
9191
7905
8072
8527
5561
3855
3631
1419
3148
-559
4353
8971
2004
4068
3319
-1226
-410
4654
1433
2808
2611
-3613
-2699
-2037
-5172
-2253
-6647
-1907
-2892
-5360
-7615
-11290
-12118
-13192
-12032
-12378
-15870
-10407
-6596
-11694
-8418
-5677
-7691
-2731
1028
2521
4668
7295
7395
9317
10864
10526
10509
11773
12102
6571
8569
9552
7934
4803
1698
1587
3394
5983
8565
10194
7107
6771
4768
4512
6797
4843
4047
5390
6332
3963
412
-1284
-1885
1258
-3864
-3423
-6376
-5798
-6660
-8504
-10830
-12812
-13011
-8215
-10348
-10474
-9004
-11782
-6006
-6424
-8832
-6576
-4711
-9400
-6378
-999
949
4259
1597
4953
6103
6201
7274
6804
11217
10667
8576
9297
9751
10596
8011
7855
12176
8431
8222
8679
6353
7355
7605
6974
5486
8948
6053
6143
7459
5906
3922
4376
5814
2722
-1734
-3061
-2587
-3357
-4418
-7287
-9805
-11912
-13255
-13711
-12437
-13291
-13727
-14057
-17068
-12993
-10471
-15321
-11529
-12235
-8651
-2461
330
5676
2600
3646
1428
4578
6265
8175
7179
5587
9972
9319
10149
15428
13691
9026
10965
10550
10799
9794
11547
6637
7506
11333
10675
10468
9688
9098
6010
6472
5754
4873
144
416
137
-3238
-4703
-2386
-4551
-6081
-7408
-9154
-9008
-11636
-10039
-13587
-17134
-14081
-12844
-13404
-10487
-6288
-8191
-8764
-6149
-1750
764
-1770
427
3671
3941
7082
6803
6469
6946
6384
10522
11960
10551
11325
9324
5650
7674
14317
8884
6022
5690
11070
11730
12480
9121
8862
6587
7767
6349
2042
-271
-428
3272
-3284
-3296
-2823
-4407
-2594
-3768
-5149
-4024
-11711
-13392
-11979
-15511
-14663
-15729
-17950
-14805
-14880
-13844
-8575
-8327
-7687
-9852
-8605
-3112
1540
4021
5274
5303
6030
7780
9644
13004
13403
14255
11411
11633
16322
20121
8950
5554
13378
12121
10397
9514
12048
6485
10315
9708
9803
7030
3138
8029
2275
686
813
225
-688
-2692
-4207
-3422
-6944
-6666
-6836
-7019
-9059
-13361
-13032
-13328
-16042
-15211
-15259
-16668
-15543
-16077
-15698
-14944
-10242
-14656
-11231
-5518
-5345
1091
1150
5973
9449
12445
11612
11607
13313
17671
17174
19999
15914
14444
16635
10569
18903
16262
15600
15111
15452
13664
10953
8918
4992
5257
2472
3178
1995
1923
2005
120
2190
1521
724
-1053
-3466
-4259
-6218
-8356
-8376
-9488
-11488
-12547
-17978
-20081
-17382
-19464
-20900
-16608
-17559
-18987
-10589
-11833
-16963
-7165
437
2064
3770
6027
7755
10221
11573
14008
14095
15840
11842
13182
18625
15947
15916
9860
11871
18738
12232
14918
13025
11600
10926
7775
4891
6139
3395
2488
6401
2802
2956
1246
908
-2301
-3280
-5403
-6088
-6616
-6476
-7717
-9974
-12808
-13905
-15233
-17004
-19242
-21933
-22434
-21973
-17470
-20189
-15399
-17131
-11206
-11207
-5474
-2853
2223
6133
8942
12339
7010
10869
6675
9434
12127
13947
15296
20140
20159
22664
18202
14857
18403
15104
15826
9137
12595
12882
11501
9216
9651
5236
3755
3849
3855
4125
2476
1710
-1209
-2077
-1795
-4952
-6130
-6857
-8296
-9483
-10863
-11509
-14095
-15908
-16657
-14802
-18689
-19559
-15783
-16868
-14063
-13454
-8613
-6366
-7186
-6892
-2704
2708
9667
7269
4200
11100
13712
13832
14224
12989
15847
16889
18533
16975
16742
12125
13165
14910
12436
15301
12368
11264
10126
7360
7296
6300
4612
2926
2397
2009
-203
-3650
-5401
-1591
-8244
-9704
-5317
-6549
-7153
-9862
-11131
-17083
-17277
-19483
-20203
-17612
-18595
-20736
-17073
-16485
-16697
-12188
-10880
-5188
-5679
-2157
1591
-361
1090
6107
12836
15025
14867
13927
17172
17054
18503
16274
17446
17140
16523
18186
11110
13459
12567
12168
8417
7852
8994
8451
3799
59
3797
1860
3302
958
976
-42
-2475
-4931
-4389
-5225
-6841
-9875
-11906
-11582
-13684
-14986
-17610
-15952
-17833
-18509
-18428
-18582
-21600
-18692
-12995
-12679
-7066
-6653
-5254
-8319
-4189
781
2209
5368
9564
12440
12873
13295
12997
16559
15417
14863
13925
16772
17083
18377
12861
9888
14743
14280
15125
11165
10133
11702
6392
5865
6168
4187
2169
115
-445
-357
-3072
-6863
-7199
-11116
-11482
-11524
-14229
-12730
-15587
-16090
-15142
-13083
-13397
-15723
-17255
-16981
-15899
-18761
-14789
-14955
-14001
-10155
-10120
326
4721
-405
-179
6334
8379
9344
13640
14275
14103
14426
15811
15876
16998
19256
17988
18396
15673
10316
13544
12958
11766
11217
9396
8813
7705
4235
2884
5081
1893
1664
825
-988
-3829
-5752
-3988
-6234
-6942
-9524
-10610
-11542
-8845
-8110
-6987
-13469
-15764
-15774
-16288
-13704
-13084
-12257
-18338
-16467
-11287
-10309
-10963
-5939
-2710
-2080
-655
1649
7099
8787
6815
11734
14154
16146
15354
15592
15779
14863
16432
14290
17644
12886
9248
12911
8891
9593
8658
6043
7048
4281
2585
3151
2124
1677
-2657
-372
-1301
-4046
-5360
-8964
-9297
-9120
-5900
-6520
-8320
-6987
-7411
-6955
-9296
-11195
-11070
-11868
-14468
-10799
-9901
-9699
-8566
-9760
-8652
-12104
-2474
-552
-1422
3548
2860
8908
10380
12179
14876
16074
17651
15393
16897
14923
14372
12751
12529
12685
5553
10669
10177
9565
7943
4536
8460
6265
2029
342
-342
-3055
-3181
-1702
-1928
-1805
-3065
-3789
-8605
-3476
-5278
-8503
-9033
-8623
-8148
-7695
-6595
-11777
-14976
-7262
-13589
-14419
-11842
-13382
-10606
-9453
-7692
-4622
-5727
-1106
3124
6117
6620
6622
7648
8459
12416
11023
11504
12799
11602
16583
12975
15046
11510
13487
10326
3810
8668
7975
6877
4281
4400
2956
-3404
134
551
3938
1892
-5008
-3167
-851
2809
-539
-1967
-3194
-5532
-3110
-2104
-2859
-7139
-12288
-10708
-4108
-4926
-12107
-14190
-14473
-12542
-11260
-14093
-11069
-13717
-13065
-11763
-4172
2126
4094
6356
-24
7086
9608
9976
14819
8315
14196
10694
12651
14071
14104
14391
13944
14002
6975
9039
10159
6879
4436
2345
5259
6141
1407
-3204
323
-1566
-2649
-797
-1018
-1570
487
-938
-3048
1981
-3540
-5591
-5329
-3137
-5251
-6307
-3952
-6881
-12021
-11599
-10974
-9765
-13183
-12355
-9848
-9055
-8197
-9225
-11106
-3835
977
-22
1889
1597
7793
11138
10469
12320
11814
11880
12185
13857
12070
14308
12756
13348
12312
3495
8566
7876
6825
5360
3298
4400
4269
1318
2131
336
-213
1928
2205
1236
606
2721
-376
-236
-829
-555
-2678
730
-8284
-5155
-3665
-4561
-5992
-9018
-9899
-10711
-10469
-16543
-14323
-13772
-12973
-12009
-12387
-6854
-1001
1180
1867
2007
2510
7439
7257
11024
12428
11170
11885
9284
12729
8607
8198
8916
10121
6880
4301
7829
8243
8343
4508
7017
5421
4268
3554
1043
6239
7562
6442
2448
577
5851
5920
4582
2558
746
-333
-1213
-314
-1700
-4046
-4587
-6753
-7215
-6164
-8416
-10157
-11579
-12732
-13998
-10106
-10505
-9498
-11632
-12349
-6516
-1611
3401
-4273
-722
2655
4050
9275
10916
12369
9908
11920
11235
9129
12930
11212
12510
4667
5613
13427
6778
7675
6641
9151
9421
8388
6120
655
615
2767
6976
7724
2874
2060
-77
155
903
-2661
-4214
-5303
-6470
-3365
-4050
-5080
-6411
-8147
-9806
-10465
-11631
-12845
-18207
-18557
-10895
-13193
-15569
-11801
-9794
-2074
-2923
-1675
442
4783
7694
7321
9966
9057
10082
9674
11022
11503
11518
7886
14202
10188
4414
9565
7856
12768
14149
13850
14504
10203
7613
8026
5359
5271
4098
1389
2647
3764
2084
4175
-1029
-2064
-1699
-2008
-2695
-3230
-5190
-8707
-7890
-5862
-8904
-10285
-13000
-14781
-17334
-18351
-17405
-12812
-18452
-17874
-15641
-6920
1446
-2502
-7237
1664
2942
919
6788
7823
4583
6148
7576
12578
14910
16378
14432
12163
10599
7940
12613
12162
10960
10466
12352
9593
14622
7744
4741
3958
6556
9072
5456
3937
1616
541
1547
1580
1153
-2381
-4655
-3967
-3776
-4502
-6275
-8985
-10412
-12058
-13306
-12985
-14673
-17163
-18104
-18417
-16462
-17332
-17668
-13429
-6800
-1796
-5370
2068
-2336
2986
3366
5287
8431
8770
9689
9608
11648
11409
13299
18799
21383
12873
9840
14303
14535
15997
14881
10096
6834
8667
9883
7919
5156
4034
6113
3603
-559
625
-402
695
770
1379
-563
-599
-2270
-4264
-6499
-14739
-11422
-13042
-14070
-17522
-19263
-19482
-19117
-19833
-20798
-18484
-16952
-16559
-13870
-5410
-4940
-2415
-895
-631
6476
6899
8708
8516
8718
16005
17732
18683
18681
12134
13427
15118
10768
11981
15484
13916
14703
11561
12487
8475
8986
7486
4524
2351
2583
5439
5529
5005
1146
-402
-265
-2623
-2293
-3734
-6077
-7946
-10490
-9514
-10322
-12020
-15471
-16262
-18547
-21946
-15618
-21490
-18297
-19326
-13163
-11851
-17590
-12888
-1824
-140
-4138
3808
8900
9516
10587
14724
16757
17327
13367
16842
20032
19274
19149
18196
15644
12419
17560
17110
16625
14702
10834
9850
8445
8851
9999
5932
3014
4996
5589
3804
-537
1262
1251
-1071
-2944
-7553
-8370
-7408
-7312
-7800
-9084
-10179
-10269
-12276
-13305
-13212
-14620
-17419
-16727
-16115
-18003
-13520
-11924
-11406
-10109
-1394
-977
-1338
4677
5655
10623
8473
10015
10039
15083
17325
18281
19081
19137
19293
19957
18459
13091
11997
10014
9740
10800
9922
11095
9017
8298
6373
4820
2777
5452
3234
1873
28
-1692
-1737
-3184
-9328
-8997
-11002
-11242
-10668
-7625
-13613
-14195
-13357
-16591
-13117
-12254
-13946
-21777
-20273
-19353
-18027
-11396
-8978
-8689
-1541
846
911
6183
6023
12356
13504
11729
15369
14852
14016
15188
17020
16818
15750
14399
16842
9024
12971
11786
10115
14918
11671
11352
10929
11162
8190
4150
4459
3375
3026
1162
916
-5101
-4007
-5521
-6392
-1413
-3548
-5169
-6507
-9437
-10615
-13040
-13180
-14713
-16861
-19698
-13569
-11497
-13559
-13494
-20390
-13856
-7772
-6107
-170
-3811
-2821
-3192
6982
11913
9069
9652
10341
13135
14902
16253
16691
18904
16270
18767
15425
17521
9839
11169
15678
10740
13400
9210
10507
8573
8331
1837
-2498
-329
2159
2160
-811
-1126
-4148
-5519
-7473
-8516
-9028
-10112
-9190
-10275
-12233
-11813
-10933
-8554
-10021
-11283
-12999
-16042
-16618
-13545
-11394
-9628
-11203
-9186
-5072
-3386
-531
-1863
4031
8310
8235
10482
11552
12792
15657
14965
11889
14273
13560
19855
13686
12885
11458
10979
15159
12115
11197
10185
10152
7710
4381
2786
761
914
776
3448
3406
578
-67
-3119
-4399
-6372
-6313
-4669
-6436
-10155
-10168
-6754
-6662
-7407
-7289
-8267
-8875
-8765
-10682
-12236
-16867
-12869
-12633
-14338
-6880
-3934
-7622
-4690
-1582
1902
7472
6016
9832
11429
12109
14727
16346
17942
15892
14036
14759
13463
12266
10170
7174
8906
10000
9477
10207
8318
6527
4152
3151
3157
1358
2251
-774
-1459
-2187
-158
-3275
-3529
-8699
-6468
-2983
-3233
-2087
-3373
-8971
-10767
-6297
-7601
-6724
-11200
-16055
-10340
-13519
-11860
-10541
-9118
-9951
-4735
-3897
-4771
-5442
-3518
168
2535
11381
10960
13970
13895
8687
12219
12845
12675
12466
14058
13343
12920
10568
5312
4479
10518
8888
8308
9766
5003
1028
4484
6678
432
-557
13
1978
-422
-3006
-698
-99
-507
-2380
-1444
-4555
-4928
-7064
-3748
-2516
-14208
-12990
-9442
-10222
-10393
-15138
-13235
-13008
-14856
-11351
-7127
-1819
-9873
-6678
1373
-3773
2715
7607
6904
7554
7749
9535
11840
12495
14881
11138
12472
10752
11835
9506
8660
7970
6017
7275
7893
10119
7996
4449
4986
5114
3794
2649
1062
1934
3100
375
3631
1421
1525
-240
-5778
518
-869
-4458
-9905
-2859
-8206
-8684
-10322
-10391
-9492
-7957
-10398
-14876
-14038
-13930
-15212
-4906
-10215
-5699
-7977
-7131
-2852
-2117
5494
6470
5332
7528
6230
6721
10738
12222
10499
15264
10063
10038
9990
12427
11079
4253
3152
2843
3345
68
1965
5239
3069
3630
2266
4219
3345
2195
-1624
2483
487
2390
2812
-3019
-3869
-1741
58
-4488
-2823
-3412
-6347
-6211
-7529
-11490
-9233
-13252
-17258
-13248
-12466
-8049
-6068
-5702
-9060
-9921
-3151
479
3265
1510
6302
7587
5191
10604
11454
13201
13161
11850
13531
10988
10683
14185
9922
11542
7818
-525
10593
77
5258
8192
3716
7065
5731
8188
11215
10031
9620
11488
10665
2867
6497
11866
8588
6585
5284
5022
2908
6087
3501
2919
4075
1950
4161
3594
1975
1783
618
1025
3654
1747
-6310
-7821
-5586
-8500
-9260
-4609
-5142
-8611
-13628
-14482
-11662
-8552
-6787
-5315
-3952
-5027
1569
313
1909
4077
3393
4329
5221
7081
4695
6189
9517
8729
6787
8634
12632
10486
3173
8310
9642
11251
9579
6628
5647
1621
7639
6193
1586
3473
905
-1073
-1150
-3346
-2069
-1427
-2376
-1838
-3137
-3279
-4227
-8141
-10027
-13107
-11435
-8801
-14381
-18082
-16060
-15921
-15374
-9811
-7038
-6909
-10488
-6378
-2510
-1407
-549
1021
222
3349
5257
3242
4609
3534
2473
1734
3336
6152
5799
409
5817
6868
6921
6886
1032
4226
5379
7157
5747
4885
4051
4171
3785
3926
4965
2730
1381
-901
920
3229
-180
-1104
-3076
130
-3464
-9455
-8432
-10631
-9380
-14436
-12726
-7976
-8266
-5512
-6316
-3406
4079
2203
3378
5812
6146
6739
5122
5437
6293
6536
4357
4759
4596
3643
3167
2426
-1813
962
163
3291
10150
7263
3001
1240
3043
3053
4563
1728
1808
353
-70
1538
519
452
-3105
-2177
82
-542
144
-1804
-6348
-8994
-11536
-6827
-5540
-8747
-13765
-16179
-11073
-11972
-8997
-7173
-8514
-4041
336
4832
2273
3099
2711
3371
5822
4646
5647
6223
6146
4224
1654
1793
4706
-3592
-5410
1436
1374
3034
-1249
5003
6036
1415
2646
1501
4536
246
-667
1108
2406
2003
2553
-421
-1239
2270
3054
763
-5363
-4802
-2560
-8128
-7716
-3304
-7592
-10376
-11026
-9220
-10937
-2965
-5567
-7629
3392
159
2232
1780
4903
9275
10128
10255
8780
10901
8863
5900
7832
7601
4400
8449
1625
-917
2151
-4384
-3184
-81
-746
1785
-360
1964
6195
4128
1718
-1115
-411
-2073
-144
-829
-1593
-523
666
-545
-2062
1319
-1093
-3060
-7941
-9324
-3702
-6588
-9538
-11467
-8661
-7167
-1340
-2992
-10964
145
1636
548
2298
3447
3688
3300
6474
8157
10154
9214
9308
7786
9414
6308
6732
6042
-1257
1661
406
2308
2879
-613
-1795
-3816
2020
-74
-3032
3375
2939
-1510
756
5791
5229
2733
-7
-2325
2963
3877
1804
638
-3534
-356
-5883
-4062
-1710
-10317
-9858
-7411
-4504
-2960
-162
-3399
2534
3660
1202
4692
2532
6431
7785
7502
7636
8534
7584
7309
7059
7044
6598
7484
8433
-838
-938
-139
-4608
-1471
-2977
-4107
-5080
-6504
-7712
-9029
-2718
-6165
-4548
-768
-3771
-2402
-5711
-4214
-2774
-5405
-872
-989
-1672
-2516
-5731
-9035
-10009
-3742
-6319
-12088
-9942
-9128
-7051
-3358
-5177
-5152
1460
887
3165
1908
2169
8102
7298
6678
8921
9685
9220
10099
10927
9270
7077
8271
1070
-1241
2885
1202
3425
-993
-4016
-5445
-7766
-5891
-8683
-6150
-5985
-8098
-5083
-9587
-6431
936
-3051
-4551
-4607
2753
2072
-3143
-4318
-4907
-4999
-9945
-4717
-3666
-9306
-8658
-7653
-6587
-294
-3666
-4097
4333
4461
4433
4888
7529
8879
7428
7588
11074
13619
14753
11671
13440
12437
9944
14049
7223
3390
7115
3866
2288
1746
-1639
-1631
-4384
-5004
-5093
-1532
-5266
-10276
-8043
-6220
-4317
-5547
-4329
-1982
-2348
-5862
-2938
1127
-744
-3541
-5971
-12549
-8023
-1597
-5386
-10204
-7216
-4727
-5920
2742
-1737
-2291
4105
3965
5272
7247
9335
11651
13236
11601
11472
13411
12619
11655
15048
12562
12971
5685
651
8211
4081
2624
3800
3232
3072
1135
-361
-4933
-2391
-7425
-9911
-7192
-10847
-10412
-10025
-8460
-10218
-8477
-7618
-4313
-3955
-5176
-5916
-4059
-8789
-14013
-4324
-4194
-8049
-9828
-7612
-6081
355
-1661
-1407
4784
4593
7916
5522
10248
14908
13667
13788
13656
14138
12715
8331
10792
9971
11407
8645
3762
8131
6311
7392
6756
1769
1576
3473
-1164
-5922
-9478
-5271
-5412
-8195
-6802
-10196
-9894
-9792
-10123
-10090
-10591
-11622
-11902
-5284
-3624
-7849
-8237
-12160
-7768
-4858
-9775
-12393
-9196
-7678
-4917
-795
-2477
-641
36
1354
4143
10038
9616
9708
12622
13526
13979
15114
15485
13570
12916
12609
13397
3544
6077
7480
4976
5409
4862
6350
2270
-1380
-2797
-5414
-5432
-3808
-7603
-5916
-7178
-10930
-11172
-11884
-12996
-16410
-15967
-11014
-10248
-9612
-9909
-5265
-12478
-17044
-8693
-9733
-9581
-13680
-7939
-4437
-2254
-2613
-5149
3355
4101
7143
9262
11808
12213
13895
13911
12902
16723
13578
11332
12746
13075
11146
3370
3666
9471
9432
10267
6650
390
2505
2499
2770
-549
-4170
-386
-2386
-5908
-6118
-5420
-10226
-9084
-10468
-10692
-12556
-13989
-11434
-13089
-8580
-6476
-10510
-15391
-8162
-6131
-8974
-9092
-6488
-3656
-3016
440
310
2230
5637
8559
10984
12175
12877
14925
14269
16143
18549
17390
16649
19013
18654
20486
15776
4559
8612
8721
7421
4222
2716
4647
4554
2555
2692
1407
-3214
-2523
-6582
-6845
-6348
-9381
-9925
-11064
-11152
-12385
-14517
-13322
-14041
-15519
-14079
-13628
-16472
-20231
-14711
-6155
-10459
-11714
-8965
-2861
1722
4693
2318
2179
9777
8583
13691
14026
15641
15789
14653
16063
19200
19521
16744
15493
15621
18834
8202
7047
4841
4421
8574
5289
4372
3139
5137
964
-991
-3305
-2333
-1378
-5246
-5457
-6648
-6189
-8183
-10475
-12278
-13348
-13978
-15379
-15304
-15181
-14646
-13479
-20865
-18983
-11084
-14417
-14698
-14761
-10590
-3981
-1069
281
-1621
1127
5854
4797
9051
11084
10843
12951
13576
14155
15798
15097
15791
16478
15424
11098
1065
6824
8699
5229
1885
808
3616
1233
882
-337
-3026
-4009
-2790
-6640
-4058
-6720
-9113
-8345
-9237
-8617
-13903
-13179
-12803
-15301
-16090
-16486
-15761
-14095
-20597
-17518
-8818
-12157
-11629
-10527
-4542
-2072
2695
1939
764
9398
8351
9436
14374
16425
18439
19472
18023
22410
22015
18764
15686
14993
19027
10154
8129
10531
9850
11989
8338
5974
3577
3660
2592
539
-1362
945
-230
-2876
-3312
-4472
-5204
-4712
-5804
-8332
-10726
-13265
-9016
-12212
-12003
-15326
-11635
-16883
-20675
-14497
-13957
-13725
-14765
-11551
-8475
-382
-1668
-1727
-1292
7345
5436
7349
10824
10371
17327
19219
19269
17276
16952
15632
18505
17150
16683
6659
12655
13384
6236
6087
5934
3793
3931
2744
4411
2102
-3438
-4154
-7765
-2493
-2492
-2755
-6173
-5203
-5217
-6773
-10410
-16147
-14783
-11164
-11502
-16943
-15123
-21984
-20585
-14721
-12325
-13322
-19716
-13244
-7457
-2189
4278
3299
1801
4862
7044
9735
15805
15105
15519
8910
13590
18402
15980
17828
12403
15674
14852
4542
8792
6993
9893
12188
6287
5478
6368
696
-3049
-4802
-1796
1105
-1911
-5458
-7469
-9494
-9855
-6820
-9620
-12176
-9473
-15396
-13287
-11403
-12645
-15123
-11970
-16663
-15372
-17603
-17514
-17152
-19045
-14971
-6013
-665
207
-2277
474
4562
5668
12404
13929
12137
14345
14603
14457
18242
15429
21840
18971
20150
10481
3413
15270
8501
12592
10602
7909
5869
2105
4559
6546
-3620
-6616
-3184
-6643
-2144
-1902
-4401
-6442
-7103
-9509
-10150
-7719
-12070
-11990
-5757
-10790
-9492
-10559
-18728
-19801
-18901
-19096
-19751
-16662
-13192
-10037
-9056
-1479
1510
2584
8979
5566
11183
15825
16697
18702
16377
19082
21606
17569
16060
16242
19216
14057
8944
12061
8125
8920
7837
8445
8461
7993
4940
-479
1361
-1345
-2414
-4937
-2473
-2742
-3711
-8105
-8845
-7791
-5859
-7011
-10323
-10183
-5403
-6320
-7527
-14251
-16863
-14146
-18021
-16611
-16522
-11902
-10729
-7013
-5256
-7570
-3414
2865
2416
6893
12582
12060
12386
11009
15252
14925
17027
17936
19636
17060
18092
10963
7617
13928
11709
11734
8865
6230
5315
4548
6617
3357
1334
-219
-6464
-7541
-3750
-2778
-1421
-4099
-6377
-5436
-6809
-7735
-8803
-11388
-9534
-8755
-10778
-15347
-14595
-9190
-14694
-17128
-16788
-17687
-15678
-15308
-11505
-6324
-3149
-3197
2597
8090
8711
13493
14222
11514
12467
14068
12447
10990
12081
12723
14685
7605
6412
8752
6500
5939
5160
6993
6406
3442
2306
-2333
-1551
1941
819
-5755
-7693
-6777
-6772
-6043
-6834
-8001
-8284
-6114
-5223
-4280
-8101
-10193
-9432
-15516
-14386
-11794
-13086
-15261
-17227
-15858
-16261
-10135
-8972
-7125
-1038
-1710
1054
5901
9480
6993
9833
15517
17878
15243
15219
14659
11955
10228
16367
9588
4384
11530
8448
8440
5761
4107
5143
5239
5975
4229
2387
1738
-591
2138
-1333
-7205
-6771
-3908
-3468
-8155
-10122
-9267
-7325
-5151
-9277
-8610
-8223
-14972
-10059
-14023
-16008
-11847
-14779
-11794
-10171
-10986
-9516
-9935
-6563
-5744
-1932
4020
6683
11233
9946
6000
14572
18411
14891
11683
13590
14078
12463
8985
3962
11927
8844
7597
6866
3741
5360
6151
4438
2411
3169
1802
-2355
-751
1908
-1272
-1819
29
-338
-2437
-3778
-6432
-3353
-3659
-7328
-5217
-12580
-12818
-5987
-6999
-10205
-12081
-12361
-10360
-7355
-6449
-5253
-5164
-4356
-4774
-1204
3195
8030
10123
10577
11561
12388
13007
15033
13670
17459
14241
14579
9520
6237
10434
5472
11562
10542
10335
8647
6453
6155
4630
4672
3227
2236
1952
1881
-1902
1070
-6484
-7416
-4306
-3466
-2925
-3628
-5834
-12059
-11757
-18092
-12049
-8671
-11841
-14240
-17275
-18638
-13571
-12319
-13017
-10058
-8126
-5551
-6405
-6160
-4210
1852
4151
4668
5477
10138
5700
4515
12617
14162
9718
12864
11826
2940
8806
8445
7982
7082
5490
10365
5518
4282
5214
2408
1673
842
-916
-1034
-139
-277
-906
-5431
-5337
-1685
-4132
-6268
-7613
-6000
-11479
-16408
-11555
-9044
-8472
-9001
-10145
-13477
-14229
-9233
-8290
-9026
-7303
-7674
-4728
-2585
-999
1182
2196
2802
3956
10723
10649
12541
9016
11516
16431
13658
11003
4234
10483
8510
11342
12988
6988
10549
8179
7821
9439
6268
5729
3835
3760
1688
222
4056
-116
-2120
-5502
-10502
-1980
-2953
-5547
-3113
-10568
-12350
-8805
-6742
-8000
-10965
-9835
-13841
-13686
-8609
-13873
-7933
-9653
-7357
-4337
-8344
-1503
-3058
175
1374
7266
5257
5896
12923
12218
8538
5495
20520
16916
3240
5207
6889
9674
12293
10196
6703
4377
7652
5568
4616
1976
5380
4981
1147
880
-2042
-3704
-2741
-523
-2722
-2618
-2071
-2824
-4674
-11289
-10654
-5967
-14647
-12522
-7391
-9523
-12903
-17201
-9787
-13493
-12301
-8682
-4199
-5604
-5343
-4869
-3916
-2894
-1471
-2375
-604
8489
11561
13199
4896
11207
12323
11846
15014
4939
14029
13447
11984
10941
5588
6384
7647
9080
6785
8318
6525
695
1432
1010
1341
3792
2509
4046
4392
977
-8120
-3433
-5887
-10905
-3141
-7049
-14032
-14211
-13213
-11062
-9318
-13270
-13597
-9049
-14076
-7835
-9609
-8221
-1785
-4107
-1320
-855
-624
1231
-1759
3527
7889
6739
9875
8015
7108
10134
12167
4668
7238
10552
6346
12697
6410
6265
9038
6551
5794
392
1400
3529
1455
6208
2456
2613
3409
-369
5118
-377
-1756
-2127
-13116
-8410
-6940
-10765
-7632
-7945
-14681
-12175
-6964
-12659
-12576
-13864
-10829
-9565
-6657
-4420
-5755
19
-6956
-841
4013
3297
2923
478
1547
3100
3386
7415
14425
10533
12218
5372
3938
14067
8050
8061
9895
10643
3065
1469
4436
4964
6153
4298
7015
1796
4324
4930
5903
2765
1680
1865
419
-7109
-9020
-2831
-5856
-5932
-13021
-9362
-13427
-16587
-9201
-10165
-14157
-14234
-11185
-12402
-7483
-4737
-2531
-2334
-1392
-81
2144
5374
3653
3556
6232
5063
3800
7626
5646
10991
14663
14883
6351
4356
14122
9419
9121
7447
5203
5373
8206
6237
5132
6731
5970
8443
5760
6416
5828
4280
4961
3875
1580
-3089
-1137
-2056
-6023
-9974
-8591
-10767
-10278
-7173
-13368
-11319
-11617
-14900
-16594
-9422
-7372
-10613
-5686
-2664
-2707
-1557
-5525
901
6628
3945
4098
4028
3483
4107
5910
3827
4857
11576
8669
2616
4541
2655
9674
6191
3600
4681
5649
5620
3841
3775
2897
6103
4801
6483
3006
3572
2261
-2029
-3965
-6012
-818
-721
-6707
-6510
-11323
-13030
-15749
-5925
-5664
-15202
-15336
-13057
-11754
-9568
-9175
-14688
-5731
-9166
-4002
-2010
-7096
-642
771
5352
5131
3004
455
2819
5443
2972
9745
4525
7473
6633
2152
4108
2369
10553
4759
2968
4046
4027
3482
3278
4097
3366
4595
1183
6398
5348
7107
5282
-1525
26
2621
-808
-2594
-75
-3733
-3727
-6951
-9672
-13657
-9604
-7034
-13109
-9379
-10005
-9511
-9189
-11349
-4804
-1855
1589
-83
-3991
2734
4067
1745
2823
5726
4225
2061
3178
451
2277
6112
8147
5127
6250
2045
2695
8793
5708
5122
4406
6956
3833
2950
4228
5929
7074
6239
4649
5246
-374
-1268
4865
1688
1812
-45
-4940
-6869
-3791
-5984
-7375
-12033
-16336
-9377
-8791
-11142
-14144
-10012
-7909
-6693
-8789
-7429
-1048
-3634
-1964
-4108
425
5838
9631
6511
3519
3162
3376
8119
7643
4937
3053
7859
1804
3792
6149
-2972
10370
8080
6438
9249
7567
5829
4024
7188
7445
8317
6876
5108
1289
7591
6900
2757
4589
1895
988
197
1804
1547
-737
-4352
-7461
-13932
-12918
-4700
-9506
-14988
-8227
-6263
-5782
-6023
-4057
104
2208
623
-3714
19
1305
3859
7450
4717
3414
3519
5354
3245
4531
828
1453
250
-1288
7052
-752
917
7801
9685
4523
5650
8310
3405
4762
2733
6525
252
-3153
3906
3851
1389
773
-2506
-1868
-631
-1810
-531
-4446
-8645
-6455
-8722
-12857
-17741
-13957
-8428
-15670
-10602
-7500
-10363
-9136
-5818
-6894
-4366
-1130
-4621
-1125
4090
4744
3030
2932
-13
1485
-176
-935
3836
3775
1301
-6802
-5445
3755
5866
2899
1090
6741
5509
6067
6165
6626
7333
2774
307
1256
4701
4595
3956
6133
6270
2740
3490
2404
15
-1319
-1823
-1222
-149
-54
-6618
-13275
-14670
-8016
-8069
-9598
-8214
-10134
-10501
-7934
-3375
-1770
3426
-721
-1710
2859
6907
6399
4296
3902
-1114
2919
1380
3113
-700
-515
215
-5965
1260
4319
1716
71
3499
9311
8800
8726
7691
5642
1901
8457
10293
7335
6794
6532
5974
5844
7820
2833
3213
2982
-2487
904
-639
-689
-1748
-4623
-7656
-16850
-10734
-10915
-9598
-11970
-14233
-5533
-6244
-1071
-68
3709
1678
-1980
1616
4646
4388
2132
2439
1853
4260
2060
2096
1120
4092
-1415
-3381
6072
1825
6221
3071
3578
9097
9834
10569
5998
7672
5926
6208
6302
4216
1931
2188
3981
6216
6412
4101
644
-2274
-367
-2210
-4648
-5712
-6484
-5580
-10622
-16054
-20992
-14887
-9665
-16638
-12522
-10826
-7369
-3753
-5106
-857
2148
-2626
-3225
1384
-129
2836
-945
-1472
1912
-450
2934
-430
554
-1979
-5027
-743
1207
4130
4089
-1212
3032
10260
2971
6886
10239
7889
5967
3684
4009
3634
6322
5379
4742
3523
2838
4845
5825
-434
-3441
-5886
-7662
-8408
-9447
-7365
-12040
-16888
-16500
-8748
-8327
-13407
-8195
-5827
-5055
-427
1140
-2628
-2195
-963
1413
4430
1575
2714
-788
-876
819
4594
4714
5469
2662
-6613
254
4493
6227
12178
9708
-704
3419
13170
12743
7262
9111
10246
5170
7232
8981
9063
7646
6683
5000
5533
8143
2585
700
-1453
-1380
-1910
-4877
-6241
-5401
-5198
-12920
-14464
-18138
-10825
-9197
-12677
-3793
-8121
-3596
-3609
-1271
71
-3349
-1842
271
5263
5222
4128
1816
3308
5022
3041
3130
3185
-1302
4206
5074
1655
4442
1956
4714
6776
7205
10796
10673
7758
9541
11176
7524
7826
7281
5552
5514
5079
5117
276
2387
1488
721
-618
-2671
-8641
-10635
-10315
-12223
-12251
-14944
-14051
-13771
-3450
-12032
-9894
-6117
-7415
-2253
-1218
1803
-1350
-1468
2175
4235
4356
6029
2828
3769
6264
6100
4211
6174
2124
-109
4051
2069
4214
3704
8152
10398
5748
5525
7009
8117
7479
9341
7612
3659
2918
-39
3824
4602
2191
1928
-813
1064
179
-4343
-6281
-7970
-8022
-12538
-10993
-12432
-15634
-18111
-21362
-11781
-10930
-11171
-11400
-8149
-5143
-5340
-4107
-1408
-3966
-5151
42
555
4586
4191
1745
2226
2149
2636
7000
-873
-59
34
-3881
5002
5535
6802
9744
7512
1620
3479
6994
11620
2986
1198
4808
3545
3245
2482
3034
-44
-13
-48
-223
-1975
-4167
-7765
-8768
-11611
-12528
-11859
-15040
-15395
-12758
-15407
-15358
-15383
-13002
-9446
-9114
-5968
-2197
-1405
-504
2707
1184
1991
6909
8982
8581
5645
5377
8980
4726
9994
6600
-2830
8534
4361
3498
6705
5414
11620
13156
12519
5370
6706
7866
9312
9553
6030
8688
5676
4717
5922
7111
6152
3237
2477
-483
1076
-130
-2471
-3993
-6019
-10244
-11703
-13287
-11068
-10838
-14746
-10325
-10862
-9445
-6903
-4685
-3586
361
2157
2484
3384
3141
6524
7805
9480
10864
8595
9575
10943
6826
3653
2625
8318
9493
6743
5551
5945
5112
7563
7649
11479
9643
4866
6177
8361
7316
4866
5823
-266
3401
597
-1577
-2061
-3316
-924
-3055
-3209
-4870
-9720
-10189
-11610
-14687
-14008
-18052
-17494
-15967
-12823
-14665
-13802
-9585
-6796
-5265
-4580
-354
1272
3066
1884
3856
4716
7167
8374
9526
7786
2294
6200
6686
-1708
2139
4970
-918
1223
2785
5063
2988
6603
6336
3577
769
4449
7358
3857
2180
-742
3852
515
3215
244
-1944
-4110
-3653
-2736
-4690
-6493
-9077
-7883
-10348
-5937
-15577
-13447
-15093
-16642
-12162
-10489
-12658
-15277
-5556
-6468
-874
-613
1832
3265
4485
5742
8165
10200
10425
11645
7345
11375
10733
11623
1784
-747
4489
4057
6741
5811
4248
3317
4870
7730
9574
5090
5968
3824
2342
5109
5304
3809
724
1446
1694
113
-2116
-3231
-3249
-3659
-5616
-6775
-7133
-7275
-11186
-10018
-14792
-15240
-12535
-14705
-6572
-13469
-14163
-5416
-5631
-133
2840
1691
4200
4580
6685
8702
10971
9621
9140
8632
5812
8963
9101
7016
1118
3793
3853
3285
6385
2128
1708
-14
255
5307
4960
3690
240
3621
6207
2490
4517
1488
386
-912
-1630
-404
-1387
-3702
-5215
-2529
483
-2266
-6474
-8933
-10642
-10311
-14103
-15170
-15243
-12547
-12269
-11916
-9001
-4626
-138
148
2981
3763
9317
5988
8812
10967
5299
8829
9799
11493
10050
10003
10267
6938
3225
4948
6938
3379
3828
4466
2489
170
3921
1658
1017
3384
-3100
2926
2191
1076
2967
621
136
-5416
-1835
-3297
-4673
-3995
-3746
-2605
-4100
-8291
-11936
-8638
-9119
-9095
-13858
-15964
-9607
-9244
-9765
-8234
-8513
-8999
-3185
4411
3026
4217
3287
443
7732
11241
9742
11278
10113
10599
9895
7380
10731
5502
5978
5077
10
775
-273
1737
-1433
-1836
-3030
-1373
-274
-2788
539
-3298
-3456
1130
-825
-3110
-839
-3279
-5764
-1804
-218
-2726
-4783
-7019
-6205
-4955
-8506
-9365
-9888
-9774
-11748
-14088
-8493
-8011
-12329
-6024
-5221
-4015
-2329
3732
7230
4883
6298
9204
13445
12361
13424
12041
11588
12414
12321
12561
9459
2747
6592
7092
5861
5752
2299
504
556
5040
925
1920
902
-1277
1570
211
-2127
2767
3927
1266
-1562
-2804
-4556
-5818
-1333
-3283
-2162
-3166
-6908
-6053
-6846
-10759
-11103
-10141
-10878
-7882
-7356
-11327
-13851
-6750
-2658
1441
-525
-1773
4520
6978
8391
7265
9620
9729
7431
9680
10659
10349
8664
7994
6343
1850
6076
4481
2793
2058
2103
2785
-1267
-946
968
-1614
-3349
540
-2784
-1148
992
-2350
-456
6495
3000
951
3797
-3467
-730
-548
331
-1112
-5091
-8115
-4878
-3104
-7094
-6390
-10510
-8265
-3773
-4087
-6761
-719
435
220
2789
4802
7490
8620
6956
7622
10844
9668
10465
9117
7297
8685
8828
7762
5253
-518
3488
898
2121
2708
3
-2813
-6331
-2472
-4389
-868
-2209
-3548
-6348
-8014
-3072
-4640
-3527
-1176
-1879
-4351
-3507
-3672
-5864
-6462
-8425
-4323
-2965
-12296
-10820
-9087
-10605
-9032
-9678
-5511
-4421
-7506
-8601
-4625
-418
2976
1764
1342
5253
3983
6963
7796
8390
10633
6922
7743
5928
6048
8626
9971
3859
184
5122
-39
1130
686
-265
-1196
-3109
-4430
-6145
-3188
-282
-4853
-3757
519
-4254
1026
-1392
-1257
-1225
-4689
-1677
-2186
-5091
-8238
-3516
-4173
-6155
-3678
-8993
-6820
-4621
-4779
-9152
-11029
-7265
-3078
-9024
-6498
3452
-960
4770
708
2444
6835
4629
7400
7791
8343
11504
12427
10200
13146
7328
9353
7611
5640
9966
5415
2393
399
890
358
707
1130
248
-3390
-1673
2587
946
-1549
-3275
-3392
927
-1773
494
-817
-2835
-1249
-1597
-2198
-3231
-817
-4048
-1999
-1780
-2628
-5932
-6718
-4816
-6589
-2302
-2571
-6147
-534
907
4059
5429
5222
4382
3203
4166
6645
7579
9978
8704
8764
8848
10005
12062
9576
5796
4082
8390
2692
1517
2808
1777
-129
-4772
-1039
1092
-3454
-6382
-4878
-6642
-4148
-7367
-9135
-9310
-7429
-5361
-5321
-7
-4329
-1425
-2208
-1856
-3003
-4995
-4321
-3654
-2646
-6464
-5264
-4280
-4115
-5679
-6951
-4660
-3609
-3115
2398
3216
3026
2689
5278
6156
5146
9982
9385
11587
9682
11475
11417
7905
7452
5868
6860
3421
2705
5415
638
-1354
1338
-204
-2178
-4246
-3135
-4476
-8447
-7428
-6050
-9103
-10354
-7527
-6937
-2765
-6025
-6535
-3763
-4869
-5678
-2016
-4966
-8850
-8624
-8596
-3249
-6956
-9516
-8738
-8801
-8098
-6584
-6826
-4819
511
175
2929
3534
4970
1361
4395
3374
5558
9009
7525
9383
6766
9397
7323
8899
7033
3014
5442
1072
5306
5318
5211
-1736
-1266
-4311
-5430
-2079
-5630
-2208
-4839
-4903
-6020
-3474
-2305
-6323
-5674
-101
-122
-748
-629
-206
-2414
-2513
-3055
-2585
-1735
-2141
-284
-3278
-7586
-5902
-1381
-790
-6434
-4966
2724
3008
6849
8139
8737
9131
5222
8820
9893
6319
10687
13254
13829
14014
12261
11959
7395
8146
8594
7436
8755
1405
-1720
-387
1992
603
-2655
-3576
-4849
-2792
-4155
-3681
-2006
-4750
-4039
-4686
-6729
-4623
-3521
-3169
-2947
-4458
-4877
-3636
-5479
-8245
-6986
-7543
-2337
-7958
-8187
-4392
-8497
-192
-5317
-2827
3124
524
4894
6386
8667
5382
7873
6067
5543
8839
9716
11917
9145
10258
10418
9317
6075
7707
4467
2093
224
3330
2166
-4078
1291
-75
-3058
-5149
-1923
-3431
-6924
-6423
-6121
-2627
-2740
-4894
-7371
-8133
-8952
-9597
-4866
-3538
-9300
-10124
-3209
-7214
-9168
-6330
-5439
-9979
-9743
-5439
-10702
-3642
-6431
-6621
601
1602
3232
5232
5544
4309
8579
9157
7828
6260
8877
13408
14483
12649
8916
7025
6451
5102
3599
6359
2829
2653
3044
-70
542
-2027
-1883
-1745
-2950
-3286
-5226
-3843
-3850
-6316
-7898
-9511
-5477
-6130
-4877
-5241
-7208
-7525
-6721
-6611
-7908
-4204
-8272
-8954
-5069
-5719
-5821
-4271
-5069
-1390
-8539
-4846
2792
1423
5953
6204
8217
7631
10546
8350
6753
11764
12533
7680
7185
11723
12349
6405
6742
8400
5673
8012
4376
2975
1736
1857
2193
266
385
-1575
1308
891
-1595
-4370
-5238
-5928
-8222
-8246
-7195
-8689
-9536
-4013
-5846
-5867
-6098
-6412
-8923
-7947
-10241
-14372
-4735
-7534
-8600
-6728
-6535
-1309
-4847
-3945
-415
87
6787
7457
6892
7182
9592
11530
10073
9446
12252
14904
6119
9785
10559
9386
10025
4822
7814
7176
6445
5431
3877
5064
2185
2087
2730
1984
3050
-442
-161
-1091
-1639
-1575
-3343
-2433
-7606
-6973
-4332
-6905
-7551
-4327
-8683
-6948
-7067
-7161
-7373
-17704
-8997
-5655
-3707
-5337
-5108
-491
-4337
-2348
1133
4226
5179
7953
5215
4759
8348
7577
6891
8012
8526
9168
10034
8775
6752
5250
4940
2805
6114
5971
4969
7094
4602
7403
7046
5736
1487
-1477
53
-627
-1107
-117
-470
-3965
-3169
-4268
-4458
-6783
-7228
-8732
-10970
-7328
-11576
-10308
-7360
-10798
-7732
-11400
-11695
-12401
-11032
-7594
-8868
-4976
-11730
-4993
312
-2092
1016
3187
5970
7410
8364
7088
5514
6803
10541
9939
11168
8135
9612
8694
1791
5816
8221
6268
5613
4499
6401
4232
1244
3167
2297
3167
2059
1692
1756
-1199
814
-2764
-3956
-2656
-5061
-5255
-9259
-8298
-5627
-7474
-12490
-14553
-11243
-11538
-12859
-10018
-14969
-12294
-6823
-14397
-10378
-4565
-9847
-9175
-976
2546
4668
5143
6973
6857
8447
8903
8599
7640
9751
11448
10109
14690
12162
12338
8958
10105
8875
10226
10932
3277
5309
4953
3205
5388
6010
2360
2233
1176
1173
1027
780
-2903
-4616
-3977
-5244
-3911
-4299
-7582
-8708
-8942
-7954
-6748
-12807
-13394
-15445
-9180
-14543
-18033
-8817
-12862
-8907
-10441
-9597
-7139
-1901
-437
1356
6785
6460
6628
7635
8202
7900
10705
10922
11309
12914
13340
11881
13211
7848
10243
10424
5157
4437
5769
7885
8952
5940
4550
6688
3220
5606
5838
5216
2278
685
-2321
-2203
-422
-3195
-5105
-4987
-3911
-5986
-6856
-6786
-5845
-9373
-11365
-13786
-14770
-16399
-21005
-15769
-11117
-10035
-8052
-10953
-11373
-3306
669
683
4083
2914
4024
5084
4909
9385
9740
11643
12252
14101
13333
12747
7895
4856
12615
7998
8986
11027
6527
7385
6370
6500
7121
4918
4316
2432
1713
2476
1327
1156
-661
-2821
-3247
-4492
-3921
-6069
-6933
-8401
-11061
-11521
-11954
-9571
-13905
-17098
-16935
-16882
-23278
-20321
-12526
-16292
-14347
-11350
-14754
-7684
-4690
-3064
3359
-629
3694
4810
8339
9757
8859
12247
13128
14849
10611
12827
10617
8093
11407
11491
12699
10924
11319
7956
4297
9128
6444
6652
5490
3550
4271
4043
5916
3215
2337
1632
2337
-1046
-1553
-1338
-5273
-6288
-6279
-10382
-12423
-11729
-12210
-11651
-16261
-16022
-19473
-20327
-18440
-17375
-13358
-13106
-13949
-9762
-5002
-4875
5586
4265
4866
6844
8721
13558
12455
10184
9867
15174
13199
16651
16104
11644
14738
13466
11573
14015
11938
10609
10009
5301
5694
5450
4884
7131
4245
3193
3776
3562
2861
2116
815
-2524
-3875
-4736
-6863
-11236
-9058
-10758
-14694
-13222
-9863
-12223
-15789
-15656
-17847
-18736
-17824
-16421
-15418
-11247
-14940
-8901
-2776
-1843
-13
441
6032
7464
8754
9829
12131
13646
11886
15502
15308
15779
13254
13572
16689
13428
15345
13443
10546
10623
9685
10607
9641
4095
4841
6407
5845
5727
3824
4714
4745
1873
835
-1703
-6206
-5098
-6389
-8457
-7442
-7133
-9131
-13497
-13224
-12168
-16189
-17102
-20056
-20969
-17413
-19507
-15545
-15097
-17316
-13928
-8000
-1176
1446
752
-1867
4317
8260
8687
12445
12060
9662
16072
12938
13766
11867
11635
18996
15515
13742
9842
9250
8049
14421
8249
6680
6822
9555
1655
4912
411
128
-755
-1909
-4843
-3951
-2227
-4847
-6915
-6909
-8052
-9493
-11451
-12540
-15222
-15080
-16104
-15327
-19576
-17689
-17069
-21164
-15378
-16024
-12991
-14396
-11955
-6137
-3057
870
1143
3499
2146
8148
12553
10491
14138
14530
14644
16344
17227
17449
17608
15897
15039
17704
15930
13608
12027
12953
13319
11446
9549
10037
9755
5783
2209
-739
-1796
-780
232
-2458
-1655
-1496
-4199
-5270
-7217
-8798
-8774
-10712
-12423
-12954
-15553
-16449
-15576
-14807
-16149
-19894
-19280
-12796
-11757
-13410
-11481
-6274
-4580
-642
2702
3825
6578
7487
8308
10999
15791
13612
13997
14569
14690
14154
13472
16180
15416
12432
12335
12093
10141
11312
8605
7647
7380
4775
2236
1651
2144
3948
-4065
-5017
-3174
-2035
-4857
-1532
-8606
-10857
-9839
-11817
-8145
-13693
-15162
-12502
-14715
-17724
-14642
-15853
-17040
-18541
-20082
-16249
-15263
-12119
-10269
-8535
-3619
-652
769
4676
7406
8017
6992
8172
15869
17098
14746
16108
17878
17522
16463
16643
15197
15414
16300
15117
14962
12755
10544
8783
8099
7919
4840
4048
1767
2577
2730
-4469
-4774
-4032
-5889
-5046
-6846
-8017
-8815
-11865
-10651
-12726
-12484
-12299
-14037
-15819
-16967
-14179
-15385
-19633
-18040
-13094
-15906
-12380
-9571
-7307
-4798
-2833
-144
72
915
5880
12107
9580
9052
11842
15651
13263
13143
14050
12806
14915
13265
14041
11410
7474
9053
8232
8152
8483
5673
6919
5195
3897
4399
1028
971
-3443
-7189
-4413
-3825
-4226
-7076
-7555
-9307
-11878
-9905
-10038
-11259
-12578
-11754
-12318
-12120
-15362
-12440
-15537
-19397
-9941
-10263
-9726
-8253
-6542
-4678
-1639
2730
3018
4137
6405
8777
14934
14541
9661
12498
15259
16530
16056
17672
14297
12780
15951
14865
14741
10841
11720
10629
9057
8709
6196
7557
4634
4525
3526
1323
1529
-4047
-5763
-4625
-7875
-6815
-6063
-6222
-7654
-8433
-8169
-9961
-8512
-8596
-10842
-12137
-13898
-12250
-9552
-13725
-8585
-8873
-11976
-6534
-6354
-1516
-560
-377
243
3779
8435
9134
10296
14264
12998
9616
16054
14082
12114
12098
12562
12359
11087
12593
9463
9784
8422
8463
8372
6798
4116
1349
2306
-492
1611
-325
-4120
-3942
-5679
-7027
-8602
-6710
-6048
-7612
-10057
-9145
-9930
-11018
-12510
-14978
-11549
-11974
-12650
-16184
-13079
-14841
-14673
-10844
-10423
-2591
-1261
-2584
615
-2561
628
582
509
4069
7495
5679
7534
10606
12064
8547
13026
11702
9159
11021
11345
9196
9401
8774
9248
6875
5113
4181
4155
3974
3121
98
-509
-1597
-3939
-1570
-3986
-5445
-7278
-7869
-4947
-3165
-4667
-8229
-7716
-7137
-8224
-10810
-8909
-10863
-12210
-13546
-13848
-12765
-10681
-8657
-14227
-5775
-3594
-1348
67
1183
4181
2936
5488
4253
7309
7980
10029
9596
13548
9613
9799
17651
13574
12173
9887
11820
10964
10208
8333
6621
7003
5748
8150
3969
1298
2178
1260
1850
157
793
2951
-1081
-2063
-3067
-4472
-2087
-1209
-3716
-2942
-2188
-4952
-6677
-7966
-8026
-9794
-9786
-7254
-9572
-8256
-7588
-9577
-3768
-1029
-1807
793
-590
-1520
2366
418
1382
6854
5958
4353
5061
7108
11554
5449
5322
15706
11958
10474
8577
7110
5393
5739
6609
3946
4008
1248
1486
1700
3357
1042
429
-57
185
412
-63
-79
-2377
-4264
-4661
-2174
-3246
-4960
-6588
-7309
-9072
-7832
-8595
-10520
-13545
-8593
-14795
-6491
-12543
-12123
-3587
-8715
-6471
-3583
-1631
-759
-538
-433
174
1236
2133
7511
5044
5861
5832
5845
5911
7759
8945
5450
6679
4941
6138
6138
3737
2650
2333
3363
2763
3861
4483
2902
1121
2146
2904
2670
1474
1347
339
28
-1974
-5844
-1855
-2676
-4559
-4529
-6790
-7273
-7823
-10294
-12890
-10513
-11914
-7670
-12564
-13251
-2036
-4541
-371
-30
-1735
518
2507
1066
1274
2909
2602
4724
5475
6358
5227
7132
5661
4065
7273
7770
6373
6288
4036
2701
3932
6006
6317
4760
2633
2572
4264
3949
2825
1017
831
1948
1279
2302
3669
2972
1409
-3330
-1570
-1324
-2655
-4411
-4120
-7381
-8699
-7215
-10076
-10517
-9598
-5911
-12014
-5494
-1364
-5198
-1626
-2159
-1416
-886
1401
-739
604
2269
3030
2273
2217
2357
-329
2678
4637
5584
1514
2856
3461
2211
2338
3973
5771
4281
4887
4203
6476
4655
4879
4237
1953
3755
4906
3250
2709
3521
3685
2944
2505
930
-2869
-2084
-2247
-2878
-6286
-5853
-8218
-11942
-9594
-11378
-9520
-9938
-10258
-4180
-4378
-3831
864
-405
-602
1920
722
-360
1707
3178
2980
3408
4237
3801
3852
3365
6509
6860
4575
1681
7555
11768
8198
7581
8619
9264
8696
6941
4718
4499
5781
3790
4220
6584
3636
2083
5211
5758
6013
4308
-819
2999
-38
-4316
-3988
-3978
-11432
-11236
-10429
-13911
-13805
-12227
-9154
-13207
-11897
-9083
-8215
-3525
-2032
-2627
-1619
-643
2167
395
-604
717
1904
1166
2587
1176
272
865
108
3019
6876
6735
96
6231
9587
7419
8211
7223
7370
6899
9727
7774
8765
7990
7974
9330
6161
5542
6516
6490
4063
3614
3147
2755
900
904
-5702
-7128
-3873
-8208
-6126
-11295
-12377
-11103
-10624
-9351
-12861
-7914
-7314
-6345
-3820
-3673
2309
1727
1195
542
2512
3590
2679
3050
2511
460
1372
4832
6465
5764
5347
3443
9668
4345
7440
10181
8534
7173
6779
8466
12115
9279
8934
9653
6654
5785
5919
3584
2794
3376
3329
970
-169
62
-55
-2308
-3886
-7449
-8634
-9740
-9603
-10728
-12893
-11566
-7818
-7693
-13580
-4326
-5627
-2310
1119
-3026
96
-963
423
2190
697
853
1883
583
2909
2374
4052
1888
2984
3804
2183
5225
3260
5305
4804
3206
5309
9741
9068
7417
9252
8505
8505
7979
7686
4660
4190
3803
1675
-684
-122
515
-2238
-3135
-3585
-3774
-7477
-7528
-9776
-12078
-13334
-13612
-17049
-14949
-10245
-16083
-11531
-7413
-6040
-4594
-3507
-3683
-1625
-883
194
1823
-1447
1024
4089
4617
4005
5116
3976
4950
6081
4624
5145
7109
9103
7079
10204
11161
8109
12591
13959
11947
13015
12803
8647
9059
9912
5732
5590
5384
6344
4933
2025
1324
669
-1062
-4279
-4711
-6340
-7031
-9333
-10528
-14489
-11921
-14267
-12344
-10218
-13655
-6874
-12039
-5866
-3189
-1672
-267
-2831
542
-486
1829
3443
3978
5677
5410
2929
3591
4356
3026
3585
3653
-447
1000
5605
4536
5037
7033
6576
6091
8737
9868
8135
8830
4727
2861
5963
5663
4669
3731
3210
2197
2850
681
-1374
-1546
-4370
-6692
-8597
-9104
-10089
-10569
-13738
-16155
-15710
-9406
-9508
-10793
-8359
-5747
-4469
-912
-881
-2469
-93
4270
6353
6263
7868
1954
3987
5561
7285
5156
4441
5776
3283
5367
6036
4674
2916
3451
3243
4268
5771
6771
4179
3124
8378
6623
7164
6125
4137
3434
1752
3940
1927
1476
1701
-1255
-2392
-3658
-2619
-4707
-5740
-6478
-8567
-8562
-8869
-9387
-13990
-13723
-10975
-8304
-6668
-5023
-2864
-2353
-671
3610
5512
7514
6821
6678
9123
8767
9393
7651
5744
7057
7871
6182
6708
4874
3444
8041
8862
8628
8528
7206
2212
1184
2611
4373
326
3321
3325
3499
3653
3112
1801
2739
3551
-323
-648
-1007
-1864
-5169
-6942
-7149
-8479
-8618
-12881
-14782
-10706
-11518
-10673
-17053
-17945
-14221
-11185
-11470
-5087
2166
-1538
-370
1690
4649
5525
7349
5670
6045
7208
8107
9118
11017
9486
7529
6807
6906
6785
6199
5878
5517
3817
4114
3885
4735
7711
4999
5671
2161
3794
6950
1871
2254
216
-1141
-2805
-3093
-3087
-3640
-2878
-5294
-5537
-5115
-4923
-8045
-9530
-10985
-11544
-12417
-11845
-14184
-18354
-10810
-5125
-508
3255
2794
5426
6574
8814
10243
10672
10511
11746
10830
12858
12744
12275
14173
12762
11313
10705
9123
9234
3027
-287
3367
4628
3611
2210
1195
3086
5073
5379
2429
2552
3336
4964
3355
1762
2106
556
-955
-1533
-2523
-2311
-4711
-5567
-4932
-7820
-8504
-9925
-9128
-11417
-13717
-9600
-8032
-9498
-7926
-6576
-814
3418
1191
4199
2769
9616
10755
11528
14473
13434
13358
13777
13934
13451
12553
12029
10379
7571
7026
6956
5499
1261
4770
4319
3400
2591
3410
3199
1652
1958
3521
269
-616
1004
2460
73
-1236
-1132
-2279
-997
-7638
-6983
-7034
-8029
-7867
-12038
-7595
-14861
-9875
-10832
-12911
-5773
-7211
-3318
-1924
202
5717
5458
6952
8341
9986
13493
13487
13748
14154
14739
13500
14771
14620
14799
14798
9254
9282
5243
7466
7631
3931
3165
3735
3638
1858
1545
193
851
383
-1089
-1852
-38
-2973
-2732
-4835
-663
-11
-4303
-4444
-4658
-4664
-6290
-7128
-5992
-7489
-6852
-8743
-7300
-7892
-9259
-6658
-4410
-3993
-1193
-1791
1080
3047
4395
5157
7607
11827
10197
12889
10571
15561
15842
13992
15832
13114
11263
11517
10757
9323
8697
9390
7538
6716
6053
3671
2673
711
-5524
-1998
-1292
-1246
-3299
-2172
-3215
-2133
-1264
-3769
-5162
-6889
-2542
-4315
-4336
-5535
-7487
-7044
-9025
-10246
-7139
-6455
-6347
-5628
-6877
-4724
-2822
-5119
2481
4310
6094
10731
8719
9475
12468
14000
13327
14840
17005
16708
16050
8128
10625
11766
12521
12394
9921
10835
8833
7907
7179
5731
3838
3396
2295
-483
-756
-1524
-2738
-4624
-4390
-2473
-4234
-5291
-5631
-4909
-6082
-10992
-10569
-4745
-3921
-5819
-7845
-7093
-6036
-4646
-5344
-4402
-4576
-4798
-5095
-6003
-6569
-8339
1304
5885
9877
10802
8928
9908
10739
12346
11074
16884
14946
13562
14653
14097
14996
14401
12815
11355
10268
12154
10035
7291
7162
4375
1911
2360
-2110
-6320
-5901
-6165
-5307
-6597
-7972
-6584
-7952
-6418
-7197
-6880
-9357
-4417
-9845
-9198
-3176
-7406
-4066
-5535
-5383
-6967
-3843
-5225
-6152
-3554
-5901
-2891
-6685
-701
2424
2635
11816
10852
13410
15041
17362
14018
12444
15636
16407
16881
15234
13917
14271
13107
12940
12506
9452
5155
6591
6777
5191
4210
2192
-459
-1955
-3463
-3900
-2121
-4978
-7464
-6670
-9917
-10141
-9587
-7147
-9149
-8676
-8438
-6446
-5452
-7443
-3510
-4612
-3390
-6466
-5912
-3042
-3540
-2379
-2681
-2364
-1038
-3672
5582
5921
7452
12224
11237
13128
12144
13864
15635
14355
12940
15952
11019
9639
14135
15399
13895
10711
6233
8548
7268
3978
4268
4405
2329
930
-1082
-1100
-1732
-3393
-2578
-4005
-7788
-7474
-8743
-9031
-10599
-11528
-9723
-12142
-6779
-4909
-5502
-9179
-12487
-11504
-166
-4399
-10362
-1990
-3020
-756
-1269
125
-2967
1271
6310
8878
10256
10812
10193
12484
13373
15173
16844
13983
13264
14860
12490
10325
13356
13398
7135
10459
9485
8659
7663
5934
4320
2610
2943
2092
-2106
-5166
-6911
-3756
-7934
-9142
-10429
-10776
-12952
-11023
-8394
-8100
-8263
-7498
-6597
-8041
-6331
-4078
-4276
-6595
-3966
-1854
-3378
904
-2482
-2377
-1289
-700
-26
2307
7056
6115
11005
12010
11438
12272
14970
10730
10750
15500
10811
10266
13881
14231
10969
11925
10327
10579
8932
7930
5909
-103
3963
-1925
-996
-1250
-1159
-2183
-4670
-2609
-4953
-9480
-7901
-6438
-8521
-6921
-7587
-13542
-11450
-9590
-5695
-6681
-10251
-9526
-6284
-7494
-8656
-3454
-3401
-3432
-1467
-1664
-4153
-2046
-1872
1849
2902
5801
10468
9780
13573
13463
14270
14914
16833
12212
12993
8817
8411
9481
7550
9330
9156
9054
8234
6810
6175
4170
1099
-772
-111
-484
-1908
119
-870
-6189
-7272
-8477
-7323
-2565
-7205
-11236
-6367
-6850
-8593
-10377
-12259
-9000
-10447
-10580
-7948
-7181
-9235
-12320
-8157
597
-7037
-4518
-2202
-3076
-6018
815
6182
7820
10326
8093
10251
11959
13372
10692
9618
9774
12504
11907
11415
7562
12475
10204
8313
7904
8430
7086
4548
5078
2986
4340
2170
1980
-2035
-2319
-1116
-4877
1704
-5101
-7030
-4967
-6495
-4787
-4640
-6099
-6590
-7211
-4566
-5634
-5335
-5402
-8994
-5379
-2947
-5358
-6652
-3897
-3371
-1465
-103
-162
1339
5212
5899
9347
11683
8885
7735
8359
8646
14164
14273
13664
14758
13764
12992
11322
10567
9786
8880
6568
5868
6484
5494
3457
4240
3989
-219
1661
-1565
-2405
1872
-2570
-1993
-603
-1513
-2970
-4518
-5419
-2960
-3995
-3808
-3728
-5051
-6725
-6488
-3545
-5629
-8666
-5878
-5780
-6688
-5873
-6800
-4016
-583
565
-2399
1965
7047
8573
9498
6420
6469
5480
7215
9677
8698
8549
10246
8915
12703
12259
9050
7223
2592
3810
4294
3488
800
-1968
-1184
3438
1588
6157
3996
2362
2850
-18
367
-5531
-877
523
-1688
-1616
-1955
-1883
-4135
-3773
-5521
-5134
-5919
-8200
-6718
-7074
-10013
-7778
-2928
-8485
-7740
-5826
-2549
54
-2080
3386
5768
7357
9750
9787
10993
11433
11719
12631
12367
13730
11909
9191
7905
8072
8527
5561
3855
3631
1419
3148
-559
4353
8971
2004
4068
3319
-1226
-410
4654
1433
2808
2611
-3613
-2699
-2037
-5172
-2253
-6647
-1907
-2892
-5360
-7615
-11290
-12118
-13192
-12032
-12378
-15870
-10407
-6596
-11694
-8418
-5677
-7691
-2731
1028
2521
4668
7295
7395
9317
10864
10526
10509
11773
12102
6571
8569
9552
7934
4803
1698
1587
3394
5983
8565
10194
7107
6771
4768
4512
6797
4843
4047
5390
6332
3963
412
-1284
-1885
1258
-3864
-3423
-6376
-5798
-6660
-8504
-10830
-12812
-13011
-8215
-10348
-10474
-9004
-11782
-6006
-6424
-8832
-6576
-4711
-9400
-6378
-999
949
4259
1597
4953
6103
6201
7274
6804
11217
10667
8576
9297
9751
10596
8011
7855
12176
8431
8222
8679
6353
7355
7605
6974
5486
8948
6053
6143
7459
5906
3922
4376
5814
2722
-1734
-3061
-2587
-3357
-4418
-7287
-9805
-11912
-13255
-13711
-12437
-13291
-13727
-14057
-17068
-12993
-10471
-15321
-11529
-12235
-8651
-2461
330
5676
2600
3646
1428
4578
6265
8175
7179
5587
9972
9319
10149
15428
13691
9026
10965
10550
10799
9794
11547
6637
7506
11333
10675
10468
9688
9098
6010
6472
5754
4873
144
416
137
-3238
-4703
-2386
-4551
-6081
-7408
-9154
-9008
-11636
-10039
-13587
-17134
-14081
-12844
-13404
-10487
-6288
-8191
-8764
-6149
-1750
764
-1770
427
3671
3941
7082
6803
6469
6946
6384
10522
11960
10551
11325
9324
5650
7674
14317
8884
6022
5690
11070
11730
12480
9121
8862
6587
7767
6349
2042
-271
-428
3272
-3284
-3296
-2823
-4407
-2594
-3768
-5149
-4024
-11711
-13392
-11979
-15511
-14663
-15729
-17950
-14805
-14880
-13844
-8575
-8327
-7687
-9852
-8605
-3112
1540
4021
5274
5303
6030
7780
9644
13004
13403
14255
11411
11633
16322
20121
8950
5554
13378
12121
10397
9514
12048
6485
10315
9708
9803
7030
3138
8029
2275
686
813
225
-688
-2692
-4207
-3422
-6944
-6666
-6836
-7019
-9059
-13361
-13032
-13328
-16042
-15211
-15259
-16668
-15543
-16077
-15698
-14944
-10242
-14656
-11231
-5518
-5345
1091
1150
5973
9449
12445
11612
11607
13313
17671
17174
19999
15914
14444
16635
10569
18903
16262
15600
15111
15452
13664
10953
8918
4992
5257
2472
3178
1995
1923
2005
120
2190
1521
724
-1053
-3466
-4259
-6218
-8356
-8376
-9488
-11488
-12547
-17978
-20081
-17382
-19464
-20900
-16608
-17559
-18987
-10589
-11833
-16963
-7165
437
2064
3770
6027
7755
10221
11573
14008
14095
15840
11842
13182
18625
15947
15916
9860
11871
18738
12232
14918
13025
11600
10926
7775
4891
6139
3395
2488
6401
2802
2956
1246
908
-2301
-3280
-5403
-6088
-6616
-6476
-7717
-9974
-12808
-13905
-15233
-17004
-19242
-21933
-22434
-21973
-17470
-20189
-15399
-17131
-11206
-11207
-5474
-2853
2223
6133
8942
12339
7010
10869
6675
9434
12127
13947
15296
20140
20159
22664
18202
14857
18403
15104
15826
9137
12595
12882
11501
9216
9651
5236
3755
3849
3855
4125
2476
1710
-1209
-2077
-1795
-4952
-6130
-6857
-8296
-9483
-10863
-11509
-14095
-15908
-16657
-14802
-18689
-19559
-15783
-16868
-14063
-13454
-8613
-6366
-7186
-6892
-2704
2708
9667
7269
4200
11100
13712
13832
14224
12989
15847
16889
18533
16975
16742
12125
13165
14910
12436
15301
12368
11264
10126
7360
7296
6300
4612
2926
2397
2009
-203
-3650
-5401
-1591
-8244
-9704
-5317
-6549
-7153
-9862
-11131
-17083
-17277
-19483
-20203
-17612
-18595
-20736
-17073
-16485
-16697
-12188
-10880
-5188
-5679
-2157
1591
-361
1090
6107
12836
15025
14867
13927
17172
17054
18503
16274
17446
17140
16523
18186
11110
13459
12567
12168
8417
7852
8994
8451
3799
59
3797
1860
3302
958
976
-42
-2475
-4931
-4389
-5225
-6841
-9875
-11906
-11582
-13684
-14986
-17610
-15952
-17833
-18509
-18428
-18582
-21600
-18692
-12995
-12679
-7066
-6653
-5254
-8319
-4189
781
2209
5368
9564
12440
12873
13295
12997
16559
15417
14863
13925
16772
17083
18377
12861
9888
14743
14280
15125
11165
10133
11702
6392
5865
6168
4187
2169
115
-445
-357
-3072
-6863
-7199
-11116
-11482
-11524
-14229
-12730
-15587
-16090
-15142
-13083
-13397
-15723
-17255
-16981
-15899
-18761
-14789
-14955
-14001
-10155
-10120
326
4721
-405
-179
6334
8379
9344
13640
14275
14103
14426
15811
15876
16998
19256
17988
18396
15673
10316
13544
12958
11766
11217
9396
8813
7705
4235
2884
5081
1893
1664
825
-988
-3829
-5752
-3988
-6234
-6942
-9524
-10610
-11542
-8845
-8110
-6987
-13469
-15764
-15774
-16288
-13704
-13084
-12257
-18338
-16467
-11287
-10309
-10963
-5939
-2710
-2080
-655
1649
7099
8787
6815
11734
14154
16146
15354
15592
15779
14863
16432
14290
17644
12886
9248
12911
8891
9593
8658
6043
7048
4281
2585
3151
2124
1677
-2657
-372
-1301
-4046
-5360
-8964
-9297
-9120
-5900
-6520
-8320
-6987
-7411
-6955
-9296
-11195
-11070
-11868
-14468
-10799
-9901
-9699
-8566
-9760
-8652
-12104
-2474
-552
-1422
3548
2860
8908
10380
12179
14876
16074
17651
15393
16897
14923
14372
12751
12529
12685
5553
10669
10177
9565
7943
4536
8460
6265
2029
342
-342
-3055
-3181
-1702
-1928
-1805
-3065
-3789
-8605
-3476
-5278
-8503
-9033
-8623
-8148
-7695
-6595
-11777
-14976
-7262
-13589
-14419
-11842
-13382
-10606
-9453
-7692
-4622
-5727
-1106
3124
6117
6620
6622
7648
8459
12416
11023
11504
12799
11602
16583
12975
15046
11510
13487
10326
3810
8668
7975
6877
4281
4400
2956
-3404
134
551
3938
1892
-5008
-3167
-851
2809
-539
-1967
-3194
-5532
-3110
-2104
-2859
-7139
-12288
-10708
-4108
-4926
-12107
-14190
-14473
-12542
-11260
-14093
-11069
-13717
-13065
-11763
-4172
2126
4094
6356
-24
7086
9608
9976
14819
8315
14196
10694
12651
14071
14104
14391
13944
14002
6975
9039
10159
6879
4436
2345
5259
6141
1407
-3204
323
-1566
-2649
-797
-1018
-1570
487
-938
-3048
1981
-3540
-5591
-5329
-3137
-5251
-6307
-3952
-6881
-12021
-11599
-10974
-9765
-13183
-12355
-9848
-9055
-8197
-9225
-11106
-3835
977
-22
1889
1597
7793
11138
10469
12320
11814
11880
12185
13857
12070
14308
12756
13348
12312
3495
8566
7876
6825
5360
3298
4400
4269
1318
2131
336
-213
1928
2205
1236
606
2721
-376
-236
-829
-555
-2678
730
-8284
-5155
-3665
-4561
-5992
-9018
-9899
-10711
-10469
-16543
-14323
-13772
-12973
-12009
-12387
-6854
-1001
1180
1867
2007
2510
7439
7257
11024
12428
11170
11885
9284
12729
8607
8198
8916
10121
6880
4301
7829
8243
8343
4508
7017
5421
4268
3554
1043
6239
7562
6442
2448
577
5851
5920
4582
2558
746
-333
-1213
-314
-1700
-4046
-4587
-6753
-7215
-6164
-8416
-10157
-11579
-12732
-13998
-10106
-10505
-9498
-11632
-12349
-6516
-1611
3401
-4273
-722
2655
4050
9275
10916
12369
9908
11920
11235
9129
12930
11212
12510
4667
5613
13427
6778
7675
6641
9151
9421
8388
6120
655
615
2767
6976
7724
2874
2060
-77
155
903
-2661
-4214
-5303
-6470
-3365
-4050
-5080
-6411
-8147
-9806
-10465
-11631
-12845
-18207
-18557
-10895
-13193
-15569
-11801
-9794
-2074
-2923
-1675
442
4783
7694
7321
9966
9057
10082
9674
11022
11503
11518
7886
14202
10188
4414
9565
7856
12768
14149
13850
14504
10203
7613
8026
5359
5271
4098
1389
2647
3764
2084
4175
-1029
-2064
-1699
-2008
-2695
-3230
-5190
-8707
-7890
-5862
-8904
-10285
-13000
-14781
-17334
-18351
-17405
-12812
-18452
-17874
-15641
-6920
1446
-2502
-7237
1664
2942
919
6788
7823
4583
6148
7576
12578
14910
16378
14432
12163
10599
7940
12613
12162
10960
10466
12352
9593
14622
7744
4741
3958
6556
9072
5456
3937
1616
541
1547
1580
1153
-2381
-4655
-3967
-3776
-4502
-6275
-8985
-10412
-12058
-13306
-12985
-14673
-17163
-18104
-18417
-16462
-17332
-17668
-13429
-6800
-1796
-5370
2068
-2336
2986
3366
5287
8431
8770
9689
9608
11648
11409
13299
18799
21383
12873
9840
14303
14535
15997
14881
10096
6834
8667
9883
7919
5156
4034
6113
3603
-559
625
-402
695
770
1379
-563
-599
-2270
-4264
-6499
-14739
-11422
-13042
-14070
-17522
-19263
-19482
-19117
-19833
-20798
-18484
-16952
-16559
-13870
-5410
-4940
-2415
-895
-631
6476
6899
8708
8516
8718
16005
17732
18683
18681
12134
13427
15118
10768
11981
15484
13916
14703
11561
12487
8475
8986
7486
4524
2351
2583
5439
5529
5005
1146
-402
-265
-2623
-2293
-3734
-6077
-7946
-10490
-9514
-10322
-12020
-15471
-16262
-18547
-21946
-15618
-21490
-18297
-19326
-13163
-11851
-17590
-12888
-1824
-140
-4138
3808
8900
9516
10587
14724
16757
17327
13367
16842
20032
19274
19149
18196
15644
12419
17560
17110
16625
14702
10834
9850
8445
8851
9999
5932
3014
4996
5589
3804
-537
1262
1251
-1071
-2944
-7553
-8370
-7408
-7312
-7800
-9084
-10179
-10269
-12276
-13305
-13212
-14620
-17419
-16727
-16115
-18003
-13520
-11924
-11406
-10109
-1394
-977
-1338
4677
5655
10623
8473
10015
10039
15083
17325
18281
19081
19137
19293
19957
18459
13091
11997
10014
9740
10800
9922
11095
9017
8298
6373
4820
2777
5452
3234
1873
28
-1692
-1737
-3184
-9328
-8997
-11002
-11242
-10668
-7625
-13613
-14195
-13357
-16591
-13117
-12254
-13946
-21777
-20273
-19353
-18027
-11396
-8978
-8689
-1541
846
911
6183
6023
12356
13504
11729
15369
14852
14016
15188
17020
16818
15750
14399
16842
9024
12971
11786
10115
14918
11671
11352
10929
11162
8190
4150
4459
3375
3026
1162
916
-5101
-4007
-5521
-6392
-1413
-3548
-5169
-6507
-9437
-10615
-13040
-13180
-14713
-16861
-19698
-13569
-11497
-13559
-13494
-20390
-13856
-7772
-6107
-170
-3811
-2821
-3192
6982
11913
9069
9652
10341
13135
14902
16253
16691
18904
16270
18767
15425
17521
9839
11169
15678
10740
13400
9210
10507
8573
8331
1837
-2498
-329
2159
2160
-811
-1126
-4148
-5519
-7473
-8516
-9028
-10112
-9190
-10275
-12233
-11813
-10933
-8554
-10021
-11283
-12999
-16042
-16618
-13545
-11394
-9628
-11203
-9186
-5072
-3386
-531
-1863
4031
8310
8235
10482
11552
12792
15657
14965
11889
14273
13560
19855
13686
12885
11458
10979
15159
12115
11197
10185
10152
7710
4381
2786
761
914
776
3448
3406
578
-67
-3119
-4399
-6372
-6313
-4669
-6436
-10155
-10168
-6754
-6662
-7407
-7289
-8267
-8875
-8765
-10682
-12236
-16867
-12869
-12633
-14338
-6880
-3934
-7622
-4690
-1582
1902
7472
6016
9832
11429
12109
14727
16346
17942
15892
14036
14759
13463
12266
10170
7174
8906
10000
9477
10207
8318
6527
4152
3151
3157
1358
2251
-774
-1459
-2187
-158
-3275
-3529
-8699
-6468
-2983
-3233
-2087
-3373
-8971
-10767
-6297
-7601
-6724
-11200
-16055
-10340
-13519
-11860
-10541
-9118
-9951
-4735
-3897
-4771
-5442
-3518
168
2535
11381
10960
13970
13895
8687
12219
12845
12675
12466
14058
13343
12920
10568
5312
4479
10518
8888
8308
9766
5003
1028
4484
6678
432
-557
13
1978
-422
-3006
-698
-99
-507
-2380
-1444
-4555
-4928
-7064
-3748
-2516
-14208
-12990
-9442
-10222
-10393
-15138
-13235
-13008
-14856
-11351
-7127
-1819
-9873
-6678
1373
-3773
2715
7607
6904
7554
7749
9535
11840
12495
14881
11138
12472
10752
11835
9506
8660
7970
6017
7275
7893
10119
7996
4449
4986
5114
3794
2649
1062
1934
3100
375
3631
1421
1525
-240
-5778
518
-869
-4458
-9905
-2859
-8206
-8684
-10322
-10391
-9492
-7957
-10398
-14876
-14038
-13930
-15212
-4906
-10215
-5699
-7977
-7131
-2852
-2117
5494
6470
5332
7528
6230
6721
10738
12222
10499
15264
10063
10038
9990
12427
11079
4253
3152
2843
3345
68
1965
5239
3069
3630
2266
4219
3345
2195
-1624
2483
487
2390
2812
-3019
-3869
-1741
58
-4488
-2823
-3412
-6347
-6211
-7529
-11490
-9233
-13252
-17258
-13248
-12466
-8049
-6068
-5702
-9060
-9921
-3151
479
3265
1510
6302
7587
5191
10604
11454
13201
13161
11850
13531
10988
10683
14185
9922
11542
7818
-525
10593
77
5258
8192
3716
