-1017
-1018
-1021
-1026
-1035
-1044
-1052
-1060
-1070
-1082
-1094
-1110
-1125
-1139
-1151
-1164
-1178
-1189
-1202
-1214
-1227
-1236
-1244
-1253
-1261
-1271
-1277
-1283
-1288
-1294
-1298
-1303
-1305
-1307
-1307
-1304
-1303
-1298
-1289
-1279
-1269
-1256
-1245
-1234
-1223
-1214
-1206
-1198
-1191
-1181
-1173
-1162
-1152
-1142
-1130
-1119
-1106
-1092
-1078
-1066
-1054
-1042
-1030
-1020
-1011
-1000
-993
-987
-983
-983
-987
-994
-1005
-1019
-1034
-1048
-1063
-1078
-1088
-1099
-1107
-1115
-1125
-1136
-1145
-1155
-1163
-1167
-1173
-1177
-1180
-1182
-1183
-1179
-1172
-1164
-1155
-1147
-1140
-1133
-1123
-1113
-1102
-1093
-1086
-1079
-1074
-1066
-1060
-1056
-1049
-1042
-1033
-1019
-1006
-994
-982
-975
-969
-965
-964
-964
-966
-970
-977
-985
-993
-1002
-1008
-1013
-1017
-1022
-1028
-1033
-1039
-1045
-1048
-1047
-1043
-1036
-1028
-1022
-1016
-1009
-1001
-993
-983
-976
-968
-962
-955
-949
-944
-936
-927
-916
-902
-886
-873
-858
-847
-838
-829
-824
-817
-809
-800
-790
-778
-768
-754
-741
-725
-712
-697
-684
-671
-661
-651
-643
-635
-629
-624
-622
-618
-616
-614
-612
-612
-614
-616
-618
-619
-621
-622
-624
-623
-618
-615
-608
-599
-588
-575
-559
-540
-523
-503
-485
-468
-452
-439
-426
-418
-411
-408
-408
-409
-411
-412
-414
-418
-418
-418
-416
-415
-411
-409
-406
-402
-397
-394
-389
-387
-385
-379
-372
-362
-351
-340
-330
-320
-310
-301
-292
-282
-272
-263
-249
-233
-215
-197
-181
-163
-148
-132
-116
-101
-83
-68
-56
-43
-33
-21
-10
0
10
21
33
45
58
68
79
88
97
105
112
118
124
129
137
143
150
154
158
162
165
168
172
174
174
174
176
176
179
179
181
184
187
190
195
200
205
212
219
225
233
242
251
259
268
276
286
293
299
306
312
317
324
327
333
335
339
341
344
344
344
343
340
337
334
331
326
322
316
307
301
296
290
288
285
284
281
280
281
282
286
288
292
296
301
308
312
314
318
320
322
327
330
337
342
349
355
362
368
373
377
379
382
384
386
387
387
388
389
389
388
386
386
387
386
386
385
383
383
381
379
377
377
375
373
369
368
365
363
359
354
347
340
335
329
325
320
315
311
306
301
296
288
281
273
266
257
252
245
240
234
226
219
215
212
208
204
200
196
191
186
182
177
173
169
165
160
153
146
139
132
126
118
110
105
104
104
105
105
105
103
101
101
100
100
100
101
104
105
108
109
113
116
119
121
123
126
128
130
131
133
137
139
143
146
149
152
156
159
164
171
180
186
191
197
201
205
209
212
216
220
223
226
231
237
243
248
254
258
265
270
276
282
289
294
301
306
315
321
330
338
346
353
363
371
380
388
397
404
410
417
423
431
438
447
457
466
474
484
494
507
517
527
537
547
556
563
571
575
581
584
584
584
582
581
576
567
556
545
533
525
514
504
494
482
469
458
445
434
422
411
397
382
367
354
344
334
325
317
309
300
290
280
268
258
248
238
227
217
208
201
192
184
176
169
163
155
149
142
133
126
117
110
104
97
89
81
72
63
54
46
38
29
21
11
4
-4
-10
-19
-26
-35
-45
-54
-64
-72
-81
-91
-98
-104
-111
-118
-124
-128
-133
-138
-142
-146
-148
-151
-154
-157
-160
-162
-165
-169
-171
-174
-175
-179
-182
-186
-192
-199
-206
-219
-234
-249
-265
-278
-293
-306
-319
-329
-339
-346
-354
-360
-365
-368
-371
-376
-378
-381
-381
-380
-381
-381
-382
-384
-389
-396
-403
-414
-424
-432
-439
-444
-448
-454
-461
-464
-464
-464
-460
-457
-450
-444
-437
-431
-426
-420
-414
-406
-399
-390
-382
-375
-373
-378
-386
-397
-407
-416
-421
-422
-420
-415
-410
-407
-406
-406
-409
-410
-414
-420
-427
-437
-447
-459
-467
-472
-469
-460
-448
-430
-411
-389
-365
-338
-309
-280
-252
-229
-209
-193
-180
-167
-157
-148
-140
-133
-127
-119
-113
-108
-103
-96
-92
-89
-85
-83
-81
-80
-81
-82
-86
-89
-91
-93
-91
-91
-90
-91
-91
-93
-95
-93
-90
-87
-82
-79
-72
-63
-52
-39
-24
-11
3
16
30
42
56
71
85
100
112
123
133
143
154
168
180
194
207
219
230
242
251
258
262
261
262
260
258
256
254
250
244
236
225
213
201
188
175
166
160
154
150
147
144
140
137
135
131
125
120
111
102
92
85
82
80
78
78
79
78
78
77
78
80
81
80
78
72
67
61
53
44
36
30
28
28
28
26
22
18
16
18
25
30
33
33
33
35
40
46
55
67
76
87
93
96
95
92
90
91
93
93
89
82
76
70
66
62
62
62
61
62
64
63
63
65
68
73
80
89
101
112
127
140
153
162
169
171
171
170
170
171
172
174
173
172
172
172
174
178
180
185
187
190
191
193
190
187
179
171
162
155
149
144
140
136
132
127
119
112
107
105
104
102
100
98
94
93
94
95
95
94
89
86
85
87
93
98
104
111
119
129
140
150
158
165
170
174
179
184
190
193
191
188
183
174
165
154
147
138
133
130
131
136
146
159
173
186
196
204
214
221
229
235
240
247
250
255
257
263
268
274
278
282
285
286
286
286
284
278
272
261
250
242
235
231
231
232
231
228
226
221
213
201
188
174
160
145
128
112
95
77
62
46
33
20
8
-2
-10
-12
-10
-4
6
15
23
29
35
40
45
51
61
73
84
97
109
121
133
145
158
170
180
188
198
207
216
223
231
238
247
258
269
280
289
298
305
310
312
312
310
307
307
310
313
318
325
334
348
363
376
387
398
410
419
428
435
441
448
453
457
463
466
468
471
472
473
474
477
478
479
482
480
479
478
477
480
483
484
486
487
489
490
493
494
494
492
492
493
493
492
490
489
486
483
482
481
478
476
473
473
472
471
471
469
467
465
466
463
459
453
443
434
421
409
397
384
374
361
349
337
325
315
303
290
279
269
259
250
240
230
223
215
206
200
193
187
181
175
168
160
155
149
142
138
133
128
124
119
115
113
109
107
107
106
106
106
106
105
105
105
104
108
109
112
113
112
109
103
97
91
83
74
66
55
46
38
30
20
13
7
1
-4
-9
-13
-17
-21
-26
-33
-36
-39
-42
-45
-48
-50
-53
-55
-58
-61
-65
-70
-76
-86
-94
-103
-114
-128
-141
-154
-167
-183
-200
-217
-235
-253
-271
-289
-305
-320
-337
-351
-367
-381
-396
-411
-426
-442
-458
-474
-489
-503
-516
-530
-543
-555
-568
-581
-593
-606
-618
-631
-646
-660
-675
-690
-704
-716
-728
-738
-749
-757
-765
-771
-778
-781
-782
-783
-782
-781
-776
-773
-770
-765
-760
-752
-744
-735
-729
-721
-714
-707
-698
-689
-680
-669
-662
-655
-646
-640
-631
-624
-617
-611
-607
-603
-601
-598
-598
-599
-603
-607
-612
-615
-618
-620
-620
-619
-618
-620
-621
-621
-623
-621
-622
-620
-621
-621
-622
-621
-619
-616
-614
-609
-605
-600
-597
-595
-593
-590
-587
-585
-583
-582
-580
-578
-579
-579
-581
-583
-582
-582
-581
-581
-583
-586
-589
-589
-590
-592
-593
-595
-598
-601
-605
-609
-610
-613
-614
-617
-618
-618
-617
-618
-620
-621
-620
-620
-619
-617
-616
-613
-611
-609
-606
-603
-600
-596
-592
-588
-584
-581
-577
-575
-571
-565
-560
-555
-549
-544
-541
-537
-534
-531
-526
-522
-520
-517
-514
-512
-511
-509
-505
-502
-500
-498
-494
-491
-486
-485
-483
-481
-477
-474
-472
-469
-465
-462
-458
-453
-449
-446
-445
-443
-437
-431
-425
-421
-416
-413
-408
-400
-394
-387
-379
-374
-370
-367
-364
-361
-358
-357
-355
-355
-355
-355
-356
-354
-349
-345
-338
-331
-322
-315
-306
-298
-291
-286
-281
-274
-268
-261
-255
-252
-249
-249
-249
-250
-250
-247
-247
-246
-245
-246
-248
-248
-249
-250
-253
-256
-259
-263
-263
-260
-252
-245
-235
-227
-221
-215
-207
-202
-195
-190
-181
-172
-159
-145
-129
-111
-93
-72
-49
-27
-4
20
45
68
90
111
132
153
171
189
202
216
229
242
252
260
266
273
279
286
292
297
302
309
313
320
326
333
341
350
356
364
373
380
388
397
403
412
422
432
438
446
454
463
471
482
491
500
509
516
525
530
536
541
547
552
558
563
568
571
576
579
581
582
583
582
580
576
571
565
558
548
538
525
510
496
480
465
451
437
423
411
402
392
383
376
368
363
361
361
364
367
370
375
376
380
383
386
389
390
390
389
388
386
385
384
383
380
377
374
370
367
363
359
357
357
357
357
354
352
351
351
350
351
350
345
340
335
329
322
315
308
300
293
285
278
272
268
269
271
275
280
288
297
309
323
339
355
373
390
406
421
436
450
464
478
490
502
512
522
531
541
551
558
563
566
567
564
558
551
544
540
536
533
530
529
529
528
527
522
518
514
510
507
509
511
517
523
533
547
564
583
604
624
646
666
685
706
724
744
763
779
793
805
819
830
843
854
866
874
880
886
889
893
897
901
904
910
914
917
917
917
914
911
908
905
898
893
884
878
870
865
860
854
848
843
839
836
832
830
828
828
827
827
828
828
826
823
817
811
803
794
785
771
758
742
727
709
691
673
656
639
625
615
606
601
601
601
601
601
601
600
600
601
600
602
606
614
621
629
638
647
653
661
668
674
681
687
692
699
707
715
721
727
729
729
728
727
721
716
709
699
687
673
660
646
632
621
606
590
573
555
537
519
501
483
466
450
434
419
405
390
377
363
347
333
316
303
287
274
260
247
236
227
220
214
211
208
208
212
214
218
218
215
211
205
197
191
184
179
171
162
153
143
135
128
119
110
101
91
85
78
68
59
46
35
24
14
2
-6
-13
-18
-24
-29
-34
-41
-44
-47
-45
-42
-37
-27
-14
0
16
30
42
54
64
75
88
99
111
122
128
131
133
134
133
131
125
119
115
112
110
109
108
109
112
113
116
120
124
128
132
136
140
147
153
159
166
174
186
197
208
220
233
246
257
267
276
286
295
304
314
322
329
333
336
338
340
341
342
344
345
345
345
343
339
338
338
337
336
336
335
332
331
329
326
326
327
330
334
338
345
352
360
369
380
389
399
410
420
432
442
451
461
469
475
482
489
497
502
508
511
512
514
513
513
512
513
513
511
510
507
506
506
502
501
498
495
493
489
486
481
474
468
461
453
446
436
426
417
405
395
383
372
362
352
344
333
321
309
297
284
271
256
244
232
220
207
195
182
170
159
148
137
128
121
113
107
99
93
87
83
81
78
77
74
72
71
69
66
66
64
62
60
54
46
37
27
16
2
-11
-25
-39
-52
-64
-76
-88
-97
-107
-114
-123
-133
-145
-157
-170
-186
-204
-225
-249
-273
-297
-318
-339
-354
-368
-378
-387
-396
-401
-406
-408
-413
-416
-421
-425
-429
-433
-435
-435
-435
-436
-436
-436
-438
-441
-444
-446
-450
-451
-449
-446
-441
-436
-434
-434
-440
-448
-457
-467
-475
-482
-487
-489
-494
-497
-502
-507
-508
-506
-504
-498
-489
-481
-471
-460
-450
-442
-432
-423
-415
-406
-395
-386
-377
-370
-364
-360
-361
-359
-357
-352
-344
-337
-328
-321
-315
-306
-297
-286
-273
-258
-242
-226
-211
-198
-184
-169
-155
-141
-129
-119
-107
-95
-83
-73
-63
-54
-48
-43
-38
-37
-33
-29
-25
-18
-11
-4
4
15
30
44
59
74
90
107
127
148
167
188
207
223
238
252
263
276
285
296
303
311
321
330
338
347
354
361
367
372
379
386
390
395
398
399
399
400
401
402
402
402
400
399
398
397
396
398
398
400
400
400
399
399
399
402
405
407
410
413
415
419
422
423
425
425
425
426
426
428
429
429
430
429
430
429
428
425
425
423
421
420
420
419
418
416
417
418
420
423
424
425
428
432
434
436
439
442
444
445
449
453
456
461
466
472
477
482
488
491
494
497
497
496
496
495
494
493
492
493
492
490
488
485
480
473
463
453
441
427
415
401
387
373
359
344
329
314
298
280
265
250
235
222
210
200
190
183
174
168
163
160
159
162
166
171
176
182
185
190
196
203
210
216
223
229
236
240
245
248
253
254
257
257
258
259
259
259
258
255
252
246
240
233
229
226
223
221
218
217
216
216
217
218
220
225
228
232
234
238
241
246
250
252
253
255
256
258
259
260
263
262
260
256
253
248
248
247
246
247
247
248
249
250
250
252
255
256
259
262
264
267
269
274
278
284
292
297
302
303
304
305
309
312
315
316
319
322
325
327
328
327
327
328
329
329
330
331
331
333
334
337
341
347
350
355
362
367
375
382
389
395
402
408
413
418
421
426
430
434
435
437
438
442
446
451
453
458
464
470
477
482
490
497
504
511
516
525
533
541
548
559
570
581
593
603
612
624
635
648
660
671
682
691
701
709
717
726
732
737
739
741
743
746
745
740
735
729
720
712
703
693
681
669
656
644
630
616
604
593
582
572
562
553
546
539
532
528
527
526
524
522
522
522
523
522
521
520
518
515
510
504
500
494
489
482
476
468
460
451
445
438
432
427
422
420
416
414
414
413
413
413
411
411
412
417
420
427
435
444
451
459
467
477
486
495
503
511
520
531
538
547
554
561
570
579
587
595
603
609
613
614
613
612
612
610
605
601
596
589
583
578
570
563
554
546
539
533
527
522
517
514
512
509
508
507
506
506
505
503
501
497
492
487
481
474
469
464
457
450
443
432
421
412
405
397
391
381
373
365
360
359
362
362
360
355
346
339
332
327
322
319
316
312
309
308
308
306
303
299
298
295
293
292
291
289
285
279
271
262
253
244
235
225
211
197
183
171
157
143
129
116
101
87
74
60
47
35
25
13
3
-6
-17
-27
-37
-45
-55
-62
-69
-76
-83
-89
-95
-101
-109
-118
-124
-132
-140
-147
-154
-157
-162
-164
-166
-166
-167
-169
-168
-168
-165
-162
-160
-157
-155
-152
-150
-146
-139
-133
-127
-120
-115
-110
-102
-96
-87
-77
-67
-58
-47
-35
-22
-11
1
12
23
33
42
51
61
70
78
87
94
98
103
108
111
115
119
123
127
132
133
135
137
138
140
144
146
146
148
149
151
151
151
151
150
152
151
151
150
150
149
147
143
139
132
125
117
106
93
81
68
54
42
27
13
-1
-16
-33
-49
-66
-84
-104
-122
-140
-155
-170
-183
-195
-204
-212
-215
-216
-215
-211
-209
-206
-209
-213
-218
-224
-230
-238
-246
-258
-268
-279
-289
-296
-306
-314
-325
-337
-349
-361
-370
-381
-390
-398
-406
-411
-416
-419
-418
-417
-414
-410
-406
-397
-387
-377
-365
-356
-347
-341
-338
-338
-341
-348
-356
-367
-381
-395
-409
-424
-440
-457
-473
-492
-510
-527
-544
-557
-570
-581
-591
-601
-611
-620
-627
-634
-641
-644
-649
-653
-655
-656
-657
-659
-661
-662
-660
-660
-659
-658
-661
-666
-672
-680
-689
-698
-707
-718
-732
-745
-758
-771
-782
-797
-811
-825
-840
-855
-869
-883
-895
-906
-914
-923
-933
-940
-947
-952
-955
-959
-963
-966
-970
-973
-978
-984
-990
-995
-998
-1001
-1003
-1007
-1011
-1015
-1019
-1024
-1027
-1032
-1036
-1042
-1046
-1048
-1051
-1055
-1060
-1067
-1076
-1081
-1087
-1089
-1091
-1090
-1086
-1081
-1076
-1073
-1068
-1063
-1056
-1048
-1041
-1033
-1025
-1017
-1010
-1001
-992
-983
-974
-967
-959
-949
-936
-922
-902
-881
-856
-832
-807
-781
-756
-729
-706
-683
-662
-640
-612
-584
-553
-526
-499
-477
-456
-438
-419
-404
-387
-372
-360
-347
-337
-326
-316
-303
-287
-267
-245
-219
-195
-169
-142
-115
-85
-56
-27
1
26
50
69
87
104
118
133
144
156
164
171
177
180
184
188
193
198
204
212
221
230
238
245
250
257
261
263
267
267
269
268
267
267
268
267
265
264
263
263
262
261
261
259
259
260
261
263
266
267
268
266
268
270
275
284
295
304
317
329
343
357
373
389
403
418
432
448
461
477
492
510
528
548
567
585
600
615
628
641
656
670
683
695
702
707
707
705
700
694
688
682
675
669
665
660
654
649
643
638
635
632
630
629
629
630
632
637
645
651
656
661
663
666
669
670
673
677
683
688
695
701
703
703
699
692
682
671
656
643
629
614
600
585
571
558
546
534
523
511
499
487
475
465
455
446
436
428
417
405
392
380
365
349
332
317
302
288
274
261
249
236
223
208
194
179
166
152
142
130
121
115
107
99
91
82
71
61
51
38
27
14
2
-7
-17
-26
-34
-44
-51
-58
-62
-66
-69
-70
-71
-73
-73
-74
-71
-70
-67
-66
-65
-63
-63
-63
-62
-61
-61
-62
-62
-63
-62
-63
-65
-65
-67
-68
-70
-70
-71
-70
-68
-68
-67
-67
-65
-63
-62
-58
-55
-52
-51
-49
-47
-43
-40
-37
-34
-32
-31
-31
-33
-34
-35
-36
-40
-43
-47
-49
-54
-58
-62
-68
-71
-76
-80
-83
-87
-91
-95
-99
-104
-107
-110
-112
-113
-115
-115
-115
-115
-114
-111
-107
-101
-96
-93
-89
-84
-81
-79
-76
-73
-74
-76
-79
-84
-90
-95
-103
-111
-120
-127
-134
-139
-144
-150
-154
-157
-160
-162
-163
-163
-162
-162
-160
-160
-157
-152
-149
-145
-140
-134
-127
-122
-117
-112
-109
-104
-98
-94
-90
-85
-81
-76
-73
-66
-62
-58
-53
-50
-47
-44
-42
-40
-35
-30
-25
-21
-14
-8
-2
5
11
17
23
29
34
38
42
47
52
56
61
66
72
77
81
85
88
92
97
99
101
105
111
117
121
123
123
125
126
128
133
135
139
143
147
150
156
160
165
172
178
181
185
185
184
183
182
180
178
173
170
168
165
163
162
159
157
157
155
155
156
155
155
153
153
150
148
144
142
138
135
131
128
125
121
114
107
99
92
86
79
75
70
66
61
57
54
51
48
46
42
36
30
24
22
20
20
18
18
17
16
16
15
17
16
14
10
5
0
-6
-14
-23
-33
-43
-53
-63
-73
-82
-92
-101
-111
-121
-131
-141
-149
-159
-170
-181
-192
-201
-212
-223
-236
-247
-261
-274
-287
-299
-312
-326
-340
-353
-368
-383
-397
-415
-432
-451
-469
-485
-502
-521
-539
-555
-573
-588
-604
-619
-632
-641
-649
-654
-659
-666
-672
-680
-687
-694
-702
-710
-719
-728
-738
-747
-757
-770
-783
-797
-810
-824
-838
-853
-871
-891
-916
-943
-972
-998
-1026
-1054
-1082
-1109
-1137
-1162
-1188
-1208
-1226
-1242
-1255
-1270
-1284
-1301
-1321
-1339
-1357
-1375
-1391
-1408
-1426
-1444
-1460
-1475
-1486
-1496
-1501
-1505
-1507
-1507
-1506
-1507
-1508
-1511
-1512
-1512
-1512
-1512
-1516
-1519
-1524
-1530
-1537
-1545
-1551
-1560
-1569
-1580
-1593
-1607
-1623
-1639
-1653
-1665
-1674
-1685
-1694
-1701
-1708
-1711
-1715
-1716
-1713
-1712
-1710
-1707
-1705
-1702
-1701
-1701
-1705
-1712
-1720
-1727
-1737
-1745
-1755
-1765
-1774
-1783
-1791
-1800
-1806
-1811
-1814
-1817
-1818
-1820
-1822
-1825
-1826
-1828
-1828
-1829
-1829
-1826
-1825
-1822
-1815
-1810
-1803
-1797
-1793
-1785
-1779
-1770
-1762
-1753
-1743
-1732
-1720
-1707
-1695
-1682
-1668
-1656
-1643
-1630
-1616
-1605
-1593
-1583
-1574
-1565
-1557
-1549
-1539
-1530
-1521
-1514
-1507
-1500
-1496
-1491
-1487
-1484
-1480
-1477
-1476
-1473
-1473
-1472
-1471
-1470
-1471
-1473
-1475
-1476
-1479
-1482
-1486
-1488
-1488
-1488
-1486
-1482
-1476
-1469
-1463
-1458
-1452
-1447
-1444
-1439
-1437
-1435
-1433
-1430
-1426
-1422
-1418
-1413
-1409
-1404
-1399
-1392
-1386
-1377
-1366
-1354
-1343
-1331
-1319
-1309
-1301
-1294
-1288
-1283
-1279
-1275
-1272
-1269
-1267
-1265
-1266
-1266
-1266
-1267
-1266
-1263
-1261
-1260
-1262
-1262
-1263
-1266
-1268
-1272
-1274
-1274
-1274
-1276
-1278
-1282
-1286
-1289
-1293
-1296
-1299
-1300
-1301
-1301
-1299
-1297
-1294
-1290
-1286
-1280
-1272
-1262
-1251
-1240
-1230
-1218
-1209
-1199
-1188
-1178
-1168
-1157
-1147
-1135
-1124
-1113
-1104
-1094
-1084
-1073
-1063
-1055
-1050
-1045
-1042
-1039
-1035
-1034
-1030
-1029
-1026
-1024
-1023
-1022
-1020
-1020
-1018
-1016
-1012
-1011
-1011
-1010
-1007
-1006
-1004
-1002
-1002
-1001
-999
-999
-997
-996
-995
-991
-989
-984
-981
-975
-969
-960
-952
-944
-936
-928
-915
-903
-889
-874
-861
-847
-835
-821
-805
-789
-772
-758
-742
-726
-710
-698
-684
-670
-657
-644
-632
-621
-610
-601
-590
-581
-570
-559
-548
-539
-528
-519
-509
-500
-490
-482
-475
-468
-460
-452
-445
-439
-435
-432
-428
-424
-418
-414
-411
-409
-406
-403
-401
-397
-395
-392
-391
-388
-387
-387
-388
-392
-394
-397
-399
-402
-405
-410
-416
-423
-429
-435
-442
-449
-457
-465
-473
-482
-490
-501
-511
-519
-527
-532
-539
-548
-557
-566
-574
-580
-585
-588
-590
-591
-592
-594
-596
-596
-598
-598
-598
-601
-602
-605
-609
-612
-613
-611
-609
-606
-602
-599
-594
-591
-588
-585
-582
-577
-571
-566
-559
-553
-545
-536
-526
-514
-500
-485
-468
-450
-431
-413
-395
-376
-356
-336
-314
-294
-275
-257
-243
-229
-216
-202
-188
-175
-159
-145
-133
-121
-110
-100
-89
-77
-66
-54
-45
-35
-28
-21
-15
-10
-6
-4
-3
-1
0
0
0
-2
-7
-12
-18
-23
-31
-43
-55
-69
-82
-96
-111
-125
-138
-153
-167
-180
-190
-200
-207
-214
-219
-225
-229
-234
-237
-240
-244
-249
-253
-259
-267
-276
-289
-303
-321
-340
-359
-377
-396
-415
-433
-453
-471
-491
-511
-532
-552
-572
-590
-605
-622
-637
-650
-660
-672
-681
-691
-702
-712
-721
-730
-739
-745
-752
-760
-770
-781
-790
-800
-811
-820
-830
-840
-852
-865
-875
-886
-893
-903
-912
-922
-930
-936
-940
-946
-951
-958
-964
-969
-973
-975
-976
-978
-978
-977
-975
-971
-969
-968
-965
-962
-958
-953
-948
-943
-938
-932
-925
-918
-912
-903
-895
-886
-878
-868
-857
-846
-832
-819
-807
-793
-779
-766
-751
-737
-721
-705
-689
-675
-662
-649
-636
-623
-609
-597
-586
-575
-563
-552
-539
-526
-512
-500
-488
-475
-463
-449
-436
-421
-406
-393
-379
-368
-355
-343
-331
-317
-307
-295
-286
-276
-268
-261
-252
-245
-238
-233
-227
-221
-214
-209
-204
-199
-194
-188
-182
-176
-170
-162
-155
-149
-142
-135
-128
-125
-122
-119
-115
-111
-109
-107
-104
-102
-97
-89
-81
-72
-60
-49
-38
-25
-14
-2
9
20
30
42
52
63
69
74
77
80
81
82
82
83
83
82
84
87
89
91
93
95
96
99
103
109
117
125
135
146
156
166
178
190
205
217
228
239
249
260
270
279
286
291
293
296
297
297
297
297
294
292
286
282
277
277
275
274
272
270
269
269
267
267
266
265
264
264
267
272
274
278
279
279
281
284
287
292
297
300
305
309
312
317
322
326
331
332
334
335
338
339
340
340
340
338
338
337
334
330
327
322
320
316
311
307
304
298
292
286
283
278
274
271
268
265
264
263
265
267
269
271
270
269
269
269
267
267
267
265
265
262
258
254
250
245
240
233
225
217
211
204
196
190
183
179
176
174
171
171
169
166
165
163
163
164
164
165
166
167
168
169
170
171
170
168
168
165
165
163
161
157
154
149
148
145
144
140
138
135
136
138
140
143
147
151
157
162
168
175
183
190
197
203
209
215
224
231
237
241
244
246
249
252
255
255
253
253
253
252
252
251
251
247
243
240
238
237
235
235
233
230
228
228
227
227
226
223
223
223
222
221
219
214
210
204
198
196
191
187
181
174
165
158
147
138
130
118
105
92
76
59
43
28
11
-5
-22
-40
-56
-74
-91
-110
-127
-143
-159
-175
-189
-202
-212
-224
-235
-247
-260
-271
-282
-291
-300
-309
-318
-327
-338
-347
-357
-364
-370
-377
-383
-388
-393
-398
-403
-406
-408
-410
-411
-412
-413
-413
-415
-419
-421
-424
-428
-435
-443
-451
-460
-470
-478
-486
-494
-501
-508
-514
-518
-521
-522
-525
-526
-529
-531
-532
-532
-531
-530
-530
-528
-526
-523
-519
-512
-503
-494
-485
-477
-471
-466
-462
-458
-454
-449
-445
-439
-431
-421
-411
-403
-393
-384
-374
-364
-354
-345
-337
-333
-328
-326
-325
-324
-323
-326
-328
-330
-333
-337
-340
-340
-341
-340
-338
-334
-329
-322
-316
-311
-302
-295
-285
-274
-262
-254
-244
-237
-229
-220
-212
-205
-200
-196
-193
-191
-191
-189
-188
-187
-187
-187
-190
-194
-197
-202
-204
-207
-210
-211
-212
-213
-214
-216
-217
-218
-219
-220
-220
-223
-227
-232
-235
-238
-243
-250
-258
-264
-270
-276
-282
-287
-294
-302
-309
-314
-317
-322
-326
-329
-331
-331
-332
-331
-329
-328
-324
-320
-318
-319
-318
-320
-324
-327
-327
-329
-332
-337
-342
-346
-348
-353
-356
-358
-360
-362
-362
-364
-367
-369
-370
-370
-368
-367
-360
-351
-341
-328
-315
-302
-292
-284
-278
-277
-278
-279
-281
-281
-278
-273
-269
-264
-258
-252
-244
-236
-231
-225
-222
-219
-219
-222
-223
-225
-226
-227
-228
-228
-225
-221
-216
-208
-203
-196
-191
-185
-179
-174
-165
-153
-142
-129
-115
-102
-84
-67
-51
-36
-20
-7
6
19
33
49
63
75
87
98
107
115
123
127
131
135
134
134
133
133
134
134
130
127
124
120
118
115
113
113
110
109
109
108
112
115
120
129
137
145
153
164
172
179
183
186
186
184
182
181
180
177
176
173
172
170
165
160
158
157
157
156
153
146
139
128
118
108
97
84
72
57
44
33
24
16
7
0
-5
-8
-11
-11
-8
0
12
25
37
45
48
50
50
51
50
47
45
40
34
28
23
15
5
-2
-7
-11
-12
-16
-22
-31
-41
-52
-59
-69
-77
-87
-94
-103
-108
-112
-113
-111
-107
-103
-99
-95
-89
-81
-76
-73
-71
-69
-65
-60
-59
-58
-58
-60
-61
-63
-62
-63
-62
-61
-61
-63
-67
-71
-73
-74
-73
-73
-71
-70
-69
-69
-67
-66
-63
-63
-66
-72
-78
-80
-82
-84
-88
-95
-104
-113
-121
-128
-135
-144
-155
-166
-174
-179
-179
-178
-176
-173
-170
-169
-168
-170
-174
-178
-182
-185
-188
-189
-192
-193
-191
-187
-177
-166
-151
-132
-115
-99
-84
-69
-55
-37
-18
3
24
48
72
94
116
138
155
172
187
201
215
231
247
263
273
282
293
303
313
320
327
330
331
330
330
327
328
327
327
327
327
328
330
329
329
327
325
322
319
316
313
311
308
304
299
295
294
295
297
303
309
317
324
332
341
352
363
376
388
397
408
418
427
438
450
462
476
488
502
515
529
541
551
560
566
571
575
578
578
577
576
577
574
573
568
565
561
557
553
547
542
533
523
512
501
489
481
473
469
466
468
471
475
479
485
490
495
496
494
490
482
469
456
441
425
412
401
394
388
384
381
378
375
372
372
370
370
370
372
373
378
383
392
404
417
434
455
476
497
520
541
565
588
608
629
648
666
683
701
720
737
750
761
770
776
780
784
785
785
785
785
788
792
796
801
804
807
810
815
821
823
825
825
823
824
823
825
827
829
830
833
837
843
848
856
865
874
884
892
902
915
927
941
956
970
985
1002
1019
1035
1051
1067
1082
1096
1106
1117
1126
1134
1138
1141
1144
1145
1144
1144
1144
1149
1158
1166
1175
1183
1192
1199
1205
1213
1220
1225
1230
1235
1241
1246
1253
1261
1271
1279
1288
1296
1301
1306
1309
1310
1310
1310
1309
1305
1302
1300
1297
1294
1288
1280
1272
1264
1256
1248
1241
1238
1236
1233
1230
1226
1223
1222
1217
1214
1210
1207
1203
1199
1193
1189
1185
1180
1173
1166
1159
1149
1137
1123
1109
1095
1080
1064
1048
1030
1013
993
975
956
938
920
904
886
870
853
836
820
804
791
777
765
754
741
730
720
712
707
701
697
692
688
681
673
668
664
665
670
675
683
690
700
710
718
723
728
733
740
746
753
760
768
774
778
782
783
782
783
784
786
787
785
781
776
772
769
764
761
760
761
763
762
763
764
764
764
765
764
763
757
752
746
742
736
731
728
726
728
732
740
754
769
785
802
816
829
847
865
885
903
919
935
952
969
986
1002
1015
1022
1026
1029
1029
1030
1028
1028
1026
1024
1021
1017
1013
1010
1008
1004
1000
996
993
988
985
982
981
979
978
977
975
973
968
960
952
941
930
916
903
889
876
862
848
836
824
814
805
794
783
773
762
749
736
723
708
694
680
667
653
639
626
613
601
590
580
570
562
555
549
542
538
535
532
528
527
523
519
517
515
516
518
524
528
534
542
553
567
579
594
609
627
644
662
681
700
719
739
757
774
791
807
823
838
853
866
880
892
906
922
939
957
977
995
1016
1038
1057
1078
1099
1120
1141
1159
1178
1197
1217
1234
1249
1264
1276
1289
1303
1316
1328
1341
1353
1364
1374
1384
1393
1403
1409
1414
1419
1423
1428
1436
1442
1444
1448
1449
1452
1458
1461
1465
1468
1470
1473
1477
1480
1484
1489
1492
1493
1494
1495
1496
1495
1492
1491
1487
1481
1472
1465
1458
1451
1445
1437
1428
1418
1408
1395
1383
1371
1360
1347
1336
1326
1313
1299
1281
1262
1244
1224
1205
1187
1166
1147
1131
1115
1101
1091
1082
1075
1069
1062
1052
1038
1021
998
972
945
920
897
877
860
844
828
815
805
796
787
781
776
775
778
783
791
799
804
805
800
794
785
773
761
750
741
733
729
728
730
733
735
732
727
720
712
705
699
695
693
693
693
696
694
691
687
685
683
682
680
675
672
667
666
668
670
673
677
678
680
681
684
685
689
691
692
695
699
701
704
704
707
708
710
709
708
707
706
703
700
694
691
686
681
676
670
666
661
656
651
645
641
636
629
621
613
600
589
576
564
551
536
519
504
489
477
462
449
436
422
410
398
386
375
366
358
350
343
338
332
326
324
324
322
320
318
315
310
303
298
293
288
283
276
269
261
252
243
234
225
214
204
193
183
174
166
159
152
144
138
132
126
121
119
117
117
116
115
114
111
107
103
98
92
87
82
75
69
61
55
51
47
41
36
29
21
15
11
5
0
-5
-13
-21
-27
-32
-37
-42
-45
-50
-54
-59
-62
-66
-70
-73
-80
-85
-91
-95
-102
-108
-116
-125
-138
-150
-162
-173
-186
-198
-210
-224
-236
-250
-264
-277
-290
-305
-321
-336
-353
-367
-385
-401
-419
-436
-452
-467
-480
-493
-506
-519
-532
-545
-559
-570
-579
-587
-595
-604
-612
-621
-628
-636
-646
-655
-667
-679
-694
-708
-722
-738
-753
-769
-786
-803
-821
-838
-852
-864
-874
-882
-891
-898
-904
-908
-912
-915
-917
-917
-918
-917
-919
-921
-924
-929
-934
-938
-942
-944
-947
-954
-960
-969
-975
-981
-987
-992
-997
-998
-995
-989
-981
-972
-963
-953
-945
-934
-924
-911
-898
-887
-875
-867
-858
-853
-848
-847
-848
-849
-849
-850
-852
-850
-847
-843
-838
-833
-827
-822
-817
-812
-805
-796
-787
-776
-766
-759
-754
-752
-752
-751
-751
-752
-754
-754
-753
-751
-749
-749
-747
-745
-742
-735
-729
-720
-712
-707
-702
-698
-693
-688
-677
-667
-656
-646
-636
-625
-615
-603
-591
-579
-566
-555
-542
-532
-523
-513
-505
-497
-488
-481
-474
-467
-461
-454
-447
-439
-432
-422
-412
-401
-391
-380
-370
-360
-350
-340
-332
-323
-315
-308
-301
-295
-289
-283
-280
-274
-269
-263
-258
-253
-247
-242
-239
-235
-231
-227
-223
-219
-215
-209
-205
-201
-197
-194
-189
-185
-180
-174
-169
-164
-157
-152
-149
-148
-148
-149
-151
-152
-153
-153
-152
-150
-150
-150
-152
-153
-153
-153
-155
-159
-163
-167
-174
-179
-186
-193
-200
-208
-213
-219
-224
-230
-235
-239
-243
-247
-251
-254
-256
-260
-263
-266
-271
-274
-277
-281
-283
-286
-288
-289
-291
-291
-292
-294
-294
-295
-294
-295
-293
-293
-291
-291
-290
-289
-287
-286
-286
-284
-282
-277
-272
-270
-267
-264
-262
-261
-258
-255
-254
-254
-255
-257
-261
-265
-269
-274
-280
-285
-289
-294
-299
-301
-303
-306
-308
-312
-316
-323
-328
-333
-339
-342
-346
-350
-353
-356
-359
-362
-362
-362
-360
-357
-356
-355
-356
-358
-359
-361
-361
-361
-362
-364
-370
-376
-384
-392
-401
-410
-422
-433
-444
-454
-462
-472
-481
-490
-498
-505
-512
-519
-525
-531
-535
-540
-545
-550
-553
-555
-554
-551
-547
-539
-533
-524
-517
-510
-505
-502
-500
-501
-503
-505
-510
-515
-518
-520
-519
-519
-520
-522
-524
-525
-526
-524
-521
-517
-513
-507
-500
-492
-485
-479
-475
-474
-477
-482
-488
-492
-491
-487
-480
-471
-461
-448
-436
-421
-404
-383
-362
-343
-327
-316
-313
-314
-317
-324
-332
-342
-353
-365
-377
-387
-394
-398
-398
-396
-391
-385
-376
-367
-356
-345
-339
-337
-338
-338
-336
-331
-325
-318
-315
-313
-314
-317
-320
-323
-325
-326
-325
-324
-323
-322
-320
-318
-317
-313
-310
-306
-302
-299
-296
-292
-287
-280
-272
-263
-251
-238
-225
-209
-192
-173
-158
-145
-135
-128
-123
-116
-110
-102
-93
-83
-70
-54
-34
-15
2
22
41
61
80
98
111
122
129
131
128
123
117
113
110
106
106
108
112
117
123
128
133
139
146
154
164
173
185
195
207
220
236
252
271
288
306
322
337
352
368
383
397
412
425
436
445
455
466
476
488
498
507
518
528
539
552
565
575
586
597
608
621
633
647
659
670
682
693
702
711
719
726
732
735
739
744
748
753
758
765
772
780
785
792
801
812
826
844
865
890
912
934
952
970
985
999
1014
1027
1040
1052
1063
1072
1080
1088
1098
1107
1115
1124
1129
1135
1141
1148
1155
1159
1164
1170
1176
1184
1192
1198
1206
1211
1216
1218
1221
1223
1225
1229
1231
1231
1231
1231
1231
1230
1229
1229
1227
1227
1228
1226
1226
1225
1224
1224
1223
1223
1222
1220
1216
1214
1211
1207
1205
1204
1203
1202
1200
1198
1199
1200
1203
1205
1208
1213
1216
1220
1226
1232
1240
1249
1257
1265
1273
1285
1299
1315
1334
1354
1372
1385
1392
1391
1389
1384
1380
1374
1364
1354
1342
1329
1315
1297
1277
1260
1243
1226
1208
1192
1177
1167
1157
1149
1144
1138
1134
1128
1122
1114
1101
1086
1067
1044
1018
992
968
943
923
908
898
893
889
891
895
902
911
918
926
931
935
942
952
961
974
985
998
1011
1023
1035
1049
1060
1073
1085
1098
1113
1128
1147
1163
1177
1190
1203
1217
1230
1244
1255
1265
1274
1285
1295
1310
1326
1348
1374
1405
1441
1482
1523
1560
1590
1613
1630
1641
1649
1655
1661
1668
1675
1684
1692
1700
1705
1708
1712
1714
1716
1717
1718
1719
1718
1718
1717
1715
1715
1717
1723
1730
1740
1753
1767
1783
1798
1811
1821
1830
1838
1844
1849
1856
1861
1867
1870
1873
1873
1872
1871
1867
1861
1853
1842
1830
1819
1807
1796
1785
1776
1766
1755
1747
1739
1732
1725
1716
1706
1694
1678
1661
1643
1625
1608
1592
1574
1558
1540
1520
1500
1481
1460
1439
1419
1398
1375
1351
1327
1302
1279
1258
1236
1214
1193
1175
1155
1134
1117
1100
1084
1068
1054
1038
1024
1009
994
979
966
951
937
923
911
898
885
872
859
845
834
821
806
792
778
763
751
738
726
714
702
690
679
668
654
639
623
608
595
582
569
554
540
527
512
500
489
479
468
457
444
430
417
406
395
385
376
365
356
348
341
333
323
314
302
291
278
265
249
233
214
194
177
162
146
130
116
103
91
80
70
57
45
34
22
14
5
0
-4
-5
-6
-7
-6
-8
-10
-17
-24
-34
-45
-60
-76
-95
-115
-137
-159
-185
-212
-238
-265
-289
-311
-329
-343
-356
-366
-374
-381
-386
-389
-391
-393
-391
-389
-387
-382
-377
-370
-365
-362
-365
-374
-386
-402
-421
-442
-463
-485
-505
-521
-533
-544
-553
-560
-565
-570
-574
-578
-584
-593
-603
-613
-624
-632
-642
-653
-664
-678
-690
-702
-712
-718
-723
-728
-735
-741
-751
-759
-768
-778
-790
-802
-818
-831
-844
-856
-866
-877
-889
-901
-912
-921
-932
-945
-955
-963
-970
-978
-987
-997
-1004
-1010
-1015
-1024
-1035
-1046
-1056
-1061
-1064
-1065
-1064
-1060
-1058
-1056
-1056
-1057
-1058
-1060
-1063
-1070
-1076
-1079
-1084
-1086
-1090
-1095
-1101
-1109
-1117
-1125
-1133
-1137
-1137
-1137
-1134
-1130
-1126
-1121
-1116
-1110
-1103
-1096
-1088
-1082
-1073
-1064
-1057
-1051
-1048
-1049
-1049
-1052
-1058
-1064
-1073
-1081
-1089
-1099
-1107
-1116
-1124
-1131
-1137
-1145
-1153
-1164
-1173
-1183
-1192
-1200
-1206
-1214
-1221
-1228
-1233
-1237
-1238
-1235
-1233
-1229
-1224
-1217
-1208
-1199
-1188
-1179
-1166
-1154
-1140
-1127
-1113
-1098
-1080
-1063
-1044
-1026
-1006
-984
-963
-941
-918
-897
-874
-851
-829
-806
-785
-763
-741
-719
-700
-682
-665
-653
-643
-636
-628
-622
-618
-615
-615
-615
-618
-622
-626
-629
-633
-640
-644
-651
-654
-656
-659
-661
-665
-669
-671
-675
-680
-685
-692
-698
-704
-711
-717
-723
-725
-724
-721
-716
-709
-701
-695
-691
-686
-683
-680
-679
-676
-673
-670
-666
-662
-659
-652
-643
-634
-623
-613
-606
-598
-593
-589
-591
-595
-601
-608
-618
-628
-642
-658
-674
-691
-710
-726
-742
-756
-769
-780
-788
-792
-792
-792
-790
-790
-792
-797
-806
-817
-827
-838
-850
-864
-878
-892
-905
-918
-934
-950
-969
-987
-1005
-1022
-1039
-1057
-1076
-1093
-1110
-1127
-1143
-1159
-1175
-1193
-1213
-1234
-1253
-1272
-1291
-1309
-1327
-1346
-1364
-1382
-1399
-1416
-1431
-1449
-1466
-1484
-1500
-1514
-1526
-1536
-1541
-1545
-1544
-1541
-1536
-1530
-1525
-1519
-1516
-1513
-1508
-1502
-1496
-1491
-1487
-1480
-1473
-1465
-1457
-1450
-1448
-1445
-1441
-1435
-1425
-1414
-1406
-1403
-1403
-1405
-1409
-1408
-1406
-1402
-1396
-1389
-1384
-1382
-1382
-1385
-1383
-1380
-1374
-1365
-1353
-1342
-1332
-1325
-1321
-1320
-1321
-1322
-1323
-1320
-1317
-1308
-1295
-1279
-1263
-1249
-1238
-1228
-1221
-1213
-1206
-1199
-1192
-1188
-1188
-1188
-1188
-1186
-1181
-1175
-1169
-1165
-1161
-1156
-1152
-1146
-1143
-1138
-1135
-1132
-1126
-1121
-1113
-1103
-1095
-1087
-1079
-1069
-1060
-1051
-1040
-1031
-1021
-1012
-1005
-997
-990
-983
-979
-976
-971
-968
-966
-963
-963
-963
-963
-963
-964
-963
-961
-959
-958
-955
-951
-949
-947
-948
-949
-951
-951
-952
-955
-958
-959
-962
-963
-965
-969
-972
-974
-978
-981
-982
-983
-984
-986
-984
-981
-975
-967
-959
-950
-942
-936
-928
-922
-914
-905
-898
-891
-884
-877
-870
-864
-859
-855
-853
-850
-846
-842
-838
-830
-821
-812
-803
-793
-783
-772
-761
-750
-739
-726
-717
-706
-698
-688
-680
-675
-669
-665
-660
-658
-654
-649
-643
-636
-630
-621
-610
-600
-589
-581
-574
-564
-552
-540
-527
-516
-505
-494
-485
-474
-464
-455
-446
-438
-432
-424
-414
-407
-399
-393
-387
-383
-378
-376
-373
-374
-377
-382
-387
-392
-392
-391
-383
-372
-361
-351
-339
-326
-312
-295
-280
-263
-246
-230
-216
-200
-187
-176
-168
-160
-155
-148
-143
-142
-146
-153
-161
-173
-185
-196
-206
-213
-212
-207
-199
-189
-177
-167
-159
-153
-151
-149
-144
-141
-136
-132
-125
-114
-103
-90
-76
-63
-50
-41
-32
-28
-26
-29
-35
-43
-50
-55
-59
-63
-69
-73
-73
-73
-72
-68
-64
-61
-59
-58
-59
-57
-56
-52
-49
-44
-38
-30
-21
-12
-2
9
16
21
23
21
20
16
11
9
10
15
20
26
31
35
39
42
43
43
45
46
46
45
40
34
28
23
18
15
11
4
0
-7
-12
-13
-13
-10
-7
-2
4
12
17
23
28
30
30
28
28
28
29
30
30
32
34
39
46
52
57
59
57
53
47
44
42
42
44
42
41
41
41
41
39
36
33
30
29
25
23
22
22
24
25
27
24
22
21
19
15
8
0
-7
-17
-24
-34
-41
-49
-58
-64
-69
-74
-81
-88
-96
-105
-117
-131
-144
-157
-173
-188
-206
-224
-242
-261
-277
-293
-310
-326
-343
-357
-370
-382
-391
-398
-401
-403
-403
-400
-397
-395
-391
-385
-380
-371
-365
-360
-352
-344
-335
-327
-321
-316
-313
-312
-311
-307
-302
-300
-299
-299
-300
-299
-298
-296
-293
-291
-288
-289
-294
-298
-305
-312
-319
-327
-335
-345
-352
-359
-365
-373
-381
-390
-401
-409
-416
-422
-429
-435
-440
-442
-444
-444
-445
-446
-445
-447
-449
-450
-451
-453
-454
-456
-458
-459
-462
-462
-463
-465
-468
-470
-471
-471
-475
-478
-482
-484
-488
-494
-497
-500
-502
-504
-505
-508
-513
-516
-520
-524
-527
-531
-537
-541
-546
-552
-557
-562
-568
-573
-580
-587
-593
-601
-610
-617
-628
-638
-646
-654
-662
-668
-672
-678
-679
-679
-677
-674
-670
-666
-659
-653
-648
-644
-645
-646
-646
-647
-647
-649
-651
-656
-659
-660
-658
-657
-654
-650
-648
-642
-638
-632
-627
-623
-618
-612
-604
-595
-587
-581
-575
-569
-565
-561
-555
-549
-541
-533
-525
-515
-505
-489
-473
-455
-440
-428
-422
-418
-419
-417
-416
-414
-411
-408
-406
-404
-404
-403
-404
-403
-401
-400
-395
-389
-381
-372
-363
-356
-349
-342
-336
-329
-321
-314
-308
-303
-297
-292
-287
-281
-276
-269
-262
-254
-246
-238
-233
-227
-222
-220
-220
-220
-218
-218
-216
-217
-217
-216
-215
-215
-214
-215
-218
-221
-225
-226
-227
-226
-226
-226
-227
-230
-230
-230
-231
-231
-232
-233
-235
-237
-241
-243
-244
-244
-244
-245
-249
-255
-261
-268
-275
-282
-289
-298
-307
-314
-324
-335
-350
-368
-385
-403
-421
-440
-460
-477
-495
-511
-527
-542
-556
-570
-579
-587
-589
-585
-577
-567
-554
-545
-536
-526
-511
-492
-471
-450
-430
-411
-391
-370
-348
-329
-312
-297
-283
-270
-257
-247
-235
-227
-223
-224
-227
-232
-239
-247
-257
-269
-283
-298
-313
-329
-343
-359
-377
-397
-417
-437
-453
-464
-475
-485
-494
-502
-509
-512
-515
-516
-514
-513
-510
-511
-509
-510
-509
-510
-510
-512
-511
-507
-498
-481
-461
-438
-419
-401
-386
-372
-362
-356
-355
-359
-366
-376
-385
-393
-404
-415
-429
-442
-454
-466
-477
-484
-490
-498
-507
-517
-527
-536
-546
-559
-569
-581
-592
-600
-608
-613
-616
-617
-618
-618
-616
-617
-615
-617
-618
-621
-621
-616
-609
-598
-584
-567
-547
-524
-500
-477
-457
-438
-420
-401
-384
-366
-350
-334
-317
-303
-289
-276
-263
-249
-235
-222
-208
-193
-181
-169
-158
-147
-136
-123
-112
-101
-90
-79
-69
-61
-54
-50
-48
-44
-43
-45
-46
-46
-43
-41
-40
-39
-37
-36
-35
-33
-31
-30
-30
-29
-26
-21
-18
-16
-12
-10
-10
-9
-11
-12
-13
-17
-21
-27
-34
-40
-46
-55
-62
-71
-80
-90
-97
-106
-115
-125
-132
-140
-144
-149
-155
-161
-167
-171
-176
-179
-184
-186
-187
-185
-184
-181
-176
-170
-161
-149
-134
-118
-104
-88
-77
-70
-64
-59
-52
-43
-37
-30
-25
-16
-8
0
6
14
22
30
40
47
54
60
65
67
67
68
68
72
73
74
73
76
79
86
93
101
109
116
125
134
143
153
163
172
182
190
198
207
216
227
235
241
247
254
257
261
262
261
259
257
254
249
244
237
230
224
218
211
204
197
190
184
176
166
151
137
121
106
87
71
58
49
44
42
44
46
47
47
44
40
37
32
29
26
21
16
13
10
12
14
16
17
16
12
7
5
3
2
0
-2
-1
0
5
12
20
26
30
36
42
48
56
63
74
88
104
123
141
165
189
217
248
281
312
339
365
388
406
420
430
437
442
446
453
460
469
477
487
495
504
511
518
525
534
538
541
543
542
541
536
527
518
508
497
487
477
468
461
453
448
444
442
442
447
455
463
475
486
499
508
516
521
526
532
536
539
539
538
536
536
535
538
543
552
565
581
600
619
637
655
672
686
699
708
715
720
724
727
728
727
723
716
708
700
690
679
667
656
647
639
630
620
609
596
582
567
551
540
531
526
520
512
503
496
492
489
490
489
491
491
490
487
485
483
481
480
481
485
491
498
504
509
514
517
520
523
524
524
521
518
513
511
507
502
495
485
473
457
440
422
402
383
365
345
328
310
296
280
266
251
234
221
205
192
177
163
152
143
134
127
121
115
108
102
95
87
81
75
70
66
63
60
58
56
58
62
68
76
84
93
101
105
104
99
90
75
58
36
16
-3
-20
-37
-54
-68
-86
-102
-120
-136
-150
-164
-182
-202
-225
-247
-268
-285
-305
-325
-345
-363
-375
-384
-389
-395
-402
-407
-410
-408
-405
-398
-392
-386
-380
-373
-368
-363
-359
-352
-345
-339
-330
-320
-311
-300
-288
-276
-267
-258
-250
-244
-239
-234
-226
-218
-208
-200
-196
-196
-196
-197
-199
-200
-202
-206
-211
-213
-211
-207
-202
-198
-192
-186
-180
-177
-177
-180
-185
-192
-200
-206
-211
-216
-220
-223
-230
-236
-241
-247
-253
-256
-258
-258
-260
-261
-266
-269
-273
-277
-276
-271
-261
-252
-245
-240
-239
-237
-233
-229
-226
-223
-221
-221
-219
-218
-218
-216
-218
-222
-225
-227
-231
-235
-241
-246
-253
-260
-268
-277
-288
-299
-308
-319
-328
-335
-343
-349
-355
-360
-365
-368
-369
-370
-370
-369
-368
-366
-363
-362
-359
-358
-355
-356
-360
-364
-368
-373
-376
-378
-378
-379
-382
-382
-385
-385
-385
-383
-380
-377
-371
-366
-362
-357
-356
-356
-354
-353
-352
-350
-346
-341
-335
-329
-322
-318
-311
-305
-298
-291
-283
-278
-274
-269
-264
-258
-250
-243
-234
-226
-216
-208
-197
-185
-174
-160
-146
-132
-118
-103
-89
-74
-59
-44
-32
-22
-13
-5
2
9
14
21
26
30
33
34
35
35
36
36
34
32
30
29
26
24
20
18
16
15
14
14
15
18
20
23
27
31
34
38
42
47
53
59
64
69
72
75
80
85
90
93
96
95
92
90
85
81
74
66
58
48
40
33
24
16
7
-1
-9
-18
-24
-31
-39
-45
-51
-56
-59
-62
-66
-67
-72
-74
-76
-80
-81
-85
-86
-87
-89
-92
-94
-95
-95
-93
-92
-86
-81
-74
-68
-61
-55
-51
-46
-43
-41
-44
-46
-48
-50
-52
-57
-67
-79
-96
-120
-147
-174
-197
-215
-227
-238
-248
-253
-259
-262
-267
-273
-284
-297
-312
-325
-337
-347
-355
-362
-371
-380
-386
-392
-396
-398
-404
-413
-422
-434
-442
-449
-455
-461
-469
-479
-491
-501
-511
-521
-528
-535
-540
-544
-546
-545
-543
-540
-535
-531
-528
-527
-524
-523
-524
-527
-533
-540
-550
-559
-565
-570
-572
-574
-576
-578
-581
-586
-588
-592
-596
-599
-605
-610
-615
-620
-627
-634
-640
-645
-650
-656
-659
-660
-662
-660
-659
-658
-660
-661
-667
-674
-682
-688
-696
-702
-712
-724
-740
-756
-774
-793
-815
-838
-860
-882
-902
-924
-943
-964
-982
-999
-1012
-1025
-1036
-1048
-1057
-1065
-1072
-1078
-1079
-1079
-1073
-1065
-1053
-1036
-1020
-1004
-990
-980
-975
-975
-977
-981
-987
-991
-994
-995
-996
-994
-991
-988
-989
-991
-998
-1006
-1013
-1016
-1015
-1010
-1001
-986
-964
-938
-909
-879
-855
-832
-812
-794
-778
-762
-745
-727
-709
-688
-664
-639
-613
-586
-556
-525
-493
-464
-433
-402
-372
-343
-314
-286
-261
-239
-222
-208
-197
-190
-181
-176
-168
-164
-160
-161
-161
-161
-163
-165
-168
-174
-179
-185
-191
-192
-192
-190
-187
-183
-183
-186
-189
-192
-193
-193
-191
-187
-183
-176
-169
-164
-156
-151
-144
-141
-137
-133
-130
-124
-119
-111
-101
-93
-87
-82
-83
-85
-88
-94
-100
-108
-114
-122
-130
-137
-142
-147
-153
-158
-164
-172
-185
-202
-223
-245
-270
-291
-308
-321
-330
-335
-339
-340
-339
-338
-341
-351
-366
-382
-397
-408
-417
-427
-436
-448
-460
-476
-491
-506
-522
-542
-562
-582
-603
-625
-643
-660
-677
-690
-706
-719
-732
-744
-755
-768
-782
-796
-807
-814
-820
-827
-834
-841
-847
-854
-858
-865
-871
-879
-885
-889
-893
-895
-896
-897
-901
-909
-918
-925
-930
-932
-932
-929
-925
-922
-920
-913
-907
-897
-887
-878
-866
-856
-844
-831
-817
-803
-791
-782
-777
-771
-766
-762
-763
-767
-774
-786
-801
-814
-822
-825
-826
-824
-823
-823
-823
-823
-818
-812
-806
-796
-782
-760
-734
-707
-679
-654
-631
-607
-585
-564
-541
-520
-500
-477
-454
-427
-397
-367
-336
-308
-281
-257
-236
-218
-206
-195
-186
-178
-172
-168
-166
-165
-168
-172
-177
-182
-184
-184
-182
-180
-174
-167
-156
-145
-132
-121
-111
-105
-97
-88
-79
-67
-55
-41
-27
-12
5
25
46
70
96
124
150
177
199
218
235
247
260
272
284
301
318
339
363
388
417
444
473
501
528
553
575
592
607
618
628
638
648
657
668
677
684
687
687
687
687
686
685
684
684
682
682
682
681
681
681
684
686
692
696
697
693
685
671
658
643
629
617
606
597
589
580
570
563
558
553
548
542
540
539
539
542
544
548
554
562
569
577
586
595
605
612
618
623
625
625
624
619
615
609
602
592
581
571
561
551
544
535
526
517
510
505
502
500
501
504
509
512
520
528
539
549
559
571
583
595
606
618
629
640
649
656
661
663
662
662
663
667
669
674
676
678
680
684
689
695
697
698
698
695
690
688
685
685
682
679
675
670
665
658
650
639
626
612
599
590
584
584
586
590
593
596
600
599
598
591
581
569
555
539
524
509
493
476
460
444
426
408
390
375
360
342
325
304
280
255
230
207
181
156
128
101
76
51
31
14
-1
-13
-26
-39
-50
-60
-70
-78
-85
-91
-95
-100
-102
-102
-103
-106
-110
-116
-124
-135
-146
-157
-169
-183
-194
-206
-216
-225
-233
-241
-249
-258
-264
-270
-272
-273
-269
-264
-256
-243
-228
-211
-192
-173
-157
-141
-126
-113
-101
-86
-75
-64
-53
-42
-31
-21
-9
5
19
33
48
62
78
95
111
125
140
156
174
195
220
246
275
301
329
352
372
391
407
423
441
459
475
491
504
519
532
545
557
569
581
591
602
610
617
622
626
630
634
638
642
647
654
659
666
671
677
684
692
698
707
716
726
735
744
752
760
769
780
792
805
821
835
851
869
887
906
927
948
971
996
1019
1045
1068
1091
1114
1138
1165
1191
1221
1252
1281
1308
1334
1360
1383
1404
1422
1437
1451
1462
1474
1484
1494
1505
1515
1523
1531
1539
1544
1548
1553
1556
1559
1562
1562
1559
1555
1549
1544
1538
1535
1534
1539
1549
1561
1574
1589
1606
1624
1644
1659
1673
1685
1695
1704
1709
1712
1712
1712
1710
1710
1708
1706
1705
1703
1701
1698
1695
1691
1688
1687
1689
1691
1694
1697
1700
1704
1708
1707
1702
1694
1686
1678
1671
1665
1659
1652
1647
1641
1637
1633
1630
1627
1621
1617
1612
1607
1602
1596
1587
1577
1567
1554
1541
1529
1521
1514
1509
1508
1507
1507
1505
1504
1501
1499
1496
1491
1485
1479
1471
1464
1458
1454
1452
1449
1450
1453
1457
1461
1468
1477
1487
1499
1513
1527
1543
1559
1572
1581
1585
1588
1587
1589
1590
1595
1597
1601
1604
1609
1609
1609
1606
1602
1593
1582
1567
1552
1538
1524
1511
1502
1501
1503
1509
1516
1525
1534
1542
1553
1565
1579
1596
1611
1628
1642
1655
1663
1670
1673
1676
1675
1673
1669
1668
1669
1671
1672
1675
1683
1691
1699
1707
1712
1713
1708
1704
1698
1695
1692
1689
1686
1684
1683
1683
1683
1686
1688
1688
1686
1682
1680
1675
1671
1666
1659
1652
1645
1635
1624
1611
1595
1576
1558
1539
1520
1500
1480
1462
1441
1423
1407
1394
1383
1375
1368
1362
1359
1357
1356
1356
1355
1353
1346
1334
1318
1303
1291
1283
1277
1273
1267
1260
1250
1238
1224
1209
1190
1171
1151
1133
1115
1098
1080
1061
1041
1019
995
971
943
917
895
878
864
852
841
831
821
814
805
795
783
766
744
721
699
676
653
631
606
584
563
541
519
499
479
460
438
416
396
377
359
342
327
313
301
291
281
273
263
253
241
229
215
202
189
177
166
156
146
139
131
124
118
113
109
107
104
100
96
91
87
81
73
65
57
52
47
44
43
47
54
67
83
103
119
131
138
143
147
152
155
156
155
154
155
158
163
169
178
187
196
204
212
218
223
227
230
232
234
235
236
234
233
229
223
216
206
195
185
172
160
149
138
128
120
111
102
96
89
84
78
75
73
71
72
71
73
76
77
80
84
88
93
93
93
91
87
84
80
76
73
70
67
65
62
58
52
46
40
33
29
28
25
26
25
28
35
45
58
71
84
97
109
120
131
140
149
156
163
168
172
177
184
188
191
192
192
193
196
199
204
209
215
222
231
238
245
250
254
257
257
256
258
260
261
264
267
271
277
283
288
291
295
299
302
304
308
311
314
316
316
318
319
316
314
310
308
307
309
311
314
316
319
324
328
332
337
340
342
343
343
341
338
334
329
322
315
311
311
311
310
310
309
308
306
308
309
311
315
320
325
334
344
355
365
375
385
393
401
410
417
425
432
438
445
451
456
461
467
475
481
488
494
497
501
506
509
513
518
523
527
534
539
544
550
555
562
568
577
588
597
605
611
617
620
625
628
628
629
628
626
628
628
631
636
638
641
647
653
662
668
674
679
681
684
686
688
688
688
685
683
679
672
664
657
648
642
634
629
624
623
621
620
619
620
620
618
618
617
613
606
597
587
574
564
555
547
540
534
527
521
515
505
494
482
471
461
452
440
428
416
404
390
377
366
357
350
344
338
335
330
325
319
313
305
293
282
268
254
243
231
221
212
205
201
197
194
193
195
196
195
193
188
180
168
152
132
108
86
64
46
28
13
1
-9
-19
-27
-34
-38
-42
-46
-48
-50
-51
-52
-54
-56
-60
-63
-65
-66
-64
-59
-56
-53
-51
-50
-55
-64
-78
-91
-101
-110
-116
-122
-127
-131
-138
-148
-159
-169
-179
-187
-195
-201
-207
-210
-211
-215
-217
-222
-224
-224
-225
-228
-231
-236
-243
-248
-251
-250
-249
-247
-250
-258
-273
-288
-304
-318
-331
-338
-339
-334
-325
-312
-300
-287
-276
-268
-259
-253
-248
-249
-253
-263
-277
-296
-315
-334
-353
-368
-381
-389
-391
-391
-388
-382
-373
-358
-337
-316
-294
-273
-256
-239
-225
-212
-198
-184
-169
-154
-137
-117
-94
-73
-52
-33
-17
-3
6
14
19
21
25
26
30
35
42
48
54
60
70
80
96
114
130
144
155
160
164
167
169
170
175
183
193
207
221
236
252
266
279
292
307
322
336
343
348
350
352
350
347
342
333
321
305
291
278
267
258
251
248
250
256
260
266
270
273
277
282
290
298
309
321
331
344
355
366
378
390
403
414
421
429
434
439
445
448
453
458
460
459
454
447
436
424
413
403
395
390
386
382
380
379
380
383
389
400
410
421
435
448
467
488
512
536
560
582
603
625
646
671
692
711
727
741
751
760
767
772
774
771
763
753
742
730
715
699
683
668
654
641
632
625
620
616
615
614
614
612
613
612
609
604
597
589
580
570
563
556
548
540
531
519
509
499
489
479
467
458
450
445
439
434
430
426
422
422
422
423
423
424
428
432
437
442
448
455
462
471
478
486
492
495
500
503
507
512
515
520
526
529
535
537
540
544
546
549
551
553
558
563
570
573
577
580
582
584
586
589
594
603
612
627
642
661
680
700
721
742
765
790
817
844
870
896
922
950
977
1003
1029
1055
1080
1104
1127
1151
1172
1194
1215
1233
1250
1268
1284
1301
1318
1333
1347
1359
1370
1376
1382
1386
1388
1388
1387
1388
1391
1394
1395
1397
1400
1403
1404
1405
1405
1407
1410
1416
1424
1434
1444
1455
1465
1474
1480
1481
1477
1471
1463
1451
1438
1423
1408
1393
1380
1367
1355
1344
1330
1314
1296
1278
1261
1245
1230
1213
1195
1179
1162
1148
1135
1124
1112
1098
1088
1077
1067
1057
1048
1039
1031
1023
1016
1010
1003
999
992
986
979
970
961
953
943
933
921
908
896
882
867
852
835
819
800
784
766
750
734
719
701
685
667
651
633
616
597
579
562
546
530
515
500
486
472
458
446
435
424
414
405
397
388
380
371
364
358
353
348
342
337
333
328
324
319
316
312
307
301
295
286
276
265
253
240
228
217
207
196
187
178
172
166
164
161
162
160
159
156
150
144
135
124
114
105
96
86
79
72
65
59
53
49
45
43
41
41
41
44
46
49
56
62
68
70
70
68
64
59
52
44
39
33
26
21
16
12
8
4
0
-5
-9
-9
-7
-5
-6
-6
-10
-14
-20
-25
-32
-38
-44
-53
-63
-74
-84
-95
-105
-116
-125
-133
-141
-148
-156
-161
-169
-176
-186
-196
-205
-213
-223
-231
-237
-243
-246
-248
-249
-249
-250
-249
-251
-254
-258
-263
-270
-280
-294
-309
-323
-338
-354
-370
-387
-404
-420
-435
-452
-468
-484
-501
-519
-534
-549
-563
-580
-596
-613
-629
-644
-657
-668
-675
-681
-685
-688
-689
-694
-700
-712
-727
-742
-759
-775
-791
-805
-820
-832
-844
-855
-864
-871
-877
-882
-886
-891
-895
-897
-901
-907
-916
-925
-938
-955
-974
-995
-1016
-1036
-1056
-1077
-1097
-1113
-1126
-1135
-1143
-1151
-1157
-1160
-1163
-1165
-1164
-1165
-1164
-1163
-1164
-1162
-1159
-1156
-1155
-1155
-1158
-1162
-1168
-1173
-1181
-1187
-1193
-1201
-1209
-1217
-1225
-1233
-1243
-1252
-1260
-1266
-1271
-1277
-1282
-1286
-1287
-1290
-1294
-1297
-1302
-1307
-1313
-1319
-1323
-1329
-1333
-1337
-1341
-1343
-1346
-1347
-1348
-1347
-1346
-1345
-1343
-1339
-1335
-1327
-1319
-1313
-1308
-1303
-1300
-1294
-1291
-1286
-1285
-1284
-1283
-1280
-1275
-1270
-1264
-1258
-1250
-1242
-1234
-1228
-1221
-1214
-1208
-1202
-1194
-1186
-1178
-1170
-1163
-1157
-1151
-1145
-1140
-1135
-1130
-1123
-1116
-1109
-1100
-1094
-1086
-1077
-1067
-1053
-1040
-1024
-1008
-995
-983
-972
-962
-952
-942
-932
-924
-917
-909
-901
-892
-882
-872
-864
-854
-848
-840
-837
-834
-833
-833
-834
-836
-837
-837
-835
-833
-831
-829
-827
-823
-821
-819
-818
-816
-815
-817
-818
-821
-822
-821
-820
-816
-813
-809
-805
-798
-791
-785
-780
-777
-773
-769
-769
-771
-775
-780
-785
-789
-791
-794
-794
-795
-795
-795
-797
-796
-798
-800
-801
-802
-805
-809
-815
-824
-833
-844
-861
-881
-907
-931
-956
-982
-1009
-1037
-1065
-1094
-1122
-1150
-1175
-1199
-1221
-1240
-1257
-1270
-1281
-1291
-1298
-1302
-1301
-1297
-1289
-1277
-1264
-1247
-1229
-1206
-1182
-1155
-1124
-1093
-1059
-1027
-994
-960
-931
-903
-877
-853
-829
-807
-789
-774
-759
-745
-733
-722
-715
-710
-706
-703
-701
-702
-703
-708
-712
-719
-726
-735
-741
-749
-759
-766
-775
-782
-788
-792
-793
-793
-792
-788
-781
-771
-759
-747
-734
-722
-711
-698
-686
-675
-663
-650
-637
-623
-611
-600
-593
-585
-578
-573
-570
-568
-568
-569
-571
-572
-573
-571
-569
-567
-567
-568
-569
-568
-567
-568
-568
-571
-571
-573
-572
-575
-576
-578
-582
-586
-591
-596
-600
-601
-603
-606
-612
-617
-620
-622
-622
-621
-620
-619
-618
-614
-609
-603
-599
-595
-590
-588
-584
-579
-572
-564
-559
-554
-549
-545
-540
-536
-534
-530
-528
-527
-525
-527
-527
-528
-527
-528
-528
-528
-529
-531
-530
-530
-529
-528
-527
-525
-524
-524
-525
-525
-523
-521
-521
-519
-517
-513
-511
-507
-504
-502
-498
-494
-489
-483
-478
-475
-470
-465
-461
-456
-452
-449
-443
-438
-433
-429
-425
-422
-419
-417
-414
-409
-407
-403
-400
-397
-395
-392
-391
-389
-387
-386
-383
-380
-379
-375
-375
-373
-370
-369
-367
-366
-366
-366
-367
-367
-369
-371
-374
-376
-379
-381
-384
-386
-388
-389
-389
-391
-391
-395
-395
-394
-391
-388
-384
-383
-381
-377
-375
-372
-369
-364
-360
-356
-351
-344
-340
-333
-329
-326
-320
-317
-311
-304
-299
-292
-287
-283
-278
-273
-265
-257
-249
-243
-237
-231
-225
-223
-222
-223
-223
-222
-221
-223
-224
-225
-228
-230
-235
-238
-243
-247
-253
-261
-269
-277
-287
-295
-303
-309
-313
-318
-321
-323
-326
-327
-328
-328
-331
-334
-336
-339
-344
-348
-352
-355
-357
-361
-363
-367
-369
-370
-372
-372
-371
-370
-370
-369
-370
-372
-373
-377
-380
-384
-388
-392
-396
-399
-402
-405
-406
-408
-410
-409
-405
-400
-392
-381
-371
-361
-354
-349
-347
-347
-346
-343
-343
-344
-344
-344
-345
-344
-346
-347
-349
-349
-350
-351
-351
-354
-359
-364
-369
-372
-376
-376
-378
-378
-379
-379
-378
-378
-379
-380
-380
-381
-381
-383
-384
-386
-390
-395
-399
-402
-407
-412
-417
-424
-429
-434
-441
-450
-459
-471
-482
-493
-507
-519
-535
-553
-571
-593
-612
-628
-644
-657
-672
-685
-704
-728
-754
-780
-797
-811
-819
-825
-834
-843
-855
-868
-883
-896
-911
-923
-934
-944
-953
-963
-973
-982
-991
-997
-1003
-1007
-1012
-1016
-1020
-1022
-1025
-1026
-1029
-1032
-1034
-1036
-1041
-1044
-1047
-1053
-1060
-1066
-1073
-1083
-1092
-1103
-1115
-1125
-1130
-1133
-1135
-1136
-1135
-1136
-1139
-1143
-1145
-1151
-1157
-1164
-1174
-1183
-1190
-1197
-1204
-1212
-1219
-1226
-1232
-1237
-1242
-1244
-1249
-1250
-1251
-1249
-1246
-1241
-1232
-1224
-1213
-1203
-1193
-1182
-1172
-1166
-1158
-1150
-1141
-1131
-1118
-1103
-1090
-1078
-1065
-1051
-1039
-1022
-1005
-985
-961
-936
-910
-885
-863
-844
-828
-811
-796
-780
-763
-745
-725
-702
-677
-651
-628
-603
-582
-560
-538
-516
-493
-473
-454
-439
-427
-416
-408
-403
-397
-392
-387
-382
-380
-377
-376
-376
-378
-382
-386
-388
-387
-386
-382
-377
-364
-346
-325
-306
-290
-273
-255
-230
-203
-172
-145
-119
-94
-73
-52
-32
-15
0
16
29
42
56
68
80
91
103
115
125
133
138
144
147
149
152
151
150
147
143
137
131
125
118
112
108
103
101
99
100
100
98
92
84
75
65
57
50
46
45
47
53
60
71
82
96
110
123
136
148
160
167
172
173
173
172
170
168
169
173
180
187
193
200
206
213
222
232
242
254
268
282
293
303
308
310
313
316
320
324
328
335
340
346
347
349
348
345
340
334
327
321
316
310
305
304
305
309
312
316
316
316
312
308
304
299
292
284
275
264
252
240
231
224
217
209
198
188
174
158
141
123
103
89
76
68
62
58
54
48
42
32
20
9
1
-4
-9
-11
-10
-8
-5
-3
-4
-8
-14
-21
-30
-37
-44
-48
-53
-52
-50
-44
-36
-27
-18
-10
-4
-2
-1
-2
-2
-5
-8
-15
-26
-37
-50
-66
-85
-107
-132
-157
-183
-213
-242
-273
-304
-334
-363
-393
-421
-447
-471
-495
-516
-539
-565
-593
-621
-649
-672
-694
-715
-735
-755
-778
-797
-815
-828
-837
-844
-850
-857
-863
-871
-881
-892
-901
-908
-915
-919
-921
-919
-914
-903
-886
-867
-845
-823
-800
-774
-745
-717
-690
-662
-637
-611
-588
-566
-545
-524
-505
-484
-463
-441
-420
-399
-379
-359
-339
-322
-306
-290
-277
-262
-249
-236
-225
-214
-205
-195
-186
-177
-166
-155
-143
-132
-123
-116
-112
-108
-105
-104
-101
-99
-98
-93
-90
-84
-80
-74
-71
-67
-64
-62
-60
-58
-56
-53
-49
-44
-41
-34
-28
-19
-7
4
15
27
38
49
60
74
89
103
114
126
134
144
154
161
166
171
172
171
169
166
159
150
139
126
115
103
90
78
64
52
40
28
15
4
-2
-8
-11
-11
-5
0
7
15
24
36
47
57
64
69
74
79
85
92
97
99
97
94
91
87
81
72
61
49
33
16
-2
-20
-38
-54
-64
-73
-76
-75
-71
-65
-59
-49
-40
-27
-14
-4
3
10
19
30
43
56
68
78
83
88
92
96
100
103
109
115
120
124
127
128
124
116
107
96
90
84
82
81
82
83
86
93
102
111
119
126
133
138
140
139
135
132
126
123
119
118
116
116
117
119
120
122
127
133
138
140
141
140
137
135
129
122
114
106
100
93
87
81
75
68
60
52
44
36
30
23
18
12
5
0
-7
-13
-19
-25
-30
-33
-38
-43
-49
-55
-63
-73
-84
-97
-110
-123
-133
-141
-147
-153
-155
-152
-148
-137
-126
-109
-92
-74
-58
-44
-31
-22
-16
-13
-10
-7
-3
0
7
13
23
33
41
44
45
40
30
14
-6
-24
-43
-63
-82
-102
-124
-145
-159
-162
-153
-139
-125
-113
-102
-92
-82
-77
-73
-70
-64
-58
-52
-46
-38
-28
-14
0
17
33
51
67
85
100
115
127
139
148
159
167
176
182
186
189
191
191
191
189
184
177
168
160
154
148
141
134
125
114
103
95
86
79
72
64
58
53
48
41
33
24
18
12
12
15
23
33
46
65
87
112
137
160
184
202
219
233
240
247
250
250
251
253
254
257
265
272
280
287
292
296
302
308
317
327
341
355
371
388
405
419
435
450
464
478
489
501
511
519
525
530
533
534
534
533
531
528
527
522
517
511
507
505
503
504
505
509
511
515
519
523
525
527
527
528
530
531
532
532
534
535
535
535
535
539
546
555
569
584
597
609
619
627
634
640
643
650
659
670
681
691
700
707
711
714
713
713
710
709
710
709
708
711
716
721
728
732
735
734
728
721
711
702
692
678
666
653
640
628
617
608
597
588
582
577
576
578
579
583
586
592
601
611
622
632
644
657
671
684
696
705
714
721
727
735
742
748
757
764
772
776
778
775
770
764
757
746
736
724
709
697
686
676
670
667
662
659
657
658
663
668
675
681
689
695
702
706
710
713
718
721
725
726
729
734
741
746
753
756
759
759
755
748
738
729
718
704
691
674
654
631
608
587
568
553
544
537
533
532
533
536
539
543
546
547
547
543
540
538
537
537
538
540
545
551
557
565
573
580
584
585
582
578
572
564
554
542
529
517
502
488
473
458
444
430
417
404
392
382
374
367
362
357
355
357
360
368
376
385
393
396
398
395
391
387
385
382
375
367
357
346
335
324
313
301
287
274
259
245
233
223
213
204
195
185
177
170
163
157
154
153
160
167
176
186
198
216
239
265
293
326
357
388
413
435
454
469
480
482
477
465
446
426
399
367
329
286
248
217
201
199
210
232
258
283
299
299
288
271
252
240
230
225
220
214
210
205
199
192
189
191
196
200
206
215
230
249
270
291
308
324
336
348
354
358
358
358
357
355
359
363
370
382
393
407
421
435
450
461
473
484
495
505
517
528
537
542
545
547
548
549
548
546
544
544
545
551
559
572
587
605
622
641
657
668
673
672
667
659
648
636
620
605
593
583
578
579
584
594
605
614
616
617
616
614
611
607
603
598
592
585
581
575
572
569
564
559
556
552
549
545
543
543
541
541
538
535
531
523
513
502
492
482
470
459
446
431
417
405
393
380
367
354
344
334
328
325
322
320
316
308
295
280
263
249
234
221
212
205
197
191
187
183
179
176
175
175
173
170
164
157
151
144
134
126
119
114
113
112
113
116
120
123
128
132
133
133
134
136
140
141
142
145
146
150
155
161
167
172
175
179
180
177
176
174
177
183
189
196
201
208
215
221
228
231
233
235
237
236
235
229
223
212
200
187
176
163
152
138
127
119
114
110
108
107
108
109
116
125
138
156
172
190
210
231
252
273
292
312
332
354
377
399
421
445
466
485
499
511
522
533
542
550
558
565
570
575
579
582
588
591
594
594
592
590
586
583
582
582
584
584
584
583
583
581
582
581
582
583
586
589
592
597
601
604
611
619
629
638
647
654
661
667
672
674
677
677
678
678
680
679
677
673
670
669
666
663
657
652
646
640
632
626
618
609
601
591
582
574
565
559
550
544
537
532
527
525
524
524
524
527
531
535
540
543
545
549
553
554
552
549
547
541
537
530
521
515
507
501
494
487
480
473
465
458
452
446
443
441
442
446
451
459
466
474
480
488
494
499
502
505
506
509
512
513
514
516
518
521
526
533
538
545
551
555
556
558
560
561
561
559
557
554
552
549
544
541
537
534
530
527
526
527
527
529
530
530
533
536
540
545
551
556
560
567
574
580
586
591
594
596
597
597
596
596
594
594
594
594
594
592
590
589
585
583
578
574
571
570
569
568
569
571
573
576
583
591
600
607
613
618
622
625
626
627
630
630
627
623
619
615
611
608
605
603
603
604
605
609
612
617
620
625
628
633
636
637
635
635
633
630
625
619
611
604
597
591
588
586
586
587
589
593
597
603
611
619
626
634
639
646
651
657
665
673
683
691
701
711
721
730
739
746
750
750
749
747
743
738
731
722
712
702
691
680
669
658
648
640
630
623
616
608
603
597
590
584
579
577
575
578
583
590
602
620
643
670
696
723
748
770
788
803
813
821
824
822
818
810
802
790
779
767
757
745
737
730
727
725
723
723
721
716
710
702
696
690
687
685
681
678
672
667
661
653
646
642
637
635
636
637
640
645
647
647
647
648
647
646
643
639
633
626
620
615
607
599
590
577
565
552
539
525
509
489
466
445
423
404
387
373
364
355
350
351
355
366
378
390
399
405
406
404
399
394
392
388
383
374
363
352
343
334
326
318
309
301
292
285
279
271
264
256
246
237
229
219
208
198
189
179
170
159
149
137
126
111
93
75
58
41
24
9
-4
-16
-28
-35
-41
-45
-45
-43
-38
-34
-29
-22
-17
-13
-10
-6
-2
2
4
5
4
1
-3
-7
-12
-14
-19
-24
-30
-39
-47
-54
-61
-68
-76
-86
-97
-106
-113
-116
-119
-122
-126
-132
-138
-139
-136
-132
-126
-119
-113
-107
-102
-97
-90
-88
-86
-89
-93
-99
-107
-118
-131
-145
-162
-181
-201
-224
-246
-267
-288
-311
-331
-351
-370
-386
-401
-417
-433
-448
-465
-479
-493
-503
-512
-518
-521
-521
-517
-510
-501
-493
-482
-471
-459
-449
-435
-420
-405
-388
-372
-355
-336
-319
-305
-290
-275
-260
-242
-218
-194
-169
-150
-134
-121
-109
-96
-86
-80
-73
-67
-60
-53
-42
-30
-16
1
21
47
75
105
130
148
155
160
162
167
172
180
194
214
238
264
288
311
329
342
353
360
366
372
381
390
403
414
425
435
444
453
465
477
492
506
517
528
539
549
557
563
568
570
575
578
582
586
587
588
587
587
585
584
583
585
584
584
584
584
585
584
579
573
567
559
552
543
530
515
496
474
451
430
409
388
366
344
324
306
292
280
272
266
260
254
248
242
234
223
209
194
179
164
150
138
127
120
116
114
113
116
123
138
157
174
190
202
212
221
229
236
244
252
261
270
282
291
304
314
326
340
351
362
370
375
382
388
395
401
405
409
409
404
400
394
387
379
372
365
358
355
356
358
364
373
383
392
401
409
416
420
424
430
434
441
448
453
458
464
471
476
482
486
488
490
490
489
488
486
482
480
477
474
471
465
459
452
445
436
426
416
409
401
397
393
388
384
383
381
379
380
380
381
384
387
389
389
389
390
389
384
379
374
367
361
356
352
349
346
341
334
327
319
311
300
289
276
264
252
239
229
216
205
194
184
176
167
156
144
130
119
107
97
89
81
76
71
66
63
61
61
60
61
65
71
78
82
82
78
70
61
48
37
25
14
3
-4
-12
-21
-28
-36
-44
-51
-60
-69
-77
-87
-94
-101
-108
-115
-126
-139
-157
-173
-187
-198
-208
-219
-229
-241
-255
-269
-284
-297
-313
-330
-347
-365
-381
-398
-414
-433
-449
-466
-483
-500
-517
-534
-549
-565
-581
-598
-616
-633
-653
-672
-693
-714
-735
-754
-775
-796
-819
-842
-865
-886
-910
-937
-961
-986
-1010
-1035
-1060
-1085
-1112
-1138
-1165
-1191
-1213
-1237
-1263
-1287
-1310
-1329
-1347
-1365
-1382
-1399
-1415
-1434
-1451
-1470
-1488
-1504
-1518
-1532
-1548
-1564
-1580
-1593
-1603
-1611
-1620
-1631
-1640
-1647
-1654
-1660
-1665
-1672
-1680
-1687
-1692
-1697
-1700
-1703
-1705
-1704
-1702
-1697
-1690
-1679
-1667
-1657
-1647
-1643
-1640
-1638
-1637
-1637
-1639
-1642
-1642
-1635
-1626
-1611
-1591
-1570
-1550
-1533
-1520
-1510
-1502
-1496
-1490
-1482
-1473
-1461
-1443
-1422
-1394
-1363
-1336
-1311
-1292
-1278
-1269
-1261
-1254
-1248
-1241
-1232
-1223
-1215
-1204
-1188
-1171
-1150
-1129
-1106
-1085
-1066
-1049
-1033
-1018
-1005
-994
-982
-972
-962
-949
-937
-927
-914
-901
-888
-874
-860
-847
-833
-820
-808
-798
-786
-774
-761
-747
-734
-718
-703
-687
-670
-653
-639
-628
-614
-601
-586
-571
-559
-550
-546
-544
-544
-541
-537
-533
-528
-525
-522
-521
-520
-518
-512
-502
-492
-480
-468
-457
-446
-434
-424
-415
-405
-397
-391
-386
-383
-384
-388
-397
-408
-421
-433
-444
-456
-469
-481
-496
-507
-513
-516
-514
-509
-499
-483
-461
-436
-415
-394
-378
-362
-349
-337
-327
-321
-317
-313
-304
-291
-272
-248
-224
-201
-180
-162
-146
-133
-121
-112
-102
-92
-83
-75
-68
-62
-54
-46
-38
-28
-18
-8
3
14
25
36
44
50
53
52
48
42
37
35
34
34
38
41
47
55
64
72
81
88
95
102
106
106
103
101
99
99
99
102
104
104
107
109
111
116
122
130
140
153
164
174
184
195
204
214
224
235
246
252
254
252
246
235
220
204
187
173
161
149
140
135
136
142
156
174
192
205
213
216
215
212
208
197
187
176
167
158
145
133
123
119
119
122
126
131
134
134
134
132
131
129
128
128
129
135
138
141
140
136
133
129
124
119
114
112
110
109
105
101
98
93
85
76
66
56
51
50
51
55
61
67
75
83
89
96
99
101
101
105
111
118
128
141
152
161
168
174
180
189
199
209
218
225
229
231
233
230
229
226
221
219
215
210
207
203
202
203
205
209
214
217
221
224
225
226
224
223
219
213
209
205
201
198
193
188
185
182
179
178
180
184
188
193
198
205
213
223
233
242
247
251
252
250
247
240
233
224
219
214
213
210
210
207
207
208
207
204
202
200
195
190
185
179
172
165
158
149
142
136
129
124
121
117
113
113
112
112
110
106
102
96
89
85
79
75
70
66
59
53
47
43
37
33
27
19
6
-6
-22
-36
-51
-64
-75
-86
-94
-103
-111
-119
-130
-141
-154
-170
-186
-203
-219
-236
-251
-267
-280
-292
-304
-315
-326
-337
-344
-352
-361
-371
-383
-392
-401
-409
-418
-427
-435
-443
-452
-462
-470
-478
-485
-490
-497
-503
-509
-512
-513
-512
-509
-506
-505
-503
-505
-503
-499
-492
-485
-478
-469
-462
-453
-445
-436
-428
-420
-415
-411
-408
-406
-403
-401
-397
-393
-391
-389
-389
-387
-386
-384
-381
-378
-375
-373
-371
-371
-370
-372
-370
-368
-363
-361
-361
-361
-365
-369
-373
-377
-380
-383
-383
-386
-386
-386
-385
-382
-380
-377
-377
-374
-374
-376
-378
-382
-384
-387
-388
-387
-385
-381
-379
-375
-373
-369
-366
-363
-363
-364
-366
-369
-368
-368
-368
-367
-368
-371
-374
-377
-380
-383
-385
-385
-388
-391
-393
-394
-393
-389
-380
-370
-358
-348
-339
-332
-328
-324
-318
-312
-303
-295
-287
-280
-273
-266
-261
-256
-254
-249
-246
-241
-238
-236
-234
-232
-228
-223
-216
-208
-203
-201
-203
-206
-210
-213
-213
-214
-217
-222
-230
-238
-246
-249
-250
-252
-257
-267
-284
-303
-322
-341
-356
-368
-377
-381
-379
-376
-370
-363
-353
-344
-334
-323
-313
-304
-300
-298
-300
-304
-307
-310
-312
-314
-314
-311
-304
-294
-281
-267
-261
-262
-271
-282
-294
-309
-325
-341
-357
-370
-383
-394
-405
-418
-427
-438
-443
-446
-445
-444
-439
-431
-416
-398
-378
-358
-340
-325
-307
-289
-269
-249
-232
-217
-204
-191
-179
-167
-157
-151
-147
-147
-152
-155
-160
-162
-161
-158
-153
-145
-133
-118
-104
-90
-75
-62
-46
-29
-14
1
14
29
44
59
75
91
104
118
131
142
157
172
185
197
206
215
222
229
234
239
244
248
249
251
254
255
257
256
252
246
239
228
217
205
193
181
172
163
155
149
141
134
126
119
113
109
104
99
94
90
88
84
80
77
76
73
74
73
71
68
60
52
41
30
16
2
-13
-31
-49
-68
-86
-101
-117
-131
-149
-166
-184
-202
-218
-233
-248
-266
-285
-305
-325
-343
-359
-375
-392
-408
-425
-441
-456
-469
-480
-486
-485
-479
-471
-462
-455
-450
-447
-443
-438
-434
-435
-436
-441
-449
-459
-475
-494
-514
-534
-553
-572
-588
-602
-616
-625
-632
-637
-637
-634
-628
-622
-617
-611
-606
-602
-600
-598
-594
-588
-579
-570
-557
-544
-530
-513
-494
-478
-463
-451
-441
-432
-422
-412
-403
-393
-385
-376
-367
-356
-344
-333
-323
-312
-301
-295
-288
-279
-269
-256
-243
-228
-215
-201
-184
-168
-152
-136
-122
-112
-102
-93
-86
-80
-74
-66
-58
-49
-41
-31
-22
-14
-4
6
16
27
36
44
52
62
71
81
91
96
99
99
95
91
84
75
64
56
51
49
49
47
44
40
35
31
27
26
28
31
38
49
61
72
86
100
115
130
149
167
187
208
229
250
272
293
316
336
356
373
390
403
414
425
430
434
434
435
436
437
436
433
430
426
421
418
413
408
405
400
395
389
381
372
361
351
341
330
321
312
304
299
291
285
279
273
272
270
268
267
266
267
268
268
271
274
278
280
283
283
283
282
278
275
271
265
256
248
237
225
212
202
192
185
178
174
170
167
168
170
175
181
189
201
213
230
245
263
280
300
319
337
354
367
379
389
395
401
405
404
401
395
386
375
363
349
336
322
309
295
282
267
250
232
217
201
187
173
162
155
148
143
138
138
140
142
142
144
148
153
160
167
169
168
164
152
137
119
102
85
70
55
41
28
17
9
1
-3
-8
-14
-19
-23
-30
-37
-45
-57
-69
-83
-97
-114
-131
-146
-163
-179
-195
-212
-226
-239
-246
-251
-254
-258
-257
-255
-250
-245
-242
-237
-230
-225
-219
-215
-206
-197
-185
-174
-165
-158
-154
-150
-146
-143
-143
-143
-146
-149
-153
-157
-162
-168
-173
-176
-178
-179
-183
-188
-196
-206
-219
-234
-250
-269
-288
-310
-331
-350
-367
-380
-392
-399
-404
-408
-410
-409
-404
-397
-388
-379
-368
-356
-345
-332
-321
-314
-308
-306
-307
-307
-307
-307
-307
-309
-311
-315
-321
-326
-329
-334
-338
-344
-350
-357
-366
-373
-379
-386
-392
-394
-397
-395
-394
-391
-388
-386
-381
-379
-377
-376
-375
-372
-370
-367
-361
-353
-343
-331
-318
-308
-299
-293
-286
-280
-276
-275
-274
-274
-272
-267
-264
-258
-251
-245
-238
-231
-224
-217
-210
-204
-199
-192
-188
-182
-175
-168
-161
-156
-150
-143
-136
-130
-124
-120
-116
-115
-113
-112
-114
-114
-114
-116
-115
-114
-113
-113
-112
-113
-114
-115
-114
-113
-110
-106
-102
-96
-92
-87
-80
-76
-73
-73
-72
-70
-69
-68
-68
-67
-66
-66
-64
-63
-60
-58
-56
-56
-52
-50
-43
-37
-32
-27
-24
-19
-15
-9
-6
0
3
5
5
3
1
2
4
7
12
18
26
36
47
58
66
71
76
77
79
77
76
71
66
59
53
44
37
31
25
22
22
22
20
20
18
18
21
25
28
32
37
43
49
53
56
57
57
57
57
58
58
58
54
52
48
44
37
31
24
17
10
1
-6
-15
-25
-34
-43
-51
-58
-64
-66
-66
-63
-56
-47
-37
-26
-15
-2
10
24
35
46
58
70
82
89
97
100
104
107
112
118
125
133
142
153
165
178
190
199
205
210
216
221
225
229
230
230
229
228
222
218
212
209
206
203
201
197
193
187
180
173
169
165
163
163
163
164
166
167
169
173
177
183
187
190
189
184
181
177
173
172
173
171
171
170
170
167
167
165
166
168
172
176
177
178
178
179
182
187
192
198
204
209
217
224
232
239
248
254
262
267
271
276
280
284
286
286
287
288
286
284
282
276
271
267
265
263
261
261
262
261
260
257
252
249
245
240
235
229
223
217
208
199
188
175
164
151
138
124
108
93
77
61
46
31
19
6
-6
-18
-30
-42
-54
-67
-79
-89
-98
-108
-118
-129
-138
-147
-157
-168
-179
-187
-193
-196
-198
-197
-197
-193
-189
-184
-179
-174
-170
-169
-167
-167
-168
-169
-172
-174
-178
-182
-185
-189
-194
-197
-200
-201
-204
-205
-203
-199
-193
-186
-180
-174
-170
-166
-167
-168
-169
-172
-175
-178
-183
-186
-188
-190
-191
-192
-192
-193
-193
-194
-195
-193
-194
-193
-193
-191
-191
-191
-189
-187
-184
-183
-182
-182
-181
-180
-180
-180
-182
-184
-186
-188
-190
-195
-199
-204
-208
-214
-219
-225
-232
-240
-247
-256
-267
-276
-287
-299
-310
-322
-335
-347
-358
-368
-376
-385
-393
-401
-408
-412
-415
-417
-419
-421
-420
-420
-419
-416
-414
-410
-406
-400
-394
-388
-379
-371
-360
-347
-336
-324
-314
-302
-293
-283
-274
-268
-259
-251
-244
-238
-232
-229
-224
-222
-221
-222
-223
-226
-232
-237
-246
-254
-262
-272
-280
-288
-296
-303
-311
-319
-326
-331
-336
-343
-349
-353
-357
-360
-362
-364
-364
-362
-361
-359
-359
-358
-357
-357
-358
-360
-363
-368
-375
-382
-392
-400
-409
-416
-426
-432
-438
-442
-447
-449
-452
-454
-456
-457
-456
-458
-457
-458
-460
-460
-460
-461
-463
-464
-467
-471
-474
-476
-478
-480
-484
-488
-493
-497
-502
-507
-515
-523
-533
-544
-553
-562
-574
-586
-597
-608
-620
-629
-641
-650
-661
-671
-681
-690
-700
-712
-720
-729
-739
-749
-758
-766
-775
-786
-796
-804
-812
-820
-829
-839
-848
-858
-869
-877
-885
-892
-898
-903
-909
-913
-916
-917
-916
-915
-913
-912
-911
-908
-904
-899
-896
-890
-887
-882
-877
-872
-869
-866
-863
-858
-855
-851
-850
-847
-846
-839
-832
-825
-817
-810
-804
-800
-795
-792
-789
-784
-779
-773
-764
-757
-747
-738
-728
-716
-704
-692
-679
-665
-650
-636
-621
-607
-591
-573
-555
-536
-517
-497
-478
-457
-434
-415
-396
-375
-356
-338
-321
-305
-288
-270
-253
-237
-222
-207
-193
-178
-165
-152
-140
-130
-120
-109
-102
-94
-86
-78
-73
-68
-65
-62
-62
-65
-68
-71
-75
-82
-90
-99
-109
-118
-126
-134
-142
-150
-158
-163
-168
-173
-178
-181
-181
-181
-182
-181
-180
-178
-176
-177
-177
-178
-177
-177
-175
-172
-171
-171
-170
-167
-167
-167
-167
-167
-169
-169
-172
-174
-176
-175
-173
-173
-171
-168
-165
-158
-153
-144
-135
-127
-117
-108
-98
-86
-75
-63
-52
-43
-35
-26
-21
-17
-14
-12
-11
-12
-15
-20
-29
-40
-52
-66
-78
-92
-102
-113
-123
-130
-138
-145
-150
-153
-155
-156
-155
-150
-146
-140
-131
-120
-113
-104
-97
-88
-79
-71
-64
-55
-44
-34
-26
-17
-9
-3
2
5
6
3
0
-2
-3
-7
-9
-14
-19
-24
-31
-36
-39
-40
-43
-43
-43
-44
-48
-51
-51
-50
-50
-49
-49
-47
-45
-42
-40
-37
-34
-30
-26
-20
-12
-5
0
4
9
13
16
21
28
32
37
43
49
56
65
74
85
97
111
125
141
156
173
192
209
226
242
260
275
288
300
309
318
323
326
326
324
320
311
299
287
273
260
247
234
220
208
199
194
194
196
200
204
211
217
224
234
245
258
273
291
310
328
349
369
389
407
424
444
465
486
509
532
553
574
594
613
630
646
661
673
683
691
700
706
710
712
714
717
719
719
718
718
717
716
714
712
707
703
698
694
689
686
681
676
672
665
657
650
644
637
629
622
616
609
603
596
590
586
580
573
569
564
556
550
543
535
527
519
510
503
496
492
486
483
479
476
472
468
466
462
460
458
455
451
448
445
442
436
432
427
423
419
415
411
407
404
401
399
398
395
392
389
388
385
383
382
380
377
375
372
369
365
362
360
356
355
352
347
346
345
347
347
348
349
349
351
355
358
361
366
371
378
383
390
397
406
415
429
443
457
473
488
503
518
534
553
570
586
600
614
627
642
654
665
674
682
688
694
697
701
701
701
701
701
701
700
699
696
692
687
682
677
673
669
665
662
659
656
653
650
650
650
651
653
654
656
658
659
662
665
669
674
676
679
679
680
679
677
673
671
668
664
657
652
646
641
636
630
621
612
603
593
584
574
565
555
546
533
523
510
497
484
471
460
447
435
418
403
388
373
360
345
332
318
306
294
287
282
278
275
276
275
270
267
264
263
260
257
254
252
248
245
243
240
238
235
232
228
225
222
217
212
208
202
197
192
189
187
182
179
175
172
167
164
157
151
143
135
127
120
112
103
95
88
82
79
75
72
68
64
62
58
57
54
51
52
53
50
47
45
43
41
39
36
30
27
21
16
9
1
-6
-14
-22
-33
-42
-50
-61
-72
-82
-94
-105
-117
-126
-137
-140
-150
-155
-164
-159
-164
-172
-178
-124
