2000
4294
3937
4767
3533
2382
1166
893
-6070
-11005
-5770
-5223
-4340
-2205
-5035
-4048
795
-661
305
5539
4735
5150
4176
4438
4436
3046
3321
2032
556
-529
-1423
-1969
-3139
-4190
-4862
-6246
-8900
-9715
-8917
-7914
-7125
-11255
-8818
-6691
-9111
-8280
-9619
-7412
-3035
-898
2619
2776
2748
4588
3013
4075
4340
2848
3572
-2463
-2550
1276
1890
2513
1451
2451
1695
4086
5538
4945
3836
7403
6012
2725
7523
7286
8169
6073
5604
5482
5603
6249
5136
5287
3930
3138
1904
-607
223
-959
-1039
-1680
-3227
-1228
-5108
-4579
-4770
-7357
-4070
-5736
-5499
-5869
-7099
-8619
-5880
-5415
-6686
-4241
-2721
-4242
-9871
-4657
-3166
-981
1456
726
1197
467
5012
1885
3739
6918
5927
4328
6960
11441
12040
12695
12403
10132
9847
10547
9575
11311
11118
8406
2655
4547
3912
3849
4376
3679
2668
-1463
1630
-1289
-1788
-1391
-1833
677
689
-1355
-2080
-3312
-2967
-1947
-1772
-1981
-3704
-4086
-7858
-10997
-14025
-11182
-10438
-13194
-15091
-13132
-14225
-12357
-9954
-4662
-5651
-11154
-3966
-1652
1003
3210
5204
5016
4142
4451
5080
5845
6205
8037
6682
9512
7034
5262
6700
7523
6805
6211
8230
6581
4040
5038
3989
283
805
2143
2176
2044
3021
5327
3511
2867
4715
4162
4640
656
-4834
-3001
-1729
-3309
-4518
-6953
-7468
-6250
-6274
-8546
-10474
-11660
-10735
-11312
-13097
-8916
-9039
-11964
-7627
-5502
-7366
-699
-366
-921
1545
-3207
656
1949
2361
3746
3994
3595
2721
6253
5077
4961
7364
6395
8324
8149
6739
7556
6612
7711
8098
8029
8379
8636
8328
10118
2899
-2736
2387
2383
4810
3344
1830
1999
1468
1240
-2402
-4321
-6462
-7574
-7937
-8199
-6116
-4763
-2721
-6608
-5982
875
-1987
-2224
-1932
-2373
-4189
-4599
-5308
-8271
-6357
-7664
-9559
-10077
-8624
-4847
-5053
-3360
-590
-6166
-434
2752
3732
8175
5190
7358
5779
7638
7685
6529
6060
2054
5984
6819
4239
3653
3253
2413
4698
5751
3920
4769
3834
2
-2845
-3288
-3999
-4394
-3659
-3869
-699
2747
-311
516
5423
5919
3564
2291
1359
1437
-604
-431
3051
1583
-351
134
581
-2987
-3357
-4557
-6291
-5099
-3321
-5384
-5386
-3926
-4432
-3218
-3406
-1284
-1403
2500
-5937
-5891
1328
631
6476
4096
3880
4187
3982
4493
4184
3044
3042
3002
1701
249
-458
74
-1
160
2616
7750
4043
-1001
2929
5027
-788
3259
4440
414
3951
4405
1017
1018
4912
3310
2844
2140
2174
1987
2098
2156
1885
206
-1003
43
-1943
-141
-3120
-1846
-4737
-10036
-5108
-6416
-7492
-7931
-10721
-12118
-11133
-11037
-10282
-6955
-6406
-4649
-9220
-9353
-6432
-7427
-3906
-3298
-1892
-2674
-53
-168
3344
8905
1478
5221
9261
7415
6277
7000
8597
4008
5136
8673
6168
6237
6729
1763
1817
4544
6262
5997
5225
7222
7250
7315
8173
6835
8693
3631
-3559
440
-70
390
-213
-811
-1312
-2770
-3269
-6930
-8060
-9110
-9350
-9478
-9928
-9076
-10805
-13282
-13148
-15197
-15214
-13012
-10473
-9602
-8354
-6844
-7791
-5175
-2288
2791
5096
3868
6212
8664
8225
5177
8251
10334
10044
11980
11291
11210
12743
12588
11459
12594
13826
13275
15295
10456
-34
2751
4789
4071
6450
5493
4018
3109
6109
4869
2067
2959
1073
1460
-1228
-4879
-5986
-8300
-8900
-10419
-11145
-11457
-12843
-15912
-14398
-13989
-12478
-14151
-13933
-12793
-19473
-12747
-11093
-12994
-8196
-4992
-4099
-5126
-4395
-2891
1895
3817
7475
8632
9775
9705
9897
10615
13557
14913
16835
10851
5853
12013
10657
11228
9721
9010
9315
9912
10376
9650
8575
3610
3234
1703
1066
-540
-2023
-2822
-4837
-4514
-7004
-6808
-7585
-7428
-6852
-8076
-8102
-8006
-8453
-7494
-10548
-12702
-4374
-5681
-7746
-7556
-5448
-4525
-8405
-5962
-7176
-4654
-2379
-2151
-2290
-3047
-2094
-2067
2257
-3568
-6940
1109
2149
2640
4583
5254
3927
7572
9561
10617
11708
11895
11560
9729
9942
9472
9270
8962
6941
4604
4301
1850
268
-2311
-6254
-6332
-7138
-3914
-4104
-8265
-4819
-3493
-3987
-1360
-4570
-2232
2332
812
-83
81
821
-469
-330
2964
2467
3874
3281
3589
3189
1836
-161
-9627
-5693
-4731
-7671
-6168
-8317
-8192
-7445
-3545
-3199
-1459
-2568
-6529
909
1135
2164
2874
433
649
829
2134
1855
3267
1510
609
-857
-2011
-1976
-1065
-1722
-1104
-3600
-3283
-341
1504
-930
-6101
1847
3637
5298
4854
4371
5655
7440
10160
7876
8103
9179
9648
10991
8401
1984
5916
5502
5242
4155
731
-450
-528
-555
-1785
-1093
-3580
-4667
-6531
-8888
-9219
-8837
-10943
-11778
-12128
-9342
-7046
-6917
-7121
-13262
-10354
-7485
-7420
-6414
-5248
-7075
-5093
-2948
-3229
-1129
-2113
3302
5014
616
4347
11984
11706
10483
9878
9835
9430
10815
11213
10421
12641
6989
5815
9455
9905
9439
7321
6779
6319
6380
6916
5119
2397
247
252
301
-269
-831
-2010
-2263
-4182
-4814
-4749
-7969
-9584
-10097
-12548
-12875
-13757
-16471
-18277
-20046
-20559
-14835
-14050
-12972
-11674
-12612
-9958
-8066
-669
2405
-2713
4224
10160
8697
11554
13148
14483
16575
19074
20320
13026
13419
17592
14302
16664
14681
13825
14076
14072
12068
8078
5421
5543
6565
3075
4095
3121
5164
4732
3784
4081
1365
495
-1376
-1871
-3960
-5898
-8849
-10908
-13681
-14209
-16461
-13869
-14314
-15123
-13602
-16181
-17164
-19565
-16922
-15088
-14497
-12016
-12653
-12161
-2465
-1872
-1129
-164
-4250
3149
562
1647
9518
9417
10263
11654
11431
10934
12941
11538
11275
11895
11290
11252
13111
12337
10926
8751
8544
7191
5005
5675
1127
923
1547
3322
1261
-2242
-4491
-5993
-7472
-7987
-7794
-8941
-8062
-10851
-10224
-9739
-9389
-9286
-7577
-7419
-4890
-5570
-6902
-9313
-9943
-867
-3652
-1169
-4176
-8847
-4740
-5090
-2832
-3788
-1395
428
1136
4744
4114
-1882
319
5135
3804
5605
5423
7729
8764
9563
9988
9773
9752
9738
10171
8732
8373
7379
7639
5060
4615
3454
1536
1702
1733
-2086
-5111
-1539
-3659
-3712
-4153
-2723
-3506
-3188
-4316
-3308
2357
1353
24
-3631
6349
4390
-4446
1045
3666
4385
4411
3748
1496
1031
-1035
-427
-1749
-2212
-2475
-6413
-5986
-7246
-7152
-8445
-5932
-5343
-2441
-3757
-8824
-6992
-4315
-3040
-959
-600
-3717
-560
1650
2964
2167
4177
2522
2150
260
-1943
-2030
-2153
-339
-743
789
34
1553
2953
6575
7317
7503
2118
970
5819
4525
8082
4378
5984
5999
5215
6986
4730
5166
3414
4967
5405
4374
3054
1819
1737
-104
-2689
-4180
-4955
-6105
-7947
-7750
-6951
-9491
-10636
-11809
-12244
-9917
-8551
-9857
-8687
-6692
-10223
-8063
-6081
-6418
-4582
-4209
-3664
-3173
-3494
-2684
-1477
1470
5276
6283
8583
11002
12739
133
2293
15299
11951
12380
14195
13619
11096
9267
9352
10400
10526
8225
7620
5291
3971
4019
1642
3492
2773
1165
574
-2884
-3693
-5859
-7430
-7634
-11714
-11013
-10222
-11828
-11117
-12781
-9252
-9542
-13098
-14339
-17139
-16940
-16454
-16854
-16970
-15219
-12060
-10643
-6341
-10391
-8503
-2564
-3102
-1023
-240
2886
1835
12435
12066
9321
13924
14208
17614
15648
14606
14110
12748
14666
16348
15434
15337
13791
13674
12164
10024
5831
4110
2929
1121
1409
-228
222
-2358
-1142
-2345
-1643
-1676
-2955
-3234
-6376
-6058
-8216
-9965
-10403
-10309
-10367
-10935
-10659
-10127
-8920
-10041
-9725
-10483
-8215
-10306
-13606
-8123
-5561
-3926
-7072
716
7791
2587
3176
6051
7878
9111
10870
12309
13019
13876
13489
14115
13809
13417
14392
13793
13293
11805
9652
8513
5678
3470
5149
4932
3544
4167
-214
-3041
-561
-1762
-1835
-2237
-2461
-2441
-4503
-5329
-4438
-4376
-4499
-3019
-3021
-3011
-4468
-9748
-13807
-12208
-8018
-8391
-4481
-3350
-9084
-10240
-3981
-2604
-5669
-4502
-5310
-1934
-2170
-2757
-2309
-1171
-336
2800
3127
-2874
5230
3392
4201
8906
6548
6362
2745
2794
3601
3797
4243
3839
4417
4649
5640
4391
4601
4759
2280
2597
798
871
-577
-465
-1635
-2929
-1819
-715
-1150
-9443
-9625
-5204
-6055
-5794
-4688
-2540
469
-107
-4456
-1735
886
-1279
-1791
-651
-186
-1805
-2211
-3117
-2994
-3892
-4708
-2725
-3912
-6787
-7473
-6367
-7586
-8276
-7231
-6493
-2847
-7240
-11568
-414
49
1708
4654
1599
4598
5307
4483
4040
6416
7536
9304
6545
5354
5358
4898
4528
380
4485
4767
2353
3552
1871
2458
1162
1989
6241
2114
42
6554
9182
6523
7195
6423
6534
5037
5656
5066
2790
3777
3538
3372
1053
289
-346
-3615
-6553
-4681
-4805
-5292
-4995
-6562
-7430
-7858
-9662
-10393
-10034
-8044
-5838
-6383
-2031
-253
-7325
-5959
26
-223
4120
96
-4306
3475
2635
1651
2744
2083
3309
3932
2245
2292
3247
4548
7112
620
2712
13570
12565
10651
10203
7815
4768
4505
4363
4278
4304
4543
5908
3332
1526
-12
-257
766
-859
-1935
-547
-2600
-5362
-3826
-4021
-3102
-3038
-3706
-4680
-6022
-7546
-6890
-5539
-7020
-7327
-5996
-10845
-10422
-7463
-10969
-3636
-3545
-10640
-9800
-4827
-5493
-4392
-2666
-2853
1355
7318
5763
4801
12044
14986
13402
11945
11836
11646
10878
8856
6907
7680
6995
5065
4793
3846
5025
2216
1281
2393
1502
1345
856
-1097
-1457
287
510
-1736
-2442
-1370
-2373
-1702
-3057
-4330
-4802
-3110
-8202
-10336
-6035
-8025
-7707
-9768
-11050
-9523
-10113
-10745
-11648
-12885
-12187
-11918
-11684
-5934
-5699
-3662
-6230
-8139
2259
4250
3113
6725
5253
5229
5867
6687
6489
5699
9523
8795
9803
7568
7225
6670
6985
9809
5352
4537
4040
4518
3881
3124
1286
2675
3847
5614
5268
6275
5933
-1524
2463
2689
2210
830
-1174
-1453
-3881
-3042
-4736
-5201
-6384
-5723
-7922
-10885
-10564
-9712
-5557
-2779
-6437
-9557
-2524
-2171
-4567
-3843
-3289
-1352
-2481
-101
-2609
-5345
-3215
-187
1211
2296
2672
4570
5348
7468
9499
7663
9528
7906
8554
7737
7880
8698
7601
8994
10236
11447
2467
1939
4146
3624
50
-1348
329
-818
2310
-2167
-4323
-3507
-4567
-4962
-4559
-4530
-6145
-6068
-5104
-3343
-691
-4283
-9607
-6578
-2821
-4382
-3662
-1166
-3041
-3937
-3486
-3701
-5250
-4122
-3751
-6278
-5090
-3122
-3194
-1276
3017
834
-3451
-3901
3339
5505
3690
9031
8182
7608
7967
2648
9069
9252
6673
8780
5689
5617
4241
4015
4422
5240
4067
1014
-1317
-2106
-4335
-4336
-6489
-6918
-6294
-6114
-3303
1188
-5497
-4899
4119
132
-227
-2741
191
-1081
-705
-1074
-3275
941
-2043
-2800
-3791
-4131
-2689
-3839
-3979
-1991
502
-829
-1460
-3311
-3992
-5313
-3819
-3824
-10165
-3581
1629
-4647
-4587
508
2261
4782
2406
1195
2296
986
1943
1724
1562
1868
2106
2337
1391
807
262
-1038
-1521
-2225
4881
3065
-1963
2453
-65
3967
4656
5487
7211
4019
5164
4482
6296
4629
3682
2514
2844
6395
5749
5492
6643
2257
1514
703
-133
1195
-6400
-5340
-3735
-5796
-3564
-2523
-3619
-4541
-6167
-6127
-7276
-8550
-8832
-8965
-6065
-5583
-7245
-10870
-3077
-1794
-2418
-1878
-1542
199
1099
1151
4126
7452
1169
1011
7023
7686
9410
10098
9338
10488
8500
11684
8787
9504
7992
3418
6406
5085
8298
8793
5581
6386
6659
6654
6527
-2515
164
3795
60
-450
-890
176
701
420
-965
-3124
-6552
-6660
-8660
-9771
-10645
-11402
-10611
-10481
-11006
-13110
-13239
-16429
-17178
-14938
-13645
-12171
-12049
-14470
-12305
-6043
-6993
-3786
802
2626
2997
4094
4742
5746
7294
9277
10914
9823
10875
11810
9452
10257
10788
9995
12458
7061
5690
4278
3678
5211
3323
5936
4029
3986
3493
2455
2536
992
494
-1052
-1223
143
-1630
-2162
-3595
-4596
-5910
-8867
-9495
-10521
-11997
-10991
-11123
-13109
-13068
-15210
-13122
-10456
-10211
-12399
-8652
-4993
-7196
-4904
-1113
-2027
-3626
3460
5292
7655
8821
5218
6903
10134
9813
12149
10426
6494
12432
12464
14326
12786
10827
11815
10270
11643
9292
10384
7620
6367
2517
-52
3824
577
218
136
-221
-93
-2801
-2811
-4915
-4729
-5894
-6343
-6623
-9269
-8870
-10593
-10301
-9705
-8085
-6037
-10458
-11097
-3863
-5087
-5566
-2055
-389
-324
-520
250
-280
-614
672
4090
5577
657
-3044
-603
2232
7980
9165
10479
7747
7323
9804
7003
8121
7553
8886
6544
6834
4686
3446
4971
2805
3532
3492
1957
1295
222
-952
-5275
-9215
-7464
-8177
-9281
-9699
-7449
-9468
-9835
-5332
-2492
-5099
-7730
3908
2800
118
4753
3727
3463
210
753
1645
2437
2189
3231
1950
-2242
1185
-1448
-2893
-5418
-4458
-2318
-1038
-3954
-2860
-50
-489
1148
-9492
-6257
551
21
1302
1042
665
813
528
-1271
-452
349
2587
1545
-1633
-2317
-3374
-736
13
-1846
-3413
-926
-3782
-3821
130
-2739
-2354
-789
6908
7851
6672
9245
9057
10335
9680
9237
10597
2771
1829
6887
3265
4914
4430
3499
2535
3827
3646
2008
-1244
-3555
-2343
-3301
-3063
-5232
-5185
-5966
-7993
-9974
-11258
-10614
-8701
-6281
-6146
-11179
-8942
-4660
-4662
-6716
-8881
-5435
-3467
-4947
-5020
-3740
-2946
-997
-894
1893
4936
-2084
5469
12829
9343
10305
10760
14840
13155
15404
4102
3288
13448
8021
9718
9194
8497
9204
8010
7851
8254
8585
7986
4356
-110
658
-943
-2432
-2485
-4891
-5975
-7230
-6626
-6892
-8726
-8624
-10684
-11646
-12851
-14488
-16213
-20120
-17594
-19019
-18095
-11308
-12963
-8706
-14515
-14488
-6028
-6639
-256
5572
4856
2635
11888
12205
11704
14650
14401
11300
11953
18902
17810
16188
14032
15386
15032
12824
14377
12607
13113
7043
4784
8647
7723
7236
7976
6733
3154
3159
2779
915
-2299
-4045
-3218
-4772
-7171
-7346
-9358
-10036
-13140
-13428
-13965
-13880
-14806
-18186
-17803
-17563
-15419
-13988
-14937
-13790
-13109
-11665
-6387
-11112
-7110
403
-2895
-3090
-996
3062
7650
8708
9955
10158
10763
12751
13662
13999
13176
13617
10021
10703
10223
9395
11234
7219
9371
8034
6778
4636
4412
4128
-3112
-540
430
1482
2192
-3170
-2580
-1880
-6192
-7243
-7547
-10408
-10319
-11108
-11952
-11363
-13302
-10130
-8796
-8746
-6812
-7494
-5907
-4828
-4118
-4586
-1818
-4407
-2341
-110
-1110
-1451
-1966
-163
278
2735
5364
3980
120
3022
8918
9038
9908
8998
7762
10396
8365
9336
8769
8891
11212
9149
8460
6455
5741
6254
4191
1966
2995
1304
1448
-1766
-1763
-6776
-10632
-5147
-8209
-6404
-6019
-8178
-4980
-4575
-4687
-5085
-4655
-1046
2490
1850
-5820
3994
8362
1835
4816
2997
1223
-764
-25
-125
-1697
-1614
-2255
-1301
-2959
-2995
-2108
-2206
-4535
-5410
-6285
-4500
-5012
-6541
553
-2346
-1819
-100
-1926
-1585
-172
688
-1237
-1040
-1270
1646
1448
241
-286
-115
205
19
-289
-1655
1080
1999
1038
-796
-5405
271
-1261
-2499
3862
462
6439
10724
7427
8051
9290
9843
7381
7662
7879
6532
5926
4874
3727
1698
2070
1727
1277
-895
-3053
-4426
-7941
-6272
-6560
-8584
-8173
-10943
-11481
-13422
-12196
-11371
-10569
-10885
-10479
-6204
-2894
453
-1044
-2079
-2235
76
1241
1516
2399
2921
5473
5475
9114
5449
1422
8892
11414
6698
7070
16002
13166
15646
14688
6820
12186
12452
12216
10059
9792
7576
6175
7300
3689
4325
4078
2661
607
-1230
-2334
-3994
-5583
-5947
-8394
-11658
-10482
-10297
-11154
-12919
-12687
-14933
-15069
-14223
-16135
-15744
-16004
-14469
-13704
-12339
-12752
-8208
-9986
-10591
-3668
-3013
-5880
-2951
3019
1702
4652
7909
10766
8432
9564
18250
17187
14620
16631
18202
15020
14332
15262
15019
13042
12018
15797
6509
4360
8730
5721
6865
3598
913
-1310
-1149
-1943
-1556
-1585
-4175
-4450
-5476
-5702
-6818
-7681
-7874
-8380
-10431
-10638
-10860
-11846
-10361
-9857
-9312
-9861
-12160
-12688
-19027
-18019
-12287
-12469
-11040
-8998
-7340
-1510
-2478
-11199
1419
5347
5780
9921
8630
9903
7876
10377
10543
11843
10914
11439
13196
11342
9520
9453
8143
8166
6774
3699
2408
2682
4819
-317
1687
3366
1692
600
-242
1686
-259
199
1226
-977
-1994
-2156
-3659
-3359
-3313
-2839
-6493
-8655
-5039
-5951
-6377
-6638
-8257
-8145
-7309
-8129
-3956
-5050
-10178
-4853
-1275
-3053
-2726
-2712
-352
-668
870
3796
-3024
2643
8000
6375
11051
8002
8651
8855
9729
8127
5333
9539
8442
8282
9206
7888
7405
6965
10067
7383
4800
4824
5084
5511
3177
5283
3645
5608
3675
-3289
-1390
-946
-1352
-1338
-2704
-2404
-3359
-2666
-1862
-5132
-3962
-2324
-1993
-6181
1607
2897
-1975
-2113
-3921
-3948
-5263
-2555
-4482
-5580
-7686
-7785
-7280
-6127
-8525
-8630
-7258
-6433
-4086
-6989
-8520
-3069
-2989
-1189
5300
3688
3808
3544
4256
4087
4980
6735
8013
8186
10013
7938
1349
4645
4219
4622
2694
1181
105
-2105
-1341
-1608
-966
-2502
296
-225
-1829
1761
-3248
-1927
6400
5705
2526
2951
2487
630
-1499
-2501
-1429
-2948
-3960
-3337
-3931
-6563
-5168
-5717
-7034
-6955
-9550
-11380
-11418
-8765
-10325
-9252
-9986
-7327
-6231
-4269
-1742
-3917
3353
5136
6287
3329
3741
6340
2339
5430
6423
5413
4521
4485
2589
1692
2356
2649
4677
4806
7589
7269
9755
3771
401
6145
3273
7133
6833
5314
4451
2796
1741
1959
1841
831
-797
-1806
-2725
-3050
-1558
-3794
-5940
-6560
-2742
-6064
-6979
-6760
-7419
-5772
-6774
-4939
-4258
-6396
-5149
-11420
-12971
-7577
-8032
-7489
-6079
-4154
-3875
-3893
-6701
-7712
-1701
466
-87
-570
-554
514
1525
4854
7553
10424
9810
2065
9099
13059
8739
9322
9247
9764
9822
5761
5673
3717
878
6285
4680
5019
5379
4342
3215
2579
3506
1726
205
318
-576
1267
2595
1747
432
1545
-1533
-6694
-1670
-1564
-3802
-3993
-5881
-6995
-7661
-7841
-7916
-8553
-8455
-9970
-11186
-10405
-12208
-10853
-10418
-8655
-4283
-6651
-3657
-4246
-4453
6046
6727
5717
6351
6131
5569
7163
9269
8932
11895
10246
9368
8240
4500
5023
8782
9433
7511
8526
4430
5936
7171
6938
5967
5379
5367
-1765
1319
4975
1494
1346
-67
-180
581
248
-338
-1607
-3064
-4176
-5799
-5481
-6643
-11160
-11463
-13092
-14213
-13813
-14372
-13327
-14158
-8794
-7696
-10674
-8743
-2803
-3169
-5362
-3140
-2385
-5377
-4657
-488
2056
4558
2363
4086
8971
7572
8018
9698
10179
10223
12518
12269
11630
11977
10903
6017
5399
8376
6631
7029
4033
-454
2147
3684
2876
2172
-55
-1787
-3619
-3811
-5595
-5823
-4291
-5832
-5982
-7965
-8037
-8929
-7938
-6098
-7306
-3645
-4069
-8914
-5902
-2824
-4155
-3024
-2902
-3079
-2429
-3230
-3638
-5104
-3669
-170
-1805
795
2059
4203
4246
-529
3695
8040
10971
9604
6474
10085
11682
9997
11141
12157
11447
12451
12447
9335
7643
6131
6813
6753
7002
7472
5370
3013
-3375
-3781
-1554
-1511
-4218
-5264
-3583
-7854
-8366
-10948
-7586
-4375
-10138
-10394
-3791
688
-1168
-136
-1954
-1229
-2209
-2209
824
-400
-1297
-2011
-2741
-3784
-2132
-1553
977
2519
-13
-4763
-3584
-1836
-3090
-1129
801
1688
-2502
-218
2351
2804
3710
2768
4140
2135
3492
2075
1180
2315
125
850
668
336
-546
-1546
-4241
-2743
-3374
-3494
-5188
-6714
-2311
-8574
-3050
3227
1192
2462
2622
-86
-843
2024
830
1411
1367
2686
3812
2766
3038
3917
6057
3104
-2518
-197
717
2671
2853
87
419
-2014
-3626
-4848
-5747
-7200
-7841
-7477
-6627
-4442
-3582
-3882
-2854
-6359
-6445
-3661
-4286
-2658
-3763
-3044
-2225
-1381
-1642
-3493
-3419
-2084
-1284
531
1183
-561
5016
8531
7260
9169
7667
9907
9277
7658
7509
8387
7198
5343
8038
7804
8128
3061
5723
10962
7453
7803
6127
4212
4264
3727
2762
2322
-845
21
-681
-3659
-5753
-6400
-7534
-9413
-10230
-10941
-11415
-13031
-12627
-15698
-16403
-15948
-16592
-15932
-17023
-13930
-15278
-14810
-8415
-8114
-1291
425
-6706
965
6297
5487
9535
10668
13667
15783
15557
14413
13758
15032
14955
12439
8046
10986
11769
9786
9603
9378
10250
9119
7993
5181
6094
3647
2588
2050
-418
1202
57
-677
-1778
-2399
-3379
-3167
-4247
-5183
-5782
-7012
-10987
-12144
-13118
-15164
-12379
-15313
-14687
-15512
-16937
-14631
-16310
-18500
-11372
-7190
-10617
-1065
2745
542
1545
4959
10425
10135
10804
13230
14641
9520
12105
15356
13514
14229
15241
14713
14493
16002
12979
12134
12575
11277
10369
9419
6674
4668
1364
1613
1674
867
943
635
-990
-1085
-1371
-3650
-3557
-7111
-10783
-12439
-11612
-9927
-10875
-11218
-11493
-12210
-12233
-12974
-9591
-4619
-4908
-9420
-6030
-2000
-4131
-3170
-4611
-2421
-1612
-587
-3858
-2963
3742
3156
-1051
1155
6383
8052
10401
9997
9742
9800
12704
10909
11999
12185
9921
9815
7265
7206
5183
3549
2713
2753
1421
649
-1177
-387
-5055
-10605
-7043
-8604
-5402
-7920
-9950
-10074
-11015
-8933
-11117
-7920
-4953
-3693
-2524
492
-4136
-6206
854
1009
726
988
3854
3289
1262
3729
2698
2057
195
-1083
-1158
-2832
-1664
-2289
-686
-69
-200
2921
1424
-3971
-2953
3878
3597
3267
1880
1382
2194
2570
2705
874
180
673
2618
427
1446
547
-1776
-551
-1015
-1142
-2317
-4044
-1328
-1930
-8039
-3108
2201
2341
6324
-512
-274
7201
6507
6463
3630
6563
10195
6999
7939
7771
6083
7252
7709
6276
4888
4271
3605
212
-930
-920
-5183
-5642
-4743
-5221
-6506
-7741
-7846
-6820
-5523
-7120
-7970
-6584
-12199
-9348
-5253
-6550
1226
904
-841
-335
-1079
-2930
-7160
-2957
-3790
-4068
-1597
-2809
-1318
-588
2928
6691
8703
6853
7282
8688
7351
5522
7607
12221
8254
6049
8158
10312
9918
7712
6256
5609
3610
4100
3532
2387
2430
1389
2679
923
-3062
-3972
-3653
-3573
-3986
-7306
-8031
-10746
-13953
-14310
-15249
-11938
-17002
-16093
-14932
-14758
-14156
-11174
-7654
-11583
-5340
-5288
-4434
-3113
-3582
-2814
-916
1746
7287
4945
-2371
5791
12984
11521
9124
10609
11463
14731
15998
12509
10170
11031
13616
7887
4677
7521
5685
5433
5495
3739
2262
763
279
-324
1507
1701
842
-1645
-2000
-4439
-8195
-4325
-7151
-9817
-7524
-9979
-8681
-11671
-13020
-10578
-12249
-10906
-9905
-10872
-10708
-11429
-14411
-14255
-12229
-8744
-11647
-10725
-1211
498
263
4808
9834
6819
6935
9364
12004
12357
12882
12186
9426
10772
11887
14252
13778
13796
12613
10091
8556
6339
6414
8711
7098
963
3017
2612
-1065
-1879
-84
144
-2580
46
-701
-2575
-5256
-5958
-6067
-5152
-3218
-2229
-4631
-5228
-4462
-5398
-5130
-6548
-8530
-13262
-10606
-7499
-5582
-3173
-5296
-10696
-6040
-4746
-4863
-982
1119
4509
123
5228
5545
5258
7261
7357
9182
8053
8911
8971
10648
8335
8210
10182
8374
7237
5069
1980
692
4908
3800
1726
4010
1626
864
-3676
-3339
-1023
-2531
-3042
-4129
-3774
-3873
-2634
-2117
-2376
-1300
-867
-6393
-7192
-5103
-7879
-6302
-5569
-4458
-331
-3071
-6162
-485
-60
-3540
-4372
-2909
-3078
-5395
-5975
-4964
-4707
-5212
-2290
-903
-3076
-3456
-5665
-5381
570
-2581
-1501
1310
64
8048
5112
4808
6223
5210
6405
3612
7076
7353
7084
7205
6404
5140
6266
4985
5018
4455
4135
3703
-5675
-1094
1301
-1041
96
-1368
-619
1250
1912
3566
5449
-1415
2573
7650
5490
4442
4656
3528
-187
1534
667
91
724
-549
-677
-1411
-4305
-4077
-8001
-10019
-11438
-11985
-8650
-8183
-7002
-5565
-6007
-9353
-5264
-3165
1173
3458
1648
2609
4104
5320
3070
4799
3369
6250
9162
3627
136
2686
2357
284
154
-126
-285
1299
-933
6
-22
-1492
1443
-3605
3785
7417
4879
5507
4093
6236
4371
5276
4824
4309
2985
4564
4134
-905
-2664
-4264
-2515
-4073
-4781
-5526
-7797
-7590
-5008
-8796
-9453
-4639
-8117
-7016
-7492
-8702
-5747
-4690
-5849
-6734
-8581
-4526
-4424
-4219
433
2814
4811
3387
3382
4806
4271
3144
4603
3797
4764
5823
8760
6974
1492
9490
12664
9341
8987
9411
8926
6346
4279
7659
7315
7052
4830
5479
5260
3029
5126
54
617
-676
-3156
-1810
-2267
-2371
-441
-870
-3386
-2489
-3039
-5621
-6681
-7214
-7595
-7222
-7641
-11138
-12230
-9310
-9556
-12000
-12248
-9252
-9370
-10647
-11304
-13814
-8857
-6264
-6131
-3319
-2313
1721
4786
6072
4314
10532
13021
11134
9190
7795
8467
8830
9479
5931
8267
5126
5945
7158
5651
8014
4995
5243
5470
3332
3066
5702
3026
-219
1764
994
1759
1509
-98
-574
-446
-106
-4655
-4971
-1051
-2557
-4935
-4246
-5515
-7207
-9578
-12064
-13623
-15914
-16249
-17107
-16747
-17548
-14950
-11259
-8468
-2502
-7562
-7415
-2520
3974
3268
1522
5127
5728
5737
7892
9312
9163
9223
6007
8471
8414
10861
10217
9203
9524
11897
12239
7454
7702
5783
6611
5291
8545
4133
1946
9920
1173
520
5275
3567
2230
863
1546
777
-1676
-3387
-5173
-7521
-8224
-10492
-11581
-13630
-10417
-10875
-11079
-10820
-12058
-10099
-10394
-15255
-14019
-8747
-10004
-11856
-12387
-6705
-6890
-3056
-4899
-6590
312
2065
2430
4494
3359
6132
12793
10043
9891
10272
9716
9189
10314
10462
10783
12865
10600
4230
7227
9184
7388
6226
6276
7258
5956
7535
-94
-65
2311
-1044
241
102
-1699
-2396
-5512
-6441
-5614
-5475
-4902
-5232
-3074
-3389
-5666
-4529
329
-4484
-6219
-2636
-3335
-2474
-5149
-7058
-6630
-9152
-7923
-9709
-6925
-2256
-3121
-1227
-286
-2141
-2634
3495
6318
8214
9299
11709
8966
7046
13354
11877
11209
9716
9603
10303
9662
9511
8026
7512
6794
6444
6013
5208
4812
4050
1453
1836
-1898
-5925
-4452
-5351
-4464
-4361
-3178
-2367
-6124
-3248
2237
2009
-564
-1255
1579
272
-618
-2376
-4990
-2165
-1548
-2975
-4334
-4381
-2867
-3535
-2906
-5753
-6916
-6421
-6752
-8692
-7775
-4563
-1205
-4411
-8295
-10
-493
2065
4391
2469
3241
4295
8270
6440
6504
6577
5494
3229
1455
1250
1008
-328
-909
-1025
-615
1054
-1121
2084
5354
-1107
-918
4421
3879
1805
3079
5258
4696
619
3432
3599
4357
4647
3208
2039
243
3066
1807
-187
-792
-354
-4803
-8639
-5450
-2434
-2520
-4654
-6386
-9562
-9552
-10558
-11344
-10742
-11263
-7010
-6180
-5896
-8908
-10713
-2263
-1186
-61
154
-668
-1154
-1693
-749
404
-1232
-1446
-636
268
3848
2268
-677
2560
9991
11460
7887
10048
13100
11515
10446
7845
4807
9293
9063
8940
11127
7372
8402
9063
6647
5823
6089
6469
3807
3230
-1619
-2639
-1251
-952
-1950
-4824
-6033
-8526
-9346
-9022
-8101
-10384
-12490
-12415
-11821
-11336
-11257
-10891
-11901
-10581
-9611
-10342
-14718
-10747
-7053
-3607
2423
2892
4120
-1212
4372
8837
4548
8012
9423
11282
10130
11844
12376
12271
12652
12662
13163
13296
11797
6665
7536
9605
6154
2689
9065
9346
6433
6832
4853
3056
901
-195
-1927
-3019
-2456
-2896
-4791
-5815
-7243
-8950
-8778
-9179
-10202
-11147
-12565
-14828
-17598
-19058
-19815
-20197
-17045
-17742
-17266
-14050
-10591
-6937
-5775
-8131
-386
2244
424
7111
6918
7183
9279
11018
14171
15839
17205
12556
9909
13692
13493
13220
13682
12909
13797
13462
11773
10405
8983
10030
10589
8314
7242
1769
840
1584
92
-557
-3348
-2520
-6031
-6407
-7711
-10364
-9694
-13280
-14496
-13652
-15740
-15343
-13339
-15501
-16197
-16888
-15465
-10891
-6618
-10146
-12809
-5839
-5291
-7982
-6101
-2796
34
-369
457
5012
2125
-3839
491
7191
9547
11150
10369
9855
10546
9781
10015
10828
11917
13607
12456
10507
8561
6063
6495
5107
3606
3575
5478
5493
2479
314
-3070
-7227
-7101
-4345
-6642
-5412
-5225
-7262
-8120
-10586
-10675
-11913
-12632
-12475
-9175
-4729
-1458
-8946
-7178
2693
-409
2151
1909
4580
1473
-1863
2628
590
2980
24
-517
-136
-2082
-313
-380
716
4109
3562
-310
3538
3308
6553
9400
7692
8265
9433
10066
8402
8264
6854
5712
4838
2853
1761
4227
2588
2252
3674
374
40
-293
-1666
-2586
-6220
-3628
-1776
-2767
1056
572
3382
-2111
463
9794
5219
6820
4806
425
4123
6918
5913
4398
3529
4454
4105
2030
2897
-761
-559
-892
-2120
-4187
-6472
-6528
-6905
-7973
-7366
-6811
-7592
-5401
-3470
-10268
-9110
-3230
-7809
-3514
-1698
-4243
-1460
-467
-1708
-1267
-1265
198
-3051
-2660
366
-368
20
-303
750
1987
3938
4841
8521
1036
2645
4990
2124
8736
9380
9550
8644
8202
7332
6190
5627
5767
6560
4947
3304
2695
887
-227
-942
-3163
-3444
-3588
-2138
-2772
-3115
-5216
-8435
-9040
-11832
-13578
-13580
-14856
-17237
-13219
-12156
-10608
-7855
-10048
-14465
-13125
-5002
-5569
-4302
-3213
-3168
-1537
-1440
1794
1214
3341
7470
11546
2170
4484
18717
11102
11483
10686
10685
11546
9419
10894
10081
9488
8285
9811
8703
8304
8017
5900
5351
4516
3191
2227
869
-211
-772
-1849
-2426
-3275
-6678
-5727
-6837
-8626
-8651
-10676
-10306
-11889
-9839
-12416
-12017
-10860
-10557
-10922
-11830
-9977
-12913
-10423
-8532
-4442
-9149
-7972
-2518
-3562
4999
8414
4866
9404
16080
13074
13150
16058
16688
15279
15533
15810
14797
13015
12288
12874
11390
10809
13242
12699
11555
7897
1682
3457
2332
2863
-1509
-5121
-4207
-6513
-4380
-4473
-5754
-6399
-7900
-5934
-4967
-8117
-6034
-3148
-5615
-8496
-9865
-10478
-12654
-11983
-13001
-12658
-9363
-8783
-11151
-10654
-6051
-5272
-8258
-10748
-1433
-688
1414
-2979
-4377
5630
3691
6913
8057
9374
11210
9982
10169
10522
11218
12146
11512
10562
10314
9432
7672
3311
4325
2219
653
5364
2049
4545
2257
-3883
136
-2471
-566
798
-2310
-3226
-3180
-4708
-4629
-3566
-5624
-5164
-5911
-3936
-8439
-9875
-7073
-7410
-6135
-8020
-6162
-2246
-8372
-5915
1511
-4036
-3442
-3807
-3547
-3709
-6378
-3490
-1534
-2517
235
1671
-3346
-1915
3619
5596
7975
9315
5083
5903
5773
2296
4450
4541
4996
7619
6671
6530
6306
5097
6398
6284
6246
4357
3277
2097
1734
2268
-2821
-350
1903
-1308
-4875
-4700
-2747
-3447
-1983
-6288
-3423
1823
2780
-4009
-848
6624
361
1451
2672
3199
253
894
1665
1181
825
-1283
-347
-1111
-3559
-6322
-5748
-9133
-9682
-9282
-7601
-2276
-4481
-7346
-4508
-386
604
573
2328
4089
4849
5078
4401
3174
4436
4846
4347
5860
7827
8109
4597
1795
3056
2154
-1354
-776
-3583
-2632
-2961
-6931
-3495
3884
-2288
-3202
7967
4618
5996
3322
2424
3824
463
1791
-286
1473
-1594
-1918
-1072
990
-3546
-3252
-4619
-6598
336
-4453
-6339
-6326
-8378
-6948
-7822
-7471
-7482
-6233
-3291
-2891
-665
-2191
-4070
-3
-196
2804
5220
2258
-1862
300
4766
5434
5234
3360
2067
1142
1263
2245
5161
5394
9860
5606
-570
10370
9324
7943
7538
1229
492
3686
2853
4462
4912
3855
5153
2488
5860
878
3359
3110
-1363
-778
-3785
-3923
-7476
-7079
-4931
-4629
-1813
-2546
-1857
-1717
-3131
-4600
-6220
-6518
-7307
-10263
-13385
-10874
-10099
-8224
-4610
-7935
-11552
-10805
-6261
-4605
-2350
-3603
-3972
-2729
387
4618
8483
1924
2524
11062
7663
6734
7704
6986
7299
6102
8265
9294
7771
8735
4765
4907
2145
3972
5950
3885
7437
1196
-92
1578
2772
1984
2511
3775
2297
2178
1398
1525
1392
1869
-300
-3392
-3352
-3377
-5276
-7096
-8346
-11038
-9770
-10331
-9333
-8417
-10153
-11426
-11578
-11474
-9802
-8209
-6838
-3959
-8594
-1497
7353
2737
3978
5262
4360
8499
7056
6466
8365
7518
11811
8960
8148
9313
9637
11035
8288
6695
8835
9345
7957
4168
2250
7752
7362
9084
7527
6054
4589
831
2742
2732
2613
2665
922
-482
-260
-573
-2488
-4862
-6903
-8147
-7615
-9999
-10296
-8107
-9214
-11657
-11534
-11296
-8839
-6385
-15113
-8764
-4651
-8841
-6452
-4409
-5947
-3915
-8061
-5390
893
39
4697
2780
5068
3517
4091
7317
7950
8208
7052
9869
9040
7126
8785
8452
9216
7309
2029
4570
7505
5725
4939
-285
-832
2980
1292
-2206
-1060
-1904
-3093
-2577
-5514
-4191
-6073
-7126
-8643
-8360
-6927
-7604
-6997
-4628
-4596
-8794
-1546
-1447
-5397
-3452
-4604
-2593
-2559
-6498
-7701
-7047
-8273
-6247
-6386
-3789
-1364
-786
3490
153
-561
4060
6272
8853
8668
8806
6096
2687
6373
7501
8166
6342
8006
9115
8769
9235
6076
5906
4458
4986
5587
4917
3396
3466
-2969
-5569
-1705
-3008
-3300
-4383
-3849
-3836
-1421
129
-6668
-7166
4392
384
169
2500
1652
3303
632
3457
1625
2247
2366
1706
1480
-420
-1730
-2297
-1703
-1959
-3251
-4352
-3626
-6528
-6587
-1512
632
-1313
-1127
-5735
-4521
998
381
1325
509
1345
801
1021
3554
3887
2790
554
-767
-3222
-2535
-3589
-3919
-2829
-1306
-1846
-2301
3904
3277
-5288
-1903
6266
1225
-301
3137
2274
1934
1458
5827
5119
2841
3371
4120
2731
4298
5877
5283
4856
4779
4308
-2332
-1522
36
-508
-1620
-3239
-4990
-5495
-3328
-5046
-5366
-7548
-8454
-6944
-6395
-5302
-3936
-5020
-7412
-7907
-5783
-3546
-5605
-5083
-4921
-6191
-4675
-3637
-4461
-5038
-4351
2618
3222
1204
9676
7687
8572
7482
6490
11207
11071
8571
4614
6993
8844
12285
11721
8239
9031
9638
9570
5238
6591
8962
7741
6885
4581
4382
2424
-867
1135
-236
-1466
-1748
-4900
-6675
-6508
-6580
-10750
-11132
-12311
-13147
-14535
-18470
-17346
-18182
-18583
-16334
-14059
-13098
-13184
-11796
-10219
-6364
229
-2381
-6796
2985
1617
2142
7431
6169
7807
7534
11705
14775
14721
15212
14985
16603
15171
9750
9068
12856
13702
6431
6514
7270
5964
7664
5971
5146
5674
6041
4884
4214
3335
2101
-2095
-3573
-4294
-4356
-3811
-5608
-5349
-6198
-7101
-9794
-10731
-11917
-15683
-19766
-18892
-17204
-17748
-16409
-14518
-12165
-12332
-17262
-14568
-5628
-3838
-5958
-2545
-3892
-1165
5702
6859
8298
8996
11445
10608
12998
14409
14755
13221
10897
12030
10929
13979
13421
12768
13360
9392
10034
7749
8095
4879
1868
7083
3760
2330
1792
469
-203
272
-1590
-2092
-2217
-7422
-12176
-14371
-12925
-12543
-12086
-11377
-11108
-10590
-11314
-9926
-2940
-7865
-11109
-3143
-3020
-3540
-2695
-149
-209
-1884
2
-1925
-3045
311
2992
4958
3108
1179
5378
8081
9411
10326
8681
7408
9810
9143
10754
11280
9686
10631
7574
7537
6333
5736
4670
3203
3125
1421
878
2254
183
-5257
-5535
-4741
-2973
-4590
-7696
-8585
-8673
-8556
-9942
-6491
-5933
-1637
1529
-5494
-284
5967
1653
847
1905
2630
-673
-3668
1029
3645
3942
509
-2964
-3642
-1383
-679
-3349
-3868
-4799
-5043
-6112
-3711
-2914
-2358
-4063
-3409
2106
2754
2069
-335
1078
1097
1954
5303
4473
3086
1067
1728
3200
-275
1357
634
-390
-541
-4460
-2286
532
286
-3790
1393
5708
2071
-206
4089
7386
4778
6369
4181
4431
6768
6050
6398
5312
5054
6219
4254
1761
861
189
-1033
-2446
-2683
-2810
-2133
-3006
-4599
-5919
-6019
-9243
-10498
-7619
-9293
-9437
-10164
-8775
-10375
-10495
-11333
-12063
-8501
-6538
-2855
-2249
-1552
-1651
-4511
-5297
-1024
-679
-1992
-229
236
1937
7374
8700
6485
10457
15762
14816
12166
14668
12015
8058
10082
10533
8755
11171
9398
9709
9325
6661
9471
8856
7576
6316
5086
2460
987
-1397
-2003
-1802
-3353
-2339
-5651
-7191
-8212
-12596
-11763
-13836
-12365
-12618
-16401
-16676
-17990
-18515
-17910
-16561
-16411
-9795
-9853
-12885
-11759
-11539
-7917
-3353
-875
1460
7777
1133
-557
9834
11467
12755
16161
15123
17307
16860
17119
15293
15150
15589
14215
16376
14403
15805
9019
6842
10139
7148
7714
6466
4152
2532
2257
-994
-450
97
-1169
-2155
-6534
-4715
-5438
-6890
-6011
-9272
-8392
-9537
-11451
-12903
-14971
-11815
-16272
-15766
-14089
-16550
-15932
-14307
-13323
-10920
-8963
-8393
603
-4359
-4095
2817
-1049
-27
4119
7648
6360
7726
9821
9208
10581
13632
15053
14058
15546
14989
15375
14388
11209
9778
7642
7149
6985
7142
8135
5982
-2087
-3822
146
-3253
-2136
-3503
-4525
-3142
-5894
-7786
-5489
-2440
-4947
-5317
-5287
-5941
-4569
-5880
-6946
-9501
-10525
-11994
-11768
-5397
-4670
-2038
-9881
-6567
-956
-6076
-3141
-4032
-1326
-3717
-1799
1296
1183
2051
-183
727
4136
4241
5881
7430
5688
5882
6459
6179
4643
4253
4279
3360
2086
2387
3552
4178
3789
4285
6419
4657
1754
3859
6194
479
-2600
1345
-388
-1036
-1017
-1543
-2670
-810
-2457
-7299
-4688
-2592
-1846
891
1552
-1363
-2344
2687
4507
296
-328
-743
-2958
-2149
-1552
-1928
-2805
-3789
-3135
-5554
-6323
-4964
-6067
-2003
-3968
-7164
-6531
-4486
-4992
-6333
-867
163
1935
5110
1991
2326
264
-73
2622
3338
3728
4311
4224
2593
4354
5118
4811
6060
6826
3491
2193
4708
3136
1268
-5912
-1930
967
2380
2632
-3510
5030
5807
3518
4941
3441
2662
2149
2919
3690
3424
1473
1877
1699
-559
-3073
-2666
-994
-1607
-4908
-7047
-7338
-9375
-8210
-8310
-9088
-8836
-9753
-9827
-8239
-4570
-2489
-3749
-7174
-8076
-4465
-1101
1987
5195
5145
6399
4381
2997
4392
4871
5846
5085
3877
2838
6034
4990
6783
6764
455
7537
11700
9946
10359
8986
6038
5795
6040
5357
6793
6598
5985
4832
5743
4460
258
-1981
-2163
-3331
-3715
-4594
-5838
-2758
-3438
-2975
-7088
-6302
-4222
-6422
-4658
-6716
-6226
-6116
-7017
-8737
-8955
-8336
-8192
-10882
-12552
-8074
-5822
-4096
-8207
-11955
-5968
-3407
-639
1139
2330
3490
6283
2612
6768
13955
8638
12027
9249
9771
9297
9533
10668
8922
9070
7589
8273
5560
5968
-1680
-2100
2208
179
-161
-923
-683
-1081
-844
-868
-41
-3381
-4138
-3885
-5883
-4930
-3896
-4346
-2337
-1814
-3718
-6980
-8576
-6690
-8633
-9292
-11189
-12541
-13600
-13535
-13563
-15134
-13630
-13751
-12253
-7798
-1495
-2704
-4950
-2740
-54
4911
6668
7321
6291
5425
6491
9372
8992
8702
9498
9983
9705
10679
7833
7178
9240
8225
8410
4748
6374
10876
5992
1722
-2244
2668
6098
3575
5178
1892
3723
3487
-2908
265
1499
1323
1037
-2864
-3933
-4083
-3742
-5670
-7262
-8545
-8628
-7605
-6976
-6321
-5001
-591
-3636
-8456
-2777
-284
-3488
-1722
-3377
-893
-2777
-341
1271
-249
2219
83
-1018
-10
6105
4688
7216
9496
7559
6202
9304
12086
8685
10705
8089
8475
9820
8025
8462
8334
8449
3633
3683
7477
6605
3126
73
462
842
-2515
-3451
-5978
-6826
-4973
-4299
-4001
-4740
-4606
-5417
-4257
-7613
-2207
-5095
-6600
1942
-53
231
-2742
-189
-1915
-2988
-4212
-3066
-2191
-6412
-5474
-7186
-7635
-8360
-5777
-3806
-1537
-800
-1012
-2634
-3597
939
3074
5518
5032
5892
4167
1544
5727
4676
6187
6493
4412
5427
3505
3057
3555
2281
2905
2125
-1255
-360
-3446
-4199
-8303
-8667
-6363
-7001
-3443
1208
-6212
-4642
4679
764
3502
2093
2129
995
1249
2461
478
-11
-1971
-2773
-2942
-1738
-1319
-826
754
1499
-763
-2330
-4777
-3623
-3344
-3556
-4319
-7468
-9084
-6830
-3848
-3672
-2846
-7631
-5109
-66
-451
1532
2917
2202
2269
4078
2906
1619
598
-852
162
-30
-2997
-2198
-2467
-984
3280
5753
929
1851
9703
3221
-719
5261
7404
4290
6885
7088
5353
6876
4903
6015
6534
6619
5248
4500
7032
6688
6288
5574
5392
4466
62
-216
1036
-1173
52
-2561
-6352
-4296
-5451
-6521
-6145
-7890
-8121
-9889
-8011
-7427
-7552
-3841
-6824
-10704
-7452
-5619
-6092
-4081
-4849
-2828
1220
2194
176
-2859
-1076
4408
8828
7101
6757
7637
6045
4481
6599
9626
5992
7289
8411
6297
2296
3859
4881
5244
9926
8349
8579
3310
1535
2900
1985
2098
1401
-1098
-203
-494
-2380
-2335
-3993
-4981
-5217
-4681
-7457
-10336
-9961
-12141
-10847
-12225
-13392
-14899
-15885
-15716
-15395
-16877
-15238
-13867
-13808
-8996
-7476
-12438
-7676
797
168
2756
4110
8036
8526
9944
11787
12990
15038
13041
12921
10331
10079
10452
10181
9808
7786
10607
12637
11637
11504
6711
4452
7177
7548
6010
4042
-52
264
301
-905
-774
-1957
-411
-503
-4136
-5229
-6702
-7723
-7968
-10679
-8843
-9987
-9861
-13740
-15043
-12363
-12726
-9965
-8793
-12365
-7622
-2536
-7980
-3192
-2640
-4109
-2286
-469
592
-1518
4700
8501
9727
11599
11732
11512
5571
8709
11420
9636
10877
9708
9930
8577
6727
6766
6680
6249
7310
5988
3859
3263
1503
1186
-32
-2603
-2121
263
-1393
-1622
-2256
-3939
-5221
-5679
-7871
-8269
-7695
-10713
-9583
-10159
-8869
-5262
-8512
-9345
-3479
-164
-536
872
2249
1390
-1620
-1609
-849
-352
834
-432
-1397
-4050
-3535
-306
-408
1388
2532
-203
-2946
2196
5667
3891
5766
7786
7592
8490
7536
7823
7088
6098
5969
3009
4054
4823
2765
2095
2398
1884
-1564
-5786
-5505
-5562
-1893
-6594
-6543
-2749
-4266
-7011
-4017
559
-7816
-1013
6302
4196
6305
4714
2602
3092
4203
6335
5189
3814
264
2222
4611
580
-1421
-2875
-2433
-3257
-3352
-3383
-5058
-4711
-6527
-7214
-6716
-6731
-5502
-5232
-5995
-8887
-4641
1909
656
2376
1639
608
685
-2991
-2857
-4182
-3896
-145
-2073
-1364
-1615
-2378
-1181
-92
283
139
5092
5707
-1505
4715
7838
1940
5643
8114
8636
7807
5236
2717
5985
8426
7746
8043
6456
5378
6120
5769
6235
5015
1706
2048
293
416
-1669
-3326
-878
-2901
-5820
-9115
-8608
-7935
-9348
-10584
-11781
-12660
-12418
-10417
-12669
-10780
-9421
-13646
-7816
-4027
-4111
-4975
-4949
-1125
-50
1513
3780
8419
7081
1901
8002
12915
11186
10295
13386
10369
7608
11728
12451
12918
13050
14975
10783
8622
9825
7902
8558
6375
4883
5018
3929
1820
2644
1396
-1382
-1826
-1409
177
-1596
-2984
-3902
-5954
-7660
-8713
-12063
-10513
-8754
-12962
-13330
-15312
-14036
-18274
-18155
-15380
-15482
-13312
-13227
-8911
-7489
-5283
-5609
-2634
-235
-3325
6692
9841
4133
6602
13248
14801
14670
15274
14784
14310
13490
12743
12572
11875
11487
11351
9647
9860
10121
8091
6583
6594
2116
63
2274
936
503
-1046
-2318
-4265
-7280
-7157
-5145
-6594
-7059
-7049
-8681
-9260
-11004
-13902
-12355
-12684
-13922
-11409
-10710
-11405
-11178
-9623
-9146
-9471
-5177
-10741
-12608
-6080
-6569
-5006
-2606
671
724
-361
-1954
384
10071
10743
10885
11343
10277
11149
9266
7316
7755
7458
6290
6864
6089
8781
10610
9594
9508
7398
3976
1474
2766
3517
4000
3876
811
-4075
-1281
-1417
-2494
-447
-3757
-1838
-4248
-5629
-5015
-4799
-3848
-4275
-4854
-3831
-5264
-5233
-4242
-11256
-6563
1117
-1376
-1401
-3547
-1617
-1963
-3180
-2702
-3919
-1841
-2689
-1406
-1852
-3409
1287
-76
-345
-2293
956
5580
2805
5959
4080
4956
1696
2198
2047
2669
4733
3040
5422
2204
3675
1594
3197
4466
2435
1564
1867
1545
2155
4140
1442
-2107
-3990
-33
-1390
-876
-2658
-2202
1523
-1511
4916
4768
284
1808
4094
2571
4168
5232
4561
2513
264
452
-1234
-2576
-3503
-4293
-5821
-7108
-8606
-7906
-8192
-9229
-10246
-10468
-9470
-5908
-3093
-4856
-7898
-4593
-433
-2238
555
3431
781
91
4236
4060
3726
3132
3596
4364
3390
5633
4680
6355
2831
1886
4049
5459
5001
6305
9114
4853
7978
5070
6590
7561
7731
10089
5109
6308
5947
6051
6012
4528
4173
2014
547
-20
-955
-2922
-3530
-7476
-7780
-8460
-9631
-8121
-9419
-8139
-9273
-8881
-11060
-13174
-8680
-10289
-9255
-8500
-7387
-5873
-2990
-7739
-11244
-3422
-2840
-736
1078
104
-1163
2687
3646
1697
2574
3042
5692
8453
6139
4415
12363
10466
10104
13304
11589
13159
12597
12553
13081
8675
4962
1531
2124
5983
7012
5647
2630
1251
888
1302
-676
100
-420
-2125
-2500
-4735
-4176
-3119
-4896
-3314
-3896
-4835
-4703
-6752
-6739
-8881
-8324
-11039
-10473
-10944
-14471
-13350
-11605
-11232
-9025
-7379
-7263
-7482
-11181
-1793
2565
4061
2501
-20
10557
10137
8327
8351
9159
9864
9919
11199
11644
11965
10571
9057
7100
6772
5325
4502
5877
3937
4958
7428
4245
-562
-2278
-16
-905
-1570
-1544
-2337
-3142
-2772
-3918
-5123
-3648
-4745
-3778
-2365
-2668
-5757
-10374
-9013
-9178
-9493
-10345
-10999
-9680
-9997
-9004
-9306
-8016
-5467
-2889
-10263
-8794
-2304
-5321
-236
1166
779
-2236
3857
9231
7595
10202
7610
7327
4964
4392
5717
5884
7279
8385
9403
8317
7007
7693
8966
7296
7934
9509
8658
8101
9385
5772
2414
1045
-2260
3975
1974
-1291
-1829
-1844
-1905
-3852
-4095
-5258
-3641
-5872
-6647
-8563
-11154
-10689
-10504
-10163
-7121
-3725
-7025
-3839
1337
-1071
-2942
-4323
-2894
-4809
-4053
-4961
-7624
-6836
-5890
-5366
-3661
-445
-3825
-3311
2798
2115
1747
7564
7750
8998
11073
9992
9927
9836
10763
11169
11616
11566
12419
9687
5485
8070
8342
6522
6508
5327
1785
1442
160
-5805
-3427
-3148
-6902
-5075
-6788
-8526
-6033
-4216
-242
-8188
-6020
260
-3482
-2333
-1119
-732
-2638
-342
-1404
-1216
-2740
-3314
-1460
-5282
-5551
-7168
-7293
-4087
-3755
-5723
-4100
-4338
-3910
442
638
2500
-1561
-381
5987
1949
-216
2716
4555
5170
6838
4586
4448
3701
3868
4502
3028
3546
2284
1620
2090
651
-1236
-2209
-3056
-2597
-436
4209
158
-10510
-1592
3898
-1705
-1382
-2776
-1166
34
-1692
-1276
841
1732
2530
1204
-644
2633
5414
1101
-771
-524
-1415
-2103
-3218
-1176
-1824
-2196
-1617
-2899
-6345
-4114
-3481
-4135
-2198
-2968
-2750
-1638
947
-4159
-4272
-25
772
459
-323
-1093
-1733
-107
522
-390
-271
2381
574
2387
8103
3211
-1710
8317
9196
6953
9649
6352
6403
4320
3839
397
-2536
1489
5970
4742
3094
4815
4213
2463
5761
6605
4979
5017
2709
2516
-2161
-3723
-348
-2843
-3165
-4290
-6615
-6459
-6397
-5782
-4946
-5457
-5707
-5207
-8096
-10062
-10823
-12390
-10737
-10050
-8898
-7818
-6769
-10107
-6488
-1382
-2057
1943
4750
3497
805
7288
7904
8859
9732
8732
10670
8417
12035
13164
13009
13762
12663
11769
10645
10175
9460
9845
7976
2853
6083
3763
1836
4056
4066
5069
3023
4392
3041
606
-362
-1247
-3331
-4284
-4931
-6564
-7664
-7521
-7786
-7281
-8429
-9507
-9938
-10081
-12088
-11294
-12631
-16174
-16890
-16295
-13248
-13791
-12256
-11819
-6950
-972
-4934
-3996
1893
2595
4771
7260
6506
8835
9187
9077
10461
9717
10792
12080
11775
9420
6929
8456
10214
8759
7974
7417
7038
6661
5130
7780
2993
49
1920
489
-560
-664
31
-1242
-1581
-3236
-2701
-4563
-8282
-9009
-11268
-10119
-13191
-12193
-12889
-12778
-9405
-8528
-7336
-3810
-6638
-10886
-4046
-6756
-6723
-2609
-3377
-3252
-2891
-1058
138
5505
5078
5065
5751
3750
6940
7346
10263
11693
11837
12752
11447
12366
10705
10836
10582
7920
7271
7898
7557
6953
6247
4958
5176
3003
612
-1438
-1965
-3956
-7505
-5642
-4405
-6312
-7770
-12874
-13010
-9592
-12183
-10787
-7876
-7610
-3715
-5303
-5462
1782
1718
773
2162
1544
-116
840
2014
981
974
2378
275
-1957
-1494
-1328
-1273
-1554
-1678
-2010
-2453
-103
1603
2997
1808
-642
3077
6102
4881
4241
6794
6821
5650
5240
3649
1202
1334
193
-282
906
877
370
-2079
-2014
-1433
-4113
-5799
-5608
-3829
-2317
-6117
-2623
910
-1478
-3688
4326
6916
5305
8424
7550
9214
7471
10694
8137
2292
4462
4800
3974
2045
1598
3915
3392
-1615
-756
-2174
-4587
-6446
-7726
-6241
-7594
-6624
-8127
-8461
-7068
-8801
-6543
-6057
-6261
-8704
-8728
-3406
-1428
-1423
-3120
-2498
-1567
-2710
-3156
-4796
-6738
-4595
-3790
-3096
1641
4832
6687
6516
1848
7383
10792
10725
9688
11765
5929
2731
6464
6481
9397
6407
6300
5487
6644
6031
5637
5014
3495
2216
512
1053
-1656
-2655
-1945
-1137
-975
-2150
-3516
-4599
-5779
-5349
-8079
-10902
-12821
-16313
-15224
-13799
-16118
-15269
-12911
-11170
-8948
-10727
-10520
-10286
-10019
-8097
-4447
-1840
1595
4383
7029
5017
2409
10640
13171
11077
8668
10514
14584
14432
15287
14236
15444
16217
14066
12387
12948
11757
6461
5342
6180
4504
3231
3057
2682
3648
2995
2631
1811
1013
1239
-1391
-3799
-5939
-6620
-7870
-10082
-11803
-11417
-10910
-10746
-12502
-14353
-14615
-10488
-11486
-13892
-12176
-13181
-12192
-12504
-7832
-5710
-1754
-1876
-2630
-5319
-2522
8223
8555
13251
12315
11502
11602
11707
14260
13564
13795
14331
14384
13885
13356
12630
12247
10934
9355
7855
7484
7168
6148
5032
884
-719
-13
-934
-871
-2554
-2453
-3011
-3616
-4602
-5008
-4230
-6850
-6244
-5455
-8230
-9604
-8733
-6406
-8674
-11543
-11704
-11108
-8181
-8835
-5938
-7503
-8308
-10646
-6686
-769
-3289
-4601
-5228
-2352
1629
3453
1889
5063
34
110
5124
4412
6946
6136
7527
6397
6567
4746
4553
3772
5217
6527
5598
4795
3407
4047
721
2098
1851
-68
1712
890
-3532
-3051
-3608
-3776
-1482
-2748
220
-347
-838
-1139
-1309
-1844
-2541
-6775
-7368
-174
1611
2798
-2007
902
5821
1384
2226
2632
2377
884
616
1663
1353
723
102
-2629
-2175
-6284
-6358
-3938
-6263
-3197
-3308
-6338
-7489
-4334
-3997
-1011
2184
1623
2572
1237
651
588
-230
169
1889
1845
2133
1648
2718
3937
3295
4294
2859
3660
5442
4022
-657
-8735
-7871
-2628
-2909
3834
8417
4749
-1054
4304
11537
7137
7589
7918
5527
3052
3381
4352
4653
5276
2011
1700
432
76
137
-3540
-5316
-8539
-8517
-9699
-10729
-12575
-14233
-12739
-13387
-9073
-10118
-9787
-8082
-8981
-10373
-5379
-2437
-1781
1711
2781
3744
4484
5739
4645
4719
1550
84
2120
2676
3073
3057
1062
4768
11349
8940
3637
11493
14387
11324
8747
7499
9869
7979
10433
8497
8337
8097
6288
6216
6016
5618
3859
2606
201
-821
284
-1090
-1148
-2147
-4290
-2526
-7144
-8996
-6755
-8272
-8987
-9735
-11378
-10521
-10772
-11464
-12502
-11135
-6816
-6874
-4539
-8694
-11271
-10122
-6430
-3211
-3605
-1498
-4614
-2348
-2329
1752
6169
3547
-345
7992
14959
9279
11912
12724
11434
10898
9468
9203
9184
10496
7925
7083
3469
548
5760
3093
4554
3477
624
1809
-3558
-3436
-2147
-1462
-1607
-1708
-1366
-3013
-4246
-3732
-3163
-3360
-1961
-2718
-1885
-4641
-11411
-11822
-10446
-11121
-12432
-13211
-15443
-14673
-15536
-14967
-12265
-11216
-5503
-120
-6132
-9689
2624
3625
3516
5723
5823
8623
8917
10873
10843
10687
9032
8007
9683
9924
10358
10534
10281
9305
7797
7984
7048
9049
10025
6467
6801
3445
-980
5129
3007
2594
4651
768
2073
2257
2867
-1344
-666
1970
-591
-1746
-3880
-5341
-6970
-6568
-8394
-10649
-10810
-10549
2000
4294
3937
4767
3533
2382
1166
893
-6070
-11005
-5770
-5223
-4340
-2205
-5035
-4048
795
-661
305
5539
4735
5150
4176
4438
4436
3046
3321
2032
556
-529
-1423
-1969
-3139
-4190
-4862
-6246
-8900
-9715
-8917
-7914
-7125
-11255
-8818
-6691
-9111
-8280
-9619
-7412
-3035
-898
2619
2776
2748
4588
3013
4075
4340
2848
3572
-2463
-2550
1276
1890
2513
1451
2451
1695
4086
5538
4945
3836
7403
6012
2725
7523
7286
8169
6073
5604
5482
5603
6249
5136
5287
3930
3138
1904
-607
223
-959
-1039
-1680
-3227
-1228
-5108
-4579
-4770
-7357
-4070
-5736
-5499
-5869
-7099
-8619
-5880
-5415
-6686
-4241
-2721
-4242
-9871
-4657
-3166
-981
1456
726
1197
467
5012
1885
3739
6918
5927
4328
6960
11441
12040
12695
12403
10132
9847
10547
9575
11311
11118
8406
2655
4547
3912
3849
4376
3679
2668
-1463
1630
-1289
-1788
-1391
-1833
677
689
-1355
-2080
-3312
-2967
-1947
-1772
-1981
-3704
-4086
-7858
-10997
-14025
-11182
-10438
-13194
-15091
-13132
-14225
-12357
-9954
-4662
-5651
-11154
-3966
-1652
1003
3210
5204
5016
4142
4451
5080
5845
6205
8037
6682
9512
7034
5262
6700
7523
6805
6211
8230
6581
4040
5038
3989
283
805
2143
2176
2044
3021
5327
3511
2867
4715
4162
4640
656
-4834
-3001
-1729
-3309
-4518
-6953
-7468
-6250
-6274
-8546
-10474
-11660
-10735
-11312
-13097
-8916
-9039
-11964
-7627
-5502
-7366
-699
-366
-921
1545
-3207
656
1949
2361
3746
3994
3595
2721
6253
5077
4961
7364
6395
8324
8149
6739
7556
6612
7711
8098
8029
8379
8636
8328
10118
2899
-2736
2387
2383
4810
3344
1830
1999
1468
1240
-2402
-4321
-6462
-7574
-7937
-8199
-6116
-4763
-2721
-6608
-5982
875
-1987
-2224
-1932
-2373
-4189
-4599
-5308
-8271
-6357
-7664
-9559
-10077
-8624
-4847
-5053
-3360
-590
-6166
-434
2752
3732
8175
5190
7358
5779
7638
7685
6529
6060
2054
5984
6819
4239
3653
3253
2413
4698
5751
3920
4769
3834
2
-2845
-3288
-3999
-4394
-3659
-3869
-699
2747
-311
516
5423
5919
3564
2291
1359
1437
-604
-431
3051
1583
-351
134
581
-2987
-3357
-4557
-6291
-5099
-3321
-5384
-5386
-3926
-4432
-3218
-3406
-1284
-1403
2500
-5937
-5891
1328
631
6476
4096
3880
4187
3982
4493
4184
3044
3042
3002
1701
249
-458
74
-1
160
2616
7750
4043
-1001
2929
5027
-788
3259
4440
414
3951
4405
1017
1018
4912
3310
2844
2140
2174
1987
2098
2156
1885
206
-1003
43
-1943
-141
-3120
-1846
-4737
-10036
-5108
-6416
-7492
-7931
-10721
-12118
-11133
-11037
-10282
-6955
-6406
-4649
-9220
-9353
-6432
-7427
-3906
-3298
-1892
-2674
-53
-168
3344
8905
1478
5221
9261
7415
6277
7000
8597
4008
5136
8673
6168
6237
6729
1763
1817
4544
6262
5997
5225
7222
7250
7315
8173
6835
8693
3631
-3559
440
-70
390
-213
-811
-1312
-2770
-3269
-6930
-8060
-9110
-9350
-9478
-9928
-9076
-10805
-13282
-13148
-15197
-15214
-13012
-10473
-9602
-8354
-6844
-7791
-5175
-2288
2791
5096
3868
6212
8664
8225
5177
8251
10334
10044
11980
11291
11210
12743
12588
11459
12594
13826
13275
15295
10456
-34
2751
4789
4071
6450
5493
4018
3109
6109
4869
2067
2959
1073
1460
-1228
-4879
-5986
-8300
-8900
-10419
-11145
-11457
-12843
-15912
-14398
-13989
-12478
-14151
-13933
-12793
-19473
-12747
-11093
-12994
-8196
-4992
-4099
-5126
-4395
-2891
1895
3817
7475
8632
9775
9705
9897
10615
13557
14913
16835
10851
5853
12013
10657
11228
9721
9010
9315
9912
10376
9650
8575
3610
3234
1703
1066
-540
-2023
-2822
-4837
-4514
-7004
-6808
-7585
-7428
-6852
-8076
-8102
-8006
-8453
-7494
-10548
-12702
-4374
-5681
-7746
-7556
-5448
-4525
-8405
-5962
-7176
-4654
-2379
-2151
-2290
-3047
-2094
-2067
2257
-3568
-6940
1109
2149
2640
4583
5254
3927
7572
9561
10617
11708
11895
11560
9729
9942
9472
9270
8962
6941
4604
4301
1850
268
-2311
-6254
-6332
-7138
-3914
-4104
-8265
-4819
-3493
-3987
-1360
-4570
-2232
2332
812
-83
81
821
-469
-330
2964
2467
3874
3281
3589
3189
1836
-161
-9627
-5693
-4731
-7671
-6168
-8317
-8192
-7445
-3545
-3199
-1459
-2568
-6529
909
1135
2164
2874
433
649
829
2134
1855
3267
1510
609
-857
-2011
-1976
-1065
-1722
-1104
-3600
-3283
-341
1504
-930
-6101
1847
3637
5298
4854
4371
5655
7440
10160
7876
8103
9179
9648
10991
8401
1984
5916
5502
5242
4155
731
-450
-528
-555
-1785
-1093
-3580
-4667
-6531
-8888
-9219
-8837
-10943
-11778
-12128
-9342
-7046
-6917
-7121
-13262
-10354
-7485
-7420
-6414
-5248
-7075
-5093
-2948
-3229
-1129
-2113
3302
5014
616
4347
11984
11706
10483
9878
9835
9430
10815
11213
10421
12641
6989
5815
9455
9905
9439
7321
6779
6319
6380
6916
5119
2397
247
252
301
-269
-831
-2010
-2263
-4182
-4814
-4749
-7969
-9584
-10097
-12548
-12875
-13757
-16471
-18277
-20046
-20559
-14835
-14050
-12972
-11674
-12612
-9958
-8066
-669
2405
-2713
4224
10160
8697
11554
13148
14483
16575
19074
20320
13026
13419
17592
14302
16664
14681
13825
14076
14072
12068
8078
5421
5543
6565
3075
4095
3121
5164
4732
3784
4081
1365
495
-1376
-1871
-3960
-5898
-8849
-10908
-13681
-14209
-16461
-13869
-14314
-15123
-13602
-16181
-17164
-19565
-16922
-15088
-14497
-12016
-12653
-12161
-2465
-1872
-1129
-164
-4250
3149
562
1647
9518
9417
10263
11654
11431
10934
12941
11538
11275
11895
11290
11252
13111
12337
10926
8751
8544
7191
5005
5675
1127
923
1547
3322
1261
-2242
-4491
-5993
-7472
-7987
-7794
-8941
-8062
-10851
-10224
-9739
-9389
-9286
-7577
-7419
-4890
-5570
-6902
-9313
-9943
-867
-3652
-1169
-4176
-8847
-4740
-5090
-2832
-3788
-1395
428
1136
4744
4114
-1882
319
5135
3804
5605
5423
7729
8764
9563
9988
9773
9752
9738
10171
8732
8373
7379
7639
5060
4615
3454
1536
1702
1733
-2086
-5111
-1539
-3659
-3712
-4153
-2723
-3506
-3188
-4316
-3308
2357
1353
24
-3631
6349
4390
-4446
1045
3666
4385
4411
3748
1496
1031
-1035
-427
-1749
-2212
-2475
-6413
-5986
-7246
-7152
-8445
-5932
-5343
-2441
-3757
-8824
-6992
-4315
-3040
-959
-600
-3717
-560
1650
2964
2167
4177
2522
2150
260
-1943
-2030
-2153
-339
-743
789
34
1553
2953
6575
7317
7503
2118
970
5819
4525
8082
4378
5984
5999
5215
6986
4730
5166
3414
4967
5405
4374
3054
1819
1737
-104
-2689
-4180
-4955
-6105
-7947
-7750
-6951
-9491
-10636
-11809
-12244
-9917
-8551
-9857
-8687
-6692
-10223
-8063
-6081
-6418
-4582
-4209
-3664
-3173
-3494
-2684
-1477
1470
5276
6283
8583
11002
12739
133
2293
15299
11951
12380
14195
13619
11096
9267
9352
10400
10526
8225
7620
5291
3971
4019
1642
3492
2773
1165
574
-2884
-3693
-5859
-7430
-7634
-11714
-11013
-10222
-11828
-11117
-12781
-9252
-9542
-13098
-14339
-17139
-16940
-16454
-16854
-16970
-15219
-12060
-10643
-6341
-10391
-8503
-2564
-3102
-1023
-240
2886
1835
12435
12066
9321
13924
14208
17614
15648
14606
14110
12748
14666
16348
15434
15337
13791
13674
12164
10024
5831
4110
2929
1121
1409
-228
222
-2358
-1142
-2345
-1643
-1676
-2955
-3234
-6376
-6058
-8216
-9965
-10403
-10309
-10367
-10935
-10659
-10127
-8920
-10041
-9725
-10483
-8215
-10306
-13606
-8123
-5561
-3926
-7072
716
7791
2587
3176
6051
7878
9111
10870
12309
13019
13876
13489
14115
13809
13417
14392
13793
13293
11805
9652
8513
5678
3470
5149
4932
3544
4167
-214
-3041
-561
-1762
-1835
-2237
-2461
-2441
-4503
-5329
-4438
-4376
-4499
-3019
-3021
-3011
-4468
-9748
-13807
-12208
-8018
-8391
-4481
-3350
-9084
-10240
-3981
-2604
-5669
-4502
-5310
-1934
-2170
-2757
-2309
-1171
-336
2800
3127
-2874
5230
3392
4201
8906
6548
6362
2745
2794
3601
3797
4243
3839
4417
4649
5640
4391
4601
4759
2280
2597
798
871
-577
-465
-1635
-2929
-1819
-715
-1150
-9443
-9625
-5204
-6055
-5794
-4688
-2540
469
-107
-4456
-1735
886
-1279
-1791
-651
-186
-1805
-2211
-3117
-2994
-3892
-4708
-2725
-3912
-6787
-7473
-6367
-7586
-8276
-7231
-6493
-2847
-7240
-11568
-414
49
1708
4654
1599
4598
5307
4483
4040
6416
7536
9304
6545
5354
5358
4898
4528
380
4485
4767
2353
3552
1871
2458
1162
1989
6241
2114
42
6554
9182
6523
7195
6423
6534
5037
5656
5066
2790
3777
3538
3372
1053
289
-346
-3615
-6553
-4681
-4805
-5292
-4995
-6562
-7430
-7858
-9662
-10393
-10034
-8044
-5838
-6383
-2031
-253
-7325
-5959
26
-223
4120
96
-4306
3475
2635
1651
2744
2083
3309
3932
2245
2292
3247
4548
7112
620
2712
13570
12565
10651
10203
7815
4768
4505
4363
4278
4304
4543
5908
3332
1526
-12
-257
766
-859
-1935
-547
-2600
-5362
-3826
-4021
-3102
-3038
-3706
-4680
-6022
-7546
-6890
-5539
-7020
-7327
-5996
-10845
-10422
-7463
-10969
-3636
-3545
-10640
-9800
-4827
-5493
-4392
-2666
-2853
1355
7318
5763
4801
12044
14986
13402
11945
11836
11646
10878
8856
6907
7680
6995
5065
4793
3846
5025
2216
1281
2393
1502
1345
856
-1097
-1457
287
510
-1736
-2442
-1370
-2373
-1702
-3057
-4330
-4802
-3110
-8202
-10336
-6035
-8025
-7707
-9768
-11050
-9523
-10113
-10745
-11648
-12885
-12187
-11918
-11684
-5934
-5699
-3662
-6230
-8139
2259
4250
3113
6725
5253
5229
5867
6687
6489
5699
9523
8795
9803
7568
7225
6670
6985
9809
5352
4537
4040
4518
3881
3124
1286
2675
3847
5614
5268
6275
5933
-1524
2463
2689
2210
830
-1174
-1453
-3881
-3042
-4736
-5201
-6384
-5723
-7922
-10885
-10564
-9712
-5557
-2779
-6437
-9557
-2524
-2171
-4567
-3843
-3289
-1352
-2481
-101
-2609
-5345
-3215
-187
1211
2296
2672
4570
5348
7468
9499
7663
9528
7906
8554
7737
7880
8698
7601
8994
10236
11447
2467
1939
4146
3624
50
-1348
329
-818
2310
-2167
-4323
-3507
-4567
-4962
-4559
-4530
-6145
-6068
-5104
-3343
-691
-4283
-9607
-6578
-2821
-4382
-3662
-1166
-3041
-3937
-3486
-3701
-5250
-4122
-3751
-6278
-5090
-3122
-3194
-1276
3017
834
-3451
-3901
3339
5505
3690
9031
8182
7608
7967
2648
9069
9252
6673
8780
5689
5617
4241
4015
4422
5240
4067
1014
-1317
-2106
-4335
-4336
-6489
-6918
-6294
-6114
-3303
1188
-5497
-4899
4119
132
-227
-2741
191
-1081
-705
-1074
-3275
941
-2043
-2800
-3791
-4131
-2689
-3839
-3979
-1991
502
-829
-1460
-3311
-3992
-5313
-3819
-3824
-10165
-3581
1629
-4647
-4587
508
2261
4782
2406
1195
2296
986
1943
1724
1562
1868
2106
2337
1391
807
262
-1038
-1521
-2225
4881
3065
-1963
2453
-65
3967
4656
5487
7211
4019
5164
4482
6296
4629
3682
2514
2844
6395
5749
5492
6643
2257
1514
703
-133
1195
-6400
-5340
-3735
-5796
-3564
-2523
-3619
-4541
-6167
-6127
-7276
-8550
-8832
-8965
-6065
-5583
-7245
-10870
-3077
-1794
-2418
-1878
-1542
199
1099
1151
4126
7452
1169
1011
7023
7686
9410
10098
9338
10488
8500
11684
8787
9504
7992
3418
6406
5085
8298
8793
5581
6386
6659
6654
6527
-2515
164
3795
60
-450
-890
176
701
420
-965
-3124
-6552
-6660
-8660
-9771
-10645
-11402
-10611
-10481
-11006
-13110
-13239
-16429
-17178
-14938
-13645
-12171
-12049
-14470
-12305
-6043
-6993
-3786
802
2626
2997
4094
4742
5746
7294
9277
10914
9823
10875
11810
9452
10257
10788
9995
12458
7061
5690
4278
3678
5211
3323
5936
4029
3986
3493
2455
2536
992
494
-1052
-1223
143
-1630
-2162
-3595
-4596
-5910
-8867
-9495
-10521
-11997
-10991
-11123
-13109
-13068
-15210
-13122
-10456
-10211
-12399
-8652
-4993
-7196
-4904
-1113
-2027
-3626
3460
5292
7655
8821
5218
6903
10134
9813
12149
10426
6494
12432
12464
14326
12786
10827
11815
10270
11643
9292
10384
7620
6367
2517
-52
3824
577
218
136
-221
-93
-2801
-2811
-4915
-4729
-5894
-6343
-6623
-9269
-8870
-10593
-10301
-9705
-8085
-6037
-10458
-11097
-3863
-5087
-5566
-2055
-389
-324
-520
250
-280
-614
672
4090
5577
657
-3044
-603
2232
7980
9165
10479
7747
7323
9804
7003
8121
7553
8886
6544
6834
4686
3446
4971
2805
3532
3492
1957
1295
222
-952
-5275
-9215
-7464
-8177
-9281
-9699
-7449
-9468
-9835
-5332
-2492
-5099
-7730
3908
2800
118
4753
3727
3463
210
753
1645
2437
2189
3231
1950
-2242
1185
-1448
-2893
-5418
-4458
-2318
-1038
-3954
-2860
-50
-489
1148
-9492
-6257
551
21
1302
1042
665
813
528
-1271
-452
349
2587
1545
-1633
-2317
-3374
-736
13
-1846
-3413
-926
-3782
-3821
130
-2739
-2354
-789
6908
7851
6672
9245
9057
10335
9680
9237
10597
2771
1829
6887
3265
4914
4430
3499
2535
3827
3646
2008
-1244
-3555
-2343
-3301
-3063
-5232
-5185
-5966
-7993
-9974
-11258
-10614
-8701
-6281
-6146
-11179
-8942
-4660
-4662
-6716
-8881
-5435
-3467
-4947
-5020
-3740
-2946
-997
-894
1893
4936
-2084
5469
12829
9343
10305
10760
14840
13155
15404
4102
3288
13448
8021
9718
9194
8497
9204
8010
7851
8254
8585
7986
4356
-110
658
-943
-2432
-2485
-4891
-5975
-7230
-6626
-6892
-8726
-8624
-10684
-11646
-12851
-14488
-16213
-20120
-17594
-19019
-18095
-11308
-12963
-8706
-14515
-14488
-6028
-6639
-256
5572
4856
2635
11888
12205
11704
14650
14401
11300
11953
18902
17810
16188
14032
15386
15032
12824
14377
12607
13113
7043
4784
8647
7723
7236
7976
6733
3154
3159
2779
915
-2299
-4045
-3218
-4772
-7171
-7346
-9358
-10036
-13140
-13428
-13965
-13880
-14806
-18186
-17803
-17563
-15419
-13988
-14937
-13790
-13109
-11665
-6387
-11112
-7110
403
-2895
-3090
-996
3062
7650
8708
9955
10158
10763
12751
13662
13999
13176
13617
10021
10703
10223
9395
11234
7219
9371
8034
6778
4636
4412
4128
-3112
-540
430
1482
2192
-3170
-2580
-1880
-6192
-7243
-7547
-10408
-10319
-11108
-11952
-11363
-13302
-10130
-8796
-8746
-6812
-7494
-5907
-4828
-4118
-4586
-1818
-4407
-2341
-110
-1110
-1451
-1966
-163
278
2735
5364
3980
120
3022
8918
9038
9908
8998
7762
10396
8365
9336
8769
8891
11212
9149
8460
6455
5741
6254
4191
1966
2995
1304
1448
-1766
-1763
-6776
-10632
-5147
-8209
-6404
-6019
-8178
-4980
-4575
-4687
-5085
-4655
-1046
2490
1850
-5820
3994
8362
1835
4816
2997
1223
-764
-25
-125
-1697
-1614
-2255
-1301
-2959
-2995
-2108
-2206
-4535
-5410
-6285
-4500
-5012
-6541
553
-2346
-1819
-100
-1926
-1585
-172
688
-1237
-1040
-1270
1646
1448
241
-286
-115
205
19
-289
-1655
1080
1999
1038
-796
-5405
271
-1261
-2499
3862
462
6439
10724
7427
8051
9290
9843
7381
7662
7879
6532
5926
4874
3727
1698
2070
1727
1277
-895
-3053
-4426
-7941
-6272
-6560
-8584
-8173
-10943
-11481
-13422
-12196
-11371
-10569
-10885
-10479
-6204
-2894
453
-1044
-2079
-2235
76
1241
1516
2399
2921
5473
5475
9114
5449
1422
8892
11414
6698
7070
16002
13166
15646
14688
6820
12186
12452
12216
10059
9792
7576
6175
7300
3689
4325
4078
2661
607
-1230
-2334
-3994
-5583
-5947
-8394
-11658
-10482
-10297
-11154
-12919
-12687
-14933
-15069
-14223
-16135
-15744
-16004
-14469
-13704
-12339
-12752
-8208
-9986
-10591
-3668
-3013
-5880
-2951
3019
1702
4652
7909
10766
8432
9564
18250
17187
14620
16631
18202
15020
14332
15262
15019
13042
12018
15797
6509
4360
8730
5721
6865
3598
913
-1310
-1149
-1943
-1556
-1585
-4175
-4450
-5476
-5702
-6818
-7681
-7874
-8380
-10431
-10638
-10860
-11846
-10361
-9857
-9312
-9861
-12160
-12688
-19027
-18019
-12287
-12469
-11040
-8998
-7340
-1510
-2478
-11199
1419
5347
5780
9921
8630
9903
7876
10377
10543
11843
10914
11439
13196
11342
9520
9453
8143
8166
6774
3699
2408
2682
4819
-317
1687
3366
1692
600
-242
1686
-259
199
1226
-977
-1994
-2156
-3659
-3359
-3313
-2839
-6493
-8655
-5039
-5951
-6377
-6638
-8257
-8145
-7309
-8129
-3956
-5050
-10178
-4853
-1275
-3053
-2726
-2712
-352
-668
870
3796
-3024
2643
8000
6375
11051
8002
8651
8855
9729
8127
5333
9539
8442
8282
9206
7888
7405
6965
10067
7383
4800
4824
5084
5511
3177
5283
3645
5608
3675
-3289
-1390
-946
-1352
-1338
-2704
-2404
-3359
-2666
-1862
-5132
-3962
-2324
-1993
-6181
1607
2897
-1975
-2113
-3921
-3948
-5263
-2555
-4482
-5580
-7686
-7785
-7280
-6127
-8525
-8630
-7258
-6433
-4086
-6989
-8520
-3069
-2989
-1189
5300
3688
3808
3544
4256
4087
4980
6735
8013
8186
10013
7938
1349
4645
4219
4622
2694
1181
105
-2105
-1341
-1608
-966
-2502
296
-225
-1829
1761
-3248
-1927
6400
5705
2526
2951
2487
630
-1499
-2501
-1429
-2948
-3960
-3337
-3931
-6563
-5168
-5717
-7034
-6955
-9550
-11380
-11418
-8765
-10325
-9252
-9986
-7327
-6231
-4269
-1742
-3917
3353
5136
6287
3329
3741
6340
2339
5430
6423
5413
4521
4485
2589
1692
2356
2649
4677
4806
7589
7269
9755
3771
401
6145
3273
7133
6833
5314
4451
2796
1741
1959
1841
831
-797
-1806
-2725
-3050
-1558
-3794
-5940
-6560
-2742
-6064
-6979
-6760
-7419
-5772
-6774
-4939
-4258
-6396
-5149
-11420
-12971
-7577
-8032
-7489
-6079
-4154
-3875
-3893
-6701
-7712
-1701
466
-87
-570
-554
514
1525
4854
7553
10424
9810
2065
9099
13059
8739
9322
9247
9764
9822
5761
5673
3717
878
6285
4680
5019
5379
4342
3215
2579
3506
1726
205
318
-576
1267
2595
1747
432
1545
-1533
-6694
-1670
-1564
-3802
-3993
-5881
-6995
-7661
-7841
-7916
-8553
-8455
-9970
-11186
-10405
-12208
-10853
-10418
-8655
-4283
-6651
-3657
-4246
-4453
6046
6727
5717
6351
6131
5569
7163
9269
8932
11895
10246
9368
8240
4500
5023
8782
9433
7511
8526
4430
5936
7171
6938
5967
5379
5367
-1765
1319
4975
1494
1346
-67
-180
581
248
-338
-1607
-3064
-4176
-5799
-5481
-6643
-11160
-11463
-13092
-14213
-13813
-14372
-13327
-14158
-8794
-7696
-10674
-8743
-2803
-3169
-5362
-3140
-2385
-5377
-4657
-488
2056
4558
2363
4086
8971
7572
8018
9698
10179
10223
12518
12269
11630
11977
10903
6017
5399
8376
6631
7029
4033
-454
2147
3684
2876
2172
-55
-1787
-3619
-3811
-5595
-5823
-4291
-5832
-5982
-7965
-8037
-8929
-7938
-6098
-7306
-3645
-4069
-8914
-5902
-2824
-4155
-3024
-2902
-3079
-2429
-3230
-3638
-5104
-3669
-170
-1805
795
2059
4203
4246
-529
3695
8040
10971
9604
6474
10085
11682
9997
11141
12157
11447
12451
12447
9335
7643
6131
6813
6753
7002
7472
5370
3013
-3375
-3781
-1554
-1511
-4218
-5264
-3583
-7854
-8366
-10948
-7586
-4375
-10138
-10394
-3791
688
-1168
-136
-1954
-1229
-2209
-2209
824
-400
-1297
-2011
-2741
-3784
-2132
-1553
977
2519
-13
-4763
-3584
-1836
-3090
-1129
801
1688
-2502
-218
2351
2804
3710
2768
4140
2135
3492
2075
1180
2315
125
850
668
336
-546
-1546
-4241
-2743
-3374
-3494
-5188
-6714
-2311
-8574
-3050
3227
1192
2462
2622
-86
-843
2024
830
1411
1367
2686
3812
2766
3038
3917
6057
3104
-2518
-197
717
2671
2853
87
419
-2014
-3626
-4848
-5747
-7200
-7841
-7477
-6627
-4442
-3582
-3882
-2854
-6359
-6445
-3661
-4286
-2658
-3763
-3044
-2225
-1381
-1642
-3493
-3419
-2084
-1284
531
1183
-561
5016
8531
7260
9169
7667
9907
9277
7658
7509
8387
7198
5343
8038
7804
8128
3061
5723
10962
7453
7803
6127
4212
4264
3727
2762
2322
-845
21
-681
-3659
-5753
-6400
-7534
-9413
-10230
-10941
-11415
-13031
-12627
-15698
-16403
-15948
-16592
-15932
-17023
-13930
-15278
-14810
-8415
-8114
-1291
425
-6706
965
6297
5487
9535
10668
13667
15783
15557
14413
13758
15032
14955
12439
8046
10986
11769
9786
9603
9378
10250
9119
7993
5181
6094
3647
2588
2050
-418
1202
57
-677
-1778
-2399
-3379
-3167
-4247
-5183
-5782
-7012
-10987
-12144
-13118
-15164
-12379
-15313
-14687
-15512
-16937
-14631
-16310
-18500
-11372
-7190
-10617
-1065
2745
542
1545
4959
10425
10135
10804
13230
14641
9520
12105
15356
13514
14229
15241
14713
14493
16002
12979
12134
12575
11277
10369
9419
6674
4668
1364
1613
1674
867
943
635
-990
-1085
-1371
-3650
-3557
-7111
-10783
-12439
-11612
-9927
-10875
-11218
-11493
-12210
-12233
-12974
-9591
-4619
-4908
-9420
-6030
-2000
-4131
-3170
-4611
-2421
-1612
-587
-3858
-2963
3742
3156
-1051
1155
6383
8052
10401
9997
9742
9800
12704
10909
11999
12185
9921
9815
7265
7206
5183
3549
2713
2753
1421
649
-1177
-387
-5055
-10605
-7043
-8604
-5402
-7920
-9950
-10074
-11015
-8933
-11117
-7920
-4953
-3693
-2524
492
-4136
-6206
854
1009
726
988
3854
3289
1262
3729
2698
2057
195
-1083
-1158
-2832
-1664
-2289
-686
-69
-200
2921
1424
-3971
-2953
3878
3597
3267
1880
1382
2194
2570
2705
874
180
673
2618
427
1446
547
-1776
-551
-1015
-1142
-2317
-4044
-1328
-1930
-8039
-3108
2201
2341
6324
-512
-274
7201
6507
6463
3630
6563
10195
6999
7939
7771
6083
7252
7709
6276
4888
4271
3605
212
-930
-920
-5183
-5642
-4743
-5221
-6506
-7741
-7846
-6820
-5523
-7120
-7970
-6584
-12199
-9348
-5253
-6550
1226
904
-841
-335
-1079
-2930
-7160
-2957
-3790
-4068
-1597
-2809
-1318
-588
2928
6691
8703
6853
7282
8688
7351
5522
7607
12221
8254
6049
8158
10312
9918
7712
6256
5609
3610
4100
3532
2387
2430
1389
2679
923
-3062
-3972
-3653
-3573
-3986
-7306
-8031
-10746
-13953
-14310
-15249
-11938
-17002
-16093
-14932
-14758
-14156
-11174
-7654
-11583
-5340
-5288
-4434
-3113
-3582
-2814
-916
1746
7287
4945
-2371
5791
12984
11521
9124
10609
11463
14731
15998
12509
10170
11031
13616
7887
4677
7521
5685
5433
5495
3739
2262
763
279
-324
1507
1701
842
-1645
-2000
-4439
-8195
-4325
-7151
-9817
-7524
-9979
-8681
-11671
-13020
-10578
-12249
-10906
-9905
-10872
-10708
-11429
-14411
-14255
-12229
-8744
-11647
-10725
-1211
498
263
4808
9834
6819
6935
9364
12004
12357
12882
12186
9426
10772
11887
14252
13778
13796
12613
10091
8556
6339
6414
8711
7098
963
3017
2612
-1065
-1879
-84
144
-2580
46
-701
-2575
-5256
-5958
-6067
-5152
-3218
-2229
-4631
-5228
-4462
-5398
-5130
-6548
-8530
-13262
-10606
-7499
-5582
-3173
-5296
-10696
-6040
-4746
-4863
-982
1119
4509
123
5228
5545
5258
7261
7357
9182
8053
8911
8971
10648
8335
8210
10182
8374
7237
5069
1980
692
4908
3800
1726
4010
1626
864
-3676
-3339
-1023
-2531
-3042
-4129
-3774
-3873
-2634
-2117
-2376
-1300
-867
-6393
-7192
-5103
-7879
-6302
-5569
-4458
-331
-3071
-6162
-485
-60
-3540
-4372
-2909
-3078
-5395
-5975
-4964
-4707
-5212
-2290
-903
-3076
-3456
-5665
-5381
570
-2581
-1501
1310
64
8048
5112
4808
6223
5210
6405
3612
7076
7353
7084
7205
6404
5140
6266
4985
5018
4455
4135
3703
-5675
-1094
1301
-1041
96
-1368
-619
1250
1912
3566
5449
-1415
2573
7650
5490
4442
4656
3528
-187
1534
667
91
724
-549
-677
-1411
-4305
-4077
-8001
-10019
-11438
-11985
-8650
-8183
-7002
-5565
-6007
-9353
-5264
-3165
1173
3458
1648
2609
4104
5320
3070
4799
3369
6250
9162
3627
136
2686
2357
284
154
-126
-285
1299
-933
6
-22
-1492
1443
-3605
3785
7417
4879
5507
4093
6236
4371
5276
4824
4309
2985
4564
4134
-905
-2664
-4264
-2515
-4073
-4781
-5526
-7797
-7590
-5008
-8796
-9453
-4639
-8117
-7016
-7492
-8702
-5747
-4690
-5849
-6734
-8581
-4526
-4424
-4219
433
2814
4811
3387
3382
4806
4271
3144
4603
3797
4764
5823
8760
6974
1492
9490
12664
9341
8987
9411
8926
6346
4279
7659
7315
7052
4830
5479
5260
3029
5126
54
617
-676
-3156
-1810
-2267
-2371
-441
-870
-3386
-2489
-3039
-5621
-6681
-7214
-7595
-7222
-7641
-11138
-12230
-9310
-9556
-12000
-12248
-9252
-9370
-10647
-11304
-13814
-8857
-6264
-6131
-3319
-2313
1721
4786
6072
4314
10532
13021
11134
9190
7795
8467
8830
9479
5931
8267
5126
5945
7158
5651
8014
4995
5243
5470
3332
3066
5702
3026
-219
1764
994
1759
1509
-98
-574
-446
-106
-4655
-4971
-1051
-2557
-4935
-4246
-5515
-7207
-9578
-12064
-13623
-15914
-16249
-17107
-16747
-17548
-14950
-11259
-8468
-2502
-7562
-7415
-2520
3974
3268
1522
5127
5728
5737
7892
9312
9163
9223
6007
8471
8414
10861
10217
9203
9524
11897
12239
7454
7702
5783
6611
5291
8545
4133
1946
9920
1173
520
5275
3567
2230
863
1546
777
-1676
-3387
-5173
-7521
-8224
-10492
-11581
-13630
-10417
-10875
-11079
-10820
-12058
-10099
-10394
-15255
-14019
-8747
-10004
-11856
-12387
-6705
-6890
-3056
-4899
-6590
312
2065
2430
4494
3359
6132
12793
10043
9891
10272
9716
9189
10314
10462
10783
12865
10600
4230
7227
9184
7388
6226
6276
7258
5956
7535
-94
-65
2311
-1044
241
102
-1699
-2396
-5512
-6441
-5614
-5475
-4902
-5232
-3074
-3389
-5666
-4529
329
-4484
-6219
-2636
-3335
-2474
-5149
-7058
-6630
-9152
-7923
-9709
-6925
-2256
-3121
-1227
-286
-2141
-2634
3495
6318
8214
9299
11709
8966
7046
13354
11877
11209
9716
9603
10303
9662
9511
8026
7512
6794
6444
6013
5208
4812
4050
1453
1836
-1898
-5925
-4452
-5351
-4464
-4361
-3178
-2367
-6124
-3248
2237
2009
-564
-1255
1579
272
-618
-2376
-4990
-2165
-1548
-2975
-4334
-4381
-2867
-3535
-2906
-5753
-6916
-6421
-6752
-8692
-7775
-4563
-1205
-4411
-8295
-10
-493
2065
4391
2469
3241
4295
8270
6440
6504
6577
5494
3229
1455
1250
1008
-328
-909
-1025
-615
1054
-1121
2084
5354
-1107
-918
4421
3879
1805
3079
5258
4696
619
3432
3599
4357
4647
3208
2039
243
3066
1807
-187
-792
-354
-4803
-8639
-5450
-2434
-2520
-4654
-6386
-9562
-9552
-10558
-11344
-10742
-11263
-7010
-6180
-5896
-8908
-10713
-2263
-1186
-61
154
-668
-1154
-1693
-749
404
-1232
-1446
-636
268
3848
2268
-677
2560
9991
11460
7887
10048
13100
11515
10446
7845
4807
9293
9063
8940
11127
7372
8402
9063
6647
5823
6089
6469
3807
3230
-1619
-2639
-1251
-952
-1950
-4824
-6033
-8526
-9346
-9022
-8101
-10384
-12490
-12415
-11821
-11336
-11257
-10891
-11901
-10581
-9611
-10342
-14718
-10747
-7053
-3607
2423
2892
4120
-1212
4372
8837
4548
8012
9423
11282
10130
11844
12376
12271
12652
12662
13163
13296
11797
6665
7536
9605
6154
2689
9065
9346
6433
6832
4853
3056
901
-195
-1927
-3019
-2456
-2896
-4791
-5815
-7243
-8950
-8778
-9179
-10202
-11147
-12565
-14828
-17598
-19058
-19815
-20197
-17045
-17742
-17266
-14050
-10591
-6937
-5775
-8131
-386
2244
424
7111
6918
7183
9279
11018
14171
15839
17205
12556
9909
13692
13493
13220
13682
12909
13797
13462
11773
10405
8983
10030
10589
8314
7242
1769
840
1584
92
-557
-3348
-2520
-6031
-6407
-7711
-10364
-9694
-13280
-14496
-13652
-15740
-15343
-13339
-15501
-16197
-16888
-15465
-10891
-6618
-10146
-12809
-5839
-5291
-7982
-6101
-2796
34
-369
457
5012
2125
-3839
491
7191
9547
11150
10369
9855
10546
9781
10015
10828
11917
13607
12456
10507
8561
6063
6495
5107
3606
3575
5478
5493
2479
314
-3070
-7227
-7101
-4345
-6642
-5412
-5225
-7262
-8120
-10586
-10675
-11913
-12632
-12475
-9175
-4729
-1458
-8946
-7178
2693
-409
2151
1909
4580
1473
-1863
2628
590
2980
24
-517
-136
-2082
-313
-380
716
4109
3562
-310
3538
3308
6553
9400
7692
8265
9433
10066
8402
8264
6854
5712
4838
2853
1761
4227
2588
2252
3674
374
40
-293
-1666
-2586
-6220
-3628
-1776
-2767
1056
572
3382
-2111
463
9794
5219
6820
4806
425
4123
6918
5913
4398
3529
4454
4105
2030
2897
-761
-559
-892
-2120
-4187
-6472
-6528
-6905
-7973
-7366
-6811
-7592
-5401
-3470
-10268
-9110
-3230
-7809
-3514
-1698
-4243
-1460
-467
-1708
-1267
-1265
198
-3051
-2660
366
-368
20
-303
750
1987
3938
4841
8521
1036
2645
4990
2124
8736
9380
9550
8644
8202
7332
6190
5627
5767
6560
4947
3304
2695
887
-227
-942
-3163
-3444
-3588
-2138
-2772
-3115
-5216
-8435
-9040
-11832
-13578
-13580
-14856
-17237
-13219
-12156
-10608
-7855
-10048
-14465
-13125
-5002
-5569
-4302
-3213
-3168
-1537
-1440
1794
1214
3341
7470
11546
2170
4484
18717
11102
11483
10686
10685
11546
9419
10894
10081
9488
8285
9811
8703
8304
8017
5900
5351
4516
3191
2227
869
-211
-772
-1849
-2426
-3275
-6678
-5727
-6837
-8626
-8651
-10676
-10306
-11889
-9839
-12416
-12017
-10860
-10557
-10922
-11830
-9977
-12913
-10423
-8532
-4442
-9149
-7972
-2518
-3562
4999
8414
4866
9404
16080
13074
13150
16058
16688
15279
15533
15810
14797
13015
12288
12874
11390
10809
13242
12699
11555
7897
1682
3457
2332
2863
-1509
-5121
-4207
-6513
-4380
-4473
-5754
-6399
-7900
-5934
-4967
-8117
-6034
-3148
-5615
-8496
-9865
-10478
-12654
-11983
-13001
-12658
-9363
-8783
-11151
-10654
-6051
-5272
-8258
-10748
-1433
-688
1414
-2979
-4377
5630
3691
6913
8057
9374
11210
9982
10169
10522
11218
12146
11512
10562
10314
9432
7672
3311
4325
2219
653
5364
2049
4545
2257
-3883
136
-2471
-566
798
-2310
-3226
-3180
-4708
-4629
-3566
-5624
-5164
-5911
-3936
-8439
-9875
-7073
-7410
-6135
-8020
-6162
-2246
-8372
-5915
1511
-4036
-3442
-3807
-3547
-3709
-6378
-3490
-1534
-2517
235
1671
-3346
-1915
3619
5596
7975
9315
5083
5903
5773
2296
4450
4541
4996
7619
6671
6530
6306
5097
6398
6284
6246
4357
3277
2097
1734
2268
-2821
-350
1903
-1308
-4875
-4700
-2747
-3447
-1983
-6288
-3423
1823
2780
-4009
-848
6624
361
1451
2672
3199
253
894
1665
1181
825
-1283
-347
-1111
-3559
-6322
-5748
-9133
-9682
-9282
-7601
-2276
-4481
-7346
-4508
-386
604
573
2328
4089
4849
5078
4401
3174
4436
4846
4347
5860
7827
8109
4597
1795
3056
2154
-1354
-776
-3583
-2632
-2961
-6931
-3495
3884
-2288
-3202
7967
4618
5996
3322
2424
3824
463
1791
-286
1473
-1594
-1918
-1072
990
-3546
-3252
-4619
-6598
336
-4453
-6339
-6326
-8378
-6948
-7822
-7471
-7482
-6233
-3291
-2891
-665
-2191
-4070
-3
-196
2804
5220
2258
-1862
300
4766
5434
5234
3360
2067
1142
1263
2245
5161
5394
9860
5606
-570
10370
9324
7943
7538
1229
492
3686
2853
4462
4912
3855
5153
2488
5860
878
3359
3110
-1363
-778
-3785
-3923
-7476
-7079
-4931
-4629
-1813
-2546
-1857
-1717
-3131
-4600
-6220
-6518
-7307
-10263
-13385
-10874
-10099
-8224
-4610
-7935
-11552
-10805
-6261
-4605
-2350
-3603
-3972
-2729
387
4618
8483
1924
2524
11062
7663
6734
7704
6986
7299
6102
8265
9294
7771
8735
4765
4907
2145
3972
5950
3885
7437
1196
-92
1578
2772
1984
2511
3775
2297
2178
1398
1525
1392
1869
-300
-3392
-3352
-3377
-5276
-7096
-8346
-11038
-9770
-10331
-9333
-8417
-10153
-11426
-11578
-11474
-9802
-8209
-6838
-3959
-8594
-1497
7353
2737
3978
5262
4360
8499
7056
6466
8365
7518
11811
8960
8148
9313
9637
11035
8288
6695
8835
9345
7957
4168
2250
7752
7362
9084
7527
6054
4589
831
2742
2732
2613
2665
922
-482
-260
-573
-2488
-4862
-6903
-8147
-7615
-9999
-10296
-8107
-9214
-11657
-11534
-11296
-8839
-6385
-15113
-8764
-4651
-8841
-6452
-4409
-5947
-3915
-8061
-5390
893
39
4697
2780
5068
3517
4091
7317
7950
8208
7052
9869
9040
7126
8785
8452
9216
7309
2029
4570
7505
5725
4939
-285
-832
2980
1292
-2206
-1060
-1904
-3093
-2577
-5514
-4191
-6073
-7126
-8643
-8360
-6927
-7604
-6997
-4628
-4596
-8794
-1546
-1447
-5397
-3452
-4604
-2593
-2559
-6498
-7701
-7047
-8273
-6247
-6386
-3789
-1364
-786
3490
153
-561
4060
6272
8853
8668
8806
6096
2687
6373
7501
8166
6342
8006
9115
8769
9235
6076
5906
4458
4986
5587
4917
3396
3466
-2969
-5569
-1705
-3008
-3300
-4383
-3849
-3836
-1421
129
-6668
-7166
4392
384
169
2500
1652
3303
632
3457
1625
2247
2366
1706
1480
-420
-1730
-2297
-1703
-1959
-3251
-4352
-3626
-6528
-6587
-1512
632
-1313
-1127
-5735
-4521
998
381
1325
509
1345
801
1021
3554
3887
2790
554
-767
-3222
-2535
-3589
-3919
-2829
-1306
-1846
-2301
3904
3277
-5288
-1903
6266
1225
-301
3137
2274
1934
1458
5827
5119
2841
3371
4120
2731
4298
5877
5283
4856
4779
4308
-2332
-1522
36
-508
-1620
-3239
-4990
-5495
-3328
-5046
-5366
-7548
-8454
-6944
-6395
-5302
-3936
-5020
-7412
-7907
-5783
-3546
-5605
-5083
-4921
-6191
-4675
-3637
-4461
-5038
-4351
2618
3222
1204
9676
7687
8572
7482
6490
11207
11071
8571
4614
6993
8844
12285
11721
8239
9031
9638
9570
5238
6591
8962
7741
6885
4581
4382
2424
-867
1135
-236
-1466
-1748
-4900
-6675
-6508
-6580
-10750
-11132
-12311
-13147
-14535
-18470
-17346
-18182
-18583
-16334
-14059
-13098
-13184
-11796
-10219
-6364
229
-2381
-6796
2985
1617
2142
7431
6169
7807
7534
11705
14775
14721
15212
14985
16603
15171
9750
9068
12856
13702
6431
6514
7270
5964
7664
5971
5146
5674
6041
4884
4214
3335
2101
-2095
-3573
-4294
-4356
-3811
-5608
-5349
-6198
-7101
-9794
-10731
-11917
-15683
-19766
-18892
-17204
-17748
-16409
-14518
-12165
-12332
-17262
-14568
-5628
-3838
-5958
-2545
-3892
-1165
5702
6859
8298
8996
11445
10608
12998
14409
14755
13221
10897
12030
10929
13979
13421
12768
13360
9392
10034
7749
8095
4879
1868
7083
3760
2330
1792
469
-203
272
-1590
-2092
-2217
-7422
-12176
-14371
-12925
-12543
-12086
-11377
-11108
-10590
-11314
-9926
-2940
-7865
-11109
-3143
-3020
-3540
-2695
-149
-209
-1884
2
-1925
-3045
311
2992
4958
3108
1179
5378
8081
9411
10326
8681
7408
9810
9143
10754
11280
9686
10631
7574
7537
6333
5736
4670
3203
3125
1421
878
2254
183
-5257
-5535
-4741
-2973
-4590
-7696
-8585
-8673
-8556
-9942
-6491
-5933
-1637
1529
-5494
-284
5967
1653
847
1905
2630
-673
-3668
1029
3645
3942
509
-2964
-3642
-1383
-679
-3349
-3868
-4799
-5043
-6112
-3711
-2914
-2358
-4063
-3409
2106
2754
2069
-335
1078
1097
1954
5303
4473
3086
1067
1728
3200
-275
1357
634
-390
-541
-4460
-2286
532
286
-3790
1393
5708
2071
-206
4089
7386
4778
6369
4181
4431
6768
6050
6398
5312
5054
6219
4254
1761
861
189
-1033
-2446
-2683
-2810
-2133
-3006
-4599
-5919
-6019
-9243
-10498
-7619
-9293
-9437
-10164
-8775
-10375
-10495
-11333
-12063
-8501
-6538
-2855
-2249
-1552
-1651
-4511
-5297
-1024
-679
-1992
-229
236
1937
7374
8700
6485
10457
15762
14816
12166
14668
12015
8058
10082
10533
8755
11171
9398
9709
9325
6661
9471
8856
7576
6316
5086
2460
987
-1397
-2003
-1802
-3353
-2339
-5651
-7191
-8212
-12596
-11763
-13836
-12365
-12618
-16401
-16676
-17990
-18515
-17910
-16561
-16411
-9795
-9853
-12885
-11759
-11539
-7917
-3353
-875
1460
7777
1133
-557
9834
11467
12755
16161
15123
17307
16860
17119
15293
15150
15589
14215
16376
14403
15805
9019
6842
10139
7148
7714
6466
4152
2532
2257
-994
-450
97
-1169
-2155
-6534
-4715
-5438
-6890
-6011
-9272
-8392
-9537
-11451
-12903
-14971
-11815
-16272
-15766
-14089
-16550
-15932
-14307
-13323
-10920
-8963
-8393
603
-4359
-4095
2817
-1049
-27
4119
7648
6360
7726
9821
9208
10581
13632
15053
14058
15546
14989
15375
14388
11209
9778
7642
7149
6985
7142
8135
5982
-2087
-3822
146
-3253
-2136
-3503
-4525
-3142
-5894
-7786
-5489
-2440
-4947
-5317
-5287
-5941
-4569
-5880
-6946
-9501
-10525
-11994
-11768
-5397
-4670
-2038
-9881
-6567
-956
-6076
-3141
-4032
-1326
-3717
-1799
1296
1183
2051
-183
727
4136
4241
5881
7430
5688
5882
6459
6179
4643
4253
4279
3360
2086
2387
3552
4178
3789
4285
6419
4657
1754
3859
6194
479
-2600
1345
-388
-1036
-1017
-1543
-2670
-810
-2457
-7299
-4688
-2592
-1846
891
1552
-1363
-2344
2687
4507
296
-328
-743
-2958
-2149
-1552
-1928
-2805
-3789
-3135
-5554
-6323
-4964
-6067
-2003
-3968
-7164
-6531
-4486
-4992
-6333
-867
163
1935
5110
1991
2326
264
-73
2622
3338
3728
4311
4224
2593
4354
5118
4811
6060
6826
3491
2193
4708
3136
1268
-5912
-1930
967
2380
2632
-3510
5030
5807
3518
4941
3441
2662
2149
2919
3690
3424
1473
1877
1699
-559
-3073
-2666
-994
-1607
-4908
-7047
-7338
-9375
-8210
-8310
-9088
-8836
-9753
-9827
-8239
-4570
-2489
-3749
-7174
-8076
-4465
-1101
1987
5195
5145
6399
4381
2997
4392
4871
5846
5085
3877
2838
6034
4990
6783
6764
455
7537
11700
9946
10359
8986
6038
5795
6040
5357
6793
6598
5985
4832
5743
4460
258
-1981
-2163
-3331
-3715
-4594
-5838
-2758
-3438
-2975
-7088
-6302
-4222
-6422
-4658
-6716
-6226
-6116
-7017
-8737
-8955
-8336
-8192
-10882
-12552
-8074
-5822
-4096
-8207
-11955
-5968
-3407
-639
1139
2330
3490
6283
2612
6768
13955
8638
12027
9249
9771
9297
9533
10668
8922
9070
7589
8273
5560
5968
-1680
-2100
2208
179
-161
-923
-683
-1081
-844
-868
-41
-3381
-4138
-3885
-5883
-4930
-3896
-4346
-2337
-1814
-3718
-6980
-8576
-6690
-8633
-9292
-11189
-12541
-13600
-13535
-13563
-15134
-13630
-13751
-12253
-7798
-1495
-2704
-4950
-2740
-54
4911
6668
7321
6291
5425
6491
9372
8992
8702
9498
9983
9705
10679
7833
7178
9240
8225
8410
4748
6374
10876
5992
1722
-2244
2668
6098
3575
5178
1892
3723
3487
-2908
265
1499
1323
1037
-2864
-3933
-4083
-3742
-5670
-7262
-8545
-8628
-7605
-6976
-6321
-5001
-591
-3636
-8456
-2777
-284
-3488
-1722
-3377
-893
-2777
-341
1271
-249
2219
83
-1018
-10
6105
4688
7216
9496
7559
6202
9304
12086
8685
10705
8089
8475
9820
8025
8462
8334
8449
3633
3683
7477
6605
3126
73
462
842
-2515
-3451
-5978
-6826
-4973
-4299
-4001
-4740
-4606
-5417
-4257
-7613
-2207
-5095
-6600
1942
-53
231
-2742
-189
-1915
-2988
-4212
-3066
-2191
-6412
-5474
-7186
-7635
-8360
-5777
-3806
-1537
-800
-1012
-2634
-3597
939
3074
5518
5032
5892
4167
1544
5727
4676
6187
6493
4412
5427
3505
3057
3555
2281
2905
2125
-1255
-360
-3446
-4199
-8303
-8667
-6363
-7001
-3443
1208
-6212
-4642
4679
764
3502
2093
2129
995
1249
2461
478
-11
-1971
-2773
-2942
-1738
-1319
-826
754
1499
-763
-2330
-4777
-3623
-3344
-3556
-4319
-7468
-9084
-6830
-3848
-3672
-2846
-7631
-5109
-66
-451
1532
2917
2202
2269
4078
2906
1619
598
-852
162
-30
-2997
-2198
-2467
-984
3280
5753
929
1851
9703
3221
-719
5261
7404
4290
6885
7088
5353
6876
4903
6015
6534
6619
5248
4500
7032
6688
6288
5574
5392
4466
62
-216
1036
-1173
52
-2561
-6352
-4296
-5451
-6521
-6145
-7890
-8121
-9889
-8011
-7427
-7552
-3841
-6824
-10704
-7452
-5619
-6092
-4081
-4849
-2828
1220
2194
176
-2859
-1076
4408
8828
7101
6757
7637
6045
4481
6599
9626
5992
7289
8411
6297
2296
3859
4881
5244
9926
8349
8579
3310
1535
2900
1985
2098
1401
-1098
-203
-494
-2380
-2335
-3993
-4981
-5217
-4681
-7457
-10336
-9961
-12141
-10847
-12225
-13392
-14899
-15885
-15716
-15395
-16877
-15238
-13867
-13808
-8996
-7476
-12438
-7676
797
168
2756
4110
8036
8526
9944
11787
12990
15038
13041
12921
10331
10079
10452
10181
9808
7786
10607
12637
11637
11504
6711
4452
7177
7548
6010
4042
-52
264
301
-905
-774
-1957
-411
-503
-4136
-5229
-6702
-7723
-7968
-10679
-8843
-9987
-9861
-13740
-15043
-12363
-12726
-9965
-8793
-12365
-7622
-2536
-7980
-3192
-2640
-4109
-2286
-469
592
-1518
4700
8501
9727
11599
11732
11512
5571
8709
11420
9636
10877
9708
9930
8577
6727
6766
6680
6249
7310
5988
3859
3263
1503
1186
-32
-2603
-2121
263
-1393
-1622
-2256
-3939
-5221
-5679
-7871
-8269
-7695
-10713
-9583
-10159
-8869
-5262
-8512
-9345
-3479
-164
-536
872
2249
1390
-1620
-1609
-849
-352
834
-432
-1397
-4050
-3535
-306
-408
1388
2532
-203
-2946
2196
5667
3891
5766
7786
7592
8490
7536
7823
7088
6098
5969
3009
4054
4823
2765
2095
2398
1884
-1564
-5786
-5505
-5562
-1893
-6594
-6543
-2749
-4266
-7011
-4017
559
-7816
-1013
6302
4196
6305
4714
2602
3092
4203
6335
5189
3814
264
2222
4611
580
-1421
-2875
-2433
-3257
-3352
-3383
-5058
-4711
-6527
-7214
-6716
-6731
-5502
-5232
-5995
-8887
-4641
1909
656
2376
1639
608
685
-2991
-2857
-4182
-3896
-145
-2073
-1364
-1615
-2378
-1181
-92
283
139
5092
5707
-1505
4715
7838
1940
5643
8114
8636
7807
5236
2717
5985
8426
7746
8043
6456
5378
6120
5769
6235
5015
1706
2048
293
416
-1669
-3326
-878
-2901
-5820
-9115
-8608
-7935
-9348
-10584
-11781
-12660
-12418
-10417
-12669
-10780
-9421
-13646
-7816
-4027
-4111
-4975
-4949
-1125
-50
1513
3780
8419
7081
1901
8002
12915
11186
10295
13386
10369
7608
11728
12451
12918
13050
14975
10783
8622
9825
7902
8558
6375
4883
5018
3929
1820
2644
1396
-1382
-1826
-1409
177
-1596
-2984
-3902
-5954
-7660
-8713
-12063
-10513
-8754
-12962
-13330
-15312
-14036
-18274
-18155
-15380
-15482
-13312
-13227
-8911
-7489
-5283
-5609
-2634
-235
-3325
6692
9841
4133
6602
13248
14801
14670
15274
14784
14310
13490
12743
12572
11875
11487
11351
9647
9860
10121
8091
6583
6594
2116
63
2274
936
503
-1046
-2318
-4265
-7280
-7157
-5145
-6594
-7059
-7049
-8681
-9260
-11004
-13902
-12355
-12684
-13922
-11409
-10710
-11405
-11178
-9623
-9146
-9471
-5177
-10741
-12608
-6080
-6569
-5006
-2606
671
724
-361
-1954
384
10071
10743
10885
11343
10277
11149
9266
7316
7755
7458
6290
6864
6089
8781
10610
9594
9508
7398
3976
1474
2766
3517
4000
3876
811
-4075
-1281
-1417
-2494
-447
-3757
-1838
-4248
-5629
-5015
-4799
-3848
-4275
-4854
-3831
-5264
-5233
-4242
-11256
-6563
1117
-1376
-1401
-3547
-1617
-1963
-3180
-2702
-3919
-1841
-2689
-1406
-1852
-3409
1287
-76
-345
-2293
956
5580
2805
5959
4080
4956
1696
2198
2047
2669
4733
3040
5422
2204
3675
1594
3197
4466
2435
1564
1867
1545
2155
4140
1442
-2107
-3990
-33
-1390
-876
-2658
-2202
1523
-1511
4916
4768
284
1808
4094
2571
4168
5232
4561
2513
264
452
-1234
-2576
-3503
-4293
-5821
-7108
-8606
-7906
-8192
-9229
-10246
-10468
-9470
-5908
-3093
-4856
-7898
-4593
-433
-2238
555
3431
781
91
4236
4060
3726
3132
3596
4364
3390
5633
4680
6355
2831
1886
4049
5459
5001
6305
9114
4853
7978
5070
6590
7561
7731
10089
5109
6308
5947
6051
6012
4528
4173
2014
547
-20
-955
-2922
-3530
-7476
-7780
-8460
-9631
-8121
-9419
-8139
-9273
-8881
-11060
-13174
-8680
-10289
-9255
-8500
-7387
-5873
-2990
-7739
-11244
-3422
-2840
-736
1078
104
-1163
2687
3646
1697
2574
3042
5692
8453
6139
4415
12363
10466
10104
13304
11589
13159
12597
12553
13081
8675
4962
1531
2124
5983
7012
5647
2630
1251
888
1302
-676
100
-420
-2125
-2500
-4735
-4176
-3119
-4896
-3314
-3896
-4835
-4703
-6752
-6739
-8881
-8324
-11039
-10473
-10944
-14471
-13350
-11605
-11232
-9025
-7379
-7263
-7482
-11181
-1793
2565
4061
2501
-20
10557
10137
8327
8351
9159
9864
9919
11199
11644
11965
10571
9057
7100
6772
5325
4502
5877
3937
4958
7428
4245
-562
-2278
-16
-905
-1570
-1544
-2337
-3142
-2772
-3918
-5123
-3648
-4745
-3778
-2365
-2668
-5757
-10374
-9013
-9178
-9493
-10345
-10999
-9680
-9997
-9004
-9306
-8016
-5467
-2889
-10263
-8794
-2304
-5321
-236
1166
779
-2236
3857
9231
7595
10202
7610
7327
4964
4392
5717
5884
7279
8385
9403
8317
7007
7693
8966
7296
7934
9509
8658
8101
9385
5772
2414
1045
-2260
3975
1974
-1291
-1829
-1844
-1905
-3852
-4095
-5258
-3641
-5872
-6647
-8563
-11154
-10689
-10504
-10163
-7121
-3725
-7025
-3839
1337
-1071
-2942
-4323
-2894
-4809
-4053
-4961
-7624
-6836
-5890
-5366
-3661
-445
-3825
-3311
2798
2115
1747
7564
7750
8998
11073
9992
9927
9836
10763
11169
11616
11566
12419
9687
5485
8070
8342
6522
6508
5327
1785
1442
160
-5805
-3427
-3148
-6902
-5075
-6788
-8526
-6033
-4216
-242
-8188
-6020
260
-3482
-2333
-1119
-732
-2638
-342
-1404
-1216
-2740
-3314
-1460
-5282
-5551
-7168
-7293
-4087
-3755
-5723
-4100
-4338
-3910
442
638
2500
-1561
-381
5987
1949
-216
2716
4555
5170
6838
4586
4448
3701
3868
4502
3028
3546
2284
1620
2090
651
-1236
-2209
-3056
-2597
-436
4209
158
-10510
-1592
3898
-1705
-1382
-2776
-1166
34
-1692
-1276
841
1732
2530
1204
-644
2633
5414
1101
-771
-524
-1415
-2103
-3218
-1176
-1824
-2196
-1617
-2899
-6345
-4114
-3481
-4135
-2198
-2968
-2750
-1638
947
-4159
-4272
-25
772
459
-323
-1093
-1733
-107
522
-390
-271
2381
574
2387
8103
3211
-1710
8317
9196
6953
9649
6352
6403
4320
3839
397
-2536
1489
5970
4742
3094
4815
4213
2463
5761
6605
4979
5017
2709
2516
-2161
-3723
-348
-2843
-3165
-4290
-6615
-6459
-6397
-5782
-4946
-5457
-5707
-5207
-8096
-10062
-10823
-12390
-10737
-10050
-8898
-7818
-6769
-10107
-6488
-1382
-2057
1943
4750
3497
805
7288
7904
8859
9732
8732
10670
8417
12035
13164
13009
13762
12663
11769
10645
10175
9460
9845
7976
2853
6083
3763
1836
4056
4066
5069
3023
4392
3041
606
-362
-1247
-3331
-4284
-4931
-6564
-7664
-7521
-7786
-7281
-8429
-9507
-9938
-10081
-12088
-11294
-12631
-16174
-16890
-16295
-13248
-13791
-12256
-11819
-6950
-972
-4934
-3996
1893
2595
4771
7260
6506
8835
9187
9077
10461
9717
10792
12080
11775
9420
6929
8456
10214
8759
7974
7417
7038
6661
5130
7780
2993
49
1920
489
-560
-664
31
-1242
-1581
-3236
-2701
-4563
-8282
-9009
-11268
-10119
-13191
-12193
-12889
-12778
-9405
-8528
-7336
-3810
-6638
-10886
-4046
-6756
-6723
-2609
-3377
-3252
-2891
-1058
138
5505
5078
5065
5751
3750
6940
7346
10263
11693
11837
12752
11447
12366
10705
10836
10582
7920
7271
7898
7557
6953
6247
4958
5176
3003
612
-1438
-1965
-3956
-7505
-5642
-4405
-6312
-7770
-12874
-13010
-9592
-12183
-10787
-7876
-7610
-3715
-5303
-5462
1782
1718
773
2162
1544
-116
840
2014
981
974
2378
275
-1957
-1494
-1328
-1273
-1554
-1678
-2010
-2453
-103
1603
2997
1808
-642
3077
6102
4881
4241
6794
6821
5650
5240
3649
1202
1334
193
-282
906
877
370
-2079
-2014
-1433
-4113
-5799
-5608
-3829
-2317
-6117
-2623
910
-1478
-3688
4326
6916
5305
8424
7550
9214
7471
10694
8137
2292
4462
4800
3974
2045
1598
3915
3392
-1615
-756
-2174
-4587
-6446
-7726
-6241
-7594
-6624
-8127
-8461
-7068
-8801
-6543
-6057
-6261
-8704
-8728
-3406
-1428
-1423
-3120
-2498
-1567
-2710
-3156
-4796
-6738
-4595
-3790
-3096
1641
4832
6687
6516
1848
7383
10792
10725
9688
11765
5929
2731
6464
6481
9397
6407
6300
5487
6644
6031
5637
5014
3495
2216
512
1053
-1656
-2655
-1945
-1137
-975
-2150
-3516
-4599
-5779
-5349
-8079
-10902
-12821
-16313
-15224
-13799
-16118
-15269
-12911
-11170
-8948
-10727
-10520
-10286
-10019
-8097
-4447
-1840
1595
4383
7029
5017
2409
10640
13171
11077
8668
10514
14584
14432
15287
14236
15444
16217
14066
12387
12948
11757
6461
5342
6180
4504
3231
3057
2682
3648
2995
2631
1811
1013
1239
-1391
-3799
-5939
-6620
-7870
-10082
-11803
-11417
-10910
-10746
-12502
-14353
-14615
-10488
-11486
-13892
-12176
-13181
-12192
-12504
-7832
-5710
-1754
-1876
-2630
-5319
-2522
8223
8555
13251
12315
11502
11602
11707
14260
13564
13795
14331
14384
13885
13356
12630
12247
10934
9355
7855
7484
7168
6148
5032
884
-719
-13
-934
-871
-2554
-2453
-3011
-3616
-4602
-5008
-4230
-6850
-6244
-5455
-8230
-9604
-8733
-6406
-8674
-11543
-11704
-11108
-8181
-8835
-5938
-7503
-8308
-10646
-6686
-769
-3289
-4601
-5228
-2352
1629
3453
1889
5063
34
110
5124
4412
6946
6136
7527
6397
6567
4746
4553
3772
5217
6527
5598
4795
3407
4047
721
2098
1851
-68
1712
890
-3532
-3051
-3608
-3776
-1482
-2748
220
-347
-838
-1139
-1309
-1844
-2541
-6775
-7368
-174
1611
2798
-2007
902
5821
1384
2226
2632
2377
884
616
1663
1353
723
102
-2629
-2175
-6284
-6358
-3938
-6263
-3197
-3308
-6338
-7489
-4334
-3997
-1011
2184
1623
2572
1237
651
588
-230
169
1889
1845
2133
1648
2718
3937
3295
4294
2859
3660
5442
4022
-657
-8735
-7871
-2628
-2909
3834
8417
4749
-1054
4304
11537
7137
7589
7918
5527
3052
3381
4352
4653
5276
2011
1700
432
76
137
-3540
-5316
-8539
-8517
-9699
-10729
-12575
-14233
-12739
-13387
-9073
-10118
-9787
-8082
-8981
-10373
-5379
-2437
-1781
1711
2781
3744
4484
5739
4645
4719
1550
84
2120
2676
3073
3057
1062
4768
11349
8940
3637
11493
14387
11324
8747
7499
9869
7979
10433
8497
8337
8097
6288
6216
6016
5618
3859
2606
201
-821
284
-1090
-1148
-2147
-4290
-2526
-7144
-8996
-6755
-8272
-8987
-9735
-11378
-10521
-10772
-11464
-12502
-11135
-6816
-6874
-4539
-8694
-11271
-10122
-6430
-3211
-3605
-1498
-4614
-2348
-2329
1752
6169
3547
-345
7992
14959
9279
11912
12724
11434
10898
9468
9203
9184
10496
7925
7083
3469
548
5760
3093
4554
3477
624
1809
-3558
-3436
-2147
-1462
-1607
-1708
-1366
-3013
-4246
-3732
-3163
-3360
-1961
-2718
-1885
-4641
-11411
-11822
-10446
-11121
-12432
-13211
-15443
-14673
-15536
-14967
-12265
-11216
-5503
-120
-6132
-9689
2624
3625
3516
5723
5823
8623
8917
10873
10843
10687
9032
8007
9683
9924
10358
10534
10281
9305
7797
7984
7048
9049
10025
6467
6801
3445
-980
5129
3007
2594
4651
768
2073
2257
2867
-1344
-666
1970
-591
-1746
-3880
-5341
-6970
-6568
-8394
-10649
-10810
-10549
