960
942
399
-137
-495
-552
-141
-290
-260
-270
-424
-136
-340
-560
-441
-465
-495
-112
240
317
288
619
452
171
-414
-361
-73
347
477
276
348
118
16
-278
-52
119
185
-86
-295
-317
-665
-124
117
-85
-286
-387
-295
-697
-729
-522
-277
-413
-243
-319
-254
-276
-765
-531
-59
62
66
9
-30
-302
-627
79
-354
-6
610
735
403
274
309
82
341
-420
-346
-82
59
1072
1636
1789
1402
599
447
199
285
-69
-130
-467
-747
-1002
-1646
-1382
-1041
-1124
-857
-67
-56
-26
-403
-683
-966
-1035
-664
-108
105
-16
469
928
905
804
631
282
142
20
-80
120
20
-360
-335
48
122
-335
-129
-236
-327
-279
-195
-147
-409
-729
-359
99
270
23
-497
-522
-366
-287
-818
-426
-547
-333
-717
-762
-298
-562
-275
-107
-63
-92
-58
66
569
329
-476
-838
-120
160
713
33
-513
-230
-630
-273
-267
-676
-674
-610
-469
-270
-287
11
-137
-242
-496
-180
-76
-319
-560
-614
-433
226
1100
1112
1282
1448
1223
619
580
511
394
303
179
-2
-336
-474
-475
-696
-606
-184
108
478
688
857
739
152
-539
-330
199
-104
-196
-196
-863
-715
-100
-91
-425
-725
-726
-516
-244
-494
-519
-543
-413
825
731
462
437
465
1126
820
524
610
191
-189
409
174
-101
-473
-1002
-384
-197
-195
-532
-998
-790
-122
272
-202
-453
-440
-353
53
172
-113
-162
169
-149
-348
-377
-529
-171
-206
-304
-275
-343
134
575
523
133
96
270
38
437
681
-67
-335
-543
-336
-172
-633
-750
-1006
-1054
-929
76
515
452
857
707
606
661
472
81
-63
-326
-243
-378
-496
-654
-570
47
-140
-71
121
884
1087
697
912
1036
642
391
383
201
338
-156
440
202
123
607
-80
-632
-391
-57
-454
-146
-415
-540
-1071
-1220
-743
-661
-533
-38
-419
-614
-549
-335
-409
-574
-396
-758
482
226
377
237
76
200
159
413
162
14
-638
-389
-278
-153
-147
3
56
-6
-462
-448
-60
-365
-405
-58
-146
96
237
128
178
-270
-653
-859
169
536
531
70
-82
115
16
28
82
139
170
449
-35
376
853
1118
157
627
645
-112
475
591
742
554
474
-184
-193
-221
-339
-521
-762
-1027
-870
-618
27
-44
41
290
377
622
356
677
396
332
618
500
319
989
818
1020
775
711
753
483
364
192
371
275
563
559
334
11
229
241
448
539
471
110
304
189
102
123
-382
-492
-545
-374
-200
-170
-583
-410
-502
-812
-710
-459
-673
-59
480
534
869
898
1272
929
681
729
460
204
107
-98
-98
83
-233
-60
-241
-121
-97
-222
-70
-256
360
551
356
-154
160
414
-173
-456
-660
-721
-521
149
662
604
505
388
186
180
164
324
163
159
518
264
-111
-106
-345
-82
-528
-1605
-1353
-1024
-995
-1117
-646
-81
120
106
257
157
-525
-586
-620
-56
101
110
99
-198
-46
-303
-750
-445
-188
-321
-21
-376
-254
-172
-226
75
374
747
780
676
738
638
420
525
205
174
194
-15
-188
-141
-247
-571
-543
-378
-94
-129
-197
-131
-251
-327
-690
-588
-358
-362
-4
-260
-620
-514
-589
-289
-98
-286
-50
142
450
308
417
318
720
696
306
1070
761
315
79
-236
-575
-883
-799
-818
-851
-368
242
838
279
519
620
-78
401
578
835
184
-170
-333
-656
-540
-620
-658
-745
-640
-576
-99
-32
54
-271
-154
262
128
526
1150
1201
1556
1159
-94
-266
-1125
-722
-730
-526
-567
-787
-323
-689
-464
-468
-50
48
321
306
268
309
-291
-239
179
415
448
209
-167
-299
-165
-56
-354
-305
-76
-81
58
93
186
163
-126
-58
187
116
204
76
210
250
-180
-480
-237
0
96
-50
-542
-374
-411
-387
-454
-602
-563
-554
-749
-720
-360
-368
-748
-526
108
432
409
222
24
-363
-489
-281
-267
-55
289
522
1278
1868
1395
403
1
98
45
-652
-309
-291
-497
-857
-1011
-607
-963
-499
-564
-320
-199
-258
-334
-83
105
-210
163
99
313
282
253
73
-261
-375
148
-15
-171
-22
-186
-7
-130
-253
-169
2028
1372
-142
-467
-848
-1200
-1637
-1337
-864
-143
-817
-31
164
-90
10
-325
-181
-15
225
207
521
182
-440
-306
-276
-287
-560
-351
-300
-365
-385
-532
-73
-326
149
492
119
397
533
278
121
-176
-77
-166
-268
-70
50
-330
-441
-739
-912
-527
-543
-308
-391
392
218
123
-323
-630
-1071
-1227
-860
-744
411
89
178
23
166
-294
-955
-311
68
123
563
1062
375
-127
-538
-728
-498
-417
-365
-385
-379
-627
-365
-363
-407
-286
-493
-151
534
797
-9
-123
-274
54
433
509
263
-28
300
367
165
-225
-564
-357
283
136
292
-348
-569
-386
-252
-577
-222
156
432
1786
1101
208
-243
-751
-1130
-1069
-1105
-1411
-1500
-1198
-1246
-815
-661
-520
-574
-687
-143
141
671
56
-383
-134
-160
229
404
8
-301
-804
-699
-859
-574
172
92
67
-44
-387
38
-13
-210
-18
271
404
388
570
1
-228
-468
-198
-35
292
234
45
253
-20
-217
-318
-2
89
-85
-234
-300
-603
-790
-615
-850
-1079
-984
-1354
-821
-310
-243
9
67
735
830
634
1039
715
970
1187
414
235
-133
-289
69
623
266
-76
-198
-225
-234
-608
-434
-242
-235
-185
228
349
436
255
45
-68
-268
132
606
282
56
-35
-142
14
43
-29
-263
-351
-410
-485
-366
167
557
343
-289
-349
-416
-477
-466
-236
-464
-1218
-1180
-883
-711
-385
-296
-777
-506
-616
-298
317
169
670
584
-435
-160
-35
309
926
82
-58
253
373
634
305
-230
-278
367
689
1176
1839
938
537
382
120
67
-70
-282
-598
-728
-541
-254
-230
-211
-357
-681
-1022
-1147
-1155
-611
-455
-384
-380
-778
-695
-753
-799
-270
7
190
617
495
-335
-209
658
261
196
557
383
440
503
414
132
-105
-521
-673
-376
-471
-303
-279
-245
-450
-688
-534
-601
-393
-184
-383
-424
-454
-582
-296
-191
-257
-309
-350
-386
-220
-234
-437
-371
-150
-7
227
-44
-169
21
-23
296
11
362
706
451
105
-431
-885
-896
-183
-62
-487
-561
-1183
-1823
-1573
-1501
-29
178
-168
544
346
190
1
298
437
707
1096
1289
1062
805
539
176
-84
383
704
327
493
94
101
247
-19
122
521
21
-327
-432
-844
-516
-620
-436
-61
-336
-199
-125
-22
-301
-620
-103
106
-52
-452
-439
-216
-154
-74
-292
-697
-417
-180
338
213
-205
-30
42
-323
-305
676
810
643
-313
239
480
133
240
-65
290
62
-24
-97
-295
-388
-433
-276
9
-367
-542
-445
-371
-330
-504
-347
-484
-521
-169
44
-171
-86
173
118
-43
132
114
-297
-112
199
125
383
-87
-89
38
-377
115
-423
-80
52
-248
-39
-291
-729
-820
-690
-622
-599
-43
-26
-938
-664
-597
-667
-503
-234
-397
-263
-152
-101
7
193
227
165
559
252
230
32
-432
-516
-701
-296
-21
-130
229
422
387
364
550
232
287
660
211
72
-215
-83
-36
-202
40
-132
-100
-223
26
-83
-411
-313
-388
-806
-522
79
-3
143
-225
-252
-8
270
922
728
60
304
319
386
669
357
494
488
512
517
376
396
105
63
-28
49
-31
-134
33
-355
-429
-535
45
-217
-253
455
188
134
63
59
-180
78
163
-20
-111
-388
-337
886
920
154
-88
-224
261
414
305
122
890
1596
1820
1244
635
214
176
-81
-58
-253
-732
-70
-324
-625
-827
-310
-131
-433
-242
-738
-695
-282
-725
-231
-369
-383
152
456
916
657
892
974
967
969
1285
1341
1033
772
912
1073
1074
790
568
1054
1162
613
125
-33
-202
-230
-251
-52
172
-97
88
639
268
374
117
-352
173
477
392
208
-21
-493
-658
-705
-740
-476
-286
-384
-200
23
120
-58
-94
366
567
504
398
564
430
263
488
495
15
-158
-109
109
133
295
-217
-375
-197
-697
-854
-863
152
-18
-46
-95
-535
-538
131
431
-91
178
483
827
907
1029
1038
842
601
499
141
-63
-89
-382
175
1120
226
-225
-233
-220
-108
77
375
-208
-384
-715
-601
-644
-677
135
383
-88
156
-67
-544
-530
301
607
273
510
878
1014
738
1036
1139
1145
1092
1371
1391
1049
807
719
498
297
425
603
605
713
956
885
612
454
367
254
454
413
375
139
0
-56
22
418
216
462
625
253
261
35
56
-82
-124
-440
-672
-475
-562
0
227
128
218
68
167
574
1135
1383
1075
1228
171
-305
104
-295
871
1414
694
421
-34
407
500
-76
-208
-235
654
862
932
656
627
770
151
142
308
270
-468
202
768
149
474
338
225
372
389
725
694
654
325
-137
-42
312
-103
140
225
-528
-194
-175
19
-80
224
677
-138
32
447
372
355
394
443
260
220
66
-768
-1143
-235
-524
-490
-108
-172
337
264
616
743
757
528
875
983
1044
888
378
718
596
639
233
20
109
264
111
15
-64
-79
-234
-197
372
37
283
570
379
531
843
827
528
256
-198
-159
22
0
-332
-750
-947
-754
-253
-319
-543
-123
-33
255
509
766
1817
1172
1173
901
443
1072
1681
1536
1094
1083
600
942
478
373
507
355
-327
-171
258
4
27
-116
231
124
530
482
231
213
-155
-1016
-706
-240
316
618
124
159
284
111
181
1056
1594
2366
881
351
345
339
726
194
91
-101
-277
-74
-223
-527
-101
-392
-137
87
387
620
834
497
348
411
230
119
19
103
-414
-283
-107
-94
-16
120
486
575
443
730
1210
1491
1404
1012
1091
1007
919
1473
1185
513
204
848
694
209
477
102
208
118
254
504
610
246
44
107
335
500
-317
420
223
47
260
-575
-661
-913
-1148
-958
271
1290
1375
1046
1016
1049
872
765
613
700
845
612
253
-160
539
231
-171
353
-251
-184
-343
20
184
-235
-592
-875
-711
512
444
-261
122
134
235
70
371
273
159
166
625
347
172
205
-76
39
-21
609
542
1446
1265
114
3
-233
152
43
320
108
-272
110
-179
-103
-354
-620
-258
-155
-105
52
139
101
171
120
-89
237
490
510
307
-133
-706
-744
-366
-264
-7
233
743
679
692
561
944
1331
1327
1291
892
1063
968
531
608
474
447
659
167
120
-112
-307
130
62
-288
-254
159
936
1285
1116
709
793
823
840
252
-87
10
-561
-917
-934
-919
-1286
-987
-585
-267
-56
339
392
614
741
493
643
250
248
238
86
478
297
181
240
240
742
843
795
885
301
298
170
-49
420
393
251
191
209
77
117
340
120
-24
54
-222
178
110
212
49
521
1437
1074
455
36
-198
-444
-234
-443
-316
-473
-422
-435
-271
-341
-764
-484
-516
-266
-103
-299
-182
-52
272
35
-98
12
77
178
185
-435
-278
-463
-715
-648
-1270
-980
-1238
-611
-290
486
123
283
560
501
812
322
750
806
1283
1089
867
894
524
307
528
308
467
309
-52
-443
-606
-243
-527
-224
-570
-516
-373
-336
137
-5
-622
-1004
-869
-993
-827
-630
-614
-1079
-497
-220
78
0
-86
679
1057
1283
1090
910
351
545
653
257
-42
411
419
76
117
743
439
-60
-230
27
-217
-446
-160
-579
-175
62
312
-19
-117
-207
-44
-141
22
-13
-402
-364
-80
237
894
1218
424
133
-202
-486
-558
-272
-336
-197
-232
-3
-243
-395
-387
-153
228
-8
47
30
125
251
280
-299
-183
201
133
15
498
408
91
1
-425
-761
-872
-673
-707
-784
-262
193
363
878
860
836
1140
1172
1061
753
263
228
133
208
86
-342
-513
-548
-99
173
-232
-406
-667
-875
-704
-652
-583
-544
-359
-283
-477
-448
-245
-262
23
-568
-680
-547
-1011
-1192
-1461
-986
-497
-36
122
-4
325
369
87
-90
-76
-207
-89
-78
-78
-222
-475
-270
-409
-125
-294
-494
-772
-1374
-1409
-978
-277
-258
-409
-345
-107
-31
-292
-273
-1022
-784
-244
-505
-162
-171
-520
37
853
247
188
-208
-584
-496
-267
-215
-593
-657
-598
-939
-942
-229
14
-223
-574
-262
-471
-68
432
430
631
715
359
-93
61
-96
164
576
357
-197
-336
-594
-1036
-904
-1003
-1168
-1687
-1637
-1160
-650
-27
306
314
225
402
292
384
50
173
324
245
-38
82
305
-76
364
607
610
302
-328
72
50
-176
92
-162
-20
-454
-183
-349
-912
-1030
-1002
-922
-987
-724
-714
-581
-308
-372
-516
-338
-357
8
-153
246
589
291
291
266
-57
-844
-808
-75
124
229
-308
-374
-409
-472
-222
-542
-515
-624
-132
214
165
-125
305
362
86
-77
-455
-297
0
-2
-66
76
688
1248
850
303
-572
-991
-704
-618
-308
-30
568
1334
442
-107
-152
-428
-72
-72
-253
85
246
93
-282
-384
-629
-682
-206
-246
-300
-279
-424
-342
-63
-205
-162
-438
-423
-596
-1090
-795
-1681
-1623
-1201
-1489
-1144
62
1207
821
975
1288
1289
1203
885
295
522
640
265
56
-401
-523
-971
-669
-390
-539
-333
-418
-459
-482
-340
-317
-162
-379
-1067
-1283
-1171
-1312
-1190
-633
-687
-555
-614
-662
-354
-400
-185
139
350
573
-130
-248
452
424
246
174
55
-128
-719
-388
460
176
-77
-90
-479
-660
-901
-547
771
590
667
356
-393
-238
-340
-237
18
623
358
227
282
717
1449
232
-598
-534
-539
-572
-504
-119
-270
-541
-229
-491
-801
-527
-189
-124
-185
93
142
346
-184
-120
-44
120
351
152
195
-170
-308
-315
98
-391
-386
311
797
652
506
415
175
112
-312
-276
-155
-133
-587
-604
-316
-410
-139
-24
221
866
883
681
343
477
570
349
583
456
267
63
113
-14
-203
-153
-90
-324
-191
-67
-638
-668
-759
-787
-1079
-380
-20
-323
-168
-237
-258
-204
-345
51
275
255
754
179
128
-198
459
-324
-413
656
-641
-653
-390
-605
-834
-283
91
714
1222
854
416
372
676
458
249
-110
-145
-208
-558
-275
-449
-264
77
319
764
78
-252
-502
-571
-463
-414
-144
-151
-40
63
-257
-609
-569
-706
-388
-452
-555
-202
478
485
-25
518
553
840
1047
1010
1048
584
559
227
-137
-12
-213
-191
-88
-38
98
259
231
-70
-14
-15
52
-3
-132
-369
-811
-1095
-1048
-514
-220
-355
-160
208
315
958
1039
800
865
679
889
308
-20
312
164
492
511
341
397
328
80
-293
-506
-502
-497
-913
-608
-140
-460
188
794
229
493
295
-157
112
180
612
1063
1509
1556
901
339
109
179
91
-334
49
75
-344
-144
-315
-372
-122
248
503
258
-29
-170
-76
301
522
616
1033
1020
1238
1479
849
0
-567
-619
-700
-700
-608
-1043
-738
-282
-483
-220
-278
175
406
534
1024
654
524
36
-215
201
133
303
492
463
91
-13
28
67
-166
-265
-171
-297
-300
-409
-161
-353
-148
-383
-248
-222
-481
-30
40
-117
-561
-864
-941
-805
-1592
-1387
-350
-221
-170
344
131
171
674
628
797
745
916
492
79
181
-69
-212
324
790
184
-278
-425
-960
-1070
-1212
-1428
-790
-80
271
333
448
358
102
486
615
650
175
111
294
196
251
294
76
-600
-456
-623
19
444
21
83
-247
-93
-9
491
692
393
177
422
398
19
214
-460
-64
-22
706
1487
875
477
318
592
750
456
9
150
31
-30
-364
-705
-1014
-720
-111
174
-118
-84
-8
26
230
155
286
227
421
555
487
250
105
-292
6
255
59
164
213
-109
-215
90
30
476
457
244
54
-13
275
242
245
-53
56
180
-88
168
-347
-1347
-1628
-1145
-348
79
555
579
975
924
467
789
867
999
750
1287
1252
905
782
535
430
-190
-534
-791
-473
-533
-672
-855
-319
-456
-462
-65
-271
-173
598
1175
854
778
241
37
106
458
459
525
221
-149
-545
-716
-878
-503
76
-295
-590
-552
-561
-453
655
985
822
794
883
1458
1715
1219
1081
358
130
-292
-438
-247
-624
-492
-662
-495
-606
-537
-718
-670
-491
-194
-176
-300
-193
-250
-145
-22
-181
-105
278
298
-11
-265
616
369
687
462
34
74
-196
191
173
469
37
180
405
320
332
243
-48
-70
-158
-3
383
207
41
-262
8
59
-479
-631
-1119
-1147
-556
-374
-397
12
285
469
1041
1154
1354
788
696
746
942
353
-257
105
-132
-379
-494
-301
-524
-330
-200
158
261
194
488
389
38
180
596
541
278
-315
-10
404
339
9
-396
-335
29
148
159
452
563
840
641
592
571
485
-100
-762
14
339
424
573
231
796
976
513
786
600
364
-6
-259
-371
-519
-799
-386
-123
-317
-96
-192
-218
-798
-195
229
329
518
231
104
-51
210
127
96
265
296
396
303
74
81
294
357
398
249
-111
105
225
632
475
-33
-144
-299
-375
-88
-252
-162
915
645
356
429
330
-73
-356
-417
-393
-239
-705
-865
-1106
-1401
-1168
-490
-676
-784
-4
945
1372
990
1223
1203
1140
805
396
1
-306
-563
-730
-618
-850
-970
-1165
-1016
-713
-729
-593
63
241
553
746
929
954
924
1262
1011
1089
405
157
125
-321
-974
-1021
-588
-565
75
5
-371
-662
-597
-620
-242
27
-120
808
1238
660
735
377
65
-125
-393
76
0
12
-186
-277
-433
-606
-377
-593
-501
-235
-477
-378
-83
-1
-103
-115
-23
132
66
190
473
134
246
286
-50
139
-82
-361
-363
-193
215
561
422
166
364
94
399
263
-351
-420
-91
215
-216
-133
11
-253
-321
-481
-383
-622
-480
-44
-235
-445
-827
-567
-470
-241
-149
-261
-60
45
127
262
738
159
-652
-530
-322
-325
124
133
-180
-341
-283
415
613
881
558
207
431
345
680
529
293
147
-292
-314
-541
-666
-642
-522
-316
-299
-115
381
-23
-53
43
-249
-12
-131
-17
185
45
-109
130
302
1560
1133
407
188
-594
-280
-229
48
105
218
-121
-63
-225
-589
-158
-291
-398
-174
187
322
353
91
-96
-3
-427
-380
-192
-285
19
503
700
327
439
436
-59
-175
-9
421
-13
145
260
-234
-18
-30
228
255
161
-29
-37
153
236
209
322
608
549
353
445
369
175
282
470
311
82
-225
85
253
-581
-1293
-1616
-603
10
517
912
1563
1753
1359
575
393
899
369
527
632
971
889
702
293
-134
158
455
761
666
1
554
657
328
321
-407
54
244
473
467
252
358
456
616
1098
760
13
173
493
805
284
173
405
423
275
1235
1656
580
447
639
0
-90
153
117
1086
1068
545
-256
-261
-112
-215
484
201
503
842
932
1047
639
557
477
249
309
331
648
298
-295
275
439
335
830
259
87
564
278
241
18
314
547
451
983
1252
876
665
515
387
460
657
849
854
459
256
230
-96
-495
-699
-173
388
392
754
560
769
917
549
158
-738
-116
-156
-197
-283
-653
-984
-896
-493
-656
-520
-338
123
113
631
724
384
45
223
452
341
625
-102
-180
291
323
17
63
479
360
-166
-420
-407
-465
40
-86
49
126
21
442
85
-273
-372
-629
-139
229
2
1031
994
164
167
-109
15
186
0
263
717
-9
-726
-424
-288
-274
13
98
-142
-225
-53
155
287
254
63
13
189
374
194
20
164
-22
-150
-48
-183
-154
-93
103
464
447
371
439
302
292
485
374
205
163
-128
-30
21
-405
-178
364
420
274
233
51
202
346
387
246
191
201
169
-77
-179
-36
-172
-212
-513
-442
-383
-541
-893
-1127
-1296
-1193
-1280
-1615
-1337
-853
-308
113
480
365
486
820
967
813
439
519
501
505
532
396
87
-455
-252
75
-107
-497
-441
-405
-475
-454
-851
-654
-493
-286
-8
1
28
-300
-561
-322
-135
640
818
475
-229
-1064
-525
-548
-469
-538
-1230
-1305
-946
-1094
-1218
-1013
-804
-894
-790
-1135
-884
-131
-645
-523
-324
-371
-605
-228
108
153
336
-64
-595
-645
-389
-364
-318
-460
-641
-599
-751
-941
-885
-457
-13
-197
29
73
-40
-189
-453
23
191
15
-240
-556
-411
-337
-575
-814
-760
-401
-478
-356
-140
-325
-500
-437
-417
-124
-373
-364
-122
-504
-310
-879
-1164
-1563
-1937
-1968
-1980
-2045
-1839
-1476
-1303
-686
-366
334
516
448
369
391
610
598
639
693
598
522
-8
-318
-478
-905
-874
-728
-555
-705
-279
-163
-261
-233
-471
-352
-14
46
-159
-469
-324
-497
-828
44
133
-191
-632
-1076
-720
-357
-721
-1176
-1048
-1249
-1225
-912
-971
-982
-656
-431
-265
69
-155
-498
-903
-767
-602
-693
-408
-683
-588
-343
-177
-102
-33
-13
-178
-586
-979
-324
69
-437
-498
-394
-709
-986
-1065
-763
-532
-587
-436
-559
-424
-169
178
116
-400
-329
-420
-441
-409
-134
-168
156
20
-588
-660
-327
-389
-488
-485
-583
-174
-284
-199
-444
-598
-818
-949
-1569
-2095
-2448
-3167
-2963
-2007
-1564
-1126
-365
-117
238
0
9
568
387
87
796
1216
1037
806
695
74
-220
-594
-873
-1245
-1341
-1019
-1337
-1369
-1464
-1113
-1085
-486
-304
-589
-503
-478
-373
347
1053
101
-781
-1200
-1122
-749
-682
-365
-415
-318
-1241
-1978
-1128
-1370
-1219
-848
-1196
-912
-770
-604
-260
-335
-627
-634
-801
-1078
-399
-19
26
-118
34
-61
-172
-193
-427
-708
-674
-218
-583
-564
-613
-687
-554
-401
-433
-576
-586
-412
-365
15
-52
-205
-166
-195
503
271
-61
19
-55
-153
172
91
167
17
-192
-66
234
-2
-739
-573
-356
-230
39
377
114
-208
-559
-748
-1299
-1905
-2391
-3114
-2444
-894
-658
-3
165
447
448
113
569
533
569
577
1136
745
720
336
56
-129
-312
-333
-212
-7
-263
-383
-304
-238
-506
-185
-248
-49
-163
-541
206
596
233
756
592
360
769
-132
-576
-560
-319
-277
-729
-742
-1356
-1250
-1066
-758
-472
-325
-262
-509
-454
-591
-324
-557
-527
-545
-558
-319
-319
-258
-179
-181
-42
-307
-222
-157
-310
-104
-222
-199
-364
-2
-326
-637
-724
-845
-395
-356
-140
-51
0
163
-53
-185
-233
-272
-181
-45
105
151
-5
251
568
232
-76
-258
-346
-297
-177
-562
-715
-795
217
795
573
562
-127
-268
-802
-1137
-1503
-1560
-1619
-1767
-2362
-2515
-2054
-1415
-425
-431
-174
92
787
821
924
726
635
960
508
584
169
227
454
334
-14
79
-38
-416
-800
-907
208
104
-272
-38
97
204
268
713
1040
567
16
-386
-391
-411
-21
-42
-402
-161
-897
-1285
-1158
-1059
-840
-509
-343
-320
-139
-116
-161
-171
-577
-415
-215
-201
231
175
108
-64
-60
-134
-99
-7
111
329
225
66
61
174
94
214
98
-66
-404
-331
-203
-128
187
745
662
-125
107
102
261
453
229
-74
53
638
1047
1169
846
431
397
478
586
211
-33
213
-88
-67
-243
-351
-299
-472
-295
-185
-641
-1068
-1054
-1272
-870
-1402
-2358
-2305
-1720
-748
-369
0
221
148
604
1063
1124
882
776
1504
1215
818
726
429
626
795
579
223
-164
-183
183
-121
-379
-363
-346
84
-69
-417
282
917
863
471
0
-58
-109
-479
-106
-257
-687
-828
-547
-733
-993
-592
-663
-276
-459
-594
-461
-324
-65
-82
-18
-116
-188
-95
118
178
83
257
-206
-730
-396
170
215
136
750
860
525
782
687
-73
-328
-75
107
-291
-126
239
870
1104
600
362
187
323
331
539
702
512
438
658
581
717
499
-26
300
573
502
384
146
-28
-9
365
428
602
368
-174
-133
-75
-243
-312
-1016
-1228
-515
-610
-316
-144
-516
-1433
-1544
-364
111
256
1064
1031
1046
862
763
1206
811
986
961
586
569
531
694
677
394
173
92
357
449
153
-223
-495
-453
44
633
1127
1037
674
459
294
-196
-321
281
220
-89
52
-417
-290
125
437
150
-33
26
-215
-90
-554
171
-314
-37
-184
108
829
305
643
467
167
-653
-83
232
619
1208
1406
1194
1250
954
882
952
637
488
281
412
226
264
66
301
-10
250
233
73
186
225
336
437
487
521
850
901
875
697
744
237
201
317
685
561
341
384
532
482
201
447
189
215
-43
-2
144
-202
-378
-1152
-1661
-1378
-850
-499
-377
-577
-869
-112
163
30
165
129
468
816
689
967
772
828
1138
844
798
317
451
783
813
845
749
164
141
447
480
175
-282
-16
1087
1593
1080
744
418
390
100
83
-63
-547
-602
-40
210
297
339
-240
9
-33
-798
-605
-366
-341
502
778
740
544
522
618
80
115
260
755
607
384
814
541
272
275
175
385
525
576
728
122
398
403
-89
178
457
793
467
-4
206
349
328
245
-198
-13
680
1101
933
904
554
415
675
493
585
547
632
413
327
224
133
-324
-242
165
169
203
211
485
-24
-669
-1231
-1302
-1348
-1064
-1082
-990
-147
521
-14
-968
-1222
-466
254
46
174
-67
49
668
855
580
464
556
812
491
446
607
1048
1329
1008
337
-234
-203
-760
-544
8
395
1382
1139
60
-218
-274
295
120
-599
-626
280
549
631
654
186
298
81
21
16
63
-368
-54
-196
-530
-382
-349
26
50
71
414
213
58
373
491
785
572
633
579
503
435
727
637
581
569
496
463
793
868
732
1072
654
493
790
879
542
783
842
1192
674
490
52
-152
469
448
820
814
887
858
971
725
550
325
438
783
836
788
899
1073
633
598
476
111
-47
-457
-746
-675
-700
-121
27
354
799
499
706
548
-299
-321
656
593
864
709
757
1038
664
518
98
704
1002
1096
1096
1243
1177
421
719
622
488
704
597
1019
1690
2329
1842
978
705
432
279
274
317
293
170
-385
-769
-474
-177
-35
-125
-240
-199
-35
200
318
225
189
241
276
170
18
72
-62
256
349
157
299
471
627
584
714
984
1117
1004
855
845
1090
984
944
784
613
439
137
-39
114
483
193
293
331
422
541
723
346
-131
-155
104
582
623
692
226
65
98
553
803
469
454
428
309
367
376
249
137
83
-59
206
21
-506
-582
-1210
-1460
-1300
-564
-401
-224
-11
-318
-377
-507
-328
37
-554
-945
-863
-218
486
-178
-12
-356
705
1262
365
1025
1256
983
483
444
860
1045
460
81
373
120
-390
229
380
62
72
101
268
324
475
402
181
-389
-441
-81
-132
-13
256
137
-212
-384
15
70
12
319
542
279
346
1062
544
533
649
304
772
879
368
302
529
379
186
14
-112
-81
106
210
653
984
909
748
770
565
-68
56
116
411
841
562
-167
-173
310
588
760
354
375
302
534
481
568
692
499
544
642
662
362
476
331
466
184
325
349
248
99
-536
-499
-748
-273
-135
-655
-266
-435
-1159
-994
-385
1122
1761
1375
1228
1048
258
-897
-507
433
633
352
253
30
114
-36
291
565
183
180
479
1279
1068
626
326
170
311
587
1017
930
471
452
513
131
-221
-454
-312
-95
132
525
398
-200
-358
-379
177
585
378
150
21
-171
-396
-161
-308
-372
127
287
-263
-229
-232
-209
-20
145
387
16
-37
-227
-233
57
-36
10
158
150
-17
131
385
321
447
139
38
59
-23
143
83
-46
-113
-145
32
-191
-411
-37
-79
345
223
-28
-37
114
-171
-478
0
606
813
413
376
-356
-297
-168
443
691
486
477
64
-121
-735
-845
-841
-824
-745
-650
-696
42
613
700
367
274
633
545
406
-280
-997
-539
-200
-806
-653
-272
259
274
393
589
442
160
40
468
462
787
286
324
586
949
1024
246
45
-104
60
-120
-245
-274
-151
-361
-237
-929
-890
-263
-303
-280
-434
216
239
-3
-268
84
-37
-193
-254
-825
-339
112
138
-152
-215
-37
-20
125
314
201
-219
-189
136
192
247
220
-78
106
61
38
-124
-346
-222
248
263
-26
-324
-784
-353
-825
-120
583
-218
-45
-134
-582
-657
-786
-598
-480
-89
611
654
73
48
224
71
253
-3
68
218
13
-168
-332
-599
-833
-1084
-1300
-1713
-1958
-1844
-1663
-1468
-815
-351
-276
31
163
362
130
171
-54
-71
-523
-1498
-1295
-699
-291
-653
-87
284
175
443
175
237
254
401
690
581
76
-212
-274
337
748
659
12
-534
-430
-407
-161
-300
-206
121
-15
-466
-508
-374
-419
-580
-379
-53
-216
-388
-236
-91
-80
-343
-47
-77
-502
-247
-61
128
342
178
114
68
-83
-66
93
150
-347
-399
-325
-498
-675
-883
-1051
10
327
45
203
-352
-182
-65
-227
-272
56
157
275
617
325
126
-58
-27
-59
-4
42
-3
117
-120
112
177
-258
-380
-300
-108
-211
-341
-368
-302
-222
-261
-271
-219
-592
-866
-1011
-1444
-1354
-1687
-1676
-1256
-930
-385
-272
-224
124
516
720
702
1117
820
675
494
-1015
-1125
-409
-331
-809
-681
43
138
57
173
-40
192
169
-26
214
457
613
1079
632
190
527
-75
-534
-1010
-596
-273
-286
-443
-736
-813
-525
-748
-647
-120
-357
-235
-151
95
-256
-443
-226
-75
-46
-241
-640
-480
-213
-522
-372
-1275
-1267
113
-143
-219
-444
-531
-732
-945
-441
-530
-498
-250
268
242
84
167
44
-265
-242
-19
173
-76
-110
-88
-44
-186
-611
-564
-626
-110
-48
-352
-519
-474
-465
-560
-305
61
-183
-175
-186
-501
-162
-130
-150
153
-20
-5
-94
-720
-706
-586
-929
-1479
-1277
-1292
-1133
-427
-56
-100
-230
47
554
509
567
641
239
419
-15
-728
-1040
-897
-374
-116
-140
-504
-475
-136
321
529
110
-25
47
491
754
555
506
1512
1542
432
-197
-587
-126
-217
-154
-110
-481
-490
-549
-650
-709
-859
-473
-220
-443
-225
-160
-359
-826
-776
-55
-43
-260
225
-142
-640
-669
-758
-597
89
564
746
970
461
129
-329
-413
-261
-84
170
306
140
-8
-354
-452
-96
-178
311
45
0
132
-157
-58
-99
-296
-187
197
309
-99
-337
-133
-197
95
-47
-262
-126
-197
-124
-42
-163
-363
-21
138
194
17
-73
103
-16
-88
-492
-748
-1164
-1423
-1621
-1911
-2105
-1334
-718
-666
-596
-502
-79
-410
-411
-141
46
419
686
363
-820
-1835
-1008
-538
-639
-332
-259
-467
-311
-276
-25
161
-291
131
274
177
184
749
875
53
-219
-338
-397
-216
-957
-1006
-1090
-1223
-1059
-50
173
-595
-172
-421
-350
-613
-840
-636
-94
3
689
623
183
483
427
262
-512
-327
-242
66
366
271
-83
-153
-11
59
12
-112
-89
-121
90
-104
17
-336
-392
-55
-116
388
89
-44
95
-104
239
465
708
452
403
398
190
186
299
178
412
729
231
382
66
171
180
60
81
-167
-67
35
277
191
215
278
427
405
55
-457
-1250
-1532
-1229
-929
-568
-440
-342
-210
59
523
785
817
989
706
714
434
294
297
-339
-366
-768
-1066
-703
-439
-311
-97
-241
75
420
474
441
355
480
673
549
2103
2187
357
72
-331
-135
-1002
-1518
-635
35
152
490
571
159
207
4
-64
160
-128
-340
-142
-45
326
-163
-417
-464
-448
-244
-260
-32
-461
-374
-330
-23
-1
-530
-257
-465
-71
118
91
-88
-299
-444
-475
-134
-184
-68
-25
122
116
-96
-114
48
-131
356
195
-88
67
-312
-147
-120
-40
-134
-420
-159
122
58
224
234
16
-311
-430
-287
-544
-527
-237
77
218
32
63
-78
-78
-132
-466
-547
-570
-829
-661
-676
-671
148
297
282
76
40
66
245
889
887
562
295
162
-352
-1039
-1662
-1512
-227
740
546
110
-26
8
148
-602
-373
402
614
1715
2435
1867
1020
591
338
233
123
-236
-32
-188
-631
-372
-836
-777
-600
-424
-192
-77
-54
258
56
-254
183
365
689
265
266
431
365
37
64
46
141
416
383
416
342
158
147
49
377
321
-146
192
73
892
1044
541
-334
-257
632
434
509
866
656
618
951
790
1186
810
440
215
73
-59
-65
139
20
102
49
37
446
695
438
341
78
284
77
138
464
357
334
96
379
282
228
257
-339
-404
-538
-651
-645
-881
-775
-592
-417
-528
250
1016
761
497
111
539
721
109
-52
-39
177
146
508
904
398
622
539
453
495
409
212
273
237
177
405
123
1467
945
-402
-261
278
252
22
76
-342
-304
-309
157
204
-135
181
543
341
454
510
761
811
468
670
495
326
485
213
126
209
-62
-122
525
527
277
478
256
-116
-242
305
508
859
1192
885
900
1173
735
369
-38
-57
228
146
281
268
380
498
280
443
761
509
647
480
576
547
471
387
65
299
441
494
75
22
252
115
22
173
-75
63
132
154
71
47
275
-473
247
369
-394
-478
-435
-697
-622
-112
-287
455
834
1099
1441
1146
1204
1247
1468
1354
544
51
-221
-314
-685
-1018
-729
-243
-56
3
-19
93
197
358
682
593
664
76
504
1015
1343
1200
281
80
-261
44
4
-116
-524
-548
-479
-375
-253
-774
-604
-332
142
359
565
560
340
182
10
-9
-10
250
-125
-321
-135
-310
-56
28
162
-218
-503
-345
-323
-64
164
145
-72
148
-328
-210
381
375
274
282
142
85
-162
-363
-703
-447
-11
-536
-75
-308
-322
-338
-633
-457
-291
-390
-349
-371
-694
-141
-541
-880
133
419
-194
-22
180
-512
-910
-410
-425
-456
388
561
624
300
-260
-353
-247
-162
-350
-37
71
184
207
-25
57
-301
-69
245
196
719
608
328
-203
-319
-171
69
56
-123
258
366
493
-44
13
66
359
33
-114
21
23
591
620
761
869
374
-226
14
-411
-380
-406
-503
-921
-713
-331
-253
-1
-112
489
3
-129
286
220
420
525
-70
-131
-398
-78
47
-412
220
235
54
52
224
85
234
296
311
92
-274
5
280
270
8
307
-158
43
327
-147
-126
-134
121
-142
-1
-19
-190
-459
-584
-73
78
-144
-367
-118
-101
-48
-163
-172
-35
74
447
1183
1417
1082
947
493
274
138
-281
-425
-702
-946
-1161
-1688
-1642
-1611
-1617
-1242
-1183
-872
-321
-190
423
1041
914
547
474
641
505
325
129
-415
-492
-844
-581
-684
-1037
-1101
-1030
-234
-148
-86
-183
10
-451
-346
59
-7
-110
-211
-76
266
179
-116
-66
-468
-1407
-1118
-534
-473
-256
-562
-1168
-1415
-1233
-1303
-482
-583
-747
-454
-106
-183
62
-150
-17
252
-69
-18
-249
-205
-397
-201
-227
-189
-497
-553
-509
-481
-604
-417
-475
-663
-607
-465
-310
-334
-119
-562
-1004
-652
333
-56
-221
470
230
-542
-633
-265
103
635
790
978
785
598
330
171
47
-548
-300
-206
-486
-445
-129
-425
-702
-475
-798
-527
-530
-1026
-1110
-1208
-1222
-1175
-1439
-1240
-778
-620
-257
15
78
320
546
279
362
412
391
605
298
263
-98
-277
-435
-701
-972
-1272
-1238
-1177
-1127
-1373
-858
-250
129
530
473
-165
-379
-660
-261
-20
273
413
-87
-486
-530
27
-422
-721
-1108
-1016
-521
-594
-738
-374
-199
-488
-907
-431
75
288
185
-234
-16
-343
-585
-623
-397
-187
-470
-509
-644
-774
-916
-607
-762
-1169
-1030
-1033
-572
-365
-800
-1062
-490
-335
-696
-1424
-1214
-721
159
750
521
738
735
682
537
422
-151
-488
-579
-638
-619
-730
-780
-827
-1112
-1262
-1349
-1054
-1174
-841
-407
-351
-128
-202
-462
-412
-110
-79
35
-197
-360
-427
-623
-1088
-1065
-1309
-1368
-1207
-730
-371
-160
308
184
324
497
111
-371
3
261
449
46
-386
-215
-174
-275
-590
-1101
-1094
-950
-586
-130
-314
-424
-756
-692
-408
-175
-304
-42
105
-7
-1
-267
-262
79
200
562
475
-154
53
-381
-762
-640
-779
-721
-698
-732
-348
-746
-430
26
249
222
302
75
-394
-295
-337
-356
-519
193
-452
-755
-682
-258
-720
-958
31
288
513
343
752
793
475
379
294
-82
-310
-378
-299
-40
29
-11
-40
-353
-645
-381
-23
-178
-65
219
-101
-359
-448
-383
-440
-426
-228
-430
-357
-198
-141
50
36
-102
-188
-140
216
-125
-419
-62
-6
-203
-607
-780
-1359
-1750
-1682
-1468
-822
-592
-777
-342
-111
-350
-452
-269
76
55
64
-22
-144
98
-411
-1063
-1147
-1479
-1418
-910
-630
-672
-464
-125
-400
-425
-225
-98
-404
-595
-388
-677
-827
-1071
-468
-330
-189
14
43
-120
-968
-724
-1061
-1056
-1267
-1042
-443
-588
-617
-1150
-1083
-950
-756
-540
-776
-684
-933
-808
-170
188
22
-350
114
-20
272
620
160
-251
-528
-874
-845
-642
-780
-534
-352
-757
-1010
-914
-756
-355
-217
-206
-334
-277
-404
-463
-465
-136
-262
-278
-177
-279
-377
-454
-89
-127
-29
32
-119
-398
-123
-406
-346
-388
-668
-398
-469
-905
-1133
-715
-250
-207
-640
-47
155
-71
-243
-702
-858
-1065
-1303
-1381
-1069
-811
-277
-349
-532
-684
-1027
-423
-355
-182
-230
-716
-224
309
-161
-700
-661
-527
-251
-96
280
393
-521
-556
-232
-308
-181
-540
-441
-652
-782
-557
-313
84
-275
-418
-135
735
1068
-136
-320
-488
-986
-1189
-883
-721
-354
174
-564
69
-12
221
546
279
316
131
221
201
96
-222
-305
-384
-143
-38
103
-17
-239
-537
-530
-188
-45
-192
-185
-364
-417
0
-179
-361
-278
-191
-190
-118
-284
-36
172
22
7
-240
129
739
666
258
232
-123
-667
-394
-209
-622
-560
-282
-481
-360
-441
-13
156
381
421
67
372
496
352
265
270
384
681
715
624
-230
-1150
-1236
-1005
-905
-903
-769
-239
-209
415
437
335
657
776
874
679
785
370
282
314
593
144
173
365
356
632
514
534
361
-414
-1027
-215
427
328
275
692
160
-316
-1
-591
-231
940
1467
2248
2380
1392
710
131
303
611
642
670
616
581
340
165
-125
273
181
136
265
358
816
821
588
13
93
182
314
744
599
397
211
281
404
441
360
813
906
388
710
720
885
754
1057
1083
1080
1066
664
934
409
464
176
585
680
212
897
863
1050
1193
818
782
1129
1489
1092
923
1054
754
603
472
610
527
416
445
519
398
396
619
486
735
1049
965
613
868
831
482
342
31
148
60
284
367
589
626
682
735
568
479
567
863
704
476
-426
704
1478
876
814
848
511
-273
-618
-24
600
495
831
792
688
393
342
135
383
419
397
461
607
1280
1583
1593
1009
701
-11
171
827
688
310
-119
-261
-57
-99
-27
-209
-431
-129
132
368
430
787
939
949
668
518
794
1019
401
908
1244
563
904
441
285
503
187
235
354
97
368
823
875
549
912
1259
1175
1148
1104
994
818
902
927
1237
1210
986
849
504
643
926
714
863
747
724
701
555
612
671
912
951
925
904
928
943
986
1097
651
714
994
995
1039
961
1034
914
1040
657
-40
-411
-221
-442
1239
1824
680
1200
850
1183
944
636
898
1679
2508
2156
2014
1840
1724
1524
1627
1354
1158
1045
1049
1108
673
928
885
698
534
783
1101
964
845
992
1314
1453
1445
1606
2206
1701
1123
866
909
974
1107
1069
653
583
-80
192
162
439
584
402
1122
1191
1076
1105
1451
1248
1127
825
890
802
482
689
485
859
618
312
953
1094
803
768
704
610
867
1060
1274
1319
1092
1034
801
957
1262
1198
919
581
521
622
882
1034
1165
1159
1183
913
634
959
1319
956
966
524
209
730
423
436
827
1064
901
863
776
712
498
510
228
935
1853
1384
452
-145
-464
-828
-148
454
926
1487
1706
1720
2052
1691
1654
1662
1484
1627
1563
1098
918
900
498
472
506
1005
885
902
1012
471
719
1146
1286
1546
1441
1204
1147
389
9
409
533
630
581
427
418
255
758
1746
1521
1033
782
620
919
829
742
517
439
566
313
298
-100
-238
-48
-11
-109
-241
203
922
796
1207
1312
700
1059
724
760
987
1061
737
354
568
476
494
525
325
-86
-52
99
536
819
527
712
652
650
1046
898
1062
960
782
716
540
449
417
476
332
226
134
334
111
64
-87
-456
-308
669
468
135
336
219
287
181
596
157
293
680
784
1285
1482
200
-728
-752
-747
-240
-152
26
112
92
140
137
322
378
590
578
362
456
336
663
398
-22
-90
-3
39
-97
13
314
242
-186
-165
-355
-438
246
353
14
470
537
-209
-700
-544
-589
-426
-107
-289
-473
319
652
79
-243
-926
-904
-397
-159
429
134
-119
-446
-732
-542
-818
-286
-34
-310
-194
103
61
44
114
294
-195
-55
622
190
-39
118
68
127
-221
-431
78
120
191
51
-146
-228
-169
28
95
-140
-231
-198
305
369
43
165
-256
-607
-524
29
14
-218
60
-165
-104
-45
-323
-147
-437
-774
-647
-37
632
768
646
475
-115
-458
-432
-572
-62
202
-116
-187
-16
-392
-911
-1246
-1186
-458
27
-169
-322
-97
35
41
3
194
337
165
137
-137
-622
-393
-350
-168
-259
-77
-137
-680
-192
503
798
607
337
-92
-8
-174
-4
-211
-474
-295
-905
-702
-427
-498
-473
-942
-847
-895
-489
844
177
-56
-113
-768
-485
-508
-387
-584
-619
-527
-456
-297
-564
-642
-688
-698
-1025
-645
-451
-218
44
-285
-253
-246
91
-74
-440
-611
-469
-563
-476
-534
-729
-495
-409
-960
-1303
-1310
-1198
-887
-705
-380
-313
-144
-272
-150
-353
-577
-949
-684
-438
-714
-134
252
274
139
-143
-623
-802
-531
-378
-475
-239
-451
-600
-719
-699
-487
-486
-237
-364
-324
-138
-17
-217
-387
-85
154
-26
-1372
-2253
-1961
-1381
-731
-655
-441
-333
-76
23
-364
-152
-244
-2
126
48
23
-63
14
-711
-766
-306
-834
-1421
-952
-497
-232
-21
-42
41
154
287
42
31
181
226
28
-258
-182
-416
-1044
-647
-768
-1311
-321
-174
-719
-795
-1394
-1437
-1032
-1198
-951
-837
-711
-931
-452
-275
-263
-117
-803
-616
-671
-693
-735
-515
-450
-582
-324
-505
-815
-354
-789
-1725
-1471
-646
-320
-344
-233
-231
46
-391
-763
-1187
-1082
-498
78
555
135
431
131
-413
-722
-999
-557
-579
-134
-323
-654
-706
-989
-907
-910
-480
-244
-372
13
384
-536
-514
-374
-389
-332
-681
-591
-615
-183
-727
-984
-538
-426
-305
-297
-654
-958
-918
-1312
-1749
-1447
-985
-951
-1336
-1145
-866
-1266
-1164
-805
-453
-541
-330
230
534
204
-24
-220
-508
-500
-269
-410
-630
-641
-702
-491
-850
-1011
-1089
-693
-64
-381
-822
-377
-475
-732
-516
-422
-436
-399
-270
-174
-227
-849
-1346
-1283
-913
-737
-911
-1476
-1287
-987
-1256
-1066
-725
-684
-763
-702
-1031
-677
-584
-849
-99
-177
-86
-230
167
240
-309
-668
-1466
-1484
-1301
-153
374
354
309
-445
-1007
-1068
-868
-643
-414
-3
-120
-389
-340
-413
-418
-514
-79
121
90
330
431
73
-440
-464
-490
-315
-288
-277
-443
-539
-368
-792
-683
-728
-3
118
-315
-119
-124
-140
-189
-579
-1031
-259
-284
-654
-904
-847
-895
-1119
-1294
-1221
-1107
-1108
-658
164
143
382
462
94
454
-128
277
432
411
234
-133
-63
0
-63
37
149
-183
-397
-637
-598
-993
-919
-664
-280
-93
109
261
188
370
285
4
-125
40
-126
526
45
-495
-969
-1594
-1356
-1122
-957
-1248
-1416
-1018
-734
-965
-734
-501
-227
-308
376
-109
-386
-263
-672
-61
342
459
137
261
-144
-637
-583
-1057
-1023
-807
-743
-605
-479
-665
-894
-795
-1212
-439
-365
-347
67
132
324
-13
-55
21
314
-13
-170
-23
46
135
-31
216
-238
-345
-319
-483
-169
-178
-246
-821
-1035
-969
-730
-597
-566
-324
-209
3
419
186
104
114
348
657
304
307
205
116
-426
-1060
-514
-979
-1348
-587
-652
-78
69
102
181
496
606
134
-108
-85
190
176
562
377
298
52
-12
-71
-276
146
164
78
77
-209
-393
-90
156
293
150
229
-47
-131
195
-133
-397
874
1400
1128
833
125
-268
-937
-711
-992
-755
-240
685
920
571
373
44
38
-74
42
-212
231
285
475
439
460
252
-239
-221
-311
-167
572
585
683
923
93
277
289
150
375
427
378
125
351
260
252
580
386
594
443
253
300
92
394
223
-283
304
559
155
-106
-237
-75
136
642
735
302
190
423
355
373
738
792
517
407
597
562
460
459
332
580
473
288
231
99
165
-26
-520
-985
-1034
-775
-338
-200
-74
150
591
432
70
388
392
163
326
273
368
241
294
535
493
618
482
202
-100
105
5
345
128
512
404
799
1470
322
69
115
270
188
1049
1239
2086
2248
1737
1094
-160
-318
-382
-86
-365
107
-94
-196
112
-189
4
-269
19
313
240
1444
1581
1032
1188
1082
856
863
1071
952
826
516
205
-105
-291
230
546
373
399
348
498
97
13
274
532
577
299
127
205
413
384
493
432
727
976
996
729
919
850
659
724
634
524
584
750
639
426
364
471
632
431
236
569
419
449
75
-68
290
442
550
357
413
492
297
293
-114
-312
-205
-213
-232
12
272
-332
-167
-62
-64
388
465
636
621
339
888
754
787
999
484
450
344
284
359
499
1032
1222
909
1064
668
826
844
515
128
41
208
283
85
-296
896
1246
791
1099
734
-120
-402
-351
-827
13
801
225
744
558
100
2
270
220
-124
76
359
244
570
233
-231
-63
-214
114
-70
-319
-441
-38
-283
-377
-183
-116
-347
-405
-241
-230
223
539
595
763
658
246
597
488
697
631
319
417
461
204
165
376
101
191
135
203
143
-138
-212
146
337
-182
71
236
364
151
-114
238
457
10
-152
185
-243
45
309
6
408
196
-246
-228
-525
-251
-566
-192
-181
616
762
51
618
470
244
-136
-191
53
1279
1223
1037
1257
735
170
487
278
48
231
-126
-130
18
278
177
83
74
260
310
213
46
434
-167
193
768
305
1290
2072
1582
1027
1238
385
-299
-603
-671
-318
-377
-221
-441
-643
-411
-548
-612
-313
-70
337
336
598
478
117
41
-56
10
68
596
547
361
336
434
224
-164
114
405
592
455
568
707
732
643
544
725
388
449
312
377
78
-388
261
-52
353
676
433
269
34
360
438
23
-34
-7
26
354
-8
-164
-140
-92
-372
-134
31
68
-282
524
875
209
440
142
489
-201
-299
-473
-907
-241
177
253
419
370
30
-219
-491
-607
-690
-196
-48
-173
-107
342
644
662
427
217
361
267
504
142
-80
-494
-53
594
426
720
259
280
380
352
73
403
69
-451
136
-97
485
963
526
601
502
60
-155
-938
-879
-636
-882
-811
-1066
-487
-241
-112
381
435
361
782
902
498
315
301
639
238
-44
-132
-45
209
148
-246
-606
-378
-244
-330
-519
-448
-73
139
252
684
615
503
549
140
328
524
96
51
55
-97
-380
-338
-232
-469
-146
-119
114
-122
-442
159
187
96
353
333
-148
283
-280
-757
-236
224
851
458
537
631
278
121
-336
-460
-332
-308
-537
-697
-555
-902
-670
-1074
-1278
-1228
-860
-356
13
257
-503
83
-139
-104
884
1016
846
794
570
256
228
-422
-677
-311
-437
-609
-512
-640
-963
-795
-1071
-1304
-601
387
216
-785
-491
-642
-321
721
961
585
245
-392
-806
-1132
-1563
-1177
-1216
-822
-711
-650
-251
-318
-286
-263
-352
-407
-226
-204
-368
-324
-892
-762
-678
-911
-800
-513
-395
-892
-664
-1054
-521
-389
-860
-372
-366
-446
-280
-150
-298
-513
-845
-23
-105
-104
-273
-685
309
-444
-341
-46
-98
-382
-1022
-856
-593
516
676
384
413
282
166
-16
-68
-166
-568
-509
-180
-129
-239
-251
-56
-312
-645
-736
-852
-676
-494
-318
-39
-428
-612
-722
-543
-544
-930
-924
-1074
-756
-564
-254
103
-36
35
187
133
266
-46
-207
232
-186
-720
0
148
-359
-311
-815
-1221
-1034
-573
-580
-228
-64
58
-66
-859
-1060
-654
-653
201
1643
1184
721
175
-607
-978
-1145
-1027
-938
-1481
-1295
-1330
-1252
-988
-601
-129
-343
-348
-299
-373
-43
152
-219
-145
-596
-464
-423
-269
-639
-1074
-1395
-913
-599
-560
-933
-1000
549
-108
103
-44
-468
-515
-614
-46
-536
552
1075
-2
55
-194
-516
-487
-472
-287
-248
-593
-747
-765
-742
-980
-651
-545
-654
-641
-820
-780
-520
-27
-18
142
0
180
-33
135
288
104
-53
-309
-647
-844
-851
-509
-816
-1539
-1553
-2021
-1637
-1744
-1795
-1907
-1540
-923
-995
-588
130
574
192
-174
-213
-93
-39
-316
-95
275
-396
-1076
-1118
-1033
-720
-279
-418
-229
-775
-963
-175
78
-477
-1075
-1377
-1606
-509
312
396
24
-9
-181
-1081
-1114
-858
-939
-675
-742
-1080
-1040
-849
-766
-1109
-549
-593
-1467
-794
-807
-611
326
-89
-575
-566
-224
-29
-380
-847
-976
-1230
-469
313
373
346
28
-415
-697
-394
-700
-497
-398
-610
-431
-445
-462
-533
-546
-626
-693
-737
-799
-796
-350
-156
-252
110
-58
-459
-212
-284
-253
-109
-437
-674
-322
246
-47
-317
-365
-588
-400
-340
-518
-506
-848
-862
-822
-781
-1504
-1781
-756
-705
-788
-1246
-1160
-1431
-1587
-1266
-893
41
73
-400
-94
499
681
830
599
624
426
31
-353
-650
-1005
-1042
-823
-1249
-1157
-1088
-1493
-991
-1231
-1121
-266
-248
-41
-656
-971
-896
-5
1074
562
-204
-931
-1192
-1449
-1790
-1320
-1332
-1574
-667
-512
-573
-623
-916
-560
-1247
-1101
-581
-196
999
798
194
-39
-492
-1207
-1154
-861
-922
-665
-1010
-1046
-586
-736
-653
-1076
-968
-688
-558
-168
-497
-547
-316
-357
-320
223
-44
144
-85
-415
-89
11
409
334
290
71
-346
-390
-589
-485
-204
-300
-337
-532
-683
-440
-108
-540
-1039
-824
-593
-491
-62
462
502
93
-103
48
161
280
-84
-788
-1421
-1818
-1429
-915
-602
-741
-231
40
-117
57
-55
153
186
771
1223
657
134
417
346
320
161
-866
-735
-195
-396
-469
-451
-688
-810
-324
157
-761
-1200
-1431
-1302
474
1381
1838
1293
899
678
45
-581
-1053
-1002
-896
371
438
468
586
138
63
-243
-531
-671
-525
-84
118
-59
-101
-301
-292
-429
-332
-283
-649
-464
-351
-42
-34
-60
56
26
178
-80
41
524
681
660
362
-102
227
205
268
-134
-251
-276
-188
450
317
227
-282
-369
-40
143
-241
-63
235
675
733
263
405
575
-77
-434
-620
-346
169
315
1220
609
416
584
158
66
184
-134
-357
-393
-341
-443
-1266
-1574
-1432
-1071
-1114
-623
-467
-528
-25
563
422
408
782
480
617
710
633
55
397
238
-733
-1385
-800
369
-234
91
-219
-404
-367
-560
-330
-186
322
741
1918
1951
1241
1548
867
-140
-216
-828
-857
-749
-404
-259
-295
-234
-644
-421
-169
-175
102
371
428
690
693
732
213
240
541
211
601
1051
514
-242
-119
238
398
578
366
332
183
-128
-118
261
457
704
605
97
443
140
564
949
941
600
489
538
588
1263
994
342
-68
139
460
1102
1536
1344
1187
1063
1310
1422
553
307
-147
130
1298
1107
979
406
-392
-323
-28
100
-77
315
392
659
714
28
-715
-980
-720
-557
47
240
420
888
379
44
1356
1503
1416
1398
1041
929
1297
870
1204
2093
1635
1386
971
572
-16
106
196
392
563
541
137
-371
-538
692
1432
1253
1115
647
523
-104
-228
-321
181
104
47
430
417
841
716
419
540
547
612
706
580
1172
1384
1090
767
299
-77
-267
-150
174
521
84
-231
70
140
97
377
650
353
198
366
702
867
963
660
-21
24
443
989
1609
1833
1384
980
835
812
899
762
672
694
697
710
653
707
1063
1033
635
646
511
389
468
846
1021
868
950
585
362
704
1057
869
538
327
-166
-1003
-108
914
-496
-890
-708
-221
-6
630
2005
1588
1392
1503
1638
1675
2308
2221
1699
1764
1104
1034
351
561
1036
142
353
219
-262
244
520
371
-54
15
290
349
1255
2071
2285
1642
1139
505
-114
454
443
139
678
607
591
889
1033
735
291
440
695
1195
1183
1136
1228
1053
722
889
754
1041
622
549
598
124
317
305
73
-147
120
328
843
712
1559
1575
965
1198
895
948
977
753
922
516
110
310
573
780
483
440
332
501
238
333
1142
1232
934
1432
1546
758
1088
1113
1024
558
205
132
-65
660
489
121
-513
-710
-199
6
881
1241
844
388
-541
-865
-995
-966
-578
-508
121
605
461
36
217
648
812
900
774
1118
1265
937
869
613
772
1214
1094
664
840
428
-369
-689
-811
-275
-366
-77
-15
-644
13
832
1217
1418
883
261
-383
-551
-188
-293
-211
-134
288
957
826
1010
677
147
461
1035
928
362
815
1254
937
1003
1119
230
111
780
619
782
660
44
207
36
319
137
82
457
212
667
743
379
184
197
98
326
603
615
863
1138
898
534
598
674
806
1229
671
-109
488
961
936
1274
1160
584
349
268
515
450
857
875
519
83
35
376
-30
55
-210
13
228
214
376
180
-102
-1330
-1497
-986
-1076
-921
-761
-326
60
-82
-385
389
1122
1205
1273
1278
934
940
1128
1212
1250
910
401
526
1047
404
-910
-1066
-325
-898
-673
-477
15
389
833
940
425
860
1255
1394
416
-23
-735
-304
45
257
478
267
1003
655
303
-74
199
908
911
914
766
910
832
460
452
286
61
-143
-243
-140
-379
-435
-851
-858
-293
-274
-125
305
354
185
125
120
21
209
243
-36
294
205
487
131
179
-95
-593
159
372
626
620
750
427
178
297
36
196
229
601
527
49
56
-205
-980
-622
-214
-658
-104
-171
-432
-675
-595
-674
-150
-408
-726
-223
-297
-508
-1149
-911
-836
-1015
-697
-185
-436
-43
117
-1
221
355
285
-109
217
676
939
996
975
752
700
284
182
126
-272
-513
-765
-737
-829
-351
-269
296
869
-16
160
362
377
388
-49
-397
-746
-502
-177
-84
-335
-145
200
534
339
97
286
277
-139
-412
-632
-351
358
6
-231
-288
-410
-461
-314
-583
-25
-239
-640
-418
-679
-366
0
-155
-616
-226
159
447
490
159
339
-161
-415
-2
203
393
377
331
-15
315
-1
-261
99
-65
-86
265
276
-58
-476
-419
-591
-326
-268
-140
586
-243
565
431
249
165
-218
-77
137
316
-758
-908
-1610
-2215
-2453
-2396
-2424
-1868
-879
-448
-533
-230
119
505
563
597
982
1239
1560
79
-635
-1078
-409
49
-180
126
89
100
-340
-1158
-1251
-388
-277
-511
-825
-702
-364
-474
-674
-612
-201
-10
-284
-231
-556
-989
-1624
-2059
-1860
-1184
-453
-205
-81
-348
-548
-357
-567
-306
145
-332
-75
-83
-434
-518
-384
-898
-578
-584
-1005
-392
-485
24
-84
-80
-248
-250
135
-12
272
-99
7
-472
-754
-344
-515
-356
-456
-389
-1
-216
-472
172
32
-322
-531
12
44
677
969
543
766
114
285
-49
41
-19
109
-174
-27
-502
-1367
-1184
-675
41
-19
-408
-1194
-1399
-1683
-958
-777
-946
-398
-205
-387
-299
-323
7
661
841
404
355
123
24
109
-74
301
223
492
476
442
161
-399
-540
-69
-843
-471
-223
-527
-142
-520
-395
-628
-394
-296
-125
-409
-443
-143
-209
-102
-353
-835
-642
-393
-578
-341
-295
-690
-501
-509
-577
-357
-280
-209
-339
369
599
240
31
570
590
-37
99
74
-68
-798
-1156
-630
-966
-1094
-772
-885
-427
-314
-593
-1201
-871
-446
-1019
-838
-1123
-77
401
670
1332
338
104
-82
-259
-444
-669
-751
-673
-741
-900
-1167
-980
-892
-693
-664
-936
-561
-370
-293
19
98
-255
-194
-251
-100
-482
-743
-983
-662
-652
-1555
-1656
-1225
-1082
-1368
-1244
-1105
-177
37
271
447
304
463
-153
7
148
-27
-91
319
688
299
8
-113
-296
-420
-410
-938
-1071
-639
-778
-758
-836
-901
-515
-303
81
255
381
109
-551
-528
-337
-401
-217
-394
-274
-388
-348
-103
-309
-392
-61
204
218
236
-329
-40
195
86
-16
-46
130
294
98
344
-181
-712
-688
-658
-876
-852
-1185
-543
804
543
449
-185
-161
-172
-285
-422
-185
-707
-405
-27
-335
-140
-207
-276
-182
120
15
145
-53
346
127
209
286
264
336
-48
189
-176
-382
-41
284
261
221
137
296
366
217
532
163
-45
22
-450
-1090
-1205
-1208
-1068
-592
-866
-826
-901
-630
330
506
237
194
511
478
451
464
124
182
498
370
141
169
-76
-141
-64
-186
-419
-699
-679
-783
-436
-671
-585
-198
32
191
606
1225
541
-13
-472
148
179
61
387
395
341
-228
-711
-1370
-1232
-1019
-1039
-1013
-705
-861
-715
26
-478
-488
-463
390
1488
779
1210
1113
108
-200
-437
-624
-216
-213
-671
-166
-487
-873
-582
-629
-686
-211
-356
283
660
294
616
866
1162
1002
894
370
278
446
529
393
242
89
436
659
838
698
373
475
389
576
688
541
143
403
154
309
61
148
270
-276
-247
-964
-1040
-1054
-1330
-847
-132
103
58
287
551
863
949
482
421
698
745
602
487
311
274
50
-96
-88
-100
346
345
624
855
371
360
781
770
756
797
810
498
291
327
274
728
250
129
170
-396
70
-12
-390
-106
633
500
244
130
-812
-361
304
704
1299
969
252
-150
-343
-112
45
322
487
268
-29
-104
-67
-398
88
284
197
284
138
141
491
646
276
327
-130
-68
-104
-622
353
667
519
701
719
857
1030
754
674
735
665
627
431
380
213
-114
-502
-224
-323
-163
-180
-328
-19
-57
-44
178
200
25
195
84
-82
-868
-1856
-2090
-1603
-1090
-729
-749
-293
478
693
947
952
437
-64
187
1077
1049
357
603
663
903
990
644
300
-207
-96
263
358
277
139
127
394
94
-451
-440
-96
117
21
172
250
580
568
404
388
-43
436
1102
1533
1544
1222
719
79
76
170
304
60
-206
-550
-649
-535
-192
-402
63
573
443
1026
247
246
779
999
923
404
504
469
-217
-203
35
414
372
-224
-61
162
377
370
393
601
705
522
749
820
718
639
583
657
324
266
363
284
248
417
314
212
243
-158
-72
-7
342
-90
-547
-227
-20
413
310
461
168
107
146
-490
-1331
-1544
-1198
-1009
-547
244
568
870
833
1018
1595
1036
1000
1024
1202
1232
843
960
511
-438
-593
-688
-215
-278
-347
-153
-849
-105
315
100
-38
62
-90
-518
-40
1025
1137
637
779
413
-249
-49
245
365
107
-96
-219
-571
-227
93
530
710
359
-226
105
344
-404
-147
359
-161
-341
-547
-783
-554
-746
-242
401
198
-38
-141
440
944
255
86
-133
45
232
-100
0
-246
-350
-507
-383
-239
-704
-584
-337
169
167
140
302
223
348
158
198
111
193
-116
-36
-259
-148
224
-90
-238
-130
-237
34
54
-145
-288
-458
-9
246
357
-368
-645
-594
-57
-131
-274
-326
-279
643
803
783
-270
-383
573
385
280
435
915
267
468
331
-274
-711
-414
-56
-181
-332
-1177
365
366
516
440
-147
-393
-561
-469
-293
174
-200
32
55
-375
-363
-166
-156
408
542
424
-75
-378
672
1343
662
367
128
-220
-126
-7
157
499
375
-32
-408
-620
-535
-824
-403
-33
8
-63
143
289
338
501
439
431
52
222
17
116
419
-219
-116
36
174
118
-460
-685
-481
-594
-423
-136
-156
395
534
458
544
808
709
596
435
-211
-290
-114
-295
-215
32
101
126
7
224
-45
297
482
188
103
-150
-316
-830
-1250
-1832
-1370
-1131
-769
-215
-9
-523
-777
-123
-363
-129
-211
-330
122
423
366
12
-99
72
-110
-444
-680
-288
-159
-594
-975
-1107
-1019
-874
-809
-512
-296
-101
237
-362
-590
-62
402
609
666
219
-84
-183
63
-311
-276
-73
39
743
841
801
39
-228
193
90
-114
171
22
12
23
-458
-203
-364
-515
-829
-903
-603
-807
-42
127
-58
-159
80
319
293
42
-133
49
-326
-276
-434
-563
-273
1
139
277
-113
-118
-27
-343
-367
-104
185
138
841
532
428
720
524
341
283
484
173
21
-81
-224
-497
48
-78
-354
-385
-100
-10
-2
-179
-341
-367
-684
-667
-948
-981
-876
-334
-18
706
134
382
414
-16
164
141
341
149
64
82
61
236
-117
-660
-106
-127
50
-704
220
149
-483
-192
-458
-169
-209
-347
-307
544
-333
-848
-354
142
395
331
129
98
489
386
-39
-48
-98
-150
-183
-278
-280
-274
-18
-448
-697
-603
-336
-312
-302
-329
-291
-88
-132
-503
-637
-759
-1303
-920
-686
-1007
-693
-796
-846
-159
-353
-320
-609
-250
70
473
102
-389
-126
-592
114
-111
296
516
51
-59
-153
-104
-535
-653
-499
-301
-147
-172
63
-201
-177
-189
-494
-161
-491
-364
-247
-211
-340
-467
-395
-330
-576
-423
-176
-1035
-1226
-1266
-1158
-1362
-1155
-748
-99
209
-119
264
104
-323
-29
572
524
313
656
681
297
446
-420
-634
-773
-602
-176
-372
-437
-883
-927
-903
-486
-293
-58
-142
-236
-227
-276
-106
-178
59
183
291
-106
-308
-71
-395
-652
-683
-411
-658
-385
-69
-186
45
188
236
192
-18
-356
-598
-685
-562
-562
-802
-866
-76
132
-822
-1081
-947
-946
-1151
-751
-89
-471
-25
128
85
157
149
-54
-184
679
262
0
-297
-511
-224
-513
51
267
274
234
407
154
59
285
-82
-95
-204
86
-300
-238
-291
-284
-194
-597
-565
-441
-291
-454
-243
-136
250
208
-551
-1096
-1465
-1519
-1295
-725
10
40
-528
-530
43
-263
66
96
-13
277
480
575
418
425
-56
-10
-623
-524
-587
-438
-359
-627
-654
-724
-737
-1066
-963
-710
-673
-1030
-616
-772
-815
-762
-1012
-793
-394
-33
133
118
64
-41
49
-222
-358
-528
-861
-523
-335
117
-226
-603
24
341
126
-319
-484
-224
-410
-331
-229
-218
96
426
321
581
277
-436
-200
-344
-554
-1262
-819
-510
-347
-138
-69
86
-329
13
117
31
336
626
588
601
651
693
620
566
419
405
132
161
442
219
172
116
-292
-631
-481
-164
-122
94
249
335
242
392
516
-124
-146
79
-76
-919
-799
-496
-200
-25
-300
-219
-110
-79
157
494
279
564
656
593
419
612
413
482
766
543
328
-169
-9
-377
-605
-533
-486
-383
-487
-648
-798
-402
-158
-330
-313
-373
-375
82
45
-440
-576
-113
90
397
537
-14
-220
129
534
291
298
24
297
815
357
-201
-235
230
481
295
168
512
241
118
-139
-120
-146
-303
346
453
298
15
590
43
-844
-928
-1591
-915
-691
-843
-972
-843
-668
-564
-242
-549
-596
66
841
748
670
388
279
324
179
205
106
-378
-437
-282
-333
-66
-369
-491
-697
-482
190
129
118
-458
-263
265
-8
-59
-193
204
190
438
26
-1030
-1448
-1519
-944
-482
-148
-269
123
-167
-138
49
-89
-24
-156
145
323
430
420
437
381
282
-368
-173
-119
-296
254
243
-96
-414
-580
-495
-309
-105
-399
-655
-272
-80
250
-10
8
-212
-258
435
235
181
361
123
-30
531
852
1062
941
959
1011
575
457
828
1043
527
270
262
123
-197
69
346
179
513
250
-20
204
314
630
769
540
-55
-187
-691
-1123
-299
-100
-356
-448
-566
-596
-687
-198
95
513
1083
1113
1256
1415
887
842
1457
1167
1320
768
480
629
442
379
-44
-263
-77
307
366
582
492
769
594
461
732
883
788
776
731
438
420
-111
-763
-1312
-1139
-661
-83
42
1
-529
-209
394
6
73
553
833
704
890
525
397
76
119
197
40
-56
-224
179
-185
-485
-409
-337
-298
-116
279
-11
-418
-263
-377
-257
136
171
-117
343
900
645
915
841
131
-222
-297
0
177
677
978
775
758
579
466
-41
151
515
406
379
511
183
281
236
15
390
478
532
680
528
652
955
325
68
-74
-204
-548
-583
-773
-822
-461
-215
362
213
148
493
458
788
1039
1109
1233
1370
1276
1500
1541
899
594
471
604
499
334
287
327
529
322
152
217
159
279
543
889
360
400
184
121
499
308
-166
-821
-718
-391
-190
-267
56
229
227
295
311
251
408
476
205
381
539
698
958
427
355
249
307
101
508
967
757
966
-362
-245
334
281
768
873
694
392
510
510
334
306
314
425
74
-25
-71
-81
21
66
153
648
932
766
1090
669
745
1003
969
636
789
951
455
228
226
679
400
479
591
542
546
241
830
906
678
564
479
202
-132
-172
-618
-456
-798
-830
-743
-552
-93
-76
-212
-235
184
502
1380
653
791
1456
1353
1678
1182
1226
787
878
587
3
418
160
-10
-224
-336
-68
170
294
16
123
492
353
350
50
25
-67
-158
5
32
312
281
103
-259
-549
-820
-762
-667
38
412
-426
-26
346
187
574
391
239
697
1395
1212
1141
1756
1692
1468
593
392
422
211
-371
-544
-179
-281
303
288
215
39
-153
-8
126
11
-15
31
-33
258
739
782
769
1281
1134
850
682
588
612
784
540
538
616
614
685
476
681
494
583
640
842
907
732
351
123
503
257
246
330
-49
-5
26
372
679
290
-76
-882
-1013
-430
-110
-353
60
481
-44
-74
140
546
907
881
1151
993
961
1524
1420
1103
1216
981
946
816
400
149
-174
-109
-52
59
-270
-132
-15
373
815
534
606
417
262
681
22
-355
-579
-1109
-501
-20
-12
-182
344
608
898
374
83
1053
1184
900
1038
727
356
437
412
556
203
-149
-211
81
-195
-730
-787
-841
-637
-633
-406
-41
428
350
144
-3
-623
-634
-498
-390
-411
-258
-153
220
432
423
429
662
581
91
440
128
91
115
260
203
347
636
15
-97
39
226
29
142
316
439
92
-96
-88
2
198
-86
6
-249
-307
-357
-226
-356
-1047
-1731
-1488
-1331
-1165
-712
-276
486
221
814
708
504
651
501
992
806
749
890
548
772
1285
779
456
187
183
45
58
281
136
-193
-208
-104
-703
-681
-502
-69
-357
-391
24
-199
-21
-75
-129
190
455
328
432
456
463
317
231
474
198
-235
-513
-725
-1041
-785
-643
-421
-294
-719
-134
273
328
414
67
-383
-476
-431
-525
258
541
140
34
-253
-642
-835
-394
-240
-534
-727
-888
-513
-45
454
729
952
567
-318
376
446
251
523
185
502
585
478
748
323
-86
-104
-192
-261
34
52
-317
-275
-236
-632
-625
-895
-1037
-762
-461
-15
-608
-303
-384
-587
-507
-702
-803
-1411
-1221
-627
-514
-312
-150
-34
505
519
242
396
517
666
968
537
700
513
-48
-111
-317
-710
-981
-653
-412
597
956
42
-90
30
-193
-275
-733
-1273
-1176
-1395
-1509
-1489
-1390
-1324
-628
-15
-416
-304
-243
211
398
369
-184
-444
-352
-755
-748
-763
-796
-813
-611
-93
-203
-561
-760
-1291
-1488
-1458
-1055
-233
513
151
26
-153
-218
43
-376
-528
-821
-830
-581
-459
-180
-275
211
981
1020
647
628
765
380
108
-95
-152
-324
-228
-59
176
91
-152
-340
-817
-721
-34
183
313
340
66
-71
-176
-431
-667
-373
-518
-845
-429
-917
-846
-440
-599
-222
-411
130
-288
-156
8
-918
-776
-756
-708
-118
-98
62
62
-129
398
95
410
1395
1305
689
727
560
333
-47
-283
-521
-790
-665
-657
-211
-10
-10
-64
-644
-654
-534
-1603
-1481
-1447
-1446
-1080
-1014
-363
203
884
565
51
-4
8
89
386
8
38
-101
-52
-198
-822
-701
-803
-377
-708
-1035
-1218
-1250
-1405
-1422
-1428
-1221
-458
-265
24
72
-315
-200
-98
-521
-521
-505
-722
-846
-389
-86
-130
-106
-147
-149
-515
-673
-815
-964
-718
-526
-397
-562
-786
-512
-132
-113
-189
-494
-930
-642
-298
-544
-829
-1068
-927
-646
-810
-672
-736
-810
-551
-832
-905
-1304
-561
-182
-871
-693
-950
-1054
-889
-744
-572
115
616
295
-299
-490
-544
-654
-544
-106
-303
-722
-177
-285
-149
-234
-217
224
-159
-133
43
69
-391
-486
-414
-298
-35
-616
-479
-454
-903
-1075
-1080
-895
-847
-1079
-795
-312
-501
-2
376
677
735
776
1175
888
413
226
-175
226
42
-544
-318
-609
135
-88
-664
-744
-781
-814
-779
-471
-184
-42
-567
-805
-854
-562
-351
-170
-619
-703
-279
-267
-154
-4
759
665
268
381
339
110
188
235
176
243
-44
-181
-295
-126
-372
-768
-652
-752
-285
484
555
472
390
877
695
548
-496
-746
-142
-279
465
-497
-1094
-794
-823
-323
362
69
52
-23
-371
-197
-202
-191
-267
-471
-598
-506
-248
-274
-1169
-1213
-1131
-763
-303
-468
70
185
-32
-148
-438
-37
218
-129
-207
-250
-55
80
-138
-482
-167
-320
-414
-456
-927
-958
-1015
-1345
-1485
-1243
-986
-83
188
649
960
505
890
1331
1197
1047
338
-195
-148
60
-129
-728
-621
-626
-841
-1078
-866
-611
-1052
-805
-820
-502
-140
-114
-58
-506
-432
-844
-452
-649
-497
275
241
127
242
989
922
137
200
614
58
124
42
47
184
214
375
406
136
69
167
-244
-80
329
253
227
1024
731
117
552
682
812
1180
806
419
415
66
16
-360
-552
-632
-908
-698
-529
-183
-141
-105
26
17
-218
-211
3
132
123
10
-6
-367
-507
-501
-420
-377
0
184
-329
-445
-517
-450
166
-182
8
-147
-376
716
1045
858
499
422
-193
-492
69
-153
-560
-725
-908
-616
-811
-866
-470
76
5
-275
128
397
467
382
269
471
801
534
202
-229
-187
-450
-594
-249
175
-458
-1228
-876
-721
-598
-305
-38
-168
189
-61
-150
-166
-288
-582
-917
-331
69
264
650
869
552
134
5
-72
-42
304
-621
-519
161
14
143
489
-101
-402
173
-95
556
1289
881
5
-424
-363
-599
-587
-293
-264
-422
-592
-436
-619
-562
-710
-579
-385
-601
-543
-388
-189
-448
-567
-550
-631
-464
12
193
-147
-439
-256
40
88
-2
111
124
-186
-538
-624
-287
-165
-219
-57
39
-64
-186
421
313
46
144
36
89
320
63
-88
-85
-256
-360
-470
-401
-594
-560
-655
-383
-400
-54
-320
-475
-97
-215
96
92
198
520
419
127
54
163
-56
-345
-298
-277
-309
-369
-451
-426
-195
40
375
52
-36
-53
100
369
-149
132
321
-1
-121
-141
-385
-806
-149
73
60
278
-103
115
404
337
-443
-997
-274
72
-195
-155
-225
-820
-572
-499
-394
-133
-115
108
-630
-643
-335
-114
38
-485
-499
-61
-172
-434
-502
-364
-282
79
-223
-401
-235
-628
-200
-290
-224
31
507
758
304
161
91
152
2
-132
-50
-15
-212
-280
-424
-598
-505
-385
-357
-386
-98
282
113
-221
-148
-5
143
153
211
168
-178
-474
-664
-600
-580
-531
-255
-370
-486
39
17
-307
45
53
129
328
365
401
150
-2
-348
-301
-40
-288
-337
-150
149
305
293
375
352
-143
-351
-431
-712
217
361
-191
-385
-115
322
104
-248
152
446
458
573
-125
246
167
527
446
60
65
-654
48
203
251
487
163
185
66
-107
-217
-1056
-1235
-831
-515
-663
-793
-814
-1120
-938
-986
-779
-764
-256
236
345
449
361
180
-381
-553
-385
-123
106
121
43
161
109
412
141
87
109
241
1197
1009
394
502
705
352
306
294
167
-141
-68
215
-216
-429
-245
-365
-797
-1044
-338
-21
144
-100
-201
214
71
214
-48
-207
-615
-269
-392
-334
-169
-402
-276
-233
195
80
47
200
154
-127
16
-169
107
-24
-112
-170
-234
215
-63
91
403
703
619
687
471
362
228
-303
-474
-797
-740
-361
-99
120
-185
-216
430
159
-12
-258
-34
-40
-254
331
-29
-68
-155
190
186
27
135
70
-10
-277
-551
-874
-634
-512
-253
-368
-858
-624
-1067
-1910
-561
-275
-243
-5
272
322
-437
-208
-402
-92
15
264
585
1
-462
-518
-290
-69
-439
-491
-21
346
226
218
-272
-187
258
-79
326
753
505
175
138
522
384
-16
182
-327
80
453
197
-459
-520
-511
-243
-540
-884
-214
-658
-477
-898
-854
-188
-149
60
-97
-365
-425
-356
-379
-405
162
288
787
843
420
567
71
-49
-67
-30
286
273
342
176
164
151
48
-124
-263
11
18
87
11
-74
-94
-100
-124
290
-24
-235
-460
-324
-432
-280
281
-214
249
-164
-341
-205
70
347
369
392
49
290
516
452
84
-29
279
63
-16
-403
-55
-25
-684
-271
-209
-10
-260
-697
-1249
-1025
-97
492
520
126
-326
-23
-162
-424
-521
-602
96
518
329
-190
53
-248
-391
220
603
73
240
-6
-370
-77
389
428
80
329
544
422
-142
254
544
416
554
643
282
1
-389
-732
-1361
-653
-293
-196
707
465
315
257
56
-579
-810
-595
-204
-245
-382
94
265
7
-64
-245
-199
-186
-193
-7
-2
-72
-406
-206
229
330
282
104
-207
31
-11
165
554
426
321
465
492
302
340
84
-5
-102
-28
118
196
-333
-685
-824
-331
143
355
591
265
449
477
440
205
-19
158
521
455
452
184
-49
-489
-326
176
-149
-465
-480
-448
-650
-451
-416
6
430
354
-204
-403
-325
-668
-529
-282
-281
-37
-165
-578
-639
-625
-387
150
319
217
392
489
432
-44
-290
-218
-291
-216
-46
348
793
861
744
366
1005
1196
445
165
38
365
345
325
-229
203
177
-270
-13
-493
-476
-798
-692
-424
-497
-829
-901
-1003
-634
-350
-437
-153
-268
113
-130
103
-32
-338
-391
-337
2
-48
529
399
452
759
124
168
-89
-342
261
201
80
217
362
275
110
-127
-129
-14
384
-218
-191
381
374
435
308
-125
-242
-523
-521
-146
-455
206
119
503
394
270
369
305
595
413
-434
-203
156
71
225
-12
-94
-959
-436
-313
-449
-231
484
612
-46
-165
-166
-133
-134
-1
-4
-89
323
798
558
609
469
675
664
67
-295
-107
-182
272
363
-109
-444
-526
-161
-230
132
-529
-757
-90
449
730
459
582
641
431
607
496
-238
-251
72
-421
204
688
305
634
-116
-381
-849
-1241
-645
-767
-723
-590
-284
-277
-205
277
20
249
316
-137
60
-43
-137
-211
-189
217
-71
-391
-174
58
0
4
-22
120
115
-72
86
-79
126
-262
-131
330
521
750
408
446
575
586
380
475
713
402
6
-344
-1101
-1361
-1476
-858
-350
-236
-124
-308
-178
-262
33
56
330
279
221
-20
-486
-226
6
386
1284
1788
1251
562
387
625
375
9
190
46
-671
-550
-345
24
-586
-888
-438
-292
-229
-429
-442
-331
-229
-217
186
-3
244
177
66
-511
-648
153
247
-86
-774
-489
131
148
-197
5
306
227
344
709
921
537
906
615
218
966
599
616
469
-167
-262
-92
-661
-633
-372
-544
-301
-559
-192
-155
29
159
-301
-543
-86
130
82
-2
-197
-195
-463
91
342
661
433
-132
-273
-368
-177
-150
-41
-197
312
680
412
441
658
347
366
782
959
791
109
-13
-134
-117
124
347
313
-366
-323
-14
-105
-163
-99
-72
102
641
574
411
61
-191
-152
35
284
-12
-78
204
-7
-229
-37
-157
-312
-735
-294
-43
2
277
-563
-471
-225
-198
-137
-239
110
268
-620
-436
-249
-561
-216
194
652
635
658
-477
-275
251
265
-49
-23
112
143
396
126
365
95
63
-379
-377
-589
-613
67
485
644
1125
1321
1057
717
640
379
-104
444
65
-677
-354
-228
-521
-453
-607
-373
-691
-285
-237
-652
104
37
-101
27
-24
40
231
66
402
630
325
333
-201
-291
436
416
387
482
796
893
1144
1072
808
1034
735
614
623
550
190
94
-51
44
314
200
152
407
555
-78
-195
-486
-526
-449
-720
-657
-813
-543
-435
-630
-800
-530
-578
-798
-422
-267
-311
-508
-463
-157
700
935
988
969
597
547
433
443
541
591
45
-251
-317
-314
-370
44
-311
-792
-134
-132
-487
-313
-34
-143
182
129
169
291
245
378
541
165
-296
405
319
-281
-7
207
-214
-601
-614
-673
-783
-560
-1048
-488
191
570
849
629
1622
905
503
1080
823
484
354
25
-178
-214
-477
-499
-647
-845
-707
-607
-248
383
299
169
670
744
970
1127
599
295
28
504
967
582
116
-45
-94
-381
-373
527
503
487
653
632
476
330
426
149
226
419
370
173
90
-575
-684
-418
-355
-45
-371
-184
-175
-515
-712
-1191
-727
-615
12
42
-706
-204
108
326
228
-226
127
79
264
397
250
379
89
189
115
274
239
699
916
594
195
-144
-222
68
562
495
386
245
-55
-552
-396
-455
-579
-493
-837
-564
-225
125
-59
-123
327
108
800
140
64
308
-98
125
-15
183
-259
59
-247
-743
-596
-805
-628
-808
-282
854
1276
1533
961
371
444
1044
785
291
-82
-438
-155
-569
-503
-623
-351
-194
-253
-267
-288
-271
-205
274
328
527
343
324
457
183
219
467
183
362
260
288
743
941
798
281
433
412
509
189
221
291
301
344
142
74
2
288
5
-312
-635
-480
-641
-251
-336
-682
-634
-756
-1094
-1131
-410
-402
337
228
-346
-458
291
-106
182
716
709
307
-189
320
-40
-35
-270
244
419
459
147
-35
-1
20
483
896
771
606
426
-4
-125
93
-111
-634
46
287
-76
-307
-306
-508
-280
-136
177
457
289
644
118
-333
300
170
314
248
-214
-591
-538
452
-446
-515
-213
33
190
-64
-115
-916
-281
-160
329
789
1081
940
250
-264
-293
-55
-360
-360
-530
-377
-394
67
63
490
224
55
380
509
524
-55
420
552
499
839
769
659
891
782
700
795
679
378
377
227
-119
-106
-50
-54
-216
-455
-228
-356
-341
-191
-205
-298
-602
-606
-433
-474
-124
-621
-502
25
-655
-757
-1594
-1185
-693
-505
47
96
414
850
978
727
46
430
475
242
408
262
956
613
732
755
671
335
406
412
290
385
196
355
528
824
626
399
399
989
364
-167
-526
-479
62
368
518
302
-27
-359
-160
-259
438
190
-349
286
182
-191
-459
-474
-495
-53
-38
-65
112
87
330
187
123
401
696
58
-121
-621
-889
-332
-441
-166
526
731
730
611
524
322
270
522
625
303
285
593
145
65
31
308
218
-22
216
329
440
356
734
455
-312
241
181
-134
-322
-294
292
-93
-521
-145
-530
-709
-217
-462
-420
73
671
515
-503
-945
-211
114
248
18
-485
-1016
-209
331
-390
-595
-828
-401
-399
-483
-710
-756
-349
70
852
1111
587
62
327
390
20
240
325
366
-85
-51
211
-39
-527
-400
86
-98
285
296
116
-256
148
331
196
625
652
26
-796
-780
-471
-190
-590
-676
-587
-522
-500
-625
-174
-300
-568
-651
-90
-116
-295
-158
-482
-189
-295
-367
-299
-516
-451
26
388
480
581
470
679
1203
250
-208
-583
-907
-414
284
650
515
854
480
-474
-227
16
-40
806
696
644
652
1041
343
506
609
383
733
469
639
-54
-306
-113
-404
-377
-160
-172
22
95
550
274
414
373
307
54
-189
-502
-703
-816
-741
-236
-97
-3
-349
-27
-563
-625
-531
-195
223
677
630
0
-295
-813
-894
-650
-543
-407
35
126
753
807
465
590
617
732
693
114
-61
48
-55
-158
-367
-24
-110
-181
67
-58
307
238
629
543
-320
-179
49
772
784
162
-395
-325
109
-223
-799
-1527
-1214
-428
-230
-530
-432
-99
-304
-945
-1312
-717
-796
-801
-447
-224
-194
-662
-338
81
341
203
-483
-178
472
1103
649
105
201
445
345
415
653
-261
18
624
561
502
523
470
593
886
936
599
863
1063
552
-139
-201
-131
-219
-708
-1233
-923
-701
-162
-378
-536
-531
-329
-480
-256
82
162
-97
-426
-110
-483
-309
-7
358
45
-45
-47
-268
67
-210
-502
-222
12
-152
-129
124
186
-154
-474
-203
-81
-3
-37
-562
-1067
-1108
-601
-172
467
683
594
602
588
156
50
289
641
743
519
343
-36
-334
-482
-63
104
-24
170
450
263
-350
-584
-737
-803
-558
-754
-728
-536
151
-147
-358
-493
-1003
-1192
-1032
-122
-208
-178
-236
94
544
200
-30
208
144
-162
-58
-311
-248
116
423
836
604
0
-300
-193
246
840
997
1199
1035
539
195
68
-433
-508
-320
-490
-180
154
234
-279
-402
-681
-423
-226
-60
43
-311
-472
-50
164
-114
287
66
296
-112
-590
-391
-585
-316
-180
101
64
-288
-149
-322
-372
-526
-234
446
293
364
184
368
401
213
346
373
-223
-853
-223
58
-371
-299
199
592
504
7
-83
-712
-460
-362
-882
-578
-329
-526
-187
510
129
-304
-1270
-788
595
694
823
560
181
692
179
273
252
-417
237
-4
408
388
-30
231
227
29
-118
-599
-711
-205
-491
-103
684
974
964
827
327
330
-37
-458
-167
-119
-240
96
-352
-726
-306
-590
-558
-184
342
321
418
20
227
844
1114
1017
536
296
232
714
220
-382
-22
201
52
-123
-473
-434
-555
-388
273
98
-175
-469
-645
-391
-142
154
-102
-426
-678
-317
-44
-29
-303
-751
-445
-387
-256
-354
-953
-609
-158
13
426
731
352
-123
259
-484
-504
-118
39
-443
-1149
-964
-186
-226
-786
-970
-269
325
291
695
-372
180
601
445
-166
-171
572
-629
-1313
-1104
-1582
-867
-494
-529
496
123
669
927
163
210
807
1053
1015
568
-283
107
474
49
-310
-356
-712
-1167
-1318
-800
77
104
389
640
516
564
404
311
586
89
74
431
322
-972
-926
-335
-345
661
310
195
123
412
869
962
758
641
185
-32
-183
-148
-12
-139
75
70
363
-44
-238
-176
-82
-82
-33
112
382
136
-70
295
530
54
-351
-210
-158
-511
-1535
-1141
-728
-768
-619
-299
-262
-233
211
-412
-1065
-838
-428
-761
-223
423
-36
518
464
159
581
349
-427
-439
159
-143
-306
-477
-177
68
-56
213
160
-644
-876
332
28
-262
326
617
543
250
-63
-947
-1614
-1632
-839
-18
-114
-1004
-1115
-748
-1180
-971
-540
-347
621
637
-61
-353
-300
107
36
221
313
-390
-335
-481
-649
-133
425
333
102
708
1057
768
230
40
-327
-623
57
169
-107
131
-436
-288
294
360
421
687
1187
751
-30
-106
-283
-100
-255
-551
-94
31
-456
-551
-385
-555
-224
-342
-25
-163
-355
-680
-626
-114
-279
187
341
-579
-1336
-833
-649
-193
388
502
9
-8
450
-309
-513
392
775
-29
-310
238
236
-109
-220
-33
-68
331
458
48
85
31
112
248
140
169
355
190
210
373
573
437
201
65
130
-121
-242
45
182
416
-177
195
-523
-1039
-570
-827
208
295
-668
-921
-841
-882
-890
-449
-305
-416
-102
344
645
223
-279
50
-98
-180
781
478
175
124
-6
-68
74
-45
114
541
-137
288
494
384
342
7
-224
-84
306
296
332
573
757
402
315
166
154
75
-1013
-811
-36
-203
-292
-815
-1325
-877
-777
-601
-754
-1618
-1156
-575
-230
386
-11
337
276
-458
61
262
279
25
-338
-222
262
467
577
374
250
20
-16
-41
-298
-137
-144
184
-354
-33
477
-18
39
-24
385
464
477
756
262
432
643
464
10
-67
228
102
174
130
171
-34
168
-41
-218
159
253
88
-46
-158
-105
314
31
276
645
-60
-492
-609
-566
-303
-787
-406
-513
-1101
-1064
-874
-804
-911
36
392
119
130
235
191
29
254
431
48
192
270
195
440
493
500
880
873
443
452
201
117
119
-113
21
169
119
30
-3
178
-65
-566
-619
269
276
-76
553
225
-37
-187
-238
-231
-284
-376
-760
-460
-27
180
-289
-340
-283
-320
-94
-420
-347
-94
30
114
46
98
292
407
434
60
107
-65
-20
92
-322
-72
131
164
213
345
-2
-116
-513
-454
739
777
28
537
476
236
309
62
243
-60
-18
-23
114
479
507
-136
-754
-438
144
114
628
430
-591
-455
-113
141
494
379
205
157
-85
215
233
-78
-613
-541
184
-409
-1031
-895
-1230
-944
-569
-396
-7
563
423
286
731
991
423
164
874
510
787
615
1
-587
-526
1
-21
-379
-457
652
786
855
1028
1125
1228
1006
1016
940
1084
1162
824
393
130
323
185
-196
-64
-174
-289
-470
-701
-506
-281
-359
-49
526
205
-142
-467
-602
-462
-415
-435
-245
-350
-550
-175
178
129
64
302
7
130
439
495
246
24
-104
184
-249
-541
62
56
252
199
268
107
-242
-17
501
472
596
872
197
-205
80
184
527
323
-190
-56
366
303
-176
-8
517
175
-92
245
375
711
557
275
-46
31
-41
-120
-82
-190
103
53
-122
211
-399
-740
-609
-844
-422
-126
211
-198
-6
-977
-1363
-536
-931
-805
467
1617
1860
1044
642
1148
946
1290
388
-106
503
1292
1051
735
834
587
842
621
787
911
632
622
623
423
360
393
814
634
551
580
462
47
-833
-1196
-1010
-407
-223
15
-14
2
373
-65
-111
-298
-390
244
319
288
-96
-451
-220
285
36
195
303
81
709
-37
-299
-277
-186
-228
-327
543
753
507
170
79
324
1289
1148
689
-33
-239
-220
-155
179
92
331
11
208
340
108
-30
178
151
319
251
113
143
475
567
568
538
62
52
-119
-196
-175
-70
-228
-530
-353
-317
-796
-1013
-862
-751
-834
-1245
-762
932
-106
-1170
-506
-465
386
687
453
820
231
-26
-21
194
831
309
283
396
747
1024
111
-38
-38
158
580
455
1041
854
879
682
228
77
162
654
836
452
429
639
199
-28
-639
-684
-453
-23
-128
-841
-850
-504
-392
-504
-735
-757
-788
-350
-94
-157
-211
-128
149
606
449
127
-27
-217
372
231
309
236
428
6
90
118
97
565
387
299
108
467
321
-119
-405
-102
60
392
656
408
126
159
868
478
29
449
942
933
81
395
-176
-359
130
-119
13
-110
75
-217
-949
-1566
-986
-175
413
567
761
940
751
561
537
435
276
301
-69
-93
-588
-367
-1126
-1650
-1038
-779
-93
-254
-174
29
287
383
995
847
747
802
761
769
572
847
174
725
721
560
240
204
771
623
729
546
750
743
616
676
473
265
148
-174
-169
178
-475
-704
-329
-327
-582
-706
-202
-473
-557
-450
-281
-413
-153
375
250
-104
-367
-105
-43
-60
-493
-1091
-582
216
128
437
549
75
147
842
213
67
247
-73
299
145
-338
-472
-370
-153
120
267
193
-141
-72
-1
-38
-445
-284
-338
48
-214
-279
-458
-418
362
-39
56
222
665
670
402
135
405
94
629
643
250
406
126
172
402
591
261
-347
-136
161
-344
-160
-709
-912
-1198
-1228
-1009
-1288
-797
-720
-1161
-373
231
103
505
1039
1107
1162
1367
767
593
1106
1092
845
189
-36
318
53
87
193
143
111
164
575
820
771
725
768
856
906
454
42
314
-240
-370
-693
-1190
-1057
-1019
-959
-1192
-1453
-1179
-444
-262
-152
-328
-254
-194
400
732
108
-190
32
195
-253
73
140
-96
-14
155
479
479
391
-305
-451
14
553
606
-62
-211
-1109
-1821
-1750
-1190
-217
-285
40
682
381
580
863
707
301
530
627
98
13
-28
303
-85
-581
-547
-161
72
-257
-347
-127
-270
-239
-46
203
53
-402
89
283
-81
-205
-18
-246
-224
-267
-460
-768
-764
-812
-753
-677
-785
-852
-991
-1002
-741
-283
-803
-311
135
111
595
1188
1022
472
765
874
649
914
976
799
889
400
322
240
-184
-182
-163
264
289
-57
-11
155
268
40
-360
-478
-309
-73
-295
-1061
-840
-935
-1178
-488
-34
-264
-596
-426
-280
-519
-618
-339
-418
369
619
125
387
177
-21
-627
-1216
-1269
-417
-194
-444
432
961
755
664
779
188
579
432
329
544
230
-287
-332
13
-429
-61
-397
-606
-349
-615
-748
-490
357
554
-341
-244
-89
-342
-67
-354
-234
-377
-291
123
201
-145
-415
-177
-361
-408
3
336
-407
-448
-215
475
20
-417
28
-555
-30
-309
-339
-636
-899
-1159
-773
-16
-859
-651
-602
26
115
-117
179
-118
-81
-170
388
1016
1268
1353
1117
754
779
1182
1051
444
78
-116
-219
-171
-245
-255
127
-208
-175
-312
-419
-303
-387
-452
-506
-83
-382
-71
-585
-407
-71
-755
-752
-1232
-1475
-1232
-1902
-1595
-1172
-1060
-396
571
1143
343
1055
1198
643
603
707
64
-263
251
404
575
409
239
236
426
163
-150
-401
32
206
-167
53
-646
-913
-602
-1013
-609
-120
500
648
-76
-316
-724
-312
