6671
4648
4546
1848
266
2451
-1377
-2733
-1676
-4677
-6233
-6433
-5702
-7592
-9242
-7751
-9414
-10314
-10918
-11337
-10104
-11798
-8763
-11188
-7173
-3210
-6973
2825
2153
2503
5010
4455
4238
3938
6072
5494
7929
7921
9862
9786
9233
9275
7968
7674
7539
6579
4637
4514
3636
3581
3005
1068
589
1068
4057
-109
-2043
2640
-2222
-2308
-3110
-5966
-5824
-5564
-7485
-9678
-8553
-10741
-11543
-14977
-14563
-15833
-17836
-16757
-14129
-12363
-11593
-7340
-214
2138
-1101
8120
7600
9738
13920
12019
12309
14103
17082
15346
16501
15959
16229
14848
13318
13074
12676
11278
14768
13274
11826
11198
9903
8587
8487
888
1685
-874
3748
-1138
1114
1829
-565
-1275
-2290
-3665
-2861
-3106
-5163
-4169
-5658
-7420
-6892
-9180
-9101
-15317
-14767
-14280
-15785
-11293
-12946
-7264
-4713
-10000
2341
1638
1787
4552
4202
5191
5361
9550
7724
9486
10530
11166
11717
8999
7486
7991
7450
7726
5278
4964
6366
3539
2277
3263
3089
1655
3377
754
734
448
-2360
-3052
-3906
-3284
-6455
-5878
-4033
-6926
-6299
-7030
-9786
-10249
-10202
-11279
-12332
-12503
-11634
-12563
-12423
-5344
-7546
335
607
-2237
11898
9806
11142
13415
13286
17217
17220
17592
15563
15215
17342
16194
15284
13972
15266
15303
11650
10356
6404
5896
4736
2710
5093
2681
2102
971
1973
-99
-2234
-1138
-5038
-3623
-451
-582
-386
-2145
-3420
-4237
-5081
-5946
-6047
-7571
-8087
-9846
-10408
-11208
-10925
-11147
-8294
-9745
-2904
-2780
-6153
7428
4551
4531
5799
5816
9007
2081
8643
7888
8364
9717
9981
8046
8516
8918
8433
8167
6057
25
-1718
-714
-952
-2509
-1303
-1649
-3409
638
2239
2211
2285
808
681
-4989
-5297
-4792
-7961
-8254
-9314
-9609
-10991
-11352
-12732
-12695
-12417
-12606
-12331
-12674
-6570
-6608
-1848
-408
5122
6290
2324
15002
13727
13269
14930
17211
19158
16981
17779
16124
15559
18120
17410
16269
15825
14640
15478
12218
13894
12143
9252
5909
8251
8717
4373
6473
5195
6585
4349
4354
2816
1562
2536
177
-1204
-1566
-1731
-2583
-4632
-6079
-5889
-7042
-7140
-10306
-10052
-12179
-12507
-10039
-10838
-7825
-9156
-2725
872
-5322
4033
7732
3131
5092
6835
7046
6821
6488
4277
7462
5484
5999
4457
4774
5172
2727
7246
1513
3277
2439
-2577
-1846
464
1461
648
1804
84
-1048
-2095
-2543
-2856
-84
-5664
-5419
-6596
-7964
-9285
-10720
-13398
-8445
-10972
-10132
-17232
-15782
-17533
-16189
-4141
-6117
-7653
-3995
-5292
226
4727
1033
7699
9197
11853
15772
10927
11539
11081
10776
12236
11210
8831
14679
15210
9796
8693
7467
12476
12189
11896
8017
5529
8915
9949
8038
5883
6561
5845
4962
3779
2617
3824
1591
-582
-407
-1418
-1696
-3493
-5842
-6551
-7460
-7469
-9441
-10785
-12928
-11159
-11335
-10025
-9681
-7708
-7381
-2132
1753
-6885
4026
5250
2308
5867
6866
7840
6771
6344
4778
5342
5275
9060
4143
7843
7937
1573
3022
918
1509
2241
-3638
5399
6936
-280
-907
524
1143
-884
399
-7
-1343
-2656
-3381
-3532
-5839
-7420
-6261
-9056
-9122
-12694
-12102
-12224
-14105
-12968
-13193
-6546
-7363
-2467
-376
788
1917
6177
6839
3695
14211
11619
12405
16793
16523
15800
14965
13607
13198
15037
13986
14659
14981
13937
13441
13121
13701
14330
14795
10319
7855
9697
8919
8322
6494
6427
6237
4303
2448
2392
555
-149
240
-1401
-3136
-6065
-7155
-9163
-10041
-9906
-12590
-14079
-15527
-14094
-12931
-12876
-12177
-10552
-5951
-6322
-1609
-3883
-4574
4360
477
3639
4357
5041
4987
2180
6576
5693
6555
8213
8714
6789
7493
7822
6931
9746
10586
9483
4787
4899
7076
7227
6832
5189
4693
4427
3747
2435
1221
-88
-1470
-2281
-3473
-6331
-7884
-9613
-11249
-11049
-12884
-12336
-12928
-12472
-11876
-8401
-5750
-5141
-2355
-2539
1986
1843
6685
5879
6797
13592
9527
12973
12080
12991
12917
8639
11831
11578
11916
12518
15372
16791
15089
16402
14895
15514
13566
11612
9497
7520
8443
7679
6610
4916
5102
4086
3512
1373
697
-820
-3937
-4627
-5234
-7700
-8922
-7316
-8018
-7872
-10144
-9631
-18134
-16923
-17995
-11846
-11806
-12361
-8663
-5400
-6118
-249
-4559
-4146
1402
-4879
2080
8305
5562
7091
5120
6308
5189
9171
9623
10099
11732
10611
10971
10833
11460
8687
8647
7627
6808
8487
6755
7113
4805
5806
-1410
-2134
1393
173
-188
-2226
-7958
-9448
-10686
-10801
-10609
-13791
-13685
-15346
-12862
-16231
-13216
-9170
-9280
-4981
-6303
-5963
-2033
-1743
-498
4926
-3658
7680
12915
6808
12227
10953
13392
10309
10570
13566
13191
16781
18647
18362
17004
16291
15976
15483
14891
11790
12806
10234
7731
9739
7713
6537
4136
2186
1682
-154
-1565
-3050
-3218
-5131
-6940
-7982
-8337
-9800
-12205
-10937
-11810
-13864
-15342
-15321
-15555
-14384
-14702
-14709
-13895
-9503
-8631
-8586
-4369
-6998
2987
2305
870
7467
2508
3103
6484
7427
5484
7134
7306
8104
8468
7926
8281
6947
8524
6198
4710
5477
2954
4189
4473
3848
3572
2074
2989
1219
-1213
-1531
-1978
-3765
-5905
-8321
-9495
-9823
-11374
-13785
-14200
-15483
-15673
-18316
-16650
-10924
-11612
-9301
-8231
-7164
-4936
-2364
-379
5117
3252
3606
11360
6865
9628
13004
10206
11787
13703
13000
13336
13727
13272
14142
14833
13865
12570
13285
11468
10151
12348
11837
8468
9038
9304
7788
5840
3543
2871
1217
-359
-1195
-2510
-3959
-5116
-6003
-7112
-7804
-9119
-10216
-12737
-14529
-15309
-14542
-14210
-14991
-15979
-15173
-13487
-11824
-6360
-9557
-3111
-2443
-4833
4370
3495
4362
6510
7593
6226
7046
8303
8212
10804
11429
10687
10432
10264
9319
8484
6839
4432
5356
5616
1641
1382
2553
2649
682
454
-42
-1889
-1707
-3595
-4531
-5717
-8092
-9975
-13200
-14376
-16439
-18917
-17394
-18683
-17732
-14750
-12263
-13349
-12353
-11230
-8048
-5350
-4400
-2171
-178
8653
1697
7804
15720
10806
15607
13513
13616
14368
12436
14238
16181
14818
16631
15525
15131
15559
14564
13191
9696
11090
12196
9920
5729
5342
5828
3788
1168
-50
-947
-1893
-4745
-5418
-6903
-8176
-7703
-9815
-9693
-10896
-11842
-13086
-15102
-16060
-16999
-17257
-17692
-17419
-15948
-15106
-11231
-6544
-6829
-7160
-15
-2927
3564
8951
3624
9323
7516
9764
8303
7012
8990
8766
11036
9524
8470
9568
8646
7415
7459
4534
4003
5303
6091
64
-44
2261
112
73
-3729
-2379
-4179
-4872
-5596
-7184
-7238
-9986
-10747
-12801
-14257
-15109
-16010
-17761
-17176
-19339
-18224
-12803
-12383
-9689
-8015
-7192
-6128
-2390
952
4146
8626
5079
10779
13266
12867
15087
12917
14973
18944
18699
18415
19140
19330
19234
17370
17733
18236
17019
14994
11418
8054
7540
6657
479
354
2589
80
-1079
-3406
-4202
-6028
-2294
-3264
-3711
-6015
-6267
-7979
-13940
-15117
-15819
-17990
-17971
-14104
-16058
-15358
-15180
-13813
-14050
-13600
-11186
-5457
-4210
12
1622
-3389
8532
7006
6438
10994
10049
12592
9778
11217
11257
11631
12618
11703
11549
11378
10523
11138
9451
6674
7258
8257
8599
2323
954
2466
1837
1880
-1716
-1385
-3136
-5706
-8029
-9909
-12107
-14096
-16896
-16917
-17961
-19241
-13986
-15422
-14404
-13209
-9343
-6110
-5589
-5055
-2751
-526
91
3462
4602
9969
8604
13380
17834
15289
20742
20725
19200
20164
18213
18132
16924
16474
17324
15174
15092
14471
14501
12803
8302
8566
8363
8819
6738
1605
1493
135
-752
-2443
-4882
-5198
-6823
-8307
-7926
-10644
-13515
-13313
-15492
-15307
-15045
-19789
-19919
-13111
-14090
-13454
-14104
-10395
-10210
-6772
-5447
-4341
-3400
-1206
-816
-5557
2658
6156
5279
8461
7816
7681
7683
7469
7015
9183
7050
9535
9843
8872
7923
7346
8002
2463
2982
3247
3434
1361
-3509
-3314
-1551
-2564
-5233
-4790
-5775
-5446
-8503
-9028
-9825
-12709
-12693
-14448
-15394
-14598
-13615
-14023
-13168
-14054
-9489
-4982
-4264
-1698
-996
86
3103
5435
5069
10961
14212
10113
16907
19615
17216
20055
20767
20111
19471
19639
19329
17382
17692
17824
17397
17432
16169
15733
10900
12396
12358
9909
10210
5589
2455
2003
2976
239
26
-1779
-3484
-4895
-6990
-7142
-8980
-10563
-13945
-13663
-14279
-16348
-17557
-17127
-16661
-16330
-15828
-15087
-11747
-11413
-10555
-10219
-6243
-7456
-1143
515
-4842
8295
6349
4901
7437
7191
7716
6761
7864
7544
8595
6857
11146
11716
11844
11928
11597
6718
6032
7362
5990
5562
2202
-87
803
2224
-61
-2760
-2536
-4871
-5795
-5598
-8133
-10892
-11564
-13325
-14382
-12538
-14608
-17032
-15746
-15700
-10630
-8270
-5003
-3013
-2113
-1813
1511
4860
5238
3799
11582
10067
9309
17730
14569
16216
16780
14015
13768
14397
14683
13339
11647
12357
16428
17143
16325
15233
12864
10171
10597
8853
7012
6374
4906
1068
886
1380
-2243
-3038
-2180
-4936
-5178
-6395
-6981
-7758
-8355
-10767
-11145
-10432
-10661
-8937
-10145
-10491
-9506
-9235
-8060
-5723
-4727
-2043
-2148
-1173
-699
7509
2716
962
13220
2794
6338
7492
4951
7626
5613
5815
6313
7048
7339
6344
7174
7236
6461
1930
1128
3041
4740
3242
3823
1902
-2613
-749
-3900
-560
-3682
-5256
-6364
-8625
-6387
-9790
-11387
-13274
-12049
-10645
-10731
-9995
-10035
-9319
-4153
-3895
-1333
1555
1892
2653
4924
6339
7143
9587
9508
14153
11015
14214
19468
15941
18368
18806
17651
17707
17076
18224
18215
16563
14540
15377
15166
14049
10747
9533
10508
8400
8315
5284
5313
-1884
-1161
1644
-1612
-1853
-4552
-2781
-4573
-5722
-6946
-6575
-7217
-8354
-7381
-7661
-9139
-9564
-9881
-9484
-7714
-7476
-6199
-5078
-4436
-1676
-2639
-1763
528
677
5971
1244
4226
10708
7577
9580
9004
9362
11473
10405
10954
9714
8926
10048
9290
9954
9134
4679
4870
7020
5082
3730
-402
1909
627
-3833
-4657
-5025
-3420
-8712
-10005
-12517
-7530
-6797
-8819
-8462
-10209
-10070
-10093
-9351
-9426
-8147
-3564
-1516
-1013
2509
1369
2599
5551
4909
6347
8675
8960
9469
15877
9123
13921
20139
13717
18129
17855
18291
17113
15766
15629
13236
15054
14675
14943
14204
10409
9118
8901
7107
5287
6392
5223
2488
-237
-76
54
-711
-3541
-3615
-1722
-2986
-2305
-4377
-6405
-6781
-7217
-7264
-6925
-7332
-7468
-8107
-7244
-6126
-5099
-4549
-3766
-3085
-2273
-3442
-310
-50
116
6968
-554
1205
7471
1716
5215
3967
5653
3227
4001
6238
2256
4242
3700
4869
4675
2519
4084
4070
3927
4832
3009
2884
3912
-2278
-2247
-428
-2779
-1416
-3303
-2907
-3206
-6528
-6297
-8997
-9615
-9830
-9018
-9580
-8909
-7231
-4010
-615
-789
1533
1888
3469
3830
4173
7147
6511
8512
8144
12044
14152
7564
17833
17229
14269
17182
15602
17195
13883
14140
14623
14231
13926
14679
11276
7284
8719
10006
8302
5045
6964
6296
5527
3045
-2616
942
1172
-675
863
-1443
-2247
-2681
-5085
-4754
-4721
-6274
-7095
-6781
-7228
-6149
-7359
-8517
-6127
-5620
-5688
-4812
-4379
-5286
-3661
-3943
-2077
-4773
865
1988
-2847
7943
5349
4635
7223
5244
7279
6990
6658
5936
4475
6334
7115
2806
4413
6217
3276
4455
4418
3532
2421
2648
-141
-2378
661
-489
-1831
-4659
-5680
-7335
-7897
-7772
-8910
-8171
-9454
-9453
-9210
-9261
-6273
-4172
-4644
-1986
-634
-88
2700
2465
2462
4449
7015
6745
7801
6208
12298
10827
5117
15375
11310
10884
12313
10964
12052
10560
11461
6955
5089
9120
6686
4347
6997
6312
6843
4982
3290
4167
4392
3722
-62
-2144
-2059
-2343
-3735
-5902
-5713
-4654
-5953
-7774
-6696
-7499
-9221
-10225
-10997
-11163
-10884
-12529
-11252
-9129
-8281
-7144
-7777
-7302
-6804
-5992
-6977
-6274
-6981
5586
-884
-269
10556
5231
8518
8597
8915
5790
6342
7822
6837
8414
5218
4008
6874
8263
6698
5939
4387
6729
7083
868
1876
2806
360
-2342
-3872
-4224
-5937
-7851
-8803
-10503
-10856
-11962
-12547
-13060
-14226
-12169
-12658
-9273
-5316
-6139
-1975
-3148
-2641
3097
3813
4683
744
-637
5622
1145
4273
9944
2098
8129
13150
8052
10926
10490
8249
9749
9411
8484
9138
9700
7816
6545
7977
5436
5215
7583
5720
6756
7685
4988
6900
530
984
4021
1576
2576
-704
-661
-1583
-2861
-3696
-5157
-5770
-7063
-7565
-7109
-7100
-8498
-7172
-6539
-6527
-3047
-6866
-5680
-3972
-5051
-5226
-3669
-5129
-1479
3679
-4776
7724
7035
5953
8782
3469
8634
5602
4027
4143
6701
4638
2791
2207
3642
5661
3821
5887
3999
2839
3640
3488
542
-842
-127
-4214
-5062
-338
-3156
-4083
-5027
-7168
-7022
-8910
-9943
-9442
-10480
-10157
-5959
-2964
-3344
1574
646
1228
2104
2135
4839
4129
5333
4983
5549
6878
13087
9267
5614
18319
11764
9375
15790
11566
12842
14473
13451
13687
6827
6988
10550
11045
10451
8926
8460
8684
6277
4633
4833
5063
1114
-1758
1488
694
619
-569
-1583
-1339
-3242
-4455
-5555
-5878
-7420
-7325
-7325
-8316
-8149
-8245
-8983
-6205
-6053
-7116
-6411
-5267
-4415
-5437
-3039
-2362
-2673
3530
-1341
32
7191
5786
7520
4548
8247
7942
10458
7067
6771
11038
5262
9491
10492
9821
10451
10497
7595
7713
8747
6502
7461
4128
-128
1295
1031
-803
-3087
-4489
-6832
-9746
-10626
-13079
-11893
-12656
-12278
-12241
-10026
-5442
-4107
-2779
-1713
-1798
-2140
-1427
376
1529
1416
3923
4769
3698
7939
8207
1625
10202
8955
8501
13557
9614
11923
9255
10670
12573
9452
8183
9784
10667
9411
8651
10469
9835
8306
7836
6524
5409
5916
1330
-1824
-520
-2508
-3552
-6976
-7770
-8665
-9386
-9433
-11335
-12307
-13126
-13284
-13456
-14868
-13643
-12620
-12670
-11279
-11657
-9800
-8829
-10254
-9538
-9339
-6572
-9174
-4379
181
-8140
2063
4489
1147
5102
2752
5055
7431
8222
9841
5773
5140
8335
9194
10882
9597
9141
9705
8147
7673
7697
6385
5179
201
-115
-1212
-2796
-3585
-6363
-6104
-6771
-7407
-10232
-9802
-11714
-12331
-11840
-9158
-5491
-4671
-2664
-376
233
309
2989
3857
3681
2902
3044
3479
6519
2930
9031
6559
3590
14935
9768
13347
17332
15526
15228
14356
17726
13141
7888
12543
12922
11260
10505
10630
10082
8135
6603
4187
2525
2362
351
-4818
-2922
-2660
-5232
-1590
-3050
-8668
-11434
-6667
-7822
-9137
-9602
-10108
-10724
-11158
-11267
-10412
-9316
-8940
-7727
-7005
-5899
-8535
-6614
-3855
-3182
-5371
-7340
222
-8935
2938
9085
5664
10184
11284
7276
7999
8593
9231
7613
8727
11458
11383
10589
9895
10584
10052
9052
8482
8275
6209
5660
1527
-9
2322
-296
-1102
-4005
-4599
-7405
-9434
-9538
-11057
-11741
-12588
-12759
-11954
-6603
-6291
-4607
-1566
-1998
-1617
-1668
1405
3005
2188
2305
3212
6419
5234
8276
10884
6717
15148
16244
13800
16475
13896
13199
13449
15447
12429
10846
13680
14426
13756
12338
10563
9273
8639
6668
6946
4073
3354
-48
-4373
-1081
-2864
-4914
-7536
-8455
-8674
-10498
-11562
-12593
-13432
-14315
-14185
-15282
-14152
-13392
-15074
-13969
-15221
-12282
-10677
-12021
-12046
-13248
-8184
-8084
-8967
-9195
4829
1034
1363
11641
6259
12055
10324
12230
13118
10892
11594
8193
11267
10687
12355
10960
10833
10450
9388
8912
8017
8176
5988
6039
1197
640
-243
-5132
-5246
-9838
-10611
-13722
-9562
-11238
-16821
-17636
-18612
-12599
-12338
-13207
-9705
-10604
-6916
-4281
-5659
-4075
-3524
-1406
200
1329
-131
2844
4224
6458
11377
5384
10478
13930
11507
15637
15950
16381
15547
11895
11959
12910
13433
11429
11079
11677
9573
8820
6982
6259
5560
4163
3579
-484
-4477
-3718
-5490
-6605
-8553
-9240
-8394
-9480
-9882
-9112
-8876
-10474
-12034
-12729
-12029
-11249
-11366
-11388
-10305
-8413
-5906
-5912
-5651
-5462
-3011
-1987
-238
-673
3768
7786
-1400
8724
11306
8067
13632
11770
12796
10993
9584
9672
11070
11592
10802
10482
10895
10462
10530
8573
6624
5434
3680
4151
-395
-1703
-1326
-3013
-4617
-6960
-8304
-10295
-12053
-14489
-14599
-17056
-18489
-17961
-18038
-11016
-9831
-10178
-6960
-5119
-4213
-3710
-427
1031
2932
6083
6451
7993
10234
6516
9755
9523
6205
14077
12494
12564
15544
15395
16370
11755
10856
13121
13448
12787
11773
10811
10786
9019
8637
6396
4999
5062
2913
589
-4398
-4649
-4361
-5590
-7335
-6818
-9003
-9320
-11200
-13493
-13394
-17271
-14171
-15300
-17353
-15314
-13826
-11020
-12001
-11954
-6902
-8614
-8545
-6302
-6959
-5612
-48
2112
-1802
-278
1675
-2566
7529
4018
4379
7503
8370
8513
6507
8436
10186
11259
11439
11879
9890
9901
8691
8207
6627
5291
3241
1705
1199
-3010
-2960
-3989
-4964
-5966
-8564
-9155
-12536
-12815
-15674
-16923
-11334
-12656
-11615
-6745
-3679
-1374
-900
268
1138
3074
5514
6478
7862
7588
8174
6123
6923
12193
9084
15057
12544
6204
16184
13869
13564
15744
15330
12030
10326
13572
12060
11194
11193
12565
11783
10573
8361
6875
6756
5850
4428
1502
-702
-2797
-2229
-3023
-3814
-6366
-6829
-8984
-9826
-6842
-11268
-12738
-13672
-12035
-12446
-11394
-9510
-9519
-8528
-6421
-6011
-5125
-4786
-2545
-3843
-6477
-1407
-1581
-600
-4989
5562
1299
-1906
8865
3613
7324
7208
7582
5991
6644
9530
9873
9418
8410
8230
8767
9415
8363
5529
5689
4297
1758
1169
-2630
-3307
-5017
-7607
-9487
-11370
-15388
-12469
-14765
-17360
-15559
-14593
-12862
-15347
-9623
-4679
-5128
-2915
-2362
-3056
1393
3062
5390
3043
4716
7103
6177
8422
9528
10085
11525
15662
6378
12537
14998
11061
15923
12098
10523
7626
15238
8381
7469
14277
13944
12963
11521
10005
8318
1993
184
4611
2511
612
-2407
-3709
-4090
-6405
-5387
-10926
-7948
-8656
-8950
-15208
-9451
-11777
-10530
-7242
-8356
-6135
-5482
-4086
-3874
-718
-190
-4201
-111
466
-1017
1101
1548
3416
499
5738
8558
237
9614
10014
7447
12394
10066
9732
8113
3785
9330
8444
3148
3784
8424
7788
6659
5260
5512
3132
3732
1935
177
-3015
-11988
-9297
-9466
-12345
-13666
-13639
-14138
-14643
-16185
-16204
-12012
-11978
-7444
-957
-889
1020
3049
2510
2371
6753
7794
7876
8094
9924
8950
10422
11181
10248
12276
17022
15395
5891
16522
16907
14420
18621
14294
12965
13129
14450
12414
11954
13046
11756
10355
8473
7367
7649
5100
2979
2617
-506
-695
-1796
-5263
-5004
-5431
-5808
-7775
-8654
-8245
-9071
-7832
-6378
-7281
-6321
-5693
-5729
-2468
-5730
-5010
-635
-1940
251
-347
-20
936
163
1271
129
431
-1395
5484
3044
-586
10916
7374
7854
10841
7919
5660
4949
6201
3512
2302
2864
2796
3115
2888
1555
586
-1022
-1724
-4896
2020
1020
-6544
-5191
-3923
-6314
-14240
-15517
-14970
-11071
-10571
-8771
-7765
-7031
-4161
2530
1236
1362
4756
4874
7014
6892
7571
8825
9089
9803
10272
9344
9534
11112
10864
11141
17771
11216
6879
17844
13183
15001
15651
10177
12516
11330
11564
10653
10067
9692
9682
7767
7473
6281
4421
5996
2796
948
501
-297
-4343
-5517
-5869
-6516
-4251
-6527
-4925
-4329
-5853
-11534
-9910
-10780
-13008
-9502
-8385
-7204
-4535
-3190
-3264
-882
449
-1284
-603
-1244
-600
-18
-905
1518
-261
5478
4454
-216
9378
5987
6825
8082
4963
6618
6848
6507
6952
7138
5702
6785
5464
3532
3756
5317
3021
1887
896
757
-460
-6770
-6769
-4161
-6253
-7064
-5840
-7237
-9093
-9070
-6398
-7245
-7710
-10
2923
2931
4896
5343
5757
6833
8763
7713
9480
8216
8519
8496
9602
12191
9963
11164
11920
16934
5102
9612
17658
10510
15657
9987
11028
10835
10092
9581
7595
10430
7466
7366
7349
4014
3153
2471
370
486
-3230
-3257
-3828
-7899
-6858
-7875
-7496
-8191
-9647
-9671
-12670
-11948
-8246
-9492
-9802
-9231
-8686
-3357
-2958
-5161
-5519
-3987
-2987
-3814
-4006
-4430
-4332
-5317
-5419
-3964
-676
4446
5411
-2363
8176
8618
5758
8836
4565
460
2126
1911
1595
106
1660
2924
648
1471
947
1079
2090
-580
28
2194
2404
-431
-3828
-3511
-3839
-5365
-5993
-9928
-9915
-8726
-10364
-7363
-7273
-4384
-556
620
3482
1238
3029
5462
6298
6386
6539
6351
6019
5530
5477
7243
5307
8441
4320
10325
6046
1452
13746
9337
8806
5365
8860
10120
8396
2347
10929
4993
2730
4091
2873
1349
2469
1594
1137
412
-17
255
-2007
-2254
-4674
-4067
-8389
-8726
-5901
-6963
-7492
-9318
-7950
-6574
-6721
-7103
-6617
-7652
-6482
-5486
-4831
-5881
-6754
-5820
-6404
-6765
-7388
-7419
-1351
-2023
1005
-879
4050
-2417
-5620
5247
1718
1023
-756
745
96
-463
1561
-80
1081
1855
2234
557
4938
4582
3168
4636
6292
5582
-3528
-3997
-4535
-8841
-10938
-7884
-10915
-11430
-12710
-12648
-7841
-6940
-5816
-2763
683
2220
-1123
82
1110
1824
5824
6663
6194
6908
5096
5860
5903
6290
6098
5429
8114
5705
8904
5943
4269
13342
8743
7733
8509
7893
8225
6914
8617
9063
9660
7161
9181
9826
8045
10155
7603
5821
4859
5713
2957
335
-1774
-4451
-3590
-4883
-5160
-7559
-8222
-9348
-9126
-7822
-7244
-7437
-8392
-8737
-9232
-6257
-5082
-6470
-7060
-6716
-6218
-7072
-7378
-6592
-4585
-3962
-3300
-4135
-1278
2770
-5428
-1191
7681
1831
-690
-39
1188
2669
2087
3503
3029
6601
7613
5296
8041
7167
6085
4684
4397
1689
-3023
-812
-1439
-6549
-7157
-7345
-8681
-10177
-10591
-9187
-9166
-10041
-7455
-4980
-2928
-489
-113
935
373
691
3566
4040
4616
4016
4104
4478
5092
5605
5711
7995
6086
6536
4282
7288
5973
7529
11251
5551
9059
8449
7832
8318
10388
8281
7575
11261
9043
9380
7125
8419
7924
4126
5424
3231
2003
707
-1014
-3275
-3673
-3390
-5763
-7000
-5854
-5893
-8240
-6988
-4987
-5210
-7521
-7079
-4439
-4985
-4533
-5196
-5125
-2743
-4246
-6419
-5092
-3131
-4128
-4601
-3869
-1735
-2544
4141
-631
-4663
9683
3530
834
4551
2754
4134
3540
7828
8090
4741
5272
6152
7968
5142
5295
5767
5432
4133
2729
1572
1937
1274
-4221
-2420
-4524
-6365
-8088
-9828
-7780
-10151
-8965
-8018
-8460
-2938
980
407
399
1097
2422
1782
1565
1800
1711
3128
4203
3965
3865
2490
4483
7250
2155
9926
7463
7466
15901
5693
8376
11886
12134
11456
9702
9826
9618
9739
7733
8596
9662
9958
9657
9435
6692
3785
2314
406
-1455
-4613
-7143
-7556
-7458
-9303
-10487
-9093
-9664
-9504
-10547
-8664
-7885
-9906
-8610
-7416
-6444
-8018
-9480
-8185
-8477
-8942
-4012
-9239
-8626
-9127
-4331
-5317
-5824
-3899
-423
-5719
-4434
5981
-1282
1041
4933
5199
5495
7498
8087
6392
9152
8083
9166
7943
7647
6124
3681
2447
422
-1348
2397
1802
-2325
-4568
-3848
-5500
-8028
-9757
-9298
-9849
-9004
-8121
-6544
-1033
-1665
-421
2190
1992
3878
4675
-740
1789
253
-556
724
2797
2094
1479
2740
1423
1348
743
7013
4454
10049
14742
8534
12348
12414
10579
8054
8951
10551
10529
12206
13170
11739
10156
9479
7525
6399
4867
2398
655
-911
-2175
-5317
-6636
-6049
-6607
-8078
-8963
-9211
-10036
-11422
-12167
-11525
-10931
-10477
-9365
-9976
-9323
-6709
-7911
-8030
-8690
-7536
-7137
-5974
-4750
-3831
-4890
-3606
-4749
-1359
5444
-1940
8743
7155
1768
6731
3703
5511
6833
10200
8174
8031
6538
7192
10006
7613
7981
6379
5184
5932
4158
2415
633
-2735
-5456
-7164
-9306
-11106
-13276
-12669
-13597
-12530
-8589
-8231
-3749
-1396
1165
1804
2380
2702
2570
2241
2842
5131
2891
742
3918
5461
4113
4458
2862
6772
6308
11091
12589
7269
15444
9886
8595
13455
11078
12675
11685
12722
11825
12162
11041
9252
9588
8905
8516
7250
5363
2026
1378
-128
-2288
-4264
-7663
-8475
-7694
-8203
-9259
-10254
-10107
-11982
-12553
-11424
-12596
-10897
-12002
-10476
-9975
-9410
-4882
-7091
-8952
-6272
-5113
-5386
-4694
-9097
-4466
-2199
-2709
-1108
2114
2031
614
8134
2367
5731
10855
10213
10339
8098
10129
9800
7591
5789
6561
5461
4998
2988
2096
2332
278
0
-1531
-2749
-5875
-8427
-9795
-10375
-11931
-12711
-12081
-13589
-10918
-10428
-5761
-5138
-3515
-666
-862
4925
1624
2393
5136
3985
3976
3089
2549
5746
6727
6750
9310
5839
9142
7956
8791
9702
6757
13439
9669
12153
13572
11095
12510
10920
11815
10483
11256
10685
10646
9974
8191
6930
4176
1752
224
-481
-2901
-3719
-6543
-10122
-10110
-11027
-7372
-13095
-13061
-11687
-13526
-15085
-9539
-10373
-6488
-7561
-5385
-3817
-3147
-8853
-8558
-8159
-8268
-4838
-6026
-4583
-3980
-2532
-2529
-1907
-5447
585
1686
249
6652
2244
6276
7802
6086
7302
9512
9210
7556
6824
7841
10345
9600
7268
6263
6097
4093
2752
987
-1926
-3183
-5658
-8211
-8665
-10789
-11789
-11218
-12906
-11541
-10231
-11199
-3796
-4179
-5267
-3001
-2293
252
-1109
-474
-892
2612
1253
2045
5056
4207
3683
6529
7193
5580
7938
5439
12508
6238
6145
13817
8410
12318
10535
11858
12412
9753
11667
9888
7604
7429
6919
5996
4181
2474
1800
-936
-1162
-2023
-5216
-6172
-9704
-10054
-9606
-11906
-13687
-13808
-12879
-14688
-12491
-11878
-11514
-9299
-8149
-6527
-6225
-7232
-4639
-4328
-5353
-3964
-4935
-3409
-4224
-1730
-861
-2244
2160
-2054
684
2566
-3438
4806
5346
5182
9620
6500
7639
9165
8374
9628
7440
5816
5929
5533
5183
2093
2334
685
-1653
-2440
-4092
-5898
-8806
-11062
-10147
-11744
-13115
-12847
-14954
-9935
-11931
-12360
-5419
-7463
-5804
-2753
-2873
-529
671
3132
5776
6373
6155
6807
8387
7192
7727
9336
10811
10210
10410
7403
12797
12483
4109
11880
11308
11230
11459
11028
12083
9191
11809
11537
9442
6882
6300
5422
3515
4344
2968
758
-1092
-1749
-2674
-3188
-7015
-9433
-9478
-13840
-12102
-9463
-12069
-12261
-12563
-12471
-10108
-10108
-6992
-6303
-5602
-1757
-1440
-2369
272
955
-1199
923
1367
332
-211
1274
2334
3281
237
6443
4783
578
11246
6863
9320
10607
7363
10904
7494
9128
7595
5425
5596
3855
5520
4097
1940
1922
1054
-533
-1643
-5049
-6545
-8066
-11550
-11551
-12081
-15029
-15655
-14131
-14954
-13145
-10375
-6638
-5023
-2993
303
653
1713
1846
2428
3303
5101
5754
6161
6246
7180
6196
5931
6409
8239
7440
6704
11533
4472
8992
13786
9155
12466
10847
10444
9650
6578
6313
5981
9131
8907
8568
6424
5010
3209
3825
2981
-314
-1507
-10169
-9828
-4440
-7956
-8028
-7587
-9474
-8091
-8262
-8382
-7777
-8865
-4658
-3242
-8564
-6168
-4824
-4935
-3956
-4145
-4102
-2681
-1688
-1073
-651
-1588
-2009
-1761
93
-1289
769
4761
-2121
7049
8148
5270
10034
8975
10394
8663
7471
6700
6941
5556
6708
4471
2815
3306
2594
2185
420
-217
-2655
-3272
-5723
-8862
-9334
-10932
-13051
-13057
-12854
-11219
-11683
-9505
-5643
-3510
298
990
2268
3693
5390
5048
5006
7173
6078
6778
7841
7855
7239
7268
8864
8123
10961
10638
13419
8927
6506
14872
11282
11409
12269
12035
10626
9914
9510
7739
7673
6590
6713
5114
2874
1013
-1952
-3832
-2812
-5123
-7468
-8014
-9402
-10736
-11731
-11310
-11205
-10498
-10773
-10766
-11065
-10340
-8500
-9314
-6670
-6101
-5394
-3752
-3646
-4067
-3929
-2196
-1576
-2405
-1461
-681
-2484
-2845
-2961
-1332
-2424
903
970
2335
11087
63
3025
2692
2549
2602
2165
4370
2745
5106
3842
1706
1912
1248
-373
808
-1685
-4406
-4232
-5580
-6888
-9033
-11133
-11949
-9294
-11818
-12552
-12604
-12492
-8516
-10563
-4254
1014
1951
4151
4487
6340
7600
8725
7275
8437
10062
10166
9945
11000
10336
10823
9115
10441
11061
10224
14518
6597
10164
12907
7426
10365
10335
11056
9122
9328
8226
7548
5727
4529
3480
4631
4140
-700
-1090
-3510
-3880
-5168
-6110
-6166
-4167
-5292
-5321
-4319
-4571
-5307
-5972
-4100
-5601
-4956
-5364
-5593
-5277
-5001
-4485
479
-4636
-4262
-788
39
-3247
-3587
-3380
-4371
-1958
-3345
-1513
-1897
466
4592
-4934
2719
5335
2505
4830
3059
2832
3867
6409
4427
4080
1279
4355
4898
33
1025
487
-1166
-2145
-4147
-4804
-5476
-6625
-8595
-11211
-6072
-12123
-12522
-10872
-13001
-12586
-9096
-9531
-1020
-380
-98
3762
3441
3905
4245
5788
7223
7254
7525
7739
6060
6067
6800
6380
3335
6679
5467
10152
6005
3109
10936
3593
6520
7319
11496
9783
9126
10526
7771
9735
6827
5622
6380
4652
4856
3245
1210
2097
136
942
-3838
-6408
-7375
-8192
-7528
-8972
-8920
-8997
-9372
-10356
-10838
-9332
-9773
-7274
-5879
-5782
-3915
-4211
-4350
-4275
-3388
-1617
-3480
-2205
-2310
-1398
-1737
-2289
481
-1113
3629
-1619
1026
7407
1275
4550
5594
4578
3724
6369
8796
4561
4310
6754
5063
3548
2616
2369
3539
1198
-543
-1125
-1731
-5115
-5752
-5724
-7848
-8828
-10057
-10474
-10803
-11601
-12074
-9201
-8666
-3596
-2389
-1165
1996
1243
3827
4236
4199
5640
7126
6969
7047
7466
6284
7248
6764
7182
6276
8533
11980
3470
11235
10950
7532
11490
9429
11351
8439
9293
10830
9228
8031
7715
5198
6310
7413
5736
4872
2961
1046
1224
426
-1225
-1531
-3325
-4927
-6063
-5799
-5105
-6427
-7292
-7286
-6917
-6562
-8231
-7292
-4550
-4775
-5075
-3402
-2254
-2833
-4220
-3451
-3169
-3391
-4466
-3461
-3444
-2251
-2475
-620
2022
-5594
4513
4028
422
7148
4560
5458
5212
7459
6213
5902
3083
3620
6084
2945
3172
2937
172
-176
1142
-428
-297
-318
-3662
-6620
-7619
-9754
-9812
-7541
-5844
-7502
-7259
-6403
-5859
-2117
-3528
-1812
-605
413
1513
2176
5858
4198
3665
5382
5404
5166
6056
6106
5162
6033
4983
9689
6863
583
11746
8516
3927
8727
9559
7922
8030
6926
6311
11478
10321
8754
6899
4520
6089
6289
4466
3285
1411
506
-190
-1894
-3815
-5164
-5127
-5617
-6263
-6350
-6749
-6706
-6861
-6925
-6078
-5997
-5512
-3805
-2225
-4206
-4211
-3891
-5471
-5658
-5869
-4417
-3329
-2178
-1610
-3077
-763
-1482
1097
424
-2437
5642
1643
1963
3361
3211
3951
1122
6772
7580
7276
6754
7762
8208
7741
7902
6215
4761
3628
3181
1476
926
-394
-3754
-5317
-8084
-8235
-9315
-9992
-10913
-10053
-7435
-8186
-2250
-3022
-2042
465
-442
1309
1653
4047
5315
4654
4024
3179
3693
3597
2668
2714
180
-97
1112
4499
3260
5731
13393
5816
2909
6170
8543
8681
10924
12509
11011
12050
12463
6234
6084
4387
4580
3455
2438
433
-641
-2262
-3359
-4930
-6888
-6659
-6700
-6334
-7194
-7602
-8769
-9853
-9109
-10904
-11514
-9630
-5543
-4044
-3041
-5095
-3120
-2422
-2979
-3113
-4074
-3520
-8501
-10037
-7944
-5161
-4171
-7867
29
-63
-5531
4263
-1464
3433
6507
5246
7767
5978
9209
7508
8322
7903
7932
7143
6684
6882
5701
5182
2067
34
-438
-1775
-3070
-4389
-5503
-5507
-7447
-7275
-7633
-11314
-11127
-11261
-8833
-2847
-2728
-1800
30
1531
3013
3046
3451
5724
5381
2255
1992
1449
5259
4577
799
2219
2459
2491
7360
1385
2716
13271
8274
8950
8264
8158
13948
12447
13796
11988
11884
12303
12360
11267
8915
7533
7591
6651
5914
3432
1818
838
-509
-2310
-2861
-3634
-4390
-4573
-6722
-6156
-7243
-7967
-7434
-8456
-6843
-5143
-5905
-10515
-8839
-7865
-7607
-7966
-9152
-6653
-4978
-8807
-7214
-7749
-6532
-6147
-5429
544
-3963
2822
9122
4625
8573
7777
9486
10962
9453
10546
9699
10676
8753
10014
10009
8192
8068
6100
5430
4280
2311
935
-559
-2232
-2983
-4642
-5475
-7163
-8717
-8196
-10762
-9476
-9641
-9103
-2604
-1728
-1117
1289
575
152
3265
2515
6270
7540
2857
4079
5553
5969
7109
6174
7482
8700
13778
15005
7533
16584
15977
13438
16935
14582
15144
13363
14488
14546
10341
8672
9695
9313
7986
5984
4655
3177
2964
-119
-1965
-1816
-3319
-2963
-4638
-5492
-5289
-7457
-7831
-10168
-10505
-10833
-12226
-10454
-10617
-9918
-10175
-8594
-9113
-5552
-4135
-6484
-3582
-4980
-4616
-3740
-5243
-3758
-2971
-1527
-1455
4324
1931
-625
9832
6270
6235
9591
7910
8778
9004
9248
10303
7452
6742
8968
8233
7676
5091
3447
3312
900
948
647
-1517
-1383
-4010
-5474
-7658
-9585
-10163
-12031
-11920
-12097
-14195
-10973
-9030
-7610
-1941
-4761
-1528
1069
-1287
282
1233
845
667
1672
2814
6169
7535
7790
8101
7793
8258
14118
9649
9928
15839
9867
13354
13400
12956
12677
11765
12715
10700
9310
6618
8158
8688
6340
3214
1029
1091
-711
-2823
851
-847
-1977
-3361
-4286
-5322
-5883
-7636
-6721
-8624
-9051
-10678
-11453
-10001
-9768
-5435
-8136
-7981
-10761
-10096
-10800
-4016
-2804
-2978
-776
-1093
450
1024
2413
1763
3367
7880
1614
6868
12046
8037
10266
9903
10546
10265
11468
12141
10796
10386
9022
7600
10959
9666
7396
5605
3735
4065
1503
304
-1101
-2206
-4802
-5256
-7089
-7346
-9156
-9565
-10740
-12667
-12133
-11919
-10239
-7903
-1887
-1542
-331
804
832
2490
922
2919
1500
4009
6243
4078
7155
10339
10895
8744
14493
16302
7888
17716
15141
13647
16773
15236
15756
13205
15667
14751
14000
13316
12576
10921
9038
9475
7882
5313
3367
1964
714
-1043
-2091
-3559
-3651
-5495
-4336
-7930
-8577
-8705
-12083
-8557
-11346
-11511
-8909
-8661
-8240
-8479
-6727
-3448
-3801
-3113
-1130
-1040
-1758
-945
286
290
927
3504
1825
6907
5619
1982
13514
10057
9002
11694
9878
10308
10679
11626
11053
10566
9748
8831
6528
6799
8138
7708
4155
2666
2068
432
-1318
-2798
-5090
-5204
-7742
-9910
-8173
-15250
-13276
-13176
-15813
-14850
-14253
-12790
-13622
-6085
-4789
-3460
-213
-1102
1433
2774
3757
2812
3753
4534
3894
10503
7656
9597
8512
13798
7094
8614
20419
15361
18181
17143
16605
15380
11107
12184
10642
10308
9319
8784
7008
4607
5579
5952
3394
1172
-487
-695
-2599
-5789
-5276
-6225
-7819
-7489
-9647
-11690
-11634
-11737
-13521
-13611
-12490
-10980
-10227
-9834
-10119
-8164
-6369
-6175
-4134
-4195
-5390
-3819
-4127
-3646
-4675
2080
-2615
-410
7255
-4660
5193
7329
3596
7118
6592
6251
4886
7412
7532
6892
4912
4209
3937
3129
2658
1694
2915
734
101
-1290
-4343
-5381
-7581
-8907
-9481
-9984
-12142
-14189
-14690
-15270
-16446
-15210
-14053
-13022
-10146
-11011
-6429
-2804
-2874
150
571
701
3424
5247
3802
6434
7167
6583
6027
6528
8668
14034
11527
5811
14661
13328
10720
13430
11311
10929
15073
14363
10026
8283
6998
6767
5305
3751
2930
70
523
-1186
-3335
-4524
-7318
-4418
-7439
-9899
-9145
-9506
-10736
-13580
-12485
-11001
-11923
-12294
-12316
-11495
-8621
-7728
-9366
-7586
-6761
-5445
-5337
-4711
-3335
-4437
-1541
-434
270
560
2145
258
7441
5204
186
11030
7564
8409
8319
6230
7454
6662
7876
6785
6412
6303
4455
4687
3489
3215
1211
-167
1713
-1471
-1794
-4074
-6120
-6824
-7710
-10716
-12262
-12782
-12297
-12934
-13969
-14338
-14117
-11994
-12978
-10339
-10132
-5598
-2310
-1407
1897
2779
3899
5560
6594
7314
8354
8213
8051
8398
6892
8971
15482
10408
11187
16569
14317
16443
15139
13022
13901
13109
13389
11703
10109
8208
7678
7286
4297
4095
-113
-99
2063
-1585
-4022
-3725
-3645
-6748
-6274
-4638
-5498
-7122
-7763
-7305
-8194
-7013
-8109
-7876
-8977
-8221
-6938
-10314
-7914
-6334
-3912
-3074
-2908
-2560
-1994
-2920
-2478
-2220
-535
-1540
-133
3539
-4256
3024
5623
2312
5333
4371
3166
5024
6473
4925
6360
3811
4752
3507
3129
1701
-3068
1429
-756
-4669
-4150
-3574
-7217
-9473
-7143
-6355
-7293
-8355
-8500
-9984
-11969
-12834
-12060
-11808
-11065
-10249
-9437
-7739
-687
745
730
3409
3329
2582
3813
4183
3207
5074
4670
5018
6987
7683
11481
12214
9917
17339
15204
15296
15429
11767
13174
11722
12257
10732
9098
8432
9412
7913
9025
6726
3224
2078
2322
1748
-3883
-2808
-2126
-3809
-3722
-4276
-6159
-5886
-6501
-8965
-3778
-5305
-4967
-10350
-11087
-12328
-11102
-9877
-9893
-8905
-9379
-7461
-6058
-5030
-5584
-5567
-4195
-3873
-2873
-1397
-3125
4535
3406
-3045
8272
3849
5375
8410
4266
7690
5669
6244
2876
5043
3822
5153
8823
3242
4996
4551
4164
778
443
2296
-249
-750
-1081
-3641
-5832
-4552
-4409
-7090
-10419
-11561
-11516
-12175
-12650
-12627
-10827
-11249
-12648
-2212
-508
560
3822
4088
4217
5152
7144
6218
6795
3781
3952
5918
5665
11776
7099
8020
15580
10382
13457
11183
9197
9302
8804
10216
9518
7685
7943
8382
6224
6755
4615
2154
4670
5427
2825
786
-2264
-2358
-910
-2369
-3065
-3171
-3785
-4998
-6662
-6645
-5396
-5351
-5913
-7502
-7358
-7235
-7943
-6857
-6199
-5615
-5584
-4886
-4388
-4213
-5185
-3387
-3020
-1501
-787
2167
6302
-2433
6973
10002
4265
9679
5460
5505
6489
6879
6590
5170
1852
3834
6070
4717
6718
5314
7323
6606
4830
3274
1865
3430
2307
1220
-451
-1445
-2159
-2744
-5518
-6159
-6668
-7030
-6570
-8505
-8137
-8593
-7059
-7436
-3132
-269
-1017
181
-870
745
1438
3370
2074
4143
4727
6223
6597
8130
13732
8008
11997
11310
11424
11673
8774
10430
7636
9027
8183
8633
7035
7323
8038
8657
8798
7011
5080
3613
3843
2133
1087
-920
-2451
2175
940
-323
-213
-7000
-8588
-8892
-7327
-6940
-7016
-7775
-9722
-9266
-11053
-11807
-10404
-10433
-10273
-4226
-4547
-2970
-3511
-5201
-3438
-3522
-782
-7285
-5177
683
-6805
-139
2712
625
4301
1065
2412
1072
3624
4529
2755
3734
4514
8665
8380
7207
7282
3546
4603
3630
1277
275
-704
-571
-2050
-3451
-4621
-3547
-5126
-6618
-8443
-11014
-11106
-10638
-11141
-11508
-10596
-12107
-6429
-3979
-3715
-347
-1556
-276
-564
1072
251
522
2046
676
3755
27
4673
6171
2424
11663
9429
8316
9460
9551
10793
8134
10157
11935
12137
13677
12032
9623
8954
10074
10540
8022
6679
5911
4706
2140
2277
1383
445
-672
-2985
-1824
-3223
-5980
-7884
-9573
-8861
-9718
-10444
-11424
-11741
-11353
-10355
-9616
-11035
-10561
-10369
-10007
-8994
-9104
-9072
-8200
-8709
-5707
-8994
-387
-604
-7307
6352
1347
1603
5389
1331
3092
4781
5941
6122
4424
4168
5298
6560
8343
6996
6734
5526
5676
5127
4023
3109
2770
2759
1049
229
-1478
-1637
-4308
-4926
-6285
-7838
-8358
-8326
-9920
-10881
-10871
-11233
-6507
-5026
-3684
-1456
-612
-1696
-1155
717
1851
944
1354
3468
4535
4186
7943
4017
5848
12046
5971
11118
13294
14078
14131
13082
11542
11092
11640
9545
9719
9412
9569
9564
11288
9262
8559
8122
4613
4615
2718
394
-240
-3255
-3057
-3829
-6192
-6785
-8738
-9225
-9804
-10906
-10833
-11306
-11764
-11934
-12554
-12601
-12119
-12043
-11346
-11827
-12563
-11292
-8392
-5882
-5327
-8623
-2320
3103
-7361
-168
4815
1521
6168
5599
5807
5199
5276
5177
5175
7043
7225
5627
5883
5904
5763
4107
2400
2887
645
-91
-851
-634
-108
-1952
-3503
-4369
-5211
-7064
-7525
-8667
-9283
-9058
-11852
-11628
-11670
-12182
-12005
-9286
-6332
-5277
-2759
-3469
-1591
479
1055
1227
3164
3470
5517
2979
5136
10735
7696
15716
16804
14508
16361
17009
17873
16049
15870
15336
14638
15028
14516
13825
13620
12861
12533
10533
8649
7785
5647
2507
795
826
227
-1358
-3184
-3272
-4300
-6690
-7400
-7596
-8889
-9392
-10849
-11956
-11837
-14198
-12767
-13934
-13525
-15163
-15265
-10491
-11573
-10971
-11232
-8008
-6789
-6230
-4153
1556
-1029
553
8694
5034
6124
6229
6322
5712
7219
6873
7975
9056
8600
9589
8887
8911
7485
7271
5017
2286
1411
1117
-1817
3225
-3036
-4216
-6802
-6956
-7930
-9688
-10084
-11595
-12718
-13643
-13244
-16239
-16146
-18113
-17396
-19431
-15412
-9946
-8223
-5661
-6842
-3353
-1928
-213
256
1658
4062
6440
12196
14953
8966
13639
15532
11890
15989
18530
17467
15715
17364
16330
15173
15098
15694
15694
14506
13165
11555
9039
7657
6227
4450
1597
502
-133
-1455
-3369
-4405
-4495
-6317
-7677
-10084
-10629
-6929
-8608
-7122
-9554
-12843
-11592
-13511
-15762
-13917
-14516
-12009
-11387
-10744
-10127
-7738
-8537
-6507
-2518
-2299
2387
1768
-1926
7193
7581
7672
9732
9190
10376
10073
12494
12099
11281
11247
12517
12421
10533
8553
7853
6379
5705
4932
4065
2286
2533
2405
-391
-1694
-4816
-4694
-6764
-8026
-9061
-11224
-10453
-13031
-15055
-15356
-17963
-16214
-14134
-16578
-13273
-7006
-6261
-6200
-5255
-2629
-4347
-3109
7489
729
8431
9316
8169
7895
10235
15792
12884
16966
16355
17379
17376
15679
17266
13903
12104
16846
11395
11130
9735
12414
11981
10440
9078
2196
-348
200
-1652
-2605
-3167
-4637
-4567
-6234
-6397
-6800
-10358
-11315
-13923
-15886
-15197
-13883
-15688
-16328
-14294
-13427
-13505
-13161
-10264
-10487
-10862
-8716
-5270
-3924
-2097
-4314
629
3807
-995
8829
7909
6498
9602
7269
10964
9614
10942
10583
10036
11983
10743
10823
9745
9417
8041
6350
5760
5114
3413
2678
3002
475
-717
-3228
-5137
-5541
-7653
-7469
-9100
-8097
-10845
-11647
-9424
-11781
-13797
-13945
-14897
-15880
-13585
-11972
-4737
-4485
-3178
2390
2069
3562
4730
4751
6824
6595
11764
10396
8932
20428
16455
17851
18910
17259
19895
17979
17376
16376
17380
17337
16261
15272
13442
11860
10700
7036
5783
2910
1829
2946
734
464
-1604
-2393
-2666
-5028
-7239
-10039
-11062
-9869
-11711
-11555
-11779
-13093
-13272
-16245
-13301
-12585
-13590
-14436
-14573
-9893
-7855
-9320
-9919
-7793
375
-142
1914
8322
1785
6470
14159
6886
12109
11944
10420
13287
6744
13230
10436
6780
8712
7736
6556
5014
5442
4680
2749
798
-1127
-1365
-1374
-2822
-3320
-4661
-5554
-6264
-7115
-7523
-10007
-10461
-7171
-10975
-12348
-13166
-17262
-12849
-12455
-13844
-15040
-12774
-8219
-3813
-2662
-972
1095
-557
3440
4201
7764
7837
11929
14011
10994
17771
17943
19522
21601
20409
20268
19586
19547
18385
17396
18455
18003
16957
14295
12599
10452
6997
5668
3999
3000
1172
1035
-3
-1921
-4502
-4962
-6441
-6845
-7750
-11391
-11052
-12417
-15878
-8392
-6822
-13642
-9329
-10048
-9250
-9442
-13753
-13409
-7606
-11645
-11386
-4355
-3181
-1383
-4278
-4980
773
-3256
979
7910
2944
8034
6685
7674
11101
12069
14021
11511
11351
10049
6058
5960
4630
3874
4236
3329
3209
2405
1263
2623
244
-2268
-4269
-8267
-5579
-7752
-10096
-9596
-12141
-12503
-13171
-11725
-9896
-13750
-15325
-13914
-13621
-13334
-14045
-13896
-13122
-5564
-5112
-5950
-1601
-326
679
3959
4363
10346
13401
9375
16478
16741
17716
18962
18857
20171
18112
15751
16622
16506
13496
13101
12735
12292
9823
8109
5702
5297
3424
2416
-151
-969
-2333
-4100
-1760
-6396
-6634
-8022
-10414
-9122
-9177
-8512
-9098
-8655
-8532
-8689
-9398
-10530
-11309
-12598
-12960
-11272
-9841
-8532
-8687
-8385
-6184
-5904
-3660
-5287
146
167
2507
8819
3517
7918
8257
8615
11408
10558
10346
9555
9759
9641
9146
10104
8212
5576
4796
1948
3544
1283
1051
983
-1682
2307
-932
-3968
-4832
-7323
-9136
-8256
-7657
-9423
-9743
-10488
-8951
-8342
-11408
-11460
-12112
-13314
-12750
-12474
-10654
-10273
-4624
-1756
-1368
1918
1170
4382
6041
7448
11382
6500
13732
17127
14356
18754
16816
17950
18782
18165
16260
15626
15883
13980
13967
14425
11455
11228
6883
6813
5611
2124
6021
1711
798
1586
1183
-1558
-2070
20
-1203
-2027
-2290
-2280
-3233
-5068
-5436
-5401
-7102
-8084
-10032
-9707
-8647
-9139
-9418
-7556
-7163
-6906
-6277
-5180
-1662
-3844
-419
493
-1113
6189
6357
7296
8344
6948
9015
7920
7426
6709
5127
2871
4247
4986
5092
3982
3033
433
-470
2377
-757
-344
-755
-1720
-5082
-2499
-1275
-4011
-3403
-4536
-4008
-5821
-6169
-5790
-8010
-9086
-7349
-9764
-10316
-11847
-14278
-13287
-14342
-14418
-13585
-7668
-7359
-5555
-2137
-1000
2305
2383
8973
5280
7533
13853
11764
14400
11661
19024
19485
17638
17443
17606
17109
15829
12795
14456
14053
11726
7014
9161
4113
4204
3598
-1199
-879
55
-1646
-805
-1839
-2456
-2972
-2666
-4008
-3741
-4654
-5267
-6155
-6468
-8689
-10626
-10731
-12573
-7763
-8799
-12433
-8607
-7933
-7956
-12561
-12069
-5565
-2862
-2462
-1806
-5648
-360
3237
258
5286
3028
3661
6193
6352
6887
4812
3859
3587
4756
6293
4783
4185
2936
2739
2799
-682
688
3670
1768
1543
84
-1483
-890
-1947
-4045
-3765
-2503
-3319
-2839
-4369
-5161
-5416
-6080
-7227
-9024
-10048
-11682
-14620
-13895
-13288
-12607
-6551
-6490
-2405
-1593
1296
2433
6389
9380
5581
14311
13269
13842
15443
14644
16128
15485
13888
11932
12322
10767
12206
12655
12257
13332
12160
9183
7683
12112
8983
4788
5401
3912
4295
2704
1427
-345
10
-765
-917
-1880
-3312
-3864
-5808
-6235
-6397
-8303
-9692
-11462
-12820
-13025
-14148
-10013
-15848
-14738
-13906
-11797
-10914
-5637
-7023
-836
-3106
-5015
4310
815
5283
5779
5364
5184
5795
7688
6556
6199
4597
4636
5323
5393
4194
2317
4198
6614
4557
3993
3341
1739
1198
283
-1337
-1946
1677
1176
-91
-5707
-4742
-4930
-5914
-7128
-7454
-9881
-8953
-10084
-11386
-12971
-12996
-12849
-11173
-12859
-11334
-4373
-4381
-2180
-197
1102
3383
8783
2386
7833
15847
13692
16216
15024
18238
16458
16626
16698
15514
15994
15053
15334
13442
14342
15285
14084
12546
10159
7631
5373
5450
5301
5263
3925
2513
3963
2568
1406
231
-1686
-2298
-3870
-3788
-4122
-4511
-7053
-8774
-11317
-13101
-13834
-15744
-13669
-14741
-13846
-13043
-12962
-13053
-11616
-11812
-4666
-3888
-9842
1004
-1439
-1460
1708
758
4540
4823
5992
5030
4773
3175
5893
6721
6842
9247
5981
5101
4111
3922
1922
672
1533
1120
1720
618
-1802
-2009
-870
-2177
-2889
-4604
-5762
-5377
-6497
-8800
-8152
-8615
-11364
-12183
-13686
-14764
-15521
-16037
-16177
-15826
-15780
-11313
-8428
-7101
-2776
-3207
3490
1707
2041
10357
7827
12583
12514
10820
14700
15266
15791
14478
12949
17562
17902
15992
14578
14593
12941
10397
12493
11462
10052
7333
7903
6972
6436
5267
2784
3651
1184
-99
-336
-2798
-3603
-4887
-5777
-5052
-4876
-7713
-9417
-10253
-12099
-13440
-14108
-15974
-16557
-15295
-15153
-14427
-13304
-9013
-10717
-3006
-5524
-7471
876
-3375
6362
6047
7653
8738
7433
8960
4729
7166
5351
11722
11842
6047
5593
4806
6395
7234
8271
6660
5311
5759
5913
4244
2549
3203
2401
674
-1092
-2130
-3107
-5946
-7582
-8681
-9299
-9946
-11709
-12702
-14417
-15689
-18014
-18612
-17991
-18920
-18047
-15046
-10708
-9347
-7770
-5141
-3382
2512
-794
3684
7970
7829
11955
9593
13651
14518
18252
16836
14612
16007
15232
14975
14399
15734
14522
14350
13441
12330
10852
8440
5784
5217
5308
5218
4253
3608
3111
1988
1205
-138
-2046
-3460
-3425
-4355
-4720
-6578
-8840
-9352
-12055
-13757
-14946
-15761
-17124
-15815
-15814
-13554
-12403
-11246
-8210
-5833
-993
-8002
-277
2841
571
3023
1066
7581
8183
6911
9157
9441
8521
10262
9264
10434
10234
8013
8195
8246
7266
7495
5269
3870
4968
2944
1481
971
1261
-350
-732
-723
-1649
-3856
-6045
-6832
-6812
-7935
-11068
-12244
-12244
-14570
-15623
-17158
-16493
-16461
-17071
-15256
-13044
-8296
-6755
-3340
-3107
4263
2464
2377
9766
8380
14862
14814
16914
17553
14356
14687
18958
17605
17050
18226
18151
18972
16578
16216
15307
14044
11772
10667
7112
7042
6419
4223
2981
2763
1964
702
-736
-2613
-3445
-5049
-5878
-7038
-5669
-7524
-10266
-9757
-11779
-12646
-14157
-15962
-16638
-14601
-14422
-15332
-14343
-13100
-9394
-9009
-2182
-9041
-7130
1376
4451
9933
8564
10892
4545
4458
7432
8559
9408
8391
8525
7464
7859
8333
6663
7351
5179
5229
5575
2791
3146
903
1082
-205
-1122
-1315
-2631
-3322
-2214
-4239
-4310
-5843
-8060
-6038
-8667
-11112
-11424
-12645
-14694
-14597
-18210
-16125
-16788
-17144
-17057
-13894
-8355
-7477
-6911
-3735
4067
1383
8453
10780
9277
13389
14894
17751
15662
16587
18474
17819
17884
18922
17920
15630
13876
13796
12231
10227
15001
13367
11032
9855
9898
3945
2844
983
1419
557
-1719
-2724
-5283
-6858
-8855
-9706
-8951
-10564
-12806
-13418
-13905
-15607
-15719
-17356
-17280
-17003
-16196
-16815
-15961
-14978
-12925
-10867
-8971
-2676
-5955
2490
4499
2228
8741
8216
11118
8933
10226
12852
12363
11341
11663
12083
12152
12181
11613
12459
10227
10344
8808
6599
6787
5777
3091
1234
354
21
-800
-1864
-1420
-3710
-5190
-7054
-7240
-7016
-9516
-11672
-14643
-13596
-14249
-17301
-18703
-19156
-17733
-19735
-18804
-19735
-14272
-7457
-6264
-2252
-192
3863
1526
8569
12446
12180
17015
14810
16855
16428
17469
20022
19530
19877
19334
17722
17041
15993
14948
13458
11978
11044
9265
9189
8117
6411
5643
4405
2967
1328
-462
-986
-2252
-4175
-6702
-8149
-7982
-10457
-9230
-8845
-11786
-12415
-13725
-13653
-13629
-15930
-14944
-13932
-14128
-12095
-12783
-11908
-11155
-6541
-4474
-4642
4961
4861
5191
9110
9027
9721
8909
9943
8397
8210
8061
7516
7772
7756
7156
6371
5947
5115
4961
2485
2561
1752
1919
288
-1805
-1958
-3261
-4125
-5234
-6316
-3783
-4650
-7728
-5325
-3890
-9779
-14661
-14133
-17062
-17915
-17835
-18256
-14080
-12457
-17305
-17889
-10043
-15694
-9169
-4047
-849
6713
5763
5860
11222
9553
14882
18367
17633
17573
18084
19489
18417
19584
19059
19909
18562
16680
15720
15529
14298
12754
11340
9570
8099
5729
4585
4130
2679
1291
-191
-1944
-2597
-6027
-5103
-5065
-10159
-9490
-9414
-11203
-14085
-13865
-11857
-13602
-14141
-13302
-13968
-14270
-13585
-15580
-15766
-10827
-7771
-8870
-3149
-3268
1493
5786
2589
6749
6476
7281
4451
4810
8474
8805
8180
9852
12295
10339
9287
9221
8949
7530
5590
3228
1074
1927
1119
-275
-988
-1197
-1455
-3447
-4570
-5167
-2113
-5451
-7124
-6220
-7111
-8858
-11354
-10583
-10286
-11673
-14262
-11956
-12884
-13334
-12081
-14079
-14219
-11675
-11873
-5117
-2203
-2848
5248
323
6146
11488
10183
14735
15285
16989
16237
18593
20009
20994
18491
20185
21904
18806
17296
15875
15314
12629
12311
9022
7802
7850
7013
5529
3604
2833
1187
4045
601
-1394
-561
-3533
-3512
-4537
-5009
-4680
-5494
-6300
-6893
-7832
-8613
-8640
-11699
-12835
-9018
-11837
-11184
-12504
-10072
-8588
-9606
-542
-6537
203
4450
1722
7388
6002
5818
5182
7379
11025
11702
11448
10132
11961
10852
9795
8824
7696
6573
6237
3776
4949
4177
2745
1545
-1201
2224
552
-2169
-166
-1633
-2380
-3677
-5173
-2046
-2313
-4080
-5397
-4852
-7076
-7454
-9294
-10959
-7785
-9482
-11043
-9804
-11275
-10732
-10701
-10777
-5663
-3628
4182
-231
9285
12100
11786
17582
17872
20064
18029
20035
20134
19821
18731
20462
19081
16166
14501
13995
14066
13451
10303
9729
6796
5352
8768
4345
3941
3026
2883
2219
1200
-1835
-2661
229
198
6671
4648
4546
1848
266
2451
-1377
-2733
-1676
-4677
-6233
-6433
-5702
-7592
-9242
-7751
-9414
-10314
-10918
-11337
-10104
-11798
-8763
-11188
-7173
-3210
-6973
2825
2153
2503
5010
4455
4238
3938
6072
5494
7929
7921
9862
9786
9233
9275
7968
7674
7539
6579
4637
4514
3636
3581
3005
1068
589
1068
4057
-109
-2043
2640
-2222
-2308
-3110
-5966
-5824
-5564
-7485
-9678
-8553
-10741
-11543
-14977
-14563
-15833
-17836
-16757
-14129
-12363
-11593
-7340
-214
2138
-1101
8120
7600
9738
13920
12019
12309
14103
17082
15346
16501
15959
16229
14848
13318
13074
12676
11278
14768
13274
11826
11198
9903
8587
8487
888
1685
-874
3748
-1138
1114
1829
-565
-1275
-2290
-3665
-2861
-3106
-5163
-4169
-5658
-7420
-6892
-9180
-9101
-15317
-14767
-14280
-15785
-11293
-12946
-7264
-4713
-10000
2341
1638
1787
4552
4202
5191
5361
9550
7724
9486
10530
11166
11717
8999
7486
7991
7450
7726
5278
4964
6366
3539
2277
3263
3089
1655
3377
754
734
448
-2360
-3052
-3906
-3284
-6455
-5878
-4033
-6926
-6299
-7030
-9786
-10249
-10202
-11279
-12332
-12503
-11634
-12563
-12423
-5344
-7546
335
607
-2237
11898
9806
11142
13415
13286
17217
17220
17592
15563
15215
17342
16194
15284
13972
15266
15303
11650
10356
6404
5896
4736
2710
5093
2681
2102
971
1973
-99
-2234
-1138
-5038
-3623
-451
-582
-386
-2145
-3420
-4237
-5081
-5946
-6047
-7571
-8087
-9846
-10408
-11208
-10925
-11147
-8294
-9745
-2904
-2780
-6153
7428
4551
4531
5799
5816
9007
2081
8643
7888
8364
9717
9981
8046
8516
8918
8433
8167
6057
25
-1718
-714
-952
-2509
-1303
-1649
-3409
638
2239
2211
2285
808
681
-4989
-5297
-4792
-7961
-8254
-9314
-9609
-10991
-11352
-12732
-12695
-12417
-12606
-12331
-12674
-6570
-6608
-1848
-408
5122
6290
2324
15002
13727
13269
14930
17211
19158
16981
17779
16124
15559
18120
17410
16269
15825
14640
15478
12218
13894
12143
9252
5909
8251
8717
4373
6473
5195
6585
4349
4354
2816
1562
2536
177
-1204
-1566
-1731
-2583
-4632
-6079
-5889
-7042
-7140
-10306
-10052
-12179
-12507
-10039
-10838
-7825
-9156
-2725
872
-5322
4033
7732
3131
5092
6835
7046
6821
6488
4277
7462
5484
5999
4457
4774
5172
2727
7246
1513
3277
2439
-2577
-1846
464
1461
648
1804
84
-1048
-2095
-2543
-2856
-84
-5664
-5419
-6596
-7964
-9285
-10720
-13398
-8445
-10972
-10132
-17232
-15782
-17533
-16189
-4141
-6117
-7653
-3995
-5292
226
4727
1033
7699
9197
11853
15772
10927
11539
11081
10776
12236
11210
8831
14679
15210
9796
8693
7467
12476
12189
11896
8017
5529
8915
9949
8038
5883
6561
5845
4962
3779
2617
3824
1591
-582
-407
-1418
-1696
-3493
-5842
-6551
-7460
-7469
-9441
-10785
-12928
-11159
-11335
-10025
-9681
-7708
-7381
-2132
1753
-6885
4026
5250
2308
5867
6866
7840
6771
6344
4778
5342
5275
9060
4143
7843
7937
1573
3022
918
1509
2241
-3638
5399
6936
-280
-907
524
1143
-884
399
-7
-1343
-2656
-3381
-3532
-5839
-7420
-6261
-9056
-9122
-12694
-12102
-12224
-14105
-12968
-13193
-6546
-7363
-2467
-376
788
1917
6177
6839
3695
14211
11619
12405
16793
16523
15800
14965
13607
13198
15037
13986
14659
14981
13937
13441
13121
13701
14330
14795
10319
7855
9697
8919
8322
6494
6427
6237
4303
2448
2392
555
-149
240
-1401
-3136
-6065
-7155
-9163
-10041
-9906
-12590
-14079
-15527
-14094
-12931
-12876
-12177
-10552
-5951
-6322
-1609
-3883
-4574
4360
477
3639
4357
5041
4987
2180
6576
5693
6555
8213
8714
6789
7493
7822
6931
9746
10586
9483
4787
4899
7076
7227
6832
5189
4693
4427
3747
2435
1221
-88
-1470
-2281
-3473
-6331
-7884
-9613
-11249
-11049
-12884
-12336
-12928
-12472
-11876
-8401
-5750
-5141
-2355
-2539
1986
1843
6685
5879
6797
13592
9527
12973
12080
12991
12917
8639
11831
11578
11916
12518
15372
16791
15089
16402
14895
15514
13566
11612
9497
7520
8443
7679
6610
4916
5102
4086
3512
1373
697
-820
-3937
-4627
-5234
-7700
-8922
-7316
-8018
-7872
-10144
-9631
-18134
-16923
-17995
-11846
-11806
-12361
-8663
-5400
-6118
-249
-4559
-4146
1402
-4879
2080
8305
5562
7091
5120
6308
5189
9171
9623
10099
11732
10611
10971
10833
11460
8687
8647
7627
6808
8487
6755
7113
4805
5806
-1410
-2134
1393
173
-188
-2226
-7958
-9448
-10686
-10801
-10609
-13791
-13685
-15346
-12862
-16231
-13216
-9170
-9280
-4981
-6303
-5963
-2033
-1743
-498
4926
-3658
7680
12915
6808
12227
10953
13392
10309
10570
13566
13191
16781
18647
18362
17004
16291
15976
15483
14891
11790
12806
10234
7731
9739
7713
6537
4136
2186
1682
-154
-1565
-3050
-3218
-5131
-6940
-7982
-8337
-9800
-12205
-10937
-11810
-13864
-15342
-15321
-15555
-14384
-14702
-14709
-13895
-9503
-8631
-8586
-4369
-6998
2987
2305
870
7467
2508
3103
6484
7427
5484
7134
7306
8104
8468
7926
8281
6947
8524
6198
4710
5477
2954
4189
4473
3848
3572
2074
2989
1219
-1213
-1531
-1978
-3765
-5905
-8321
-9495
-9823
-11374
-13785
-14200
-15483
-15673
-18316
-16650
-10924
-11612
-9301
-8231
-7164
-4936
-2364
-379
5117
3252
3606
11360
6865
9628
13004
10206
11787
13703
13000
13336
13727
13272
14142
14833
13865
12570
13285
11468
10151
12348
11837
8468
9038
9304
7788
5840
3543
2871
1217
-359
-1195
-2510
-3959
-5116
-6003
-7112
-7804
-9119
-10216
-12737
-14529
-15309
-14542
-14210
-14991
-15979
-15173
-13487
-11824
-6360
-9557
-3111
-2443
-4833
4370
3495
4362
6510
7593
6226
7046
8303
8212
10804
11429
10687
10432
10264
9319
8484
6839
4432
5356
5616
1641
1382
2553
2649
682
454
-42
-1889
-1707
-3595
-4531
-5717
-8092
-9975
-13200
-14376
-16439
-18917
-17394
-18683
-17732
-14750
-12263
-13349
-12353
-11230
-8048
-5350
-4400
-2171
-178
8653
1697
7804
15720
10806
15607
13513
13616
14368
12436
14238
16181
14818
16631
15525
15131
15559
14564
13191
9696
11090
12196
9920
5729
5342
5828
3788
1168
-50
-947
-1893
-4745
-5418
-6903
-8176
-7703
-9815
-9693
-10896
-11842
-13086
-15102
-16060
-16999
-17257
-17692
-17419
-15948
-15106
-11231
-6544
-6829
-7160
-15
-2927
3564
8951
3624
9323
7516
9764
8303
7012
8990
8766
11036
9524
8470
9568
8646
7415
7459
4534
4003
5303
6091
64
-44
2261
112
73
-3729
-2379
-4179
-4872
-5596
-7184
-7238
-9986
-10747
-12801
-14257
-15109
-16010
-17761
-17176
-19339
-18224
-12803
-12383
-9689
-8015
-7192
-6128
-2390
952
4146
8626
5079
10779
13266
12867
15087
12917
14973
18944
18699
18415
19140
19330
19234
17370
17733
18236
17019
14994
11418
8054
7540
6657
479
354
2589
80
-1079
-3406
-4202
-6028
-2294
-3264
-3711
-6015
-6267
-7979
-13940
-15117
-15819
-17990
-17971
-14104
-16058
-15358
-15180
-13813
-14050
-13600
-11186
-5457
-4210
12
1622
-3389
8532
7006
6438
10994
10049
12592
9778
11217
11257
11631
12618
11703
11549
11378
10523
11138
9451
6674
7258
8257
8599
2323
954
2466
1837
1880
-1716
-1385
-3136
-5706
-8029
-9909
-12107
-14096
-16896
-16917
-17961
-19241
-13986
-15422
-14404
-13209
-9343
-6110
-5589
-5055
-2751
-526
91
3462
4602
9969
8604
13380
17834
15289
20742
20725
19200
20164
18213
18132
16924
16474
17324
15174
15092
14471
14501
12803
8302
8566
8363
8819
6738
1605
1493
135
-752
-2443
-4882
-5198
-6823
-8307
-7926
-10644
-13515
-13313
-15492
-15307
-15045
-19789
-19919
-13111
-14090
-13454
-14104
-10395
-10210
-6772
-5447
-4341
-3400
-1206
-816
-5557
2658
6156
5279
8461
7816
7681
7683
7469
7015
9183
7050
9535
9843
8872
7923
7346
8002
2463
2982
3247
3434
1361
-3509
-3314
-1551
-2564
-5233
-4790
-5775
-5446
-8503
-9028
-9825
-12709
-12693
-14448
-15394
-14598
-13615
-14023
-13168
-14054
-9489
-4982
-4264
-1698
-996
86
3103
5435
5069
10961
14212
10113
16907
19615
17216
20055
20767
20111
19471
19639
19329
17382
17692
17824
17397
17432
16169
15733
10900
12396
12358
9909
10210
5589
2455
2003
2976
239
26
-1779
-3484
-4895
-6990
-7142
-8980
-10563
-13945
-13663
-14279
-16348
-17557
-17127
-16661
-16330
-15828
-15087
-11747
-11413
-10555
-10219
-6243
-7456
-1143
515
-4842
8295
6349
4901
7437
7191
7716
6761
7864
7544
8595
6857
11146
11716
11844
11928
11597
6718
6032
7362
5990
5562
2202
-87
803
2224
-61
-2760
-2536
-4871
-5795
-5598
-8133
-10892
-11564
-13325
-14382
-12538
-14608
-17032
-15746
-15700
-10630
-8270
-5003
-3013
-2113
-1813
1511
4860
5238
3799
11582
10067
9309
17730
14569
16216
16780
14015
13768
14397
14683
13339
11647
12357
16428
17143
16325
15233
12864
10171
10597
8853
7012
6374
4906
1068
886
1380
-2243
-3038
-2180
-4936
-5178
-6395
-6981
-7758
-8355
-10767
-11145
-10432
-10661
-8937
-10145
-10491
-9506
-9235
-8060
-5723
-4727
-2043
-2148
-1173
-699
7509
2716
962
13220
2794
6338
7492
4951
7626
5613
5815
6313
7048
7339
6344
7174
7236
6461
1930
1128
3041
4740
3242
3823
1902
-2613
-749
-3900
-560
-3682
-5256
-6364
-8625
-6387
-9790
-11387
-13274
-12049
-10645
-10731
-9995
-10035
-9319
-4153
-3895
-1333
1555
1892
2653
4924
6339
7143
9587
9508
14153
11015
14214
19468
15941
18368
18806
17651
17707
17076
18224
18215
16563
14540
15377
15166
14049
10747
9533
10508
8400
8315
5284
5313
-1884
-1161
1644
-1612
-1853
-4552
-2781
-4573
-5722
-6946
-6575
-7217
-8354
-7381
-7661
-9139
-9564
-9881
-9484
-7714
-7476
-6199
-5078
-4436
-1676
-2639
-1763
528
677
5971
1244
4226
10708
7577
9580
9004
9362
11473
10405
10954
9714
8926
10048
9290
9954
9134
4679
4870
7020
5082
3730
-402
1909
627
-3833
-4657
-5025
-3420
-8712
-10005
-12517
-7530
-6797
-8819
-8462
-10209
-10070
-10093
-9351
-9426
-8147
-3564
-1516
-1013
2509
1369
2599
5551
4909
6347
8675
8960
9469
15877
9123
13921
20139
13717
18129
17855
18291
17113
15766
15629
13236
15054
14675
14943
14204
10409
9118
8901
7107
5287
6392
5223
2488
-237
-76
54
-711
-3541
-3615
-1722
-2986
-2305
-4377
-6405
-6781
-7217
-7264
-6925
-7332
-7468
-8107
-7244
-6126
-5099
-4549
-3766
-3085
-2273
-3442
-310
-50
116
6968
-554
1205
7471
1716
5215
3967
5653
3227
4001
6238
2256
4242
3700
4869
4675
2519
4084
4070
3927
4832
3009
2884
3912
-2278
-2247
-428
-2779
-1416
-3303
-2907
-3206
-6528
-6297
-8997
-9615
-9830
-9018
-9580
-8909
-7231
-4010
-615
-789
1533
1888
3469
3830
4173
7147
6511
8512
8144
12044
14152
7564
17833
17229
14269
17182
15602
17195
13883
14140
14623
14231
13926
14679
11276
7284
8719
10006
8302
5045
6964
6296
5527
3045
-2616
942
1172
-675
863
-1443
-2247
-2681
-5085
-4754
-4721
-6274
-7095
-6781
-7228
-6149
-7359
-8517
-6127
-5620
-5688
-4812
-4379
-5286
-3661
-3943
-2077
-4773
865
1988
-2847
7943
5349
4635
7223
5244
7279
6990
6658
5936
4475
6334
7115
2806
4413
6217
3276
4455
4418
3532
2421
2648
-141
-2378
661
-489
-1831
-4659
-5680
-7335
-7897
-7772
-8910
-8171
-9454
-9453
-9210
-9261
-6273
-4172
-4644
-1986
-634
-88
2700
2465
2462
4449
7015
6745
7801
6208
12298
10827
5117
15375
11310
10884
12313
10964
12052
10560
11461
6955
5089
9120
6686
4347
6997
6312
6843
4982
3290
4167
4392
3722
-62
-2144
-2059
-2343
-3735
-5902
-5713
-4654
-5953
-7774
-6696
-7499
-9221
-10225
-10997
-11163
-10884
-12529
-11252
-9129
-8281
-7144
-7777
-7302
-6804
-5992
-6977
-6274
-6981
5586
-884
-269
10556
5231
8518
8597
8915
5790
6342
7822
6837
8414
5218
4008
6874
8263
6698
5939
4387
6729
7083
868
1876
2806
360
-2342
-3872
-4224
-5937
-7851
-8803
-10503
-10856
-11962
-12547
-13060
-14226
-12169
-12658
-9273
-5316
-6139
-1975
-3148
-2641
3097
3813
4683
744
-637
5622
1145
4273
9944
2098
8129
13150
8052
10926
10490
8249
9749
9411
8484
9138
9700
7816
6545
7977
5436
5215
7583
5720
6756
7685
4988
6900
530
984
4021
1576
2576
-704
-661
-1583
-2861
-3696
-5157
-5770
-7063
-7565
-7109
-7100
-8498
-7172
-6539
-6527
-3047
-6866
-5680
-3972
-5051
-5226
-3669
-5129
-1479
3679
-4776
7724
7035
5953
8782
3469
8634
5602
4027
4143
6701
4638
2791
2207
3642
5661
3821
5887
3999
2839
3640
3488
542
-842
-127
-4214
-5062
-338
-3156
-4083
-5027
-7168
-7022
-8910
-9943
-9442
-10480
-10157
-5959
-2964
-3344
1574
646
1228
2104
2135
4839
4129
5333
4983
5549
6878
13087
9267
5614
18319
11764
9375
15790
11566
12842
14473
13451
13687
6827
6988
10550
11045
10451
8926
8460
8684
6277
4633
4833
5063
1114
-1758
1488
694
619
-569
-1583
-1339
-3242
-4455
-5555
-5878
-7420
-7325
-7325
-8316
-8149
-8245
-8983
-6205
-6053
-7116
-6411
-5267
-4415
-5437
-3039
-2362
-2673
3530
-1341
32
7191
5786
7520
4548
8247
7942
10458
7067
6771
11038
5262
9491
10492
9821
10451
10497
7595
7713
8747
6502
7461
4128
-128
1295
1031
-803
-3087
-4489
-6832
-9746
-10626
-13079
-11893
-12656
-12278
-12241
-10026
-5442
-4107
-2779
-1713
-1798
-2140
-1427
376
1529
1416
3923
4769
3698
7939
8207
1625
10202
8955
8501
13557
9614
11923
9255
10670
12573
9452
8183
9784
10667
9411
8651
10469
9835
8306
7836
6524
5409
5916
1330
-1824
-520
-2508
-3552
-6976
-7770
-8665
-9386
-9433
-11335
-12307
-13126
-13284
-13456
-14868
-13643
-12620
-12670
-11279
-11657
-9800
-8829
-10254
-9538
-9339
-6572
-9174
-4379
181
-8140
2063
4489
1147
5102
2752
5055
7431
8222
9841
5773
5140
8335
9194
10882
9597
9141
9705
8147
7673
7697
6385
5179
201
-115
-1212
-2796
-3585
-6363
-6104
-6771
-7407
-10232
-9802
-11714
-12331
-11840
-9158
-5491
-4671
-2664
-376
233
309
2989
3857
3681
2902
3044
3479
6519
2930
9031
6559
3590
14935
9768
13347
17332
15526
15228
14356
17726
13141
7888
12543
12922
11260
10505
10630
10082
8135
6603
4187
2525
2362
351
-4818
-2922
-2660
-5232
-1590
-3050
-8668
-11434
-6667
-7822
-9137
-9602
-10108
-10724
-11158
-11267
-10412
-9316
-8940
-7727
-7005
-5899
-8535
-6614
-3855
-3182
-5371
-7340
222
-8935
2938
9085
5664
10184
11284
7276
7999
8593
9231
7613
8727
11458
11383
10589
9895
10584
10052
9052
8482
8275
6209
5660
1527
-9
2322
-296
-1102
-4005
-4599
-7405
-9434
-9538
-11057
-11741
-12588
-12759
-11954
-6603
-6291
-4607
-1566
-1998
-1617
-1668
1405
3005
2188
2305
3212
6419
5234
8276
10884
6717
15148
16244
13800
16475
13896
13199
13449
15447
12429
10846
13680
14426
13756
12338
10563
9273
8639
6668
6946
4073
3354
-48
-4373
-1081
-2864
-4914
-7536
-8455
-8674
-10498
-11562
-12593
-13432
-14315
-14185
-15282
-14152
-13392
-15074
-13969
-15221
-12282
-10677
-12021
-12046
-13248
-8184
-8084
-8967
-9195
4829
1034
1363
11641
6259
12055
10324
12230
13118
10892
11594
8193
11267
10687
12355
10960
10833
10450
9388
8912
8017
8176
5988
6039
1197
640
-243
-5132
-5246
-9838
-10611
-13722
-9562
-11238
-16821
-17636
-18612
-12599
-12338
-13207
-9705
-10604
-6916
-4281
-5659
-4075
-3524
-1406
200
1329
-131
2844
4224
6458
11377
5384
10478
13930
11507
15637
15950
16381
15547
11895
11959
12910
13433
11429
11079
11677
9573
8820
6982
6259
5560
4163
3579
-484
-4477
-3718
-5490
-6605
-8553
-9240
-8394
-9480
-9882
-9112
-8876
-10474
-12034
-12729
-12029
-11249
-11366
-11388
-10305
-8413
-5906
-5912
-5651
-5462
-3011
-1987
-238
-673
3768
7786
-1400
8724
11306
8067
13632
11770
12796
10993
9584
9672
11070
11592
10802
10482
10895
10462
10530
8573
6624
5434
3680
4151
-395
-1703
-1326
-3013
-4617
-6960
-8304
-10295
-12053
-14489
-14599
-17056
-18489
-17961
-18038
-11016
-9831
-10178
-6960
-5119
-4213
-3710
-427
1031
2932
6083
6451
7993
10234
6516
9755
9523
6205
14077
12494
12564
15544
15395
16370
11755
10856
13121
13448
12787
11773
10811
10786
9019
8637
6396
4999
5062
2913
589
-4398
-4649
-4361
-5590
-7335
-6818
-9003
-9320
-11200
-13493
-13394
-17271
-14171
-15300
-17353
-15314
-13826
-11020
-12001
-11954
-6902
-8614
-8545
-6302
-6959
-5612
-48
2112
-1802
-278
1675
-2566
7529
4018
4379
7503
8370
8513
6507
8436
10186
11259
11439
11879
9890
9901
8691
8207
6627
5291
3241
1705
1199
-3010
-2960
-3989
-4964
-5966
-8564
-9155
-12536
-12815
-15674
-16923
-11334
-12656
-11615
-6745
-3679
-1374
-900
268
1138
3074
5514
6478
7862
7588
8174
6123
6923
12193
9084
15057
12544
6204
16184
13869
13564
15744
15330
12030
10326
13572
12060
11194
11193
12565
11783
10573
8361
6875
6756
5850
4428
1502
-702
-2797
-2229
-3023
-3814
-6366
-6829
-8984
-9826
-6842
-11268
-12738
-13672
-12035
-12446
-11394
-9510
-9519
-8528
-6421
-6011
-5125
-4786
-2545
-3843
-6477
-1407
-1581
-600
-4989
5562
1299
-1906
8865
3613
7324
7208
7582
5991
6644
9530
9873
9418
8410
8230
8767
9415
8363
5529
5689
4297
1758
1169
-2630
-3307
-5017
-7607
-9487
-11370
-15388
-12469
-14765
-17360
-15559
-14593
-12862
-15347
-9623
-4679
-5128
-2915
-2362
-3056
1393
3062
5390
3043
4716
7103
6177
8422
9528
10085
11525
15662
6378
12537
14998
11061
15923
12098
10523
7626
15238
8381
7469
14277
13944
12963
11521
10005
8318
1993
184
4611
2511
612
-2407
-3709
-4090
-6405
-5387
-10926
-7948
-8656
-8950
-15208
-9451
-11777
-10530
-7242
-8356
-6135
-5482
-4086
-3874
-718
-190
-4201
-111
466
-1017
1101
1548
3416
499
5738
8558
237
9614
10014
7447
12394
10066
9732
8113
3785
9330
8444
3148
3784
8424
7788
6659
5260
5512
3132
3732
1935
177
-3015
-11988
-9297
-9466
-12345
-13666
-13639
-14138
-14643
-16185
-16204
-12012
-11978
-7444
-957
-889
1020
3049
2510
2371
6753
7794
7876
8094
9924
8950
10422
11181
10248
12276
17022
15395
5891
16522
16907
14420
18621
14294
12965
13129
14450
12414
11954
13046
11756
10355
8473
7367
7649
5100
2979
2617
-506
-695
-1796
-5263
-5004
-5431
-5808
-7775
-8654
-8245
-9071
-7832
-6378
-7281
-6321
-5693
-5729
-2468
-5730
-5010
-635
-1940
251
-347
-20
936
163
1271
129
431
-1395
5484
3044
-586
10916
7374
7854
10841
7919
5660
4949
6201
3512
2302
2864
2796
3115
2888
1555
586
-1022
-1724
-4896
2020
1020
-6544
-5191
-3923
-6314
-14240
-15517
-14970
-11071
-10571
-8771
-7765
-7031
-4161
2530
1236
1362
4756
4874
7014
6892
7571
8825
9089
9803
10272
9344
9534
11112
10864
11141
17771
11216
6879
17844
13183
15001
15651
10177
12516
11330
11564
10653
10067
9692
9682
7767
7473
6281
4421
5996
2796
948
501
-297
-4343
-5517
-5869
-6516
-4251
-6527
-4925
-4329
-5853
-11534
-9910
-10780
-13008
-9502
-8385
-7204
-4535
-3190
-3264
-882
449
-1284
-603
-1244
-600
-18
-905
1518
-261
5478
4454
-216
9378
5987
6825
8082
4963
6618
6848
6507
6952
7138
5702
6785
5464
3532
3756
5317
3021
1887
896
757
-460
-6770
-6769
-4161
-6253
-7064
-5840
-7237
-9093
-9070
-6398
-7245
-7710
-10
2923
2931
4896
5343
5757
6833
8763
7713
9480
8216
8519
8496
9602
12191
9963
11164
11920
16934
5102
9612
17658
10510
15657
9987
11028
10835
10092
9581
7595
10430
7466
7366
7349
4014
3153
2471
370
486
-3230
-3257
-3828
-7899
-6858
-7875
-7496
-8191
-9647
-9671
-12670
-11948
-8246
-9492
-9802
-9231
-8686
-3357
-2958
-5161
-5519
-3987
-2987
-3814
-4006
-4430
-4332
-5317
-5419
-3964
-676
4446
5411
-2363
8176
8618
5758
8836
4565
460
2126
1911
1595
106
1660
2924
648
1471
947
1079
2090
-580
28
2194
2404
-431
-3828
-3511
-3839
-5365
-5993
-9928
-9915
-8726
-10364
-7363
-7273
-4384
-556
620
3482
1238
3029
5462
6298
6386
6539
6351
6019
5530
5477
7243
5307
8441
4320
10325
6046
1452
13746
9337
8806
5365
8860
10120
8396
2347
10929
4993
2730
4091
2873
1349
2469
1594
1137
412
-17
255
-2007
-2254
-4674
-4067
-8389
-8726
-5901
-6963
-7492
-9318
-7950
-6574
-6721
-7103
-6617
-7652
-6482
-5486
-4831
-5881
-6754
-5820
-6404
-6765
-7388
-7419
-1351
-2023
1005
-879
4050
-2417
-5620
5247
1718
1023
-756
745
96
-463
1561
-80
1081
1855
2234
557
4938
4582
3168
4636
6292
5582
-3528
-3997
-4535
-8841
-10938
-7884
-10915
-11430
-12710
-12648
-7841
-6940
-5816
-2763
683
2220
-1123
82
1110
1824
5824
6663
6194
6908
5096
5860
5903
6290
6098
5429
8114
5705
8904
5943
4269
13342
8743
7733
8509
7893
8225
6914
8617
9063
9660
7161
9181
9826
8045
10155
7603
5821
4859
5713
2957
335
-1774
-4451
-3590
-4883
-5160
-7559
-8222
-9348
-9126
-7822
-7244
-7437
-8392
-8737
-9232
-6257
-5082
-6470
-7060
-6716
-6218
-7072
-7378
-6592
-4585
-3962
-3300
-4135
-1278
2770
-5428
-1191
7681
1831
-690
-39
1188
2669
2087
3503
3029
6601
7613
5296
8041
7167
6085
4684
4397
1689
-3023
-812
-1439
-6549
-7157
-7345
-8681
-10177
-10591
-9187
-9166
-10041
-7455
-4980
-2928
-489
-113
935
373
691
3566
4040
4616
4016
4104
4478
5092
5605
5711
7995
6086
6536
4282
7288
5973
7529
11251
5551
9059
8449
7832
8318
10388
8281
7575
11261
9043
9380
7125
8419
7924
4126
5424
3231
2003
707
-1014
-3275
-3673
-3390
-5763
-7000
-5854
-5893
-8240
-6988
-4987
-5210
-7521
-7079
-4439
-4985
-4533
-5196
-5125
-2743
-4246
-6419
-5092
-3131
-4128
-4601
-3869
-1735
-2544
4141
-631
-4663
9683
3530
834
4551
2754
4134
3540
7828
8090
4741
5272
6152
7968
5142
5295
5767
5432
4133
2729
1572
1937
1274
-4221
-2420
-4524
-6365
-8088
-9828
-7780
-10151
-8965
-8018
-8460
-2938
980
407
399
1097
2422
1782
1565
1800
1711
3128
4203
3965
3865
2490
4483
7250
2155
9926
7463
7466
15901
5693
8376
11886
12134
11456
9702
9826
9618
9739
7733
8596
9662
9958
9657
9435
6692
3785
2314
406
-1455
-4613
-7143
-7556
-7458
-9303
-10487
-9093
-9664
-9504
-10547
-8664
-7885
-9906
-8610
-7416
-6444
-8018
-9480
-8185
-8477
-8942
-4012
-9239
-8626
-9127
-4331
-5317
-5824
-3899
-423
-5719
-4434
5981
-1282
1041
4933
5199
5495
7498
8087
6392
9152
8083
9166
7943
7647
6124
3681
2447
422
-1348
2397
1802
-2325
-4568
-3848
-5500
-8028
-9757
-9298
-9849
-9004
-8121
-6544
-1033
-1665
-421
2190
1992
3878
4675
-740
1789
253
-556
724
2797
2094
1479
2740
1423
1348
743
7013
4454
10049
14742
8534
12348
12414
10579
8054
8951
10551
10529
12206
13170
11739
10156
9479
7525
6399
4867
2398
655
-911
-2175
-5317
-6636
-6049
-6607
-8078
-8963
-9211
-10036
-11422
-12167
-11525
-10931
-10477
-9365
-9976
-9323
-6709
-7911
-8030
-8690
-7536
-7137
-5974
-4750
-3831
-4890
-3606
-4749
-1359
5444
-1940
8743
7155
1768
6731
3703
5511
6833
10200
8174
8031
6538
7192
10006
7613
7981
6379
5184
5932
4158
2415
633
-2735
-5456
-7164
-9306
-11106
-13276
-12669
-13597
-12530
-8589
-8231
-3749
-1396
1165
1804
2380
2702
2570
2241
2842
5131
2891
742
3918
5461
4113
4458
2862
6772
6308
11091
12589
7269
15444
9886
8595
13455
11078
12675
11685
12722
11825
12162
11041
9252
9588
8905
8516
7250
5363
2026
1378
-128
-2288
-4264
-7663
-8475
-7694
-8203
-9259
-10254
-10107
-11982
-12553
-11424
-12596
-10897
-12002
-10476
-9975
-9410
-4882
-7091
-8952
-6272
-5113
-5386
-4694
-9097
-4466
-2199
-2709
-1108
2114
2031
614
8134
2367
5731
10855
10213
10339
8098
10129
9800
7591
5789
6561
5461
4998
2988
2096
2332
278
0
-1531
-2749
-5875
-8427
-9795
-10375
-11931
-12711
-12081
-13589
-10918
-10428
-5761
-5138
-3515
-666
-862
4925
1624
2393
5136
3985
3976
3089
2549
5746
6727
6750
9310
5839
9142
7956
8791
9702
6757
13439
9669
12153
13572
11095
12510
10920
11815
10483
11256
10685
10646
9974
8191
6930
4176
1752
224
-481
-2901
-3719
-6543
-10122
-10110
-11027
-7372
-13095
-13061
-11687
-13526
-15085
-9539
-10373
-6488
-7561
-5385
-3817
-3147
-8853
-8558
-8159
-8268
-4838
-6026
-4583
-3980
-2532
-2529
-1907
-5447
585
1686
249
6652
2244
6276
7802
6086
7302
9512
9210
7556
6824
7841
10345
9600
7268
6263
6097
4093
2752
987
-1926
-3183
-5658
-8211
-8665
-10789
-11789
-11218
-12906
-11541
-10231
-11199
-3796
-4179
-5267
-3001
-2293
252
-1109
-474
-892
2612
1253
2045
5056
4207
3683
6529
7193
5580
7938
5439
12508
6238
6145
13817
8410
12318
10535
11858
12412
9753
11667
9888
7604
7429
6919
5996
4181
2474
1800
-936
-1162
-2023
-5216
-6172
-9704
-10054
-9606
-11906
-13687
-13808
-12879
-14688
-12491
-11878
-11514
-9299
-8149
-6527
-6225
-7232
-4639
-4328
-5353
-3964
-4935
-3409
-4224
-1730
-861
-2244
2160
-2054
684
2566
-3438
4806
5346
5182
9620
6500
7639
9165
8374
9628
7440
5816
5929
5533
5183
2093
2334
685
-1653
-2440
-4092
-5898
-8806
-11062
-10147
-11744
-13115
-12847
-14954
-9935
-11931
-12360
-5419
-7463
-5804
-2753
-2873
-529
671
3132
5776
6373
6155
6807
8387
7192
7727
9336
10811
10210
10410
7403
12797
12483
4109
11880
11308
11230
11459
11028
12083
9191
11809
11537
9442
6882
6300
5422
3515
4344
2968
758
-1092
-1749
-2674
-3188
-7015
-9433
-9478
-13840
-12102
-9463
-12069
-12261
-12563
-12471
-10108
-10108
-6992
-6303
-5602
-1757
-1440
-2369
272
955
-1199
923
1367
332
-211
1274
2334
3281
237
6443
4783
578
11246
6863
9320
10607
7363
10904
7494
9128
7595
5425
5596
3855
5520
4097
1940
1922
1054
-533
-1643
-5049
-6545
-8066
-11550
-11551
-12081
-15029
-15655
-14131
-14954
-13145
-10375
-6638
-5023
-2993
303
653
1713
1846
2428
3303
5101
5754
6161
6246
7180
6196
5931
6409
8239
7440
6704
11533
4472
8992
13786
9155
12466
10847
10444
9650
6578
6313
5981
9131
8907
8568
6424
5010
3209
3825
2981
-314
-1507
-10169
-9828
-4440
-7956
-8028
-7587
-9474
-8091
-8262
-8382
-7777
-8865
-4658
-3242
-8564
-6168
-4824
-4935
-3956
-4145
-4102
-2681
-1688
-1073
-651
-1588
-2009
-1761
93
-1289
769
4761
-2121
7049
8148
5270
10034
8975
10394
8663
7471
6700
6941
5556
6708
4471
2815
3306
2594
2185
420
-217
-2655
-3272
-5723
-8862
-9334
-10932
-13051
-13057
-12854
-11219
-11683
-9505
-5643
-3510
298
990
2268
3693
5390
5048
5006
7173
6078
6778
7841
7855
7239
7268
8864
8123
10961
10638
13419
8927
6506
14872
11282
11409
12269
12035
10626
9914
9510
7739
7673
6590
6713
5114
2874
1013
-1952
-3832
-2812
-5123
-7468
-8014
-9402
-10736
-11731
-11310
-11205
-10498
-10773
-10766
-11065
-10340
-8500
-9314
-6670
-6101
-5394
-3752
-3646
-4067
-3929
-2196
-1576
-2405
-1461
-681
-2484
-2845
-2961
-1332
-2424
903
970
2335
11087
63
3025
2692
2549
2602
2165
4370
2745
5106
3842
1706
1912
1248
-373
808
-1685
-4406
-4232
-5580
-6888
-9033
-11133
-11949
-9294
-11818
-12552
-12604
-12492
-8516
-10563
-4254
1014
1951
4151
4487
6340
7600
8725
7275
8437
10062
10166
9945
11000
10336
10823
9115
10441
11061
10224
14518
6597
10164
12907
7426
10365
10335
11056
9122
9328
8226
7548
5727
4529
3480
4631
4140
-700
-1090
-3510
-3880
-5168
-6110
-6166
-4167
-5292
-5321
-4319
-4571
-5307
-5972
-4100
-5601
-4956
-5364
-5593
-5277
-5001
-4485
479
-4636
-4262
-788
39
-3247
-3587
-3380
-4371
-1958
-3345
-1513
-1897
466
4592
-4934
2719
5335
2505
4830
3059
2832
3867
6409
4427
4080
1279
4355
4898
33
1025
487
-1166
-2145
-4147
-4804
-5476
-6625
-8595
-11211
-6072
-12123
-12522
-10872
-13001
-12586
-9096
-9531
-1020
-380
-98
3762
3441
3905
4245
5788
7223
7254
7525
7739
6060
6067
6800
6380
3335
6679
5467
10152
6005
3109
10936
3593
6520
7319
11496
9783
9126
10526
7771
9735
6827
5622
6380
4652
4856
3245
1210
2097
136
942
-3838
-6408
-7375
-8192
-7528
-8972
-8920
-8997
-9372
-10356
-10838
-9332
-9773
-7274
-5879
-5782
-3915
-4211
-4350
-4275
-3388
-1617
-3480
-2205
-2310
-1398
-1737
-2289
481
-1113
3629
-1619
1026
7407
1275
4550
5594
4578
3724
6369
8796
4561
4310
6754
5063
3548
2616
2369
3539
1198
-543
-1125
-1731
-5115
-5752
-5724
-7848
-8828
-10057
-10474
-10803
-11601
-12074
-9201
-8666
-3596
-2389
-1165
1996
1243
3827
4236
4199
5640
7126
6969
7047
7466
6284
7248
6764
7182
6276
8533
11980
3470
11235
10950
7532
11490
9429
11351
8439
9293
10830
9228
8031
7715
5198
6310
7413
5736
4872
2961
1046
1224
426
-1225
-1531
-3325
-4927
-6063
-5799
-5105
-6427
-7292
-7286
-6917
-6562
-8231
-7292
-4550
-4775
-5075
-3402
-2254
-2833
-4220
-3451
-3169
-3391
-4466
-3461
-3444
-2251
-2475
-620
2022
-5594
4513
4028
422
7148
4560
5458
5212
7459
6213
5902
3083
3620
6084
2945
3172
2937
172
-176
1142
-428
-297
-318
-3662
-6620
-7619
-9754
-9812
-7541
-5844
-7502
-7259
-6403
-5859
-2117
-3528
-1812
-605
413
1513
2176
5858
4198
3665
5382
5404
5166
6056
6106
5162
6033
4983
9689
6863
583
11746
8516
3927
8727
9559
7922
8030
6926
6311
11478
10321
8754
6899
4520
6089
6289
4466
3285
1411
506
-190
-1894
-3815
-5164
-5127
-5617
-6263
-6350
-6749
-6706
-6861
-6925
-6078
-5997
-5512
-3805
-2225
-4206
-4211
-3891
-5471
-5658
-5869
-4417
-3329
-2178
-1610
-3077
-763
-1482
1097
424
-2437
5642
1643
1963
3361
3211
3951
1122
6772
7580
7276
6754
7762
8208
7741
7902
6215
4761
3628
3181
1476
926
-394
-3754
-5317
-8084
-8235
-9315
-9992
-10913
-10053
-7435
-8186
-2250
-3022
-2042
465
-442
1309
1653
4047
5315
4654
4024
3179
3693
3597
2668
2714
180
-97
1112
4499
3260
5731
13393
5816
2909
6170
8543
8681
10924
12509
11011
12050
12463
6234
6084
4387
4580
3455
2438
433
-641
-2262
-3359
-4930
-6888
-6659
-6700
-6334
-7194
-7602
-8769
-9853
-9109
-10904
-11514
-9630
-5543
-4044
-3041
-5095
-3120
-2422
-2979
-3113
-4074
-3520
-8501
-10037
-7944
-5161
-4171
-7867
29
-63
-5531
4263
-1464
3433
6507
5246
7767
5978
9209
7508
8322
7903
7932
7143
6684
6882
5701
5182
2067
34
-438
-1775
-3070
-4389
-5503
-5507
-7447
-7275
-7633
-11314
-11127
-11261
-8833
-2847
-2728
-1800
30
1531
3013
3046
3451
5724
5381
2255
1992
1449
5259
4577
799
2219
2459
2491
7360
1385
2716
13271
8274
8950
8264
8158
13948
12447
13796
11988
11884
12303
12360
11267
8915
7533
7591
6651
5914
3432
1818
838
-509
-2310
-2861
-3634
-4390
-4573
-6722
-6156
-7243
-7967
-7434
-8456
-6843
-5143
-5905
-10515
-8839
-7865
-7607
-7966
-9152
-6653
-4978
-8807
-7214
-7749
-6532
-6147
-5429
544
-3963
2822
9122
4625
8573
7777
9486
10962
9453
10546
9699
10676
8753
10014
10009
8192
8068
6100
5430
4280
2311
935
-559
-2232
-2983
-4642
-5475
-7163
-8717
-8196
-10762
-9476
-9641
-9103
-2604
-1728
-1117
1289
575
152
3265
2515
6270
7540
2857
4079
5553
5969
7109
6174
7482
8700
13778
15005
7533
16584
15977
13438
16935
14582
15144
13363
14488
14546
10341
8672
9695
9313
7986
5984
4655
3177
2964
-119
-1965
-1816
-3319
-2963
-4638
-5492
-5289
-7457
-7831
-10168
-10505
-10833
-12226
-10454
-10617
-9918
-10175
-8594
-9113
-5552
-4135
-6484
-3582
-4980
-4616
-3740
-5243
-3758
-2971
-1527
-1455
4324
1931
-625
9832
6270
6235
9591
7910
8778
9004
9248
10303
7452
6742
8968
8233
7676
5091
3447
3312
900
948
647
-1517
-1383
-4010
-5474
-7658
-9585
-10163
-12031
-11920
-12097
-14195
-10973
-9030
-7610
-1941
-4761
-1528
1069
-1287
282
1233
845
667
1672
2814
6169
7535
7790
8101
7793
8258
14118
9649
9928
15839
9867
13354
13400
12956
12677
11765
12715
10700
9310
6618
8158
8688
6340
3214
1029
1091
-711
-2823
851
-847
-1977
-3361
-4286
-5322
-5883
-7636
-6721
-8624
-9051
-10678
-11453
-10001
-9768
-5435
-8136
-7981
-10761
-10096
-10800
-4016
-2804
-2978
-776
-1093
450
1024
2413
1763
3367
7880
1614
6868
12046
8037
10266
9903
10546
10265
11468
12141
10796
10386
9022
7600
10959
9666
7396
5605
3735
4065
1503
304
-1101
-2206
-4802
-5256
-7089
-7346
-9156
-9565
-10740
-12667
-12133
-11919
-10239
-7903
-1887
-1542
-331
804
832
2490
922
2919
1500
4009
6243
4078
7155
10339
10895
8744
14493
16302
7888
17716
15141
13647
16773
15236
15756
13205
15667
14751
14000
13316
12576
10921
9038
9475
7882
5313
3367
1964
714
-1043
-2091
-3559
-3651
-5495
-4336
-7930
-8577
-8705
-12083
-8557
-11346
-11511
-8909
-8661
-8240
-8479
-6727
-3448
-3801
-3113
-1130
-1040
-1758
-945
286
290
927
3504
1825
6907
5619
1982
13514
10057
9002
11694
9878
10308
10679
11626
11053
10566
9748
8831
6528
6799
8138
7708
4155
2666
2068
432
-1318
-2798
-5090
-5204
-7742
-9910
-8173
-15250
-13276
-13176
-15813
-14850
-14253
-12790
-13622
-6085
-4789
-3460
-213
-1102
1433
2774
3757
2812
3753
4534
3894
10503
7656
9597
8512
13798
7094
8614
20419
15361
18181
17143
16605
15380
11107
12184
10642
10308
9319
8784
7008
4607
5579
5952
3394
1172
-487
-695
-2599
-5789
-5276
-6225
-7819
-7489
-9647
-11690
-11634
-11737
-13521
-13611
-12490
-10980
-10227
-9834
-10119
-8164
-6369
-6175
-4134
-4195
-5390
-3819
-4127
-3646
-4675
2080
-2615
-410
7255
-4660
5193
7329
3596
7118
6592
6251
4886
7412
7532
6892
4912
4209
3937
3129
2658
1694
2915
734
101
-1290
-4343
-5381
-7581
-8907
-9481
-9984
-12142
-14189
-14690
-15270
-16446
-15210
-14053
-13022
-10146
-11011
-6429
-2804
-2874
150
571
701
3424
5247
3802
6434
7167
6583
6027
6528
8668
14034
11527
5811
14661
13328
10720
13430
11311
10929
15073
14363
10026
8283
6998
6767
5305
3751
2930
70
523
-1186
-3335
-4524
-7318
-4418
-7439
-9899
-9145
-9506
-10736
-13580
-12485
-11001
-11923
-12294
-12316
-11495
-8621
-7728
-9366
-7586
-6761
-5445
-5337
-4711
-3335
-4437
-1541
-434
270
560
2145
258
7441
5204
186
11030
7564
8409
8319
6230
7454
6662
7876
6785
6412
6303
4455
4687
3489
3215
1211
-167
1713
-1471
-1794
-4074
-6120
-6824
-7710
-10716
-12262
-12782
-12297
-12934
-13969
-14338
-14117
-11994
-12978
-10339
-10132
-5598
-2310
-1407
1897
2779
3899
5560
6594
7314
8354
8213
8051
8398
6892
8971
15482
10408
11187
16569
14317
16443
15139
13022
13901
13109
13389
11703
10109
8208
7678
7286
4297
4095
-113
-99
2063
-1585
-4022
-3725
-3645
-6748
-6274
-4638
-5498
-7122
-7763
-7305
-8194
-7013
-8109
-7876
-8977
-8221
-6938
-10314
-7914
-6334
-3912
-3074
-2908
-2560
-1994
-2920
-2478
-2220
-535
-1540
-133
3539
-4256
3024
5623
2312
5333
4371
3166
5024
6473
4925
6360
3811
4752
3507
3129
1701
-3068
1429
-756
-4669
-4150
-3574
-7217
-9473
-7143
-6355
-7293
-8355
-8500
-9984
-11969
-12834
-12060
-11808
-11065
-10249
-9437
-7739
-687
745
730
3409
3329
2582
3813
4183
3207
5074
4670
5018
6987
7683
11481
12214
9917
17339
15204
15296
15429
11767
13174
11722
12257
10732
9098
8432
9412
7913
9025
6726
3224
2078
2322
1748
-3883
-2808
-2126
-3809
-3722
-4276
-6159
-5886
-6501
-8965
-3778
-5305
-4967
-10350
-11087
-12328
-11102
-9877
-9893
-8905
-9379
-7461
-6058
-5030
-5584
-5567
-4195
-3873
-2873
-1397
-3125
4535
3406
-3045
8272
3849
5375
8410
4266
7690
5669
6244
2876
5043
3822
5153
8823
3242
4996
4551
4164
778
443
2296
-249
-750
-1081
-3641
-5832
-4552
-4409
-7090
-10419
-11561
-11516
-12175
-12650
-12627
-10827
-11249
-12648
-2212
-508
560
3822
4088
4217
5152
7144
6218
6795
3781
3952
5918
5665
11776
7099
8020
15580
10382
13457
11183
9197
9302
8804
10216
9518
7685
7943
8382
6224
6755
4615
2154
4670
5427
2825
786
-2264
-2358
-910
-2369
-3065
-3171
-3785
-4998
-6662
-6645
-5396
-5351
-5913
-7502
-7358
-7235
-7943
-6857
-6199
-5615
-5584
-4886
-4388
-4213
-5185
-3387
-3020
-1501
-787
2167
6302
-2433
6973
10002
4265
9679
5460
5505
6489
6879
6590
5170
1852
3834
6070
4717
6718
5314
7323
6606
4830
3274
1865
3430
2307
1220
-451
-1445
-2159
-2744
-5518
-6159
-6668
-7030
-6570
-8505
-8137
-8593
-7059
-7436
-3132
-269
-1017
181
-870
745
1438
3370
2074
4143
4727
6223
6597
8130
13732
8008
11997
11310
11424
11673
8774
10430
7636
9027
8183
8633
7035
7323
8038
8657
8798
7011
5080
3613
3843
2133
1087
-920
-2451
2175
940
-323
-213
-7000
-8588
-8892
-7327
-6940
-7016
-7775
-9722
-9266
-11053
-11807
-10404
-10433
-10273
-4226
-4547
-2970
-3511
-5201
-3438
-3522
-782
-7285
-5177
683
-6805
-139
2712
625
4301
1065
2412
1072
3624
4529
2755
3734
4514
8665
8380
7207
7282
3546
4603
3630
1277
275
-704
-571
-2050
-3451
-4621
-3547
-5126
-6618
-8443
-11014
-11106
-10638
-11141
-11508
-10596
-12107
-6429
-3979
-3715
-347
-1556
-276
-564
1072
251
522
2046
676
3755
27
4673
6171
2424
11663
9429
8316
9460
9551
10793
8134
10157
11935
12137
13677
12032
9623
8954
10074
10540
8022
6679
5911
4706
2140
2277
1383
445
-672
-2985
-1824
-3223
-5980
-7884
-9573
-8861
-9718
-10444
-11424
-11741
-11353
-10355
-9616
-11035
-10561
-10369
-10007
-8994
-9104
-9072
-8200
-8709
-5707
-8994
-387
-604
-7307
6352
1347
1603
5389
1331
3092
4781
5941
6122
4424
4168
5298
6560
8343
6996
6734
5526
5676
5127
4023
3109
2770
2759
1049
229
-1478
-1637
-4308
-4926
-6285
-7838
-8358
-8326
-9920
-10881
-10871
-11233
-6507
-5026
-3684
-1456
-612
-1696
-1155
717
1851
944
1354
3468
4535
4186
7943
4017
5848
12046
5971
11118
13294
14078
14131
13082
11542
11092
11640
9545
9719
9412
9569
9564
11288
9262
8559
8122
4613
4615
2718
394
-240
-3255
-3057
-3829
-6192
-6785
-8738
-9225
-9804
-10906
-10833
-11306
-11764
-11934
-12554
-12601
-12119
-12043
-11346
-11827
-12563
-11292
-8392
-5882
-5327
-8623
-2320
3103
-7361
-168
4815
1521
6168
5599
5807
5199
5276
5177
5175
7043
7225
5627
5883
5904
5763
4107
2400
2887
645
-91
-851
-634
-108
-1952
-3503
-4369
-5211
-7064
-7525
-8667
-9283
-9058
-11852
-11628
-11670
-12182
-12005
-9286
-6332
-5277
-2759
-3469
-1591
479
1055
1227
3164
3470
5517
2979
5136
10735
7696
15716
16804
14508
16361
17009
17873
16049
15870
15336
14638
15028
14516
13825
13620
12861
12533
10533
8649
7785
5647
2507
795
826
227
-1358
-3184
-3272
-4300
-6690
-7400
-7596
-8889
-9392
-10849
-11956
-11837
-14198
-12767
-13934
-13525
-15163
-15265
-10491
-11573
-10971
-11232
-8008
-6789
-6230
-4153
1556
-1029
553
8694
5034
6124
6229
6322
5712
7219
6873
7975
9056
8600
9589
8887
8911
7485
7271
5017
2286
1411
1117
-1817
3225
-3036
-4216
-6802
-6956
-7930
-9688
-10084
-11595
-12718
-13643
-13244
-16239
-16146
-18113
-17396
-19431
-15412
-9946
-8223
-5661
-6842
-3353
-1928
-213
256
1658
4062
6440
12196
14953
8966
13639
15532
11890
15989
18530
17467
15715
17364
16330
15173
15098
15694
15694
14506
13165
11555
9039
7657
6227
4450
1597
502
-133
-1455
-3369
-4405
-4495
-6317
-7677
-10084
-10629
-6929
-8608
-7122
-9554
-12843
-11592
-13511
-15762
-13917
-14516
-12009
-11387
-10744
-10127
-7738
-8537
-6507
-2518
-2299
2387
1768
-1926
7193
7581
7672
9732
9190
10376
10073
12494
12099
11281
11247
12517
12421
10533
8553
7853
6379
5705
4932
4065
2286
2533
2405
-391
-1694
-4816
-4694
-6764
-8026
-9061
-11224
-10453
-13031
-15055
-15356
-17963
-16214
-14134
-16578
-13273
-7006
-6261
-6200
-5255
-2629
-4347
-3109
7489
729
8431
9316
8169
7895
10235
15792
12884
16966
16355
17379
17376
15679
17266
13903
12104
16846
11395
11130
9735
12414
11981
10440
9078
2196
-348
200
-1652
-2605
-3167
-4637
-4567
-6234
-6397
-6800
-10358
-11315
-13923
-15886
-15197
-13883
-15688
-16328
-14294
-13427
-13505
-13161
-10264
-10487
-10862
-8716
-5270
-3924
-2097
-4314
629
3807
-995
8829
7909
6498
9602
7269
10964
9614
10942
10583
10036
11983
10743
10823
9745
9417
8041
6350
5760
5114
3413
2678
3002
475
-717
-3228
-5137
-5541
-7653
-7469
-9100
-8097
-10845
-11647
-9424
-11781
-13797
-13945
-14897
-15880
-13585
-11972
-4737
-4485
-3178
2390
2069
3562
4730
4751
6824
6595
11764
10396
8932
20428
16455
17851
18910
17259
19895
17979
17376
16376
17380
17337
16261
15272
13442
11860
10700
7036
5783
2910
1829
2946
734
464
-1604
-2393
-2666
-5028
-7239
-10039
-11062
-9869
-11711
-11555
-11779
-13093
-13272
-16245
-13301
-12585
-13590
-14436
-14573
-9893
-7855
-9320
-9919
-7793
375
-142
1914
8322
1785
6470
14159
6886
12109
11944
10420
13287
6744
13230
10436
6780
8712
7736
6556
5014
5442
4680
2749
798
-1127
-1365
-1374
-2822
-3320
-4661
-5554
-6264
-7115
-7523
-10007
-10461
-7171
-10975
-12348
-13166
-17262
-12849
-12455
-13844
-15040
-12774
-8219
-3813
-2662
-972
1095
-557
3440
4201
7764
7837
11929
14011
10994
17771
17943
19522
21601
20409
20268
19586
19547
18385
17396
18455
18003
16957
14295
12599
10452
6997
5668
3999
3000
1172
1035
-3
-1921
-4502
-4962
-6441
-6845
-7750
-11391
-11052
-12417
-15878
-8392
-6822
-13642
-9329
-10048
-9250
-9442
-13753
-13409
-7606
-11645
-11386
-4355
-3181
-1383
-4278
-4980
773
-3256
979
7910
2944
8034
6685
7674
11101
12069
14021
11511
11351
10049
6058
5960
4630
3874
4236
3329
3209
2405
1263
2623
244
-2268
-4269
-8267
-5579
-7752
-10096
-9596
-12141
-12503
-13171
-11725
-9896
-13750
-15325
-13914
-13621
-13334
-14045
-13896
-13122
-5564
-5112
-5950
-1601
-326
679
3959
4363
10346
13401
9375
16478
16741
17716
18962
18857
20171
18112
15751
16622
16506
13496
13101
12735
12292
9823
8109
5702
5297
3424
2416
-151
-969
-2333
-4100
-1760
-6396
-6634
-8022
-10414
-9122
-9177
-8512
-9098
-8655
-8532
-8689
-9398
-10530
-11309
-12598
-12960
-11272
-9841
-8532
-8687
-8385
-6184
-5904
-3660
-5287
146
167
2507
8819
3517
7918
8257
8615
11408
10558
10346
9555
9759
9641
9146
10104
8212
5576
4796
1948
3544
1283
1051
983
-1682
2307
-932
-3968
-4832
-7323
-9136
-8256
-7657
-9423
-9743
-10488
-8951
-8342
-11408
-11460
-12112
-13314
-12750
-12474
-10654
-10273
-4624
-1756
-1368
1918
1170
4382
6041
7448
11382
6500
13732
17127
14356
18754
16816
17950
18782
18165
16260
15626
15883
13980
13967
14425
11455
11228
6883
6813
5611
2124
6021
1711
798
1586
1183
-1558
-2070
20
-1203
-2027
-2290
-2280
-3233
-5068
-5436
-5401
-7102
-8084
-10032
-9707
-8647
-9139
-9418
-7556
-7163
-6906
-6277
-5180
-1662
-3844
-419
493
-1113
6189
6357
7296
8344
6948
9015
7920
7426
6709
5127
2871
4247
4986
5092
3982
3033
433
-470
2377
-757
-344
-755
-1720
-5082
-2499
-1275
-4011
-3403
-4536
-4008
-5821
-6169
-5790
-8010
-9086
-7349
-9764
-10316
-11847
-14278
-13287
-14342
-14418
-13585
-7668
-7359
-5555
-2137
-1000
2305
2383
8973
5280
7533
13853
11764
14400
11661
19024
19485
17638
17443
17606
17109
15829
12795
14456
14053
11726
7014
9161
4113
4204
3598
-1199
-879
55
-1646
-805
-1839
-2456
-2972
-2666
-4008
-3741
-4654
-5267
-6155
-6468
-8689
-10626
-10731
-12573
-7763
-8799
-12433
-8607
-7933
-7956
-12561
-12069
-5565
-2862
-2462
-1806
-5648
-360
3237
258
5286
3028
3661
6193
6352
6887
4812
3859
3587
4756
6293
4783
4185
2936
2739
2799
-682
688
3670
1768
1543
84
-1483
-890
-1947
-4045
-3765
-2503
-3319
-2839
-4369
-5161
-5416
-6080
-7227
-9024
-10048
-11682
-14620
-13895
-13288
-12607
-6551
-6490
-2405
-1593
1296
2433
6389
9380
5581
14311
13269
13842
15443
14644
16128
15485
13888
11932
12322
10767
12206
12655
12257
13332
12160
9183
7683
12112
8983
4788
5401
3912
4295
2704
1427
-345
10
-765
-917
-1880
-3312
-3864
-5808
-6235
-6397
-8303
-9692
-11462
-12820
-13025
-14148
-10013
-15848
-14738
-13906
-11797
-10914
-5637
-7023
-836
-3106
-5015
4310
815
5283
5779
5364
5184
5795
7688
6556
6199
4597
4636
5323
5393
4194
2317
4198
6614
4557
3993
3341
1739
1198
283
-1337
-1946
1677
1176
-91
-5707
-4742
-4930
-5914
-7128
-7454
-9881
-8953
-10084
-11386
-12971
-12996
-12849
-11173
-12859
-11334
-4373
-4381
-2180
-197
1102
3383
8783
2386
7833
15847
13692
16216
15024
18238
16458
16626
16698
15514
15994
15053
15334
13442
14342
15285
14084
12546
10159
7631
5373
5450
5301
5263
3925
2513
3963
2568
1406
231
-1686
-2298
-3870
-3788
-4122
-4511
-7053
-8774
-11317
-13101
-13834
-15744
-13669
-14741
-13846
-13043
-12962
-13053
-11616
-11812
-4666
-3888
-9842
1004
-1439
-1460
1708
758
4540
4823
5992
5030
4773
3175
5893
6721
6842
9247
5981
5101
4111
3922
1922
672
1533
1120
1720
618
-1802
-2009
-870
-2177
-2889
-4604
-5762
-5377
-6497
-8800
-8152
-8615
-11364
-12183
-13686
-14764
-15521
-16037
-16177
-15826
-15780
-11313
-8428
-7101
-2776
-3207
3490
1707
2041
10357
7827
12583
12514
10820
14700
15266
15791
14478
12949
17562
17902
15992
14578
14593
12941
10397
12493
11462
10052
7333
7903
6972
6436
5267
2784
3651
1184
-99
-336
-2798
-3603
-4887
-5777
-5052
-4876
-7713
-9417
-10253
-12099
-13440
-14108
-15974
-16557
-15295
-15153
-14427
-13304
-9013
-10717
-3006
-5524
-7471
876
-3375
6362
6047
7653
8738
7433
8960
4729
7166
5351
11722
11842
6047
5593
4806
6395
7234
8271
6660
5311
5759
5913
4244
2549
3203
2401
674
-1092
-2130
-3107
-5946
-7582
-8681
-9299
-9946
-11709
-12702
-14417
-15689
-18014
-18612
-17991
-18920
-18047
-15046
-10708
-9347
-7770
-5141
-3382
2512
-794
3684
7970
7829
11955
9593
13651
14518
18252
16836
14612
16007
15232
14975
14399
15734
14522
14350
13441
12330
10852
8440
5784
5217
5308
5218
4253
3608
3111
1988
1205
-138
-2046
-3460
-3425
-4355
-4720
-6578
-8840
-9352
-12055
-13757
-14946
-15761
-17124
-15815
-15814
-13554
-12403
-11246
-8210
-5833
-993
-8002
-277
2841
571
3023
1066
7581
8183
6911
9157
9441
8521
10262
9264
10434
10234
8013
8195
8246
7266
7495
5269
3870
4968
2944
1481
971
1261
-350
-732
-723
-1649
-3856
-6045
-6832
-6812
-7935
-11068
-12244
-12244
-14570
-15623
-17158
-16493
-16461
-17071
-15256
-13044
-8296
-6755
-3340
-3107
4263
2464
2377
9766
8380
14862
14814
16914
17553
14356
14687
18958
17605
17050
18226
18151
18972
16578
16216
15307
14044
11772
10667
7112
7042
6419
4223
2981
2763
1964
702
-736
-2613
-3445
-5049
-5878
-7038
-5669
-7524
-10266
-9757
-11779
-12646
-14157
-15962
-16638
-14601
-14422
-15332
-14343
-13100
-9394
-9009
-2182
-9041
-7130
1376
4451
9933
8564
10892
4545
4458
7432
8559
9408
8391
8525
7464
7859
8333
6663
7351
5179
5229
5575
2791
3146
903
1082
-205
-1122
-1315
-2631
-3322
-2214
-4239
-4310
-5843
-8060
-6038
-8667
-11112
-11424
-12645
-14694
-14597
-18210
-16125
-16788
-17144
-17057
-13894
-8355
-7477
-6911
-3735
4067
1383
8453
10780
9277
13389
14894
17751
15662
16587
18474
17819
17884
18922
17920
15630
13876
13796
12231
10227
15001
13367
11032
9855
9898
3945
2844
983
1419
557
-1719
-2724
-5283
-6858
-8855
-9706
-8951
-10564
-12806
-13418
-13905
-15607
-15719
-17356
-17280
-17003
-16196
-16815
-15961
-14978
-12925
-10867
-8971
-2676
-5955
2490
4499
2228
8741
8216
11118
8933
10226
12852
12363
11341
11663
12083
12152
12181
11613
12459
10227
10344
8808
6599
6787
5777
3091
1234
354
21
-800
-1864
-1420
-3710
-5190
-7054
-7240
-7016
-9516
-11672
-14643
-13596
-14249
-17301
-18703
-19156
-17733
-19735
-18804
-19735
-14272
-7457
-6264
-2252
-192
3863
1526
8569
12446
12180
17015
14810
16855
16428
17469
20022
19530
19877
19334
17722
17041
15993
14948
13458
11978
11044
9265
9189
8117
6411
5643
4405
2967
1328
-462
-986
-2252
-4175
-6702
-8149
-7982
-10457
-9230
-8845
-11786
-12415
-13725
-13653
-13629
-15930
-14944
-13932
-14128
-12095
-12783
-11908
-11155
-6541
-4474
-4642
4961
4861
5191
9110
9027
9721
8909
9943
8397
8210
8061
7516
7772
7756
7156
6371
5947
5115
4961
2485
2561
1752
1919
288
-1805
-1958
-3261
-4125
-5234
-6316
-3783
-4650
-7728
-5325
-3890
-9779
-14661
-14133
-17062
-17915
-17835
-18256
-14080
-12457
-17305
-17889
-10043
-15694
-9169
-4047
-849
6713
5763
5860
11222
9553
14882
18367
17633
17573
18084
19489
18417
19584
19059
19909
18562
16680
15720
15529
14298
12754
11340
9570
8099
5729
4585
4130
2679
1291
-191
-1944
-2597
-6027
-5103
-5065
-10159
-9490
-9414
-11203
-14085
-13865
-11857
-13602
-14141
-13302
-13968
-14270
-13585
-15580
-15766
-10827
-7771
-8870
-3149
-3268
1493
5786
2589
6749
6476
7281
4451
4810
8474
8805
8180
9852
12295
10339
9287
9221
8949
7530
5590
3228
1074
1927
1119
-275
-988
-1197
-1455
-3447
-4570
-5167
-2113
-5451
-7124
-6220
-7111
-8858
-11354
-10583
-10286
-11673
-14262
-11956
-12884
-13334
-12081
-14079
-14219
-11675
-11873
-5117
-2203
-2848
5248
323
6146
11488
10183
14735
15285
16989
16237
18593
20009
20994
18491
20185
21904
18806
17296
15875
15314
12629
12311
9022
7802
7850
7013
5529
3604
2833
1187
4045
601
-1394
-561
-3533
-3512
-4537
-5009
-4680
-5494
-6300
-6893
-7832
-8613
-8640
-11699
-12835
-9018
-11837
-11184
-12504
-10072
-8588
-9606
-542
-6537
203
4450
1722
7388
6002
5818
5182
7379
11025
11702
11448
10132
11961
10852
9795
8824
7696
6573
6237
3776
4949
4177
2745
1545
-1201
2224
552
-2169
-166
-1633
-2380
-3677
-5173
-2046
-2313
-4080
-5397
-4852
-7076
-7454
-9294
-10959
-7785
-9482
-11043
-9804
-11275
-10732
-10701
-10777
-5663
-3628
4182
-231
9285
12100
11786
17582
17872
20064
18029
20035
20134
19821
18731
20462
19081
16166
14501
13995
14066
13451
10303
9729
6796
5352
8768
4345
3941
3026
2883
2219
1200
-1835
-2661
229
198
