6364
4786
5832
7082
7508
5783
4048
3902
2179
2555
3150
2366
367
-420
-3254
-1557
-2350
-6841
-6094
-7397
-9149
-11430
-12075
-12483
-13934
-14391
-14977
-13417
-12573
-13057
-10928
-9889
-11893
-10458
-8423
-6578
-11532
-9667
-1863
-5088
-2620
-1624
731
5264
5754
10383
9503
9574
9133
11468
12651
10476
11629
12248
12659
9983
9444
9711
8875
7749
6700
8112
8857
6120
3354
2248
2829
1761
370
-24
-3433
-4863
-4641
-5453
-6036
-8665
-10120
-9631
-11139
-13031
-17364
-17211
-18478
-21961
-21502
-24198
-20314
-18726
-19823
-18817
-12182
-12451
-11305
-3802
-3628
172
3438
4260
9276
10691
11903
13788
14844
14032
13841
14871
15002
14792
13652
12454
11224
12369
11753
11298
8695
5302
5880
4016
4545
4725
336
-12
-198
-3469
-3671
-4433
-5157
-5847
-7269
-10575
-13064
-12005
-14488
-11739
-14885
-17354
-14885
-18918
-14974
-15809
-15638
-15084
-15772
-12682
-10388
-8628
-11823
-6695
-2269
-5220
-2320
-2064
1798
5123
5522
6652
6134
10353
8789
11896
10670
10570
10849
9662
10376
7205
8698
7684
8185
8945
4934
5455
3518
1496
2447
461
-1475
-2254
-3363
-6196
-5094
-4819
-4620
-9489
-8043
-6153
-9268
-10708
-11693
-10530
-9518
-8535
-9694
-10078
-3665
-9710
-8186
1777
-345
412
853
-2204
-2056
-463
-2758
-2787
-5354
-2807
-2046
-2822
-3921
-4573
-1354
-2769
599
1250
-19
651
2456
3880
5709
4375
4624
3367
4388
3845
985
643
-2024
661
549
369
-5460
-4573
-997
-4023
-4519
-3493
-4904
-6926
-5075
-3631
-3392
-110
-1564
-3682
5238
5135
5121
6818
5252
3235
5893
7687
5646
3866
1549
3279
3221
2646
21
-2882
-4866
-5551
-6521
-9229
-13256
-12533
-12851
-12000
-10695
-9816
-9408
-9456
-8203
-7276
-7932
-8820
-4903
-5799
-3136
-3924
-324
-1440
-3472
1185
31
1154
-164
597
967
2175
3000
-2877
1566
6179
892
7652
9274
9590
10352
9552
10303
10660
11146
8915
7724
8224
8355
7251
5679
2860
2732
949
-1538
-877
-3360
-8093
-9337
-7304
-8936
-9059
-13165
-12855
-14997
-14974
-17150
-17604
-16424
-18920
-17852
-15865
-15078
-15413
-13275
-10004
-11164
-10288
-8379
-8518
-6344
-1926
-3343
-852
4589
3457
7205
10749
11274
14435
13421
13891
14450
16190
14215
10346
10747
11318
13356
12228
9637
9859
9097
7732
7847
4205
815
-2544
-1179
-981
-2141
-2755
-5582
-6665
-9145
-8760
-9948
-10971
-13734
-11691
-8722
-12135
-12730
-13849
-14089
-14657
-15630
-14156
-16148
-16414
-14467
-16773
-14190
-11219
-7996
-4273
-4383
-567
3431
6357
8257
9029
9389
12102
12642
12656
13275
14527
16311
14441
15432
14183
12833
12791
13246
5321
892
1570
-402
-115
-391
-848
-709
-3277
-8768
-6835
-5385
-6845
-9016
-5641
-5798
-6809
-6159
-7859
-8659
-8889
-10448
-12977
-11462
-8972
-13372
-14075
-11568
-12078
-7910
-9832
-10391
-7123
-4450
-5050
-4851
-4391
-2916
-1120
-686
-322
930
3018
4201
4952
6141
7097
4941
8994
8929
8221
6237
4828
1811
4364
1607
5606
938
174
2212
44
1275
-7102
-1495
-2207
-2550
-197
-3998
-1574
-1650
-1094
-1217
-2822
-4153
-5508
-10144
-5630
-4592
-5064
-4134
-283
-3137
-1173
3515
4457
2678
-2680
1552
2005
-1451
-1606
-3092
-1266
-1936
-3907
-4393
-7327
-6866
-6207
-7541
-6657
-4042
-5878
-8950
-5955
-4658
-3138
-3339
-3776
-1478
-4318
-2337
1888
2524
-638
1161
-2386
-1183
3857
-287
-1378
430
3186
-6194
-11841
-727
-1332
-2149
-3653
3290
1925
820
4276
4521
4829
3557
4593
4827
5328
4306
5807
4977
3423
4008
1900
665
808
-1320
-3961
-2801
-2992
-4481
-7988
-12303
-10935
-14159
-14577
-15356
-18358
-18242
-14688
-12021
-11821
-8183
-9265
-5635
-3389
-2978
-3374
-2484
-1207
1300
646
-1686
2086
2335
2224
2032
2340
552
7111
8004
6156
8796
8111
10704
11028
13437
10925
7468
6358
7148
8585
8277
5118
6280
3867
3438
2594
545
-1101
-485
-1476
-8212
-10313
-10243
-6195
-9437
-12262
-9425
-9376
-12414
-13805
-13379
-15429
-12795
-14816
-18033
-18098
-17741
-12621
-16785
-18503
-13718
-11675
-10235
-10777
-7170
-3382
-2149
3492
5432
3409
8362
11261
9103
9029
10175
10558
11382
11680
12743
12566
14255
9725
6106
8287
5791
6673
4235
3807
1872
1925
-2868
-4341
2513
-2032
-3688
-1503
-5987
-5295
-3992
-6393
-3820
-6602
-7503
-6230
-7249
-10020
-7246
-11018
-12684
-10590
-14046
-13153
-14114
-14220
-14697
-14336
-15022
-13584
-10428
-10543
-9307
-3133
1111
2105
5429
8342
8954
9597
10951
11976
8234
8316
11325
9013
9865
9902
10035
10684
8837
8228
6170
43
-5115
390
3030
-2710
-841
2006
2020
542
-313
-2543
-2564
-1801
-4549
-5385
-10368
-7329
-4281
-8091
-8436
-7064
-7874
-10089
-8945
-9800
-10691
-10258
-6588
-7542
-8841
-3814
-5954
-5998
-4451
-5945
-6646
-5673
-5527
-5013
-6558
-2723
-2956
-2226
474
2075
962
4706
921
5211
5931
-2215
3153
4868
3837
5147
6819
9007
6912
6810
7806
3923
6783
1172
1436
605
504
3795
-1789
-434
-1876
-3914
-4102
-3124
-5315
-5268
-4652
-5401
-1955
-1772
-2339
-1910
-141
742
1080
1277
1377
282
602
2098
-2072
-4262
-4446
-5599
-9119
-10288
-12902
-12168
-12020
-10829
-9367
-11067
-10142
-10284
-5137
-2065
-138
174
1265
3314
3305
2222
5120
3239
-1034
3892
1079
1987
4062
4418
-1411
-277
2755
-609
-8137
-4898
-1868
-3265
-1306
1634
3921
793
3852
2089
1643
3013
590
47
-509
1922
2662
599
118
-729
-2227
-3485
-7132
-4872
-5626
-8545
-6873
-7291
-10124
-11079
-9096
-9032
-8766
-9836
-8776
-11650
-11389
-8167
-13479
-9957
-4919
-4479
-4074
-3745
-1499
-1861
441
-1214
-437
-800
212
-432
-773
440
-1211
1913
5133
1376
3150
9937
3696
1470
7752
6085
5289
3935
5872
4177
4259
4982
2411
4741
3595
3502
314
-472
955
-1066
-482
-2413
-6923
-4093
-2628
-2753
-3975
-4906
-4738
-9896
-7299
-6894
-9655
-10527
-12068
-11722
-13780
-11618
-15488
-15826
-16194
-14131
-11295
-13669
-10373
-6654
-7471
-8031
-3518
-922
4342
4936
6341
11682
10891
9378
7905
10424
7308
4639
4827
3389
5870
3692
7357
7813
7945
10178
3024
5657
5510
45
1948
3516
5158
5845
7063
3112
-262
1744
256
880
-3796
-6012
-3753
-6617
-7454
-7927
-10152
-10457
-11091
-12969
-13811
-14574
-16120
-18796
-17321
-16034
-18520
-14966
-11379
-13338
-7636
-7842
-3790
-929
-1057
1944
164
2880
-43
3417
5487
7915
8608
10991
13921
8307
13438
13255
11649
12972
3700
7188
6274
7920
6844
2274
10272
6636
6424
5319
2846
2127
609
2114
739
-3120
-4998
-4604
-6323
-8814
-9516
-10137
-10804
-10758
-10929
-11976
-13239
-8398
-8392
-13387
-12452
-10050
-8893
-8601
-10883
-10450
-10787
-11400
-9286
-10645
-8511
-3923
-6885
-6051
-3229
772
3673
2598
7588
7425
4228
8476
12599
7657
6391
11515
11663
10314
9358
10202
8314
8591
7587
-604
2478
2110
388
-786
-3592
-2046
-3666
-5441
-6443
-8186
-7852
-7756
-7557
-9989
-7239
-4171
-7436
-6734
-5213
-2377
-1569
-7245
-5278
-3940
-6046
-3506
-4011
-3504
-2665
-3857
-3988
-2127
-3714
-4710
-4385
-4478
-1532
-7592
-8819
-1033
2322
245
1001
5828
5463
6318
5834
6817
6765
7067
6902
4034
3013
2681
4630
1687
286
-1658
-2419
-680
-9071
-7088
-3786
-5409
457
-1425
-1959
-1214
1236
1768
-2751
-638
-308
2
-958
-25
230
-1127
2049
2391
-152
-1819
-1936
-2862
-3007
-1551
1495
-7021
-5142
1085
-2503
-3384
-7796
-5810
-7483
-7900
-8260
-8033
-8439
-7351
-6692
-6185
-3564
-2385
-6129
-6043
-3343
-4727
-5079
-4388
-3051
-3139
-2311
-2262
-2873
2209
1821
-37
812
2921
7509
2893
3361
2495
5192
8106
1489
6686
6938
6824
9797
7720
10522
7774
9766
6310
2390
6580
547
-358
2314
885
3425
1989
-203
667
-3686
-6748
-5563
-8602
-9893
-10519
-11475
-11967
-12615
-14644
-13782
-16702
-18242
-20281
-19658
-16512
-18466
-16632
-13222
-5294
-8379
-13862
-2449
1822
2327
1580
5923
7247
6017
7701
8824
10102
7478
9082
8851
13143
13116
7643
8496
8343
9321
8296
5887
3154
4881
5096
5047
4549
2379
4595
2241
2053
344
-2563
-2382
-3396
-7048
-7355
-8528
-10354
-9985
-11993
-14741
-14828
-16979
-18173
-18865
-19429
-21591
-20685
-18331
-16951
-16214
-15994
-11412
-7929
-10005
-8609
-1000
812
2867
5391
2515
5525
8952
10405
10710
6852
11158
13348
14030
14479
15324
11488
8677
13120
11678
11254
5436
7159
9437
7289
6920
6564
5580
920
748
-1445
-2524
-6549
-8188
-8436
-11049
-11831
-13936
-13879
-14240
-16018
-17546
-13780
-9285
-10307
-12291
-10358
-8754
-5574
-6792
-6800
-5068
-7148
-6782
-9522
-6241
-6028
-1514
-3751
-6026
-779
-1871
-976
2189
2207
5986
5036
2520
4838
5315
6167
6003
6670
6310
6258
7182
6528
5923
3723
4040
3752
2584
-1904
-5209
-4522
-4576
-4912
-7527
-8498
-8918
-9448
-9918
-11780
-4734
-3948
-8348
-3338
-1567
-172
1209
2034
1329
-30
996
1893
1208
2152
-2820
-1892
3206
-967
911
473
-963
-2356
-3046
-2442
-6680
-8363
-6331
-5558
-4301
-5424
-6678
-3095
-1875
82
1766
543
957
2102
3034
661
-2067
-3636
-3008
-1964
-4259
-5872
-6703
-5079
-6799
-3568
480
-3996
-967
-687
2655
5848
4969
4920
4715
5033
8063
8713
7224
1619
2950
8767
3245
4483
1652
6121
5222
1929
235
545
-2894
-4298
-4072
-3679
-5660
-7254
-6629
-8576
-10306
-11063
-10889
-14938
-14018
-14900
-15827
-13644
-16301
-15644
-15959
-15348
-13017
-12951
-10868
-11895
-9092
-6341
-5878
-1422
807
433
4843
8048
8574
9589
11669
10539
13450
14022
3433
10921
9726
9807
10469
8600
10088
4957
8343
7930
7968
8135
4776
1326
2765
4715
4992
885
417
-483
-3307
-3949
-5347
-7821
-9992
-9319
-10845
-11300
-14206
-14074
-16880
-17573
-20719
-24960
-23938
-23516
-21696
-22258
-17531
-13136
-13096
-10041
-5445
-2245
1530
4112
4639
9761
8585
7585
13351
12982
12711
11267
10277
11021
12110
12150
11656
12833
13644
8836
6871
6732
6249
5580
1700
3737
1673
1581
-555
-1783
-2118
-2921
-4317
-5896
-8102
-5413
-9082
-11168
-12092
-16904
-15521
-15307
-16744
-17075
-17797
-17451
-16760
-14438
-9628
-12434
-12415
-6165
-5570
-3699
-1872
-9647
-6058
-1060
-871
-1675
144
3131
5700
4689
4185
8274
8286
9447
11054
9151
7395
6381
4881
8019
7892
7322
6298
9441
7315
6235
2016
-1196
2157
-343
1026
-3954
-3938
-7295
-8478
-4510
-7560
-5758
-7382
-10307
-10165
-10664
-10812
-5877
-4222
-6960
-3642
-871
1998
-195
-3297
132
701
2249
1052
-263
726
953
-1361
-1843
-2912
-2442
-2625
-4594
-4679
-3454
-6470
-9278
-3209
-3704
-1067
-162
-236
749
-769
152
390
-19
19
38
-1641
-1329
-3301
-3619
-3389
-4663
-4787
-5933
-8349
-7133
-7432
-4100
-3653
-8022
-1025
1644
899
4449
2650
1979
7571
7145
5585
5509
6513
7410
7283
5938
3530
3271
1322
245
1604
303
-678
-2615
-3486
-5419
-9499
-8660
-8316
-11119
-13401
-12362
-14200
-13938
-12684
-12760
-14976
-12824
-11145
-11136
-6174
-7443
-9152
-7002
-10438
-5750
-3362
-4343
-1856
175
-1761
344
4736
4787
7158
3395
10234
10710
6957
11609
10064
10510
8166
11308
10008
8789
10538
9515
8113
6165
8534
7278
4813
4220
4220
-557
-3136
-2368
-3956
-4937
-7549
-7632
-10633
-11507
-13211
-13682
-14853
-15157
-17597
-16910
-16565
-18612
-20795
-20155
-19859
-21516
-17395
-18389
-17184
-14579
-11617
-8212
-7285
252
-1870
820
5754
8554
9269
11747
12753
13727
14864
16377
15738
14301
15159
14993
13346
6985
10426
10764
10027
7299
7419
7235
4276
3967
1715
1094
-1022
-975
-2989
-4229
-5803
-6465
-8269
-9911
-7806
-9503
-9188
-12462
-13197
-11653
-13698
-14275
-12409
-14016
-15999
-13342
-14537
-13155
-16567
-14373
-7979
-9120
-7918
-2876
-3744
-4741
2625
4039
5981
4956
7255
10631
10659
11478
9359
10615
12012
12290
11049
10109
11209
9334
8897
8626
6032
5793
648
-1649
-152
-1764
-4817
-6790
-3010
-3013
-6819
-8327
-10320
-6853
-5043
-10770
-8257
-8651
-10448
-12039
-9146
-12345
-10249
-10596
-16124
-8603
-5764
-6650
-7166
-3573
-2807
-2216
-1803
-336
-686
-4452
-2672
-5165
-4632
-4873
-4029
-2849
-5043
-1711
428
683
3569
2891
564
3194
4283
4888
4947
2817
2859
1916
539
2713
1157
1451
-1675
-518
4306
-5212
-1590
-266
-2333
-1368
-2193
-1068
-2804
-1989
-8073
-6109
-2270
-3383
824
495
-516
4878
6692
6694
5398
5598
4202
1494
1971
1017
732
-1032
1004
-1840
-4662
-2714
-3440
-3459
-7224
-10574
-12265
-13058
-11601
-8255
-11301
-11929
-13387
-10259
-10110
-9921
-4091
-4650
-2202
-1021
-1809
-568
192
304
1223
140
-257
1534
3066
903
-2675
4588
-3551
-5279
-1183
578
2765
1463
3590
5906
7913
7950
9891
8292
8885
6461
4529
7022
4379
4610
3412
2108
2842
2384
469
-1444
-1291
-4494
-7388
-6727
-6300
-10152
-11623
-10164
-12750
-15056
-15983
-14984
-16015
-16571
-14746
-11744
-11958
-10728
-7231
-6983
-4636
-5501
-6462
-549
-91
-1916
-978
1344
10
5561
7189
5154
8818
9958
15053
14169
16886
11559
9951
13470
11862
11354
5972
6837
7606
7145
4675
3706
4170
1571
-2
-1703
-4315
-4799
-5479
-4118
-4129
-7323
-6971
-10756
-13213
-10372
-11597
-10709
-10131
-12859
-12302
-12001
-12568
-12673
-18769
-20461
-14581
-17077
-16686
-15065
-18124
-14714
-11110
-7937
-3185
-2161
-1361
-767
3895
6968
7169
8126
9245
11130
13015
13238
11465
11939
9314
12062
8889
10914
7503
2130
9086
2742
4263
-750
-576
2268
692
-738
-4351
-1479
-1073
-3169
-2132
-2806
-5122
-2890
-4631
-1893
-4977
-10721
-7834
-6576
-9102
-12359
-12390
-12755
-13971
-13636
-14738
-13269
-9469
-9820
-11709
-9159
-6146
-6710
-6277
-4100
-3621
-2877
697
2044
2475
3817
2391
6349
6578
7986
6398
6198
9008
7161
3779
5089
7747
6740
5771
3579
4255
5599
254
2671
2451
864
3705
-1897
414
2118
-6547
-2988
-1851
-4867
-5067
-7458
-8015
-9059
-8431
-9579
-8989
-8987
-10873
-5324
-3822
-7602
-3535
-5181
-5076
-3937
-2412
-5014
-5170
-5606
-4564
-6575
-6920
-6961
-7668
-6702
-8097
-6398
-7789
-7066
-2014
-2154
-2877
-232
-1232
3827
5339
4736
8125
6012
5324
6960
6558
8496
6890
1818
6349
5889
6974
460
-2674
471
-2109
-735
-2534
-4718
-4368
-2411
-1638
4089
-42
-488
2998
2030
1834
237
2115
1544
2272
1673
485
571
890
980
-3092
-4653
-4016
-7201
-6737
-4417
-8751
-14219
-12918
-11568
-11262
-9575
-8646
-9656
-11062
-10117
-4395
-2479
-3271
-2527
-6324
-1343
-62
-1339
3814
2813
2653
3777
4223
725
1566
910
-2255
-1437
-1635
3967
-320
-2519
3323
4677
8168
5679
4342
3477
3267
2609
2806
910
833
3137
229
1661
-4125
-5219
2004
592
-890
-3802
-7394
-3323
-4256
-4129
-5846
-5351
-3567
-7092
-4949
-5675
-11819
-12762
-9096
-11944
-11934
-11541
-11210
-12929
-10498
-9861
-7900
-6794
-7065
-3984
-5552
-6351
-3834
1571
4428
2208
5134
7592
9212
10066
9515
7521
7781
9777
9256
8905
1352
7668
6087
4187
6610
3511
4940
5858
3076
1028
5905
2579
4600
1453
-3834
-1121
3209
-158
341
-2096
-6127
713
-2656
-3969
-6071
-9359
-6573
-6444
-10244
-13244
-12392
-14414
-17991
-18053
-17006
-17488
-17523
-16930
-12398
-12976
-12639
-7657
-4864
245
105
1317
1750
2709
4804
6247
7930
4709
7007
5681
7634
6594
6853
5673
4965
10463
11645
5584
3957
8565
7893
8686
7760
5480
317
2096
5738
3742
3348
2114
1362
-910
103
-299
-3234
-7143
-7418
-6875
-11202
-11493
-10989
-13154
-13196
-13971
-9576
-10073
-11763
-11667
-7942
-11381
-10435
-9060
-10401
-8918
-8793
-8662
-10285
-7982
-3980
-2033
-1657
243
17
5906
6295
9124
10058
6312
8505
9219
9790
10374
11243
5733
5526
10189
8138
10055
5563
-1739
4036
1935
2740
2273
-1564
-1226
-3085
-1880
-3469
-7374
-9657
-10739
-9322
-11401
-10171
-7375
-8536
-7809
-6996
-4700
-6001
-5220
-4938
-5158
-7601
-5521
-5902
-8503
-7845
-8438
-8117
-10530
-8841
-8961
-7220
-6761
-6799
-7298
-5327
-1815
2330
2489
-2455
2856
4911
7099
7045
5479
7176
7857
9047
7733
6093
6066
7379
5466
4599
4345
1946
662
-6797
-3311
-1378
-5430
-461
-222
-1857
-1739
909
1257
2401
-735
776
-1357
-3765
2393
-1095
-1007
-590
-2938
-2424
-2335
-2071
-134
-1690
-1208
-2193
-5065
-6366
-2572
-1188
-9785
-9703
-7323
-5493
-8753
-9105
-6461
-9855
-8552
-6237
-4610
-3398
-3023
-2139
-319
898
-740
-1785
-3215
-1222
-2044
-294
-876
-3180
1374
1155
538
-278
3412
3176
-3122
2114
2601
4598
4813
2926
2385
1334
2873
3196
5194
1566
3514
2771
3126
4524
-158
-954
-1670
-4851
-179
926
-472
-1140
-3813
-2721
-3031
-3501
-5004
-7031
-8566
-10456
-13783
-11187
-15783
-14797
-15382
-14275
-16234
-16746
-13090
-10780
-9612
-7148
-2379
-3735
-1160
1489
3602
6081
3083
5853
8481
7711
6300
4697
4896
7869
7085
9179
9207
4222
9350
8900
9936
9423
8114
3583
-198
8037
6405
5069
4223
4980
3105
4025
3964
1036
2022
-659
-809
-6928
-9582
-8530
-9120
-9106
-12402
-10654
-12706
-15317
-16590
-18599
-17935
-19459
-19758
-17075
-17428
-15987
-11543
-13142
-10602
-7563
-2930
-3790
-412
2812
707
7886
8178
7960
9086
9815
11782
11810
12124
14659
10341
4313
10096
12707
11043
12036
3662
4646
7147
4719
6627
3012
3086
2178
486
-15
-871
-1002
-2048
-5789
-5106
-6691
-9371
-11052
-12853
-12460
-10569
-14453
-15631
-8071
-13337
-10288
-8807
-10662
-7417
-7671
-7901
-10599
-9434
-9225
-8611
-9822
-8688
-6359
-7051
-5911
-2417
42
2722
808
-875
3010
6216
7807
8064
9562
8532
10980
9487
9399
9981
7420
7258
6150
5144
5415
5944
-647
-422
698
-3412
-2160
-3375
-6058
-7580
-8395
-8134
-8752
-10110
-9289
-7507
-8495
-7626
-3867
-1624
-1986
-705
-4179
-2842
-613
-1830
-1143
-2231
-825
-944
-2888
-2683
-2906
-10761
-5588
-4401
-8986
-10711
-9818
-7119
-7461
-3987
-5164
-2971
-2094
-586
156
911
994
-345
243
2920
2273
2569
-78
-821
-1223
-371
-1759
-2837
-4447
-3769
-2162
-6905
-4975
-5017
-4209
1007
430
1530
819
708
3404
6270
4867
2619
7085
4484
3585
1633
1419
2925
-5091
-1625
2128
724
-1636
-2309
-2269
-5386
-3513
-5505
-7496
-7681
-7336
-8070
-11390
-12912
-13141
-12213
-11782
-9943
-11218
-11295
-9662
-8499
-8006
-7807
-6826
-6247
-8171
-8141
-5128
-4980
-4206
-369
2628
6072
5927
6102
7875
9023
12356
10284
5013
8304
10917
10711
8589
10369
9691
2435
6703
8404
6925
4664
1835
1353
1153
1998
-69
826
-1195
-2230
-3282
-5110
-3866
-5905
-7901
-10034
-9828
-11349
-12382
-14240
-16557
-17680
-19038
-19033
-20472
-21744
-20217
-20458
-20483
-18460
-13012
-8922
-8101
-1087
-139
290
5283
7361
8849
9271
9671
11338
13905
13191
16118
15169
6860
14576
13536
14452
11737
757
7453
7114
8665
6542
6167
6076
2463
3542
2377
1607
-1162
-789
-1683
-3484
-4201
-5457
-6059
-8373
-11010
-11314
-13054
-14899
-16438
-16740
-17330
-18475
-17554
-19825
-14243
-13477
-15528
-12166
-12344
-11049
-7731
-6723
-5522
-3603
-4832
-747
2555
5000
2526
1706
7669
10909
9152
11026
12594
10730
8642
8217
11386
9524
8389
8913
8494
7796
10651
5257
-1617
3541
2296
-71
-1411
-2637
-2595
-3568
-6151
-9843
-10427
-10675
-12487
-12065
-14457
-13618
-15376
-11477
-7498
-10670
-11516
-8225
-2267
-3322
-5023
-1487
-1783
-2446
1494
-2346
-593
-4163
-8529
-1604
-3897
-4628
-2863
-1743
-2706
-3233
-1129
1376
2899
1974
3578
3701
3801
3800
6286
6457
5967
6356
4173
5491
3562
2029
1270
1958
-876
-1279
-7093
-8656
-5798
-11592
-7505
-7394
-8333
-8256
-5536
-4100
-3104
543
941
1667
2950
3983
3287
4037
4648
7110
746
516
6094
3872
2366
625
2159
1043
953
-1880
-5320
-4525
-3957
-6433
-7705
-10195
-10086
-6620
-8908
-8597
-12206
-9760
-4947
-6212
-5750
-6555
-5357
-5884
-6068
-4266
-2491
-5123
-9115
-3805
-3518
-3739
-3870
-4229
-1606
2944
3594
-2704
2612
6970
7846
7602
8811
8899
11002
5100
4046
10634
6311
9663
5657
5104
5774
7028
9646
3022
1362
832
2035
-512
-1452
-2432
-6023
-5250
-6702
-7699
-9374
-11785
-12999
-13530
-15815
-17081
-17777
-17733
-16793
-16467
-20615
-16841
-13202
-13676
-10107
-8552
-9438
-6514
-185
672
2824
3503
8753
11421
13436
13464
14573
14856
9461
15356
16517
15502
9663
8372
11944
11427
10853
10566
12282
9447
3425
6123
6611
3127
1844
726
211
-2397
-2885
-4232
-4946
-8810
-9865
-10514
-12023
-13091
-14321
-15454
-15315
-18092
-23309
-18795
-20505
-21538
-21924
-21723
-19611
-19556
-14224
-12159
-11919
-6702
-3988
159
1826
4145
8374
3373
8036
12138
11193
12092
14158
14972
15605
15955
14824
15787
15279
14730
9820
12841
10134
3488
7464
6064
6454
4856
2517
2797
-200
-1232
-1461
-4306
-7215
-7956
-9642
-9610
-12418
-13227
-11040
-13442
-16600
-15550
-16053
-16139
-13716
-14833
-11104
-9528
-10405
-7734
-3399
-4787
-2556
-2778
-8391
-3104
-1782
-2563
857
856
-1690
2377
6224
7013
6236
7692
10731
10655
8543
8254
10996
10736
11248
9539
8675
8024
7822
6112
4535
3272
3076
1487
-7224
-6654
-6626
-10660
-7667
-8094
-10116
-11133
-14251
-13340
-12796
-13555
-10939
-7230
-5183
-4450
-2116
2490
-1394
2899
2861
-5199
276
-1504
1529
-196
554
688
-1080
-414
-2230
-325
-3516
-6582
-4375
-7494
-7117
-6480
-4645
-4486
-4447
-3601
-1862
1023
372
-2144
-1177
1229
1916
21
-242
125
-3746
-248
-794
-3510
-3151
-4255
-5102
-2125
-3884
-11544
-5206
-4298
1052
3394
-3384
3347
9061
4841
1103
7748
8621
6452
7944
8988
8779
9850
10678
7756
7073
6875
4334
1957
3609
-958
-4950
-3326
-3081
-4398
-8093
-8053
-7544
-9356
-13731
-12521
-15443
-15173
-15172
-14630
-15381
-14692
-9681
-10939
-9173
-10144
-8631
-8565
-3601
-6047
-7201
-6751
-4704
-500
-234
3313
1471
7778
4592
172
10823
12003
5552
11496
13579
15349
12402
7864
10454
8182
7415
6519
7221
5365
7090
6006
3242
2324
1564
3229
-926
-3854
-4959
-5912
-6274
-7606
-7849
-9410
-11099
-14210
-12918
-14695
-17641
-17583
-22476
-18584
-20754
-22116
-18779
-19279
-18853
-16071
-12550
-10691
-7422
-2354
3557
-3337
2096
9220
10699
12686
12819
14138
13558
14985
13434
15615
14395
14663
14370
16247
15628
9923
14680
13726
10501
8992
4509
4153
4560
1227
1759
-69
-1633
-2394
-4449
-4746
-8533
-7059
-9158
-11479
-10437
-12200
-13050
-11325
-13759
-14786
-14388
-19555
-18360
-19499
-16763
-17780
-13510
-10731
-17899
-12130
-9297
-9342
-5318
-2667
-1592
1562
5769
7987
7569
6172
9247
9761
6656
6784
9739
11332
9597
10681
10403
8064
9823
8417
7937
6675
1973
4309
-2922
-2762
1186
-4601
1888
719
-6790
-3669
-8024
-7055
-6369
-7459
-6777
-8437
-5134
-10733
-12819
-9721
-10012
-5928
-11169
-13608
-5443
-4848
-6455
-4301
-5148
-6051
-3663
-2039
-1666
-2057
-3686
-1772
-4116
-2053
-2860
-5087
-3049
-3260
-1782
3040
4546
2625
2924
3703
7425
6832
6269
4190
1190
223
2885
4185
1821
3611
1422
134
2202
-33
4074
-3346
-7805
-2795
-2584
-1944
-5372
-5816
-4581
-5100
-9453
-5324
-145
-2244
563
-85
-1365
2850
4062
4291
4021
4060
4713
3788
2147
-238
-1436
-1912
-3745
-4694
-4093
-3521
-2958
-6453
-11016
-11879
-12486
-12968
-12588
-13892
-13442
-12373
-7941
-5559
-5663
-5516
-4527
-1643
631
-107
-228
390
649
2237
-772
2752
-780
468
-1220
-5866
2477
2054
2489
-2652
219
6356
7325
7544
5733
7641
8899
9069
8178
7863
6866
5592
5744
3773
2392
3195
2911
-46
-1591
-90
-4773
-5424
-4681
-4189
-5251
-10369
-12437
-11582
-12383
-11752
-13497
-20515
-17422
-15676
-17804
-13564
-14061
-13176
-9875
-11472
-5337
-5267
-4145
-7065
-7952
-3106
-2630
446
6048
2671
5141
8323
11483
11653
9981
10525
11084
13425
12666
11827
5607
6409
7208
8636
7985
5702
3886
1488
2385
16
-77
-1345
-2665
-1997
-6344
-7692
-4978
-6793
-7706
-8864
-9123
-5185
-6412
-7475
-9988
-10947
-10990
-14453
-11800
-12913
-13202
-13012
-19147
-18844
-15688
-15402
-14013
-13791
-10966
-8600
-4854
-2119
177
4820
6260
7877
8883
8220
7998
12882
12014
11217
9680
9459
10552
10404
10118
8365
8535
8929
5525
-905
-505
-3023
1720
1237
-331
-704
-4860
648
2106
1684
-907
-763
-2393
-3329
-7546
-9514
-7320
-5613
-7248
-15353
-9208
-8877
-11877
-11221
-11648
-12675
-12566
-8355
-8840
-8451
-10120
-9097
-10571
-7199
-8237
-8411
-4506
-5399
-5200
-6528
-1161
3586
1874
3661
5307
5453
5288
6928
5613
388
2413
2718
1624
3403
1919
2252
3107
2342
4894
5181
-1679
-3501
4397
667
2830
382
1121
-900
-8043
-1120
-3375
-4544
-7516
-9364
-8635
-6765
-6743
-6007
-5261
-5027
-3603
-1893
1732
-1720
-1074
-1234
-1806
-2051
-3002
-1744
-2826
-4972
-5638
-7263
-7842
-9980
-8597
-8698
-12773
-9579
-9332
-6896
-3014
-2077
-1564
1769
4641
2489
4151
6795
5185
6505
6993
7762
7528
9508
4323
2391
8968
5545
3863
-2943
-5969
-2414
-1512
1790
-2071
-2463
2037
690
-882
2722
4027
987
1955
2189
2854
3509
3562
2064
-981
-879
-2092
-4648
-5160
-6058
-5560
-8738
-5685
-8346
-12585
-9206
-14639
-12178
-13368
-13796
-15033
-13088
-11488
-10600
-8038
-7436
-4252
-2539
-100
-5179
-3904
54
557
2487
3803
1416
1173
770
298
2716
1892
-953
4083
6077
6270
8135
5714
4845
8319
8156
10986
6568
5247
7520
5985
6238
3768
3086
1193
1166
605
-594
295
199
-4006
-6925
-5566
-4236
-5367
-7142
-7375
-7304
-6009
-5831
-5077
-7858
-8084
-8182
-15562
-11753
-10630
-12805
-11550
-10363
-10019
-10560
-8770
-6943
-5438
-5438
-6136
-5534
-820
3593
2357
4760
8461
7999
9751
9541
9906
8219
11732
13093
10739
9732
12062
8970
-2444
4361
4487
4737
1004
-1209
892
-1906
3611
1788
1176
-398
-503
-669
170
-1219
-1691
1368
-1212
-5868
-3612
-2583
-4104
-4392
-6632
-7026
-8316
-7475
-10541
-10100
-12009
-15065
-14763
-14947
-16164
-15978
-8983
-9831
-9532
-4241
288
823
3817
4973
4832
6763
7553
11340
7506
7358
10377
9813
9092
7906
7158
8492
11555
9112
5245
9084
6056
4359
8554
5037
7909
6722
7770
1330
-1412
5142
3615
5065
1293
-758
-1654
-1752
-3021
-3764
-3469
-6079
-7824
-8971
-8703
-9195
-9230
-6921
-7098
-8040
-7161
-6997
-7515
-8527
-7538
-8776
-8255
-9180
-6327
-4016
-9229
-6477
-1904
-873
-182
1704
4179
4003
5909
5882
3517
5033
7198
9143
8662
9112
9699
9809
5641
4917
9454
6337
8336
3640
-342
4395
1243
2195
507
-1459
-1334
-505
-2131
-4422
-3759
-5885
-7513
-6230
-4463
-3810
-3407
-4430
-2830
-848
-1911
-1450
-1316
-3176
-2668
-4898
-3791
-3797
-4500
-5325
-6766
-2875
-6315
-6587
-7348
-4803
-4807
-5802
-5844
-3163
1404
2577
7066
-371
2233
5720
7371
8088
8351
8942
7646
10847
8526
8136
7235
6178
5336
6112
3392
3863
-1313
-3200
986
-1982
3045
4676
1652
2479
6362
6089
3298
1132
2462
2748
1226
2017
1779
2109
175
1727
1110
1072
175
-875
-1691
-2027
903
-3642
-5506
-4062
-3369
-4309
-10243
-9971
-9474
-10302
-9273
-7234
-7906
-8246
-5434
-3624
-3490
-1574
7
-618
-2147
-1781
1218
-163
-1746
-1670
-2064
-2717
-2593
1403
3310
2030
4327
4319
7408
2695
-568
3990
2045
5015
6617
3581
4135
7869
6434
5769
6625
6252
5263
6739
5210
5964
1825
2864
3954
-3550
-202
185
-817
-3254
-5036
-5705
-6124
-6253
-8841
-10298
-10115
-12186
-12620
-15234
-14858
-12747
-13865
-13191
-12074
-12801
-11213
-11844
-7911
-2216
-2067
-23
1130
4629
5157
9730
6462
9189
11806
8881
9693
10843
13555
12162
13038
14168
8421
6055
13384
10764
13353
10674
6829
7687
5825
7691
7380
6008
6153
3701
462
-61
1019
-52
-1963
-1929
-2174
-5808
-8890
-6250
-8938
-10793
-11148
-11742
-13777
-15180
-15410
-18114
-17527
-17494
-14057
-13626
-15173
-11237
-8428
-8374
-1670
-3358
-360
5203
5005
9317
8848
8476
8999
13504
14109
17113
15864
16142
16254
19131
15674
6399
13616
14270
13610
8179
8844
8749
9479
10176
2304
4624
1503
1361
809
-501
-791
-3724
-5549
-5902
-4881
-5777
-10019
-11224
-11738
-12773
-14292
-12932
-9122
-12256
-10600
-11937
-9951
-5510
-7779
-7090
-7489
-5814
-4727
-5217
-4179
-2471
-1018
-4357
-917
4354
4364
5604
10408
5957
4105
8001
9504
11768
11643
12335
11834
11251
11288
9541
10727
7931
7112
4630
5735
3079
-2552
569
-1870
-1321
-3195
-4374
-6245
-8744
-8827
-11762
-11377
-14630
-8673
-8433
-11167
-6853
-9007
-7836
-2203
-906
-3484
-3790
-2900
-1520
-474
1630
1009
-1823
-1396
535
-1612
898
-6384
-8277
-2706
-3592
-2644
-6425
-472
245
2514
5230
4955
5108
5207
5859
4425
6129
6973
7296
5884
3682
2466
-552
-34
2049
-172
-2035
-2774
-4303
-8832
-7722
-5603
-335
-254
-4584
-380
4291
3339
1626
3227
3918
5364
6072
6745
7594
6455
7003
7636
10097
9895
2301
2245
1654
2046
1756
-3264
-2656
-3644
-1810
-1922
-4416
-3006
-7261
-6820
-7103
-6711
-5013
-8258
-6525
-5372
-4186
-2096
-4072
-6250
-2681
-2107
-3710
-4463
-3528
-2930
-5721
-2110
-669
204
2658
817
5084
5967
6663
1703
5009
9077
8594
11442
8371
11423
8997
11644
7422
3103
9156
7605
7137
8537
7236
4991
4143
680
2944
2923
833
55
-2350
-4022
-2854
-5575
-5795
-7393
-10106
-9588
-12895
-13456
-16962
-19048
-17435
-16971
-18306
-17880
-19336
-17678
-13171
-11678
-10009
-4427
-390
-2869
564
4900
6443
7815
10303
10192
10884
13386
15494
14614
18364
12059
12542
17296
7392
14656
16488
16882
15428
13351
9581
4688
9419
7222
7257
4154
3139
3453
1496
2137
-2313
-1721
-2361
-4530
-5003
-7868
-6751
-11102
-13955
-13865
-15450
-16200
-20060
-21636
-19198
-22065
-21429
-16934
-16961
-16749
-13569
-9639
-6194
-5639
-2243
3770
4688
8493
10669
14292
10777
9196
16280
14814
13347
15187
15970
16399
16456
17788
14904
11724
12368
12104
9513
5682
9212
6167
5949
6237
3193
2659
2465
2459
256
-2720
-3266
-4050
-6367
-6785
-9760
-9650
-14996
-13759
-15555
-15722
-12783
-13450
-9741
-10645
-7599
-6307
-5711
-8289
-6976
-2865
-4705
-4357
-2423
-4981
-4694
-1884
-805
307
1705
6792
7217
8325
11357
12692
9267
9133
10998
11650
10539
9231
10723
8528
7397
8749
8132
7144
5525
5312
4035
-5134
-2398
-693
-5131
-5595
-8864
-7659
-5711
-10380
-11106
-8929
-11189
-11074
-6017
-5464
-7241
-4317
-804
1698
293
2430
2468
3748
305
-1945
4903
3569
2286
2227
2809
1414
179
-1058
-1656
-1330
-3025
-6562
-7379
-4225
-697
3698
616
615
3556
4883
4464
5680
4435
3218
6697
5109
4704
1152
1280
-1550
-3225
453
-3521
-4350
-3888
-8247
-8016
-2726
461
-588
1353
4301
6123
7770
6124
8798
8696
2971
4527
9356
9154
8933
8190
7387
7058
6412
5599
5124
4484
3636
1196
-2038
676
521
-1928
-4564
-7554
-11417
-15102
-14450
-12891
-13688
-14657
-11284
-8675
-8521
-6911
-6415
-9324
-7723
-7463
-6846
-7552
-4583
-4443
-4815
-3287
-3810
1611
2947
2225
5164
9182
7772
12343
11363
3305
6515
9380
10008
10346
10423
9366
9933
11261
9961
9122
8652
7989
4658
6582
2251
-3008
354
-72
412
-1837
-3574
-3997
-7284
-6865
-8084
-10131
-10200
-11402
-13453
-14611
-15736
-18207
-19468
-20746
-16509
-17885
-18651
-15004
-12326
-10046
-7502
-3979
-1250
590
3805
9224
10457
14355
11394
10631
16186
16983
17848
16348
15014
16847
17502
19050
14421
12081
14418
14356
13045
6074
5239
7449
8428
9176
7414
6152
6009
2883
1155
-775
-5724
-6096
-5085
-6977
-9430
-11828
-11011
-9010
-11216
-14745
-14481
-12538
-14354
-15525
-16019
-18136
-18154
-15743
-12572
-13641
-12894
-8148
-5224
-5894
-1570
4885
5599
6016
8912
11739
10717
14269
16423
14536
14853
16215
15027
15287
14774
13161
7645
8774
11698
9208
7260
433
5321
2717
1866
794
-1241
1218
-4934
-3283
-7678
-5738
-4927
-9974
-8261
-10313
-9872
-9400
-10684
-11154
-10577
-12044
-10018
-6297
-2893
-5762
-4572
-1645
-8937
-4715
-1447
-1910
-3974
-3295
-4181
-1779
-195
-1842
948
-584
3137
6200
5426
5521
8233
6830
6266
7785
9428
9601
7201
8395
8656
8530
7027
7038
7285
6588
5468
1176
-963
-6166
-5460
-1634
-3980
-5792
-4104
-3297
-4480
-3033
-5500
-4903
-6791
-6339
-2225
413
-1875
-5628
176
3463
4644
4206
3254
3137
3856
5060
4734
1761
2677
1640
-199
1850
-588
-2850
-4811
-4044
-5572
-9803
-6592
-4493
-6346
-1299
-810
-2417
-1281
-1818
-541
-2499
-3212
2021
2928
-382
2638
1357
-2136
1211
671
-761
1043
-1392
-351
-2843
-5609
1001
5414
6973
-1080
3338
7872
6175
8534
8160
8422
6834
9735
9747
9078
6449
5088
4594
4388
3628
1235
555
-1153
483
-4921
-8544
-3740
-5629
-8964
-8366
-9651
-10766
-14016
-12154
-12809
-15446
-12304
-11594
-11688
-10518
-6464
-5457
-7359
-9011
-4664
-2960
-330
2412
682
649
2073
3556
3815
2054
6056
9781
10339
12486
12135
11136
5912
10654
12506
13535
9444
8757
12887
9338
11078
7967
6766
6078
3779
4160
4070
-1739
-1725
-1508
-2564
-3853
-4534
-3962
-9085
-9632
-12019
-10483
-11635
-11682
-13928
-13636
-10394
-13066
-14313
-16199
-16381
-15819
-11762
-12393
-11430
-9910
-4105
-4328
-3361
3452
3963
6824
10359
12935
13292
15124
15472
15872
17141
16954
15784
16223
17319
17773
15328
14396
7739
9251
11374
5786
3460
2021
2394
1728
3225
2409
2747
1448
-3488
-5846
-4929
-6875
-7431
-10218
-4298
-5243
-10239
-6747
-8345
-7786
-9967
-9392
-13934
-12896
-13061
-12161
-13793
-18439
-11135
-7892
-7343
-7659
-3550
-1757
-2113
1271
5835
7766
9130
8862
8830
9879
11584
12225
11041
12869
13842
13077
11106
11599
12132
8662
5256
7181
7800
8764
838
-4240
-1860
-1904
379
-4979
-5218
-3481
-3517
-2334
-4101
-4840
-5915
-6590
-8201
-7379
-5308
-6280
-5479
-10938
-13265
-6031
-1771
-2405
-3766
-2897
-1603
-573
1007
-925
-1467
1644
-529
252
-2165
-2116
-2238
-2252
-727
-1839
2632
3510
6191
5185
2742
3314
3191
5125
4736
6435
5992
2790
4748
6504
5321
4141
4265
4000
3460
4816
-131
-5233
889
2823
2623
2426
-521
3735
-1047
-4755
-3083
-7261
-3271
2227
177
-870
2478
6825
6541
5625
5630
3259
4188
5760
3392
885
826
-265
-1695
-3807
-5194
-4129
-6259
-8632
-9689
-14439
-15978
-12425
-10161
-11511
-9707
-4560
-4703
-4533
-4510
-4780
-2329
-534
3270
1665
-570
2136
2163
2560
2147
2646
2757
-1579
144
1821
-146
-3645
3131
6855
4026
5384
5762
9787
8381
11904
11142
8404
11954
10418
8793
7250
5563
5783
6830
2537
1371
1312
980
-497
-7307
-7094
-5927
-5502
-8594
-8877
-8237
-12115
-12547
-15297
-13488
-13742
-13951
-12579
-10192
-9860
-8808
-6191
-4889
-757
-1236
852
-3394
-2901
4658
7036
6545
2888
5957
10328
9101
7281
9781
12685
16067
14923
15484
12830
8987
14103
11130
11858
11027
7599
9353
8307
7679
8047
5003
5159
-325
-4389
-3284
-5553
-2999
-4388
-5084
-7638
-9070
-6812
-7290
-9409
-10513
-10639
-11423
-9725
-10875
-12911
-11266
-11377
-11326
-15212
-17896
-13040
-11104
-9312
-10708
-8340
172
3756
2932
2619
5427
9045
10749
13060
13537
12230
13326
14354
15401
14660
13126
13781
13929
12539
11473
10762
4064
4049
2283
-1035
2537
741
-2563
-954
-1735
-2591
-1378
-3919
-3517
-4991
-5659
-7196
-6737
-7171
-7090
-4919
-6912
-4722
-10557
-12211
-8567
-11170
-13107
-11357
-11936
-14101
-8556
-6184
-7332
-6430
-5466
-3088
-1663
-2847
-3971
-1040
5740
6539
7670
7823
10282
10015
11066
11819
11397
12924
12335
14193
6074
6288
4887
3175
7444
4669
4282
7926
976
-4298
1442
2530
2318
422
-452
-1228
135
-85
-238
-5671
-6432
-4667
-5800
-6102
-6478
-3735
-6525
-4824
-1248
-1170
-768
-386
-909
2197
2607
731
25
-1512
-2054
-2194
-2304
-962
-4953
-5054
-4330
-5015
-1550
-1158
1418
-436
1466
1890
-1231
2770
988
3693
8660
6187
7021
6921
5356
6236
5287
6199
6791
5988
3824
8190
168
-5867
3113
-1106
228
-393
-2854
-2330
-2336
-1608
972
3838
2909
2363
2831
7008
6416
6824
5827
4113
5494
2036
421
-755
431
-1088
-3919
-3130
-5326
-5007
-8854
-11842
-8833
-12518
-13534
-12050
-11199
-10160
-9595
-7682
-7163
-4909
-4916
-3251
-2711
-1969
1801
166
-118
-995
1697
4743
916
231
2040
739
2041
2749
1687
2631
9269
2694
570
6378
5372
11112
9919
6793
5642
7630
7270
7384
7995
4739
3697
1794
2347
2542
1024
1420
-1433
-2040
-3845
-4194
-4428
-6663
-4129
-6308
-6557
-7521
-8748
-9466
-10290
-10045
-10502
-9325
-12050
-13416
-16005
-12682
-8324
-6734
-4478
-5996
-4241
-3570
-2439
229
501
1216
5362
8025
9449
9794
9758
12181
15502
12611
12663
12341
13987
13074
4504
10076
10353
8492
5157
2739
3203
2741
91
1109
319
-4928
-938
-1987
85
961
-548
-1333
-3213
-2401
-3682
-4422
-4855
-6983
-5194
-11941
-12262
-6339
-11737
-11289
-13509
-15716
-14386
-15365
-15226
-13456
-10374
-11615
-5959
-2019
41
3350
7108
9362
7641
8799
8429
9822
12257
13638
12575
13452
12915
12659
10860
10148
5585
7910
9794
10049
-103
-2309
8695
6307
8940
5510
6196
3013
2810
3469
1978
241
1032
2417
-5351
-4377
-906
-3080
-4216
-5143
-8085
-8041
-9374
-10631
-11096
-10288
-9879
-10713
-6701
-6189
-8406
-8847
-5310
-3106
-5896
-6289
-3853
-3687
-1376
3764
2797
4713
4754
4656
3589
3825
9026
9268
5886
5761
8815
6465
7107
8897
8010
9372
7619
8537
6804
6410
8272
-673
3826
112
-1611
2651
-208
-1156
-2059
-3137
-3994
-4055
-6665
-6467
-7210
-6817
-9193
-5445
-1179
-4096
-6142
-4391
-1470
-686
-882
-1897
-3292
-4132
-3258
-4406
-5907
-6366
-6863
-9661
-9239
-8339
-7822
-6789
-5341
-5537
-4674
528
1402
2791
2631
2854
7828
9240
7802
9621
9662
10945
5254
4352
10234
7142
6812
5432
4671
3388
4303
-2854
-5617
-1544
-1355
644
-2627
-2512
1772
2948
-180
2078
1823
4045
5099
2856
4231
2330
2577
1672
2664
593
-3129
-489
-2501
-3472
-2722
-3752
-2409
-5368
-7418
-7754
-12753
-8993
-7169
-7097
-4660
-5938
-7483
-6331
744
-5476
-2161
4084
2333
4693
3407
5466
6622
6530
6524
3814
1157
4064
3181
-318
650
2981
8987
2724
6883
8413
987
9946
8858
10030
6680
6615
7034
3613
4252
1312
2089
1907
3509
751
1661
3671
2483
-737
-1081
-2232
-2955
-1108
-1374
-932
100
172
-3742
-1984
-9540
-11489
-7519
-10613
-9651
-11685
-9763
-10298
-13070
-9097
-7193
-8170
-7116
-5634
-6847
-2701
-3567
-3550
1533
4425
3562
1962
9429
6602
9547
9356
9771
9300
9613
9237
6807
9326
-661
7205
6845
6849
6140
3635
6780
4624
5679
4006
3332
3405
5661
5122
4073
-418
-1301
-6517
-4487
-874
-4512
-5389
-5692
-5333
-8336
-8358
-10363
-10637
-12283
-14705
-14637
-17571
-16171
-16654
-17869
-13675
-9999
-11647
-11056
-11060
-6406
2289
416
2593
4088
7032
3690
1926
9192
8173
11474
12862
12148
13460
10783
10989
9822
9787
8496
8481
4328
3286
8538
8720
14190
9835
3774
4417
5448
3416
3322
3459
1093
-29
-207
557
-2062
-4022
-3436
-7149
-9123
-9758
-11029
-10114
-10930
-11193
-12521
-8536
-9117
-13033
-10279
-9241
-7568
-8315
-8243
-3372
-6192
-4467
-1563
-1170
246
1455
5528
5677
8223
6502
7834
11568
12647
13844
13632
14545
14050
15148
14821
11981
10652
12731
10490
11409
9551
-1904
3462
3783
1288
2521
-271
-300
-1483
-1811
-4989
-4449
-5768
-6708
-8085
-8789
-5984
-5542
-8064
-8232
-5318
-4322
-714
-1313
-1794
-6115
-4385
-3922
-6984
-8769
-10066
-5977
-5223
-4463
-6618
-4595
-3840
-3244
-2059
-1787
-2751
-650
6600
3778
2216
7833
6707
9439
12000
10614
10986
10604
7934
5656
8182
7341
7755
5097
3977
2876
3147
-4292
-7044
-2577
-5228
-900
-5461
-3308
123
-5247
-1570
-1688
77
-2867
-1227
2463
-4031
370
-1243
-2445
-917
-1978
-414
-1233
-1241
-945
-441
-1303
-882
-1454
-3535
-2565
-7285
-11400
-5196
-5259
-4515
-3181
-7136
-5743
-2261
-194
2056
435
-2281
-313
1706
3109
1668
3628
4985
2659
1986
254
2424
2379
2823
5423
2974
185
4433
9192
-1390
-1386
8052
3751
1735
357
4380
7910
3014
5105
4650
3586
6977
4078
2967
2066
2979
4643
1623
-582
-5458
-132
3562
291
1384
-4717
-7574
-6783
-7566
-7880
-9529
-10935
-11886
-10906
-12937
-12453
-10236
-11887
-11125
-10527
-10214
-7929
-7497
-6581
-5407
-2780
1775
3402
4791
3582
6454
7994
7914
8177
8571
10907
9798
11381
10454
11175
6547
6547
11242
8922
9420
8429
9661
9147
7252
1575
4168
7949
4486
7762
4910
3463
3077
446
2100
1070
-2129
-2530
-2654
-2830
-4377
-6588
-11130
-16080
-15283
-15017
-16993
-18769
-17269
-17706
-16269
-13544
-9744
-12895
-14584
-5024
-3736
-77
2813
3874
3517
7277
9919
8966
8583
6542
12743
13632
12094
13025
13669
14865
15438
6626
9229
16452
12478
7196
7820
11616
10516
9611
5166
3765
1961
305
471
636
-3019
-2405
-1063
-1752
-4118
-8404
-8231
-10917
-10768
-12459
-13199
-11334
-12111
-12178
-13030
-12270
-12558
-12936
-9352
-7624
-7482
-8210
-7648
-7076
-5857
-4768
-2059
-2281
492
5389
3355
7975
9572
9274
6273
5793
11839
11045
12554
10283
10037
13819
14004
14599
14031
10231
9524
9258
8825
6646
-330
1939
2965
2018
1428
-2500
-2382
-2409
-3813
-6861
-11810
-11239
-10353
-9544
-10814
-8395
-9612
-11506
-2601
-5120
-3118
1250
-1674
-1919
-737
30
-2011
-2820
-2086
-2802
-4034
-3575
-3870
-8680
-7766
-2305
-2130
-2145
-2353
-4057
-1219
3408
2582
5114
4228
4795
7105
5056
4694
4573
4788
4262
2557
1344
899
915
-542
-828
153
288
-1152
-12188
-10584
-5955
-8173
-3905
-5307
-3564
-3977
78
3476
228
7076
5284
4221
4976
5731
6718
6113
5314
5674
4571
983
4585
5086
3914
4169
2066
-71
-1278
-6462
-5453
-4306
-7117
-7184
-6649
-6111
-3907
-6408
-7589
-3646
-5426
-2601
-1068
-1087
-672
-894
-527
-958
-580
259
-60
-2261
-2815
-2888
-200
1988
1849
2661
6300
6170
6433
4063
7113
10560
9865
11402
11110
11844
11780
9555
2617
6237
7265
5101
6046
4393
4321
4590
3718
-358
-1207
-2135
-1870
-2191
-3197
-5064
-8545
-8612
-9684
-9145
-10624
-11729
-13409
-16159
-16133
-18554
-16711
-16663
-16294
-17202
-15775
-10601
-10523
-9027
-7579
-2610
-1251
-2465
261
6592
7758
10413
16228
13484
15267
16501
19146
19686
12796
11474
14439
15386
8352
10389
13526
9384
10607
10132
8746
8528
3297
3462
5529
3071
4374
2953
1055
-62
-1780
-3136
-3515
-5563
-7827
-8737
-8520
-9610
-11448
-12413
-15376
-15877
-15247
-16148
-16848
-16781
-16490
-11868
-12092
-15504
-10596
-4668
-6076
-4833
1513
5856
8912
8630
11811
10444
8890
14657
16147
17651
18220
17528
16110
17549
16753
15067
13139
11385
9049
7036
11585
3412
4954
6159
3339
3562
779
946
-1683
-1827
-4319
-5657
-7108
-8255
-8976
-9644
-10977
-13067
-12859
-11236
-12617
-13763
-11553
-9303
-6454
-6939
-9726
-7857
-4269
-4132
-4037
-3007
173
540
-6618
-4275
359
-885
344
-504
1484
2217
5525
7068
7385
6059
6304
8262
8488
8642
6262
9753
9207
10294
9398
7375
6197
4630
1790
262
25
356
-4580
-6955
-5638
-6555
-3503
-7827
-6130
-6050
-4890
-5645
-7553
-4145
-2511
-1004
-2393
251
2625
6348
2775
105
3744
-1369
1483
4859
2530
5193
1593
1227
1093
1936
2387
-809
-339
-3102
-4964
-6797
-5228
-9938
-9467
-6032
-5169
-518
753
1901
-333
-743
-1709
-412
1438
935
-2229
-700
104
-2046
-896
-1132
-717
-1004
-648
-2233
-827
-2110
-3746
2512
6367
3716
5062
9380
10640
8601
7469
8135
8135
9026
10138
10761
8180
9432
8844
7141
6288
3973
5659
2974
413
1738
-1349
-3041
-6013
-9643
-8859
-10309
-10914
-11218
-12633
-15500
-15903
-16127
-13576
-14777
-16795
-12786
-12046
-9000
-8415
-8460
-6742
-4405
-2995
-3389
-1223
-72
1681
8678
8985
8200
12763
16190
9968
8964
16539
15307
14831
8414
9807
12445
11434
12375
10117
9941
10407
10885
9622
7608
5601
6244
4826
4298
537
-2296
-2339
-1940
-1653
-5079
-6733
-7876
-9888
-10286
-12336
-16659
-14556
-14111
-17736
-17337
-16639
-19341
-20237
-17134
-18379
-17059
-14979
-14953
-11682
-10002
-4033
2588
4925
-107
3970
10492
11633
15759
15302
15302
14882
16682
16590
15698
15932
16336
16147
16287
16959
13672
10863
10882
11187
8095
5892
2022
2105
2822
193
2084
-485
-2036
-5104
-7206
-7178
-7159
-6024
-12567
-9933
-9411
-14111
-12268
-13230
-13480
-11199
-11670
-11984
-12698
-10862
-9601
-5295
-1730
-11521
-7377
-2491
-3497
674
981
1438
2769
6294
8933
11815
12306
8669
8814
11978
12600
13868
13140
13717
15612
14362
11802
12025
8645
7068
8161
7042
6632
2500
-1287
-4942
-488
1209
-2705
-5951
-5313
-4888
-5810
-5301
-8175
-7829
-7697
-7596
-6534
-8030
-7068
-8121
-6528
-3928
-7177
-2521
-2708
-423
1484
-1141
645
1656
2074
1435
725
204
282
-1531
-3023
-4169
-3402
-1894
-1500
-879
791
1159
3801
4512
1674
90
1828
3507
2068
4064
3676
1588
3520
4552
3170
-259
-46
1310
-186
-2064
-2165
-5215
-6293
-2381
-1709
-1764
-4835
-2683
-3251
-4459
3386
1002
-1517
7693
6049
3435
8579
8067
6678
6931
7291
5636
5951
3676
3583
1141
-578
-2370
-4934
-5045
-4705
-5625
-7764
-8054
-12449
-14147
-12842
-12435
-12167
-9927
-13735
-9560
-5403
-6419
-3404
-5564
-2614
-1980
251
-2467
-1717
297
-758
1588
607
3304
3800
1465
-2501
2087
6165
4898
2560
3773
11134
9746
11402
9564
7968
9248
8913
12193
10269
9220
8770
8230
8403
7046
6113
2880
1114
1097
806
-284
-3928
-6272
-6075
-6210
-7255
-10494
-8799
-8265
-12074
-13953
-15486
-15484
-14998
-15559
-12355
-12856
-13415
-12738
-9717
-6255
-4579
1442
-4314
-5180
696
3663
7750
5496
4927
13681
14478
15669
18432
16010
18840
17432
17990
18135
17276
12585
12323
13265
11510
12787
9383
9712
9422
4784
2614
2579
-2656
-3406
-1530
-7504
-3835
1120
-5139
-4654
-8015
-8273
-5143
-7561
-8128
-11248
-13623
-12293
-13379
-14403
-13531
-14040
-13427
-18833
-17223
-14868
-14738
-13468
-10233
-8815
-8429
-2748
819
3850
5182
8081
8939
10566
12861
13359
13385
13468
14949
14792
13327
13273
11690
12504
12920
11262
11234
6902
928
1374
2151
2255
3919
3334
2141
-1298
1772
-398
-1750
453
-2985
-3343
-3466
-3882
-4836
-6377
-4884
-6554
-14495
-10552
-6616
-9601
-7113
-8214
-6584
-7218
-8559
-2006
-2015
-5422
-4284
-1862
-4639
-3013
-1931
-266
-2476
-2223
2760
1271
7693
7321
7812
9929
6983
11855
11382
5295
3400
658
1854
6849
8241
4133
4498
7762
4620
6833
7626
-616
-586
2155
1258
-863
-749
1965
-3638
-6204
-5806
-3138
-2803
-5869
-3827
-3014
-1396
69
-1324
-806
3786
2169
663
2939
1334
1511
788
809
-262
-938
-1300
-2462
-3908
-7162
-7748
-8249
-6755
-5531
-8446
-11215
-12989
-9290
-2853
-2009
338
-3084
-1072
-536
2120
6463
3714
6224
5626
4411
4939
5319
6679
4041
-1920
1044
1471
-63
-2156
-2821
766
67
3965
2998
339
6344
7184
7124
7519
5139
6433
6566
3929
3709
3757
4344
3660
1370
1534
896
-1718
-1820
-1074
-3420
-6161
-14396
-12454
-7065
-8884
-10794
-11745
-16389
-17774
-11677
-11755
-9098
-12751
-10664
-5454
-5330
-587
-2279
-2354
-4780
-2011
2357
-875
1246
1987
-9
2342
7820
7671
8259
6472
10441
15208
11360
12835
8275
9511
10127
10185
8977
8494
10263
7129
8153
6667
6404
4475
2904
1800
1337
-4095
-3275
-2582
-5492
-1161
-4323
-2656
-4195
-5088
-4673
-8560
-7592
-6979
-7308
-7495
-8537
-8214
-10621
-18738
-14965
-10379
-11942
-11094
-9662
-10423
-7898
-3224
924
3302
1764
4114
9516
10527
11668
13528
14529
14700
13799
13780
12560
13126
13657
13601
11668
11150
8327
4258
7203
4835
3132
504
-401
2328
2065
2044
1924
1227
1202
-452
348
1099
-912
-3153
-4745
-3122
-1817
-6160
-12436
-10125
-8416
-9560
-10865
-11137
-10155
-10598
-10230
-10304
-8861
-8254
-8213
-9126
-6364
-2915
-5874
-3380
-2173
-970
4473
5811
4658
5173
3580
7514
8454
9431
8878
9199
8497
5962
9645
-237
2066
3713
4871
5697
5213
3816
-1270
4116
3952
3525
1088
2294
1246
1874
628
-4513
-1786
-2779
-4084
-2822
-5044
-6575
-4504
-3471
-4729
-2930
-569
-3267
-2957
0
-870
-454
474
-1172
-2570
-3460
-4616
-5881
-6164
-6531
-5331
-4012
-5111
-4579
-5951
-6755
-1319
1716
475
-899
472
1482
4805
8781
7436
8132
8604
8751
9030
8638
8520
9156
11587
9825
4833
7159
-1141
-2640
300
-2155
-470
-1965
-5
-1019
-167
-534
685
1720
1682
3620
2430
3851
5368
3366
2081
16
571
666
-1470
-1513
-1989
-4216
-4580
-7034
-8285
-9029
-10308
-7903
-12921
-14210
-15476
-12321
-8862
-8678
-8582
-11546
-7195
-1631
-1226
365
1272
1880
3451
-1479
2230
4870
3962
4024
550
1990
1801
2931
3142
2852
3091
7279
10603
1603
3425
10244
9935
8889
6574
7795
7988
6206
5493
4489
2423
3821
2880
1198
769
1424
-1339
-4047
-1705
-2152
-5773
-10610
-9976
-5292
-4293
-5040
-4945
-8275
-6546
-6522
-6423
-7572
-8547
-9511
-15184
-8002
-6550
-8658
-7026
-7674
-3688
-3658
-2164
-996
-1145
-191
3033
6382
9913
9661
6627
14514
14879
13284
14240
13139
13600
14972
12250
11634
5283
3850
8917
5607
6313
-1339
3381
4066
1973
-49
-2982
-251
-861
-229
-282
388
-762
62
-3800
-3511
-2673
-2118
-1609
-9537
-5597
-4612
-8477
-8458
-11966
-12806
-15007
-14405
-14574
-14588
-14521
-13155
-8507
-9169
-5895
-6570
-1534
5203
3970
6515
7101
8998
10513
10310
10711
11587
13528
12722
12294
7965
4719
10783
10385
7212
9243
9483
7053
1560
4383
4193
1942
4087
1729
1822
3166
3125
7358
2995
-2960
1785
723
-812
-2505
-1644
-4130
-5270
-3652
-6964
-7276
-8614
-8150
-8552
-8607
-9114
-5755
-9179
-8811
-2754
-5293
-3574
-5092
-6418
-5950
-4555
-3296
-4073
-5527
-545
-843
-334
3795
1624
3283
3344
6584
4449
2427
4813
7347
6299
5552
4964
5259
9426
6415
6631
7750
906
-4055
-1645
2286
4080
-128
-1506
-107
667
-2310
-3509
-4404
-5257
-4356
-5318
-3979
-2512
-1153
-4920
3477
3578
-635
881
-1384
483
-24
-1016
-5617
-5252
-4648
-6828
-5487
-7400
-9004
-9525
-12257
6364
4786
5832
7082
7508
5783
4048
3902
2179
2555
3150
2366
367
-420
-3254
-1557
-2350
-6841
-6094
-7397
-9149
-11430
-12075
-12483
-13934
-14391
-14977
-13417
-12573
-13057
-10928
-9889
-11893
-10458
-8423
-6578
-11532
-9667
-1863
-5088
-2620
-1624
731
5264
5754
10383
9503
9574
9133
11468
12651
10476
11629
12248
12659
9983
9444
9711
8875
7749
6700
8112
8857
6120
3354
2248
2829
1761
370
-24
-3433
-4863
-4641
-5453
-6036
-8665
-10120
-9631
-11139
-13031
-17364
-17211
-18478
-21961
-21502
-24198
-20314
-18726
-19823
-18817
-12182
-12451
-11305
-3802
-3628
172
3438
4260
9276
10691
11903
13788
14844
14032
13841
14871
15002
14792
13652
12454
11224
12369
11753
11298
8695
5302
5880
4016
4545
4725
336
-12
-198
-3469
-3671
-4433
-5157
-5847
-7269
-10575
-13064
-12005
-14488
-11739
-14885
-17354
-14885
-18918
-14974
-15809
-15638
-15084
-15772
-12682
-10388
-8628
-11823
-6695
-2269
-5220
-2320
-2064
1798
5123
5522
6652
6134
10353
8789
11896
10670
10570
10849
9662
10376
7205
8698
7684
8185
8945
4934
5455
3518
1496
2447
461
-1475
-2254
-3363
-6196
-5094
-4819
-4620
-9489
-8043
-6153
-9268
-10708
-11693
-10530
-9518
-8535
-9694
-10078
-3665
-9710
-8186
1777
-345
412
853
-2204
-2056
-463
-2758
-2787
-5354
-2807
-2046
-2822
-3921
-4573
-1354
-2769
599
1250
-19
651
2456
3880
5709
4375
4624
3367
4388
3845
985
643
-2024
661
549
369
-5460
-4573
-997
-4023
-4519
-3493
-4904
-6926
-5075
-3631
-3392
-110
-1564
-3682
5238
5135
5121
6818
5252
3235
5893
7687
5646
3866
1549
3279
3221
2646
21
-2882
-4866
-5551
-6521
-9229
-13256
-12533
-12851
-12000
-10695
-9816
-9408
-9456
-8203
-7276
-7932
-8820
-4903
-5799
-3136
-3924
-324
-1440
-3472
1185
31
1154
-164
597
967
2175
3000
-2877
1566
6179
892
7652
9274
9590
10352
9552
10303
10660
11146
8915
7724
8224
8355
7251
5679
2860
2732
949
-1538
-877
-3360
-8093
-9337
-7304
-8936
-9059
-13165
-12855
-14997
-14974
-17150
-17604
-16424
-18920
-17852
-15865
-15078
-15413
-13275
-10004
-11164
-10288
-8379
-8518
-6344
-1926
-3343
-852
4589
3457
7205
10749
11274
14435
13421
13891
14450
16190
14215
10346
10747
11318
13356
12228
9637
9859
9097
7732
7847
4205
815
-2544
-1179
-981
-2141
-2755
-5582
-6665
-9145
-8760
-9948
-10971
-13734
-11691
-8722
-12135
-12730
-13849
-14089
-14657
-15630
-14156
-16148
-16414
-14467
-16773
-14190
-11219
-7996
-4273
-4383
-567
3431
6357
8257
9029
9389
12102
12642
12656
13275
14527
16311
14441
15432
14183
12833
12791
13246
5321
892
1570
-402
-115
-391
-848
-709
-3277
-8768
-6835
-5385
-6845
-9016
-5641
-5798
-6809
-6159
-7859
-8659
-8889
-10448
-12977
-11462
-8972
-13372
-14075
-11568
-12078
-7910
-9832
-10391
-7123
-4450
-5050
-4851
-4391
-2916
-1120
-686
-322
930
3018
4201
4952
6141
7097
4941
8994
8929
8221
6237
4828
1811
4364
1607
5606
938
174
2212
44
1275
-7102
-1495
-2207
-2550
-197
-3998
-1574
-1650
-1094
-1217
-2822
-4153
-5508
-10144
-5630
-4592
-5064
-4134
-283
-3137
-1173
3515
4457
2678
-2680
1552
2005
-1451
-1606
-3092
-1266
-1936
-3907
-4393
-7327
-6866
-6207
-7541
-6657
-4042
-5878
-8950
-5955
-4658
-3138
-3339
-3776
-1478
-4318
-2337
1888
2524
-638
1161
-2386
-1183
3857
-287
-1378
430
3186
-6194
-11841
-727
-1332
-2149
-3653
3290
1925
820
4276
4521
4829
3557
4593
4827
5328
4306
5807
4977
3423
4008
1900
665
808
-1320
-3961
-2801
-2992
-4481
-7988
-12303
-10935
-14159
-14577
-15356
-18358
-18242
-14688
-12021
-11821
-8183
-9265
-5635
-3389
-2978
-3374
-2484
-1207
1300
646
-1686
2086
2335
2224
2032
2340
552
7111
8004
6156
8796
8111
10704
11028
13437
10925
7468
6358
7148
8585
8277
5118
6280
3867
3438
2594
545
-1101
-485
-1476
-8212
-10313
-10243
-6195
-9437
-12262
-9425
-9376
-12414
-13805
-13379
-15429
-12795
-14816
-18033
-18098
-17741
-12621
-16785
-18503
-13718
-11675
-10235
-10777
-7170
-3382
-2149
3492
5432
3409
8362
11261
9103
9029
10175
10558
11382
11680
12743
12566
14255
9725
6106
8287
5791
6673
4235
3807
1872
1925
-2868
-4341
2513
-2032
-3688
-1503
-5987
-5295
-3992
-6393
-3820
-6602
-7503
-6230
-7249
-10020
-7246
-11018
-12684
-10590
-14046
-13153
-14114
-14220
-14697
-14336
-15022
-13584
-10428
-10543
-9307
-3133
1111
2105
5429
8342
8954
9597
10951
11976
8234
8316
11325
9013
9865
9902
10035
10684
8837
8228
6170
43
-5115
390
3030
-2710
-841
2006
2020
542
-313
-2543
-2564
-1801
-4549
-5385
-10368
-7329
-4281
-8091
-8436
-7064
-7874
-10089
-8945
-9800
-10691
-10258
-6588
-7542
-8841
-3814
-5954
-5998
-4451
-5945
-6646
-5673
-5527
-5013
-6558
-2723
-2956
-2226
474
2075
962
4706
921
5211
5931
-2215
3153
4868
3837
5147
6819
9007
6912
6810
7806
3923
6783
1172
1436
605
504
3795
-1789
-434
-1876
-3914
-4102
-3124
-5315
-5268
-4652
-5401
-1955
-1772
-2339
-1910
-141
742
1080
1277
1377
282
602
2098
-2072
-4262
-4446
-5599
-9119
-10288
-12902
-12168
-12020
-10829
-9367
-11067
-10142
-10284
-5137
-2065
-138
174
1265
3314
3305
2222
5120
3239
-1034
3892
1079
1987
4062
4418
-1411
-277
2755
-609
-8137
-4898
-1868
-3265
-1306
1634
3921
793
3852
2089
1643
3013
590
47
-509
1922
2662
599
118
-729
-2227
-3485
-7132
-4872
-5626
-8545
-6873
-7291
-10124
-11079
-9096
-9032
-8766
-9836
-8776
-11650
-11389
-8167
-13479
-9957
-4919
-4479
-4074
-3745
-1499
-1861
441
-1214
-437
-800
212
-432
-773
440
-1211
1913
5133
1376
3150
9937
3696
1470
7752
6085
5289
3935
5872
4177
4259
4982
2411
4741
3595
3502
314
-472
955
-1066
-482
-2413
-6923
-4093
-2628
-2753
-3975
-4906
-4738
-9896
-7299
-6894
-9655
-10527
-12068
-11722
-13780
-11618
-15488
-15826
-16194
-14131
-11295
-13669
-10373
-6654
-7471
-8031
-3518
-922
4342
4936
6341
11682
10891
9378
7905
10424
7308
4639
4827
3389
5870
3692
7357
7813
7945
10178
3024
5657
5510
45
1948
3516
5158
5845
7063
3112
-262
1744
256
880
-3796
-6012
-3753
-6617
-7454
-7927
-10152
-10457
-11091
-12969
-13811
-14574
-16120
-18796
-17321
-16034
-18520
-14966
-11379
-13338
-7636
-7842
-3790
-929
-1057
1944
164
2880
-43
3417
5487
7915
8608
10991
13921
8307
13438
13255
11649
12972
3700
7188
6274
7920
6844
2274
10272
6636
6424
5319
2846
2127
609
2114
739
-3120
-4998
-4604
-6323
-8814
-9516
-10137
-10804
-10758
-10929
-11976
-13239
-8398
-8392
-13387
-12452
-10050
-8893
-8601
-10883
-10450
-10787
-11400
-9286
-10645
-8511
-3923
-6885
-6051
-3229
772
3673
2598
7588
7425
4228
8476
12599
7657
6391
11515
11663
10314
9358
10202
8314
8591
7587
-604
2478
2110
388
-786
-3592
-2046
-3666
-5441
-6443
-8186
-7852
-7756
-7557
-9989
-7239
-4171
-7436
-6734
-5213
-2377
-1569
-7245
-5278
-3940
-6046
-3506
-4011
-3504
-2665
-3857
-3988
-2127
-3714
-4710
-4385
-4478
-1532
-7592
-8819
-1033
2322
245
1001
5828
5463
6318
5834
6817
6765
7067
6902
4034
3013
2681
4630
1687
286
-1658
-2419
-680
-9071
-7088
-3786
-5409
457
-1425
-1959
-1214
1236
1768
-2751
-638
-308
2
-958
-25
230
-1127
2049
2391
-152
-1819
-1936
-2862
-3007
-1551
1495
-7021
-5142
1085
-2503
-3384
-7796
-5810
-7483
-7900
-8260
-8033
-8439
-7351
-6692
-6185
-3564
-2385
-6129
-6043
-3343
-4727
-5079
-4388
-3051
-3139
-2311
-2262
-2873
2209
1821
-37
812
2921
7509
2893
3361
2495
5192
8106
1489
6686
6938
6824
9797
7720
10522
7774
9766
6310
2390
6580
547
-358
2314
885
3425
1989
-203
667
-3686
-6748
-5563
-8602
-9893
-10519
-11475
-11967
-12615
-14644
-13782
-16702
-18242
-20281
-19658
-16512
-18466
-16632
-13222
-5294
-8379
-13862
-2449
1822
2327
1580
5923
7247
6017
7701
8824
10102
7478
9082
8851
13143
13116
7643
8496
8343
9321
8296
5887
3154
4881
5096
5047
4549
2379
4595
2241
2053
344
-2563
-2382
-3396
-7048
-7355
-8528
-10354
-9985
-11993
-14741
-14828
-16979
-18173
-18865
-19429
-21591
-20685
-18331
-16951
-16214
-15994
-11412
-7929
-10005
-8609
-1000
812
2867
5391
2515
5525
8952
10405
10710
6852
11158
13348
14030
14479
15324
11488
8677
13120
11678
11254
5436
7159
9437
7289
6920
6564
5580
920
748
-1445
-2524
-6549
-8188
-8436
-11049
-11831
-13936
-13879
-14240
-16018
-17546
-13780
-9285
-10307
-12291
-10358
-8754
-5574
-6792
-6800
-5068
-7148
-6782
-9522
-6241
-6028
-1514
-3751
-6026
-779
-1871
-976
2189
2207
5986
5036
2520
4838
5315
6167
6003
6670
6310
6258
7182
6528
5923
3723
4040
3752
2584
-1904
-5209
-4522
-4576
-4912
-7527
-8498
-8918
-9448
-9918
-11780
-4734
-3948
-8348
-3338
-1567
-172
1209
2034
1329
-30
996
1893
1208
2152
-2820
-1892
3206
-967
911
473
-963
-2356
-3046
-2442
-6680
-8363
-6331
-5558
-4301
-5424
-6678
-3095
-1875
82
1766
543
957
2102
3034
661
-2067
-3636
-3008
-1964
-4259
-5872
-6703
-5079
-6799
-3568
480
-3996
-967
-687
2655
5848
4969
4920
4715
5033
8063
8713
7224
1619
2950
8767
3245
4483
1652
6121
5222
1929
235
545
-2894
-4298
-4072
-3679
-5660
-7254
-6629
-8576
-10306
-11063
-10889
-14938
-14018
-14900
-15827
-13644
-16301
-15644
-15959
-15348
-13017
-12951
-10868
-11895
-9092
-6341
-5878
-1422
807
433
4843
8048
8574
9589
11669
10539
13450
14022
3433
10921
9726
9807
10469
8600
10088
4957
8343
7930
7968
8135
4776
1326
2765
4715
4992
885
417
-483
-3307
-3949
-5347
-7821
-9992
-9319
-10845
-11300
-14206
-14074
-16880
-17573
-20719
-24960
-23938
-23516
-21696
-22258
-17531
-13136
-13096
-10041
-5445
-2245
1530
4112
4639
9761
8585
7585
13351
12982
12711
11267
10277
11021
12110
12150
11656
12833
13644
8836
6871
6732
6249
5580
1700
3737
1673
1581
-555
-1783
-2118
-2921
-4317
-5896
-8102
-5413
-9082
-11168
-12092
-16904
-15521
-15307
-16744
-17075
-17797
-17451
-16760
-14438
-9628
-12434
-12415
-6165
-5570
-3699
-1872
-9647
-6058
-1060
-871
-1675
144
3131
5700
4689
4185
8274
8286
9447
11054
9151
7395
6381
4881
8019
7892
7322
6298
9441
7315
6235
2016
-1196
2157
-343
1026
-3954
-3938
-7295
-8478
-4510
-7560
-5758
-7382
-10307
-10165
-10664
-10812
-5877
-4222
-6960
-3642
-871
1998
-195
-3297
132
701
2249
1052
-263
726
953
-1361
-1843
-2912
-2442
-2625
-4594
-4679
-3454
-6470
-9278
-3209
-3704
-1067
-162
-236
749
-769
152
390
-19
19
38
-1641
-1329
-3301
-3619
-3389
-4663
-4787
-5933
-8349
-7133
-7432
-4100
-3653
-8022
-1025
1644
899
4449
2650
1979
7571
7145
5585
5509
6513
7410
7283
5938
3530
3271
1322
245
1604
303
-678
-2615
-3486
-5419
-9499
-8660
-8316
-11119
-13401
-12362
-14200
-13938
-12684
-12760
-14976
-12824
-11145
-11136
-6174
-7443
-9152
-7002
-10438
-5750
-3362
-4343
-1856
175
-1761
344
4736
4787
7158
3395
10234
10710
6957
11609
10064
10510
8166
11308
10008
8789
10538
9515
8113
6165
8534
7278
4813
4220
4220
-557
-3136
-2368
-3956
-4937
-7549
-7632
-10633
-11507
-13211
-13682
-14853
-15157
-17597
-16910
-16565
-18612
-20795
-20155
-19859
-21516
-17395
-18389
-17184
-14579
-11617
-8212
-7285
252
-1870
820
5754
8554
9269
11747
12753
13727
14864
16377
15738
14301
15159
14993
13346
6985
10426
10764
10027
7299
7419
7235
4276
3967
1715
1094
-1022
-975
-2989
-4229
-5803
-6465
-8269
-9911
-7806
-9503
-9188
-12462
-13197
-11653
-13698
-14275
-12409
-14016
-15999
-13342
-14537
-13155
-16567
-14373
-7979
-9120
-7918
-2876
-3744
-4741
2625
4039
5981
4956
7255
10631
10659
11478
9359
10615
12012
12290
11049
10109
11209
9334
8897
8626
6032
5793
648
-1649
-152
-1764
-4817
-6790
-3010
-3013
-6819
-8327
-10320
-6853
-5043
-10770
-8257
-8651
-10448
-12039
-9146
-12345
-10249
-10596
-16124
-8603
-5764
-6650
-7166
-3573
-2807
-2216
-1803
-336
-686
-4452
-2672
-5165
-4632
-4873
-4029
-2849
-5043
-1711
428
683
3569
2891
564
3194
4283
4888
4947
2817
2859
1916
539
2713
1157
1451
-1675
-518
4306
-5212
-1590
-266
-2333
-1368
-2193
-1068
-2804
-1989
-8073
-6109
-2270
-3383
824
495
-516
4878
6692
6694
5398
5598
4202
1494
1971
1017
732
-1032
1004
-1840
-4662
-2714
-3440
-3459
-7224
-10574
-12265
-13058
-11601
-8255
-11301
-11929
-13387
-10259
-10110
-9921
-4091
-4650
-2202
-1021
-1809
-568
192
304
1223
140
-257
1534
3066
903
-2675
4588
-3551
-5279
-1183
578
2765
1463
3590
5906
7913
7950
9891
8292
8885
6461
4529
7022
4379
4610
3412
2108
2842
2384
469
-1444
-1291
-4494
-7388
-6727
-6300
-10152
-11623
-10164
-12750
-15056
-15983
-14984
-16015
-16571
-14746
-11744
-11958
-10728
-7231
-6983
-4636
-5501
-6462
-549
-91
-1916
-978
1344
10
5561
7189
5154
8818
9958
15053
14169
16886
11559
9951
13470
11862
11354
5972
6837
7606
7145
4675
3706
4170
1571
-2
-1703
-4315
-4799
-5479
-4118
-4129
-7323
-6971
-10756
-13213
-10372
-11597
-10709
-10131
-12859
-12302
-12001
-12568
-12673
-18769
-20461
-14581
-17077
-16686
-15065
-18124
-14714
-11110
-7937
-3185
-2161
-1361
-767
3895
6968
7169
8126
9245
11130
13015
13238
11465
11939
9314
12062
8889
10914
7503
2130
9086
2742
4263
-750
-576
2268
692
-738
-4351
-1479
-1073
-3169
-2132
-2806
-5122
-2890
-4631
-1893
-4977
-10721
-7834
-6576
-9102
-12359
-12390
-12755
-13971
-13636
-14738
-13269
-9469
-9820
-11709
-9159
-6146
-6710
-6277
-4100
-3621
-2877
697
2044
2475
3817
2391
6349
6578
7986
6398
6198
9008
7161
3779
5089
7747
6740
5771
3579
4255
5599
254
2671
2451
864
3705
-1897
414
2118
-6547
-2988
-1851
-4867
-5067
-7458
-8015
-9059
-8431
-9579
-8989
-8987
-10873
-5324
-3822
-7602
-3535
-5181
-5076
-3937
-2412
-5014
-5170
-5606
-4564
-6575
-6920
-6961
-7668
-6702
-8097
-6398
-7789
-7066
-2014
-2154
-2877
-232
-1232
3827
5339
4736
8125
6012
5324
6960
6558
8496
6890
1818
6349
5889
6974
460
-2674
471
-2109
-735
-2534
-4718
-4368
-2411
-1638
4089
-42
-488
2998
2030
1834
237
2115
1544
2272
1673
485
571
890
980
-3092
-4653
-4016
-7201
-6737
-4417
-8751
-14219
-12918
-11568
-11262
-9575
-8646
-9656
-11062
-10117
-4395
-2479
-3271
-2527
-6324
-1343
-62
-1339
3814
2813
2653
3777
4223
725
1566
910
-2255
-1437
-1635
3967
-320
-2519
3323
4677
8168
5679
4342
3477
3267
2609
2806
910
833
3137
229
1661
-4125
-5219
2004
592
-890
-3802
-7394
-3323
-4256
-4129
-5846
-5351
-3567
-7092
-4949
-5675
-11819
-12762
-9096
-11944
-11934
-11541
-11210
-12929
-10498
-9861
-7900
-6794
-7065
-3984
-5552
-6351
-3834
1571
4428
2208
5134
7592
9212
10066
9515
7521
7781
9777
9256
8905
1352
7668
6087
4187
6610
3511
4940
5858
3076
1028
5905
2579
4600
1453
-3834
-1121
3209
-158
341
-2096
-6127
713
-2656
-3969
-6071
-9359
-6573
-6444
-10244
-13244
-12392
-14414
-17991
-18053
-17006
-17488
-17523
-16930
-12398
-12976
-12639
-7657
-4864
245
105
1317
1750
2709
4804
6247
7930
4709
7007
5681
7634
6594
6853
5673
4965
10463
11645
5584
3957
8565
7893
8686
7760
5480
317
2096
5738
3742
3348
2114
1362
-910
103
-299
-3234
-7143
-7418
-6875
-11202
-11493
-10989
-13154
-13196
-13971
-9576
-10073
-11763
-11667
-7942
-11381
-10435
-9060
-10401
-8918
-8793
-8662
-10285
-7982
-3980
-2033
-1657
243
17
5906
6295
9124
10058
6312
8505
9219
9790
10374
11243
5733
5526
10189
8138
10055
5563
-1739
4036
1935
2740
2273
-1564
-1226
-3085
-1880
-3469
-7374
-9657
-10739
-9322
-11401
-10171
-7375
-8536
-7809
-6996
-4700
-6001
-5220
-4938
-5158
-7601
-5521
-5902
-8503
-7845
-8438
-8117
-10530
-8841
-8961
-7220
-6761
-6799
-7298
-5327
-1815
2330
2489
-2455
2856
4911
7099
7045
5479
7176
7857
9047
7733
6093
6066
7379
5466
4599
4345
1946
662
-6797
-3311
-1378
-5430
-461
-222
-1857
-1739
909
1257
2401
-735
776
-1357
-3765
2393
-1095
-1007
-590
-2938
-2424
-2335
-2071
-134
-1690
-1208
-2193
-5065
-6366
-2572
-1188
-9785
-9703
-7323
-5493
-8753
-9105
-6461
-9855
-8552
-6237
-4610
-3398
-3023
-2139
-319
898
-740
-1785
-3215
-1222
-2044
-294
-876
-3180
1374
1155
538
-278
3412
3176
-3122
2114
2601
4598
4813
2926
2385
1334
2873
3196
5194
1566
3514
2771
3126
4524
-158
-954
-1670
-4851
-179
926
-472
-1140
-3813
-2721
-3031
-3501
-5004
-7031
-8566
-10456
-13783
-11187
-15783
-14797
-15382
-14275
-16234
-16746
-13090
-10780
-9612
-7148
-2379
-3735
-1160
1489
3602
6081
3083
5853
8481
7711
6300
4697
4896
7869
7085
9179
9207
4222
9350
8900
9936
9423
8114
3583
-198
8037
6405
5069
4223
4980
3105
4025
3964
1036
2022
-659
-809
-6928
-9582
-8530
-9120
-9106
-12402
-10654
-12706
-15317
-16590
-18599
-17935
-19459
-19758
-17075
-17428
-15987
-11543
-13142
-10602
-7563
-2930
-3790
-412
2812
707
7886
8178
7960
9086
9815
11782
11810
12124
14659
10341
4313
10096
12707
11043
12036
3662
4646
7147
4719
6627
3012
3086
2178
486
-15
-871
-1002
-2048
-5789
-5106
-6691
-9371
-11052
-12853
-12460
-10569
-14453
-15631
-8071
-13337
-10288
-8807
-10662
-7417
-7671
-7901
-10599
-9434
-9225
-8611
-9822
-8688
-6359
-7051
-5911
-2417
42
2722
808
-875
3010
6216
7807
8064
9562
8532
10980
9487
9399
9981
7420
7258
6150
5144
5415
5944
-647
-422
698
-3412
-2160
-3375
-6058
-7580
-8395
-8134
-8752
-10110
-9289
-7507
-8495
-7626
-3867
-1624
-1986
-705
-4179
-2842
-613
-1830
-1143
-2231
-825
-944
-2888
-2683
-2906
-10761
-5588
-4401
-8986
-10711
-9818
-7119
-7461
-3987
-5164
-2971
-2094
-586
156
911
994
-345
243
2920
2273
2569
-78
-821
-1223
-371
-1759
-2837
-4447
-3769
-2162
-6905
-4975
-5017
-4209
1007
430
1530
819
708
3404
6270
4867
2619
7085
4484
3585
1633
1419
2925
-5091
-1625
2128
724
-1636
-2309
-2269
-5386
-3513
-5505
-7496
-7681
-7336
-8070
-11390
-12912
-13141
-12213
-11782
-9943
-11218
-11295
-9662
-8499
-8006
-7807
-6826
-6247
-8171
-8141
-5128
-4980
-4206
-369
2628
6072
5927
6102
7875
9023
12356
10284
5013
8304
10917
10711
8589
10369
9691
2435
6703
8404
6925
4664
1835
1353
1153
1998
-69
826
-1195
-2230
-3282
-5110
-3866
-5905
-7901
-10034
-9828
-11349
-12382
-14240
-16557
-17680
-19038
-19033
-20472
-21744
-20217
-20458
-20483
-18460
-13012
-8922
-8101
-1087
-139
290
5283
7361
8849
9271
9671
11338
13905
13191
16118
15169
6860
14576
13536
14452
11737
757
7453
7114
8665
6542
6167
6076
2463
3542
2377
1607
-1162
-789
-1683
-3484
-4201
-5457
-6059
-8373
-11010
-11314
-13054
-14899
-16438
-16740
-17330
-18475
-17554
-19825
-14243
-13477
-15528
-12166
-12344
-11049
-7731
-6723
-5522
-3603
-4832
-747
2555
5000
2526
1706
7669
10909
9152
11026
12594
10730
8642
8217
11386
9524
8389
8913
8494
7796
10651
5257
-1617
3541
2296
-71
-1411
-2637
-2595
-3568
-6151
-9843
-10427
-10675
-12487
-12065
-14457
-13618
-15376
-11477
-7498
-10670
-11516
-8225
-2267
-3322
-5023
-1487
-1783
-2446
1494
-2346
-593
-4163
-8529
-1604
-3897
-4628
-2863
-1743
-2706
-3233
-1129
1376
2899
1974
3578
3701
3801
3800
6286
6457
5967
6356
4173
5491
3562
2029
1270
1958
-876
-1279
-7093
-8656
-5798
-11592
-7505
-7394
-8333
-8256
-5536
-4100
-3104
543
941
1667
2950
3983
3287
4037
4648
7110
746
516
6094
3872
2366
625
2159
1043
953
-1880
-5320
-4525
-3957
-6433
-7705
-10195
-10086
-6620
-8908
-8597
-12206
-9760
-4947
-6212
-5750
-6555
-5357
-5884
-6068
-4266
-2491
-5123
-9115
-3805
-3518
-3739
-3870
-4229
-1606
2944
3594
-2704
2612
6970
7846
7602
8811
8899
11002
5100
4046
10634
6311
9663
5657
5104
5774
7028
9646
3022
1362
832
2035
-512
-1452
-2432
-6023
-5250
-6702
-7699
-9374
-11785
-12999
-13530
-15815
-17081
-17777
-17733
-16793
-16467
-20615
-16841
-13202
-13676
-10107
-8552
-9438
-6514
-185
672
2824
3503
8753
11421
13436
13464
14573
14856
9461
15356
16517
15502
9663
8372
11944
11427
10853
10566
12282
9447
3425
6123
6611
3127
1844
726
211
-2397
-2885
-4232
-4946
-8810
-9865
-10514
-12023
-13091
-14321
-15454
-15315
-18092
-23309
-18795
-20505
-21538
-21924
-21723
-19611
-19556
-14224
-12159
-11919
-6702
-3988
159
1826
4145
8374
3373
8036
12138
11193
12092
14158
14972
15605
15955
14824
15787
15279
14730
9820
12841
10134
3488
7464
6064
6454
4856
2517
2797
-200
-1232
-1461
-4306
-7215
-7956
-9642
-9610
-12418
-13227
-11040
-13442
-16600
-15550
-16053
-16139
-13716
-14833
-11104
-9528
-10405
-7734
-3399
-4787
-2556
-2778
-8391
-3104
-1782
-2563
857
856
-1690
2377
6224
7013
6236
7692
10731
10655
8543
8254
10996
10736
11248
9539
8675
8024
7822
6112
4535
3272
3076
1487
-7224
-6654
-6626
-10660
-7667
-8094
-10116
-11133
-14251
-13340
-12796
-13555
-10939
-7230
-5183
-4450
-2116
2490
-1394
2899
2861
-5199
276
-1504
1529
-196
554
688
-1080
-414
-2230
-325
-3516
-6582
-4375
-7494
-7117
-6480
-4645
-4486
-4447
-3601
-1862
1023
372
-2144
-1177
1229
1916
21
-242
125
-3746
-248
-794
-3510
-3151
-4255
-5102
-2125
-3884
-11544
-5206
-4298
1052
3394
-3384
3347
9061
4841
1103
7748
8621
6452
7944
8988
8779
9850
10678
7756
7073
6875
4334
1957
3609
-958
-4950
-3326
-3081
-4398
-8093
-8053
-7544
-9356
-13731
-12521
-15443
-15173
-15172
-14630
-15381
-14692
-9681
-10939
-9173
-10144
-8631
-8565
-3601
-6047
-7201
-6751
-4704
-500
-234
3313
1471
7778
4592
172
10823
12003
5552
11496
13579
15349
12402
7864
10454
8182
7415
6519
7221
5365
7090
6006
3242
2324
1564
3229
-926
-3854
-4959
-5912
-6274
-7606
-7849
-9410
-11099
-14210
-12918
-14695
-17641
-17583
-22476
-18584
-20754
-22116
-18779
-19279
-18853
-16071
-12550
-10691
-7422
-2354
3557
-3337
2096
9220
10699
12686
12819
14138
13558
14985
13434
15615
14395
14663
14370
16247
15628
9923
14680
13726
10501
8992
4509
4153
4560
1227
1759
-69
-1633
-2394
-4449
-4746
-8533
-7059
-9158
-11479
-10437
-12200
-13050
-11325
-13759
-14786
-14388
-19555
-18360
-19499
-16763
-17780
-13510
-10731
-17899
-12130
-9297
-9342
-5318
-2667
-1592
1562
5769
7987
7569
6172
9247
9761
6656
6784
9739
11332
9597
10681
10403
8064
9823
8417
7937
6675
1973
4309
-2922
-2762
1186
-4601
1888
719
-6790
-3669
-8024
-7055
-6369
-7459
-6777
-8437
-5134
-10733
-12819
-9721
-10012
-5928
-11169
-13608
-5443
-4848
-6455
-4301
-5148
-6051
-3663
-2039
-1666
-2057
-3686
-1772
-4116
-2053
-2860
-5087
-3049
-3260
-1782
3040
4546
2625
2924
3703
7425
6832
6269
4190
1190
223
2885
4185
1821
3611
1422
134
2202
-33
4074
-3346
-7805
-2795
-2584
-1944
-5372
-5816
-4581
-5100
-9453
-5324
-145
-2244
563
-85
-1365
2850
4062
4291
4021
4060
4713
3788
2147
-238
-1436
-1912
-3745
-4694
-4093
-3521
-2958
-6453
-11016
-11879
-12486
-12968
-12588
-13892
-13442
-12373
-7941
-5559
-5663
-5516
-4527
-1643
631
-107
-228
390
649
2237
-772
2752
-780
468
-1220
-5866
2477
2054
2489
-2652
219
6356
7325
7544
5733
7641
8899
9069
8178
7863
6866
5592
5744
3773
2392
3195
2911
-46
-1591
-90
-4773
-5424
-4681
-4189
-5251
-10369
-12437
-11582
-12383
-11752
-13497
-20515
-17422
-15676
-17804
-13564
-14061
-13176
-9875
-11472
-5337
-5267
-4145
-7065
-7952
-3106
-2630
446
6048
2671
5141
8323
11483
11653
9981
10525
11084
13425
12666
11827
5607
6409
7208
8636
7985
5702
3886
1488
2385
16
-77
-1345
-2665
-1997
-6344
-7692
-4978
-6793
-7706
-8864
-9123
-5185
-6412
-7475
-9988
-10947
-10990
-14453
-11800
-12913
-13202
-13012
-19147
-18844
-15688
-15402
-14013
-13791
-10966
-8600
-4854
-2119
177
4820
6260
7877
8883
8220
7998
12882
12014
11217
9680
9459
10552
10404
10118
8365
8535
8929
5525
-905
-505
-3023
1720
1237
-331
-704
-4860
648
2106
1684
-907
-763
-2393
-3329
-7546
-9514
-7320
-5613
-7248
-15353
-9208
-8877
-11877
-11221
-11648
-12675
-12566
-8355
-8840
-8451
-10120
-9097
-10571
-7199
-8237
-8411
-4506
-5399
-5200
-6528
-1161
3586
1874
3661
5307
5453
5288
6928
5613
388
2413
2718
1624
3403
1919
2252
3107
2342
4894
5181
-1679
-3501
4397
667
2830
382
1121
-900
-8043
-1120
-3375
-4544
-7516
-9364
-8635
-6765
-6743
-6007
-5261
-5027
-3603
-1893
1732
-1720
-1074
-1234
-1806
-2051
-3002
-1744
-2826
-4972
-5638
-7263
-7842
-9980
-8597
-8698
-12773
-9579
-9332
-6896
-3014
-2077
-1564
1769
4641
2489
4151
6795
5185
6505
6993
7762
7528
9508
4323
2391
8968
5545
3863
-2943
-5969
-2414
-1512
1790
-2071
-2463
2037
690
-882
2722
4027
987
1955
2189
2854
3509
3562
2064
-981
-879
-2092
-4648
-5160
-6058
-5560
-8738
-5685
-8346
-12585
-9206
-14639
-12178
-13368
-13796
-15033
-13088
-11488
-10600
-8038
-7436
-4252
-2539
-100
-5179
-3904
54
557
2487
3803
1416
1173
770
298
2716
1892
-953
4083
6077
6270
8135
5714
4845
8319
8156
10986
6568
5247
7520
5985
6238
3768
3086
1193
1166
605
-594
295
199
-4006
-6925
-5566
-4236
-5367
-7142
-7375
-7304
-6009
-5831
-5077
-7858
-8084
-8182
-15562
-11753
-10630
-12805
-11550
-10363
-10019
-10560
-8770
-6943
-5438
-5438
-6136
-5534
-820
3593
2357
4760
8461
7999
9751
9541
9906
8219
11732
13093
10739
9732
12062
8970
-2444
4361
4487
4737
1004
-1209
892
-1906
3611
1788
1176
-398
-503
-669
170
-1219
-1691
1368
-1212
-5868
-3612
-2583
-4104
-4392
-6632
-7026
-8316
-7475
-10541
-10100
-12009
-15065
-14763
-14947
-16164
-15978
-8983
-9831
-9532
-4241
288
823
3817
4973
4832
6763
7553
11340
7506
7358
10377
9813
9092
7906
7158
8492
11555
9112
5245
9084
6056
4359
8554
5037
7909
6722
7770
1330
-1412
5142
3615
5065
1293
-758
-1654
-1752
-3021
-3764
-3469
-6079
-7824
-8971
-8703
-9195
-9230
-6921
-7098
-8040
-7161
-6997
-7515
-8527
-7538
-8776
-8255
-9180
-6327
-4016
-9229
-6477
-1904
-873
-182
1704
4179
4003
5909
5882
3517
5033
7198
9143
8662
9112
9699
9809
5641
4917
9454
6337
8336
3640
-342
4395
1243
2195
507
-1459
-1334
-505
-2131
-4422
-3759
-5885
-7513
-6230
-4463
-3810
-3407
-4430
-2830
-848
-1911
-1450
-1316
-3176
-2668
-4898
-3791
-3797
-4500
-5325
-6766
-2875
-6315
-6587
-7348
-4803
-4807
-5802
-5844
-3163
1404
2577
7066
-371
2233
5720
7371
8088
8351
8942
7646
10847
8526
8136
7235
6178
5336
6112
3392
3863
-1313
-3200
986
-1982
3045
4676
1652
2479
6362
6089
3298
1132
2462
2748
1226
2017
1779
2109
175
1727
1110
1072
175
-875
-1691
-2027
903
-3642
-5506
-4062
-3369
-4309
-10243
-9971
-9474
-10302
-9273
-7234
-7906
-8246
-5434
-3624
-3490
-1574
7
-618
-2147
-1781
1218
-163
-1746
-1670
-2064
-2717
-2593
1403
3310
2030
4327
4319
7408
2695
-568
3990
2045
5015
6617
3581
4135
7869
6434
5769
6625
6252
5263
6739
5210
5964
1825
2864
3954
-3550
-202
185
-817
-3254
-5036
-5705
-6124
-6253
-8841
-10298
-10115
-12186
-12620
-15234
-14858
-12747
-13865
-13191
-12074
-12801
-11213
-11844
-7911
-2216
-2067
-23
1130
4629
5157
9730
6462
9189
11806
8881
9693
10843
13555
12162
13038
14168
8421
6055
13384
10764
13353
10674
6829
7687
5825
7691
7380
6008
6153
3701
462
-61
1019
-52
-1963
-1929
-2174
-5808
-8890
-6250
-8938
-10793
-11148
-11742
-13777
-15180
-15410
-18114
-17527
-17494
-14057
-13626
-15173
-11237
-8428
-8374
-1670
-3358
-360
5203
5005
9317
8848
8476
8999
13504
14109
17113
15864
16142
16254
19131
15674
6399
13616
14270
13610
8179
8844
8749
9479
10176
2304
4624
1503
1361
809
-501
-791
-3724
-5549
-5902
-4881
-5777
-10019
-11224
-11738
-12773
-14292
-12932
-9122
-12256
-10600
-11937
-9951
-5510
-7779
-7090
-7489
-5814
-4727
-5217
-4179
-2471
-1018
-4357
-917
4354
4364
5604
10408
5957
4105
8001
9504
11768
11643
12335
11834
11251
11288
9541
10727
7931
7112
4630
5735
3079
-2552
569
-1870
-1321
-3195
-4374
-6245
-8744
-8827
-11762
-11377
-14630
-8673
-8433
-11167
-6853
-9007
-7836
-2203
-906
-3484
-3790
-2900
-1520
-474
1630
1009
-1823
-1396
535
-1612
898
-6384
-8277
-2706
-3592
-2644
-6425
-472
245
2514
5230
4955
5108
5207
5859
4425
6129
6973
7296
5884
3682
2466
-552
-34
2049
-172
-2035
-2774
-4303
-8832
-7722
-5603
-335
-254
-4584
-380
4291
3339
1626
3227
3918
5364
6072
6745
7594
6455
7003
7636
10097
9895
2301
2245
1654
2046
1756
-3264
-2656
-3644
-1810
-1922
-4416
-3006
-7261
-6820
-7103
-6711
-5013
-8258
-6525
-5372
-4186
-2096
-4072
-6250
-2681
-2107
-3710
-4463
-3528
-2930
-5721
-2110
-669
204
2658
817
5084
5967
6663
1703
5009
9077
8594
11442
8371
11423
8997
11644
7422
3103
9156
7605
7137
8537
7236
4991
4143
680
2944
2923
833
55
-2350
-4022
-2854
-5575
-5795
-7393
-10106
-9588
-12895
-13456
-16962
-19048
-17435
-16971
-18306
-17880
-19336
-17678
-13171
-11678
-10009
-4427
-390
-2869
564
4900
6443
7815
10303
10192
10884
13386
15494
14614
18364
12059
12542
17296
7392
14656
16488
16882
15428
13351
9581
4688
9419
7222
7257
4154
3139
3453
1496
2137
-2313
-1721
-2361
-4530
-5003
-7868
-6751
-11102
-13955
-13865
-15450
-16200
-20060
-21636
-19198
-22065
-21429
-16934
-16961
-16749
-13569
-9639
-6194
-5639
-2243
3770
4688
8493
10669
14292
10777
9196
16280
14814
13347
15187
15970
16399
16456
17788
14904
11724
12368
12104
9513
5682
9212
6167
5949
6237
3193
2659
2465
2459
256
-2720
-3266
-4050
-6367
-6785
-9760
-9650
-14996
-13759
-15555
-15722
-12783
-13450
-9741
-10645
-7599
-6307
-5711
-8289
-6976
-2865
-4705
-4357
-2423
-4981
-4694
-1884
-805
307
1705
6792
7217
8325
11357
12692
9267
9133
10998
11650
10539
9231
10723
8528
7397
8749
8132
7144
5525
5312
4035
-5134
-2398
-693
-5131
-5595
-8864
-7659
-5711
-10380
-11106
-8929
-11189
-11074
-6017
-5464
-7241
-4317
-804
1698
293
2430
2468
3748
305
-1945
4903
3569
2286
2227
2809
1414
179
-1058
-1656
-1330
-3025
-6562
-7379
-4225
-697
3698
616
615
3556
4883
4464
5680
4435
3218
6697
5109
4704
1152
1280
-1550
-3225
453
-3521
-4350
-3888
-8247
-8016
-2726
461
-588
1353
4301
6123
7770
6124
8798
8696
2971
4527
9356
9154
8933
8190
7387
7058
6412
5599
5124
4484
3636
1196
-2038
676
521
-1928
-4564
-7554
-11417
-15102
-14450
-12891
-13688
-14657
-11284
-8675
-8521
-6911
-6415
-9324
-7723
-7463
-6846
-7552
-4583
-4443
-4815
-3287
-3810
1611
2947
2225
5164
9182
7772
12343
11363
3305
6515
9380
10008
10346
10423
9366
9933
11261
9961
9122
8652
7989
4658
6582
2251
-3008
354
-72
412
-1837
-3574
-3997
-7284
-6865
-8084
-10131
-10200
-11402
-13453
-14611
-15736
-18207
-19468
-20746
-16509
-17885
-18651
-15004
-12326
-10046
-7502
-3979
-1250
590
3805
9224
10457
14355
11394
10631
16186
16983
17848
16348
15014
16847
17502
19050
14421
12081
14418
14356
13045
6074
5239
7449
8428
9176
7414
6152
6009
2883
1155
-775
-5724
-6096
-5085
-6977
-9430
-11828
-11011
-9010
-11216
-14745
-14481
-12538
-14354
-15525
-16019
-18136
-18154
-15743
-12572
-13641
-12894
-8148
-5224
-5894
-1570
4885
5599
6016
8912
11739
10717
14269
16423
14536
14853
16215
15027
15287
14774
13161
7645
8774
11698
9208
7260
433
5321
2717
1866
794
-1241
1218
-4934
-3283
-7678
-5738
-4927
-9974
-8261
-10313
-9872
-9400
-10684
-11154
-10577
-12044
-10018
-6297
-2893
-5762
-4572
-1645
-8937
-4715
-1447
-1910
-3974
-3295
-4181
-1779
-195
-1842
948
-584
3137
6200
5426
5521
8233
6830
6266
7785
9428
9601
7201
8395
8656
8530
7027
7038
7285
6588
5468
1176
-963
-6166
-5460
-1634
-3980
-5792
-4104
-3297
-4480
-3033
-5500
-4903
-6791
-6339
-2225
413
-1875
-5628
176
3463
4644
4206
3254
3137
3856
5060
4734
1761
2677
1640
-199
1850
-588
-2850
-4811
-4044
-5572
-9803
-6592
-4493
-6346
-1299
-810
-2417
-1281
-1818
-541
-2499
-3212
2021
2928
-382
2638
1357
-2136
1211
671
-761
1043
-1392
-351
-2843
-5609
1001
5414
6973
-1080
3338
7872
6175
8534
8160
8422
6834
9735
9747
9078
6449
5088
4594
4388
3628
1235
555
-1153
483
-4921
-8544
-3740
-5629
-8964
-8366
-9651
-10766
-14016
-12154
-12809
-15446
-12304
-11594
-11688
-10518
-6464
-5457
-7359
-9011
-4664
-2960
-330
2412
682
649
2073
3556
3815
2054
6056
9781
10339
12486
12135
11136
5912
10654
12506
13535
9444
8757
12887
9338
11078
7967
6766
6078
3779
4160
4070
-1739
-1725
-1508
-2564
-3853
-4534
-3962
-9085
-9632
-12019
-10483
-11635
-11682
-13928
-13636
-10394
-13066
-14313
-16199
-16381
-15819
-11762
-12393
-11430
-9910
-4105
-4328
-3361
3452
3963
6824
10359
12935
13292
15124
15472
15872
17141
16954
15784
16223
17319
17773
15328
14396
7739
9251
11374
5786
3460
2021
2394
1728
3225
2409
2747
1448
-3488
-5846
-4929
-6875
-7431
-10218
-4298
-5243
-10239
-6747
-8345
-7786
-9967
-9392
-13934
-12896
-13061
-12161
-13793
-18439
-11135
-7892
-7343
-7659
-3550
-1757
-2113
1271
5835
7766
9130
8862
8830
9879
11584
12225
11041
12869
13842
13077
11106
11599
12132
8662
5256
7181
7800
8764
838
-4240
-1860
-1904
379
-4979
-5218
-3481
-3517
-2334
-4101
-4840
-5915
-6590
-8201
-7379
-5308
-6280
-5479
-10938
-13265
-6031
-1771
-2405
-3766
-2897
-1603
-573
1007
-925
-1467
1644
-529
252
-2165
-2116
-2238
-2252
-727
-1839
2632
3510
6191
5185
2742
3314
3191
5125
4736
6435
5992
2790
4748
6504
5321
4141
4265
4000
3460
4816
-131
-5233
889
2823
2623
2426
-521
3735
-1047
-4755
-3083
-7261
-3271
2227
177
-870
2478
6825
6541
5625
5630
3259
4188
5760
3392
885
826
-265
-1695
-3807
-5194
-4129
-6259
-8632
-9689
-14439
-15978
-12425
-10161
-11511
-9707
-4560
-4703
-4533
-4510
-4780
-2329
-534
3270
1665
-570
2136
2163
2560
2147
2646
2757
-1579
144
1821
-146
-3645
3131
6855
4026
5384
5762
9787
8381
11904
11142
8404
11954
10418
8793
7250
5563
5783
6830
2537
1371
1312
980
-497
-7307
-7094
-5927
-5502
-8594
-8877
-8237
-12115
-12547
-15297
-13488
-13742
-13951
-12579
-10192
-9860
-8808
-6191
-4889
-757
-1236
852
-3394
-2901
4658
7036
6545
2888
5957
10328
9101
7281
9781
12685
16067
14923
15484
12830
8987
14103
11130
11858
11027
7599
9353
8307
7679
8047
5003
5159
-325
-4389
-3284
-5553
-2999
-4388
-5084
-7638
-9070
-6812
-7290
-9409
-10513
-10639
-11423
-9725
-10875
-12911
-11266
-11377
-11326
-15212
-17896
-13040
-11104
-9312
-10708
-8340
172
3756
2932
2619
5427
9045
10749
13060
13537
12230
13326
14354
15401
14660
13126
13781
13929
12539
11473
10762
4064
4049
2283
-1035
2537
741
-2563
-954
-1735
-2591
-1378
-3919
-3517
-4991
-5659
-7196
-6737
-7171
-7090
-4919
-6912
-4722
-10557
-12211
-8567
-11170
-13107
-11357
-11936
-14101
-8556
-6184
-7332
-6430
-5466
-3088
-1663
-2847
-3971
-1040
5740
6539
7670
7823
10282
10015
11066
11819
11397
12924
12335
14193
6074
6288
4887
3175
7444
4669
4282
7926
976
-4298
1442
2530
2318
422
-452
-1228
135
-85
-238
-5671
-6432
-4667
-5800
-6102
-6478
-3735
-6525
-4824
-1248
-1170
-768
-386
-909
2197
2607
731
25
-1512
-2054
-2194
-2304
-962
-4953
-5054
-4330
-5015
-1550
-1158
1418
-436
1466
1890
-1231
2770
988
3693
8660
6187
7021
6921
5356
6236
5287
6199
6791
5988
3824
8190
168
-5867
3113
-1106
228
-393
-2854
-2330
-2336
-1608
972
3838
2909
2363
2831
7008
6416
6824
5827
4113
5494
2036
421
-755
431
-1088
-3919
-3130
-5326
-5007
-8854
-11842
-8833
-12518
-13534
-12050
-11199
-10160
-9595
-7682
-7163
-4909
-4916
-3251
-2711
-1969
1801
166
-118
-995
1697
4743
916
231
2040
739
2041
2749
1687
2631
9269
2694
570
6378
5372
11112
9919
6793
5642
7630
7270
7384
7995
4739
3697
1794
2347
2542
1024
1420
-1433
-2040
-3845
-4194
-4428
-6663
-4129
-6308
-6557
-7521
-8748
-9466
-10290
-10045
-10502
-9325
-12050
-13416
-16005
-12682
-8324
-6734
-4478
-5996
-4241
-3570
-2439
229
501
1216
5362
8025
9449
9794
9758
12181
15502
12611
12663
12341
13987
13074
4504
10076
10353
8492
5157
2739
3203
2741
91
1109
319
-4928
-938
-1987
85
961
-548
-1333
-3213
-2401
-3682
-4422
-4855
-6983
-5194
-11941
-12262
-6339
-11737
-11289
-13509
-15716
-14386
-15365
-15226
-13456
-10374
-11615
-5959
-2019
41
3350
7108
9362
7641
8799
8429
9822
12257
13638
12575
13452
12915
12659
10860
10148
5585
7910
9794
10049
-103
-2309
8695
6307
8940
5510
6196
3013
2810
3469
1978
241
1032
2417
-5351
-4377
-906
-3080
-4216
-5143
-8085
-8041
-9374
-10631
-11096
-10288
-9879
-10713
-6701
-6189
-8406
-8847
-5310
-3106
-5896
-6289
-3853
-3687
-1376
3764
2797
4713
4754
4656
3589
3825
9026
9268
5886
5761
8815
6465
7107
8897
8010
9372
7619
8537
6804
6410
8272
-673
3826
112
-1611
2651
-208
-1156
-2059
-3137
-3994
-4055
-6665
-6467
-7210
-6817
-9193
-5445
-1179
-4096
-6142
-4391
-1470
-686
-882
-1897
-3292
-4132
-3258
-4406
-5907
-6366
-6863
-9661
-9239
-8339
-7822
-6789
-5341
-5537
-4674
528
1402
2791
2631
2854
7828
9240
7802
9621
9662
10945
5254
4352
10234
7142
6812
5432
4671
3388
4303
-2854
-5617
-1544
-1355
644
-2627
-2512
1772
2948
-180
2078
1823
4045
5099
2856
4231
2330
2577
1672
2664
593
-3129
-489
-2501
-3472
-2722
-3752
-2409
-5368
-7418
-7754
-12753
-8993
-7169
-7097
-4660
-5938
-7483
-6331
744
-5476
-2161
4084
2333
4693
3407
5466
6622
6530
6524
3814
1157
4064
3181
-318
650
2981
8987
2724
6883
8413
987
9946
8858
10030
6680
6615
7034
3613
4252
1312
2089
1907
3509
751
1661
3671
2483
-737
-1081
-2232
-2955
-1108
-1374
-932
100
172
-3742
-1984
-9540
-11489
-7519
-10613
-9651
-11685
-9763
-10298
-13070
-9097
-7193
-8170
-7116
-5634
-6847
-2701
-3567
-3550
1533
4425
3562
1962
9429
6602
9547
9356
9771
9300
9613
9237
6807
9326
-661
7205
6845
6849
6140
3635
6780
4624
5679
4006
3332
3405
5661
5122
4073
-418
-1301
-6517
-4487
-874
-4512
-5389
-5692
-5333
-8336
-8358
-10363
-10637
-12283
-14705
-14637
-17571
-16171
-16654
-17869
-13675
-9999
-11647
-11056
-11060
-6406
2289
416
2593
4088
7032
3690
1926
9192
8173
11474
12862
12148
13460
10783
10989
9822
9787
8496
8481
4328
3286
8538
8720
14190
9835
3774
4417
5448
3416
3322
3459
1093
-29
-207
557
-2062
-4022
-3436
-7149
-9123
-9758
-11029
-10114
-10930
-11193
-12521
-8536
-9117
-13033
-10279
-9241
-7568
-8315
-8243
-3372
-6192
-4467
-1563
-1170
246
1455
5528
5677
8223
6502
7834
11568
12647
13844
13632
14545
14050
15148
14821
11981
10652
12731
10490
11409
9551
-1904
3462
3783
1288
2521
-271
-300
-1483
-1811
-4989
-4449
-5768
-6708
-8085
-8789
-5984
-5542
-8064
-8232
-5318
-4322
-714
-1313
-1794
-6115
-4385
-3922
-6984
-8769
-10066
-5977
-5223
-4463
-6618
-4595
-3840
-3244
-2059
-1787
-2751
-650
6600
3778
2216
7833
6707
9439
12000
10614
10986
10604
7934
5656
8182
7341
7755
5097
3977
2876
3147
-4292
-7044
-2577
-5228
-900
-5461
-3308
123
-5247
-1570
-1688
77
-2867
-1227
2463
-4031
370
-1243
-2445
-917
-1978
-414
-1233
-1241
-945
-441
-1303
-882
-1454
-3535
-2565
-7285
-11400
-5196
-5259
-4515
-3181
-7136
-5743
-2261
-194
2056
435
-2281
-313
1706
3109
1668
3628
4985
2659
1986
254
2424
2379
2823
5423
2974
185
4433
9192
-1390
-1386
8052
3751
1735
357
4380
7910
3014
5105
4650
3586
6977
4078
2967
2066
2979
4643
1623
-582
-5458
-132
3562
291
1384
-4717
-7574
-6783
-7566
-7880
-9529
-10935
-11886
-10906
-12937
-12453
-10236
-11887
-11125
-10527
-10214
-7929
-7497
-6581
-5407
-2780
1775
3402
4791
3582
6454
7994
7914
8177
8571
10907
9798
11381
10454
11175
6547
6547
11242
8922
9420
8429
9661
9147
7252
1575
4168
7949
4486
7762
4910
3463
3077
446
2100
1070
-2129
-2530
-2654
-2830
-4377
-6588
-11130
-16080
-15283
-15017
-16993
-18769
-17269
-17706
-16269
-13544
-9744
-12895
-14584
-5024
-3736
-77
2813
3874
3517
7277
9919
8966
8583
6542
12743
13632
12094
13025
13669
14865
15438
6626
9229
16452
12478
7196
7820
11616
10516
9611
5166
3765
1961
305
471
636
-3019
-2405
-1063
-1752
-4118
-8404
-8231
-10917
-10768
-12459
-13199
-11334
-12111
-12178
-13030
-12270
-12558
-12936
-9352
-7624
-7482
-8210
-7648
-7076
-5857
-4768
-2059
-2281
492
5389
3355
7975
9572
9274
6273
5793
11839
11045
12554
10283
10037
13819
14004
14599
14031
10231
9524
9258
8825
6646
-330
1939
2965
2018
1428
-2500
-2382
-2409
-3813
-6861
-11810
-11239
-10353
-9544
-10814
-8395
-9612
-11506
-2601
-5120
-3118
1250
-1674
-1919
-737
30
-2011
-2820
-2086
-2802
-4034
-3575
-3870
-8680
-7766
-2305
-2130
-2145
-2353
-4057
-1219
3408
2582
5114
4228
4795
7105
5056
4694
4573
4788
4262
2557
1344
899
915
-542
-828
153
288
-1152
-12188
-10584
-5955
-8173
-3905
-5307
-3564
-3977
78
3476
228
7076
5284
4221
4976
5731
6718
6113
5314
5674
4571
983
4585
5086
3914
4169
2066
-71
-1278
-6462
-5453
-4306
-7117
-7184
-6649
-6111
-3907
-6408
-7589
-3646
-5426
-2601
-1068
-1087
-672
-894
-527
-958
-580
259
-60
-2261
-2815
-2888
-200
1988
1849
2661
6300
6170
6433
4063
7113
10560
9865
11402
11110
11844
11780
9555
2617
6237
7265
5101
6046
4393
4321
4590
3718
-358
-1207
-2135
-1870
-2191
-3197
-5064
-8545
-8612
-9684
-9145
-10624
-11729
-13409
-16159
-16133
-18554
-16711
-16663
-16294
-17202
-15775
-10601
-10523
-9027
-7579
-2610
-1251
-2465
261
6592
7758
10413
16228
13484
15267
16501
19146
19686
12796
11474
14439
15386
8352
10389
13526
9384
10607
10132
8746
8528
3297
3462
5529
3071
4374
2953
1055
-62
-1780
-3136
-3515
-5563
-7827
-8737
-8520
-9610
-11448
-12413
-15376
-15877
-15247
-16148
-16848
-16781
-16490
-11868
-12092
-15504
-10596
-4668
-6076
-4833
1513
5856
8912
8630
11811
10444
8890
14657
16147
17651
18220
17528
16110
17549
16753
15067
13139
11385
9049
7036
11585
3412
4954
6159
3339
3562
779
946
-1683
-1827
-4319
-5657
-7108
-8255
-8976
-9644
-10977
-13067
-12859
-11236
-12617
-13763
-11553
-9303
-6454
-6939
-9726
-7857
-4269
-4132
-4037
-3007
173
540
-6618
-4275
359
-885
344
-504
1484
2217
5525
7068
7385
6059
6304
8262
8488
8642
6262
9753
9207
10294
9398
7375
6197
4630
1790
262
25
356
-4580
-6955
-5638
-6555
-3503
-7827
-6130
-6050
-4890
-5645
-7553
-4145
-2511
-1004
-2393
251
2625
6348
2775
105
3744
-1369
1483
4859
2530
5193
1593
1227
1093
1936
2387
-809
-339
-3102
-4964
-6797
-5228
-9938
-9467
-6032
-5169
-518
753
1901
-333
-743
-1709
-412
1438
935
-2229
-700
104
-2046
-896
-1132
-717
-1004
-648
-2233
-827
-2110
-3746
2512
6367
3716
5062
9380
10640
8601
7469
8135
8135
9026
10138
10761
8180
9432
8844
7141
6288
3973
5659
2974
413
1738
-1349
-3041
-6013
-9643
-8859
-10309
-10914
-11218
-12633
-15500
-15903
-16127
-13576
-14777
-16795
-12786
-12046
-9000
-8415
-8460
-6742
-4405
-2995
-3389
-1223
-72
1681
8678
8985
8200
12763
16190
9968
8964
16539
15307
14831
8414
9807
12445
11434
12375
10117
9941
10407
10885
9622
7608
5601
6244
4826
4298
537
-2296
-2339
-1940
-1653
-5079
-6733
-7876
-9888
-10286
-12336
-16659
-14556
-14111
-17736
-17337
-16639
-19341
-20237
-17134
-18379
-17059
-14979
-14953
-11682
-10002
-4033
2588
4925
-107
3970
10492
11633
15759
15302
15302
14882
16682
16590
15698
15932
16336
16147
16287
16959
13672
10863
10882
11187
8095
5892
2022
2105
2822
193
2084
-485
-2036
-5104
-7206
-7178
-7159
-6024
-12567
-9933
-9411
-14111
-12268
-13230
-13480
-11199
-11670
-11984
-12698
-10862
-9601
-5295
-1730
-11521
-7377
-2491
-3497
674
981
1438
2769
6294
8933
11815
12306
8669
8814
11978
12600
13868
13140
13717
15612
14362
11802
12025
8645
7068
8161
7042
6632
2500
-1287
-4942
-488
1209
-2705
-5951
-5313
-4888
-5810
-5301
-8175
-7829
-7697
-7596
-6534
-8030
-7068
-8121
-6528
-3928
-7177
-2521
-2708
-423
1484
-1141
645
1656
2074
1435
725
204
282
-1531
-3023
-4169
-3402
-1894
-1500
-879
791
1159
3801
4512
1674
90
1828
3507
2068
4064
3676
1588
3520
4552
3170
-259
-46
1310
-186
-2064
-2165
-5215
-6293
-2381
-1709
-1764
-4835
-2683
-3251
-4459
3386
1002
-1517
7693
6049
3435
8579
8067
6678
6931
7291
5636
5951
3676
3583
1141
-578
-2370
-4934
-5045
-4705
-5625
-7764
-8054
-12449
-14147
-12842
-12435
-12167
-9927
-13735
-9560
-5403
-6419
-3404
-5564
-2614
-1980
251
-2467
-1717
297
-758
1588
607
3304
3800
1465
-2501
2087
6165
4898
2560
3773
11134
9746
11402
9564
7968
9248
8913
12193
10269
9220
8770
8230
8403
7046
6113
2880
1114
1097
806
-284
-3928
-6272
-6075
-6210
-7255
-10494
-8799
-8265
-12074
-13953
-15486
-15484
-14998
-15559
-12355
-12856
-13415
-12738
-9717
-6255
-4579
1442
-4314
-5180
696
3663
7750
5496
4927
13681
14478
15669
18432
16010
18840
17432
17990
18135
17276
12585
12323
13265
11510
12787
9383
9712
9422
4784
2614
2579
-2656
-3406
-1530
-7504
-3835
1120
-5139
-4654
-8015
-8273
-5143
-7561
-8128
-11248
-13623
-12293
-13379
-14403
-13531
-14040
-13427
-18833
-17223
-14868
-14738
-13468
-10233
-8815
-8429
-2748
819
3850
5182
8081
8939
10566
12861
13359
13385
13468
14949
14792
13327
13273
11690
12504
12920
11262
11234
6902
928
1374
2151
2255
3919
3334
2141
-1298
1772
-398
-1750
453
-2985
-3343
-3466
-3882
-4836
-6377
-4884
-6554
-14495
-10552
-6616
-9601
-7113
-8214
-6584
-7218
-8559
-2006
-2015
-5422
-4284
-1862
-4639
-3013
-1931
-266
-2476
-2223
2760
1271
7693
7321
7812
9929
6983
11855
11382
5295
3400
658
1854
6849
8241
4133
4498
7762
4620
6833
7626
-616
-586
2155
1258
-863
-749
1965
-3638
-6204
-5806
-3138
-2803
-5869
-3827
-3014
-1396
69
-1324
-806
3786
2169
663
2939
1334
1511
788
809
-262
-938
-1300
-2462
-3908
-7162
-7748
-8249
-6755
-5531
-8446
-11215
-12989
-9290
-2853
-2009
338
-3084
-1072
-536
2120
6463
3714
6224
5626
4411
4939
5319
6679
4041
-1920
1044
1471
-63
-2156
-2821
766
67
3965
2998
339
6344
7184
7124
7519
5139
6433
6566
3929
3709
3757
4344
3660
1370
1534
896
-1718
-1820
-1074
-3420
-6161
-14396
-12454
-7065
-8884
-10794
-11745
-16389
-17774
-11677
-11755
-9098
-12751
-10664
-5454
-5330
-587
-2279
-2354
-4780
-2011
2357
-875
1246
1987
-9
2342
7820
7671
8259
6472
10441
15208
11360
12835
8275
9511
10127
10185
8977
8494
10263
7129
8153
6667
6404
4475
2904
1800
1337
-4095
-3275
-2582
-5492
-1161
-4323
-2656
-4195
-5088
-4673
-8560
-7592
-6979
-7308
-7495
-8537
-8214
-10621
-18738
-14965
-10379
-11942
-11094
-9662
-10423
-7898
-3224
924
3302
1764
4114
9516
10527
11668
13528
14529
14700
13799
13780
12560
13126
13657
13601
11668
11150
8327
4258
7203
4835
3132
504
-401
2328
2065
2044
1924
1227
1202
-452
348
1099
-912
-3153
-4745
-3122
-1817
-6160
-12436
-10125
-8416
-9560
-10865
-11137
-10155
-10598
-10230
-10304
-8861
-8254
-8213
-9126
-6364
-2915
-5874
-3380
-2173
-970
4473
5811
4658
5173
3580
7514
8454
9431
8878
9199
8497
5962
9645
-237
2066
3713
4871
5697
5213
3816
-1270
4116
3952
3525
1088
2294
1246
1874
628
-4513
-1786
-2779
-4084
-2822
-5044
-6575
-4504
-3471
-4729
-2930
-569
-3267
-2957
0
-870
-454
474
-1172
-2570
-3460
-4616
-5881
-6164
-6531
-5331
-4012
-5111
-4579
-5951
-6755
-1319
1716
475
-899
472
1482
4805
8781
7436
8132
8604
8751
9030
8638
8520
9156
11587
9825
4833
7159
-1141
-2640
300
-2155
-470
-1965
-5
-1019
-167
-534
685
1720
1682
3620
2430
3851
5368
3366
2081
16
571
666
-1470
-1513
-1989
-4216
-4580
-7034
-8285
-9029
-10308
-7903
-12921
-14210
-15476
-12321
-8862
-8678
-8582
-11546
-7195
-1631
-1226
365
1272
1880
3451
-1479
2230
4870
3962
4024
550
1990
1801
2931
3142
2852
3091
7279
10603
1603
3425
10244
9935
8889
6574
7795
7988
6206
5493
4489
2423
3821
2880
1198
769
1424
-1339
-4047
-1705
-2152
-5773
-10610
-9976
-5292
-4293
-5040
-4945
-8275
-6546
-6522
-6423
-7572
-8547
-9511
-15184
-8002
-6550
-8658
-7026
-7674
-3688
-3658
-2164
-996
-1145
-191
3033
6382
9913
9661
6627
14514
14879
13284
14240
13139
13600
14972
12250
11634
5283
3850
8917
5607
6313
-1339
3381
4066
1973
-49
-2982
-251
-861
-229
-282
388
-762
62
-3800
-3511
-2673
-2118
-1609
-9537
-5597
-4612
-8477
-8458
-11966
-12806
-15007
-14405
-14574
-14588
-14521
-13155
-8507
-9169
-5895
-6570
-1534
5203
3970
6515
7101
8998
10513
10310
10711
11587
13528
12722
12294
7965
4719
10783
10385
7212
9243
9483
7053
1560
4383
4193
1942
4087
1729
1822
3166
3125
7358
2995
-2960
1785
723
-812
-2505
-1644
-4130
-5270
-3652
-6964
-7276
-8614
-8150
-8552
-8607
-9114
-5755
-9179
-8811
-2754
-5293
-3574
-5092
-6418
-5950
-4555
-3296
-4073
-5527
-545
-843
-334
3795
1624
3283
3344
6584
4449
2427
4813
7347
6299
5552
4964
5259
9426
6415
6631
7750
906
-4055
-1645
2286
4080
-128
-1506
-107
667
-2310
-3509
-4404
-5257
-4356
-5318
-3979
-2512
-1153
-4920
3477
3578
-635
881
-1384
483
-24
-1016
-5617
-5252
-4648
-6828
-5487
-7400
-9004
-9525
-12257
