1490
1793
2283
1909
2124
2175
2885
3628
4087
3809
3472
3440
2760
3394
4057
3522
3910
4947
4282
4310
4439
5231
4156
4466
6152
5342
4242
3232
3598
2932
2441
834
-1247
-178
2123
3272
1771
1154
2235
1155
742
2471
2025
1403
2716
2669
915
422
952
-85
493
574
-296
4
-11
373
-341
-306
-1022
-872
-1082
-2037
-1464
-478
-2277
-3455
-1164
-2631
-3728
-1982
-2503
-3413
-2533
-3652
-3581
-3660
-4257
-3124
-4507
-5027
-4277
-4025
-3785
-4852
-4442
-3981
-3987
-4029
-4628
-4134
-3579
-5033
-4896
-4299
-5204
-3928
-5071
-3907
-3521
-2776
-2038
-3019
-2124
-1730
-289
-1013
-1144
-1150
141
113
-503
460
-448
695
719
709
1734
915
2267
2708
2455
2151
2124
2496
3311
2704
3331
3787
3349
4689
4568
5390
4156
4446
4991
4141
3442
2470
3083
4114
2508
2191
942
925
1541
1057
3751
1854
1034
1745
731
263
1675
1920
533
1476
1975
2487
2367
2466
1985
765
1269
896
1255
304
307
1092
10
364
-484
-349
-742
-139
-319
-555
-1347
-2582
-2668
-3066
-1533
-3560
-3336
-2780
-3453
-3284
-3060
-4503
-4244
-3654
-3708
-4163
-4309
-2732
-5167
-4731
-3526
-4032
-4914
-3136
-3235
-4204
-4817
-3673
-4547
-4777
-2515
-3893
-2862
-3970
-2748
-3134
-2817
-2050
-1933
-1793
-2159
-67
-88
-842
-1461
-1106
-729
37
-784
186
646
384
1118
661
-198
1084
2076
1208
2335
1475
1326
910
737
2026
1948
991
1152
2295
1620
2224
2045
2494
2284
1746
3272
2585
997
-475
-887
-1366
-1053
437
704
321
1297
1042
1609
2789
2050
2565
1064
-905
1908
1946
-174
-24
271
560
-640
902
989
279
-92
-1398
-150
-660
303
-442
-1532
-576
-1060
-476
-1261
-880
-2188
-2280
-181
-731
-2058
-2014
-1956
-1971
-972
-1181
-2166
-2188
-1468
-1972
-1677
-2888
-3076
-2258
-2745
-1653
-969
-1855
-1896
-1117
-1446
-686
-885
-2006
-1171
-1524
-840
-826
-1669
-1501
265
1116
-479
579
768
760
1383
1444
1110
916
2222
2632
1157
2863
2895
1679
3243
3272
3298
3049
3926
3188
3102
2976
3180
3484
2847
3962
3430
2609
2219
3406
3599
3965
4245
3046
2713
3478
3616
3779
3116
1878
598
451
37
-1089
-375
-899
946
672
323
539
1058
1423
-105
-589
-1331
-1469
-3005
-1825
-2147
-3149
-2525
-3009
-2875
-2653
-2076
-1789
-1887
-1589
-2230
-2716
-3251
-3856
-3617
-3910
-3314
-4147
-4005
-4977
-3605
-3500
-4687
-3757
-3203
-4192
-4141
-3311
-5112
-3554
-4486
-3777
-4522
-3827
-2613
-3640
-2937
-4547
-3332
-3801
-4791
-4124
-3080
-2471
-2509
-2023
-2948
-2366
-1289
-1256
-2081
155
-1781
-1555
632
-1253
168
-14
731
750
1124
1814
1339
1283
1723
802
1662
1452
1869
2740
1950
3313
3004
1816
3317
4062
2882
3120
3264
3184
2451
3476
3478
3586
3210
4122
4613
4024
4104
3321
3911
3895
4229
4631
4406
3700
3508
2094
986
1131
1105
1362
1466
2424
3116
1774
3093
4469
3686
2304
1705
1050
603
543
-1067
-274
-726
-89
418
742
761
-421
-780
-893
-69
10
-829
-949
-1080
-1168
-1239
-2265
-1602
-2432
-2914
-2740
-2705
-3428
-3643
-2945
-3719
-3668
-3318
-4629
-4105
-3721
-4691
-3628
-3942
-3676
-4331
-4132
-2704
-3253
-2912
-3966
-5061
-3664
-2988
-2403
-4077
-4263
-3220
-4289
-4175
-3494
-2712
-2708
-2312
-1508
-1445
-383
430
234
576
505
1308
218
1132
1435
1153
759
1740
2484
2241
2811
1120
3380
3161
3302
2782
2879
2670
3003
3928
3010
4403
4661
3893
3646
4743
4663
4377
4607
5555
5065
5712
5393
3460
2741
3379
1748
1365
2256
1687
2190
2610
3345
2661
3049
2275
2451
1383
1938
2169
1092
2683
1896
429
543
1377
530
1168
1557
185
-61
148
201
353
756
73
-1382
-682
-164
-611
35
-109
-815
-648
-347
-695
-1412
-1691
-2099
-1989
-1872
-2146
-2544
-2422
-2488
-2189
-1903
-2181
-2107
-2592
-3016
-2033
-2808
-3130
-2502
-3358
-2106
-3332
-3195
-3016
-2780
-2553
-3251
-3051
-3547
-2069
-2053
-2936
-3355
-2105
-1902
-2415
-954
-831
-2123
-2742
-1973
-521
-1610
-2491
-1069
-1574
-389
-74
-545
386
328
984
803
-361
437
1115
734
1164
-112
669
1368
1698
2415
2123
1410
2164
4233
3230
3502
3139
2932
3268
3142
2709
1800
1436
979
1854
1466
2458
2399
2026
3874
3273
1967
2040
1930
544
1060
2238
2544
2321
2484
2790
2392
729
921
921
1292
2060
1354
1819
706
765
87
450
286
373
1200
307
516
-68
682
54
-1074
-827
-146
-569
-2686
-2674
-2690
-2662
-2880
-2999
-2758
-2333
-2373
-2034
-1853
-2198
-803
-1555
-1098
-983
-711
-969
-2406
-1471
-2237
-1781
-1426
-1780
-1494
-2244
-1427
-484
-1051
-768
604
1770
968
381
1348
428
812
2310
1627
1689
3120
2757
2287
2865
2403
2842
3341
2995
2787
2593
2205
2276
2118
2773
3260
2611
2787
2183
2323
3171
2717
1959
2790
3019
2868
3075
2692
2005
1124
863
552
-93
-659
179
15
183
77
-701
543
-107
385
1103
190
161
-5
283
371
-404
-561
-1309
-2284
-1791
-1564
-1722
-2449
-1377
-1612
-2276
-2760
-1892
-1897
-2474
-1103
-1909
-1734
-1934
-2690
-1632
-2983
-2932
-1710
-2988
-2912
-4590
-1665
-1998
-3481
-2356
-1515
-2370
-2770
-1383
-2781
-2871
-2664
-694
-1906
-1907
-1647
-1977
-2340
-3263
-2620
-2393
-1319
-1996
-2251
-1524
-1980
-1715
-1384
-1110
-148
872
158
638
1280
1119
1359
2292
1400
1323
2453
1699
1771
1922
1797
2112
2667
2769
3391
3437
3605
2990
3968
3198
3158
3330
4075
4351
3805
3604
3344
3831
3994
4700
3509
4131
3757
4073
4386
5010
4476
3507
4323
4170
1543
1007
1562
141
39
882
1090
157
982
1987
2118
544
744
1514
1005
356
595
500
-923
-1097
-1527
-2100
-2230
-2117
-1949
-3067
-3070
-2090
-3543
-3910
-3345
-2278
-1941
-3137
-2133
-3504
-3605
-2532
-2773
-3156
-3000
-2939
-3797
-2831
-3574
-4236
-3851
-4055
-4023
-3108
-4987
-4054
-3271
-3665
-2797
-2696
-1901
-2064
-2699
-2465
-2608
-2974
-2122
-2645
-2296
-2128
-2233
-2381
-1021
-2227
-1407
-569
-250
-204
-260
1513
999
1343
904
2998
2900
1281
2370
2321
1830
2373
1530
3306
2831
2248
2989
2967
3016
2252
3154
2595
3449
4150
3360
2526
3794
3419
2984
4065
4809
3540
3366
4167
3478
3432
3299
3966
3373
3107
3093
3683
2637
1492
303
-84
259
-262
1042
2109
1739
1786
1614
848
1004
1000
1470
1178
1651
721
918
188
-386
773
-351
-410
-427
-572
-1298
-966
-1101
-1327
-1180
-493
-1661
-2088
-589
-2059
-2007
-1401
-1393
-2600
-1730
-2156
-3391
-1695
-3220
-3805
-4246
-3500
-4285
-4029
-3498
-5180
-3925
-3314
-3597
-3985
-4254
-4084
-4067
-4325
-4115
-4394
-4238
-4596
-4418
-4453
-3980
-4567
-3210
-3577
-4487
-3639
-2449
-2430
-3494
-2393
-2063
-348
-1090
-1417
-1984
-777
231
-99
-503
1154
906
962
1897
187
1636
1711
1856
1536
1656
1618
1447
1737
2380
2681
1880
2479
3844
3075
2985
3311
2737
3314
2992
3852
4405
3190
3569
4855
4402
4481
5820
4617
2978
3143
1299
597
1779
2086
3116
2701
3525
3922
1824
2853
2102
652
2110
2710
3172
2198
1714
1996
2065
1036
-331
-250
-769
353
339
-974
-1643
-15
563
-143
833
980
866
-163
301
165
-367
-1215
-138
582
-1528
-1503
-59
-2008
-2037
-631
-1847
-1662
-2845
-1502
-1866
-2308
-1099
-1754
-1523
-1570
-1509
-1566
-2324
-2737
-2238
-1820
-2300
-2060
-2584
-1799
-1436
-767
214
-1222
-420
-297
-29
-384
959
598
-611
-551
-58
1129
-50
445
-128
-354
1350
1164
730
1119
828
1263
967
1307
1292
1389
2559
1753
1164
1016
931
973
2419
2901
2055
2315
1886
1554
3031
3936
2785
2413
3810
3227
2357
3034
1312
272
1364
2116
1175
488
1188
664
483
1464
1423
423
287
1066
1595
540
987
1214
549
475
970
844
-269
-20
-292
-620
-685
-1003
-1568
-1260
-1940
-2221
-1303
-1991
-1721
-1386
-1299
-1426
-1683
-1914
-2767
-2133
-1850
-2005
-2697
-2506
-2420
-3049
-2522
-1953
-1955
-2284
-2157
-1746
-2186
-3050
-2112
-3204
-3040
-2293
-2764
-2295
-3696
-3281
-2824
-2054
-1817
-2042
-1688
-1425
-1654
-2061
-931
-1982
-1190
-953
-216
-118
37
1022
168
1445
974
336
2072
2345
1370
2072
2574
1471
2126
2893
2499
2809
2563
2436
1847
2634
3002
2852
3208
2837
2498
3258
2705
2017
2753
2619
2764
3085
3571
2714
2311
3512
2747
3033
3548
2603
1959
1096
1039
-528
-357
-751
-911
27
-370
-610
-553
-74
-981
-483
356
-1577
-2117
-1450
-1963
-919
-1102
-2420
-3607
-2927
-2270
-2465
-2341
-1714
-1156
-2300
-2023
-1762
-1942
-3493
-2994
-1724
-1913
-2754
-1996
-1986
-3614
-3013
-3147
-2192
-2070
-1420
-2436
-2029
-1678
-2552
-2281
-1857
-1737
-2214
-827
-2034
-1392
-1513
-1648
-1352
-1122
-2380
-1591
-1084
-2798
-1442
-1458
-1339
-1339
-737
-1457
555
406
-202
1294
718
1198
2026
1612
1987
1989
1353
2473
1375
1317
2941
2170
2059
2691
2713
2645
2955
2855
1906
3372
2385
3429
3138
2913
3649
3765
4328
2964
4808
4401
4105
3844
3861
4097
3865
4217
3293
3308
3577
3034
4239
3254
2424
2446
814
694
509
11
488
1121
205
854
51
1160
899
14
845
526
544
-551
-1368
-1025
-425
-1843
-675
-2169
-2426
-1422
-1706
-1844
-2873
-2449
-2634
-2963
-2143
-1417
-2661
-3194
-2732
-2860
-3423
-3703
-3607
-3496
-3899
-4114
-4486
-4526
-4890
-5257
-5720
-4252
-3806
-3790
-4548
-5487
-5590
-4675
-4999
-5698
-4241
-5007
-4174
-3728
-4418
-5078
-3525
-2836
-2711
-3744
-4390
-2210
-2225
-2367
-1743
-2218
-1703
-1744
-1579
-1352
-231
758
-560
-394
-66
1787
1639
961
847
1801
2688
1938
2520
2738
2797
1989
2796
2617
2187
2484
2786
3465
2424
3184
2890
3585
3666
3288
3858
2919
3797
3752
3940
3854
4746
4666
3348
4428
3604
4868
5128
3439
4023
2376
1803
1423
398
638
699
1456
526
904
984
-73
1539
1319
1081
1071
942
690
1137
840
-382
131
439
111
-146
577
-179
-201
-1136
-494
-1696
-566
371
-1168
48
-1571
-447
-59
-95
-1549
-1665
-1557
-2126
-1949
-2489
-3181
-2197
-2725
-3118
-2150
-3506
-2595
-3217
-2100
-3666
-2797
-2456
-3643
-2124
-2881
-3130
-3844
-2946
-3973
-3619
-3297
-3635
-2720
-2707
-3513
-3176
-2117
-2457
-2551
-3332
-1725
-1492
-3042
-2945
-1627
-719
-1756
-1396
-660
-389
-783
-727
150
802
-45
712
1362
630
1160
1784
1652
871
2139
2151
2965
3111
1819
2094
2236
2648
3258
2958
2254
2065
3006
3224
3064
4234
3947
3140
3792
4056
3446
4396
2663
220
620
1733
1801
1367
1694
1151
687
1807
2120
1219
1942
1677
1464
1751
877
570
615
817
535
1062
982
-522
682
604
-124
102
-304
-194
-1070
-687
-380
-453
-821
-383
63
-1350
-1632
-1313
-1758
-2046
-1052
-533
-1383
-3275
-2099
-2490
-2347
-1920
-1898
-1734
-3341
-1772
-2211
-3004
-3166
-2702
-2927
-3280
-3171
-2822
-3814
-4049
-3963
-2639
-1906
-3699
-2433
-2386
-2200
-2282
-2460
-1419
-1638
-1832
-860
-1344
-1366
-436
-1854
-1207
28
-1251
-410
-146
-436
-540
173
-1450
-930
381
-264
638
-278
147
190
1342
1546
1120
1198
1495
1663
747
639
989
807
682
1251
2160
1706
1322
2673
1721
1749
2112
2391
2235
1116
915
797
-22
-305
359
190
-35
-880
1031
1768
659
1563
1404
-92
322
826
204
0
320
865
177
388
-135
266
440
297
177
-109
-320
-941
1211
-78
-985
-577
-538
-1298
-1193
-868
-686
-629
-2021
-636
-1587
-1031
-1612
-1519
-1115
-1097
-1709
-1195
-838
-1357
-1121
-1428
-1361
-1977
-257
-2332
-1629
-725
-969
-1421
-2312
-1760
-2504
-2064
-1491
-1500
-1417
-746
-1148
-2121
-1
-68
-168
731
930
1609
888
1162
1577
811
290
1420
1319
2211
1484
1185
2189
2992
2535
3052
3268
2603
3767
3096
3084
2751
2472
3264
3181
3480
2974
3129
3391
1989
3311
3911
3014
2624
3702
2297
2641
3930
3233
2539
2414
4173
3342
2890
2213
1901
2116
1750
786
223
-154
-588
866
357
-366
-326
-103
-912
-743
-1158
-1064
-1208
-2206
-1517
-2583
-2021
-2527
-2159
-2994
-2472
-2048
-1621
-1585
-2825
-1317
-1500
-1152
-1699
-2150
-1486
-1576
-2024
-1609
-1817
-2519
-2388
-2238
-2420
-2126
-2097
-1756
-3011
-2242
-2623
-2529
-1564
-3002
-1531
-2519
-2728
-1430
-2256
-2196
-1250
-2014
-1784
-1066
-693
-2622
-1103
-251
-1033
-67
-1810
-1157
-382
-303
-632
1009
-196
-21
633
789
2167
1320
1678
1836
2071
1346
2382
2901
2472
2809
2679
2939
3002
2230
2135
3231
2762
3355
3748
2739
3957
4394
3359
3308
3544
3497
4184
4442
4635
3810
4593
5389
5537
5946
4950
5092
5234
5589
5048
5974
5183
3763
4604
2354
1292
2731
2464
1589
1279
1501
1663
947
1248
1681
1209
1170
933
518
341
81
349
334
75
-471
267
60
-324
554
308
191
-527
-950
-757
136
-1416
-582
-1637
-2494
-924
-642
-763
-1927
-2570
-2569
-2483
-3113
-1724
-3199
-2495
-3349
-3162
-2812
-3581
-3225
-3535
-3091
-3933
-4552
-4478
-4327
-4226
-3073
-3747
-4138
-4454
-3054
-3339
-2969
-2812
-3134
-2898
-2438
-1846
-1980
-1652
-1706
-37
-942
-544
-77
517
39
-819
662
1545
962
323
1090
1235
1778
1676
2455
2637
2551
2973
2443
1552
3204
3588
2109
3294
3836
3726
3690
4031
3970
3398
3034
3734
4128
3601
2958
3163
4191
3324
3952
4546
3637
3413
3140
3752
3809
3189
2911
3221
2234
2267
1658
1023
704
253
1460
1705
1147
1933
2385
2280
3090
1987
2031
641
510
258
-235
-566
-1184
-263
-533
-1522
-1465
-998
-1657
-905
-630
-52
-1004
-34
-410
-1336
-968
-138
-33
-1435
-1185
-1885
-1395
-1842
-545
-1492
-1257
-1357
-2348
-1070
-2588
-2311
-3092
-3764
-2667
-2515
-2984
-3733
-4053
-2911
-3314
-2919
-3530
-2957
-3456
-3411
-2579
-3264
-2825
-4111
-2491
-3664
-3355
-3483
-3052
-2983
-3191
-1923
-1882
-1598
-2113
-1793
-2506
-2627
-2036
-164
-1954
-2076
-1280
-683
-224
-2685
-624
41
-1403
-372
214
-555
-464
87
-244
-48
499
1384
1619
1205
807
1873
1876
1697
1932
2493
2204
2295
2618
1761
2496
2240
3988
3312
2773
2311
2726
836
-208
1596
-528
507
1012
406
1034
2474
1265
1875
2104
1770
2988
2617
2024
967
1081
728
278
918
267
-1296
-1636
-622
169
-250
-73
552
1311
266
545
690
113
165
35
52
-625
-1243
-771
-1110
-1752
-1397
-1257
-636
-1175
-1043
-788
-2134
-2067
-1314
-1650
-2394
-2501
-1619
-2864
-2169
-3166
-1888
-1928
-2961
-2038
-2490
-1742
-3385
-1712
-2557
-1769
-1100
-1349
-478
-1111
-413
-635
-827
-1237
251
805
-761
945
1580
608
209
942
917
-331
655
1153
2299
1591
1653
2480
1931
803
2440
3278
1676
1723
2714
3179
1894
2460
2243
2257
2254
2166
2913
1697
1123
2268
2109
2365
2131
2114
1636
618
1209
2215
1881
437
286
-226
-625
-1185
-1185
-1136
-845
-1476
-622
73
-1136
-975
-669
-864
-1421
-1109
-1022
-1707
-1013
-1377
-2242
-1727
-2939
-2103
-2473
-3250
-2717
-1919
-2788
-2759
-2206
-1309
-1177
-1522
-1443
-2449
-1982
-2404
-1574
-2764
-1964
-2491
-2506
-2975
-2947
-3599
-4001
-3588
-2844
-2648
-3369
-1333
-3156
-2786
-2436
-2192
-2452
-2767
-2522
-1834
-1973
-1256
-2097
-1007
-1551
-1859
-863
-1252
118
-975
-2151
-889
-387
-1676
208
-1146
47
-1152
140
760
-433
62
-323
425
661
1248
243
1070
1365
2292
1969
1581
1256
2003
2353
2343
2321
2769
2430
1779
2518
3129
3133
3178
3598
2975
3179
3029
2906
2285
2178
2640
2618
3336
3479
2435
2604
2680
3322
3638
2741
2320
2115
1739
678
239
125
-19
-89
-65
579
945
-306
-17
-321
-1503
-309
-524
-491
-746
-657
-666
-1330
-1129
-1887
-2751
-2153
-1308
-1836
-2588
-3311
-2668
-1944
-1849
-3199
-2819
-2699
-3513
-2873
-2569
-1637
-3010
-3454
-3030
-3356
-3328
-3269
-3249
-3721
-3025
-4215
-3102
-2383
-3727
-2853
-3025
-3032
-3204
-2363
-3118
-2878
-1839
-2145
-2003
-1723
-1808
-2327
-1275
-2221
-805
-1424
-2238
-1678
-1963
89
-801
-179
-687
-736
-69
1010
-65
-190
708
-492
901
1181
1099
1519
705
-127
1709
2278
2973
1721
2706
3499
3584
2798
3142
3645
2312
3997
3550
3566
3132
4052
3429
3388
3506
3961
4607
3588
3827
3915
4752
5076
4644
4944
4277
4113
5634
4706
3813
4045
3074
3485
3434
1823
1929
2371
2451
1619
1572
929
1181
2244
1883
1516
1563
496
43
1684
1108
1208
730
-1973
-2004
181
-77
194
1487
454
426
271
220
297
-388
-1030
-598
-1068
-2004
-1238
-1636
-2437
-2811
-2901
-2465
-3094
-3381
-2463
-3039
-3743
-3200
-3373
-4358
-4248
-4892
-3506
-3970
-4624
-4581
-5204
-3556
-4153
-3675
-3433
-3925
-3850
-3454
-3363
-4170
-3591
-3447
-3461
-2611
-2325
-2924
-3619
-3396
-2619
-1750
-1855
-1390
-991
-1549
-1344
-243
-523
-1062
285
-562
-224
-58
-169
1021
-60
809
1847
2045
2144
2355
2608
2134
2487
2856
2725
2772
2807
3483
3003
3410
3626
3360
3423
3259
4244
4153
4876
3426
3975
4723
3787
4042
3830
3235
2633
2284
2384
2355
1430
1455
1544
1499
1037
2644
2870
1630
1429
1551
1806
1103
1781
2628
1238
1061
1347
554
-7
-875
572
528
368
1498
451
-1095
-322
212
85
1168
306
411
624
1034
455
411
322
-265
525
-292
-16
-1503
-1166
-224
-1529
-953
-394
-608
-1603
-874
-1481
-2177
-1362
-1837
-1727
-2342
-1701
-1877
-1688
-1897
-2816
-1814
-1673
-2489
-2678
-1621
-2046
-2696
-2239
-979
-1779
-1620
-2162
-1063
299
-1025
-653
-439
-768
-471
165
111
-627
-773
-93
-446
997
897
446
1238
1579
-138
1003
1390
804
1656
1694
3070
1952
1607
1554
1353
1633
2452
3267
2910
2823
2513
2710
3571
3386
4222
3453
3683
3347
3116
3506
2869
2888
1816
1474
978
985
92
-128
388
766
165
412
53
440
2093
1162
419
500
1134
819
496
-610
-1326
-1337
-1876
-1935
-962
17
-1152
-1890
-949
-1645
-484
691
-655
-181
-1500
-1579
-1188
-1707
-2555
-2533
-2430
-2988
-2756
-2833
-1659
-2071
-2431
-2608
-3537
-2280
-2090
-2741
-3117
-3034
-3160
-2886
-2090
-3754
-2930
-2578
-2225
-2645
-2477
-3649
-3312
-2495
-1884
-1282
-1202
-1367
-2030
-507
-3046
-303
-681
-352
668
-1014
-133
170
1165
183
-323
1292
1894
1563
2557
2307
1757
2007
2745
2653
2146
2463
2825
3834
3801
2647
3385
3240
3282
3155
3942
4312
3060
3161
3096
4160
3747
3573
3871
3818
3761
2663
4291
3777
3456
3184
3366
4955
2585
2741
2453
485
-337
1335
678
-613
899
653
442
-236
-112
26
241
567
647
445
-953
-1895
-1071
-1389
-1904
-903
-450
-1226
-1126
-888
-1819
-1582
-1280
-1473
-2649
-2600
-2054
-2077
-1608
-2312
-3449
-947
-1780
-1900
-2079
-2691
-2162
-3370
-1502
-2363
-1877
-2356
-1287
-1648
-1795
-1820
-1529
-1634
-3245
-1491
-1414
-1452
-1601
-1892
-1882
-1140
-1687
-874
-1987
-2529
-1340
-1108
-1980
-1090
-2087
-1595
-721
-1070
36
-1057
-970
-1075
371
-470
-10
873
831
405
1301
1014
1286
2009
1182
2795
3298
2857
2281
3133
2845
2933
2710
3262
3097
2889
2761
2447
3652
3417
3251
3285
2754
2795
3341
3786
3532
2831
3732
4438
3517
3259
4608
4240
3562
3592
4359
4141
3001
3362
3746
1860
1155
2023
1783
1252
1358
1635
805
932
907
442
561
497
3
882
-827
-1333
-699
-496
108
152
-95
-154
0
688
-526
-2066
-1277
-1765
-501
-1620
-917
-892
-1632
-3120
-2129
-2810
-2924
-2699
-3476
-2823
-4729
-2380
-3670
-3249
-3636
-3094
-3599
-3557
-2836
-4627
-4344
-3543
-3902
-4178
-3655
-3771
-3408
-3576
-2492
-4009
-3201
-3550
-3608
-3522
-3584
-2578
-3271
-2520
-3508
-3433
-2270
-2083
-2352
-3158
-2594
-1525
-945
-745
-1524
-1059
181
647
1234
445
1903
1650
-829
1264
1913
1525
2035
2599
1963
3114
2841
1999
1988
1870
2401
1857
2712
3284
1498
2329
3137
1842
3633
3532
3739
2698
3828
4592
3787
4209
3649
3845
3983
4802
5030
4449
2990
2647
3257
2793
2852
2086
1471
1595
1333
2112
1345
1561
479
901
1094
1226
1831
1158
1412
751
384
325
866
454
879
918
1564
591
440
5
-292
893
18
605
770
-502
-339
320
-966
-1836
-1439
-2121
-1621
-486
-1926
-2024
-2102
-1988
-2400
-2607
-2504
-1585
-1431
-2156
-1907
-1917
-1604
-1633
-2438
-2695
-2484
-2168
-1769
-1606
-1756
-3659
-1503
-1914
-1974
-2891
-2016
-2448
-3375
-1558
-2639
-792
-2086
-270
-863
-1567
379
563
-675
-1652
-229
-166
421
1288
-30
-98
365
-8
654
1211
1124
843
1441
1225
2024
1878
2133
2690
2355
2312
2033
1850
1369
1637
1728
1842
2069
2344
2628
1642
2289
2828
2303
1542
2734
3369
3036
3318
2230
2830
2153
1373
1367
1301
1545
866
513
997
36
72
-278
-1171
-578
-1271
-1823
-712
-727
-1895
47
398
-587
-358
-580
-393
614
625
-984
-579
-884
-1067
-83
-100
-814
-833
-578
-1247
-1118
-877
-974
-1598
-1742
-1631
-1604
-1997
-1028
-1497
-2987
-2590
-2182
-1476
-2661
-1961
-2437
-2876
-2560
-2442
-2365
-3693
-2629
-3705
-3406
-3085
-2733
-3021
-3497
-3663
-3986
-3160
-3085
-2704
-2495
-2565
-2230
-365
-2329
-1631
-1506
-1677
-1007
-1109
560
-676
-979
-616
-206
69
259
-276
-649
375
407
705
889
228
1362
1241
2271
1930
1865
2987
2600
2656
2879
2869
2768
3618
3398
4679
4008
3885
3456
3327
3445
3252
3226
3696
4034
3130
3498
2763
3614
3132
2849
3188
2386
1967
2034
2301
1207
282
1075
1256
742
353
-386
-659
-563
-453
-609
-959
-784
-737
-565
-1011
48
560
250
36
-880
-53
-472
-931
-2231
-2004
-1171
-767
-374
-457
-1190
-1690
213
160
182
-961
-1116
-1018
-2668
-2374
-2134
-3714
-3493
-3023
-3690
-2211
-2969
-3063
-3036
-3035
-3175
-2376
-2151
-2942
-2628
-3307
-3108
-1977
-2239
-1895
-1153
-2204
-679
-730
-232
72
-1363
-1248
-172
906
585
981
1389
1741
2409
1783
1271
1949
2994
2313
1893
2869
2944
2017
2030
3080
3302
3256
2625
3039
3673
2532
3869
4552
3675
3836
4842
5669
4214
4519
3878
3831
4412
5016
5160
4206
4892
4773
5035
4331
4758
4646
4144
4035
3334
4178
3861
3024
2460
3243
2049
1849
1121
1126
867
-1481
-284
130
221
-504
-852
-571
-330
-972
-277
-866
-1565
-1453
-663
-1058
-2925
-2297
-3150
-2109
-2094
-928
-345
-954
-613
-715
-1430
-1792
-1360
-2312
-2638
-3781
-2858
-2716
-2849
-2992
-3098
-2723
-3432
-3083
-3877
-3572
-3492
-4591
-3663
-4238
-3885
-4027
-3912
-3460
-3639
-3107
-5061
-3760
-3493
-4654
-3115
-2477
-4392
-3016
-1280
-2218
-2546
-2797
-2559
-1039
-1824
-1697
-596
-290
-1021
-1764
450
-1342
-1758
-1366
-1447
-1634
758
268
-577
168
580
464
73
1251
1063
1320
879
2725
1932
1725
2600
2593
1978
3468
3333
3254
3275
3251
4424
3028
3530
3482
3379
3756
4124
3420
4147
4296
3874
3743
3260
4091
4399
4144
3713
3242
1977
2311
2996
1585
194
356
1473
1134
911
243
283
-338
61
1065
468
482
797
335
790
677
-589
76
-1527
-67
21
-1334
-739
-280
184
-680
-676
212
183
-401
-1133
-1764
-1502
-1785
-1633
-1215
-1922
-2189
-2082
-1959
-2178
-2716
-2593
-3949
-2796
-2967
-3838
-3678
-4060
-4248
-3757
-3649
-3677
-4217
-3596
-3101
-3262
-3222
-4397
-2888
-3640
-2734
-2987
-3766
-3210
-3284
-2968
-3338
-2627
-1474
-3162
-1856
-912
-2024
-559
-761
-780
-1492
-300
-200
-269
1224
693
-600
-25
869
962
1232
1481
1390
1259
1085
1187
1912
1936
1996
1931
1934
3317
3644
2924
3566
3019
3059
3685
3428
2196
1961
2911
2595
2709
1923
1922
2097
2410
3102
2815
1900
1632
856
960
1601
1114
931
463
580
-634
92
-766
-451
245
242
956
871
1668
1050
627
577
530
259
871
-564
-1207
-190
-332
-700
-219
-65
-314
192
175
190
-64
-943
-930
-1326
-1396
-1489
-2364
-3407
-2402
-2530
-3271
-1600
-2242
-2175
-2723
-2781
-2914
-2239
-3273
-3715
-2556
-2433
-2621
-3637
-3260
-2826
-2817
-4133
-3286
-2921
-3917
-3647
-3257
-3172
-3305
-3203
-2769
-3875
-2886
-3015
-1928
-1280
-2714
-1504
-990
-649
-1093
-862
-1773
-1278
106
-400
-854
445
23
-315
836
-96
57
1243
1629
486
1146
1823
675
736
1532
2264
3080
2575
1489
1825
1793
2378
3281
3266
1506
2659
3467
2819
3416
3341
3480
2992
3483
2594
2510
2628
1533
1154
1100
229
1155
210
-207
1398
-478
-582
535
725
326
-364
712
1124
1155
1649
906
495
460
715
813
305
-1300
-141
-224
391
800
-120
53
-129
-1138
-1830
-988
-677
-1248
-762
-1100
-2244
-480
-2669
-2039
-2265
-2051
-1572
-1725
-1307
-2133
-1513
-2244
-2124
-2561
-1387
-1742
-2483
-2147
-1549
-1418
-1627
-1347
-1592
-1545
-1144
-1679
-2250
-2226
-1153
-1243
-2387
-2287
-1929
-1595
-1375
-548
-1154
-630
544
224
-536
1243
1623
-42
596
1200
1160
1407
1957
1581
1566
2111
2341
2564
3398
2521
2722
3359
3326
3936
3844
3619
3080
4905
4811
4486
3626
3777
4119
3758
5124
3674
3732
3568
4283
4119
3821
4595
3959
3907
3969
4273
3381
3071
3651
2601
1504
2598
2652
1470
961
1302
1052
1001
1120
331
420
559
433
-3
-376
-1979
-1995
-1305
-1551
-1127
-1068
-3158
-1990
-576
-1742
-606
-471
-1814
-2302
-1906
-2668
-1922
-3273
-2127
-2323
-2010
-3475
-3623
-1988
-3779
-3340
-3148
-2309
-2824
-2833
-4790
-3549
-3708
-2744
-2680
-2712
-3366
-4019
-3302
-3551
-4642
-5062
-4679
-5643
-2512
-3978
-4391
-4652
-3807
-3234
-3088
-4285
-3740
-1952
-2161
-564
-67
-360
-1216
542
831
-193
-271
925
-413
169
1079
449
987
1344
1139
689
1768
1266
1819
2439
2216
3007
3574
4112
3841
3645
3612
3388
4331
4460
3556
3895
4191
4072
4114
4119
4186
3546
3729
3771
4289
4755
4163
3776
3884
4124
4568
4056
3226
2165
774
1107
1716
933
131
150
1082
1637
897
1600
63
-215
818
998
898
1652
1128
-394
1135
683
-517
-881
-1879
-1645
-1383
-821
213
-850
-714
-902
-994
-559
-663
-1453
-1397
-1563
-2862
-3153
-2948
-3031
-2576
-2416
-3097
-2121
-1843
-2783
-2843
-2471
-2615
-2579
-3491
-4169
-4453
-3703
-2937
-3630
-4482
-3396
-4317
-4171
-2421
-4612
-3764
-4253
-4313
-3625
-3896
-2763
-4183
-3768
-3428
-3181
-3057
-2426
-1993
-3687
-2986
-1976
-774
-1635
-2269
-510
-1258
-1285
-206
39
-507
-1659
-531
58
-69
-342
-1033
-1279
-329
209
311
397
106
673
1008
1855
2270
1874
1081
1741
2796
2789
2290
2321
2620
2794
3105
3285
2912
2390
2471
2539
2326
2165
1236
1460
1142
315
1201
161
737
619
-628
-820
154
515
-381
-294
955
1396
1024
2494
1573
-178
-629
-1063
-642
-311
-468
-695
-449
110
-127
264
-1042
-56
357
13
-1104
-1547
-1172
-2636
-1827
-2665
-1959
-2434
-2022
-2693
-3325
-2988
-3009
-2601
-3020
-2661
-2338
-1655
-3472
-3897
-3598
-3754
-3138
-2819
-3629
-4186
-3833
-3877
-3265
-3031
-3436
-3918
-3838
-4164
-3638
-2974
-3097
-4343
-4036
-2255
-3017
-3121
-2409
-1559
-2344
-1986
-1543
-180
292
-2072
-2152
87
859
-775
-377
-713
-304
427
948
539
209
845
837
666
1420
1241
734
1626
1475
2005
1470
2145
1986
2624
2821
2258
2317
2217
1376
670
2272
2253
2846
2273
3210
3148
3460
3040
923
1185
1150
-456
-1161
-546
-1451
-991
-1267
-1774
-2189
-1060
-1322
-1212
-977
-1047
-373
-394
-329
-481
-399
-617
-150
-1089
-1215
-512
85
-270
1411
1128
-1
1535
1072
935
1811
1256
482
-1314
-1603
-762
-811
273
-165
205
20
-1665
-1087
-515
-1586
-511
-342
-737
-819
-1435
-1303
-1865
-1144
-582
-1404
-879
-1163
-1235
-734
-188
-950
-1572
-2291
-438
27
-1341
-535
-340
885
-234
1636
1087
99
200
242
606
1553
2153
1254
906
1280
1379
1890
2388
927
1432
1412
1920
2398
2592
1942
2854
2687
3583
3108
2857
3234
2826
3715
3795
3565
2929
3300
3454
3548
2925
2429
1652
2280
3023
4140
3299
2423
2395
2449
2536
2317
1772
1030
1878
815
512
809
-169
692
-139
-1158
-292
352
-644
-549
-273
-561
927
-798
-1575
-1503
-2598
-1886
-1321
-1615
-1434
-1734
-1063
-2751
-2764
-1871
-2265
-2497
-2066
-1308
-1594
-2513
-3706
-985
-2172
-2882
-3776
-4464
-4847
-5589
-4058
-4052
-4102
-3985
-1577
-3000
-3109
-2234
-2834
-2440
-3712
-4508
-4172
-3747
-5329
-4971
-4421
-4727
-3759
-3124
-4062
-4624
-5053
-3705
-3142
-2577
-2670
-2544
-1629
-3569
-898
-1219
-1919
-872
-206
230
-364
-292
-395
801
1228
1579
1141
2104
1742
1279
2531
2374
2278
2204
3025
2876
2782
4075
3454
2949
4125
4246
4885
5405
5103
4741
4862
5232
5288
5904
5707
5799
5937
5772
6348
5927
4548
6063
6192
5225
5052
4364
3490
2491
3279
3850
3683
2950
3795
2814
1518
2232
2367
2279
2556
3238
4258
4764
2754
2507
1832
1939
1590
524
1434
1695
1450
1681
2003
293
582
-343
-408
263
-146
284
-440
-862
-503
-28
-1230
-1587
-1562
-2518
-973
-1398
-1923
-2872
-3974
-3840
-4251
-4445
-4150
-3795
-4462
-3296
-4506
-2028
-1923
-3812
-3157
-3071
-3662
-2715
-3591
-3121
-3063
-2998
-2148
-4801
-1322
-3481
-3269
-1967
-1155
-1734
-2767
-3376
-3030
-937
-831
-267
-323
1036
15
1369
474
753
1381
1263
1556
2203
1995
2431
2564
1735
2694
3634
3950
3502
4198
3744
4139
4194
4201
2569
3650
4115
4155
4812
3798
2976
3493
4700
4632
4615
4279
4175
4255
4884
4125
3162
2659
2271
2296
2953
1296
1139
1444
1746
2035
1844
1225
2075
2669
3303
5185
2866
1555
311
1151
783
1035
906
1415
1157
609
1217
-24
980
559
928
922
785
379
-89
-1052
-933
-1243
-969
-857
-1082
-1323
-1284
-1379
-1384
-889
-2021
-1545
-1170
-743
-1278
-1887
-1791
-1595
-2915
-1014
-1863
-2844
-2357
-3232
-2648
-3260
-2322
-2085
-2573
-2653
-3612
-2313
-2814
-3205
-2774
-3465
275
-1811
-1630
-656
-946
-451
-632
98
-637
-150
-271
-18
-54
701
-336
-956
963
784
686
1129
1146
1514
1943
2932
1844
2170
2243
3494
2541
2322
3387
2034
2598
2832
3293
2858
2861
3565
3013
2219
3029
2497
3411
3112
2918
2722
3009
2180
1485
859
-72
1869
592
641
456
579
1398
1462
877
267
1522
1420
2350
2639
583
1136
1155
1956
952
-14
1047
954
1155
1349
1765
505
-159
-818
-736
-769
-274
-493
-197
33
-1050
99
1044
63
550
168
-1548
-865
-686
-1563
-2223
-1628
-1762
-1283
-1121
-443
-2016
-1447
-825
-1992
-1438
-1324
-677
-2130
-1459
-365
-2079
-2414
-784
-1385
-1538
-815
-885
-1775
197
188
-539
349
463
602
909
2617
405
837
3024
2577
2608
3954
4333
3455
3231
4702
5209
4485
4762
5026
3939
4479
5080
3470
4475
4300
4428
5073
4882
4577
5562
5299
5062
6080
4657
4576
5151
6058
5510
4615
4943
5124
4570
4334
4262
3575
3000
3268
4210
3059
1982
1089
856
1246
1521
944
293
1206
421
-26
1256
1366
315
1016
543
-26
1401
1232
639
-1482
-2597
-312
-1666
-2378
-941
-2802
-2684
-3494
-1824
-1730
-3634
-2356
-1936
-1598
-2794
-1540
-2546
-2471
-2359
-3275
-2819
-3019
-3248
-2417
-2966
-4305
-3120
-3901
-3267
-3300
-2149
-3124
-3659
-3173
-3382
-2156
-2333
-1256
-2424
-2497
-1840
-976
79
-1166
-1739
-1206
134
465
-186
-36
726
964
1529
2388
1079
757
3341
2077
2296
3976
2750
3539
4158
3708
4302
5204
5040
5454
5822
5712
4811
6500
5935
5632
6401
4870
5359
5761
5300
5939
6386
4969
5580
5700
5644
5606
5565
4775
4862
5090
5339
5488
4618
4282
3875
3906
3716
3260
3681
3663
2296
3204
3534
2563
1506
3165
3328
2614
3530
2850
1968
1810
3485
2231
349
2090
2153
319
2314
2217
2100
1061
-1133
251
305
88
-1281
-805
-1479
-1732
-849
-2020
-2047
-3000
-3248
-1949
-4048
-3809
-3224
-3626
-2882
-3367
-2078
-4611
-4527
-3465
-3833
-3560
-4644
-3359
-3089
-3694
-3504
-3139
-3446
-4341
-3772
-3522
-4589
-4919
-3803
-3857
-4510
-2794
-1140
-2968
-2468
-419
-466
-492
-1127
-162
-125
-12
380
261
753
727
1004
1856
1529
1580
2549
2064
2479
2780
2857
2329
1900
3434
3028
2999
3172
3766
4223
4625
4574
5060
4821
3706
5605
5069
5001
4398
4699
4307
3610
4856
4825
3278
1889
2622
3055
1893
2231
2736
1016
342
969
1755
620
875
1471
2668
1270
567
1077
1097
-204
-1916
977
1228
-65
-80
1014
-332
-1899
-1972
-1064
-1567
-1629
-219
-2068
-2602
-929
-2210
-2984
-1480
-3039
-3311
-2843
-3256
-2334
-2233
-4078
-4215
-3671
-4218
-4462
-4099
-4358
-5238
-3597
-3773
-4397
-4278
-3875
-4292
-5472
-4838
-4153
-4482
-5652
-4352
-3934
-4382
-4094
-4181
-2690
-2558
-3604
-2190
-2765
-4049
-2329
-1157
-2502
-3498
-2657
-1773
-1522
-2119
-742
-635
-2827
-723
11
-2602
-1075
-500
130
783
350
324
1114
1669
810
1592
1018
436
-126
1473
-224
-172
2131
1259
958
1916
2461
1190
1898
1695
2048
1936
1792
2252
1601
291
1786
346
211
-71
-477
150
-243
-465
-887
917
976
2647
3
-1237
-1179
1094
541
-976
743
617
-143
1752
1435
-1548
-865
-852
-259
-1085
-81
-724
-656
-2184
-118
-584
-997
86
-460
161
208
318
-971
245
-2701
-1373
-866
-943
-2001
-2447
-1310
-2689
-2089
-1905
-3890
-3432
-2043
-2795
-3999
-3166
-2523
-3768
-2846
-2205
-1073
-2127
-3249
-1617
176
-977
-605
714
-109
-91
1367
893
717
123
254
1933
1316
1418
1641
1944
2802
2587
2825
2803
2021
3311
3450
3099
2177
2999
3767
3134
3426
2917
2236
3182
4595
3539
2753
3963
3561
2959
3046
1691
1643
947
1167
1909
1192
996
1307
-244
-591
929
446
219
-104
-35
605
-168
-572
179
863
50
1004
797
-1726
-1709
-1238
-696
-2552
-1583
-791
-1988
-1037
-1684
-4120
-3891
-2901
-1276
-1453
-2670
-2819
-3452
-3680
-4087
-3927
-4808
-3972
-2804
-2398
-3945
-2911
-3573
-4324
-4967
-4068
-3227
-4704
-3607
-4155
-4943
-3407
-3835
-4999
-2773
-4176
-3618
-3183
-3161
-4237
-2806
-2476
-3620
-2347
-2469
-2321
-1881
-375
-1596
-963
-496
-261
-1002
-49
1375
191
347
1692
1073
698
3175
2109
2060
3263
3029
2829
2764
4160
4330
4445
3810
2747
3077
3810
3866
4098
3883
2951
3891
4779
4592
4163
5086
4496
4827
5281
4105
4290
5009
5217
4537
4533
3895
2689
3176
2952
3178
1881
1273
2524
898
261
-180
1208
544
-774
2080
2101
678
967
2043
1506
41
389
-498
-261
85
616
-1392
-2578
-1055
-1960
-1889
-3188
-1792
-1859
-2725
-1635
-2723
-3838
-3739
-3933
-4330
-5185
-4800
-5363
-5480
-4355
-4823
-4906
-6808
-6323
-6026
-6513
-5629
-6317
-7087
-4473
-4491
-3854
-4412
-4449
-3435
-4155
-3344
-3757
-4431
-3867
-2676
-3172
-2260
-2440
-544
-1055
-747
343
-45
-497
-164
11
-141
1667
1978
454
1072
2694
2309
3474
3254
3377
3220
5582
4672
3947
4805
4647
6004
5394
5134
4360
4442
6195
6396
5316
6798
5947
4949
6107
5642
5572
5166
4968
4489
4956
4731
3284
3263
3570
3940
2590
2469
2245
1621
2707
2510
1858
1613
1503
3519
2757
1763
2045
1244
781
1092
267
-514
1191
874
785
880
-95
-680
-67
-1601
-823
-717
-1592
-1587
-2677
-2990
-2937
-3233
-4670
-3410
-3682
-3348
-2135
-4263
-4125
-2440
-3384
-4624
-4245
-4119
-5651
-3835
-3828
-4915
-5577
-4347
-3724
-5568
-4965
-4213
-3886
-4622
-4688
-4673
-4616
-5891
-3516
-2473
-3365
-3465
-3219
-3134
-2003
-473
-1589
-3696
-2405
-1726
-1706
-304
-2184
-562
-1220
-764
-755
-485
519
1263
1586
1755
2051
1099
2296
1589
2391
3014
2287
2390
2910
2661
2460
2931
2623
2975
4073
2934
3752
3602
3386
3630
4184
3404
1677
1695
2341
2088
40
904
-162
921
1708
1890
1794
634
2034
2756
2162
1632
3066
2167
139
1530
818
-494
-1042
-469
114
818
559
-1363
-920
-446
604
-1553
-832
-889
-1902
-1935
-1949
-1353
-1602
-1318
-2989
-3509
-2391
-1746
-2933
-2704
-2602
-2524
-3499
-3578
-3310
-2944
-3680
-3558
-2926
-3342
-2743
-3265
-3694
-4240
-2555
-2674
-3340
-3469
-3472
-3633
-1387
-134
-1256
-1826
-1351
320
173
24
-1204
-7
796
706
1450
1819
422
1271
3161
1987
2942
3088
3041
4200
3446
2759
3320
3096
3097
3765
3632
3810
3378
3041
4566
3083
3148
3527
2703
2002
2334
2780
1150
2447
2448
2356
2200
648
-1275
-3007
-2674
-1451
-1669
-1459
-1069
-635
-770
-2387
-1916
-881
464
1378
385
-639
-650
373
-744
-154
-406
-2310
-788
-882
-1418
-4613
-4027
-2958
-3003
-2893
-3701
-4266
-4387
-4822
-5106
-3843
-5274
-4065
-4801
-4643
-4486
-4900
-4050
-2248
-2407
-4059
-3150
-3896
-3637
-3897
-3294
-3294
-4255
-2106
-3199
-3126
-4027
-3371
-3142
-4041
-1116
-3226
-2293
-817
-439
-456
-1002
-242
578
1085
1841
1875
0
126
2408
2534
1968
2513
2251
2335
3916
4450
2587
3203
4042
4372
4383
4653
4640
4377
5268
4730
4246
4451
3979
3924
4779
4570
4121
3168
3927
5294
5414
4352
3171
4803
3117
2190
3012
1460
1466
1251
1194
623
-110
248
-551
-136
-27
-664
-467
901
1644
71
291
-216
-1018
19
-1308
-1933
-2228
-2329
-755
-2289
-3187
-2885
-2885
-2100
-3987
-3975
-5778
-6362
-4610
-4683
-7489
-7796
-5588
-6978
-2802
-4464
-5881
-6207
-6181
-5233
-6228
-3708
-5674
-5771
-3616
-5025
-6362
-5212
-5952
-6576
-5299
-3641
-5769
-6182
-2982
-3906
-3446
-4238
-3911
-3122
-1791
-365
-2924
-2618
-1748
-2735
-1667
-754
-1431
-903
23
1686
708
982
1217
2322
2259
2146
3615
2574
2753
4471
4332
2709
2966
3431
3733
4235
3711
2269
3796
5031
4841
3669
4756
4419
4415
4972
4206
2507
2449
4614
4330
2713
1440
1978
1760
2503
3108
2210
72
1414
1480
500
357
-166
218
902
2438
1225
498
970
1574
706
-555
-1716
-3129
-1489
-1105
-1485
-1323
-1812
-3742
-3683
-2679
-4348
-5158
-3911
-3097
-3879
-4139
-4952
-5222
-4349
-2694
-4497
-4272
-5980
-5795
-5919
-9075
-7499
-6498
-6330
-6237
-5270
-6482
-6189
-6170
-5946
-7207
-6067
-6412
-5428
-4150
-6037
-6628
-6928
-6610
-5628
-3039
-4432
-4747
-3862
-1780
-1737
-2181
-2246
-1669
-1772
-1466
-257
-950
-1687
-682
-215
-1023
740
640
705
1760
2241
1839
1744
2617
3126
2655
2178
1954
2352
3241
3029
2183
3501
4901
3575
3878
5201
4853
4540
4773
4783
2894
3197
4659
3272
3217
3386
1761
1077
1634
1544
1421
1928
1267
959
2300
1987
1483
449
1506
3289
1730
1586
2399
1265
442
635
415
-1446
-482
1007
176
-226
106
-626
-730
922
80
-477
-612
-126
-2384
-1927
-2061
-2412
-790
-469
-2166
-2822
-1982
-2832
-3044
-3205
-2839
-3519
-3505
-3866
-2523
-5116
-3119
-2795
-3500
-1878
-2722
-1665
-1949
-622
-253
-850
-739
111
120
1013
-229
-1110
-347
861
1365
1090
1549
1437
2923
3655
2434
3308
3480
1878
2025
3040
2853
1617
1002
71
1024
1833
2037
3575
2855
3202
4253
3809
3948
5148
4570
3303
3729
3462
2706
3172
3410
1309
1545
1829
-497
588
1156
-96
1686
46
-851
748
1688
2438
574
-560
-1129
-858
-697
133
1001
-30
-952
-1562
-1477
-576
-1277
-2151
-1407
-1889
-834
-1977
-1489
-1990
-2243
-1123
-2465
-3021
-3092
-1788
-3161
-3173
-4061
-3675
-3873
-2336
-3158
-2517
-2294
-2400
-1706
-4352
-2037
-3538
-1534
-766
-2332
-2274
-2129
-3084
-2927
-2914
-3445
-2461
-1976
258
-80
-1015
-1066
-261
-1054
922
1159
-173
473
-245
705
404
-150
514
2107
2107
1951
1525
1935
3470
3002
3571
3060
3441
4784
3769
4134
3661
3398
3610
2335
4978
4520
2031
3336
5135
5486
3220
2771
3123
3837
3684
3748
1528
860
2437
884
673
-46
1058
-36
-85
297
-1246
-1417
-99
202
-1235
9
-1004
-2317
-1339
-459
-2282
-1287
449
-1899
-1466
-3224
-4151
-1807
-2205
-2985
-3958
-4085
-3978
-3362
-3361
-3636
-3317
-3730
-4554
-4591
-5213
-5710
-4744
-3414
-4585
-4789
-5205
-5464
-3532
-4856
-3612
-5128
-5664
-4250
-4380
-5324
-5660
-2929
-2624
-2754
-2946
-3239
-2536
-642
-328
-825
-883
118
610
1361
979
641
1631
2054
3980
2799
2542
2026
2706
4387
4601
4092
4171
4269
5416
6673
4849
5744
5552
6221
6858
6391
6208
7181
7918
8252
8294
6453
6436
7576
7197
6262
5937
4396
5845
6754
3862
2743
2854
2690
2363
1881
1435
696
1535
2425
1824
466
396
2925
715
-805
1065
396
-2015
-1409
-1718
-4137
-3865
-3764
-2357
-2286
-2616
-3268
-2416
-2926
-2406
-3973
-6619
-5040
-3873
-2767
-5032
-6636
-6341
-6507
-7948
-7439
-6210
-5704
-6544
-4941
-6534
-7904
-5515
-5728
-5333
-6569
-4909
-5367
-5792
-3324
-6085
-5007
-3995
-5300
-2841
-5139
-4737
-3663
-2535
-1231
-2659
-2733
-953
546
262
963
-200
-408
1180
1595
894
1534
1406
2342
1421
2606
2357
2555
4153
3952
5016
4658
4582
4006
6862
5059
5537
5659
5577
6920
5825
6465
5020
6875
6802
5790
5394
4599
5843
5593
4110
1533
947
3265
2982
3546
3567
2975
4430
3188
4109
3111
2439
3880
5050
4258
3039
3426
2412
3175
2440
2790
1822
1955
1125
816
387
-2053
-2272
-1363
-1278
-2072
-2224
-2227
-1468
-1223
-1537
-3694
-5137
-5126
-3741
-4550
-4810
-4932
-3952
-2287
-2876
-3507
-1710
-2649
-2909
-2852
-3782
-2902
-4059
-3090
-3738
-4973
-4066
-3266
-2396
-2694
-4100
-1252
-1863
-1224
-1004
-1684
-1697
-2170
-2037
-2951
-890
-1681
-669
-569
935
-320
-855
2241
2517
3307
2426
3475
2636
1536
3573
3305
2652
4613
4786
4364
3552
4385
5791
5654
5947
5436
5758
5824
5653
6701
5228
4257
5753
4598
4240
3423
2649
14
198
1867
641
341
623
2628
1437
855
1284
391
585
2329
2199
1094
3224
3070
786
910
965
129
1094
2408
734
-460
471
555
-172
-222
-139
-2143
-1830
-2376
-3961
-3062
-3056
-1395
-1224
-1054
-1598
-1416
-241
-1556
-553
-1530
-2188
-1534
-946
-1848
-3939
-2441
-1935
-2590
-2805
-2540
-2518
-1114
-1697
-2798
-2021
-2707
-812
-484
-603
-1348
-824
873
1137
245
-983
-228
-606
-120
1118
-15
-1229
1458
1212
310
1400
1671
2461
3396
2734
1329
2067
3734
3991
4025
3450
612
237
2179
2380
1846
2199
2455
2960
2550
1904
1601
1679
2343
976
-432
-1184
-1485
-1383
-2761
-2372
-817
925
535
98
101
-574
-753
395
2354
-473
-1272
-1858
-2028
-748
-618
-1743
-1308
1493
-28
-352
-10
-322
-315
88
-2831
-1946
-464
-1083
-231
-1795
-1447
-3673
-2759
-2863
-5052
-4447
-3932
-3609
-2648
-3029
-3572
-3319
-2288
-1617
-2861
-3877
-2025
-1620
-3426
-3331
-3841
-1873
-1595
-2142
-3868
-2394
-1204
-13
1100
-1
1951
2033
551
1079
1329
397
1287
3571
3974
1841
2186
2237
3906
4033
4613
3955
3267
5726
3489
3111
4642
4643
4642
3915
4277
3084
4420
4618
3889
4293
3352
5228
4492
5475
4224
2798
3663
2865
2815
2270
569
213
-232
-326
-1053
-1351
-1539
-2773
-1771
-1353
-483
-898
-2679
-2278
-3020
-5279
-2591
-3764
-3958
-3325
-3533
-2336
-3407
-4042
-5363
-5186
-5499
-3919
-3313
-4598
-4763
-4323
-5004
-4718
-4748
-5453
-4973
-4578
-4310
-4741
-4698
-5875
-4833
-3303
-4281
-5916
-4995
-3054
-4807
-6032
-4754
-4234
-3820
-3219
-3453
-4100
-3412
-1866
-2419
-2145
-1641
-1295
-708
-1245
-1251
-1290
-1312
-132
1351
-217
-1314
1149
1446
1616
1710
2488
3244
3011
4115
4309
4346
4535
6215
5744
4804
5858
6351
7213
6797
6640
7602
7480
7914
7821
8597
8192
7985
9977
8064
7505
7911
7221
7891
7030
5416
5468
5712
4922
3296
1937
3599
2447
3005
3100
436
1926
3063
4350
2590
1708
2786
1945
1775
1985
1307
1323
2397
1349
482
1119
186
1356
58
-1028
-548
-1509
-2363
-3227
-1509
-4077
-3425
-2924
-7458
-6756
-7090
-8552
-9159
-5767
-6111
-6796
-4268
-7438
-5871
-6399
-5180
-5414
-5140
-5546
-7349
-6085
-6337
-4951
-4951
-4602
-5821
-5335
-3830
-4326
-3698
-1107
-1077
-941
769
2538
53
-230
-17
777
1963
1294
2957
3319
2392
2784
5040
3534
5081
5598
5020
4493
5111
6734
6159
6097
5702
5567
5914
7748
7369
6000
6374
6423
5863
5956
3978
3447
5690
4984
3061
2055
2624
2456
3557
4383
1522
1541
2873
1735
1829
2868
1074
2319
3344
1348
1394
2992
1262
106
1113
-120
-1148
-854
719
-1395
-286
402
1170
632
-3769
-4828
-6571
-5707
-5564
-6218
-7158
-6913
-6003
-5465
-5778
-6930
-5751
-5643
-6859
-5621
-4816
-5895
-3268
-5253
-5719
-4774
-4798
-5160
-4575
-4129
-5919
-3431
-2703
-3298
-4515
-3318
-3391
-4273
-4609
-4881
-2928
-3287
-2605
-1405
-2810
-1438
-1536
313
-789
-2389
-169
643
414
228
1870
114
2241
2448
424
1826
3373
3488
3423
4534
5421
5166
5198
3758
4794
5344
4829
5813
6030
4722
3363
3600
2365
2220
1862
230
-629
1485
-2059
-1422
1944
599
136
314
1563
442
135
512
300
1218
1032
-189
165
1601
1357
438
1529
1015
479
253
-786
-869
558
786
-359
-1465
-1113
-1576
-1030
-104
-1990
-2606
-2230
-1649
-2332
-1427
-2177
-855
-428
-1585
-1249
-1844
-1146
-1653
-187
-2397
-1512
576
-2315
-1654
-1264
-2825
-1860
-1162
-1738
-1966
161
1644
-281
1081
1347
1831
1389
900
712
533
3025
3426
2436
2363
3081
3360
4324
4590
3744
5015
6087
4314
4857
4652
3852
4763
4283
1997
2932
5112
3998
4868
3396
3268
4218
4982
3866
3270
4529
1902
2447
1646
-1009
-1009
-731
-2144
-1378
-436
-1735
-1141
1577
-869
-199
2868
1671
62
1093
1177
-863
1110
926
205
584
1001
-939
-503
-400
-1434
-922
209
-3137
-3840
-1937
-4014
-2927
-2776
-4242
-5115
-5151
-6558
-5807
-6211
-4961
-4161
-4548
-3341
-4243
-4502
-6658
-4041
-1642
-3786
-4432
-3857
-3139
-4159
-2798
-2342
-3334
-2084
-2329
-1497
-43
-123
-226
-486
1142
623
1226
2193
2439
2343
1077
1733
2549
4063
2811
3855
4908
4417
3903
4472
4550
4455
6110
4793
4008
4357
3360
4035
4724
4382
5321
5881
5158
3814
5646
3997
4966
6153
4365
3943
3629
1988
1215
3413
1183
-942
765
433
-1597
-8
143
-1177
-2530
-1545
-373
168
962
-949
-1719
-2260
-3185
-1722
-1777
-2287
-2783
-2392
-3441
-4391
-4307
-3565
-1870
-772
-860
-3942
-3721
-5287
-5329
-5680
-4566
-4400
-4749
-4200
-5734
-4390
-4877
-3639
-2738
-3912
-4780
-2860
-2583
-3983
-1915
-1652
-4545
-4350
-4180
-5036
-4298
-2217
-3313
-3521
-1773
-3537
-1310
-407
-601
-165
461
-1480
-303
682
-421
554
942
1846
1338
1304
488
2177
2909
3937
3123
3676
4154
4051
5171
5139
5021
5489
5933
4322
5003
5417
7469
7959
6277
5236
6653
7457
6217
6727
5277
5285
4812
3443
1681
1463
3017
1632
3096
2457
781
1467
2905
2270
3066
4128
2553
456
-367
-398
-827
1120
265
-185
-9
1298
467
-697
-1352
-1829
-1051
-1587
-1422
-2810
-5714
-5257
-4983
-5988
-5685
-4801
-5376
-7299
-5077
-5963
-7300
-6298
-6759
-7204
-6249
-6503
-7742
-5788
-6484
-8510
-6202
-4907
-5625
-5974
-7048
-8336
-7534
-6502
-5252
-4984
-4335
-4886
-4876
-2830
-4364
-2825
-1818
-2219
-2608
-60
35
-602
526
1336
2431
777
1913
1881
2845
2621
2787
3799
2964
2634
4080
3879
4395
6790
4754
4366
5492
4564
5558
6412
5026
5853
7070
5779
4680
6537
5429
5629
5414
3088
1167
1539
2974
2797
2404
482
1115
1438
2308
3169
4378
3229
2025
3972
1624
483
398
-2237
35
1190
347
-548
767
806
-1808
-1651
-1814
-2147
-2790
-3413
-4959
-3218
-3724
-4397
-4273
-4970
-6943
-6163
-5002
-8680
-7262
-6041
-7171
-6766
-5242
-5491
-5661
-4922
-6780
-7318
-7448
-7420
-6229
-7246
-8141
-8017
-6166
-7789
-5293
-4156
-5333
-3034
-3058
-2842
-2592
-27
-1500
-2320
-1595
-1683
222
697
21
492
882
1388
711
613
767
2609
4323
2864
1797
2692
1554
1566
2164
1757
4195
3726
3925
4240
6500
6407
8302
8058
4999
5170
5109
4124
4462
4055
314
1629
2429
636
-726
641
-595
-99
1369
0
-1669
-1552
-618
-531
-680
-4045
-591
-678
-3586
-10
-151
-968
-209
-412
-2242
-623
-1118
-2007
-1191
-2392
-1864
-2229
-1304
-1705
-3271
-3793
-4438
-2839
-2414
-2782
-1708
-3445
-2694
-2943
-4036
-2832
-1870
-1457
-2134
-2029
-1219
-342
-880
-746
-1782
-2004
-515
-629
-1200
1200
1453
551
2237
1234
1974
2548
1650
1098
1294
1403
289
1574
1121
291
2532
3355
159
331
1096
1575
3607
3597
3080
3637
2543
2737
5274
4208
5706
4785
4532
4608
2843
4067
4421
4921
4009
1878
2515
2301
1633
1688
1607
752
-564
-702
-4620
-3356
-2003
-3522
-1684
-1491
-501
1451
1144
-223
510
-197
-1288
40
750
-651
38
989
990
165
750
881
-230
-472
-4297
-3203
-1943
-2400
-1153
-1610
-2462
-2914
-3579
-3105
-3089
-3991
-4291
-2003
-3162
-3378
-737
-3221
-2370
-2712
-1354
-1696
-341
-907
-2614
281
-35
358
1446
2100
246
573
1791
2218
2184
3406
3696
4454
2812
2460
4671
2566
3741
3381
2565
3552
4614
4275
3082
4677
3438
4854
6371
3693
5795
6589
5356
5521
6883
6742
7345
8483
5336
6640
7059
4510
5540
5047
3469
1475
113
887
283
-65
-2213
-1773
-1710
-2102
-336
-1
-880
-1768
-1190
274
1206
-25
-2377
-1933
33
-1308
-202
-3315
-4260
-1498
-1715
-3947
-5129
-5041
-6198
-6412
-4518
-6205
-6555
-5641
-6441
-6301
-7729
-5003
-4902
-5004
-5396
-4869
-5081
-3715
-3385
-5831
-4924
-3222
-5112
-4902
-3648
-4242
-3075
-3559
-2321
-3488
-4083
-3779
-1019
-1290
-1759
-1662
-1588
12
1148
1354
-663
1695
1217
102
822
849
936
2235
208
885
3610
4405
4675
4076
4696
4969
5877
4207
5138
6484
5703
6349
7343
5432
7426
8089
7581
7670
6745
8725
7503
8749
7527
6164
7223
5505
5146
3973
3642
2411
1067
1315
-1605
302
802
1615
3799
2074
2701
2902
1747
1505
3392
2640
1346
1666
-2588
-4069
-1844
-3095
-2375
-2211
-3063
-1239
-2162
-3400
-2870
-3456
-2877
-3194
-4139
-4591
-2844
-3989
-3460
-3383
-5579
-4572
-3074
-2533
-4184
-2528
-4259
-3814
-3267
-4938
-3965
-3686
-4410
-3568
-4449
-6134
-2440
-3963
-3926
-3179
-3907
-2065
-438
672
-349
56
-957
-266
458
-1530
-301
2266
-215
-1673
1450
1704
2040
3134
1198
3181
5887
4491
6350
5677
4481
6425
6406
5590
5103
5910
5480
7371
7072
6917
8178
6154
6278
5681
6106
5779
5946
3344
3188
4885
2915
2824
2434
2233
3901
5312
4611
3591
2037
2344
2823
2616
2706
3691
4042
3439
3045
1906
2632
2098
103
591
-2233
-2700
-2047
-4636
-5028
-4572
-3614
-2759
-4096
-4517
-3825
-4281
-3696
-4511
-4810
-5776
-9521
-9624
-9403
-9990
-8502
-7889
-7988
-8467
-8344
-7449
-7278
-6886
-6863
-6180
-3775
-5582
-5625
-6145
-4508
-2448
-1756
-1729
-2811
-1920
-2284
-401
-1327
-907
-344
-326
-1743
-330
1999
950
686
369
1882
3092
4137
3800
3029
4665
6828
7517
7149
6565
6212
6647
8723
6217
4698
7913
5624
3740
5729
5965
6010
4944
3361
2841
2816
2698
1310
376
1066
2211
2970
3307
2150
1696
1044
4869
1775
322
3409
436
2367
1809
2070
1161
2497
454
760
651
-2168
-24
-1268
-1429
-2332
-1498
-2653
-2470
-3798
-4285
-1929
-3092
-4266
-4805
-5280
-4249
-2971
-4008
-5652
-3473
-3179
-4030
-3515
-5748
-3801
-4469
-4949
-2318
-1502
-2333
-2038
-2288
-2256
584
98
514
-1037
-1999
-2459
-1243
-2421
-2882
276
-2047
1318
1283
-1004
911
1515
1125
3032
2559
1472
2722
2043
2450
3376
3942
2678
3688
3137
4042
6896
5355
4464
5139
4612
6171
5880
5734
4038
3744
5017
3114
3078
-342
863
590
1084
642
-803
870
-1769
-2098
-1845
-965
-2632
-3225
-4457
-4374
101
-1784
-4008
-2381
-2164
-912
-554
-778
-1414
-1703
-1098
-2273
-1530
-4151
-2841
-1284
-3232
-3660
-3841
-3265
-3659
-2848
-5134
-3763
-4793
-4526
-4389
-6942
-4694
-4571
-4918
-5710
-5249
-5965
-3689
-4390
-3276
-3079
-3039
-2350
-1869
-1435
-2173
-262
-1387
610
18
621
242
478
-2286
-1494
328
-918
806
-391
660
672
1187
650
1436
2750
1293
3011
3377
262
-674
1297
2552
1721
2208
4215
3727
2520
2591
2810
3422
3460
4018
2816
3019
2258
417
95
357
-1050
-2825
-758
-1753
-1271
-1313
-3524
-3563
-2828
-170
460
-1941
-3098
-2590
-2748
-3452
-3285
-4039
-3455
-3283
-3862
-2821
-4610
-3676
-3366
-3261
-2479
-5572
-6066
-4175
-4248
-6413
-5231
-4328
-5068
-4457
-6541
-6713
-5017
-4760
-6722
-5020
-4631
-6489
-3944
-3820
-3785
-3982
-4701
-3649
-4396
-4135
-194
-1330
-914
-931
-1658
2
836
931
1841
3031
1054
840
2636
2093
2090
2571
2135
2857
2119
2697
3293
3953
3041
4010
5030
3804
4607
5194
5286
5914
5653
5414
4122
4385
4967
3691
5279
6942
5244
4777
5123
5149
6341
3897
1926
-477
-529
-1057
-1543
-2141
-5411
-1147
-863
-4555
-2396
-2146
-3248
-2547
-3299
-3852
-3017
-4484
-8324
-6117
-5809
-6577
-4832
-6823
-4855
-4434
-2591
-3494
-5044
-6458
-5458
-4676
-5770
-4937
-7956
-6385
-4879
-4995
-6534
-5720
-7807
-7709
-5613
-6025
-6509
-6272
-6534
-5835
-6733
-6970
-4975
-8455
-6757
-7013
-5094
-5166
-7173
-5274
-4099
-2377
-2710
-4021
-5172
-2856
-811
791
-959
-1016
-844
-683
1982
529
458
1191
2311
2546
3354
4504
3139
3318
3622
3175
4150
4703
3789
3645
5903
6429
6488
6377
4635
6535
7842
6917
6595
6471
7455
5774
7174
6167
5129
4819
2399
3574
1190
1538
-187
-902
-3120
-2858
-413
-1141
-1964
-3331
-620
-2302
-3040
-2536
-5253
-5019
-3316
-3900
-4536
-5897
-3195
-2072
-4849
-4361
-4840
-4455
-4337
-4986
-4264
-5082
-3552
-3759
-5202
-6366
-7953
-6403
-6271
-7468
-7078
-5605
-6691
-7877
-8952
-5778
-6685
-7060
-6699
-8058
-5089
-5751
-4733
-4694
-3333
-3543
-3170
-2575
967
1413
-380
788
-27
2725
1429
1552
841
779
1813
1715
1629
964
2147
1888
2834
2897
3511
3920
3216
6255
5949
4642
6424
6100
4316
7646
8350
7580
8076
7129
8894
9169
9468
7724
7801
7616
4920
3785
3369
2500
4228
4091
2190
2477
1265
2492
3440
2178
1317
1650
1454
-551
-129
1802
939
-348
-87
995
1945
1599
2829
81
-2607
404
-212
-2642
-2761
-3108
-5053
-2471
-1500
-3481
-5311
-5601
-6705
-6482
-6614
-9206
-6591
-5643
-7042
-5091
-5865
-7615
-5129
-5808
-4458
-5029
-4736
-5220
-5892
-2723
-2183
-2886
-2804
-1104
-3098
-2374
958
-1547
-2799
-687
-2721
-1536
1484
-16
764
2420
1622
1344
3128
3202
1384
3692
4023
3691
5333
5417
5738
4932
5787
4290
3275
5782
6099
6324
7054
5954
5836
6356
5558
6373
4685
2903
3070
4546
2832
1416
2678
1141
-156
-754
989
513
-373
301
1557
2884
814
-623
14
-1532
-1893
-1007
-113
-2035
-2818
-1144
-1902
-2395
-793
-343
-144
717
-821
-829
-1892
-2142
-2547
-733
-1646
-2144
-334
-797
-1398
-2453
-1243
-977
-1967
-1955
-2608
-3657
-2396
-4787
-4259
-2453
-2547
-2397
-2345
-3151
-2311
1341
-78
-867
506
952
83
-425
1759
2306
2654
2866
1950
1864
3099
2750
3321
4233
3250
3301
2694
3885
4729
5458
4768
4248
5648
5541
4198
4342
4223
4477
5743
6201
6086
5374
4693
4080
4564
3115
1519
952
-165
-449
84
88
-128
237
408
901
-1419
-4056
-3106
-5040
-5427
-3686
-5015
-2393
-3278
-4655
-562
-2947
-5192
-4940
-3599
-5651
-6036
-3622
-5252
-3516
-2836
-2803
-2438
-2180
-1225
-3227
-2810
-2653
-2688
-3043
-3423
-2977
-2639
-1108
-4017
-2784
-2455
-3526
-1902
-1821
-2617
-3173
353
444
-892
571
-438
498
2545
2943
1637
4009
4017
1979
3127
2753
2175
2812
5325
2745
2829
4630
4566
558
1219
2032
1478
5011
1635
3642
6175
3456
4061
5616
3731
4500
7765
5723
4213
6795
6381
6097
4526
4032
4740
4647
5780
2847
4691
4397
436
1523
2444
374
-721
629
-1209
-163
707
-1997
-1321
-1875
-1756
-3277
-3581
-2495
-2696
-2434
-5468
-3314
-4191
-4342
-5362
-3778
-2187
-3936
-2425
-4737
-5599
-5936
-4112
-6173
-5516
-5291
-6024
-4603
-4554
-4611
-5566
-4132
-4455
-4137
-2175
-5381
-5928
-4252
-5148
-5537
-4178
-3282
-5045
-3239
-3717
-2173
-823
-1595
-157
1037
-95
310
2211
669
2170
4431
2698
2468
3037
2730
4424
5427
6158
5736
7188
6698
6441
7255
7829
7078
6221
7561
5708
6441
7374
6384
6935
8684
7438
4689
1956
2876
4513
5574
5834
3805
3861
4308
906
-836
663
-147
2665
3888
1043
1202
1406
-9
259
-257
-2574
-2687
-1135
-1773
-738
-1980
-2638
-2424
-2990
-4685
-4251
-2356
-4002
-3154
-2141
-1365
-2743
-836
-2344
-2835
-1174
-3949
-3655
-4888
-4976
-4716
-3425
-3864
-5413
-2995
-3703
-6149
-3667
-3272
-4289
-4348
-3788
-2144
-4223
-2084
-3052
-2779
-1403
-3120
-1058
311
-239
1290
1964
-378
428
2027
1901
2447
2492
1046
3180
4229
3783
3037
4538
4652
2982
4984
7812
5291
5330
7938
5627
6895
7399
7035
7008
8105
8265
8760
10182
8123
7483
7901
6961
6365
4591
3910
4423
4284
2759
1391
4669
1539
1157
3377
2669
-151
-1864
860
-606
-349
-2206
-2425
-1058
-825
-1079
1464
-1562
-2469
-601
-1464
-1550
-5493
-3914
-6620
-4827
-2470
-3499
-2416
-2694
-2591
-3996
-3031
-3841
-4205
-1911
-3555
-3338
-2728
-3658
-3682
-4375
-3759
-4171
-4830
-3696
-3936
-3303
-2777
-2296
-1290
-2551
-2064
-1195
135
-1543
-37
1231
-1192
-300
2078
2103
2542
2876
2251
2329
2004
2150
2691
3637
4346
4073
3751
6975
6460
5930
5422
6757
7105
5374
6395
8269
7498
8023
8920
6837
6461
7658
8121
4437
3994
3182
2514
1980
3063
3531
2411
233
788
2830
2028
2219
2866
2235
692
-130
-696
-1475
-357
1340
-1731
811
621
102
-76
-2321
-3584
-4270
-7789
-10063
-7140
-7905
-7005
-7945
-6414
-6419
-6651
-5774
-7624
-6660
-6437
-5781
-6071
-5135
-7550
-7362
-6080
-6566
-4061
-6257
-6120
-5723
-4981
-4383
-3665
-4950
-3389
-1164
-939
-3511
-3525
772
-3305
-965
369
-1355
-507
375
1014
930
1147
442
-882
414
2193
1945
2794
611
1724
4588
5728
6100
5254
5015
6823
7944
7055
7573
8416
8522
8160
8660
6422
5512
7530
6926
5626
4099
2165
2294
3385
3692
2575
3844
2826
665
3604
4946
2107
-601
563
1346
2045
2966
367
-1418
-187
-726
773
218
-1578
-2879
-304
325
-2684
-376
-416
76
-1705
-272
627
-2896
-2539
-2482
-2576
-1191
-3111
-3271
-2644
-4629
-4007
-4652
-6758
-5696
-3967
-4169
-4411
-4670
-3939
-2862
-2166
-2686
-1713
-1656
205
2515
183
-575
7
306
-101
185
1701
768
959
-322
1693
2885
244
1950
3358
4929
3588
2904
2897
3871
4107
3680
3051
4103
4727
4912
5612
5086
5588
4310
5022
5003
5116
1727
-325
1482
-389
-2131
111
395
-489
2386
3112
2953
1037
-384
-811
-2588
-4534
-4713
-2319
-3352
-4004
187
858
-2818
-2227
-4293
-5521
-2006
-1467
-2499
-4173
-2509
-3220
-3719
-3150
-3804
-4214
-3753
-1512
-2199
-1208
-1579
-2228
-1232
-968
-3708
-3053
-3370
-3750
-1450
-4402
-3777
-3026
-2790
-808
-2867
-3342
134
428
1713
2102
665
706
-218
-3455
-2584
-1633
-1126
1147
1444
-535
-305
1302
-857
690
1141
1647
1507
1750
1951
-767
814
3633
4252
3352
3294
3987
4084
4774
4286
4738
6110
6204
5347
6803
4924
2303
3777
561
-1183
1071
1991
-95
965
1297
135
241
244
848
246
2137
1126
-50
-1575
-2662
-893
-3718
-6248
-3221
-3408
-5505
-3046
-2543
-1305
-852
-2307
-5455
-5437
-4967
-4234
-2891
-4741
-3517
-3999
-3008
-2968
-2452
-2202
-4684
-2878
-682
-1860
-2206
-2373
-3939
-5004
-3274
-2584
-2207
-2374
-4084
-753
-1029
-1906
-463
611
776
1770
3086
1774
2889
3258
2477
4012
4671
3442
4077
3803
4723
6667
4948
4542
6643
7019
6666
5078
4002
5518
6751
7176
6994
7786
5560
6985
8238
7486
8628
8915
10142
9388
8964
8543
6998
4606
3590
1047
1187
1264
518
1770
2268
1611
1346
560
-177
1413
204
-2034
-2177
-2431
-2073
171
-969
-1415
-1955
-876
-2071
-2050
-1793
-4624
-3789
-3237
-5047
-4383
-5278
-7715
-4320
-5633
-6639
-6888
-7703
-7933
-7917
-6920
-7531
-6449
-6273
-6789
-6879
-7379
-8646
-7269
-5185
-5660
-4423
-6060
-5890
-4283
-3690
-3092
-2667
-1931
-2335
-1627
-1523
-848
-1955
-2218
-1594
369
718
-493
1004
1713
2373
2466
2519
1973
3061
4470
3316
4587
5071
5865
6673
6533
7126
8532
8875
6455
8594
9458
9238
9447
8188
7103
6387
3814
2574
3912
2802
4755
4551
2140
3220
3764
2570
1435
1388
-259
452
955
88
1389
344
1592
-630
-1643
619
-1293
-274
409
-744
-206
-2799
-2730
-569
-1361
-1178
-3069
-3598
-3159
-2971
-4062
-3819
-4976
-6513
-5694
-5043
-5645
-5687
-5022
-8460
-5686
-5655
-7986
-7094
-7566
-7059
-7463
-7422
-7424
-6917
-5687
-4229
-3502
-2805
-4168
-4069
-3994
-2071
-241
-783
-285
-671
468
-344
-101
80
916
-831
-362
2566
2877
3583
2859
5111
6026
6050
4711
5022
6918
7083
8868
8285
6647
7369
8998
10005
9043
7934
7698
5980
5710
4583
2308
2733
4348
4636
1980
1481
1076
139
110
73
-2690
-4336
-1866
-1606
-1282
-2700
-2494
-851
-852
-1273
-1124
-3220
-1372
-805
-1642
-569
-2587
-2501
-3547
-1535
-2905
-2773
-2682
-3464
-1474
-2431
-4255
-4954
-4223
-4265
-5119
-4319
-5884
-5695
-4568
-6797
-5177
-6025
-6003
-5911
-4185
-1865
-1561
-3254
-2110
-850
-408
-62
-2834
-1264
-1077
-1571
-1020
-611
-316
-1912
-53
1059
-543
-517
-2287
-924
2279
3364
823
333
2680
5837
6395
5772
4783
4097
7361
8024
7212
6635
7656
8141
7556
5910
5659
5608
4340
4836
1741
465
4208
2094
2497
2837
538
1547
308
559
693
122
-1125
-1160
-1766
-2988
-2513
-1001
-1034
-1263
-618
-1535
-1567
-3548
-4156
-3527
-4221
-6140
-4718
-3813
-4257
-2426
-1373
-2326
-4341
-3768
-1457
-1980
-3443
-3978
-3910
-3290
-4239
-3969
-4256
-3854
-3041
-1753
-4577
-3135
-2572
-2652
299
-714
1790
-457
-416
957
1973
1669
747
1595
1008
2202
2024
1617
1152
2459
4772
2402
-678
1836
2457
1766
3583
3229
1986
4162
5421
4651
5534
5288
6210
5955
6043
4763
4098
5194
7094
8008
4833
5329
3825
2910
2128
3494
4532
3011
1706
3898
4970
-1245
-331
2499
3075
3019
2000
-102
-911
572
-1531
-2283
696
-513
-311
-44
-561
418
-1200
-1138
-3419
-2297
-2922
-4189
-2533
-3857
-1588
-3560
-2813
-3135
-2946
-729
-3534
-4158
-3941
-4430
-5706
-5502
-6881
-4678
-4636
-5924
-3725
-4870
-4873
-2050
-2164
-798
1256
650
250
-501
1814
1463
17
1819
854
1636
2024
1255
2708
1387
2028
2335
899
2151
3100
2234
2265
2419
1759
3246
2953
3797
4234
3973
4833
3725
5311
5591
7610
6534
6021
7724
6300
4418
337
743
2050
1713
1745
220
-486
-732
40
2309
803
-235
-2401
-4636
-5995
-2409
-931
-2011
-1391
-656
967
-1494
-2459
-1504
1876
-2497
-2237
-1520
-4606
-3498
-1908
-2059
-3540
-3077
-3480
-1705
-3296
-1216
311
-902
-933
-1103
-815
-2940
-4738
-4643
-4014
-3529
-3168
-4541
-4477
-2776
-1532
-2044
-3032
-1405
1327
314
-3733
-2587
-530
1152
1305
738
590
2248
2995
2331
3537
2060
3149
4664
4685
4903
4985
3333
4405
4761
5821
5694
4287
5222
6925
8069
6957
6915
7153
7402
7912
7952
6403
7208
6546
6445
4293
3613
3424
2060
2556
2463
1592
1627
788
62
46
-1863
-1814
-4016
-2618
-1935
-313
-3886
-6223
-4729
-5011
-4889
-7127
-5448
-2942
-2420
-4990
-5015
-7557
-7784
-5602
-5530
-5250
-5426
-5534
-3031
-40
-1046
-1469
-3679
-4716
-2254
-2353
-4710
-5007
-4819
-5681
-2766
-2108
-4822
-3503
-1064
-383
-610
-1001
-495
1894
1541
277
1827
1640
1146
1922
1776
3124
3944
2809
3733
3858
4191
3963
2992
4000
2568
1327
1527
2784
3153
6142
6327
4045
5102
7257
7379
6684
7904
6808
9182
8329
8056
8003
5522
5861
5421
4347
5323
4373
1942
4114
5206
3785
626
1510
3691
3061
3113
692
-1196
-204
-631
-1191
-2665
-2730
-2172
-2262
-6039
-8094
-4828
-6199
-5719
-5331
-6040
-6489
-5766
-6378
-7191
-5697
-8297
-7813
-8078
-9493
-6940
-7439
-7431
-8644
-6995
-6098
-7867
-6031
-7058
-8934
-8808
-6741
-8839
-5036
-2853
-5187
-3266
-1062
-2616
-4497
-1795
-1816
-1263
-1931
-2801
-1794
437
-476
50
1909
867
2304
2904
2398
3576
5728
4982
3059
5841
5054
4964
7039
4042
5370
5968
5860
6192
6976
5205
3567
3668
4778
6794
5778
4758
1743
3389
3074
1181
605
1833
2852
2982
3483
2680
3531
3191
1857
807
1233
-1215
-524
-2329
-3022
-168
-726
302
-838
-685
-1715
-4329
-5135
-5170
-5364
-4729
-6095
-8049
-5390
-5803
-5363
-6573
-8495
-7742
-7430
-6358
-8182
-8453
-8738
-8076
-9162
-9842
-9379
-9455
-9177
-7751
-8542
-9273
-7590
-7157
-5236
-4988
-3757
-6666
-3781
-3223
-3044
-1839
-5793
-3482
-1903
-1196
-1736
-758
1001
1588
2334
2267
618
2340
1297
897
3117
1426
3170
3826
5013
6391
4126
5969
7563
7491
9329
8643
8373
8926
8078
8457
5333
1346
2913
4440
3794
1955
3002
3325
3625
4257
-344
-2325
93
180
1324
300
-1148
-397
-990
-1119
-1509
93
-587
-2545
-2599
-354
-1673
-2537
-1192
-364
-1303
-2054
-1743
-3660
-1835
-818
-3463
-4492
-2563
-2111
-4362
-3446
-2675
-4357
-3431
-5156
-5511
-5785
-6546
-6220
-5203
-5003
-5764
-5829
-5969
-3975
-3074
-2885
-3922
-1192
-640
-1866
-3413
-3557
-1819
-1029
-784
-2815
-2227
-2154
-1203
-1511
-711
-1396
554
1759
722
1025
-1856
-1893
-122
1662
1523
2126
1577
4066
4709
4733
5169
3035
5350
6781
4658
-1080
-1518
-685
-235
602
-171
1857
2942
3477
4423
2262
1124
2730
1835
491
-1164
-1394
-1771
-2552
-1296
-332
-2495
-1952
-3696
-2717
-5405
-8166
-5048
-5421
-4589
-4724
-3364
-2602
-2427
-2726
-2994
-5000
-2181
-2010
-1968
-2267
-2387
-1693
-2068
-1703
-1126
-6027
-6510
-2116
-3156
-241
-2375
-1913
-800
149
-160
1501
-950
-1254
1380
1635
795
-2807
-882
1172
570
-299
665
-133
291
125
1152
-118
210
-183
-831
5
1202
2255
208
1320
2000
1804
1479
2686
3719
5510
5738
5968
4886
5766
8035
5038
1483
170
1409
-919
-955
537
1082
2041
2341
3503
1966
2085
2104
-852
-2183
-1684
-1730
-1424
1066
2730
709
-1275
-850
-1828
-387
-1617
-1432
-1388
-3181
-1604
-3897
-3500
-2083
-1442
-2494
-1492
-195
-2775
-4884
-7378
-5941
-4554
-5259
-3930
-4340
-3378
-1838
-4450
-3332
-2276
-585
4
-3073
-225
3562
3552
1867
3554
3880
3830
4410
3631
2808
4030
5095
3032
4632
4242
4641
5577
5780
6062
4220
3750
4922
5141
5079
5220
2528
4407
7651
5488
4015
5717
6835
6350
4212
4088
3160
5596
8097
3199
2448
811
461
-291
-883
-795
-2214
-524
980
-1127
-2436
-2298
-6375
-5771
-3177
-2887
-4808
-5989
-3655
-3452
-3642
-4626
-6956
-4682
-2012
-3805
-7226
-6845
-4296
-4250
-5045
-5347
-6472
-6137
-6098
-6668
-6126
-4604
-4706
-5130
-2626
-3764
-6418
-5006
-3943
-5269
-5152
-4915
-5384
-4488
-1999
-4970
-7647
-5182
-2349
-2252
-3042
-2451
-206
67
399
120
-191
3002
1762
2820
3487
2338
3819
4299
4771
5289
4066
3094
4318
5938
6115
6790
5783
6089
9409
7083
6231
7494
7471
9557
7704
6937
5886
6021
6893
5122
4022
4493
4810
126
-151
-1336
1178
1293
-1091
1610
-1374
-2119
-2191
-771
-1901
-3715
-5090
-6416
-2473
-3434
-5893
-5934
-4397
-4205
-4599
-6063
-5232
-4497
-2771
-4506
-7334
-5730
-7613
-4553
-5625
-7437
-8071
-6149
-6727
-5922
-3300
-5536
-5884
-5734
-4808
-5725
-4913
-5272
-4487
-5307
-5183
-4032
-4422
-142
2195
-427
-728
1930
2694
1910
1590
2265
2776
3520
3908
1732
909
798
461
1047
2454
3711
4526
6875
5264
5117
6948
4328
5183
8210
7179
5355
5373
8987
10133
7283
7809
8229
8062
10104
8459
4955
3922
3382
5178
4005
4002
4510
4401
583
-845
3449
-148
131
432
-154
-1048
-331
-2015
-2003
-261
-2478
-4863
-5157
-2874
-5645
-6555
-8223
-8212
-5770
-3840
-7033
-5662
-4280
-5190
-5636
-8267
-5435
-5164
-6802
-6428
-6054
-5831
-6326
-7396
-6210
-6874
-7065
-6987
-8252
-5882
-4192
-6427
-6429
-3196
-1334
-1557
-2313
-2318
160
1793
-771
-1067
1339
1511
988
1470
3013
3247
2835
3529
4756
4892
5745
6244
6625
7742
7757
5737
4656
5062
6127
2336
662
5060
5002
5942
5198
5127
6821
7640
6650
5657
7269
6339
3291
3483
3894
5107
5153
5716
4526
5037
5158
4284
1749
954
5810
2815
2618
1253
786
-473
-2307
-2938
302
96
-2270
-2341
-3317
-2646
-3192
-4446
-4527
-2278
-3315
-3442
-4740
-2268
-3738
-4521
-4982
-4245
-3657
-5315
-5838
-6261
-4336
-6536
-6574
-6443
-5198
-3821
-4189
-4193
-1199
-900
-1723
-576
-908
261
945
29
-910
-337
474
661
1287
884
596
2851
3312
3346
5268
4041
3604
4432
5310
5432
3057
1948
6049
6981
5536
6887
7481
9231
10342
10137
9205
10193
10701
9078
7093
6892
5152
1124
-971
792
2513
2052
1326
4519
2156
599
728
-1291
481
-320
-547
-970
825
2744
2085
-1103
1106
2146
1897
1475
-575
524
180
-282
-1206
-903
-590
-835
-783
-139
-1419
-2266
-889
-627
-637
-2536
-5140
-3935
-1020
-2307
-3392
-3252
-3423
-933
-1341
-4641
-4932
-2281
-178
-2351
-4967
-2187
-1271
-1308
-200
-1189
-257
2478
1675
831
1794
1698
2403
2612
2641
2203
1329
3641
3368
4111
2176
-226
1921
2026
4317
1597
2435
4576
7096
7910
5499
6687
9340
9259
7345
4129
5268
7881
3302
3483
2562
1448
1230
4957
3654
2642
5068
3667
859
1725
2021
-3290
-2194
396
576
-1562
-2089
-1926
-2047
-2062
-1579
-1844
-784
233
-782
-2306
-369
905
1062
125
-531
1340
822
1754
1427
812
560
1400
-898
79
259
-2787
-936
-511
579
-345
-1660
-179
1295
1158
-804
-1996
796
1477
1252
605
846
3580
2392
2620
1932
990
3508
2720
2208
1897
733
2199
1691
1789
1503
666
882
3653
3928
2652
2654
4396
6346
5088
5612
3744
5538
8044
7424
4894
2822
4810
3170
12
-1397
1188
689
507
3093
-1192
-194
2992
-1399
-594
526
-3340
-1571
-905
-3485
-686
-24
-1195
892
1237
408
-1937
227
-143
-3125
-5730
-6538
-3532
-3932
-2813
-2696
-2762
-805
-48
-2339
-3776
-2698
-1313
-2202
-2333
-1144
-2260
-1476
-413
-115
861
242
1037
3214
3743
2591
-609
180
2729
3288
1583
1037
3938
4465
3110
3075
3035
3537
4588
2807
2959
3559
3269
3193
1798
1928
1680
2081
2655
3068
2069
1065
4059
2248
1549
2030
2590
4990
5229
4263
2105
2356
3416
2172
-684
-2583
-4524
-3062
-1128
-918
-3100
-1561
-1508
-3353
-6119
-6197
-4845
-6448
-3602
-5241
-4237
-3278
-1929
-2710
-4783
-4083
-2698
-2944
-2546
-3813
-4644
-2442
-5109
-4057
-4015
-3504
-3251
-128
1908
-1648
490
327
-953
-1567
-2366
-4831
-5479
-4932
-4321
-1803
-2268
-257
-1930
679
1145
134
691
793
2765
832
1804
4263
5402
3921
4254
4072
5792
6734
5675
5124
5229
5997
7029
5707
4921
7509
5541
4918
5375
5029
4189
3767
4465
3010
2420
2635
2654
3294
3859
3782
1978
3319
4372
220
-1049
-2167
-535
-2737
-3356
-139
-3974
-4029
-2514
-3102
-4104
-4917
-5997
-5090
-4484
-4873
-5642
-3069
-4629
-5154
-6227
-8066
-4947
-7465
-6246
-7993
-8519
-6970
-6964
-6841
-7332
-5284
-4626
-3292
-2806
-4648
-4038
-2064
-4390
-2354
-2817
-5079
-1221
-1305
989
1976
2254
2100
3265
3957
779
1345
1173
1500
-1010
-3596
-1373
415
2718
4246
3511
3431
4246
6160
5776
4997
4975
5228
5533
5242
6298
5861
5847
6651
6938
6681
6226
7186
8193
8689
7568
7824
7355
9445
9767
8340
7521
5318
6801
3923
1719
647
-856
-179
-1224
-1662
-391
-2566
-2047
-649
-2158
-3194
-3012
-3195
-5859
-7008
-6117
-5158
-5040
-6565
-6124
-5199
-3924
-4012
-4762
-4826
-6858
-4031
-5846
-5549
-5378
-5933
-4050
-4715
-6642
-6672
-3664
-2896
-3571
-5571
-6508
-8575
-7238
-5230
-4086
-3918
-3315
-1471
540
552
-1279
-1659
835
2149
-845
625
1200
3650
5085
2715
3734
5686
7630
4955
5112
5041
3103
3544
2645
1660
2974
3091
2725
4656
3505
3463
4405
5761
5507
6021
5338
6448
9436
9688
10064
11267
11541
6468
3438
378
-645
4785
5856
5516
4234
3052
3238
1968
1380
289
1779
-2662
-4939
-4794
-5665
-3969
-6081
-3611
-2913
-4980
-2626
-4006
-4548
-5096
-6574
-5583
-5083
-5362
-6471
-5803
-5185
-3673
-5525
-6707
-6235
-4176
-3821
-6903
-5312
-5400
-5059
-5507
-5463
-4828
-4102
-2850
-3729
-1719
-1971
-2914
-979
-154
-1180
-2403
-1926
-2846
-1859
-819
-2192
1203
3800
4380
2999
2300
4354
4699
4136
2085
3000
4131
5251
5830
4955
7447
6331
6891
6971
5166
5508
7071
5849
3482
4713
4863
7936
5863
2953
1996
2469
2632
3861
1631
-1484
2615
3365
2819
2945
1796
-892
1880
-849
-1442
677
-2108
179
-1945
-2075
-1257
-3199
-723
-2202
-2922
-2293
-1595
-453
-1537
-2244
-3021
-1638
-2195
-1638
-3821
-3973
-708
-1622
-3707
-5091
-4417
-3704
-2442
-3906
-5305
-3372
-1651
-3888
-4299
-1789
-2963
-1437
-1437
-4966
-3192
-2990
-1684
-996
-2020
-1294
-786
1088
220
-626
-623
544
2073
1559
365
1392
1080
1512
555
-253
1528
2525
3233
3046
2471
1788
5403
5181
5384
5452
6908
6730
4142
1610
-1591
-2742
-2351
1000
-1034
-2329
-399
193
-3283
-3812
-3510
-778
-633
-1591
-3129
-5195
-1246
-1321
-3248
-2195
-1006
-983
-418
-1178
-1347
-991
-102
-1467
-1033
-3520
-2623
-680
454
-1403
-3208
-145
-283
1495
-1934
-2111
-644
435
-467
-3568
-1914
-1549
259
71
-1116
745
482
1761
6
1895
1110
-1133
610
102
347
-1549
714
505
787
1809
954
1283
1691
637
-980
-330
2095
2347
134
-196
1095
2673
2001
1027
993
752
2136
4222
3150
1415
1901
3459
5081
4753
2544
496
-314
-746
-3930
-3758
-1955
-1271
-3591
-2580
-1231
-3445
3539
-478
-3853
-562
-1111
541
-2633
-3540
-5550
-6624
-5397
-6478
-6386
-2312
-3834
-4295
-2612
-3442
-1888
-2422
-881
-1387
-474
-2834
-1535
1071
1121
1066
-1337
1188
1788
1454
2372
2242
2955
4477
4025
2856
3772
4882
2875
2651
2846
3666
4119
3999
3837
4756
5419
5228
5155
4891
3423
3536
5297
2222
1555
1505
1852
2410
3646
525
-374
2844
2728
1406
543
935
-9
2608
3650
3244
2197
1647
2389
3074
-26
-2418
-1452
-1828
-3173
-5041
-853
-1881
-1522
-2311
-4555
-4004
-7055
-6229
-5616
-5483
-3725
-1594
-3546
-6201
-4665
-1958
-2777
-5506
-7820
-4415
-5582
-5604
-4727
-4341
-2531
-5712
-3061
-2692
-3463
-3269
-3552
-1898
-1335
-2008
-1734
-1300
662
-716
-1242
-124
1549
2448
2229
2668
2895
5535
4125
3638
3464
4490
5637
4387
5364
5420
5189
6898
7385
6307
6696
7511
7599
6878
6977
6776
7750
7728
5583
5088
4555
5491
5260
4091
2818
3566
5654
3930
2820
3172
4612
7313
6756
3996
1181
2729
1406
-2459
-1794
-1721
-2614
-2781
-2936
-3787
-4656
-3401
609
-3942
-4403
-3293
-5904
-4326
-4314
-5037
-4598
-2682
-2601
-4061
-6233
-6163
-5141
-6432
-8249
-6180
-3371
-2379
-2750
-3143
-4364
-4520
-4101
-4754
-4079
-5203
-2566
-1195
-2711
133
-1101
-495
-1417
-3299
-1351
268
4165
3505
2816
2313
3522
5125
5138
4254
3828
5398
6247
7293
6098
6170
8455
8582
7395
5588
5661
7428
6843
6393
5599
4514
4856
6547
5106
4958
5111
6545
9004
5746
6835
6969
7670
8312
5287
7855
7570
7531
2420
-1624
-1958
-1903
912
-3471
-3882
-3057
-1238
-3038
-3321
-4252
-5275
-4230
-5163
-6796
-10286
-9822
-7512
-4501
-7572
-8238
-8615
-7842
-5249
-8475
-8602
-4203
-4786
-5475
-8404
-8611
-5210
-3091
-2548
-4669
-3764
-2053
-1935
-5174
-5417
-5093
-2811
-1894
-2399
-2983
-1508
62
-332
144
-1742
-1829
1564
2315
376
-1246
-1016
-291
-126
823
54
2696
5422
5382
3464
4570
4359
4559
4521
4297
5327
5166
5635
5176
5971
5423
6682
6391
5962
4735
6427
8269
7837
6873
5893
6272
6760
4541
1252
264
-1088
656
-1822
-1670
-229
900
700
1564
1565
-2268
-1009
-101
-1577
-1296
-2676
-3235
-2713
-5861
-3450
-6213
-5893
-4402
-7041
-8074
-8963
-5360
-4352
-4935
-4949
-3852
-1484
-4230
-5888
-4340
-4019
-2663
-4582
-6565
-4574
-3590
-4606
-4422
-2523
-1424
-2112
814
-152
1767
2634
1500
1768
78
631
573
135
994
2723
1343
3141
5429
2992
2060
4740
4838
4685
3270
4993
3058
1180
3873
2753
4422
5586
5758
6533
5113
5087
7024
6501
6161
6829
5972
7138
8190
6682
4118
3152
3883
771
246
567
1000
2200
2618
106
-915
186
-698
-4160
-5733
-4193
-3785
-3200
-4629
-5308
-4225
-4503
-6906
-5392
-6555
-7348
-5791
-6580
-6816
-6506
-6027
-5689
-4110
-3431
-2876
-2787
-1917
-1622
-1947
-5132
-5658
-2740
-5018
-4798
-4969
-3702
-2221
-1780
-1392
-64
-1215
-4225
-3330
-4487
-4532
-5435
-2245
-1365
-1750
316
376
3275
3837
2130
2871
3998
3170
2366
1530
2258
3069
1324
1882
3288
2432
2090
2977
1576
2986
4592
4053
4602
835
2265
2765
2097
2255
4132
4803
2399
1683
-3017
-3007
-3338
-2641
-677
-1730
-235
-1571
-1676
-1383
-3201
-1933
-2656
-549
-2647
-2454
-3356
-3025
-1749
-2802
-102
-2013
-456
-1970
-1397
-1835
-1809
-2727
-2278
-1355
-3159
-4592
-3632
-430
-2806
-3730
-2795
-1037
-780
-3008
-3017
-307
-208
-1275
-915
-1128
832
1172
-66
729
-1016
3275
2913
1808
843
1358
4164
2607
3172
-1712
-331
74
-120
2513
142
2476
4385
3340
958
1333
3075
3121
3572
1421
2546
3986
4237
4570
2967
3311
6246
6562
4724
3699
3602
-78
-2730
638
-2564
-4101
-2669
-1332
-2912
-4922
-3523
-3034
-3614
-6887
-3043
-1991
-2290
-3536
-6327
-5531
-2798
-3139
-5541
-5141
-3548
-1622
-1801
-3046
-4404
-2385
-1922
-2325
-2141
-797
-307
-292
-889
-682
-2207
-1950
-686
-1202
-352
516
1312
1277
481
351
1945
2555
2390
887
915
-10
1814
1283
-980
-629
458
1705
1052
1799
1027
2735
2745
1795
1031
-291
1032
111
-163
-510
128
1479
173
-2924
-2013
-303
2225
286
-1159
-297
-498
2121
-1181
-1340
-165
887
217
-548
-1627
-3648
-3037
-3178
-4644
-4250
-2259
-715
-2754
-4243
-6443
-5995
-1803
-4514
-5973
-8363
-7816
-6738
-9625
-9787
-6768
-6560
-4907
-5932
-6167
-3855
-1517
-2104
-5269
-3363
-2556
-497
-1884
-2014
-427
490
1354
256
253
1634
3497
4880
3390
3929
2894
4991
4816
4122
4610
4048
6474
3350
4849
3736
5281
6044
4068
4249
1761
5668
6476
2742
4593
4128
4099
4533
1595
3093
3987
3943
3166
1859
2531
3506
3945
3728
4490
1921
2327
4316
1767
1686
1129
-1803
-3509
-4834
-6943
-8547
-5779
-6446
-6625
-3453
-4044
-2457
-2374
-2139
-5148
-4721
-4315
-5803
-5130
-7221
-8065
-6738
-6162
-5986
-5619
-2991
568
-4248
-8655
-7227
-6361
-8609
-7353
-9935
-10981
-7266
-6221
-5209
-2730
-878
-1173
-759
-2150
-293
1040
1370
270
-2
567
481
4912
3850
4054
6368
7294
6680
5560
6731
5373
5480
6763
6449
7271
8966
10040
8670
6333
7678
8813
8068
7654
8054
5769
6150
5310
3362
3824
4140
3995
3553
4097
4086
4697
5718
4964
809
1113
3868
3119
1969
-1896
-5606
-4347
-6618
-7430
-6925
-6223
-5098
-4756
-7149
-7477
-5737
-6552
-7337
-9109
-7200
-6954
-7182
-9924
-10972
-10373
-11319
-9935
-11946
-10746
-6943
-7745
-5415
-4767
-6657
-6641
-5167
-3271
-4251
-5080
-4422
-2231
-1363
-4492
-2633
-1149
-929
-2972
-6500
-3374
-1578
-1038
-1093
648
1495
3002
3116
2024
3637
5132
4547
6065
5884
4731
8553
10478
7575
7430
7512
7548
9072
6860
7513
7468
8824
8734
7052
7304
7008
7378
8377
7778
8168
9227
7483
6980
8569
6451
7021
6193
2281
461
-1334
-347
-1873
-1482
-1184
-433
-1834
-2375
-5393
-5794
-2986
-5972
-6781
-8475
-8096
-6125
-7716
-9645
-8047
-7539
-7890
-9849
-9970
-10764
-8747
-7997
-10421
-9321
-9176
-7545
-7282
-6793
-7248
-5532
-3977
-3499
-2669
-5346
-5579
-4081
-3585
-3611
-4135
-3436
-2691
-2232
133
1262
2835
4187
3360
3264
3991
1911
742
-762
-1132
2742
1500
2348
4343
5248
6675
7108
8458
6978
6721
7830
9018
8699
6404
6508
8526
7933
6997
6928
7787
10507
7411
7182
9469
10362
9547
9108
6548
6339
6321
2508
1249
-469
-961
376
2399
1758
750
-594
973
-2682
-4469
-3998
-3119
-2751
-4720
-5855
-6429
-5446
-5795
-6741
-7744
-5665
-5578
-4992
-4409
-9254
-9031
-5506
-6467
-6346
-6796
-6386
-5960
-4690
-5102
-6751
-6410
-4516
-6035
-5088
-4026
-3973
-2095
-3144
-3020
-3034
-2118
-1610
-1527
-1999
-654
53
824
-118
396
1819
3064
4099
4231
4170
3091
3013
3318
5242
2415
2146
265
-595
3468
4297
3145
4455
5335
3833
5506
5837
5661
6135
7917
7324
7746
7819
5938
3822
4730
3471
1792
2588
2796
736
454
3472
-159
2074
759
808
2821
-910
-862
-2119
-3120
-1857
-1744
-1788
-3100
-5614
-4301
-3138
-3044
-2679
-4239
-3840
-3394
-2454
-2775
-4385
-4279
-2647
-634
-2736
-3254
-1214
-1360
-2958
-2436
-3263
-3155
-3124
-2237
-2121
-3478
-1644
-1472
-1579
-1880
-2363
-1792
-1555
-2520
-4340
-1720
1054
-1435
-1101
905
1473
2372
2257
1096
2508
4499
3869
3121
2725
3684
6431
6064
4067
3437
4710
5030
4657
3153
1512
914
803
3148
2560
1294
829
-374
-4482
-4191
1897
2686
3557
3577
-626
181
1007
498
21
1107
1773
828
228
-2946
311
2181
718
-595
-1075
-1291
-2477
-1000
-2698
-3772
-1881
-535
-1891
-1968
-1005
-181
673
-1922
-1618
-232
-451
-1763
-2311
-1664
-1071
-360
228
186
-1233
2631
4715
2061
3201
3702
3008
3491
2891
1070
1839
2318
485
1002
1696
1156
1199
2713
158
-1968
596
2000
-131
-1282
93
-678
-399
-799
-2221
-571
984
-46
-413
-240
388
2693
2977
2960
3261
4895
5149
1279
-425
-3017
-3647
-4760
-5744
-8447
-9569
-6531
-5207
-6430
-10125
-5609
-4888
-5294
-6646
-6200
-4808
-7918
-7027
-7581
-6415
-3746
-3906
-4544
-3962
-1586
-2508
-3541
-950
-1924
1030
-1437
-753
-1300
-650
3874
-356
2365
573
937
1733
1032
1080
364
1751
1324
2859
870
2521
4350
4919
3149
699
5325
4122
4045
3564
2571
5913
5272
4176
2506
5520
7721
4419
5278
4602
4495
5629
4885
1992
-515
2345
2593
1497
-792
-1219
555
1254
-7
-386
-94
1775
-542
-1429
132
-3430
-1953
-8226
-7548
-6051
-2773
-1457
-4501
-2162
-4357
-3453
-3341
-3979
-4437
-1912
-4615
-4831
-7562
-11054
-9951
-9498
-9758
-9954
-9714
-10027
-6714
-6752
-7596
-6915
-4231
-4218
-3906
-3568
-2125
833
-1970
-5011
-2373
24
-954
-352
365
1393
3851
4287
3678
4639
5499
5932
5889
5636
4959
6349
7213
4658
3810
5331
6681
6389
6413
6256
7186
9070
5819
5315
7217
6609
7026
5408
6087
6459
6774
5903
3634
5281
4771
4015
4610
4018
3179
4126
3409
2362
2452
2250
1951
-142
-3041
-6484
-7371
-5112
-4903
-7603
-7104
-5499
-8226
-9640
-8726
-9499
-10055
-7670
-9027
-12496
-11916
-8047
-8037
-9700
-8319
-8374
-6821
-5927
-5321
-6730
-7605
-9705
-10478
-9891
-9777
-8741
-5832
-6007
-7952
-2601
-4224
-2814
-3076
-5043
-1809
-2138
-3607
-2042
133
-101
574
1899
2689
3265
4661
2388
2936
4984
5603
4098
4139
6980
5803
6182
8922
9030
9479
9528
10919
10100
9785
7688
5904
7867
7236
5481
5268
8258
5818
4773
4569
5813
5931
4192
1615
3879
5915
6554
4105
738
1073
-1242
-2719
-3718
-1541
-3779
-2972
-4252
-4355
-3610
-5277
-5170
-4980
-6774
-6798
-7302
-7325
-7721
-10268
-10023
-12029
-10431
-11033
-10155
-8702
-7853
-8276
-6984
-8082
-6746
-4361
-4899
-3218
-4172
-2520
-3623
-4073
-1577
-2733
-6284
-7450
-7761
-4803
-3575
-3151
-2546
-1926
-4241
-922
3783
1553
2281
3688
4665
3269
4818
3744
6745
9017
7535
7105
10231
10252
8026
9945
10734
8051
9118
10935
6871
9311
7671
6596
6737
8480
7249
7436
8346
8337
8520
10387
9961
7321
5927
2276
7450
3538
384
-558
-782
234
-294
1105
-105
-56
-982
-1979
-4486
-5340
-3683
-4543
-4990
-5661
-10386
-10894
-9735
-11432
-8131
-9008
-10066
-7339
-8641
-9986
-9052
-8019
-7833
-7956
-7276
-6914
-5436
-4961
-4874
-4674
-6441
-3570
-5974
-3089
-2185
-2856
-601
-1488
-2731
-1723
1164
-1612
2109
525
-2997
-2957
-2120
-1973
339
2090
448
1886
932
3026
3687
3381
6276
5800
7748
7361
4574
6525
7646
7071
6049
7296
7587
7015
8361
6472
7267
7829
7182
8461
8735
10193
7194
7897
4979
2541
1119
-2273
-1709
-424
773
-1005
2268
1363
-1620
137
325
-3450
-1807
649
-3625
421
1635
-4030
-751
-2586
-5173
-4806
-5254
-4398
-4146
-4003
-5086
-3736
-2960
-2941
-2715
-2700
-3743
-3836
-4359
-3809
-4327
-4865
-4733
-3564
-4193
-4200
-4458
-3400
-1467
-2876
-1496
132
138
578
1267
-282
1305
1707
3142
3624
5322
6005
5508
5953
4815
1597
2363
7077
2818
3632
6018
5002
4317
2466
3976
5935
5403
4781
6808
8861
8504
6437
7569
9721
9844
10038
6667
5192
4981
4127
2907
2155
1425
1585
1153
1309
2926
-738
-913
869
326
-960
180
-3712
-3878
-2479
-6400
-6361
-4685
-3425
-7184
-6834
-4019
-3889
-5615
-5262
-7240
-5138
-3404
-2806
-1363
-1768
1834
166
1020
515
1032
443
-138
-265
-2170
-125
-2713
-1248
-1985
-1748
597
-1802
-1004
-4719
-1815
-211
-2326
-3333
-3461
-93
-1045
432
-646
1539
2314
3332
5068
4791
5916
3882
6104
5080
3955
6059
6667
6675
3310
2053
2830
2486
3807
3187
4267
6235
3830
2097
1151
1865
-299
-3865
-4784
-1928
-551
-1479
491
-1389
710
-2407
-1981
-1274
-3551
446
-1657
-345
540
-97
-860
-1394
-1390
-2903
-1599
-1068
-3952
-4794
-3482
-468
590
-362
-2383
-928
1214
-1652
-1179
-71
-1072
-307
-783
-2263
-951
65
-178
-223
1222
2831
3800
3485
5156
6244
6319
5854
4864
5258
4768
4032
6129
5052
1305
4626
5842
3361
1918
3096
4794
3707
2137
1200
3215
3345
-937
1025
4095
2381
1548
2495
4295
4629
8509
7650
5958
6607
4449
5340
586
-4382
-3202
-1046
-1406
-3742
-3762
-3162
-2817
-3509
-3383
-4032
-2274
-1418
-5929
-4357
-2591
-5347
-5396
-5396
-6736
-717
-1073
-2649
-1761
-1350
-630
-1929
-568
-2222
-1853
855
1282
-250
2031
222
1573
1354
1387
1207
2209
3676
-34
138
-268
1737
2252
1178
462
3807
4371
2803
3275
3658
3316
3944
4019
5244
5054
4884
4933
6713
6500
6012
7344
4759
6203
5227
5902
4556
3367
3381
3810
4631
2443
-458
-1085
1308
275
-577
-106
157
791
-938
-2671
-3611
-3105
-3062
-5727
-4707
-3119
-3869
-2348
-2147
-4781
-3331
-2580
-4957
-4692
-5338
-8685
-9425
-6360
-6602
-7540
-6221
-7553
-8383
-9249
-7676
-6986
-6840
-5832
-6265
-3724
104
-2344
-4403
-1488
58
574
1560
1434
2384
2919
1606
1712
3690
4641
4946
7065
6051
7081
7237
8687
7324
7249
7348
7105
6519
3071
6897
7614
6789
6730
8840
9501
6668
7862
8308
7454
9404
7448
5464
6099
5486
6187
6657
4058
4533
5832
4129
3330
5136
4406
3931
4376
2164
2163
-1063
-302
-3541
-6142
-4404
-6556
-6213
-5446
-5785
-3896
-3234
-7513
-5972
-6392
-6637
-6193
-7751
-7077
-5877
-5898
-9797
-8572
-7950
-8541
-6580
-9851
-11928
-10548
-7423
-6417
-8325
-7379
-5312
-4440
-7556
-4794
-3450
-5204
-1744
-936
-1123
1077
3722
1833
1173
175
1676
3199
3356
3834
5069
7438
5135
4146
5004
9182
7051
5413
8108
7461
9614
8678
9351
10144
9735
12545
11635
8926
9607
11374
8641
9933
5287
4986
8952
6757
7929
5460
6371
5157
5172
4233
4150
5238
2790
1724
1915
-3501
-6207
-4410
-5352
-3175
-3414
-2603
-4006
-3600
-6205
-8044
-6037
-7837
-9936
-9021
-8825
-11164
-10624
-9856
-8776
-8929
-7988
-10177
-11129
-9785
-11645
-10357
-9388
-9283
-7340
-5945
-5301
-3389
-4504
-6720
-6134
-6449
-5820
-5301
-2079
-2550
-4600
-2659
-2328
-1482
-265
2087
1973
3362
5294
3800
5849
5918
4664
6510
7508
5744
6285
7125
6839
10562
9973
8798
11442
12746
12211
11658
11425
11834
12362
13059
10363
9521
9292
7472
7546
7117
6213
4649
7695
8218
6771
5871
5290
1598
291
-536
-3585
-1720
-1544
-871
-454
-1530
-1287
-3431
-3235
-2717
-3163
-3528
-8302
-6950
-9838
-11097
-10077
-10966
-9493
-10848
-11984
-10223
-9980
-12057
-12161
-11966
-9690
-12217
-8692
-8177
-10921
-7113
-5600
-4368
-3808
-4287
-3839
-1797
-1203
-1996
-3543
-1668
-357
-3191
-4759
-4378
-1864
-539
-775
-625
-1018
107
1219
59
-2002
1578
5983
4287
5386
6453
9172
12040
9782
9872
10671
12068
10106
8531
8897
9678
10438
10027
8159
8693
10678
9875
9232
8353
9129
8035
6229
5192
2539
2801
1393
323
1227
-1613
-779
-25
1698
-1294
-2104
-353
-3000
-1852
-1344
-2460
-2456
-4570
-6221
-6541
-6114
-7523
-8814
-6826
-8044
-7596
-9401
-9132
-8040
-6891
-7903
-6642
-7677
-7084
-5291
-6483
-6777
-6589
-4790
-7883
-5630
-6467
-4397
-5032
-2957
-2484
-3058
1513
-202
-3011
-770
1459
61
2331
2694
2074
1623
4167
67
257
2824
3390
3961
4238
5509
3487
2830
4587
4006
3166
4156
5288
9997
6278
6059
8015
5266
5033
6281
6776
5897
6271
5727
4162
3080
-2185
1446
4956
2292
3729
3606
5503
2861
4903
2369
-1804
11
-220
-3514
-2120
-1677
-4961
-2951
-4974
-4950
-5096
-5521
-6742
-5849
-5819
-6977
-5809
-7243
-5888
-5482
-4683
-1549
-430
-842
-2190
1400
180
-2759
-827
-1924
-2295
-2537
-2430
-3658
-3587
-650
-1063
-1014
-435
-1438
121
-1596
-3504
-3434
-3101
-2374
-771
-502
-387
1717
1427
1359
3525
5936
3898
4492
5555
4201
1205
-2009
1363
2444
3939
1670
2102
5543
469
417
3510
4065
1547
5161
2189
-2501
-1580
-1977
-1080
-2971
124
-2279
-896
1045
-244
2972
1265
2241
-1493
-2463
1864
1594
536
-2046
-899
-391
-3061
-4995
-3162
-2831
-4917
-4510
-3434
-5082
-4674
-3783
-4324
-3619
-4265
-1696
-1205
-2878
-950
361
-649
590
2044
2668
2732
4373
4285
2464
4032
5277
3618
3552
2742
2148
3583
2284
1481
1936
3608
2203
3717
4043
1179
1389
1925
1718
1712
1341
1758
3529
1582
-1416
3180
3648
-444
779
1499
753
1407
2599
-1501
-2197
-2659
-5017
-3190
-3680
-7143
-5283
-6507
-6100
-2308
-1661
-4464
-2740
-898
-3365
-4170
-4470
-2862
-4664
-4027
-4848
-5072
-4762
-5606
-7347
-4956
-4364
-4560
-2727
-3360
-6270
-3818
-815
-3737
-3860
-2827
-2020
-1115
87
-119
1380
1678
2830
2625
3509
3086
5049
3675
3023
5475
3736
5638
6556
4308
1992
5260
5549
3775
4310
4954
5661
5902
4927
5659
6545
6427
6506
6856
6636
6964
7724
7279
7737
6713
7204
5887
6416
6136
3812
3959
4142
2893
2890
4362
3533
-97
-2766
-2388
-4207
-3993
-7162
-7221
-4691
-4512
-5867
-7278
-9222
-10682
-6850
-6532
-6770
-7452
-7503
-5469
-5032
-6404
-5650
-8481
-10398
-9899
-8139
-7618
-6935
-4211
-5920
-2665
-6513
-8473
-2077
-2238
-4455
-3187
-2907
-614
2100
1193
789
1476
2951
3333
2791
3506
5267
5161
7664
7555
7323
8444
6618
6622
8058
6422
5837
6990
8415
6946
8033
8844
8992
10370
7478
10070
9572
9717
9122
9962
10304
6214
7982
7559
6765
6715
6729
6565
4023
3822
3606
3930
3693
-144
19
-2016
-7442
-6144
-7642
-9489
-5952
-7970
-7371
-4556
-3343
-5103
-6727
-6425
-7925
-9187
-8543
-6661
-8462
-8812
-14305
-15412
-14917
-16490
-14211
-15457
-14301
-14419
-15488
-14074
-12407
-10420
-12013
-11280
-9709
-10641
-6464
-6120
-4277
-1548
-321
253
-13
967
2589
5806
3914
2922
5128
6086
5780
4329
3998
6008
5462
4865
4043
4601
5419
5369
4882
7048
7922
5226
7855
8289
7145
8060
7389
8648
9783
7297
8810
8716
6489
6187
7846
7211
6207
8258
7123
7092
6087
1866
-2986
-4617
-5764
-6578
-4433
-3388
-3326
-5207
-2944
-3793
-5227
-6313
-4260
-3487
-6626
-4959
-9243
-8254
-11074
-9527
-10894
-14649
-10293
-11347
-9384
-8747
-12149
-13662
-8792
-9904
-12608
-15715
-16824
-11614
-12081
-11356
-9436
-7141
-6000
-7850
-4318
-4726
-4996
-1478
-141
-3363
-1305
3703
902
1240
1642
1695
3974
3899
3382
5095
4924
5429
6021
9082
8924
7905
9988
10299
10920
11790
11479
9969
11164
12679
9626
9088
10014
9928
7881
6449
9777
8971
6044
4835
6288
3518
4309
2704
112
-3152
-4290
-955
796
-2215
-28
3394
1988
1188
-4473
-683
-810
-1279
-2827
-2948
-2657
-3455
-6297
-6604
-8057
-11119
-10116
-12753
-11649
-12756
-11866
-12854
-13081
-12547
-13217
-10742
-9110
-10144
-6818
-6961
-4903
-3264
-4138
-4113
-3519
-2175
-7201
-4018
-3991
-4203
637
2504
279
1936
2632
-1872
-1183
428
-2558
697
1777
-741
2482
1726
4802
4897
4111
3776
7028
7504
5779
7966
7356
7538
8565
7873
6310
7130
9234
10613
9944
13030
9803
10814
11964
3535
1406
3275
1887
-2633
-2693
-2131
9
1847
-1266
70
-444
-3160
-3354
-3050
-3927
-3353
-18
-849
-2535
-4083
-4431
-2758
-1504
-5085
-5226
-4988
-6871
-5705
-5686
-6406
-6201
-6947
-6553
-4648
-5781
-4229
-3225
-3142
-4105
-2461
-4696
-3136
-1930
-4491
-1354
-1164
-714
188
2009
1259
2771
2593
1826
-2098
-3764
-634
703
597
1599
4461
5672
7044
4710
6034
6541
5837
6811
4763
5454
8559
5527
6768
10398
8269
3065
4297
5540
3627
5688
5928
6576
4442
4311
3523
270
-1640
-880
964
2796
-677
-1135
1254
2943
4743
3101
5033
2145
2166
3697
-848
-5824
-6017
-6554
-9931
-8843
-8847
-6595
-6485
-8287
-6745
-9231
-7825
-6895
-7665
-5429
-5548
-5997
-5985
-3719
-1474
-217
49
487
2754
1754
1999
3635
1941
1178
3072
2863
2237
1954
-1353
-190
599
1395
-1291
-3001
1088
636
1424
1601
979
1873
1993
-444
2844
-902
-2765
3558
3564
5915
4863
5892
7323
7259
4312
4187
9493
6737
3951
6862
3677
2056
-208
-4024
-1303
-1927
-4635
-4033
-477
-5805
-3305
-1159
-4106
-1651
-574
564
-698
332
-294
-1104
-1402
-2983
-3634
-3150
-4882
-3455
-5793
-5871
-6701
-5540
-4265
-6690
-2927
-6118
-4418
-4337
-5139
-5397
-3975
-1667
-2861
-1319
601
773
2741
3886
4844
4918
6290
7370
6925
7870
3734
7282
5909
3983
5240
5966
7621
7897
6880
7717
9468
8461
7690
3699
5237
6921
6044
5346
7034
8404
7296
8458
8434
4966
6536
7681
2257
-779
508
2719
1703
-1272
-5467
-4287
-2129
-2536
-2599
-2151
-773
-1740
-1837
-775
-905
-470
-1573
-1393
16
-3859
-1016
649
-5512
-5919
-5283
-6036
-6981
-6241
-6086
-8607
-7098
-7831
-7977
-6814
-7612
-8103
-7074
-5342
-5878
-3270
-575
-1008
-1608
-1239
1074
104
-940
1291
2210
5199
3438
5603
6271
4753
8628
7597
5588
4133
5202
4790
4117
3969
3285
4034
4660
6281
5768
6450
8635
8592
7368
6891
9183
9857
7383
6323
6569
7435
5395
4826
5229
4312
5043
3018
4581
2512
475
-4359
-7822
-8050
-9243
-8812
-7604
-8034
-8919
-4674
-3488
-4434
-5934
-2969
-3000
-1693
-3926
-4736
-3229
-5268
-5956
-6100
-4885
-7630
-7769
-8801
-11636
-10741
-9729
-10157
-10360
-9791
-9448
-8556
-7203
-9640
-6816
-3924
-3455
-1219
-1267
-2134
-1567
3597
4310
4008
4298
6074
7448
5102
7017
5463
5791
6468
5375
7499
5915
6343
6834
8248
7709
7147
10228
9698
8838
11140
12057
10356
12946
10986
8483
8525
12128
10553
7245
9365
9038
8800
6968
6881
6826
2560
-2226
-779
-5536
-7773
-6019
-6450
-5642
-6849
-3371
-155
-3819
-4723
-3240
-2633
-897
-4198
-6777
-8530
-10579
-8982
-9799
-9055
-8449
-8904
-7205
-7418
-8631
-11438
-10312
-11028
-11393
-9781
-10669
-11343
-11134
-9901
-7519
-6154
-6578
-5511
-2810
382
-1318
1197
3638
2632
4694
4827
7011
6011
4375
6266
6821
6507
5413
6477
7141
7454
6682
7355
7407
5939
6253
5392
6314
5937
6346
5908
6586
7926
9385
9716
8480
9708
7712
8866
8374
9490
9949
10302
9443
6717
928
-2097
273
-3333
-2233
-989
1672
-5285
-6778
-3674
-7900
-4221
-4928
-5123
-4107
-4312
-4301
-6264
-6426
-7078
-9055
-9137
-8977
-10502
-7620
-9225
-9983
-11299
-13440
-12612
-12380
-11724
-10308
-6190
-9344
-10886
-7122
-2805
-7153
-7483
-5915
-1963
-3263
-4914
52
15
3046
1359
1946
2826
4137
2658
2856
4961
7871
8809
6783
7522
7306
8593
10552
11354
10147
10763
11195
11866
12190
12641
14961
14425
12041
12400
14614
13043
11651
11668
9120
9664
9194
7716
5962
5997
6377
-165
-2750
-2536
28
-764
-2670
-1029
177
-311
573
-2111
-7234
-1601
-785
-1071
-484
1778
2274
-912
-4171
-6165
-4736
-7064
-6367
-7329
-8915
-7832
-7765
-9133
-12046
-13436
-11515
-9056
-8146
-7716
-5900
-4459
-9048
-10870
-7543
-5497
-5010
-2577
-980
-1676
-654
1681
4703
7073
5401
2574
6191
5045
3289
4254
4598
5965
4412
1816
4233
6147
5126
5612
7390
8437
7545
10898
9495
9148
10356
9618
8840
9419
10573
14260
14610
9714
12033
10838
10672
9659
3411
1891
4028
-1853
-3337
480
831
1565
-1366
-2412
-2896
-620
-3376
-1167
558
-8031
