-1716
4609
4073
3014
767
659
874
1611
749
3172
-1692
-5605
-4038
-4378
-6902
-6522
-6981
-8591
-7974
-6829
-6091
-6067
-5683
-7397
-6310
-6555
-8521
-935
2284
3922
4436
3874
5031
3746
6023
4491
1870
4062
5059
2515
867
-266
-1180
-1488
3116
2683
2359
5400
5025
3842
-4713
1229
6556
32
4143
4026
3142
4493
7921
8407
3859
4312
3808
2030
2894
1679
411
1213
639
481
491
-201
-846
-586
-2816
-6564
-8253
-12168
-12035
-9520
-9019
-6852
-7760
-5145
-7271
-7463
-1438
-625
-2064
414
403
-250
42
-587
-190
-889
-141
-1822
-388
-1294
1958
3494
1306
-1065
5883
7702
5652
9883
6965
7303
5827
6862
6130
6218
5479
5840
7016
6742
6313
6863
5743
2563
3330
2814
3550
2730
379
-2362
-3562
-4400
-4905
-3542
-4930
-4912
-5121
-8445
-8508
-11434
-10644
-10356
-12655
-11125
-13149
-16128
-11343
-4438
-3024
-9217
-8293
-3377
-3965
-459
-2315
4109
4047
6332
6577
6714
15288
13835
12833
13565
13985
10332
10508
10268
10831
10618
11386
10203
7539
8184
6226
10012
7601
7192
7739
2954
5245
5130
3300
1667
704
280
-1820
-3148
-4216
-6083
-7448
-9528
-9800
-11110
-11933
-11089
-12327
-15526
-16138
-13420
-12796
-13843
-15135
-14843
-13612
-8420
-2514
-1698
1109
3727
3444
3610
7113
13506
12858
11785
17304
16954
15069
14280
12701
13189
13006
12053
10741
10370
9848
9217
8389
6741
6911
8185
6412
5776
4075
1560
1646
408
-659
-1715
-2151
-3261
-2823
-4364
-3670
-5439
-8792
-7835
-9947
-9488
-13807
-15546
-15839
-16927
-13036
-15405
-17202
-15976
-16570
-10580
-8991
-8995
-5258
-5316
-362
4953
9801
11214
7840
7999
10432
10001
10793
11893
12685
15228
14443
14987
14867
13473
12812
12230
12055
10177
9025
8499
6601
3565
3147
3107
2117
2333
1466
1410
618
-1876
-715
-1319
-2900
-5072
-9281
-8105
-7183
-8427
-10554
-11836
-11547
-11139
-11863
-11397
-12909
-12859
-10037
-10222
-6545
-5919
-4891
-9253
-10435
537
2964
-369
345
3039
9118
8139
10011
10881
5801
8768
9262
11430
12737
12409
10910
9115
9715
9283
9380
7504
7598
8547
5241
3877
2990
684
1642
-115
-679
-655
-3110
864
574
-1943
-284
-142
-1069
-1381
-4365
-5676
-8003
-8429
-7859
-9063
-7344
-8009
-8196
-8992
-9148
-2274
-6392
-14149
-5539
-4426
-6699
-6997
-6885
-6328
-5655
2955
986
-1476
1993
8342
1864
4493
6541
5007
5022
3982
5648
4038
4079
4237
3608
6268
5534
4586
4979
6978
7261
5627
3392
2898
2570
1239
802
943
3387
2398
3545
4615
1695
260
-1028
-925
-1704
-1961
-1562
-2405
62
-1037
-2499
-7276
-3992
5142
-2780
-7025
-3805
-1790
-2721
-5158
-6694
-7184
-6957
-8831
-6050
-6934
-3743
-3779
-5096
760
-669
-732
3707
4871
4192
4870
8491
6384
8613
9290
10575
10027
9638
8270
10473
10254
9252
9856
7997
8304
6352
6608
5290
2164
1401
-622
-655
-2207
-1066
-1814
-2498
-414
502
274
-4544
-7654
651
1964
-5134
-3002
-2632
-1374
68
-662
-2546
-3373
-5613
-9061
-8478
-11416
-11976
-13661
-8296
-8081
-6547
-1775
-2700
-5112
-919
2670
3933
6737
6620
7040
5838
6820
9755
8705
10520
9384
10961
10324
10928
10179
7072
8703
6707
5051
4514
2876
1793
2704
2669
681
4247
4630
4687
687
-2169
6848
4081
2376
3600
3060
2086
-1350
-2976
-4818
-4634
-50
61
-3306
-2942
-3474
-4960
-8397
-7888
-8221
-8728
-9667
-5140
-4202
-2651
-1196
-1970
-2167
-9070
-2109
2472
-101
3120
3375
2223
4403
6563
6723
6713
7219
8231
6731
4568
2686
438
-147
-2599
2929
-1705
-3381
-1421
309
1151
-606
2797
9988
5579
1764
3085
217
926
-415
-1259
232
-1658
-237
738
833
-304
-2971
-3943
-3177
-2814
-2261
-3990
-5263
-4620
-4091
-430
-4420
-4178
-4010
-8950
-6697
-6762
-4489
-3508
-4989
-18
2878
3072
3819
1533
851
-832
-1476
-2
-2053
-960
-548
1304
2902
4071
5578
6451
3287
327
11077
8329
7072
6489
5783
8133
4094
8418
9380
8374
7895
8934
9262
7262
6250
5872
5940
8470
7509
4854
4908
3524
2946
2698
1082
-185
-828
-2228
-3813
-7094
-8331
-7754
-10280
-10799
-10991
-10534
-9883
-6888
-7903
-12524
-7566
-4708
-3370
-3455
-2243
-2437
-2793
-4028
-5514
4053
-2854
2738
-1448
1335
11367
4782
8616
12059
10144
10191
11537
11369
10905
11218
8869
8857
6959
5934
7049
6806
7729
6234
8507
7479
8375
6912
5758
5146
4309
3973
2504
1418
-249
-2576
-4416
-4289
-5231
-7114
-9168
-9972
-10969
-13028
-15334
-15443
-19709
-19014
-17188
-17216
-19501
-17201
-9748
-9177
-4863
-1294
-6019
4283
11102
8763
9031
6511
10682
10057
9992
11529
10537
12518
11150
13622
12621
11998
13555
13231
14552
13030
10221
8360
6339
6079
6041
5302
4704
3811
4277
3021
1621
1509
-649
-1354
-2356
-3149
-5719
-6310
-6528
-9455
-11307
-14644
-15958
-16192
-15430
-18829
-20330
-20045
-20807
-18680
-15604
-9476
-4052
-11014
-9426
3880
4376
1810
2190
5667
7290
15086
15281
15875
13952
14875
15449
14707
14997
13548
12589
12654
15928
14582
14001
8518
7628
5841
5810
6117
3990
2527
1521
-130
148
-2219
-2453
-2762
-1999
-5425
-8315
-7138
-11153
-10830
-13451
-14323
-13490
-14308
-14432
-14975
-13658
-15938
-17836
-15509
-10386
-7311
-14669
-5197
-32
-4500
-4665
-1416
-391
1133
7016
8187
8162
10138
8551
10740
11882
11198
14995
17052
18407
15666
11765
13486
12151
10682
9946
7916
6148
5952
4609
3617
1739
1550
-635
-1687
-1519
-3415
-1750
-4253
-6338
-6857
-7261
-6131
-5851
-5103
-7327
-10736
-9610
-10106
-10346
-10976
-11322
-10037
-5295
-8499
-11442
-2055
-3108
-3777
-2584
-448
221
-1680
-1177
3038
4342
562
1919
5807
8269
7942
10072
9823
10694
11440
10935
12242
12081
12372
11603
11731
10397
7727
6918
6075
7455
6786
3526
6359
4122
1863
1788
3963
6424
-520
-2184
-1496
-2659
-2420
-2911
-2400
-3325
-2373
-2394
-2982
1551
901
-6730
-2125
3027
-2175
-3526
-1453
654
-924
-2405
-3186
-2500
-1495
-2106
-1833
-4515
-5233
-2536
-2303
-5475
-4284
-1268
596
3833
3310
1357
765
1084
5090
4807
2903
5883
5775
4843
3108
6710
6649
3387
5599
2300
2698
4151
2354
2076
2270
2164
163
-18
-1365
-2260
-459
-2567
-1322
1766
-1914
-6210
4681
4638
-1826
4695
4429
5481
4515
4196
1869
-1746
-1973
-3076
-4380
-6282
-7219
-7915
-8998
-11705
-11989
-7365
-6041
-8892
-9800
-8367
-9396
-3707
-311
-2026
5687
5770
4929
6668
6348
4488
9124
9823
9727
9656
8085
6748
5892
5964
3688
4008
3424
3470
2051
3094
4795
6444
8191
-1352
6977
12842
8077
6633
6225
10365
7812
6878
4387
4240
4347
5106
5678
3630
-541
-395
-834
-1741
-1608
-4766
-2141
-6453
-7206
-8039
-7334
-3005
-5973
-8120
-4499
-3225
-5023
-4476
-6619
-1853
-996
6616
4693
4854
6270
5063
5551
4422
4910
4133
4157
3500
36
1605
852
4186
4777
5008
2081
752
11920
9065
3270
7487
6223
3751
2217
6663
5911
2802
4601
6834
6885
3264
3187
2923
789
211
-166
2221
2495
442
844
310
-612
-1444
-1301
-3525
-5376
-5668
-6871
-7183
-6756
-7856
-4979
-4824
-9283
-5281
-2878
-2502
-2363
-2058
-1954
-2972
-1156
2086
2281
2175
3549
8472
7426
1541
8870
10670
6663
6385
10130
10730
5825
6158
7282
6739
7058
7864
5835
6582
6457
5468
8463
6593
4760
7070
6848
6377
5549
5200
5298
4627
3476
1699
-199
-1201
-1826
-2026
-4599
-4853
-6029
-7692
-7936
-9760
-11388
-12224
-11787
-12656
-9991
-12031
-14918
-8149
-4882
-4265
-1898
-3708
-80
3992
1269
2680
9489
9039
7854
10452
9919
13143
12856
11956
11031
12933
18044
16366
12892
12681
13069
11474
12187
11605
10410
10759
10663
9290
9010
8664
9016
7734
5802
5024
2794
2597
1039
-858
-2218
-2688
-3857
-5369
-6856
-8233
-9422
-11291
-12720
-14513
-16124
-16381
-16622
-15937
-14351
-13941
-10798
-9282
-11223
-8362
1215
4751
2034
-168
1002
2483
6142
16684
15133
14941
17787
16133
15934
18324
17333
16696
16461
16175
16542
15915
9388
14416
12996
12996
11756
10236
10013
7246
7181
6722
4942
4466
3401
1019
898
-1816
-3018
-4696
-7211
-7336
-9315
-9752
-12224
-12537
-12893
-15542
-16618
-17117
-15568
-16560
-14849
-10328
-14531
-14686
-5666
-1519
-7325
-10705
-2499
114
8727
9974
13928
14016
14666
17717
16471
16725
17359
17657
13299
14553
15549
16188
15024
16226
13906
10236
7765
10628
10475
9419
6851
7314
596
1091
1469
449
315
-2335
-2409
-3702
-8925
-10450
-13518
-14644
-14084
-14663
-14748
-14346
-12686
-11849
-12805
-8689
-1910
-9731
-6761
436
-3577
-6136
-4756
-3949
-6718
-1119
402
1691
796
-1816
5134
7669
9632
10613
10919
13868
12743
13744
13474
12707
13287
11582
11514
9297
9159
7892
7046
6027
9092
7564
835
3117
3184
1292
-529
-3694
-6981
-8322
-4584
-5821
-5329
-7700
-12844
-12135
-14895
-4628
-6114
-5994
-3356
-1906
-8508
-10027
-386
-767
-2306
-1397
665
-988
-2609
-929
-1787
-755
-2588
-2316
-2690
-3816
-548
1650
266
-1655
5040
8590
6704
7433
7733
9727
8840
9692
8619
8821
9298
8696
7445
6722
5570
1505
2868
2268
3087
-2092
-1827
-469
-4049
-1223
-1097
241
-4288
-3818
-1967
-1769
1584
1001
2905
-1677
474
10601
5104
2511
5421
5478
4443
4191
4145
3745
2887
439
872
-106
-1192
-1998
-3783
-4224
-5259
-8243
-8430
-4226
-1999
-3098
-6273
-5145
-2627
-2797
-1282
-4414
-5605
234
-190
-858
3696
3659
4543
2513
-4554
-1791
677
-724
2951
3428
2774
-419
3114
-2430
-2303
-138
-245
1846
5376
-3298
5507
11450
7232
7302
11197
8591
8215
9981
6118
5663
2845
5666
1503
-455
4493
4090
2217
1936
-4489
-3771
-4205
-4317
-4833
-8223
-11273
-12052
-9544
-10348
-9978
-7563
-10958
-9992
-3649
-4668
-397
878
-1945
2058
3232
3676
4984
3640
4442
4606
4484
4749
5308
6613
6420
9776
10977
6632
4059
12898
13207
7713
9630
8864
11305
10414
12537
12245
9719
10509
8417
7924
5827
4968
3309
706
-2113
-1888
-3651
-6123
-4721
-2654
-5415
-5849
-5326
-8641
-7958
-9874
-10189
-6245
-9680
-13134
-12626
-14208
-10384
-11626
-16416
-9493
-4294
-4230
-1126
-2736
-2995
2053
2312
1794
1334
1145
1405
8999
11563
5851
4765
13677
13033
10430
16153
15207
12334
8541
14160
13229
11801
10945
10066
8085
8901
1337
1254
1936
1327
690
705
2206
182
1145
-2998
601
1905
-1636
-3544
-4300
-3517
-4490
-3869
-5287
-7390
-8721
-10147
-10272
-9792
-11105
-10536
-12265
-8671
-10585
-13946
-10334
-3593
-628
-797
2142
6371
11137
2989
8326
19664
11731
12244
16190
15364
13101
14933
14628
14536
13404
11818
10695
9591
5425
3512
3269
8819
6859
5705
6086
9617
4154
1476
210
-398
-710
-795
874
-499
842
-363
-1881
-920
-3908
-4677
-5817
-7226
-5879
-8500
-12044
-12996
-14710
-15561
-14618
-13855
-13851
-11969
-11759
-10469
-7302
-8330
-5312
-4556
2998
6904
79
6012
10796
8615
8435
10388
12496
12260
9464
11773
12143
11456
10089
11300
16092
14509
13626
11220
7752
7366
8338
7188
6367
6112
5472
4942
4897
4744
3037
1378
-226
-1238
-3203
-5287
-5219
-7255
-8742
-10900
-12858
-11587
-13611
-13644
-12383
-13505
-13223
-13098
-14021
-12697
-11888
-15649
-12409
-3167
-8229
-8894
-6004
-3508
1258
-3811
3855
6373
3825
10069
10762
15047
15407
15244
15328
12203
14003
13292
12454
11112
13101
15535
13633
11850
11992
5202
5444
2979
7485
6178
4687
4971
-757
511
1607
739
-951
-3435
-8373
-9309
-8851
-9338
-8617
-8898
-9616
-10786
-10058
-9038
-11891
-6644
-6332
-13825
-1666
-4401
-7285
-1243
-8071
-6177
-8011
-4810
-435
-1992
1545
-3322
-1391
6839
6376
7484
5717
9918
11350
11544
13957
13201
13873
12786
13441
13115
12899
11163
10924
10548
9731
7870
6232
5074
2845
2963
1834
-273
-2965
-4229
-4966
-5641
-6718
-5780
-7011
-9624
-7159
-10399
-8720
-7864
-7103
-5901
-8753
1032
750
-1807
2388
1472
39
-721
346
-301
1050
-583
-1624
-985
-2820
-1318
-3534
28
2589
-4774
-1600
3162
5483
6177
2686
5550
6419
5169
6141
3577
9482
4119
3802
4255
2576
4248
4087
2118
-402
-4804
1377
175
-2185
-3569
-4750
-3899
-4739
-6626
-5119
-6534
-7502
-3025
677
-3927
3854
9014
3314
4442
6484
5833
5255
7190
5811
4573
2678
1627
520
3350
3519
-2484
-1979
-2579
-4078
-4950
-6006
-7439
-9416
-7080
-1969
-3631
-7413
-2955
31
-1459
306
-983
1059
1480
1200
3234
984
164
-1725
257
-2019
-3174
-1988
-2113
-1596
-3234
-3282
1912
5017
3123
8490
4240
782
12250
10877
6495
13642
12532
11782
12006
11932
12323
10745
10322
10008
9371
8113
8260
3789
1670
237
-1475
-3299
-4768
-5862
-7531
-7926
-9246
-10065
-9951
-11953
-12769
-13667
-12192
-6321
-13329
-14823
-10967
-4697
-5609
-3237
-2884
-4658
2182
-2122
-4291
2281
-9
806
801
2148
3464
4358
4620
12269
7536
7999
20849
9637
8397
13005
13780
11906
9783
11893
11832
12619
9940
9126
8295
7555
7148
6714
4600
1890
1922
-933
1063
-4431
-4779
-5035
-7634
-8522
-8960
-13685
-14167
-13083
-16151
-16206
-15077
-18799
-20294
-18728
-21013
-12414
-7323
-12741
-8472
-4869
-5286
-364
-613
947
-1517
1449
5453
9703
12882
6387
15206
20369
12516
13589
17093
12256
11996
14032
13306
12576
13082
11758
12572
11362
10143
7021
5782
4469
3933
2168
754
1211
383
-691
-7004
-6512
-6036
-10990
-8097
-7697
-11676
-9780
-10461
-11972
-9111
-12670
-14898
-15016
-15276
-9900
-11304
-16267
-16546
-14118
-14318
-12590
-8639
-10778
-7235
-4096
-1630
6326
1526
2112
13135
10789
8969
12153
14536
14721
15694
15891
16179
15784
12542
12785
11631
12229
12597
10718
8087
8398
5592
3709
3454
2022
3703
3142
2229
-515
-1833
70
930
-1317
-1558
-3362
-2775
-4323
-4521
-2527
-3889
-2558
-4785
-6345
-7193
-8848
-9662
-9387
-9826
-11057
-10033
-9438
-10054
-7133
-5958
-10758
-3093
4965
-2088
2269
7358
5927
8670
11391
13207
11904
12955
10767
12192
13101
14002
12023
9679
10174
8528
9749
9799
8709
5558
6628
6197
7706
5718
4054
4600
2755
2548
1695
3102
979
1387
234
-306
428
-1699
-3407
-5028
-5751
-8241
-7669
-8778
-8155
-6950
-6377
-7039
-10039
-7446
-6300
-10142
-12891
-2756
-1261
-6017
-5734
-4989
-5873
-5323
-4022
-6259
-2714
1539
2777
1547
3783
4082
6724
4574
2856
6896
5398
6952
8617
7765
9047
8068
7060
7945
6645
7490
7369
6189
4984
3057
1336
553
-189
-633
-523
-3240
888
-642
-5744
-6369
-7382
-6387
-6568
-6891
-8616
-1801
-5033
-2998
-10583
237
6271
-169
-983
-7643
-2696
-4691
-3771
-4615
-6839
-4709
-4520
-6358
-10001
-4141
-816
-2393
-4479
-3010
492
2114
3877
5015
7852
8803
8592
7616
7210
5873
4720
6164
6079
5844
10040
8559
9346
8233
2416
2787
2312
839
-190
-3341
-4744
-5006
-4557
-3136
-2522
-2698
-2454
-924
-515
-4254
-7905
1657
122
-3486
-878
-18
2273
3668
2435
-2231
1034
416
-1566
-2219
-2419
-460
-3280
-3502
-2565
-3724
-2462
-3470
-2379
-2044
-6912
-2711
2717
1439
3718
5175
7453
7663
5512
7019
5166
4793
4702
4595
4704
4278
2747
461
-420
139
567
838
-348
-1001
-3423
-1853
3359
3428
-2795
-5490
5281
3792
2368
-145
-506
3906
1293
3092
5427
6066
5297
5966
6217
1308
2114
588
1440
328
-1138
-2725
-4907
-5550
-6760
-8240
-8945
-10016
-9675
-10125
-9361
-6516
-7341
-8966
-5785
-1868
-1399
-1953
-2436
-3457
1469
2562
-3358
-4624
-2995
-2481
-407
-1470
-2446
24
-276
1166
2134
4252
-3635
-1235
11308
6984
5432
8794
9090
8487
10359
11331
11264
11118
10852
11321
10175
9075
8212
5390
4591
3027
1730
1919
191
618
-823
-1601
-1653
-4270
-5929
-6750
-9115
-9996
-11909
-15538
-14693
-14531
-11630
-8392
-7902
-13118
-8328
-3907
-5975
-3014
-9693
-6710
-3242
-2175
1006
-5310
4726
10868
4856
7413
15467
14676
8385
12624
14689
13073
14792
16805
12280
10955
10706
10070
9308
7613
8118
8639
5346
4435
5143
5190
5634
4897
3362
2950
2064
14
-902
-1186
-1693
-4635
-6345
-6817
-8295
-7642
-9543
-11784
-12296
-14798
-13523
-16234
-16265
-17619
-17347
-13143
-16125
-10480
-11770
-9756
-2484
-579
3696
3403
4759
6699
15399
18225
15589
16341
16085
16290
16695
16927
17049
19937
17941
17107
16395
15226
14672
9861
9414
7622
6410
5617
3624
4728
5233
4963
3403
149
1339
-2001
-4176
-5445
-8143
-8078
-12061
-6091
-7718
-13955
-13112
-12129
-13487
-16981
-13753
-12248
-14128
-13747
-14600
-17368
-10848
-13552
-9963
-3084
-3372
-1614
725
-1333
6326
7791
8844
10253
9344
11187
10930
16457
16201
17039
10456
11103
11423
11677
12685
10563
13257
11860
9839
9393
8379
6718
4241
3288
1506
301
-1121
-4627
-4219
-3207
-6324
-1424
-1346
-6190
-7197
-3980
-3547
-5799
-4325
-8252
-8871
-9015
-10399
-9660
-10898
-9997
-9069
-7895
-1817
-2817
-6307
-6603
1728
2346
-2063
1103
-803
3433
3923
-718
4300
11775
11556
10817
10859
9583
11319
10623
11440
10950
10046
10384
8774
8410
8985
7506
3955
5098
2854
1982
2865
2821
-2997
-3744
2173
-4851
1786
2286
-552
638
1204
1351
-255
-462
-941
-1906
-1019
-1682
-2356
-1529
-824
5076
1671
-3174
2656
7496
4932
125
2923
1015
-266
436
-1136
-1267
-1107
-1240
-3011
123
1183
-3824
-7105
-286
110
2205
651
1285
2686
2514
4813
5065
4035
2410
5533
2704
3526
6179
6057
6789
5778
6231
7262
5642
4181
4526
3016
2922
1563
1630
201
229
226
-1183
1246
-385
1027
5092
2667
-877
4448
9217
4633
4004
3574
2333
1186
726
1566
846
-456
-2110
-1468
-5515
-7743
-9840
-9662
-8048
-11656
-8863
-4791
-6434
-10416
-3947
1779
693
2460
1903
3765
6430
7798
8037
7108
6679
5480
6620
5755
4086
4563
5875
5995
6215
5653
4507
3607
713
966
1446
1489
3534
4366
-718
434
8383
6448
4344
4617
2455
2673
2045
2342
3857
2510
174
1068
1238
-2749
-4088
-4042
-6227
-8523
-9286
-8801
-10225
-11529
-12665
-13233
-10450
-6638
-7258
-4349
-1903
-4125
-3560
3733
-857
-944
404
88
1450
959
2182
2855
1805
1908
1621
7265
5971
6302
895
1626
117
1404
6054
2747
1698
2974
9487
8059
3906
7956
4654
2295
1682
1884
1551
3185
4833
1233
-370
-1543
164
-2434
-2443
-3562
-5323
2574
-686
-1148
-65
1209
-479
-9147
-9526
-9492
-10151
-9299
-10162
-9044
-6704
-7948
-3598
-5308
-7985
-4635
-1092
931
-1035
-919
-27
1026
849
1896
3676
3409
1049
6713
8124
3205
9841
10999
8029
6511
6288
10913
9231
11943
4397
5088
9590
7888
6976
5873
5085
4103
3281
6596
6397
7421
5132
4970
-995
942
1139
237
-1037
-969
-1878
-3191
-5294
-7887
-7888
-9318
-8993
-9596
-9261
-8793
-9972
-10411
-9982
-11274
-11057
-8348
-11698
-12273
-7413
-3869
-3734
-2457
1299
2323
4070
3015
9722
11566
10533
11005
8740
13481
12529
13077
15178
15833
14831
14345
13956
14112
13821
12877
11191
9784
9737
8178
8549
7435
8039
5988
4775
5121
3481
4237
2553
835
1610
-399
-1055
-1815
-4093
-4167
-6209
-7015
-8840
-9449
-9346
-11241
-13347
-13036
-13242
-17066
-16961
-16776
-15237
-11120
-2300
-9115
-12098
3889
4921
2350
6484
7291
6832
9330
13832
15774
18454
16881
16639
17381
16098
16288
15515
15544
15685
13091
12502
11790
12005
10907
9196
8212
7367
7210
6530
5811
3869
2396
2687
1374
-76
-1717
-3106
-3907
-4547
-6029
-6468
-6129
-9634
-11852
-9543
-13285
-13811
-8508
-11802
-13994
-9549
-5715
-9203
-10752
-6653
-1922
-2891
-2222
3377
3018
-1423
4029
9906
10754
14927
12659
12482
13793
10428
9467
9789
9704
9016
8349
7567
10089
8653
5925
5214
6931
4335
4001
4040
3013
4556
4143
3481
1126
-424
-1525
-3483
-4154
-3955
-4146
-8405
-6077
-4932
-8792
-8832
-7858
-4725
-6554
-4823
-3209
217
-2473
-5173
4526
3733
1212
407
3267
1935
-1161
-350
-1231
-631
49
2246
3840
1698
-770
4967
7225
8534
8353
7199
9621
9918
10591
8857
10731
9902
8726
9408
8157
8668
7675
7412
5558
2803
3549
793
-2296
1497
-185
-1754
517
578
-1123
-2947
-802
-646
-2383
-2594
-2020
-3671
1070
3651
-3538
46
6503
5790
3547
3105
3127
1055
1550
-1010
-2969
-2446
-2925
-4398
-4797
-6245
-7828
-8635
-7079
-4987
-5804
-4911
-12175
-7256
3797
-3220
-1135
599
24
-2092
949
1538
1213
2365
4843
2277
1356
3382
3704
4375
3740
2355
1210
-516
-136
806
-284
-667
-470
-842
2536
8478
6883
1177
9405
11787
9468
8648
9417
4292
3146
4487
2677
1525
4619
4647
3450
1616
537
-493
-1286
-6750
-7579
-8543
-7501
-9082
-9554
-11854
-12339
-11303
-8508
-7098
-10767
-9108
-6994
-4997
-2080
-3031
-1849
988
2693
5073
6293
6392
6390
5817
6036
6677
6518
5188
3961
2646
5405
7093
8395
11124
7580
4103
13491
10437
7850
9159
10454
9201
9637
9096
6574
7248
4723
2351
-519
2425
2413
1133
844
-968
-2963
-3362
-3415
-6528
-7368
-5091
-5634
-14211
-14884
-10000
-13482
-12981
-12137
-13976
-10644
-8751
-9437
-12406
-4126
-352
207
971
242
3445
5220
6346
5701
7579
7207
6417
9362
10717
12898
10058
7027
15976
16412
12758
14760
13076
13097
11395
9948
10359
9562
7890
7928
6804
5644
1764
565
2504
-3945
-3173
-915
-2712
-5662
-6438
-2890
-2650
-2293
-2390
-2555
-3010
-4338
-6395
-6991
-6112
-8088
-11097
-11106
-11033
-11239
-12403
-15158
-12217
-8581
-9211
-10471
-3163
-535
-1213
-60
-2186
1662
2389
5836
2038
4719
14396
12709
11719
13431
14137
12098
12297
11633
12328
9769
9478
9503
6829
6332
8349
6403
-337
1381
4425
4363
3390
4079
4242
4107
5726
3191
2726
2713
1634
479
-2599
-4466
-5657
-6995
-8135
-9053
-9865
-8995
-8965
-9751
-11200
-10826
-12180
-12032
-13876
-16094
-16399
-13157
-8723
-8816
-4979
-3108
4922
6497
2487
1880
11321
4361
3925
8498
7477
8749
8526
11232
8499
4934
6106
12823
11075
11275
11119
10077
9433
4767
6123
6424
9086
7772
8258
7669
5295
4244
2046
486
-420
-1969
-2761
-4145
-3386
-3690
-3495
-2126
-4120
-4261
-6011
-6933
-9005
-9600
-11593
-13096
-15151
-17520
-9913
-9067
-11482
-12671
-4806
-5874
-4009
-2744
-8714
-5773
1394
1577
3910
6989
10615
9517
12774
11638
11939
13598
13737
14224
8426
10289
9221
9039
13836
12861
13012
11426
11690
6350
5856
9762
8311
2397
2279
1095
609
-593
-2880
-4007
-4243
-3104
-5088
-4825
-6391
-8259
-10500
-11021
-13117
-12958
-11824
-10687
-7887
-13096
-4956
-1407
-6983
-6610
-4919
-7573
-4434
-6521
-9301
-4747
-3748
-692
-4300
3003
8314
7162
10121
10573
10079
10956
12718
11009
10107
9518
10464
10707
9718
11042
10926
9822
10332
9227
9027
8171
4835
3463
2983
1281
392
-1456
-1729
-2515
-3630
-4354
-5157
-6703
-5451
-6373
-6954
-5696
-5822
-1901
-8817
-12637
-109
2935
-4620
-2485
-1784
-1343
-1365
-276
358
121
1487
-1694
-1164
-3125
-4537
-4756
-5221
-3578
-4790
-8764
-358
5008
4153
6625
6288
7047
8053
8283
7407
8767
9201
8152
6084
5471
4470
2628
1925
1494
-358
-997
-2484
-3118
-3685
-4632
-3403
-4394
-3510
-6129
-3943
4397
3969
-1976
2433
8358
6308
5049
3399
2661
2614
4012
3183
1592
2338
2521
2297
1838
2274
1894
669
-447
-4370
-6912
-6590
-7494
-7609
-7718
-8231
-4088
-5586
-10475
-4122
1274
-221
2631
2338
1952
3145
2348
2467
-2270
898
-2869
-1302
724
-236
-3158
-7913
3836
652
27
1924
162
2065
5469
5752
1505
7062
13662
9815
7145
7427
6341
7973
8001
8590
7162
8345
8107
7367
6299
5467
4417
2627
2610
558
889
-1054
-882
-2343
-4022
-4443
-8106
-7810
-10356
-9590
-8802
-10183
-11131
-10558
-9633
-15070
-9866
1265
-1255
-5423
-5818
-434
-1716
2024
208
-4
1244
2370
3742
1787
9710
8447
9800
6133
14106
12587
9546
10498
10898
11034
10665
12689
9802
8285
9022
9423
10802
9029
7046
6391
6291
3731
2205
1398
1111
210
-473
-1588
-4424
-6711
-8196
-10294
-11674
-13273
-12185
-11591
-12517
-16448
-19342
-8925
-10039
-10951
-9245
-8197
-5696
-8833
-8655
-2468
-5087
-2483
1052
-710
-559
1655
2315
7318
200
6024
11381
16131
14414
13813
16285
15546
15543
14992
15204
12537
11009
6330
8820
8485
6434
4815
1562
6402
4712
5050
3375
2625
-3975
-4127
-5359
-2795
-4212
-2721
-7311
-7998
-261
-7452
-4734
-4711
-5433
-5915
-6227
-6049
-7609
-9623
-9195
-10297
-10724
-9486
-10007
-7075
-5122
-2930
-8009
608
3842
-2254
1641
7637
9110
6017
9918
10049
9609
11587
9793
14306
14832
13889
13452
12751
11176
11682
9764
8617
7968
5775
5573
7319
6141
4374
3961
-1294
40
441
-445
2534
-959
-12
-626
-1364
-3161
-3605
-3391
-3416
-4406
-4005
-5458
-8217
-8740
-10729
-10986
-11855
-13289
-12394
-12331
-12949
-16419
-9670
-5407
-10819
-7630
360
-2319
-5427
2547
5399
6632
10034
4821
6815
6705
7751
8074
8021
7307
7811
10400
8487
8682
7289
5215
10016
3811
8160
8867
6839
8674
8783
8783
7754
7704
6024
6823
544
1569
2550
1069
1451
-126
-159
-1315
-4641
-6336
-5970
-8564
-10101
-9014
-8387
-8672
-9885
-5652
-6011
-12054
-8354
-1824
-6133
-6985
-4687
-5747
-6745
-4387
-4318
-5782
-5570
-2754
8255
-132
3761
3514
5501
11105
8829
10472
9344
11691
11056
10436
9632
9626
11153
11743
13100
11738
10299
10831
10779
9299
9119
7662
7038
4736
4056
4338
2440
2216
-202
-1313
-2577
-4548
-5801
-6579
-6982
-8394
-9938
-4991
-5154
-11437
-1945
-728
-4168
-4729
-6392
-8937
-9248
-7569
-10162
-10258
-10628
-5146
-6084
-5835
-2795
-257
-924
833
6828
5308
7031
6064
9592
11523
10961
12252
12892
14808
13610
14448
12796
12904
12942
12424
9874
7917
8549
7451
6091
3683
3457
1421
724
-199
-438
-2153
-2099
-1768
-3674
-1715
2960
-2643
-5812
3301
-335
-848
-496
-136
-3488
-3025
-504
-6468
-3401
-1348
-1123
1276
-150
-930
-3857
-7770
-6128
-5563
-6495
-2880
-808
-1173
1319
-380
1965
7552
6921
10501
7310
8670
9953
10216
9656
9291
9862
3866
3204
1291
1209
914
4245
2406
3708
2293
1229
2656
443
-1540
-2013
-2266
2177
-8732
-7767
2767
1828
-3183
3401
6423
3354
5474
7123
5066
5024
4548
4307
5010
4438
-518
-1291
-3804
-3503
1840
-141
-947
-2317
-2563
-2522
-4173
-2977
-3982
-2319
-2818
-3295
-2203
-2487
3487
3251
3184
3654
2526
3298
2585
3073
-1667
-353
228
-2473
-4822
-820
-1227
-4802
-2243
2767
824
-2145
4515
5722
4865
5848
7351
7887
5095
8203
10087
9038
9253
9693
6285
4386
6923
6569
5917
3481
3372
3623
1314
-799
-1571
-1776
-2261
-2425
-2595
-1919
-4360
-5733
-6801
-7775
-9184
-9961
-10996
-10164
-8415
-9426
-8271
-9995
-7606
-4816
-5012
-3112
-3358
-4070
-1009
794
-175
1760
7063
6979
4594
8319
11915
13084
11880
14656
15994
13659
14551
12698
14403
14408
12461
13574
11978
12960
11954
10274
9457
10356
8466
6982
5883
5356
5220
3314
3318
2138
1341
-980
-3444
-4105
-5367
-5013
-6639
-8507
-9965
-13321
-11269
-13728
-14009
-13861
-16827
-14127
-12453
-14958
-11081
-12034
-12743
-6378
598
-372
-16
-370
6816
12111
10736
12750
12142
11097
11801
11306
17158
14353
16002
15789
16209
15852
14528
14463
13468
12473
11485
10723
9024
7887
6444
6265
4777
5574
3851
2405
862
-63
282
-1914
-3870
-4269
-6361
-6694
-6653
-9094
-7651
-11531
-10003
-10085
-11831
-11973
-14068
-12832
-13342
-11649
-10592
-12676
-6998
-3206
-5653
-7406
-895
9837
6376
7781
7392
6923
6390
9564
11160
12273
11510
10923
12671
11073
13704
10487
9860
9657
7740
8022
6812
7076
5242
5937
5100
1747
-2037
2461
1316
2032
2846
1480
-3241
-5571
-4521
-3220
-4493
-4978
-5457
-4559
-5317
-6946
-5474
-6522
-6948
-7057
-7189
-7775
-8141
-6848
-5116
-9260
-8189
852
-206
-5520
-2486
2274
4333
-115
-1561
8025
8145
9665
11768
11291
11270
11686
12930
11940
12732
11882
11404
10823
9508
9579
11526
7568
6215
7714
6571
5787
4582
6065
4877
4457
4595
4003
3233
2037
1399
808
1773
625
184
-753
-2879
-2891
-2869
-5817
-4056
-4962
-7543
-2683
-2639
-8337
-5592
2176
35
-2985
-2338
-1000
-4038
-4186
-4478
-6440
-4897
-4393
-350
-1776
-6107
2874
2545
-1790
7270
1808
5999
8377
8346
12081
6778
7995
11242
8621
9974
10589
10387
10244
10303
11719
9626
10490
9347
7785
7005
5467
4255
2586
1741
816
385
-1212
-614
-289
-1543
-979
2339
355
-4935
916
5898
1260
-127
2318
-145
-1818
1348
-342
-2381
-1527
-2030
-2315
-5007
-6294
-7394
-6697
-5351
-4410
-4329
-5058
-2873
3254
7050
4721
6864
5922
5931
8894
10346
11395
10491
11842
11694
11115
10587
10246
8992
9676
4671
2476
3509
2099
972
-345
-1037
314
-961
-2196
-173
-1324
3118
-1905
-9995
446
1558
2798
-3113
111
-1061
-718
730
1658
1114
-3953
538
1403
-447
-3159
-3305
-2901
-3412
-3970
-5578
-5573
-6368
-6063
-5316
-2716
-2883
1069
-2068
-2451
5524
5327
6404
5552
5110
4385
6101
7630
6700
6162
5428
6490
4878
5140
5372
4744
5691
4632
3725
2334
1028
5709
991
-2319
8480
7366
5672
3541
3755
2881
1011
4441
3858
2604
-779
3146
3413
1083
498
-219
24
-1068
277
1626
1432
439
-1081
-4322
-3320
-5263
-6592
-7340
-7972
-5667
-7438
-6467
-7103
-5916
-7649
-7484
936
1061
1864
1807
550
971
-299
-1586
-2675
1091
-3990
-3712
-2257
-827
934
6176
611
-182
9368
11417
5005
5939
8582
5279
6128
7400
8594
9363
7262
6547
9274
9896
9385
7357
7302
7551
7439
5811
3387
3022
1968
2745
1135
-466
-1011
-1386
-1562
-3701
-4489
-5536
-7281
-8328
-9195
-10784
-10691
-9335
-11023
-9714
-9675
-10852
-7071
-4524
-4450
-3603
-2411
-3026
-3863
-1779
2488
-1443
-531
9314
6062
6349
7455
6758
8898
8893
13221
12178
11583
10410
10402
12253
9260
8720
7539
7499
9122
8857
8867
8696
7591
6505
5349
3173
2247
2373
-1116
-3118
-3828
-425
-1860
-8001
-6027
-7338
-7514
-9952
-12034
-12224
-15460
-16513
-18823
-21356
-23184
-22680
-19998
-18595
-18693
-19739
-12364
-4147
-7751
-6382
2163
4544
584
9302
13955
12674
11192
13139
13575
14267
13770
14799
16100
17189
16475
13745
13875
15087
12461
9411
8133
6775
5328
4690
6589
5116
6057
6485
2847
3511
770
464
-1283
-2885
-4368
-6747
-9620
-8686
-11688
-11721
-11473
-15895
-13211
-19267
-13791
-13325
-16495
-13281
-15774
-11550
-10445
-19825
-12887
-2597
-3292
-4398
-3595
7352
9057
6580
12965
13153
12577
10530
12933
13399
15447
14119
14883
14268
15525
16385
13752
14174
11696
10814
10294
7262
5215
8420
7799
2117
1339
-72
364
1179
-1083
-4925
-7463
-7246
-8443
-11180
-12048
-10544
-11566
-12668
-13520
-14598
-13859
-14191
-12437
-14963
-13293
-8679
-9980
-13654
-8704
-2087
-7359
-7332
-3850
-4160
-2965
-1576
1253
2364
-2795
7329
12328
10356
13089
10904
10235
11014
11129
10232
11625
11211
12143
11600
10106
10464
9606
6348
7236
4520
4445
3759
2065
1566
-717
-1095
-3252
-2253
-2135
-1649
-2578
-2668
-4225
-3988
-5255
-4355
-5084
-4625
-4774
-5011
1009
-3853
-6167
-489
3463
-1539
-1427
442
-1383
-3162
-2995
-3846
-6177
-2418
-1907
-422
-1361
1590
1577
3048
-1013
1985
2495
1456
3653
2542
2788
9115
7690
8069
7061
7901
7014
2171
5349
2233
6260
4501
1841
1458
-1320
1537
2274
713
1334
-1238
-2299
-3296
-5680
-5299
-4222
-3225
-4623
1819
2540
-2010
-430
6190
5445
2202
2986
1966
1648
-801
5767
2200
1374
1976
412
-3551
-3757
-2888
-3088
-4717
-6579
-7831
-8000
-8272
-7528
-6638
-10378
-6670
2098
1189
-618
260
1546
3990
5399
5715
6394
6181
5133
4381
2125
7980
7267
5641
2564
3721
3511
2761
1662
2599
1000
-1970
3508
4644
-2562
4200
9095
5369
5418
7843
9022
5744
7153
6468
5110
2968
2415
3190
1909
-843
-2666
-3609
-7817
-5007
-6515
-5915
-6457
-9193
-7700
-8857
-8949
-10628
-9040
-9744
-6815
-8177
-8047
48
504
1943
2717
3199
4639
6547
6973
6061
7103
5259
4709
2999
363
-198
1041
1167
1705
1899
5277
3086
-4671
5400
10682
5258
7504
8937
7631
7400
5075
4215
3928
4457
3086
2047
3493
1008
-764
-1512
-44
417
502
-2339
-2852
-2507
-4759
-6123
-6920
-7293
-7509
-8198
-9682
-10469
-11532
-9742
-10352
-10629
-6562
-4432
-5012
-1973
1014
1318
2013
1350
-1024
-1454
-65
403
1038
652
3949
8821
2154
1245
11952
11233
11308
10199
10172
9105
4947
3630
7983
7745
6496
8584
9632
12072
7863
2739
6660
5458
5567
5725
5322
3284
2127
1028
-536
-1046
-2406
-4126
-3123
-3486
-3895
-4399
-4740
-4043
-5696
-7467
-8140
-10612
-11433
-11762
-14910
-14909
-14710
-15158
-16614
-11616
-7351
-6162
-1665
-2603
965
4151
-973
-1053
10737
9844
3639
6913
6500
6318
4512
10942
11099
6836
12920
13075
10934
9761
9911
8202
7575
9019
7040
6170
5269
4467
7463
8909
7388
6084
5171
4693
4399
1483
-867
-2488
-5237
-5756
-3481
-11294
-11172
-12007
-12076
-13959
-16587
-17310
-16625
-17446
-18916
-18899
-16919
-16039
-15926
-8734
-15143
-14867
-4360
-470
127
-1336
5248
4776
6031
12448
12389
11224
14872
15331
14611
13186
12374
13106
11847
16625
15837
10563
10882
11069
9217
8791
8174
8024
8091
7792
7217
6899
5218
3813
3354
2038
-885
-4461
-5143
-7486
-8634
-10674
-13711
-15368
-15291
-16410
-17074
-18319
-17121
-19524
-20822
-20299
-22106
-13529
-16173
-16592
-10515
-2936
-2411
-3941
-1751
-75
8675
7159
8909
11626
12750
13259
15843
17154
17115
19102
17908
19166
17870
16872
16909
17078
13740
11441
10105
9249
9161
7143
8168
6773
5632
4884
4146
1983
-543
-1856
-5071
-6222
-8166
-10436
-11973
-13303
-13643
-13580
-15795
-14143
-12911
-13640
-14527
-12477
-8016
-10483
-9035
-4063
-4865
-9753
-4982
-3858
-1247
-465
10
-679
652
3586
-1220
6089
10691
5409
14483
13256
14319
9387
11558
12022
11872
12407
11628
9678
7227
7256
6727
6014
5253
4021
3788
1938
8
-992
-4534
-3794
-5392
-6875
-10472
-11163
-9528
-11423
-10115
-10208
-12388
-14228
-7266
-7112
-7118
-3029
-1469
-10835
-5802
2911
829
756
121
-1477
1079
-816
1377
-1062
-4178
-2644
462
2555
-96
3173
1531
4102
1417
2803
10869
6610
5695
4892
5522
6822
6980
7052
7534
7628
6843
6902
4735
3988
1126
1663
3049
845
854
-3330
-3110
-3862
-4117
-5036
-7452
-3727
-4461
-3798
-4279
-3217
6351
2497
-2533
7525
9528
4818
4821
3983
2150
3904
6209
7459
3243
1507
3654
1866
2106
297
-1029
-2882
-4555
-5817
-6254
-6243
-7127
-6054
-3200
-3652
-3427
2065
1227
985
-2021
-1593
-2125
-775
2014
-1926
-905
-16
1820
-501
-3430
-1854
-2744
-1889
-1021
-3890
-1160
814
2254
634
-384
1675
2888
-703
-2115
8714
8629
6016
8089
9317
8784
8669
8162
5821
6290
3928
3805
4458
3809
3223
1854
1162
-1993
-4172
-6077
-7766
-8143
-10213
-10517
-13751
-14204
-14777
-15090
-7779
-7005
-10907
-8034
650
-3339
-5877
-3458
-2615
410
-1307
-763
2938
2468
2740
2405
496
2138
1683
2446
2943
8251
3965
-47
8482
12625
12417
11311
12063
15236
15055
12846
12529
12030
10764
9572
10260
8750
7715
5488
3492
2388
-196
-141
-2369
-3291
-5037
-6190
-4557
-4393
-6871
-10736
-7146
-9764
-12491
-11295
-14462
-15461
-15051
-16692
-14328
-9980
-12882
-8847
-5802
-5332
-2471
-2525
-1485
810
2682
3368
6190
3777
4970
10643
4419
2867
10173
13438
11484
15290
18070
15711
13537
12503
10732
9122
10898
10639
11157
5647
4573
2814
1304
674
-776
1239
931
2012
-3262
-1881
-3048
-5528
-4634
-7859
-6840
-8014
-9990
-9799
-9466
-8769
-7689
-10409
-11127
-11199
-12178
-13053
-12761
-10726
-11985
-12144
-8910
-4086
620
-4323
-3423
1045
4209
-3071
8246
16794
13850
13293
17057
17926
12105
10491
9994
10080
10165
11108
11856
7775
3948
11095
8936
10848
6027
4711
9897
6022
1374
4121
3977
6096
4897
-1021
699
440
-2088
-2083
-4666
-6787
-7305
-7030
-8715
-9005
-8417
-7984
-7295
-9275
-11518
-12614
-13001
-14375
-14531
-13618
-13547
-8826
-6493
-4257
-7149
-6499
3670
6987
6707
4766
5443
12119
11609
13560
10433
6767
11131
12600
15300
10691
7055
4864
11553
13310
13140
6872
7771
10527
4178
8613
7770
2812
4811
3366
3166
3288
3049
754
-220
-1238
-2768
-4090
-4194
-4264
-4821
-4360
-6773
-7315
-8133
-10622
-10281
-10104
-11409
-10529
-12755
-8045
-7776
-14854
-8399
-8430
-6278
-5096
-1452
-1996
-5619
6910
7005
5547
8410
8179
8100
11046
11590
10068
9423
15605
12513
8266
15475
18173
12341
10159
13840
9966
13931
11086
8656
7616
4459
3627
6058
5635
4132
3482
-2904
-3953
-4175
-4061
-6736
-7590
-10153
-10252
-8241
-9967
-9530
-12129
-12136
-14464
-11580
-4780
-13153
-10483
-5035
-2989
-2219
-5366
-4476
-4343
-4661
-6718
-3693
-691
529
-3065
6408
10835
3388
9181
11917
12317
12953
14539
14158
15252
16360
13939
13088
11544
10128
10941
4766
3220
6185
3172
5217
3505
80
-1215
-267
42
346
-2755
-4211
-6149
-8943
-9328
-6330
-4407
-5797
-6327
-8589
-4011
-2782
-13770
-7058
775
-239
-5982
851
1877
644
2949
1119
253
-3450
-9017
-5711
-189
-1480
-1602
-2441
-120
2627
-2002
791
7011
3688
5584
6548
7542
7418
8758
9087
9413
9804
7400
6221
6878
4935
5103
963
-4219
327
-1718
-140
-444
-4036
-3382
-5805
-8417
-6416
-5276
-5798
-7653
-9266
-5142
-5654
-7983
2449
4873
1866
6432
6144
6902
1515
1852
5169
1080
689
-1681
-44
1774
-243
-2671
-4304
-2321
-4693
-5861
-7155
-8068
-6485
-5159
-5965
-9258
-1074
1828
354
2739
549
1756
2242
1398
1191
1728
-28
-1156
-1251
-1115
-3545
-2636
-1843
-10826
-6277
-6255
-1864
1801
-1443
2036
6685
3641
4074
8742
10689
5774
5333
9981
10019
9639
10313
7764
4705
4294
3386
4117
5357
4421
3345
2605
1107
-337
-1010
-2608
-6011
-8587
-5118
-11454
-10194
-10683
-9138
-10472
-9046
-8522
-10113
-11554
-7886
-4953
-7254
-5933
-6472
-4554
-3125
-2576
-4757
-1275
1451
1668
1128
2448
499
3246
1402
8243
4452
-3370
9072
16000
12923
12497
13753
12914
14152
14485
13861
11209
8987
9173
8921
10771
11026
9636
7447
6047
5396
3912
1991
-1130
-5545
-7597
-3637
-5790
-11610
-11895
-11996
-13427
-16215
-19275
-16325
-13254
-15241
-16237
-13138
-12567
-16216
-12458
-5015
-4785
-3823
-3212
-1369
962
2750
8810
1243
4615
11954
11114
12229
16248
19455
14594
14432
20137
9514
7490
12774
13995
13458
12120
14555
13885
14402
13847
12296
10568
7040
4901
1180
729
-1496
-3306
-3193
-4629
-5027
-6212
-7427
-6125
-7736
-7659
-11943
-14884
-11156
-13458
-16255
-16752
-15980
-15485
-14311
-13506
-14112
-14588
-10689
-9440
-14010
-7528
792
337
1470
5268
6518
3387
7014
18856
17979
12110
14710
18170
18366
17820
17223
15166
14772
13746
8175
9213
9094
10312
8052
6234
6286
2950
3809
-535
-3070
-1861
-1685
-2815
-2963
-5418
-3936
-7729
-11748
-1564
-3365
-4457
-4675
-4986
-6499
-6055
-11452
-10357
-9633
-15245
-12700
-12406
-13244
-10841
-10181
-10505
-9871
-6512
1636
-2748
-6058
7977
12956
11670
10959
11324
14353
14196
14882
15715
15594
14231
13631
13210
14378
13780
12117
10728
8596
6824
1077
3809
1721
1971
347
4542
-282
-4225
1437
-1193
-2093
-1651
-1121
-168
-7
-1205
-1757
-4435
-9826
-5305
-6781
-8834
-9432
-11691
-10449
-11300
-10520
-11279
-10147
-12968
-11919
-7839
-10790
-7377
-9434
-4826
-4939
-4276
2834
-2191
1952
8239
8493
10133
9175
8814
10784
9726
11783
10914
9275
8687
8167
9466
9601
6747
7490
9391
7186
7324
1624
2257
4719
3775
5708
5232
-1428
-2295
257
2345
2683
1926
1139
-60
-4760
-3642
-4132
-3807
-4690
-5007
-4261
-4707
-7936
-4770
-2572
-2057
-8355
-7724
-640
-2767
-2644
-2710
-5032
-3580
-5270
-4833
-7110
-3325
-2681
-4044
4993
5049
6641
9280
5452
9097
8213
9603
8892
10475
9012
10450
10860
11700
9734
4168
9767
10006
10739
5045
4514
6112
2985
1665
-101
-310
-1475
-233
-89
-2161
-1830
-4292
-4637
-4216
-4673
-6581
-7255
-3471
-5521
-4483
-12585
-5528
697
-5700
-4710
-7704
-4704
-6356
-5210
-4249
-6096
-4271
-6261
-9060
-8522
-4823
-5168
1508
-581
-360
8141
7767
4741
1658
1409
6074
5509
5846
6721
6582
7343
10657
9484
10786
11149
9520
8929
9545
7486
1126
2743
3341
2230
3923
389
-1657
-2025
-348
-3084
-327
2559
1711
-184
-4085
6905
2907
-1590
-907
1917
306
-93
-2977
-5644
-1234
-322
-3295
-3474
-5657
860
315
336
-4371
-7590
-4580
-4071
-2077
-1403
-1869
-4722
-844
1267
290
3346
3406
5689
5429
5651
3284
9062
6250
8077
6449
6330
7230
4687
4928
-997
1528
-5158
-6459
-2119
1024
-2356
-746
2268
1208
691
120
6848
3973
4853
4856
3621
5467
4938
6684
6210
8831
7127
8308
2698
-3743
782
15
-1147
-3514
-5379
-5570
-7715
-9368
-9677
-10725
-7981
-11791
-9669
-6224
-6311
-11260
-11939
4971
-3374
-3158
-1158
247
804
1530
297
-2010
3059
2855
2803
-4290
-1044
1741
4899
4171
7055
6197
1075
810
8685
14223
10192
11006
11293
11628
12185
13717
13770
6652
6925
9381
8565
9394
7394
7326
6380
5766
4321
1598
1715
-2646
-4555
-4935
-5973
-5495
-9879
-10561
-11607
-13115
-14816
-14395
-15610
-14318
-13691
-11898
-13541
-14494
-3750
-6998
-5946
-4790
-8363
-2207
330
-132
-868
3602
1095
3200
10228
10503
791
4450
16365
15649
14263
10039
3532
14278
13148
14315
14753
11691
13293
14621
15120
10104
9183
9839
10331
6536
2558
-333
-1947
-2133
-3765
-3837
-2593
-3240
-3431
-5390
-6636
-9195
-9495
-9962
-9587
-11947
-13498
-13814
-14661
-14676
-15282
-9748
-12659
-10327
-14738
-10361
-1620
-2544
2248
-355
2499
9724
7644
7291
11353
13761
17551
17013
18290
17664
16357
16752
18140
17719
15141
10312
10250
13743
11302
11592
10654
8312
9292
9207
5893
3457
689
-2069
2032
847
-1092
-6323
-7111
-6142
-6750
-7879
-8430
-10939
-10403
-13718
-14012
-14190
-18044
-15505
-14399
-13331
-12431
-13817
-13922
-15568
-10480
-9344
-4026
-11867
-11390
5405
-1474
-85
7607
10167
7381
11167
14836
12943
14949
16645
17718
17585
18756
16584
15242
14144
16495
14624
8330
7707
9874
6753
8156
5301
3103
-260
-1071
-2290
-3178
-6371
-5737
-4352
-8184
-3211
-3231
-4713
-4751
-4657
-4363
-5896
-6105
-5005
-9906
-10110
-10970
-8352
-12699
-13433
-8637
-11919
-12526
-8477
-7622
-11001
-6587
3772
-614
-4152
5265
10283
9595
9647
12324
11118
13784
15310
16439
16963
14820
13644
13079
12111
11416
8928
8847
7360
3799
3118
-1357
2559
1057
820
3900
3115
-280
2041
3674
506
103
-614
-795
-2000
-554
-1961
-517
-6605
-5374
-1758
-6015
-6853
-10264
-9100
-8929
-8776
-8303
-5362
-4236
-10850
-7172
-1488
-3866
-6093
-5854
-3993
-4666
-3902
-5136
-393
3499
3682
8236
8831
8332
9175
7077
5905
7608
5479
5933
6157
5632
7624
5060
5804
8027
8063
7230
-872
1909
5785
6008
6263
4176
4030
-4697
-1538
2164
1639
3252
-291
716
-256
-2335
-2287
-3151
-2304
-1756
-1564
3232
-1508
-7601
522
4310
-1480
-2749
-2138
-5086
-6385
-7564
-8163
-6453
-7009
-6846
-5033
-2533
-5064
-8939
405
1067
-609
2596
-1647
1567
5195
5020
5436
5828
8594
8730
9332
9636
10186
6915
2771
7141
9045
5872
1764
69
3779
3105
2896
2614
-2819
-1377
-1733
-1792
-3058
-2600
-886
-3724
-1407
419
-6205
-6393
1628
919
2029
332
-92
-1232
-4909
-5588
-4193
-2267
-4039
-3516
-5175
-5819
-7934
-11534
-9774
-4028
-2763
-2782
-5229
2208
577
188
3038
4990
1017
3973
8995
10586
12550
8512
7651
11691
11223
12055
11013
9046
9495
8942
6298
1513
-1227
1654
-1713
171
-203
-5229
-4266
2014
364
-7521
-2650
6483
3708
1119
1740
246
-186
655
718
-2840
-3499
-3899
-2110
356
88
-3019
-2695
-7121
-6273
-7030
-7139
-7384
-6596
-12510
-12153
-7191
-7267
-7167
-9778
1964
3158
5752
6333
695
5127
5812
7028
8783
7490
7086
7571
2518
2199
2062
1174
221
1891
2427
3549
-2012
-579
8636
-1935
893
10414
7300
6153
3923
3593
2165
2471
2367
4655
6843
4839
4562
5501
4497
5056
3531
584
739
-6266
-2750
-1666
-6701
-6650
-5382
-6204
-6845
-7566
-10937
-8721
-9696
-8166
-5283
-7229
-9746
-3504
-1184
-1725
1480
991
1613
2418
2774
3432
3544
1421
1395
2425
796
163
6405
6794
1400
7131
13852
5380
3432
7879
6039
8524
8409
8334
8690
7678
10552
8160
10286
6746
107
5341
973
1637
1089
-102
-167
-1036
122
-1644
-901
-2950
-5886
-6683
-8299
-8777
-9210
-11604
-12884
-14866
-13138
-14477
-13668
-11904
-10652
-14533
-14304
-5710
-8741
-8442
-5719
-5122
-2353
970
1132
254
8640
5224
3228
13600
16545
15151
13508
14152
13297
13724
12970
10088
4255
6682
10088
12031
9399
5420
6783
6026
5776
5671
6311
4602
4353
3738
3505
2490
127
-895
-1095
-3612
-2832
-4206
-5000
-7412
-10425
-9797
-14174
-12992
-14659
-15987
-19776
-18987
-17849
-17637
-14303
-16924
-15907
-17526
-8292
-7961
-6207
5381
-2356
643
11478
11248
8927
17090
17975
13110
10619
14720
15374
13812
14495
17099
15460
17937
13239
8557
10617
8285
8827
6946
5947
4946
5136
5571
2614
1453
-25
-1446
-2800
-3114
-5452
-4916
-5680
-7786
-10442
-11669
-11229
-12580
-12950
-16253
-15213
-16950
-18682
-16316
-16687
-16311
-14331
-14680
-14246
-13551
-9112
-4125
-10515
-9179
548
3941
8231
10159
11632
7999
10868
12298
13008
15142
17281
15739
16335
13316
13324
13971
12962
13762
10633
10118
6004
4470
6125
5800
6352
5024
3027
2227
-896
-3177
-909
-1326
-854
-1342
-2403
-3767
-4287
-6178
-5950
-4790
-5944
-4814
-4422
-8409
-10983
-10426
-10516
-8354
-12539
-5221
-5092
-9549
-304
-1783
-3969
-4396
-1285
-4121
-5417
1013
4754
4427
3035
6234
7071
8716
8865
9347
11297
10288
10485
8994
8805
6926
6767
7415
8717
6976
4907
6382
-380
1667
3221
2262
1973
1436
449
-103
1072
-495
1503
-365
-2781
-3570
-5549
-7146
-2490
-7351
-4924
-3054
-5007
-5584
-7327
-2585
-13330
-8693
-556
-4357
-1106
-1481
-3238
-5046
-5810
-5916
-6344
-6228
-5456
-1282
-1439
2484
4236
5756
912
2034
4155
3673
1438
3525
2650
4738
6612
5395
2830
3179
3198
7141
10851
6606
7535
4324
-3027
4317
4433
2449
4874
-1305
-4048
732
-1657
-549
-1034
-2717
-3180
-2590
-3395
157
-1486
-6006
-299
5370
4
1788
1837
1900
-701
-187
-1751
-2565
-3026
-4128
-4676
-5644
-6141
-7257
-6944
-7413
-5281
-9435
-1534
3743
67
2361
2579
3086
4164
5001
7092
7549
8005
8817
9136
11289
10331
12895
6326
6471
11084
8568
9436
787
479
829
-571
1215
-2290
-3348
-2706
-2056
132
4138
-2732
655
9425
7005
4246
1995
5578
1854
-653
-2804
-525
122
24
-592
-4464
-4743
-10911
-8096
-7148
-9469
-8251
-8702
-6693
-10378
-10508
-4549
-4912
-7597
-5047
936
-1217
1236
3428
-991
4542
7513
8013
8334
7940
9190
7938
8401
6952
6079
5242
5239
6472
7730
6284
-1071
-563
8985
5343
-2655
6262
9047
3585
2658
5003
3421
1643
1528
-510
896
-1094
999
-3
-3072
-4450
-6025
-6913
-7168
-6253
-5281
-4568
-5723
-3900
-4490
-3102
-3073
-1239
-4913
-9372
-7628
-9060
-7571
-2501
-3642
-826
3510
-751
2634
4027
3358
3813
2938
3537
1600
2557
2678
3461
3116
3545
2397
1681
6752
-648
-225
4493
2745
2695
3501
5812
2387
6689
7472
4920
5888
6785
4842
5260
-233
5097
5684
5566
2113
3683
1407
2292
1890
-5331
-2120
-214
-2409
-5117
-2562
-3164
-8075
-7575
-7794
-8048
-8126
-7248
-7571
-7557
-5866
-7279
-7074
-4826
-4126
-2532
-1859
-2241
-729
-147
150
6
1122
8267
-1334
1477
9283
6169
6440
5591
7706
12147
6044
3705
4462
7969
9600
9389
9956
5467
10675
8636
10658
9071
-961
4925
5568
5258
2800
3223
1695
2400
2572
1113
1209
-1114
-1201
-3452
-5953
-6993
-8008
-9462
-11041
-12019
-11333
-12106
-12094
-13665
-16179
-14743
-13224
-14125
-12867
-8403
-10720
-8561
-971
-1456
-4203
2781
8806
3338
6272
8863
10892
12803
12203
12569
11288
13600
13716
14865
8868
2643
7621
5641
9060
8704
8349
7591
7498
9200
8864
7711
8047
4819
4027
1610
-1014
2733
2117
950
-582
-6280
-6261
-5762
-6625
-8422
-10303
-11509
-14042
-16797
-17865
-18986
-17578
-16358
-15108
-17516
-19711
-7773
-10665
-12971
-578
5158
4108
7459
4132
8257
9721
13120
15319
10026
14302
15110
15907
16144
12606
14403
15866
16101
16362
15354
15591
11191
5566
8847
7711
8685
9913
7518
5759
4626
5142
2333
154
-1439
-3219
-4297
-4037
-4352
-5814
-7670
-10582
-9465
-10170
-12407
-12698
-16475
-16211
-15419
-14932
-13100
-15777
-8584
-11687
-14581
-1126
-4858
-6238
-4118
-5634
-4247
1776
6242
5411
7571
7036
7399
7981
10199
10105
11001
11859
11390
12099
10434
10885
10960
10709
9800
9986
8678
9399
2328
-442
3628
-599
1084
3063
535
-1189
-70
-3361
-6592
-5895
-7719
-9876
-8499
-8488
-8547
-8453
-7468
-7356
-8459
-9774
-2907
-1539
-12000
-11624
35
-1834
-2297
-1917
-2297
-4369
-5286
-4640
-3837
-4889
-4131
108
-1764
1156
6168
5015
7349
6011
6579
5995
8444
10608
9231
11219
9604
9923
10516
9642
8615
8021
6116
7596
7284
5050
-819
-3276
-246
290
1446
306
3328
339
-113
-1090
-3260
-5165
-5861
-4236
-11292
-9593
972
1855
-9992
-2868
4296
839
1339
1560
1404
-5055
1220
1804
163
-758
-2999
-3842
-6956
-3972
-2867
-5072
-2248
-2471
-3238
3840
3527
3090
3075
2424
4624
4780
5080
5386
5497
4851
7893
7429
6442
8863
7732
6725
6171
6215
5905
5931
-2083
-593
515
-5295
-602
-1047
-4
536
24
4474
-489
-5351
6529
5770
5492
6964
5796
4859
-1511
-203
41
-1217
-2111
-2344
-2844
-2826
-4121
-4741
-8552
-7755
-8218
-11000
-11801
-13331
-13576
-12095
-9671
-9775
-8227
-5861
-2990
347
809
-365
-1716
4609
4073
3014
767
659
874
1611
749
3172
-1692
-5605
-4038
-4378
-6902
-6522
-6981
-8591
-7974
-6829
-6091
-6067
-5683
-7397
-6310
-6555
-8521
-935
2284
3922
4436
3874
5031
3746
6023
4491
1870
4062
5059
2515
867
-266
-1180
-1488
3116
2683
2359
5400
5025
3842
-4713
1229
6556
32
4143
4026
3142
4493
7921
8407
3859
4312
3808
2030
2894
1679
411
1213
639
481
491
-201
-846
-586
-2816
-6564
-8253
-12168
-12035
-9520
-9019
-6852
-7760
-5145
-7271
-7463
-1438
-625
-2064
414
403
-250
42
-587
-190
-889
-141
-1822
-388
-1294
1958
3494
1306
-1065
5883
7702
5652
9883
6965
7303
5827
6862
6130
6218
5479
5840
7016
6742
6313
6863
5743
2563
3330
2814
3550
2730
379
-2362
-3562
-4400
-4905
-3542
-4930
-4912
-5121
-8445
-8508
-11434
-10644
-10356
-12655
-11125
-13149
-16128
-11343
-4438
-3024
-9217
-8293
-3377
-3965
-459
-2315
4109
4047
6332
6577
6714
15288
13835
12833
13565
13985
10332
10508
10268
10831
10618
11386
10203
7539
8184
6226
10012
7601
7192
7739
2954
5245
5130
3300
1667
704
280
-1820
-3148
-4216
-6083
-7448
-9528
-9800
-11110
-11933
-11089
-12327
-15526
-16138
-13420
-12796
-13843
-15135
-14843
-13612
-8420
-2514
-1698
1109
3727
3444
3610
7113
13506
12858
11785
17304
16954
15069
14280
12701
13189
13006
12053
10741
10370
9848
9217
8389
6741
6911
8185
6412
5776
4075
1560
1646
408
-659
-1715
-2151
-3261
-2823
-4364
-3670
-5439
-8792
-7835
-9947
-9488
-13807
-15546
-15839
-16927
-13036
-15405
-17202
-15976
-16570
-10580
-8991
-8995
-5258
-5316
-362
4953
9801
11214
7840
7999
10432
10001
10793
11893
12685
15228
14443
14987
14867
13473
12812
12230
12055
10177
9025
8499
6601
3565
3147
3107
2117
2333
1466
1410
618
-1876
-715
-1319
-2900
-5072
-9281
-8105
-7183
-8427
-10554
-11836
-11547
-11139
-11863
-11397
-12909
-12859
-10037
-10222
-6545
-5919
-4891
-9253
-10435
537
2964
-369
345
3039
9118
8139
10011
10881
5801
8768
9262
11430
12737
12409
10910
9115
9715
9283
9380
7504
7598
8547
5241
3877
2990
684
1642
-115
-679
-655
-3110
864
574
-1943
-284
-142
-1069
-1381
-4365
-5676
-8003
-8429
-7859
-9063
-7344
-8009
-8196
-8992
-9148
-2274
-6392
-14149
-5539
-4426
-6699
-6997
-6885
-6328
-5655
2955
986
-1476
1993
8342
1864
4493
6541
5007
5022
3982
5648
4038
4079
4237
3608
6268
5534
4586
4979
6978
7261
5627
3392
2898
2570
1239
802
943
3387
2398
3545
4615
1695
260
-1028
-925
-1704
-1961
-1562
-2405
62
-1037
-2499
-7276
-3992
5142
-2780
-7025
-3805
-1790
-2721
-5158
-6694
-7184
-6957
-8831
-6050
-6934
-3743
-3779
-5096
760
-669
-732
3707
4871
4192
4870
8491
6384
8613
9290
10575
10027
9638
8270
10473
10254
9252
9856
7997
8304
6352
6608
5290
2164
1401
-622
-655
-2207
-1066
-1814
-2498
-414
502
274
-4544
-7654
651
1964
-5134
-3002
-2632
-1374
68
-662
-2546
-3373
-5613
-9061
-8478
-11416
-11976
-13661
-8296
-8081
-6547
-1775
-2700
-5112
-919
2670
3933
6737
6620
7040
5838
6820
9755
8705
10520
9384
10961
10324
10928
10179
7072
8703
6707
5051
4514
2876
1793
2704
2669
681
4247
4630
4687
687
-2169
6848
4081
2376
3600
3060
2086
-1350
-2976
-4818
-4634
-50
61
-3306
-2942
-3474
-4960
-8397
-7888
-8221
-8728
-9667
-5140
-4202
-2651
-1196
-1970
-2167
-9070
-2109
2472
-101
3120
3375
2223
4403
6563
6723
6713
7219
8231
6731
4568
2686
438
-147
-2599
2929
-1705
-3381
-1421
309
1151
-606
2797
9988
5579
1764
3085
217
926
-415
-1259
232
-1658
-237
738
833
-304
-2971
-3943
-3177
-2814
-2261
-3990
-5263
-4620
-4091
-430
-4420
-4178
-4010
-8950
-6697
-6762
-4489
-3508
-4989
-18
2878
3072
3819
1533
851
-832
-1476
-2
-2053
-960
-548
1304
2902
4071
5578
6451
3287
327
11077
8329
7072
6489
5783
8133
4094
8418
9380
8374
7895
8934
9262
7262
6250
5872
5940
8470
7509
4854
4908
3524
2946
2698
1082
-185
-828
-2228
-3813
-7094
-8331
-7754
-10280
-10799
-10991
-10534
-9883
-6888
-7903
-12524
-7566
-4708
-3370
-3455
-2243
-2437
-2793
-4028
-5514
4053
-2854
2738
-1448
1335
11367
4782
8616
12059
10144
10191
11537
11369
10905
11218
8869
8857
6959
5934
7049
6806
7729
6234
8507
7479
8375
6912
5758
5146
4309
3973
2504
1418
-249
-2576
-4416
-4289
-5231
-7114
-9168
-9972
-10969
-13028
-15334
-15443
-19709
-19014
-17188
-17216
-19501
-17201
-9748
-9177
-4863
-1294
-6019
4283
11102
8763
9031
6511
10682
10057
9992
11529
10537
12518
11150
13622
12621
11998
13555
13231
14552
13030
10221
8360
6339
6079
6041
5302
4704
3811
4277
3021
1621
1509
-649
-1354
-2356
-3149
-5719
-6310
-6528
-9455
-11307
-14644
-15958
-16192
-15430
-18829
-20330
-20045
-20807
-18680
-15604
-9476
-4052
-11014
-9426
3880
4376
1810
2190
5667
7290
15086
15281
15875
13952
14875
15449
14707
14997
13548
12589
12654
15928
14582
14001
8518
7628
5841
5810
6117
3990
2527
1521
-130
148
-2219
-2453
-2762
-1999
-5425
-8315
-7138
-11153
-10830
-13451
-14323
-13490
-14308
-14432
-14975
-13658
-15938
-17836
-15509
-10386
-7311
-14669
-5197
-32
-4500
-4665
-1416
-391
1133
7016
8187
8162
10138
8551
10740
11882
11198
14995
17052
18407
15666
11765
13486
12151
10682
9946
7916
6148
5952
4609
3617
1739
1550
-635
-1687
-1519
-3415
-1750
-4253
-6338
-6857
-7261
-6131
-5851
-5103
-7327
-10736
-9610
-10106
-10346
-10976
-11322
-10037
-5295
-8499
-11442
-2055
-3108
-3777
-2584
-448
221
-1680
-1177
3038
4342
562
1919
5807
8269
7942
10072
9823
10694
11440
10935
12242
12081
12372
11603
11731
10397
7727
6918
6075
7455
6786
3526
6359
4122
1863
1788
3963
6424
-520
-2184
-1496
-2659
-2420
-2911
-2400
-3325
-2373
-2394
-2982
1551
901
-6730
-2125
3027
-2175
-3526
-1453
654
-924
-2405
-3186
-2500
-1495
-2106
-1833
-4515
-5233
-2536
-2303
-5475
-4284
-1268
596
3833
3310
1357
765
1084
5090
4807
2903
5883
5775
4843
3108
6710
6649
3387
5599
2300
2698
4151
2354
2076
2270
2164
163
-18
-1365
-2260
-459
-2567
-1322
1766
-1914
-6210
4681
4638
-1826
4695
4429
5481
4515
4196
1869
-1746
-1973
-3076
-4380
-6282
-7219
-7915
-8998
-11705
-11989
-7365
-6041
-8892
-9800
-8367
-9396
-3707
-311
-2026
5687
5770
4929
6668
6348
4488
9124
9823
9727
9656
8085
6748
5892
5964
3688
4008
3424
3470
2051
3094
4795
6444
8191
-1352
6977
12842
8077
6633
6225
10365
7812
6878
4387
4240
4347
5106
5678
3630
-541
-395
-834
-1741
-1608
-4766
-2141
-6453
-7206
-8039
-7334
-3005
-5973
-8120
-4499
-3225
-5023
-4476
-6619
-1853
-996
6616
4693
4854
6270
5063
5551
4422
4910
4133
4157
3500
36
1605
852
4186
4777
5008
2081
752
11920
9065
3270
7487
6223
3751
2217
6663
5911
2802
4601
6834
6885
3264
3187
2923
789
211
-166
2221
2495
442
844
310
-612
-1444
-1301
-3525
-5376
-5668
-6871
-7183
-6756
-7856
-4979
-4824
-9283
-5281
-2878
-2502
-2363
-2058
-1954
-2972
-1156
2086
2281
2175
3549
8472
7426
1541
8870
10670
6663
6385
10130
10730
5825
6158
7282
6739
7058
7864
5835
6582
6457
5468
8463
6593
4760
7070
6848
6377
5549
5200
5298
4627
3476
1699
-199
-1201
-1826
-2026
-4599
-4853
-6029
-7692
-7936
-9760
-11388
-12224
-11787
-12656
-9991
-12031
-14918
-8149
-4882
-4265
-1898
-3708
-80
3992
1269
2680
9489
9039
7854
10452
9919
13143
12856
11956
11031
12933
18044
16366
12892
12681
13069
11474
12187
11605
10410
10759
10663
9290
9010
8664
9016
7734
5802
5024
2794
2597
1039
-858
-2218
-2688
-3857
-5369
-6856
-8233
-9422
-11291
-12720
-14513
-16124
-16381
-16622
-15937
-14351
-13941
-10798
-9282
-11223
-8362
1215
4751
2034
-168
1002
2483
6142
16684
15133
14941
17787
16133
15934
18324
17333
16696
16461
16175
16542
15915
9388
14416
12996
12996
11756
10236
10013
7246
7181
6722
4942
4466
3401
1019
898
-1816
-3018
-4696
-7211
-7336
-9315
-9752
-12224
-12537
-12893
-15542
-16618
-17117
-15568
-16560
-14849
-10328
-14531
-14686
-5666
-1519
-7325
-10705
-2499
114
8727
9974
13928
14016
14666
17717
16471
16725
17359
17657
13299
14553
15549
16188
15024
16226
13906
10236
7765
10628
10475
9419
6851
7314
596
1091
1469
449
315
-2335
-2409
-3702
-8925
-10450
-13518
-14644
-14084
-14663
-14748
-14346
-12686
-11849
-12805
-8689
-1910
-9731
-6761
436
-3577
-6136
-4756
-3949
-6718
-1119
402
1691
796
-1816
5134
7669
9632
10613
10919
13868
12743
13744
13474
12707
13287
11582
11514
9297
9159
7892
7046
6027
9092
7564
835
3117
3184
1292
-529
-3694
-6981
-8322
-4584
-5821
-5329
-7700
-12844
-12135
-14895
-4628
-6114
-5994
-3356
-1906
-8508
-10027
-386
-767
-2306
-1397
665
-988
-2609
-929
-1787
-755
-2588
-2316
-2690
-3816
-548
1650
266
-1655
5040
8590
6704
7433
7733
9727
8840
9692
8619
8821
9298
8696
7445
6722
5570
1505
2868
2268
3087
-2092
-1827
-469
-4049
-1223
-1097
241
-4288
-3818
-1967
-1769
1584
1001
2905
-1677
474
10601
5104
2511
5421
5478
4443
4191
4145
3745
2887
439
872
-106
-1192
-1998
-3783
-4224
-5259
-8243
-8430
-4226
-1999
-3098
-6273
-5145
-2627
-2797
-1282
-4414
-5605
234
-190
-858
3696
3659
4543
2513
-4554
-1791
677
-724
2951
3428
2774
-419
3114
-2430
-2303
-138
-245
1846
5376
-3298
5507
11450
7232
7302
11197
8591
8215
9981
6118
5663
2845
5666
1503
-455
4493
4090
2217
1936
-4489
-3771
-4205
-4317
-4833
-8223
-11273
-12052
-9544
-10348
-9978
-7563
-10958
-9992
-3649
-4668
-397
878
-1945
2058
3232
3676
4984
3640
4442
4606
4484
4749
5308
6613
6420
9776
10977
6632
4059
12898
13207
7713
9630
8864
11305
10414
12537
12245
9719
10509
8417
7924
5827
4968
3309
706
-2113
-1888
-3651
-6123
-4721
-2654
-5415
-5849
-5326
-8641
-7958
-9874
-10189
-6245
-9680
-13134
-12626
-14208
-10384
-11626
-16416
-9493
-4294
-4230
-1126
-2736
-2995
2053
2312
1794
1334
1145
1405
8999
11563
5851
4765
13677
13033
10430
16153
15207
12334
8541
14160
13229
11801
10945
10066
8085
8901
1337
1254
1936
1327
690
705
2206
182
1145
-2998
601
1905
-1636
-3544
-4300
-3517
-4490
-3869
-5287
-7390
-8721
-10147
-10272
-9792
-11105
-10536
-12265
-8671
-10585
-13946
-10334
-3593
-628
-797
2142
6371
11137
2989
8326
19664
11731
12244
16190
15364
13101
14933
14628
14536
13404
11818
10695
9591
5425
3512
3269
8819
6859
5705
6086
9617
4154
1476
210
-398
-710
-795
874
-499
842
-363
-1881
-920
-3908
-4677
-5817
-7226
-5879
-8500
-12044
-12996
-14710
-15561
-14618
-13855
-13851
-11969
-11759
-10469
-7302
-8330
-5312
-4556
2998
6904
79
6012
10796
8615
8435
10388
12496
12260
9464
11773
12143
11456
10089
11300
16092
14509
13626
11220
7752
7366
8338
7188
6367
6112
5472
4942
4897
4744
3037
1378
-226
-1238
-3203
-5287
-5219
-7255
-8742
-10900
-12858
-11587
-13611
-13644
-12383
-13505
-13223
-13098
-14021
-12697
-11888
-15649
-12409
-3167
-8229
-8894
-6004
-3508
1258
-3811
3855
6373
3825
10069
10762
15047
15407
15244
15328
12203
14003
13292
12454
11112
13101
15535
13633
11850
11992
5202
5444
2979
7485
6178
4687
4971
-757
511
1607
739
-951
-3435
-8373
-9309
-8851
-9338
-8617
-8898
-9616
-10786
-10058
-9038
-11891
-6644
-6332
-13825
-1666
-4401
-7285
-1243
-8071
-6177
-8011
-4810
-435
-1992
1545
-3322
-1391
6839
6376
7484
5717
9918
11350
11544
13957
13201
13873
12786
13441
13115
12899
11163
10924
10548
9731
7870
6232
5074
2845
2963
1834
-273
-2965
-4229
-4966
-5641
-6718
-5780
-7011
-9624
-7159
-10399
-8720
-7864
-7103
-5901
-8753
1032
750
-1807
2388
1472
39
-721
346
-301
1050
-583
-1624
-985
-2820
-1318
-3534
28
2589
-4774
-1600
3162
5483
6177
2686
5550
6419
5169
6141
3577
9482
4119
3802
4255
2576
4248
4087
2118
-402
-4804
1377
175
-2185
-3569
-4750
-3899
-4739
-6626
-5119
-6534
-7502
-3025
677
-3927
3854
9014
3314
4442
6484
5833
5255
7190
5811
4573
2678
1627
520
3350
3519
-2484
-1979
-2579
-4078
-4950
-6006
-7439
-9416
-7080
-1969
-3631
-7413
-2955
31
-1459
306
-983
1059
1480
1200
3234
984
164
-1725
257
-2019
-3174
-1988
-2113
-1596
-3234
-3282
1912
5017
3123
8490
4240
782
12250
10877
6495
13642
12532
11782
12006
11932
12323
10745
10322
10008
9371
8113
8260
3789
1670
237
-1475
-3299
-4768
-5862
-7531
-7926
-9246
-10065
-9951
-11953
-12769
-13667
-12192
-6321
-13329
-14823
-10967
-4697
-5609
-3237
-2884
-4658
2182
-2122
-4291
2281
-9
806
801
2148
3464
4358
4620
12269
7536
7999
20849
9637
8397
13005
13780
11906
9783
11893
11832
12619
9940
9126
8295
7555
7148
6714
4600
1890
1922
-933
1063
-4431
-4779
-5035
-7634
-8522
-8960
-13685
-14167
-13083
-16151
-16206
-15077
-18799
-20294
-18728
-21013
-12414
-7323
-12741
-8472
-4869
-5286
-364
-613
947
-1517
1449
5453
9703
12882
6387
15206
20369
12516
13589
17093
12256
11996
14032
13306
12576
13082
11758
12572
11362
10143
7021
5782
4469
3933
2168
754
1211
383
-691
-7004
-6512
-6036
-10990
-8097
-7697
-11676
-9780
-10461
-11972
-9111
-12670
-14898
-15016
-15276
-9900
-11304
-16267
-16546
-14118
-14318
-12590
-8639
-10778
-7235
-4096
-1630
6326
1526
2112
13135
10789
8969
12153
14536
14721
15694
15891
16179
15784
12542
12785
11631
12229
12597
10718
8087
8398
5592
3709
3454
2022
3703
3142
2229
-515
-1833
70
930
-1317
-1558
-3362
-2775
-4323
-4521
-2527
-3889
-2558
-4785
-6345
-7193
-8848
-9662
-9387
-9826
-11057
-10033
-9438
-10054
-7133
-5958
-10758
-3093
4965
-2088
2269
7358
5927
8670
11391
13207
11904
12955
10767
12192
13101
14002
12023
9679
10174
8528
9749
9799
8709
5558
6628
6197
7706
5718
4054
4600
2755
2548
1695
3102
979
1387
234
-306
428
-1699
-3407
-5028
-5751
-8241
-7669
-8778
-8155
-6950
-6377
-7039
-10039
-7446
-6300
-10142
-12891
-2756
-1261
-6017
-5734
-4989
-5873
-5323
-4022
-6259
-2714
1539
2777
1547
3783
4082
6724
4574
2856
6896
5398
6952
8617
7765
9047
8068
7060
7945
6645
7490
7369
6189
4984
3057
1336
553
-189
-633
-523
-3240
888
-642
-5744
-6369
-7382
-6387
-6568
-6891
-8616
-1801
-5033
-2998
-10583
237
6271
-169
-983
-7643
-2696
-4691
-3771
-4615
-6839
-4709
-4520
-6358
-10001
-4141
-816
-2393
-4479
-3010
492
2114
3877
5015
7852
8803
8592
7616
7210
5873
4720
6164
6079
5844
10040
8559
9346
8233
2416
2787
2312
839
-190
-3341
-4744
-5006
-4557
-3136
-2522
-2698
-2454
-924
-515
-4254
-7905
1657
122
-3486
-878
-18
2273
3668
2435
-2231
1034
416
-1566
-2219
-2419
-460
-3280
-3502
-2565
-3724
-2462
-3470
-2379
-2044
-6912
-2711
2717
1439
3718
5175
7453
7663
5512
7019
5166
4793
4702
4595
4704
4278
2747
461
-420
139
567
838
-348
-1001
-3423
-1853
3359
3428
-2795
-5490
5281
3792
2368
-145
-506
3906
1293
3092
5427
6066
5297
5966
6217
1308
2114
588
1440
328
-1138
-2725
-4907
-5550
-6760
-8240
-8945
-10016
-9675
-10125
-9361
-6516
-7341
-8966
-5785
-1868
-1399
-1953
-2436
-3457
1469
2562
-3358
-4624
-2995
-2481
-407
-1470
-2446
24
-276
1166
2134
4252
-3635
-1235
11308
6984
5432
8794
9090
8487
10359
11331
11264
11118
10852
11321
10175
9075
8212
5390
4591
3027
1730
1919
191
618
-823
-1601
-1653
-4270
-5929
-6750
-9115
-9996
-11909
-15538
-14693
-14531
-11630
-8392
-7902
-13118
-8328
-3907
-5975
-3014
-9693
-6710
-3242
-2175
1006
-5310
4726
10868
4856
7413
15467
14676
8385
12624
14689
13073
14792
16805
12280
10955
10706
10070
9308
7613
8118
8639
5346
4435
5143
5190
5634
4897
3362
2950
2064
14
-902
-1186
-1693
-4635
-6345
-6817
-8295
-7642
-9543
-11784
-12296
-14798
-13523
-16234
-16265
-17619
-17347
-13143
-16125
-10480
-11770
-9756
-2484
-579
3696
3403
4759
6699
15399
18225
15589
16341
16085
16290
16695
16927
17049
19937
17941
17107
16395
15226
14672
9861
9414
7622
6410
5617
3624
4728
5233
4963
3403
149
1339
-2001
-4176
-5445
-8143
-8078
-12061
-6091
-7718
-13955
-13112
-12129
-13487
-16981
-13753
-12248
-14128
-13747
-14600
-17368
-10848
-13552
-9963
-3084
-3372
-1614
725
-1333
6326
7791
8844
10253
9344
11187
10930
16457
16201
17039
10456
11103
11423
11677
12685
10563
13257
11860
9839
9393
8379
6718
4241
3288
1506
301
-1121
-4627
-4219
-3207
-6324
-1424
-1346
-6190
-7197
-3980
-3547
-5799
-4325
-8252
-8871
-9015
-10399
-9660
-10898
-9997
-9069
-7895
-1817
-2817
-6307
-6603
1728
2346
-2063
1103
-803
3433
3923
-718
4300
11775
11556
10817
10859
9583
11319
10623
11440
10950
10046
10384
8774
8410
8985
7506
3955
5098
2854
1982
2865
2821
-2997
-3744
2173
-4851
1786
2286
-552
638
1204
1351
-255
-462
-941
-1906
-1019
-1682
-2356
-1529
-824
5076
1671
-3174
2656
7496
4932
125
2923
1015
-266
436
-1136
-1267
-1107
-1240
-3011
123
1183
-3824
-7105
-286
110
2205
651
1285
2686
2514
4813
5065
4035
2410
5533
2704
3526
6179
6057
6789
5778
6231
7262
5642
4181
4526
3016
2922
1563
1630
201
229
226
-1183
1246
-385
1027
5092
2667
-877
4448
9217
4633
4004
3574
2333
1186
726
1566
846
-456
-2110
-1468
-5515
-7743
-9840
-9662
-8048
-11656
-8863
-4791
-6434
-10416
-3947
1779
693
2460
1903
3765
6430
7798
8037
7108
6679
5480
6620
5755
4086
4563
5875
5995
6215
5653
4507
3607
713
966
1446
1489
3534
4366
-718
434
8383
6448
4344
4617
2455
2673
2045
2342
3857
2510
174
1068
1238
-2749
-4088
-4042
-6227
-8523
-9286
-8801
-10225
-11529
-12665
-13233
-10450
-6638
-7258
-4349
-1903
-4125
-3560
3733
-857
-944
404
88
1450
959
2182
2855
1805
1908
1621
7265
5971
6302
895
1626
117
1404
6054
2747
1698
2974
9487
8059
3906
7956
4654
2295
1682
1884
1551
3185
4833
1233
-370
-1543
164
-2434
-2443
-3562
-5323
2574
-686
-1148
-65
1209
-479
-9147
-9526
-9492
-10151
-9299
-10162
-9044
-6704
-7948
-3598
-5308
-7985
-4635
-1092
931
-1035
-919
-27
1026
849
1896
3676
3409
1049
6713
8124
3205
9841
10999
8029
6511
6288
10913
9231
11943
4397
5088
9590
7888
6976
5873
5085
4103
3281
6596
6397
7421
5132
4970
-995
942
1139
237
-1037
-969
-1878
-3191
-5294
-7887
-7888
-9318
-8993
-9596
-9261
-8793
-9972
-10411
-9982
-11274
-11057
-8348
-11698
-12273
-7413
-3869
-3734
-2457
1299
2323
4070
3015
9722
11566
10533
11005
8740
13481
12529
13077
15178
15833
14831
14345
13956
14112
13821
12877
11191
9784
9737
8178
8549
7435
8039
5988
4775
5121
3481
4237
2553
835
1610
-399
-1055
-1815
-4093
-4167
-6209
-7015
-8840
-9449
-9346
-11241
-13347
-13036
-13242
-17066
-16961
-16776
-15237
-11120
-2300
-9115
-12098
3889
4921
2350
6484
7291
6832
9330
13832
15774
18454
16881
16639
17381
16098
16288
15515
15544
15685
13091
12502
11790
12005
10907
9196
8212
7367
7210
6530
5811
3869
2396
2687
1374
-76
-1717
-3106
-3907
-4547
-6029
-6468
-6129
-9634
-11852
-9543
-13285
-13811
-8508
-11802
-13994
-9549
-5715
-9203
-10752
-6653
-1922
-2891
-2222
3377
3018
-1423
4029
9906
10754
14927
12659
12482
13793
10428
9467
9789
9704
9016
8349
7567
10089
8653
5925
5214
6931
4335
4001
4040
3013
4556
4143
3481
1126
-424
-1525
-3483
-4154
-3955
-4146
-8405
-6077
-4932
-8792
-8832
-7858
-4725
-6554
-4823
-3209
217
-2473
-5173
4526
3733
1212
407
3267
1935
-1161
-350
-1231
-631
49
2246
3840
1698
-770
4967
7225
8534
8353
7199
9621
9918
10591
8857
10731
9902
8726
9408
8157
8668
7675
7412
5558
2803
3549
793
-2296
1497
-185
-1754
517
578
-1123
-2947
-802
-646
-2383
-2594
-2020
-3671
1070
3651
-3538
46
6503
5790
3547
3105
3127
1055
1550
-1010
-2969
-2446
-2925
-4398
-4797
-6245
-7828
-8635
-7079
-4987
-5804
-4911
-12175
-7256
3797
-3220
-1135
599
24
-2092
949
1538
1213
2365
4843
2277
1356
3382
3704
4375
3740
2355
1210
-516
-136
806
-284
-667
-470
-842
2536
8478
6883
1177
9405
11787
9468
8648
9417
4292
3146
4487
2677
1525
4619
4647
3450
1616
537
-493
-1286
-6750
-7579
-8543
-7501
-9082
-9554
-11854
-12339
-11303
-8508
-7098
-10767
-9108
-6994
-4997
-2080
-3031
-1849
988
2693
5073
6293
6392
6390
5817
6036
6677
6518
5188
3961
2646
5405
7093
8395
11124
7580
4103
13491
10437
7850
9159
10454
9201
9637
9096
6574
7248
4723
2351
-519
2425
2413
1133
844
-968
-2963
-3362
-3415
-6528
-7368
-5091
-5634
-14211
-14884
-10000
-13482
-12981
-12137
-13976
-10644
-8751
-9437
-12406
-4126
-352
207
971
242
3445
5220
6346
5701
7579
7207
6417
9362
10717
12898
10058
7027
15976
16412
12758
14760
13076
13097
11395
9948
10359
9562
7890
7928
6804
5644
1764
565
2504
-3945
-3173
-915
-2712
-5662
-6438
-2890
-2650
-2293
-2390
-2555
-3010
-4338
-6395
-6991
-6112
-8088
-11097
-11106
-11033
-11239
-12403
-15158
-12217
-8581
-9211
-10471
-3163
-535
-1213
-60
-2186
1662
2389
5836
2038
4719
14396
12709
11719
13431
14137
12098
12297
11633
12328
9769
9478
9503
6829
6332
8349
6403
-337
1381
4425
4363
3390
4079
4242
4107
5726
3191
2726
2713
1634
479
-2599
-4466
-5657
-6995
-8135
-9053
-9865
-8995
-8965
-9751
-11200
-10826
-12180
-12032
-13876
-16094
-16399
-13157
-8723
-8816
-4979
-3108
4922
6497
2487
1880
11321
4361
3925
8498
7477
8749
8526
11232
8499
4934
6106
12823
11075
11275
11119
10077
9433
4767
6123
6424
9086
7772
8258
7669
5295
4244
2046
486
-420
-1969
-2761
-4145
-3386
-3690
-3495
-2126
-4120
-4261
-6011
-6933
-9005
-9600
-11593
-13096
-15151
-17520
-9913
-9067
-11482
-12671
-4806
-5874
-4009
-2744
-8714
-5773
1394
1577
3910
6989
10615
9517
12774
11638
11939
13598
13737
14224
8426
10289
9221
9039
13836
12861
13012
11426
11690
6350
5856
9762
8311
2397
2279
1095
609
-593
-2880
-4007
-4243
-3104
-5088
-4825
-6391
-8259
-10500
-11021
-13117
-12958
-11824
-10687
-7887
-13096
-4956
-1407
-6983
-6610
-4919
-7573
-4434
-6521
-9301
-4747
-3748
-692
-4300
3003
8314
7162
10121
10573
10079
10956
12718
11009
10107
9518
10464
10707
9718
11042
10926
9822
10332
9227
9027
8171
4835
3463
2983
1281
392
-1456
-1729
-2515
-3630
-4354
-5157
-6703
-5451
-6373
-6954
-5696
-5822
-1901
-8817
-12637
-109
2935
-4620
-2485
-1784
-1343
-1365
-276
358
121
1487
-1694
-1164
-3125
-4537
-4756
-5221
-3578
-4790
-8764
-358
5008
4153
6625
6288
7047
8053
8283
7407
8767
9201
8152
6084
5471
4470
2628
1925
1494
-358
-997
-2484
-3118
-3685
-4632
-3403
-4394
-3510
-6129
-3943
4397
3969
-1976
2433
8358
6308
5049
3399
2661
2614
4012
3183
1592
2338
2521
2297
1838
2274
1894
669
-447
-4370
-6912
-6590
-7494
-7609
-7718
-8231
-4088
-5586
-10475
-4122
1274
-221
2631
2338
1952
3145
2348
2467
-2270
898
-2869
-1302
724
-236
-3158
-7913
3836
652
27
1924
162
2065
5469
5752
1505
7062
13662
9815
7145
7427
6341
7973
8001
8590
7162
8345
8107
7367
6299
5467
4417
2627
2610
558
889
-1054
-882
-2343
-4022
-4443
-8106
-7810
-10356
-9590
-8802
-10183
-11131
-10558
-9633
-15070
-9866
1265
-1255
-5423
-5818
-434
-1716
2024
208
-4
1244
2370
3742
1787
9710
8447
9800
6133
14106
12587
9546
10498
10898
11034
10665
12689
9802
8285
9022
9423
10802
9029
7046
6391
6291
3731
2205
1398
1111
210
-473
-1588
-4424
-6711
-8196
-10294
-11674
-13273
-12185
-11591
-12517
-16448
-19342
-8925
-10039
-10951
-9245
-8197
-5696
-8833
-8655
-2468
-5087
-2483
1052
-710
-559
1655
2315
7318
200
6024
11381
16131
14414
13813
16285
15546
15543
14992
15204
12537
11009
6330
8820
8485
6434
4815
1562
6402
4712
5050
3375
2625
-3975
-4127
-5359
-2795
-4212
-2721
-7311
-7998
-261
-7452
-4734
-4711
-5433
-5915
-6227
-6049
-7609
-9623
-9195
-10297
-10724
-9486
-10007
-7075
-5122
-2930
-8009
608
3842
-2254
1641
7637
9110
6017
9918
10049
9609
11587
9793
14306
14832
13889
13452
12751
11176
11682
9764
8617
7968
5775
5573
7319
6141
4374
3961
-1294
40
441
-445
2534
-959
-12
-626
-1364
-3161
-3605
-3391
-3416
-4406
-4005
-5458
-8217
-8740
-10729
-10986
-11855
-13289
-12394
-12331
-12949
-16419
-9670
-5407
-10819
-7630
360
-2319
-5427
2547
5399
6632
10034
4821
6815
6705
7751
8074
8021
7307
7811
10400
8487
8682
7289
5215
10016
3811
8160
8867
6839
8674
8783
8783
7754
7704
6024
6823
544
1569
2550
1069
1451
-126
-159
-1315
-4641
-6336
-5970
-8564
-10101
-9014
-8387
-8672
-9885
-5652
-6011
-12054
-8354
-1824
-6133
-6985
-4687
-5747
-6745
-4387
-4318
-5782
-5570
-2754
8255
-132
3761
3514
5501
11105
8829
10472
9344
11691
11056
10436
9632
9626
11153
11743
13100
11738
10299
10831
10779
9299
9119
7662
7038
4736
4056
4338
2440
2216
-202
-1313
-2577
-4548
-5801
-6579
-6982
-8394
-9938
-4991
-5154
-11437
-1945
-728
-4168
-4729
-6392
-8937
-9248
-7569
-10162
-10258
-10628
-5146
-6084
-5835
-2795
-257
-924
833
6828
5308
7031
6064
9592
11523
10961
12252
12892
14808
13610
14448
12796
12904
12942
12424
9874
7917
8549
7451
6091
3683
3457
1421
724
-199
-438
-2153
-2099
-1768
-3674
-1715
2960
-2643
-5812
3301
-335
-848
-496
-136
-3488
-3025
-504
-6468
-3401
-1348
-1123
1276
-150
-930
-3857
-7770
-6128
-5563
-6495
-2880
-808
-1173
1319
-380
1965
7552
6921
10501
7310
8670
9953
10216
9656
9291
9862
3866
3204
1291
1209
914
4245
2406
3708
2293
1229
2656
443
-1540
-2013
-2266
2177
-8732
-7767
2767
1828
-3183
3401
6423
3354
5474
7123
5066
5024
4548
4307
5010
4438
-518
-1291
-3804
-3503
1840
-141
-947
-2317
-2563
-2522
-4173
-2977
-3982
-2319
-2818
-3295
-2203
-2487
3487
3251
3184
3654
2526
3298
2585
3073
-1667
-353
228
-2473
-4822
-820
-1227
-4802
-2243
2767
824
-2145
4515
5722
4865
5848
7351
7887
5095
8203
10087
9038
9253
9693
6285
4386
6923
6569
5917
3481
3372
3623
1314
-799
-1571
-1776
-2261
-2425
-2595
-1919
-4360
-5733
-6801
-7775
-9184
-9961
-10996
-10164
-8415
-9426
-8271
-9995
-7606
-4816
-5012
-3112
-3358
-4070
-1009
794
-175
1760
7063
6979
4594
8319
11915
13084
11880
14656
15994
13659
14551
12698
14403
14408
12461
13574
11978
12960
11954
10274
9457
10356
8466
6982
5883
5356
5220
3314
3318
2138
1341
-980
-3444
-4105
-5367
-5013
-6639
-8507
-9965
-13321
-11269
-13728
-14009
-13861
-16827
-14127
-12453
-14958
-11081
-12034
-12743
-6378
598
-372
-16
-370
6816
12111
10736
12750
12142
11097
11801
11306
17158
14353
16002
15789
16209
15852
14528
14463
13468
12473
11485
10723
9024
7887
6444
6265
4777
5574
3851
2405
862
-63
282
-1914
-3870
-4269
-6361
-6694
-6653
-9094
-7651
-11531
-10003
-10085
-11831
-11973
-14068
-12832
-13342
-11649
-10592
-12676
-6998
-3206
-5653
-7406
-895
9837
6376
7781
7392
6923
6390
9564
11160
12273
11510
10923
12671
11073
13704
10487
9860
9657
7740
8022
6812
7076
5242
5937
5100
1747
-2037
2461
1316
2032
2846
1480
-3241
-5571
-4521
-3220
-4493
-4978
-5457
-4559
-5317
-6946
-5474
-6522
-6948
-7057
-7189
-7775
-8141
-6848
-5116
-9260
-8189
852
-206
-5520
-2486
2274
4333
-115
-1561
8025
8145
9665
11768
11291
11270
11686
12930
11940
12732
11882
11404
10823
9508
9579
11526
7568
6215
7714
6571
5787
4582
6065
4877
4457
4595
4003
3233
2037
1399
808
1773
625
184
-753
-2879
-2891
-2869
-5817
-4056
-4962
-7543
-2683
-2639
-8337
-5592
2176
35
-2985
-2338
-1000
-4038
-4186
-4478
-6440
-4897
-4393
-350
-1776
-6107
2874
2545
-1790
7270
1808
5999
8377
8346
12081
6778
7995
11242
8621
9974
10589
10387
10244
10303
11719
9626
10490
9347
7785
7005
5467
4255
2586
1741
816
385
-1212
-614
-289
-1543
-979
2339
355
-4935
916
5898
1260
-127
2318
-145
-1818
1348
-342
-2381
-1527
-2030
-2315
-5007
-6294
-7394
-6697
-5351
-4410
-4329
-5058
-2873
3254
7050
4721
6864
5922
5931
8894
10346
11395
10491
11842
11694
11115
10587
10246
8992
9676
4671
2476
3509
2099
972
-345
-1037
314
-961
-2196
-173
-1324
3118
-1905
-9995
446
1558
2798
-3113
111
-1061
-718
730
1658
1114
-3953
538
1403
-447
-3159
-3305
-2901
-3412
-3970
-5578
-5573
-6368
-6063
-5316
-2716
-2883
1069
-2068
-2451
5524
5327
6404
5552
5110
4385
6101
7630
6700
6162
5428
6490
4878
5140
5372
4744
5691
4632
3725
2334
1028
5709
991
-2319
8480
7366
5672
3541
3755
2881
1011
4441
3858
2604
-779
3146
3413
1083
498
-219
24
-1068
277
1626
1432
439
-1081
-4322
-3320
-5263
-6592
-7340
-7972
-5667
-7438
-6467
-7103
-5916
-7649
-7484
936
1061
1864
1807
550
971
-299
-1586
-2675
1091
-3990
-3712
-2257
-827
934
6176
611
-182
9368
11417
5005
5939
8582
5279
6128
7400
8594
9363
7262
6547
9274
9896
9385
7357
7302
7551
7439
5811
3387
3022
1968
2745
1135
-466
-1011
-1386
-1562
-3701
-4489
-5536
-7281
-8328
-9195
-10784
-10691
-9335
-11023
-9714
-9675
-10852
-7071
-4524
-4450
-3603
-2411
-3026
-3863
-1779
2488
-1443
-531
9314
6062
6349
7455
6758
8898
8893
13221
12178
11583
10410
10402
12253
9260
8720
7539
7499
9122
8857
8867
8696
7591
6505
5349
3173
2247
2373
-1116
-3118
-3828
-425
-1860
-8001
-6027
-7338
-7514
-9952
-12034
-12224
-15460
-16513
-18823
-21356
-23184
-22680
-19998
-18595
-18693
-19739
-12364
-4147
-7751
-6382
2163
4544
584
9302
13955
12674
11192
13139
13575
14267
13770
14799
16100
17189
16475
13745
13875
15087
12461
9411
8133
6775
5328
4690
6589
5116
6057
6485
2847
3511
770
464
-1283
-2885
-4368
-6747
-9620
-8686
-11688
-11721
-11473
-15895
-13211
-19267
-13791
-13325
-16495
-13281
-15774
-11550
-10445
-19825
-12887
-2597
-3292
-4398
-3595
7352
9057
6580
12965
13153
12577
10530
12933
13399
15447
14119
14883
14268
15525
16385
13752
14174
11696
10814
10294
7262
5215
8420
7799
2117
1339
-72
364
1179
-1083
-4925
-7463
-7246
-8443
-11180
-12048
-10544
-11566
-12668
-13520
-14598
-13859
-14191
-12437
-14963
-13293
-8679
-9980
-13654
-8704
-2087
-7359
-7332
-3850
-4160
-2965
-1576
1253
2364
-2795
7329
12328
10356
13089
10904
10235
11014
11129
10232
11625
11211
12143
11600
10106
10464
9606
6348
7236
4520
4445
3759
2065
1566
-717
-1095
-3252
-2253
-2135
-1649
-2578
-2668
-4225
-3988
-5255
-4355
-5084
-4625
-4774
-5011
1009
-3853
-6167
-489
3463
-1539
-1427
442
-1383
-3162
-2995
-3846
-6177
-2418
-1907
-422
-1361
1590
1577
3048
-1013
1985
2495
1456
3653
2542
2788
9115
7690
8069
7061
7901
7014
2171
5349
2233
6260
4501
1841
1458
-1320
1537
2274
713
1334
-1238
-2299
-3296
-5680
-5299
-4222
-3225
-4623
1819
2540
-2010
-430
6190
5445
2202
2986
1966
1648
-801
5767
2200
1374
1976
412
-3551
-3757
-2888
-3088
-4717
-6579
-7831
-8000
-8272
-7528
-6638
-10378
-6670
2098
1189
-618
260
1546
3990
5399
5715
6394
6181
5133
4381
2125
7980
7267
5641
2564
3721
3511
2761
1662
2599
1000
-1970
3508
4644
-2562
4200
9095
5369
5418
7843
9022
5744
7153
6468
5110
2968
2415
3190
1909
-843
-2666
-3609
-7817
-5007
-6515
-5915
-6457
-9193
-7700
-8857
-8949
-10628
-9040
-9744
-6815
-8177
-8047
48
504
1943
2717
3199
4639
6547
6973
6061
7103
5259
4709
2999
363
-198
1041
1167
1705
1899
5277
3086
-4671
5400
10682
5258
7504
8937
7631
7400
5075
4215
3928
4457
3086
2047
3493
1008
-764
-1512
-44
417
502
-2339
-2852
-2507
-4759
-6123
-6920
-7293
-7509
-8198
-9682
-10469
-11532
-9742
-10352
-10629
-6562
-4432
-5012
-1973
1014
1318
2013
1350
-1024
-1454
-65
403
1038
652
3949
8821
2154
1245
11952
11233
11308
10199
10172
9105
4947
3630
7983
7745
6496
8584
9632
12072
7863
2739
6660
5458
5567
5725
5322
3284
2127
1028
-536
-1046
-2406
-4126
-3123
-3486
-3895
-4399
-4740
-4043
-5696
-7467
-8140
-10612
-11433
-11762
-14910
-14909
-14710
-15158
-16614
-11616
-7351
-6162
-1665
-2603
965
4151
-973
-1053
10737
9844
3639
6913
6500
6318
4512
10942
11099
6836
12920
13075
10934
9761
9911
8202
7575
9019
7040
6170
5269
4467
7463
8909
7388
6084
5171
4693
4399
1483
-867
-2488
-5237
-5756
-3481
-11294
-11172
-12007
-12076
-13959
-16587
-17310
-16625
-17446
-18916
-18899
-16919
-16039
-15926
-8734
-15143
-14867
-4360
-470
127
-1336
5248
4776
6031
12448
12389
11224
14872
15331
14611
13186
12374
13106
11847
16625
15837
10563
10882
11069
9217
8791
8174
8024
8091
7792
7217
6899
5218
3813
3354
2038
-885
-4461
-5143
-7486
-8634
-10674
-13711
-15368
-15291
-16410
-17074
-18319
-17121
-19524
-20822
-20299
-22106
-13529
-16173
-16592
-10515
-2936
-2411
-3941
-1751
-75
8675
7159
8909
11626
12750
13259
15843
17154
17115
19102
17908
19166
17870
16872
16909
17078
13740
11441
10105
9249
9161
7143
8168
6773
5632
4884
4146
1983
-543
-1856
-5071
-6222
-8166
-10436
-11973
-13303
-13643
-13580
-15795
-14143
-12911
-13640
-14527
-12477
-8016
-10483
-9035
-4063
-4865
-9753
-4982
-3858
-1247
-465
10
-679
652
3586
-1220
6089
10691
5409
14483
13256
14319
9387
11558
12022
11872
12407
11628
9678
7227
7256
6727
6014
5253
4021
3788
1938
8
-992
-4534
-3794
-5392
-6875
-10472
-11163
-9528
-11423
-10115
-10208
-12388
-14228
-7266
-7112
-7118
-3029
-1469
-10835
-5802
2911
829
756
121
-1477
1079
-816
1377
-1062
-4178
-2644
462
2555
-96
3173
1531
4102
1417
2803
10869
6610
5695
4892
5522
6822
6980
7052
7534
7628
6843
6902
4735
3988
1126
1663
3049
845
854
-3330
-3110
-3862
-4117
-5036
-7452
-3727
-4461
-3798
-4279
-3217
6351
2497
-2533
7525
9528
4818
4821
3983
2150
3904
6209
7459
3243
1507
3654
1866
2106
297
-1029
-2882
-4555
-5817
-6254
-6243
-7127
-6054
-3200
-3652
-3427
2065
1227
985
-2021
-1593
-2125
-775
2014
-1926
-905
-16
1820
-501
-3430
-1854
-2744
-1889
-1021
-3890
-1160
814
2254
634
-384
1675
2888
-703
-2115
8714
8629
6016
8089
9317
8784
8669
8162
5821
6290
3928
3805
4458
3809
3223
1854
1162
-1993
-4172
-6077
-7766
-8143
-10213
-10517
-13751
-14204
-14777
-15090
-7779
-7005
-10907
-8034
650
-3339
-5877
-3458
-2615
410
-1307
-763
2938
2468
2740
2405
496
2138
1683
2446
2943
8251
3965
-47
8482
12625
12417
11311
12063
15236
15055
12846
12529
12030
10764
9572
10260
8750
7715
5488
3492
2388
-196
-141
-2369
-3291
-5037
-6190
-4557
-4393
-6871
-10736
-7146
-9764
-12491
-11295
-14462
-15461
-15051
-16692
-14328
-9980
-12882
-8847
-5802
-5332
-2471
-2525
-1485
810
2682
3368
6190
3777
4970
10643
4419
2867
10173
13438
11484
15290
18070
15711
13537
12503
10732
9122
10898
10639
11157
5647
4573
2814
1304
674
-776
1239
931
2012
-3262
-1881
-3048
-5528
-4634
-7859
-6840
-8014
-9990
-9799
-9466
-8769
-7689
-10409
-11127
-11199
-12178
-13053
-12761
-10726
-11985
-12144
-8910
-4086
620
-4323
-3423
1045
4209
-3071
8246
16794
13850
13293
17057
17926
12105
10491
9994
10080
10165
11108
11856
7775
3948
11095
8936
10848
6027
4711
9897
6022
1374
4121
3977
6096
4897
-1021
699
440
-2088
-2083
-4666
-6787
-7305
-7030
-8715
-9005
-8417
-7984
-7295
-9275
-11518
-12614
-13001
-14375
-14531
-13618
-13547
-8826
-6493
-4257
-7149
-6499
3670
6987
6707
4766
5443
12119
11609
13560
10433
6767
11131
12600
15300
10691
7055
4864
11553
13310
13140
6872
7771
10527
4178
8613
7770
2812
4811
3366
3166
3288
3049
754
-220
-1238
-2768
-4090
-4194
-4264
-4821
-4360
-6773
-7315
-8133
-10622
-10281
-10104
-11409
-10529
-12755
-8045
-7776
-14854
-8399
-8430
-6278
-5096
-1452
-1996
-5619
6910
7005
5547
8410
8179
8100
11046
11590
10068
9423
15605
12513
8266
15475
18173
12341
10159
13840
9966
13931
11086
8656
7616
4459
3627
6058
5635
4132
3482
-2904
-3953
-4175
-4061
-6736
-7590
-10153
-10252
-8241
-9967
-9530
-12129
-12136
-14464
-11580
-4780
-13153
-10483
-5035
-2989
-2219
-5366
-4476
-4343
-4661
-6718
-3693
-691
529
-3065
6408
10835
3388
9181
11917
12317
12953
14539
14158
15252
16360
13939
13088
11544
10128
10941
4766
3220
6185
3172
5217
3505
80
-1215
-267
42
346
-2755
-4211
-6149
-8943
-9328
-6330
-4407
-5797
-6327
-8589
-4011
-2782
-13770
-7058
775
-239
-5982
851
1877
644
2949
1119
253
-3450
-9017
-5711
-189
-1480
-1602
-2441
-120
2627
-2002
791
7011
3688
5584
6548
7542
7418
8758
9087
9413
9804
7400
6221
6878
4935
5103
963
-4219
327
-1718
-140
-444
-4036
-3382
-5805
-8417
-6416
-5276
-5798
-7653
-9266
-5142
-5654
-7983
2449
4873
1866
6432
6144
6902
1515
1852
5169
1080
689
-1681
-44
1774
-243
-2671
-4304
-2321
-4693
-5861
-7155
-8068
-6485
-5159
-5965
-9258
-1074
1828
354
2739
549
1756
2242
1398
1191
1728
-28
-1156
-1251
-1115
-3545
-2636
-1843
-10826
-6277
-6255
-1864
1801
-1443
2036
6685
3641
4074
8742
10689
5774
5333
9981
10019
9639
10313
7764
4705
4294
3386
4117
5357
4421
3345
2605
1107
-337
-1010
-2608
-6011
-8587
-5118
-11454
-10194
-10683
-9138
-10472
-9046
-8522
-10113
-11554
-7886
-4953
-7254
-5933
-6472
-4554
-3125
-2576
-4757
-1275
1451
1668
1128
2448
499
3246
1402
8243
4452
-3370
9072
16000
12923
12497
13753
12914
14152
14485
13861
11209
8987
9173
8921
10771
11026
9636
7447
6047
5396
3912
1991
-1130
-5545
-7597
-3637
-5790
-11610
-11895
-11996
-13427
-16215
-19275
-16325
-13254
-15241
-16237
-13138
-12567
-16216
-12458
-5015
-4785
-3823
-3212
-1369
962
2750
8810
1243
4615
11954
11114
12229
16248
19455
14594
14432
20137
9514
7490
12774
13995
13458
12120
14555
13885
14402
13847
12296
10568
7040
4901
1180
729
-1496
-3306
-3193
-4629
-5027
-6212
-7427
-6125
-7736
-7659
-11943
-14884
-11156
-13458
-16255
-16752
-15980
-15485
-14311
-13506
-14112
-14588
-10689
-9440
-14010
-7528
792
337
1470
5268
6518
3387
7014
18856
17979
12110
14710
18170
18366
17820
17223
15166
14772
13746
8175
9213
9094
10312
8052
6234
6286
2950
3809
-535
-3070
-1861
-1685
-2815
-2963
-5418
-3936
-7729
-11748
-1564
-3365
-4457
-4675
-4986
-6499
-6055
-11452
-10357
-9633
-15245
-12700
-12406
-13244
-10841
-10181
-10505
-9871
-6512
1636
-2748
-6058
7977
12956
11670
10959
11324
14353
14196
14882
15715
15594
14231
13631
13210
14378
13780
12117
10728
8596
6824
1077
3809
1721
1971
347
4542
-282
-4225
1437
-1193
-2093
-1651
-1121
-168
-7
-1205
-1757
-4435
-9826
-5305
-6781
-8834
-9432
-11691
-10449
-11300
-10520
-11279
-10147
-12968
-11919
-7839
-10790
-7377
-9434
-4826
-4939
-4276
2834
-2191
1952
8239
8493
10133
9175
8814
10784
9726
11783
10914
9275
8687
8167
9466
9601
6747
7490
9391
7186
7324
1624
2257
4719
3775
5708
5232
-1428
-2295
257
2345
2683
1926
1139
-60
-4760
-3642
-4132
-3807
-4690
-5007
-4261
-4707
-7936
-4770
-2572
-2057
-8355
-7724
-640
-2767
-2644
-2710
-5032
-3580
-5270
-4833
-7110
-3325
-2681
-4044
4993
5049
6641
9280
5452
9097
8213
9603
8892
10475
9012
10450
10860
11700
9734
4168
9767
10006
10739
5045
4514
6112
2985
1665
-101
-310
-1475
-233
-89
-2161
-1830
-4292
-4637
-4216
-4673
-6581
-7255
-3471
-5521
-4483
-12585
-5528
697
-5700
-4710
-7704
-4704
-6356
-5210
-4249
-6096
-4271
-6261
-9060
-8522
-4823
-5168
1508
-581
-360
8141
7767
4741
1658
1409
6074
5509
5846
6721
6582
7343
10657
9484
10786
11149
9520
8929
9545
7486
1126
2743
3341
2230
3923
389
-1657
-2025
-348
-3084
-327
2559
1711
-184
-4085
6905
2907
-1590
-907
1917
306
-93
-2977
-5644
-1234
-322
-3295
-3474
-5657
860
315
336
-4371
-7590
-4580
-4071
-2077
-1403
-1869
-4722
-844
1267
290
3346
3406
5689
5429
5651
3284
9062
6250
8077
6449
6330
7230
4687
4928
-997
1528
-5158
-6459
-2119
1024
-2356
-746
2268
1208
691
120
6848
3973
4853
4856
3621
5467
4938
6684
6210
8831
7127
8308
2698
-3743
782
15
-1147
-3514
-5379
-5570
-7715
-9368
-9677
-10725
-7981
-11791
-9669
-6224
-6311
-11260
-11939
4971
-3374
-3158
-1158
247
804
1530
297
-2010
3059
2855
2803
-4290
-1044
1741
4899
4171
7055
6197
1075
810
8685
14223
10192
11006
11293
11628
12185
13717
13770
6652
6925
9381
8565
9394
7394
7326
6380
5766
4321
1598
1715
-2646
-4555
-4935
-5973
-5495
-9879
-10561
-11607
-13115
-14816
-14395
-15610
-14318
-13691
-11898
-13541
-14494
-3750
-6998
-5946
-4790
-8363
-2207
330
-132
-868
3602
1095
3200
10228
10503
791
4450
16365
15649
14263
10039
3532
14278
13148
14315
14753
11691
13293
14621
15120
10104
9183
9839
10331
6536
2558
-333
-1947
-2133
-3765
-3837
-2593
-3240
-3431
-5390
-6636
-9195
-9495
-9962
-9587
-11947
-13498
-13814
-14661
-14676
-15282
-9748
-12659
-10327
-14738
-10361
-1620
-2544
2248
-355
2499
9724
7644
7291
11353
13761
17551
17013
18290
17664
16357
16752
18140
17719
15141
10312
10250
13743
11302
11592
10654
8312
9292
9207
5893
3457
689
-2069
2032
847
-1092
-6323
-7111
-6142
-6750
-7879
-8430
-10939
-10403
-13718
-14012
-14190
-18044
-15505
-14399
-13331
-12431
-13817
-13922
-15568
-10480
-9344
-4026
-11867
-11390
5405
-1474
-85
7607
10167
7381
11167
14836
12943
14949
16645
17718
17585
18756
16584
15242
14144
16495
14624
8330
7707
9874
6753
8156
5301
3103
-260
-1071
-2290
-3178
-6371
-5737
-4352
-8184
-3211
-3231
-4713
-4751
-4657
-4363
-5896
-6105
-5005
-9906
-10110
-10970
-8352
-12699
-13433
-8637
-11919
-12526
-8477
-7622
-11001
-6587
3772
-614
-4152
5265
10283
9595
9647
12324
11118
13784
15310
16439
16963
14820
13644
13079
12111
11416
8928
8847
7360
3799
3118
-1357
2559
1057
820
3900
3115
-280
2041
3674
506
103
-614
-795
-2000
-554
-1961
-517
-6605
-5374
-1758
-6015
-6853
-10264
-9100
-8929
-8776
-8303
-5362
-4236
-10850
-7172
-1488
-3866
-6093
-5854
-3993
-4666
-3902
-5136
-393
3499
3682
8236
8831
8332
9175
7077
5905
7608
5479
5933
6157
5632
7624
5060
5804
8027
8063
7230
-872
1909
5785
6008
6263
4176
4030
-4697
-1538
2164
1639
3252
-291
716
-256
-2335
-2287
-3151
-2304
-1756
-1564
3232
-1508
-7601
522
4310
-1480
-2749
-2138
-5086
-6385
-7564
-8163
-6453
-7009
-6846
-5033
-2533
-5064
-8939
405
1067
-609
2596
-1647
1567
5195
5020
5436
5828
8594
8730
9332
9636
10186
6915
2771
7141
9045
5872
1764
69
3779
3105
2896
2614
-2819
-1377
-1733
-1792
-3058
-2600
-886
-3724
-1407
419
-6205
-6393
1628
919
2029
332
-92
-1232
-4909
-5588
-4193
-2267
-4039
-3516
-5175
-5819
-7934
-11534
-9774
-4028
-2763
-2782
-5229
2208
577
188
3038
4990
1017
3973
8995
10586
12550
8512
7651
11691
11223
12055
11013
9046
9495
8942
6298
1513
-1227
1654
-1713
171
-203
-5229
-4266
2014
364
-7521
-2650
6483
3708
1119
1740
246
-186
655
718
-2840
-3499
-3899
-2110
356
88
-3019
-2695
-7121
-6273
-7030
-7139
-7384
-6596
-12510
-12153
-7191
-7267
-7167
-9778
1964
3158
5752
6333
695
5127
5812
7028
8783
7490
7086
7571
2518
2199
2062
1174
221
1891
2427
3549
-2012
-579
8636
-1935
893
10414
7300
6153
3923
3593
2165
2471
2367
4655
6843
4839
4562
5501
4497
5056
3531
584
739
-6266
-2750
-1666
-6701
-6650
-5382
-6204
-6845
-7566
-10937
-8721
-9696
-8166
-5283
-7229
-9746
-3504
-1184
-1725
1480
991
1613
2418
2774
3432
3544
1421
1395
2425
796
163
6405
6794
1400
7131
13852
5380
3432
7879
6039
8524
8409
8334
8690
7678
10552
8160
10286
6746
107
5341
973
1637
1089
-102
-167
-1036
122
-1644
-901
-2950
-5886
-6683
-8299
-8777
-9210
-11604
-12884
-14866
-13138
-14477
-13668
-11904
-10652
-14533
-14304
-5710
-8741
-8442
-5719
-5122
-2353
970
1132
254
8640
5224
3228
13600
16545
15151
13508
14152
13297
13724
12970
10088
4255
6682
10088
12031
9399
5420
6783
6026
5776
5671
6311
4602
4353
3738
3505
2490
127
-895
-1095
-3612
-2832
-4206
-5000
-7412
-10425
-9797
-14174
-12992
-14659
-15987
-19776
-18987
-17849
-17637
-14303
-16924
-15907
-17526
-8292
-7961
-6207
5381
-2356
643
11478
11248
8927
17090
17975
13110
10619
14720
15374
13812
14495
17099
15460
17937
13239
8557
10617
8285
8827
6946
5947
4946
5136
5571
2614
1453
-25
-1446
-2800
-3114
-5452
-4916
-5680
-7786
-10442
-11669
-11229
-12580
-12950
-16253
-15213
-16950
-18682
-16316
-16687
-16311
-14331
-14680
-14246
-13551
-9112
-4125
-10515
-9179
548
3941
8231
10159
11632
7999
10868
12298
13008
15142
17281
15739
16335
13316
13324
13971
12962
13762
10633
10118
6004
4470
6125
5800
6352
5024
3027
2227
-896
-3177
-909
-1326
-854
-1342
-2403
-3767
-4287
-6178
-5950
-4790
-5944
-4814
-4422
-8409
-10983
-10426
-10516
-8354
-12539
-5221
-5092
-9549
-304
-1783
-3969
-4396
-1285
-4121
-5417
1013
4754
4427
3035
6234
7071
8716
8865
9347
11297
10288
10485
8994
8805
6926
6767
7415
8717
6976
4907
6382
-380
1667
3221
2262
1973
1436
449
-103
1072
-495
1503
-365
-2781
-3570
-5549
-7146
-2490
-7351
-4924
-3054
-5007
-5584
-7327
-2585
-13330
-8693
-556
-4357
-1106
-1481
-3238
-5046
-5810
-5916
-6344
-6228
-5456
-1282
-1439
2484
4236
5756
912
2034
4155
3673
1438
3525
2650
4738
6612
5395
2830
3179
3198
7141
10851
6606
7535
4324
-3027
4317
4433
2449
4874
-1305
-4048
732
-1657
-549
-1034
-2717
-3180
-2590
-3395
157
-1486
-6006
-299
5370
4
1788
1837
1900
-701
-187
-1751
-2565
-3026
-4128
-4676
-5644
-6141
-7257
-6944
-7413
-5281
-9435
-1534
3743
67
2361
2579
3086
4164
5001
7092
7549
8005
8817
9136
11289
10331
12895
6326
6471
11084
8568
9436
787
479
829
-571
1215
-2290
-3348
-2706
-2056
132
4138
-2732
655
9425
7005
4246
1995
5578
1854
-653
-2804
-525
122
24
-592
-4464
-4743
-10911
-8096
-7148
-9469
-8251
-8702
-6693
-10378
-10508
-4549
-4912
-7597
-5047
936
-1217
1236
3428
-991
4542
7513
8013
8334
7940
9190
7938
8401
6952
6079
5242
5239
6472
7730
6284
-1071
-563
8985
5343
-2655
6262
9047
3585
2658
5003
3421
1643
1528
-510
896
-1094
999
-3
-3072
-4450
-6025
-6913
-7168
-6253
-5281
-4568
-5723
-3900
-4490
-3102
-3073
-1239
-4913
-9372
-7628
-9060
-7571
-2501
-3642
-826
3510
-751
2634
4027
3358
3813
2938
3537
1600
2557
2678
3461
3116
3545
2397
1681
6752
-648
-225
4493
2745
2695
3501
5812
2387
6689
7472
4920
5888
6785
4842
5260
-233
5097
5684
5566
2113
3683
1407
2292
1890
-5331
-2120
-214
-2409
-5117
-2562
-3164
-8075
-7575
-7794
-8048
-8126
-7248
-7571
-7557
-5866
-7279
-7074
-4826
-4126
-2532
-1859
-2241
-729
-147
150
6
1122
8267
-1334
1477
9283
6169
6440
5591
7706
12147
6044
3705
4462
7969
9600
9389
9956
5467
10675
8636
10658
9071
-961
4925
5568
5258
2800
3223
1695
2400
2572
1113
1209
-1114
-1201
-3452
-5953
-6993
-8008
-9462
-11041
-12019
-11333
-12106
-12094
-13665
-16179
-14743
-13224
-14125
-12867
-8403
-10720
-8561
-971
-1456
-4203
2781
8806
3338
6272
8863
10892
12803
12203
12569
11288
13600
13716
14865
8868
2643
7621
5641
9060
8704
8349
7591
7498
9200
8864
7711
8047
4819
4027
1610
-1014
2733
2117
950
-582
-6280
-6261
-5762
-6625
-8422
-10303
-11509
-14042
-16797
-17865
-18986
-17578
-16358
-15108
-17516
-19711
-7773
-10665
-12971
-578
5158
4108
7459
4132
8257
9721
13120
15319
10026
14302
15110
15907
16144
12606
14403
15866
16101
16362
15354
15591
11191
5566
8847
7711
8685
9913
7518
5759
4626
5142
2333
154
-1439
-3219
-4297
-4037
-4352
-5814
-7670
-10582
-9465
-10170
-12407
-12698
-16475
-16211
-15419
-14932
-13100
-15777
-8584
-11687
-14581
-1126
-4858
-6238
-4118
-5634
-4247
1776
6242
5411
7571
7036
7399
7981
10199
10105
11001
11859
11390
12099
10434
10885
10960
10709
9800
9986
8678
9399
2328
-442
3628
-599
1084
3063
535
-1189
-70
-3361
-6592
-5895
-7719
-9876
-8499
-8488
-8547
-8453
-7468
-7356
-8459
-9774
-2907
-1539
-12000
-11624
35
-1834
-2297
-1917
-2297
-4369
-5286
-4640
-3837
-4889
-4131
108
-1764
1156
6168
5015
7349
6011
6579
5995
8444
10608
9231
11219
9604
9923
10516
9642
8615
8021
6116
7596
7284
5050
-819
-3276
-246
290
1446
306
3328
339
-113
-1090
-3260
-5165
-5861
-4236
-11292
-9593
972
1855
-9992
-2868
4296
839
1339
1560
1404
-5055
1220
1804
163
-758
-2999
-3842
-6956
-3972
-2867
-5072
-2248
-2471
-3238
3840
3527
3090
3075
2424
4624
4780
5080
5386
5497
4851
7893
7429
6442
8863
7732
6725
6171
6215
5905
5931
-2083
-593
515
-5295
-602
-1047
-4
536
24
4474
-489
-5351
6529
5770
5492
6964
5796
4859
-1511
-203
41
-1217
-2111
-2344
-2844
-2826
-4121
-4741
-8552
-7755
-8218
-11000
-11801
-13331
-13576
-12095
-9671
-9775
-8227
-5861
-2990
347
809
-365
