-5
-1
-24
-31
-40
-99
-60
-10
-56
-70
-28
-105
-53
-35
-45
-40
-86
-34
-80
15
41
-98
9
8
-10
82
-1
41
48
28
66
23
46
-2
-19
34
-32
-58
-17
-3
-94
2
-17
-73
4
-125
-66
-74
-81
-131
-69
-101
-100
5
-44
1
-26
58
70
90
57
85
4
46
-7
32
83
-86
42
-61
-2
-15
6
-3
-28
16
-80
6
-67
-75
-52
-69
-37
-73
-59
-54
-50
-92
-41
-70
-79
-14
-77
-39
-45
-51
-25
0
-12
11
2
-46
47
-7
8
-10
-23
-24
-36
-4
-79
16
2
54
35
-1
-16
13
-12
-22
5
-72
3
-90
-46
-3
-60
-39
-85
-56
-1
17
16
-17
-69
11
81
22
14
-41
31
35
100
-51
80
6
23
85
-19
188
-175
117
-143
-77
123
-68
-42
-90
-14
-112
146
-70
-70
14
-20
13
32
-20
-8
-9
-76
33
-42
52
64
57
-49
34
33
23
46
-22
129
60
90
38
41
11
33
3
-32
-10
-30
62
-3
27
-19
40
15
-13
34
20
69
27
7
-59
-41
-11
26
-18
-94
-29
-49
0
-29
-7
42
-39
55
6
68
19
-40
68
-21
47
-29
-39
-65
-30
0
-105
19
-43
-18
67
65
-8
-17
45
13
66
-17
-26
-1
-53
-65
-10
9
-32
-34
-71
50
8
18
23
-56
-3
45
12
18
82
-94
39
-2
-47
108
24
-31
24
-22
-13
66
-1
7
40
94
-59
13
-51
-71
46
-83
-73
-52
25
-50
-13
-34
-117
57
57
23
-36
28
65
-12
47
5
1
59
108
-35
76
55
62
138
-15
81
22
96
31
34
-1
68
77
-4
110
-55
19
42
31
-22
60
17
14
45
-61
44
-2
31
4
56
76
8
55
13
-17
52
38
22
17
-7
-5
-36
22
7
-22
28
9
18
6
-10
-16
-23
-43
-84
63
-56
-35
32
-27
101
35
35
-9
40
1
47
-42
-56
-31
-89
70
-53
36
-20
-34
-41
-31
47
-3
3
-22
-30
-25
17
14
-7
-109
62
44
-23
38
-59
2
-21
44
-29
-3
34
-15
87
26
10
-20
38
47
-9
-43
43
-19
-29
-7
-29
-6
-27
-67
-119
30
-129
-17
-77
-71
-82
-89
57
-37
-29
-144
6
-74
63
64
2
4
34
77
77
54
52
99
-94
159
15
19
51
-37
32
14
-4
-57
-45
25
17
-119
37
-24
-44
15
70
-41
-57
87
22
79
132
55
51
98
41
72
64
71
69
135
57
85
144
37
147
119
72
95
131
118
64
54
48
30
41
0
29
19
33
-8
-53
4
-14
56
-3
-14
-27
8
61
63
33
24
-7
-35
46
7
37
4
18
70
15
46
47
69
13
-17
32
-70
3
38
13
69
-10
17
-5
-34
36
-25
-60
-110
-102
15
-40
-22
-69
-71
-48
-83
-12
-6
27
-33
-51
-41
-12
-23
41
-46
-76
-31
-44
45
-87
-81
-14
-11
-61
-34
-51
-82
-64
-71
-100
-73
-95
-135
-74
-119
-32
-58
-59
-101
-101
-13
-6
-8
-60
-9
-94
-61
8
-9
-45
-99
-38
15
0
1
21
-51
-2
9
19
56
19
19
-24
9
-5
-21
1
7
-24
29
23
-25
6
10
-3
-50
5
-61
34
11
16
61
-29
56
1
21
25
19
36
16
9
24
-28
0
35
-14
-1
-45
60
44
28
29
7
55
18
64
22
32
25
71
49
-22
23
10
57
2
-11
23
4
5
-7
-10
0
-7
44
-26
-23
13
8
-20
-64
-55
-67
-28
-94
-65
-54
-44
-71
-35
-36
-36
-40
-65
-23
-38
36
9
-26
-27
19
32
50
22
32
67
42
46
19
39
11
19
-1
-10
5
-44
14
-40
-64
-54
-50
-18
-53
-45
-46
4
-44
-16
18
9
50
36
41
34
18
41
17
3
13
-33
5
4
-21
-19
3
-14
-53
-31
-12
-12
-2
22
18
12
29
50
49
39
39
37
29
29
59
66
40
26
19
77
62
57
70
31
54
42
61
60
51
55
36
100
68
34
39
26
53
52
59
78
58
25
9
33
53
47
62
23
45
33
30
78
15
4
-22
-9
-29
-22
29
20
-7
-3
38
38
43
38
58
25
53
75
99
89
72
58
16
51
43
77
69
27
19
9
13
-7
-19
26
-12
21
41
44
41
14
11
-33
4
-5
8
-8
-18
-28
-33
-24
0
-4
-1
-6
-25
-5
3
25
-21
-28
-15
12
16
-7
-1
5
-30
-1
-17
-26
-28
-35
-31
-58
-46
-45
-17
-52
-43
-34
-20
3
22
12
-2
-18
-35
-35
-60
-51
-77
-65
-78
-74
-37
-64
-85
-84
-76
-95
-95
-50
-88
-76
-69
-86
-54
-59
-25
-69
-71
-74
-44
-31
-54
-8
-65
-9
21
-15
-48
-45
-60
-44
-29
-96
-46
-58
-18
-38
-19
-43
-54
-21
-26
-47
-124
40
-30
-59
0
-69
-27
-35
-25
30
-21
-19
10
-17
4
-16
-1
-14
17
39
-10
-10
-11
-8
6
-29
-62
-10
-1
-50
-69
14
-14
-29
21
-29
29
80
109
45
68
39
22
86
30
55
7
1
53
74
12
10
8
-5
15
12
-25
16
17
-1
34
13
-16
-19
54
-54
-8
2
-57
-35
-11
-43
-61
-39
-43
-64
-26
7
-46
-20
-55
-38
-29
28
15
13
-32
-4
-20
-34
37
-57
-74
1
-10
21
23
15
39
26
122
36
98
86
65
61
55
-18
48
62
-21
47
-73
-18
-107
-54
-66
-47
-16
-86
2
-23
-27
-14
8
15
-46
-115
1
-26
-39
-13
-77
-55
-115
-26
-58
-40
-7
-37
15
-111
-37
-13
-16
-56
-67
-14
29
27
53
26
-2
-47
-16
27
-108
42
-20
4
-36
25
11
18
43
35
58
53
54
74
115
15
154
25
87
39
60
93
50
50
72
44
50
66
43
70
-78
79
64
9
103
-29
30
39
0
17
-52
63
29
79
-102
75
-65
-58
116
-107
-58
-68
-6
-45
8
72
98
-131
124
-27
18
85
8
90
-73
49
33
-17
62
-42
-108
-3
-83
-3
-248
70
-18
-55
-23
-6
-3
-52
45
-72
43
-77
20
-38
73
-173
86
-153
-72
41
-103
253
-17
97
-38
101
8
-49
31
40
-74
8
62
-99
-13
-41
62
-90
-85
0
11
33
21
35
29
-55
72
24
15
-11
10
-25
-64
163
-140
18
38
-75
58
-58
67
84
-50
188
-29
6
38
40
67
-121
174
-173
-43
-117
-62
-18
-118
31
-96
6
-3
50
24
67
25
50
-62
57
29
-60
41
-95
-97
-40
-23
-7
-39
-70
-1
-29
-35
34
124
-84
-27
92
-71
20
-1
102
12
-68
61
-15
35
-68
61
-17
-128
-6
-105
27
23
-82
-1
13
-111
-12
78
18
-33
-57
-49
71
-49
-65
-35
-37
-74
-136
-8
-70
108
-34
160
-59
34
160
1
268
-112
69
66
36
-49
93
46
-113
-5
-78
-116
-83
106
11
-16
19
33
79
147
-25
196
27
36
29
-101
142
-83
-26
-56
-135
-101
37
16
136
-20
-56
71
-16
15
57
112
-42
-66
-132
-26
20
-72
-55
-96
-303
-107
54
4
16
-137
2
-24
-86
116
103
10
-15
-32
29
56
9
68
-77
-39
-113
-70
110
-57
116
-29
98
118
-30
229
114
-18
156
76
-6
68
22
50
19
-148
-116
-84
-144
-85
-22
-47
-159
28
-34
123
102
31
76
-47
-77
56
-51
-37
-35
-340
-44
-205
4
-23
-11
51
-115
74
137
202
71
104
24
-102
73
2
45
-23
-140
-155
-139
-4
-190
168
-84
-60
107
69
146
115
268
89
173
22
-26
77
-56
-31
76
-177
-196
43
-95
37
46
63
128
-93
146
130
32
64
-20
-12
-149
-59
28
-115
-45
-82
-179
-49
53
-104
-22
-20
40
17
85
197
5
54
12
41
-79
-65
-86
-98
-120
-7
-128
-20
-139
-51
-22
-78
268
-128
138
103
30
47
85
80
32
60
38
61
-101
49
-42
-99
16
-167
10
-87
-105
94
-36
129
-78
7
-11
-42
-23
-18
-85
-196
-119
-79
-47
-157
-119
-73
-80
-38
31
-5
104
37
-19
88
23
53
-3
33
-38
-201
73
-230
-53
-131
-7
41
-82
64
14
116
-9
167
94
70
-146
84
-52
-12
8
-112
-8
-180
-85
-34
41
-99
-40
97
-105
159
60
204
64
47
114
-214
233
-147
78
-78
-19
-31
-39
86
-119
173
30
110
-5
104
208
16
116
43
7
-134
79
123
-64
-95
-84
88
-177
257
10
81
-20
-8
201
10
199
-56
52
-51
85
-142
80
53
-107
145
-156
46
75
81
123
52
-152
-79
-2
-16
77
-175
82
-139
84
100
-93
197
-47
102
9
-39
30
90
64
187
-19
-6
28
-199
136
74
43
44
4
128
14
179
171
-165
-116
-10
194
56
39
34
-161
-158
44
175
-96
22
-115
-149
184
48
-30
-59
-141
19
128
-35
2
-101
-94
92
-99
-100
-131
-15
111
-51
71
-46
-270
69
21
-126
-72
-175
-183
15
-41
-173
166
-152
68
47
-42
97
-28
184
-159
-68
138
41
-37
68
-63
-6
-69
-89
98
63
93
40
47
-53
273
196
-42
20
-62
12
-14
156
-35
-170
-67
-56
-9
-6
-50
-33
5
-195
59
-38
-66
-25
-81
-62
16
-21
-21
44
-53
-123
-103
184
-55
-22
17
-6
32
-36
24
41
-53
-26
89
2
124
32
-18
68
-79
96
-11
-19
-11
-122
49
-21
-71
79
49
-110
15
-44
42
-4
-127
44
-154
48
22
-169
-35
-241
-23
-120
-74
-122
-39
-120
-48
147
-248
-4
13
115
-93
-72
57
-140
-74
131
-190
-92
0
-201
166
20
-13
113
-51
71
-19
28
53
-92
-67
-65
117
-133
164
-131
16
45
-60
114
-174
215
65
1
145
-93
14
87
-53
105
18
37
-6
63
13
-56
-49
45
-56
-4
79
8
-2
-91
-6
28
1
-54
8
-78
-42
13
78
-95
-148
-56
-73
-103
81
-52
-77
-144
-151
88
14
-58
-41
-193
-77
187
-11
218
-105
-74
34
44
154
-93
16
-70
-75
80
-9
56
-19
-34
73
199
58
1
169
-97
116
126
-23
-29
-71
-48
58
29
65
-7
7
20
52
187
8
-11
95
17
38
84
15
30
-156
24
46
37
-11
-18
38
0
110
215
56
27
144
40
75
44
79
-68
-27
142
-118
38
-95
-36
55
-79
233
-91
142
-65
113
134
-76
101
-194
35
-81
33
-35
-134
19
-65
-7
64
-64
-71
-29
-88
-13
95
114
-34
-33
-35
-39
83
-38
34
-75
-53
-11
-26
-22
-80
15
-76
25
15
46
50
85
81
34
24
-55
22
7
1
7
0
-30
-59
52
10
79
-34
-20
69
-16
143
73
65
-29
-99
40
8
-75
58
-81
-59
-3
-28
43
-20
-73
-30
31
22
90
35
81
-40
-7
19
40
95
-43
-60
-44
-92
59
12
-54
-51
9
-9
21
100
30
45
-125
9
-66
35
14
-22
-120
-68
-23
5
22
-119
-22
-114
140
46
42
62
55
1
16
119
-47
-59
35
78
-46
34
63
-11
3
85
87
3
19
64
39
-85
52
-6
-117
-17
-93
-92
-95
-73
-46
-107
-74
22
-41
39
13
-32
33
-11
4
-39
-76
-61
-23
-36
-20
-49
-86
-5
-32
12
48
-11
37
-11
86
27
-8
10
-83
-59
-62
12
-15
-88
-139
-61
-61
-71
-16
-61
-94
-59
46
11
-64
18
-38
-84
-22
-13
-17
-26
-25
-79
-60
-38
6
-14
-26
-5
-6
4
46
35
9
26
35
24
-4
33
25
41
-4
20
23
11
3
81
75
-1
94
67
71
81
18
-38
-44
-45
-35
-50
-9
-89
-44
61
14
17
2
50
16
13
57
47
-28
-17
38
3
-58
-14
-11
-8
3
-5
-10
-70
27
-25
19
15
6
-15
-18
99
-11
20
-13
43
29
49
99
55
65
30
90
26
41
21
-3
1
48
47
47
22
-16
59
41
51
-3
14
14
17
53
50
-10
35
48
26
61
-38
-11
36
-10
85
53
-22
-1
-22
45
-26
27
31
51
3
54
14
-55
41
-42
-1
13
36
13
67
51
53
-22
-26
-15
-27
-29
-83
-9
-31
-52
27
-5
-34
-44
-38
-14
-43
-33
-19
-25
-24
36
-59
-19
-24
23
-40
-12
-32
-50
-59
-27
9
-89
26
-85
-2
46
-28
36
-19
-54
36
32
98
-99
2
-62
-14
-12
-61
46
-146
74
-33
42
-37
7
95
19
54
-16
76
-33
-30
50
1
-62
-66
0
-33
33
-10
14
2
-43
95
25
85
10
53
120
55
102
68
-27
-34
-10
66
39
-18
19
-46
-11
-69
-36
-15
-104
9
6
-49
-36
-60
43
-61
-5
9
43
-4
-3
84
8
33
-3
39
30
32
47
60
14
-26
30
21
-91
-22
-76
-21
-110
-29
-46
-14
-40
-73
74
-136
-31
-17
-78
-104
-93
-62
-116
-146
-64
-63
-45
-92
20
33
17
58
79
-13
-12
40
43
-4
-33
17
-13
-11
-54
-10
-92
66
28
86
23
-26
-25
76
81
-76
89
-42
-22
-6
-14
1
-215
-27
-19
-24
95
-121
68
-16
59
70
65
-9
-34
91
-9
-72
-28
-8
-98
7
-26
-21
51
89
-11
144
81
-11
90
96
-42
-139
115
36
-156
1
12
113
38
71
77
66
98
104
127
-66
110
31
95
8
70
115
39
151
-3
-28
55
57
-4
-66
-34
-31
-45
114
-40
-64
6
13
-24
-74
-36
-25
-94
34
19
-159
-3
-106
-36
-33
-65
65
-157
-71
53
-85
7
-89
-52
18
176
142
19
86
116
126
5
119
-48
-60
-57
-174
-23
-147
-98
-62
109
232
44
218
-29
141
133
-10
-51
-171
-37
-41
82
-92
-387
-80
79
-47
154
-95
-71
164
67
99
-36
-60
-40
-5
110
-152
-76
-147
-83
49
14
-118
-8
25
35
143
-47
-42
-32
79
48
88
-110
2
-156
-81
53
-36
-65
-64
172
97
9
0
155
-84
27
105
2
-99
-86
-53
-129
-70
63
99
-30
127
296
344
47
-9
68
18
150
-114
-196
-262
-96
120
-22
-107
-97
195
-1
117
-56
-28
-86
30
9
-374
-88
-243
-73
-164
-106
-99
-64
15
132
186
-142
17
-70
73
49
-133
-130
-237
-1
-140
-158
-114
-211
7
150
-51
23
77
164
230
-133
-53
-111
-1
18
-220
-228
-268
62
122
-95
-129
-10
325
128
190
-142
-61
297
8
112
-315
-167
50
34
125
-112
-225
177
210
92
122
-114
-13
89
-73
89
87
-287
50
-82
106
200
-82
30
-83
186
325
72
-252
-66
167
285
-91
-302
-42
10
268
90
-249
-214
123
284
56
-133
-229
95
282
-146
-81
-134
-5
113
7
84
-116
12
135
138
-12
-167
28
-75
-26
43
-49
3
-180
169
132
132
92
-114
93
107
127
-85
-254
-4
22
85
192
-192
62
158
23
107
71
-103
94
116
45
169
-84
28
-29
-93
-223
-100
-80
-86
-201
21
221
75
308
62
167
-47
113
138
-12
-154
-387
-79
-86
53
-44
-160
59
217
321
157
-159
-110
159
-60
-99
-21
-386
19
-88
78
34
-226
214
105
29
59
125
-83
63
-63
75
144
-48
37
-116
59
-31
67
46
-79
278
104
140
-3
-104
129
24
43
-171
-216
98
179
-133
-152
-205
33
243
46
-6
-230
88
269
-212
-332
-104
100
20
-160
-103
129
105
61
-87
-174
170
180
58
-151
-90
79
306
66
-189
-104
113
267
-90
-208
-137
88
72
115
-18
92
-56
63
64
-67
-66
-154
-107
-222
10
41
207
-279
-136
-49
144
79
-130
-126
-258
140
282
-198
-463
71
78
241
-223
-17
8
-86
305
9
-374
-121
242
222
-62
-214
44
27
-10
25
188
-350
47
50
121
-186
-96
91
-133
104
11
83
-321
169
-3
118
-293
74
271
27
124
12
221
-227
302
-169
-235
150
-87
82
-84
172
179
92
216
-116
-45
48
139
37
-80
-109
53
-28
226
5
-95
-66
-139
412
-73
-90
-253
83
118
16
-16
-225
-79
-32
282
-114
-327
130
240
-90
-126
-106
40
-38
-183
-97
-7
-23
-46
-351
-164
133
241
-38
-157
8
-71
239
-257
-93
-217
-53
-97
-202
127
21
182
-239
45
81
254
-96
-109
38
-277
188
62
24
-306
194
184
-67
110
8
207
-205
117
5
23
121
-97
-55
-65
69
-5
120
-206
50
169
234
66
-158
53
-97
74
-12
-159
-374
-34
-48
-39
36
-97
141
49
55
263
150
143
-104
-258
285
216
-14
-324
-303
129
271
50
-159
9
446
404
41
-143
86
346
200
-183
-242
150
176
-66
-288
-218
64
253
-28
-185
-138
339
244
-118
-168
-139
251
140
-15
-340
-241
56
200
-92
-91
68
109
487
-22
53
199
324
59
-202
63
-35
228
-7
-61
-124
-21
251
124
131
-71
50
58
46
75
-79
115
-98
-121
-137
-155
-59
13
29
1
121
-101
214
-20
-50
81
-105
58
-78
38
-31
-154
-61
197
-176
-76
38
104
215
-183
-66
-140
191
195
110
-200
-120
52
-68
-139
-310
95
151
103
-137
-61
75
113
144
-312
-21
9
-43
-35
-167
15
-111
3
-93
14
-22
220
-24
-188
-86
75
118
-123
24
-212
-53
-197
49
-101
38
-102
-123
-2
-150
163
-70
130
-116
40
-46
20
49
-92
44
-103
128
-44
92
0
49
107
-43
-21
-5
19
-177
58
0
-23
72
-37
14
46
84
35
-294
-24
123
-50
136
-180
-164
66
16
-13
-272
11
228
-44
23
-46
80
116
13
-199
-15
186
-6
-40
-273
79
293
111
-134
-104
118
291
97
-74
-2
-34
219
-22
-44
-5
-76
-63
-47
-9
75
130
15
23
-57
216
97
33
-60
-29
103
-105
7
-153
-65
-117
36
37
98
213
81
165
20
83
-48
15
22
-151
-54
-39
-32
0
-22
77
76
147
39
-15
44
-65
81
-26
-54
87
-100
-57
-76
-91
30
-248
-73
86
44
28
-47
-130
-150
3
-4
-101
-149
-104
6
18
-67
-76
-76
25
49
-101
-87
69
28
-69
-138
29
68
114
26
14
157
116
213
-57
-16
43
61
36
-143
-52
64
25
-31
-43
29
119
8
-82
-107
-40
26
-39
-113
-64
-25
-10
-67
-38
-77
-61
-6
31
46
48
-7
-30
28
48
69
-39
116
-6
-28
66
39
50
44
124
54
182
181
133
41
37
141
65
28
66
58
39
184
55
52
170
100
61
-37
-43
77
14
-32
11
-61
-35
30
-35
-63
-1
53
61
9
0
-3
40
13
44
-45
-58
-26
-5
63
-75
64
26
40
127
89
141
61
-2
77
151
9
86
31
-3
55
91
69
55
132
26
83
-5
6
55
66
-44
13
44
-55
-8
-45
10
-67
41
66
-32
-8
26
-21
-11
4
10
14
-50
73
66
-70
-45
42
-3
37
29
14
42
71
96
47
16
33
25
-32
-71
-82
-20
-48
5
-24
-14
13
-40
-73
-20
-108
-83
-45
-177
-85
-86
-65
-45
-34
-67
-13
22
-17
-49
-98
-54
-126
-195
-117
-98
8
-14
-47
62
14
84
82
-59
-23
-3
-71
-45
-68
-52
-97
-153
-107
-64
-58
-98
-41
-35
79
87
-55
-48
33
60
-49
-79
-92
-48
-14
-78
-64
-37
42
34
2
52
77
82
-38
4
-1
44
-37
-107
30
82
88
-30
-17
18
109
24
-28
-31
-18
99
-34
-61
45
-8
99
-3
-72
74
38
111
11
-42
35
56
33
10
22
45
16
-47
-25
-31
12
22
-19
11
-1
81
56
7
-27
-94
-11
-9
42
-85
-90
12
9
35
-20
-39
126
186
57
57
25
35
15
34
-24
80
70
46
82
19
100
37
44
44
66
-11
-4
-10
-81
7
-110
-162
-24
10
29
-45
-133
-23
-23
-43
-83
-142
-22
-50
-99
-89
-70
18
100
-34
-49
71
7
20
-35
-67
105
84
-37
13
22
142
220
42
32
102
70
183
-23
10
52
-46
61
-25
54
23
52
-22
-12
66
22
-90
-225
-60
-3
-38
-31
-61
-115
63
-44
-43
23
40
86
-35
-38
-19
1
-64
-5
-86
35
0
154
69
-128
32
41
188
148
-78
-212
-26
103
126
-164
-216
192
-50
301
141
-239
93
-69
261
-51
-162
-48
11
-53
189
13
-227
192
-75
185
75
66
-21
-5
142
18
-21
-143
82
-193
68
184
-111
148
90
63
-20
257
-8
-103
2
35
103
-200
69
-73
59
91
-67
-69
111
110
-154
55
-141
-133
-32
-144
-77
-153
-12
70
-64
-22
33
-88
-46
4
-170
51
-6
-129
26
9
32
31
-68
-149
-157
4
49
-151
-51
6
44
113
-3
-128
-92
110
89
-178
-77
-21
-34
92
-50
-58
-4
162
118
-197
-97
23
-70
-69
-121
-198
14
85
-187
-126
69
55
9
97
-38
-34
73
-27
-164
-31
103
-41
95
-9
103
-6
-126
64
-139
74
98
-100
-107
-81
226
230
-91
-135
-34
83
116
-99
-33
-193
51
366
-226
-124
221
124
17
9
71
48
27
-91
-91
-86
121
-18
-215
58
-73
102
58
-229
17
2
-190
130
14
-202
-2
-138
2
191
-198
-9
-60
-19
393
-30
-293
195
121
-94
214
-366
-26
-152
-8
111
-375
133
187
132
-147
-35
209
302
-133
-238
28
23
15
-294
-340
79
176
101
-252
-96
515
398
-112
-532
117
298
56
-310
-344
-249
354
506
-589
-311
189
570
279
-138
-93
-126
65
104
-117
-479
64
168
90
272
109
113
4
111
-189
-143
-298
38
7
-308
-36
-77
438
-16
142
188
-11
-173
237
68
-543
156
-146
162
26
351
-74
-359
431
48
-201
-230
260
121
-117
-138
136
-16
-68
202
80
41
297
205
-18
-160
-43
425
36
-184
17
216
57
151
-43
-211
238
155
-238
-19
183
-2
-2
-76
-88
-143
314
210
-402
-20
-14
157
256
-135
-127
-3
139
-8
-133
-160
142
-145
73
22
-57
134
-267
82
129
98
-190
-66
71
23
-277
114
206
-379
138
117
213
176
-58
-214
31
193
-24
-61
-361
83
190
35
129
-206
-5
258
23
-413
-147
-127
35
19
-279
13
-232
409
-121
-285
-126
-33
99
-202
-60
-151
227
-153
354
-250
-130
-34
276
165
-683
294
54
232
-218
-198
-129
305
276
-53
-430
-128
478
-233
-188
-301
-27
242
487
-451
-314
153
-36
116
-614
-201
274
130
224
-481
85
124
12
-104
-276
176
-356
260
-340
-412
110
110
10
-265
111
160
161
274
-243
-252
-159
179
31
-491
120
-134
264
265
109
-137
-221
277
155
97
-813
-310
205
30
-29
-480
-40
43
774
161
-371
18
120
529
-740
-327
4
50
399
-526
-337
68
639
68
-406
-16
71
375
-237
-450
-210
-23
327
-210
-719
297
546
116
-46
-489
80
375
115
-373
-525
169
17
87
-472
-331
752
238
240
-291
71
371
-5
44
-451
-356
244
364
-297
84
153
532
237
-207
-67
-150
504
-226
-305
-216
-8
301
-97
-68
123
305
255
-59
-127
230
90
99
-225
-264
-67
299
79
-193
5
181
419
-79
-179
202
276
-58
-3
-418
28
364
55
-41
-324
357
288
81
0
-230
151
286
-78
-184
-130
-8
240
12
-59
-241
309
274
-113
179
-157
60
-19
-69
-180
-206
136
-250
-87
23
147
190
-135
-1
92
-18
-128
-112
-57
-89
62
23
-147
-207
143
168
-244
110
-60
125
-48
127
-267
-95
86
-228
249
-50
309
15
120
6
90
140
4
-192
27
298
-36
-52
-136
185
156
34
-37
-106
-23
136
105
93
-110
-159
87
205
-135
-122
-90
-43
52
-50
42
-92
155
85
-19
-242
-245
-33
83
-252
-272
114
-10
137
107
-87
-145
210
13
-275
-142
-105
136
-121
-291
-47
59
137
-59
99
68
183
-18
-237
-20
-6
-76
-256
14
-33
-22
-24
-93
-42
42
13
-139
-92
-63
-170
-17
-218
-157
-79
42
-56
-207
148
96
36
-248
-25
67
49
-127
-419
-120
270
46
-66
-274
125
375
29
-13
-241
22
-1
-75
-199
-218
22
214
68
51
74
146
149
17
-148
-100
-76
-15
-68
-198
-68
5
79
-36
28
3
190
-1
166
60
-114
-10
100
-16
-154
-41
-19
161
-45
18
-65
49
78
157
24
-20
47
86
35
75
92
-191
10
67
-67
-157
73
-25
-51
-19
-46
25
143
138
7
55
110
15
-64
-122
-59
14
51
-48
-48
150
4
130
77
85
48
15
19
23
-18
52
16
-173
52
32
0
-14
67
30
102
-11
134
-19
-133
87
-19
-17
-147
59
-15
53
16
-18
88
20
105
5
68
231
112
41
8
48
80
-49
-87
-79
-51
71
65
47
95
124
202
137
163
-14
23
81
-26
-150
-125
64
-98
33
-14
8
90
40
18
-170
121
-79
-172
-153
-115
19
-60
-6
-156
32
100
27
-121
-125
0
75
12
-55
-127
-29
6
-35
-99
-132
55
-84
-104
-42
-24
110
-37
-42
119
31
-20
-100
46
38
52
-47
-53
-21
28
79
39
31
78
77
-47
-11
-22
16
29
-18
51
67
29
190
10
62
92
121
74
-111
29
52
-130
-154
-90
-12
-18
10
35
83
211
41
114
-21
5
99
-68
-84
-31
1
32
-69
-3
90
142
124
-74
15
65
10
-57
-92
-177
17
24
-64
-19
34
136
11
-68
4
10
2
32
-56
-44
-100
-98
28
-135
-113
45
-21
72
95
33
-9
34
55
26
-26
-47
-105
-14
137
-36
-15
-30
-37
-9
92
75
-244
-89
92
104
-4
-54
-63
-34
132
-55
-95
-34
43
34
-45
-53
46
13
-25
-13
-94
-18
-68
6
-87
-131
11
-18
-88
-215
-82
28
-18
-161
-136
38
5
-85
-51
-9
-48
96
-72
-185
-28
-60
-97
-102
-179
-124
-28
70
-12
-60
15
51
16
-137
-10
-78
-85
-60
-73
-29
-49
-120
8
-7
-45
82
-35
-16
-92
3
16
-125
50
2
-104
-55
-100
-39
-61
15
0
-144
18
54
-35
7
-16
87
29
-13
14
-52
-11
-25
35
8
73
79
102
58
18
75
45
-32
-32
-11
17
105
81
25
104
135
131
77
-13
129
50
28
6
59
36
55
119
-53
95
87
67
88
20
61
-26
47
83
16
78
16
136
99
8
0
-39
-6
-4
103
-31
-17
100
89
29
9
36
-64
-64
-97
-4
44
112
117
53
165
100
67
51
-81
-2
41
-89
-94
-68
37
15
53
54
11
80
69
-1
-75
-41
-20
-57
-152
-70
49
102
61
42
-17
50
81
-41
-38
-94
-8
-74
-149
-97
-8
9
-36
48
30
30
97
115
19
42
21
40
38
-29
3
-44
-8
-6
4
41
11
74
165
36
20
6
41
11
-93
-75
-69
-59
-14
4
-81
43
10
-19
-34
-32
-1
-37
-82
-153
-3
-54
-45
-11
-26
45
71
56
-3
54
59
47
53
27
1
41
15
2
99
-18
-57
40
24
115
-4
-12
16
18
137
48
70
134
145
147
111
44
36
32
16
-49
-57
19
-11
-17
-26
28
88
49
30
-13
65
18
-52
-107
-103
-22
-14
11
-70
-29
136
102
48
51
94
166
-17
4
-49
-39
-12
-96
-46
-55
95
65
15
56
121
40
-28
-17
31
25
-100
12
-102
-41
38
-109
-4
-62
-5
38
-114
-53
25
-44
-87
-100
-116
-115
-28
-41
-204
-155
-60
7
-149
-40
69
19
68
-9
54
54
30
5
-46
-45
16
23
-26
-111
87
121
-1
-51
-73
2
22
36
-73
-67
47
87
-64
-99
-22
-43
54
-3
-130
-63
-23
-12
16
-3
-32
135
96
-61
-8
30
10
-26
37
-18
-22
16
-72
40
76
64
90
71
112
111
-9
-10
-3
-10
-20
-72
-4
-19
56
-43
48
45
37
142
-48
84
80
43
1
-36
51
-37
-19
0
74
120
62
32
-8
105
133
-41
-94
-16
96
76
-82
-21
59
127
35
-28
36
11
175
158
-24
-182
-32
139
25
-140
-112
-17
-56
110
-92
-225
-28
216
212
-85
-115
-26
88
109
-15
-129
-87
86
136
-111
-177
55
224
60
-101
-8
110
156
-42
-172
-84
-71
-16
-147
-353
-15
90
5
-19
-50
106
143
120
-8
40
124
64
-203
-271
-47
14
59
23
-13
122
286
184
94
147
217
141
-63
-102
-174
-130
-35
51
-73
-148
157
79
49
11
31
152
83
81
-66
-181
-95
110
1
-193
-207
-9
45
-1
44
-128
152
161
115
63
-91
69
77
-75
-175
-51
-75
-62
-167
-113
-115
-76
160
77
-171
43
175
47
73
-151
-84
-116
-94
47
-153
-239
-181
207
127
-124
-8
150
130
45
118
-28
64
45
63
-242
-16
186
-171
-73
-1
68
71
69
-144
-37
2
306
208
-168
-92
-10
254
-154
-114
38
-10
-26
-29
-50
-59
231
-38
-5
39
201
98
-54
-49
-156
119
150
123
-222
-167
128
208
-76
-198
29
38
-11
-106
-3
-122
157
110
-107
28
63
64
-86
-45
-91
136
195
-75
-202
-62
164
162
10
-287
-40
233
139
20
-164
-293
-15
290
5
-278
-328
71
86
134
-248
-422
34
155
236
-290
-350
26
134
23
-35
-268
-108
133
40
60
-165
37
105
-197
-122
110
279
-64
-105
-81
123
245
91
-183
-289
62
111
31
-267
-100
-68
250
68
-159
41
157
175
121
154
-72
-19
-185
-114
-70
57
8
-66
42
245
256
-26
7
181
235
80
71
-40
-8
-29
-65
-104
-269
168
362
-89
6
41
76
333
-72
-152
-106
-19
227
115
-108
-208
158
157
51
-129
-228
-6
84
162
-108
-269
123
338
86
-106
-235
-147
24
86
-176
-239
-49
34
245
-86
-233
87
80
140
-26
-182
-42
211
130
-29
-45
-154
31
126
208
-100
-4
40
-11
241
-20
-165
41
236
298
241
-176
-35
137
104
29
-295
-215
103
210
36
-141
-229
64
355
165
-91
-132
18
265
157
-145
-98
-52
104
-59
-87
-89
-225
34
-9
13
29
78
24
42
69
47
76
-61
-78
-91
-90
-9
32
-234
-143
171
15
95
175
147
60
75
191
6
-106
28
72
-117
-46
71
128
26
161
98
62
33
-10
98
-143
140
37
-335
-133
35
-20
75
47
7
8
15
244
-35
-133
-134
-184
136
-21
-147
-189
-108
37
195
124
-30
-100
-40
235
67
-100
-86
88
-118
-66
-96
-114
-77
25
-31
-106
77
128
133
-3
139
40
156
-31
-52
-209
-157
19
-1
-206
-104
155
-78
-13
-65
18
-8
10
-58
-87
12
121
-115
-284
-90
99
-82
-307
-227
71
-98
-72
-147
-412
0
138
89
-145
-44
58
60
36
-161
-416
-173
-58
-136
-270
-93
292
101
110
9
102
156
84
122
-75
-224
56
34
-273
-105
-24
73
65
0
63
-52
119
186
155
-26
-122
-34
-74
-48
-125
-105
-109
-131
-10
102
-16
125
135
128
-55
73
212
-91
-47
-134
126
-30
-231
-91
-21
51
145
-60
0
93
172
298
-3
71
-78
50
21
-48
-95
-205
-78
-12
54
-100
12
81
137
109
208
163
-42
62
55
9
-178
-227
-167
-13
132
112
-76
35
143
-45
158
193
95
-8
18
173
118
-113
-71
-47
36
7
-175
55
-25
14
62
8
29
93
217
139
30
188
172
139
36
-123
52
46
67
-132
-123
173
321
174
137
23
-21
147
104
114
-61
-50
-54
-71
-92
-73
-94
-122
-16
46
37
52
52
108
202
76
35
-62
-23
-73
-46
-17
-144
-78
-31
-40
-36
89
132
34
22
112
148
76
-46
-69
-77
-92
-46
-80
-165
-108
-103
-37
92
37
11
69
76
121
-5
-37
-146
-112
-11
-51
-29
-263
-95
48
6
-91
-112
-108
-40
15
-20
-103
-88
-10
-33
-57
-110
-55
-149
-173
-120
-63
-129
-82
-98
-58
0
48
42
-53
-15
-27
-11
-79
-126
-87
-58
-52
5
25
93
43
47
-17
-62
45
5
-30
-86
-60
54
66
18
12
41
49
45
116
83
94
80
33
31
-13
-59
-70
-107
-42
-16
15
95
-24
59
68
77
87
-12
66
-28
-117
49
-5
43
-67
-85
76
-4
49
-21
-9
29
101
22
-97
-82
-7
8
-67
-114
-84
40
-12
-11
-25
6
31
71
70
35
31
50
100
-12
-19
-22
24
-12
1
57
-18
51
40
26
23
4
-19
14
91
95
107
71
-18
-34
-17
39
58
-83
-91
-6
61
15
13
10
19
127
71
46
0
4
11
26
18
-50
-18
48
-22
-63
46
-8
43
66
-7
20
31
33
50
34
32
6
-61
-14
-41
-6
20
36
88
91
89
19
18
104
33
-14
14
7
-64
-3
33
-119
-28
-8
27
-4
-8
5
-20
-20
-25
25
8
13
20
-20
-36
33
-11
-24
11
-29
-77
-52
-20
36
23
-17
-50
-35
4
-8
-32
-49
22
44
24
-9
28
80
99
35
-9
77
68
31
-22
-45
-24
45
98
34
90
127
126
57
12
2
-18
-17
-41
-21
-47
14
43
103
62
103
169
89
89
19
17
-24
-5
9
-14
11
-2
78
120
75
77
57
22
44
45
-8
-5
9
5
-7
-31
-5
13
31
23
20
-9
48
57
-8
-12
-81
-77
-45
-61
-85
-45
-26
-61
-50
-90
-121
-75
-35
-37
-6
-24
-11
3
-31
16
29
1
-27
63
0
-56
-47
-37
-61
-89
-28
-57
-69
-40
-1
-29
8
-28
24
-3
-29
-32
-43
-39
-90
-50
-98
-114
-134
-52
-97
-115
-41
-6
-11
51
36
-59
13
6
-25
-62
-48
-116
-77
-68
-80
-89
-53
-30
-69
6
-15
34
-18
-41
-7
-9
14
33
-6
-25
-24
8
4
-69
-10
-25
-21
-12
10
0
-10
44
58
40
22
8
-25
-10
-25
-30
-21
-13
-1
2
-9
12
64
54
7
31
19
-64
-10
-20
-107
-95
-19
28
40
37
4
72
78
68
47
50
47
25
-3
-46
24
64
42
-30
5
-9
-38
-36
-12
-18
5
38
41
23
10
56
62
62
6
19
-30
-11
-52
4
12
-23
48
57
43
41
82
55
34
5
32
28
78
2
-6
49
96
70
11
79
85
41
30
22
-47
-20
10
-30
-107
-71
-30
-16
-20
-18
-8
-8
61
76
14
-6
10
6
-28
-43
-10
-31
-38
-16
-19
26
14
52
84
37
111
88
53
17
4
27
2
-4
-28
-7
27
12
37
23
0
45
13
17
-19
-44
-41
-76
-70
-101
-113
-66
-34
-52
-56
-17
-63
-81
-79
-60
-36
-39
-7
-39
-43
35
16
20
17
-39
3
-38
4
-23
-7
50
103
47
-4
43
79
32
-29
55
27
50
76
92
25
45
112
94
63
80
71
73
43
26
2
-24
-19
28
15
-93
-37
20
39
29
56
19
0
77
46
-22
7
4
10
-25
11
-26
-51
63
75
16
67
75
56
124
51
38
54
45
63
16
30
80
-9
37
40
51
59
27
-34
-15
43
-15
-11
-31
-28
-18
-5
-71
-80
-25
18
-33
-71
-31
-13
-32
-33
-72
-44
-19
-51
-10
-104
-78
-21
-117
-96
-97
-118
-67
-85
-99
-72
-76
-38
-37
-133
-63
-52
-88
-68
-43
-43
-42
-47
28
-9
-42
29
-35
24
-13
50
25
-32
21
44
-16
22
36
-55
-12
11
19
6
16
-4
67
40
89
55
27
58
-33
16
42
-29
-46
37
13
63
66
29
131
100
49
56
28
47
91
24
-15
-28
63
103
-23
55
64
99
83
81
92
97
85
92
103
2
96
52
48
28
23
56
12
15
16
23
1
-23
-7
-24
-53
-39
29
2
-44
-24
-15
-62
-90
-11
-71
-52
-53
-122
23
29
-14
6
-70
100
39
-56
0
-77
-41
-14
-28
-43
-68
-34
-39
-60
-22
-44
20
50
14
-24
31
53
-17
-21
-40
-38
18
-30
-83
19
-82
-35
32
-48
-19
-11
-27
-88
-13
-171
-26
-105
-118
12
-209
-28
-104
-69
-30
-96
-55
-20
-53
-32
-31
-49
-59
-28
-24
-43
-16
-82
7
-115
-50
14
-83
0
-64
-91
-6
-38
-49
-38
-28
25
-41
-59
17
-51
-18
26
-49
-20
-14
59
18
-59
13
-1
36
-21
-27
32
-29
65
-70
-40
70
42
60
-26
50
76
82
-4
25
21
19
112
3
68
47
80
117
32
93
41
-7
91
89
40
61
9
32
102
78
65
30
103
94
53
38
-81
3
79
73
13
46
23
89
76
18
79
27
122
57
114
51
65
115
0
63
52
51
59
-10
2
40
11
31
33
64
34
43
24
59
29
23
35
-60
40
-31
-34
-37
-98
29
46
49
-34
-12
15
-19
95
-3
-30
69
-56
34
-29
-96
32
-83
1
-16
11
-41
-45
-19
-76
19
-65
-35
-60
-87
-63
-106
-83
-92
-142
-95
-75
-105
-82
-113
-139
-61
-76
-158
-83
-169
-127
-96
-178
-127
-185
-140
-143
-117
-105
-158
-106
-92
-67
-97
-178
-57
-131
-96
-47
-133
-13
-63
-54
-4
-45
-72
-21
-59
-59
-40
-74
5
10
-15
22
26
42
21
-56
-22
51
-26
-6
44
-50
7
62
-64
10
39
-38
57
-79
-41
-23
-141
-26
-54
-62
8
-9
-22
-9
-61
-17
-21
-128
-71
-43
-39
-69
-46
-29
10
17
-55
30
6
-7
55
26
63
51
17
76
34
30
71
31
46
95
48
40
70
-21
25
58
13
46
50
78
71
19
47
41
35
64
64
33
46
71
3
33
46
89
32
12
22
73
90
25
46
11
96
21
22
31
-16
45
20
25
-11
30
85
6
58
32
94
95
-15
121
50
61
69
21
94
49
103
115
15
74
23
30
83
17
70
40
78
52
25
80
13
57
72
-40
2
23
-5
54
-34
-30
9
-16
-34
-63
-11
-47
5
-8
-26
2
-14
82
12
46
79
28
81
57
10
-7
-15
15
-29
-26
-50
-80
13
-37
-3
8
-44
30
-18
-40
-61
-72
-56
-92
-68
-88
-65
-79
-31
-52
8
27
-59
-23
-40
-11
-106
-78
-4
-75
-55
-90
-64
-80
-105
-79
-122
-63
-102
-92
-74
-56
-80
-104
-40
-69
-116
-75
-100
-87
-54
-79
-94
-119
-52
-44
-42
-87
-72
-1
-34
-55
28
-48
-34
24
-46
3
-18
16
55
25
11
49
4
-23
39
19
10
36
10
16
19
-10
1
27
50
-26
3
-5
-28
-18
-59
-34
-10
23
2
-23
-20
48
-37
-33
61
-82
37
19
-33
55
14
46
47
21
-25
-19
10
-14
-20
-31
-42
13
-40
8
-36
-22
17
37
54
9
61
27
4
-69
-43
-49
-69
-31
-60
-80
34
-98
-103
-24
-84
-61
-79
-87
-88
-88
-67
-36
-99
-21
-13
-12
-34
-18
24
11
-23
-34
17
17
-6
14
27
27
64
29
88
41
33
35
34
53
14
65
46
51
33
29
44
2
31
33
6
18
7
56
36
-36
7
-5
40
-7
0
-5
-40
66
17
56
60
43
77
6
7
28
-13
44
-20
-9
9
-37
10
9
51
-30
-1
53
0
0
-13
-2
-16
-30
1
-36
-46
-26
4
-65
-86
4
-54
-38
19
-26
-3
-5
20
33
4
8
-27
-4
-26
-35
-42
-22
-69
-49
-51
-75
-45
-26
-3
-22
-24
-26
9
-36
-13
-49
-14
-12
-26
27
-19
2
47
4
33
29
17
71
16
47
20
14
64
26
26
51
5
45
18
5
36
19
25
24
18
40
42
4
60
38
25
12
-2
-17
16
-37
-19
-24
-4
5
-28
40
-13
14
31
23
34
66
45
56
27
56
5
30
9
-2
16
-44
13
-21
-19
16
-3
-12
53
-14
24
-45
-32
-19
-56
-29
-61
-26
-24
12
-43
-41
-10
-31
-51
-10
-3
-15
-8
-8
4
-4
-2
15
21
7
8
-2
3
39
58
21
72
72
40
42
18
50
43
35
6
-3
-14
-2
-37
-10
-32
-34
-19
-38
-37
-85
-27
-62
-83
-59
-50
-56
-56
-63
-60
-72
-58
-62
-47
-44
-73
-62
-69
-28
1
-31
-1
6
-4
-5
-15
5
-26
-8
4
24
5
7
2
-15
-39
-34
-34
-42
-44
-48
2
-27
-30
-21
-25
-16
-45
-35
-32
-56
-48
-71
-73
-88
-60
-68
-62
-41
-56
-59
-58
-51
-49
-54
-53
-15
-50
-18
-13
12
24
-12
1
2
28
9
13
39
15
-5
20
-3
4
19
27
44
42
40
51
43
46
58
55
62
86
76
28
44
17
32
9
-5
14
14
-5
0
13
-14
2
13
-3
-43
-13
-29
-29
-24
-49
-40
-64
-56
-17
-22
-25
-17
-7
-13
-13
-11
-39
-53
-52
-39
-33
-22
-39
-32
-26
-39
-18
-26
-42
-28
-28
-14
-10
-22
0
26
43
54
52
40
36
30
22
-8
-10
-5
-19
-11
1
31
22
22
21
16
22
-4
-3
-21
-6
8
-13
5
9
4
-11
-16
-3
-20
-35
-26
-10
-26
-46
2
8
-29
-15
-3
-17
5
0
-9
10
-4
-16
-5
-15
-46
-22
-29
-21
-4
-11
25
36
16
17
24
20
19
34
58
52
46
47
29
52
55
57
56
33
25
17
31
14
12
24
36
40
25
18
18
1
20
22
-2
16
6
-12
-14
-21
-28
-30
-39
-45
-41
-37
-76
-57
-48
-71
-61
-69
-61
-63
-48
-22
2
-14
-19
0
-22
-5
-3
18
33
11
10
-1
0
12
25
34
37
43
41
20
36
18
16
39
19
60
66
13
24
20
20
21
5
14
0
11
-3
-23
-19
-22
-30
-32
-23
-20
-28
4
16
20
10
6
32
17
42
25
17
-9
-14
-7
-12
-8
25
5
-23
19
1
26
16
25
20
27
6
-1
28
-5
15
31
29
41
33
38
49
39
35
22
34
16
27
28
24
28
41
33
6
29
56
46
37
45
49
32
5
1
3
5
23
62
22
41
21
9
11
-2
15
19
38
43
48
23
20
21
4
-7
-2
-31
-15
-23
-28
-33
-26
-19
-51
-66
-63
-44
-52
-42
-40
-16
-11
-27
-10
-14
-18
-14
-23
-3
-13
-5
-5
-3
15
24
38
41
50
42
26
33
34
34
19
21
25
13
26
25
43
41
47
86
86
78
75
47
86
84
65
45
48
38
25
76
20
10
42
9
33
48
48
70
47
64
42
14
40
45
56
28
32
37
19
62
19
46
42
41
92
47
56
61
73
94
104
98
112
122
124
86
100
75
49
82
50
72
42
54
71
34
66
46
43
57
7
33
-15
-11
29
20
24
-10
26
9
32
34
66
67
73
89
50
50
64
62
22
38
45
42
39
29
10
70
32
25
15
2
14
13
45
16
14
14
34
5
-20
-8
-22
-64
-19
-45
-58
-25
-74
-53
-83
-113
-50
-70
-102
-52
-64
-42
-41
-49
-35
-54
-13
-52
-2
-12
-46
19
-11
10
6
39
34
14
84
59
45
46
31
-12
-26
16
-26
22
-11
-30
18
-10
2
-16
-16
9
-20
-21
8
-30
-19
-35
19
-4
7
33
-21
10
-54
-19
-66
-50
-54
-102
-40
-68
-15
-25
-61
-22
-27
-46
-26
-31
-16
-24
-22
0
-28
-22
-5
7
-13
-7
-2
0
1
17
35
38
52
34
28
33
5
-28
33
15
-41
3
-18
-8
3
-49
-4
-20
-19
-4
-1
-27
-14
33
-49
10
-8
1
49
26
-10
-28
24
35
17
-22
23
-14
-14
11
-28
14
-16
0
15
-7
-40
-16
27
-73
-21
-22
-40
-14
-2
-21
-21
75
19
30
-10
26
28
6
34
-3
40
39
23
4
22
-12
13
-40
-18
-30
-78
-27
-58
-37
-20
-35
-19
-28
-29
-28
-25
46
15
50
-21
10
99
-52
-18
59
-50
-1
38
-43
-9
77
-44
-48
61
-66
-5
-34
-74
5
-75
-73
-57
-91
-35
-62
-38
-73
-75
-55
-61
28
-71
-25
-25
-41
6
-42
-31
-38
26
-17
-59
32
-38
-23
15
-32
-22
-21
-29
-59
11
-54
-98
30
-3
-7
58
-40
89
28
-47
75
-83
7
-16
-12
-20
-36
24
-22
-1
20
2
-39
-22
-24
-31
-5
5
-7
23
3
34
26
6
16
20
17
53
42
19
3
23
33
11
19
-11
18
-1
-2
-8
-13
-24
8
-43
-64
-85
-35
15
-55
47
-12
-22
8
-4
-6
25
18
-29
53
-25
-56
-15
-47
-67
-82
-40
6
3
-1
-10
26
-15
-42
52
6
-27
84
47
29
74
21
20
59
61
-22
40
51
41
36
16
57
-3
35
22
37
29
-15
37
-4
-24
-56
-43
5
13
31
-32
16
-10
-45
-42
-52
34
-15
-4
6
16
-3
-3
20
-16
45
50
39
32
42
22
48
87
40
45
57
46
15
48
-30
5
47
-41
-52
-82
-92
-120
-38
-104
-86
-14
-46
-16
-82
-40
-64
-77
-36
-75
-69
-45
-23
-52
-52
-51
-67
-62
-83
-66
-21
-10
-14
-17
-44
-24
20
-34
-30
19
11
6
22
50
2
53
103
53
48
95
72
52
85
38
29
57
33
-30
40
24
-3
47
9
42
-12
8
-21
-6
-14
-41
-2
-116
25
-24
-26
35
-52
79
34
-24
41
-15
-42
42
9
-111
6
-13
-104
21
-67
-31
12
-31
16
-37
-33
3
-15
25
14
38
87
90
52
21
125
34
46
16
1
83
-47
19
-10
-39
41
-35
-5
-32
30
40
-6
25
-63
36
-14
-40
-44
-52
10
-57
-20
-27
-2
-15
-32
11
-20
43
64
57
70
42
100
29
42
67
14
55
95
72
-1
124
90
38
69
50
111
32
77
57
-22
80
44
-6
-4
11
19
-7
4
-26
-16
40
-26
-31
-21
-50
-45
-21
-72
-37
-6
-64
5
-72
-76
-45
-29
-28
-75
-13
4
-32
17
42
9
38
55
67
77
90
24
25
-2
12
36
-17
9
16
-8
-26
4
-28
-18
36
-22
-35
28
-32
-31
-1
-54
-48
-5
-27
-62
-21
-34
-15
-1
-56
-42
-51
-51
-20
-97
-62
18
-13
-13
-2
-6
-27
-26
-61
-52
-5
-24
24
-3
-26
1
-19
-6
-44
1
14
-60
32
47
-6
28
20
-9
-47
-46
-16
-47
-67
-32
-35
-41
-52
-45
-38
-35
-35
-56
-7
0
-24
-21
11
21
-11
1
18
20
40
31
36
10
7
22
-28
16
25
50
58
15
85
79
34
80
53
47
8
-2
19
-30
-20
-27
-1
-20
-8
19
27
29
17
-2
-15
-22
-41
-22
-54
-44
-35
-15
-23
-46
-38
-46
-51
-38
-44
-44
-45
-59
-33
-51
-40
-43
-52
-20
-36
-55
-51
-68
-67
-76
-42
-23
-17
13
10
66
23
9
19
-4
44
39
7
15
35
1
-2
31
23
6
12
-9
-32
-26
-20
-24
-12
12
-16
10
23
-42
-12
-19
-41
-57
-52
-23
-47
-7
-42
-29
4
6
8
15
49
8
12
34
38
31
60
25
4
38
11
11
15
-10
-18
-14
-22
-61
-37
-20
-24
-11
-40
-28
-37
-38
-61
-49
-37
-67
-57
-47
-38
-52
-7
3
-27
12
19
35
42
45
47
53
65
6
35
18
13
61
92
90
121
135
94
83
65
83
59
102
91
65
103
100
90
81
48
57
61
38
37
49
88
53
39
6
-16
-20
4
3
-17
15
11
24
35
45
-2
17
12
-13
27
-8
-1
10
26
31
44
56
48
84
81
71
52
58
64
90
91
56
67
75
71
34
68
57
41
23
7
9
12
39
19
7
15
22
-7
3
-3
-18
-2
9
-25
-23
17
7
-24
-20
-5
-19
-9
-6
-4
-16
4
6
-29
8
3
2
27
22
4
19
-20
-32
3
0
27
14
58
18
-9
26
16
28
38
42
33
26
30
15
-7
-1
-18
-5
13
13
27
48
55
43
35
29
31
18
2
32
32
18
7
27
32
16
-6
-11
0
-35
-12
-17
4
25
18
56
56
41
46
57
37
38
50
38
40
4
-8
-11
-41
-42
-47
-62
-30
-23
-47
-37
-48
-70
-65
-76
-85
-77
-110
-96
-67
-82
-66
-12
-10
-5
-18
9
29
-9
8
12
34
-2
-8
8
-9
-10
-20
31
21
-1
-17
-18
-2
-18
6
35
19
15
33
-2
-20
-10
28
-5
-1
-1
-10
21
0
7
17
29
11
18
14
15
57
61
28
14
48
56
7
12
60
55
3
-7
23
-1
-6
43
35
26
48
67
63
36
33
33
46
14
-3
-5
-24
-19
-9
18
6
11
29
-4
-5
-40
-10
-4
-48
-11
-6
6
-32
-36
19
29
4
42
56
22
10
26
48
20
2
33
35
26
29
-7
52
40
11
54
85
65
81
120
87
68
48
51
47
7
-2
26
27
30
24
31
24
-5
-16
-20
-27
-25
-36
-40
-13
-29
-47
-46
-58
-56
-57
-39
-41
-78
-33
-40
-49
-42
-41
-62
-67
-43
-61
-69
-68
-39
-75
-48
-21
-64
-64
-55
-54
-16
5
5
45
48
63
38
2
10
2
15
3
-11
-1
8
-10
-50
-38
-37
-41
-38
-43
-46
-46
-42
-33
-35
-29
7
10
-23
11
38
19
-21
-12
38
8
-2
-17
-20
3
-13
-29
-22
14
40
-5
26
1
-32
7
-21
3
-13
-6
-15
-11
8
0
7
-6
13
-29
-23
-2
-34
-40
-24
-32
-35
-51
-51
-7
-37
-60
-24
-16
-50
-13
-11
-54
-51
-28
-42
-43
-74
-68
-14
-31
-39
-46
-53
-61
-35
-51
-25
-18
-39
-12
-33
4
16
-30
-27
-40
-19
-19
-32
14
32
45
25
6
2
-34
-41
-58
-51
-23
-53
-24
-26
-38
24
9
-15
2
4
-32
-78
-34
-57
-98
-18
-37
-80
-47
-53
-52
-27
-48
-44
-39
-36
-52
-39
-13
-88
-61
-73
-40
-20
-50
19
10
18
-38
-2
35
-29
-28
-17
-18
-63
-31
-1
-24
-23
-1
-11
-12
12
-34
-36
20
0
-32
15
-21
-32
-1
-7
-30
-9
5
-12
29
35
16
28
55
44
19
-19
49
8
-15
0
0
39
38
73
21
31
38
22
41
36
47
35
27
30
51
69
62
20
68
81
-23
45
-19
-33
25
-42
-14
-39
-37
-32
-25
3
-21
-22
-29
-32
-8
-28
-46
-59
-27
1
-20
-11
-24
-19
-1
33
21
-7
70
42
29
85
77
83
48
116
83
27
37
6
-4
-33
-82
-50
6
-66
-46
72
94
15
77
62
80
-7
-37
3
-18
20
-24
-15
-40
-22
-15
55
-25
-25
78
56
51
71
31
60
56
88
103
31
51
-36
46
21
29
82
88
125
59
101
131
78
150
111
103
149
101
94
17
119
9
19
53
-12
37
-15
-5
8
46
-5
-16
-39
-47
-62
-64
-76
-38
16
-12
10
30
-64
-38
-3
-39
73
-16
-18
47
-7
-12
53
12
77
22
14
89
-18
-18
-47
70
-8
11
20
-16
63
-75
-54
38
-2
-7
-27
-78
-50
24
-54
-71
-34
-74
-40
-48
-80
-119
57
-74
-72
31
-126
-105
-9
-24
-90
-44
-65
10
28
-41
-63
16
-22
26
-23
-31
49
-3
2
7
22
10
38
43
62
-1
3
106
49
-10
60
-28
89
0
-7
41
4
100
-97
34
-39
1
29
-130
66
7
-14
-41
-122
15
-117
-11
-76
-217
-17
-140
-99
-108
-94
-93
-114
-6
-132
-131
-55
-92
-28
-90
-29
-45
-133
-16
-78
-88
-48
-11
7
27
-65
-45
19
-39
18
-29
-101
19
69
-23
-80
-7
42
-31
-102
-115
36
-76
-11
-8
-60
71
-35
-18
-42
-2
18
-2
75
33
56
154
73
-12
-20
10
-13
75
-7
-125
-7
63
54
4
-3
-7
19
35
26
20
-7
31
38
-17
-8
-35
33
-76
-77
37
29
33
6
-82
51
83
-126
-64
-43
2
15
-80
-22
-3
28
-26
-67
38
-70
28
-87
-76
-81
-146
32
-158
-37
29
-105
-41
18
14
-140
-59
160
-48
-119
-13
-99
-116
-37
-80
-3
-21
-132
74
16
-8
-5
4
93
-15
6
-45
-30
39
-81
24
31
-68
14
-39
29
-29
41
113
-33
78
52
-36
-57
-10
-23
-33
26
-3
8
16
45
-2
44
4
-123
44
-50
-71
-108
-29
10
-142
-20
-103
-98
-148
-101
-80
-150
-34
-75
-145
-77
-91
-165
-81
-60
-96
-11
-47
-177
97
7
-63
88
37
67
-8
171
17
50
173
7
152
60
72
110
-50
87
92
109
135
56
187
78
130
-23
80
117
-201
12
-28
-51
-102
-44
8
-72
35
-15
-84
-55
-56
27
-56
-15
-23
-117
14
-52
22
-131
-38
96
-44
10
-28
31
95
18
-49
19
101
-47
-26
89
-12
42
54
23
-12
45
103
31
-13
88
133
103
60
-30
25
63
45
22
54
1
4
103
76
-31
69
95
75
33
-32
38
21
83
-68
86
51
-94
-10
-71
8
-54
-23
6
-63
-58
-41
-85
-8
-167
-20
-27
-120
-29
-96
118
-96
-50
13
-39
44
-5
-45
-41
-94
-11
-43
-65
36
-115
4
-29
-57
-35
42
-180
-31
75
-204
18
-102
-95
-35
-8
19
-33
-13
-49
-68
-3
-144
-46
34
-74
54
-57
39
38
14
107
75
68
100
64
4
52
64
86
92
139
164
58
23
28
43
113
63
81
82
62
16
-16
-48
-114
-15
-25
-140
-34
-168
-143
110
-73
-77
42
-75
-52
-58
-173
-45
-51
-83
-38
15
-61
-98
-12
3
6
13
16
58
-42
-40
80
-21
68
-26
31
136
-52
37
67
35
88
21
9
23
39
1
-21
49
31
11
89
0
8
18
53
27
-46
165
-24
-68
30
-82
-46
-28
-76
40
-53
-37
47
-54
107
-19
-24
108
44
109
-71
-67
125
62
46
-82
42
111
-24
37
84
61
60
76
62
71
64
49
13
15
12
59
-12
-49
-48
38
-11
-11
-62
-63
65
-142
-85
-187
-137
-9
-179
-90
-42
-93
7
-121
-50
-18
-160
-49
-83
-23
-89
-108
29
-52
-119
4
58
-33
5
31
65
5
-91
-43
-26
75
58
-89
-63
99
114
5
-48
-55
57
156
31
0
92
18
76
133
29
16
35
111
115
16
84
-23
-119
-19
-20
18
-105
-123
-124
-178
-134
-213
-194
-169
-152
-119
-112
-117
-29
-44
-88
-33
-5
33
-26
-86
-81
23
23
71
108
88
79
-54
20
81
-5
0
-39
-108
11
69
-129
-171
-127
-148
-69
-90
-110
-161
-211
-70
-75
-157
-11
-19
-106
-65
-37
41
-48
-38
156
11
38
94
4
-10
-27
116
64
21
62
47
12
15
8
18
-17
11
61
85
-49
-178
32
6
27
50
-33
-90
-12
181
9
-122
42
84
106
17
-71
19
-35
-107
2
31
-25
-76
-113
-9
-16
-39
-49
-151
-54
87
-27
-97
57
75
-12
55
132
184
71
-30
79
102
102
43
95
94
28
106
-7
-36
-45
66
136
-49
-54
79
74
-30
56
32
-21
53
44
27
-32
-34
127
70
-21
31
17
113
-32
-34
51
-137
13
111
22
-44
-121
-69
32
39
62
55
-63
-30
73
-25
-27
62
-47
35
76
28
86
-13
11
60
77
105
75
51
55
-47
-26
112
49
51
48
50
77
77
58
69
26
101
29
-59
-4
-72
-21
-79
-33
36
99
59
13
12
47
84
32
92
0
38
90
-17
-45
34
32
-32
-94
-38
28
-75
-88
-101
-48
35
-18
-64
-70
-59
-51
-67
-93
-33
9
-61
-60
-90
-110
-47
-5
12
-104
-133
-13
-3
-43
-84
-15
46
-59
-105
-102
-94
-90
-120
-103
-123
-102
-92
-117
-97
-113
-23
-43
-58
11
-19
-25
-49
-76
-112
-158
-151
-53
-54
-114
-73
-59
-49
-87
-29
-57
-116
1
-72
-108
-37
-2
-46
-80
-25
-40
-93
-51
-8
15
42
-29
-19
11
41
16
-76
-79
-58
-7
-40
-119
-43
35
-60
-148
-24
33
-23
-43
-94
-26
11
-3
22
21
6
33
99
123
104
107
87
110
175
123
75
71
104
120
66
61
51
87
111
46
84
85
78
112
137
99
74
62
66
80
57
26
-2
47
26
58
47
60
25
-18
42
22
-81
-168
-77
-49
-73
-111
-101
-103
-98
-85
-56
-15
-66
-84
-20
29
27
18
-22
26
39
65
31
-7
17
-22
-22
-5
15
41
-42
-149
-56
1
-32
-22
-31
-18
-3
-65
-22
-1
-29
6
30
59
-1
12
39
1
-10
51
103
37
-23
24
104
36
-6
102
40
-58
42
65
-30
-91
-43
47
45
-44
39
38
-94
36
133
17
-74
31
61
-7
21
23
16
8
-27
41
20
-32
27
89
92
66
93
33
5
0
59
101
1
28
84
24
37
43
46
38
-34
35
50
15
-53
53
73
0
100
43
135
82
9
87
71
62
46
91
49
10
30
-32
-41
98
57
-24
-60
8
67
-42
-48
-19
-26
8
39
-30
-5
44
-36
-37
74
62
56
32
18
65
179
169
13
88
80
42
196
120
22
120
-3
11
105
0
-9
52
5
-3
45
35
98
8
-87
119
161
-5
-83
7
67
-18
-12
-8
-27
-38
6
38
29
-29
-4
68
39
34
43
-9
-33
27
32
26
-40
-36
14
-5
-29
72
64
-50
-17
47
6
-25
48
-44
12
65
-25
12
29
25
-13
-49
-2
-8
20
-27
-81
-49
-52
-39
-103
-105
-57
-79
-121
-86
-68
-110
-52
-59
-69
13
-85
-133
-61
-20
-33
13
55
-7
-43
-35
64
43
-26
-37
13
35
51
22
-131
14
80
-18
24
122
99
9
13
21
99
24
-84
25
116
-2
-61
-14
22
-60
-1
121
7
-33
19
-5
-35
-7
-18
-43
-59
-8
-23
-38
-72
49
23
-74
80
63
-22
-53
-47
-37
6
19
-29
-3
93
21
40
79
64
36
-26
9
82
49
-115
-56
127
125
-15
-54
22
125
63
12
-29
52
120
23
-30
-45
52
8
-37
-9
-8
16
-13
-44
80
68
-40
-7
-1
26
19
-107
-106
-20
53
76
-33
70
72
90
81
-126
6
112
116
84
9
30
113
107
45
37
31
96
96
62
54
-39
-43
77
47
95
-50
-117
97
38
-44
-23
-45
-63
27
-82
-12
-27
-47
-7
-5
157
-31
-54
31
-38
16
111
69
75
-12
47
91
43
28
17
192
-30
-70
66
69
-27
-51
-17
118
92
-92
-50
-76
72
-6
-12
3
56
92
-17
19
34
17
-31
-99
-34
93
-55
-88
-43
-23
-39
-125
-128
-43
-30
-68
-5
25
-42
-83
1
-10
-16
-7
25
35
-60
58
93
-3
6
134
68
3
30
-56
-108
-130
45
27
-101
-7
-59
-109
-45
-106
-34
-37
-106
-51
-79
-56
-36
-7
-49
15
79
35
-41
-63
137
147
88
97
121
90
29
-6
-27
-18
2
-59
-60
-87
-104
-117
-166
-67
-33
95
12
-26
-44
-87
-17
-80
53
23
-39
73
46
-8
-40
-26
-21
-79
-66
-48
-136
-128
-58
-108
-208
-165
-95
-106
-115
-143
-157
-110
-58
-138
-113
-118
-144
-38
14
0
-145
-46
26
19
26
-12
22
0
26
22
43
-31
-91
-22
79
44
18
13
10
-4
45
41
-53
-13
-48
29
38
3
-10
-36
-46
8
32
77
32
-46
64
50
-38
14
51
53
6
-88
78
90
-28
-60
-64
-70
-20
23
-59
-64
-1
38
59
-1
-12
31
26
67
46
100
96
2
0
31
20
-4
66
23
-45
34
88
26
14
81
10
1
20
36
1
-7
80
35
57
70
5
31
5
-30
7
-48
-69
-58
-41
-76
-98
-69
45
39
-131
-89
-26
-71
-29
22
16
-45
31
28
-58
15
48
77
77
78
61
89
-42
-47
39
107
151
79
87
46
80
76
-98
-79
46
76
95
54
36
28
46
39
34
50
-13
-56
4
-1
45
50
47
43
13
79
32
14
46
1
124
173
40
18
-3
51
51
65
102
77
100
42
-7
58
96
40
65
120
1
101
107
74
81
40
88
67
153
131
83
110
110
119
154
164
187
135
68
-12
111
158
65
97
132
75
47
45
36
127
79
77
134
123
136
65
25
92
-1
17
-9
81
17
-33
-6
48
132
-53
-63
27
45
-39
50
55
22
57
16
-6
-2
61
61
14
94
-11
9
64
-11
-23
-48
-33
28
38
-57
-15
90
73
-40
17
35
-9
-57
-94
-10
35
38
49
-32
-50
-17
20
-41
-56
14
-8
-29
-25
-26
-38
-12
-70
-9
-7
-87
-72
-47
-30
-74
-63
-13
-109
-106
-73
-101
-71
-50
-62
-120
-36
-48
-86
-42
-65
-94
-95
-82
-113
-26
-3
-73
-2
37
-10
-35
54
15
-75
-74
-26
52
23
-9
-70
-21
49
-4
-39
-4
43
-25
-34
-21
-36
25
35
29
-33
0
43
-13
19
47
65
-3
43
64
21
111
65
73
60
45
90
31
23
-14
-57
49
49
-7
46
8
18
40
40
-12
-51
-20
8
-3
-54
-54
-62
-46
-43
-42
-68
-14
-26
-65
0
-45
-17
9
-70
-93
-59
2
-44
-107
-96
-102
-58
-40
-23
-57
-53
53
22
-40
21
88
22
41
35
-21
32
-16
-38
-41
29
7
-57
1
-9
-37
-14
61
-9
-41
31
5
-43
-69
-23
-6
-69
1
-6
-18
30
47
-13
-25
49
46
50
-32
-27
7
-25
-4
8
-24
-48
-24
20
-3
-20
-18
38
29
1
-13
-37
-37
-40
-14
-69
-75
9
26
-42
16
59
37
24
55
13
53
83
35
12
42
20
34
35
-54
30
30
111
68
10
7
46
88
50
-46
-61
49
18
-60
-28
-2
-38
6
-7
3
0
28
53
-15
-2
57
97
22
-27
56
26
4
16
51
50
60
90
69
20
86
135
89
60
32
60
12
17
19
21
18
21
64
76
-15
-10
72
14
-20
1
19
13
-28
-69
-59
-44
-44
16
25
-26
-1
18
45
18
-3
39
59
35
26
17
-34
-12
16
-7
-3
35
31
8
56
-9
-44
-10
-12
10
5
33
-36
-33
16
26
-13
-29
15
-36
3
7
-50
-14
9
-19
8
36
-21
-29
41
50
2
-31
-7
-13
-63
-46
-53
-61
-53
-97
-85
-28
-39
-78
-43
-74
-89
-19
-14
-103
-120
-46
-44
-58
-44
-18
-35
-11
-40
-73
-91
-103
-55
-84
-105
-66
-43
-73
-61
-45
-45
-70
-81
-97
-53
-9
-126
-136
-68
-89
-60
-56
-121
-106
-22
-30
-103
-49
-60
-83
-91
-127
-71
-23
-43
-132
-132
-43
-45
-103
-82
-41
-86
-78
-6
-28
-66
-39
-38
34
70
-62
-29
24
-25
-65
-70
-34
-3
15
39
20
13
63
19
-21
-1
2
-69
-20
-2
-49
-45
-9
15
-51
-15
65
76
44
54
78
98
57
-39
24
58
-41
-34
-11
-44
-44
13
4
-27
37
61
61
68
39
29
71
66
60
47
9
21
20
-42
-25
79
106
67
22
42
48
25
29
57
53
0
-7
7
-20
-30
10
75
-12
-68
-35
15
18
-59
-29
-15
53
-24
-51
-5
-30
15
21
16
15
34
49
32
0
10
55
58
41
10
-18
-25
-38
-24
-43
-44
0
29
52
49
58
72
64
36
5
22
32
96
69
28
72
37
42
47
22
54
79
29
1
62
44
-8
-20
2
-6
14
27
-31
38
-16
-32
-1
-20
4
20
6
-34
-26
-11
-39
-66
-52
-69
-78
-31
-41
-55
-12
-4
25
15
6
33
10
30
26
9
57
34
34
55
66
36
6
78
37
-5
-9
-60
36
1
-10
-6
-40
8
4
9
-67
-88
-38
6
-12
29
-2
11
62
-7
-24
-56
-13
19
-6
4
-101
-93
19
16
-20
-54
18
67
27
11
56
47
1
6
19
0
19
-52
33
2
-95
-43
-65
-50
-118
-146
-49
1
-60
-15
-59
-37
-29
-49
-37
-48
-22
-104
-139
-55
-43
-32
-58
-73
-8
-48
-66
-109
-59
-87
-155
-86
-75
-105
-42
-31
-17
-80
-104
-91
-31
-14
-128
-8
-71
-7
-17
-56
-4
-34
31
52
26
-33
25
-54
2
-7
-97
-23
-23
-81
-139
-83
-36
-22
17
-51
-18
-50
-91
-86
-84
-43
-116
-46
-71
-84
-108
-32
-69
-24
-84
-86
48
-61
-119
-77
-48
-119
-47
-131
-71
-74
4
-26
19
32
92
114
-26
40
-74
-8
29
-25
-40
-19
17
30
-68
54
68
2
11
-27
-51
-81
1
-143
-79
13
-25
-34
-56
-34
-76
64
-92
4
93
-31
3
-77
35
-7
-20
-30
-13
25
70
48
-62
86
76
34
67
23
64
11
88
57
-51
124
70
25
124
71
128
142
136
109
124
158
156
96
102
107
-66
70
82
76
11
101
135
19
22
-11
55
31
111
-9
-97
58
19
38
-37
12
90
59
-36
-122
44
-61
21
-18
25
60
40
180
103
59
133
42
121
163
24
114
109
190
-40
185
257
116
84
31
135
23
37
-28
7
-4
56
10
9
-12
65
96
-74
87
121
-96
19
62
-87
154
132
78
19
40
29
-107
12
7
-28
39
59
19
-19
-41
-112
-6
97
-167
-229
80
53
-53
-51
-157
91
176
26
-96
82
161
-22
78
55
-42
-46
13
56
-76
-1
189
-7
167
-57
-49
12
-50
161
-154
-115
-83
97
67
-198
-43
-18
-21
26
-138
52
-15
20
-53
89
-42
21
273
-259
-38
31
228
-46
-121
-24
225
-17
-199
-94
-273
320
-132
-104
-53
-130
44
-116
-214
-355
-263
58
-53
-249
-165
-127
7
-127
-83
-248
127
-84
-24
-150
-273
233
-232
-116
-304
-128
-118
-131
29
-129
-37
-214
-222
53
-164
-242
-106
147
-20
-102
53
-48
23
-251
-94
-67
379
-102
-208
38
105
-25
-166
111
-101
159
118
-32
-146
-29
72
123
-257
-6
-295
21
124
-42
-34
-59
211
-114
51
-194
-113
26
107
-153
-147
-126
30
-139
-120
17
21
-4
31
128
-201
31
32
84
9
-26
40
67
49
-133
152
-1
-85
116
-81
77
68
-28
-32
-49
38
132
-215
-112
29
-18
20
-53
40
224
155
-57
-62
63
-130
-85
100
119
152
-29
177
183
53
58
242
93
174
28
64
-107
122
-39
109
86
-220
101
-68
92
-186
29
80
94
-58
-80
-117
107
-145
-2
59
-47
-8
-92
-77
16
94
-293
133
-112
-4
-82
-158
60
-75
158
-9
-122
99
-95
75
-102
189
127
-107
344
-68
84
95
6
137
138
69
107
103
3
-54
159
108
34
-55
111
18
-118
114
4
165
30
16
-150
43
-1
-94
75
16
129
99
22
-31
67
111
-70
76
87
-59
113
-9
83
153
-11
61
98
81
97
-115
91
7
69
-37
51
173
-38
162
-38
146
56
72
75
19
28
-29
-5
101
-80
-105
38
-35
-103
-162
62
-121
90
-20
-66
16
-33
36
-115
94
74
-119
44
96
20
-33
-2
229
-93
79
76
30
185
-27
92
58
81
-31
-96
240
-8
-123
134
133
199
-56
126
29
24
77
62
-150
-33
159
-176
-32
-105
18
-180
-133
-67
-144
-142
-181
-186
62
-137
-198
-95
-154
0
-248
-82
-148
-26
-32
-36
32
89
-119
-59
48
-82
-128
-150
64
-138
33
-84
-37
-51
117
73
-5
93
131
92
-126
45
54
-45
-59
42
-44
76
-148
-25
-134
-83
-142
-89
-42
-235
-50
-251
-69
-199
-97
-49
-159
-131
-253
-168
-35
-231
-103
-60
-26
-78
-123
18
-79
21
53
11
18
45
-83
79
28
184
95
-20
217
214
170
79
113
199
119
77
-19
-111
96
-6
38
-142
-18
139
-93
-81
-46
-17
-27
-78
-80
-70
-30
38
-107
-95
-78
-82
-21
-21
-142
-153
24
72
-140
-77
18
10
125
10
66
-31
60
173
51
171
23
148
258
51
183
335
227
134
187
178
118
198
133
124
162
107
70
87
153
-26
22
-34
-74
105
62
-71
-16
90
-78
-85
116
-122
-83
88
-36
-130
-51
79
-89
54
-65
-70
17
104
8
-53
79
9
29
-5
120
58
-9
100
76
71
97
72
73
16
8
-69
154
50
-55
14
107
69
-2
-34
110
26
-12
115
-126
66
-118
-87
-127
145
5
-90
-13
18
-27
-112
-29
-6
16
-82
86
-167
89
-126
95
98
-79
15
-23
93
-123
-84
-35
31
-83
-95
2
15
20
-5
-77
159
23
99
92
115
72
-24
163
39
164
-3
85
74
-31
-61
35
86
4
34
68
-8
1
-63
-23
103
-54
111
-107
-42
-29
-80
-47
19
69
-153
100
37
-178
7
-53
-48
79
135
10
-110
75
13
1
-6
-11
4
101
-72
-64
177
10
-80
95
126
101
89
67
53
-72
-32
-92
-103
-110
-97
-46
-25
-3
-86
-56
-62
-176
-90
-124
-108
-154
-132
-42
-93
-146
-111
22
-25
-111
26
170
-69
-41
20
-7
35
-85
-186
-129
-43
-37
18
-25
-84
-21
-130
-58
9
-8
20
-106
107
39
-157
-150
-137
-89
-24
-26
-147
-154
-15
73
-135
-74
-37
-4
42
-19
-162
-212
-48
-11
23
-73
-117
-159
31
-1
-245
-86
30
-70
-116
-62
-118
-179
-79
-95
-61
-52
-126
-33
-27
-46
-72
57
93
20
-96
10
158
-7
24
57
124
191
67
-28
88
97
-10
35
81
111
72
12
27
53
66
111
-66
23
201
-31
-70
8
-13
-168
-24
-5
-118
33
70
-31
-83
-10
-22
-135
-43
-52
-100
26
-37
-111
-61
87
66
47
-69
70
77
108
89
86
61
49
283
116
121
111
236
125
154
151
48
137
174
101
108
82
9
221
93
-3
-43
11
118
-36
-94
91
-4
-114
21
140
-39
-82
49
28
6
-2
83
-97
76
109
50
57
34
74
-9
50
-24
39
110
108
-35
-6
33
-27
-52
-52
18
33
-6
-82
23
87
-34
-39
-10
7
8
-47
62
-133
-134
-58
-166
-97
-105
-268
-92
82
-127
-61
-49
-20
-138
-178
-150
-196
-118
-92
-37
-117
-48
64
13
82
127
81
82
-32
12
26
11
7
38
102
161
103
31
113
91
110
119
148
39
49
130
69
9
41
61
63
29
66
17
-16
60
57
-56
-63
-7
-58
14
-77
-47
20
-33
-117
-103
-35
-31
-115
-103
-9
-37
-125
-32
-31
-111
-1
-39
-132
-81
87
-19
-96
33
115
8
-23
63
13
82
121
46
94
39
-22
90
16
-77
-99
114
81
-141
41
69
-21
-24
30
9
-109
-88
-3
-41
-99
-145
-36
-124
-125
-108
-133
-59
-164
-136
-49
-14
-160
-145
-30
-56
-231
-159
-52
-121
-65
91
29
-83
13
-44
-9
-15
-72
33
46
-16
-76
22
29
-59
-15
-19
-29
-22
55
-1
-65
-6
-8
-13
50
-16
-145
-159
13
-38
-153
-88
-59
-42
-88
-178
-192
3
44
-157
-116
-12
-143
-175
-86
-35
-113
-90
35
-23
-109
-54
-36
-10
-59
-130
-75
30
-102
-106
-60
0
117
42
-36
43
110
-38
36
47
61
126
26
-36
104
126
66
47
104
32
59
109
-30
-12
126
99
-49
64
22
-31
61
106
8
-29
107
40
4
43
-89
30
55
0
-70
-19
49
-53
128
11
-5
109
52
118
59
-13
42
118
124
-15
-12
52
-23
55
80
26
23
200
122
-92
204
222
111
108
90
147
125
116
56
59
153
137
92
182
83
-105
92
41
-119
-35
49
33
-86
-55
-186
6
-43
-146
76
-4
-34
-52
14
-17
-114
-49
0
-56
-95
-21
6
-133
46
122
-37
-82
147
-5
-169
138
-37
-86
119
62
-120
102
185
-72
-36
124
88
-55
19
57
-33
50
24
-25
25
57
-8
-77
-85
-114
21
48
-30
-45
-22
-9
-111
-139
2
-74
-169
-48
-17
-78
-96
-89
-34
38
-28
-31
-5
13
-18
-17
40
-14
-23
57
31
-82
-41
41
22
88
209
71
-20
-15
120
9
-59
94
-3
50
47
-91
-117
20
41
-40
40
-37
-177
2
13
-167
-147
40
26
-194
-127
26
-95
-128
-80
7
-37
-67
-23
-65
-68
-88
-21
90
31
-133
22
0
-44
-105
29
91
-42
80
-7
27
21
91
148
19
42
55
47
4
0
77
73
164
150
6
48
96
-7
-33
130
22
-22
35
-64
-96
-78
-14
-103
-67
74
-15
-158
-105
-32
-77
-128
25
17
-122
-80
-74
-83
-129
-85
-37
44
-58
-223
-72
20
-139
-243
0
38
-141
-63
0
-49
-95
39
-23
14
72
-96
-46
39
41
-104
31
47
-54
34
-13
-32
-9
40
2
-17
62
-19
-56
26
-25
-116
-43
-7
-102
-98
-64
-15
-36
-86
-91
-49
54
-116
-95
77
52
-67
-82
59
37
56
-1
37
85
114
57
71
180
78
89
118
98
22
84
107
39
64
58
32
90
79
76
100
72
41
57
5
-23
52
63
79
80
34
27
95
18
61
131
133
42
41
91
70
143
92
75
123
151
89
135
156
117
166
188
116
90
190
143
122
192
139
118
176
93
-7
49
98
19
47
101
15
4
85
84
38
119
58
57
84
4
-21
-59
18
54
27
-54
-19
45
-63
-10
3
-22
76
69
-1
4
92
36
-18
-44
-25
53
-7
-72
-53
26
57
6
-14
-6
31
7
-82
-40
23
-21
-35
45
-14
11
61
-59
-80
85
149
-40
-44
39
50
55
-31
-92
-9
102
-28
-164
-37
57
27
19
-30
1
38
-18
-75
-43
-29
-80
-5
22
-40
-34
-12
36
-17
-49
-46
-112
-65
-65
-44
-81
-52
-45
0
-35
-168
-129
-109
-102
-152
-61
-40
-105
-71
-30
-32
-100
-33
28
48
47
10
56
-21
-43
-57
-17
-56
-101
-1
0
-30
-88
33
35
-23
-11
-107
-42
6
-81
-57
-13
-38
-64
-40
-45
-65
-20
-7
47
-13
-111
-22
7
-28
-62
-40
37
57
-24
-50
24
58
-91
-70
43
13
-43
-34
88
14
34
-6
26
57
-26
33
-26
-69
-47
-20
43
4
-113
-59
22
-15
-109
-79
-35
-25
-43
-117
-30
-37
-48
-4
-37
33
-25
-5
-11
-67
29
-55
-52
4
-15
10
-52
-2
-14
-63
17
-40
-80
-105
15
2
-112
1
-9
-68
12
50
-62
-34
52
-14
1
-13
-59
12
31
-10
-72
88
71
-151
-24
133
7
-70
70
92
40
19
104
62
5
20
8
80
26
-65
29
161
43
-67
61
102
-7
9
13
23
74
73
18
78
85
-9
46
75
55
-42
50
119
31
-12
84
107
-19
-4
-38
-13
73
40
30
92
104
-38
-12
130
-38
47
94
8
91
48
111
-28
-57
12
-12
50
15
61
46
122
36
-15
51
84
39
-24
41
-45
-3
30
116
30
68
108
-31
64
-11
-57
16
14
-4
54
140
129
122
68
132
106
43
31
74
119
120
107
20
110
33
-45
-33
84
11
12
96
124
18
11
129
16
5
-56
107
107
-73
1
130
57
-37
-21
10
-21
-50
-33
4
-25
-73
-35
-101
-99
-147
-137
-95
-183
-72
67
-3
-103
69
36
-66
-30
-43
-55
-90
128
79
-67
-11
-61
-49
-24
-182
-179
-74
-119
-145
-182
-60
-42
-118
-123
-123
-78
-146
-84
-82
-72
-59
-6
-65
-41
10
-131
-54
-63
-47
-107
39
5
-65
26
67
39
-17
41
44
77
-15
49
47
58
84
-21
9
44
64
-19
-85
40
85
32
46
70
80
59
-27
39
4
-14
38
36
38
-5
32
29
-37
-82
-49
-85
-98
-60
-18
-83
-133
-79
-123
-156
-109
-128
-63
-101
-90
-82
-70
-23
-120
-19
-77
-33
-9
-47
-34
-23
-24
-85
-45
-40
-51
-47
6
11
-70
-83
14
-56
-77
-57
-16
-1
-46
13
4
18
-39
-53
-58
-73
-37
-45
-36
5
-55
-90
-70
-141
-146
-113
-15
-56
-30
74
13
-5
-44
-81
-19
31
27
20
90
119
50
73
22
-17
-14
-18
-28
-24
58
4
-34
4
-5
-23
30
39
-27
43
82
35
-15
31
26
29
18
-62
22
15
79
40
-17
20
7
30
50
8
-44
23
-8
-8
5
62
54
27
45
39
21
-54
26
53
1
29
92
68
41
68
74
64
52
69
115
139
51
33
70
121
22
-44
66
26
-9
18
70
18
-1
33
0
-16
8
6
17
49
-29
18
46
-53
-30
11
-9
6
21
66
33
-7
86
21
-9
93
60
40
37
28
27
69
100
82
94
126
140
133
98
69
130
74
99
119
97
76
85
97
37
77
78
94
70
101
53
23
65
39
41
17
47
32
73
66
12
45
-5
-7
-24
-30
-35
-79
-27
-30
-53
-58
-88
-47
-10
-57
-47
-36
-9
2
-54
-63
-46
-29
-31
-31
-111
-81
-14
-37
-77
-83
-21
1
5
-17
4
-4
-33
-30
6
-26
-60
-41
-22
-58
-91
-15
-47
-65
-40
-52
-56
-62
15
-49
-93
-27
-13
-28
-57
8
-29
-44
-94
-68
-58
-96
-58
-66
-40
-39
-81
-90
-15
-46
-90
-103
-11
-30
-66
-44
-31
-23
-47
-55
-56
-44
-40
-21
-45
-64
-84
-15
6
-55
-99
-22
26
-17
-19
36
5
9
12
-13
18
-69
16
16
-11
-9
-13
18
-21
1
28
42
-5
23
-22
-43
23
-26
-62
12
64
-47
-43
31
47
-21
-38
10
-28
-21
-54
-56
-34
7
-2
-40
-25
-49
-32
-27
-12
-29
10
-10
-15
28
-13
-35
-25
8
10
-36
-45
24
-11
-29
-87
-95
-26
-2
-43
-80
-74
-20
-18
-77
-61
-9
-4
-18
-2
-31
-6
-22
-15
-14
3
-49
-13
23
11
40
5
12
41
64
32
35
69
71
59
76
65
47
3
99
85
46
39
36
92
43
24
33
11
43
62
23
0
13
74
4
5
11
71
56
2
47
29
69
30
43
40
27
0
-23
-12
-19
41
-29
4
45
32
28
-10
63
82
-5
-19
68
11
28
89
99
116
71
85
110
77
150
127
96
100
90
87
29
124
80
115
105
62
35
47
156
65
41
56
111
111
7
76
111
2
71
34
47
41
-11
66
47
-21
-4
68
2
7
22
13
-46
-21
-11
-30
-47
-62
-10
-69
-12
34
-3
4
70
51
-25
15
50
138
98
15
68
83
84
-4
31
13
6
2
-63
7
18
-29
-18
-38
-59
-35
-29
-16
-77
-30
-50
-4
-23
-18
14
-14
11
-66
12
12
-69
-84
-67
-26
-27
-89
-106
-47
-88
-122
-94
-68
-53
-111
-107
-52
-33
-57
-112
-102
26
-29
-29
-41
-51
-39
-66
-96
-139
-40
-60
-49
-96
-59
-20
-97
-138
-87
-58
-91
-129
-74
-61
2
-3
-18
25
-48
-28
-62
-34
-67
-23
-15
-69
-97
-93
-62
-61
-66
-60
-54
-53
-68
-89
-80
-67
-6
4
31
7
34
31
20
8
-42
-55
-37
-14
-38
-41
-98
-93
-58
-132
-151
-65
-78
-83
-49
-71
-14
-45
-50
-21
-56
-69
-9
23
-60
-24
-13
-37
-24
-2
17
14
-9
37
10
-48
19
9
-25
18
32
49
73
46
6
8
29
-7
-15
-52
9
-25
-36
-29
-61
-46
-41
-21
-76
-26
-13
63
15
-13
31
-38
11
9
-19
7
-39
-18
-56
-52
-59
-102
-38
-65
-54
-103
-107
-54
-1
-27
2
-31
22
12
-16
-29
-57
63
63
76
-21
45
84
66
80
-25
32
156
70
34
39
88
34
60
95
25
79
56
73
40
48
41
85
109
35
51
73
82
107
89
138
75
52
143
88
42
114
164
117
78
137
106
106
122
107
140
60
113
78
106
42
8
119
133
66
56
116
101
96
-7
54
55
-3
-10
49
72
-2
70
-2
8
30
7
23
3
57
77
18
-22
8
8
35
-3
7
2
69
38
35
-22
-53
53
32
-13
29
135
-15
26
98
31
24
73
69
72
137
112
30
-12
76
76
18
123
50
38
53
60
-42
-40
44
3
32
-96
-11
-31
-12
14
-44
-52
-81
-158
-81
-47
-8
-38
-64
-13
-86
-46
-81
12
-60
-25
-9
-47
-81
-92
-9
-60
-59
-86
-21
-23
-110
84
49
-118
-145
-211
-141
-115
-93
-128
-15
17
-94
-217
-136
-66
-95
-120
-183
-97
-86
-33
-57
-79
-83
-89
-71
-116
-105
44
-65
19
37
-106
-86
-114
-89
-5
42
-58
-52
-105
-46
-84
-13
-31
-75
23
-38
7
5
97
-30
-69
-2
-50
28
20
5
-38
19
-35
-10
52
0
0
-82
14
20
43
14
-70
-16
-30
-15
-6
-55
-55
-7
-27
-57
-37
-70
-56
-67
-58
54
-5
34
62
-5
8
-18
16
71
15
-12
-17
28
32
30
42
-30
-98
-25
93
-26
-91
-3
123
21
-97
-167
-71
-44
-139
52
39
22
5
-41
-149
-110
75
56
68
7
4
-20
10
95
-35
-144
-22
-58
-65
31
-5
-46
4
74
80
63
-34
24
-30
-28
49
168
84
-6
-36
-90
-70
-52
-4
22
34
-36
48
-84
-108
-115
-75
29
54
108
-28
-88
-1
-8
6
20
-8
22
-26
7
2
74
103
-22
-166
-92
63
69
40
-29
160
22
-194
-17
30
33
52
4
141
167
-31
-62
-49
28
82
104
43
57
29
47
73
7
-23
18
17
-4
95
76
60
-11
40
32
10
70
147
116
118
97
55
46
99
102
104
139
53
80
163
232
95
75
118
150
59
50
101
123
78
82
155
102
38
58
90
76
82
82
33
-43
61
89
7
14
68
0
7
7
33
-12
11
-64
5
-64
-67
26
-103
21
-47
172
36
-247
-150
56
115
29
74
121
71
-15
-30
-30
62
67
64
11
98
97
-7
67
-29
-28
-36
26
137
2
-83
-116
-62
-7
38
-21
-117
-90
57
129
-77
-169
-99
-132
-134
-20
-60
-80
-82
-162
-125
-26
-61
-153
-151
-204
-104
-94
-105
-49
-80
-123
-177
-122
-105
-79
-117
-113
-163
-189
-107
-86
-124
-139
-92
-128
-122
-59
-92
-79
-37
-65
-40
-132
-151
-55
-44
-65
-17
74
4
-63
-103
-30
9
-41
-12
-32
-29
8
10
-55
0
-54
-79
-85
-77
15
-11
-30
-43
4
-26
39
102
34
6
-20
-25
-87
-119
-15
-47
-84
-136
-78
-8
-61
-100
-94
-48
-45
-49
-103
-36
-20
-68
-87
-50
-19
-19
-59
-21
15
-9
-23
25
67
-24
-33
13
69
49
84
113
81
80
89
42
33
86
84
47
-17
39
18
-7
26
16
19
-13
13
17
-13
1
73
61
-3
0
25
15
-7
39
21
23
29
2
3
44
86
-5
-30
56
75
32
47
54
52
38
13
52
52
52
67
47
-8
-6
39
63
63
62
56
59
39
40
77
86
123
94
73
71
64
57
67
52
14
42
39
60
84
88
91
29
-26
-13
53
64
39
48
35
46
8
-16
42
52
7
-13
10
22
15
11
15
6
40
49
7
-3
19
16
5
9
27
17
9
20
12
21
-11
-3
12
31
40
48
26
-1
26
8
42
81
43
39
33
-3
12
-16
-40
-60
-46
-29
-2
27
34
17
1
25
37
55
53
91
108
72
37
26
65
84
35
77
136
106
78
88
66
32
77
103
48
34
61
43
29
35
26
-15
14
37
5
-3
-13
-28
-36
-45
-51
-68
-72
-65
-54
-28
-47
-23
-32
-100
-106
-83
-60
-37
-56
-63
-75
-101
-68
-51
-53
-64
-31
-43
-73
-70
-58
-51
-82
-82
-84
-65
-69
-98
-101
-70
-44
-75
-117
-85
-74
-66
-68
-75
-80
-38
-13
-63
-77
-79
-80
-112
-72
-117
-122
-91
-82
-98
-125
-120
-122
-91
-84
-64
-78
-41
-18
-51
-66
-15
-30
-61
-66
-54
-50
-27
-25
-47
-25
-34
-15
-33
-9
1
-26
-26
7
29
22
-14
-7
-5
-12
6
2
-6
-12
14
15
29
38
6
-66
-81
-59
-33
-46
-65
-53
-63
-64
-42
2
-6
-28
-27
-47
-60
-49
-54
-101
-87
-51
-43
-4
-66
-70
-39
-25
-15
-21
-32
-51
-52
-66
-53
-39
-44
-12
66
48
41
79
93
36
25
62
43
17
31
61
88
100
92
90
66
96
99
80
72
104
93
66
74
41
22
16
32
30
5
15
5
16
72
65
88
59
64
56
46
79
57
41
14
86
91
71
73
85
127
104
90
85
66
79
72
37
54
44
39
66
27
-40
-1
49
41
12
-14
-4
-33
0
19
-13
-25
-11
53
40
18
27
36
32
38
63
71
78
43
48
56
0
18
43
29
45
1
-12
54
48
66
46
-28
40
54
2
-17
14
69
38
42
76
25
0
10
3
24
45
63
33
39
47
60
68
84
103
46
26
44
119
141
73
61
63
50
79
