-1
21
1
-6
-20
-3
39
39
41
35
34
14
25
21
-7
-43
-58
-68
-99
-118
-144
-139
-156
-173
-162
-139
-137
-109
-97
-75
-42
-21
0
-6
5
21
38
35
49
23
4
-25
-14
-24
-52
-67
-82
-73
-62
-100
-126
-118
-109
-73
-77
-83
-36
-42
-46
-59
-67
-60
-81
-85
-85
-66
-55
-73
-98
-113
-79
-65
-56
-41
-36
-29
-19
6
0
17
27
8
2
-16
-11
-24
-41
-58
-59
-57
-73
-73
-48
-24
-49
-32
-18
-12
-19
-30
-23
-37
-42
-57
-77
-91
-69
-83
-71
-64
-80
-76
-81
-71
-51
-47
-27
-39
-49
-45
-79
-103
-87
-120
-157
-136
-141
-134
-123
-118
-119
-100
-128
-140
-86
-78
-76
-71
-86
-79
-65
-85
-105
-100
-101
-92
-63
-45
-66
-62
-80
-84
-64
-65
-43
-42
-52
-41
-73
-53
-43
-60
-106
-69
-44
-70
-75
-106
-120
-78
-75
-89
-78
-87
-55
-44
-56
-80
-91
-76
-58
-73
-102
-94
-108
-127
-104
-116
-106
-74
-69
-38
-45
-36
-47
-47
-45
-25
-22
-7
6
1
2
-29
-27
-18
-23
-30
-27
-24
-17
-15
-18
-10
-11
-17
-62
-107
-90
-92
-114
-115
-96
-113
-109
-60
-49
-47
-20
24
20
5
10
21
22
28
40
17
9
28
14
38
10
-14
-15
-23
-16
-44
-30
-36
-37
-33
-50
-37
-28
-35
-45
-36
-26
-47
-52
-38
-49
-33
-34
-37
-35
-36
-33
-30
-46
-44
-37
-36
-9
-13
-38
-38
-24
-36
-24
-51
-31
-36
-67
-50
-53
-95
-101
-94
-98
-98
-113
-115
-140
-139
-144
-141
-108
-92
-81
-79
-63
-32
-42
-40
-45
-36
-26
-10
-6
-44
-50
-63
-63
-53
-93
-104
-92
-96
-100
-66
-61
-67
-63
-42
-25
-20
-29
-37
-1
-5
-29
-18
-14
-32
-47
-46
-57
-72
-83
-98
-118
-102
-96
-111
-94
-110
-96
-113
-105
-89
-100
-87
-87
-73
-70
-74
-72
-92
-98
-85
-90
-69
-77
-76
-78
-90
-82
-105
-118
-116
-95
-122
-99
-85
-90
-89
-110
-103
-103
-98
-105
-111
-95
-80
-71
-65
-72
-70
-66
-59
-73
-80
-91
-95
-84
-78
-67
-52
-49
-70
-50
-50
-62
-69
-73
-61
-41
-28
-7
-15
-14
-33
-41
-23
-36
-30
-21
-15
-11
3
7
11
7
0
2
-3
3
0
0
-2
10
18
-10
6
27
37
38
22
13
19
21
0
15
25
20
31
17
-4
-7
0
9
18
31
20
-2
12
9
7
6
-9
-14
-44
-50
-28
-39
-57
-54
-46
-37
-36
-50
-51
-42
-51
-59
-58
-82
-100
-86
-97
-66
-52
-83
-71
-47
-75
-62
-69
-66
-70
-68
-66
-71
-108
-124
-125
-130
-108
-122
-118
-146
-171
-168
-153
-138
-162
-154
-171
-166
-151
-144
-155
-140
-135
-133
-148
-134
-134
-140
-124
-121
-114
-133
-123
-101
-97
-107
-119
-133
-136
-141
-126
-83
-64
-47
-49
-78
-78
-59
-59
-81
-66
-61
-72
-73
-76
-69
-87
-82
-76
-54
-29
-20
-4
-11
-12
-34
-43
-18
-22
-21
-3
2
-11
-45
-51
-37
-36
-35
-32
-51
-48
-48
-59
-59
-85
-54
-37
-40
-48
-31
-13
-17
-3
11
13
15
1
-15
-6
-36
-56
-40
-32
-35
-44
-26
-40
-44
-17
-21
-30
-16
-18
-11
-4
-11
-31
-56
-66
-68
-44
-35
-30
-48
-54
-38
-36
-45
-46
-29
-28
-37
-42
-53
-35
-29
-48
-36
-47
-65
-38
-44
-63
-87
-96
-86
-61
-78
-84
-68
-64
-55
-65
-64
-73
-62
-81
-81
-56
-72
-41
-46
-80
-86
-89
-88
-119
-123
-114
-137
-125
-131
-139
-153
-139
-140
-112
-90
-91
-110
-117
-119
-130
-95
-91
-77
-66
-65
-75
-95
-121
-124
-112
-118
-120
-113
-102
-88
-100
-93
-98
-128
-122
-124
-127
-120
-103
-111
-133
-145
-131
-132
-143
-121
-123
-135
-108
-104
-134
-139
-108
-126
-117
-91
-102
-109
-129
-120
-112
-109
-77
-73
-70
-68
-73
-64
-93
-103
-100
-86
-71
-79
-64
-71
-42
-43
-48
-43
-57
-41
-42
-38
-40
-43
-26
0
-18
-32
-63
-48
-15
-41
-10
-16
-61
-70
-61
-45
-41
-25
-30
-29
-18
1
10
-13
-17
0
28
47
26
8
11
-8
-41
-31
-26
-9
-20
-29
-16
-39
-51
-25
-16
-16
-7
-36
-31
-29
-49
-54
-74
-90
-99
-96
-81
-103
-121
-159
-151
-141
-143
-111
-129
-125
-116
-114
-112
-105
-104
-78
-78
-72
-43
-70
-100
-111
-120
-100
-89
-108
-105
-104
-125
-100
-109
-119
-113
-128
-108
-93
-101
-90
-93
-110
-137
-149
-152
-143
-111
-115
-125
-117
-130
-137
-133
-139
-142
-139
-102
-97
-112
-118
-125
-130
-129
-116
-93
-89
-96
-79
-56
-54
-68
-72
-72
-98
-79
-78
-74
-64
-66
-60
-61
-63
-74
-37
-19
-22
-10
-11
33
27
28
40
25
14
15
37
41
59
39
24
-4
-32
-51
-53
-28
-28
-34
-44
-28
-27
-16
-23
-18
-8
-11
-2
5
-30
-25
-40
-47
-41
-44
-53
-83
-114
-132
-124
-123
-101
-111
-96
-104
-99
-69
-85
-88
-80
-94
-72
-70
-77
-73
-95
-101
-107
-87
-86
-97
-87
-101
-115
-129
-116
-118
-115
-121
-115
-88
-104
-112
-105
-115
-127
-124
-123
-116
-91
-100
-60
-56
-55
-30
-44
-75
-83
-73
-80
-89
-78
-83
-94
-81
-72
-80
-70
-66
-76
-67
-65
-101
-99
-81
-78
-90
-81
-89
-89
-100
-88
-82
-59
-51
-62
-48
-58
-40
-38
-12
-15
-19
-36
-23
-50
-69
-92
-66
-32
-39
-48
-80
-81
-96
-86
-82
-91
-93
-79
-80
-114
-103
-132
-135
-125
-122
-144
-150
-156
-153
-139
-124
-95
-100
-108
-83
-63
-84
-90
-80
-66
-67
-82
-71
-62
-82
-75
-67
-53
-66
-68
-96
-100
-99
-100
-93
-102
-88
-86
-121
-122
-106
-82
-95
-99
-95
-90
-64
-50
-74
-103
-97
-90
-89
-66
-89
-108
-125
-131
-118
-120
-135
-108
-106
-112
-76
-48
-63
-68
-81
-84
-55
-56
-32
-18
-34
-25
-29
-41
-11
0
2
-4
-26
-28
-33
-17
-33
-28
-24
-37
-31
-28
-15
-38
-77
-78
-102
-106
-96
-87
-67
-74
-70
-66
-60
-61
-51
-57
-39
-29
-38
-24
-20
-33
-32
-47
-50
-45
-39
-45
-74
-77
-84
-74
-69
-83
-59
-39
-23
-23
-39
-44
-65
-82
-86
-83
-56
-62
-81
-46
-48
-58
-63
-88
-98
-101
-96
-99
-88
-67
-59
-66
-36
-27
-37
-35
-51
-50
-57
-68
-76
-83
-94
-82
-87
-59
-32
-18
0
-18
-57
-86
-75
-77
-50
-16
-21
-27
-50
-48
-34
-36
-19
-16
-17
-9
-8
-34
-49
-74
-57
-62
-42
-59
-61
-64
-85
-88
-66
-67
-77
-91
-84
-71
-69
-80
-96
-100
-120
-119
-107
-121
-126
-139
-142
-135
-129
-151
-124
-125
-115
-99
-143
-172
-149
-157
-167
-157
-130
-121
-101
-116
-109
-122
-128
-122
-131
-121
-130
-134
-112
-97
-105
-93
-76
-57
-51
-21
-43
-79
-48
-50
-56
-63
-30
-14
-31
-28
-48
-27
-60
-82
-69
-55
-46
-33
-44
-58
-23
-5
-52
-9
13
-1
10
23
42
37
39
51
5
-37
-22
-72
-122
-170
-214
-253
-248
-190
-133
-55
3
29
52
5
-68
-122
-176
-213
-218
-154
-48
110
321
474
528
586
526
381
208
0
-146
-266
-335
-422
-493
-471
-416
-375
-337
-273
-241
-146
-133
479
2437
5965
11656
18955
28487
32766
32610
32766
32724
32766
32766
32675
32767
24724
10212
-2851
-13315
-21760
-29743
-32768
-32697
-32768
-32743
-32767
-32759
-32768
-32757
-32768
-32762
-32767
-32758
-32768
-32745
-32767
-32706
-32767
-31528
-28545
-24901
-20819
-17752
-14819
-12286
-9235
-6202
-3086
598
4413
7966
11213
13832
15956
17897
19452
20281
20396
19738
18707
18399
18751
18944
18552
17760
17012
16534
16340
16220
15964
15586
14731
13321
12423
11932
11329
10433
9259
8378
7257
5789
4231
2429
839
-859
-2429
-3825
-5125
-6290
-6962
-6721
-6007
-4645
-2685
-331
1990
4436
6751
8409
9646
10103
9979
9517
9053
8671
8441
8388
8826
9866
11032
12062
13263
14258
14819
15022
15084
15184
15143
15169
15460
15901
16146
16141
15777
14780
13040
10935
8654
5928
2905
-279
-3445
-6480
-9207
-11818
-14355
-17045
-19870
-22520
-25084
-27109
-28616
-29817
-30257
-29926
-28924
-27306
-25054
-22502
-19807
-17195
-14753
-12331
-10150
-8283
-6616
-5069
-3753
-2781
-1910
-1103
-152
919
2048
3378
4699
5984
7289
8617
9949
11324
12762
14231
15587
16709
17250
17755
18012
17937
17561
16735
15776
14613
13379
12163
10900
9595
8238
6858
5582
4476
3373
2387
1719
1213
833
423
-35
-468
-1050
-1665
-2275
-2864
-3393
-3913
-4211
-4377
-4549
-4833
-5163
-5648
-6116
-6598
-7146
-7662
-8232
-8777
-9253
-9632
-9867
-10009
-10001
-9788
-9429
-8862
-8245
-7620
-6932
-6415
-6163
-6061
-6206
-6717
-7529
-8648
-9953
-11108
-12027
-12651
-12933
-12889
-12382
-11557
-10485
-9129
-7770
-6502
-5255
-4053
-2894
-1734
-645
357
1242
1997
2673
3304
3758
4044
4084
3819
3252
2426
1440
346
-743
-1885
-2968
-3871
-4697
-5460
-6099
-6639
-7092
-7421
-7660
-7803
-7788
-7603
-7273
-6837
-6166
-5318
-4315
-3138
-1870
-577
764
2209
3613
4950
6084
6949
7599
8040
8335
8649
8820
8840
8847
8829
8907
9177
9482
9854
10329
10944
11762
12740
13798
14928
16063
17120
18025
18691
19105
19273
19222
19013
18679
18223
17701
17210
16689
16106
15484
14760
13997
13102
12108
11045
9908
8657
7274
5678
3909
2035
51
-1951
-3843
-5682
-7368
-8823
-10057
-11081
-11960
-12701
-13367
-13961
-14371
-14606
-14773
-14875
-14892
-14869
-14729
-14447
-14076
-13672
-13191
-12764
-12319
-11876
-11454
-10928
-10367
-9852
-9432
-9177
-9080
-9070
-9097
-9090
-9005
-8827
-8450
-7951
-7242
-6369
-5284
-3948
-2594
-1256
141
1481
2814
3997
4987
5866
6524
6909
7131
7173
7111
6908
6731
6623
6461
6398
6422
6449
6467
6461
6448
6380
6341
6350
6341
6292
6228
6128
5918
5613
5173
4617
3953
3192
2448
1743
1011
370
-144
-564
-822
-992
-1044
-938
-704
-419
-103
223
466
633
761
779
746
592
381
119
-146
-412
-581
-641
-602
-481
-276
53
474
970
1398
1794
2197
2495
2628
2656
2608
2432
2143
1849
1625
1376
1093
739
401
41
-410
-925
-1544
-2220
-2934
-3727
-4471
-5174
-5880
-6569
-7166
-7689
-8231
-8756
-9183
-9616
-10017
-10335
-10625
-10788
-10888
-10970
-10950
-10849
-10672
-10428
-10137
-9815
-9473
-9107
-8686
-8237
-7767
-7294
-6754
-6201
-5613
-4955
-4273
-3497
-2641
-1759
-787
187
1142
2155
3158
4128
5077
5993
6806
7503
8062
8501
8848
9085
9223
9245
9103
8859
8557
8204
7838
7469
7112
6732
6341
5930
5545
5119
4659
4134
3589
3066
2505
1944
1349
755
226
-311
-750
-1072
-1367
-1626
-1857
-2036
-2178
-2277
-2303
-2318
-2294
-2139
-1874
-1483
-1038
-590
-107
460
993
1468
1942
2384
2768
3131
3537
3895
4219
4490
4733
4911
5043
5162
5268
5316
5211
5015
4765
4431
4028
3542
3005
2347
1621
857
63
-779
-1636
-2459
-3291
-4132
-4938
-5697
-6444
-7157
-7768
-8278
-8732
-9077
-9341
-9536
-9608
-9687
-9685
-9564
-9462
-9283
-9024
-8650
-8186
-7649
-7075
-6464
-5814
-5052
-4248
-3456
-2658
-1878
-1095
-330
381
1069
1677
2233
2872
3519
4141
4750
5383
5980
6584
7153
7673
8143
8599
9002
9427
9785
10076
10274
10405
10450
10395
10312
10151
9943
9628
9281
8879
8428
7950
7461
6989
6441
5843
5213
4555
3795
3041
2356
1645
1013
401
-125
-563
-1027
-1496
-1943
-2388
-2780
-3035
-3248
-3447
-3559
-3614
-3624
-3593
-3602
-3663
-3686
-3699
-3682
-3677
-3638
-3649
-3680
-3640
-3600
-3578
-3549
-3490
-3514
-3524
-3569
-3625
-3736
-3852
-3961
-4044
-4088
-4114
-4095
-4115
-4087
-4066
-4040
-3977
-3831
-3709
-3539
-3290
-3037
-2761
-2499
-2244
-2006
-1761
-1518
-1286
-1079
-922
-820
-776
-719
-678
-634
-530
-442
-287
-114
46
204
312
443
572
717
919
1126
1365
1624
1814
1984
2094
2162
2226
2227
2198
2129
2041
1941
1820
1683
1568
1538
1494
1487
1504
1570
1608
1633
1658
1642
1647
1630
1615
1631
1654
1688
1715
1753
1751
1687
1639
1617
1599
1586
1573
1594
1612
1615
1640
1660
1692
1683
1619
1503
1315
1090
823
512
168
-186
-538
-917
-1320
-1684
-2039
-2319
-2501
-2616
-2664
-2682
-2658
-2589
-2529
-2479
-2462
-2470
-2519
-2551
-2570
-2583
-2584
-2606
-2600
-2599
-2568
-2557
-2504
-2397
-2284
-2144
-2018
-1871
-1699
-1474
-1199
-910
-609
-343
-70
155
378
563
727
893
1016
1102
1188
1289
1408
1549
1710
1864
1999
2117
2221
2285
2303
2270
2181
2076
1917
1730
1548
1366
1180
1008
817
662
500
368
306
276
253
245
265
272
261
253
248
247
234
239
258
295
380
501
628
757
857
965
1070
1134
1163
1118
1017
856
636
401
195
47
-80
-112
-112
-66
12
99
192
313
333
350
368
310
241
183
89
7
-8
-62
-67
-102
-123
-161
-233
-306
-400
-486
-546
-552
-515
-441
-369
-299
-252
-284
-385
-600
-910
-1273
-1746
-2270
-2844
-3385
-3794
-4122
-4375
-4522
-4599
-4644
-4603
-4529
-4431
-4390
-4360
-4298
-4254
-4204
-4140
-4039
-3910
-3760
-3571
-3336
-3067
-2732
-2352
-1899
-1384
-831
-304
243
797
1321
1851
2373
2886
3385
3814
4221
4598
4925
5209
5459
5646
5788
5898
6027
6153
6264
6388
6457
6514
6574
6595
6637
6638
6629
6622
6616
6625
6571
6472
6316
6042
5682
5189
4578
3930
3212
2541
1942
1412
984
662
446
341
279
213
172
63
-80
-244
-426
-627
-857
-1037
-1229
-1405
-1562
-1725
-1857
-1995
-2082
-2145
-2231
-2322
-2389
-2467
-2561
-2678
-2790
-2912
-3060
-3202
-3335
-3461
-3582
-3718
-3819
-3925
-4004
-4098
-4146
-4126
-4122
-4094
-4036
-3973
-3900
-3836
-3748
-3664
-3651
-3696
-3801
-3986
-4228
-4457
-4646
-4787
-4860
-4810
-4674
-4471
-4180
-3798
-3342
-2859
-2308
-1748
-1205
-657
-158
255
576
815
981
1087
1134
1144
1152
1124
1100
1104
1092
1132
1186
1281
1393
1512
1613
1708
1829
1929
2024
2108
2190
2261
2338
2411
2497
2540
2562
2591
2613
2575
2522
2420
2259
2066
1837
1598
1326
1082
836
685
581
490
431
364
338
313
286
248
179
100
47
-10
-64
-161
-288
-448
-682
-973
-1326
-1714
-2130
-2523
-2873
-3143
-3351
-3486
-3523
-3539
-3480
-3396
-3329
-3314
-3327
-3327
-3355
-3348
-3334
-3282
-3215
-3102
-2904
-2709
-2485
-2235
-1946
-1659
-1400
-1152
-926
-733
-524
-302
-88
129
382
615
835
1058
1285
1498
1665
1800
1904
1962
1992
2048
2049
2013
2003
1976
1931
1944
1968
1999
2034
2046
2015
2011
2004
1975
1949
1925
1895
1878
1855
1827
1814
1828
1896
2010
2191
2369
2516
2687
2850
2980
3062
3083
3037
2951
2832
2723
2642
2542
2451
2376
2317
2303
2355
2442
2510
2578
2650
2698
2743
2771
2772
2737
2703
2691
2676
2620
2543
2386
2221
2000
1714
1388
1026
629
221
-170
-480
-748
-1036
-1264
-1510
-1757
-1960
-2174
-2387
-2666
-2981
-3269
-3506
-3728
-3891
-4007
-4122
-4165
-4194
-4191
-4166
-4111
-4049
-3989
-3919
-3824
-3717
-3629
-3519
-3357
-3186
-3040
-2862
-2714
-2598
-2476
-2340
-2218
-2118
-2054
-1978
-1941
-1876
-1778
-1695
-1588
-1454
-1310
-1169
-970
-806
-726
-650
-671
-731
-760
-753
-684
-589
-469
-290
-75
168
439
730
1002
1233
1457
1642
1807
1961
2118
2252
2393
2556
2718
2865
2970
2993
2964
2874
2685
2448
2183
1926
1716
1561
1457
1369
1353
1376
1429
1538
1643
1776
1878
1916
1893
1819
1690
1545
1325
1043
718
313
-98
-541
-967
-1344
-1666
-1918
-2063
-2134
-2138
-2047
-1925
-1839
-1776
-1733
-1692
-1645
-1601
-1557
-1516
-1441
-1343
-1200
-1080
-967
-899
-871
-844
-852
-885
-948
-1007
-1034
-1006
-943
-834
-651
-474
-317
-163
-115
-98
-160
-297
-451
-678
-949
-1201
-1443
-1665
-1867
-2054
-2195
-2321
-2407
-2432
-2411
-2365
-2273
-2144
-2005
-1839
-1678
-1497
-1280
-1045
-788
-532
-235
62
299
527
743
915
1023
1108
1225
1310
1419
1500
1556
1592
1570
1596
1602
1626
1637
1634
1661
1732
1835
1922
2025
2096
2124
2106
2016
1922
1783
1612
1415
1183
961
766
552
384
232
61
-124
-355
-610
-877
-1143
-1340
-1539
-1709
-1778
-1771
-1660
-1466
-1229
-938
-605
-245
105
436
758
1002
1152
1295
1392
1431
1452
1450
1391
1246
1111
952
766
543
298
57
-116
-218
-298
-362
-420
-446
-422
-419
-392
-413
-461
-485
-545
-605
-672
-778
-896
-1000
-1045
-1112
-1188
-1240
-1284
-1317
-1359
-1424
-1466
-1477
-1455
-1425
-1373
-1252
-1114
-967
-803
-649
-480
-298
-84
132
334
522
709
928
1158
1351
1472
1583
1708
1786
1875
1930
1965
1990
2032
2060
2083
2115
2195
2337
2441
2548
2622
2685
2739
2805
2902
2970
3002
3102
3206
3209
3165
3080
2955
2788
2565
2258
1903
1537
1209
932
656
400
187
42
-30
-47
-19
19
49
74
67
-3
-115
-237
-386
-586
-873
-1230
-1606
-1925
-2274
-2651
-2972
-3277
-3508
-3741
-3938
-4099
-4188
-4213
-4119
-3978
-3815
-3574
-3274
-2953
-2654
-2446
-2320
-2224
-2120
-2051
-2014
-2016
-2039
-1995
-1968
-1941
-1918
-1935
-1957
-1947
-1970
-2008
-2066
-2082
-2046
-1997
-1918
-1845
-1763
-1687
-1555
-1445
-1349
-1263
-1137
-949
-789
-625
-486
-341
-190
-35
150
336
492
682
880
1102
1313
1510
1657
1736
1795
1849
1886
1908
1883
1844
1782
1723
1659
1576
1488
1342
1189
1036
873
737
590
457
330
231
144
79
15
-24
-58
-71
-53
14
126
221
307
402
506
546
544
511
444
359
246
115
-31
-211
-372
-520
-709
-872
-1095
-1309
-1464
-1639
-1789
-1917
-1978
-1972
-1934
-1817
-1690
-1550
-1425
-1271
-1118
-1030
-943
-954
-902
-768
-650
-635
-671
-811
-1055
-1273
-1483
-1752
-1928
-2045
-2175
-2092
-2024
-2016
-2074
-2193
-2366
-2486
-2365
-2160
-1811
-1370
-899
-388
173
655
1007
1216
1309
1390
1586
1779
1897
2008
2071
2145
2255
2419
2514
2403
2279
2120
1949
1855
1716
1454
1385
1229
1075
1013
1021
1001
888
799
612
473
563
639
827
966
1099
1419
1766
2184
2464
2567
2564
2391
2231
2017
1836
1676
1452
1454
1490
1639
1810
2034
2205
2254
2283
2222
2165
2022
1786
1539
1394
1167
1041
1033
960
877
879
935
958
1042
1040
943
880
837
789
756
702
600
538
600
546
500
353
135
0
-283
-670
-1051
-1524
-1935
-2318
-2682
-2945
-3257
-3504
-3762
-3964
-4039
-4163
-4160
-4061
-3877
-3702
-3430
-3163
-2869
-2541
-2222
-2056
-1891
-1645
-1408
-1137
-897
-660
-523
-332
-236
-225
-193
-197
-213
-272
-330
-406
-417
-388
-411
-393
-494
-633
-632
-532
-454
-296
-219
-182
33
235
386
442
432
385
344
303
208
108
15
-55
-170
-259
-351
-317
-230
-129
-20
65
188
408
636
699
677
637
487
317
153
-39
-204
-250
-292
-284
-231
-146
10
139
223
264
226
150
24
-140
-378
-633
-849
-992
-1077
-1106
-1120
-1069
-1002
-921
-911
-953
-999
-1112
-1202
-1376
-1519
-1655
-1803
-1827
-1900
-1922
-1955
-2013
-1957
-1858
-1819
-1772
-1664
-1560
-1361
-1168
-1020
-897
-753
-591
-476
-358
-351
-313
-203
-166
-225
-322
-398
-459
-462
-453
-504
-471
-426
-336
-157
52
270
546
732
839
904
877
862
863
826
718
597
479
339
206
124
69
79
118
181
296
429
568
722
836
895
937
1020
1102
1202
1280
1340
1383
1350
1402
1454
1458
1541
1604
1794
2007
2150
2199
2222
2197
2187
2162
2100
1993
1878
1773
1718
1760
1773
1716
1543
1287
1047
900
910
933
819
620
319
53
-139
-203
-218
-353
-542
-751
-924
-1019
-1052
-1180
-1285
-1400
-1473
-1355
-1290
-1138
-1047
-989
-846
-705
-484
-227
-43
82
265
477
693
979
1128
1146
1165
1140
1105
1079
961
739
558
371
205
93
50
13
-29
-43
-124
-117
48
211
278
332
439
604
874
1106
1207
1236
1140
1077
1039
904
773
549
229
-89
-336
-544
-758
-914
-1093
-1261
-1365
-1389
-1366
-1308
-1159
-1023
-845
-636
-505
-424
-405
-433
-449
-390
-253
-74
61
121
116
71
35
63
224
334
455
528
499
387
257
113
-92
-180
-263
-392
-396
-293
-280
-279
-293
-364
-424
-496
-507
-562
-584
-628
-850
-1054
-1222
-1320
-1472
-1614
-1729
-1795
-1745
-1793
-1821
-1908
-1992
-1990
-1987
-2013
-2015
-2143
-2194
-2271
-2229
-2218
-2294
-2248
-2255
-2119
-1984
-1820
-1711
-1594
-1502
-1472
-1488
-1502
-1496
-1446
-1373
-1337
-1276
-1259
-1201
-1082
-992
-802
-695
-635
-563
-408
-181
51
126
32
-111
-171
-35
131
339
511
591
740
965
1192
1342
1299
1143
1077
1056
1163
1322
1280
1181
1049
1019
1180
1386
1593
1622
1552
1548
1492
1365
1211
1025
865
873
970
1129
1263
1163
1064
884
779
895
1014
1185
1292
1361
1425
1499
1482
1388
1203
1007
980
962
1057
1187
1123
971
736
519
302
167
-9
-128
-288
-488
-516
-533
-457
-306
-317
-294
-399
-458
-458
-452
-442
-472
-561
-631
-613
-525
-344
-261
-356
-421
-476
-448
-366
-322
-385
-438
-493
-415
-252
-220
-194
-280
-354
-307
-296
-353
-422
-550
-521
-410
-345
-256
-244
-239
-204
-213
-229
-229
-245
-202
-172
-91
82
232
381
403
415
517
615
740
921
995
1150
1272
1380
1516
1514
1353
1154
957
772
654
567
519
534
548
663
687
717
755
730
674
575
499
490
485
461
435
281
112
24
-117
-156
-175
-191
-227
-315
-403
-469
-532
-585
-701
-831
-1005
-1210
-1310
-1312
-1305
-1347
-1450
-1512
-1583
-1647
-1648
-1635
-1608
-1503
-1426
-1332
-1264
-1169
-1059
-1012
-979
-938
-876
-798
-664
-538
-541
-550
-595
-680
-709
-791
-869
-969
-1074
-1235
-1403
-1526
-1582
-1513
-1413
-1289
-1157
-1015
-846
-710
-591
-492
-400
-263
-149
-119
-66
-19
0
118
184
177
201
235
306
366
428
423
359
331
331
339
349
332
263
241
194
213
268
286
309
311
272
214
235
239
190
107
39
-2
-27
33
116
188
269
400
543
627
704
776
869
998
1143
1225
1270
1298
1320
1335
1315
1234
1129
1010
884
823
791
703
585
469
410
365
301
241
104
-21
-194
-348
-540
-777
-1004
-1164
-1330
-1491
-1593
-1682
-1691
-1720
-1750
-1769
-1752
-1725
-1678
-1639
-1572
-1524
-1420
-1267
-1080
-959
-815
-716
-633
-492
-390
-366
-394
-364
-360
-356
-329
-359
-385
-340
-271
-156
-33
101
315
487
685
838
948
984
996
999
993
977
958
946
945
912
858
828
825
775
778
757
642
530
415
333
301
301
201
107
45
61
95
101
24
-38
-24
-4
22
-30
-82
-106
-134
-133
-141
-243
-295
-325
-345
-348
-367
-436
-485
-533
-576
-542
-545
-520
-480
-473
-487
-424
-379
-334
-313
-344
-318
-287
-246
-220
-215
-268
-367
-424
-512
-588
-661
-735
-743
-724
-685
-632
-656
-699
-714
-717
-700
-661
-632
-630
-625
-560
-433
-272
-137
-11
119
263
377
433
507
529
492
470
472
463
449
438
437
518
538
524
471
455
453
477
480
412
411
395
445
494
529
578
615
636
597
546
498
443
375
330
298
315
353
370
392
394
375
368
393
388
345
295
213
138
98
85
36
16
11
7
29
35
51
26
-25
-64
-132
-169
-185
-212
-208
-268
-342
-409
-494
-510
-543
-597
-646
-699
-708
-700
-745
-747
-760
-772
-726
-701
-669
-677
-667
-640
-620
-567
-524
-515
-514
-489
-455
-474
-456
-489
-588
-649
-693
-686
-628
-581
-503
-405
-248
-70
135
293
359
409
396
367
362
319
241
160
96
91
112
125
151
122
125
128
126
158
127
60
22
-33
-61
-123
-175
-251
-334
-358
-400
-471
-504
-462
-473
-514
-556
-572
-530
-466
-404
-342
-259
-204
-107
-12
51
129
216
302
354
383
379
396
416
429
422
326
377
1616
3695
6326
11622
18844
28609
32767
32616
32766
32744
32748
32766
32647
32766
30520
17363
2201
-11565
-21617
-29734
-32767
-32620
-32767
-32703
-32767
-32741
-32767
-32754
-32767
-32765
-32768
-32764
-32768
-32759
-32768
-32749
-32768
-32714
-32768
-31107
-26894
-22323
-17272
-12078
-7807
-4878
-2082
1720
6520
11526
15665
18119
19016
19405
20106
20872
20928
20130
18580
16838
15936
15901
16202
16508
16510
15820
15212
15062
15136
15121
14323
12879
11393
10387
9419
8894
9043
8936
8386
7652
6639
5077
3196
1355
-440
-1859
-3220
-4406
-5106
-5213
-4546
-3061
-807
1770
4067
6006
7785
9645
11178
11708
11633
11168
10456
9934
9689
9829
10109
10718
11626
12642
13771
14682
15180
15287
15254
15138
14855
14589
14741
14967
15088
14913
14424
13418
11744
9472
6891
4144
1117
-2141
-5496
-8770
-11717
-14043
-15956
-17939
-20271
-22842
-25322
-27586
-29348
-30235
-30359
-29926
-28887
-27202
-25152
-22740
-20103
-17250
-14238
-11110
-7910
-5026
-2593
-470
1396
2883
4014
4845
5485
6002
6563
7342
8124
8853
9566
10288
11070
12053
13140
14266
15349
16257
17006
17656
18039
18003
17709
17171
16320
15245
14050
12816
11438
9929
8366
6789
5389
4109
3111
2382
1820
1349
1009
828
552
91
-477
-1083
-1768
-2551
-3283
-3779
-4058
-4229
-4279
-4315
-4561
-4963
-5580
-6172
-6631
-7183
-7888
-8650
-9383
-10093
-10674
-10999
-11140
-11120
-10881
-10432
-9901
-9359
-8841
-8394
-8065
-7950
-8169
-8761
-9878
-11253
-12778
-14261
-15520
-16420
-16970
-17203
-17001
-16333
-15206
-13784
-12085
-10168
-8234
-6459
-4762
-3105
-1512
16
1477
2722
3704
4445
4936
5291
5514
5540
5208
4466
3405
2139
790
-634
-1943
-3048
-4128
-5129
-5999
-6826
-7488
-8012
-8458
-8835
-9088
-9325
-9369
-9053
-8442
-7546
-6395
-5142
-3811
-2352
-755
967
2805
4630
6312
7800
8932
9647
10140
10450
10583
10548
10383
10139
9799
9520
9271
9207
9397
9715
10282
10997
11839
12789
13733
14731
15704
16694
17607
18298
18750
18928
18985
18970
18882
18701
18516
18258
17807
17283
16693
15834
14780
13473
11929
10228
8354
6338
4127
1857
-329
-2417
-4452
-6502
-8307
-9804
-11023
-11895
-12572
-13051
-13439
-13850
-14184
-14505
-14775
-14976
-15042
-14889
-14575
-14267
-13868
-13399
-12831
-12225
-11644
-11057
-10396
-9707
-9004
-8247
-7498
-6893
-6571
-6471
-6551
-6677
-6787
-6879
-7002
-7051
-6911
-6520
-5709
-4619
-3371
-1928
-364
1274
2929
4479
5858
7045
8020
8721
9159
9334
9302
9103
8819
8437
8044
7704
7495
7467
7485
7539
7626
7792
7941
8091
8267
8334
8315
8176
7899
7501
6936
6178
5273
4308
3343
2408
1502
648
-118
-773
-1228
-1508
-1690
-1776
-1742
-1640
-1468
-1217
-995
-831
-726
-732
-814
-1031
-1341
-1679
-2049
-2438
-2757
-2921
-2957
-2828
-2547
-2195
-1748
-1157
-520
130
727
1223
1603
1878
1992
1948
1708
1410
1086
714
458
217
-54
-268
-473
-709
-1022
-1436
-1912
-2456
-3047
-3647
-4230
-4831
-5454
-6066
-6707
-7340
-7886
-8400
-8865
-9264
-9649
-10003
-10317
-10579
-10741
-10873
-10981
-10949
-10749
-10479
-10109
-9649
-9188
-8680
-8121
-7557
-6995
-6477
-5935
-5367
-4701
-3958
-3129
-2221
-1290
-325
736
1823
2889
4002
5113
6197
7206
8081
8797
9327
9695
9905
9955
9872
9649
9288
8795
8155
7465
6773
6112
5446
4788
4206
3600
2976
2378
1790
1194
546
-69
-613
-1099
-1508
-1883
-2259
-2557
-2745
-2876
-3004
-3110
-3184
-3215
-3162
-3064
-2975
-2918
-2837
-2629
-2317
-1852
-1270
-647
-30
598
1195
1759
2312
2778
3224
3616
3963
4285
4610
4889
5115
5243
5294
5386
5412
5389
5287
5074
4761
4336
3878
3366
2754
2004
1150
241
-656
-1543
-2376
-3247
-4085
-4849
-5579
-6201
-6786
-7302
-7858
-8387
-8814
-9184
-9409
-9553
-9596
-9571
-9477
-9317
-9117
-8820
-8408
-7881
-7290
-6585
-5813
-5010
-4131
-3280
-2480
-1706
-957
-292
305
837
1294
1683
2133
2605
3097
3567
4062
4549
5016
5530
6037
6505
6941
7347
7736
8151
8574
9034
9430
9700
9821
9839
9747
9624
9467
9254
8980
8692
8396
8045
7673
7188
6689
6149
5524
4847
4067
3262
2506
1875
1332
844
378
-35
-463
-871
-1184
-1477
-1774
-2015
-2183
-2267
-2296
-2275
-2224
-2175
-2079
-2012
-2028
-2082
-2195
-2346
-2530
-2637
-2764
-2875
-2974
-3058
-3178
-3284
-3380
-3494
-3650
-3908
-4152
-4416
-4708
-4988
-5285
-5448
-5487
-5431
-5400
-5318
-5112
-4969
-4680
-4315
-3919
-3503
-2997
-2519
-1994
-1459
-1038
-543
-153
172
565
828
1040
1208
1305
1388
1376
1342
1341
1344
1332
1282
1285
1280
1221
1135
1113
1089
1096
1243
1386
1540
1684
1749
1846
1852
1863
1848
1738
1559
1352
1168
1060
1042
937
862
829
825
814
858
912
879
844
849
873
875
815
725
689
700
669
562
419
318
258
241
272
274
292
336
452
618
716
766
794
833
796
655
422
169
-127
-493
-898
-1383
-1934
-2507
-3058
-3556
-3963
-4210
-4324
-4382
-4338
-4216
-4068
-3923
-3766
-3589
-3434
-3341
-3301
-3275
-3248
-3223
-3219
-3125
-3016
-2930
-2863
-2764
-2674
-2551
-2346
-2173
-2037
-1871
-1636
-1339
-988
-580
-105
287
550
681
726
690
645
641
634
629
614
620
662
748
895
1075
1276
1508
1726
1847
1856
1766
1665
1492
1318
1135
874
597
334
135
45
-30
-81
-102
-134
-139
-93
-54
16
86
114
121
106
99
125
195
283
386
591
917
1239
1525
1830
2021
2076
2085
2016
1805
1445
1011
511
-28
-483
-756
-897
-954
-902
-773
-539
-243
53
260
377
464
524
645
772
852
925
988
1077
1157
1271
1366
1379
1375
1340
1294
1312
1332
1363
1465
1748
2111
2542
2912
3046
2901
2526
2015
1366
558
-369
-1387
-2409
-3286
-3970
-4422
-4728
-4909
-4976
-4963
-4905
-4858
-4914
-5020
-5160
-5318
-5455
-5565
-5658
-5727
-5691
-5548
-5299
-5006
-4685
-4215
-3669
-3047
-2339
-1574
-785
-41
665
1411
2196
2975
3680
4214
4603
4909
5195
5447
5645
5802
5892
5923
6011
6171
6351
6579
6783
6961
7138
7285
7390
7466
7517
7582
7666
7775
7863
7869
7823
7570
7100
6471
5645
4673
3647
2617
1691
954
470
202
50
2
49
141
187
230
202
9
-288
-587
-830
-1065
-1274
-1407
-1509
-1590
-1676
-1706
-1759
-1868
-2007
-2143
-2237
-2321
-2408
-2532
-2701
-2920
-3146
-3409
-3697
-3974
-4276
-4625
-4906
-5116
-5291
-5444
-5579
-5645
-5656
-5522
-5295
-5008
-4700
-4390
-4125
-3922
-3779
-3751
-3849
-4035
-4374
-4799
-5195
-5515
-5660
-5639
-5469
-5155
-4727
-4211
-3563
-2794
-1957
-1035
-108
847
1695
2397
2805
2996
3089
3026
2865
2567
2159
1678
1169
733
441
212
64
-24
-51
-22
12
72
144
160
174
237
281
303
351
433
521
685
877
1068
1176
1216
1262
1267
1247
1212
1097
895
607
285
22
-145
-177
-127
-49
50
141
315
521
719
908
1099
1279
1503
1661
1725
1656
1465
1186
803
281
-388
-1100
-1851
-2487
-2899
-3229
-3484
-3664
-3769
-3776
-3658
-3523
-3456
-3529
-3708
-3894
-4040
-4140
-4188
-4190
-4133
-3965
-3670
-3271
-2829
-2361
-1901
-1444
-1019
-607
-249
41
357
666
1007
1404
1807
2115
2363
2622
2956
3286
3595
3767
3762
3677
3562
3454
3361
3248
3092
2903
2741
2628
2521
2357
2203
2095
2028
2003
1971
1880
1719
1552
1405
1290
1153
1039
890
783
768
911
1157
1462
1744
2027
2287
2535
2750
2828
2776
2595
2379
2195
2095
1982
1869
1787
1797
1939
2193
2481
2687
2883
3094
3344
3614
3859
4012
4096
4190
4343
4506
4602
4604
4460
4221
3936
3608
3206
2736
2226
1739
1312
958
577
184
-223
-642
-1022
-1374
-1772
-2264
-2809
-3423
-3978
-4421
-4791
-5035
-5161
-5199
-5217
-5209
-5154
-5095
-4986
-4806
-4576
-4354
-4088
-3878
-3668
-3433
-3183
-2924
-2692
-2450
-2317
-2315
-2303
-2294
-2275
-2245
-2270
-2339
-2439
-2476
-2439
-2334
-2163
-1986
-1808
-1665
-1601
-1557
-1546
-1588
-1723
-1903
-2061
-2172
-2092
-1918
-1656
-1380
-1062
-664
-234
198
595
921
1258
1593
1907
2180
2374
2637
2939
3230
3452
3564
3615
3515
3282
2914
2419
1943
1560
1248
1018
931
927
952
1060
1242
1460
1734
2078
2336
2496
2534
2434
2277
2067
1823
1536
1054
433
-246
-954
-1620
-2192
-2610
-2919
-3168
-3353
-3399
-3275
-3052
-2803
-2573
-2407
-2319
-2199
-2063
-1910
-1721
-1548
-1327
-1031
-712
-411
-216
-65
45
107
112
90
57
-30
-120
-138
23
311
630
901
1051
1068
1000
845
654
363
-39
-502
-976
-1466
-1963
-2448
-2889
-3297
-3606
-3824
-3940
-3966
-3999
-3992
-3910
-3778
-3534
-3250
-2953
-2631
-2309
-1912
-1459
-1022
-547
-113
301
665
934
1139
1276
1386
1548
1724
1909
2050
2101
2088
2084
2075
2041
1995
1967
1960
1980
2048
2162
2318
2501
2618
2619
2461
2217
1937
1680
1485
1235
953
629
316
68
-141
-295
-437
-687
-1042
-1489
-1905
-2325
-2655
-2855
-2931
-2868
-2668
-2326
-1913
-1455
-896
-262
442
1103
1693
2166
2528
2853
3160
3478
3685
3706
3528
3219
2881
2566
2233
1829
1374
845
374
32
-240
-437
-588
-738
-839
-894
-970
-1077
-1198
-1252
-1280
-1298
-1349
-1429
-1479
-1465
-1417
-1344
-1299
-1303
-1313
-1325
-1367
-1404
-1443
-1483
-1534
-1588
-1640
-1630
-1528
-1414
-1284
-1156
-1012
-837
-603
-321
-55
172
442
768
1086
1422
1738
1980
2114
2192
2290
2388
2521
2623
2650
2641
2636
2664
2755
2930
3105
3227
3354
3471
3595
3704
3767
3855
3981
4156
4374
4548
4605
4580
4489
4296
4060
3699
3199
2598
1985
1449
1037
685
411
209
69
43
111
233
348
445
506
543
510
415
208
-55
-413
-814
-1261
-1804
-2432
-3049
-3578
-4009
-4337
-4651
-4955
-5264
-5466
-5525
-5416
-5127
-4714
-4237
-3729
-3242
-2808
-2459
-2228
-2050
-1893
-1801
-1720
-1685
-1660
-1633
-1586
-1479
-1405
-1359
-1362
-1445
-1585
-1790
-2013
-2221
-2404
-2516
-2527
-2478
-2413
-2331
-2272
-2198
-2091
-1970
-1793
-1572
-1331
-1059
-836
-610
-385
-125
154
442
741
972
1262
1607
1938
2254
2457
2567
2568
2520
2508
2501
2444
2314
2141
1891
1632
1359
1107
846
549
274
-41
-306
-532
-755
-955
-1133
-1240
-1239
-1205
-1188
-1230
-1230
-1169
-1022
-815
-615
-470
-370
-187
-21
129
202
125
-11
-140
-279
-398
-485
-636
-846
-1062
-1299
-1521
-1733
-1991
-2242
-2468
-2565
-2584
-2515
-2373
-2229
-2084
-1949
-1725
-1482
-1256
-1068
-959
-892
-849
-813
-814
-811
-865
-990
-1168
-1402
-1667
-1938
-2174
-2396
-2566
-2675
-2744
-2801
-2810
-2806
-2788
-2667
-2453
-2199
-1858
-1447
-956
-426
131
661
1114
1569
1997
2402
2734
3012
3179
3222
3217
3175
3130
3122
3053
2918
2733
2510
2291
2046
1819
1550
1329
1114
947
815
704
592
532
533
535
539
597
784
1067
1395
1781
2131
2475
2782
3070
3277
3297
3219
3045
2771
2480
2198
1941
1837
1832
1937
2160
2409
2643
2857
3003
3083
3094
3056
2926
2770
2594
2402
2199
2053
1980
1914
1898
1870
1769
1623
1450
1324
1186
1052
919
797
646
505
390
266
158
41
-37
-146
-283
-434
-626
-890
-1184
-1512
-1858
-2207
-2539
-2892
-3254
-3588
-3856
-4042
-4155
-4223
-4213
-4120
-3933
-3683
-3355
-3050
-2754
-2431
-2104
-1757
-1441
-1165
-931
-699
-500
-300
-82
139
333
478
578
596
504
435
445
430
350
187
-14
-205
-370
-489
-556
-569
-554
-454
-356
-242
-184
-171
-144
-134
-102
-100
-160
-267
-388
-473
-530
-630
-735
-796
-796
-682
-527
-320
-115
39
216
359
504
581
493
345
118
-130
-343
-468
-566
-658
-701
-678
-496
-277
-61
133
184
108
-21
-223
-491
-778
-1053
-1273
-1411
-1497
-1523
-1505
-1456
-1430
-1353
-1300
-1323
-1387
-1550
-1787
-2011
-2188
-2326
-2457
-2660
-2900
-3070
-3152
-3168
-3168
-3122
-3094
-2976
-2736
-2452
-2173
-1942
-1728
-1480
-1199
-876
-606
-383
-208
-39
120
202
243
232
213
163
107
84
120
182
258
398
606
854
1119
1353
1561
1663
1701
1726
1720
1658
1521
1266
1023
791
558
376
196
40
-56
-94
-63
-36
16
91
205
372
505
603
727
839
916
987
1023
1025
953
923
1024
1214
1474
1707
1954
2201
2446
2681
2858
2915
2866
2718
2534
2345
2163
2018
1907
1772
1585
1403
1233
1084
936
768
595
379
205
54
-66
-149
-214
-230
-250
-294
-336
-413
-466
-530
-598
-721
-880
-1006
-1096
-1089
-1055
-1008
-958
-979
-945
-848
-703
-487
-215
21
265
525
788
1005
1152
1275
1317
1343
1327
1249
1127
1006
875
754
682
583
455
366
326
332
396
451
460
537
649
825
1003
1189
1358
1494
1576
1656
1703
1651
1591
1451
1322
1138
945
688
402
88
-186
-450
-692
-883
-1073
-1178
-1220
-1193
-1113
-996
-889
-769
-609
-524
-477
-466
-524
-634
-738
-838
-864
-826
-734
-678
-609
-486
-374
-263
-181
-115
-126
-173
-206
-276
-428
-560
-712
-843
-897
-872
-774
-616
-443
-324
-245
-147
-114
-173
-271
-405
-570
-778
-1049
-1296
-1513
-1674
-1792
-1788
-1776
-1779
-1773
-1786
-1758
-1752
-1724
-1701
-1770
-1871
-1979
-2130
-2229
-2311
-2368
-2385
-2385
-2318
-2246
-2144
-2022
-1868
-1729
-1590
-1524
-1541
-1580
-1612
-1637
-1654
-1698
-1749
-1747
-1724
-1645
-1458
-1226
-1000
-784
-593
-441
-301
-193
-86
-10
52
127
199
250
356
488
607
697
786
784
706
672
608
560
538
542
553
569
587
634
701
786
812
861
814
762
761
687
632
571
489
436
440
479
495
513
529
589
686
810
940
1053
1107
1106
1119
1104
1127
1116
1043
946
879
823
794
795
775
747
695
600
468
312
156
-9
-129
-202
-274
-335
-372
-350
-292
-187
-102
-55
-88
-175
-249
-325
-383
-441
-480
-538
-539
-491
-382
-261
-193
-87
-21
82
152
177
202
235
277
342
393
445
506
519
489
413
334
244
141
24
-26
-75
-109
-70
-44
25
82
126
156
209
243
268
284
318
429
530
604
698
828
985
1140
1327
1511
1586
1599
1545
1496
1437
1378
1265
1133
969
821
737
685
659
619
601
590
626
621
632
587
516
497
470
429
354
291
234
173
121
95
21
-84
-225
-334
-426
-498
-583
-719
-857
-1005
-1131
-1219
-1319
-1436
-1531
-1585
-1604
-1660
-1761
-1854
-1922
-1936
-1888
-1816
-1722
-1651
-1543
-1429
-1260
-1038
-773
-537
-348
-189
-64
55
138
159
126
35
-73
-201
-328
-476
-667
-812
-954
-1043
-1101
-1186
-1264
-1321
-1358
-1311
-1209
-1081
-988
-911
-753
-555
-437
-346
-298
-297
-269
-255
-248
-208
-140
-62
12
43
70
112
116
103
98
89
107
74
-18
-108
-150
-149
-121
-13
59
74
83
34
-3
-46
-95
-114
-127
-154
-189
-173
-104
-5
127
292
460
634
793
875
959
1058
1222
1376
1478
1550
1557
1522
1467
1448
1392
1301
1180
1003
827
664
531
372
193
49
-110
-290
-507
-715
-910
-1099
-1295
-1480
-1675
-1859
-2037
-2173
-2283
-2338
-2367
-2418
-2441
-2435
-2393
-2309
-2148
-1974
-1783
-1566
-1422
-1274
-1104
-928
-752
-598
-474
-356
-280
-265
-244
-253
-252
-203
-165
-168
-161
-179
-123
18
220
430
633
845
1039
1179
1329
1433
1507
1569
1596
1569
1547
1503
1441
1413
1429
1396
1361
1305
1203
1092
1002
932
785
660
550
458
331
256
194
130
118
116
51
-31
-102
-125
-113
-66
-31
-6
-4
-61
-112
-182
-241
-288
-357
-414
-450
-506
-584
-647
-666
-642
-612
-593
-583
-647
-670
-649
-588
-538
-504
-434
-382
-314
-245
-236
-225
-296
-351
-420
-510
-605
-697
-751
-786
-797
-827
-847
-863
-874
-890
-906
-880
-820
-758
-691
-602
-510
-386
-236
-83
65
215
332
430
537
632
706
780
798
823
804
776
785
779
781
795
822
788
731
672
593
547
495
463
451
440
470
498
546
550
555
528
516
492
441
343
250
133
89
74
123
178
219
235
250
266
284
258
219
156
81
15
-45
-28
-35
-34
16
44
80
76
71
65
41
27
-56
-163
-284
-403
-496
-582
-645
-694
-722
-783
-840
-888
-951
-1032
-1062
-1060
-1061
-1038
-1011
-979
-919
-890
-846
-828
-776
-735
-711
-705
-674
-609
-547
-509
-497
-533
-630
-730
-814
-865
-874
-845
-794
-735
-629
-507
-314
-43
225
403
505
481
418
361
316
300
285
216
136
89
62
70
93
143
195
279
333
321
306
251
151
111
62
-32
-150
-296
-436
-548
-638
-684
-680
-686
-686
-655
-616
-584
-551
-470
-374
-279
-176
-90
13
104
162
278
377
448
485
472
438
374
324
303
247
167
106
88
110
162
210
264
323
330
344
330
262
186
85
-27
-203
-392
-613
-824
-955
-1050
-1105
-1185
-1274
-1346
-1352
-1314
-1253
-1108
-963
-795
-651
-483
-359
-252
-127
5
122
180
232
212
157
142
173
204
229
289
264
211
118
34
-16
-64
-37
-51
-91
-120
-133
-123
-85
-45
-4
19
-5
-3
-22
-21
-23
-14
26
19
-41
-86
-114
-145
-170
-181
-212
-231
-246
-265
-267
-235
-201
-155
-143
-161
-222
-263
-217
-147
-49
83
159
200
204
244
331
409
459
482
525
542
537
548
530
552
589
644
670
657
626
555
485
423
345
224
170
115
104
55
-33
-156
-234
-300
-347
-313
-331
-327
-407
-466
-515
-596
-649
-646
-660
-617
-555
-535
-491
-374
-229
-50
64
100
133
110
156
208
293
330
322
322
354
389
410
415
386
367
366
323
265
216
132
104
48
-17
-79
-141
-211
-278
-314
-319
-312
-332
-342
-347
-363
-341
-282
-234
-208
-204
-188
-174
-203
-173
-151
-133
-70
-32
-65
-93
-108
-97
-76
-113
-122
-147
-142
-167
-158
-158
-172
-145
-132
-122
-138
-142
-135
-104
-60
3
-11
-51
-104
-131
-142
-170
-216
-272
-335
-387
-457
-493
-551
-565
-529
-481
-459
-522
-604
-652
-701
-793
-850
-958
-964
-865
-755
-715
-624
-553
-390
-249
-208
-192
-138
-88
0
-44
-169
-359
-155
609
2287
5549
11564
19249
28167
32767
32687
32767
32766
32713
32766
32587
32766
29747
21698
15585
8690
-1313
-13887
-23659
-28272
-31544
-32768
-32675
-32767
-32729
-32768
-32748
-32768
-32760
-32768
-32755
-32767
-32755
-32767
-32735
-32767
-32675
-32767
-30934
-26583
-23309
-21304
-19442
-15244
-8267
-1562
2253
3686
4450
6569
10616
14770
16664
15848
14204
13543
14106
15527
16598
16249
14571
13091
12670
13510
14877
15373
14685
13367
12313
11763
11850
11624
11180
10403
9744
9166
8366
7685
7041
6298
5289
3981
2538
1125
-322
-1660
-2062
-1501
-569
266
808
1509
2772
4623
6668
8349
9199
9471
9635
9918
10341
10519
10589
10540
10562
11001
11846
12657
13102
13724
14295
14662
15146
15724
16242
16703
16968
17065
16937
16458
15576
14508
13566
12541
11047
8695
5823
2771
111
-1969
-4092
-6511
-9444
-12789
-15768
-18351
-20615
-22445
-23958
-25343
-26475
-27103
-27142
-26486
-25682
-24467
-22574
-20216
-17696
-15177
-12683
-10230
-7674
-5290
-3008
-1013
505
1834
2895
3840
4691
5571
6292
6851
7495
8103
8978
10024
11093
12226
13247
14086
14654
15117
15362
15537
15771
15776
15433
14899
13969
12929
11632
10256
8879
7596
6374
5158
4048
3068
2388
1956
1618
1278
912
478
134
-292
-807
-1344
-1845
-2301
-2710
-3087
-3402
-3702
-4125
-4403
-4695
-5140
-5779
-6568
-7208
-7845
-8523
-9072
-9629
-9991
-10314
-10526
-10559
-10369
-9916
-9349
-8778
-8347
-8113
-8061
-8059
-8212
-8642
-9393
-10338
-11341
-12254
-13182
-13960
-14430
-14573
-14401
-13959
-13378
-12660
-11596
-10287
-8822
-7337
-5790
-4419
-3215
-1976
-850
141
930
1559
2116
2503
2661
2475
1999
1335
615
-252
-1268
-2370
-3473
-4633
-5609
-6445
-7328
-8034
-8669
-9229
-9738
-10046
-10202
-10200
-9929
-9375
-8722
-7841
-6862
-5747
-4410
-2960
-1390
281
1981
3611
5163
6518
7677
8822
9721
10345
10688
10788
10812
10869
10936
10932
10912
10947
10994
11240
11688
12275
12949
13677
14518
15456
16326
17023
17558
18070
18633
19155
19512
19623
19583
19533
19497
19335
19039
18537
17816
17079
16204
15029
13704
12167
10480
8770
6986
4980
2766
556
-1389
-3024
-4622
-6094
-7456
-8749
-9860
-10811
-11582
-12234
-12907
-13409
-13713
-14022
-14255
-14403
-14393
-14190
-13891
-13568
-13219
-12942
-12598
-11968
-11190
-10366
-9671
-9190
-8960
-8740
-8441
-8220
-8100
-8147
-8361
-8507
-8437
-8140
-7697
-7255
-6669
-5853
-4790
-3641
-2376
-1009
361
1673
2965
4105
5016
5728
6334
6804
7060
7101
7041
6959
6992
7164
7350
7527
7712
7941
8204
8458
8649
8732
8816
8905
8946
8774
8377
7891
7356
6735
6021
5168
4213
3286
2473
1806
1111
451
-52
-374
-589
-723
-752
-758
-709
-656
-544
-422
-402
-447
-640
-850
-1019
-1214
-1373
-1510
-1707
-1961
-2057
-1826
-1364
-884
-523
-225
107
523
1007
1403
1568
1563
1474
1420
1273
1026
756
483
238
-13
-276
-483
-738
-1116
-1456
-1756
-2087
-2469
-2925
-3484
-4067
-4630
-5118
-5640
-6250
-6910
-7567
-8164
-8686
-9199
-9715
-10192
-10697
-11073
-11241
-11326
-11401
-11475
-11474
-11310
-10989
-10563
-10132
-9732
-9318
-8900
-8296
-7564
-6867
-6237
-5586
-4881
-4042
-3142
-2183
-1194
-205
805
1922
3173
4403
5497
6393
7153
7818
8380
8834
9092
9078
8886
8595
8261
7933
7499
6865
6251
5690
5229
4767
4246
3660
3030
2485
1967
1434
941
434
-123
-628
-1055
-1416
-1860
-2250
-2594
-2876
-3071
-3163
-3184
-3253
-3357
-3444
-3386
-3197
-2924
-2576
-2195
-1770
-1336
-827
-263
278
810
1335
1905
2465
3022
3518
3882
4132
4376
4672
5004
5271
5442
5485
5458
5360
5236
5080
4820
4453
3955
3413
2802
2143
1514
778
11
-731
-1518
-2167
-2883
-3643
-4440
-5228
-5934
-6506
-7015
-7573
-8102
-8589
-8965
-9257
-9375
-9427
-9449
-9365
-9245
-8938
-8470
-7943
-7362
-6728
-6099
-5400
-4619
-3785
-2975
-2260
-1663
-1099
-489
81
592
1018
1463
1926
2423
2937
3446
3958
4414
4899
5405
5936
6421
6928
7408
7889
8355
8672
8977
9244
9471
9544
9510
9452
9324
9149
8961
8748
8470
8169
7834
7432
6925
6331
5734
5213
4697
4173
3519
2817
2130
1542
1065
628
196
-334
-785
-1104
-1323
-1508
-1693
-1830
-1933
-1954
-1886
-1886
-1958
-2003
-2000
-1991
-2010
-2076
-2224
-2346
-2481
-2527
-2574
-2685
-2842
-3079
-3263
-3447
-3673
-3976
-4339
-4735
-5064
-5315
-5563
-5774
-6028
-6191
-6248
-6163
-6055
-5936
-5732
-5498
-5129
-4718
-4258
-3761
-3321
-2916
-2456
-1974
-1515
-1153
-887
-650
-423
-209
-36
116
201
279
386
503
564
603
563
564
589
710
813
938
1038
1209
1410
1547
1656
1709
1798
1854
1922
1914
1913
1850
1782
1731
1627
1618
1639
1695
1725
1762
1765
1723
1736
1751
1746
1703
1660
1575
1477
1362
1248
1165
1030
931
874
824
817
837
881
921
1000
1082
1165
1228
1306
1333
1303
1298
1196
1051
870
638
279
-128
-554
-1024
-1420
-1783
-2214
-2566
-2811
-3014
-3143
-3193
-3180
-3160
-3124
-3039
-2977
-2940
-2927
-2844
-2802
-2788
-2780
-2772
-2715
-2652
-2577
-2546
-2465
-2357
-2265
-2170
-2063
-1970
-1775
-1523
-1235
-950
-680
-424
-280
-83
140
316
414
435
380
366
378
415
489
517
529
584
765
949
1123
1247
1305
1333
1342
1358
1309
1113
882
632
426
242
38
-174
-324
-425
-460
-492
-478
-470
-473
-448
-338
-240
-214
-237
-304
-309
-260
-121
31
190
389
612
860
1061
1203
1395
1578
1622
1439
1111
777
491
245
27
-273
-649
-920
-938
-825
-753
-735
-741
-673
-462
-175
89
238
339
428
539
723
824
927
913
809
751
706
713
624
480
335
372
647
1010
1256
1313
1230
1058
1102
1223
1072
469
-393
-1240
-1841
-2261
-2710
-3332
-4104
-4658
-4837
-4810
-4801
-4889
-5030
-5125
-5143
-5058
-5028
-5124
-5273
-5384
-5364
-5225
-5061
-4959
-4821
-4561
-4138
-3577
-2977
-2336
-1727
-1130
-543
193
1097
1948
2635
3100
3504
4056
4680
5210
5525
5674
5853
6122
6432
6658
6848
7045
7265
7505
7702
7874
7982
8049
8112
8213
8367
8568
8738
8811
8782
8645
8509
8277
7924
7438
6869
6218
5422
4705
4125
3583
3059
2564
2163
1876
1680
1517
1307
977
616
410
272
55
-249
-535
-717
-852
-932
-1025
-1160
-1311
-1431
-1412
-1435
-1552
-1733
-1974
-2190
-2361
-2536
-2767
-3047
-3402
-3750
-4060
-4309
-4617
-4999
-5327
-5568
-5685
-5674
-5630
-5661
-5669
-5554
-5291
-4981
-4679
-4444
-4283
-4231
-4318
-4493
-4716
-4914
-5012
-5032
-5139
-5306
-5348
-5225
-4894
-4416
-3869
-3271
-2593
-1820
-987
-286
359
983
1504
1936
2141
2160
2021
1766
1539
1337
1020
609
224
-124
-322
-341
-342
-403
-446
-423
-309
-190
-85
38
94
139
236
345
398
439
472
527
561
631
720
731
616
455
301
140
-9
-229
-421
-545
-720
-936
-1065
-1059
-964
-875
-756
-620
-417
-125
193
448
555
540
580
682
661
436
-16
-569
-1055
-1424
-1740
-2179
-2709
-3161
-3373
-3441
-3504
-3666
-3879
-4010
-4037
-4065
-4162
-4358
-4523
-4621
-4567
-4387
-4213
-4008
-3713
-3381
-3002
-2524
-1989
-1509
-1121
-779
-440
-64
337
704
981
1147
1339
1735
2248
2645
2865
2997
3077
3225
3495
3700
3671
3432
3186
3035
2922
2843
2664
2395
2168
2120
2182
2185
2092
1928
1801
1728
1782
1806
1672
1450
1280
1192
1254
1394
1503
1513
1519
1656
1985
2343
2537
2590
2485
2425
2529
2651
2687
2532
2271
2091
2119
2297
2414
2423
2433
2528
2748
3075
3355
3501
3540
3648
3943
4249
4489
4595
4534
4374
4334
4353
4268
3961
3469
2991
2629
2324
2002
1638
1189
701
300
31
-255
-658
-1170
-1763
-2326
-2794
-3185
-3570
-3994
-4396
-4699
-4931
-5044
-5047
-5052
-5016
-4857
-4648
-4433
-4202
-4051
-3864
-3601
-3286
-3019
-2827
-2703
-2653
-2612
-2537
-2359
-2249
-2286
-2427
-2615
-2704
-2630
-2502
-2409
-2377
-2321
-2185
-2046
-1826
-1565
-1414
-1390
-1499
-1583
-1544
-1386
-1182
-1069
-1121
-1165
-974
-601
-213
156
431
653
904
1210
1497
1709
1957
2195
2415
2590
2725
2869
3008
3099
3070
2947
2797
2584
2290
2010
1721
1523
1381
1183
1039
965
1050
1284
1519
1705
1737
1754
1823
1917
1964
1957
1815
1518
1133
685
184
-334
-781
-1196
-1660
-2173
-2578
-2773
-2767
-2688
-2674
-2707
-2732
-2631
-2416
-2175
-1971
-1815
-1667
-1473
-1189
-867
-634
-488
-299
-50
182
356
363
285
243
275
419
563
694
790
807
838
896
998
1068
988
782
515
268
24
-355
-852
-1328
-1720
-2106
-2509
-2829
-3022
-3194
-3378
-3508
-3574
-3533
-3405
-3301
-3180
-3034
-2812
-2532
-2272
-2038
-1767
-1410
-994
-653
-400
-219
-41
187
431
679
922
1144
1266
1349
1429
1476
1542
1684
1753
1724
1720
1731
1802
1898
2050
2075
1975
1877
1827
1796
1748
1631
1405
1111
832
605
419
204
-22
-309
-653
-1009
-1330
-1584
-1855
-2180
-2442
-2579
-2633
-2560
-2437
-2283
-2071
-1681
-1133
-628
-200
215
619
1032
1523
2060
2533
2820
2895
2877
2906
2999
3036
2892
2570
2156
1823
1614
1447
1171
749
381
176
123
33
-164
-363
-572
-694
-784
-894
-1019
-1115
-1135
-1141
-1171
-1265
-1301
-1300
-1270
-1205
-1155
-1135
-1179
-1250
-1370
-1456
-1433
-1398
-1376
-1455
-1550
-1583
-1557
-1403
-1241
-1084
-897
-669
-423
-69
369
811
1112
1291
1489
1720
2005
2287
2517
2605
2555
2502
2548
2729
2891
2993
3015
3029
3070
3164
3314
3412
3451
3509
3639
3824
4010
4104
4117
4055
4111
4245
4245
4026
3629
3257
2941
2650
2292
1814
1296
922
735
648
556
466
422
452
530
637
729
794
741
627
455
201
-153
-642
-1174
-1659
-2112
-2506
-2909
-3425
-4038
-4488
-4697
-4732
-4742
-4809
-4815
-4678
-4329
-3891
-3579
-3419
-3205
-2889
-2593
-2402
-2277
-2225
-2127
-1978
-1872
-1825
-1823
-1769
-1727
-1763
-1874
-1976
-2115
-2268
-2399
-2502
-2507
-2485
-2483
-2488
-2509
-2447
-2314
-2119
-1916
-1745
-1531
-1315
-1148
-974
-769
-484
-227
-24
168
353
593
892
1221
1470
1682
1842
1981
2104
2217
2295
2341
2282
2085
1901
1789
1698
1514
1264
922
603
473
362
185
-107
-454
-652
-735
-770
-891
-1074
-1186
-1172
-1019
-879
-843
-882
-862
-664
-343
-135
-40
-82
-168
-178
-108
24
58
-50
-228
-378
-446
-485
-612
-805
-1031
-1274
-1463
-1581
-1667
-1791
-1993
-2087
-2158
-2115
-1954
-1828
-1709
-1633
-1512
-1435
-1320
-1241
-1164
-1126
-1135
-1196
-1285
-1366
-1556
-1786
-1931
-2214
-2483
-2547
-2656
-2791
-2943
-3067
-3053
-3000
-2900
-2728
-2498
-2255
-1859
-1451
-1071
-688
-265
113
535
1013
1376
1608
1833
1994
2119
2313
2389
2451
2431
2384
2298
2261
2163
1966
1788
1636
1484
1392
1311
1128
952
850
831
818
754
717
757
845
1002
1145
1309
1530
1825
2145
2492
2704
2770
2794
2788
2800
2776
2676
2533
2401
2346
2356
2387
2418
2507
2617
2754
2847
2949
3047
3008
2920
2872
2775
2648
2533
2415
2292
2164
2003
1874
1782
1751
1691
1558
1416
1266
1137
1059
988
865
760
709
633
536
431
265
45
-140
-296
-490
-690
-921
-1210
-1541
-1933
-2280
-2589
-2878
-3145
-3380
-3535
-3614
-3634
-3568
-3535
-3434
-3234
-3066
-2815
-2482
-2177
-1923
-1665
-1425
-1194
-969
-814
-612
-461
-279
-153
-62
-16
34
130
271
321
226
90
-21
-136
-169
-207
-294
-419
-492
-531
-598
-641
-700
-707
-682
-612
-563
-535
-528
-552
-579
-568
-650
-782
-850
-922
-924
-822
-693
-576
-438
-263
-37
223
475
563
528
398
266
131
77
-35
-247
-479
-697
-717
-590
-430
-350
-352
-417
-435
-386
-386
-496
-670
-871
-1067
-1215
-1365
-1456
-1493
-1517
-1557
-1540
-1565
-1606
-1703
-1802
-1917
-2021
-2107
-2265
-2451
-2688
-2883
-2927
-2953
-3056
-3181
-3281
-3299
-3184
-2993
-2856
-2744
-2632
-2460
-2157
-1839
-1606
-1396
-1185
-987
-711
-435
-300
-161
-147
-117
-45
-12
-28
-46
-22
49
192
362
529
676
782
899
1057
1207
1353
1457
1445
1387
1273
1175
1053
902
673
484
372
294
205
72
-60
-94
6
129
243
336
417
497
627
763
829
870
838
806
905
1045
1150
1239
1292
1444
1753
2062
2277
2435
2471
2481
2477
2432
2381
2351
2304
2188
2031
1831
1676
1616
1519
1389
1223
990
825
671
515
372
223
108
1
-109
-241
-286
-272
-256
-298
-423
-618
-776
-857
-795
-737
-737
-806
-909
-950
-934
-847
-735
-610
-491
-369
-209
-9
266
520
744
954
1136
1265
1380
1390
1406
1390
1354
1257
1086
885
768
734
707
650
581
552
565
659
807
953
1069
1176
1236
1368
1513
1590
1615
1603
1582
1492
1382
1257
1105
937
730
461
221
-3
-203
-386
-558
-709
-779
-831
-873
-853
-842
-817
-722
-623
-596
-639
-729
-826
-879
-875
-914
-949
-1007
-1059
-1060
-1003
-932
-817
-727
-638
-586
-566
-528
-520
-594
-667
-744
-838
-882
-878
-834
-787
-682
-601
-516
-353
-233
-159
-180
-280
-390
-487
-628
-833
-1108
-1367
-1540
-1577
-1591
-1674
-1761
-1789
-1726
-1640
-1582
-1556
-1593
-1665
-1750
-1804
-1871
-1950
-1984
-2007
-2010
-2034
-2024
-2004
-1908
-1768
-1651
-1571
-1535
-1520
-1484
-1409
-1410
-1486
-1554
-1630
-1640
-1625
-1603
-1548
-1463
-1301
-1073
-831
-646
-487
-320
-189
-55
52
135
230
335
405
454
488
490
466
441
457
500
515
513
486
422
379
385
472
588
679
646
583
556
586
680
717
632
484
381
373
424
471
474
429
429
444
500
634
742
818
833
855
898
996
1044
1013
937
858
843
855
867
798
726
722
770
797
779
699
599
518
439
371
274
130
11
-106
-166
-125
-72
-69
-122
-195
-205
-134
-81
-101
-242
-376
-426
-357
-214
-190
-251
-284
-230
-81
42
150
213
253
225
246
288
332
400
418
382
308
292
270
216
132
47
19
38
-28
-111
-167
-169
-52
54
46
23
62
113
183
246
253
257
320
432
553
678
810
988
1130
1235
1285
1370
1510
1582
1591
1527
1415
1338
1271
1150
1038
908
796
719
705
689
638
572
508
471
466
497
503
435
344
335
349
292
203
76
-36
-96
-127
-202
-347
-518
-660
-743
-842
-913
-1021
-1172
-1303
-1404
-1468
-1527
-1625
-1733
-1870
-1966
-1977
-1932
-1905
-1934
-1947
-1930
-1801
-1642
-1465
-1290
-1163
-995
-820
-619
-473
-388
-307
-275
-235
-211
-199
-247
-400
-590
-687
-720
-752
-864
-1015
-1118
-1133
-1084
-1000
-1001
-1077
-1037
-866
-706
-601
-562
-556
-553
-520
-445
-398
-361
-350
-400
-414
-370
-305
-224
-177
-175
-231
-226
-149
-101
-103
-160
-248
-256
-184
-107
-66
-43
-48
-48
-12
40
90
64
32
-14
-33
-14
5
55
67
98
190
352
509
587
686
819
980
1154
1297
1393
1435
1451
1504
1559
1581
1570
1483
1384
1280
1193
1106
956
769
560
419
301
181
18
-189
-423
-628
-753
-881
-1052
-1242
-1412
-1538
-1702
-1842
-1942
-2025
-2102
-2142
-2160
-2138
-2068
-2015
-1968
-1905
-1761
-1559
-1392
-1288
-1213
-1115
-1008
-883
-768
-679
-610
-544
-478
-455
-429
-418
-395
-342
-301
-215
-88
29
188
360
539
715
857
966
1074
1162
1252
1284
1315
1321
1277
1260
1247
1200
1187
1136
1090
1064
988
880
767
678
638
595
482
376
289
215
185
127
44
-44
-80
-80
-83
-102
-138
-133
-121
-148
-151
-115
-112
-135
-190
-218
-230
-249
-305
-391
-465
-518
-545
-576
-634
-722
-724
-676
-651
-608
-600
-557
-502
-456
-418
-436
-463
-494
-507
-519
-544
-617
-708
-805
-889
-939
-986
-1007
-1032
-1065
-1074
-1090
-1122
-1095
-1077
-1063
-1003
-952
-885
-756
-650
-544
-438
-293
-149
-21
89
162
259
338
433
482
484
471
494
526
547
536
530
522
522
543
540
528
497
466
482
523
545
558
550
530
576
611
582
537
468
407
350
334
319
324
346
353
362
393
429
480
504
509
503
478
446
415
392
342
357
383
401
422
428
464
458
413
383
375
336
268
179
86
-20
-138
-202
-260
-367
-463
-518
-597
-643
-680
-741
-737
-685
-671
-689
-718
-729
-707
-667
-659
-657
-655
-634
-564
-525
-515
-507
-536
-525
-522
-571
-645
-721
-748
-764
-800
-849
-828
-705
-563
-408
-306
-254
-182
-86
27
94
75
16
9
-5
-19
-32
-40
-44
-29
-10
12
36
53
88
109
134
131
115
55
-49
-154
-234
-270
-333
-448
-558
-671
-720
-716
-712
-707
-716
-669
-563
-494
-433
-365
-296
-207
-112
-7
130
242
319
361
373
386
413
463
472
405
337
337
340
387
388
352
350
404
464
463
473
505
506
464
409
312
238
106
-51
-236
-412
-582
-736
-835
-834
-833
-840
-815
-760
-705
-629
-543
-506
-441
-383
-318
-232
-208
-217
-264
-285
-347
-68
892
2952
6604
12206
18594
25200
29930
32016
32767
32718
32767
32743
32766
32383
27422
21683
16076
8115
-2419
-12156
-19019
-24162
-28535
-32246
-32767
-32734
-32767
-32748
-32768
-32757
-32768
-32758
-32768
-32753
-32767
-32734
-32768
-32692
-32768
-31340
-27805
-25326
-23446
-21116
-17151
-11577
-5735
-1615
694
2112
4160
7544
11368
14040
14316
13194
12240
12219
13319
14287
14239
13100
11827
11088
11458
12666
13474
13292
12307
11223
10437
10222
10348
10188
9689
8932
8115
7452
7133
6957
6528
5807
4970
3950
2662
1026
-335
-1013
-978
-549
-74
221
473
1203
2603
4365
5951
7019
7667
8089
8432
8877
9257
9546
9632
9531
9689
10089
10632
11163
11678
12214
12599
13012
13442
13833
14295
14747
15028
15237
15117
14563
13905
13119
12192
11103
9418
7133
4634
2255
151
-1944
-4199
-6711
-9493
-12153
-14347
-16318
-18122
-19707
-21163
-22461
-23304
-23591
-23432
-22962
-22159
-20818
-18960
-16871
-14688
-12407
-10065
-7639
-5314
-3240
-1388
188
1680
2919
3897
4653
5256
5829
6364
6985
7607
8159
8834
9547
10353
11344
12173
12797
13316
13636
13757
13938
14039
14011
13690
12985
12000
10772
9501
8219
7021
5853
4653
3592
2550
1668
1009
450
25
-251
-421
-635
-932
-1293
-1637
-1934
-2273
-2650
-3067
-3553
-3970
-4316
-4561
-4860
-5263
-5808
-6470
-7027
-7573
-8172
-8704
-9227
-9642
-9930
-10154
-10267
-10295
-10109
-9708
-9071
-8433
-7867
-7530
-7275
-7145
-7263
-7517
-7975
-8591
-9301
-10176
-11125
-11950
-12483
-12643
-12522
-12242
-11820
-11231
-10421
-9360
-8171
-6903
-5703
-4593
-3431
-2398
-1550
-857
-181
533
1137
1463
1380
940
374
-225
-827
-1642
-2679
-3799
-4896
-5813
-6607
-7268
-7839
-8404
-8888
-9275
-9601
-9784
-9818
-9633
-9303
-8790
-8125
-7357
-6356
-5121
-3750
-2254
-754
752
2173
3559
4938
6169
7259
8149
8921
9434
9566
9515
9497
9485
9514
9522
9492
9432
9486
9733
10157
10703
11242
11853
12554
13251
13866
14474
15015
15625
16252
16759
17084
17265
17431
17562
17631
17528
17265
16889
16484
16005
15284
14327
13109
11791
10411
8948
7363
5555
3690
1906
304
-1138
-2544
-3882
-5128
-6224
-7166
-7947
-8659
-9389
-9983
-10411
-10759
-11090
-11399
-11627
-11681
-11524
-11324
-11141
-10946
-10738
-10402
-9840
-9154
-8497
-8039
-7661
-7259
-6853
-6435
-6139
-6088
-6219
-6375
-6408
-6332
-6155
-5904
-5576
-5176
-4538
-3644
-2607
-1473
-292
901
2024
3142
4150
5005
5728
6233
6533
6647
6619
6543
6467
6457
6450
6459
6454
6504
6653
6904
7136
7275
7379
7487
7521
7452
7203
6811
6384
5828
5183
4401
3574
2702
1889
1206
552
-30
-524
-901
-1181
-1337
-1371
-1274
-1114
-983
-870
-757
-647
-594
-625
-750
-916
-1070
-1189
-1302
-1483
-1717
-1935
-1920
-1692
-1340
-1021
-810
-512
-103
374
774
990
1109
1191
1243
1249
1138
902
620
370
188
-1
-178
-477
-874
-1269
-1616
-1934
-2232
-2610
-3107
-3682
-4239
-4727
-5153
-5611
-6130
-6712
-7270
-7772
-8236
-8685
-9184
-9665
-10074
-10407
-10601
-10721
-10874
-11040
-11034
-10868
-10596
-10231
-9892
-9519
-9055
-8490
-7856
-7153
-6459
-5753
-4992
-4191
-3297
-2400
-1483
-530
397
1361
2404
3432
4447
5335
6076
6747
7375
7874
8187
8324
8328
8195
8012
7767
7448
6971
6410
5913
5423
4986
4520
3952
3350
2812
2331
1896
1487
1064
593
129
-205
-516
-858
-1149
-1454
-1690
-1842
-1980
-2084
-2182
-2272
-2359
-2410
-2456
-2393
-2251
-2009
-1770
-1539
-1179
-759
-255
257
734
1195
1680
2165
2640
3017
3329
3606
3865
4186
4502
4738
4849
4859
4864
4814
4724
4566
4289
3942
3537
3074
2537
2001
1438
827
144
-535
-1226
-1882
-2556
-3236
-3918
-4568
-5154
-5708
-6196
-6601
-6957
-7300
-7579
-7721
-7798
-7804
-7740
-7606
-7359
-7009
-6579
-6094
-5592
-5052
-4437
-3717
-2989
-2320
-1680
-1079
-516
41
566
1031
1447
1825
2201
2613
2994
3370
3685
4011
4435
4856
5271
5696
6111
6551
7037
7434
7753
8067
8363
8617
8787
8853
8816
8723
8532
8403
8203
7966
7764
7458
7115
6696
6217
5735
5256
4797
4295
3731
3056
2468
1909
1483
1026
522
44
-378
-721
-978
-1136
-1302
-1457
-1621
-1713
-1711
-1699
-1700
-1750
-1782
-1846
-1867
-1862
-1964
-2087
-2213
-2278
-2450
-2551
-2662
-2856
-3005
-3234
-3487
-3681
-4002
-4249
-4473
-4823
-5062
-5248
-5520
-5735
-5775
-5785
-5776
-5705
-5617
-5466
-5228
-4922
-4478
-4088
-3744
-3349
-2989
-2549
-2085
-1714
-1404
-1184
-1004
-730
-516
-290
-142
-97
0
74
143
186
184
161
157
116
111
181
268
348
446
554
631
691
814
974
1052
1092
1094
1065
1041
993
954
926
904
834
730
653
605
574
548
517
475
440
437
425
370
301
272
178
104
68
3
-1
37
64
100
164
239
354
492
642
776
871
919
978
1006
959
893
755
525
249
-74
-490
-873
-1209
-1616
-1935
-2207
-2477
-2675
-2810
-2876
-2893
-2863
-2810
-2750
-2704
-2652
-2588
-2534
-2501
-2448
-2433
-2415
-2378
-2373
-2342
-2254
-2176
-2080
-2001
-1927
-1793
-1641
-1426
-1155
-869
-593
-354
-174
-2
191
413
591
698
718
726
799
882
957
963
996
1094
1278
1494
1691
1836
1988
2068
2169
2243
2250
2204
2058
1854
1626
1428
1267
1055
873
742
633
517
411
373
381
406
397
384
357
357
373
362
374
443
530
634
772
938
1119
1284
1400
1534
1700
1850
1879
1715
1459
1197
964
744
490
116
-227
-449
-537
-592
-633
-644
-632
-557
-411
-220
-73
53
157
260
458
662
776
784
724
692
706
687
584
407
241
198
260
404
512
558
495
369
302
365
329
33
-562
-1274
-1895
-2403
-2853
-3393
-4032
-4603
-4963
-5111
-5172
-5238
-5345
-5425
-5407
-5300
-5174
-5123
-5158
-5209
-5137
-4990
-4825
-4721
-4644
-4436
-4105
-3679
-3229
-2794
-2341
-1828
-1276
-654
99
837
1476
1922
2284
2696
3206
3749
4151
4385
4535
4700
4901
5175
5447
5683
5875
6061
6237
6420
6571
6645
6722
6793
6892
7043
7166
7229
7232
7189
7189
7161
7011
6723
6388
5986
5434
4864
4345
3839
3369
2850
2272
1830
1519
1300
1006
636
234
-91
-291
-485
-687
-941
-1166
-1308
-1440
-1547
-1617
-1692
-1712
-1731
-1746
-1805
-1962
-2100
-2251
-2382
-2468
-2569
-2744
-3015
-3336
-3610
-3825
-4044
-4275
-4552
-4838
-5036
-5110
-5083
-5043
-5003
-4889
-4692
-4394
-4073
-3773
-3509
-3299
-3143
-3121
-3169
-3245
-3299
-3324
-3373
-3470
-3604
-3680
-3598
-3377
-3017
-2586
-2138
-1580
-942
-291
336
937
1475
1970
2350
2535
2596
2520
2379
2196
1961
1641
1273
889
643
542
446
358
272
210
230
294
385
456
464
444
490
581
662
677
661
695
728
809
853
840
739
597
473
317
174
-27
-246
-424
-609
-813
-967
-1076
-1103
-1083
-1090
-1017
-831
-542
-244
8
181
254
399
568
692
662
373
-12
-451
-821
-1136
-1521
-1949
-2424
-2798
-3033
-3146
-3238
-3377
-3531
-3648
-3780
-3870
-3952
-4081
-4185
-4230
-4176
-4099
-3961
-3738
-3464
-3138
-2756
-2315
-1850
-1399
-1005
-632
-266
77
397
694
924
1152
1438
1809
2176
2451
2601
2703
2870
3132
3351
3439
3365
3207
3087
2990
2888
2746
2535
2325
2198
2129
2089
2063
1991
1895
1795
1771
1776
1746
1649
1485
1357
1299
1315
1355
1360
1335
1384
1550
1838
2088
2218
2210
2173
2229
2330
2430
2393
2143
1872
1718
1761
1828
1850
1794
1726
1804
2010
2256
2475
2613
2702
2874
3149
3428
3652
3710
3639
3591
3582
3589
3506
3233
2906
2575
2240
1931
1636
1320
996
635
264
-53
-356
-707
-1153
-1662
-2192
-2661
-3013
-3381
-3797
-4168
-4473
-4661
-4735
-4770
-4735
-4581
-4377
-4177
-4007
-3864
-3666
-3430
-3186
-3026
-2919
-2791
-2677
-2568
-2450
-2364
-2298
-2270
-2305
-2393
-2444
-2420
-2337
-2212
-2099
-2030
-1947
-1849
-1679
-1422
-1204
-1100
-1124
-1182
-1145
-982
-777
-657
-691
-753
-687
-446
-132
156
356
515
748
1012
1271
1478
1670
1874
2104
2328
2515
2630
2666
2695
2682
2634
2518
2311
2052
1739
1444
1197
963
761
584
432
410
557
763
934
991
1054
1229
1416
1579
1681
1647
1475
1208
865
517
158
-220
-642
-1134
-1630
-2063
-2321
-2418
-2476
-2541
-2633
-2664
-2609
-2436
-2238
-2060
-1893
-1780
-1643
-1452
-1221
-991
-840
-628
-392
-154
36
110
124
161
237
321
394
426
425
416
398
404
482
563
560
478
335
201
64
-142
-386
-707
-1072
-1380
-1670
-1976
-2246
-2534
-2794
-2959
-3062
-3100
-3060
-3024
-2966
-2877
-2742
-2559
-2336
-2129
-1874
-1595
-1268
-946
-712
-520
-363
-165
98
370
639
875
1042
1136
1234
1311
1385
1520
1633
1667
1624
1587
1576
1661
1841
1917
1907
1863
1817
1806
1784
1718
1598
1393
1121
821
566
365
207
-8
-360
-745
-1134
-1414
-1647
-1907
-2138
-2333
-2501
-2629
-2683
-2608
-2469
-2255
-1927
-1594
-1277
-935
-577
-216
194
626
1064
1376
1550
1663
1818
1983
2078
2038
1821
1556
1375
1260
1150
954
646
372
187
101
27
-82
-198
-325
-443
-565
-696
-790
-869
-908
-932
-1011
-1056
-1063
-1059
-1016
-950
-854
-768
-770
-798
-879
-901
-856
-822
-765
-769
-823
-891
-916
-850
-725
-583
-454
-340
-205
31
374
775
1068
1269
1448
1633
1904
2184
2398
2503
2525
2508
2543
2685
2820
2920
2919
2902
2966
3080
3190
3216
3178
3192
3282
3420
3554
3630
3621
3577
3623
3759
3855
3759
3499
3164
2885
2655
2431
2108
1651
1246
938
740
643
571
450
372
337
376
490
575
563
465
291
73
-190
-490
-870
-1310
-1781
-2225
-2633
-3117
-3629
-4095
-4390
-4546
-4607
-4675
-4745
-4678
-4443
-4043
-3683
-3453
-3225
-2933
-2617
-2320
-2098
-1935
-1815
-1725
-1629
-1548
-1447
-1322
-1190
-1142
-1194
-1299
-1420
-1549
-1618
-1676
-1784
-1911
-2051
-2183
-2225
-2210
-2085
-1966
-1877
-1778
-1619
-1404
-1234
-1058
-898
-685
-440
-251
-111
68
278
514
738
873
1008
1166
1335
1443
1519
1592
1615
1609
1492
1363
1276
1204
1100
924
608
336
193
164
38
-175
-415
-586
-613
-627
-705
-861
-1004
-1066
-1018
-932
-866
-873
-870
-809
-641
-430
-281
-216
-177
-138
-74
48
108
83
18
-103
-185
-222
-293
-386
-577
-788
-972
-1080
-1164
-1276
-1414
-1558
-1677
-1717
-1687
-1614
-1560
-1536
-1495
-1431
-1405
-1344
-1231
-1179
-1202
-1251
-1347
-1413
-1524
-1653
-1830
-2079
-2304
-2442
-2544
-2630
-2784
-2952
-2992
-2954
-2869
-2744
-2616
-2470
-2215
-1891
-1554
-1182
-821
-448
-39
413
833
1170
1428
1647
1880
2086
2251
2311
2316
2355
2335
2306
2251
2173
2085
1987
1859
1733
1617
1481
1338
1222
1119
1005
931
905
900
914
972
1033
1183
1419
1655
1956
2263
2509
2689
2807
2917
3016
3078
3032
2949
2842
2737
2736
2719
2657
2613
2598
2660
2757
2817
2817
2738
2654
2575
2510
2404
2308
2213
2097
1974
1816
1646
1542
1492
1443
1382
1243
1075
927
818
761
698
605
488
344
259
199
133
18
-145
-327
-521
-651
-800
-995
-1209
-1479
-1781
-2031
-2262
-2482
-2669
-2860
-3011
-3124
-3201
-3199
-3121
-2961
-2788
-2628
-2442
-2178
-1896
-1628
-1379
-1173
-972
-746
-532
-313
-112
38
112
124
164
270
407
454
395
237
96
11
-18
-56
-174
-339
-502
-563
-582
-547
-514
-530
-526
-514
-461
-433
-381
-360
-370
-385
-474
-577
-681
-720
-736
-734
-708
-677
-603
-488
-337
-161
25
163
224
196
114
-7
-118
-226
-401
-650
-912
-1072
-1106
-1080
-1075
-1083
-1065
-1040
-1005
-997
-1004
-1062
-1156
-1297
-1485
-1655
-1788
-1880
-1959
-2022
-2099
-2119
-2111
-2136
-2135
-2165
-2160
-2144
-2181
-2272
-2454
-2613
-2676
-2690
-2743
-2834
-2955
-2992
-2893
-2732
-2601
-2507
-2408
-2268
-2018
-1716
-1432
-1211
-1027
-833
-656
-454
-275
-144
-36
21
40
88
180
231
253
294
338
430
548
716
865
966
1063
1154
1278
1427
1512
1469
1338
1210
1066
919
806
652
511
379
215
61
-36
-27
57
83
73
83
124
258
438
541
601
590
570
601
700
863
1043
1097
1103
1186
1401
1674
1901
2056
2137
2194
2197
2211
2276
2254
2220
2137
1952
1754
1576
1459
1422
1367
1261
1061
836
662
542
468
359
263
152
-2
-148
-251
-286
-272
-294
-400
-565
-706
-794
-798
-736
-734
-818
-956
-1023
-1018
-942
-840
-711
-619
-533
-402
-146
138
389
574
753
935
1102
1230
1315
1365
1371
1342
1300
1223
1126
1046
959
887
820
771
783
833
876
954
1035
1157
1297
1428
1537
1600
1657
1708
1780
1856
1861
1804
1694
1509
1313
1155
1000
788
519
230
-41
-275
-463
-604
-717
-847
-978
-1061
-1031
-951
-874
-801
-858
-976
-1041
-1026
-991
-997
-1052
-1121
-1228
-1267
-1239
-1131
-1060
-985
-942
-937
-880
-820
-772
-805
-909
-995
-1087
-1137
-1164
-1160
-1167
-1182
-1170
-1117
-1035
-885
-777
-753
-797
-856
-907
-927
-971
-1120
-1310
-1478
-1549
-1550
-1571
-1621
-1682
-1708
-1646
-1558
-1485
-1442
-1502
-1590
-1657
-1710
-1738
-1756
-1800
-1885
-1986
-2072
-2047
-1898
-1750
-1670
-1637
-1634
-1608
-1526
-1412
-1348
-1377
-1472
-1588
-1633
-1582
-1507
-1460
-1443
-1417
-1311
-1098
-850
-630
-458
-377
-281
-117
26
159
241
251
254
290
366
383
355
320
307
320
383
449
459
410
373
426
504
595
628
562
474
448
478
518
490
415
308
216
207
256
274
247
187
154
154
258
405
484
526
531
580
690
804
850
819
742
686
699
733
735
647
579
553
539
549
553
486
400
295
233
236
175
87
-26
-123
-147
-57
45
86
20
-64
-45
10
79
89
-11
-119
-172
-128
-76
-70
-61
-44
-7
55
179
293
405
433
411
435
508
631
711
732
706
675
650
628
576
514
490
457
380
284
213
229
304
360
360
318
297
314
387
436
464
451
436
446
503
614
762
897
973
1013
1040
1106
1230
1346
1397
1301
1156
1057
1002
945
849
699
553
477
455
465
442
369
331
301
318
369
405
383
325
291
254
229
195
124
4
-91
-149
-231
-334
-448
-568
-658
-739
-813
-903
-988
-1074
-1165
-1262
-1381
-1469
-1569
-1691
-1799
-1870
-1921
-1991
-2042
-2063
-2035
-1960
-1863
-1779
-1656
-1508
-1316
-1082
-868
-735
-640
-529
-428
-317
-260
-214
-226
-335
-469
-570
-599
-620
-728
-865
-1011
-1124
-1132
-1091
-1086
-1138
-1176
-1153
-1051
-916
-864
-880
-919
-935
-917
-878
-818
-824
-813
-820
-837
-768
-658
-560
-556
-574
-591
-581
-545
-483
-461
-488
-486
-469
-396
-309
-237
-198
-197
-209
-181
-90
7
90
82
-5
-42
-18
52
148
204
231
260
316
412
565
741
855
941
1015
1134
1271
1382
1451
1477
1446
1402
1355
1319
1278
1169
1030
853
674
549
492
431
288
82
-125
-274
-365
-456
-600
-787
-1007
-1176
-1278
-1336
-1453
-1589
-1701
-1782
-1818
-1816
-1775
-1737
-1686
-1650
-1606
-1507
-1366
-1192
-1064
-951
-827
-740
-641
-540
-440
-364
-296
-303
-312
-295
-274
-204
-141
-101
-59
20
125
307
485
625
761
848
932
1080
1242
1374
1441
1418
1413
1444
1479
1515
1514
1469
1400
1344
1312
1282
1212
1124
987
897
813
738
666
582
510
403
312
249
215
204
191
145
114
87
98
137
119
59
23
26
35
13
-25
-103
-175
-257
-297
-310
-312
-329
-381
-450
-534
-541
-524
-510
-529
-550
-560
-554
-530
-492
-462
-488
-501
-556
-635
-652
-629
-659
-720
-828
-957
-1013
-1035
-1035
-1068
-1091
-1125
-1164
-1134
-1083
-1058
-1045
-1042
-1036
-981
-903
-767
-665
-566
-474
-342
-278
-180
-56
67
147
195
201
215
258
331
428
421
342
266
248
276
357
373
314
232
201
215
269
323
331
323
301
326
341
327
280
244
196
162
157
179
220
217
226
210
216
297
350
373
355
311
254
222
201
150
158
167
142
118
92
162
198
174
142
87
61
28
3
-11
-76
-146
-241
-315
-396
-420
-467
-550
-594
-661
-713
-709
-692
-685
-699
-752
-767
-752
-693
-633
-631
-656
-655
-625
-575
-515
-555
-558
-526
-553
-533
-548
-612
-692
-717
-742
-781
-773
-748
-646
-556
-499
-446
-395
-327
-247
-176
-125
-92
-68
-137
-194
-197
-186
-191
-214
-222
-237
-210
-149
-125
-44
9
81
93
78
11
-60
-63
-128
-171
-290
-396
-463
-512
-491
-464
-466
-502
-533
-523
-553
-401
-235
-201
-78
104
172
228
419
522
458
569
537
595
661
689
759
735
695
711
679
656
620
694
809
546
530
661
506
490
534
576
633
445
191
182
70
-207
-337
-405
-685
-758
-804
-697
-686
-988
-1124
-1043
-881
-848
-750
-310
-218
-405
-294
-259
-442
-278
-93
-493
-326
-3
-234
-159
-73
11
-133
-254
-187
-162
-160
-385
-346
-232
-287
-245
-367
-443
-488
-441
-198
-498
-345
-375
-165
-68
-94
-222
-418
-250
-478
-453
-478
-497
-329
-208
-280
-189
-309
-270
-227
-345
-569
-354
-73
-249
-337
-164
-11
-224
-333
-325
-259
-181
-8
-121
-6
97
-49
29
119
66
32
217
185
283
121
43
106
270
428
268
374
420
403
431
449
23
-176
-58
86
155
159
-245
-340
-171
-358
-312
-403
-395
-511
-481
-403
-313
-483
-717
-630
-510
-250
-261
-359
-516
-253
189
249
-12
30
259
134
15
183
133
-205
-12
149
139
82
332
411
115
91
163
152
6
28
82
-55
-56
-10
-83
-272
-241
-61
-156
-174
-230
-411
-210
-118
-153
-346
-225
-246
-189
155
-43
-183
48
95
12
-121
-77
194
319
132
-91
71
121
-12
-63
42
22
-158
-43
81
24
-81
-55
-84
-158
-57
46
150
175
-7
-99
-26
100
98
-147
-72
-106
-312
-214
-146
-400
-488
-329
-372
-496
-501
-546
-711
-628
-460
-503
-528
-642
-692
-612
-326
-332
-451
-450
-589
-382
-155
-55
-42
-149
-282
-174
-110
-39
16
76
138
-95
1
213
204
93
197
191
-87
-106
145
176
-74
57
149
75
191
266
106
-86
-64
76
-191
-288
-62
-224
-373
-488
-523
-504
-495
-577
-796
-923
-849
-708
-920
-1130
-1211
-1197
-1175
-1032
-924
-1093
-1073
-832
-880
-1016
-766
-724
-871
-893
-646
-552
-550
-494
-480
-535
-677
-495
-365
-269
-263
-292
-273
-363
-161
136
146
157
103
-11
62
183
339
118
84
259
290
129
111
171
-49
-62
-61
-96
-129
-171
-178
-201
-238
-250
-321
-496
-638
-557
-395
-351
-373
-469
-384
-206
-122
-292
-537
-639
-720
-752
-527
-299
-181
-219
-79
-55
-234
-298
-286
-211
-143
53
-62
-359
-240
-39
27
105
-25
-118
-108
73
165
100
69
932
3062
6593
12232
19342
25772
30313
32541
32766
32767
32762
32767
32755
32766
32458
27725
20695
12523
3888
-3900
-11968
-20455
-27903
-32176
-32767
-32747
-32768
-32762
-32767
-32767
-32768
-32760
-32764
-32768
-32767
-32762
-32767
-32756
-32768
-32729
-32768
-30104
-28012
-27171
-24484
-19255
-12318
-6274
-2379
-789
764
3709
7782
11651
13725
13480
12864
13168
14571
15734
16000
15697
15289
15126
15436
15935
16170
16522
16399
15641
14490
13715
13938
14337
14164
13405
12550
11620
11060
10621
9946
9053
8011
7019
5860
4234
2284
1046
795
869
1290
1346
1255
1632
2727
3776
4848
6081
6671
7104
7632
8104
8391
8618
8939
9135
9481
9712
9828
10117
10637
10942
11554
12303
12863
13297
13759
14242
14798
15429
15508
15004
14267
13448
12492
11338
9957
7950
5427
3154
1016
-876
-2779
-5201
-7954
-10895
-13654
-15946
-17845
-19284
-20742
-22212
-23386
-24177
-24430
-24528
-24389
-23866
-22476
-20520
-18498
-16279
-14161
-11874
-9368
-6708
-4174
-2111
-349
1143
2395
3519
4399
5151
5788
6575
7346
8061
8755
9329
10096
11282
12545
13511
14265
14916
15316
15630
15878
16004
16071
15712
14896
13695
12413
10955
9337
7758
6096
4534
3432
2532
1747
1049
417
-52
-439
-773
-1191
-1676
-2212
-2687
-3049
-3374
-3814
-4363
-4924
-5372
-5862
-6235
-6648
-7058
-7522
-8029
-8573
-9247
-9920
-10537
-11038
-11342
-11495
-11654
-11713
-11687
-11487
-11035
-10284
-9650
-9283
-9045
-8882
-8624
-8610
-8772
-9186
-9803
-10383
-11185
-11815
-12158
-12375
-12340
-12106
-11783
-11394
-10690
-9581
-8282
-7172
-5986
-4792
-3605
-2325
-1219
-329
436
1247
2116
2730
2859
2649
2320
2037
1690
1032
14
-1207
-2351
-3292
-4362
-5485
-6460
-7358
-8155
-8762
-9229
-9641
-9921
-9800
-9458
-9036
-8460
-7866
-7101
-6112
-4839
-3416
-1976
-357
1286
2931
4588
6145
7585
8967
10199
11024
11529
11803
12146
12492
12653
12514
12244
12021
11965
12049
12279
12470
12694
13102
13697
14298
14922
15470
15995
16533
17199
17835
18375
18860
19252
19671
19939
20031
19793
19467
19161
18702
17937
16894
15703
14400
12962
11422
9837
8009
5987
4056
2196
253
-1584
-3302
-4882
-6290
-7617
-8824
-9981
-11163
-12242
-13055
-13603
-14112
-14636
-15056
-15225
-15190
-15003
-14772
-14560
-14187
-13849
-13468
-12894
-12134
-11468
-10953
-10621
-10353
-10020
-9719
-9450
-9223
-9118
-9119
-9054
-8874
-8452
-7962
-7372
-6593
-5683
-4574
-3290
-1961
-684
618
1918
3216
4454
5490
6372
7090
7563
7886
8145
8277
8328
8302
8368
8537
8653
8717
8807
8914
9044
9083
9055
8994
8869
8683
8423
8083
7442
6624
5780
4952
4127
3261
2411
1572
749
111
-457
-976
-1480
-1818
-2005
-2120
-2186
-2218
-2222
-2173
-2143
-2237
-2302
-2410
-2508
-2522
-2622
-2808
-3119
-3443
-3477
-3163
-2787
-2486
-2352
-2166
-1743
-1188
-643
-231
33
150
201
167
101
80
1
-243
-535
-784
-905
-999
-1223
-1598
-1923
-2149
-2336
-2609
-2973
-3462
-3974
-4398
-4785
-5294
-5817
-6431
-7082
-7639
-8102
-8569
-9076
-9709
-10320
-10708
-10978
-11046
-11094
-11209
-11225
-11008
-10645
-10290
-9927
-9365
-8730
-8152
-7417
-6644
-5734
-4867
-4037
-3153
-2319
-1470
-522
447
1421
2351
3325
4285
5344
6290
7138
7864
8531
9106
9483
9670
9706
9613
9477
9300
8973
8464
7870
7300
6747
6252
5776
5266
4705
4164
3642
3161
2711
2319
1908
1472
1049
683
405
116
-197
-521
-723
-862
-995
-1157
-1289
-1402
-1510
-1573
-1532
-1344
-1192
-952
-721
-446
-103
308
786
1211
1648
2117
2570
3014
3479
3951
4395
4867
5285
5512
5667
5967
6147
6261
6221
6144
5992
5692
5376
5017
4603
4017
3346
2709
2090
1451
772
-11
-824
-1507
-2307
-3080
-3904
-4621
-5251
-5895
-6539
-7155
-7659
-8013
-8496
-8829
-9115
-9259
-9282
-9227
-9009
-8748
-8368
-7905
-7396
-6711
-6077
-5354
-4595
-3854
-3217
-2526
-1863
-1201
-626
-113
439
963
1429
1882
2367
2900
3377
3887
4384
4761
5264
5849
6458
6890
7264
7713
8181
8533
8728
8903
8996
9017
8990
8836
8617
8390
8241
8046
7717
7264
6871
6465
5927
5327
4781
4215
3662
3016
2306
1543
782
150
-401
-889
-1344
-1830
-2333
-2709
-2963
-3154
-3295
-3389
-3405
-3403
-3402
-3429
-3411
-3379
-3292
-3312
-3401
-3458
-3518
-3480
-3409
-3445
-3494
-3618
-3803
-3899
-3975
-4075
-4264
-4597
-4909
-5161
-5326
-5532
-5775
-5967
-6178
-6294
-6286
-6119
-5920
-5670
-5376
-5088
-4663
-4158
-3617
-3180
-2726
-2188
-1683
-1145
-780
-479
-129
186
503
765
939
1042
1184
1367
1566
1663
1682
1656
1678
1787
1917
2056
2175
2259
2344
2533
2768
3033
3161
3198
3259
3368
3546
3711
3760
3630
3462
3382
3375
3423
3452
3375
3210
3079
3049
3015
3024
2997
2814
2601
2432
2350
2268
2091
1892
1685
1510
1419
1325
1261
1230
1152
1084
1101
1110
1153
1197
1156
1138
1140
1155
1174
1150
1022
868
622
287
-24
-402
-755
-1128
-1501
-1739
-1990
-2219
-2419
-2569
-2658
-2686
-2717
-2676
-2674
-2635
-2515
-2435
-2358
-2300
-2243
-2168
-2109
-2086
-2025
-1988
-1949
-1904
-1832
-1740
-1711
-1560
-1411
-1165
-860
-629
-489
-385
-247
-52
216
412
477
406
378
412
478
561
545
488
473
490
554
704
871
985
1054
1111
1101
1074
1029
912
750
505
182
-104
-318
-504
-707
-893
-1054
-1287
-1428
-1489
-1553
-1536
-1532
-1540
-1547
-1552
-1519
-1498
-1409
-1206
-1021
-843
-527
-152
264
489
692
991
1230
1388
1391
1249
1150
968
721
328
-174
-584
-1009
-1254
-1342
-1500
-1529
-1465
-1488
-1383
-1126
-862
-337
-70
46
278
451
850
990
840
725
667
594
505
271
101
118
86
269
386
341
306
118
-87
-153
-339
-757
-1370
-2166
-2786
-3216
-3574
-3957
-4375
-4748
-5049
-5200
-5371
-5327
-5219
-5165
-5103
-5107
-5026
-4948
-4842
-4859
-5022
-5061
-5035
-4836
-4579
-4366
-4159
-3943
-3511
-2937
-2380
-1901
-1398
-832
17
916
1717
2421
2923
3553
4305
4951
5494
5906
6207
6472
6715
6925
7187
7413
7692
7907
8043
8224
8414
8617
8628
8726
8861
9039
9272
9326
9288
9021
8820
8794
8748
8647
8455
8165
7737
7203
6598
6199
5774
5185
4556
3807
3250
2819
2258
1651
1059
482
34
-430
-872
-1014
-1176
-1363
-1657
-2025
-2327
-2533
-2641
-2623
-2753
-2898
-3033
-3235
-3364
-3475
-3604
-3694
-3757
-3882
-4207
-4531
-4748
-5015
-5304
-5617
-5899
-6150
-6307
-6388
-6445
-6417
-6273
-6052
-5760
-5404
-5061
-4677
-4307
-4113
-3973
-3885
-3810
-3673
-3581
-3556
-3665
-3815
-3913
-3864
-3652
-3366
-3030
-2625
-2120
-1500
-779
-96
516
1068
1491
1868
2154
2210
2157
2057
1814
1556
1184
688
182
-238
-494
-763
-841
-819
-875
-864
-887
-910
-773
-601
-442
-264
-156
-38
49
87
121
154
188
277
372
306
181
43
-37
-204
-517
-809
-1036
-1174
-1448
-1744
-1912
-1972
-1974
-2022
-1964
-1729
-1399
-1005
-619
-319
-58
107
175
254
316
247
124
-159
-520
-929
-1332
-1725
-2106
-2495
-2814
-3055
-3235
-3320
-3428
-3632
-3915
-4102
-4174
-4250
-4369
-4495
-4645
-4697
-4594
-4334
-4017
-3736
-3415
-3034
-2459
-1847
-1274
-813
-341
156
566
886
1204
1512
1867
2260
2549
2776
2916
2996
3114
3336
3626
3705
3626
3466
3361
3286
3206
3093
2864
2657
2415
2256
2201
2217
2255
2207
2061
1905
1870
1895
1892
1710
1451
1268
1243
1352
1404
1373
1219
1163
1393
1720
1992
2031
2046
2187
2390
2615
2799
2842
2744
2675
2706
2745
2822
2898
2880
2806
2883
3088
3313
3403
3404
3512
3770
4127
4459
4532
4447
4351
4414
4588
4580
4284
3818
3290
2902
2664
2492
2190
1694
1097
529
139
-129
-416
-853
-1504
-2242
-2855
-3264
-3650
-4135
-4671
-5093
-5374
-5587
-5744
-5859
-5778
-5585
-5390
-5135
-4904
-4650
-4392
-4171
-3967
-3732
-3463
-3347
-3373
-3341
-3220
-3070
-3038
-3211
-3435
-3533
-3449
-3301
-3040
-2776
-2619
-2412
-2216
-1969
-1618
-1250
-948
-904
-916
-833
-606
-292
-4
104
100
156
284
508
785
983
1157
1257
1397
1547
1662
1890
1987
2053
2124
2234
2364
2432
2469
2494
2520
2539
2449
2242
1939
1643
1392
1172
1030
885
731
565
543
594
678
741
719
780
841
956
1065
1025
904
705
313
-51
-342
-585
-929
-1386
-1935
-2433
-2678
-2751
-2673
-2777
-2960
-3043
-3055
-2862
-2595
-2315
-2087
-1927
-1874
-1694
-1340
-1032
-825
-708
-580
-366
-134
56
221
326
430
504
575
724
833
811
691
551
567
647
664
537
361
268
107
-129
-343
-584
-843
-1165
-1488
-1824
-2178
-2481
-2711
-2893
-2993
-3084
-3078
-3064
-3098
-2972
-2673
-2331
-2057
-1938
-1804
-1541
-1211
-814
-450
-255
-147
-64
81
371
719
1077
1274
1339
1377
1475
1670
1892
2027
2102
2100
2037
2046
2081
2227
2318
2234
2170
2111
2104
2111
2041
1899
1741
1493
1224
1020
837
611
339
-43
-505
-925
-1321
-1716
-2058
-2335
-2503
-2623
-2801
-2906
-2941
-2858
-2710
-2478
-2176
-1865
-1562
-1261
-900
-482
0
546
993
1263
1419
1540
1669
1842
2019
1977
1826
1626
1445
1308
1206
1124
953
717
465
216
91
0
-135
-332
-604
-864
-1079
-1131
-1168
-1211
-1276
-1376
-1384
-1446
-1428
-1353
-1235
-1118
-1017
-992
-1068
-1133
-1095
-1030
-901
-849
-917
-1046
-1180
-1250
-1189
-1075
-957
-866
-689
-402
-51
275
519
724
943
1207
1468
1701
1937
2123
2212
2229
2304
2482
2638
2791
2918
3027
3171
3290
3411
3480
3523
3579
3651
3751
3872
3944
3969
3914
3916
3995
4059
4000
3865
3693
3461
3239
2950
2633
2295
1993
1701
1379
1085
873
724
612
546
458
327
267
251
172
84
-95
-382
-761
-1286
-1805
-2238
-2613
-3017
-3578
-4291
-4883
-5158
-5213
-5245
-5378
-5454
-5368
-5094
-4662
-4285
-4010
-3736
-3448
-3137
-2851
-2634
-2415
-2226
-2122
-2001
-1925
-1777
-1482
-1288
-1281
-1353
-1388
-1312
-1300
-1405
-1513
-1612
-1692
-1763
-1796
-1782
-1771
-1729
-1697
-1606
-1406
-1196
-950
-797
-717
-617
-396
-89
168
310
454
614
708
881
1101
1372
1658
1730
1684
1693
1883
2103
2140
1894
1629
1465
1428
1402
1208
895
586
312
102
-98
-320
-549
-708
-838
-956
-1110
-1245
-1349
-1443
-1457
-1458
-1468
-1510
-1580
-1572
-1452
-1268
-1143
-1139
-1170
-1135
-1058
-963
-844
-816
-868
-910
-888
-800
-784
-853
-971
-1133
-1225
-1294
-1334
-1352
-1455
-1607
-1715
-1718
-1672
-1648
-1712
-1774
-1765
-1708
-1616
-1549
-1502
-1490
-1507
-1493
-1517
-1551
-1614
-1744
-1925
-2133
-2297
-2341
-2360
-2511
-2746
-2943
-3052
-3055
-3006
-2928
-2876
-2764
-2538
-2215
-1855
-1472
-1113
-785
-417
-4
446
896
1284
1556
1788
1982
2173
2407
2578
2621
2546
2440
2402
2380
2393
2365
2247
2094
1934
1825
1750
1658
1579
1463
1313
1234
1161
1168
1246
1279
1414
1572
1729
2004
2333
2622
2857
2958
3064
3202
3357
3426
3383
3345
3266
3185
3141
3090
3055
3077
3075
3032
3001
3009
3003
2933
2825
2747
2670
2562
2406
2274
2177
2044
1863
1688
1536
1374
1251
1173
1070
937
768
558
402
292
217
151
46
-65
-152
-191
-239
-305
-398
-519
-668
-859
-1064
-1317
-1643
-1992
-2335
-2595
-2800
-3021
-3262
-3528
-3684
-3683
-3544
-3351
-3153
-2988
-2788
-2553
-2265
-1966
-1728
-1479
-1263
-1111
-919
-678
-444
-257
-182
-130
-48
97
280
398
382
298
196
180
167
120
13
-101
-193
-259
-317
-338
-329
-403
-467
-509
-527
-488
-458
-482
-541
-589
-632
-688
-748
-829
-840
-793
-671
-583
-519
-491
-427
-229
-11
226
312
266
161
86
136
104
-54
-341
-655
-799
-779
-770
-857
-935
-1033
-1097
-1185
-1255
-1319
-1396
-1485
-1642
-1831
-1963
-2082
-2233
-2388
-2568
-2662
-2702
-2778
-2845
-2966
-3093
-3178
-3176
-3155
-3197
-3299
-3412
-3518
-3579
-3622
-3643
-3697
-3710
-3697
-3614
-3487
-3330
-3109
-2888
-2697
-2469
-2159
-1818
-1466
-1140
-856
-605
-390
-158
57
216
312
419
527
616
724
845
1006
1190
1374
1559
1721
1896
2064
2211
2355
2425
2427
2363
2257
2142
2003
1808
1582
1375
1224
1094
912
690
530
490
494
463
461
435
408
440
493
592
707
779
777
704
703
813
1005
1209
1319
1407
1522
1655
1815
1974
2092
2169
2195
2102
2023
2037
2082
2096
1982
1780
1612
1557
1552
1494
1416
1279
1077
801
538
429
361
280
129
-150
-408
-519
-523
-512
-602
-793
-998
-1178
-1231
-1186
-1136
-1173
-1274
-1379
-1466
-1437
-1346
-1248
-1138
-1057
-996
-841
-574
-234
52
239
439
623
831
1099
1287
1407
1469
1485
1488
1510
1486
1441
1346
1271
1261
1272
1276
1300
1350
1388
1456
1561
1714
1901
2068
2148
2153
2195
2246
2319
2356
2331
2212
2018
1833
1606
1403
1160
875
586
235
-111
-389
-593
-752
-909
-1165
-1387
-1463
-1425
-1306
-1296
-1403
-1500
-1562
-1547
-1509
-1524
-1585
-1653
-1680
-1710
-1688
-1639
-1604
-1583
-1555
-1532
-1463
-1373
-1317
-1358
-1441
-1492
-1508
-1488
-1470
-1484
-1513
-1506
-1470
-1379
-1223
-1042
-922
-900
-995
-1063
-1057
-1011
-1060
-1189
-1342
-1475
-1579
-1620
-1543
-1485
-1495
-1530
-1562
-1511
-1386
-1303
-1289
-1369
-1468
-1539
-1556
-1504
-1442
-1475
-1568
-1657
-1666
-1578
-1437
-1357
-1333
-1356
-1388
-1370
-1315
-1264
-1321
-1395
-1459
-1512
-1499
-1441
-1397
-1371
-1259
-1130
-980
-823
-606
-354
-173
-21
113
262
377
470
580
678
739
736
678
610
613
657
714
707
650
573
536
538
604
743
791
748
679
674
728
747
751
679
585
537
480
508
530
544
511
462
437
469
563
674
733
718
686
682
739
852
907
859
782
716
683
688
684
659
592
502
441
391
404
397
337
264
145
13
-86
-164
-205
-209
-203
-238
-295
-326
-371
-367
-260
-209
-204
-279
-376
-388
-340
-281
-268
-267
-250
-199
-128
-63
69
258
411
498
485
473
564
678
744
745
712
669
591
461
376
345
334
310
201
69
0
16
114
196
191
147
73
65
122
187
251
267
233
186
186
294
435
573
642
663
731
806
927
1059
1117
1107
1037
979
932
823
689
582
517
461
407
299
201
159
150
165
196
234
213
190
190
176
190
198
161
75
-6
-117
-228
-328
-459
-581
-667
-772
-891
-1021
-1116
-1170
-1290
-1440
-1589
-1704
-1777
-1878
-2020
-2172
-2247
-2235
-2244
-2349
-2382
-2358
-2293
-2176
-2053
-1930
-1791
-1595
-1402
-1205
-1022
-852
-706
-579
-459
-289
-135
-35
-75
-158
-204
-154
-107
-163
-340
-502
-566
-618
-666
-729
-760
-777
-711
-635
-584
-559
-532
-552
-559
-530
-488
-423
-436
-505
-606
-635
-569
-485
-501
-558
-561
-558
-508
-449
-441
-470
-460
-388
-270
-158
-65
12
68
174
235
317
420
455
462
462
464
492
506
531
538
529
546
648
722
796
897
1038
1176
1228
1333
1463
1596
1726
1781
1814
1813
1789
1730
1635
1553
1453
1347
1203
1026
839
665
495
325
147
-31
-190
-344
-553
-790
-943
-1051
-1192
-1340
-1515
-1697
-1804
-1871
-1929
-2008
-2085
-2118
-2076
-2048
-2028
-1965
-1814
-1653
-1578
-1534
-1465
-1337
-1177
-1057
-971
-898
-846
-787
-766
-718
-638
-547
-502
-451
-383
-301
-158
-28
54
149
311
472
619
813
932
1004
1052
1082
1120
1184
1277
1307
1269
1129
1037
1010
1014
1019
944
832
692
564
459
389
364
360
330
266
158
36
-29
-33
-47
-99
-152
-238
-327
-393
-416
-396
-442
-447
-442
-481
-556
-595
-598
-633
-675
-725
-761
-792
-809
-822
-848
-846
-821
-781
-780
-789
-805
-794
-761
-735
-671
-652
-639
-693
-764
-785
-804
-817
-854
-890
-948
-1029
-1080
-1118
-1161
-1187
-1172
-1196
-1267
-1321
-1374
-1363
-1305
-1287
-1268
-1214
-1150
-1082
-975
-848
-655
-493
-390
-260
-86
76
174
251
322
424
608
742
789
805
771
761
791
863
910
900
859
800
741
761
823
860
887
860
833
831
818
802
807
801
766
714
714
734
722
748
753
754
772
834
861
822
794
770
762
725
725
730
683
646
581
565
599
