750
787
471
281
372
551
402
603
669
370
276
165
28
72
271
361
594
716
614
618
660
735
907
989
1118
1036
777
699
694
632
419
204
25
-20
140
179
195
236
107
104
330
315
122
236
262
416
554
680
671
401
118
-73
124
241
155
41
-71
-12
140
24
-43
70
119
85
21
39
0
-67
-36
-265
-338
-532
-540
-335
-191
103
55
-64
-124
-20
-25
-169
-327
-332
-277
-108
-172
-367
-531
-481
-552
-521
-338
-481
-196
-281
-472
-593
-341
-398
-377
-205
-592
-646
-936
-989
-798
-796
-592
-529
-895
-1023
-1375
-1633
-1347
-1017
-810
-594
-470
-646
-593
-324
-115
-166
-218
-76
-66
-301
-599
-827
-594
-485
-716
-598
-257
-131
-246
-240
-90
-174
-244
-230
-189
-48
-124
8
283
275
113
90
178
225
295
183
-14
-70
-143
-34
-150
-136
-54
18
230
314
414
282
275
158
-14
-316
-281
-112
214
256
-63
-33
98
117
276
416
21
-115
-344
-431
-356
-141
125
437
448
376
81
50
367
394
720
863
764
574
727
761
808
693
638
818
622
389
419
474
338
301
230
108
51
-95
-32
-66
-229
-214
-99
-51
-71
-39
59
297
293
365
413
304
274
280
249
165
116
168
80
-6
-14
149
190
332
592
513
334
348
373
305
361
196
226
138
227
-15
-166
-92
-252
-145
-144
80
-330
-667
-97
171
136
65
-45
-58
-32
-30
-17
31
50
174
221
-26
-507
-732
-699
-474
-457
-522
-157
-1
-311
-710
-476
-12
-196
-595
-899
-992
-672
-423
-352
-502
-799
-997
-964
-801
-811
-707
-527
-623
-738
-775
-810
-831
-810
-715
-683
-636
-553
-414
-141
-30
-22
-39
-106
-418
-838
-989
-1277
-1318
-1072
-695
-498
-619
-581
-382
-219
-344
-335
-144
-145
-228
0
-45
-348
-527
-492
-255
-345
-534
-449
-346
-110
-96
-305
7
-89
3
62
-30
99
25
-139
-99
106
116
160
61
163
80
-102
-237
-243
-454
-586
-552
-572
-492
-373
-318
-471
-651
-1013
-926
-834
-695
-668
-635
-473
-371
-230
-421
-469
-429
-276
-157
32
76
-112
-107
-120
-98
-151
-234
-248
-312
-278
-267
-277
-210
9
107
-88
-187
-137
157
183
54
72
26
110
209
67
11
-10
25
88
-44
-130
-404
-278
-5
168
207
106
101
-45
-3
-107
-164
170
480
241
81
114
38
41
198
444
348
91
-77
-127
-202
-159
-163
74
175
88
336
670
693
530
504
391
265
94
-94
-291
-308
-313
-283
-389
-285
-220
-242
-252
-302
-103
-118
-278
-355
-243
-125
-101
-311
-305
-150
-41
-79
-249
-342
-260
-106
7
139
79
23
62
37
211
278
43
-148
-200
-138
-257
-201
-160
-85
-83
-100
47
310
356
158
204
183
156
15
38
93
190
103
-69
-330
-363
-225
-452
-601
-691
-344
-204
-114
-77
22
323
301
139
151
202
349
422
236
399
85
-211
-229
-270
-243
-115
-25
-54
253
366
419
335
125
1
-203
-364
-572
-628
-483
-249
-315
-743
-886
-952
-925
-677
-605
-493
-126
-132
-300
-209
-222
-295
-225
41
-7
-198
115
184
0
44
-94
-120
-55
111
170
169
-86
-561
-380
264
399
153
194
-3
-85
-187
-273
-177
-24
-57
71
623
827
906
580
80
47
49
-7
236
120
-375
-453
-39
234
65
1
-5
10
239
305
265
288
-6
-195
143
452
350
209
176
-45
-53
-157
-370
-218
-151
-20
63
28
-78
-224
-238
-158
36
175
327
253
33
46
186
249
216
228
213
173
230
290
150
141
-92
-224
87
201
142
-107
-145
-70
-97
-156
77
166
137
138
140
240
190
231
292
350
197
195
143
147
233
224
148
-77
-268
-314
-223
-244
-123
113
359
355
513
650
319
150
38
69
216
195
222
168
-83
-132
77
140
339
362
193
182
80
209
203
47
-7
-151
-140
-113
-13
179
211
287
353
270
129
79
-45
89
132
207
345
252
350
265
192
144
421
516
293
107
-32
-67
-102
-165
-249
-160
-344
-521
-116
357
492
452
236
44
-75
-77
-53
48
-66
-185
-166
-185
-127
-156
-357
-560
-259
-55
-298
-303
-199
-166
-97
-133
151
158
-8
88
97
-125
-86
339
677
549
403
545
436
387
44
-237
-194
-83
197
378
95
-40
50
415
404
-40
-119
-280
-483
-328
29
213
207
72
188
90
57
94
240
258
359
735
760
624
425
347
214
173
277
399
635
460
156
139
68
38
68
262
266
505
631
595
558
349
231
154
65
-131
-167
-201
-129
-230
-293
-335
-189
-23
4
45
-4
-26
-22
275
277
88
-3
55
26
-217
-269
-214
-222
-251
-300
-226
-37
-10
-168
-137
-71
-127
-182
-327
-415
-425
-258
-323
-420
-492
-486
-312
-232
-247
-247
-236
-403
-458
-343
-284
-237
-177
-170
-134
-209
-163
-64
38
0
128
105
-47
-62
-53
179
158
13
101
297
440
429
54
48
23
-107
-88
-132
57
297
383
418
480
231
-31
-173
-355
-251
-35
54
55
-183
-476
-665
-608
-436
-315
-218
-426
-210
39
-199
-190
-439
-748
-673
-463
-374
-425
-583
-596
-273
-127
-197
-186
-174
-275
-266
-406
-350
-212
-115
-40
-200
-7
-45
-248
-465
-563
-549
-267
77
115
211
-7
-82
-79
-32
-26
-70
99
289
313
309
300
263
337
98
-101
-235
-274
-163
-221
-45
74
-78
9
13
-41
-34
-127
-68
7
42
71
327
229
102
-8
-216
-48
-117
-181
-346
-464
-440
-256
101
347
117
-43
41
34
144
96
47
-197
-450
-447
-336
-315
-295
-299
-250
-189
-232
-131
-209
-356
-492
-564
-608
-512
-299
-400
-570
-640
-589
-562
-558
-582
-457
-421
-353
-184
-270
-340
-438
-512
-474
-373
-262
-103
-81
-91
-143
-69
32
17
-121
-333
-450
-451
-402
-402
-355
-222
23
-126
-54
113
71
-16
47
239
227
76
-225
-67
60
88
319
270
-23
-278
-212
121
376
499
523
459
436
362
335
543
459
261
239
148
-54
-284
-274
-283
-248
-68
-3
184
392
602
761
527
413
400
345
382
240
-269
-512
-325
91
303
44
-295
-520
-462
-424
-9
339
450
607
815
733
522
407
300
495
502
324
-82
-296
-85
34
-32
55
-3
-39
130
191
325
347
165
-4
-84
-165
-255
-436
-432
-401
-319
-146
-67
-23
-307
75
453
223
373
211
167
96
-81
-30
-169
-177
-87
-100
-228
-138
-87
-95
-34
139
240
202
167
47
43
-105
-300
-154
-86
-328
-257
-183
-442
-645
-726
-831
-813
-549
-303
-296
-478
-697
-678
-585
-598
-510
-377
-380
-443
-472
-525
-500
-455
-317
-198
-56
44
69
-90
-202
-149
-207
-269
-264
-127
-127
-252
-347
-104
65
-88
42
457
475
164
-77
-150
-58
-40
-148
-268
-293
-466
-345
-213
-349
-365
-400
-330
-248
-169
-207
-67
184
130
149
76
18
-16
-29
164
198
76
186
322
11
-200
-36
423
756
792
724
522
376
124
163
356
515
530
381
354
301
439
586
873
989
877
740
583
508
513
588
508
556
513
258
180
270
428
591
550
566
786
797
536
256
138
299
414
250
72
-14
-36
91
278
406
410
418
691
945
917
826
866
828
767
647
542
567
551
550
557
452
513
542
495
580
490
295
218
366
189
122
127
62
265
488
552
526
422
394
577
532
334
34
-56
-186
-210
-136
-144
-230
-207
-272
-441
-413
-570
-672
-639
-441
-413
-292
-213
-265
-322
-411
-319
-271
-185
-91
-24
-123
-156
-245
-515
-439
-339
-314
-157
-58
-72
-178
-282
-292
-457
-610
-566
-408
-319
-386
-477
-521
-528
-459
-408
-605
-569
-421
-298
-385
-558
-553
-491
-425
-240
-32
-135
-186
-165
-138
-296
-496
-448
-381
-414
-294
-55
168
310
338
211
-139
-376
-436
-368
-380
-326
36
102
134
309
361
288
0
72
452
555
360
232
132
157
109
-36
-51
105
143
13
284
475
379
233
351
447
493
436
380
296
191
320
523
710
764
1171
1366
1392
1284
1292
1447
1294
1026
805
795
678
660
728
850
801
677
607
526
404
264
306
169
155
266
377
425
272
279
443
457
218
188
277
156
70
345
470
226
144
290
577
581
616
683
366
275
414
628
640
463
232
-76
-79
65
236
193
292
466
432
365
198
75
0
-113
-173
-14
0
17
-32
-203
-135
-57
-30
-97
-83
-108
29
133
109
28
-234
-216
-74
-162
-331
-411
-530
-429
-251
-203
-263
-283
-432
-293
-94
-257
-340
-384
-225
-155
-353
-452
-261
-405
-629
-771
-844
-630
-468
-427
-368
-272
-195
-136
-60
29
-191
-462
-509
-480
-356
-348
-496
-543
-410
-198
-191
-274
-337
-331
-297
-179
-216
-459
-640
-646
-479
-485
-301
-212
-338
-420
-396
-410
-535
-527
-364
-55
-115
-102
70
124
176
263
329
298
319
347
517
423
264
145
206
451
625
787
846
777
498
406
266
236
267
433
550
475
480
461
490
478
436
417
590
544
611
465
335
383
388
497
464
656
580
389
298
342
546
546
330
302
515
542
481
386
150
2
247
584
582
614
581
415
433
272
27
-60
-104
-42
-55
-320
-404
-273
-198
-111
-134
-239
-152
-24
-25
9
142
105
56
62
107
82
-43
-47
-2
-197
-270
-123
-176
-218
-376
-273
-83
-34
158
190
4
13
100
12
-63
-228
-445
-493
-441
-245
-192
-205
-130
-256
-305
-224
-184
-209
-162
-262
-95
-39
-240
-141
-200
-449
-481
-326
-269
-170
-51
32
-56
-201
-386
-419
-386
-318
-95
-15
-111
-303
-404
-445
-468
-358
-270
-395
-651
-874
-808
-681
-605
-551
-520
-465
-483
-458
-543
-713
-707
-769
-663
-431
-293
-416
-527
-516
-563
-378
-358
-313
-261
-237
-106
67
89
-80
-182
-53
-62
-39
-92
-148
115
177
170
126
282
269
143
42
30
104
87
118
49
55
231
390
439
429
351
270
169
76
-9
-149
-183
37
234
305
497
528
473
451
366
571
835
881
770
716
619
496
535
483
463
441
445
610
634
400
318
329
118
168
206
211
120
-120
-49
52
47
-53
31
156
288
473
579
557
490
488
503
469
444
361
252
217
194
124
117
290
362
308
229
305
360
417
369
297
173
70
59
25
124
-65
-114
-28
203
415
88
38
25
-67
-67
-184
-222
-151
-18
-20
-46
-116
-230
-240
-99
-136
-205
38
329
333
252
-33
-145
9
-47
36
97
271
252
88
61
41
-174
-336
-290
-154
-3
-194
-315
-213
-148
-184
-67
14
0
42
-18
-213
-436
-395
-289
-172
-90
-54
-40
-81
28
74
64
-20
-146
-174
-128
-84
98
311
505
493
345
373
264
11
-127
-15
76
34
-54
-80
-142
-123
1
257
307
121
45
134
315
237
33
21
183
77
-89
-126
-106
-204
-256
-160
-44
19
-27
22
-16
-98
-132
-115
-173
-110
-27
-122
-136
-106
-30
-46
55
10
-5
114
4
111
49
96
314
335
370
478
541
388
314
265
255
293
276
156
167
262
257
190
76
77
24
-48
222
469
489
509
381
373
414
273
211
191
354
500
229
266
477
282
125
-8
-249
-200
-122
-86
57
193
205
126
97
-135
-502
-438
-266
-313
-323
-429
-482
-388
-131
-113
-73
126
271
494
369
-31
-47
-5
66
160
-9
-91
-36
-91
-211
-70
14
68
52
-96
-115
-31
-121
77
344
186
-46
-209
-310
-366
-577
-695
-470
-238
30
-114
-344
-441
-605
-651
-404
-198
-243
-158
-149
-156
-129
-7
126
187
215
202
190
151
81
-16
-24
11
104
172
180
166
160
114
166
162
162
237
328
388
267
210
147
11
-105
-55
-52
-30
-20
-54
-42
-59
-2
157
171
154
147
132
137
81
156
319
395
451
577
405
82
-62
-11
46
65
25
132
296
243
83
-54
-158
-42
230
387
348
126
11
-30
-175
-220
-108
-197
-196
-35
45
-18
-78
-222
-281
-309
-470
-524
-363
-174
-121
-173
-209
-128
-30
63
56
160
134
-11
-68
223
441
399
189
111
221
235
158
111
243
154
-47
-97
2
-138
-303
-291
5
425
656
562
281
14
-151
-12
129
45
53
-36
-279
-272
-124
121
151
250
196
-50
-99
-188
-415
-848
-1109
-1123
-964
-648
-217
189
419
356
284
206
-115
-456
-536
-578
-626
-531
-548
-611
-695
-575
-382
-135
57
328
178
-57
-152
-228
35
-122
-214
-268
-418
-413
-303
-321
-395
-400
-363
-367
-338
-204
-201
-256
-188
-58
-209
-311
-313
-186
-77
-27
32
-104
-149
-173
-208
-197
-127
-74
-12
-115
-195
-120
-149
-165
-224
-311
-509
-672
-664
-477
-315
-314
-221
-26
8
-120
-194
-331
-370
-204
-171
-244
-270
-283
-459
-546
-540
-530
-382
-266
-328
-335
-400
-683
-673
-688
-706
-646
-561
-462
-283
-252
-361
-343
-320
-81
-170
-400
-599
-603
-373
-278
-252
-228
-169
-62
1
18
74
7
-59
-34
-54
-119
-170
-91
69
39
-65
-127
-43
-276
-491
-505
-504
-439
-396
-374
-390
-440
-569
-481
-442
-404
-374
-39
159
91
-141
-169
80
-68
-364
-480
-319
-403
-551
-461
-190
-74
50
237
308
261
241
64
-206
-574
-882
-683
-459
-401
-530
-533
-314
-171
-406
-465
-380
-462
-459
-582
-684
-664
-761
-772
-591
-285
-210
-249
-325
-346
-210
-231
-132
-69
-111
-280
-312
-372
-499
-419
-348
-396
-289
-314
-393
-422
-346
-319
-374
-306
-407
-348
-290
-228
-249
-295
-337
-283
-298
-295
-228
-187
-146
-73
-105
-239
-276
-208
-33
20
130
106
160
266
228
157
225
122
118
158
-6
-45
-170
-238
-233
-212
-242
-240
-195
-136
-49
-15
-127
-238
-300
-305
-255
-232
-105
-103
-155
-182
-218
-51
99
112
84
-8
-73
-33
-47
-35
-30
-3
21
21
48
109
123
90
243
282
256
396
465
551
800
751
419
162
120
92
133
412
592
632
617
699
647
329
150
177
253
222
177
204
18
-191
-224
-131
31
281
401
228
341
572
629
452
202
90
124
196
210
226
157
343
396
438
560
379
216
289
459
545
595
494
354
311
375
237
75
146
166
320
526
447
243
85
75
154
250
280
253
241
52
-60
-183
-276
-510
-639
-517
-721
-765
-685
-560
-675
-730
-583
-512
-396
-338
-235
-286
-190
-303
-331
-567
-658
-353
-373
-209
-169
-160
-275
-266
-384
-453
-493
-541
-485
-542
-382
-377
-444
-504
-506
-594
-558
-632
-732
-714
-693
-821
-941
-727
-587
-410
-394
-378
-457
-589
-626
-631
-588
-607
-658
-681
-647
-676
-690
-660
-545
-593
-558
-532
-612
-616
-662
-718
-658
-501
-435
-304
-446
-538
-506
-570
-643
-559
-439
-482
-384
-340
-217
-48
-70
-235
-323
-369
-376
-299
-235
-213
-230
-304
-403
-362
-494
-544
-522
-581
-364
76
511
631
409
134
-61
-185
-46
-16
-65
-83
-139
-156
5
152
113
56
122
218
143
252
164
23
-118
-131
-15
-125
-232
-278
-153
-77
-28
218
328
328
425
376
381
440
418
327
322
216
62
-31
14
278
509
666
516
496
617
582
587
534
369
393
459
660
811
673
368
289
436
320
388
356
287
286
504
416
208
276
381
462
298
293
115
120
303
572
550
549
534
332
139
3
213
118
23
22
56
104
119
-132
-375
-538
-493
-292
-272
-178
-273
-384
-333
-384
-524
-480
-427
-389
-441
-541
-694
-781
-652
-501
-444
-397
-450
-479
-352
-402
-439
-591
-690
-668
-676
-745
-744
-690
-661
-620
-673
-636
-627
-687
-740
-617
-547
-608
-654
-626
-459
-400
-495
-485
-401
-459
-529
-391
-289
-346
-417
-416
-510
-566
-500
-489
-411
-360
-174
-142
-226
-253
-235
-136
-117
55
53
-83
30
-136
-261
-220
-291
-437
-638
-569
-224
-59
-93
-47
-266
-414
-304
-319
-438
-381
-314
-59
-8
-182
-265
-333
-286
-72
118
40
-63
-210
-248
-341
-275
-266
-254
-88
151
387
433
461
386
202
-34
-94
-82
-74
0
165
198
121
126
32
-24
-177
-285
-189
-138
-71
-8
117
111
63
-91
-185
-124
-103
-30
-47
54
366
559
269
101
224
212
271
289
352
365
93
108
153
-2
82
247
224
268
297
322
326
16
-79
-132
-44
66
-202
-225
-145
-131
-18
-7
-127
-184
-212
-333
-391
-491
-555
-578
-638
-724
-711
-705
-794
-782
-779
-808
-843
-919
-849
-754
-898
-855
-716
-639
-715
-778
-679
-584
-530
-550
-546
-498
-474
-414
-359
-408
-508
-462
-367
-405
-553
-590
-568
-644
-572
-602
-570
-523
-610
-648
-609
-591
-500
-569
-436
-223
-211
-201
-227
-366
-689
-742
-722
-641
-668
-765
-782
-811
-856
-656
-483
-300
-258
-22
-72
-514
-327
-236
-109
-83
-16
-58
-89
-4
155
302
263
309
340
470
252
-89
-290
-141
235
437
238
50
50
153
242
8
-72
5
271
229
103
70
35
-33
-79
136
468
607
515
559
642
739
740
849
767
546
303
274
197
208
227
101
237
249
432
491
488
385
376
377
370
420
292
273
335
394
396
597
693
726
747
783
671
452
408
446
413
376
350
391
491
396
624
710
663
564
537
555
426
433
432
532
450
321
477
576
510
461
265
249
156
31
-13
-152
-223
-252
-128
-4
-61
-308
-317
-225
-165
-42
-36
-280
-320
-203
-198
-277
-357
-363
-567
-635
-543
-462
-388
-398
-302
-166
-77
-112
-249
-352
-445
-423
-414
-399
-530
-674
-675
-517
-422
-361
-386
-411
-127
-87
-113
-119
-210
-529
-630
-587
-644
-774
-1012
-1006
-1002
-898
-751
-517
-316
-187
-232
-245
-196
-460
-524
-586
-500
-352
-478
-426
-331
-366
-513
-507
-282
-284
-500
-593
-523
-542
-654
-585
-448
-438
-467
-363
-163
-238
-367
-430
-350
-425
-750
-846
-745
-619
-608
-563
-555
-532
-511
-570
-660
-631
-455
-236
-196
-204
-174
-142
83
187
184
227
275
113
29
163
107
-74
-136
-198
-179
-125
-287
-269
-240
-237
-151
-128
-96
-56
-24
-47
-52
-49
-127
-125
-85
-43
132
176
163
79
55
-19
-216
-43
113
161
195
142
227
237
231
182
99
26
-115
-158
-159
-232
-226
-77
-77
-9
-168
-412
-445
-366
-299
-327
-342
-227
-62
-97
-134
-211
-243
-281
-165
-137
-194
-20
114
67
-137
-162
-67
-111
-58
-38
-44
-55
-97
-98
-149
-237
-406
-446
-429
-404
-481
-637
-593
-425
-275
-259
-386
-516
-528
-395
-526
-670
-490
-527
-611
-410
-285
-237
-211
-263
-227
-38
13
-68
-96
-36
-211
-526
-510
-491
-570
-819
-857
-740
-597
-499
-437
-429
-485
-192
157
170
-12
-135
-89
-55
-260
-305
-369
-496
-436
-377
-529
-619
-643
-520
-387
-356
-269
-196
-14
-10
14
130
-55
-258
-276
-156
12
20
-84
-159
-133
-141
-25
148
241
350
377
294
150
-70
-331
-463
-420
-465
-449
-425
-488
-421
-435
-461
-411
-310
-343
-414
-443
-474
-491
-505
-435
-388
-239
-164
-3
223
86
-172
-372
-513
-352
-71
33
112
84
-14
-70
-106
-125
-8
-27
-130
-100
-171
-390
-557
-640
-500
-317
-233
-118
-8
31
-100
-257
-357
-272
-324
-404
-360
-365
-384
-482
-541
-323
-235
-181
-177
-318
-348
-353
-487
-589
-428
-304
-271
-265
-108
-125
-59
22
169
279
274
172
166
456
327
164
-26
-148
-205
-378
-563
-675
-520
-374
-382
-284
-323
-246
-129
-223
-282
-173
79
10
-146
-212
-183
-285
-313
-284
-320
-350
-450
-557
-578
-610
-644
-500
-582
-683
-785
-617
-320
-115
31
77
252
303
248
41
-249
-578
-689
-621
-299
-98
-6
124
-17
-167
-403
-456
-408
-314
-196
-102
-164
-276
-318
-88
-111
-212
18
202
352
303
252
142
221
350
419
356
387
350
379
466
485
454
259
190
149
224
211
201
217
197
159
167
148
137
127
206
168
112
158
197
223
250
275
101
137
217
351
481
498
471
452
334
180
134
130
44
-82
-14
25
123
105
-68
-141
-212
-237
-186
-125
-147
-163
-168
-264
-255
-181
-196
-191
-164
-203
-45
-71
-256
-232
-172
-122
-98
-117
-148
-157
-338
-355
-251
-210
-167
-84
192
241
11
-165
-325
-445
-466
-329
-274
-305
-250
-257
-300
-314
-94
-49
-219
-147
-66
-168
-442
-556
-632
-565
-449
-346
-219
-349
-425
-541
-475
-427
-464
-367
-139
-159
-295
-327
-487
-563
-542
-490
-623
-635
-688
-505
-274
-303
-417
-467
-434
-581
-618
-540
-382
-363
-276
-141
-52
-152
-378
-467
-526
-700
-790
-658
-574
-578
-702
-977
-1054
-850
-602
-313
-278
-336
-375
-436
-583
-453
-223
-255
-346
-373
-378
-398
-449
-529
-449
-371
-317
-183
78
51
13
-31
-150
-131
-221
-297
-302
-194
-158
-101
116
112
21
-92
-105
-42
-159
-189
-225
-294
-285
-291
-264
-191
-178
-170
-127
-91
-83
1
64
79
40
75
131
153
103
69
125
126
256
169
-8
-46
-157
-320
-322
-299
-280
-232
-262
-310
-367
-337
-278
-216
-155
-70
16
174
281
226
190
219
318
445
518
461
225
-55
-96
-8
-28
-37
-30
-127
-52
16
-22
-198
-452
-481
-563
-408
-231
-360
-403
-475
-406
-360
-416
-363
-438
-398
-353
-191
-174
-240
-119
-34
-10
-124
-136
-151
-234
-313
-300
-308
-317
-169
-85
-210
-176
-108
35
-7
-141
-195
-352
-247
-225
-112
-81
-321
-385
-232
-210
-244
-198
-94
-25
-82
-259
-485
-591
-548
-355
-232
-88
-172
-234
-358
-380
-141
-42
121
182
136
149
263
184
66
55
303
356
152
126
140
-10
-229
-262
-226
-192
-294
-259
-247
-231
-308
-243
51
48
87
226
212
445
498
314
233
-69
-202
-167
-66
-11
170
264
366
352
304
413
336
333
169
130
104
15
-21
83
153
102
27
3
154
183
252
224
165
66
16
-50
-72
-59
-121
-193
-234
-98
-29
38
100
133
84
127
207
147
70
-41
-143
-148
29
76
33
58
-20
-67
-3
-40
-54
117
73
157
283
262
317
300
272
293
257
64
-118
-189
-171
-29
76
11
14
0
51
-156
-383
-247
3
226
387
260
150
81
-211
-260
-254
-104
-144
-123
-151
-235
-230
-223
47
149
-44
-211
-157
-186
-273
-346
-524
-668
-421
-291
-227
-218
-335
-416
-516
-579
-571
-558
-671
-527
-536
-615
-656
-619
-575
-640
-565
-537
-588
-623
-637
-603
-492
-457
-408
-315
-209
-158
-247
-147
-72
-235
-325
-274
-180
-185
-103
-44
11
9
-43
-60
5
54
73
105
81
47
-7
52
56
-107
-345
-443
-481
-365
-172
-86
-305
-558
-654
-613
-451
-356
-320
-437
-553
-678
-627
-491
-469
-577
-657
-466
-205
45
223
188
45
-105
-175
-143
-100
-115
-118
-147
-101
-98
-139
-135
-274
-290
-281
-188
-85
-183
-269
-244
-201
-200
-322
-490
-411
-228
23
21
5
55
-149
-304
-359
-320
-250
-178
-88
77
81
150
200
194
209
91
-72
-165
-119
-99
-74
-125
-110
-25
127
138
178
134
51
-64
-155
-146
-169
-96
-163
-304
-459
-463
-273
-43
211
455
548
682
663
660
387
309
389
166
53
-252
-240
-141
-160
-45
-29
69
181
219
307
112
-92
-93
-45
-122
-258
-293
-378
-459
-566
-564
-399
-305
-214
-119
-140
-198
-206
-183
-145
-163
-299
-377
-337
-120
-10
-190
-289
-349
-394
-379
-436
-480
-428
-311
-266
-292
-339
-492
-553
-491
-460
-409
-421
-408
-474
-589
-610
-414
-92
50
-83
-387
-487
-622
-782
-713
-561
-556
-684
-682
-524
-546
-574
-449
-377
-214
-204
-412
-549
-586
-618
-741
-850
-855
-753
-647
-714
-642
-727
-860
-772
-825
-849
-854
-748
-637
-696
-816
-720
-525
-440
-371
-505
-667
-800
-869
-671
-445
-388
-423
-284
-244
-358
-350
-322
-230
-77
-15
-76
-240
-428
-497
-483
-446
-274
-13
-6
-120
-215
-305
-313
-279
-199
106
101
-143
-170
-334
-520
-612
-545
-449
-227
-128
-117
-88
-214
-368
-445
-475
-395
-67
144
368
403
374
462
456
441
410
455
382
337
232
292
403
317
379
291
166
118
186
136
110
66
-110
-53
92
318
365
326
223
137
27
-207
-97
48
-24
64
255
333
352
399
498
346
115
34
54
114
59
-33
-27
159
290
272
112
36
149
216
120
130
194
100
141
210
237
256
289
180
7
-225
-445
-465
-373
-164
-82
0
64
182
221
132
62
-24
-49
-170
-143
-163
-243
-107
-32
48
144
97
34
-62
-135
-195
-236
-271
-374
-397
-376
-431
-510
-481
-394
-427
-433
-386
-406
-297
-403
-539
-631
-694
-734
-708
-554
-555
-628
-831
-934
-845
-779
-719
-552
-550
-466
-482
-618
-766
-905
-1120
-1275
-1127
-960
-823
-655
-591
-646
-520
-464
-198
-119
-327
-407
-333
-413
-386
-418
-673
-659
-717
-700
-705
-668
-606
-626
-592
-535
-459
-415
-498
-610
-636
-735
-738
-711
-624
-523
-578
-583
-561
-427
-444
-474
-496
-482
-357
-359
-410
-335
-222
-200
-290
-472
-543
-654
-576
-415
-222
-67
-87
-151
-163
-38
99
176
33
-93
-91
4
201
313
264
-2
-236
-146
-6
-84
-289
-244
-273
-362
-326
-403
-417
-374
-239
-167
-202
-434
-406
-248
-198
-175
-172
-26
-54
-113
-155
2
77
150
213
241
244
206
18
-195
-54
-51
-76
-200
-320
-533
-542
-320
-256
-288
-341
-243
-186
-240
-237
-213
-330
-340
-322
-249
-228
-206
-220
-208
-188
-157
-146
-165
-173
-140
-29
-153
-270
-372
-379
-445
-366
-390
-440
-443
-377
-251
-246
-162
-152
-21
-63
-162
-260
-354
-434
-424
-319
-190
-136
5
139
148
28
8
87
78
295
326
230
-122
-290
-287
-319
-219
-191
-236
-315
-284
-144
-272
-517
-434
-475
-631
-723
-562
-340
-277
-274
-283
-289
-364
-514
-569
-518
-585
-628
-499
-292
-19
73
-119
-298
-294
-199
-268
-198
-200
-232
-241
-295
-248
-160
20
63
93
-112
-288
-356
-473
-424
-382
-340
-256
-279
-255
-138
-183
-341
-485
-345
-247
-210
-139
-64
36
69
105
173
72
-170
-239
-99
94
138
224
210
83
37
-5
-75
-210
-257
-43
8
-50
-113
-70
-137
-320
-159
-145
-206
-295
-284
-230
-262
-264
-91
90
-23
-119
-163
-117
-117
-122
-52
-103
-189
-275
-264
-217
-58
-126
-212
-149
-369
-367
-413
-547
-556
-547
-444
-374
-442
-483
-564
-609
-620
-667
-645
-732
-700
-670
-748
-779
-744
-693
-678
-680
-629
-552
-496
-434
-397
-364
-320
-318
-407
-474
-376
-404
-353
-357
-434
-241
-340
-505
-403
-374
-413
-410
-403
-298
-244
-207
-235
-181
-151
-80
95
62
-79
-11
56
-129
-282
-361
-269
-264
-347
-338
-84
163
229
218
238
-44
-264
-129
-86
-87
-72
58
159
220
159
139
216
250
171
209
319
152
-155
-341
-326
-519
-763
-769
-629
-246
-78
-79
65
131
110
166
327
337
134
9
-109
-202
-390
-418
-237
-228
-181
-184
-52
78
164
320
347
416
519
444
256
218
368
348
368
374
270
220
321
335
275
333
343
341
281
424
263
147
173
375
466
375
349
133
71
-78
-32
-208
-242
23
112
233
303
360
510
662
538
587
726
634
602
537
462
336
206
230
260
218
62
37
71
80
-57
-182
-296
-433
-334
-243
-220
-312
-260
-171
-212
-273
-236
-145
-204
-251
-213
-49
26
-28
-96
-70
-55
-103
20
0
32
95
-4
-30
64
114
103
93
106
180
24
49
0
-167
-246
-217
-88
-165
-139
-156
-177
-230
-253
-269
-311
-191
-70
218
382
338
197
11
-113
-222
-231
-157
-132
-281
-339
-386
-326
-147
-78
-84
5
323
684
782
608
435
375
454
545
700
866
743
429
200
180
266
315
220
110
183
406
497
254
113
63
130
288
384
484
416
226
78
-63
-166
-208
-63
104
96
91
58
54
-17
-254
-372
-357
-171
61
-39
27
78
37
90
155
153
99
-5
6
263
345
377
371
409
369
342
343
348
351
186
105
7
-158
-309
-446
-454
-484
-629
-544
-528
-650
-658
-677
-303
80
61
-2
-178
-310
-291
-342
-362
-328
-255
-195
-207
-179
-149
-110
-125
-96
-163
-211
-236
-351
-345
-461
-387
-414
-462
-446
-477
-360
-355
-393
-504
-517
-508
-425
-379
-378
-378
-351
-354
-388
-357
-458
-490
-555
-409
-385
-363
-277
-347
-337
-354
-309
-377
-281
-259
-322
-385
-366
-164
-74
-159
-274
-283
-420
-442
-450
-491
-406
-339
-240
-122
-85
-163
-255
-359
-398
-223
-4
75
94
98
110
19
38
111
207
321
443
352
-284
-628
-577
-399
-368
-336
-266
-155
75
437
574
519
588
377
184
198
288
173
169
192
304
441
363
411
600
400
219
344
422
547
543
373
263
223
169
322
218
168
322
381
413
487
576
347
203
191
124
22
131
353
306
177
163
176
66
130
309
512
478
513
581
650
760
661
710
607
452
250
237
258
91
164
229
355
554
461
408
283
195
251
70
81
190
204
257
234
11
-64
-190
-382
-406
-453
-324
-380
-418
-439
-474
-426
-540
-569
-413
-265
-243
-323
-417
-406
-508
-475
-381
-405
-453
-323
-255
-156
-95
-170
-281
-391
-354
-464
-534
-538
-473
-571
-598
-619
-676
-646
-586
-586
-527
-478
-585
-661
-705
-564
-511
-548
-563
-614
-494
-443
-592
-555
-653
-549
-583
-559
-358
-312
-233
-251
-180
-209
-222
-358
-431
-570
-583
-522
-515
-380
-369
-444
-483
-761
-928
-906
-982
-605
-533
-603
-553
-513
-279
-244
-261
-217
-118
-98
-264
-388
-397
-379
-343
-233
-226
-296
-409
-380
-174
-119
38
112
63
21
21
-8
-70
-36
-119
-72
202
308
226
183
118
296
337
193
153
94
102
93
279
389
429
338
268
332
279
236
177
164
103
109
4
-51
-48
-194
-230
-296
-220
-92
-148
-128
-68
-49
-57
-43
-103
-121
-54
-6
88
71
-1
-66
17
90
47
23
-75
-190
-239
-150
23
32
89
183
43
-93
-126
-103
-171
-268
-244
-86
-6
6
62
108
158
101
-10
-28
-168
-288
-201
-113
-84
-129
-126
-125
-181
-243
-196
-140
-148
-185
-199
-239
-180
-101
-169
-87
32
53
-24
-50
-16
-11
-140
-329
-315
-101
19
49
41
55
30
-54
-37
-213
-315
-195
-36
-50
-130
-225
-321
-365
-378
-352
-377
-359
-381
-353
-408
-384
-286
-215
-270
-345
-225
-185
-199
-155
-70
-25
21
-18
-32
-90
-238
-233
-71
-68
-43
13
-90
-114
-128
25
68
23
114
74
-2
-74
-22
35
12
10
-28
24
125
139
99
169
112
-89
-124
-53
-67
-194
-214
-134
-77
-98
-77
36
-21
-84
61
117
29
-31
112
304
313
306
317
360
349
238
200
198
239
235
289
275
319
342
289
330
134
99
161
251
248
138
20
-205
-310
-243
-177
-117
-80
-54
84
27
-130
-214
-293
-356
-383
-397
-253
-154
-154
-156
-121
-52
-72
0
40
-79
-197
-253
-277
-295
-361
-308
-177
-89
-109
-74
-17
-77
9
11
-46
-144
-352
-454
-403
-432
-432
-298
-215
-177
-94
43
-51
-225
-322
-228
-144
-103
3
60
47
70
194
115
-11
37
-17
0
185
150
91
4
-75
-101
-75
-249
-381
-305
-106
-39
-100
-17
-81
-90
-146
-33
-110
-138
48
52
122
183
145
101
141
127
86
-1
-22
-79
-69
124
147
134
111
55
71
3
-17
-24
71
157
100
22
-69
-164
-197
-92
-33
70
100
-65
-144
-141
-74
0
3
145
186
87
192
199
73
158
297
432
422
333
344
401
393
309
283
230
200
189
208
231
209
183
299
355
398
380
315
354
339
392
338
272
252
361
358
320
341
327
436
418
321
256
239
230
261
199
229
254
332
431
443
511
527
606
577
468
356
319
242
225
220
213
330
464
585
700
817
772
734
648
541
459
462
557
621
585
493
508
515
493
376
384
453
452
489
437
326
130
3
29
148
144
22
124
293
426
479
429
365
222
121
119
262
313
214
330
357
293
226
290
452
362
318
355
314
266
283
296
244
205
257
310
322
284
251
322
495
577
473
389
431
471
283
146
170
192
252
321
367
290
222
217
197
181
201
264
287
252
186
227
239
231
273
304
299
321
423
371
200
210
265
229
242
437
553
440
407
311
321
346
189
85
75
7
15
193
236
230
200
116
106
8
16
78
156
251
98
35
45
-47
-225
-218
-184
-257
-277
-283
-175
-191
-312
-318
-306
-215
-219
-179
-154
-219
-306
-468
-517
-587
-537
-477
-381
-298
-226
-134
-103
-217
-244
-145
-84
-3
25
58
94
57
10
-5
40
177
76
64
-1
-92
-138
-84
28
5
32
67
155
198
104
-12
13
28
112
195
124
144
330
420
331
61
-47
-38
15
59
83
89
-44
-230
-397
-366
-359
-302
-253
-233
-92
56
7
-141
-250
-233
-210
-172
-92
-170
-282
-353
-300
-327
-373
-206
-93
-57
-83
-168
-102
-53
-44
-66
-78
-12
3
-30
-53
34
84
95
168
212
133
83
44
-40
-67
-128
-115
-181
-293
-314
-288
-380
-351
-258
-252
-194
-240
-227
-176
-79
-69
-62
8
134
172
77
11
-9
39
158
243
287
414
410
375
289
227
136
88
120
-8
29
44
44
94
-79
-172
-41
64
88
12
-53
18
106
191
171
133
195
194
142
113
-62
-100
-220
-457
-482
-348
-45
24
54
65
93
92
28
-109
-167
-108
-134
-92
-99
-55
-62
-54
6
-20
42
88
50
62
-17
-73
-96
-98
-162
-140
-208
-315
-253
-182
-106
-165
-98
-134
-225
-248
-290
-330
-190
25
84
0
49
50
-65
-9
-79
-92
-135
-54
32
49
155
58
90
246
346
413
339
389
426
313
164
121
165
154
-9
-124
-147
-287
-381
-495
-356
-210
-371
-392
-280
-381
-409
-243
-39
-53
-140
-206
-289
-334
-364
-267
-303
-392
-483
-438
-410
-287
-145
-156
-6
100
15
3
-36
-133
-114
-112
-114
-223
-304
-293
-384
-477
-373
-323
-429
-401
-335
-333
-343
-320
-323
-347
-290
-282
-362
-412
-372
-243
-176
-202
-204
-164
-93
-72
-127
-170
-105
-46
-141
-260
-221
-189
-276
-281
-220
-129
-234
-420
-351
-271
-365
-548
-505
-362
-281
-309
-460
-476
-393
-363
-362
-401
-450
-449
-298
-212
-226
-138
-191
-121
-5
-81
-161
-171
-120
-103
-116
-91
-112
-169
-188
-331
-388
-208
-96
-37
27
-14
16
92
60
130
120
91
202
159
163
159
125
148
201
163
190
339
267
203
294
330
188
88
123
101
-33
-6
41
-71
-126
-51
-114
-165
-71
-51
42
117
227
240
329
339
252
256
271
291
336
422
429
453
275
207
135
123
180
154
82
-59
-96
38
53
40
152
137
155
154
178
164
266
307
307
337
230
219
340
312
288
284
115
217
314
246
303
296
184
128
100
-29
-151
-153
-104
-106
-246
-320
-292
-282
-284
-287
-219
-168
-45
60
27
83
120
142
157
54
-33
-29
-149
-307
-250
-123
-84
-55
-73
-59
-130
-236
-148
-158
-136
-260
-360
-365
-518
-618
-676
-576
-471
-376
-339
-366
-289
-240
-191
-154
-129
-97
-204
-244
-188
-238
-246
-199
-177
-38
73
69
38
49
87
-20
-127
-183
-99
-100
-120
-73
-103
-112
-148
-91
-18
-7
-89
-119
-141
-226
-370
-274
-65
-90
-95
45
110
38
-60
-134
13
72
31
1
71
93
95
197
263
270
242
302
332
407
484
497
524
533
441
421
431
358
371
411
441
445
440
353
118
14
19
66
215
397
419
365
340
328
299
229
268
243
210
276
320
255
309
343
321
376
400
356
327
397
419
450
478
596
642
634
766
779
697
712
599
574
605
604
601
515
555
543
455
302
275
272
187
206
218
205
123
2
115
288
282
121
138
197
106
203
245
211
139
148
232
336
371
330
261
109
47
58
136
65
-11
-38
-29
35
10
-25
-74
-143
-216
-213
-232
-268
-331
-338
-302
-327
-327
-260
-233
-318
-274
-118
-130
-201
-160
-147
-117
-11
22
-199
-221
-176
-216
-161
-184
-199
-279
-253
-114
-92
-45
14
-86
-90
23
151
57
-13
14
-96
-97
1
70
77
87
164
279
219
181
192
206
176
112
40
148
315
248
210
48
59
119
178
266
256
337
313
312
315
354
304
300
354
421
501
412
404
353
338
282
181
198
272
327
315
350
460
464
358
337
378
500
511
378
370
443
472
381
206
187
282
273
330
356
383
459
382
310
360
402
388
408
309
357
522
580
560
583
664
615
566
647
693
602
545
641
713
627
632
600
496
443
489
541
512
379
306
316
374
591
623
520
449
309
238
219
315
447
494
413
215
178
168
301
323
161
150
150
68
66
102
37
-35
-103
-81
-124
-201
-194
-222
-337
-361
-382
-485
-564
-602
-472
-386
-507
-581
-548
-527
-593
-664
-477
-285
-316
-438
-570
-639
-724
-741
-715
-599
-411
-374
-396
-410
-411
-345
-282
-315
-238
-86
-90
-246
-259
-255
-297
-216
-209
-215
-346
-445
-454
-553
-564
-431
-393
-354
-205
-180
-206
-133
-149
-89
-17
-52
47
106
165
17
-18
24
46
53
-40
-90
-204
-177
-34
65
-15
-3
-55
-229
-295
-251
-76
39
77
74
49
71
44
81
130
228
261
283
278
239
247
137
138
163
281
297
327
323
249
238
177
224
371
491
546
633
574
427
338
316
355
300
240
232
263
323
288
278
237
169
133
176
157
130
251
249
123
1
57
68
111
230
319
438
448
384
342
375
343
262
162
167
142
128
175
243
331
291
365
484
521
473
310
237
253
215
156
194
240
249
268
249
232
129
15
38
-22
-120
-20
22
38
103
111
108
101
71
116
129
79
103
35
40
14
-34
-36
-140
-297
-340
-293
-334
-298
-240
-175
-172
-146
-140
-194
-301
-475
-410
-429
-368
-231
-299
-315
-414
-437
-408
-398
-435
-448
-354
-385
-440
-476
-491
-432
-385
-410
-369
-318
-206
-139
-100
-157
-261
-238
-196
-199
-235
-180
-285
-235
-226
-161
-96
-90
-41
-1
136
-51
-92
-50
-64
-134
-167
-127
-150
-209
-251
-254
-330
-343
-343
-426
-448
-368
-218
-140
-53
71
110
68
45
160
174
151
169
262
217
175
228
185
114
181
378
406
369
361
241
198
125
82
104
64
130
99
-5
-101
-45
28
106
150
148
238
272
234
164
179
229
240
215
210
248
269
328
453
515
360
304
370
341
284
244
167
90
56
30
16
-47
-34
-21
-47
29
55
-4
8
-52
-116
-5
75
112
154
101
101
145
217
299
357
406
436
416
344
366
386
352
381
327
237
241
204
199
211
199
288
366
307
269
201
163
259
293
274
301
255
243
245
236
244
212
234
256
167
101
73
71
123
42
55
89
187
205
100
86
-17
41
107
124
176
194
234
284
452
303
201
165
89
71
44
109
-105
-141
-79
-120
-238
-192
-114
-85
-150
-160
-9
6
-35
-175
-192
-256
-203
-285
-250
-120
-121
-108
-98
-17
-59
-52
3
145
200
259
278
121
68
92
76
167
295
388
450
390
278
142
120
142
247
301
143
152
246
347
387
365
471
512
468
385
384
265
66
-42
57
116
-49
-174
-91
80
26
49
17
10
-20
-108
-194
-276
-274
-167
-13
27
100
211
305
250
269
278
206
124
35
-32
-104
-104
20
78
0
-41
-22
-42
-100
-142
-136
-18
-21
-22
58
113
30
-55
-174
-278
-233
-174
-19
16
-21
-86
-56
-11
-74
-131
-257
-196
-113
-186
-220
-223
-180
-103
-62
7
36
35
75
84
29
0
-83
-142
-37
-48
-87
-113
-259
-329
-274
-224
-203
-187
-116
13
169
280
311
279
262
261
191
78
133
191
155
167
173
183
58
93
208
179
55
-94
-14
44
34
22
64
21
-61
-81
-209
-169
-97
-102
-102
49
91
-76
-147
-116
-135
-181
-122
-110
-166
-112
7
116
292
305
412
393
263
176
200
261
320
414
302
173
17
22
18
51
34
-64
-74
-24
-6
-5
47
80
57
-17
56
178
241
205
44
-46
2
55
160
200
196
151
87
-68
-182
-142
-140
-183
-135
81
88
96
42
45
97
62
-22
-131
-69
-71
22
71
146
155
129
96
-17
-18
-27
50
-15
-72
-72
-56
37
41
-16
-71
-11
21
36
-20
-72
24
181
323
259
211
259
264
217
162
168
256
193
1
3
-123
-237
-285
-252
-220
-397
-380
-292
-260
-282
-178
-104
-195
-237
-183
-55
-63
12
43
60
123
140
158
251
243
153
273
380
406
385
461
443
441
433
397
368
233
71
-26
-55
-45
0
3
64
-50
-15
119
10
-12
-2
46
123
104
165
156
90
50
57
131
74
75
211
317
491
624
560
463
295
312
351
404
478
419
358
185
226
168
-50
-151
-155
-77
6
38
13
-10
-126
-86
31
97
123
113
205
184
94
178
327
459
507
419
331
265
290
309
349
405
314
300
263
193
81
-44
73
304
369
258
169
165
152
212
300
208
123
160
143
102
101
34
1
42
52
-20
-44
-3
-5
-84
-87
44
111
174
175
64
15
-64
33
91
-34
-13
78
112
11
50
91
78
29
83
167
105
85
93
167
145
107
99
149
183
248
400
410
464
381
344
258
119
117
79
132
68
106
72
99
190
137
66
113
165
68
128
82
70
48
-64
-56
-35
11
77
149
240
249
250
215
194
214
234
247
119
0
-42
-12
104
131
27
-38
-40
71
241
214
53
-84
-135
-142
-168
-120
-102
-124
-75
11
30
131
318
446
410
342
324
289
371
353
375
407
353
359
289
212
296
380
400
419
381
364
364
308
296
374
429
387
288
334
386
288
156
238
407
474
391
296
333
372
304
69
58
94
56
83
141
115
-32
-141
-21
199
172
55
-37
-65
73
95
33
133
163
166
173
219
245
242
187
140
210
280
306
308
362
337
211
211
207
149
130
105
113
119
187
157
118
90
130
270
297
316
348
258
176
166
130
269
368
346
360
388
396
354
306
362
486
592
519
280
200
239
150
170
375
463
513
400
277
229
298
349
330
304
257
190
20
-34
-81
4
89
144
213
197
163
151
160
210
232
258
212
42
-21
-24
76
228
319
281
251
130
18
0
2
-7
58
168
59
-40
-144
-128
-80
-80
-66
-62
136
331
371
279
181
151
52
-17
-21
-40
-60
-51
-20
-34
-40
-88
-58
-24
-68
-89
-44
47
27
-7
-93
-76
-27
-9
62
54
24
97
156
118
56
-1
71
150
139
85
52
114
178
146
74
102
117
117
96
-25
-26
-24
-69
-51
-32
-82
-221
-366
-412
-387
-298
-209
-281
-356
-417
-446
-370
-343
-366
-469
-564
-528
-473
-388
-398
-469
-423
-267
-91
-103
-176
-137
-46
-36
-38
10
-6
-46
-105
-146
-174
-141
-73
-122
-135
-198
-173
26
136
137
129
152
-24
-199
-149
-100
-40
18
75
139
124
34
-99
-65
0
-28
-89
-36
38
59
91
123
169
128
110
189
312
327
384
442
460
561
570
503
498
502
460
275
169
173
113
128
199
252
177
-4
-35
-12
-72
-160
-231
-220
-142
-75
43
179
128
43
-22
72
48
-8
-54
-205
-185
-87
-71
-70
6
69
148
87
132
154
78
47
15
-1
-59
-108
-79
-46
-79
-137
-185
-133
-148
-159
-238
-226
-84
-126
-158
-163
-160
-161
-206
-119
-34
-123
-107
-21
97
184
182
187
181
132
-54
-9
60
15
-19
-100
-71
-12
-110
-199
-120
-56
-138
-211
-112
-144
-260
-314
-242
-177
-147
-187
-204
-113
-103
-115
-123
-70
-112
-109
-7
26
57
100
46
-28
-60
-164
-228
-135
-81
-116
-28
69
-23
-113
-152
-104
125
146
16
20
10
30
69
49
76
14
-34
74
204
207
118
180
314
343
211
248
394
366
310
306
347
305
248
315
333
239
196
187
183
178
150
170
177
206
279
361
445
453
537
631
685
602
521
595
585
473
452
532
557
496
443
440
390
323
334
450
505
457
493
591
610
483
386
470
468
437
424
443
478
582
729
800
817
722
630
559
576
501
424
405
418
379
273
200
198
218
246
298
332
435
426
496
474
413
430
355
389
365
234
236
253
274
277
231
221
240
182
22
-60
-165
-151
-61
-5
-71
-78
-105
-170
-181
-338
-382
-320
-259
-227
-249
-279
-279
-356
-335
-271
-284
-261
-241
-345
-435
-339
-305
-262
-283
-285
-270
-348
-391
-375
-378
-454
-400
-368
-319
-280
-212
-220
-233
-133
-192
-300
-249
-91
21
103
9
-46
-73
-126
-148
-52
84
107
163
170
118
11
-53
-48
90
179
151
135
55
-40
-138
-197
-166
-113
-97
-141
-197
-275
-405
-376
-249
-215
-239
-186
-144
-128
-156
-183
-59
110
237
217
120
105
107
222
352
284
233
217
212
112
97
135
39
6
29
-56
-108
-19
13
-11
-134
-155
4
100
51
202
374
393
362
303
373
347
383
394
374
399
364
342
354
347
249
240
256
213
200
200
245
274
296
298
246
334
407
471
425
468
517
412
343
282
265
154
133
117
69
10
27
104
187
206
102
106
143
87
120
151
127
73
36
122
154
185
177
137
102
36
14
-76
-176
-172
-206
-222
-261
-278
-304
-247
-164
-151
-147
-105
-116
-211
-208
-292
-240
-222
-246
-262
-317
-378
-376
-324
-384
-358
-338
-304
-329
-361
-355
-341
-356
-300
-137
-114
-225
-216
-48
-44
-101
-144
-121
-2
-14
-89
-102
-82
-81
-116
-155
-129
-53
16
69
61
115
154
181
249
246
212
116
-4
25
157
161
200
225
326
329
245
281
212
67
-58
-33
-21
0
18
39
81
73
91
186
229
215
128
59
99
88
0
-67
-132
-132
-142
-181
-118
-142
-72
-52
-127
-78
35
114
209
240
263
365
356
235
123
104
147
87
86
117
140
230
209
125
68
101
61
64
128
149
72
26
56
99
71
63
145
189
271
320
251
141
151
78
12
-54
-119
-169
-235
-144
-145
-155
-96
21
100
108
92
84
122
47
-83
-189
-179
-127
-66
-57
-85
-153
-234
-259
-278
-295
-332
-336
-350
-372
-378
-336
-299
-318
-326
-324
-304
-228
-153
-143
-180
-191
-220
-204
-179
-109
-49
-83
-143
-148
-108
-143
-105
-30
47
70
33
13
155
279
184
107
69
-23
-147
-229
-234
-249
-265
-258
-193
-112
-185
-195
-118
-122
-160
-129
-35
-18
66
249
293
246
221
262
222
222
217
139
153
168
153
103
110
33
-6
60
139
128
53
117
262
404
429
355
255
150
17
-18
41
127
131
5
-30
-73
-76
99
167
178
208
148
95
146
245
281
288
334
484
514
463
387
333
298
153
260
335
258
183
44
-33
-25
14
47
183
266
339
402
434
480
417
339
247
151
153
238
399
435
474
519
442
441
393
363
395
430
343
303
245
147
140
114
179
272
368
410
398
281
219
177
77
100
49
-11
-45
-44
-18
-90
-155
-158
-54
19
46
100
80
66
136
220
260
279
177
77
126
188
194
92
49
-14
-60
-80
-36
79
27
-12
0
38
85
57
-28
-34
-53
-80
-12
-20
-73
-107
-138
-70
70
205
281
281
239
135
4
-53
-92
-25
107
77
62
91
173
195
220
286
287
277
220
191
214
153
93
118
110
100
105
65
64
178
282
322
233
163
131
144
150
50
-19
-95
-159
-143
-74
36
144
175
260
367
435
414
307
227
162
48
20
177
234
205
280
391
293
169
239
358
531
627
606
599
598
563
464
325
246
172
164
218
204
169
64
-40
-104
-133
-80
-28
-94
-247
-318
-317
-304
-225
-158
-69
35
47
-59
-100
69
53
43
52
63
139
184
239
220
243
259
313
351
385
358
268
173
124
95
36
-93
-164
-82
-111
-217
-285
-251
-221
-268
-238
-183
-144
-102
-117
-124
-101
-56
-20
-17
-96
-119
-54
7
49
37
-25
-46
-49
-56
3
39
19
-26
-66
-53
7
-7
36
-11
-71
-14
32
27
-86
-116
49
139
110
49
-73
-126
-55
7
-72
-71
-72
-40
-64
-85
-51
-78
-60
-50
63
133
44
-52
-72
-35
8
36
111
162
179
175
114
79
56
19
-46
-108
-106
-85
-81
-106
-170
-199
-144
-143
-82
20
61
148
224
210
178
176
162
162
94
-16
-91
8
101
191
283
268
291
304
325
287
292
276
279
308
308
344
390
411
265
290
398
460
539
475
443
520
537
465
404
327
305
403
498
563
619
584
498
484
496
502
499
453
446
384
398
429
447
434
267
138
117
142
127
114
22
26
48
-79
-155
-180
-150
-70
-116
-213
-278
-258
-237
-206
-184
-248
-269
-236
-136
-163
-219
-270
-237
-206
-191
-168
-151
-110
-140
-72
3
62
95
130
65
-16
-17
-120
-201
-222
-265
-333
-397
-302
-257
-332
-345
-322
-311
-274
-144
-31
-26
-84
-23
37
-74
-199
-149
-112
-139
-176
-177
-185
-271
-315
-271
-181
-140
-195
-199
-197
-220
-231
-333
-340
-347
-299
-266
-203
-102
-16
-10
-93
-156
-205
-229
-282
-195
-220
-262
-267
-279
-329
-377
-386
-409
-370
-431
-442
-400
-347
-260
-248
-285
-321
-301
-371
-472
-342
-218
-184
-184
-97
-47
-86
-32
-11
10
43
44
42
-34
-221
-253
-238
-239
-122
-35
0
74
61
-35
-38
-66
-115
-165
-202
-152
-75
-63
-76
20
146
138
84
98
178
252
347
444
413
337
337
388
477
552
554
536
496
421
372
380
415
437
422
394
357
376
361
267
188
176
258
287
318
381
401
363
349
377
341
355
420
477
470
426
401
282
126
75
70
56
88
117
202
222
163
213
265
305
386
436
424
392
411
449
425
421
410
394
373
309
298
221
157
192
246
325
371
318
174
90
88
66
-5
6
-51
-145
-148
-127
-113
-163
-148
-81
-59
2
190
353
343
245
332
308
237
284
301
285
145
137
117
91
30
61
134
40
-1
44
138
116
169
190
164
109
30
-70
-151
-115
-58
-74
-84
13
-5
49
102
183
248
237
250
258
246
122
62
52
56
100
66
41
4
-14
7
33
111
151
161
158
195
147
79
150
191
161
83
11
-9
-13
83
177
120
27
-56
-53
75
189
190
174
198
146
121
121
155
182
176
211
128
102
97
108
161
171
197
236
227
212
218
148
179
223
223
209
197
252
249
200
198
161
181
301
332
332
351
319
324
410
433
427
367
275
299
354
336
320
344
366
321
298
309
315
284
311
436
457
516
541
591
614
536
502
531
562
542
535
440
409
454
454
406
376
429
460
392
319
265
294
314
295
288
197
98
-20
-71
32
142
160
234
271
273
329
338
269
179
143
160
127
133
148
90
80
50
13
-7
45
27
-34
-56
-74
-97
-74
-103
-131
-199
-233
-164
-216
-194
-203
-266
-332
-322
-236
-122
-21
61
39
-2
25
81
152
174
205
219
200
165
111
26
-9
-37
87
135
172
137
-4
-7
-45
-38
-7
-24
-101
-107
-97
-51
-13
65
160
122
24
-12
18
-18
-99
-198
-209
-171
-160
-97
-31
53
76
30
20
-15
-42
7
80
117
133
112
177
161
121
70
-14
-93
-113
-95
-43
21
-76
-96
-163
-215
-168
-123
-18
150
146
136
220
331
474
511
497
457
335
221
248
277
286
273
264
224
252
294
338
361
306
286
333
295
214
217
155
188
355
516
467
379
342
331
306
295
459
526
508
473
500
533
506
505
481
367
309
400
432
449
392
406
518
498
439
384
349
242
129
115
129
129
77
125
158
43
10
32
61
120
141
228
320
261
178
95
86
83
16
19
64
100
149
172
153
139
126
251
303
289
370
416
348
192
77
-106
-126
46
152
204
205
141
115
110
95
185
201
137
27
-11
35
-1
14
88
43
-45
-115
-110
-32
-85
-134
-119
-133
-108
-59
12
60
8
-47
77
173
94
29
11
-32
-107
-187
-284
-303
-326
-381
-435
-382
-238
-127
-33
16
25
-102
-211
-244
-197
-74
57
157
145
70
-39
-73
-44
-43
-52
-99
-106
-110
-164
-88
19
16
-84
-141
-117
-96
-70
-72
-20
33
58
138
203
227
219
248
289
331
295
211
97
66
181
183
159
148
173
88
2
-89
-90
0
-27
-38
-16
46
75
256
330
245
231
283
371
472
496
508
592
705
762
713
665
564
528
521
514
585
656
599
502
338
213
290
355
443
595
614
509
486
471
405
344
211
98
140
156
142
189
205
204
213
228
243
218
239
286
275
314
311
417
419
315
349
301
212
152
252
376
399
335
350
293
143
119
169
264
270
304
288
183
144
141
168
180
173
185
175
110
103
70
22
96
151
207
343
482
430
367
381
310
289
302
318
310
296
257
239
213
144
99
24
-23
29
113
106
144
135
95
77
11
-16
-8
76
160
192
110
2
-23
-33
-20
39
117
218
241
163
34
-11
6
4
24
50
87
32
5
-11
-51
-117
-118
-138
-108
-9
-22
33
15
7
-28
-25
58
105
118
174
178
94
92
73
125
203
232
204
196
199
249
287
284
283
384
525
491
430
399
336
195
93
14
-155
-198
-79
-29
10
14
78
195
282
278
264
266
262
209
111
100
120
235
331
449
409
405
416
326
365
439
491
516
502
494
505
476
491
446
364
204
152
284
324
285
281
344
328
245
224
233
272
252
268
305
276
298
313
248
195
182
84
1
-18
3
-25
13
100
164
192
88
-23
-42
-27
-23
2
1
16
77
91
-4
-74
-95
-49
20
100
148
176
234
211
134
39
-76
-90
-48
-19
23
6
24
0
-11
-56
-54
3
-12
-21
-12
7
44
147
171
84
-21
-47
-22
45
87
103
127
116
32
86
180
218
360
454
440
326
244
257
238
126
23
78
135
133
236
263
347
340
386
473
453
469
489
576
527
481
374
297
240
237
239
211
177
134
163
185
315
374
401
459
427
335
299
263
246
226
252
336
389
378
288
191
144
125
97
211
242
202
272
316
250
170
133
128
158
230
328
312
277
335
390
456
505
453
356
275
231
260
326
422
434
396
430
475
515
483
521
583
517
485
515
572
689
698
644
672
691
686
663
602
549
455
356
332
321
329
308
274
287
328
368
378
353
331
425
470
434
415
323
197
90
30
-119
-193
-165
-121
-59
28
170
229
213
235
310
245
137
130
71
-33
-12
82
32
-102
-155
-175
-229
-282
-220
-138
-98
-106
-60
-50
-74
-54
-23
13
-121
-144
-40
71
175
208
219
51
-63
40
160
216
155
162
86
1
37
16
17
57
117
123
144
170
157
131
64
-39
-151
-75
-3
-23
2
-10
39
110
211
315
426
528
563
626
604
530
461
397
411
470
465
448
430
426
417
300
195
156
110
145
257
192
150
188
228
292
320
395
402
373
366
324
288
261
290
317
345
382
417
458
385
441
467
453
558
621
566
465
469
466
446
405
425
418
275
146
95
45
-12
-86
-74
0
56
102
158
214
229
269
330
393
386
356
349
309
273
339
405
489
391
334
447
460
554
622
620
548
517
478
499
536
408
295
267
270
292
318
305
380
447
447
412
401
397
333
302
276
238
317
277
178
53
-30
17
-3
23
47
111
80
60
109
118
7
-91
-115
-133
-161
-119
-61
-78
-63
-147
-119
-134
-135
-96
-153
-101
54
143
204
170
83
7
-76
-51
-15
35
17
31
92
81
47
24
-17
-37
-56
-7
7
-70
-50
-65
-47
-71
-91
-71
-129
-147
-131
-137
-117
0
111
70
-54
-100
-63
-27
12
128
200
226
206
171
126
41
74
107
122
64
36
30
32
101
131
170
179
176
71
36
84
172
220
273
364
371
521
582
528
437
317
159
81
186
249
224
124
49
79
147
142
149
100
94
93
58
108
124
61
-34
-18
37
146
341
386
286
232
254
261
246
273
243
245
247
242
215
183
184
224
250
323
375
215
150
71
63
51
-35
4
7
-77
-62
7
130
181
159
273
286
260
231
277
196
111
56
-28
-6
-51
-84
-100
-137
-154
-105
-120
-108
-149
-204
-201
-166
-26
119
157
135
136
120
111
123
192
140
94
54
23
123
166
137
130
139
130
153
150
184
170
126
145
78
17
30
-65
-271
-400
-375
-351
-375
-345
-249
-223
-206
-150
-97
-122
-185
-60
84
77
19
47
70
53
12
20
55
109
147
84
11
-155
-285
-210
-46
51
-17
-36
-34
8
129
122
185
221
233
268
245
155
27
-22
-56
-101
-175
-292
-322
-276
-230
-167
-81
29
62
43
33
34
94
201
255
255
296
320
378
516
535
501
525
487
389
271
241
247
218
222
202
246
262
244
278
304
299
299
256
183
162
58
-9
-116
-94
68
105
60
-46
-106
-182
-139
-72
-39
76
100
131
73
49
53
41
180
281
312
252
200
169
215
234
239
263
139
76
87
78
99
117
119
84
-8
-66
-51
48
86
139
231
285
259
249
224
217
214
222
215
50
34
-86
-45
69
45
60
19
30
136
286
309
282
207
128
65
30
24
85
140
107
59
70
-56
-181
-153
-103
-67
-13
96
57
8
-33
20
-27
-117
-183
-229
-192
-185
-72
-83
-100
-107
-63
-89
-115
-99
-100
-90
-129
-76
-82
-138
-211
-205
-206
-199
-135
-91
5
107
50
-95
-196
-284
-289
-260
-262
-98
37
-30
-112
-114
-81
-99
9
51
61
95
191
327
437
489
381
322
231
193
227
162
31
-51
-157
-289
-310
-215
-71
16
97
163
140
190
206
212
229
225
383
443
421
434
389
324
251
258
310
331
284
186
147
129
130
168
246
268
260
226
212
207
227
173
1
15
66
17
-21
-21
-27
3
21
154
238
110
5
-50
-79
-79
-76
-20
45
109
150
88
-25
-83
-10
17
58
171
362
430
381
342
290
227
176
151
159
105
45
16
-96
-112
-91
-28
-79
-37
22
98
122
91
157
210
278
252
308
263
250
240
134
84
34
2
39
74
154
341
457
488
466
303
279
340
239
244
279
167
-12
-40
-59
-131
-126
-100
-97
-197
-256
-317
-336
-258
-140
-34
-69
-86
-112
-196
-292
-425
-542
-523
-302
-104
-95
-146
-167
-165
-155
-156
-147
-79
-89
-59
-75
-223
-353
-409
-343
-308
-199
-164
-165
-178
-128
-78
-68
-90
-201
-220
-133
-71
-90
-100
-125
-96
-158
-116
-20
-7
40
60
38
58
-14
-101
-78
-63
-30
4
-15
-101
-91
-93
-43
-45
-54
-18
-34
-17
32
32
41
63
66
39
-44
42
108
141
76
-30
-14
37
114
148
89
90
50
-44
-129
-184
-149
-281
-278
-226
-271
-259
-222
-121
-88
-196
-289
-259
-137
-129
-220
-218
-152
-72
-88
-9
-26
-133
-216
-365
-359
-272
-142
-37
81
93
137
174
209
259
202
217
209
259
219
130
74
47
62
63
48
107
145
78
-20
-115
-160
-227
-158
-41
-9
-9
0
39
69
56
86
158
184
167
169
109
60
108
167
210
233
270
316
389
366
365
263
94
44
-34
-101
-130
-147
-204
-173
-73
29
10
32
154
232
248
192
152
65
108
138
149
158
164
215
212
211
225
280
231
188
163
114
64
17
34
-75
-231
-218
-98
-70
-111
-134
-195
-233
-190
-62
-22
-54
-68
-108
-137
-72
13
39
8
1
66
4
1
-11
-89
-154
-210
-154
-140
9
244
328
207
118
88
-109
-149
-94
-79
-67
-67
-29
-64
-110
-106
-68
-16
43
34
-106
-189
-194
-116
-7
29
54
-10
-119
-151
-243
-328
-301
-242
-212
-241
-203
-145
-110
-156
-203
-130
-62
-109
-117
-75
-21
47
141
210
88
-5
-131
-208
-235
-181
-39
9
-37
-112
-210
-410
-433
-291
-197
-178
-154
-110
-81
-186
-249
-186
-100
11
-2
15
35
-67
-113
-121
-108
-178
-212
-128
-69
3
14
44
64
-6
-85
-122
-197
-283
-275
-185
-197
-186
-204
-277
-252
-302
-298
-256
-226
-198
-300
-376
-296
-196
-60
-30
-20
-51
-108
-53
56
144
233
186
59
40
-55
-117
-216
-133
4
-51
-69
-26
17
59
110
98
82
27
13
127
114
56
42
60
98
98
93
55
-49
-31
25
-20
9
10
65
-34
-126
-121
-23
92
53
83
170
184
57
66
44
0
0
43
58
-56
-161
-169
-79
-75
-123
-139
-181
-237
-197
-47
5
3
43
29
78
91
77
106
21
-110
-169
-169
-85
-36
-64
-49
17
74
118
109
81
69
66
47
2
28
-7
-67
-118
-52
32
97
107
80
142
88
107
130
40
67
184
260
213
164
86
61
86
86
147
158
143
104
104
75
-17
-82
-41
-57
-9
97
174
147
-10
-118
-127
-57
-21
-6
13
67
91
91
55
14
-99
-116
-32
-69
-85
-22
-68
-48
-23
-25
-37
-35
40
-29
-94
-150
-139
-216
-319
-344
-382
-371
-335
-307
-273
-183
-146
-93
-88
-123
-118
-147
-201
-195
-121
-243
-233
-61
-23
-98
-132
-96
-78
-116
-152
-198
-238
-205
-220
-174
-225
-151
-81
-144
-163
-151
-142
-124
-98
-120
-125
-213
-185
-129
-102
-98
-99
-78
-55
-114
-206
-195
-219
-275
-297
-260
-144
-134
-243
-257
-366
-385
-223
-169
-144
-202
-290
-301
-298
-245
-264
-286
-351
-396
-366
-333
-271
-187
-104
-186
-180
-172
-236
-370
-382
-316
-324
-333
-389
-290
-162
-124
-131
-105
-173
-268
-288
-260
-202
-162
-94
-15
2
47
101
74
46
30
35
96
52
58
120
42
53
71
53
-91
-220
-129
-33
-63
-117
-137
-125
-52
-17
91
112
97
217
290
314
174
39
-90
-243
-324
-289
-204
-194
-193
-96
101
137
127
118
71
29
-65
-108
6
79
27
-66
-68
-82
-99
-78
-104
-68
-84
-147
-112
-94
-145
-172
-268
-248
-181
-140
-141
-118
-107
-187
-284
-381
-326
-261
-239
-145
-111
-73
34
36
109
76
48
62
91
171
136
109
71
-41
-202
-241
-279
-261
-208
-190
-174
-239
-261
-311
-269
-222
-296
-274
-217
-134
-65
33
120
94
115
30
-21
4
-42
-62
-95
-60
-61
-1
-45
-186
-196
-188
-135
-87
-73
-153
-229
-210
-120
-31
24
-8
-51
-49
-67
-118
-187
-198
-159
-69
-79
-170
-225
-337
-255
-158
-174
-249
-266
-155
-155
-31
45
131
144
81
3
-88
-91
-144
-112
-87
-65
-53
1
0
80
182
192
261
271
289
326
347
308
377
380
263
129
-3
-58
37
189
280
462
448
415
368
210
125
107
113
103
119
47
-56
-162
-206
-73
96
182
234
124
0
4
-33
-32
30
55
13
-44
28
96
123
152
141
122
112
41
-13
-51
-95
-156
-280
-187
-216
-208
-166
-184
-103
-41
83
17
-119
-163
-62
0
-41
-97
-144
-151
-163
-142
-237
-203
-132
-116
-99
-198
-243
-303
-244
-185
-217
-188
-219
-186
-24
-33
-82
-85
-41
72
41
56
68
48
-36
-172
-266
-351
-337
-330
-423
-484
-476
-456
-314
-286
-360
-424
-398
-329
-384
-426
-465
-464
-505
-513
-464
-439
-400
-358
-343
-413
-482
-485
-366
-247
-173
-123
-139
-79
-44
-109
-176
-146
-187
-311
-292
-221
-74
-25
-48
10
55
14
-31
-5
-15
16
46
79
52
-74
-135
-242
-197
-64
-12
29
-43
-123
-154
-197
-254
-243
-290
-333
-296
-133
-78
-160
-136
-80
-11
-106
-163
-71
11
72
156
288
247
81
36
26
76
-3
-127
-109
-74
-20
-93
-137
-92
-4
-1
-35
-36
-25
25
77
78
16
45
17
-42
-91
-123
-120
-168
-173
-140
-122
-124
-190
-146
-40
-2
-40
-62
-25
18
169
275
322
347
381
352
301
140
60
116
132
145
22
19
84
200
203
163
201
194
140
-13
-54
-39
-3
0
15
-19
-20
19
-10
-1
-32
-99
-203
-170
-95
-93
-186
-253
-256
-208
-122
-158
-199
-255
-234
-221
-209
-208
-143
-88
-140
-209
-202
-114
-179
-171
-156
-147
-179
-235
-275
-321
-272
-168
-69
-114
-191
-300
-353
-332
-292
-272
-248
-214
-173
-183
-296
-311
-288
-251
-166
-105
-90
-124
-161
-170
-175
-185
-173
-126
-248
-282
-200
-120
-18
24
60
6
-71
-110
-39
44
96
60
34
105
144
159
198
196
62
-32
17
34
-24
-71
-82
-12
-27
-113
-79
-30
82
185
178
208
244
216
200
119
-43
-118
-160
-55
27
115
208
222
235
186
82
4
43
56
49
-103
-199
-180
-143
-105
-92
-18
98
156
143
148
152
140
120
136
115
42
45
165
201
150
127
113
146
236
244
256
224
252
301
223
149
67
37
46
152
147
100
0
-92
-103
-66
57
108
260
352
354
304
255
190
124
119
68
136
97
20
10
7
152
274
258
178
71
-68
-79
-42
-35
50
97
108
161
154
151
161
100
157
123
-70
-114
-82
-41
-48
-148
-154
-177
-249
-295
-356
-328
-339
-331
-341
-376
-355
-436
-539
-537
-362
-325
-337
-325
-405
-351
-286
-219
-202
-141
-75
-92
-172
-259
-243
-263
-329
-351
-319
-241
-239
-321
-259
-255
-212
-205
-231
-69
43
4
-30
-67
-8
53
9
103
119
23
-70
-106
-152
-179
-96
17
141
235
131
-5
-83
-135
-148
-37
92
161
254
246
158
63
-34
-82
-41
-111
-114
-88
-15
-42
-190
-304
-344
-294
-308
-253
-158
-150
-138
-83
1
64
110
147
135
135
20
-28
-12
75
167
175
202
308
343
206
122
107
68
-47
-89
-40
-24
-47
-133
-129
6
51
57
109
48
-77
-51
-19
-3
35
81
121
147
83
27
-63
-146
-136
-83
9
22
91
158
155
109
140
124
120
87
-99
-209
-271
-192
-87
-64
-18
9
27
-4
-81
-115
-108
-146
-187
-263
-299
-371
-395
-320
-216
-208
-330
-366
-310
-183
-208
-204
-197
-128
-76
-141
-180
-145
-125
-140
-90
-159
-195
-90
20
38
-4
-67
-43
-5
-65
-121
-146
-212
-204
-189
-178
-144
12
32
-121
-49
97
156
93
22
-17
-67
-199
-179
-138
-110
-78
-107
-97
-154
-139
-82
-38
-21
-55
-120
-204
-267
-206
-117
-95
-90
-68
-27
2
41
-14
-69
-62
-36
-31
-30
21
-21
-51
-14
57
65
-23
-65
-97
-32
133
208
275
274
212
274
298
256
191
107
110
8
-131
-62
-48
23
14
36
208
234
237
172
111
108
174
127
56
-28
-104
1
80
124
103
56
74
119
94
77
30
-83
-173
-195
-183
-133
-17
57
52
17
-17
-192
-240
-183
-138
-110
-137
-119
-80
20
73
56
26
-44
-146
-160
-274
-378
-325
-221
-220
-217
-160
-145
-88
-135
-122
-49
-20
-76
-195
-268
-242
-192
-175
-131
-128
-199
-244
-174
-81
-93
-164
-190
-118
-61
-62
-87
-167
-177
-160
-141
-155
-128
-91
-74
-65
-97
-30
29
80
2
-118
-169
-122
-66
-112
-140
-121
18
21
-18
-38
-28
-63
-118
-104
-194
-252
-218
-114
-54
-68
-146
-126
-93
-110
-85
-90
-153
-222
-196
-135
-149
-119
-25
56
39
-20
-50
-46
-8
-95
-164
-177
-132
-194
-203
-106
-23
-8
-121
-191
-214
-193
-232
-201
-94
24
92
141
270
328
413
381
236
141
33
25
101
134
136
78
-22
-21
0
6
-16
6
66
85
74
99
138
113
91
102
-6
-44
34
64
57
-78
-119
-58
0
-30
-93
-151
-104
-18
31
0
40
131
65
120
206
177
164
174
158
183
158
82
62
21
-136
-194
-165
-175
-246
-289
-347
-416
-481
-468
-347
-252
-194
-223
-247
-349
-408
-400
-304
-100
29
-34
-143
-163
-168
-143
-81
-45
-124
-181
-153
-146
-71
17
8
-80
-162
-159
-119
-36
-44
-49
0
8
-45
-129
-193
-249
-105
-14
-42
23
-21
-77
-96
-78
-78
-50
-63
-118
-44
-25
31
54
7
-23
-24
-144
-192
-160
-199
-219
-221
-187
-176
-109
-137
-172
-208
-243
-314
-339
-218
-137
-144
-184
-208
-199
-273
-394
-481
-592
-638
-599
-525
-436
-420
-469
-341
-225
-157
-154
-192
-214
-288
-297
-267
-243
-220
-94
60
74
68
80
-4
-41
-100
-150
-158
-199
-250
-323
-263
-178
-145
-103
-35
12
-20
-63
-34
20
37
17
-13
97
128
87
81
63
-20
-44
54
64
30
17
59
21
-32
-66
9
117
246
275
215
190
212
256
169
123
135
222
180
53
-78
-147
-128
-97
-99
-149
-207
-192
-186
-232
-229
-276
-257
-200
-128
-167
-182
-49
18
-40
-117
-111
-114
-176
-274
-426
-466
-334
-215
-164
-194
-285
-302
-290
-243
-150
-81
2
-61
-107
-83
-31
-31
29
118
164
210
189
169
10
-135
-164
-160
-186
-181
-207
-301
-336
-326
-276
-116
-79
-55
-6
-54
-143
-209
-228
-188
-139
-263
-309
-258
-130
-108
-157
-158
-74
-11
-109
-180
-152
-90
-40
-55
-118
-160
-249
-206
-142
-111
-174
-255
-270
-262
-210
-208
-193
-119
-50
-133
-244
-300
-325
-338
-316
-264
-268
-343
-371
-275
-204
-191
-166
-164
-226
-263
-227
-206
-197
-164
-154
-114
-71
-123
-206
-190
-142
-64
-45
-166
-193
-265
-256
-185
-164
-82
-5
9
14
64
49
66
89
87
47
-64
-131
-201
-259
-281
-305
-198
-99
47
243
326
324
285
254
122
31
59
35
-2
5
1
-99
-229
-275
-255
-107
-71
-133
-83
85
142
8
-75
-15
103
201
313
373
326
299
284
256
264
244
307
335
273
195
126
138
183
119
92
149
155
88
105
83
14
9
-42
-4
-8
20
-4
52
47
49
126
121
248
289
203
84
-17
-129
-140
-167
-187
-174
-197
-178
-92
19
63
68
55
20
-1
28
41
-25
-95
-91
-43
-59
-189
-220
-105
-57
-113
-129
-125
-111
-131
-98
-61
-125
-90
31
109
-38
-117
-185
-217
-173
-170
-149
-149
-43
5
-32
-118
-165
-213
-169
-142
-103
-102
-89
-93
-128
-43
-85
-89
-122
-139
-241
-345
-366
-400
-367
-234
-122
-93
-110
-155
-167
-127
-42
-54
-127
-214
-221
-202
-207
-260
-249
-215
-200
-196
-255
-268
-263
-250
-205
-127
-152
-251
-331
-361
-418
-422
-325
-280
-300
-351
-372
-439
-442
-411
-392
-343
-359
-346
-370
-408
-414
-401
-427
-430
-392
-408
-453
-469
-453
-408
-372
-357
-223
-173
-196
-266
-191
-146
-197
-293
-339
-212
-161
-97
-135
-218
-287
-290
-262
-178
-128
-100
-97
-104
-12
60
-18
-108
-53
5
47
3
-53
-75
-83
-49
-3
-31
-110
-198
-244
-312
-313
-323
-319
-196
-120
-133
-162
-171
-66
-38
-194
-110
15
32
-40
-122
-172
-220
-215
-159
-119
-126
-117
-118
-121
-229
-352
-362
-285
-260
-273
-252
-250
-158
-13
39
-39
-92
-122
-169
-173
-264
-271
-221
-227
-205
-188
-151
-166
-115
-107
-163
-155
-212
-215
-242
-246
-156
-100
-100
-111
-59
-92
-144
-161
-203
-247
-198
-87
-77
-159
-258
-294
-291
-275
-240
-181
-152
-80
-55
-104
-39
17
28
-95
-196
-265
-333
-288
-225
-214
-176
-196
-314
-300
-284
-281
-322
-278
-250
-236
-186
-170
-157
-213
-245
-238
-133
-60
-93
-167
-154
-122
-124
-223
-381
-512
-585
-452
-266
-216
-243
-237
-162
-92
-92
-94
-129
-114
-96
-95
-145
-207
-247
-298
-302
-353
-340
-291
-190
-187
-203
-139
-90
-4
53
-2
-32
-36
25
104
122
128
81
81
44
25
-76
-78
-61
-1
54
34
52
45
88
49
-2
22
73
13
48
117
121
91
25
-43
47
34
-68
-43
-61
-105
-224
-222
-192
-181
-161
-83
-56
-113
-59
-73
-30
86
54
46
12
5
42
-31
-22
-22
-32
-5
-58
-49
92
213
178
75
15
-20
-54
-70
-13
-14
-76
-55
35
-4
-20
0
-15
-33
14
136
179
224
280
217
86
20
-72
-30
28
54
49
15
15
40
83
72
88
54
-67
-135
-141
-93
-31
-109
-127
-65
-14
-13
-52
-131
-217
-199
-112
-65
-100
-162
-250
-347
-366
-299
-238
-223
-223
-215
-159
-171
-216
-95
-29
-149
-254
-264
-202
-221
-311
-264
-294
-324
-327
-275
-263
-321
-312
-290
-212
-242
-343
-458
-464
-478
-462
-378
-395
-446
-425
-283
-154
-93
-131
-156
-81
-6
68
35
-41
30
-10
-77
-62
-35
-8
-54
-137
-143
-121
-131
-155
-223
-237
-135
-23
-7
-9
-50
-7
68
-41
-84
-21
76
94
36
122
160
251
308
369
437
350
239
222
206
91
44
-24
11
-6
26
84
102
111
59
59
-38
-131
-115
-115
-122
-79
-68
-77
-142
-146
-55
49
71
38
42
26
78
84
58
35
-35
-50
-61
-47
-81
-40
69
94
58
7
95
62
35
-13
-125
-124
-72
-31
-100
-114
-106
3
122
185
260
204
111
17
63
99
30
-2
-60
-29
-27
-105
-145
-234
-245
-128
-23
16
-73
-115
-122
-214
-128
40
109
44
-138
-254
-257
-241
-204
-139
-114
-113
-177
-229
-219
-237
-226
-277
-328
-405
-456
-392
-388
-355
-282
-276
-358
-357
-321
-307
-266
-301
-258
-170
-225
-340
-354
-285
-253
-231
-257
-298
-311
-375
-435
-416
-328
-198
-122
-163
-277
-307
-335
-325
-317
-400
-392
-389
-366
-403
-474
-532
-505
-462
-515
-491
-400
-226
-165
-82
17
-1
-129
-171
-99
-169
-201
-119
-110
-203
-290
-402
-345
-210
-188
-236
-247
-275
-321
-413
-456
-440
-454
-353
-240
-198
-207
-193
-117
-32
-29
-18
-23
4
-46
-109
-145
-144
-126
-188
-179
-185
-237
-266
-247
-182
-46
74
162
154
87
24
-6
-27
-100
-147
-108
-94
-99
-44
-85
-90
-76
-78
-74
-25
20
87
258
260
164
107
106
75
39
0
-14
-80
-91
-73
-116
-138
-211
-167
-83
-100
-133
-217
-353
-352
-306
-344
-372
-327
-346
-303
-225
-116
-49
-93
-54
-47
14
17
-16
-19
-57
-2
-55
-153
-269
-312
-279
-195
-169
-182
-187
-219
-201
-254
-267
-292
-207
-167
-135
-52
-10
2
-8
-35
-39
-10
-14
68
86
32
14
60
91
70
100
143
80
104
175
182
117
131
193
206
247
269
262
191
133
-4
-79
-165
-164
-69
-54
89
129
89
97
97
171
198
187
202
128
80
99
140
112
93
107
44
16
-36
-100
-79
-90
-112
-93
-52
-59
-82
-70
-31
30
62
100
101
124
98
50
93
87
55
70
138
137
149
134
82
64
48
118
229
272
242
295
323
396
394
298
255
195
88
31
77
171
241
274
324
321
364
361
340
377
397
351
323
269
194
142
71
104
152
191
212
196
158
181
182
143
132
129
210
269
328
344
325
286
188
35
26
30
-65
-140
-52
64
105
76
-27
-35
-49
-96
-123
-153
-221
-248
-216
-210
-172
-203
-181
-154
-261
-214
-160
-192
-222
-141
-81
-23
26
-49
-182
-264
-267
-152
-80
-122
-135
-168
-215
-204
-99
-27
87
99
16
37
-25
-105
-76
-30
-45
-17
-101
-163
-131
-154
-201
-267
-295
-234
-296
-320
-236
-155
-55
-40
-12
30
93
98
106
178
194
199
163
172
171
115
82
7
-25
-55
0
16
-24
-42
-99
-40
-74
-185
-265
-330
-313
-281
-213
-187
-113
-54
-78
-98
-87
-65
-95
-108
-105
-64
-53
-67
-6
7
-35
-43
21
83
77
69
42
21
41
172
238
248
270
202
128
40
-77
-125
-106
-8
118
143
112
32
-24
-38
-8
80
199
191
143
116
79
3
-94
-151
-127
39
161
124
72
21
11
37
42
60
69
77
114
111
78
53
-12
28
111
160
184
184
102
46
72
36
-19
-24
35
77
-3
-77
-60
-29
-7
-38
-29
0
-30
-26
-23
-16
-32
-53
-25
-21
38
107
187
184
151
73
22
-20
-82
-95
-192
-194
-140
-109
-101
-54
9
47
77
33
47
98
104
183
194
172
227
150
55
40
38
3
-43
-92
-8
37
-5
13
45
35
7
-15
-7
-23
-51
-80
-43
21
78
47
-11
-77
-87
-32
14
82
139
168
179
139
2
-66
-151
-137
-66
-125
-233
-268
-226
-256
-252
-182
-44
-7
-21
3
9
14
55
105
169
157
150
157
155
212
229
296
283
298
258
255
264
259
273
323
357
264
196
175
180
120
104
164
187
148
139
175
172
117
173
318
298
312
372
358
285
246
235
210
257
275
262
270
236
182
164
165
138
106
122
93
37
-3
-52
-64
-80
-68
-29
-43
-49
-1
2
45
124
143
86
53
56
19
-2
21
100
93
76
119
122
115
25
-51
-58
-27
-48
-62
15
45
145
172
178
180
55
106
153
156
135
69
58
14
25
10
-22
-8
6
43
94
177
186
137
155
206
182
113
102
139
177
120
63
-10
-78
-132
-162
-163
-197
-167
-14
97
86
9
7
-40
-86
-41
27
45
-11
14
37
37
-27
-66
-55
1
55
99
67
-21
13
72
49
-4
-47
-105
-98
-61
3
-10
-52
-51
-49
-35
-9
-3
16
40
65
120
172
149
73
53
46
25
5
-64
-89
-44
-57
-86
-106
-82
-14
14
56
128
113
47
44
100
84
60
81
110
140
116
99
36
-9
31
52
68
43
24
35
69
117
106
107
166
164
201
226
208
263
258
221
237
217
219
248
272
255
246
215
164
201
140
104
55
-5
2
73
146
139
137
125
144
126
101
139
153
138
197
255
239
156
97
68
111
181
201
188
169
187
216
264
258
229
253
305
337
378
390
363
352
359
350
392
412
388
333
266
245
281
310
267
320
378
347
303
252
212
195
163
196
279
263
252
247
288
275
273
258
311
364
328
336
329
283
201
184
163
148
143
124
131
