15226
13665
11239
11942
3293
5185
7546
2409
5421
1516
2823
2568
1183
1484
-1473
-2234
-2399
-167
-2324
-3603
-6533
-8090
-6501
-8920
-9937
-13490
-16267
-16217
-17229
-17861
-17914
-19675
-21334
-22152
-16301
-18843
-19452
-10202
-10980
-8344
-3153
-7797
-2230
6360
5063
4983
7951
11175
9955
8809
11402
14158
16253
14531
16000
13886
12646
13192
4976
6578
7616
4852
4695
5098
6352
4102
4907
1921
1008
3054
1354
188
-3724
-2230
-2335
-6562
-11164
-10867
-11017
-9711
-10372
-15035
-19543
-20315
-19875
-19984
-20104
-19082
-19676
-18253
-10339
-15786
-9778
-3943
58
-1911
1239
9292
8403
11446
11488
16620
16228
14552
15851
17559
19921
18050
12467
15533
16990
18144
18084
11989
8116
10792
13187
12582
11667
9369
5040
3204
2163
-956
531
-2056
-2840
-5393
-4972
-6370
-8897
-7525
-11619
-12999
-12433
-12825
-14182
-16349
-19276
-19428
-21934
-20852
-21073
-22033
-19870
-15897
-12621
-14284
-3762
-5236
-4186
6794
5769
6406
8607
11176
10951
13002
13143
9652
12625
14108
16007
14817
14022
13064
9759
9763
9430
7501
-180
2144
2969
1992
2704
2742
2527
-65
690
-1702
-3392
-2290
-3919
-8373
-8567
-13115
-13412
-15262
-15526
-14905
-16468
-15110
-20954
-21943
-20039
-19179
-19775
-16173
-17838
-17503
-15684
-9177
-10784
-10475
-9238
-2156
5778
1920
5173
9840
9501
9177
15947
15251
14406
19426
19941
19431
19961
17966
15043
14849
13362
13337
11509
9301
6180
8668
9504
7895
8861
7488
6507
5262
4142
3132
1116
1469
-92
328
-2357
-2931
-3341
-7173
-4817
-8096
-8626
-10067
-9973
-11864
-14456
-12470
-13294
-11184
-11111
-8891
-7684
2344
-4474
-3051
10066
6944
7577
6916
13274
12918
14075
16644
13666
12717
16689
17144
13857
17317
17495
14286
13331
14064
13991
12251
11652
6898
4971
4413
3415
3497
384
-3317
-5551
-6486
-4549
-6308
-7241
-8539
-9485
-10997
-12171
-12921
-15355
-15624
-15968
-15853
-17920
-18111
-19672
-20830
-20351
-18984
-17657
-18849
-13700
-13754
-10739
-10569
-14141
-2612
-942
692
5616
2921
6079
10094
9035
9712
12738
13013
15147
13222
11612
12985
10606
11265
12119
10319
7360
8796
4892
7
1755
2241
-646
97
-865
-1151
-2266
-5108
-3142
-6647
-7627
-6885
-10974
-9024
-11163
-11178
-9414
-14037
-14369
-13158
-10358
-9499
-12522
-8046
-9250
-9557
-6335
-11526
-11524
-9017
2692
-5104
-4042
2909
3542
8676
8723
10179
12578
15549
15380
15240
17300
18033
15663
12895
9670
14047
11523
9123
9810
9136
8522
8093
4612
782
5575
2134
2434
4067
1944
122
-273
-3186
-1457
-1170
-4187
-3674
-9379
-7501
-7440
-7033
-7840
-10064
-11141
-13877
-11578
-9314
-10749
-8684
-6254
-3814
-8651
-10875
-1181
3258
3518
-3019
2542
5925
5154
11174
9974
9602
8943
11216
12050
15316
15012
12908
12902
11469
11410
10671
7911
5810
9649
8490
4173
1535
-2743
-3283
-3757
-1552
-1920
-2600
-3341
-5833
-6250
-5072
-7001
-5892
-8811
-10056
-12162
-11271
-8800
-11481
-9528
-15337
-18454
-12641
-13508
-12089
-11203
-7786
-12996
-14392
-7448
-7453
-8383
-5699
-2046
-8578
-1176
698
496
5732
5984
6496
8121
11728
10413
8411
12882
13645
8320
9336
6752
4388
6746
7420
2435
2134
6057
2125
-839
3520
3333
2962
4028
-1375
-2619
-1889
372
2510
-156
-675
-2035
-721
-727
-6491
-3927
-1390
-3613
-3523
-5996
-5040
-1936
-838
-3569
-5225
521
2453
723
747
-3969
1700
-1444
1636
9841
5611
7437
7026
8765
8810
10409
11096
9912
11242
8984
6693
5797
4712
3771
5894
4550
4064
4847
996
1317
-2674
-4030
-1321
-781
-2535
-1272
-1195
-4774
-4388
-1058
-1446
-7740
-6790
-8975
-5309
-5962
-8369
-9305
-9079
-4955
-4537
-2279
-204
-6990
-8186
1367
-362
-1686
-2997
-3633
-3532
-2852
-58
-849
-4538
-1213
1725
1527
4116
3935
7135
4066
4217
4593
6564
4869
5590
6145
4370
3965
4272
8877
8873
9332
8132
8457
7602
3231
4914
4317
-31
2034
1515
-3758
-3550
92
973
-965
-4805
-5430
-5131
-4149
-3976
-5559
-10149
-6278
-1122
-5351
-3645
-1287
-3696
-4898
-6792
-9825
-6951
-6690
-7497
-8097
-5993
997
-8359
-1198
4630
-898
5514
6120
2602
3721
7340
4701
4164
6882
8367
4714
6006
11247
6455
3945
8110
9076
8046
6934
5626
5248
2760
643
-3583
680
2293
1480
-5108
-9132
-5011
-5677
-9124
-8799
-9342
-8296
-6756
77
-2385
-8929
-1128
605
-2626
-465
-2635
-2847
-2859
-9128
-8302
-4134
-6151
-4920
-6821
-1946
591
-5874
-357
4445
-756
619
3432
6308
10094
9203
6774
8898
6964
9082
11910
7565
9199
11937
11094
6379
11896
8482
-1740
3398
742
-5066
-1344
1094
776
-119
-3255
-5304
-4076
-2598
-5869
-3108
-2537
-2026
-5186
-4500
-868
-4185
-2767
-2864
-5978
-8665
-4481
-767
-4043
-9006
-6226
-9294
-9424
-7676
-9470
-10586
-8491
-4903
-11207
-4559
-5688
-4089
-1665
-1898
2599
1359
3648
3828
4939
8020
10406
10169
7997
5272
-318
3424
3562
7166
8867
7009
4397
2274
361
-163
-1000
-905
2452
1458
775
-561
7072
7702
-103
6542
10286
5385
6352
3909
5345
2658
3235
2927
1981
2118
-1630
-756
-2488
-3781
-6256
-4722
-7277
-6419
-9630
-2884
-4571
-3400
2649
-4551
-128
303
1026
3401
4746
3907
5862
3694
-496
3140
3678
3153
4412
1964
1505
-386
-1738
-1829
-2942
-4012
-9350
-8560
-5893
-3977
-4703
-3202
-1738
1046
-1217
479
7912
2988
-408
-1895
3515
2436
-1806
-4597
-6455
-5274
-2791
-7172
-8484
-6112
-12068
-10203
-11821
-14138
-10925
-12017
-11172
-8845
-9819
-13617
-2975
-722
-1027
3755
-239
-1931
2307
6510
5732
9272
9895
8599
6242
8992
9788
8055
11626
5429
9588
7593
7448
5942
-1036
2113
1892
2939
5637
5166
-2264
5927
7875
3486
5784
5026
5332
-985
85
1797
1227
-1243
-4740
-3012
-2352
-2697
-6045
-9156
-11309
-9798
-6969
-6463
-7762
-7182
-6261
-5569
-141
-2310
-5270
-3188
-1441
5050
7269
5479
2064
3590
8539
6779
9216
9293
10820
9865
10493
8942
8003
7618
5068
4609
3955
5889
821
-1615
9278
6075
-3195
2540
8916
2772
935
3614
5810
2892
-1721
2456
-21
-1853
4146
-884
-1716
-863
-7265
-6414
-5297
-7700
-6364
-8698
-7545
-7136
-3398
-6192
-8189
1922
-2914
-4279
4732
3312
5153
6075
8646
7307
4221
5215
5756
6112
4842
5350
3802
1936
2217
998
-448
-1118
-2386
775
594
-5162
-2592
-374
-8007
-677
3000
-2586
1394
-2153
-1474
-1384
-3198
-4781
-3333
-2597
-4606
-2637
-4768
-2340
230
-4501
-5459
-7733
-8656
-5814
-9859
-17146
-14822
-10882
-13003
-11973
-12264
-7876
-10436
-13386
-3623
-4269
-3553
-3538
-3768
-258
3646
5650
3297
731
-191
1122
642
4324
1393
2267
2392
2535
3375
1297
4755
5235
-3829
79
7291
4476
6604
4521
4847
7086
8545
9446
10516
9213
10786
12334
6280
5346
5616
6262
5742
2416
-3641
-2921
1065
-1715
1060
-278
-4930
-7109
-6571
-7226
-7390
-2273
-6920
-7375
-2583
-420
709
211
3314
4233
3745
4021
1490
1652
1782
601
-1411
-1306
-3938
-2063
3520
-315
3320
6601
870
-1709
4250
2916
5892
5094
5644
3614
1243
4102
9321
11257
6212
2634
2999
2316
7862
7812
-69
663
1699
-1236
1825
-840
-4078
-3793
-7114
-12977
-13487
-13544
-8943
-8552
-11002
-11051
-12410
-8521
-5717
-4270
-3694
-5291
-4100
-1274
-856
338
1008
-117
1184
2446
-843
2232
3435
2545
3415
8032
11241
4891
13349
15972
7439
9440
10077
9518
10517
12233
11059
11861
14415
13498
12511
8972
7480
7538
4692
2967
-1698
-1325
1485
2024
-326
-2715
-3924
-5340
-5418
-6234
-8824
-9139
-9225
-9993
-9066
-7953
-5316
-10119
-10707
-7637
-7211
-2584
-1655
-4165
-5425
-3451
966
235
1906
2145
-3722
5168
5956
9362
8790
5519
11044
7365
7407
12755
12320
7208
6012
9575
10225
10120
6698
3464
20
2636
7254
6317
4562
1573
1451
1537
2443
736
-1507
-4496
-8173
-8366
-9764
-7784
-10753
-12117
-12532
-12733
-15329
-15597
-17015
-14812
-10261
-8455
-13316
-12654
-9452
-8827
-6329
-4602
-3161
-5324
-1692
-1788
1134
-180
3625
7830
5514
9686
13391
12742
10791
10556
10741
11413
11994
8333
4384
10000
8088
11010
9553
4617
4825
1604
3200
2085
4705
3940
-276
-2667
-4897
-5759
-6188
-7259
-8056
-10278
-10290
-10437
-10899
-11402
-15792
-17220
-17976
-15891
-15320
-17779
-18374
-17043
-17380
-16351
-7297
-8635
-10598
-6475
-9214
-7960
-4868
-1021
2338
8938
6250
2011
13017
10566
14377
15018
18189
13017
11920
15362
9700
18866
9951
5709
6267
9898
11911
10653
12606
6557
7933
8922
9118
9127
7871
5854
1679
1585
1561
1169
-1018
-2293
-1819
-5114
-5374
-5990
-8682
-11386
-16627
-15551
-12278
-13459
-12279
-12379
-14539
-12250
-13897
-7604
-5196
-4074
-1287
218
875
7059
9499
5010
14281
17555
14493
16804
17368
15502
13748
17587
17120
18295
19306
16415
12854
3654
4155
6763
3431
4830
3401
2125
2733
1725
798
-1227
-1707
-3176
-4822
-5233
-7389
-9845
-9396
-10974
-12023
-14322
-16699
-16349
-19588
-20419
-20377
-23736
-22569
-21715
-24209
-20019
-19073
-20613
-18090
-12558
-10134
-7182
-3770
-1495
4464
-1275
4676
14903
14303
14718
7910
13665
14037
17570
19532
17172
17782
12927
13934
11529
11565
9484
5810
9888
5856
3787
1847
2151
2571
2755
-1223
-2438
-5455
-5893
-5464
-5244
-4858
-3794
-8894
-11525
-14973
-12764
-17765
-17008
-13326
-19223
-16429
-20233
-18229
-20290
-19747
-13547
-11519
-11174
-13523
-10219
-1275
3685
6943
4927
3914
7061
8208
15400
16241
17541
16935
12836
15873
20581
21107
18702
19472
17162
17860
16369
16873
12719
3369
6692
9078
5318
5461
1877
2194
4438
2339
-108
-1269
-1794
-2394
-2345
-5113
-7087
-5920
-5755
-7595
-10104
-9964
-12316
-11000
-10324
-10249
-13186
-12829
-12218
-10065
-5682
-2979
-8017
-5886
4204
3931
620
6892
15202
14310
16986
12257
14806
18574
19529
19015
18059
16755
16052
17578
15715
12621
13652
12747
7638
8126
6797
26
-43
2229
-318
-346
-1411
-1284
-1926
-4676
-3863
-5127
-5312
-5379
-8012
-6728
-8165
-8368
-10063
-8712
-7679
-10758
-9471
-10323
-12610
-11426
-12196
-11563
-12505
-11342
-10231
-13379
-9394
-4071
1225
-660
4251
7794
8661
9562
6958
5801
8405
16147
13649
11834
12665
13183
12059
15349
15992
15253
10601
12023
11311
8355
7683
1535
4178
4599
3280
5255
1628
984
1800
-1454
-2728
-1293
-2473
-3853
-2700
-2295
-4563
-6965
-4556
-6963
-6048
-6447
-8431
-7325
-10452
-13678
-17640
-16949
-11246
-13137
-10616
-2926
-8092
-10851
-4537
5322
3940
3807
3849
3977
6182
6008
7707
12275
12131
12246
11902
8271
9539
4941
4432
5316
3887
3310
4637
1579
151
-1178
-4283
67
-2680
-3615
-3023
-636
-3768
-1559
-2187
-2482
-6457
-8073
-6916
-8475
-5593
-5146
-10455
-10915
-10860
-16663
-17929
-14874
-14888
-17529
-20370
-16650
-16073
-15995
-9760
-9378
-13105
-5992
3255
1765
1429
2344
4972
6958
8177
9961
10227
13428
14557
12975
12718
11442
8195
10264
8738
7095
8908
5878
4583
5970
5600
-3817
628
2178
-92
4703
1301
3428
4292
2719
1934
-1338
-2870
-3296
-5127
-7790
-8756
-12041
-13216
-12302
-11505
-10165
-9616
-11292
-13328
-11235
-13185
-9868
-4387
-11855
-7381
1207
-1781
-1085
1377
3856
5486
2100
9123
10030
6488
7333
12244
12543
11358
13577
14839
12611
10916
11654
12522
12185
12389
11285
6842
9426
4324
0
-212
3111
1739
3474
332
-3541
-1525
-2179
651
-5765
-7894
-7671
-5473
-6451
-8607
-9695
-10389
-10850
-12192
-12722
-11380
-5923
-8244
-10236
-7815
-5627
-11068
-6059
-3141
-5255
-7123
-6421
2273
2843
4886
7035
10569
11855
12073
7573
7637
10936
11592
13225
12219
12424
9570
8876
8724
9899
10704
9776
6608
7676
6582
3327
1507
4226
-1674
-267
5133
-6446
-3416
-1203
-3669
-3591
-5822
-8858
-11016
-11790
-9249
-9573
-12057
-11711
-12498
-8894
-9133
-10299
-4297
-4568
-13409
-7065
-2187
-4139
-2742
-4801
-1991
-3253
434
-3416
41
5095
5454
3084
1899
6591
6794
4656
5456
8034
4617
7200
8238
8935
8632
6392
8379
7120
8228
5820
3325
1016
-4571
-2350
765
1756
2552
347
-128
6874
9601
4211
2959
-1048
-6498
-6835
-7283
-10218
-10675
-7679
-7157
-5633
-5927
-8286
-12402
-14632
-8335
-6549
-6830
-7981
-9566
-3256
-7607
-10868
1888
791
4460
8722
4915
5459
3618
5930
7133
10995
9960
10774
10223
12585
13905
8858
14884
12935
9845
3824
551
4083
7315
5385
-4308
-4225
2502
1694
-1830
330
547
204
-3223
-3952
-5034
-6241
-6482
-5270
-9918
-11022
-8686
-10888
-5074
-3740
-10063
-12288
-5905
-11691
-6558
-7983
-9926
-5240
-7450
-9302
-7682
-5179
-5442
-1514
1133
2282
1282
2606
6204
8872
8961
10316
13098
13057
14704
16979
17686
12954
9159
12721
11064
14312
14558
10263
5736
8212
5025
-1145
6858
1663
-4070
-3391
-5302
-2685
-2963
-5235
-5561
-7876
-8001
-7035
-8567
-6062
-7743
-4495
-5791
-13233
-6154
-3832
-5815
-7809
-8244
-7295
-10536
-8327
-9551
-9028
-8970
-3574
-5853
-7124
4089
1883
5682
4354
5830
10553
4880
4349
5903
4830
3812
4949
13841
12134
10044
13210
7174
12710
12527
7433
2405
-887
2129
-4949
-8539
-4388
-7210
-4035
931
-2918
-7995
-10820
-7849
-9242
-6790
-4392
-8427
-7965
-9683
-12512
-4801
-5247
-5510
-4626
-6133
-5160
-6489
-3567
-6200
-7405
-7439
-7237
-7406
-6523
-495
-3597
81
10015
10168
10029
9991
8155
9481
14161
11528
10460
9864
6508
8521
8143
8701
9070
7741
6611
2895
2894
2871
4339
4067
375
-2865
-9006
-9164
-4564
-4084
-4277
-4869
-6900
-4848
-5435
-4716
-1743
1470
-4988
-8088
-882
2432
3415
-1150
123
726
-1069
-1636
-1761
116
-393
-214
1256
-31
-3195
19
1582
1450
-2845
-1061
4155
4595
7521
7626
6450
9728
9746
9271
9751
10931
11444
9500
11456
8475
8453
9744
8803
7297
5730
5031
-262
23
216
-2593
-4163
-2578
-3715
-225
-815
-2312
920
1185
-4725
-3170
1826
-876
369
2607
4130
-448
-2612
-2290
-2865
-733
-3179
-4599
-7957
-7616
-5359
-8012
-11800
-12154
-8088
-6630
-7293
-6971
-1412
-1213
1334
1415
-630
2025
4611
4302
4779
5444
2486
1563
3448
4709
4507
2500
-1842
145
-2034
-3847
-4562
-4269
-3437
-7483
-8390
-6820
-3122
-3699
-2704
-1476
-2935
-7700
-1540
5599
1179
-265
453
1193
-1677
-975
-4839
-4718
-2329
-4101
-3213
-9831
-9017
-6070
-6044
-7193
-4524
-5169
-6711
-3376
-1948
-4915
-1176
3101
3098
4704
4887
6912
6399
4032
5800
5147
2812
5072
4447
5364
5566
4806
4241
2632
4023
3583
1350
2090
-95
-3760
-1375
-1125
-1767
2799
1393
-2148
143
5832
5220
7204
7065
4040
6417
7129
5418
-209
-1253
-632
-2164
-2530
-2226
-5102
-5839
-7433
-7535
-7374
-7435
-8863
-8249
-6926
-3760
-6510
-6198
5872
105
409
2647
1012
2813
3849
4853
1200
1323
3363
1141
413
2573
-2649
-3330
-3991
-2070
-3188
-1784
-1632
-7425
-7297
-5678
-2729
-689
1033
-6924
-1932
6517
4844
4091
4413
7606
144
4468
5421
-149
1482
3782
1579
-983
-2186
-3205
-2795
-3924
-4406
-4521
-7501
-8333
-6948
-8656
-6031
-2278
-7415
-3641
780
-637
2974
3193
5646
6424
3529
3730
1216
1788
4514
4658
4991
4832
3544
3611
3457
3677
3408
2790
3921
3943
-2762
-1037
9720
1586
5275
14578
8317
3295
8266
11061
7542
10536
8263
7572
6449
6583
6791
3952
1077
-650
1463
-1732
-1483
-2726
-5491
-5483
-6390
-5913
-8021
-8095
-9039
-7138
-11958
-10551
-2754
-2330
-328
-2731
-265
1871
2861
3547
-1838
1003
771
935
5053
1391
-179
-1460
-586
-843
1159
1174
3420
2826
3015
2272
-4360
4083
10357
6996
7631
8928
8597
7295
6934
4692
2894
2928
2445
2556
446
-1176
-2381
-3942
-4148
-7349
-8387
-9625
-12061
-10825
-8923
-13110
-13789
-15040
-14463
-10854
-6587
-10201
-10811
-8138
-7316
-3536
-2825
-624
-2565
-3101
-2121
-794
-198
1881
6939
6442
114
1593
6503
6812
7817
5855
4480
7485
5294
3337
12067
10740
12158
11141
11940
13040
10891
12592
9198
8729
6021
4324
3110
364
-2782
-3982
-519
-6135
-7186
-6572
-9905
-12463
-14179
-14142
-15801
-15358
-17712
-16651
-13786
-15229
-12974
-12516
-14411
-5579
-145
-1575
-2525
-6
1477
5222
3490
3320
3843
3447
5175
6120
4764
1731
4513
4558
7774
7954
7493
7497
17002
17282
5554
4929
9990
8557
6000
6197
4257
5210
4139
4186
4267
4547
435
-1718
411
-915
-542
-2599
-5808
-6855
-7085
-4997
-8753
-15230
-11692
-14417
-14315
-8659
-12455
-12145
-9754
-9943
-5711
-8946
-10080
776
-229
2083
1379
410
1235
43
-123
-1818
3437
2375
2011
3075
8499
7555
6651
3645
13027
13635
8341
7539
7628
5316
-2897
4918
2213
5502
8423
5938
1981
915
2168
-523
-401
361
-1674
-3995
-4004
-8098
-6595
-5896
-8491
-8228
-5000
-7202
-11169
-10269
-13572
-11277
-10232
-11029
-13696
-12174
-5110
-3111
-7869
-2593
3880
-569
1537
-178
3128
4731
3066
5827
5177
5530
11452
10473
10882
8472
11967
19436
7125
9908
13334
10054
12711
11753
5175
1976
9091
8140
7925
2581
-707
455
3107
2763
-1569
-924
-3421
-4367
-4398
-5759
-6456
-5581
-7040
-6060
-6641
-8420
-10357
-11615
-10335
-9214
-8319
-10358
-9944
-9954
-9057
-10034
-10933
-9648
-7184
-2471
-2712
-69
260
4218
6267
5043
8523
11401
12658
7371
12412
20474
18002
17878
15936
17570
17820
17433
18043
14607
14054
12496
4021
4716
8148
1456
4780
6695
7434
9337
6376
665
-1417
-2101
-2098
-513
-2172
-6217
-6563
-5693
-5177
-4795
-4062
-3835
-7191
-5880
-9787
-13220
-10575
-11081
-11707
-13218
-12191
-7368
-12424
-8045
-3415
-8477
-3050
-343
2659
4007
3263
4232
434
10696
14651
7172
8049
10035
10494
10624
8385
7509
7989
6047
6506
6191
7693
-1317
-174
1964
-2120
3282
-1335
-2696
-2734
-2548
-3724
-4525
-2035
-3833
-2051
-4807
-7295
-6610
-4637
-9514
-15670
-11219
-12195
-12488
-12239
-15301
-15880
-14016
-13977
-13564
-9338
-10536
-11029
-7161
-1103
-2743
-2840
-260
847
796
-55
7404
9602
8420
9081
10277
11949
9698
10012
8108
9172
7805
8952
11263
6081
5302
5955
2589
3131
4219
1032
3667
3984
4931
5427
3584
4505
2538
3052
1052
-1440
-3453
-3509
-5973
-4252
-6013
-6290
-4739
-9327
-13672
-13924
-10248
-11694
-12785
-13445
-15108
-14276
-12831
-16101
-12944
-6216
-4690
-689
1740
-4349
-784
7232
4003
5165
5624
5065
5933
5827
9859
9422
9606
8851
8522
9207
10092
11686
7247
9079
3679
-1381
3618
853
4389
3931
4905
3706
-1311
1679
3666
2434
-398
603
90
-1853
-5317
-5452
-8402
-9133
-6295
-8437
-10092
-14178
-11233
-8463
-13015
-18443
-16516
-15557
-13200
-10688
-14702
-4285
430
201
-1894
2312
2912
1035
5585
3453
8217
6885
5520
7107
9188
11772
11192
10893
8385
12473
10277
12892
8777
8393
8744
1623
2877
974
3225
3683
5492
5548
4063
3590
4817
3421
649
2213
-787
-2789
-3340
-6817
-7735
-9955
-10484
-10568
-11738
-12799
-16552
-13855
-15333
-15451
-16446
-14082
-11370
-11943
-9272
-6698
-4292
-6809
3818
7133
8549
8265
9196
12147
14296
18189
15664
15577
18754
18257
18452
19401
15787
16508
16756
15671
8741
10935
14589
4601
5265
9800
10896
11786
10493
5189
3193
139
3454
3242
730
-2269
-4910
-5590
-8103
-6676
-7481
-9835
-10772
-13109
-15504
-14804
-18382
-21654
-19503
-16681
-16959
-18446
-12882
-9692
-10479
-10877
-2129
4012
2988
8377
9540
8832
9220
10525
13666
15553
15374
17088
16437
16505
13890
6317
10329
16853
13577
13979
12223
9448
9014
10314
602
-3926
406
-3010
-2005
-2646
-3649
-3387
-4301
-6055
-7677
-8278
-10830
-13084
-14036
-16161
-12521
-13792
-17780
-18681
-18424
-18400
-17373
-18704
-18470
-18980
-15039
-14736
-13379
-12803
-7135
-2642
-6389
-1414
2014
5730
6156
6224
10425
13286
16510
19125
10449
10068
13027
11288
13720
11233
10104
9662
9005
7467
7322
7278
6343
3905
5731
1565
-5600
996
-2826
-3064
-890
-3976
-4477
-6359
-4688
-4158
-5456
-6616
-7175
-8322
-9838
-11399
-11035
-11165
-10470
-11781
-12244
-12972
-10474
-6697
-2438
-9331
-7566
-425
-2313
1726
-221
428
4719
8183
11284
11313
9439
8400
14364
15228
15697
14701
12814
13718
10864
15358
17091
15064
13255
12417
8056
11309
8390
8638
3104
541
3244
-1800
1917
3241
-3256
-5079
-10361
-1565
-1258
-7786
-10990
-9827
-6478
-2830
-4130
-11775
-12109
-14192
-13053
-11509
-9229
-10254
-9397
-11241
-9605
-3994
-3477
-1182
-4627
-3035
-3245
-8460
-7739
-1348
3459
2160
2237
2314
4901
8589
7010
8023
8977
8569
8005
5672
6698
6492
4478
2924
2309
2203
3065
4161
1008
-1210
573
29
-9393
-11078
-10089
-14538
-7454
-8675
-11365
-9444
-8074
-7357
-2954
-5079
-7575
-6452
-5968
-6969
-8508
-2056
-1075
-5657
-4968
1421
284
568
-1407
-4597
-3657
-4331
-4100
-1769
1694
1250
-2555
752
2863
5597
7441
7560
7951
6215
5585
9482
9418
9726
12204
13522
11664
9551
10224
7768
7445
6414
5269
5562
4294
4245
5829
2777
-6619
-5814
-2587
-3599
219
-1924
-3181
-2366
-2653
-4081
-3282
-2144
-2582
-2666
-2062
-2001
-7651
-1776
-2836
-4492
-2189
-5343
-3281
-3808
-2801
-3032
-1976
-1367
-2473
-5733
-3938
-3311
-849
4231
2054
2828
1248
2942
4996
5978
7905
8772
9713
7237
6930
6188
5703
4661
106
3333
1378
-935
-1036
-2800
-3025
-5154
-4025
-9284
-10479
-9167
-9012
-7258
-4970
-6940
-8641
-6588
-7114
-3687
-1542
-8445
-8569
360
427
1036
3662
2487
1723
-348
-770
-1227
-1746
-2989
-399
-1609
-4382
-4065
-5533
-1391
256
-4747
-2858
772
173
4570
4048
2499
2425
4697
4240
3533
7151
5692
4374
4477
4533
5906
7966
3306
4760
5115
4267
4716
3542
2567
-2198
-4230
-2222
2094
-1507
3082
-188
-2318
3776
1922
780
-2251
-270
4595
-849
217
550
-419
-1133
-2433
-678
-700
-1039
1407
-351
-4686
-5485
-5642
-4927
-7552
-10130
-8995
-9242
-8843
-6326
-2065
-3766
273
3142
1123
2739
3302
3331
4569
4772
3628
3270
4657
6568
8011
7516
6528
6077
5778
7132
7969
7693
4069
-3820
2428
7861
5313
8021
9233
5876
4023
12699
12207
9802
6284
3334
2285
487
1634
-1125
-1139
-3118
-2208
-2256
-452
-1475
-4508
-3557
-7983
-9413
-9323
-9529
-9169
-9645
-6452
-9314
-6983
-3371
-2975
366
-1570
-768
3246
1223
1435
5878
5356
3409
3829
4157
5136
4481
1409
1085
-1359
-2545
1673
1893
-403
2625
-2891
-2610
7175
4999
-711
2793
11015
5798
5806
5113
4433
3925
769
-3
-2074
-404
132
-3189
-2147
-4059
-6657
-6721
-7310
-10828
-14123
-9947
-9508
-10051
-11504
-9507
-8053
-7232
-4805
-4054
-3194
338
2318
2683
4770
4245
2718
4442
6687
8463
5763
3517
7900
5671
6650
8377
3481
5858
4168
4178
5169
7009
3710
1279
4507
-378
8648
7278
5220
5893
2768
4574
2588
-562
-888
727
-4565
-4699
-1270
-4510
-8304
-8719
-9804
-12075
-13507
-11611
-12807
-14619
-12223
-13349
-13569
-11977
-10026
-8193
-9235
-11250
-6138
-3336
-2195
-413
-1478
-3164
-271
1485
1509
7299
5738
1377
2954
3492
3449
5017
1175
1872
-46
-321
3599
2331
10348
-2398
-3892
6825
4433
8107
9343
8094
3884
4762
2541
5652
5465
-774
-709
-2878
-3021
-595
1310
424
-1600
-1235
-1687
-6667
-4756
-4883
-7530
-6171
-5623
-3921
-6900
-6077
-6316
-12763
-7338
-105
644
2257
1399
-146
2797
7582
7572
7567
4314
2079
3309
5726
5562
4130
5289
4673
4088
3758
8326
8405
1051
8330
1364
2435
6650
2602
5957
2570
3569
4159
2865
103
-1489
569
3596
1177
-619
1309
708
362
-4096
-5118
-1376
-1351
-7362
-9765
-8102
-7998
-9904
-7725
-5269
-6896
-5846
-11650
-10878
-6157
-2376
-843
-2276
-4554
-4003
-1430
-1592
-1865
1199
3008
3808
5269
2864
1967
5525
5296
6042
11257
7630
4811
9293
12766
4736
3764
3280
2256
3377
4415
8030
7854
7003
6291
7903
5359
3896
2376
2492
1607
-277
-2913
-2768
-4327
-6276
-8631
-9758
-11417
-11298
-9213
-12514
-12525
-11088
-11043
-8719
-10845
-9078
-5344
-6952
-4478
-1967
-986
935
167
-1374
-1638
3199
4857
3031
1458
918
724
5098
6121
2098
2729
901
11187
10307
8498
8747
974
10435
9218
10653
8610
5761
8638
7947
7273
3003
2372
1770
2160
-2402
-4196
-2981
-4133
-2789
-2564
-5760
-8069
-8696
-11750
-11352
-9880
-10062
-10302
-13402
-11186
-10610
-11405
-13122
-7557
-2613
-2618
3089
415
1762
5660
2506
3767
3780
2120
4837
2748
5654
6373
4014
7284
7514
9496
14841
13749
10979
11429
12261
5790
7575
9930
8099
10973
9426
10519
7408
2891
4647
3656
2679
3030
-473
-698
-2088
-1744
-3602
-7484
-6509
-8465
-12459
-9633
-7869
-10579
-11980
-13257
-18279
-19367
-8395
-14288
-15671
-14691
-14520
-8412
-10733
-10077
-5870
-4489
-303
2935
-1887
5777
3412
5003
10503
7862
8395
4047
11298
14538
11930
12089
14555
13664
12928
13493
6328
4668
2773
5291
7256
4315
8021
8079
5974
7449
7715
5644
4728
6141
7033
4333
2102
-178
-1360
-1292
-2859
-6069
-8800
-8889
-9537
-13218
-15985
-14942
-14866
-12474
-13603
-15290
-14894
-14762
-9004
-7053
-5932
-3500
-1604
1185
963
494
1525
5729
9079
4198
9083
14486
12299
12192
14356
14055
9942
9625
11410
13152
14706
9722
3300
6631
8322
9565
7485
7321
8916
5170
612
3393
3757
1720
2005
170
-88
-925
-1072
-5197
-7944
-7537
-8713
-9823
-9781
-13350
-12871
-17835
-15449
-14812
-20113
-13215
-15003
-12356
-14115
-11298
-8183
-7888
-3611
-1721
4243
6619
8926
5839
6897
10997
11203
11279
11099
10952
12950
14961
14968
15204
14697
12645
10136
8269
6238
2572
3427
3606
3403
5886
3590
2623
1629
-1984
-4934
-6635
-5209
-5156
-7857
-9730
-10803
-10945
-12656
-11849
-13144
-15471
-15535
-18285
-17544
-15821
-21069
-21734
-17917
-20286
-17943
-15010
-16908
-16668
-9953
-6214
-2288
110
2317
353
-4040
9455
12158
6636
11085
14666
12836
12152
13282
19032
18914
13136
12315
10839
9893
11791
9568
8778
4526
4378
7330
2906
2702
4274
3066
3302
-372
360
-1275
-4728
-3048
-6728
-12592
-6281
-9255
-10057
-6536
-8784
-8969
-9825
-11681
-11732
-12515
-9743
-9237
-8591
-7814
-5397
-5896
-2416
-4574
1295
1781
5621
5357
8835
18333
14729
17154
18216
19244
19236
18784
19020
18879
17385
15485
15656
12981
10103
10206
12203
10938
5549
2304
-1795
-818
-3298
-1110
-3745
-7147
-6435
-6954
-3582
-3416
-4436
-9178
-10280
-5646
-7483
-10112
-8908
-7921
-7750
-9447
-12406
-12500
-8846
-9580
-9712
-12559
-15642
-13988
-11562
-11266
-4485
-634
-408
2152
4932
9936
14164
13992
9287
14782
14428
14408
15426
15439
16592
16938
15718
16169
14959
12458
11357
11642
10006
10133
8487
5278
1152
-1221
4238
1590
-2866
-2408
347
2924
2782
768
3363
3525
2529
2974
-483
89
-6807
-7637
-3800
-10685
-12265
-13862
-15480
-11391
-4560
-9438
-12377
-13732
-16925
-9887
-2175
-2223
-10121
-3013
4761
7971
7938
4672
6176
8633
9137
6818
7959
7263
8477
7258
4912
4408
4404
5170
4756
4055
1328
4289
1523
880
-2456
-5986
-2376
-5154
-6172
-5081
-553
-3466
-4185
-2746
-2632
-3441
-3275
-3296
-5687
-8184
-11501
-13719
-11694
-12028
-14105
-10938
-13729
-16021
-17200
-15185
-17395
-17300
-15745
-13268
-9650
-13741
-10483
-6519
-4710
705
7293
3558
1450
5077
6680
5824
5829
5651
7950
11110
10129
9516
11029
13952
8566
7513
8643
4847
5205
8931
4743
2937
920
5221
4606
5815
7458
2394
204
4643
3393
478
427
1094
-4473
-8571
-7321
-5202
-5081
-7651
-13276
-15457
-14142
-14278
-11723
-12520
-12391
-8901
-4990
-11449
-10056
-1025
-1020
-3584
-861
3423
4366
6963
6452
5619
5317
9255
13113
14434
11579
15382
15956
14113
13978
11824
14094
13814
13242
13121
12487
10375
12961
10584
9790
3259
5436
2668
-3098
4436
2552
3449
2411
-353
-149
-1231
-1361
-3125
-5840
-8598
-6101
-6770
-8757
-9242
-11171
-9300
-8220
-9061
-8605
-4920
-9375
-9422
-3203
-6583
-1606
-749
-4204
-1186
-1705
4062
9416
9720
9963
9311
9050
9545
11319
12916
11187
10045
9973
10457
9477
8797
9135
12181
8768
7874
4338
3117
2862
3299
-2269
-6078
-100
-1770
174
785
-1701
-2933
-6245
-8664
-12281
-11248
-10204
-11894
-13600
-11442
-15457
-15158
-8008
-10781
-10559
-10515
-13564
-15096
-7950
-10018
-9602
-8746
-9598
-4995
-5156
-4637
-4535
542
-346
6155
5965
6049
9056
8088
8564
8427
8039
8312
10654
9945
10844
7215
8553
9210
11921
8826
8374
5837
6475
8934
3364
653
-872
868
-3934
-901
-22
-2092
-2091
-8095
-6810
-7520
-10463
-10792
-13058
-14020
-9880
-6105
-9247
-7462
-4434
-11987
-11253
-3536
-7294
-7258
-6083
-10811
-7466
-6512
-4067
-4373
-3159
-3595
-1198
5506
5835
8194
10715
10249
10792
9924
5084
8799
9034
10638
12021
11482
13642
11663
9113
10527
9368
8017
8076
5273
6193
8606
7908
205
-1669
-1311
-3334
-1864
-5640
-7547
-8754
-13271
-9239
-12648
-14078
-12624
-13143
-6729
-7654
-15619
-13002
-2088
-4644
-3197
-3097
-6037
-4608
-5126
-4765
-6218
-3551
-3014
-2163
-1747
-2472
-1928
-99
1223
2332
4964
4026
6831
6210
7959
9593
8335
10540
10444
9696
9849
8980
8740
9293
9659
9131
6543
5182
3890
1046
-1667
-2223
-367
-5331
-6436
-6803
-7532
-7212
-9612
-9020
-13343
-7379
-4484
-5989
-4448
-11076
-1143
2895
-173
-1665
-3930
-2801
-2426
-803
-1365
-2532
-3448
1113
1982
-4643
-2386
1451
2971
2284
2143
3021
5904
8985
10675
8625
9888
11099
8897
11226
11006
10714
9212
5744
6844
7848
7164
8128
4937
2293
-789
-1671
-1606
-1080
-9059
-11867
-9436
-13085
-8756
-8814
-7054
-5418
-2824
29
-2808
-7200
921
5034
2677
2894
754
1255
131
-406
-151
-1345
-5716
-4895
-5743
-5388
-4900
-5983
-5652
-5798
-3774
-1482
-4193
-2167
2947
2174
7455
6439
3817
6599
4051
4834
4711
2459
2360
2427
3960
3943
1423
-1171
-1143
-2982
-1278
-2226
-3568
-5631
-5061
-6375
-12556
-8632
-7654
-2341
-195
-2712
4656
1586
-3827
7689
7023
4939
4330
2468
751
-4836
355
-3275
-2583
-2353
-3722
-3307
-6605
-6840
-9560
-7954
-6795
-6013
-8078
-6966
-5099
-9772
-4687
-406
789
652
-1149
-390
3992
1640
3250
2510
1587
3326
2226
8056
7265
2914
-640
62
4367
169
-1830
-889
-2034
6242
-1401
-628
4798
6354
10077
5416
4529
9575
10535
3715
6997
7702
9465
8660
8101
6103
2541
3850
1343
1324
-963
-1642
-2007
-4083
-6272
-9460
-10814
-11612
-11697
-11203
-6805
-11181
-7896
-1465
-2462
-2678
-1765
-545
-5781
-2444
-2321
-1533
-886
-2331
903
1848
1602
2247
1883
1698
520
1290
1789
2139
781
1855
-1290
-3873
871
-2935
-2324
-371
8069
8871
5068
4890
6375
5620
3078
5795
3150
1182
2360
2785
871
235
-157
-2444
-4118
-6903
-6728
-6733
-7482
-6241
-5743
-6874
-6462
-5889
-8490
-1333
3651
3274
3956
3566
5352
8722
9822
8350
10291
11301
10698
7687
6300
6290
4311
3619
4197
4244
3005
1147
-2169
4079
7743
-3394
4676
670
5108
10608
6623
9680
6375
5681
739
3307
1027
-445
-1692
-1210
-3005
-6532
-3137
-4791
-6361
-5389
-5501
-6178
-8668
-13656
-8582
-12589
-13212
-11853
-5581
-7506
-14562
-4581
-4641
-1533
-424
1261
2147
2208
4918
4234
5521
8605
10040
6281
6500
3045
140
5387
3132
5241
5449
3310
4136
7484
7887
-3422
-545
8016
10413
10890
8121
4723
3545
4017
7753
3098
-1169
1728
-667
-2121
-4381
-4552
-5869
-8181
-7731
-11685
-5921
-862
-6539
-8246
-9576
-7680
-6592
-3821
-5359
-4834
-8386
-9477
580
-231
726
2140
1206
2231
3520
1936
-1242
2070
3185
3410
4113
5198
2148
-150
1394
665
255
2185
4352
-1665
-2752
-1020
17
-913
-2760
2950
-657
-2052
1810
3604
-729
-3195
-4856
-5775
-3080
-2797
1798
-3618
-8759
-8150
-8282
-10601
-7888
-5978
-8090
-7935
-8277
-11151
-10425
-11562
-7931
-4213
-8870
-5389
-5043
-2477
-4717
-3633
1978
1119
3038
4693
2275
766
3220
1325
5474
7456
5865
7114
4993
7338
11174
12413
7540
13373
18019
4020
4521
6307
5997
8448
7376
8081
4946
3466
7820
5849
5081
5976
5396
4716
1372
-1812
-4111
-6122
-5710
-6001
-8017
-8390
-10455
-10650
-9336
-8258
-9732
-10419
-14167
-9922
-9334
-4301
-2035
-1693
3648
-408
1921
-2693
-1853
619
2979
5073
2023
1049
-1060
2403
4703
6614
5110
3801
4022
11024
9627
6420
9525
2604
3779
1661
5634
8532
1159
3730
523
761
2652
3091
2834
866
-1070
-4786
-5732
-6394
-7518
-6678
-6854
-8261
-8789
-9790
-13741
-14824
-13316
-15486
-15004
-9357
-7801
-3952
-4277
-9320
180
2631
3808
5109
3343
5138
6613
5401
5448
5169
3924
4581
4489
8331
9132
8210
3958
8151
15757
13987
13736
11822
14722
7309
3961
8609
8121
10072
9281
8950
8402
8774
7934
6586
7136
5309
5073
4797
3039
132
-884
-1857
-4946
-3906
-4523
-9305
-8956
-9784
-11240
-10337
-7512
-11674
-13977
-11553
-12921
-11995
-12288
-10878
-8097
-5319
-4997
-9273
-7910
-4928
814
1329
2173
6671
9347
6984
1607
8017
8315
7714
5534
4815
6183
8996
7410
9027
3594
-2489
3357
3423
5450
1605
4482
1691
929
5703
3413
-3176
-1671
670
-2875
-1906
-2706
-257
-343
-2301
-6292
-9538
-11022
-12765
-12979
-13709
-11758
-11604
-13630
-9918
-9977
-13181
-12411
-16666
-9478
-6832
-7882
-6275
-5303
-3686
-5324
-62
1901
3067
2426
5350
7593
6896
8557
9055
8238
8657
8404
6850
8785
7704
11023
4078
2267
8019
3581
4759
3353
2805
6080
4736
2727
1383
1408
3652
3104
576
-3457
-5211
-6523
-7750
-8647
-8296
-8721
-10498
-12817
-14793
-14879
-13109
-14833
-17015
-15296
-15685
-14458
-12526
-11559
-7574
-3151
-293
1433
3334
5931
2166
8274
13741
12966
15325
14935
17304
12210
17005
20110
17569
14962
13211
13596
16520
16885
13264
9893
9572
13269
6197
4509
2365
1755
6803
3813
1118
346
2501
3100
-68
3784
2757
-8233
-8198
-8294
-10904
-8474
-14599
-18872
-14593
-15291
-16293
-20805
-17507
-16801
-20275
-17032
-14537
-12944
-14097
-5257
-5683
-4885
-3423
5917
10564
4798
6121
12046
16529
12398
13981
19379
18080
12037
7949
14222
16598
8712
6067
13155
15037
7729
4217
1484
3372
8079
4756
3062
2323
1876
1817
-4149
-4041
-1191
-6272
-8573
-4765
-3622
-6784
-7749
-8634
-10992
-13149
-16453
-12808
-15141
-17441
-17037
-16417
-15991
-14755
-11063
-9392
-4839
-3558
-6563
-1812
11976
13479
14756
13006
15073
16857
14377
17288
13568
13753
15310
18132
16895
13938
11669
11530
12268
13567
10251
7410
11531
5644
-2606
-1089
2494
-1542
370
50
-3572
-1887
-4361
-8433
-10253
-10437
-11412
-12311
-14053
-12974
-14363
-16379
-17001
-18666
-19736
-20730
-18479
-21244
-21628
-18742
-18607
-16980
-15938
-12110
-7436
-8406
-3014
-5246
2151
5192
3845
7174
7287
13435
14766
16176
15813
18377
19013
17869
16844
15623
14417
14101
14991
15011
14489
12486
8651
9432
6469
-2256
1909
3029
331
1276
1537
-209
1092
-54
-4527
398
-3822
-4116
-2934
-5415
-3068
-4473
-3419
-5019
-8616
-7963
-9452
-10186
-6178
-5293
-4255
-3476
-3566
-6875
-1782
-3042
-4818
-1051
-4990
3289
2693
6579
6991
8051
12816
11885
11345
7455
8687
7674
8241
7900
6929
5590
5894
4519
3846
2877
1594
1515
-811
-6399
-11013
-5220
-5683
-8167
-6121
-2720
-1352
-1251
-1391
-1893
-5296
-7190
-5470
-7443
-5377
-6138
-7342
-6728
-6463
-7090
-8664
-7054
-3279
-7472
-7848
-9300
-9343
-178
-641
-2929
-1791
1740
-70
3329
7469
10484
11326
9528
12691
14263
11892
10843
11625
9684
12965
13535
8025
5699
6996
6789
6325
4334
5137
3267
3265
2761
-5447
-3557
-3714
-849
-2412
-3175
-332
-2573
-4011
-4644
-3857
-5305
-6856
-7972
-6645
-9963
-8269
-6238
-9448
-13680
-12496
-7744
-7737
-7353
-13803
-7879
-8745
-11004
-10775
-8439
-6980
-7640
-6022
-9718
-905
1085
2441
2162
2083
3861
4925
7274
6322
8892
10681
5797
6261
8128
5643
4663
7828
8751
5866
7340
5551
6891
10496
-550
768
3304
1049
2479
681
861
-406
-214
-61
-2598
-2318
-9357
-12264
-8734
-7964
-11455
-11342
-8230
-7597
-4778
-10078
-6805
-3740
-4423
-4015
-8534
-6745
-5210
-3432
-5341
1587
-597
-1946
3995
2563
6825
7520
6154
2769
7048
9865
7766
6215
9016
8553
8148
7074
2913
6785
4891
4493
5095
6329
4035
7021
-180
-4967
4513
3394
2246
-401
604
-3219
-5541
-4365
-4204
-6824
-6964
-8767
-9108
-7697
-8395
-4227
-2549
-10720
-11286
1278
-498
-1458
-1729
-4194
-1846
-3447
-2913
-4265
-2443
-2741
-408
-1679
-5344
1962
3670
6879
8152
7365
9032
6840
6219
7403
9014
8645
11916
11621
12402
10294
8791
7939
7245
9373
9554
7073
6279
3243
-3712
986
2002
174
2
-953
164
53
1066
843
2847
590
1076
-120
3674
2008
-5450
-3548
-683
1022
482
-2723
-660
896
-1471
-7392
-6781
-9032
-10230
-8046
-7417
-6609
-11472
-8690
-2434
-324
2017
-405
43
2728
2686
4350
4841
4005
6947
4875
5683
5706
5144
6649
3648
2895
-2623
3570
62
385
-4419
-14478
-5624
-7892
-8103
-8941
-6600
-8464
-8630
-5920
-4663
-1841
-2910
-3954
-6662
1035
1493
-280
-2244
-2874
-2864
-3073
-6732
-10229
-5912
-8336
-7182
-9948
-12733
-11578
-9411
-10568
-8685
-2266
-5828
-6234
-2892
1853
3562
5470
4365
7643
13845
13178
12923
13756
10708
11371
14695
14637
13175
12251
13298
11496
10305
6310
7606
4525
-3494
1292
1218
612
609
42
1765
2079
5975
3564
-1993
378
5118
4057
1584
1009
1643
-1299
-2435
-1632
-2690
-3373
-4890
-6249
-9210
-8391
-6790
-7139
-9091
-7949
-8213
-7102
-7237
-8834
-1226
-2204
175
741
1802
1907
1726
2536
3234
5110
3485
2562
4174
5117
3985
4675
1671
1887
1658
-323
-2016
-3744
-2568
-10963
-10498
-7683
-6017
-4867
-3735
2179
-10488
-6162
-544
-5355
-1777
-3817
-3806
-5133
-3364
-1256
-1759
-1087
-2507
-5634
-4438
-3953
-3913
-3684
-4348
-5690
-4037
-2338
-5275
-4475
-2589
1843
-7390
-1563
11908
7502
9921
9794
7319
10742
11672
9823
8954
8531
9826
6747
7196
7518
6367
4478
1914
2617
867
2263
320
3638
-3984
-5827
2505
-2330
-1172
-4505
1996
4309
2748
-288
-2940
-1236
791
671
-884
3051
4474
2366
-963
-1054
1149
1917
-1124
-26
-5444
-4338
-4588
-11084
-3745
-4364
-2967
-994
-4675
-3237
4359
5123
5453
7655
6851
8583
6741
6094
5262
2112
7289
3905
5116
2469
1077
-560
-5131
-472
14
-552
-301
809
4560
-1264
1794
1018
1550
7799
2094
4235
8736
6198
3561
3132
3251
5213
691
2241
5080
2009
4
-3494
-2076
-4654
-4429
-7020
-11364
-11811
-9259
-8552
-10000
-9384
-5000
-1410
-3099
-7433
-6586
-814
-4139
-3368
-1837
-3595
-2511
-3689
-1654
-1345
-1145
-854
-2490
-3986
-5197
-3859
-6358
-7169
-2061
-2390
-1093
876
633
-3643
-6068
2243
5041
4803
4289
5918
7942
6527
6267
5655
8601
7252
7913
3970
3860
4269
4042
1624
-1454
-372
-1662
-5315
-5721
-5746
-8896
-7448
-6515
-8060
-5182
-7105
-9918
-13572
-11734
1330
1499
2995
2856
-3600
729
2766
3194
6669
-481
17
716
-2202
3706
1028
541
6342
937
1272
7275
5120
1316
98
5531
7697
8125
8459
4440
6435
4946
7200
10057
5987
4129
3779
1996
144
-3656
-2411
-2877
-1348
540
-8940
-10957
-9952
-9342
-10227
-11541
-12312
-14204
-12666
-17898
-14541
-9027
-12029
-12919
-7960
-6112
-6887
-5907
-3397
-3381
-4628
1730
-123
82
3018
2084
4221
3428
2010
2276
7123
8017
13038
14264
10973
15826
18777
7419
5187
8615
7261
9095
11077
9385
8965
6534
4668
6964
6483
5528
2975
3494
4095
929
4740
1066
-1644
-483
-3236
-6136
-8078
-9099
-8541
-8494
-9321
-7153
-8162
-4948
-4516
-8360
-4166
132
2456
3000
613
1523
4560
3424
782
2865
3800
4776
6654
4643
5774
8379
11956
10064
3790
4153
7346
11205
11537
6570
963
867
3182
3224
3717
3648
2887
1720
540
235
764
743
-1819
-4334
-8194
-6332
-7432
-8848
-9296
-9843
-11201
-14287
-13014
-10223
-9880
-15633
-15923
-15172
-15463
-14210
-15198
-14281
-15572
-15108
-7104
-5900
-4648
-4231
-3937
-474
1972
1937
-197
-160
1627
2702
1273
6693
6973
2268
9159
10934
10703
11100
8725
6173
5112
5527
9106
12604
9628
12246
9990
6599
8894
4255
1673
-774
-1906
-3254
-5092
-4706
-3281
-3783
-6678
-8939
-10502
-5676
-7511
-11274
-12563
-14200
-17737
-15080
-9387
-14082
-14269
-8615
-10544
-12712
-8343
-5405
-939
1210
4482
758
-3773
-3521
2696
7654
7032
9191
7404
6727
14031
14641
12534
13652
11052
10591
10543
11265
11155
4952
-2439
3597
4192
6019
8501
6726
4395
3155
3128
269
-982
-5660
-2457
-3153
-3322
-3493
-4581
-4753
-6155
-6026
-6458
-7694
-9670
-9275
-12441
-10410
-15160
-17927
-10521
-9097
-7665
-8858
-8357
-10196
-4284
1875
3209
4085
1466
4577
10531
15112
15125
14768
13675
21279
22634
17969
15483
14914
15468
13249
14235
13306
13965
11707
14251
2280
3651
6087
-1721
2234
-113
1470
-6136
-6555
-4244
-4625
-7705
-9235
-7777
-8220
-8015
-9779
-8691
-11316
-8783
-11134
-12827
-11685
-13069
-14327
-15984
-15670
-19080
-20193
-16019
-14645
-13774
-12914
-14256
-10447
-6922
-3765
3769
2947
4573
6129
5644
12955
11065
9553
13354
11536
12791
10375
8664
12738
13019
10200
10187
11119
8047
10331
820
1343
6105
2863
5915
-1252
-1126
1811
-559
1817
1842
-564
-3276
-1739
-1868
-939
220
-1775
-3825
-2873
-545
-5567
-6523
-5730
-6080
-9105
-10179
-13016
-17288
-8866
-7559
-10273
-10125
-10297
-1431
2968
4372
9781
5132
10171
14701
13060
14575
13475
15441
13278
13406
14462
10496
8690
13779
11364
9498
10611
11557
9712
10339
7708
1720
5540
1149
4710
4986
3433
3876
1192
6302
5162
3727
-426
-3535
-1683
-2844
-9391
-11551
-8727
-8371
-7689
-9477
-13461
-14927
-14504
-14366
-14127
-14275
-14876
-19233
-15733
-12585
-10634
-6025
-6787
-10762
-3215
3811
2756
4908
7752
6830
3208
8394
9324
10853
11612
9150
11146
10514
5472
6101
8371
8475
11549
6518
11655
10188
2647
5605
5614
4679
4653
4694
243
-1296
-1812
-5828
-3563
-820
-1866
-1107
-2306
-6354
-10303
-11882
-11205
-12561
-15005
-14745
-14788
-18187
-19284
-16918
-17035
-17024
-14504
-16939
-10984
-11986
-13373
-8866
-6492
-3413
-2621
1437
104
855
3355
3390
5783
6368
7600
7958
10266
11213
11067
11902
9893
8774
11387
12206
8988
12313
10523
9851
1120
2883
5589
-483
5577
4496
5751
4739
4017
817
93
186
-1586
-3699
-6616
-7737
-9120
-9501
-10810
-11171
-11899
-13223
-13126
-13130
-14844
-11696
-10865
-10575
-12900
-7780
430
-1685
-1287
2736
8020
10311
9049
6952
10749
13760
18163
16818
9515
12962
16306
20125
17275
15653
12886
12987
13136
6467
7518
3190
5304
5691
4490
69
-4440
469
-2735
-1816
-2262
-4476
-5742
-7511
-6270
-8308
-9125
-12012
-14057
-11424
-10970
-10545
-10727
-15236
-18053
-17301
-15884
-14086
-17381
-15693
-15361
-18181
-11343
-8341
-10165
-9690
-5800
-6035
-2304
977
1879
5591
6111
7817
11484
14142
12974
13568
16270
16668
18013
14914
11018
14034
11483
12482
13205
12884
6970
8281
10490
6828
2810
3337
37
-1396
198
1936
3116
-2927
-6132
-10766
-9264
-6170
-8284
-7765
-6008
-6002
-8298
-8229
-9702
-12549
-11992
-9789
-12657
-11572
-13856
-12532
-6920
-6203
-4786
-7663
-4997
-6089
-4858
2697
5554
7397
6521
10713
10193
8740
7314
8906
12356
12406
8576
9871
12272
10067
12085
11240
7867
8936
5189
5342
9228
5854
-4689
-3669
-5019
-6009
-2241
-2979
-1252
-3094
-8262
-10828
-10485
-8907
-9530
-10445
-14262
-14286
-11475
-11983
-11156
-10205
-9501
-5644
-4325
-7337
-6408
-2483
-1698
-1343
-2682
-675
1691
-61
1585
4598
4739
10265
11508
12438
12178
7046
11237
14593
11139
15218
16032
14562
11822
9390
13574
11025
12498
11538
10068
9595
9595
11061
-790
-1416
3275
1137
-312
-3188
-1516
374
-2346
-8161
-9201
-4825
-5208
-10750
-10919
-11154
-11398
-7157
-7091
-7636
-4912
-7562
-10647
-5206
-2537
-3412
-3909
1717
-1540
-3269
393
-1506
1002
3354
2809
7441
11102
10865
10538
9206
10294
9985
10431
12646
12544
11369
11669
12742
13054
10761
9945
7408
2739
4454
5376
6133
-960
-9163
-5360
-7042
-4392
-1058
-2581
-8354
-9478
-8004
-7863
-6195
-6361
-6245
-8300
-11921
-11608
-6188
-7879
-4319
-1201
-8423
-10763
-7043
358
3061
-517
-2067
-285
-1353
1176
5989
1670
1657
7943
10409
13211
13898
14574
10867
13277
12164
6973
10611
11222
10090
8775
6951
6920
9726
7023
3119
2028
2436
121
950
-3270
-7310
-3700
-9354
-5240
-3335
-6800
-6729
-6580
-6698
-6370
-9056
-8668
-7730
-10925
-10861
-10457
-12048
-13565
-10892
-6333
-13693
-12950
-2345
-7231
-7803
-8033
-3381
-8099
-5935
-6434
-2737
375
-8766
2065
1469
547
3636
1739
3202
3431
3953
3722
5523
2629
3428
3071
3251
5000
3925
4024
3426
5396
2634
5894
4574
1552
1756
-3319
1482
-3343
-696
678
2003
1021
587
1797
1524
-959
-7644
-3513
-1010
-1369
-4414
-3471
-1383
-4321
-7800
522
-932
-5599
-5546
-2965
-1153
-6727
-6215
-4734
-5707
-6069
-5426
-7183
-2004
2538
4535
5638
3802
5548
5905
5833
3493
6023
5324
6514
4389
49
5528
4752
4777
4884
2338
2017
3724
728
3491
-537
-8823
2422
-2899
-2915
-1659
-6081
-5460
-5697
-1433
-3922
-5437
-8191
-4700
-1966
-4599
-1309
-2894
-426
2415
-2709
-1449
-6615
-6690
-4214
-6174
-8293
-8652
-7823
-5318
-4774
-3232
-3928
-7153
911
-1136
839
6571
1864
-1771
-2751
1601
2643
4676
11182
11463
12160
12684
13290
14945
15223
12340
12854
13724
13984
13372
10705
1351
-2628
1900
3654
4339
2473
758
628
1852
1302
246
614
3572
1557
2103
-1859
-1377
4681
-243
21
-2045
-655
-2569
-3992
-3969
-3520
-3729
-6417
-6426
-6729
-4754
-1729
-3036
-9565
-5534
-5355
1052
2056
-2328
184
1852
4214
5243
4862
7309
7062
8142
9040
7566
6231
3665
-69
2364
1385
2692
1036
2705
304
-10706
-147
-154
-4114
-2450
-7219
-4227
-1201
-1959
-2983
-1662
-8119
-9663
-3309
-3224
-4868
-6538
-6291
-6372
-8812
-6681
-5616
-7775
-8464
-6403
-7232
-7742
-7199
-4790
-975
1952
-142
-3665
4609
6738
9488
11457
8950
10667
13649
15703
14197
14037
11462
12442
13729
11849
10327
12055
11441
8029
5051
4311
4352
1759
2928
-3448
-5345
-4145
-8101
-3628
-4337
-6998
-7807
-6849
-4195
-8968
-10491
-5865
-4420
-5673
-6942
-5897
-9973
-9988
-5817
-8314
-10764
-9391
-7992
-9883
-6901
-8639
-7096
-9399
-9555
-6666
-5411
-4881
-7416
-762
2161
2013
-1081
1435
3507
3398
6109
4475
5142
5463
4927
5566
6107
2346
6181
6536
5976
5447
1361
3812
90
2373
-1892
-4809
-2959
-4495
2164
743
1137
1994
1174
1649
6912
7245
4071
5505
2339
1003
1770
3644
477
1166
1641
1672
2136
1545
-876
2829
1202
-4122
-2651
-453
1355
-6093
-6973
2965
3643
3470
3089
3367
3938
3341
4067
3825
3608
2605
1715
-192
-235
-112
-276
-1593
-1946
-3001
-2493
-4820
-5728
-6162
-11282
-16329
-13688
-10112
-8635
-6495
-2899
-2967
-7189
-1945
556
-1399
1038
1745
-147
1158
517
716
1026
17
-518
562
-1846
-2035
-5935
-10600
-4529
-6955
-6959
-8139
-5542
-2344
-5467
580
581
3112
6498
6594
6434
7661
9425
10508
9736
5893
5661
8481
10000
9227
6838
5708
2148
827
-3010
358
3351
2320
-3218
-7220
-235
-3778
794
3004
4435
2758
7127
6890
792
1997
306
5290
5786
6647
5031
2624
1124
-2471
-2895
-1616
-4326
-5775
-1591
-7451
-9688
-4913
-5099
-8572
-6089
-5890
-9960
-4040
3053
4237
4261
2503
1276
5764
5935
3947
3941
7125
6076
5189
2933
4194
6749
4243
5285
2123
1796
1306
3026
1468
3954
-3502
-3430
7212
1738
2904
3528
11487
9006
7577
7672
5697
3268
-974
4114
1139
1781
1864
1637
-1046
-2510
-635
-2642
-2570
-4869
-7921
-8441
-4886
-4370
-6112
-10397
-6867
-10686
-8297
-2189
-4206
-383
903
2383
3222
3253
854
4903
5762
4058
5626
5215
1210
338
2998
2657
-881
-1777
-1028
-1312
794
1307
-2539
-3147
1727
-566
3179
8902
454
-257
4294
4142
1452
1745
2279
957
922
1785
-805
-5602
-3341
-5131
-5321
-3972
-7497
-8847
-6501
-6364
-12792
-9933
-8757
-11430
-6336
-8115
-8545
-833
-6300
-3019
-532
-3028
-4117
-2386
-2278
-6107
-643
852
-798
6
-1102
-1102
-1220
-860
-1013
-1491
1664
2656
2009
9793
7275
-205
-1100
4223
14575
12694
10820
12181
15039
15870
13910
11052
9552
9973
6735
3319
760
2460
-296
1440
1467
-407
-1703
-4376
-5682
-8024
-9870
-11017
-11719
-13838
-15501
-14908
-10759
-16017
-8395
-5325
-7699
779
-78
137
1817
4033
3900
5596
5224
3982
5287
5755
7085
5733
5535
6710
663
6606
6586
6632
9434
2007
6159
4469
4203
3396
2909
5431
7145
8100
5834
6685
4587
3597
1931
35
-3151
-5235
-5560
-4744
-5852
-9285
-9805
-13447
-11000
-13639
-14051
-15537
-16292
-13754
-17681
-16530
-13084
-14926
-16513
-9756
-6424
-4213
-2430
12
2899
3682
3870
5967
5803
6724
5405
1872
2775
3919
10081
11999
8241
6483
8296
5287
9232
18394
12530
7470
9111
4932
13423
14130
9668
9540
9287
7443
5186
4909
2084
-2004
-3545
-2987
-5693
-5325
-6276
-10904
-10825
-10271
-11343
-12589
-16238
-14399
-14550
-15062
-12622
-10448
-11920
-11555
-10096
-13011
-1033
-1546
-1108
507
-4226
-4500
-5649
2314
3599
754
349
4688
8123
7635
4240
8581
13540
11966
9273
14639
16139
15069
15018
7738
5621
7908
7405
6069
9368
7660
8899
7839
4111
1967
-244
1381
-2040
-4783
-1927
-2872
-3658
-5095
-5880
-6586
-2048
-3476
-5703
-3909
-4366
-1910
-581
-1706
-2186
-700
-6418
-8105
-9650
-6533
2173
-2083
-2668
-942
-440
461
3635
2014
2049
1367
3631
3646
3436
6990
5961
2508
3392
10201
5319
8309
5429
5791
5249
-2962
1582
1058
2794
3884
4426
5773
4154
3018
1289
330
-1620
1439
153
-1084
-523
410
-1933
-2538
-5225
-8211
-9754
-9452
-4071
-6369
-9679
-13159
-12405
-9278
-11172
-8508
-4569
-9871
-54
1476
-387
4157
1079
452
-239
2025
126
3064
1048
3208
5861
9576
4301
4377
14975
12265
11672
10455
10413
8863
8724
6477
2184
3216
6677
2538
1218
5486
6585
4273
5425
4965
15226
13665
11239
11942
3293
5185
7546
2409
5421
1516
2823
2568
1183
1484
-1473
-2234
-2399
-167
-2324
-3603
-6533
-8090
-6501
-8920
-9937
-13490
-16267
-16217
-17229
-17861
-17914
-19675
-21334
-22152
-16301
-18843
-19452
-10202
-10980
-8344
-3153
-7797
-2230
6360
5063
4983
7951
11175
9955
8809
11402
14158
16253
14531
16000
13886
12646
13192
4976
6578
7616
4852
4695
5098
6352
4102
4907
1921
1008
3054
1354
188
-3724
-2230
-2335
-6562
-11164
-10867
-11017
-9711
-10372
-15035
-19543
-20315
-19875
-19984
-20104
-19082
-19676
-18253
-10339
-15786
-9778
-3943
58
-1911
1239
9292
8403
11446
11488
16620
16228
14552
15851
17559
19921
18050
12467
15533
16990
18144
18084
11989
8116
10792
13187
12582
11667
9369
5040
3204
2163
-956
531
-2056
-2840
-5393
-4972
-6370
-8897
-7525
-11619
-12999
-12433
-12825
-14182
-16349
-19276
-19428
-21934
-20852
-21073
-22033
-19870
-15897
-12621
-14284
-3762
-5236
-4186
6794
5769
6406
8607
11176
10951
13002
13143
9652
12625
14108
16007
14817
14022
13064
9759
9763
9430
7501
-180
2144
2969
1992
2704
2742
2527
-65
690
-1702
-3392
-2290
-3919
-8373
-8567
-13115
-13412
-15262
-15526
-14905
-16468
-15110
-20954
-21943
-20039
-19179
-19775
-16173
-17838
-17503
-15684
-9177
-10784
-10475
-9238
-2156
5778
1920
5173
9840
9501
9177
15947
15251
14406
19426
19941
19431
19961
17966
15043
14849
13362
13337
11509
9301
6180
8668
9504
7895
8861
7488
6507
5262
4142
3132
1116
1469
-92
328
-2357
-2931
-3341
-7173
-4817
-8096
-8626
-10067
-9973
-11864
-14456
-12470
-13294
-11184
-11111
-8891
-7684
2344
-4474
-3051
10066
6944
7577
6916
13274
12918
14075
16644
13666
12717
16689
17144
13857
17317
17495
14286
13331
14064
13991
12251
11652
6898
4971
4413
3415
3497
384
-3317
-5551
-6486
-4549
-6308
-7241
-8539
-9485
-10997
-12171
-12921
-15355
-15624
-15968
-15853
-17920
-18111
-19672
-20830
-20351
-18984
-17657
-18849
-13700
-13754
-10739
-10569
-14141
-2612
-942
692
5616
2921
6079
10094
9035
9712
12738
13013
15147
13222
11612
12985
10606
11265
12119
10319
7360
8796
4892
7
1755
2241
-646
97
-865
-1151
-2266
-5108
-3142
-6647
-7627
-6885
-10974
-9024
-11163
-11178
-9414
-14037
-14369
-13158
-10358
-9499
-12522
-8046
-9250
-9557
-6335
-11526
-11524
-9017
2692
-5104
-4042
2909
3542
8676
8723
10179
12578
15549
15380
15240
17300
18033
15663
12895
9670
14047
11523
9123
9810
9136
8522
8093
4612
782
5575
2134
2434
4067
1944
122
-273
-3186
-1457
-1170
-4187
-3674
-9379
-7501
-7440
-7033
-7840
-10064
-11141
-13877
-11578
-9314
-10749
-8684
-6254
-3814
-8651
-10875
-1181
3258
3518
-3019
2542
5925
5154
11174
9974
9602
8943
11216
12050
15316
15012
12908
12902
11469
11410
10671
7911
5810
9649
8490
4173
1535
-2743
-3283
-3757
-1552
-1920
-2600
-3341
-5833
-6250
-5072
-7001
-5892
-8811
-10056
-12162
-11271
-8800
-11481
-9528
-15337
-18454
-12641
-13508
-12089
-11203
-7786
-12996
-14392
-7448
-7453
-8383
-5699
-2046
-8578
-1176
698
496
5732
5984
6496
8121
11728
10413
8411
12882
13645
8320
9336
6752
4388
6746
7420
2435
2134
6057
2125
-839
3520
3333
2962
4028
-1375
-2619
-1889
372
2510
-156
-675
-2035
-721
-727
-6491
-3927
-1390
-3613
-3523
-5996
-5040
-1936
-838
-3569
-5225
521
2453
723
747
-3969
1700
-1444
1636
9841
5611
7437
7026
8765
8810
10409
11096
9912
11242
8984
6693
5797
4712
3771
5894
4550
4064
4847
996
1317
-2674
-4030
-1321
-781
-2535
-1272
-1195
-4774
-4388
-1058
-1446
-7740
-6790
-8975
-5309
-5962
-8369
-9305
-9079
-4955
-4537
-2279
-204
-6990
-8186
1367
-362
-1686
-2997
-3633
-3532
-2852
-58
-849
-4538
-1213
1725
1527
4116
3935
7135
4066
4217
4593
6564
4869
5590
6145
4370
3965
4272
8877
8873
9332
8132
8457
7602
3231
4914
4317
-31
2034
1515
-3758
-3550
92
973
-965
-4805
-5430
-5131
-4149
-3976
-5559
-10149
-6278
-1122
-5351
-3645
-1287
-3696
-4898
-6792
-9825
-6951
-6690
-7497
-8097
-5993
997
-8359
-1198
4630
-898
5514
6120
2602
3721
7340
4701
4164
6882
8367
4714
6006
11247
6455
3945
8110
9076
8046
6934
5626
5248
2760
643
-3583
680
2293
1480
-5108
-9132
-5011
-5677
-9124
-8799
-9342
-8296
-6756
77
-2385
-8929
-1128
605
-2626
-465
-2635
-2847
-2859
-9128
-8302
-4134
-6151
-4920
-6821
-1946
591
-5874
-357
4445
-756
619
3432
6308
10094
9203
6774
8898
6964
9082
11910
7565
9199
11937
11094
6379
11896
8482
-1740
3398
742
-5066
-1344
1094
776
-119
-3255
-5304
-4076
-2598
-5869
-3108
-2537
-2026
-5186
-4500
-868
-4185
-2767
-2864
-5978
-8665
-4481
-767
-4043
-9006
-6226
-9294
-9424
-7676
-9470
-10586
-8491
-4903
-11207
-4559
-5688
-4089
-1665
-1898
2599
1359
3648
3828
4939
8020
10406
10169
7997
5272
-318
3424
3562
7166
8867
7009
4397
2274
361
-163
-1000
-905
2452
1458
775
-561
7072
7702
-103
6542
10286
5385
6352
3909
5345
2658
3235
2927
1981
2118
-1630
-756
-2488
-3781
-6256
-4722
-7277
-6419
-9630
-2884
-4571
-3400
2649
-4551
-128
303
1026
3401
4746
3907
5862
3694
-496
3140
3678
3153
4412
1964
1505
-386
-1738
-1829
-2942
-4012
-9350
-8560
-5893
-3977
-4703
-3202
-1738
1046
-1217
479
7912
2988
-408
-1895
3515
2436
-1806
-4597
-6455
-5274
-2791
-7172
-8484
-6112
-12068
-10203
-11821
-14138
-10925
-12017
-11172
-8845
-9819
-13617
-2975
-722
-1027
3755
-239
-1931
2307
6510
5732
9272
9895
8599
6242
8992
9788
8055
11626
5429
9588
7593
7448
5942
-1036
2113
1892
2939
5637
5166
-2264
5927
7875
3486
5784
5026
5332
-985
85
1797
1227
-1243
-4740
-3012
-2352
-2697
-6045
-9156
-11309
-9798
-6969
-6463
-7762
-7182
-6261
-5569
-141
-2310
-5270
-3188
-1441
5050
7269
5479
2064
3590
8539
6779
9216
9293
10820
9865
10493
8942
8003
7618
5068
4609
3955
5889
821
-1615
9278
6075
-3195
2540
8916
2772
935
3614
5810
2892
-1721
2456
-21
-1853
4146
-884
-1716
-863
-7265
-6414
-5297
-7700
-6364
-8698
-7545
-7136
-3398
-6192
-8189
1922
-2914
-4279
4732
3312
5153
6075
8646
7307
4221
5215
5756
6112
4842
5350
3802
1936
2217
998
-448
-1118
-2386
775
594
-5162
-2592
-374
-8007
-677
3000
-2586
1394
-2153
-1474
-1384
-3198
-4781
-3333
-2597
-4606
-2637
-4768
-2340
230
-4501
-5459
-7733
-8656
-5814
-9859
-17146
-14822
-10882
-13003
-11973
-12264
-7876
-10436
-13386
-3623
-4269
-3553
-3538
-3768
-258
3646
5650
3297
731
-191
1122
642
4324
1393
2267
2392
2535
3375
1297
4755
5235
-3829
79
7291
4476
6604
4521
4847
7086
8545
9446
10516
9213
10786
12334
6280
5346
5616
6262
5742
2416
-3641
-2921
1065
-1715
1060
-278
-4930
-7109
-6571
-7226
-7390
-2273
-6920
-7375
-2583
-420
709
211
3314
4233
3745
4021
1490
1652
1782
601
-1411
-1306
-3938
-2063
3520
-315
3320
6601
870
-1709
4250
2916
5892
5094
5644
3614
1243
4102
9321
11257
6212
2634
2999
2316
7862
7812
-69
663
1699
-1236
1825
-840
-4078
-3793
-7114
-12977
-13487
-13544
-8943
-8552
-11002
-11051
-12410
-8521
-5717
-4270
-3694
-5291
-4100
-1274
-856
338
1008
-117
1184
2446
-843
2232
3435
2545
3415
8032
11241
4891
13349
15972
7439
9440
10077
9518
10517
12233
11059
11861
14415
13498
12511
8972
7480
7538
4692
2967
-1698
-1325
1485
2024
-326
-2715
-3924
-5340
-5418
-6234
-8824
-9139
-9225
-9993
-9066
-7953
-5316
-10119
-10707
-7637
-7211
-2584
-1655
-4165
-5425
-3451
966
235
1906
2145
-3722
5168
5956
9362
8790
5519
11044
7365
7407
12755
12320
7208
6012
9575
10225
10120
6698
3464
20
2636
7254
6317
4562
1573
1451
1537
2443
736
-1507
-4496
-8173
-8366
-9764
-7784
-10753
-12117
-12532
-12733
-15329
-15597
-17015
-14812
-10261
-8455
-13316
-12654
-9452
-8827
-6329
-4602
-3161
-5324
-1692
-1788
1134
-180
3625
7830
5514
9686
13391
12742
10791
10556
10741
11413
11994
8333
4384
10000
8088
11010
9553
4617
4825
1604
3200
2085
4705
3940
-276
-2667
-4897
-5759
-6188
-7259
-8056
-10278
-10290
-10437
-10899
-11402
-15792
-17220
-17976
-15891
-15320
-17779
-18374
-17043
-17380
-16351
-7297
-8635
-10598
-6475
-9214
-7960
-4868
-1021
2338
8938
6250
2011
13017
10566
14377
15018
18189
13017
11920
15362
9700
18866
9951
5709
6267
9898
11911
10653
12606
6557
7933
8922
9118
9127
7871
5854
1679
1585
1561
1169
-1018
-2293
-1819
-5114
-5374
-5990
-8682
-11386
-16627
-15551
-12278
-13459
-12279
-12379
-14539
-12250
-13897
-7604
-5196
-4074
-1287
218
875
7059
9499
5010
14281
17555
14493
16804
17368
15502
13748
17587
17120
18295
19306
16415
12854
3654
4155
6763
3431
4830
3401
2125
2733
1725
798
-1227
-1707
-3176
-4822
-5233
-7389
-9845
-9396
-10974
-12023
-14322
-16699
-16349
-19588
-20419
-20377
-23736
-22569
-21715
-24209
-20019
-19073
-20613
-18090
-12558
-10134
-7182
-3770
-1495
4464
-1275
4676
14903
14303
14718
7910
13665
14037
17570
19532
17172
17782
12927
13934
11529
11565
9484
5810
9888
5856
3787
1847
2151
2571
2755
-1223
-2438
-5455
-5893
-5464
-5244
-4858
-3794
-8894
-11525
-14973
-12764
-17765
-17008
-13326
-19223
-16429
-20233
-18229
-20290
-19747
-13547
-11519
-11174
-13523
-10219
-1275
3685
6943
4927
3914
7061
8208
15400
16241
17541
16935
12836
15873
20581
21107
18702
19472
17162
17860
16369
16873
12719
3369
6692
9078
5318
5461
1877
2194
4438
2339
-108
-1269
-1794
-2394
-2345
-5113
-7087
-5920
-5755
-7595
-10104
-9964
-12316
-11000
-10324
-10249
-13186
-12829
-12218
-10065
-5682
-2979
-8017
-5886
4204
3931
620
6892
15202
14310
16986
12257
14806
18574
19529
19015
18059
16755
16052
17578
15715
12621
13652
12747
7638
8126
6797
26
-43
2229
-318
-346
-1411
-1284
-1926
-4676
-3863
-5127
-5312
-5379
-8012
-6728
-8165
-8368
-10063
-8712
-7679
-10758
-9471
-10323
-12610
-11426
-12196
-11563
-12505
-11342
-10231
-13379
-9394
-4071
1225
-660
4251
7794
8661
9562
6958
5801
8405
16147
13649
11834
12665
13183
12059
15349
15992
15253
10601
12023
11311
8355
7683
1535
4178
4599
3280
5255
1628
984
1800
-1454
-2728
-1293
-2473
-3853
-2700
-2295
-4563
-6965
-4556
-6963
-6048
-6447
-8431
-7325
-10452
-13678
-17640
-16949
-11246
-13137
-10616
-2926
-8092
-10851
-4537
5322
3940
3807
3849
3977
6182
6008
7707
12275
12131
12246
11902
8271
9539
4941
4432
5316
3887
3310
4637
1579
151
-1178
-4283
67
-2680
-3615
-3023
-636
-3768
-1559
-2187
-2482
-6457
-8073
-6916
-8475
-5593
-5146
-10455
-10915
-10860
-16663
-17929
-14874
-14888
-17529
-20370
-16650
-16073
-15995
-9760
-9378
-13105
-5992
3255
1765
1429
2344
4972
6958
8177
9961
10227
13428
14557
12975
12718
11442
8195
10264
8738
7095
8908
5878
4583
5970
5600
-3817
628
2178
-92
4703
1301
3428
4292
2719
1934
-1338
-2870
-3296
-5127
-7790
-8756
-12041
-13216
-12302
-11505
-10165
-9616
-11292
-13328
-11235
-13185
-9868
-4387
-11855
-7381
1207
-1781
-1085
1377
3856
5486
2100
9123
10030
6488
7333
12244
12543
11358
13577
14839
12611
10916
11654
12522
12185
12389
11285
6842
9426
4324
0
-212
3111
1739
3474
332
-3541
-1525
-2179
651
-5765
-7894
-7671
-5473
-6451
-8607
-9695
-10389
-10850
-12192
-12722
-11380
-5923
-8244
-10236
-7815
-5627
-11068
-6059
-3141
-5255
-7123
-6421
2273
2843
4886
7035
10569
11855
12073
7573
7637
10936
11592
13225
12219
12424
9570
8876
8724
9899
10704
9776
6608
7676
6582
3327
1507
4226
-1674
-267
5133
-6446
-3416
-1203
-3669
-3591
-5822
-8858
-11016
-11790
-9249
-9573
-12057
-11711
-12498
-8894
-9133
-10299
-4297
-4568
-13409
-7065
-2187
-4139
-2742
-4801
-1991
-3253
434
-3416
41
5095
5454
3084
1899
6591
6794
4656
5456
8034
4617
7200
8238
8935
8632
6392
8379
7120
8228
5820
3325
1016
-4571
-2350
765
1756
2552
347
-128
6874
9601
4211
2959
-1048
-6498
-6835
-7283
-10218
-10675
-7679
-7157
-5633
-5927
-8286
-12402
-14632
-8335
-6549
-6830
-7981
-9566
-3256
-7607
-10868
1888
791
4460
8722
4915
5459
3618
5930
7133
10995
9960
10774
10223
12585
13905
8858
14884
12935
9845
3824
551
4083
7315
5385
-4308
-4225
2502
1694
-1830
330
547
204
-3223
-3952
-5034
-6241
-6482
-5270
-9918
-11022
-8686
-10888
-5074
-3740
-10063
-12288
-5905
-11691
-6558
-7983
-9926
-5240
-7450
-9302
-7682
-5179
-5442
-1514
1133
2282
1282
2606
6204
8872
8961
10316
13098
13057
14704
16979
17686
12954
9159
12721
11064
14312
14558
10263
5736
8212
5025
-1145
6858
1663
-4070
-3391
-5302
-2685
-2963
-5235
-5561
-7876
-8001
-7035
-8567
-6062
-7743
-4495
-5791
-13233
-6154
-3832
-5815
-7809
-8244
-7295
-10536
-8327
-9551
-9028
-8970
-3574
-5853
-7124
4089
1883
5682
4354
5830
10553
4880
4349
5903
4830
3812
4949
13841
12134
10044
13210
7174
12710
12527
7433
2405
-887
2129
-4949
-8539
-4388
-7210
-4035
931
-2918
-7995
-10820
-7849
-9242
-6790
-4392
-8427
-7965
-9683
-12512
-4801
-5247
-5510
-4626
-6133
-5160
-6489
-3567
-6200
-7405
-7439
-7237
-7406
-6523
-495
-3597
81
10015
10168
10029
9991
8155
9481
14161
11528
10460
9864
6508
8521
8143
8701
9070
7741
6611
2895
2894
2871
4339
4067
375
-2865
-9006
-9164
-4564
-4084
-4277
-4869
-6900
-4848
-5435
-4716
-1743
1470
-4988
-8088
-882
2432
3415
-1150
123
726
-1069
-1636
-1761
116
-393
-214
1256
-31
-3195
19
1582
1450
-2845
-1061
4155
4595
7521
7626
6450
9728
9746
9271
9751
10931
11444
9500
11456
8475
8453
9744
8803
7297
5730
5031
-262
23
216
-2593
-4163
-2578
-3715
-225
-815
-2312
920
1185
-4725
-3170
1826
-876
369
2607
4130
-448
-2612
-2290
-2865
-733
-3179
-4599
-7957
-7616
-5359
-8012
-11800
-12154
-8088
-6630
-7293
-6971
-1412
-1213
1334
1415
-630
2025
4611
4302
4779
5444
2486
1563
3448
4709
4507
2500
-1842
145
-2034
-3847
-4562
-4269
-3437
-7483
-8390
-6820
-3122
-3699
-2704
-1476
-2935
-7700
-1540
5599
1179
-265
453
1193
-1677
-975
-4839
-4718
-2329
-4101
-3213
-9831
-9017
-6070
-6044
-7193
-4524
-5169
-6711
-3376
-1948
-4915
-1176
3101
3098
4704
4887
6912
6399
4032
5800
5147
2812
5072
4447
5364
5566
4806
4241
2632
4023
3583
1350
2090
-95
-3760
-1375
-1125
-1767
2799
1393
-2148
143
5832
5220
7204
7065
4040
6417
7129
5418
-209
-1253
-632
-2164
-2530
-2226
-5102
-5839
-7433
-7535
-7374
-7435
-8863
-8249
-6926
-3760
-6510
-6198
5872
105
409
2647
1012
2813
3849
4853
1200
1323
3363
1141
413
2573
-2649
-3330
-3991
-2070
-3188
-1784
-1632
-7425
-7297
-5678
-2729
-689
1033
-6924
-1932
6517
4844
4091
4413
7606
144
4468
5421
-149
1482
3782
1579
-983
-2186
-3205
-2795
-3924
-4406
-4521
-7501
-8333
-6948
-8656
-6031
-2278
-7415
-3641
780
-637
2974
3193
5646
6424
3529
3730
1216
1788
4514
4658
4991
4832
3544
3611
3457
3677
3408
2790
3921
3943
-2762
-1037
9720
1586
5275
14578
8317
3295
8266
11061
7542
10536
8263
7572
6449
6583
6791
3952
1077
-650
1463
-1732
-1483
-2726
-5491
-5483
-6390
-5913
-8021
-8095
-9039
-7138
-11958
-10551
-2754
-2330
-328
-2731
-265
1871
2861
3547
-1838
1003
771
935
5053
1391
-179
-1460
-586
-843
1159
1174
3420
2826
3015
2272
-4360
4083
10357
6996
7631
8928
8597
7295
6934
4692
2894
2928
2445
2556
446
-1176
-2381
-3942
-4148
-7349
-8387
-9625
-12061
-10825
-8923
-13110
-13789
-15040
-14463
-10854
-6587
-10201
-10811
-8138
-7316
-3536
-2825
-624
-2565
-3101
-2121
-794
-198
1881
6939
6442
114
1593
6503
6812
7817
5855
4480
7485
5294
3337
12067
10740
12158
11141
11940
13040
10891
12592
9198
8729
6021
4324
3110
364
-2782
-3982
-519
-6135
-7186
-6572
-9905
-12463
-14179
-14142
-15801
-15358
-17712
-16651
-13786
-15229
-12974
-12516
-14411
-5579
-145
-1575
-2525
-6
1477
5222
3490
3320
3843
3447
5175
6120
4764
1731
4513
4558
7774
7954
7493
7497
17002
17282
5554
4929
9990
8557
6000
6197
4257
5210
4139
4186
4267
4547
435
-1718
411
-915
-542
-2599
-5808
-6855
-7085
-4997
-8753
-15230
-11692
-14417
-14315
-8659
-12455
-12145
-9754
-9943
-5711
-8946
-10080
776
-229
2083
1379
410
1235
43
-123
-1818
3437
2375
2011
3075
8499
7555
6651
3645
13027
13635
8341
7539
7628
5316
-2897
4918
2213
5502
8423
5938
1981
915
2168
-523
-401
361
-1674
-3995
-4004
-8098
-6595
-5896
-8491
-8228
-5000
-7202
-11169
-10269
-13572
-11277
-10232
-11029
-13696
-12174
-5110
-3111
-7869
-2593
3880
-569
1537
-178
3128
4731
3066
5827
5177
5530
11452
10473
10882
8472
11967
19436
7125
9908
13334
10054
12711
11753
5175
1976
9091
8140
7925
2581
-707
455
3107
2763
-1569
-924
-3421
-4367
-4398
-5759
-6456
-5581
-7040
-6060
-6641
-8420
-10357
-11615
-10335
-9214
-8319
-10358
-9944
-9954
-9057
-10034
-10933
-9648
-7184
-2471
-2712
-69
260
4218
6267
5043
8523
11401
12658
7371
12412
20474
18002
17878
15936
17570
17820
17433
18043
14607
14054
12496
4021
4716
8148
1456
4780
6695
7434
9337
6376
665
-1417
-2101
-2098
-513
-2172
-6217
-6563
-5693
-5177
-4795
-4062
-3835
-7191
-5880
-9787
-13220
-10575
-11081
-11707
-13218
-12191
-7368
-12424
-8045
-3415
-8477
-3050
-343
2659
4007
3263
4232
434
10696
14651
7172
8049
10035
10494
10624
8385
7509
7989
6047
6506
6191
7693
-1317
-174
1964
-2120
3282
-1335
-2696
-2734
-2548
-3724
-4525
-2035
-3833
-2051
-4807
-7295
-6610
-4637
-9514
-15670
-11219
-12195
-12488
-12239
-15301
-15880
-14016
-13977
-13564
-9338
-10536
-11029
-7161
-1103
-2743
-2840
-260
847
796
-55
7404
9602
8420
9081
10277
11949
9698
10012
8108
9172
7805
8952
11263
6081
5302
5955
2589
3131
4219
1032
3667
3984
4931
5427
3584
4505
2538
3052
1052
-1440
-3453
-3509
-5973
-4252
-6013
-6290
-4739
-9327
-13672
-13924
-10248
-11694
-12785
-13445
-15108
-14276
-12831
-16101
-12944
-6216
-4690
-689
1740
-4349
-784
7232
4003
5165
5624
5065
5933
5827
9859
9422
9606
8851
8522
9207
10092
11686
7247
9079
3679
-1381
3618
853
4389
3931
4905
3706
-1311
1679
3666
2434
-398
603
90
-1853
-5317
-5452
-8402
-9133
-6295
-8437
-10092
-14178
-11233
-8463
-13015
-18443
-16516
-15557
-13200
-10688
-14702
-4285
430
201
-1894
2312
2912
1035
5585
3453
8217
6885
5520
7107
9188
11772
11192
10893
8385
12473
10277
12892
8777
8393
8744
1623
2877
974
3225
3683
5492
5548
4063
3590
4817
3421
649
2213
-787
-2789
-3340
-6817
-7735
-9955
-10484
-10568
-11738
-12799
-16552
-13855
-15333
-15451
-16446
-14082
-11370
-11943
-9272
-6698
-4292
-6809
3818
7133
8549
8265
9196
12147
14296
18189
15664
15577
18754
18257
18452
19401
15787
16508
16756
15671
8741
10935
14589
4601
5265
9800
10896
11786
10493
5189
3193
139
3454
3242
730
-2269
-4910
-5590
-8103
-6676
-7481
-9835
-10772
-13109
-15504
-14804
-18382
-21654
-19503
-16681
-16959
-18446
-12882
-9692
-10479
-10877
-2129
4012
2988
8377
9540
8832
9220
10525
13666
15553
15374
17088
16437
16505
13890
6317
10329
16853
13577
13979
12223
9448
9014
10314
602
-3926
406
-3010
-2005
-2646
-3649
-3387
-4301
-6055
-7677
-8278
-10830
-13084
-14036
-16161
-12521
-13792
-17780
-18681
-18424
-18400
-17373
-18704
-18470
-18980
-15039
-14736
-13379
-12803
-7135
-2642
-6389
-1414
2014
5730
6156
6224
10425
13286
16510
19125
10449
10068
13027
11288
13720
11233
10104
9662
9005
7467
7322
7278
6343
3905
5731
1565
-5600
996
-2826
-3064
-890
-3976
-4477
-6359
-4688
-4158
-5456
-6616
-7175
-8322
-9838
-11399
-11035
-11165
-10470
-11781
-12244
-12972
-10474
-6697
-2438
-9331
-7566
-425
-2313
1726
-221
428
4719
8183
11284
11313
9439
8400
14364
15228
15697
14701
12814
13718
10864
15358
17091
15064
13255
12417
8056
11309
8390
8638
3104
541
3244
-1800
1917
3241
-3256
-5079
-10361
-1565
-1258
-7786
-10990
-9827
-6478
-2830
-4130
-11775
-12109
-14192
-13053
-11509
-9229
-10254
-9397
-11241
-9605
-3994
-3477
-1182
-4627
-3035
-3245
-8460
-7739
-1348
3459
2160
2237
2314
4901
8589
7010
8023
8977
8569
8005
5672
6698
6492
4478
2924
2309
2203
3065
4161
1008
-1210
573
29
-9393
-11078
-10089
-14538
-7454
-8675
-11365
-9444
-8074
-7357
-2954
-5079
-7575
-6452
-5968
-6969
-8508
-2056
-1075
-5657
-4968
1421
284
568
-1407
-4597
-3657
-4331
-4100
-1769
1694
1250
-2555
752
2863
5597
7441
7560
7951
6215
5585
9482
9418
9726
12204
13522
11664
9551
10224
7768
7445
6414
5269
5562
4294
4245
5829
2777
-6619
-5814
-2587
-3599
219
-1924
-3181
-2366
-2653
-4081
-3282
-2144
-2582
-2666
-2062
-2001
-7651
-1776
-2836
-4492
-2189
-5343
-3281
-3808
-2801
-3032
-1976
-1367
-2473
-5733
-3938
-3311
-849
4231
2054
2828
1248
2942
4996
5978
7905
8772
9713
7237
6930
6188
5703
4661
106
3333
1378
-935
-1036
-2800
-3025
-5154
-4025
-9284
-10479
-9167
-9012
-7258
-4970
-6940
-8641
-6588
-7114
-3687
-1542
-8445
-8569
360
427
1036
3662
2487
1723
-348
-770
-1227
-1746
-2989
-399
-1609
-4382
-4065
-5533
-1391
256
-4747
-2858
772
173
4570
4048
2499
2425
4697
4240
3533
7151
5692
4374
4477
4533
5906
7966
3306
4760
5115
4267
4716
3542
2567
-2198
-4230
-2222
2094
-1507
3082
-188
-2318
3776
1922
780
-2251
-270
4595
-849
217
550
-419
-1133
-2433
-678
-700
-1039
1407
-351
-4686
-5485
-5642
-4927
-7552
-10130
-8995
-9242
-8843
-6326
-2065
-3766
273
3142
1123
2739
3302
3331
4569
4772
3628
3270
4657
6568
8011
7516
6528
6077
5778
7132
7969
7693
4069
-3820
2428
7861
5313
8021
9233
5876
4023
12699
12207
9802
6284
3334
2285
487
1634
-1125
-1139
-3118
-2208
-2256
-452
-1475
-4508
-3557
-7983
-9413
-9323
-9529
-9169
-9645
-6452
-9314
-6983
-3371
-2975
366
-1570
-768
3246
1223
1435
5878
5356
3409
3829
4157
5136
4481
1409
1085
-1359
-2545
1673
1893
-403
2625
-2891
-2610
7175
4999
-711
2793
11015
5798
5806
5113
4433
3925
769
-3
-2074
-404
132
-3189
-2147
-4059
-6657
-6721
-7310
-10828
-14123
-9947
-9508
-10051
-11504
-9507
-8053
-7232
-4805
-4054
-3194
338
2318
2683
4770
4245
2718
4442
6687
8463
5763
3517
7900
5671
6650
8377
3481
5858
4168
4178
5169
7009
3710
1279
4507
-378
8648
7278
5220
5893
2768
4574
2588
-562
-888
727
-4565
-4699
-1270
-4510
-8304
-8719
-9804
-12075
-13507
-11611
-12807
-14619
-12223
-13349
-13569
-11977
-10026
-8193
-9235
-11250
-6138
-3336
-2195
-413
-1478
-3164
-271
1485
1509
7299
5738
1377
2954
3492
3449
5017
1175
1872
-46
-321
3599
2331
10348
-2398
-3892
6825
4433
8107
9343
8094
3884
4762
2541
5652
5465
-774
-709
-2878
-3021
-595
1310
424
-1600
-1235
-1687
-6667
-4756
-4883
-7530
-6171
-5623
-3921
-6900
-6077
-6316
-12763
-7338
-105
644
2257
1399
-146
2797
7582
7572
7567
4314
2079
3309
5726
5562
4130
5289
4673
4088
3758
8326
8405
1051
8330
1364
2435
6650
2602
5957
2570
3569
4159
2865
103
-1489
569
3596
1177
-619
1309
708
362
-4096
-5118
-1376
-1351
-7362
-9765
-8102
-7998
-9904
-7725
-5269
-6896
-5846
-11650
-10878
-6157
-2376
-843
-2276
-4554
-4003
-1430
-1592
-1865
1199
3008
3808
5269
2864
1967
5525
5296
6042
11257
7630
4811
9293
12766
4736
3764
3280
2256
3377
4415
8030
7854
7003
6291
7903
5359
3896
2376
2492
1607
-277
-2913
-2768
-4327
-6276
-8631
-9758
-11417
-11298
-9213
-12514
-12525
-11088
-11043
-8719
-10845
-9078
-5344
-6952
-4478
-1967
-986
935
167
-1374
-1638
3199
4857
3031
1458
918
724
5098
6121
2098
2729
901
11187
10307
8498
8747
974
10435
9218
10653
8610
5761
8638
7947
7273
3003
2372
1770
2160
-2402
-4196
-2981
-4133
-2789
-2564
-5760
-8069
-8696
-11750
-11352
-9880
-10062
-10302
-13402
-11186
-10610
-11405
-13122
-7557
-2613
-2618
3089
415
1762
5660
2506
3767
3780
2120
4837
2748
5654
6373
4014
7284
7514
9496
14841
13749
10979
11429
12261
5790
7575
9930
8099
10973
9426
10519
7408
2891
4647
3656
2679
3030
-473
-698
-2088
-1744
-3602
-7484
-6509
-8465
-12459
-9633
-7869
-10579
-11980
-13257
-18279
-19367
-8395
-14288
-15671
-14691
-14520
-8412
-10733
-10077
-5870
-4489
-303
2935
-1887
5777
3412
5003
10503
7862
8395
4047
11298
14538
11930
12089
14555
13664
12928
13493
6328
4668
2773
5291
7256
4315
8021
8079
5974
7449
7715
5644
4728
6141
7033
4333
2102
-178
-1360
-1292
-2859
-6069
-8800
-8889
-9537
-13218
-15985
-14942
-14866
-12474
-13603
-15290
-14894
-14762
-9004
-7053
-5932
-3500
-1604
1185
963
494
1525
5729
9079
4198
9083
14486
12299
12192
14356
14055
9942
9625
11410
13152
14706
9722
3300
6631
8322
9565
7485
7321
8916
5170
612
3393
3757
1720
2005
170
-88
-925
-1072
-5197
-7944
-7537
-8713
-9823
-9781
-13350
-12871
-17835
-15449
-14812
-20113
-13215
-15003
-12356
-14115
-11298
-8183
-7888
-3611
-1721
4243
6619
8926
5839
6897
10997
11203
11279
11099
10952
12950
14961
14968
15204
14697
12645
10136
8269
6238
2572
3427
3606
3403
5886
3590
2623
1629
-1984
-4934
-6635
-5209
-5156
-7857
-9730
-10803
-10945
-12656
-11849
-13144
-15471
-15535
-18285
-17544
-15821
-21069
-21734
-17917
-20286
-17943
-15010
-16908
-16668
-9953
-6214
-2288
110
2317
353
-4040
9455
12158
6636
11085
14666
12836
12152
13282
19032
18914
13136
12315
10839
9893
11791
9568
8778
4526
4378
7330
2906
2702
4274
3066
3302
-372
360
-1275
-4728
-3048
-6728
-12592
-6281
-9255
-10057
-6536
-8784
-8969
-9825
-11681
-11732
-12515
-9743
-9237
-8591
-7814
-5397
-5896
-2416
-4574
1295
1781
5621
5357
8835
18333
14729
17154
18216
19244
19236
18784
19020
18879
17385
15485
15656
12981
10103
10206
12203
10938
5549
2304
-1795
-818
-3298
-1110
-3745
-7147
-6435
-6954
-3582
-3416
-4436
-9178
-10280
-5646
-7483
-10112
-8908
-7921
-7750
-9447
-12406
-12500
-8846
-9580
-9712
-12559
-15642
-13988
-11562
-11266
-4485
-634
-408
2152
4932
9936
14164
13992
9287
14782
14428
14408
15426
15439
16592
16938
15718
16169
14959
12458
11357
11642
10006
10133
8487
5278
1152
-1221
4238
1590
-2866
-2408
347
2924
2782
768
3363
3525
2529
2974
-483
89
-6807
-7637
-3800
-10685
-12265
-13862
-15480
-11391
-4560
-9438
-12377
-13732
-16925
-9887
-2175
-2223
-10121
-3013
4761
7971
7938
4672
6176
8633
9137
6818
7959
7263
8477
7258
4912
4408
4404
5170
4756
4055
1328
4289
1523
880
-2456
-5986
-2376
-5154
-6172
-5081
-553
-3466
-4185
-2746
-2632
-3441
-3275
-3296
-5687
-8184
-11501
-13719
-11694
-12028
-14105
-10938
-13729
-16021
-17200
-15185
-17395
-17300
-15745
-13268
-9650
-13741
-10483
-6519
-4710
705
7293
3558
1450
5077
6680
5824
5829
5651
7950
11110
10129
9516
11029
13952
8566
7513
8643
4847
5205
8931
4743
2937
920
5221
4606
5815
7458
2394
204
4643
3393
478
427
1094
-4473
-8571
-7321
-5202
-5081
-7651
-13276
-15457
-14142
-14278
-11723
-12520
-12391
-8901
-4990
-11449
-10056
-1025
-1020
-3584
-861
3423
4366
6963
6452
5619
5317
9255
13113
14434
11579
15382
15956
14113
13978
11824
14094
13814
13242
13121
12487
10375
12961
10584
9790
3259
5436
2668
-3098
4436
2552
3449
2411
-353
-149
-1231
-1361
-3125
-5840
-8598
-6101
-6770
-8757
-9242
-11171
-9300
-8220
-9061
-8605
-4920
-9375
-9422
-3203
-6583
-1606
-749
-4204
-1186
-1705
4062
9416
9720
9963
9311
9050
9545
11319
12916
11187
10045
9973
10457
9477
8797
9135
12181
8768
7874
4338
3117
2862
3299
-2269
-6078
-100
-1770
174
785
-1701
-2933
-6245
-8664
-12281
-11248
-10204
-11894
-13600
-11442
-15457
-15158
-8008
-10781
-10559
-10515
-13564
-15096
-7950
-10018
-9602
-8746
-9598
-4995
-5156
-4637
-4535
542
-346
6155
5965
6049
9056
8088
8564
8427
8039
8312
10654
9945
10844
7215
8553
9210
11921
8826
8374
5837
6475
8934
3364
653
-872
868
-3934
-901
-22
-2092
-2091
-8095
-6810
-7520
-10463
-10792
-13058
-14020
-9880
-6105
-9247
-7462
-4434
-11987
-11253
-3536
-7294
-7258
-6083
-10811
-7466
-6512
-4067
-4373
-3159
-3595
-1198
5506
5835
8194
10715
10249
10792
9924
5084
8799
9034
10638
12021
11482
13642
11663
9113
10527
9368
8017
8076
5273
6193
8606
7908
205
-1669
-1311
-3334
-1864
-5640
-7547
-8754
-13271
-9239
-12648
-14078
-12624
-13143
-6729
-7654
-15619
-13002
-2088
-4644
-3197
-3097
-6037
-4608
-5126
-4765
-6218
-3551
-3014
-2163
-1747
-2472
-1928
-99
1223
2332
4964
4026
6831
6210
7959
9593
8335
10540
10444
9696
9849
8980
8740
9293
9659
9131
6543
5182
3890
1046
-1667
-2223
-367
-5331
-6436
-6803
-7532
-7212
-9612
-9020
-13343
-7379
-4484
-5989
-4448
-11076
-1143
2895
-173
-1665
-3930
-2801
-2426
-803
-1365
-2532
-3448
1113
1982
-4643
-2386
1451
2971
2284
2143
3021
5904
8985
10675
8625
9888
11099
8897
11226
11006
10714
9212
5744
6844
7848
7164
8128
4937
2293
-789
-1671
-1606
-1080
-9059
-11867
-9436
-13085
-8756
-8814
-7054
-5418
-2824
29
-2808
-7200
921
5034
2677
2894
754
1255
131
-406
-151
-1345
-5716
-4895
-5743
-5388
-4900
-5983
-5652
-5798
-3774
-1482
-4193
-2167
2947
2174
7455
6439
3817
6599
4051
4834
4711
2459
2360
2427
3960
3943
1423
-1171
-1143
-2982
-1278
-2226
-3568
-5631
-5061
-6375
-12556
-8632
-7654
-2341
-195
-2712
4656
1586
-3827
7689
7023
4939
4330
2468
751
-4836
355
-3275
-2583
-2353
-3722
-3307
-6605
-6840
-9560
-7954
-6795
-6013
-8078
-6966
-5099
-9772
-4687
-406
789
652
-1149
-390
3992
1640
3250
2510
1587
3326
2226
8056
7265
2914
-640
62
4367
169
-1830
-889
-2034
6242
-1401
-628
4798
6354
10077
5416
4529
9575
10535
3715
6997
7702
9465
8660
8101
6103
2541
3850
1343
1324
-963
-1642
-2007
-4083
-6272
-9460
-10814
-11612
-11697
-11203
-6805
-11181
-7896
-1465
-2462
-2678
-1765
-545
-5781
-2444
-2321
-1533
-886
-2331
903
1848
1602
2247
1883
1698
520
1290
1789
2139
781
1855
-1290
-3873
871
-2935
-2324
-371
8069
8871
5068
4890
6375
5620
3078
5795
3150
1182
2360
2785
871
235
-157
-2444
-4118
-6903
-6728
-6733
-7482
-6241
-5743
-6874
-6462
-5889
-8490
-1333
3651
3274
3956
3566
5352
8722
9822
8350
10291
11301
10698
7687
6300
6290
4311
3619
4197
4244
3005
1147
-2169
4079
7743
-3394
4676
670
5108
10608
6623
9680
6375
5681
739
3307
1027
-445
-1692
-1210
-3005
-6532
-3137
-4791
-6361
-5389
-5501
-6178
-8668
-13656
-8582
-12589
-13212
-11853
-5581
-7506
-14562
-4581
-4641
-1533
-424
1261
2147
2208
4918
4234
5521
8605
10040
6281
6500
3045
140
5387
3132
5241
5449
3310
4136
7484
7887
-3422
-545
8016
10413
10890
8121
4723
3545
4017
7753
3098
-1169
1728
-667
-2121
-4381
-4552
-5869
-8181
-7731
-11685
-5921
-862
-6539
-8246
-9576
-7680
-6592
-3821
-5359
-4834
-8386
-9477
580
-231
726
2140
1206
2231
3520
1936
-1242
2070
3185
3410
4113
5198
2148
-150
1394
665
255
2185
4352
-1665
-2752
-1020
17
-913
-2760
2950
-657
-2052
1810
3604
-729
-3195
-4856
-5775
-3080
-2797
1798
-3618
-8759
-8150
-8282
-10601
-7888
-5978
-8090
-7935
-8277
-11151
-10425
-11562
-7931
-4213
-8870
-5389
-5043
-2477
-4717
-3633
1978
1119
3038
4693
2275
766
3220
1325
5474
7456
5865
7114
4993
7338
11174
12413
7540
13373
18019
4020
4521
6307
5997
8448
7376
8081
4946
3466
7820
5849
5081
5976
5396
4716
1372
-1812
-4111
-6122
-5710
-6001
-8017
-8390
-10455
-10650
-9336
-8258
-9732
-10419
-14167
-9922
-9334
-4301
-2035
-1693
3648
-408
1921
-2693
-1853
619
2979
5073
2023
1049
-1060
2403
4703
6614
5110
3801
4022
11024
9627
6420
9525
2604
3779
1661
5634
8532
1159
3730
523
761
2652
3091
2834
866
-1070
-4786
-5732
-6394
-7518
-6678
-6854
-8261
-8789
-9790
-13741
-14824
-13316
-15486
-15004
-9357
-7801
-3952
-4277
-9320
180
2631
3808
5109
3343
5138
6613
5401
5448
5169
3924
4581
4489
8331
9132
8210
3958
8151
15757
13987
13736
11822
14722
7309
3961
8609
8121
10072
9281
8950
8402
8774
7934
6586
7136
5309
5073
4797
3039
132
-884
-1857
-4946
-3906
-4523
-9305
-8956
-9784
-11240
-10337
-7512
-11674
-13977
-11553
-12921
-11995
-12288
-10878
-8097
-5319
-4997
-9273
-7910
-4928
814
1329
2173
6671
9347
6984
1607
8017
8315
7714
5534
4815
6183
8996
7410
9027
3594
-2489
3357
3423
5450
1605
4482
1691
929
5703
3413
-3176
-1671
670
-2875
-1906
-2706
-257
-343
-2301
-6292
-9538
-11022
-12765
-12979
-13709
-11758
-11604
-13630
-9918
-9977
-13181
-12411
-16666
-9478
-6832
-7882
-6275
-5303
-3686
-5324
-62
1901
3067
2426
5350
7593
6896
8557
9055
8238
8657
8404
6850
8785
7704
11023
4078
2267
8019
3581
4759
3353
2805
6080
4736
2727
1383
1408
3652
3104
576
-3457
-5211
-6523
-7750
-8647
-8296
-8721
-10498
-12817
-14793
-14879
-13109
-14833
-17015
-15296
-15685
-14458
-12526
-11559
-7574
-3151
-293
1433
3334
5931
2166
8274
13741
12966
15325
14935
17304
12210
17005
20110
17569
14962
13211
13596
16520
16885
13264
9893
9572
13269
6197
4509
2365
1755
6803
3813
1118
346
2501
3100
-68
3784
2757
-8233
-8198
-8294
-10904
-8474
-14599
-18872
-14593
-15291
-16293
-20805
-17507
-16801
-20275
-17032
-14537
-12944
-14097
-5257
-5683
-4885
-3423
5917
10564
4798
6121
12046
16529
12398
13981
19379
18080
12037
7949
14222
16598
8712
6067
13155
15037
7729
4217
1484
3372
8079
4756
3062
2323
1876
1817
-4149
-4041
-1191
-6272
-8573
-4765
-3622
-6784
-7749
-8634
-10992
-13149
-16453
-12808
-15141
-17441
-17037
-16417
-15991
-14755
-11063
-9392
-4839
-3558
-6563
-1812
11976
13479
14756
13006
15073
16857
14377
17288
13568
13753
15310
18132
16895
13938
11669
11530
12268
13567
10251
7410
11531
5644
-2606
-1089
2494
-1542
370
50
-3572
-1887
-4361
-8433
-10253
-10437
-11412
-12311
-14053
-12974
-14363
-16379
-17001
-18666
-19736
-20730
-18479
-21244
-21628
-18742
-18607
-16980
-15938
-12110
-7436
-8406
-3014
-5246
2151
5192
3845
7174
7287
13435
14766
16176
15813
18377
19013
17869
16844
15623
14417
14101
14991
15011
14489
12486
8651
9432
6469
-2256
1909
3029
331
1276
1537
-209
1092
-54
-4527
398
-3822
-4116
-2934
-5415
-3068
-4473
-3419
-5019
-8616
-7963
-9452
-10186
-6178
-5293
-4255
-3476
-3566
-6875
-1782
-3042
-4818
-1051
-4990
3289
2693
6579
6991
8051
12816
11885
11345
7455
8687
7674
8241
7900
6929
5590
5894
4519
3846
2877
1594
1515
-811
-6399
-11013
-5220
-5683
-8167
-6121
-2720
-1352
-1251
-1391
-1893
-5296
-7190
-5470
-7443
-5377
-6138
-7342
-6728
-6463
-7090
-8664
-7054
-3279
-7472
-7848
-9300
-9343
-178
-641
-2929
-1791
1740
-70
3329
7469
10484
11326
9528
12691
14263
11892
10843
11625
9684
12965
13535
8025
5699
6996
6789
6325
4334
5137
3267
3265
2761
-5447
-3557
-3714
-849
-2412
-3175
-332
-2573
-4011
-4644
-3857
-5305
-6856
-7972
-6645
-9963
-8269
-6238
-9448
-13680
-12496
-7744
-7737
-7353
-13803
-7879
-8745
-11004
-10775
-8439
-6980
-7640
-6022
-9718
-905
1085
2441
2162
2083
3861
4925
7274
6322
8892
10681
5797
6261
8128
5643
4663
7828
8751
5866
7340
5551
6891
10496
-550
768
3304
1049
2479
681
861
-406
-214
-61
-2598
-2318
-9357
-12264
-8734
-7964
-11455
-11342
-8230
-7597
-4778
-10078
-6805
-3740
-4423
-4015
-8534
-6745
-5210
-3432
-5341
1587
-597
-1946
3995
2563
6825
7520
6154
2769
7048
9865
7766
6215
9016
8553
8148
7074
2913
6785
4891
4493
5095
6329
4035
7021
-180
-4967
4513
3394
2246
-401
604
-3219
-5541
-4365
-4204
-6824
-6964
-8767
-9108
-7697
-8395
-4227
-2549
-10720
-11286
1278
-498
-1458
-1729
-4194
-1846
-3447
-2913
-4265
-2443
-2741
-408
-1679
-5344
1962
3670
6879
8152
7365
9032
6840
6219
7403
9014
8645
11916
11621
12402
10294
8791
7939
7245
9373
9554
7073
6279
3243
-3712
986
2002
174
2
-953
164
53
1066
843
2847
590
1076
-120
3674
2008
-5450
-3548
-683
1022
482
-2723
-660
896
-1471
-7392
-6781
-9032
-10230
-8046
-7417
-6609
-11472
-8690
-2434
-324
2017
-405
43
2728
2686
4350
4841
4005
6947
4875
5683
5706
5144
6649
3648
2895
-2623
3570
62
385
-4419
-14478
-5624
-7892
-8103
-8941
-6600
-8464
-8630
-5920
-4663
-1841
-2910
-3954
-6662
1035
1493
-280
-2244
-2874
-2864
-3073
-6732
-10229
-5912
-8336
-7182
-9948
-12733
-11578
-9411
-10568
-8685
-2266
-5828
-6234
-2892
1853
3562
5470
4365
7643
13845
13178
12923
13756
10708
11371
14695
14637
13175
12251
13298
11496
10305
6310
7606
4525
-3494
1292
1218
612
609
42
1765
2079
5975
3564
-1993
378
5118
4057
1584
1009
1643
-1299
-2435
-1632
-2690
-3373
-4890
-6249
-9210
-8391
-6790
-7139
-9091
-7949
-8213
-7102
-7237
-8834
-1226
-2204
175
741
1802
1907
1726
2536
3234
5110
3485
2562
4174
5117
3985
4675
1671
1887
1658
-323
-2016
-3744
-2568
-10963
-10498
-7683
-6017
-4867
-3735
2179
-10488
-6162
-544
-5355
-1777
-3817
-3806
-5133
-3364
-1256
-1759
-1087
-2507
-5634
-4438
-3953
-3913
-3684
-4348
-5690
-4037
-2338
-5275
-4475
-2589
1843
-7390
-1563
11908
7502
9921
9794
7319
10742
11672
9823
8954
8531
9826
6747
7196
7518
6367
4478
1914
2617
867
2263
320
3638
-3984
-5827
2505
-2330
-1172
-4505
1996
4309
2748
-288
-2940
-1236
791
671
-884
3051
4474
2366
-963
-1054
1149
1917
-1124
-26
-5444
-4338
-4588
-11084
-3745
-4364
-2967
-994
-4675
-3237
4359
5123
5453
7655
6851
8583
6741
6094
5262
2112
7289
3905
5116
2469
1077
-560
-5131
-472
14
-552
-301
809
4560
-1264
1794
1018
1550
7799
2094
4235
8736
6198
3561
3132
3251
5213
691
2241
5080
2009
4
-3494
-2076
-4654
-4429
-7020
-11364
-11811
-9259
-8552
-10000
-9384
-5000
-1410
-3099
-7433
-6586
-814
-4139
-3368
-1837
-3595
-2511
-3689
-1654
-1345
-1145
-854
-2490
-3986
-5197
-3859
-6358
-7169
-2061
-2390
-1093
876
633
-3643
-6068
2243
5041
4803
4289
5918
7942
6527
6267
5655
8601
7252
7913
3970
3860
4269
4042
1624
-1454
-372
-1662
-5315
-5721
-5746
-8896
-7448
-6515
-8060
-5182
-7105
-9918
-13572
-11734
1330
1499
2995
2856
-3600
729
2766
3194
6669
-481
17
716
-2202
3706
1028
541
6342
937
1272
7275
5120
1316
98
5531
7697
8125
8459
4440
6435
4946
7200
10057
5987
4129
3779
1996
144
-3656
-2411
-2877
-1348
540
-8940
-10957
-9952
-9342
-10227
-11541
-12312
-14204
-12666
-17898
-14541
-9027
-12029
-12919
-7960
-6112
-6887
-5907
-3397
-3381
-4628
1730
-123
82
3018
2084
4221
3428
2010
2276
7123
8017
13038
14264
10973
15826
18777
7419
5187
8615
7261
9095
11077
9385
8965
6534
4668
6964
6483
5528
2975
3494
4095
929
4740
1066
-1644
-483
-3236
-6136
-8078
-9099
-8541
-8494
-9321
-7153
-8162
-4948
-4516
-8360
-4166
132
2456
3000
613
1523
4560
3424
782
2865
3800
4776
6654
4643
5774
8379
11956
10064
3790
4153
7346
11205
11537
6570
963
867
3182
3224
3717
3648
2887
1720
540
235
764
743
-1819
-4334
-8194
-6332
-7432
-8848
-9296
-9843
-11201
-14287
-13014
-10223
-9880
-15633
-15923
-15172
-15463
-14210
-15198
-14281
-15572
-15108
-7104
-5900
-4648
-4231
-3937
-474
1972
1937
-197
-160
1627
2702
1273
6693
6973
2268
9159
10934
10703
11100
8725
6173
5112
5527
9106
12604
9628
12246
9990
6599
8894
4255
1673
-774
-1906
-3254
-5092
-4706
-3281
-3783
-6678
-8939
-10502
-5676
-7511
-11274
-12563
-14200
-17737
-15080
-9387
-14082
-14269
-8615
-10544
-12712
-8343
-5405
-939
1210
4482
758
-3773
-3521
2696
7654
7032
9191
7404
6727
14031
14641
12534
13652
11052
10591
10543
11265
11155
4952
-2439
3597
4192
6019
8501
6726
4395
3155
3128
269
-982
-5660
-2457
-3153
-3322
-3493
-4581
-4753
-6155
-6026
-6458
-7694
-9670
-9275
-12441
-10410
-15160
-17927
-10521
-9097
-7665
-8858
-8357
-10196
-4284
1875
3209
4085
1466
4577
10531
15112
15125
14768
13675
21279
22634
17969
15483
14914
15468
13249
14235
13306
13965
11707
14251
2280
3651
6087
-1721
2234
-113
1470
-6136
-6555
-4244
-4625
-7705
-9235
-7777
-8220
-8015
-9779
-8691
-11316
-8783
-11134
-12827
-11685
-13069
-14327
-15984
-15670
-19080
-20193
-16019
-14645
-13774
-12914
-14256
-10447
-6922
-3765
3769
2947
4573
6129
5644
12955
11065
9553
13354
11536
12791
10375
8664
12738
13019
10200
10187
11119
8047
10331
820
1343
6105
2863
5915
-1252
-1126
1811
-559
1817
1842
-564
-3276
-1739
-1868
-939
220
-1775
-3825
-2873
-545
-5567
-6523
-5730
-6080
-9105
-10179
-13016
-17288
-8866
-7559
-10273
-10125
-10297
-1431
2968
4372
9781
5132
10171
14701
13060
14575
13475
15441
13278
13406
14462
10496
8690
13779
11364
9498
10611
11557
9712
10339
7708
1720
5540
1149
4710
4986
3433
3876
1192
6302
5162
3727
-426
-3535
-1683
-2844
-9391
-11551
-8727
-8371
-7689
-9477
-13461
-14927
-14504
-14366
-14127
-14275
-14876
-19233
-15733
-12585
-10634
-6025
-6787
-10762
-3215
3811
2756
4908
7752
6830
3208
8394
9324
10853
11612
9150
11146
10514
5472
6101
8371
8475
11549
6518
11655
10188
2647
5605
5614
4679
4653
4694
243
-1296
-1812
-5828
-3563
-820
-1866
-1107
-2306
-6354
-10303
-11882
-11205
-12561
-15005
-14745
-14788
-18187
-19284
-16918
-17035
-17024
-14504
-16939
-10984
-11986
-13373
-8866
-6492
-3413
-2621
1437
104
855
3355
3390
5783
6368
7600
7958
10266
11213
11067
11902
9893
8774
11387
12206
8988
12313
10523
9851
1120
2883
5589
-483
5577
4496
5751
4739
4017
817
93
186
-1586
-3699
-6616
-7737
-9120
-9501
-10810
-11171
-11899
-13223
-13126
-13130
-14844
-11696
-10865
-10575
-12900
-7780
430
-1685
-1287
2736
8020
10311
9049
6952
10749
13760
18163
16818
9515
12962
16306
20125
17275
15653
12886
12987
13136
6467
7518
3190
5304
5691
4490
69
-4440
469
-2735
-1816
-2262
-4476
-5742
-7511
-6270
-8308
-9125
-12012
-14057
-11424
-10970
-10545
-10727
-15236
-18053
-17301
-15884
-14086
-17381
-15693
-15361
-18181
-11343
-8341
-10165
-9690
-5800
-6035
-2304
977
1879
5591
6111
7817
11484
14142
12974
13568
16270
16668
18013
14914
11018
14034
11483
12482
13205
12884
6970
8281
10490
6828
2810
3337
37
-1396
198
1936
3116
-2927
-6132
-10766
-9264
-6170
-8284
-7765
-6008
-6002
-8298
-8229
-9702
-12549
-11992
-9789
-12657
-11572
-13856
-12532
-6920
-6203
-4786
-7663
-4997
-6089
-4858
2697
5554
7397
6521
10713
10193
8740
7314
8906
12356
12406
8576
9871
12272
10067
12085
11240
7867
8936
5189
5342
9228
5854
-4689
-3669
-5019
-6009
-2241
-2979
-1252
-3094
-8262
-10828
-10485
-8907
-9530
-10445
-14262
-14286
-11475
-11983
-11156
-10205
-9501
-5644
-4325
-7337
-6408
-2483
-1698
-1343
-2682
-675
1691
-61
1585
4598
4739
10265
11508
12438
12178
7046
11237
14593
11139
15218
16032
14562
11822
9390
13574
11025
12498
11538
10068
9595
9595
11061
-790
-1416
3275
1137
-312
-3188
-1516
374
-2346
-8161
-9201
-4825
-5208
-10750
-10919
-11154
-11398
-7157
-7091
-7636
-4912
-7562
-10647
-5206
-2537
-3412
-3909
1717
-1540
-3269
393
-1506
1002
3354
2809
7441
11102
10865
10538
9206
10294
9985
10431
12646
12544
11369
11669
12742
13054
10761
9945
7408
2739
4454
5376
6133
-960
-9163
-5360
-7042
-4392
-1058
-2581
-8354
-9478
-8004
-7863
-6195
-6361
-6245
-8300
-11921
-11608
-6188
-7879
-4319
-1201
-8423
-10763
-7043
358
3061
-517
-2067
-285
-1353
1176
5989
1670
1657
7943
10409
13211
13898
14574
10867
13277
12164
6973
10611
11222
10090
8775
6951
6920
9726
7023
3119
2028
2436
121
950
-3270
-7310
-3700
-9354
-5240
-3335
-6800
-6729
-6580
-6698
-6370
-9056
-8668
-7730
-10925
-10861
-10457
-12048
-13565
-10892
-6333
-13693
-12950
-2345
-7231
-7803
-8033
-3381
-8099
-5935
-6434
-2737
375
-8766
2065
1469
547
3636
1739
3202
3431
3953
3722
5523
2629
3428
3071
3251
5000
3925
4024
3426
5396
2634
5894
4574
1552
1756
-3319
1482
-3343
-696
678
2003
1021
587
1797
1524
-959
-7644
-3513
-1010
-1369
-4414
-3471
-1383
-4321
-7800
522
-932
-5599
-5546
-2965
-1153
-6727
-6215
-4734
-5707
-6069
-5426
-7183
-2004
2538
4535
5638
3802
5548
5905
5833
3493
6023
5324
6514
4389
49
5528
4752
4777
4884
2338
2017
3724
728
3491
-537
-8823
2422
-2899
-2915
-1659
-6081
-5460
-5697
-1433
-3922
-5437
-8191
-4700
-1966
-4599
-1309
-2894
-426
2415
-2709
-1449
-6615
-6690
-4214
-6174
-8293
-8652
-7823
-5318
-4774
-3232
-3928
-7153
911
-1136
839
6571
1864
-1771
-2751
1601
2643
4676
11182
11463
12160
12684
13290
14945
15223
12340
12854
13724
13984
13372
10705
1351
-2628
1900
3654
4339
2473
758
628
1852
1302
246
614
3572
1557
2103
-1859
-1377
4681
-243
21
-2045
-655
-2569
-3992
-3969
-3520
-3729
-6417
-6426
-6729
-4754
-1729
-3036
-9565
-5534
-5355
1052
2056
-2328
184
1852
4214
5243
4862
7309
7062
8142
9040
7566
6231
3665
-69
2364
1385
2692
1036
2705
304
-10706
-147
-154
-4114
-2450
-7219
-4227
-1201
-1959
-2983
-1662
-8119
-9663
-3309
-3224
-4868
-6538
-6291
-6372
-8812
-6681
-5616
-7775
-8464
-6403
-7232
-7742
-7199
-4790
-975
1952
-142
-3665
4609
6738
9488
11457
8950
10667
13649
15703
14197
14037
11462
12442
13729
11849
10327
12055
11441
8029
5051
4311
4352
1759
2928
-3448
-5345
-4145
-8101
-3628
-4337
-6998
-7807
-6849
-4195
-8968
-10491
-5865
-4420
-5673
-6942
-5897
-9973
-9988
-5817
-8314
-10764
-9391
-7992
-9883
-6901
-8639
-7096
-9399
-9555
-6666
-5411
-4881
-7416
-762
2161
2013
-1081
1435
3507
3398
6109
4475
5142
5463
4927
5566
6107
2346
6181
6536
5976
5447
1361
3812
90
2373
-1892
-4809
-2959
-4495
2164
743
1137
1994
1174
1649
6912
7245
4071
5505
2339
1003
1770
3644
477
1166
1641
1672
2136
1545
-876
2829
1202
-4122
-2651
-453
1355
-6093
-6973
2965
3643
3470
3089
3367
3938
3341
4067
3825
3608
2605
1715
-192
-235
-112
-276
-1593
-1946
-3001
-2493
-4820
-5728
-6162
-11282
-16329
-13688
-10112
-8635
-6495
-2899
-2967
-7189
-1945
556
-1399
1038
1745
-147
1158
517
716
1026
17
-518
562
-1846
-2035
-5935
-10600
-4529
-6955
-6959
-8139
-5542
-2344
-5467
580
581
3112
6498
6594
6434
7661
9425
10508
9736
5893
5661
8481
10000
9227
6838
5708
2148
827
-3010
358
3351
2320
-3218
-7220
-235
-3778
794
3004
4435
2758
7127
6890
792
1997
306
5290
5786
6647
5031
2624
1124
-2471
-2895
-1616
-4326
-5775
-1591
-7451
-9688
-4913
-5099
-8572
-6089
-5890
-9960
-4040
3053
4237
4261
2503
1276
5764
5935
3947
3941
7125
6076
5189
2933
4194
6749
4243
5285
2123
1796
1306
3026
1468
3954
-3502
-3430
7212
1738
2904
3528
11487
9006
7577
7672
5697
3268
-974
4114
1139
1781
1864
1637
-1046
-2510
-635
-2642
-2570
-4869
-7921
-8441
-4886
-4370
-6112
-10397
-6867
-10686
-8297
-2189
-4206
-383
903
2383
3222
3253
854
4903
5762
4058
5626
5215
1210
338
2998
2657
-881
-1777
-1028
-1312
794
1307
-2539
-3147
1727
-566
3179
8902
454
-257
4294
4142
1452
1745
2279
957
922
1785
-805
-5602
-3341
-5131
-5321
-3972
-7497
-8847
-6501
-6364
-12792
-9933
-8757
-11430
-6336
-8115
-8545
-833
-6300
-3019
-532
-3028
-4117
-2386
-2278
-6107
-643
852
-798
6
-1102
-1102
-1220
-860
-1013
-1491
1664
2656
2009
9793
7275
-205
-1100
4223
14575
12694
10820
12181
15039
15870
13910
11052
9552
9973
6735
3319
760
2460
-296
1440
1467
-407
-1703
-4376
-5682
-8024
-9870
-11017
-11719
-13838
-15501
-14908
-10759
-16017
-8395
-5325
-7699
779
-78
137
1817
4033
3900
5596
5224
3982
5287
5755
7085
5733
5535
6710
663
6606
6586
6632
9434
2007
6159
4469
4203
3396
2909
5431
7145
8100
5834
6685
4587
3597
1931
35
-3151
-5235
-5560
-4744
-5852
-9285
-9805
-13447
-11000
-13639
-14051
-15537
-16292
-13754
-17681
-16530
-13084
-14926
-16513
-9756
-6424
-4213
-2430
12
2899
3682
3870
5967
5803
6724
5405
1872
2775
3919
10081
11999
8241
6483
8296
5287
9232
18394
12530
7470
9111
4932
13423
14130
9668
9540
9287
7443
5186
4909
2084
-2004
-3545
-2987
-5693
-5325
-6276
-10904
-10825
-10271
-11343
-12589
-16238
-14399
-14550
-15062
-12622
-10448
-11920
-11555
-10096
-13011
-1033
-1546
-1108
507
-4226
-4500
-5649
2314
3599
754
349
4688
8123
7635
4240
8581
13540
11966
9273
14639
16139
15069
15018
7738
5621
7908
7405
6069
9368
7660
8899
7839
4111
1967
-244
1381
-2040
-4783
-1927
-2872
-3658
-5095
-5880
-6586
-2048
-3476
-5703
-3909
-4366
-1910
-581
-1706
-2186
-700
-6418
-8105
-9650
-6533
2173
-2083
-2668
-942
-440
461
3635
2014
2049
1367
3631
3646
3436
6990
5961
2508
3392
10201
5319
8309
5429
5791
5249
-2962
1582
1058
2794
3884
4426
5773
4154
3018
1289
330
-1620
1439
153
-1084
-523
410
-1933
-2538
-5225
-8211
-9754
-9452
-4071
-6369
-9679
-13159
-12405
-9278
-11172
-8508
-4569
-9871
-54
1476
-387
4157
1079
452
-239
2025
126
3064
1048
3208
5861
9576
4301
4377
14975
12265
11672
10455
10413
8863
8724
6477
2184
3216
6677
2538
1218
5486
6585
4273
5425
4965
