-204
-246
-193
-133
-222
-91
-118
24
204
85
35
59
99
-26
25
-14
-38
-7
134
155
67
120
75
1
78
151
15
-84
-93
55
-29
-51
6
-69
24
126
12
49
96
14
-87
18
49
-150
-39
54
3
-42
84
-19
-83
-124
-5
-66
-23
59
13
72
-54
-44
-124
3
39
87
32
16
52
34
11
-50
-67
-10
17
11
85
114
-70
-7
143
-58
-28
132
276
54
112
190
26
-71
8
210
11
85
44
-102
-59
-52
-117
-167
36
94
-137
-61
89
-222
-22
63
6
-162
-68
140
-161
-158
-8
-17
-21
125
-40
61
86
19
-147
-10
17
-71
101
119
110
-196
0
-26
-133
69
55
-15
8
-37
109
59
7
93
-83
69
104
11
-27
181
10
-12
186
47
-37
81
100
-22
31
-26
-56
-200
19
22
-173
29
40
-77
-188
17
127
-164
49
176
20
-94
96
150
-184
-141
38
-100
-24
3
53
166
-36
-8
-25
189
-41
10
121
-66
-138
-24
-21
-84
-3
-48
-5
-59
10
105
-23
-80
0
-185
36
-7
-46
-72
8
62
-117
38
110
7
-173
11
64
-117
-83
7
17
-48
24
49
-154
-21
28
-21
67
59
-18
-188
-165
-107
-159
26
119
-102
-38
138
-2
-85
-30
-54
-5
-1
71
39
-141
108
35
-122
64
2
-130
16
129
-47
-113
-4
-13
-20
116
41
-161
27
251
19
2
84
123
108
170
18
-12
150
151
204
91
224
42
75
177
40
-61
-13
52
-136
-258
-5
70
-101
86
152
-12
-124
-12
-117
-75
33
-25
16
142
72
-80
-63
110
26
-95
107
86
-163
94
99
-221
-12
68
120
-28
-37
157
11
-130
-48
-1
-9
156
70
33
208
-24
-12
-64
7
108
36
105
117
17
-76
29
-102
16
-45
-166
-19
-84
-186
-197
-60
-71
-240
-190
-69
-104
-143
80
-48
-134
-50
-177
-144
56
128
-166
93
241
66
-84
53
-40
-214
160
-34
17
104
191
85
-34
26
-88
-77
-36
43
-80
-86
-53
11
44
90
10
15
-60
-52
-25
-78
41
-47
-87
-84
-57
53
49
-20
-17
-63
-23
-289
-82
65
-132
3
-52
87
-5
59
196
79
-15
34
70
-166
-1
-19
-150
11
148
173
27
187
150
45
-1
105
188
-34
228
94
36
145
131
-113
-97
101
-53
-52
14
127
-85
-1
100
-75
-166
96
-33
-169
-60
-42
-41
-210
-36
-60
-74
33
-12
-90
-64
12
-11
-49
-21
151
-8
-200
-19
-21
-68
-4
-23
-25
79
4
15
-5
-6
42
-41
26
77
81
98
88
56
195
230
75
68
281
59
69
137
82
-22
-95
122
-71
19
-80
1
-2
44
187
26
-41
17
-63
-247
42
41
-111
14
83
65
36
2
108
17
-97
16
-16
-14
181
-123
-82
7
-97
-14
-70
11
8
-62
-97
0
-4
44
48
-44
22
53
77
43
0
162
66
-15
-65
-66
81
4
101
66
28
87
-30
-26
37
71
-20
-125
-147
-78
-116
-114
-56
-98
-102
-74
-77
-162
-175
-280
-168
-105
-270
-168
-213
-91
-77
-23
195
-107
-91
-39
-86
116
158
86
-43
-20
-51
31
158
-127
58
99
-76
-61
69
196
101
63
-85
4
150
89
66
123
10
35
3
-110
-17
-209
-117
39
-11
108
145
196
67
68
-20
-101
-189
-139
17
-80
-48
-109
-152
-95
83
-12
-99
57
-13
10
95
-4
40
66
111
90
71
159
84
71
163
168
101
132
83
-29
55
54
76
99
113
29
-122
-80
2
-112
-25
260
26
14
66
54
-39
-55
31
-33
-86
-38
56
-31
-47
-49
-36
-162
-95
1
-75
-9
-47
-58
-164
-225
-100
-252
-120
-32
29
98
121
20
-157
-35
-208
-36
155
173
100
76
116
115
-107
-46
77
-18
154
121
106
-99
-71
-96
-264
-43
74
-71
87
270
58
-96
-16
106
-39
13
172
141
146
85
206
34
-95
74
111
37
38
-25
-11
2
14
96
-169
61
27
-109
24
-26
-119
-153
-22
1
-61
87
55
-132
-19
-49
-12
4
80
16
36
61
122
-70
-174
91
28
151
-36
178
-16
-15
75
-178
-16
12
133
13
-92
7
103
-76
120
98
-78
-24
-46
-61
-39
61
6
-68
-3
-61
-133
36
114
-67
-138
35
-41
-152
-98
-76
-200
-138
17
2
-146
-172
-124
-345
-214
117
19
-37
281
87
-14
112
87
7
4
74
-63
-59
182
213
-28
142
70
94
128
207
188
74
-40
19
-95
-324
-45
-136
-81
-135
-138
-42
53
33
-69
-92
20
11
-274
-221
57
-55
-153
124
28
-1
35
87
-6
-45
101
42
-30
-93
-2
-77
-194
-46
-58
-65
-2
-132
71
154
-7
55
131
21
63
157
202
104
57
213
80
19
90
-61
57
59
36
84
-5
84
81
123
-183
-3
-198
-285
-239
-170
-62
-188
37
-89
46
-70
-85
-115
6
63
-20
-6
-16
-23
-148
-152
13
-4
25
201
135
29
-81
63
2
-9
-43
85
43
10
157
96
169
169
115
73
85
3
-59
36
134
105
158
292
28
78
129
26
-54
-224
-34
-107
-36
-81
-98
-148
-41
-21
-130
-157
-10
62
-313
-74
54
14
-38
35
70
-133
-91
51
9
27
224
-48
-61
171
111
16
46
194
44
65
119
200
55
36
112
-30
78
166
89
44
100
57
-6
5
40
-61
114
68
-125
-112
93
26
-103
35
52
0
-99
22
89
-53
-34
-46
-289
-137
-219
-156
16
-141
-75
-95
-190
-70
-105
-89
86
-66
-106
-2
-85
-66
23
26
32
-40
131
174
-36
101
166
-55
1
129
122
137
207
18
-57
55
68
-130
-85
50
-51
-2
238
32
-259
122
51
9
-107
-32
45
-249
39
106
-52
4
78
71
41
39
40
-5
-79
-94
-314
-147
-142
-178
-105
-77
61
-59
40
-1
-42
-218
0
-21
-225
11
25
-65
9
9
-26
137
36
83
-42
147
112
-160
-72
78
-46
-100
213
51
-59
2
198
5
-29
115
102
74
96
87
-33
6
-30
-6
-42
1
-10
-94
-6
208
-69
-94
103
123
-78
-153
5
-97
-60
-160
48
-178
-189
23
-97
22
-74
-49
-40
-29
-77
-17
103
-88
2
43
-128
-100
111
113
48
114
146
192
215
153
43
-44
-104
33
42
68
109
90
-24
51
-31
-22
-5
51
158
68
6
-52
33
-145
-135
36
77
4
46
36
-30
-71
79
-58
49
-2
-22
27
22
72
-251
-2
-21
60
99
52
76
44
-91
-72
-54
-75
-62
-192
49
4
-87
-48
73
36
-81
154
240
-138
-175
192
214
-73
60
61
-50
-49
-86
98
-65
108
0
33
-9
67
-85
-116
152
-131
-15
-82
8
-182
-136
-37
-153
-153
95
93
84
219
51
-113
44
-38
-113
-136
-78
-25
-200
231
155
-47
-50
248
-78
-3
103
-92
-64
82
116
-87
116
146
37
-70
260
130
0
103
223
24
-23
117
47
-103
-106
81
-33
-50
52
-43
-33
52
-169
-132
-32
-107
-86
-35
-66
-88
-245
-88
-80
-266
-15
151
-30
-139
134
53
-89
141
48
-116
26
198
110
46
109
48
-39
4
35
-63
91
178
118
63
92
29
-58
-58
-87
-120
-65
97
-25
-201
-63
-25
-244
-32
83
-232
-153
90
44
-170
-1
106
-144
-31
85
-100
-137
70
-16
-206
-43
49
-78
-109
139
94
-260
-10
208
-180
-138
177
-25
-178
54
208
-104
106
192
-156
-151
-32
38
32
219
235
117
159
232
108
89
124
92
-121
-44
146
-94
-97
116
-107
-170
84
45
-41
120
70
-130
-202
12
42
-166
59
-36
-38
70
86
2
-87
51
-76
-164
16
38
-99
-44
121
-110
-97
119
18
-21
39
156
-10
63
195
-1
-2
61
82
-7
-35
76
86
28
238
79
-90
175
83
8
-110
87
80
-80
128
146
-101
-56
21
-174
0
19
-68
-53
-43
-82
-208
-160
20
-66
-85
90
-80
-156
75
-10
-109
-49
-44
-35
-50
25
62
-184
-13
67
-269
-39
118
-23
-117
174
45
-136
157
127
-115
-76
129
-17
-4
250
67
-137
15
-4
30
104
230
43
57
75
12
-97
-138
84
-39
-52
17
95
0
85
167
37
-158
-4
-38
-229
57
181
-21
18
196
-32
-116
94
-76
-100
-6
-57
-74
25
207
-94
-115
172
100
-67
75
34
-101
-98
95
63
-115
152
45
-194
37
157
6
-98
121
154
-205
-93
120
-64
-43
34
234
119
-31
92
-124
8
42
-32
-174
139
-3
-246
103
19
-199
14
72
-163
-140
-86
72
-274
-115
86
-98
-73
47
-56
-132
51
0
-183
-103
153
-29
-306
87
108
-277
113
257
-134
-171
12
-168
-206
-61
-81
-159
30
-56
-71
55
110
101
-79
165
100
-66
13
161
40
-5
219
122
64
261
204
-28
139
181
-74
-84
83
66
-107
75
105
-137
-16
122
103
-114
-87
-64
-211
-231
-19
30
-53
156
40
-84
-66
3
-18
13
138
70
-100
79
97
-105
-51
69
6
-66
64
-38
162
183
-129
-212
-10
39
-80
10
101
-72
23
89
-97
-163
-113
36
30
79
126
55
32
108
80
21
-135
83
108
41
12
-39
-49
-23
7
-31
51
-60
-2
-44
-5
-29
-71
27
1
-83
-81
47
128
9
47
145
-67
28
303
31
42
153
94
74
125
173
-54
156
92
-54
-112
38
-42
-315
-52
-38
-90
-167
32
-52
-251
-166
-228
-93
-139
-12
-53
50
10
-10
101
-56
141
-34
52
119
-14
47
-29
32
-15
0
129
-39
192
172
64
-23
-323
20
67
-176
89
-21
-92
-38
-158
-11
-120
-45
-6
-61
-3
70
-79
19
27
12
54
-91
78
29
-82
-64
-68
12
143
25
45
74
-59
-85
-105
-2
-77
-41
50
-127
-61
14
14
-145
65
15
-127
119
90
3
-9
108
6
-96
30
166
-62
-36
338
119
-43
40
64
13
-122
-35
147
18
37
174
-103
-24
55
-78
-24
62
7
42
-45
86
-119
-38
127
-62
-70
-39
206
-81
-103
3
105
-115
-108
87
31
-107
0
18
12
86
18
23
-86
81
6
13
-8
-19
72
-17
-19
39
9
-35
-63
27
137
79
119
209
96
-17
114
-63
-64
94
-24
4
-82
82
173
15
216
105
-56
88
-54
-118
91
133
-1
-38
-21
26
-147
-40
-161
-160
-59
-45
4
-144
43
-33
-10
42
-63
-302
-117
-43
-281
-205
-66
20
-44
52
209
1
-105
57
-16
-122
-44
-33
-9
-55
30
-101
-62
78
-110
-21
50
-29
-121
29
23
16
16
115
41
-24
17
56
41
9
-32
18
66
-82
55
102
20
0
-81
-102
144
0
-93
125
-31
-40
-33
-45
109
-165
44
63
-50
-72
-154
80
28
113
122
2
-21
84
-17
-107
30
-66
-15
94
-127
-10
124
-53
-134
-45
0
-141
-64
98
0
74
69
-60
-12
28
-35
-175
-54
-60
-6
124
41
217
87
-8
208
48
95
170
152
12
-115
123
101
3
181
23
0
72
57
70
-29
-69
-15
77
-32
44
-91
-105
22
-63
-93
-63
-84
-125
-92
-98
83
54
-92
-79
-111
-127
-65
92
49
-55
-62
29
-41
38
67
25
69
-36
23
61
122
-7
22
-74
-94
-107
121
109
33
147
-35
47
-11
25
-65
34
62
127
97
74
110
8
-145
-86
-27
-73
146
33
-5
42
-90
-62
114
-33
-150
-59
82
-28
-4
-36
10
-72
-86
134
-41
-144
-8
-80
-143
85
93
134
9
6
-63
-95
-98
-58
16
0
15
53
-49
-8
-72
87
302
5
77
89
106
21
-60
1
-17
-178
41
20
-71
4
134
80
-101
75
-110
-48
146
-18
-43
-1
-161
-46
-74
-62
71
18
82
79
-76
-79
-46
-82
-56
-101
-75
-61
56
85
-145
-59
93
29
-92
-85
10
-8
57
4
-8
-129
-93
85
54
39
47
50
12
-5
48
65
-104
95
54
-135
52
-62
-82
45
-2
-146
-78
-115
-68
37
-62
61
-27
-127
-48
-46
-5
-20
-9
182
44
-36
33
109
-120
56
85
-72
251
37
3
3
2
-29
-82
-49
-78
-82
51
75
175
51
-36
62
3
-118
-105
-22
59
86
-17
31
-49
-99
37
88
-164
-31
38
102
-117
-238
7
34
-57
93
25
-21
259
1
-89
28
133
-7
-13
-30
58
25
-28
168
-38
35
39
-15
71
135
117
-30
90
118
74
-82
-1
13
-68
156
141
-13
48
192
57
67
-35
2
62
39
54
18
96
17
-116
-22
56
-155
-32
-6
-5
-64
-93
22
53
81
69
-26
-177
-22
-16
-80
-97
27
14
36
-17
56
125
-22
-15
0
51
-53
7
-56
-60
-55
-75
27
46
-60
69
104
-103
-151
-25
23
-96
-151
47
4
-199
-124
-39
-5
-53
-120
-108
85
-24
31
-127
65
125
-63
-26
37
30
-55
105
102
46
55
148
-136
-56
-119
-76
68
7
-25
-62
-54
-94
-115
-118
83
53
5
163
-36
-186
-65
-70
-84
-60
91
25
21
13
-1
16
2
172
157
61
5
45
39
-77
30
4
62
80
83
38
88
16
-80
43
-12
19
-83
65
23
-77
20
194
198
2
-51
89
20
-130
-33
-69
9
-66
-8
46
-10
31
8
56
-198
-114
-72
-13
-42
-147
116
-101
-24
76
12
-151
-42
117
-134
-120
14
-149
-42
145
149
55
81
97
-78
-38
81
111
-61
185
31
-53
-43
0
-63
-166
26
32
-137
14
134
-14
-11
-59
-37
-214
-89
-61
-117
-162
156
42
-51
-116
-82
-119
-222
168
-16
-28
166
173
-89
-28
-90
-38
-1
103
80
12
23
-161
-81
-9
40
-71
114
224
12
-101
43
6
-64
-4
74
75
152
248
38
41
148
-7
-26
72
16
17
5
29
-2
17
81
148
-50
-40
4
-23
27
65
46
-170
-8
71
-66
-75
158
110
112
49
89
135
126
37
-62
97
-41
-49
-48
15
-53
-95
21
5
8
66
-39
-98
-237
-104
179
-105
-91
62
49
-91
-161
80
104
39
81
55
28
-56
-27
120
140
170
-2
89
145
-54
-91
-33
-27
-168
-175
-85
60
-189
-16
27
-154
-67
-80
99
-20
8
-108
-71
106
55
17
95
210
-143
-21
188
-171
-64
34
-5
4
-104
70
-32
-48
-61
37
-47
-143
30
-100
-83
34
-30
-161
52
56
-54
6
91
-22
-14
96
25
-126
17
102
66
48
55
59
-76
49
24
-88
-162
44
-95
-199
49
-156
-23
-46
-46
29
-122
69
32
43
18
-80
-115
-1
23
33
109
210
80
-17
91
109
-7
-29
67
59
65
115
76
-58
8
34
-19
-83
193
-145
-73
-1
-285
-251
-99
-14
-19
57
126
-8
-318
-122
-81
-61
137
141
39
40
98
5
-174
137
-22
-158
-56
74
-82
59
76
-49
5
-86
18
-105
-27
88
69
-132
92
-125
-93
86
142
44
-51
131
6
-95
191
55
-207
69
204
-2
-50
227
-197
-57
121
-9
-7
88
70
-20
-78
-9
8
-241
16
97
-1
44
68
18
-22
21
90
-141
7
167
61
-13
26
-11
-13
139
113
64
15
275
14
-230
-113
56
-70
16
105
-5
68
-16
70
102
-4
5
-3
-75
139
1
-24
37
17
-107
4
93
-41
11
-18
38
-107
-6
94
14
57
165
55
27
120
13
-11
-14
-131
-42
15
4
61
56
14
-68
-97
-106
-4
-73
-67
-113
9
0
-58
-5
-217
-165
-138
-129
-25
56
-5
-30
68
-8
-43
56
63
33
25
142
170
117
124
0
-14
114
71
10
-63
82
150
-51
-35
36
-37
-178
-92
-67
-94
-12
52
-5
-58
27
-144
-171
-2
0
4
61
-34
-38
8
-52
-97
-146
-128
-86
-7
-39
92
37
-32
-47
-18
77
34
6
81
-134
-71
40
-66
-34
-229
-117
-155
-28
37
90
186
91
28
116
117
112
67
54
141
-61
-69
140
60
25
123
9
-77
-163
-28
-158
-27
176
79
-136
-105
-98
-269
-90
77
-96
-183
31
-7
-15
98
-31
-86
152
3
60
-21
-25
90
40
101
119
102
3
74
20
-126
-89
38
-106
-114
18
-113
-109
56
4
-24
-57
104
-51
-48
167
-15
2
27
200
11
54
113
-37
-49
2
115
131
45
-4
-48
-140
82
-58
76
119
-2
-41
24
113
-92
-193
-7
18
30
93
25
97
21
-91
-114
59
2
-8
-31
77
96
14
-40
57
-120
-104
17
-109
0
99
136
-137
-126
-64
-120
-31
204
77
35
72
93
-119
-176
259
26
-113
189
151
-52
31
224
-29
-56
167
-44
-90
67
90
-149
-213
-39
-84
5
102
-70
-144
-25
46
-78
-191
128
77
-167
-2
-10
-29
-32
96
-90
-141
59
95
-66
94
290
8
50
98
92
-5
146
238
-57
-3
48
-140
-34
76
118
-60
9
113
-83
-128
-172
-92
-60
40
68
-71
5
40
-6
-42
-47
104
-36
-29
-114
-42
1
24
42
-90
30
-77
-96
-94
-46
54
75
148
8
-124
-25
60
8
-71
-94
-19
-31
-105
51
-40
33
-96
131
130
42
166
34
-5
-5
41
36
186
56
-48
-95
-8
-157
-92
0
-73
-109
96
34
-112
35
-30
-123
-60
-13
-25
32
0
-39
-76
-77
-7
40
-47
141
-51
-110
-53
103
-30
-255
91
-54
-56
83
100
51
41
87
5
-94
95
121
-72
80
141
-31
-50
126
-4
-139
5
13
-61
20
96
-53
-36
78
-59
-100
80
64
82
18
-6
-2
-182
7
34
-77
63
114
-101
-133
-30
-12
91
205
148
23
-8
6
-20
-60
65
21
80
158
-103
-5
64
-46
-26
-105
-2
60
-52
-59
75
137
0
-98
-247
-129
-28
-144
-30
7
-6
-172
3
148
26
14
135
90
-155
-72
16
52
53
55
-22
53
-16
-102
51
104
76
-92
-91
-17
-30
-120
-36
-133
-133
-58
24
61
-160
-38
61
-33
126
147
-100
0
-74
-11
-57
132
66
-39
157
226
51
-27
199
25
89
-41
31
-32
-23
50
57
42
118
53
101
142
-51
-19
-12
63
-14
-11
-52
97
22
100
66
-3
-76
67
62
-104
52
-52
-103
-32
31
-27
-44
76
34
-118
-27
18
50
-75
40
-40
20
22
48
-59
-60
28
-8
-94
-46
90
-148
-29
-20
14
-189
-14
-126
-45
68
2
66
-19
14
55
34
-46
-70
-102
-40
-124
-85
-55
118
42
58
131
-94
-195
23
-12
-115
-62
32
107
-162
-44
50
-91
-164
2
0
-277
-122
114
-28
-151
-29
-67
-93
2
-92
-143
21
-54
-58
-5
57
109
-10
6
96
120
69
153
34
-20
3
98
110
50
107
94
145
95
63
61
50
47
36
105
158
1
0
-36
-15
-55
3
146
46
177
37
6
55
-44
0
43
16
21
-25
127
138
-84
104
70
23
38
32
-3
-124
30
-124
-331
-58
-53
-190
-36
105
132
39
90
91
-102
-77
-63
41
-15
115
137
-22
93
30
-48
67
306
44
24
129
57
-153
-16
152
-218
-188
-113
-197
-247
-98
32
-60
-52
88
-59
-255
-14
15
-253
25
114
-208
-38
11
10
-29
55
307
-33
-82
187
81
-81
32
30
-22
-49
-108
-35
-24
41
25
-64
81
-123
-265
-65
71
0
-133
-27
4
-49
-39
166
-143
-72
86
69
27
-54
226
-32
-59
30
-36
-98
71
105
22
62
77
-147
-188
139
-41
0
57
108
-2
-59
-10
-133
19
39
-96
101
259
96
-34
-25
153
-68
-159
102
-2
-94
15
27
-39
-99
-94
-112
-55
33
34
-82
114
-31
-112
-65
-54
80
-83
6
44
73
-101
83
91
28
84
5
54
37
48
-59
138
40
-51
70
46
-15
-59
87
-47
-177
7
101
-31
67
113
106
88
-86
-119
-134
-30
15
-107
119
213
-52
109
219
69
-245
6
197
70
15
-6
13
-167
87
-64
-60
4
-45
84
-33
78
76
67
85
3
-87
71
85
-23
-96
-6
8
-124
17
-16
9
-9
28
-88
-20
0
-41
-9
38
1
-151
17
-30
-39
84
36
-7
-43
-10
134
-59
84
140
-33
-32
85
58
12
111
96
-17
-114
107
41
136
111
52
-9
-71
-57
-33
69
-3
109
-39
6
31
-38
-34
-121
-121
-18
-100
-127
-28
-93
40
-109
-112
-15
-135
-5
22
-41
-128
-125
-124
-191
-145
16
78
-173
-76
-43
-48
-38
-37
81
15
2
67
-6
-39
34
77
127
19
153
81
68
155
111
130
142
180
5
0
-85
-218
-92
-47
11
61
-47
-114
-4
-102
-222
-242
-107
-65
-140
85
-116
-200
-61
65
24
21
94
2
117
191
98
-99
-2
73
26
53
32
58
34
182
82
-54
-17
-30
-35
-204
-11
-278
-154
-7
-176
24
-53
67
-5
-76
-25
34
-24
-3
180
-54
-40
175
183
70
-34
149
75
110
117
-11
-116
41
76
-11
40
-1
50
-41
2
-82
-165
-29
-25
4
82
42
-27
-52
-25
12
-33
-55
150
90
117
135
-71
13
140
-17
-70
-32
103
63
-52
31
17
-116
35
119
-158
-26
31
-78
-45
59
-13
79
119
133
48
-11
65
-112
32
229
81
64
197
115
-1
104
70
33
-46
62
49
-121
158
127
-79
-120
-5
-145
-128
27
29
58
47
115
-28
-52
88
-216
-106
109
58
0
-28
132
-17
29
61
11
-99
-45
16
-114
-118
-122
-34
-20
18
-83
-217
-62
-137
-157
74
3
17
-53
-46
36
12
-15
-82
-49
-61
122
-10
-26
56
-18
-56
27
128
-95
195
163
-129
-77
-65
-45
-305
-71
111
-162
-117
78
8
-162
187
61
-149
109
114
-101
-106
168
-72
-242
22
41
-21
115
155
-79
105
199
-49
-66
-22
-7
-56
95
-9
44
1
-8
-23
-114
64
-87
-6
-65
31
57
64
187
-46
-113
0
7
-104
65
110
-39
-18
14
-44
5
9
9
103
-44
-67
11
-91
36
-62
-73
-12
-10
21
-30
45
-109
-1
35
-93
-147
40
178
-10
-174
27
-64
-238
74
38
-75
110
75
-100
-50
90
39
-183
27
224
79
-94
20
-37
-106
4
13
-65
-18
44
-54
-28
70
54
-34
-5
103
-7
-52
54
-161
-56
0
22
-14
18
206
70
-12
-22
-80
-87
189
200
29
170
129
-32
-102
3
11
24
176
120
88
90
12
-64
30
-17
47
42
51
128
-50
-24
27
-67
-165
23
5
-121
31
84
47
-89
40
47
-131
33
63
-10
16
-27
-63
35
39
26
-10
-49
4
-65
10
95
32
-13
7
-5
-58
-52
72
-52
-86
20
-101
47
30
-11
3
9
1
-22
12
41
31
-46
83
127
-40
10
135
23
-103
16
-51
46
286
-77
-162
96
13
-114
7
-38
-83
-60
79
14
-51
-75
-123
-54
-97
31
-46
-120
-32
-37
-95
-40
69
16
7
-14
-50
-115
-117
-6
-47
31
102
-7
56
113
-184
-130
147
94
-55
46
199
43
-90
82
110
-51
126
237
127
70
192
278
-19
2
36
-28
-8
-83
-43
-45
-15
102
-20
-122
-41
-91
-165
-94
139
-97
-134
-165
-181
-28
10
-133
29
212
-53
-60
-29
132
-70
71
236
-53
-68
68
-28
-151
89
67
53
-44
51
-60
-363
-41
-85
-104
-21
173
-46
-96
6
-81
-99
-155
75
-215
-120
70
-101
-37
108
12
20
48
-93
-82
-36
121
-6
-40
15
22
-118
-100
130
-39
53
-20
95
-37
-162
80
-34
-89
17
167
-1
-74
36
96
-57
46
61
75
126
85
-77
-42
172
-67
66
195
7
61
-24
-90
-50
-147
73
34
-14
33
35
107
110
57
5
-36
-90
75
-45
-32
112
-85
-4
65
106
40
49
99
1
79
72
192
108
140
-22
14
208
32
24
6
-72
-74
4
-92
38
37
109
-54
-214
90
3
-189
-69
79
-76
-77
-35
-107
-234
-125
37
-26
59
79
36
11
11
-72
-2
-19
-30
11
-72
154
-90
-114
144
79
-95
64
140
-124
54
-34
-23
-47
29
56
-35
1
71
-48
-90
87
-81
-119
2
153
-101
-143
141
58
-203
47
142
-121
-21
222
66
-22
-15
7
73
-33
70
150
11
-24
91
57
22
-95
145
19
-45
76
-130
-11
36
-198
-57
-119
-160
-27
-22
-33
-111
19
-20
-116
-102
68
-112
-92
127
-50
-64
100
-35
81
96
85
-22
-45
-5
-83
-128
-36
195
-64
-17
95
-58
-1
36
-17
158
-1
78
61
-174
-81
1
-96
14
13
34
98
-103
118
-28
-98
10
-40
-80
100
-41
-96
109
32
126
-27
-65
-124
-127
11
56
48
118
31
-2
69
-54
-62
-77
77
-20
-121
7
-26
-216
-80
83
-184
-79
79
50
-3
-22
-18
-54
43
25
24
116
181
54
94
103
66
1
-73
227
2
-100
148
59
-39
2
36
35
32
50
94
8
-52
-46
32
-17
-4
-68
-71
127
30
50
21
10
-102
1
-14
-63
1
40
56
-214
-63
-85
-199
-23
67
-144
-43
68
10
-51
-60
151
30
-44
111
73
23
128
153
62
26
148
192
32
128
-19
-238
73
120
-62
-35
27
-51
-78
-204
-70
-89
-72
11
-71
24
-33
-8
-61
-57
-81
-88
0
47
38
-199
-107
200
-95
22
136
75
152
-29
38
-205
-65
-75
-168
84
-92
84
121
-74
-29
-84
21
27
-146
-55
109
64
-102
-47
116
-9
5
82
-17
123
146
71
2
50
65
82
126
126
116
-26
-17
79
14
-95
123
-15
-78
57
11
-30
63
170
-28
-130
-38
-126
-117
67
-12
-2
-10
119
46
-15
38
37
-86
-99
76
54
28
-32
-28
73
-80
-21
-14
-139
40
-208
-14
73
111
10
-30
73
-207
-132
-93
80
79
-3
27
-99
-46
-67
-58
86
119
-12
-128
-44
-118
-198
-43
-17
-171
-71
20
-29
-17
-3
-42
-23
-56
-38
109
-39
-11
-130
-196
155
90
0
113
30
-86
77
94
73
31
135
91
-76
18
85
38
-57
139
41
5
36
44
-2
-63
44
-18
-41
-33
47
47
55
86
40
29
40
-4
23
-40
56
79
-25
37
9
-56
-56
20
-125
-25
-21
-21
-24
-104
-49
-76
-144
0
-4
-21
95
-28
54
70
67
-8
19
6
131
180
149
-3
-120
7
19
24
23
146
84
97
41
80
-3
-125
51
-72
-286
-120
22
-32
-153
-63
-26
-157
-35
-95
-1
9
25
-106
-4
124
-70
91
-31
-105
-46
-102
-78
-17
30
151
-63
-2
298
39
-41
38
2
-145
-71
138
-102
-152
57
106
-99
54
181
-71
-57
118
42
-105
32
-52
-47
-78
18
89
20
108
100
-11
19
-6
-141
-28
94
49
-34
25
-131
-49
-4
-32
4
89
197
53
-52
-29
140
14
-44
-13
194
80
-14
13
85
5
-135
-45
-160
-32
-38
-3
13
100
-33
24
22
46
52
-10
28
-51
-50
-117
61
-12
-77
73
64
88
96
92
310
14
-128
51
60
-77
-58
33
-28
-98
20
78
-77
-38
-67
-16
-146
-71
-70
-29
40
29
86
-95
0
-125
-140
6
-35
-104
-71
14
-106
89
93
-109
72
15
-112
7
-97
-87
-128
-110
48
-189
-173
194
15
-10
131
126
121
20
114
59
122
-111
19
21
81
215
75
308
63
68
89
-22
-30
99
46
-98
17
-48
-63
-44
-38
-131
-103
-3
-81
56
121
75
15
58
-21
-73
-62
-88
39
58
50
-4
5
-48
-80
62
113
-12
125
-40
-51
-118
-105
-13
-83
-51
-56
-7
-168
104
-17
-119
-102
127
137
101
185
81
86
-123
-2
72
9
-43
-88
-59
0
-116
-31
-44
37
34
-155
-44
-63
-98
-119
-125
-234
-170
2
-121
-144
-111
73
6
-160
0
67
41
92
105
-13
133
3
-43
65
114
72
36
201
198
-60
71
244
44
-41
28
46
-11
84
64
84
31
183
24
-118
65
60
-144
-18
111
0
-38
22
105
-32
-17
49
115
94
183
-95
-87
-27
-96
-115
-151
-25
9
25
59
-4
-55
28
-147
-42
-74
4
54
-25
-17
-112
-46
-14
-64
-28
19
68
-32
-32
163
-14
-128
-123
12
19
-61
-11
-104
-41
-42
-207
-100
-148
-47
83
-19
41
-1
-82
-102
-42
-115
-35
182
-22
-36
68
30
50
107
48
-9
98
83
35
0
0
-29
-74
-94
-69
-44
-5
-1
-99
7
65
-106
-68
-94
-29
-86
-116
-7
14
0
77
46
32
101
-28
16
66
299
124
86
96
22
136
97
116
131
-21
126
147
-87
36
78
-25
-47
114
55
123
14
12
42
11
17
-196
-148
11
85
-58
-75
126
16
-41
115
3
-37
47
6
-49
102
99
18
84
146
65
-74
25
210
60
-45
143
122
-41
-57
-76
-106
-58
31
37
-75
-100
-168
-95
-148
-97
-117
-83
33
-62
-29
-122
-75
62
21
-39
96
-51
-34
47
-29
-35
29
122
-40
61
-37
-53
2
-1
-43
-7
-57
-150
11
61
-15
-11
85
-61
65
-72
-101
-127
-120
-35
-57
86
70
18
-55
-5
-85
-103
40
56
61
-98
76
68
-110
149
20
29
54
57
-86
-34
148
-26
46
52
-151
-90
15
-53
-108
136
16
24
76
-170
-39
-99
1
-90
18
-24
-35
63
-75
60
57
-39
-29
119
47
13
1
21
-87
-30
69
-24
53
113
-16
-40
183
120
29
90
-61
-85
-84
-47
104
-94
17
126
72
56
43
-27
-39
-3
37
103
81
-8
-238
-48
132
-4
-148
-106
-79
-98
-152
-9
-38
-148
-53
-100
-126
8
102
-176
-53
34
-167
-34
62
120
51
-88
38
58
-62
67
12
-12
189
-4
7
-24
36
149
-54
29
6
-133
-11
159
-39
77
162
-19
1
69
45
-73
99
106
8
72
173
135
72
86
56
-36
66
163
-39
49
0
-37
19
89
92
32
77
21
-46
-153
-122
-126
-159
-130
73
-19
-130
-29
-12
-30
-64
147
-28
0
193
27
-3
-68
18
-16
20
129
74
25
51
55
-37
-45
103
60
9
193
-53
-107
-1
126
-34
-36
66
-26
-12
-54
-42
-162
-25
33
-77
-93
8
-22
-32
-11
-186
9
93
-74
50
-68
2
-78
-124
-23
-30
0
-127
-92
-92
-72
-238
-142
-214
-229
47
-92
51
167
-7
-46
-83
28
-70
-51
-56
-14
148
70
126
61
148
61
215
145
83
200
77
63
-1
65
47
20
-2
98
-11
-31
-43
-88
-69
23
10
-29
-26
70
119
-72
43
-32
-85
52
48
-50
14
59
55
-16
60
124
-124
-129
-12
2
0
40
-20
-166
37
9
-129
-95
124
117
-241
16
-19
-124
-45
-11
-9
-42
42
-87
-39
-63
2
34
-113
43
-6
-56
79
139
-57
-10
47
-97
-144
23
160
-17
-36
75
7
-179
61
84
-198
-119
24
-93
-110
34
57
-39
69
152
-138
-68
20
-188
-93
19
92
-25
78
199
-78
-56
96
-56
-77
26
10
93
49
143
34
31
182
92
-75
86
132
35
17
-22
-96
-9
73
-57
115
77
70
3
190
100
55
76
1
146
25
0
45
-107
-166
-40
-164
4
37
80
68
56
-22
-117
67
46
-19
-61
24
107
90
17
-32
-6
-40
53
71
-88
23
-132
-34
21
-164
-109
-14
67
-100
-179
0
14
-57
6
56
9
64
141
-47
81
130
63
-4
81
103
-85
-95
48
8
-52
26
-15
53
15
55
-242
-66
19
-137
-77
82
101
-264
-47
-30
-222
-97
97
-115
20
-39
44
149
27
141
-26
50
121
6
-70
192
28
-113
28
69
-75
-118
182
32
-99
101
38
-164
-20
15
-4
110
14
21
53
-57
-6
-12
-23
228
-78
-145
131
4
-5
-8
-37
-154
-77
-67
-97
-68
28
35
-179
81
-47
-59
50
12
29
-4
129
4
19
94
155
-72
-82
-59
-100
-86
0
81
12
-46
72
15
14
59
-63
7
-8
90
-147
-36
25
-114
-122
-36
68
-55
-59
90
38
-91
-10
84
110
-27
-27
13
0
129
-130
-228
83
-54
-167
34
76
-87
0
-55
-188
-211
-62
-149
-264
-86
-132
-150
0
101
-78
-51
0
25
66
96
180
109
162
243
237
41
77
76
121
280
154
204
179
167
90
32
93
74
29
41
157
-6
-51
42
-98
-218
-179
-16
-103
-68
-6
16
-62
-94
-104
-42
110
-43
-60
-77
103
-27
-187
-62
37
-52
17
-29
-30
18
25
132
-41
-18
-34
-92
-174
3
-3
-74
-42
-38
-43
145
146
129
198
74
-2
126
234
59
-7
-55
72
-24
-58
-39
-53
0
-6
-27
13
84
71
-18
-119
-141
-130
-7
-70
-22
-36
-278
-50
-165
-157
-92
0
100
127
11
-113
-28
-89
53
-150
83
141
-32
-8
117
38
-23
108
164
153
120
99
106
67
-24
58
101
151
77
154
65
-15
-57
-52
-50
89
101
88
114
-20
-7
-80
-34
3
-28
-133
27
-8
-107
0
106
-35
-208
-31
39
-40
-36
163
-122
-78
-47
-156
2
58
-65
-175
111
44
-139
-103
160
22
-143
-26
59
-16
-114
148
-32
-143
3
-17
-122
-28
36
-119
41
52
-146
-186
-63
-14
-165
1
77
-118
26
137
166
-40
11
128
-26
-5
184
105
-125
74
-89
-121
32
19
-34
15
-71
-143
-93
-81
-73
-273
-11
-30
-140
86
33
-152
-130
-32
7
71
77
207
-44
-31
195
-18
-122
-20
190
87
111
247
63
48
34
-33
-66
37
120
173
164
-48
30
17
-34
68
70
80
167
62
0
-6
-109
-61
8
33
47
-9
64
54
-201
-57
-91
-200
122
158
-43
1
28
-55
-14
15
169
135
150
6
-112
54
50
83
-6
61
80
-90
21
183
-86
-100
40
24
-230
39
53
-184
-22
-145
26
-51
27
-210
-154
116
-128
-147
32
114
-56
-73
32
54
-41
186
149
-90
29
-8
-68
-78
45
-10
-115
35
-18
-14
-5
81
-221
-219
143
-196
-240
-46
-32
-83
-71
74
72
-27
187
-80
-101
95
22
12
-31
150
-66
-93
2
52
63
249
224
59
-70
117
-43
-160
107
-10
9
-106
-27
-88
-59
20
112
-160
-120
73
-23
113
133
112
128
39
32
67
66
157
149
8
13
83
25
55
-6
-35
-94
-32
-100
-53
12
-125
-202
60
68
-117
-128
85
73
-89
-12
-64
-5
-40
105
125
-34
-61
134
15
64
107
17
65
56
1
10
67
13
75
18
66
-162
-178
-124
-73
64
-169
-33
-32
-158
-109
-198
-203
-63
-39
-132
-119
-94
-10
-152
-27
39
11
-6
-20
38
-116
-7
-71
23
-50
-22
-41
-4
85
56
82
-9
186
149
116
-28
138
68
126
250
108
196
71
190
102
-98
94
172
83
202
178
188
108
11
-112
-89
-51
-30
23
-44
158
48
-139
-63
-104
-177
-99
-72
95
-80
-128
13
-66
-34
-69
-35
-81
-112
50
173
93
20
-76
13
113
-17
42
102
54
36
-24
-1
-93
-60
94
-39
-63
40
-59
-162
-44
60
-139
-119
-56
-168
-31
-12
-3
-46
-74
-100
-31
33
54
82
-69
-68
-85
-56
-12
56
51
17
-22
-185
-139
-32
-17
-138
43
41
-88
-55
-33
-76
-197
46
108
153
-43
-92
28
-34
-10
-107
-13
23
41
-9
-43
-54
86
44
6
197
-18
151
134
14
9
78
130
22
91
166
75
15
80
-169
39
5
-6
-57
-141
90
-6
-65
62
174
37
-63
40
-66
-173
16
11
-38
-65
29
-102
-63
-94
43
88
-51
164
66
150
84
26
-57
-16
65
-21
81
128
162
119
33
46
65
119
55
-2
61
-10
-50
159
94
35
104
53
134
-63
-15
-162
-63
-58
-188
-2
-85
-103
-96
22
-138
-125
-87
-132
-229
-41
-134
-279
47
-23
-35
-104
-52
-133
-123
8
44
51
67
98
6
152
184
73
2
42
-64
9
169
104
101
127
76
12
-139
19
84
10
0
-20
22
-132
94
-11
-130
-73
5
-122
20
203
97
-24
23
22
-233
43
43
10
16
25
15
18
21
-74
-116
51
78
23
86
113
51
-42
-80
14
-41
-42
29
-76
-93
-44
68
33
201
24
0
-2
144
191
21
20
66
-72
25
112
-176
-22
-166
-130
43
140
-42
11
-93
-67
-171
-227
-127
-75
-10
-195
13
-139
123
-41
-20
65
-32
129
54
-1
61
176
-37
21
40
113
-30
-143
58
25
-95
38
-6
-73
-2
-74
-18
-47
27
57
-11
-36
-196
-191
-77
-58
-16
-63
16
-25
-52
-65
49
81
-6
130
161
110
70
34
-10
-48
57
18
-70
122
-53
-73
-53
32
43
38
70
-32
-66
-62
13
-9
29
109
23
7
62
-39
-52
-37
107
122
131
133
8
13
59
-121
5
95
-33
-85
164
196
-101
-33
68
14
-33
36
-69
-173
-21
45
-170
-46
35
18
-254
-86
13
-71
-78
7
-45
-151
52
-22
-11
102
228
-100
19
-68
12
-109
26
93
12
193
2
-109
-98
71
-83
21
-54
143
-22
43
82
-25
-82
7
44
-226
-43
-87
-80
52
138
-64
52
61
-89
-68
-62
-66
-139
-24
91
-48
-63
156
65
-105
58
108
36
17
136
94
-19
93
101
-53
-20
200
65
-32
77
66
-69
99
165
124
41
96
72
-24
-39
2
-5
-65
75
-258
-61
133
32
-33
66
55
-69
-88
-164
-1
-84
-11
-43
-24
-22
-49
70
-65
-30
72
52
-1
37
27
64
61
19
-63
-199
-9
-3
-17
-86
15
129
-4
13
109
69
-10
24
-3
-84
-147
-61
4
-124
-38
175
-95
-17
203
73
-149
-31
112
46
83
-16
56
14
64
22
-42
19
-129
-73
-163
-22
-18
-155
-103
11
-132
-25
142
-108
-97
-56
56
-94
-21
64
157
45
-22
-54
184
165
10
128
183
211
-62
50
49
34
-98
110
141
-52
-1
-1
-38
-149
-20
-139
-135
35
-42
-116
-37
47
-144
-140
-15
-61
-128
-13
26
-52
48
-42
-63
-77
-27
117
-9
-4
140
-40
-159
36
60
-51
-63
48
-116
-49
128
-40
10
59
0
-51
-150
-31
-74
-144
80
-120
-18
4
3
-36
-61
248
10
-96
220
26
-91
-11
-17
16
-75
99
36
-66
5
38
22
61
-76
-80
-90
87
-49
-71
125
56
-187
-176
109
-148
-97
63
92
-58
170
188
64
128
152
67
99
150
49
-46
-26
116
-162
-59
82
38
100
193
134
-150
-114
35
6
-40
127
0
-131
102
-2
-25
80
48
-102
45
251
21
-112
59
34
-35
-148
105
148
-62
150
54
37
-24
178
72
-24
0
-52
-5
-17
91
-57
-68
-5
-101
-54
-27
-64
-36
-29
38
-116
-27
78
-32
-74
-6
0
-175
-63
111
-64
-23
165
45
2
60
80
-42
51
233
41
-7
15
18
-254
-174
95
-75
10
-73
-40
-93
-115
31
-171
-148
112
5
-211
-31
163
-49
-158
25
59
-54
-89
76
2
11
222
8
-9
-5
-4
44
-11
114
60
-29
5
-55
-270
-14
88
-44
-20
38
75
42
18
17
30
70
18
53
27
-8
27
-162
30
-106
-44
37
34
-84
-92
15
53
43
-96
123
-37
16
7
-125
-87
14
32
-108
-39
238
113
-30
22
129
197
67
121
33
20
62
49
21
-43
28
-3
-109
-98
-14
56
9
-112
-200
-86
-123
-55
126
-15
-105
-54
-117
-172
-56
-41
-46
-64
-47
-2
-178
-59
67
8
-60
32
76
-20
74
21
50
-31
55
-2
138
36
-94
41
-149
-42
4
50
-96
32
-118
-113
61
-175
-145
-67
-13
-2
-12
-90
-51
63
7
60
20
43
97
29
-61
-68
108
-31
81
145
14
29
128
59
72
56
53
85
27
47
127
133
-39
74
23
22
-1
-29
-29
-6
52
96
184
101
20
64
70
55
12
43
-27
-117
0
-22
-35
-56
-94
4
-7
-166
-62
-13
-124
-154
-21
12
15
23
12
55
56
-18
-4
105
-28
-38
47
232
111
-109
94
128
-81
-22
107
17
-98
-71
59
-93
-44
122
-45
-40
-56
-91
-80
-130
48
-74
-18
-14
-141
31
8
82
9
-23
1
-136
-148
-19
-61
-97
4
118
-46
74
196
-18
105
57
140
-8
25
183
-60
45
159
-56
6
-22
-53
-73
-13
196
-43
-63
0
53
-37
41
121
-53
-100
55
48
99
91
-73
-29
0
-10
-168
8
101
-20
10
46
-69
-141
-46
-43
34
22
-60
37
5
-18
31
-124
71
130
-119
-42
40
29
-149
61
97
-61
21
-45
-12
105
-44
86
40
-17
127
-56
25
-81
20
27
-65
-119
-12
-41
-75
12
40
6
66
48
-84
-71
-26
10
-214
63
-10
-5
-119
-216
-65
-119
-10
-20
-14
32
60
-68
-37
-48
-132
-72
27
-17
-139
48
120
-19
152
201
19
25
109
106
2
15
50
-66
-37
-59
27
-64
72
35
-171
37
-10
54
-45
77
95
-46
150
222
56
156
-28
-79
0
-85
177
150
82
-56
23
-159
-126
12
-67
141
-4
-120
-100
-164
-105
77
126
28
64
93
10
-67
-109
161
143
-41
199
111
1
-129
-61
7
-36
3
-110
68
-12
-69
-37
-39
-112
-33
-116
-75
2
-97
146
-61
-53
-43
39
178
121
149
211
125
18
1
-91
-8
-59
-76
-76
61
-82
-19
32
-145
-122
-47
-45
-90
-157
-171
-25
-80
-31
-62
-69
-77
119
-126
-59
73
-21
62
73
31
-129
127
143
22
-26
96
-28
63
197
80
131
142
60
-75
-109
-34
-62
-26
67
-50
-6
43
-89
-104
6
1
45
-59
10
65
-66
39
108
-53
-31
179
-16
-19
95
-94
-33
29
67
12
32
206
53
-121
84
179
-161
-85
5
97
28
131
224
-23
26
162
-6
-237
127
39
-8
31
75
-80
-69
37
-145
-192
63
190
-10
-74
-50
2
-336
44
0
-103
-3
-64
-165
-214
-90
-123
-21
-70
-117
-153
-31
41
-66
-55
228
-60
-280
101
153
-130
-125
150
35
-120
175
-44
-224
-43
-30
-91
49
151
26
-78
-136
8
-3
105
76
-90
-20
40
-71
52
222
28
-36
52
113
8
-124
135
113
-15
97
103
-54
2
85
-69
-7
17
-27
74
285
118
-25
19
62
-23
-15
164
131
-38
9
210
96
-109
0
104
-39
136
109
30
102
86
35
-38
-96
-90
48
136
94
-58
82
66
-219
-164
1
6
47
162
131
23
-24
15
-122
-109
51
-187
-179
45
11
-76
38
-18
-201
-25
93
-55
-13
30
-21
-217
-44
105
-220
-75
46
-66
-162
6
53
-121
-57
197
53
-31
155
-145
-117
-41
-65
-69
-134
80
-13
-64
103
179
55
-9
49
7
-1
5
-11
-69
-22
61
102
107
-16
-24
-74
-5
77
39
62
-128
43
-125
-171
43
-87
-48
106
39
-134
4
-24
-61
-82
-20
-10
-64
58
-59
-102
-141
-79
21
-144
18
80
-70
-22
-37
69
56
-92
-5
75
36
82
175
67
72
20
106
1
106
151
-49
77
71
-75
-161
154
90
-35
-11
44
50
-64
24
-9
-109
-4
-53
-87
83
71
-36
-9
17
6
-61
60
93
-68
-4
120
67
-21
-11
-38
-29
6
-26
-106
-6
-38
-149
-219
-31
-100
-93
43
82
88
65
35
93
55
-22
181
65
86
95
0
-14
-47
-58
-1
18
158
62
209
46
-212
-123
-7
93
29
-23
115
117
-123
-1
-9
82
-13
0
24
-15
21
46
52
-56
18
-18
-145
-7
110
56
-40
-17
-159
-52
-86
-144
78
-3
-20
67
111
-21
6
30
185
4
10
114
50
129
62
-59
-15
29
-74
111
75
19
66
112
156
75
-99
58
29
36
75
-130
-4
-112
-3
-155
-87
15
-139
-171
-54
-167
-245
-34
-116
-146
-210
-34
-110
-29
-169
-169
-105
-198
-152
-23
-10
88
-58
-151
121
-53
-41
64
80
137
211
103
105
53
120
74
218
54
-3
92
11
-71
39
115
-43
-64
-115
202
96
-7
58
-70
-144
-173
-152
-55
-199
-162
-146
-216
-50
-6
-26
45
9
-40
0
5
-41
-5
-21
44
61
130
79
40
171
40
114
35
56
-16
22
-20
-116
103
6
100
2
-40
28
-145
-104
-14
160
54
199
66
-79
-17
-127
108
40
72
165
4
99
31
1
44
-96
76
115
107
52
77
49
-132
-26
55
-71
-84
-18
-68
55
86
-59
83
-8
-66
-91
-56
73
-11
-80
-36
-128
-193
-16
-158
-121
-91
37
217
115
-34
-115
-112
95
-15
-145
51
76
79
49
-57
-7
154
6
22
99
-3
109
87
32
73
-34
-29
42
19
-124
-29
30
-97
-180
25
-146
-151
90
-38
-65
17
154
-72
-47
78
79
-152
60
182
-300
-7
60
-206
-52
130
205
0
140
186
-11
154
78
-3
142
290
-9
11
216
93
39
35
195
135
-63
64
103
-13
-49
13
49
-107
0
-63
-34
71
-57
-205
-195
-157
-166
-258
-38
79
-182
-59
-54
-101
-82
11
-82
-71
91
149
2
20
78
-4
-110
105
85
-114
87
68
4
-76
47
68
-93
-16
311
82
-62
107
-30
-122
55
97
-129
-80
163
76
-125
19
96
-138
-27
126
-146
-79
58
-31
-38
-31
-84
-6
17
32
-91
-20
70
-34
-51
-38
-36
-211
-53
-49
-7
-44
-110
39
-2
17
24
-24
-43
68
-14
-69
42
54
72
21
-90
93
152
22
-35
49
140
4
-84
113
31
53
-47
-94
50
-53
218
48
-57
-190
-194
-174
-202
-48
-31
-47
151
153
-35
-104
-11
133
-228
-82
134
-74
-55
64
-65
25
0
22
-26
-82
-85
-137
-96
-71
-25
-25
-11
-109
60
-108
-139
30
59
-48
11
0
-126
-22
90
79
52
131
21
87
-83
28
133
-63
81
141
104
59
17
31
14
73
92
8
159
230
103
-15
123
202
-31
109
93
-130
-23
-27
44
60
31
96
-39
21
2
-108
-15
19
-74
-87
10
-36
-144
-66
-2
-128
-44
73
-40
-9
106
30
-1
90
96
-106
-85
177
10
-40
109
2
36
-37
59
34
0
146
13
-102
-23
-133
-172
-1
-22
89
-77
129
46
-150
-25
36
41
-83
113
10
-103
-47
91
-64
-87
37
23
108
11
-67
-41
-99
-78
55
-57
-38
128
-24
-111
-60
-137
-310
-139
36
-97
-21
139
22
-25
106
-10
-1
-11
20
1
143
279
173
102
211
167
46
155
116
-21
-1
106
-26
37
-93
-79
-112
-153
-123
-86
-91
-95
48
-171
-77
22
-69
-42
-16
-29
-88
-65
94
25
24
194
177
33
-22
-7
-47
-149
82
176
122
108
17
37
-224
46
16
-68
51
-31
24
-126
-121
-222
-117
-60
101
189
18
84
133
-2
-1
144
-82
-28
13
29
-69
136
183
-85
74
88
-2
-134
8
-33
14
-82
-32
-58
-140
13
-231
-208
-87
6
-50
-82
-8
-86
-155
80
82
-51
-104
-90
-97
-209
-128
-69
0
-14
15
3
-19
83
17
-70
201
104
-15
300
92
-208
7
103
39
41
134
91
-100
46
144
-39
1
119
-24
-59
24
-8
-151
-25
-16
-99
-117
-58
-137
-227
-44
25
-67
-143
83
-44
-105
57
130
-18
35
168
13
44
98
146
86
104
172
225
187
250
238
142
191
150
-107
60
112
-83
58
40
62
-43
16
86
-35
-72
97
-10
-114
82
67
-69
-63
-50
-104
-50
52
7
-158
-78
1
-100
-114
141
-8
-136
195
18
-285
-92
65
57
-117
90
141
-189
-65
48
-112
-13
158
134
-253
-15
259
-224
-53
93
-105
-223
-25
92
-94
-144
100
-126
-235
103
15
-122
94
80
-7
65
-22
84
-70
-85
192
-47
-111
175
8
-125
50
41
35
-18
43
-56
-39
122
-149
-180
30
103
-237
-195
-59
-62
-126
-155
-34
14
90
-48
3
30
41
105
-9
26
176
186
89
22
-9
-115
-61
132
23
37
146
118
77
77
4
-117
110
94
-93
84
-45
-85
-39
-208
-36
-60
-122
-72
17
-120
-29
-64
-20
94
40
116
173
223
-18
102
36
81
83
145
52
-47
-19
-100
-45
-226
1
86
-102
-100
-14
-163
-253
-33
-1
-62
65
-42
-121
-100
-21
14
-108
116
296
40
59
259
70
9
90
166
129
3
18
123
-31
-146
-200
-145
64
63
-66
-144
1
32
-40
-40
17
144
11
-116
-3
45
-40
13
68
66
-3
1
96
-80
-107
-21
205
44
-32
86
69
-85
-103
84
-111
-188
-132
-93
-101
-53
65
121
-30
39
98
68
14
-162
43
-6
-97
155
59
3
51
116
111
-32
68
-8
-11
22
-120
41
-55
-123
-36
-29
-93
-60
36
9
142
-28
-41
-38
65
0
-80
-15
4
7
24
60
-100
68
-111
46
-1
-102
56
61
115
22
90
54
32
-18
-22
-47
-36
-199
-232
26
24
109
90
38
-26
54
119
-129
38
116
75
-184
-36
94
-88
69
-50
0
6
163
123
-94
-2
49
-39
-93
3
-81
-13
-63
-91
-153
-1
151
13
-9
-108
27
-22
49
177
48
-80
131
-1
-124
102
56
18
46
121
71
-165
-148
-49
-78
-33
-9
72
-21
132
58
-113
-51
17
-24
-28
118
82
1
31
118
116
75
41
0
67
110
25
8
-24
-69
-64
67
-76
-166
-25
-35
-113
-148
-132
-119
-151
-107
-135
-128
-161
-91
82
-60
19
117
-77
53
34
47
31
21
268
95
13
87
24
-156
28
42
28
152
126
90
56
107
-5
-135
-55
101
41
-38
88
-46
-45
62
25
-80
-93
128
-96
-58
7
-42
39
-14
-51
-94
-45
37
-168
-67
91
-46
-56
45
97
-63
-23
30
-51
-27
73
0
-42
177
108
-48
102
98
1
39
82
-88
-59
153
43
80
100
9
-84
-49
11
-122
-86
-115
-168
-72
122
94
-29
-17
77
-177
-92
72
81
149
-54
30
-153
-51
67
-109
-47
67
-14
-230
-43
163
-199
-23
114
-73
-35
64
-16
-216
-58
89
-30
-93
160
19
-154
-31
-3
-55
145
142
19
-138
-90
-86
-218
-138
77
23
133
159
64
123
3
10
-132
41
51
-11
34
141
39
-15
-35
39
48
32
156
159
102
143
156
-15
134
76
-90
45
18
-34
-42
90
120
-140
15
-122
-179
-153
-59
57
-101
-145
-105
-48
55
-50
-117
10
-60
-20
3
111
19
65
200
182
113
112
209
-56
142
137
-25
96
51
0
-106
-74
-35
-109
-130
-71
-84
-235
-79
-38
-292
-114
-29
62
-60
36
137
-145
-162
103
2
-46
179
175
-42
-60
152
70
-34
72
213
-127
-37
-23
-107
-82
37
-2
-143
8
-20
-200
-241
-104
-170
-216
-170
68
6
-46
60
-47
-47
-76
2
145
-82
54
178
15
97
4
154
136
7
5
56
187
83
148
-6
124
19
-18
71
-34
124
93
-11
93
118
-32
8
-78
181
57
58
47
24
91
-46
-92
-11
80
-136
29
43
-52
-27
12
39
78
45
86
-39
-107
47
-19
-102
0
134
-6
-30
59
-73
5
48
-26
45
133
151
142
116
14
-14
75
140
-40
-107
-8
1
-49
35
23
-108
-33
-17
-155
9
-19
-123
-121
-203
-169
18
-109
-32
6
-169
120
-7
-44
-24
97
-81
-102
68
-50
40
-5
-70
-121
-196
0
-8
-78
65
-58
-77
18
12
-150
24
-156
-257
54
-32
-81
0
53
0
-8
249
209
-14
135
112
17
-42
65
51
2
109
-115
-90
-131
2
22
-123
7
-28
42
-40
-43
-81
-136
23
29
-98
15
-13
-201
-144
0
-182
1
70
51
149
63
163
-16
11
104
53
-88
17
91
49
44
114
48
68
108
108
-65
-56
91
-167
-47
98
6
-115
20
72
-69
-92
192
58
-137
7
110
-126
-98
184
-235
-97
72
-35
-110
7
9
-308
-47
197
-48
-58
249
128
0
71
174
-110
-115
141
-136
-66
86
101
-63
138
153
-148
68
0
-54
-273
8
124
-47
118
-39
-103
15
72
1
-5
43
23
-88
102
30
31
255
167
27
71
28
-56
-51
37
148
-23
-84
-32
15
-129
-43
247
12
103
91
-162
-128
-100
-10
-126
-80
14
18
-13
129
27
-122
88
120
130
43
170
156
-63
82
90
-207
32
48
9
100
103
14
-99
202
-57
-82
14
22
7
6
50
-85
-119
-22
-30
26
-24
-128
109
-19
-8
62
-21
218
90
-57
124
-50
-132
-70
-93
-119
-62
-115
-45
8
8
52
-139
-182
-72
-140
-175
-17
-12
-100
-113
-132
-163
-94
-152
-92
7
0
55
34
-5
46
95
61
109
124
0
117
148
-116
-10
92
102
-13
215
149
-139
8
100
1
-168
112
94
-116
-79
-52
-146
-90
-30
-12
-74
34
-102
-120
-112
-63
19
-134
35
2
-64
-54
0
33
108
116
49
29
114
-96
55
99
44
47
81
63
-73
133
164
1
5
238
31
-163
-83
12
-63
-179
12
119
-60
259
100
39
131
21
-129
-79
-47
-109
66
11
61
-88
68
73
-97
-247
-118
-185
-167
56
194
48
-65
88
-135
-199
-75
-60
-168
32
62
-93
56
58
-125
3
114
-200
-130
117
-40
17
71
158
95
-87
75
141
-130
75
159
-130
22
199
105
-143
-3
115
64
137
112
91
144
118
51
45
56
4
20
7
148
148
-80
178
126
-49
-122
-91
41
-154
-66
-27
-181
-29
-82
-189
20
24
-52
141
122
36
53
-95
-44
-74
-64
-88
-17
-99
-41
-46
-10
11
-72
42
-59
168
17
-45
53
51
-94
1
192
160
125
86
8
-168
-70
8
-52
-178
17
167
13
6
39
-28
-70
13
28
-187
76
132
-123
-90
-6
-2
-65
-7
31
-54
-95
-80
-222
-150
-102
-36
27
56
135
7
-158
92
10
-83
78
73
32
57
110
40
-99
27
156
49
46
0
171
31
79
-41
79
47
15
97
-70
-82
-168
-50
-134
-68
53
104
-22
-57
44
-47
-169
106
16
-36
-19
18
142
71
-8
-26
23
-142
-90
-121
-115
-204
-75
35
-21
-32
-124
-44
-139
-108
102
0
38
104
-17
59
36
114
-110
-1
7
5
34
-40
274
-11
119
121
50
94
41
-54
-30
-26
-173
-47
29
-26
10
138
2
27
-152
-83
19
-166
70
-54
-138
61
-99
-130
-145
-5
88
-35
-63
3
-29
-73
32
-14
38
33
47
99
-160
-74
107
-26
-51
84
264
111
81
191
130
69
72
98
-99
94
137
91
221
140
31
-84
92
0
-47
-31
-40
-105
-47
-101
-222
-71
-9
67
31
73
-60
-75
-117
-141
-93
-111
-40
-105
-11
-77
-62
63
51
170
8
173
139
97
141
48
60
-42
58
-11
139
78
110
13
-39
40
43
69
-33
-12
-114
80
-68
-98
-41
98
53
-45
82
-9
-77
-189
-9
-183
-169
-43
-101
-9
42
41
-151
80
38
-61
-14
-170
-44
-93
-15
-21
-102
26
31
77
11
-106
28
-63
-16
-23
-6
2
57
252
93
85
51
45
-86
-55
93
67
-84
6
39
-9
112
15
35
117
111
31
32
59
33
-46
-7
88
75
158
151
110
-37
28
81
86
-53
19
-13
-203
-119
-206
74
-45
-170
-192
-88
-171
-50
7
-130
-11
-135
-27
58
111
49
45
16
-90
100
21
-40
141
98
113
51
59
38
180
-27
-104
79
-34
70
88
52
13
-107
-203
-54
-56
-109
-24
-4
-74
-59
18
-10
8
-30
17
119
19
12
24
41
-19
-145
-90
52
65
48
93
-54
-176
-68
-111
-174
-38
-190
-165
-105
-204
-93
-48
-69
-123
-190
-106
170
172
125
38
-33
2
-185
19
52
-42
119
3
-138
35
72
-51
79
190
91
-64
92
79
-123
91
167
-74
-23
94
36
-4
-64
15
-89
-131
94
50
155
51
89
44
-134
-4
2
-43
70
177
-68
70
-19
-76
-58
-102
1
20
52
-70
62
52
45
39
-5
164
83
79
17
13
15
65
190
43
-44
55
82
-10
154
148
35
11
179
55
-131
166
24
-187
49
-25
-193
-209
-68
23
-181
-22
199
-6
-198
131
-3
-146
43
7
-21
-102
33
38
-78
61
286
-258
-71
271
-22
-139
-27
143
-223
-57
175
75
-248
111
139
-244
-104
46
-39
-39
184
63
-114
-103
121
-34
-87
19
-12
-218
-51
-4
-113
-76
110
115
-61
93
-20
-44
37
18
-211
-119
-45
-134
-71
50
26
-75
111
72
-81
77
132
0
-11
185
-12
-253
61
-52
-87
0
151
95
-82
147
49
93
49
65
72
-82
58
-64
-64
-21
-2
-70
32
46
-170
-103
57
38
-49
111
84
-121
-135
-65
-186
-60
26
147
56
35
147
2
-83
24
113
-3
116
103
-90
50
118
-81
-28
54
93
-2
-4
72
-44
-27
181
136
-34
86
-34
-235
-90
98
6
-87
158
6
-64
50
34
25
-175
-56
-87
-167
133
21
-180
27
108
-10
-34
34
10
-158
24
159
-170
17
217
48
-42
-20
-87
-55
7
76
-128
-86
63
-97
-101
-148
100
-110
-72
-20
-77
2
22
68
-10
137
57
-30
87
39
25
99
36
19
-16
113
160
44
27
117
10
15
35
-45
-44
37
-14
-203
29
37
30
-131
-49
61
-173
-90
110
46
-122
135
-15
-77
125
155
12
-31
73
-4
-64
132
53
-116
11
-11
-135
-158
57
-69
-109
-66
56
-107
-129
15
-166
41
164
75
116
152
21
-2
-80
78
111
-14
244
36
4
186
-68
-182
-90
125
-92
-30
108
-39
-31
-104
1
-127
-49
-5
-116
-11
-69
-20
-12
-17
-6
108
54
86
12
-139
27
-6
0
71
80
-51
-1
74
-62
-66
91
-10
-84
-101
71
-79
-141
-9
-78
-91
-217
5
-55
20
147
-36
-84
86
166
19
52
196
6
-14
51
117
-11
-12
59
-154
-16
169
124
-92
24
-42
-76
33
99
-6
-6
56
-86
-213
-54
34
-127
-110
148
46
-91
124
-105
-144
-127
83
-48
-154
109
-30
-203
56
64
-80
27
152
68
-271
34
136
-310
44
65
-225
-16
181
170
-149
65
36
-139
39
182
-15
36
57
-119
-4
89
86
50
1
87
70
-219
105
111
-272
-23
212
77
-45
98
-10
-152
42
161
148
-59
161
112
24
175
50
59
11
-14
-4
0
216
253
-94
-60
107
-134
-94
8
19
0
-20
95
-126
-41
29
72
-5
49
45
2
-7
-75
1
-130
49
-57
27
-33
-102
-50
-140
0
154
-50
-198
26
-83
-100
-38
24
-101
16
70
-149
-118
47
99
-3
209
120
63
111
-11
-60
8
6
-132
-120
-67
-62
-63
-76
-60
-8
-104
14
-80
-88
-102
-40
53
-163
24
7
-35
69
0
-70
57
91
-118
12
181
13
-21
33
96
-10
-49
79
-39
-145
-24
40
-151
3
136
-6
-1
85
-13
-81
63
91
-82
-91
231
154
-56
30
262
107
-129
74
22
58
147
13
76
124
157
17
26
66
-111
-22
20
0
-24
-97
35
19
-66
58
-35
-143
-142
-24
-127
-188
-36
-224
-159
81
12
-94
119
211
-86
-163
55
-17
-193
75
75
-71
60
78
31
-50
-28
-32
32
267
82
-67
-67
15
-129
-117
72
-51
2
14
58
45
27
21
-70
-82
116
-33
-98
-66
49
-20
-168
139
65
-18
48
120
-19
-179
-18
-13
-85
-36
-109
-110
-148
-57
-58
-89
174
90
-83
248
116
-176
21
91
22
-13
25
186
99
-22
207
7
10
98
84
-40
-138
34
-40
0
92
-157
-82
77
-86
-87
-8
193
-53
6
147
-5
45
69
35
78
32
-3
113
-70
-72
4
-28
60
16
50
122
58
69
-58
-40
-56
-101
-49
-134
47
115
-51
110
140
102
11
67
98
-26
-94
186
190
-161
8
16
73
-60
25
-7
-6
128
51
-210
-160
43
-143
-104
15
112
-79
15
13
46
10
-36
70
-203
-86
220
-121
-60
36
-90
31
-36
-15
-170
-30
-135
-159
-131
-45
-49
-193
41
-20
-52
-131
7
-30
-50
-39
-49
54
-89
-15
-68
-60
117
-84
164
144
-72
26
0
293
115
-91
169
104
-42
186
-77
-80
101
-32
9
37
-8
-182
-166
5
22
-100
19
41
-136
-112
20
-69
-30
-68
58
-51
-24
85
-225
-74
73
5
-39
362
230
-81
17
90
-89
-88
246
128
-270
26
202
-171
11
217
118
3
166
21
-67
42
103
-113
-169
40
69
-60
-35
67
-115
-81
22
13
-269
-31
123
-74
4
-69
-114
-7
-122
-224
-52
106
-44
-8
101
193
23
31
151
-45
81
24
44
-37
111
-6
-136
-53
56
-59
-90
174
-33
-12
-13
69
-28
28
44
11
-54
-83
52
-68
115
29
-9
156
234
234
183
146
164
-13
-65
201
135
-81
-49
-20
-99
0
-37
-2
-89
2
-24
-108
23
-98
-211
-63
91
-104
-91
115
-32
-134
-60
-107
1
-113
140
97
-25
25
-76
-9
-17
95
-148
-6
61
-61
-75
9
11
0
61
42
70
109
131
45
103
45
82
-66
113
145
-3
-105
124
159
-153
58
81
143
-61
-62
-107
-128
-56
-117
-237
-164
-39
-63
-5
-52
48
-121
-131
-90
-121
71
86
39
28
76
14
-146
14
80
-58
14
20
-59
82
112
101
85
147
155
106
70
-44
49
-153
-129
-186
-211
54
39
-62
-79
100
-33
-65
86
102
34
47
-70
-39
-33
-33
-92
-186
102
59
-44
40
201
-53
-66
7
-13
-83
10
23
-270
20
-43
-187
-127
43
60
-130
-46
152
-83
-23
227
60
86
107
114
-37
53
91
-44
-8
77
-32
-208
27
135
-135
-51
195
-191
-287
59
-105
-101
-114
-105
-200
-247
80
37
-125
-58
119
-103
4
93
-133
-162
-22
-23
73
200
189
51
36
-21
-61
-10
38
89
-8
156
112
-94
-137
114
-105
-45
155
183
33
54
184
-19
-23
149
227
-7
208
291
-158
-72
165
-69
-106
73
121
-89
26
-29
-88
-123
-40
-1
-51
155
87
17
29
82
-132
-48
118
-17
107
179
35
-92
78
225
-127
29
279
55
3
124
98
-89
15
85
-147
-97
140
-21
-123
-14
-60
-179
-63
59
-189
-28
182
-52
-198
74
35
-289
118
108
-165
-16
267
47
-66
141
87
-103
-6
355
-71
-128
161
-91
-209
12
88
-151
-241
108
-92
-324
156
95
-222
-117
200
-61
-54
262
51
-235
-224
56
-316
-156
148
-38
-134
7
121
-111
-40
156
23
-194
-90
-169
-101
-15
6
-96
-5
224
-7
-65
188
54
-67
216
164
-39
88
254
97
-8
39
39
-48
81
190
-34
-36
193
104
-126
-23
16
-235
-266
-65
-88
-190
-78
-126
-268
-145
-85
-47
15
89
75
-68
37
-46
-153
52
144
1
-97
107
58
-67
88
16
-69
79
325
206
0
147
78
-228
61
118
-109
91
-8
17
-76
40
178
7
35
65
-28
-112
156
24
-26
112
-99
-140
-33
-132
-96
-35
-9
-133
-275
85
41
-151
92
151
-47
40
13
32
38
3
-9
-15
1
37
-20
-180
127
-100
-11
52
-146
0
-18
-45
-9
78
-30
69
72
-20
-3
-15
65
22
-168
10
77
111
-42
15
188
-192
-2
233
34
-111
132
202
-141
-166
-13
-89
-28
42
-53
-129
30
63
26
12
125
65
-23
49
-1
-39
-95
-30
-34
51
28
8
24
201
-63
-101
145
-18
-135
116
112
-229
48
191
106
45
54
37
29
-41
-92
8
44
11
13
-129
-52
-29
-91
162
112
53
118
32
29
-56
-104
18
-207
-12
22
-25
-88
-171
-76
27
139
25
62
-19
170
-117
-274
102
72
-182
35
116
-43
-66
75
84
-156
190
175
30
93
95
1
90
266
225
147
85
52
-108
-11
113
-2
33
110
-21
-197
-102
-81
-119
2
41
-75
-221
0
-103
-157
6
56
-20
-91
102
55
-80
-46
-17
-201
-108
54
-83
-234
3
33
-172
27
-1
-194
-27
58
-10
-147
133
134
-104
78
49
-60
79
112
-62
78
86
-8
15
159
128
-37
-128
175
35
-261
37
-5
-122
-79
-104
-80
-91
9
-164
-288
-15
-109
-113
55
53
-163
-142
-4
-53
-178
37
108
-168
-25
148
-17
106
137
91
187
122
187
15
77
34
-128
146
225
105
-5
89
-47
-236
63
230
159
40
66
74
-61
83
61
-190
-22
-58
-254
-161
67
97
2
34
-19
-58
88
140
100
-10
55
56
-122
130
67
-33
-68
82
85
-102
-34
163
42
-3
155
-181
-62
39
-101
-221
-149
-74
-151
-151
64
59
-60
106
17
-50
154
262
15
28
61
-25
-161
-171
85
-33
-127
122
81
179
112
-82
16
50
-65
-62
57
-42
-61
-67
44
-165
-124
-24
38
-13
-8
106
-112
-82
5
88
-33
-7
47
49
-111
36
-99
-244
-29
40
68
87
156
111
122
113
49
-110
64
166
33
-93
19
-50
-6
59
-136
-72
128
22
-25
-38
-66
27
-15
34
-155
-58
-112
-56
3
-68
-12
-30
-9
158
-37
-140
137
-116
-86
-102
98
144
0
137
146
-75
42
115
-54
102
62
76
108
125
158
64
-26
154
21
-15
105
74
-74
-100
-45
-126
-69
-57
6
156
32
-102
38
-92
-143
-281
-210
-12
-194
-41
109
-87
-73
-135
-78
2
-131
58
131
27
-127
-24
16
-121
-33
-170
-3
79
-10
3
5
101
-109
-17
217
53
-56
-13
-55
14
-40
-128
-67
141
68
46
15
95
117
-47
144
163
79
58
124
-229
-31
-22
-35
-146
-27
142
-197
5
29
30
-93
34
-61
-119
-6
-34
-71
-24
41
-11
-29
71
-9
-119
72
56
-40
26
189
72
-48
196
214
-51
61
133
4
31
82
-62
-86
133
101
18
27
147
21
42
128
-168
-139
117
93
-94
-26
134
4
-256
104
9
-67
72
56
19
-90
95
21
-101
-28
-180
-205
30
-128
-277
-243
118
-178
-139
166
163
-109
-127
248
-135
-123
66
-12
-220
-14
146
10
201
260
24
150
220
-53
-94
124
20
-132
0
59
-78
-9
0
-67
-96
-93
36
-87
89
-74
-53
-33
-110
-85
-6
29
62
186
128
202
176
201
102
33
-57
142
10
-45
144
46
-144
-109
107
-102
-298
-86
-23
-199
-167
-18
-102
-174
-73
-26
66
-167
44
161
-38
-136
73
44
31
206
101
124
180
242
-9
30
104
99
-32
174
142
-99
-22
73
108
-4
-36
-153
6
-3
-91
-29
4
-120
-27
15
-84
18
-21
-116
-141
39
-2
-114
-38
5
-21
-66
-19
47
-171
-86
35
-47
-52
-61
-12
-168
-109
-141
39
124
68
32
152
182
-129
-38
-15
-62
-112
-64
-64
-73
-64
93
94
68
133
18
29
-13
10
-46
-12
120
1
-23
127
-12
-70
-28
-19
25
11
47
162
83
-109
86
-3
-61
-9
8
63
-30
-105
202
32
4
65
27
4
-88
99
-17
97
26
0
-163
49
81
-7
-103
-50
19
74
196
25
104
12
69
83
163
117
-54
0
66
-51
-69
92
50
-69
-98
-106
-60
-120
46
70
-183
46
161
-51
50
26
-61
-86
16
88
-24
-49
-5
-162
-118
-7
-5
162
-120
4
-5
-236
6
-22
24
-71
-153
-32
-227
-39
-80
48
-7
-28
39
-52
210
6
36
111
195
-143
-89
171
-12
9
88
-108
-90
132
11
101
185
101
-188
-58
-1
-97
-158
-119
-44
-234
-104
-68
-171
-207
-157
70
71
-68
38
40
-118
-55
-5
-31
-31
-91
-64
170
77
-33
25
11
-6
-165
69
151
174
14
0
219
72
39
166
220
17
6
212
66
-101
75
-20
-67
-35
-14
-32
35
-14
-87
-74
-132
-152
-140
63
-19
-78
80
102
-178
-91
131
-13
-102
-24
-55
-168
-136
185
68
-147
186
31
-138
138
160
-48
10
189
234
-53
56
171
40
68
132
166
-19
217
77
-83
79
99
150
-40
141
222
-18
-87
48
-65
-155
86
14
-55
-133
28
-13
-114
150
208
-16
105
71
-173
-89
23
0
-165
26
79
-111
-126
112
-91
-147
10
82
-87
-105
128
-168
-152
-50
-24
-58
-81
-6
-127
-173
38
-27
-112
71
140
19
64
86
-8
-52
17
6
-41
2
31
-22
-80
26
-49
-26
36
133
62
64
133
89
-105
-139
-64
-136
-157
18
-1
-146
49
-85
-75
-28
-7
-181
-106
26
-182
-94
80
-47
-196
-45
82
8
-41
141
9
-133
-5
81
87
39
11
104
79
30
126
49
71
61
49
236
53
63
149
7
36
58
76
37
47
64
36
12
6
36
102
203
34
-10
246
6
-302
-146
-7
-171
-158
146
32
-149
82
67
-208
-250
71
-2
-243
36
107
55
23
113
106
24
80
67
62
1
28
59
-17
-32
45
-74
-88
4
7
15
-15
-42
78
-21
-150
-53
-60
-17
8
-13
-47
-153
-63
22
-96
16
-3
152
-38
-247
-98
-20
-124
-140
21
-68
-36
-134
-14
-93
-171
85
52
-109
73
-32
-137
33
20
-113
-8
96
-73
56
117
19
-89
59
135
-139
-175
209
51
-54
-17
-47
-57
-46
-6
89
-9
-57
114
-62
109
62
34
-4
65
-6
-47
-11
74
87
-61
94
50
49
192
257
93
0
-25
-92
-216
-4
84
-136
-1
127
-167
19
121
123
4
0
103
-59
56
126
155
-36
158
228
132
47
95
118
0
86
44
-68
88
-2
-85
-34
-17
102
-41
81
44
-5
4
7
-57
-57
27
3
24
7
97
-132
-41
9
-120
-145
23
84
-172
74
-22
-175
-118
-119
-108
-122
-30
-52
-128
67
51
-108
-121
-36
-154
-46
121
40
-24
-147
53
77
-22
67
144
-40
46
170
-110
-131
226
14
-118
103
16
-67
-118
36
70
-132
30
1
-191
-35
-12
-70
-44
84
-90
-101
27
-68
-76
-49
90
-55
-55
197
38
27
190
310
17
-65
140
11
-42
46
7
-53
93
-18
-36
-23
30
-100
-13
47
-127
-50
3
26
-132
34
73
86
-95
-38
165
37
121
-83
9
-50
-45
117
24
-53
-132
-56
77
59
30
135
-25
16
-94
-131
32
-69
-29
48
47
50
15
30
47
77
-9
-96
163
21
-283
-80
-16
-155
-54
1
31
-85
44
-152
-247
-122
-222
-222
-143
-55
-154
-87
-73
1
-124
-96
-21
46
-21
173
165
-32
111
-16
20
166
141
-39
-60
275
242
-51
264
87
-194
-19
153
-107
-38
236
0
-60
-48
-18
-77
-10
73
127
-17
76
189
-48
146
116
59
95
31
101
52
75
93
162
65
-18
97
54
-47
30
68
25
51
49
-4
32
58
-130
-70
66
119
5
-1
175
73
-115
69
139
-92
3
90
-10
-93
2
-29
-152
-63
-73
-47
-158
-78
70
36
179
-6
-26
-187
2
68
-161
2
26
124
-33
8
68
-35
-203
-32
49
-120
-64
-21
153
-130
-179
27
14
-144
55
47
-176
222
71
-73
-34
51
-181
-191
-127
-56
0
-191
55
-33
-79
107
119
-133
28
-19
-125
-39
71
107
-3
107
28
86
79
89
-69
-40
-186
-101
15
-122
71
89
100
-159
92
27
-142
-6
-43
-101
-193
11
94
-71
37
91
2
-157
-140
111
-60
-7
110
-147
-3
243
29
-85
-63
54
-52
10
8
23
-75
-83
-85
-12
-38
-45
237
38
46
-7
-49
-125
-58
-95
-70
68
2
70
259
7
-96
99
91
-71
-116
27
107
61
31
213
53
-86
-153
-47
-62
27
-46
-42
183
33
-169
-39
54
-187
-79
-36
-26
-167
-65
-32
-264
-118
87
-7
-46
103
-42
-155
26
23
2
37
112
140
9
132
47
57
129
266
98
57
199
18
-48
-50
193
72
180
142
103
-7
-72
198
57
137
6
49
64
-107
-85
-41
-85
-79
28
24
-32
-58
-50
-69
5
-71
23
38
-3
31
-23
0
-69
102
19
-7
161
-40
52
184
65
-99
-39
116
85
-45
-3
69
-118
-85
-71
-79
-150
36
194
-121
-6
33
-84
-2
-38
-63
5
-51
13
-40
71
70
-35
75
21
-52
-59
20
8
-22
14
-21
-34
-44
70
62
-143
-19
-13
-5
-147
-114
-71
-70
-46
58
1
-59
31
-14
-104
-137
-126
-133
96
-63
32
31
-20
65
20
-72
18
68
126
81
77
180
28
56
-8
107
26
18
86
85
232
87
-42
117
-18
-48
-5
87
149
61
27
9
56
-86
-115
-251
-125
-41
-119
-134
25
-81
-129
14
-54
-17
37
-78
-157
8
-106
20
-25
-93
-2
-33
-14
-83
-100
55
-48
-126
108
132
99
-15
-64
-16
0
81
81
-83
46
93
-159
-131
57
139
-82
-122
81
-2
-36
93
-29
-114
127
20
-171
-81
83
89
-32
-42
-137
-173
-42
96
-101
89
101
3
5
18
41
-162
-4
-69
-48
-14
32
-106
123
226
9
0
72
146
12
75
53
-30
36
191
33
17
139
73
-2
43
109
85
33
124
172
122
82
35
-21
-41
-59
-110
-24
136
-17
-46
121
-58
59
61
-63
-83
-90
-60
-170
-28
39
-59
-217
-153
34
-157
-152
-34
-79
-49
-181
-80
38
15
-41
21
103
-135
63
-39
57
83
58
154
67
187
80
-13
34
48
-160
118
16
-68
137
-26
-131
53
-56
-126
-67
-87
16
-137
-68
15
27
-207
-120
-48
-73
-22
99
-20
-142
40
-93
-38
-91
218
54
-115
97
-174
-83
1
15
-3
39
41
-11
193
164
57
-9
142
159
-89
60
68
110
65
145
120
5
99
106
-51
-20
220
-79
3
91
76
-8
-36
-53
-127
-106
157
189
-197
125
210
-87
-86
78
5
-185
110
20
-161
119
119
-1
-197
206
14
-186
200
44
-106
-73
108
6
-163
9
7
-76
-22
26
63
-99
24
-180
-114
-19
-124
1
-28
19
-121
4
178
155
-47
71
89
46
99
146
105
-24
133
-62
-79
60
44
42
-44
-71
81
-48
-1
62
-107
-102
-115
-211
-167
-171
-128
-59
-188
-25
-77
-155
-118
-54
-87
-99
80
-143
-132
-60
-99
3
-107
-1
-54
-100
76
35
2
-1
88
56
53
172
29
1
128
190
-23
-85
78
91
39
16
197
48
75
132
-77
-76
26
122
-49
42
136
-206
-204
27
-106
-145
144
36
-113
-86
-78
-49
-54
121
25
55
171
86
83
44
182
85
6
189
46
-42
59
128
-68
-71
-5
-45
11
-34
-7
62
3
-26
-32
-86
47
-158
-21
59
12
164
106
98
-26
19
20
3
8
80
266
-127
-102
107
-119
-13
-4
67
19
-107
-33
-38
-128
-44
-195
-130
-48
-230
-121
90
-17
-104
0
-157
113
11
-230
123
-58
-96
164
111
53
25
158
136
34
-89
133
133
-80
-23
116
0
-39
159
66
9
-11
130
32
108
1
-61
-84
-42
-17
-79
75
-50
-119
-43
22
42
79
-41
71
-22
-6
15
-106
-134
29
56
-92
-45
-107
-156
-160
-34
-270
-171
115
-29
-103
104
121
-221
-16
96
85
73
-10
231
18
-68
100
145
172
113
-9
44
233
68
-9
130
45
54
-44
-110
-75
-194
3
55
-176
-45
70
-109
-45
55
-198
5
124
-73
-102
-120
-10
-84
-85
6
73
-158
62
54
-47
-60
38
-1
-125
100
-217
79
-112
-74
3
-20
80
47
187
-53
143
29
65
84
31
148
70
122
102
1
-85
70
-12
-59
-64
-10
103
-30
-15
-16
85
-49
-205
-117
118
50
-146
-11
51
-7
15
179
55
-71
14
34
-72
-47
31
-17
32
132
-142
-68
187
-25
-19
88
59
-38
48
114
-91
-64
94
30
-140
-42
94
-20
55
207
67
84
92
87
-1
-131
139
40
22
103
3
-55
71
139
21
38
73
31
-152
-91
-81
-122
-134
-188
56
40
-1
-92
-94
-12
-53
-118
-18
109
-176
2
47
-92
-214
-143
-4
23
0
59
30
-185
-8
-76
-176
-148
33
-7
-152
-118
-137
-79
52
107
-54
30
76
69
-43
153
54
-130
256
5
131
174
51
121
-35
0
74
129
134
54
-57
-6
31
-47
-223
-19
-16
-191
-105
-116
-28
-233
-169
-136
-128
87
-17
41
20
-218
127
178
-92
72
60
4
-4
92
180
139
65
222
137
-45
-123
0
-59
-31
69
-49
19
-44
53
-23
116
182
59
80
104
100
119
20
89
-74
-83
70
-160
-101
-6
63
-158
42
134
-65
69
121
-87
-243
-266
11
-1
-126
79
-256
-153
81
65
-78
0
154
18
-4
8
259
-125
-5
131
-185
15
21
137
66
172
30
-125
103
87
-10
-3
82
33
-38
104
149
-85
-47
-45
-120
-105
74
-89
-62
115
41
78
-84
-4
-32
-144
45
-41
-82
128
45
-14
-26
57
7
66
-22
-19
71
-95
-28
-36
-83
5
18
-36
22
60
227
-23
-49
70
-17
-25
-3
-33
-175
81
-43
52
195
-23
138
-74
-55
-26
-4
101
8
-48
-81
44
-17
-15
76
-39
-15
44
-159
-68
-27
-69
-153
39
22
-104
-60
-19
24
-133
-21
30
-18
-22
41
-37
54
-5
87
-131
13
117
-232
-28
-48
-14
-13
93
136
-20
-68
132
46
-109
-88
146
-23
-55
216
-26
11
196
120
-24
124
92
-54
-63
72
58
-175
113
64
-109
-49
22
88
-34
80
3
-44
-127
34
-69
-52
245
-26
29
84
-4
-51
83
41
-51
-71
-1
-10
-34
41
-135
-53
-178
-44
32
-38
-86
-5
-46
-269
42
-30
-82
-72
-29
26
-208
-35
54
-167
-148
117
-33
-64
155
-28
40
87
118
-53
22
116
-13
-232
59
151
-256
-86
100
142
-116
152
260
-133
-54
132
-160
-137
-3
-64
-187
-107
-52
-187
-171
-66
-62
-110
247
-41
-166
161
140
-170
-26
140
-116
-51
132
113
-82
65
265
77
19
212
52
-121
206
243
10
192
179
73
99
218
138
15
9
121
4
17
245
24
-103
190
155
-64
34
89
-75
-126
193
81
-23
0
199
-92
-143
116
-13
-138
37
140
-17
-23
162
12
-195
132
74
-137
-81
74
-208
-82
119
2
-149
-34
-51
9
-1
33
-1
-84
-77
-97
-12
-187
-35
-19
46
-112
153
111
122
12
-182
11
-104
-80
-152
-65
-39
-106
-84
112
-144
12
101
-157
-111
-109
64
-83
-93
-11
-73
-19
-50
-89
-146
-51
-66
44
142
-38
-18
46
15
-221
-91
3
-43
-43
0
32
-74
125
24
-94
-19
50
3
34
105
99
229
39
97
128
64
156
-12
0
234
134
127
78
165
137
-85
62
60
7
-111
-24
-78
-135
-83
-135
-248
-134
-16
-241
-162
122
55
-136
54
86
-103
104
257
-78
-92
68
-69
-96
-81
123
235
82
180
55
-105
146
150
-77
97
95
62
-87
-108
126
-54
51
183
73
-1
118
-18
-246
-104
23
-97
-37
10
-62
-142
-15
-9
-155
-38
-87
-131
-187
-45
-209
-110
43
-195
-227
-137
-71
-169
14
97
19
-7
-80
-37
-203
36
99
-214
25
130
62
26
207
108
-84
102
209
32
107
25
-156
2
-43
-64
-68
-15
-46
3
60
149
42
-16
121
-72
-67
56
91
223
55
-45
-23
-35
37
93
259
119
45
48
45
-100
25
89
-65
26
5
-74
6
69
-11
93
3
18
-8
-5
0
14
-93
-38
104
66
13
78
74
-103
135
-12
-57
59
252
156
39
19
64
32
-127
85
-122
83
29
42
86
-74
6
12
-1
-201
69
112
-47
-85
82
-61
-172
48
25
-20
-134
-4
41
-130
-29
103
-111
-154
92
113
-64
-63
44
108
-48
134
45
-32
10
79
83
-71
96
-50
73
-15
50
-47
-69
175
-9
-99
97
99
-92
-17
-93
-131
-106
-65
-37
-97
-77
-3
-70
-129
-105
-8
-22
-46
54
-36
-100
124
-6
-125
98
-112
-62
12
-141
-27
51
89
-3
-18
130
153
0
18
-127
-63
2
-150
20
-126
-196
-27
-50
-181
-22
-40
-46
4
-64
-108
-81
71
-70
-192
-9
102
-46
-7
139
79
-44
147
124
-48
58
98
-83
-23
42
-43
-56
47
128
-71
-21
26
-45
-242
-32
75
-86
3
183
101
-219
22
139
45
81
285
72
-54
90
10
11
102
166
-8
40
76
-12
12
103
57
105
149
94
-149
-94
48
3
18
84
156
-9
-19
-38
70
2
94
148
13
-6
16
170
42
-55
-5
-4
1
-22
15
-82
45
78
-79
-12
-21
54
-21
35
-31
-45
72
-19
-62
-20
-28
-149
72
120
-143
-43
32
-58
-109
97
101
-214
-36
76
-165
-126
13
-77
-126
-127
118
-20
-57
135
-44
-41
-111
-50
-4
13
33
-4
-194
-134
48
-29
99
216
145
-86
19
-121
-212
-29
-47
24
-50
35
-163
-72
10
-54
-39
-131
2
-14
-83
-79
-33
-204
-101
51
-37
-122
148
83
-43
-79
-83
-66
-150
13
-14
-22
3
66
28
23
90
130
84
96
78
120
-13
14
83
46
38
54
159
57
45
125
20
62
143
153
231
41
134
109
12
-95
-31
13
-90
-84
47
101
-97
-179
126
-43
-236
106
-50
-11
-151
-49
13
-108
-61
-10
-42
149
130
53
173
54
30
-32
136
-29
120
-5
-99
-96
-26
129
72
87
39
-69
-33
87
-126
20
33
3
-121
-13
153
-102
-149
51
-73
37
106
102
82
-84
-89
-63
-33
-145
16
-87
-116
-13
46
65
-170
-158
61
-133
-167
24
-66
-36
43
-90
-42
52
53
67
15
-9
-48
19
17
-78
-47
10
20
-9
33
42
-29
98
77
152
-28
-23
125
98
21
-2
22
-44
117
28
11
-32
124
0
-42
69
26
-105
-45
143
-238
-159
-24
-13
-10
-49
-66
-44
83
115
10
-52
43
19
-56
54
-43
-20
213
8
-35
27
-48
-24
77
23
-46
-7
139
-33
-7
11
-68
-26
-47
124
26
-4
-103
-23
-60
60
27
136
161
21
-78
-81
169
-6
-2
-33
24
-88
-77
-3
-24
-78
27
72
-62
-129
-50
-76
-263
-86
-167
-37
29
-57
-17
-42
119
-25
-177
50
52
-108
-10
63
10
-100
0
4
87
6
104
82
-133
139
127
14
29
76
35
147
-36
141
163
6
10
-18
64
12
1
-97
-67
37
8
-183
-22
22
-66
-199
-177
29
62
78
9
69
-57
-32
66
-46
2
87
47
19
187
14
-59
-54
67
67
27
147
161
85
49
160
-76
-68
27
-29
-143
-52
173
203
-36
43
161
0
4
66
82
-145
-124
30
-82
-167
22
105
-235
-79
63
-185
50
-29
-8
-143
-173
-34
-198
-88
-23
-53
-61
150
-65
-139
155
165
-230
-34
185
-142
-66
197
56
-123
90
135
-10
-166
19
-78
-147
131
24
-133
199
133
-56
101
-36
-46
65
107
121
-88
3
134
-58
-140
122
101
-50
45
-36
58
6
-29
-128
-88
29
29
-10
-19
89
-37
-86
-16
-166
-47
-4
12
61
-16
-68
-97
167
35
-126
143
220
-5
0
96
89
6
-23
-43
-131
-63
-25
21
144
-30
108
6
-30
81
-15
84
50
3
-29
73
-75
-181
-43
23
-106
-26
-35
15
15
51
33
-62
35
-30
-145
-35
83
-82
-38
-161
-13
43
-195
-97
-10
-67
-32
143
-77
-185
111
29
-166
-21
54
-84
-40
24
151
-7
11
200
90
-1
42
19
-58
74
-61
49
-11
76
-5
67
86
-198
-69
-98
13
11
39
103
6
7
175
52
1
62
154
14
21
85
68
36
-15
36
-47
112
149
13
61
84
-148
-189
-50
-32
-221
-11
-161
-86
8
-41
112
-46
43
67
-43
-6
170
-121
86
11
-44
81
-15
76
104
74
-60
168
164
58
131
195
-60
-67
35
-67
-164
-124
42
-195
-39
215
-101
-111
-72
-20
26
-105
24
-153
-184
19
-109
-57
-94
112
-71
-167
102
-32
84
90
18
-127
3
52
-77
-86
25
11
-85
-24
-9
24
0
49
-28
-17
51
-39
-8
-8
71
30
-60
-84
-51
-40
-1
51
5
36
-8
43
-110
18
128
-1
-99
39
-13
-103
66
106
-29
-42
174
-41
-95
81
-22
-122
37
15
-32
49
175
104
-69
76
16
-98
86
213
84
75
238
-44
-43
100
103
-53
-37
204
44
-153
-29
29
-101
78
-13
4
-9
11
-44
-168
79
-21
-136
-43
41
88
15
70
28
-62
7
-65
37
-11
-98
-51
87
71
-217
28
119
-168
-76
2
-79
-133
-31
72
-116
36
74
-80
-34
114
81
-134
132
73
-65
-29
124
133
-125
127
41
-56
66
-84
-126
-86
43
-65
87
61
-153
-43
30
95
-57
80
132
-21
-29
169
90
-4
31
-70
45
30
70
-159
-32
-4
-69
-104
7
145
-124
-26
-14
126
-146
73
169
-142
18
43
-42
-123
-50
93
-68
-44
150
-143
-76
105
63
21
142
207
22
