-6299
-8244
-7071
-11104
-10066
-10253
-9334
-10959
-8508
-1369
-5745
-10009
-8474
-7816
-7489
-7781
-7846
-7616
-8902
-5361
-268
-6834
-2617
4993
3221
4305
4580
7060
6663
6985
6109
8518
6159
5135
2633
2725
6728
9584
11756
8581
9036
8565
9921
6686
6578
4334
3854
4784
4035
4624
3710
2616
2045
2121
-209
-240
-2929
-5020
-6217
-5538
-8124
-9853
-9666
-3055
-2274
-8182
-3564
-1719
-3798
-5983
-5467
-7064
-7275
-6909
-6194
-7979
-9774
-9905
-8819
-5934
-13229
-6812
-3923
-5055
-679
-400
3382
638
-2861
-1166
2111
4628
6785
5911
8109
4905
4664
9446
6141
4892
4339
7302
2429
933
4345
1312
1286
-432
-792
-3732
-5827
-5570
-5855
-5760
-7527
-5843
-6969
-6010
-1502
-5703
-6861
14
-952
-3299
-833
-1813
-4233
-3627
-3869
-4584
-6297
-8437
-7077
-7197
-9852
-9746
-10445
-9407
-4536
-12179
-7205
-1567
-2308
-2057
-1425
6540
5709
10726
10229
8375
10140
11384
11399
8887
10726
11072
10866
9995
7613
3687
6364
6790
1379
2985
2780
1650
1875
-1194
-1134
-1382
-2579
364
3340
550
-2327
2858
4912
2812
1215
2230
2132
1003
115
-251
-501
-4519
-2187
-5566
-4557
-2459
-5970
-3620
-4828
-6456
-5643
-6620
-6859
-5464
-8814
-1797
927
2765
4960
7347
8516
9091
11928
6025
8453
9684
10774
11090
9845
10466
9682
10253
7531
5614
4275
4689
752
1017
2838
876
585
589
2966
5353
669
-666
7180
4553
2801
3633
2076
1804
795
3514
1870
-27
488
-2669
-1517
-2842
-4478
-3648
-4700
-6636
-7717
-7974
-8602
-8826
-8931
-8963
-8052
-10503
-8423
-6821
-12147
-1100
-4180
-3266
1560
-664
4372
2579
3988
4435
5430
3434
2258
1628
1372
473
1229
1286
1880
584
591
2949
-1645
4224
3816
-1123
6078
7752
5040
3170
6441
3961
1804
5899
2268
1267
1552
1912
2437
2036
1209
599
-219
-2405
-3474
-5589
-7574
-9444
-9980
-8352
-6021
-6716
-6763
-6420
-7414
-7490
-13512
-7362
-3915
-12057
-2335
144
-1504
1989
2358
3650
2559
4215
2686
1782
1078
1664
-141
-2905
-1514
-2101
1079
2129
5597
5049
4457
5091
8009
9029
8406
10095
6809
8167
7596
5348
4696
4995
4127
1712
2911
1342
-2409
1432
3340
-1215
-1072
2243
1453
-3740
-4908
-5797
-6100
-6403
-5303
-4893
-10044
-8625
-8291
-8477
-11829
-12360
-12485
-8170
-11700
-12613
-4010
-5039
-3552
-4251
-2032
-3369
-2420
-3135
-1010
766
3212
5058
9740
12852
4962
7883
9395
10385
9996
11487
11220
9326
11629
7986
5221
4782
2874
3096
5241
3772
3364
5079
4876
3691
3627
3159
1934
1160
-3032
-2681
-1830
-2735
-1628
-5021
-10329
-8655
-7175
-10667
-10152
-13099
-12699
-11732
-12872
-11328
-10785
-13867
-8572
-8904
-14185
-2358
-5369
-5224
-1081
-2564
1129
746
4570
8751
7179
6674
10654
10903
9102
6686
7735
8589
8895
6979
8414
9752
3754
7893
10645
9675
10016
8455
7873
5659
3605
5398
5109
4421
2253
-316
-919
-2826
-3511
-2073
-6808
-8135
-5995
-5345
-2855
-5860
-6825
-3857
-6838
-9369
-7017
-8580
-9710
-10503
-11584
-12008
-14268
-16390
-10985
-15460
-16643
-3909
-7219
-2611
-307
-905
6599
7124
8560
9551
9998
10202
11317
9784
9300
10665
8974
9552
11570
8962
10086
8531
4343
7030
7483
7902
7882
6037
6493
3172
-294
2720
1842
2178
-615
-1584
1220
-810
-319
-1871
-4062
-3074
-3722
-6152
-6460
-7303
-9628
-9910
-10126
-11930
-11147
-13618
-16278
-14187
-12050
-11286
-12567
-6810
-6664
-10178
-4966
-1755
290
2765
7407
6800
5732
7450
6835
8842
9708
10880
12484
11635
12075
10241
8956
9824
10088
10433
11023
7330
10523
8732
5523
9854
5620
5004
1875
582
3446
2568
2061
3364
1314
70
3505
1805
1330
-272
-2926
-5854
-6511
-5891
-5807
-8612
-10193
-11421
-12502
-12289
-14304
-12659
-10560
-10202
-11109
-8124
-7753
-4792
-6962
-6145
1909
-3840
-781
2967
3005
3083
3902
5698
6631
5279
5624
8801
8959
9981
11335
11831
11203
13412
9271
8417
5669
4935
5515
4111
7401
6317
9296
6882
4360
2773
307
2530
2182
552
-970
-823
-3307
-4830
-5198
-8187
-10358
-9423
-9858
-9673
-9723
-10813
-9607
-8424
-7827
-11782
-9261
-9343
-7165
-9085
-9984
-9782
-9801
-5857
-11299
-1392
-1660
423
2801
1543
6135
5427
6810
8878
10681
9763
11548
11485
10650
7030
8799
9609
7701
8853
7454
3166
1383
5024
4291
3255
2695
2028
809
-442
-2006
-3617
-2839
-5219
-5954
-9144
-11255
-10901
-12109
-12459
-11900
-11470
-10941
-8292
-7752
-10493
-9882
-8427
-9290
-8983
-6878
-9424
-9372
-6811
-9673
-8883
-8476
-8348
-3063
-6502
-7455
-224
840
3624
6937
7671
10713
12249
11289
6830
2847
8559
6700
6117
8581
7883
7307
6782
7413
6590
10444
6012
6446
6743
4728
4311
-2309
-3199
-4494
-6173
-7454
-6020
-5582
-6459
-6741
-6436
-8244
-8653
-3592
-1501
-4970
-2275
1919
-3389
-4000
-3428
-4903
-2521
-3735
-2609
-1810
-2015
-3080
-2637
-3082
-4427
-2750
464
-433
-10360
2117
5556
8361
12078
5382
8116
10086
10428
11367
11222
9294
10468
6471
9887
9545
8861
8786
6319
5191
5843
4825
280
3458
611
59
-2676
-2358
-1954
-3914
-2429
-2787
-2672
-2169
2193
-2116
-556
3100
2268
2366
1348
1709
1026
1716
768
894
887
-2249
-3352
-4019
-1450
-1107
-1474
-108
-216
-1494
-4614
-4604
-891
-3459
-12327
-153
6727
-580
5865
6818
4936
7665
6917
8499
6395
8848
5653
3364
2676
6238
6869
929
3006
1876
-420
-2661
-4542
-2433
-2493
-188
248
-809
-615
-413
-1395
-2182
1226
1860
1964
150
-1895
-1881
595
1587
2720
1971
821
-1745
-3405
-4075
-3428
-400
-3107
-4148
-2884
-5660
-6200
-3114
-5983
-12979
-10844
-4372
-7407
-11004
-4208
-4370
-4251
1119
4137
6168
6751
8016
4179
6631
4289
2781
2600
2281
3256
3399
1361
-1080
1736
-1309
1307
-2755
-1867
4512
1999
-2238
425
4312
2274
878
45
4040
5159
7223
4738
2583
3982
-1529
-399
-1940
-3501
-2134
-2010
-37
-2015
-1906
671
-1970
-5738
-11924
-12623
-10047
-12443
-11230
-10145
-12837
-13133
-4074
-3579
-13873
-1305
3879
-1400
-132
5799
5660
3093
249
-72
-360
-550
2669
-185
534
-925
-317
1173
49
4285
5899
6409
5314
2580
2151
3173
8518
7950
6734
7387
4694
2873
5733
5028
5839
2287
443
2535
-1254
-130
-1072
1661
270
-1456
147
-4963
-4578
-4613
-4857
-4500
-5179
-7110
-4977
-4039
-10085
-11997
-8184
-9404
-1226
-7937
-7256
-1281
-5751
-1939
-3071
-3949
1225
3012
1928
2446
3910
-1702
2450
5554
5659
3094
5448
11128
5984
4009
5384
12696
5413
1876
6098
6418
8175
6790
7089
6530
3552
6455
7196
8002
2578
2800
5432
3666
2520
-2271
957
-114
-3016
347
-1694
-6490
-6512
-6052
-7684
-8266
-8726
-10094
-12821
-13287
-12122
-12455
-13527
-11118
-4610
-18659
-13903
-7149
-10924
-2503
-4095
735
1893
-2017
-402
3448
-458
6213
7033
4030
9555
9770
10596
6381
3205
3073
4283
6702
8696
6260
5517
8152
11560
6357
5116
10586
8768
10282
6145
-1085
-3174
3995
-167
4286
1649
560
1603
-6782
-3590
-783
-2129
-4272
-8572
-5131
-7564
-8376
-10146
-9046
-9571
-10540
-11639
-13936
-19169
-11616
-10889
-19326
-9262
-4182
-3812
-1563
-1810
-31
6708
8962
7305
9123
8968
9967
9042
6588
8664
9391
11457
14402
14583
12412
11010
12767
10935
9838
8034
8867
13965
7700
3190
869
-1156
1330
2308
65
2042
3521
-2403
2264
823
-4847
-5274
-4704
-2747
-9820
-10210
-11819
-13448
-14839
-15222
-15038
-14154
-14250
-14500
-16182
-14322
-16000
-14702
-10837
-9583
-13014
-6282
-866
2078
5483
6904
9555
10853
10423
11810
13007
13011
14229
14681
16102
16640
16991
18873
16736
11141
14511
14407
12298
7840
5068
10175
4556
6616
6544
5248
2755
-60
-270
-2248
-3304
-3992
-281
-906
-6923
-7594
-9410
-11495
-10974
-13162
-14077
-16628
-17947
-14053
-15637
-15761
-16740
-16218
-12209
-10464
-12062
-14765
-10808
-3661
-7098
-10902
-1099
1572
-1161
3168
10170
12888
9732
7449
10782
14877
13974
17504
16473
14849
12873
12987
12215
13812
10046
11201
12189
7986
6078
3722
7461
1511
997
973
-1839
2463
344
444
234
-954
-2234
-7856
-7242
-9374
-9047
-10857
-9766
-8641
-9884
-9869
-10324
-14214
-13114
-9831
-9552
-6990
-8683
-5803
-3347
-4296
-6738
-6708
-11758
-5150
-5908
-4159
3483
3073
11231
7540
6208
13479
14937
12019
12341
11340
9980
13960
7969
9984
12063
11720
11301
10228
6852
4193
4423
3378
2032
231
4120
2268
404
2203
293
-1221
-859
-845
-5738
-6818
-7024
-10029
-11949
-10277
-8666
-8198
-9011
-8967
-6384
-6967
-9117
-13909
-9206
-4266
-6189
-8395
-6678
-8021
-7310
-5884
-7321
-6696
-3207
713
-7589
-2228
9424
4015
6736
6084
7190
10671
8632
7480
7408
5100
6354
6357
4444
8091
9271
8442
7185
9546
9106
3563
3196
8594
46
-1897
713
-3470
-297
-3263
-3888
-4166
-4117
-2631
-5260
-8915
-11705
-9824
-11537
-7777
-6452
-10365
-1368
725
1001
-1843
-2651
-3352
-7822
-3885
-6061
-6319
-8879
-3831
-2353
-1453
-665
-2380
-1880
2884
-5475
1284
8715
3166
5762
2331
5294
10212
4783
6261
10330
7099
6270
10468
10477
6838
9053
8846
7011
8541
8777
5859
3664
1802
-3989
-4017
-3649
-1255
-2624
-6542
-4224
-3291
-7815
-8569
-1847
495
-1312
-2715
-1021
-3249
-6260
-721
2396
-3405
12
1652
-63
228
35
-1381
-1015
-2057
-3234
-3090
-6267
-4682
-1570
100
-1723
-5829
-7358
2854
5131
3622
8351
6768
8357
8742
12212
5173
6054
8115
4797
3091
6870
9634
4910
6574
5186
204
440
2480
2770
-4684
-8058
-3513
-7654
-5359
-3438
-2009
-771
-3789
4983
-1350
-6179
-2112
-2142
-3323
417
2993
-459
-206
1841
2948
474
520
-540
-480
-5437
-7120
-3008
-5784
-4584
-6806
-9153
-10550
-7760
-5925
-3971
-4470
-10147
-1061
-1813
-115
1643
686
4728
4363
7587
4015
5624
6307
3908
3014
813
-1018
-2335
-726
-2566
-4421
-1688
-4350
-6144
-7071
-4589
-3164
1222
4194
-2463
-3100
3014
1679
1625
2204
2497
4170
1573
390
2754
4443
5088
2704
-1864
-942
-45
169
1642
842
-3115
-2949
-4271
-8087
-6468
-2744
-5589
-8271
-4845
913
-4907
-8926
-1363
-3071
-688
3461
-405
3417
4287
3237
4058
2814
3413
1910
558
-3461
-2420
-3811
-3249
1308
444
814
1732
3781
7051
3102
2988
7881
8766
9069
7676
8520
8286
9738
8144
7787
11220
10149
6460
3591
4672
950
354
970
-39
-3080
-1063
-347
-6400
-6638
-4346
-8467
-9146
-5311
-7821
-8552
-10512
-13400
-8169
-8068
-18353
-9218
-2218
-5276
-4907
-3803
-2139
-2438
-3387
-6692
-1881
-4464
1556
4808
2456
4965
5162
3296
10761
11339
10490
11798
9274
11305
7398
5687
9615
11089
10853
7034
4810
8208
7327
6524
6813
7573
9089
4472
587
-3107
1283
-1359
-4976
-905
-2171
-6290
-8374
-7861
-9713
-10479
-11274
-10289
-10870
-15406
-12614
-10337
-15913
-12264
-6990
-12169
-14599
-4747
-6161
-6166
-4464
-8696
-723
2470
2553
4932
4996
3153
3934
10887
10465
9666
14581
14604
10588
9190
9862
10593
11320
15784
12260
12325
12971
8337
12171
11545
7407
5282
3370
8634
-379
-4595
-1342
1073
-324
-5480
-5510
-5582
-5315
-4769
-6426
-6111
-9565
-11279
-7982
-6382
-10884
-13339
-16305
-17627
-17342
-13742
-16010
-14160
-5756
-15480
-15859
-8229
-4813
-2275
-67
-685
-464
-1232
6488
10573
11642
11983
11758
12631
13513
15062
10612
12580
12438
13544
12948
9921
11674
11245
5808
3582
6800
5950
3841
-2207
196
2412
-817
-1768
-1577
-186
-1880
-3685
-3114
-2398
-3619
-4083
-3834
-5189
-4602
-7321
-8063
-9891
-13062
-9026
-11009
-12624
-15504
-18738
-19792
-17397
-16197
-14217
-8785
-13011
-12341
-3987
-3749
998
5280
6631
8981
9508
12730
11253
11639
13807
12901
12446
15690
14007
13153
13836
11033
9670
10572
10968
7388
8184
-2414
-4095
6517
4434
2265
-156
-91
1951
990
1104
-1623
-1255
288
-3541
-5510
-5184
-7173
-8055
-9628
-10206
-12409
-14206
-13009
-13042
-13746
-17635
-12340
-12555
-14193
-13144
-12758
-9497
-11075
-3866
-1028
-7000
-6245
441
541
3392
4191
7195
11908
10988
13422
10062
10328
13800
13721
13743
12981
13513
12243
13008
11490
3428
2982
7229
8708
12212
10018
2276
5691
6567
4785
6420
3211
-295
-2338
-1629
-4995
-5761
-5343
-6714
-5716
-7464
-6782
-10590
-14310
-15117
-15879
-15998
-13835
-14824
-14706
-13915
-11861
-6589
-9442
-8604
-7889
-11075
-8763
-6670
-3129
-5061
-7391
1816
2170
3126
4592
8122
8567
9887
8454
7902
14126
14055
11750
9204
8955
9506
7580
11183
9241
8033
12147
10122
7514
7998
7316
1785
2533
2827
-1216
-920
-1700
-1214
-5259
-6213
-2952
-7255
-6801
-6878
-9684
-8122
-8284
-7842
-10835
-9599
-6534
-6640
-4949
-4316
-2620
-2574
-4340
-79
1238
-5085
-3159
-4118
-365
-2211
-495
7413
-1724
6681
11699
8695
11143
12157
12237
14002
10625
8844
10848
7234
6407
6423
7558
8952
10124
10595
10726
9178
6449
3184
6158
4148
2362
-4297
-3447
-539
-6111
-4955
-6647
-7426
-7416
-8197
-9093
-7113
-7985
-9676
-7993
-5919
-3103
-5424
-5167
91
-981
-4123
-3511
-1445
-2075
-762
715
-2481
-2705
-4787
-2473
-2899
-4687
-93
-816
-4367
-9454
1519
5618
-220
1093
3843
6310
5433
4807
6609
8443
5817
7588
9373
5982
4112
3203
712
1671
251
1519
55
30
746
-2376
-7736
-9507
-8727
-9661
-7451
-9271
-10024
-10009
-5214
-2984
-3640
-1035
2447
4691
2137
4624
5644
4418
1361
2861
2597
877
135
-250
348
2872
602
-2929
-2662
-1733
1171
-1942
-2105
-3491
-2511
-7229
-1425
3931
1515
5057
3344
4757
6375
4402
3056
5608
4209
5361
5137
2180
-532
-1765
-1856
-1535
-4879
-3046
-483
-3083
-461
-2945
-9301
-9091
-4686
-2042
732
-1856
-1130
3216
4595
3058
4033
6184
1570
1688
4439
1431
1587
4407
3088
3735
-272
-1259
-2889
-1567
-2225
-5536
-4714
-4653
-1745
-11522
-11282
-8614
-8369
-4994
-8620
-6477
-266
-2651
-3517
-2202
-5436
-200
2162
3049
4513
2222
47
-1193
-826
237
-526
-3174
-1005
-880
-1093
-1810
-150
679
7933
4777
-3979
4110
6099
5221
6182
6514
7861
7391
5618
1944
1057
2357
2891
3192
2330
3654
4489
2777
1706
-1583
-5156
-6642
-7004
-10174
-12541
-8923
-9208
-8950
-11751
-9630
-11797
-9907
-7390
-6473
-11286
-13055
-4061
-4197
-4022
-2302
1415
1176
2653
4392
-1453
160
5317
3318
1710
1564
415
2324
5994
10910
11321
8847
10382
13400
13821
7057
5662
13497
9704
8271
8617
7629
8609
8955
5433
5120
7752
6191
4894
4235
4359
1268
280
-1062
-2691
-4527
-4179
-5255
-3239
-5436
-10394
-7588
-8501
-8123
-5317
-8442
-8793
-8063
-6902
-5252
-11063
-7478
-1559
-2025
-2542
-3582
729
1243
3909
1691
2281
6927
3894
5914
11292
7078
3823
14395
12991
11037
8312
11862
9632
4840
10606
4778
8567
6507
5700
6034
4607
3677
3163
4986
5797
4581
1930
1117
583
-2231
-6501
-4975
-4764
-4853
-8564
-8127
-8359
-10741
-10129
-10245
-11410
-11613
-12403
-14274
-16307
-17745
-16060
-13784
-14394
-14876
-15932
-13251
-8542
-11571
-8443
-5027
-1934
-1368
-2211
3329
4611
3119
9477
10864
8521
13319
10191
5823
10707
10045
10994
12529
13297
13316
14039
7681
7635
13515
6437
7912
7860
6436
6457
3823
4314
-1223
-1166
1374
2017
1491
-397
-1881
-9120
-10676
-7083
-5974
-6219
-8103
-8995
-8657
-10055
-12206
-16050
-14139
-14742
-17566
-16289
-19748
-15013
-18515
-16673
-7824
-10108
-5664
-2324
-1258
3372
10121
9439
9795
7769
7540
12465
14688
17047
13395
13333
14013
12123
11541
12433
11406
9436
11307
6074
4085
9182
9586
8530
8681
813
-4474
-2017
1696
1544
72
1567
-1808
-534
-1590
-6176
-4789
-6298
-7233
-6333
-9157
-11143
-11654
-9805
-12846
-12849
-14781
-16015
-14267
-14192
-13068
-13345
-11451
-8977
-5849
-7239
873
5957
5557
4228
7663
11839
13776
16661
14197
14974
13820
13315
12691
16249
16722
15004
15386
15324
13213
8794
12655
12474
14313
9299
-1253
5207
4905
4415
3263
681
3484
1003
-758
-2160
-6222
-7878
-5570
-7869
-8378
-8974
-12868
-10514
-8961
-11258
-14837
-15392
-15341
-12626
-12953
-13463
-11857
-14528
-10046
-7454
-6405
-2522
1720
-2255
-3637
2718
8010
6724
5865
7442
7124
13391
11330
10605
9816
13028
14245
13979
14058
14350
11954
9954
13605
10238
10031
2644
2205
3916
2214
-4537
-4368
-434
-2209
-1321
-2520
-2690
-4859
-2783
-2354
-4833
-7088
-6290
-5587
-8485
-8664
-10350
-10381
-11077
-11401
-9607
-9968
-9988
-10130
-8240
-5891
-7852
-7064
-5573
-5488
-1852
-1663
-2943
-1324
-1366
-4857
138
7948
4584
4030
6074
9208
11064
13583
10884
9722
9716
10653
12093
9342
11505
5853
5054
5926
1911
1108
817
310
166
-1655
-8549
-4242
-3644
-3184
-3154
-6858
-6011
-8067
-7992
-7356
-8395
-7704
-7870
-8772
-6122
-6733
-7316
-6768
-8610
-4036
726
-6006
-10399
-2186
-2453
-3861
-2284
-2717
-3401
-2639
-1266
-4700
-4747
2195
-1108
651
4134
4571
7963
6814
9705
10554
7209
7530
7594
3801
3660
4040
3341
5219
6494
6654
8368
6740
6495
5004
5107
3648
3977
1766
-4184
2408
-186
293
-354
-2268
-2292
-5750
-5432
-3341
-4069
-5563
-1637
-1163
3425
821
-4793
-613
1492
903
96
-857
-1840
-2633
-1109
108
-2072
53
-2036
-3394
-2353
-5720
-5402
-5527
-7117
-6673
-1924
-2763
-2015
-414
-921
-2166
477
1616
1196
3462
4780
2793
3577
3778
2805
5237
5804
5258
3551
2287
2486
-674
483
-3250
-8744
-2748
-4115
-4153
-4534
-2158
1047
-1728
3487
2985
745
1428
7072
8370
2698
2421
3483
3624
195
1712
515
-2410
-3679
-4493
-4212
-4073
-3711
-3656
-2475
-2889
-2749
-4952
-1433
-2774
-5709
-4218
-4345
-567
-45
2220
2655
3431
7022
5082
6515
4468
4519
6144
1667
6341
8560
7120
4679
5563
4412
1798
3517
1116
215
-6761
-3069
-398
-1323
892
-2013
-798
-1592
1571
1072
-2147
-863
908
-828
-1047
2
-1860
-2381
-1427
-1776
-1853
-2397
-4811
-3883
-5135
-4726
-6238
-7247
-5557
-5606
-6343
-10534
-7238
-3472
-8241
-10421
-2212
-2751
-4361
544
4056
3846
3783
5732
6768
6329
6518
6898
5299
5592
3612
1914
3195
1965
3335
3728
5430
7330
3114
8126
4583
118
7708
7944
5702
3237
3682
5506
3593
5622
5260
2571
1954
1819
3751
5674
6086
2700
1006
1511
-753
-3717
-2618
-2538
-1495
-5791
-10747
-12601
-8965
-7714
-9890
-9492
-9532
-4985
-11426
-5837
-2979
-4300
-1942
831
4053
-1845
2754
4146
3794
3892
3559
2459
1822
4719
3529
7270
3818
1347
9144
4913
5860
8735
8243
4207
-302
6859
7867
6355
7066
5924
5269
5397
4347
4087
4351
3176
2634
2563
762
-1936
-3922
-2788
-3434
-6881
-9760
-12239
-10407
-11390
-13452
-12960
-14935
-13194
-10770
-12217
-14781
-15401
-13928
-7789
-14985
-13753
-5546
-5660
-5264
-3348
1305
-467
-2351
-2162
557
2252
1953
1329
6718
4452
6739
12843
11456
12770
13156
11260
9995
9449
9493
6927
3501
10451
9815
9705
4137
2839
4110
3784
4490
672
2285
2428
889
-1142
-1137
-5060
-6906
-5461
-5592
-7117
-8039
-6541
-8879
-10281
-10728
-11567
-13137
-10794
-11447
-11348
-12142
-11306
-10126
-7475
-10485
-11239
-1233
-4007
-777
3459
-233
1634
7428
7890
7548
8996
7077
10079
12860
14734
16382
17886
16725
15016
12452
13933
14485
12861
15295
7927
10594
12213
9497
8782
6300
8851
4595
4277
1682
-653
-8129
-7998
-5827
-9569
-4825
-6926
-6990
-9890
-9172
-9878
-8936
-8283
-10386
-10717
-10190
-12165
-13209
-12688
-10436
-9926
-12833
-5961
-8292
-6236
-12294
-11338
-3070
988
2623
585
8272
11320
11560
8589
13203
14077
14559
13006
11155
11914
10020
11463
10755
12246
9874
12657
12486
10349
8715
2824
5453
5200
4142
2271
-842
-2812
-7086
-2952
-4467
-4537
-4991
-3510
-1075
-5767
-5615
-6055
-9053
-7074
-6370
-7265
-6527
-8067
-7073
-8525
-8544
-9837
-7699
-11072
-9877
-6828
-10208
-6954
-1216
-1312
-7020
6558
6550
8014
8929
10960
14146
12163
16154
13845
15807
13837
11254
10188
11672
11940
11432
11304
9341
7874
5591
7222
6697
4504
-1760
404
-925
-3124
-1732
-4700
-5171
-6203
-3978
-4043
-6214
-5348
-5215
-5724
-6798
-6630
-7651
-7631
-7078
-7223
-8436
-12901
-12630
-14848
-17118
-11285
-11531
-15205
-10752
-8437
-11899
-8958
-3642
-3851
-6248
-4751
-1366
1792
2115
2887
7131
5692
4297
6155
8255
7663
8111
8155
7683
7924
6555
8739
7719
5129
5391
2762
-135
2219
3339
1287
-2425
-677
-874
-3778
-1922
-1613
-754
-933
897
-832
-2970
-3377
-3252
-4479
-5176
-5258
-3036
-7082
-8186
-7684
-6658
-4475
-9950
-5500
-5497
-9620
-7727
-3036
-3844
-5175
-4006
-1910
259
-2730
-4868
-3118
2670
4368
4625
8945
10237
9591
10286
9193
8867
11576
13615
12024
11286
7785
3499
4840
2482
2795
5395
3417
4115
4129
3516
-4276
-3436
1641
1845
3005
-245
2776
1190
965
-757
-1243
-1036
-6861
-4842
-5243
-7619
-3847
-4367
-6145
-2477
-9583
-6806
2088
-3168
-5048
-2641
-2386
-3748
-2060
-2732
-2132
-2647
-229
835
-940
-814
2062
7242
6732
7228
8754
11393
8270
11097
7937
10825
11085
5383
7534
3594
6882
8701
6269
8422
8551
3770
9276
6479
6031
3864
-1386
4762
2500
774
-954
-6055
-8688
-119
-3419
-9328
-10028
-6954
-5233
-4392
-2573
-8789
-477
-787
-1863
-1126
-2057
-4
-1240
-1515
-4726
-3034
-3363
-3594
-3598
-4183
-3077
-1873
-2606
867
-1883
-4223
3475
3056
-2092
3380
7227
1628
4497
5969
7700
3708
3957
8168
5642
6483
6765
5923
4685
3987
3106
4677
2860
6311
370
-9683
-4255
-2565
-21
-2557
-4271
-2612
-1239
1306
1570
-4501
1751
4530
1994
4419
-592
2750
2991
883
536
-386
-2605
398
57
-1553
-1902
-5032
-7758
-10758
-8120
-8104
-5463
-8614
-9038
-4979
-11275
-8345
-6257
-6976
112
1221
-924
679
179
4796
3091
3167
3303
4867
4730
2693
5664
5648
1031
2162
2230
1401
3337
2331
-2765
-1023
81
-2608
843
1003
178
5303
7879
4130
3593
5756
5663
4064
2447
2159
2334
-2298
-3741
-3280
-1607
-2373
-3650
-3278
-3793
-4398
-11084
-11154
-10893
-9652
-11726
-16319
-14385
-9389
-8948
-15091
-8215
-7849
-6490
-4450
-1071
-321
456
3346
5590
3761
7679
7139
778
7062
3488
2353
1883
291
6486
4029
2578
2804
6055
6006
2132
7997
10883
10677
8126
9366
7727
6912
8863
8249
7927
4097
3428
3539
270
2607
1408
2219
-1899
-1716
-2472
-6697
-4141
-5549
-9662
-12357
-14423
-12326
-12083
-12819
-12174
-12578
-9314
-4530
-8433
-11303
-2158
-117
-2481
2116
3090
-2976
2024
7114
5193
6323
3760
4215
6626
3667
7351
8380
5992
9850
9431
-1578
6575
12971
5142
8656
6749
6668
6872
5395
5429
3683
4455
5028
2382
1758
897
-514
-2698
-2696
-5239
-6428
-4322
-7373
-6375
-7218
-12413
-13434
-12983
-11874
-13402
-13857
-10539
-13771
-12812
-11547
-9450
-9652
-5305
-7753
-12361
-88
-4152
-2701
-1487
3341
3504
2313
1972
-479
2349
4131
5987
8678
12938
5861
10625
14903
15191
13595
10738
15016
12500
9086
10844
7028
5436
4354
3188
6161
2479
1270
-270
1142
-1655
-3470
-3474
-2855
-335
-3500
-8442
-11995
-6198
-3168
-6269
-10483
-4361
-8637
-7186
-8087
-6210
-6794
-9075
-6654
-10092
-9680
-8818
-6501
-8168
-11806
-9023
70
-1323
-1831
-992
4724
5332
2353
8568
7234
6007
10767
17407
11837
12374
14973
14623
12431
12191
10753
9472
10797
6825
8282
8334
5766
7285
7437
4959
6115
4981
4162
5223
3375
1239
-3282
-1308
47
-158
1199
-105
-651
-742
-1232
-2146
-1829
-5363
-10476
-10867
-5163
-7026
-8796
-9649
-12299
-11875
-10029
-12972
-8961
-11722
-15720
-4369
-3990
-2871
-1964
-834
5460
7998
7559
5701
8810
8256
8713
9870
8501
6644
8401
8288
8151
7592
5454
5975
2027
4002
4624
6365
7784
3853
2691
3408
723
-3267
-1320
1228
391
-1154
-1672
-1784
-279
-2369
-3183
-7830
-8021
-2785
-2174
-7832
-9827
-10287
-11017
-14079
-9810
-11078
-17000
-15569
-16034
-15634
-11987
-10095
-7522
-12102
-13456
3596
3255
-2854
1082
6078
5202
11195
11077
6594
7779
9779
8751
9421
13520
10784
9119
12442
9246
9667
12046
6051
6602
9609
6053
-353
-510
3761
4814
4054
706
608
1533
2876
-4378
-525
1782
-4881
-915
-1515
-3888
-8769
-4680
-9177
-12541
-12930
-14424
-12447
-15421
-12989
-10570
-13363
-13045
-11381
-17039
-7346
-2152
-1820
-3463
-5232
2072
471
3313
2683
6485
7846
7125
7876
8496
8178
5472
10720
9755
8020
7987
5913
8665
7591
9251
7028
2545
1649
4456
5240
6541
5704
4899
1670
-3644
-1057
1449
-126
-997
-2552
-3898
-6572
-2973
-5384
-6674
-6622
-9251
-11571
-10680
-6716
-7263
-7378
-8777
-5490
-6508
-10993
-4952
-5229
-4175
-3346
-2598
-579
-1406
3222
442
580
7751
4329
6875
4634
7859
14270
11201
12144
10914
11061
11419
12060
9831
8989
9282
4882
6774
10330
4024
5098
6121
1269
2676
2158
2242
3319
1849
-528
1068
641
-868
-1970
-1883
-2713
-4908
-5074
-8216
-7992
-7125
-9229
-6881
-5900
-5085
-12013
-6175
-1553
-7385
-6434
-6836
-6639
-7420
-9978
-9568
-7082
-7988
-7586
-5857
-5840
-6212
1553
889
-2618
5502
5579
3536
6809
5472
4397
5351
2930
4860
3001
3978
7201
5759
3413
1854
4090
3972
3910
649
1473
575
3102
2178
-2901
-1767
-5812
-5676
-2618
-2262
-5449
-6774
-4518
-6369
-6472
-2624
767
-2671
-483
-564
-1950
936
984
332
-1385
-2932
-1318
-3033
-5080
-6508
-4837
-4894
-4517
-3457
-6310
-257
-5602
-3827
6448
863
4298
4352
3946
7173
9054
8640
7759
9170
8291
10669
9018
9082
9551
11153
7469
5130
10192
9010
5867
4574
3973
239
3690
1720
-2024
-2392
-2297
-1186
-3991
1184
3651
-1938
1103
5224
2775
1946
15
-769
1059
1297
475
-2406
-2953
-4544
-3498
-5125
-6018
-7362
-9500
-7386
-6142
-7297
-3581
-3836
-5675
-7472
-10253
1125
-479
-673
1623
6645
6532
4917
4629
3728
6800
7868
8754
5946
6599
7073
6806
6143
3405
3932
-1241
-811
-1057
-1383
-2086
-4758
1011
-2177
1204
3314
-2923
-1238
4693
3218
1928
1368
-588
-1360
-2833
-1386
-2693
-4630
-4300
-4408
-6959
-4648
-4102
-7932
-8546
-8135
-4061
-6791
-9695
-7771
-9863
-12350
-2733
-6443
-982
-7835
-7902
3068
204
6465
626
6252
7698
8819
7150
4041
6228
3991
5560
4971
6340
4029
2044
2871
340
2385
4609
4286
3311
9072
4098
-1026
7883
4306
3891
4232
3900
5336
3756
2210
-540
-186
-372
-262
-477
-1303
-1182
-1274
-113
-973
-690
-4943
-3788
-2224
-3026
-4365
-6899
-6649
-8828
-5283
-6350
-4421
216
-3733
-11934
-7785
4392
1551
5266
7483
4681
7769
6556
5249
1485
728
1542
5421
4884
1715
-398
2002
5304
5987
6905
3104
-571
2110
3739
3389
4940
5291
3425
649
1890
4098
1397
467
554
474
-1998
3048
4423
914
894
1450
3184
-2678
-2421
-5512
-4508
-5009
-6780
-8935
-9315
-3291
-8768
-9196
-7999
-7346
-6155
-9856
-5147
-7220
-9268
378
-2819
-5570
14
867
-1665
-1145
-2115
-1576
232
985
-14
114
8362
7456
1778
8408
12868
5697
11057
9547
6542
4077
3223
7300
4710
7674
5028
6627
3109
1981
5294
3188
3199
1362
1575
-1417
1833
-1212
-3026
-2352
-2601
-6177
-6836
-1622
-7008
-8400
-5250
-5501
-7416
-9828
-12592
-12899
-13018
-12285
-11022
-9091
-14526
-15778
-7935
-8501
-4961
-719
-3249
-3378
-1778
3371
5909
10027
5210
3753
11116
6931
12205
11475
9532
8368
9438
8860
7317
12210
7645
5889
8147
10843
4770
4797
6886
7456
6515
5388
6611
2190
2998
-1834
-1705
-1429
-615
-2233
-5555
-3078
-4878
-4339
-7688
-8099
-9473
-11524
-8855
-9191
-10323
-14594
-17280
-19344
-15677
-13684
-12389
-13302
-16166
-10823
-5847
-4610
-4830
6445
6823
2079
13400
7984
7432
12370
14418
10424
12144
13126
7668
10745
10639
9598
7881
13249
11186
9333
7602
10449
9519
7947
3851
5811
7599
-1348
-745
-1955
-1676
-3106
-1500
-2127
-5193
-5984
-5459
-2130
-9260
-10364
-10915
-7501
-7630
-10064
-13898
-14640
-14438
-16479
-17040
-16924
-19607
-17720
-16084
-13587
-11317
-8440
-3618
-5260
-3726
3264
5045
4947
5113
4697
7078
10632
9290
11807
11544
10755
9495
14623
13882
11179
13182
10923
12208
11898
11268
12980
10066
4274
583
4171
4266
4726
4755
2249
1269
529
673
1420
-1732
-1932
-4036
-3314
-3450
-8695
-9767
-8669
-6785
-8717
-8685
-11254
-15735
-14914
-11928
-10849
-14908
-11734
-14508
-16463
-4617
4827
-8618
-9228
2612
3142
7315
4338
2433
6574
8422
9337
10290
8492
9400
12299
13604
14962
12593
11811
10059
9551
9277
9444
4626
3462
4260
2159
6663
7232
7893
2657
781
3624
3619
2883
908
-1677
-2793
547
-1283
-6966
-7936
-9281
-11424
-7806
-9063
-15685
-17262
-13254
-10441
-12643
-8992
-9393
-10403
-10092
-6057
-6793
-7840
-4705
-1742
-2759
-7373
3472
4434
1265
3027
4855
7409
10849
11585
8705
9976
10918
14756
16095
13647
14552
11557
7388
9961
8778
10713
7260
7604
9501
8519
8365
4972
4366
2787
4313
3991
320
-2028
-5093
-5225
-5015
-3602
-4427
-5968
-7358
-6739
-7411
-6692
-9170
-8404
-3003
-8880
-6728
-2646
-5073
-11329
-10922
-7506
-8788
-10185
-8841
-9686
-4327
-1487
-4589
446
1599
4902
6263
11604
11270
9464
10861
12665
12998
11933
9076
10430
15417
12234
9313
12157
12968
12379
10750
10698
9018
5151
2867
3238
1457
1466
1801
730
-934
-3644
-4831
-5810
-4219
-7239
-11099
-10497
-10558
-11294
-9706
-7493
-12062
-10532
-10676
-10074
-7683
-11518
-8301
-7593
-9614
-9333
-9156
-6956
-9291
-10767
-5252
96
-5066
-4252
1168
3113
2293
5832
9289
6751
8220
2691
7327
9555
10239
8256
5958
10314
9329
7875
6584
6127
5356
6292
5132
3495
103
-1535
-1519
-1017
-5122
-8082
-7063
-6588
-7472
-9179
-7950
-11191
-6230
-4527
-10676
-8684
-6058
-5223
-6294
-6204
-5476
-5876
-5436
-4720
-6196
-6813
-7815
-4904
-3098
-4578
-4491
-946
-3450
-3083
118
-2925
-1538
6739
6470
-842
-1212
5144
9247
6854
6246
6910
10031
10916
9166
7818
7682
10377
8351
8211
4844
1060
2772
1789
-1509
-5160
-3075
-2760
-2603
-5615
-7467
-5508
-4983
-2061
-2539
-8683
-1357
5427
1294
1980
113
-162
1437
3206
1968
1456
1224
1794
4392
1386
1516
-159
2600
-666
-5453
-2492
-3420
-2746
-290
1010
-7637
5
3417
4225
3800
3727
10207
7644
8472
4370
7289
6864
8368
7622
5742
6007
4212
6191
3841
2024
-397
-545
-364
-2343
-381
-1220
-3131
-3069
291
-5968
378
4243
-305
638
-143
4341
5919
3391
1402
-433
1788
4700
2000
-2980
-4439
-1750
1540
2631
-1620
-4190
-5488
-3456
-3432
-5431
-9288
-12533
-8274
-6990
-5676
-12563
-5716
-2170
-2544
-2288
-3445
818
-1390
-709
-534
141
-1499
-441
662
468
620
-1406
25
679
1111
-2757
-1487
-4858
4630
4510
-4427
2594
7147
5090
3807
5340
3312
1827
284
2084
3216
2052
2632
2759
2126
2114
766
1555
-1512
-2160
-2263
-4521
-4670
-7329
-7483
-14162
-12334
-11938
-11697
-13261
-13287
-12237
-7571
-11958
-15382
-4407
-8537
-4012
-3845
-801
-546
-1802
-1056
-2064
1603
496
1657
-2994
-1758
1416
-674
-828
1769
3731
1113
1392
4640
2716
3141
4363
5017
5471
5796
6462
5357
4763
5870
6353
5158
5070
4354
4851
2230
2202
993
3
138
-175
-685
-9308
-6782
-3625
-6058
-9048
-9944
-7569
-6939
-7448
-8641
-8643
-7628
-3962
-10575
-6342
186
-2830
-71
171
1323
2565
2033
4205
2725
1750
4842
1267
2016
6829
7033
5870
10936
15311
11926
10559
11619
11635
12362
12901
12433
10900
10055
10098
11090
9267
8800
9357
7917
6976
5627
4578
4203
3064
2074
1343
-4988
-3274
-984
-4618
-5197
-4516
-5319
-5581
-7357
-8684
-10497
-7060
-8950
-10507
-8314
-7384
-6509
-11276
-3307
-4745
-6448
-5025
-4802
-3526
-1712
-507
-1669
3045
2767
762
2692
9635
8639
5752
7697
9188
9144
9182
9232
6944
6830
7391
6096
6345
5460
4714
3980
4033
4020
3942
3555
2751
575
896
-3171
-8577
-2880
-3192
-5481
-5925
-5680
-7413
-9103
-9113
-10513
-11896
-11731
-13130
-17065
-16894
-12557
-13602
-16191
-16779
-9737
-10743
-19039
-11899
-11432
-6288
-4168
-2040
4351
2673
2703
6511
11889
10709
6440
7589
13466
13300
15401
14119
14835
12406
11168
13703
10941
14571
13839
12648
11738
12505
11019
11400
9796
8700
7854
3005
3331
4031
3988
2691
1476
790
-1255
-5098
-6307
-3384
-5160
-6354
-7399
-7761
-8680
-10083
-11322
-13460
-14553
-13705
-16586
-15223
-14351
-10486
-10053
-14722
-3400
84
-4242
1700
8787
6087
5971
8519
12128
14341
14911
16797
14731
13001
13412
13443
14908
15325
17088
15897
14849
12525
11038
9521
10293
11791
9366
4118
2650
2058
-1855
760
2360
-1580
-1086
-2017
-4566
-4071
-4985
-5778
-6887
-7857
-10436
-11319
-14444
-16633
-18277
-20316
-22419
-23329
-21345
-19456
-19001
-18884
-18680
-17185
-10601
-14154
-12945
-2003
-769
152
3356
5840
8770
8635
11181
11402
12540
14205
12170
13162
11903
13474
13527
14372
14755
11312
7836
8570
9802
5398
2555
3738
2851
1297
-146
-736
-1507
-855
-3004
-4379
-4905
-8589
-7772
-8485
-9895
-10522
-11470
-13736
-14997
-16242
-16702
-16968
-17991
-18964
-17256
-16173
-17126
-13057
-10251
-13150
-12649
-5431
-5105
-1077
-4715
-809
8025
5283
9151
7636
9176
12758
15278
16139
15314
13642
12960
15226
15573
13341
12699
14794
12214
10156
5967
6497
4397
3775
4380
1235
2200
759
-1086
-4344
-4250
-4027
-4925
-5629
-7437
-8104
-9024
-12163
-13215
-13698
-13494
-15130
-15711
-16025
-16180
-12505
-15005
-13797
-11022
-9981
-13107
-12025
-5370
-6376
-4369
-5548
-6619
-472
891
-4096
-1790
3833
6589
12020
11605
12139
13758
14333
15067
13900
13727
13478
10786
9785
5823
3469
6808
7225
5016
3423
1719
-1244
91
1059
1196
47
67
-2581
-2614
677
-2311
-4118
-3384
-4604
-6890
-6259
-6338
-6998
-9529
-5189
-5190
-9119
-3403
-548
-5088
-1674
2680
2563
-1048
-6949
-2210
-2702
1290
2209
-718
415
1731
-187
1037
7616
4884
8526
8664
10514
10432
9995
11458
10664
9844
4795
8040
9882
7818
6859
6504
7159
5477
4915
4879
4064
1749
3035
221
-2045
-2260
-3274
-578
-4243
-4318
-6096
-9900
-8933
-7319
-8739
-5032
-4675
-9338
-2107
-2266
-3689
1330
3001
1665
1134
3796
2974
1773
2493
-1980
-1041
-2202
-749
994
-1025
535
3757
-4421
-4039
3306
3112
5696
6909
9016
3930
3926
5237
8132
7974
7199
10060
7602
8780
5631
7763
9481
7501
7126
4334
2724
87
-1314
-161
1924
508
-727
-3604
-3548
-2938
-2527
-3444
-5205
142
734
-2051
147
4375
3134
1483
2031
3865
1665
559
3893
837
-1299
-713
-591
-3696
-5056
-6602
-4220
-4061
-5187
-1723
-3941
-4404
-4728
2076
-684
-902
2273
1240
5590
3539
4993
3852
5448
5665
4912
5266
4479
4745
759
1210
89
-362
1486
-2762
-2526
-3712
-3844
-1368
-4471
-3460
-3540
-2069
3249
1025
-2479
369
3845
874
2456
3737
1384
1382
1859
2580
1714
1169
-643
-3702
-2302
2455
-1000
-4708
-5406
-9254
-10380
-9225
-7864
-6248
-9850
-8527
-10715
-10861
-4942
-3902
-2976
-2140
527
607
3308
-2611
-2137
2781
421
-421
837
1203
-459
639
220
-1853
-3113
-898
-3980
-3786
-3152
-1922
4819
-1338
-2902
3210
4117
2991
3375
3472
3107
2112
1471
2735
2241
1500
154
751
603
-422
-1009
-1597
-1840
-2441
-2685
-5654
-6303
-8341
-10882
-11620
-11616
-11049
-11307
-8558
-8841
-10508
-9094
-4564
-3201
-2907
378
2221
1716
251
625
4283
1922
3537
2757
921
3561
2237
2460
3296
4243
3480
8847
3590
3939
8613
7033
9381
9360
10604
12416
9804
7657
8596
7820
7488
6832
6288
4373
4164
5960
6263
5293
2910
872
1997
2351
869
-5139
-13720
-9035
-6618
-9646
-9071
-12201
-12446
-12299
-12273
-11038
-8708
-15323
-15095
-6827
-7628
-5442
-4394
-4399
-4425
-2924
-1544
-1360
-4004
-2223
-593
761
1769
1418
3987
2720
6766
11338
13399
5163
7183
11936
8630
11877
12638
13342
9577
9153
11298
11164
9910
6223
6017
5354
-11
2585
5009
801
-336
388
-2906
-5320
-6169
-7052
-6960
-9921
-8040
-9511
-12748
-13188
-13176
-14465
-12845
-13442
-14075
-11983
-16443
-8204
-4845
-5339
-3892
-2792
-1249
1360
2237
3874
6212
2757
11316
13640
11086
15764
15618
16080
16964
16839
18236
15381
13685
16035
14649
14820
11817
10750
9793
10726
10007
8247
8484
6593
4392
5364
4226
4085
-200
-6181
-6061
-7024
-4681
-7662
-10305
-13671
-11815
-12644
-15340
-13644
-17754
-16147
-19865
-19036
-18152
-16982
-17826
-12624
-13816
-18032
-9592
-7618
-5688
-4416
-2508
-963
4268
2706
3667
11328
13914
13117
13758
14497
13235
14197
12257
13369
10534
12187
12116
9481
13461
10680
8089
6136
5861
8019
5429
2563
62
-47
-2268
-8593
-5831
-6413
-8963
-8072
-6382
-6141
-6686
-11114
-6634
-7444
-8114
-7827
-11784
-10947
-12043
-12115
-10824
-12446
-11489
-11192
-12413
-9635
-7807
-8690
-7742
-4428
370
6743
6121
8944
9675
9692
11470
12311
14802
15834
14627
15045
16966
18198
18677
17237
17204
14156
10526
8133
8391
8681
7828
4844
5885
6019
4085
-1412
-4400
-3616
-3202
-4270
-4730
-5744
-8820
-5432
-4270
-4757
-8278
-11528
-10811
-8743
-9808
-11891
-11272
-13782
-14567
-13514
-12725
-11820
-13896
-12266
-14052
-14023
-7203
-1605
-8248
-9902
2792
2778
1758
9813
10755
7112
10099
10744
11046
9478
8906
12718
13606
15510
13322
10485
10884
11502
9771
8505
5141
5249
1957
-861
1777
2677
1285
-3082
-3452
-953
-456
-862
-475
-5568
-4613
-2266
-1691
-2349
-5461
-4777
-5917
-3926
-5466
-9409
-12723
-10041
-9298
-15115
-10728
-10539
-11972
-9819
-12713
-12000
-8034
-4771
-171
-7303
-3775
5021
2465
4655
6911
5756
9803
11798
10397
10291
12269
14112
12352
12748
12665
10767
11329
11738
11302
9017
4140
1956
3835
3188
3274
6174
3378
-431
-673
-130
-218
-1759
-4273
-5195
-3518
-3296
-3178
-6153
-5890
-6623
-8254
-7856
-8994
-11354
-9581
-8317
-8696
-6472
-10474
-8238
-8740
-6410
-6282
-6996
-4944
-5954
-4223
450
-3493
-3894
4588
-1422
4174
8042
9798
8850
7204
7598
9561
10793
9660
12949
8809
8921
7015
5119
6595
7776
7325
4079
4622
4890
2664
2442
3519
2309
1798
3240
2731
643
475
1413
306
-984
-5360
-6699
-5705
-4582
-6099
-4084
-6905
-5698
-917
-3508
-2985
-4200
-1911
-2632
-2152
-4818
-6901
-5195
-5223
-4012
-5222
-1831
-1136
-4018
2344
3838
3016
7491
10736
8464
6655
7868
8779
8604
2973
1416
2983
4531
5253
5670
4399
2814
1568
4607
3546
-1360
129
1585
1548
-248
-2025
-1255
-3660
-7300
-5284
-6330
-9192
-8722
-8802
-9436
-8819
-6911
-2618
-6958
-9174
-1242
431
-1703
-2177
-2460
-3922
-6211
-5445
-5638
-4103
-6020
-7168
-7398
-7132
-6853
-3449
-4512
-8090
2123
174
280
1967
1797
-345
1749
5236
3692
5298
3035
3913
3619
6678
6773
5610
3569
3277
4719
2142
1573
1677
-825
1728
2344
-1861
-3313
-5055
-6483
-6555
-3586
-4507
-3285
742
3464
-393
2438
7222
2654
3785
5037
4699
2209
2071
2557
978
-223
-1654
-1355
-2324
-6136
-8705
-7986
-3834
-3556
-1921
-5282
-8444
832
1042
185
-510
2753
4484
4223
5890
5808
3698
5334
7690
4532
6339
4175
3683
3146
3983
4049
816
-1460
-1727
-1710
-1534
-706
-1088
-817
-2257
696
5618
2176
-1542
4103
5626
1894
1406
2207
3247
1116
2907
4689
599
851
155
-1090
-1451
-2504
-1684
-4787
-6817
-5829
-8793
-9713
-11582
-10762
-12612
-7970
-11965
-13965
-2531
-5394
-2932
-3125
-1148
258
952
3579
3020
2875
2876
4809
6345
5271
3619
4575
4259
4936
3498
1609
-1467
2574
3867
4870
7996
5491
3554
6361
12124
8921
5606
1820
2319
4627
3230
2267
2392
2293
2088
-820
-2474
-3011
-4621
-4733
-7097
-9174
-8090
-7988
-11377
-10771
-12751
-16389
-16171
-14395
-11603
-8556
-9263
-8343
-371
-6659
-1455
3200
1856
2961
2269
5326
6527
6755
5824
7860
7826
7662
8195
6777
6382
7225
7320
6807
6196
8179
4027
5054
11068
9212
10032
9330
9665
9133
6966
5452
4049
5692
3773
3220
3249
1696
2069
-785
-1816
-2061
-3696
-5287
-6118
-5215
-7082
-12802
-11439
-12272
-13765
-13457
-11115
-7302
-7581
-2723
-5262
-7245
-3982
-1310
1600
877
5278
5855
4422
5662
4532
4598
3450
4057
4402
1772
5046
5927
4744
12110
7342
3655
12154
9533
7940
7904
6785
9290
6638
6091
5326
2742
2978
2623
1389
2485
-332
-3347
-689
-1306
-4004
-5508
-5097
-6645
-6852
-7175
-8190
-7738
-8356
-8305
-7925
-6613
-6782
-6857
-7000
-7139
-8426
-5323
-3212
-10928
-4140
677
510
1858
-1414
869
4303
3251
3060
4974
4083
4839
5525
8605
6480
10717
14391
12678
13110
10635
13652
11131
4571
6061
5831
5577
4203
1701
2519
-350
-1608
290
-1089
-1379
-243
-2820
-2929
-4053
-4467
-7417
-8392
-6830
-7688
-6184
-7384
-7216
-8469
-8103
-9322
-10720
-9921
-10765
-12492
-14807
-11962
-12328
-8811
-11700
-15068
-5471
-5420
-6738
-3079
-2474
-2117
2276
3588
5034
6391
6075
10395
10197
9886
10411
10088
10845
9116
7654
9338
7071
2478
3091
7642
7077
3754
4728
2886
2051
2911
1309
2477
2075
1174
-917
-4173
-3725
-4607
-3581
-3581
-2820
-4339
-8859
-7376
-7706
-8039
-9235
-11331
-11591
-11595
-11718
-12468
-14659
-12173
-11421
-12544
-8551
-15094
-11754
-2976
-7118
-3711
3093
4403
2176
7712
9430
10194
9871
12623
14658
11218
14212
12492
13564
12026
11089
11460
9437
6994
9518
11505
7286
10280
8112
7498
7574
7374
7481
2386
857
1704
872
2890
818
-411
1725
259
738
-891
-1631
-3650
-3343
-4124
-6365
-7379
-9754
-11098
-11391
-11618
-16002
-16452
-15799
-15247
-12618
-13412
-15776
-6336
-5125
-5490
567
3830
7328
7069
8138
6609
6522
9591
9861
10294
9694
9675
11685
9985
10598
7521
10127
7412
4185
7225
2869
3353
3187
2110
1007
2371
1345
1854
-933
46
2
-2554
-2093
-3687
-5639
-6999
-5503
-6701
-7783
-10295
-10974
-11993
-12452
-14206
-16912
-18130
-18547
-16690
-15420
-16648
-13645
-8389
-7651
-5558
-6695
-2866
5734
4053
4956
8148
8659
9955
12076
14267
11089
13110
13744
13355
15829
13488
13771
14656
13552
14431
13331
14240
11744
6831
8030
7600
7429
6142
6455
5658
3433
4775
2227
1269
119
785
7
-2828
-2152
-3909
-4449
-7317
-9904
-11008
-10212
-10341
-11509
-11719
-12418
-14283
-13909
-9677
-8399
-13465
-12339
-7212
-10309
-6242
-2845
-7935
-5346
2415
1847
-1487
3282
4093
5920
9603
10338
11093
12956
12731
9084
12236
15763
13542
11031
11085
9219
2672
4644
3274
1491
4346
1181
2740
1050
343
94
-1376
-3102
-3572
-1466
-2073
-3930
-5430
-5574
-7064
-7939
-11017
-9531
-10123
-10539
-9744
-13057
-8964
-7665
-11054
-7229
-4749
-6768
-7333
-7536
-10023
-8347
-7377
-4055
-4108
-7995
1131
6061
2319
6143
9869
6283
7240
8150
8686
8917
10069
11132
13360
5960
2147
7648
6404
6835
6109
4849
6321
1541
2048
5654
3053
4177
1016
1255
-413
-540
-359
-559
-1373
-4935
-4016
-4308
-5885
-8268
-6215
-7972
-7067
-2635
-8550
-11541
-7496
-5139
-7208
-5222
-4392
-5591
-4593
-3647
-4888
-6401
-5791
-7061
66
-8396
-5743
3843
-754
2808
6069
8600
6613
9419
5562
1439
4834
7165
10013
9895
9526
9698
10644
9597
8454
8597
9067
9244
4335
3448
5489
3463
313
341
632
-1024
-2987
-4423
-6694
-10202
-8509
-6228
-4974
-2453
-3019
-5080
1579
594
-3804
-2713
-4339
-2534
-3588
-5519
-6266
-6998
-6607
-5875
-7128
-6592
-6754
-8002
-1873
-1363
-6529
3379
6215
622
7277
4447
3908
10869
8274
7288
10829
10436
12647
11973
11024
13032
10280
9086
7247
7702
5848
5298
1278
-4714
-3781
-3333
-3027
-5660
-6785
-6779
-7947
-7083
-8314
-6543
-242
-3819
-7512
-3512
-2669
-6381
-2485
-4068
-4643
-4722
-7198
-5668
-5345
-6519
-7620
-5511
-5680
-6914
-5412
-4099
-3691
-2577
-7616
-128
-21
-5992
-840
1351
1873
3314
7788
5025
6963
6670
9840
12340
8643
10959
7197
5054
6380
7416
5509
3705
4408
1715
2288
-595
-4221
-3503
-5268
-3876
-5166
-2553
1897
-7138
-4202
2600
1644
332
-1543
1983
-672
-1678
-2857
-4044
-4399
-4059
-829
-314
-575
-736
-888
-2106
-3082
-6210
-6026
-4924
-6603
-7512
-11238
-8531
-3015
-8708
-3055
2368
305
3698
1796
1646
4065
4239
5759
4632
5108
7691
4841
3546
4861
3923
3643
2763
1315
-669
-166
1182
-3379
-2942
736
1025
-2696
3609
5809
568
4074
3569
4058
4660
5516
4566
3194
3742
4178
2968
3563
5230
4825
3676
1208
-552
321
-385
-2187
-1866
-5705
-7418
-10357
-10162
-7433
-8181
-4598
-611
-10940
-9529
3898
-780
487
859
1244
3549
1959
1198
-1193
-567
-1588
-342
-84
492
-1171
684
1606
473
5192
1138
-186
100
3648
5911
6094
7976
5386
4986
5967
8389
7739
6888
5325
4714
6464
7246
6668
3959
2269
5343
2266
-2494
-2223
-4104
-4995
-7559
-6319
-3730
-5632
-7640
-6678
-8333
-8108
-9921
-11551
-7424
-12368
-12928
-8693
-3932
-6438
-7056
-4036
-3814
-1942
-2920
-2587
-5939
-3812
-3790
-2627
-3533
-979
5013
-256
2721
7460
6719
8013
7827
3921
8335
8389
7194
8101
7980
9183
9097
9921
8826
5607
5227
8908
8683
7984
8233
6299
4124
2213
-1750
-1438
-531
-3293
-2517
-3016
-4878
-7197
-8552
-10200
-11061
-11598
-11526
-12875
-12925
-12465
-7656
-12952
-15858
-5334
-8102
-4319
-3235
-3441
-3319
-3943
-2559
354
6582
3559
8378
9360
9422
10428
10955
13370
12989
13668
12903
13528
6253
8992
11218
9087
8859
9052
11283
7916
8743
8507
8659
7455
6350
4291
-577
-2795
-1714
-1829
-4527
-6189
-7611
-7080
-6043
-6856
-8814
-10412
-12222
-13111
-10596
-11121
-12600
-14421
-16277
-15685
-10867
-9884
-18405
-10094
-6760
-5233
-1742
-3596
3552
3317
4746
8573
11850
12193
10969
11592
9516
11578
11763
12472
13898
15427
16691
13725
12699
9452
11268
10902
9642
9330
7465
6367
5676
3417
1663
-152
-3177
-1208
-1173
-1486
-2917
-3887
-6789
-6740
-7509
-8280
-9364
-11425
-12825
-13797
-14329
-13699
-15440
-15899
-17637
-17847
-17948
-19798
-17396
-16726
-10722
-17743
-4970
-788
-4676
-292
1514
5684
4342
11801
9246
9067
10315
12073
15076
14247
9859
12084
11732
11493
13763
12791
10259
11285
7598
4526
7630
4558
5553
-119
366
2192
1232
987
742
943
-705
-2584
-3576
-4433
-6122
-5153
-5601
-5051
-7607
-9164
-10507
-12587
-13804
-15677
-14067
-16742
-18906
-15858
-15830
-16949
-15932
-10710
-7379
-10638
-8014
3684
2501
1604
8515
9625
9800
10438
11270
9336
10656
12912
12948
13072
14136
13209
14713
14395
11388
12620
10602
13017
13539
5016
4897
6462
3439
1461
1013
3940
2404
1675
1134
-810
-2074
-2816
-3216
-5696
-4791
-5084
-4462
-7224
-11989
-9805
-13559
-15790
-14333
-14979
-15145
-16589
-15055
-9425
-11560
-13997
-7471
-6791
-8651
-4233
-3933
-8044
54
3644
2451
4409
6803
8841
10260
11634
10528
13188
14028
13730
12111
12910
15257
13547
13780
7070
4824
10110
11511
9542
5916
5994
5134
5691
4346
3082
2325
1253
-1338
-2347
-2439
-3431
-4122
-8827
-6763
-7514
-9546
-10170
-11607
-10604
-12400
-11295
-11590
-10255
-8903
-14357
-8947
-2469
-7729
-7809
-5384
-5192
-6211
-6942
76
-5107
-5730
6514
5145
6626
8769
6966
9019
11576
10396
12999
13379
11722
14824
9962
7891
8955
8737
7177
8089
9054
7711
5694
372
1098
2262
2315
2196
-1978
-3629
-1271
-5770
-6937
-4933
-7551
-8343
-9871
-9180
-7976
-9328
-8796
-12309
-8907
-4029
-10328
-2370
-553
-5808
-3604
-3662
-2440
-4672
-3893
-3796
-3966
-2818
-3122
-1497
2132
638
-4380
3635
6882
6000
8985
9350
10198
10898
11029
8936
7489
5338
4510
7121
10636
7791
6602
7058
9808
6743
4739
5103
1606
3170
-310
-1669
-3156
-1056
-2599
-4946
-7196
-9504
-9565
-9017
-8017
-6500
-6021
-2091
-2727
-7767
1216
551
-2635
-3167
-1761
448
-1585
-588
709
-1617
-2462
-66
-1591
-924
-1457
-975
-4468
2221
2903
-3806
3938
1893
2461
2661
2044
2712
4777
3825
1714
6996
6385
6136
6981
6042
4248
3806
5095
1330
-1755
1119
-372
-2165
-2202
-4031
-8283
-8468
-6947
-7096
-5813
-6140
-6025
-125
-475
-5382
4503
1733
-1588
3879
4110
4092
1735
1204
1547
3705
3545
3427
1957
-166
-684
-2536
-4287
-2847
-666
-4587
-4721
-7561
-4865
-4307
-16630
-9840
-4443
-4541
-3036
-1333
274
-1697
2383
-426
-932
-909
-865
1220
375
1397
-261
-530
-2494
-2980
-983
-450
-3875
-4524
-2583
-1689
375
1790
6033
371
793
8978
6107
6858
7945
7453
7990
8217
9835
6947
3145
1985
4349
6065
4290
2658
1487
300
-945
-2505
-6597
-7659
-10641
-10279
-10133
-16807
-13761
-12715
-9378
-13500
-17271
-5271
-6257
-7137
-6117
-5034
772
-1497
-1090
2906
1722
-411
1136
2792
1359
1460
2289
1370
3954
4179
5905
7376
10479
7673
6869
17060
13158
13008
12853
9828
12300
10961
11212
9932
10199
9083
7271
8331
5922
6473
5261
3397
3082
666
1671
-907
-3013
-2962
-6082
-11344
-11254
-8922
-10758
-11876
-12308
-11355
-14461
-11858
-8768
-13429
-11819
-6002
-3278
-3049
459
-41
1990
1996
460
2673
3924
4572
4972
8899
8224
11520
10931
9556
5169
11334
16762
7600
11911
11381
9938
10501
10164
8911
6397
7504
6378
5109
5181
5970
4067
1188
618
-833
-3268
-2708
-5210
-4475
-9280
-15476
-10378
-10333
-10470
-11697
-11370
-11358
-15060
-11948
-14048
-15061
-15477
-16147
-12558
-11449
-16875
-13754
-7107
-8168
-5907
-5940
-2163
-1697
-5293
-5
2719
206
7123
9287
7773
12688
14365
11590
11033
12705
12438
13063
8363
8285
9704
8699
10161
8526
6850
5619
4465
4080
1447
1440
492
-429
350
504
-581
-7090
-7601
-6817
-7209
-9104
-9132
-10091
-10590
-8128
-8246
-9090
-9988
-12091
-12573
-13055
-13310
-14111
-17603
-19223
-13233
-10387
-16875
-7189
-4941
-7167
-5214
-4362
1532
4901
3302
4086
14175
13894
14074
15282
13429
13114
12610
13984
13183
13410
10787
10312
6489
6124
9125
6189
7255
6284
5361
3953
2971
2294
1784
-2567
-2519
571
106
-1135
-4717
-2325
-6299
-8244
-7071
-11104
-10066
-10253
-9334
-10959
-8508
-1369
-5745
-10009
-8474
-7816
-7489
-7781
-7846
-7616
-8902
-5361
-268
-6834
-2617
4993
3221
4305
4580
7060
6663
6985
6109
8518
6159
5135
2633
2725
6728
9584
11756
8581
9036
8565
9921
6686
6578
4334
3854
4784
4035
4624
3710
2616
2045
2121
-209
-240
-2929
-5020
-6217
-5538
-8124
-9853
-9666
-3055
-2274
-8182
-3564
-1719
-3798
-5983
-5467
-7064
-7275
-6909
-6194
-7979
-9774
-9905
-8819
-5934
-13229
-6812
-3923
-5055
-679
-400
3382
638
-2861
-1166
2111
4628
6785
5911
8109
4905
4664
9446
6141
4892
4339
7302
2429
933
4345
1312
1286
-432
-792
-3732
-5827
-5570
-5855
-5760
-7527
-5843
-6969
-6010
-1502
-5703
-6861
14
-952
-3299
-833
-1813
-4233
-3627
-3869
-4584
-6297
-8437
-7077
-7197
-9852
-9746
-10445
-9407
-4536
-12179
-7205
-1567
-2308
-2057
-1425
6540
5709
10726
10229
8375
10140
11384
11399
8887
10726
11072
10866
9995
7613
3687
6364
6790
1379
2985
2780
1650
1875
-1194
-1134
-1382
-2579
364
3340
550
-2327
2858
4912
2812
1215
2230
2132
1003
115
-251
-501
-4519
-2187
-5566
-4557
-2459
-5970
-3620
-4828
-6456
-5643
-6620
-6859
-5464
-8814
-1797
927
2765
4960
7347
8516
9091
11928
6025
8453
9684
10774
11090
9845
10466
9682
10253
7531
5614
4275
4689
752
1017
2838
876
585
589
2966
5353
669
-666
7180
4553
2801
3633
2076
1804
795
3514
1870
-27
488
-2669
-1517
-2842
-4478
-3648
-4700
-6636
-7717
-7974
-8602
-8826
-8931
-8963
-8052
-10503
-8423
-6821
-12147
-1100
-4180
-3266
1560
-664
4372
2579
3988
4435
5430
3434
2258
1628
1372
473
1229
1286
1880
584
591
2949
-1645
4224
3816
-1123
6078
7752
5040
3170
6441
3961
1804
5899
2268
1267
1552
1912
2437
2036
1209
599
-219
-2405
-3474
-5589
-7574
-9444
-9980
-8352
-6021
-6716
-6763
-6420
-7414
-7490
-13512
-7362
-3915
-12057
-2335
144
-1504
1989
2358
3650
2559
4215
2686
1782
1078
1664
-141
-2905
-1514
-2101
1079
2129
5597
5049
4457
5091
8009
9029
8406
10095
6809
8167
7596
5348
4696
4995
4127
1712
2911
1342
-2409
1432
3340
-1215
-1072
2243
1453
-3740
-4908
-5797
-6100
-6403
-5303
-4893
-10044
-8625
-8291
-8477
-11829
-12360
-12485
-8170
-11700
-12613
-4010
-5039
-3552
-4251
-2032
-3369
-2420
-3135
-1010
766
3212
5058
9740
12852
4962
7883
9395
10385
9996
11487
11220
9326
11629
7986
5221
4782
2874
3096
5241
3772
3364
5079
4876
3691
3627
3159
1934
1160
-3032
-2681
-1830
-2735
-1628
-5021
-10329
-8655
-7175
-10667
-10152
-13099
-12699
-11732
-12872
-11328
-10785
-13867
-8572
-8904
-14185
-2358
-5369
-5224
-1081
-2564
1129
746
4570
8751
7179
6674
10654
10903
9102
6686
7735
8589
8895
6979
8414
9752
3754
7893
10645
9675
10016
8455
7873
5659
3605
5398
5109
4421
2253
-316
-919
-2826
-3511
-2073
-6808
-8135
-5995
-5345
-2855
-5860
-6825
-3857
-6838
-9369
-7017
-8580
-9710
-10503
-11584
-12008
-14268
-16390
-10985
-15460
-16643
-3909
-7219
-2611
-307
-905
6599
7124
8560
9551
9998
10202
11317
9784
9300
10665
8974
9552
11570
8962
10086
8531
4343
7030
7483
7902
7882
6037
6493
3172
-294
2720
1842
2178
-615
-1584
1220
-810
-319
-1871
-4062
-3074
-3722
-6152
-6460
-7303
-9628
-9910
-10126
-11930
-11147
-13618
-16278
-14187
-12050
-11286
-12567
-6810
-6664
-10178
-4966
-1755
290
2765
7407
6800
5732
7450
6835
8842
9708
10880
12484
11635
12075
10241
8956
9824
10088
10433
11023
7330
10523
8732
5523
9854
5620
5004
1875
582
3446
2568
2061
3364
1314
70
3505
1805
1330
-272
-2926
-5854
-6511
-5891
-5807
-8612
-10193
-11421
-12502
-12289
-14304
-12659
-10560
-10202
-11109
-8124
-7753
-4792
-6962
-6145
1909
-3840
-781
2967
3005
3083
3902
5698
6631
5279
5624
8801
8959
9981
11335
11831
11203
13412
9271
8417
5669
4935
5515
4111
7401
6317
9296
6882
4360
2773
307
2530
2182
552
-970
-823
-3307
-4830
-5198
-8187
-10358
-9423
-9858
-9673
-9723
-10813
-9607
-8424
-7827
-11782
-9261
-9343
-7165
-9085
-9984
-9782
-9801
-5857
-11299
-1392
-1660
423
2801
1543
6135
5427
6810
8878
10681
9763
11548
11485
10650
7030
8799
9609
7701
8853
7454
3166
1383
5024
4291
3255
2695
2028
809
-442
-2006
-3617
-2839
-5219
-5954
-9144
-11255
-10901
-12109
-12459
-11900
-11470
-10941
-8292
-7752
-10493
-9882
-8427
-9290
-8983
-6878
-9424
-9372
-6811
-9673
-8883
-8476
-8348
-3063
-6502
-7455
-224
840
3624
6937
7671
10713
12249
11289
6830
2847
8559
6700
6117
8581
7883
7307
6782
7413
6590
10444
6012
6446
6743
4728
4311
-2309
-3199
-4494
-6173
-7454
-6020
-5582
-6459
-6741
-6436
-8244
-8653
-3592
-1501
-4970
-2275
1919
-3389
-4000
-3428
-4903
-2521
-3735
-2609
-1810
-2015
-3080
-2637
-3082
-4427
-2750
464
-433
-10360
2117
5556
8361
12078
5382
8116
10086
10428
11367
11222
9294
10468
6471
9887
9545
8861
8786
6319
5191
5843
4825
280
3458
611
59
-2676
-2358
-1954
-3914
-2429
-2787
-2672
-2169
2193
-2116
-556
3100
2268
2366
1348
1709
1026
1716
768
894
887
-2249
-3352
-4019
-1450
-1107
-1474
-108
-216
-1494
-4614
-4604
-891
-3459
-12327
-153
6727
-580
5865
6818
4936
7665
6917
8499
6395
8848
5653
3364
2676
6238
6869
929
3006
1876
-420
-2661
-4542
-2433
-2493
-188
248
-809
-615
-413
-1395
-2182
1226
1860
1964
150
-1895
-1881
595
1587
2720
1971
821
-1745
-3405
-4075
-3428
-400
-3107
-4148
-2884
-5660
-6200
-3114
-5983
-12979
-10844
-4372
-7407
-11004
-4208
-4370
-4251
1119
4137
6168
6751
8016
4179
6631
4289
2781
2600
2281
3256
3399
1361
-1080
1736
-1309
1307
-2755
-1867
4512
1999
-2238
425
4312
2274
878
45
4040
5159
7223
4738
2583
3982
-1529
-399
-1940
-3501
-2134
-2010
-37
-2015
-1906
671
-1970
-5738
-11924
-12623
-10047
-12443
-11230
-10145
-12837
-13133
-4074
-3579
-13873
-1305
3879
-1400
-132
5799
5660
3093
249
-72
-360
-550
2669
-185
534
-925
-317
1173
49
4285
5899
6409
5314
2580
2151
3173
8518
7950
6734
7387
4694
2873
5733
5028
5839
2287
443
2535
-1254
-130
-1072
1661
270
-1456
147
-4963
-4578
-4613
-4857
-4500
-5179
-7110
-4977
-4039
-10085
-11997
-8184
-9404
-1226
-7937
-7256
-1281
-5751
-1939
-3071
-3949
1225
3012
1928
2446
3910
-1702
2450
5554
5659
3094
5448
11128
5984
4009
5384
12696
5413
1876
6098
6418
8175
6790
7089
6530
3552
6455
7196
8002
2578
2800
5432
3666
2520
-2271
957
-114
-3016
347
-1694
-6490
-6512
-6052
-7684
-8266
-8726
-10094
-12821
-13287
-12122
-12455
-13527
-11118
-4610
-18659
-13903
-7149
-10924
-2503
-4095
735
1893
-2017
-402
3448
-458
6213
7033
4030
9555
9770
10596
6381
3205
3073
4283
6702
8696
6260
5517
8152
11560
6357
5116
10586
8768
10282
6145
-1085
-3174
3995
-167
4286
1649
560
1603
-6782
-3590
-783
-2129
-4272
-8572
-5131
-7564
-8376
-10146
-9046
-9571
-10540
-11639
-13936
-19169
-11616
-10889
-19326
-9262
-4182
-3812
-1563
-1810
-31
6708
8962
7305
9123
8968
9967
9042
6588
8664
9391
11457
14402
14583
12412
11010
12767
10935
9838
8034
8867
13965
7700
3190
869
-1156
1330
2308
65
2042
3521
-2403
2264
823
-4847
-5274
-4704
-2747
-9820
-10210
-11819
-13448
-14839
-15222
-15038
-14154
-14250
-14500
-16182
-14322
-16000
-14702
-10837
-9583
-13014
-6282
-866
2078
5483
6904
9555
10853
10423
11810
13007
13011
14229
14681
16102
16640
16991
18873
16736
11141
14511
14407
12298
7840
5068
10175
4556
6616
6544
5248
2755
-60
-270
-2248
-3304
-3992
-281
-906
-6923
-7594
-9410
-11495
-10974
-13162
-14077
-16628
-17947
-14053
-15637
-15761
-16740
-16218
-12209
-10464
-12062
-14765
-10808
-3661
-7098
-10902
-1099
1572
-1161
3168
10170
12888
9732
7449
10782
14877
13974
17504
16473
14849
12873
12987
12215
13812
10046
11201
12189
7986
6078
3722
7461
1511
997
973
-1839
2463
344
444
234
-954
-2234
-7856
-7242
-9374
-9047
-10857
-9766
-8641
-9884
-9869
-10324
-14214
-13114
-9831
-9552
-6990
-8683
-5803
-3347
-4296
-6738
-6708
-11758
-5150
-5908
-4159
3483
3073
11231
7540
6208
13479
14937
12019
12341
11340
9980
13960
7969
9984
12063
11720
11301
10228
6852
4193
4423
3378
2032
231
4120
2268
404
2203
293
-1221
-859
-845
-5738
-6818
-7024
-10029
-11949
-10277
-8666
-8198
-9011
-8967
-6384
-6967
-9117
-13909
-9206
-4266
-6189
-8395
-6678
-8021
-7310
-5884
-7321
-6696
-3207
713
-7589
-2228
9424
4015
6736
6084
7190
10671
8632
7480
7408
5100
6354
6357
4444
8091
9271
8442
7185
9546
9106
3563
3196
8594
46
-1897
713
-3470
-297
-3263
-3888
-4166
-4117
-2631
-5260
-8915
-11705
-9824
-11537
-7777
-6452
-10365
-1368
725
1001
-1843
-2651
-3352
-7822
-3885
-6061
-6319
-8879
-3831
-2353
-1453
-665
-2380
-1880
2884
-5475
1284
8715
3166
5762
2331
5294
10212
4783
6261
10330
7099
6270
10468
10477
6838
9053
8846
7011
8541
8777
5859
3664
1802
-3989
-4017
-3649
-1255
-2624
-6542
-4224
-3291
-7815
-8569
-1847
495
-1312
-2715
-1021
-3249
-6260
-721
2396
-3405
12
1652
-63
228
35
-1381
-1015
-2057
-3234
-3090
-6267
-4682
-1570
100
-1723
-5829
-7358
2854
5131
3622
8351
6768
8357
8742
12212
5173
6054
8115
4797
3091
6870
9634
4910
6574
5186
204
440
2480
2770
-4684
-8058
-3513
-7654
-5359
-3438
-2009
-771
-3789
4983
-1350
-6179
-2112
-2142
-3323
417
2993
-459
-206
1841
2948
474
520
-540
-480
-5437
-7120
-3008
-5784
-4584
-6806
-9153
-10550
-7760
-5925
-3971
-4470
-10147
-1061
-1813
-115
1643
686
4728
4363
7587
4015
5624
6307
3908
3014
813
-1018
-2335
-726
-2566
-4421
-1688
-4350
-6144
-7071
-4589
-3164
1222
4194
-2463
-3100
3014
1679
1625
2204
2497
4170
1573
390
2754
4443
5088
2704
-1864
-942
-45
169
1642
842
-3115
-2949
-4271
-8087
-6468
-2744
-5589
-8271
-4845
913
-4907
-8926
-1363
-3071
-688
3461
-405
3417
4287
3237
4058
2814
3413
1910
558
-3461
-2420
-3811
-3249
1308
444
814
1732
3781
7051
3102
2988
7881
8766
9069
7676
8520
8286
9738
8144
7787
11220
10149
6460
3591
4672
950
354
970
-39
-3080
-1063
-347
-6400
-6638
-4346
-8467
-9146
-5311
-7821
-8552
-10512
-13400
-8169
-8068
-18353
-9218
-2218
-5276
-4907
-3803
-2139
-2438
-3387
-6692
-1881
-4464
1556
4808
2456
4965
5162
3296
10761
11339
10490
11798
9274
11305
7398
5687
9615
11089
10853
7034
4810
8208
7327
6524
6813
7573
9089
4472
587
-3107
1283
-1359
-4976
-905
-2171
-6290
-8374
-7861
-9713
-10479
-11274
-10289
-10870
-15406
-12614
-10337
-15913
-12264
-6990
-12169
-14599
-4747
-6161
-6166
-4464
-8696
-723
2470
2553
4932
4996
3153
3934
10887
10465
9666
14581
14604
10588
9190
9862
10593
11320
15784
12260
12325
12971
8337
12171
11545
7407
5282
3370
8634
-379
-4595
-1342
1073
-324
-5480
-5510
-5582
-5315
-4769
-6426
-6111
-9565
-11279
-7982
-6382
-10884
-13339
-16305
-17627
-17342
-13742
-16010
-14160
-5756
-15480
-15859
-8229
-4813
-2275
-67
-685
-464
-1232
6488
10573
11642
11983
11758
12631
13513
15062
10612
12580
12438
13544
12948
9921
11674
11245
5808
3582
6800
5950
3841
-2207
196
2412
-817
-1768
-1577
-186
-1880
-3685
-3114
-2398
-3619
-4083
-3834
-5189
-4602
-7321
-8063
-9891
-13062
-9026
-11009
-12624
-15504
-18738
-19792
-17397
-16197
-14217
-8785
-13011
-12341
-3987
-3749
998
5280
6631
8981
9508
12730
11253
11639
13807
12901
12446
15690
14007
13153
13836
11033
9670
10572
10968
7388
8184
-2414
-4095
6517
4434
2265
-156
-91
1951
990
1104
-1623
-1255
288
-3541
-5510
-5184
-7173
-8055
-9628
-10206
-12409
-14206
-13009
-13042
-13746
-17635
-12340
-12555
-14193
-13144
-12758
-9497
-11075
-3866
-1028
-7000
-6245
441
541
3392
4191
7195
11908
10988
13422
10062
10328
13800
13721
13743
12981
13513
12243
13008
11490
3428
2982
7229
8708
12212
10018
2276
5691
6567
4785
6420
3211
-295
-2338
-1629
-4995
-5761
-5343
-6714
-5716
-7464
-6782
-10590
-14310
-15117
-15879
-15998
-13835
-14824
-14706
-13915
-11861
-6589
-9442
-8604
-7889
-11075
-8763
-6670
-3129
-5061
-7391
1816
2170
3126
4592
8122
8567
9887
8454
7902
14126
14055
11750
9204
8955
9506
7580
11183
9241
8033
12147
10122
7514
7998
7316
1785
2533
2827
-1216
-920
-1700
-1214
-5259
-6213
-2952
-7255
-6801
-6878
-9684
-8122
-8284
-7842
-10835
-9599
-6534
-6640
-4949
-4316
-2620
-2574
-4340
-79
1238
-5085
-3159
-4118
-365
-2211
-495
7413
-1724
6681
11699
8695
11143
12157
12237
14002
10625
8844
10848
7234
6407
6423
7558
8952
10124
10595
10726
9178
6449
3184
6158
4148
2362
-4297
-3447
-539
-6111
-4955
-6647
-7426
-7416
-8197
-9093
-7113
-7985
-9676
-7993
-5919
-3103
-5424
-5167
91
-981
-4123
-3511
-1445
-2075
-762
715
-2481
-2705
-4787
-2473
-2899
-4687
-93
-816
-4367
-9454
1519
5618
-220
1093
3843
6310
5433
4807
6609
8443
5817
7588
9373
5982
4112
3203
712
1671
251
1519
55
30
746
-2376
-7736
-9507
-8727
-9661
-7451
-9271
-10024
-10009
-5214
-2984
-3640
-1035
2447
4691
2137
4624
5644
4418
1361
2861
2597
877
135
-250
348
2872
602
-2929
-2662
-1733
1171
-1942
-2105
-3491
-2511
-7229
-1425
3931
1515
5057
3344
4757
6375
4402
3056
5608
4209
5361
5137
2180
-532
-1765
-1856
-1535
-4879
-3046
-483
-3083
-461
-2945
-9301
-9091
-4686
-2042
732
-1856
-1130
3216
4595
3058
4033
6184
1570
1688
4439
1431
1587
4407
3088
3735
-272
-1259
-2889
-1567
-2225
-5536
-4714
-4653
-1745
-11522
-11282
-8614
-8369
-4994
-8620
-6477
-266
-2651
-3517
-2202
-5436
-200
2162
3049
4513
2222
47
-1193
-826
237
-526
-3174
-1005
-880
-1093
-1810
-150
679
7933
4777
-3979
4110
6099
5221
6182
6514
7861
7391
5618
1944
1057
2357
2891
3192
2330
3654
4489
2777
1706
-1583
-5156
-6642
-7004
-10174
-12541
-8923
-9208
-8950
-11751
-9630
-11797
-9907
-7390
-6473
-11286
-13055
-4061
-4197
-4022
-2302
1415
1176
2653
4392
-1453
160
5317
3318
1710
1564
415
2324
5994
10910
11321
8847
10382
13400
13821
7057
5662
13497
9704
8271
8617
7629
8609
8955
5433
5120
7752
6191
4894
4235
4359
1268
280
-1062
-2691
-4527
-4179
-5255
-3239
-5436
-10394
-7588
-8501
-8123
-5317
-8442
-8793
-8063
-6902
-5252
-11063
-7478
-1559
-2025
-2542
-3582
729
1243
3909
1691
2281
6927
3894
5914
11292
7078
3823
14395
12991
11037
8312
11862
9632
4840
10606
4778
8567
6507
5700
6034
4607
3677
3163
4986
5797
4581
1930
1117
583
-2231
-6501
-4975
-4764
-4853
-8564
-8127
-8359
-10741
-10129
-10245
-11410
-11613
-12403
-14274
-16307
-17745
-16060
-13784
-14394
-14876
-15932
-13251
-8542
-11571
-8443
-5027
-1934
-1368
-2211
3329
4611
3119
9477
10864
8521
13319
10191
5823
10707
10045
10994
12529
13297
13316
14039
7681
7635
13515
6437
7912
7860
6436
6457
3823
4314
-1223
-1166
1374
2017
1491
-397
-1881
-9120
-10676
-7083
-5974
-6219
-8103
-8995
-8657
-10055
-12206
-16050
-14139
-14742
-17566
-16289
-19748
-15013
-18515
-16673
-7824
-10108
-5664
-2324
-1258
3372
10121
9439
9795
7769
7540
12465
14688
17047
13395
13333
14013
12123
11541
12433
11406
9436
11307
6074
4085
9182
9586
8530
8681
813
-4474
-2017
1696
1544
72
1567
-1808
-534
-1590
-6176
-4789
-6298
-7233
-6333
-9157
-11143
-11654
-9805
-12846
-12849
-14781
-16015
-14267
-14192
-13068
-13345
-11451
-8977
-5849
-7239
873
5957
5557
4228
7663
11839
13776
16661
14197
14974
13820
13315
12691
16249
16722
15004
15386
15324
13213
8794
12655
12474
14313
9299
-1253
5207
4905
4415
3263
681
3484
1003
-758
-2160
-6222
-7878
-5570
-7869
-8378
-8974
-12868
-10514
-8961
-11258
-14837
-15392
-15341
-12626
-12953
-13463
-11857
-14528
-10046
-7454
-6405
-2522
1720
-2255
-3637
2718
8010
6724
5865
7442
7124
13391
11330
10605
9816
13028
14245
13979
14058
14350
11954
9954
13605
10238
10031
2644
2205
3916
2214
-4537
-4368
-434
-2209
-1321
-2520
-2690
-4859
-2783
-2354
-4833
-7088
-6290
-5587
-8485
-8664
-10350
-10381
-11077
-11401
-9607
-9968
-9988
-10130
-8240
-5891
-7852
-7064
-5573
-5488
-1852
-1663
-2943
-1324
-1366
-4857
138
7948
4584
4030
6074
9208
11064
13583
10884
9722
9716
10653
12093
9342
11505
5853
5054
5926
1911
1108
817
310
166
-1655
-8549
-4242
-3644
-3184
-3154
-6858
-6011
-8067
-7992
-7356
-8395
-7704
-7870
-8772
-6122
-6733
-7316
-6768
-8610
-4036
726
-6006
-10399
-2186
-2453
-3861
-2284
-2717
-3401
-2639
-1266
-4700
-4747
2195
-1108
651
4134
4571
7963
6814
9705
10554
7209
7530
7594
3801
3660
4040
3341
5219
6494
6654
8368
6740
6495
5004
5107
3648
3977
1766
-4184
2408
-186
293
-354
-2268
-2292
-5750
-5432
-3341
-4069
-5563
-1637
-1163
3425
821
-4793
-613
1492
903
96
-857
-1840
-2633
-1109
108
-2072
53
-2036
-3394
-2353
-5720
-5402
-5527
-7117
-6673
-1924
-2763
-2015
-414
-921
-2166
477
1616
1196
3462
4780
2793
3577
3778
2805
5237
5804
5258
3551
2287
2486
-674
483
-3250
-8744
-2748
-4115
-4153
-4534
-2158
1047
-1728
3487
2985
745
1428
7072
8370
2698
2421
3483
3624
195
1712
515
-2410
-3679
-4493
-4212
-4073
-3711
-3656
-2475
-2889
-2749
-4952
-1433
-2774
-5709
-4218
-4345
-567
-45
2220
2655
3431
7022
5082
6515
4468
4519
6144
1667
6341
8560
7120
4679
5563
4412
1798
3517
1116
215
-6761
-3069
-398
-1323
892
-2013
-798
-1592
1571
1072
-2147
-863
908
-828
-1047
2
-1860
-2381
-1427
-1776
-1853
-2397
-4811
-3883
-5135
-4726
-6238
-7247
-5557
-5606
-6343
-10534
-7238
-3472
-8241
-10421
-2212
-2751
-4361
544
4056
3846
3783
5732
6768
6329
6518
6898
5299
5592
3612
1914
3195
1965
3335
3728
5430
7330
3114
8126
4583
118
7708
7944
5702
3237
3682
5506
3593
5622
5260
2571
1954
1819
3751
5674
6086
2700
1006
1511
-753
-3717
-2618
-2538
-1495
-5791
-10747
-12601
-8965
-7714
-9890
-9492
-9532
-4985
-11426
-5837
-2979
-4300
-1942
831
4053
-1845
2754
4146
3794
3892
3559
2459
1822
4719
3529
7270
3818
1347
9144
4913
5860
8735
8243
4207
-302
6859
7867
6355
7066
5924
5269
5397
4347
4087
4351
3176
2634
2563
762
-1936
-3922
-2788
-3434
-6881
-9760
-12239
-10407
-11390
-13452
-12960
-14935
-13194
-10770
-12217
-14781
-15401
-13928
-7789
-14985
-13753
-5546
-5660
-5264
-3348
1305
-467
-2351
-2162
557
2252
1953
1329
6718
4452
6739
12843
11456
12770
13156
11260
9995
9449
9493
6927
3501
10451
9815
9705
4137
2839
4110
3784
4490
672
2285
2428
889
-1142
-1137
-5060
-6906
-5461
-5592
-7117
-8039
-6541
-8879
-10281
-10728
-11567
-13137
-10794
-11447
-11348
-12142
-11306
-10126
-7475
-10485
-11239
-1233
-4007
-777
3459
-233
1634
7428
7890
7548
8996
7077
10079
12860
14734
16382
17886
16725
15016
12452
13933
14485
12861
15295
7927
10594
12213
9497
8782
6300
8851
4595
4277
1682
-653
-8129
-7998
-5827
-9569
-4825
-6926
-6990
-9890
-9172
-9878
-8936
-8283
-10386
-10717
-10190
-12165
-13209
-12688
-10436
-9926
-12833
-5961
-8292
-6236
-12294
-11338
-3070
988
2623
585
8272
11320
11560
8589
13203
14077
14559
13006
11155
11914
10020
11463
10755
12246
9874
12657
12486
10349
8715
2824
5453
5200
4142
2271
-842
-2812
-7086
-2952
-4467
-4537
-4991
-3510
-1075
-5767
-5615
-6055
-9053
-7074
-6370
-7265
-6527
-8067
-7073
-8525
-8544
-9837
-7699
-11072
-9877
-6828
-10208
-6954
-1216
-1312
-7020
6558
6550
8014
8929
10960
14146
12163
16154
13845
15807
13837
11254
10188
11672
11940
11432
11304
9341
7874
5591
7222
6697
4504
-1760
404
-925
-3124
-1732
-4700
-5171
-6203
-3978
-4043
-6214
-5348
-5215
-5724
-6798
-6630
-7651
-7631
-7078
-7223
-8436
-12901
-12630
-14848
-17118
-11285
-11531
-15205
-10752
-8437
-11899
-8958
-3642
-3851
-6248
-4751
-1366
1792
2115
2887
7131
5692
4297
6155
8255
7663
8111
8155
7683
7924
6555
8739
7719
5129
5391
2762
-135
2219
3339
1287
-2425
-677
-874
-3778
-1922
-1613
-754
-933
897
-832
-2970
-3377
-3252
-4479
-5176
-5258
-3036
-7082
-8186
-7684
-6658
-4475
-9950
-5500
-5497
-9620
-7727
-3036
-3844
-5175
-4006
-1910
259
-2730
-4868
-3118
2670
4368
4625
8945
10237
9591
10286
9193
8867
11576
13615
12024
11286
7785
3499
4840
2482
2795
5395
3417
4115
4129
3516
-4276
-3436
1641
1845
3005
-245
2776
1190
965
-757
-1243
-1036
-6861
-4842
-5243
-7619
-3847
-4367
-6145
-2477
-9583
-6806
2088
-3168
-5048
-2641
-2386
-3748
-2060
-2732
-2132
-2647
-229
835
-940
-814
2062
7242
6732
7228
8754
11393
8270
11097
7937
10825
11085
5383
7534
3594
6882
8701
6269
8422
8551
3770
9276
6479
6031
3864
-1386
4762
2500
774
-954
-6055
-8688
-119
-3419
-9328
-10028
-6954
-5233
-4392
-2573
-8789
-477
-787
-1863
-1126
-2057
-4
-1240
-1515
-4726
-3034
-3363
-3594
-3598
-4183
-3077
-1873
-2606
867
-1883
-4223
3475
3056
-2092
3380
7227
1628
4497
5969
7700
3708
3957
8168
5642
6483
6765
5923
4685
3987
3106
4677
2860
6311
370
-9683
-4255
-2565
-21
-2557
-4271
-2612
-1239
1306
1570
-4501
1751
4530
1994
4419
-592
2750
2991
883
536
-386
-2605
398
57
-1553
-1902
-5032
-7758
-10758
-8120
-8104
-5463
-8614
-9038
-4979
-11275
-8345
-6257
-6976
112
1221
-924
679
179
4796
3091
3167
3303
4867
4730
2693
5664
5648
1031
2162
2230
1401
3337
2331
-2765
-1023
81
-2608
843
1003
178
5303
7879
4130
3593
5756
5663
4064
2447
2159
2334
-2298
-3741
-3280
-1607
-2373
-3650
-3278
-3793
-4398
-11084
-11154
-10893
-9652
-11726
-16319
-14385
-9389
-8948
-15091
-8215
-7849
-6490
-4450
-1071
-321
456
3346
5590
3761
7679
7139
778
7062
3488
2353
1883
291
6486
4029
2578
2804
6055
6006
2132
7997
10883
10677
8126
9366
7727
6912
8863
8249
7927
4097
3428
3539
270
2607
1408
2219
-1899
-1716
-2472
-6697
-4141
-5549
-9662
-12357
-14423
-12326
-12083
-12819
-12174
-12578
-9314
-4530
-8433
-11303
-2158
-117
-2481
2116
3090
-2976
2024
7114
5193
6323
3760
4215
6626
3667
7351
8380
5992
9850
9431
-1578
6575
12971
5142
8656
6749
6668
6872
5395
5429
3683
4455
5028
2382
1758
897
-514
-2698
-2696
-5239
-6428
-4322
-7373
-6375
-7218
-12413
-13434
-12983
-11874
-13402
-13857
-10539
-13771
-12812
-11547
-9450
-9652
-5305
-7753
-12361
-88
-4152
-2701
-1487
3341
3504
2313
1972
-479
2349
4131
5987
8678
12938
5861
10625
14903
15191
13595
10738
15016
12500
9086
10844
7028
5436
4354
3188
6161
2479
1270
-270
1142
-1655
-3470
-3474
-2855
-335
-3500
-8442
-11995
-6198
-3168
-6269
-10483
-4361
-8637
-7186
-8087
-6210
-6794
-9075
-6654
-10092
-9680
-8818
-6501
-8168
-11806
-9023
70
-1323
-1831
-992
4724
5332
2353
8568
7234
6007
10767
17407
11837
12374
14973
14623
12431
12191
10753
9472
10797
6825
8282
8334
5766
7285
7437
4959
6115
4981
4162
5223
3375
1239
-3282
-1308
47
-158
1199
-105
-651
-742
-1232
-2146
-1829
-5363
-10476
-10867
-5163
-7026
-8796
-9649
-12299
-11875
-10029
-12972
-8961
-11722
-15720
-4369
-3990
-2871
-1964
-834
5460
7998
7559
5701
8810
8256
8713
9870
8501
6644
8401
8288
8151
7592
5454
5975
2027
4002
4624
6365
7784
3853
2691
3408
723
-3267
-1320
1228
391
-1154
-1672
-1784
-279
-2369
-3183
-7830
-8021
-2785
-2174
-7832
-9827
-10287
-11017
-14079
-9810
-11078
-17000
-15569
-16034
-15634
-11987
-10095
-7522
-12102
-13456
3596
3255
-2854
1082
6078
5202
11195
11077
6594
7779
9779
8751
9421
13520
10784
9119
12442
9246
9667
12046
6051
6602
9609
6053
-353
-510
3761
4814
4054
706
608
1533
2876
-4378
-525
1782
-4881
-915
-1515
-3888
-8769
-4680
-9177
-12541
-12930
-14424
-12447
-15421
-12989
-10570
-13363
-13045
-11381
-17039
-7346
-2152
-1820
-3463
-5232
2072
471
3313
2683
6485
7846
7125
7876
8496
8178
5472
10720
9755
8020
7987
5913
8665
7591
9251
7028
2545
1649
4456
5240
6541
5704
4899
1670
-3644
-1057
1449
-126
-997
-2552
-3898
-6572
-2973
-5384
-6674
-6622
-9251
-11571
-10680
-6716
-7263
-7378
-8777
-5490
-6508
-10993
-4952
-5229
-4175
-3346
-2598
-579
-1406
3222
442
580
7751
4329
6875
4634
7859
14270
11201
12144
10914
11061
11419
12060
9831
8989
9282
4882
6774
10330
4024
5098
6121
1269
2676
2158
2242
3319
1849
-528
1068
641
-868
-1970
-1883
-2713
-4908
-5074
-8216
-7992
-7125
-9229
-6881
-5900
-5085
-12013
-6175
-1553
-7385
-6434
-6836
-6639
-7420
-9978
-9568
-7082
-7988
-7586
-5857
-5840
-6212
1553
889
-2618
5502
5579
3536
6809
5472
4397
5351
2930
4860
3001
3978
7201
5759
3413
1854
4090
3972
3910
649
1473
575
3102
2178
-2901
-1767
-5812
-5676
-2618
-2262
-5449
-6774
-4518
-6369
-6472
-2624
767
-2671
-483
-564
-1950
936
984
332
-1385
-2932
-1318
-3033
-5080
-6508
-4837
-4894
-4517
-3457
-6310
-257
-5602
-3827
6448
863
4298
4352
3946
7173
9054
8640
7759
9170
8291
10669
9018
9082
9551
11153
7469
5130
10192
9010
5867
4574
3973
239
3690
1720
-2024
-2392
-2297
-1186
-3991
1184
3651
-1938
1103
5224
2775
1946
15
-769
1059
1297
475
-2406
-2953
-4544
-3498
-5125
-6018
-7362
-9500
-7386
-6142
-7297
-3581
-3836
-5675
-7472
-10253
1125
-479
-673
1623
6645
6532
4917
4629
3728
6800
7868
8754
5946
6599
7073
6806
6143
3405
3932
-1241
-811
-1057
-1383
-2086
-4758
1011
-2177
1204
3314
-2923
-1238
4693
3218
1928
1368
-588
-1360
-2833
-1386
-2693
-4630
-4300
-4408
-6959
-4648
-4102
-7932
-8546
-8135
-4061
-6791
-9695
-7771
-9863
-12350
-2733
-6443
-982
-7835
-7902
3068
204
6465
626
6252
7698
8819
7150
4041
6228
3991
5560
4971
6340
4029
2044
2871
340
2385
4609
4286
3311
9072
4098
-1026
7883
4306
3891
4232
3900
5336
3756
2210
-540
-186
-372
-262
-477
-1303
-1182
-1274
-113
-973
-690
-4943
-3788
-2224
-3026
-4365
-6899
-6649
-8828
-5283
-6350
-4421
216
-3733
-11934
-7785
4392
1551
5266
7483
4681
7769
6556
5249
1485
728
1542
5421
4884
1715
-398
2002
5304
5987
6905
3104
-571
2110
3739
3389
4940
5291
3425
649
1890
4098
1397
467
554
474
-1998
3048
4423
914
894
1450
3184
-2678
-2421
-5512
-4508
-5009
-6780
-8935
-9315
-3291
-8768
-9196
-7999
-7346
-6155
-9856
-5147
-7220
-9268
378
-2819
-5570
14
867
-1665
-1145
-2115
-1576
232
985
-14
114
8362
7456
1778
8408
12868
5697
11057
9547
6542
4077
3223
7300
4710
7674
5028
6627
3109
1981
5294
3188
3199
1362
1575
-1417
1833
-1212
-3026
-2352
-2601
-6177
-6836
-1622
-7008
-8400
-5250
-5501
-7416
-9828
-12592
-12899
-13018
-12285
-11022
-9091
-14526
-15778
-7935
-8501
-4961
-719
-3249
-3378
-1778
3371
5909
10027
5210
3753
11116
6931
12205
11475
9532
8368
9438
8860
7317
12210
7645
5889
8147
10843
4770
4797
6886
7456
6515
5388
6611
2190
2998
-1834
-1705
-1429
-615
-2233
-5555
-3078
-4878
-4339
-7688
-8099
-9473
-11524
-8855
-9191
-10323
-14594
-17280
-19344
-15677
-13684
-12389
-13302
-16166
-10823
-5847
-4610
-4830
6445
6823
2079
13400
7984
7432
12370
14418
10424
12144
13126
7668
10745
10639
9598
7881
13249
11186
9333
7602
10449
9519
7947
3851
5811
7599
-1348
-745
-1955
-1676
-3106
-1500
-2127
-5193
-5984
-5459
-2130
-9260
-10364
-10915
-7501
-7630
-10064
-13898
-14640
-14438
-16479
-17040
-16924
-19607
-17720
-16084
-13587
-11317
-8440
-3618
-5260
-3726
3264
5045
4947
5113
4697
7078
10632
9290
11807
11544
10755
9495
14623
13882
11179
13182
10923
12208
11898
11268
12980
10066
4274
583
4171
4266
4726
4755
2249
1269
529
673
1420
-1732
-1932
-4036
-3314
-3450
-8695
-9767
-8669
-6785
-8717
-8685
-11254
-15735
-14914
-11928
-10849
-14908
-11734
-14508
-16463
-4617
4827
-8618
-9228
2612
3142
7315
4338
2433
6574
8422
9337
10290
8492
9400
12299
13604
14962
12593
11811
10059
9551
9277
9444
4626
3462
4260
2159
6663
7232
7893
2657
781
3624
3619
2883
908
-1677
-2793
547
-1283
-6966
-7936
-9281
-11424
-7806
-9063
-15685
-17262
-13254
-10441
-12643
-8992
-9393
-10403
-10092
-6057
-6793
-7840
-4705
-1742
-2759
-7373
3472
4434
1265
3027
4855
7409
10849
11585
8705
9976
10918
14756
16095
13647
14552
11557
7388
9961
8778
10713
7260
7604
9501
8519
8365
4972
4366
2787
4313
3991
320
-2028
-5093
-5225
-5015
-3602
-4427
-5968
-7358
-6739
-7411
-6692
-9170
-8404
-3003
-8880
-6728
-2646
-5073
-11329
-10922
-7506
-8788
-10185
-8841
-9686
-4327
-1487
-4589
446
1599
4902
6263
11604
11270
9464
10861
12665
12998
11933
9076
10430
15417
12234
9313
12157
12968
12379
10750
10698
9018
5151
2867
3238
1457
1466
1801
730
-934
-3644
-4831
-5810
-4219
-7239
-11099
-10497
-10558
-11294
-9706
-7493
-12062
-10532
-10676
-10074
-7683
-11518
-8301
-7593
-9614
-9333
-9156
-6956
-9291
-10767
-5252
96
-5066
-4252
1168
3113
2293
5832
9289
6751
8220
2691
7327
9555
10239
8256
5958
10314
9329
7875
6584
6127
5356
6292
5132
3495
103
-1535
-1519
-1017
-5122
-8082
-7063
-6588
-7472
-9179
-7950
-11191
-6230
-4527
-10676
-8684
-6058
-5223
-6294
-6204
-5476
-5876
-5436
-4720
-6196
-6813
-7815
-4904
-3098
-4578
-4491
-946
-3450
-3083
118
-2925
-1538
6739
6470
-842
-1212
5144
9247
6854
6246
6910
10031
10916
9166
7818
7682
10377
8351
8211
4844
1060
2772
1789
-1509
-5160
-3075
-2760
-2603
-5615
-7467
-5508
-4983
-2061
-2539
-8683
-1357
5427
1294
1980
113
-162
1437
3206
1968
1456
1224
1794
4392
1386
1516
-159
2600
-666
-5453
-2492
-3420
-2746
-290
1010
-7637
5
3417
4225
3800
3727
10207
7644
8472
4370
7289
6864
8368
7622
5742
6007
4212
6191
3841
2024
-397
-545
-364
-2343
-381
-1220
-3131
-3069
291
-5968
378
4243
-305
638
-143
4341
5919
3391
1402
-433
1788
4700
2000
-2980
-4439
-1750
1540
2631
-1620
-4190
-5488
-3456
-3432
-5431
-9288
-12533
-8274
-6990
-5676
-12563
-5716
-2170
-2544
-2288
-3445
818
-1390
-709
-534
141
-1499
-441
662
468
620
-1406
25
679
1111
-2757
-1487
-4858
4630
4510
-4427
2594
7147
5090
3807
5340
3312
1827
284
2084
3216
2052
2632
2759
2126
2114
766
1555
-1512
-2160
-2263
-4521
-4670
-7329
-7483
-14162
-12334
-11938
-11697
-13261
-13287
-12237
-7571
-11958
-15382
-4407
-8537
-4012
-3845
-801
-546
-1802
-1056
-2064
1603
496
1657
-2994
-1758
1416
-674
-828
1769
3731
1113
1392
4640
2716
3141
4363
5017
5471
5796
6462
5357
4763
5870
6353
5158
5070
4354
4851
2230
2202
993
3
138
-175
-685
-9308
-6782
-3625
-6058
-9048
-9944
-7569
-6939
-7448
-8641
-8643
-7628
-3962
-10575
-6342
186
-2830
-71
171
1323
2565
2033
4205
2725
1750
4842
1267
2016
6829
7033
5870
10936
15311
11926
10559
11619
11635
12362
12901
12433
10900
10055
10098
11090
9267
8800
9357
7917
6976
5627
4578
4203
3064
2074
1343
-4988
-3274
-984
-4618
-5197
-4516
-5319
-5581
-7357
-8684
-10497
-7060
-8950
-10507
-8314
-7384
-6509
-11276
-3307
-4745
-6448
-5025
-4802
-3526
-1712
-507
-1669
3045
2767
762
2692
9635
8639
5752
7697
9188
9144
9182
9232
6944
6830
7391
6096
6345
5460
4714
3980
4033
4020
3942
3555
2751
575
896
-3171
-8577
-2880
-3192
-5481
-5925
-5680
-7413
-9103
-9113
-10513
-11896
-11731
-13130
-17065
-16894
-12557
-13602
-16191
-16779
-9737
-10743
-19039
-11899
-11432
-6288
-4168
-2040
4351
2673
2703
6511
11889
10709
6440
7589
13466
13300
15401
14119
14835
12406
11168
13703
10941
14571
13839
12648
11738
12505
11019
11400
9796
8700
7854
3005
3331
4031
3988
2691
1476
790
-1255
-5098
-6307
-3384
-5160
-6354
-7399
-7761
-8680
-10083
-11322
-13460
-14553
-13705
-16586
-15223
-14351
-10486
-10053
-14722
-3400
84
-4242
1700
8787
6087
5971
8519
12128
14341
14911
16797
14731
13001
13412
13443
14908
15325
17088
15897
14849
12525
11038
9521
10293
11791
9366
4118
2650
2058
-1855
760
2360
-1580
-1086
-2017
-4566
-4071
-4985
-5778
-6887
-7857
-10436
-11319
-14444
-16633
-18277
-20316
-22419
-23329
-21345
-19456
-19001
-18884
-18680
-17185
-10601
-14154
-12945
-2003
-769
152
3356
5840
8770
8635
11181
11402
12540
14205
12170
13162
11903
13474
13527
14372
14755
11312
7836
8570
9802
5398
2555
3738
2851
1297
-146
-736
-1507
-855
-3004
-4379
-4905
-8589
-7772
-8485
-9895
-10522
-11470
-13736
-14997
-16242
-16702
-16968
-17991
-18964
-17256
-16173
-17126
-13057
-10251
-13150
-12649
-5431
-5105
-1077
-4715
-809
8025
5283
9151
7636
9176
12758
15278
16139
15314
13642
12960
15226
15573
13341
12699
14794
12214
10156
5967
6497
4397
3775
4380
1235
2200
759
-1086
-4344
-4250
-4027
-4925
-5629
-7437
-8104
-9024
-12163
-13215
-13698
-13494
-15130
-15711
-16025
-16180
-12505
-15005
-13797
-11022
-9981
-13107
-12025
-5370
-6376
-4369
-5548
-6619
-472
891
-4096
-1790
3833
6589
12020
11605
12139
13758
14333
15067
13900
13727
13478
10786
9785
5823
3469
6808
7225
5016
3423
1719
-1244
91
1059
1196
47
67
-2581
-2614
677
-2311
-4118
-3384
-4604
-6890
-6259
-6338
-6998
-9529
-5189
-5190
-9119
-3403
-548
-5088
-1674
2680
2563
-1048
-6949
-2210
-2702
1290
2209
-718
415
1731
-187
1037
7616
4884
8526
8664
10514
10432
9995
11458
10664
9844
4795
8040
9882
7818
6859
6504
7159
5477
4915
4879
4064
1749
3035
221
-2045
-2260
-3274
-578
-4243
-4318
-6096
-9900
-8933
-7319
-8739
-5032
-4675
-9338
-2107
-2266
-3689
1330
3001
1665
1134
3796
2974
1773
2493
-1980
-1041
-2202
-749
994
-1025
535
3757
-4421
-4039
3306
3112
5696
6909
9016
3930
3926
5237
8132
7974
7199
10060
7602
8780
5631
7763
9481
7501
7126
4334
2724
87
-1314
-161
1924
508
-727
-3604
-3548
-2938
-2527
-3444
-5205
142
734
-2051
147
4375
3134
1483
2031
3865
1665
559
3893
837
-1299
-713
-591
-3696
-5056
-6602
-4220
-4061
-5187
-1723
-3941
-4404
-4728
2076
-684
-902
2273
1240
5590
3539
4993
3852
5448
5665
4912
5266
4479
4745
759
1210
89
-362
1486
-2762
-2526
-3712
-3844
-1368
-4471
-3460
-3540
-2069
3249
1025
-2479
369
3845
874
2456
3737
1384
1382
1859
2580
1714
1169
-643
-3702
-2302
2455
-1000
-4708
-5406
-9254
-10380
-9225
-7864
-6248
-9850
-8527
-10715
-10861
-4942
-3902
-2976
-2140
527
607
3308
-2611
-2137
2781
421
-421
837
1203
-459
639
220
-1853
-3113
-898
-3980
-3786
-3152
-1922
4819
-1338
-2902
3210
4117
2991
3375
3472
3107
2112
1471
2735
2241
1500
154
751
603
-422
-1009
-1597
-1840
-2441
-2685
-5654
-6303
-8341
-10882
-11620
-11616
-11049
-11307
-8558
-8841
-10508
-9094
-4564
-3201
-2907
378
2221
1716
251
625
4283
1922
3537
2757
921
3561
2237
2460
3296
4243
3480
8847
3590
3939
8613
7033
9381
9360
10604
12416
9804
7657
8596
7820
7488
6832
6288
4373
4164
5960
6263
5293
2910
872
1997
2351
869
-5139
-13720
-9035
-6618
-9646
-9071
-12201
-12446
-12299
-12273
-11038
-8708
-15323
-15095
-6827
-7628
-5442
-4394
-4399
-4425
-2924
-1544
-1360
-4004
-2223
-593
761
1769
1418
3987
2720
6766
11338
13399
5163
7183
11936
8630
11877
12638
13342
9577
9153
11298
11164
9910
6223
6017
5354
-11
2585
5009
801
-336
388
-2906
-5320
-6169
-7052
-6960
-9921
-8040
-9511
-12748
-13188
-13176
-14465
-12845
-13442
-14075
-11983
-16443
-8204
-4845
-5339
-3892
-2792
-1249
1360
2237
3874
6212
2757
11316
13640
11086
15764
15618
16080
16964
16839
18236
15381
13685
16035
14649
14820
11817
10750
9793
10726
10007
8247
8484
6593
4392
5364
4226
4085
-200
-6181
-6061
-7024
-4681
-7662
-10305
-13671
-11815
-12644
-15340
-13644
-17754
-16147
-19865
-19036
-18152
-16982
-17826
-12624
-13816
-18032
-9592
-7618
-5688
-4416
-2508
-963
4268
2706
3667
11328
13914
13117
13758
14497
13235
14197
12257
13369
10534
12187
12116
9481
13461
10680
8089
6136
5861
8019
5429
2563
62
-47
-2268
-8593
-5831
-6413
-8963
-8072
-6382
-6141
-6686
-11114
-6634
-7444
-8114
-7827
-11784
-10947
-12043
-12115
-10824
-12446
-11489
-11192
-12413
-9635
-7807
-8690
-7742
-4428
370
6743
6121
8944
9675
9692
11470
12311
14802
15834
14627
15045
16966
18198
18677
17237
17204
14156
10526
8133
8391
8681
7828
4844
5885
6019
4085
-1412
-4400
-3616
-3202
-4270
-4730
-5744
-8820
-5432
-4270
-4757
-8278
-11528
-10811
-8743
-9808
-11891
-11272
-13782
-14567
-13514
-12725
-11820
-13896
-12266
-14052
-14023
-7203
-1605
-8248
-9902
2792
2778
1758
9813
10755
7112
10099
10744
11046
9478
8906
12718
13606
15510
13322
10485
10884
11502
9771
8505
5141
5249
1957
-861
1777
2677
1285
-3082
-3452
-953
-456
-862
-475
-5568
-4613
-2266
-1691
-2349
-5461
-4777
-5917
-3926
-5466
-9409
-12723
-10041
-9298
-15115
-10728
-10539
-11972
-9819
-12713
-12000
-8034
-4771
-171
-7303
-3775
5021
2465
4655
6911
5756
9803
11798
10397
10291
12269
14112
12352
12748
12665
10767
11329
11738
11302
9017
4140
1956
3835
3188
3274
6174
3378
-431
-673
-130
-218
-1759
-4273
-5195
-3518
-3296
-3178
-6153
-5890
-6623
-8254
-7856
-8994
-11354
-9581
-8317
-8696
-6472
-10474
-8238
-8740
-6410
-6282
-6996
-4944
-5954
-4223
450
-3493
-3894
4588
-1422
4174
8042
9798
8850
7204
7598
9561
10793
9660
12949
8809
8921
7015
5119
6595
7776
7325
4079
4622
4890
2664
2442
3519
2309
1798
3240
2731
643
475
1413
306
-984
-5360
-6699
-5705
-4582
-6099
-4084
-6905
-5698
-917
-3508
-2985
-4200
-1911
-2632
-2152
-4818
-6901
-5195
-5223
-4012
-5222
-1831
-1136
-4018
2344
3838
3016
7491
10736
8464
6655
7868
8779
8604
2973
1416
2983
4531
5253
5670
4399
2814
1568
4607
3546
-1360
129
1585
1548
-248
-2025
-1255
-3660
-7300
-5284
-6330
-9192
-8722
-8802
-9436
-8819
-6911
-2618
-6958
-9174
-1242
431
-1703
-2177
-2460
-3922
-6211
-5445
-5638
-4103
-6020
-7168
-7398
-7132
-6853
-3449
-4512
-8090
2123
174
280
1967
1797
-345
1749
5236
3692
5298
3035
3913
3619
6678
6773
5610
3569
3277
4719
2142
1573
1677
-825
1728
2344
-1861
-3313
-5055
-6483
-6555
-3586
-4507
-3285
742
3464
-393
2438
7222
2654
3785
5037
4699
2209
2071
2557
978
-223
-1654
-1355
-2324
-6136
-8705
-7986
-3834
-3556
-1921
-5282
-8444
832
1042
185
-510
2753
4484
4223
5890
5808
3698
5334
7690
4532
6339
4175
3683
3146
3983
4049
816
-1460
-1727
-1710
-1534
-706
-1088
-817
-2257
696
5618
2176
-1542
4103
5626
1894
1406
2207
3247
1116
2907
4689
599
851
155
-1090
-1451
-2504
-1684
-4787
-6817
-5829
-8793
-9713
-11582
-10762
-12612
-7970
-11965
-13965
-2531
-5394
-2932
-3125
-1148
258
952
3579
3020
2875
2876
4809
6345
5271
3619
4575
4259
4936
3498
1609
-1467
2574
3867
4870
7996
5491
3554
6361
12124
8921
5606
1820
2319
4627
3230
2267
2392
2293
2088
-820
-2474
-3011
-4621
-4733
-7097
-9174
-8090
-7988
-11377
-10771
-12751
-16389
-16171
-14395
-11603
-8556
-9263
-8343
-371
-6659
-1455
3200
1856
2961
2269
5326
6527
6755
5824
7860
7826
7662
8195
6777
6382
7225
7320
6807
6196
8179
4027
5054
11068
9212
10032
9330
9665
9133
6966
5452
4049
5692
3773
3220
3249
1696
2069
-785
-1816
-2061
-3696
-5287
-6118
-5215
-7082
-12802
-11439
-12272
-13765
-13457
-11115
-7302
-7581
-2723
-5262
-7245
-3982
-1310
1600
877
5278
5855
4422
5662
4532
4598
3450
4057
4402
1772
5046
5927
4744
12110
7342
3655
12154
9533
7940
7904
6785
9290
6638
6091
5326
2742
2978
2623
1389
2485
-332
-3347
-689
-1306
-4004
-5508
-5097
-6645
-6852
-7175
-8190
-7738
-8356
-8305
-7925
-6613
-6782
-6857
-7000
-7139
-8426
-5323
-3212
-10928
-4140
677
510
1858
-1414
869
4303
3251
3060
4974
4083
4839
5525
8605
6480
10717
14391
12678
13110
10635
13652
11131
4571
6061
5831
5577
4203
1701
2519
-350
-1608
290
-1089
-1379
-243
-2820
-2929
-4053
-4467
-7417
-8392
-6830
-7688
-6184
-7384
-7216
-8469
-8103
-9322
-10720
-9921
-10765
-12492
-14807
-11962
-12328
-8811
-11700
-15068
-5471
-5420
-6738
-3079
-2474
-2117
2276
3588
5034
6391
6075
10395
10197
9886
10411
10088
10845
9116
7654
9338
7071
2478
3091
7642
7077
3754
4728
2886
2051
2911
1309
2477
2075
1174
-917
-4173
-3725
-4607
-3581
-3581
-2820
-4339
-8859
-7376
-7706
-8039
-9235
-11331
-11591
-11595
-11718
-12468
-14659
-12173
-11421
-12544
-8551
-15094
-11754
-2976
-7118
-3711
3093
4403
2176
7712
9430
10194
9871
12623
14658
11218
14212
12492
13564
12026
11089
11460
9437
6994
9518
11505
7286
10280
8112
7498
7574
7374
7481
2386
857
1704
872
2890
818
-411
1725
259
738
-891
-1631
-3650
-3343
-4124
-6365
-7379
-9754
-11098
-11391
-11618
-16002
-16452
-15799
-15247
-12618
-13412
-15776
-6336
-5125
-5490
567
3830
7328
7069
8138
6609
6522
9591
9861
10294
9694
9675
11685
9985
10598
7521
10127
7412
4185
7225
2869
3353
3187
2110
1007
2371
1345
1854
-933
46
2
-2554
-2093
-3687
-5639
-6999
-5503
-6701
-7783
-10295
-10974
-11993
-12452
-14206
-16912
-18130
-18547
-16690
-15420
-16648
-13645
-8389
-7651
-5558
-6695
-2866
5734
4053
4956
8148
8659
9955
12076
14267
11089
13110
13744
13355
15829
13488
13771
14656
13552
14431
13331
14240
11744
6831
8030
7600
7429
6142
6455
5658
3433
4775
2227
1269
119
785
7
-2828
-2152
-3909
-4449
-7317
-9904
-11008
-10212
-10341
-11509
-11719
-12418
-14283
-13909
-9677
-8399
-13465
-12339
-7212
-10309
-6242
-2845
-7935
-5346
2415
1847
-1487
3282
4093
5920
9603
10338
11093
12956
12731
9084
12236
15763
13542
11031
11085
9219
2672
4644
3274
1491
4346
1181
2740
1050
343
94
-1376
-3102
-3572
-1466
-2073
-3930
-5430
-5574
-7064
-7939
-11017
-9531
-10123
-10539
-9744
-13057
-8964
-7665
-11054
-7229
-4749
-6768
-7333
-7536
-10023
-8347
-7377
-4055
-4108
-7995
1131
6061
2319
6143
9869
6283
7240
8150
8686
8917
10069
11132
13360
5960
2147
7648
6404
6835
6109
4849
6321
1541
2048
5654
3053
4177
1016
1255
-413
-540
-359
-559
-1373
-4935
-4016
-4308
-5885
-8268
-6215
-7972
-7067
-2635
-8550
-11541
-7496
-5139
-7208
-5222
-4392
-5591
-4593
-3647
-4888
-6401
-5791
-7061
66
-8396
-5743
3843
-754
2808
6069
8600
6613
9419
5562
1439
4834
7165
10013
9895
9526
9698
10644
9597
8454
8597
9067
9244
4335
3448
5489
3463
313
341
632
-1024
-2987
-4423
-6694
-10202
-8509
-6228
-4974
-2453
-3019
-5080
1579
594
-3804
-2713
-4339
-2534
-3588
-5519
-6266
-6998
-6607
-5875
-7128
-6592
-6754
-8002
-1873
-1363
-6529
3379
6215
622
7277
4447
3908
10869
8274
7288
10829
10436
12647
11973
11024
13032
10280
9086
7247
7702
5848
5298
1278
-4714
-3781
-3333
-3027
-5660
-6785
-6779
-7947
-7083
-8314
-6543
-242
-3819
-7512
-3512
-2669
-6381
-2485
-4068
-4643
-4722
-7198
-5668
-5345
-6519
-7620
-5511
-5680
-6914
-5412
-4099
-3691
-2577
-7616
-128
-21
-5992
-840
1351
1873
3314
7788
5025
6963
6670
9840
12340
8643
10959
7197
5054
6380
7416
5509
3705
4408
1715
2288
-595
-4221
-3503
-5268
-3876
-5166
-2553
1897
-7138
-4202
2600
1644
332
-1543
1983
-672
-1678
-2857
-4044
-4399
-4059
-829
-314
-575
-736
-888
-2106
-3082
-6210
-6026
-4924
-6603
-7512
-11238
-8531
-3015
-8708
-3055
2368
305
3698
1796
1646
4065
4239
5759
4632
5108
7691
4841
3546
4861
3923
3643
2763
1315
-669
-166
1182
-3379
-2942
736
1025
-2696
3609
5809
568
4074
3569
4058
4660
5516
4566
3194
3742
4178
2968
3563
5230
4825
3676
1208
-552
321
-385
-2187
-1866
-5705
-7418
-10357
-10162
-7433
-8181
-4598
-611
-10940
-9529
3898
-780
487
859
1244
3549
1959
1198
-1193
-567
-1588
-342
-84
492
-1171
684
1606
473
5192
1138
-186
100
3648
5911
6094
7976
5386
4986
5967
8389
7739
6888
5325
4714
6464
7246
6668
3959
2269
5343
2266
-2494
-2223
-4104
-4995
-7559
-6319
-3730
-5632
-7640
-6678
-8333
-8108
-9921
-11551
-7424
-12368
-12928
-8693
-3932
-6438
-7056
-4036
-3814
-1942
-2920
-2587
-5939
-3812
-3790
-2627
-3533
-979
5013
-256
2721
7460
6719
8013
7827
3921
8335
8389
7194
8101
7980
9183
9097
9921
8826
5607
5227
8908
8683
7984
8233
6299
4124
2213
-1750
-1438
-531
-3293
-2517
-3016
-4878
-7197
-8552
-10200
-11061
-11598
-11526
-12875
-12925
-12465
-7656
-12952
-15858
-5334
-8102
-4319
-3235
-3441
-3319
-3943
-2559
354
6582
3559
8378
9360
9422
10428
10955
13370
12989
13668
12903
13528
6253
8992
11218
9087
8859
9052
11283
7916
8743
8507
8659
7455
6350
4291
-577
-2795
-1714
-1829
-4527
-6189
-7611
-7080
-6043
-6856
-8814
-10412
-12222
-13111
-10596
-11121
-12600
-14421
-16277
-15685
-10867
-9884
-18405
-10094
-6760
-5233
-1742
-3596
3552
3317
4746
8573
11850
12193
10969
11592
9516
11578
11763
12472
13898
15427
16691
13725
12699
9452
11268
10902
9642
9330
7465
6367
5676
3417
1663
-152
-3177
-1208
-1173
-1486
-2917
-3887
-6789
-6740
-7509
-8280
-9364
-11425
-12825
-13797
-14329
-13699
-15440
-15899
-17637
-17847
-17948
-19798
-17396
-16726
-10722
-17743
-4970
-788
-4676
-292
1514
5684
4342
11801
9246
9067
10315
12073
15076
14247
9859
12084
11732
11493
13763
12791
10259
11285
7598
4526
7630
4558
5553
-119
366
2192
1232
987
742
943
-705
-2584
-3576
-4433
-6122
-5153
-5601
-5051
-7607
-9164
-10507
-12587
-13804
-15677
-14067
-16742
-18906
-15858
-15830
-16949
-15932
-10710
-7379
-10638
-8014
3684
2501
1604
8515
9625
9800
10438
11270
9336
10656
12912
12948
13072
14136
13209
14713
14395
11388
12620
10602
13017
13539
5016
4897
6462
3439
1461
1013
3940
2404
1675
1134
-810
-2074
-2816
-3216
-5696
-4791
-5084
-4462
-7224
-11989
-9805
-13559
-15790
-14333
-14979
-15145
-16589
-15055
-9425
-11560
-13997
-7471
-6791
-8651
-4233
-3933
-8044
54
3644
2451
4409
6803
8841
10260
11634
10528
13188
14028
13730
12111
12910
15257
13547
13780
7070
4824
10110
11511
9542
5916
5994
5134
5691
4346
3082
2325
1253
-1338
-2347
-2439
-3431
-4122
-8827
-6763
-7514
-9546
-10170
-11607
-10604
-12400
-11295
-11590
-10255
-8903
-14357
-8947
-2469
-7729
-7809
-5384
-5192
-6211
-6942
76
-5107
-5730
6514
5145
6626
8769
6966
9019
11576
10396
12999
13379
11722
14824
9962
7891
8955
8737
7177
8089
9054
7711
5694
372
1098
2262
2315
2196
-1978
-3629
-1271
-5770
-6937
-4933
-7551
-8343
-9871
-9180
-7976
-9328
-8796
-12309
-8907
-4029
-10328
-2370
-553
-5808
-3604
-3662
-2440
-4672
-3893
-3796
-3966
-2818
-3122
-1497
2132
638
-4380
3635
6882
6000
8985
9350
10198
10898
11029
8936
7489
5338
4510
7121
10636
7791
6602
7058
9808
6743
4739
5103
1606
3170
-310
-1669
-3156
-1056
-2599
-4946
-7196
-9504
-9565
-9017
-8017
-6500
-6021
-2091
-2727
-7767
1216
551
-2635
-3167
-1761
448
-1585
-588
709
-1617
-2462
-66
-1591
-924
-1457
-975
-4468
2221
2903
-3806
3938
1893
2461
2661
2044
2712
4777
3825
1714
6996
6385
6136
6981
6042
4248
3806
5095
1330
-1755
1119
-372
-2165
-2202
-4031
-8283
-8468
-6947
-7096
-5813
-6140
-6025
-125
-475
-5382
4503
1733
-1588
3879
4110
4092
1735
1204
1547
3705
3545
3427
1957
-166
-684
-2536
-4287
-2847
-666
-4587
-4721
-7561
-4865
-4307
-16630
-9840
-4443
-4541
-3036
-1333
274
-1697
2383
-426
-932
-909
-865
1220
375
1397
-261
-530
-2494
-2980
-983
-450
-3875
-4524
-2583
-1689
375
1790
6033
371
793
8978
6107
6858
7945
7453
7990
8217
9835
6947
3145
1985
4349
6065
4290
2658
1487
300
-945
-2505
-6597
-7659
-10641
-10279
-10133
-16807
-13761
-12715
-9378
-13500
-17271
-5271
-6257
-7137
-6117
-5034
772
-1497
-1090
2906
1722
-411
1136
2792
1359
1460
2289
1370
3954
4179
5905
7376
10479
7673
6869
17060
13158
13008
12853
9828
12300
10961
11212
9932
10199
9083
7271
8331
5922
6473
5261
3397
3082
666
1671
-907
-3013
-2962
-6082
-11344
-11254
-8922
-10758
-11876
-12308
-11355
-14461
-11858
-8768
-13429
-11819
-6002
-3278
-3049
459
-41
1990
1996
460
2673
3924
4572
4972
8899
8224
11520
10931
9556
5169
11334
16762
7600
11911
11381
9938
10501
10164
8911
6397
7504
6378
5109
5181
5970
4067
1188
618
-833
-3268
-2708
-5210
-4475
-9280
-15476
-10378
-10333
-10470
-11697
-11370
-11358
-15060
-11948
-14048
-15061
-15477
-16147
-12558
-11449
-16875
-13754
-7107
-8168
-5907
-5940
-2163
-1697
-5293
-5
2719
206
7123
9287
7773
12688
14365
11590
11033
12705
12438
13063
8363
8285
9704
8699
10161
8526
6850
5619
4465
4080
1447
1440
492
-429
350
504
-581
-7090
-7601
-6817
-7209
-9104
-9132
-10091
-10590
-8128
-8246
-9090
-9988
-12091
-12573
-13055
-13310
-14111
-17603
-19223
-13233
-10387
-16875
-7189
-4941
-7167
-5214
-4362
1532
4901
3302
4086
14175
13894
14074
15282
13429
13114
12610
13984
13183
13410
10787
10312
6489
6124
9125
6189
7255
6284
5361
3953
2971
2294
1784
-2567
-2519
571
106
-1135
-4717
-2325
