-2439
-3628
-3347
-4418
-7711
-7607
-7194
-8738
-11238
-12387
-10339
-11866
-14099
-8083
-10401
-6358
644
-4391
-4928
383
4383
6731
7860
6012
6619
9143
11150
8821
9838
13251
11942
11833
16339
14328
11573
9135
7701
5717
8732
12296
6313
7462
6162
5551
5530
5372
3681
2027
547
-1646
-957
-2921
-3406
-5395
-6102
-6804
-8797
-9353
-10193
-11048
-12590
-13779
-14572
-14768
-14072
-15592
-16408
-12379
-12157
-13971
-10958
-11125
-8014
-5557
-9751
-5521
-2352
-3920
2100
4688
2655
5847
8521
8282
8638
8294
7452
5335
11318
16443
10428
9792
8820
8287
8831
8005
6014
4516
4194
3422
3656
1435
878
-812
3716
3249
528
1226
-1207
-2515
-3213
-5616
-5432
-8461
-8286
-7791
-7421
-9475
-11016
-5558
-4657
-9346
-7449
-4683
-6208
-6482
-9782
-12669
-12983
-2121
-6499
-8077
-3135
-1940
4079
5708
2687
1233
8313
14713
12773
11711
10637
12123
13571
14108
18277
13140
11417
11538
10607
10829
9377
9062
8121
7309
6176
4907
4144
3345
963
-105
-2869
-3360
-2945
-5629
-6849
-7847
-8968
-9189
-8636
-10437
-9046
-4971
-7349
-7565
-6346
-7505
-7232
-3417
-4965
-6878
-4607
-3995
-3989
-3852
-1509
-6650
272
6242
4574
9884
8727
11041
13070
12942
14691
13941
15092
14946
13895
14270
11664
16222
14085
9697
10153
7821
9024
6533
4967
2966
1714
320
-1121
-2770
-3597
-5206
-5859
-6089
-6610
-7327
-9593
-8258
-9368
-4096
-7210
-11981
-6251
-1959
-4841
-8628
-5057
-3918
-4452
-7882
-8335
-7354
-6136
-7007
-6828
-7782
-4887
707
-6447
-3771
-588
1115
6024
4916
3830
3782
7452
9895
8069
14344
12184
10538
13729
10923
8468
6032
1451
1606
595
845
-132
-205
-2257
-3229
-4457
-5306
-6482
-6574
-7797
-8080
-8616
-10441
-6269
-1843
-4926
-4696
-771
-2564
982
-205
-1600
-1599
-1328
5056
2884
2384
2878
863
-217
-409
20
-359
-1795
1170
3603
-1911
1840
6162
6711
9446
8151
8096
7958
9254
13002
10762
8248
7589
9106
8817
10429
11806
6579
3868
2253
2723
529
329
-1290
-4293
-3149
-7627
-5024
-4214
-6905
-1631
-3164
-4972
-685
-3047
-797
-2327
-2633
5278
-4
-1800
6043
6336
2827
3313
6263
4482
740
-297
2063
60
-1339
-1784
-1809
-3580
1283
2493
-5470
-307
3582
4074
6492
4369
2119
3732
8144
7882
7656
6828
5702
3580
6473
9362
5112
2391
-309
-2969
-2711
-828
-1937
-2767
-2185
-3201
-752
3571
-3136
-4292
-123
1830
1445
3475
2797
3374
3281
3583
5283
2767
4624
5025
3151
3406
2307
1715
1166
-483
-91
-3060
-4075
-3062
-3853
-3011
-6889
-2918
-4135
-7100
-390
105
298
2523
1512
2077
3293
3865
6129
3524
3426
-400
-113
4177
5028
3631
839
1989
787
1166
2830
3751
2580
5801
8471
8539
8729
9879
9033
11263
11079
8656
10853
7509
9542
8167
8638
8467
6932
6275
5210
5746
528
1743
2216
-373
-5210
-4673
-1912
-5043
-8432
-9382
-10162
-11480
-6423
-10051
-13897
-9879
-3090
-3702
-198
-2828
-1710
2297
-1122
2137
935
3837
3614
1990
3633
2412
4347
6602
5925
5647
7260
6348
8569
10033
10133
11698
12582
11120
11446
12646
12044
11034
10540
10339
9560
8373
6604
5547
5681
5841
3823
2869
2828
420
-979
-2379
-3759
-4609
-5871
-6784
-8363
-8351
-8661
-11321
-10071
-7184
-16542
-14002
-10873
-11247
-8578
-6472
-4575
-4468
-2462
-2908
-2135
2552
4310
5277
7122
7504
11746
12154
12436
13143
11275
13446
12959
13307
13504
13396
14017
13004
13067
11273
10946
11648
9090
7757
6709
5631
5587
3032
5027
4570
926
1790
980
-1055
-5663
-4056
-3725
-6869
-10636
-10582
-6539
-9934
-12341
-11754
-11935
-12609
-6656
-10132
-13976
-9094
-9752
-2318
-1072
-5078
-2086
-1288
-1074
1357
1678
4420
7579
4432
5902
12706
15697
15271
13946
14479
12386
12885
13194
13955
12658
12132
11140
10287
10582
10644
8367
6228
5065
3841
3438
3693
4360
1533
598
-1153
-1622
-3492
-3872
-4243
-6484
-5569
-6698
-7359
-8409
-8397
-9250
-10114
-12354
-14080
-16191
-12868
-12006
-16560
-8842
-7801
-4270
-3088
-1511
295
4878
6429
7540
12710
11053
13526
13549
13391
14447
14281
16225
14125
14180
13495
12403
12693
9345
11515
9805
7988
8427
6552
6215
5616
3665
1563
2129
-1324
960
595
-530
-634
-3392
-3289
-2835
-3510
-5295
-5472
-6845
-3671
-9005
-9699
-6087
-10241
-11376
-11124
-11863
-11650
-6203
-7669
-12731
-8015
-5246
-1948
4349
1487
1868
3559
7633
10360
10309
11809
8028
10587
9909
10677
9602
8556
8759
6182
7086
4356
10558
9198
7449
6702
7147
5178
5659
6054
1760
2131
1642
-3692
-2752
-3437
-3635
-3588
-4628
-3077
-3012
-4411
-4964
-5376
-6406
-6768
-6706
-8695
-10347
-10497
-10669
-10946
-11630
-11151
-12094
-9670
-4596
-5927
-5593
-269
4179
7147
6201
7880
9665
9201
11289
11339
11369
11039
13417
12426
12256
10707
11256
11106
10734
8757
7348
9051
5729
6521
3630
3977
4745
3800
1891
3923
3740
2625
6308
2803
2875
1355
821
2296
-1184
-2186
-1098
-1387
-5581
-6111
-6078
-7678
-11248
-12740
-10334
-11302
-12361
-16014
-11502
-8936
-6726
-3587
-9001
-6598
-1419
2320
4204
3897
2637
3346
6072
7495
8213
7687
5053
3770
8453
8552
5155
5193
5292
3792
2391
2794
2299
5054
5085
1537
2058
2826
1824
2138
1318
1013
868
4998
5238
2442
2232
1429
-474
-1238
-2839
-3677
-5174
-5797
-6164
-7197
-7275
-9148
-8847
-5636
-12491
-13273
-12437
-9309
-11644
-7356
-6603
-11276
-1891
-3242
-1696
3621
1723
3307
6039
5059
5884
7759
7510
6311
7571
7179
8015
12627
8599
8278
9404
9533
8219
8458
9116
6222
6298
4442
5032
4784
3808
4247
3338
2017
-41
-1788
-3587
-4662
-6082
-5986
-8349
-10056
-9722
-9370
-10687
-11566
-11439
-6716
-8969
-15722
-8153
-8035
-8605
-11047
-9422
-10747
-5720
-4217
-8712
-392
-4262
2704
4054
1903
4019
4714
6581
9879
9926
8844
11082
8133
10761
11690
10043
10168
11753
9269
7948
7373
8938
8692
6383
6621
5400
5531
4123
4718
2480
-118
-728
-3534
-3816
-3797
-6750
-6597
-6690
-7202
-7737
-5668
-4101
-7334
-4019
-2714
-4186
-3640
-3732
-6060
-5591
-4255
-6811
-4126
-6475
-6539
-4283
-5414
-187
13
2052
6296
7056
6484
7275
8489
8004
9729
10325
11151
9900
9092
9750
9959
10156
8495
7676
6575
6331
6533
4410
4330
3668
781
1570
220
-1663
-3482
-4768
-6154
-7346
-6559
-8212
-6301
-6699
-4129
-4479
-6757
-4604
-3504
-2464
-5659
-3419
-2382
-4959
-7693
-6510
-2911
-3430
-5185
-2526
-3565
-2414
3615
-3121
-2337
946
4519
7356
6793
7565
7136
9698
10427
9734
9134
9695
9153
8915
7685
9149
9199
7534
5355
2950
2708
2298
2442
156
-2542
-3255
-3622
-5526
-5172
-5614
-6534
-7886
-7368
-4544
-5273
-4213
-3757
-4236
-4178
-3281
-4187
-6776
-1119
-1614
-4105
-826
-1250
-3316
-3926
-4276
-6190
-4222
-5229
-5223
-7797
-2637
-7297
-9402
-1569
-4962
2432
695
1083
3386
2125
3395
3966
4108
2958
2766
2283
2664
4281
4017
405
-256
-2384
-1807
-1497
-2971
-5140
-6717
-5704
-8080
-6647
-4131
-6613
-3141
-2448
-4683
-427
-2261
1092
2716
1749
4744
1528
622
3902
4318
504
1914
3562
1310
-2287
-977
-211
-2260
-4717
-4690
-5712
-6431
408
-2605
-4970
-2168
5
3098
4068
2720
1665
3582
5808
5113
4413
5241
4622
5494
5549
5751
4876
2175
-235
-1862
-1007
284
-733
685
-392
820
4196
1444
4363
8166
5619
7307
9450
7246
8405
8131
8920
7990
8030
7436
6580
5929
4276
4212
2295
2730
1049
72
-2008
-3580
-5653
-6243
-7169
-7778
-10937
-8307
-7082
-12658
-5057
-6824
-5566
-2820
-4381
-2344
-2223
-2920
-4521
-3520
1904
2274
2488
2356
564
2308
949
-44
632
1717
3392
3608
7695
7397
8477
3562
5310
6815
6480
9183
7547
6540
8371
9134
8977
7940
8696
8737
6041
4867
6126
5800
2866
1801
2840
-57
-4688
-5611
-3377
-5354
-8625
-9291
-9157
-10506
-7753
-3774
-11638
-9004
-6351
-5252
-623
-3009
-2458
-1630
549
-65
-159
-941
92
721
-642
2077
1579
1785
5007
6476
3033
7083
9409
7833
13181
12827
14440
12801
14668
13879
12795
11899
10942
12667
11849
10121
9088
7995
6149
4352
3315
2630
675
-419
-1352
-2187
-3208
-5476
-6792
-8613
-14762
-15256
-15541
-15617
-18462
-17350
-14705
-18460
-15826
-12251
-10791
-9207
-9123
-7018
-6086
-2478
-4022
-673
752
-410
2469
2756
6344
9269
7071
7297
12692
11718
12923
11591
11587
12440
11841
13733
12204
12709
11637
10731
9793
7672
7727
7180
4972
3323
1311
2258
1507
-1990
-1235
-468
-2542
-7011
-5416
-4163
-10438
-12737
-9350
-10342
-13299
-13442
-13356
-13273
-13116
-8362
-11723
-13014
-8483
-5201
-1684
-2044
-1652
-1445
2152
7051
6914
10586
11232
7369
14885
16343
15058
15289
15808
17727
14938
15530
15659
15837
15654
13030
12438
11636
10222
9227
6771
4108
3394
3001
1772
-135
-1559
-4640
436
-838
-3285
-1009
-4221
-5602
-6382
-7143
-7515
-8279
-9798
-11037
-10541
-12143
-11795
-10891
-10800
-12994
-7688
-10773
-11381
-5514
-5709
-7880
-5847
-4283
-2404
3502
4340
4578
6706
9118
10284
12073
13878
13737
13346
14416
15013
14423
14425
12724
13323
12208
11714
10707
9311
6986
7252
5659
4638
2905
1664
4097
573
421
-2087
-1050
-1465
-3990
-4400
-5250
-3075
-8007
-6523
-3095
-4942
-9057
-9668
-7890
-9494
-13201
-13184
-12825
-12462
-6732
-11971
-10236
-6820
-4236
3229
3119
3010
6154
8370
9668
10866
11772
12105
13047
13797
12343
14118
13162
12923
11658
9995
9180
8641
8401
5643
4914
4648
3116
3429
2438
779
664
-2736
-2311
-2369
-5511
-3478
-4456
-7333
-50
-598
-2008
-1800
-2555
-4363
-4145
-5133
-5929
-7583
-9603
-10771
-12826
-12545
-13027
-18496
-19496
-13884
-13467
-13305
-8035
-7412
-1672
1434
1368
2439
5102
6976
5834
7852
9858
11244
12508
11557
11771
11275
10645
9278
7907
9505
8735
8081
7014
5458
5951
4893
5294
4663
5842
4051
4674
4025
1626
3016
1653
284
-132
-576
-3791
-4630
-5732
-6337
-10487
-10780
-9887
-10471
-13890
-16059
-14264
-14786
-15657
-15026
-11288
-13720
-6817
-7758
-9482
-3487
-3154
3659
3844
881
1937
4918
6251
9217
8435
6928
10575
9841
9567
10121
9519
8594
7414
8498
8521
6132
9469
8224
5859
7223
7464
7931
6900
6331
4611
3437
2826
3263
2984
1650
1398
20
-1777
-2712
-4545
-5644
-6308
-8761
-9138
-10624
-11086
-10432
-13134
-12167
-9575
-9658
-11004
-7123
-7351
-4168
-5985
-6147
831
-981
3727
4649
7725
8674
8786
9807
11286
12047
10716
13548
12171
12870
14673
13087
11913
12425
12096
12726
11018
9554
8038
8273
8714
6656
5915
4410
3299
1517
-679
-2727
-3431
246
-785
-3635
-4246
-4013
-7062
-7523
-7328
-8599
-10481
-9227
-5256
-5121
-11698
-9471
-5263
-5890
-8628
-8511
-9870
-8916
-544
-3434
-3490
-418
2386
5288
6128
6469
2646
3778
7819
10399
8263
10951
11693
13879
12287
11186
11865
10119
12391
11536
9215
10718
9480
9809
9175
7804
6966
5371
6484
3259
1313
123
-1492
-1774
-3325
-5149
-6089
-5974
-7515
-7602
-9165
-8837
-5400
-8082
-8978
-7344
-5525
-6400
-6557
-6508
-7554
-7432
-7655
-5812
-8063
-3211
-1759
-5132
-2290
2538
3222
5223
7545
6796
8538
7645
10609
9942
10829
12658
11884
11367
11597
10909
10270
10278
9473
9038
5802
5757
4634
4298
2640
-123
-737
-2609
-3292
-3051
-5135
-5543
-7257
-8054
-6722
-10627
-5174
-4440
-11758
-7716
-2776
-5639
-7975
-6973
-5063
-4700
-8487
-8361
-5254
-6736
-9018
-7256
-9132
-8873
4593
2187
-4415
1505
6230
8442
10911
8192
8766
11655
13233
11940
12174
13264
13269
14184
13109
12813
9822
9970
10153
8261
6444
4603
4218
3436
2798
141
-6238
-5793
-5425
-8760
-10011
-8917
-9084
-10023
-5163
-4051
-9255
-4361
-3277
-4012
-3938
-3031
-1558
-2158
-2408
-2098
203
37
342
-2536
-3670
-3029
-2376
-3281
-4714
-507
-2738
-4404
181
3345
4714
6373
7190
6978
8438
9168
10356
8451
8051
10519
10051
10651
9247
8791
7619
6749
5609
3597
1950
956
164
-1500
-1427
-3742
-1796
-1087
1374
2396
-1626
2018
3619
3106
4060
2423
4976
4673
1971
2923
3580
3206
1571
3134
3770
2103
-1531
-1972
-1412
-1533
-3101
-3788
-3821
-5349
1099
-422
-3985
-928
1362
3887
4299
2710
518
1611
3868
4211
5113
2010
252
3927
8256
5855
4606
3696
701
375
-1379
-1351
-414
-87
413
-1461
3567
2303
4349
6490
4737
7787
7147
7510
7831
6370
6495
6677
5263
5590
5664
5857
4946
3851
3989
439
712
-227
-2688
-8405
-9547
-8581
-9529
-9265
-12118
-7471
-7908
-12237
-4027
-4546
-1431
902
-396
690
405
851
2310
1703
526
-240
2017
4477
2060
2570
-290
1780
2075
-1521
5142
9051
5776
7788
9434
10056
12365
10826
11219
10808
11572
8920
8387
9037
7952
8148
6852
6588
3776
1797
2448
1153
-2268
-1977
-2279
-5135
-10062
-9529
-9365
-9373
-10102
-12678
-13206
-13798
-6591
-11111
-14499
-9725
-10216
-5583
-3602
-6904
-6362
-5104
-2632
-1031
-2515
-473
-2231
-252
-1736
-601
4684
1513
8004
5302
2303
8437
10097
11637
9992
9904
9814
10685
10610
10584
9560
7810
9370
7789
6710
6215
3467
2919
1637
-450
-126
-2273
-3450
-3754
-3236
-4891
-5027
-5262
-8007
-8971
-10370
-10502
-10445
-10243
-13531
-8150
-8216
-11323
-6388
-6401
-2885
-3714
-3956
-551
-2020
-130
3227
3811
2185
3891
8140
10368
9082
10258
12998
10733
11436
12341
12292
12827
10709
9889
11438
10689
9072
8307
7066
6727
4893
2351
1562
870
405
-1636
-1805
-1467
-4931
-7242
-5515
-6445
-10718
-10413
-8786
-10780
-15217
-13111
-11659
-15139
-15644
-14662
-14594
-14165
-9243
-10023
-10924
-8452
-4913
-86
-670
-1079
47
3658
5160
6695
12297
9576
10316
15570
14829
14717
17088
18794
16308
14910
14812
14816
14555
15293
14777
12881
12418
12261
10496
9026
5690
5004
4146
2654
2246
200
-107
-3111
-3040
-4600
-7935
-8788
-7409
-9518
-9682
-10548
-12785
-12554
-13817
-13295
-17394
-15301
-12372
-14327
-16686
-13278
-8291
-11132
-4576
-3399
795
529
5418
8339
4361
13870
13344
14403
16282
14937
18450
17719
18366
16644
16083
16033
15049
16111
14799
13629
11644
11030
10329
8778
7386
6522
5111
1897
2307
917
-1624
-2510
329
-2953
-3087
-1673
-6781
-11246
-9616
-8572
-13699
-11347
-6615
-7952
-12110
-10115
-7785
-10182
-9258
-11501
-9777
-11566
-3344
-6072
-11241
-3518
749
5011
3993
7965
7638
10551
14822
15797
15474
14568
15618
16704
16156
15122
14516
14294
15563
13855
11951
11606
11400
8162
6590
5206
3194
3163
3636
606
-742
-966
-2948
-2916
-4045
-3634
-4412
-5305
-4685
-5591
-5726
-6688
-6752
-8314
-9215
-9799
-11122
-12183
-13791
-12846
-14187
-12823
-11699
-13276
-11060
-4604
-9022
-8066
-459
-751
4529
6948
8296
8888
10011
10890
12545
11969
11993
13908
15516
15918
12161
11372
10284
9980
8916
8063
8908
6437
3966
4838
3526
2490
1802
2334
79
533
-89
1502
608
-2656
837
-3154
-1064
-3053
-7004
-6215
-5208
-7807
-11844
-12056
-8963
-12233
-16636
-13339
-12392
-12820
-12273
-9071
-12920
-8907
-1556
-6562
-8096
-2593
-2500
6400
9413
7470
7751
10518
13714
12463
14540
13086
11805
14329
14933
3975
3544
4772
5046
4972
3271
5443
5109
4170
2206
3655
1491
2494
1941
252
759
-1221
98
442
-463
-1925
-1126
-2439
-3305
-3378
-5736
-7640
-6855
-7246
-7559
-7391
-7063
-3693
-7098
-8263
-1877
-3866
-3013
-3683
-6196
-1027
-2237
-1272
589
2059
4372
7476
6819
9201
10586
7725
11652
7010
7469
10067
9152
8787
8509
7779
6486
7859
6970
7042
6603
4734
2536
8160
6964
6258
5499
4485
3509
2363
1161
303
-1442
-3082
-2426
-5824
-3966
-5302
-7284
-6463
-6207
-8011
-7019
-2772
-5090
-4196
-5187
-5047
-3072
-3064
-3641
-6436
-6283
-3334
-6072
-4144
-7267
-5621
1100
3038
4558
3656
4183
5577
7539
10331
9057
9198
11301
12846
14403
13111
10368
10866
12873
11586
10602
10093
9420
8222
6222
4864
4281
2894
1852
249
-2490
-2164
-3921
-3807
-4330
-4246
-3178
-5221
-2339
-2462
-6423
-4330
-921
-1220
-1500
-1776
-1844
-2499
-4617
-2528
-4049
-7345
-3146
-2408
-3778
-842
-2203
-2306
1819
3590
5622
5230
6347
8459
8915
9249
9199
8275
8136
9481
9921
9694
8265
7079
7230
6369
4112
8041
6189
5115
4621
3267
756
870
-1425
-2140
-1786
-3835
-3896
-4075
-4125
-5316
-2475
-1950
-3292
-2229
-2286
-534
717
-288
-2549
-1723
2518
-716
-5900
-3021
-4450
-7808
-7485
-5642
-5124
-4886
619
973
-6123
207
4049
6283
7000
6185
8329
9334
10505
10087
8397
9674
11885
11824
10486
9870
7662
6255
7925
5292
3331
2225
1412
572
-2018
-2570
-3134
-2400
-3755
-4779
-1477
-1725
-3364
-3444
-1097
1026
179
-301
450
352
-1406
-1065
-1111
-1505
1234
873
1627
265
-1958
-1327
-2067
-933
-3933
-4475
-3964
324
24
-3822
1245
986
5694
8161
7702
6607
6454
8739
7120
6877
4782
6921
7579
6002
5874
3300
862
1249
-545
-2332
-3756
-4021
-5779
-4812
-5738
-7203
-3730
-1958
-3954
-4749
251
-1179
-947
-1426
-89
-1970
981
1575
-1904
159
2665
2062
-2698
-26
1686
-716
-6826
-5066
-543
-3432
-2891
-2109
-2066
-3070
3198
-1386
-4523
-4418
-4395
65
670
559
-144
184
2244
955
1628
2309
970
1525
2522
644
-1342
-1623
-2751
-4431
-3324
-3854
-265
2886
-803
-2431
4086
4665
4327
3325
4559
6065
3784
5365
3810
4015
6293
6963
5906
4924
3935
4045
3305
3446
1855
-2085
-4999
-2578
-2993
-6505
-6693
-7777
-6238
-7660
-9217
-5543
-7264
-10084
-5408
-4901
-3173
-828
-2088
-1219
-2000
264
-1587
-2620
-2453
-1099
549
-1715
-307
-1373
-1378
-912
1567
3036
2130
1532
5358
10203
8334
8790
9987
8914
9095
10975
9366
8462
8961
8412
8866
8008
9084
7150
3999
3170
4985
1009
-3233
-1921
-2562
-3108
-7336
-7892
-6285
-9206
-10928
-9724
-10696
-10896
-6150
-8440
-12673
-9152
-6208
-3538
-5063
-4860
-7199
-5087
-1739
-3411
-3123
-3016
1955
1411
3354
4703
2801
6198
10074
9544
9264
10057
10867
13439
12246
11144
11977
10146
10697
12645
11016
9176
9381
9906
9619
8536
8040
6039
2077
1777
1425
604
471
-2548
-6172
-5964
-5991
-7966
-9240
-10276
-11549
-12635
-13196
-14224
-16849
-11241
-14745
-16130
-10695
-13258
-7905
-6639
-8274
-8058
-6739
-7644
-3929
3288
2552
10597
11369
7858
13412
15601
14057
15007
14141
14098
13719
14758
13307
13257
14529
14113
13325
6870
6621
5493
6055
5617
5491
3777
2083
188
1526
2585
-2021
-2780
-2855
-3885
-8505
-8694
-6864
-7419
-12386
-13840
-11498
-11457
-13676
-14936
-11234
-13657
-8435
-9993
-12105
-11721
-8768
-1143
-1258
587
579
3650
8454
7950
6008
12635
13976
14006
16008
16092
15071
14302
15440
13076
12336
12911
12820
11916
11038
10253
10191
8779
7099
6573
4028
542
1074
1010
-639
-1992
-3161
-2950
-5496
-7206
-6453
-9513
-12447
-10511
-13666
-14287
-11213
-14074
-15493
-16169
-15793
-18772
-18189
-13585
-17682
-14745
-11306
-15678
-9342
-7212
-5776
1151
3251
1370
1241
8959
8772
7905
10120
12909
11945
13403
16874
12894
11782
10621
11526
10975
10000
11064
10027
9242
8580
7348
6415
2751
3505
4090
2648
2596
-614
-547
-1681
-2969
-2121
-2460
-3714
-6505
-7107
-6363
-7064
-10974
-8792
-4554
-11081
-12267
-11523
-12141
-13156
-13598
-12791
-13575
-10122
-8775
-7281
-6556
-6785
735
5756
4338
3571
6300
8517
6098
8199
10825
13690
11797
11813
13703
10229
10407
9726
8465
7032
7674
7759
8196
2216
2082
2964
1797
2163
556
2796
-1096
187
-347
-1205
-1353
-1043
-3998
-3351
-1580
-6994
-5147
-5609
-6684
-6847
-7660
-8648
-9733
-11747
-12995
-13659
-12798
-13149
-13917
-11498
-8034
-9924
-8571
-3633
-2339
2770
3008
3717
4704
5838
7305
6031
3771
8059
9970
8118
10374
9599
10542
8078
8573
7281
5965
4445
3866
4260
2467
4129
1757
3678
2588
4167
2635
1884
6201
2285
1573
1425
2047
1365
-689
-2606
-4854
-4044
-3506
-7007
-8670
-7798
-7943
-10412
-12029
-10219
-7036
-9152
-12271
-5741
-7773
-5942
-583
-5011
-3614
-2442
755
3787
2344
1614
2223
5264
6090
3748
6681
7069
5567
8571
9061
3122
988
4360
3959
3622
2690
3962
2474
2729
4847
3894
2551
3593
3414
1378
2204
671
864
1357
416
-647
-3416
-4642
-3782
-5940
-6718
-6487
-6423
-6442
-8059
-6766
-2990
-5413
-8463
-5680
-4288
-4126
-3549
-4511
-5177
-1646
-5989
-571
2041
-585
5112
3484
6386
5694
8149
5718
5266
10307
10916
6120
7181
11030
4956
11343
8898
8292
10806
8595
9592
8092
8543
6943
6160
6045
4920
4193
3294
2660
347
404
-846
-3439
-5087
-5931
-3636
-4573
-6624
-7899
-2085
-3152
-9219
-4844
-769
-4939
-8615
-6754
-6475
-7030
-8826
-8089
-10587
-7253
-1913
-8397
-6273
-4926
-3191
956
1783
475
1407
3129
1545
6297
6592
7258
7085
8098
10351
8113
7106
7481
7427
5161
3859
4702
4513
3739
3054
969
1138
721
506
-2122
-4558
-4966
-6063
-7921
-8714
-6761
-8569
-7786
-4501
-4233
-8857
-7700
-3513
-3233
-4654
-5190
-4081
-7169
-5456
-7291
-7887
-7782
-6445
-5569
-7566
-1731
-5105
-3533
1488
2044
6118
6758
4364
7553
9611
9056
10940
9589
13367
12961
13307
14351
11340
11032
10021
10066
9340
7841
6782
6048
3892
2899
1750
-441
-926
-2249
-3495
-3321
-5384
-8569
-6457
-2546
-6393
-7071
2371
1349
1017
350
830
1194
-2842
-484
2286
-2236
-4978
-3696
-3007
-4737
-4104
-3374
-3111
-3122
2187
1219
-2471
-336
1330
6729
7419
5986
1238
3410
3959
3333
3681
6642
8383
6827
5985
4164
3236
3807
4428
2633
402
-141
458
-251
-1156
-3145
-3578
-4121
-4922
-2786
-7666
-2326
-1066
-3654
578
-434
2831
126
335
1681
-16
1399
688
1369
1803
1667
1592
-1383
-48
1001
-1695
-1869
-1352
-1880
-4621
-3855
-1514
-3279
-72
2934
3515
6109
3752
5608
5761
6265
4992
3453
7194
7173
8772
6886
4902
4136
2846
2578
1914
25
-2566
-871
-1470
-1709
-2058
-781
4136
-2636
-2686
3541
3371
2252
2224
3878
2404
4629
6967
4802
1758
3132
6197
4031
-18
1395
4095
2146
-3641
-2555
-1040
-6359
-7383
-5577
-5903
-8111
-906
-3052
-7795
-4245
-2027
1309
2458
1834
-423
2102
3475
3378
1644
2792
5048
3211
2964
2673
506
-315
972
-752
-2634
-2223
-824
-444
5183
717
91
5784
2970
6741
5016
6064
4674
4902
7199
5193
6448
4309
3737
4504
3411
2128
924
418
-623
-1525
-3928
-9002
-8061
-8197
-9897
-11117
-11753
-12102
-14315
-10737
-9865
-14484
-10356
-7923
-7942
-3847
-5057
-4645
-4466
-2575
-572
-4718
-2394
-308
-2055
-170
-2065
-1458
-98
173
6182
4108
2421
8584
10451
9794
9125
9290
11911
11324
11616
12537
11583
10753
10674
11120
10553
11103
8267
8530
7517
4022
5358
3215
-2463
-2461
-511
-1449
-4695
-6840
-5222
-7361
-9609
-11100
-11599
-13224
-8265
-7732
-14005
-9547
-7949
-6698
-4364
-5303
-7015
-4380
-2627
-2448
232
-2786
-2203
1664
1407
3634
8366
8519
5357
9043
10884
11969
12172
12591
10626
7524
10956
10934
9856
7816
13388
11953
11939
12415
11299
9252
8412
7686
6598
2957
321
1466
349
-87
-3088
-3795
-5993
-7281
-8891
-9327
-11525
-11850
-13729
-13564
-14189
-12692
-9202
-16016
-9867
-9836
-7379
-3578
-6097
-1545
-506
-314
2960
2079
7091
10382
7410
14121
14863
11241
11208
12045
15636
13644
14898
14784
12323
12441
14018
13076
12890
12523
13046
11749
10551
9450
8471
7957
3099
2590
2697
2980
386
-2202
-1801
-2397
-4604
-6962
-7863
-8669
-9859
-12873
-12089
-12800
-13994
-15370
-14906
-14557
-12627
-10205
-13644
-9378
-8371
-7557
-94
-324
-650
1482
5733
9285
8358
10629
12741
16702
17205
16933
17968
16029
16660
17084
16166
14257
12273
12089
12611
10144
9610
8739
7637
6224
5057
3390
-1126
-244
-925
-2859
-3683
-5150
-6996
-4109
-2552
-3913
-10051
-11909
-14789
-13825
-10084
-9067
-11842
-12916
-11752
-12651
-11953
-12961
-13908
-17396
-13527
-17467
-13004
-10485
-7825
4528
1389
-370
6730
8935
10904
11938
11416
12900
13630
17332
17212
15802
16056
16726
17795
14969
13535
14435
11943
10968
11087
8218
7707
5668
6757
5784
3721
2374
1609
146
-1089
-68
-4082
-4468
-5071
-6119
-7268
-7436
-8804
-11204
-9638
-9362
-12055
-14291
-13889
-14258
-15858
-16371
-16611
-17748
-13787
-11171
-13820
-8680
-1259
235
9454
9746
7068
9089
14031
14138
14780
16305
15229
17155
17596
18896
11027
10573
10003
7804
7158
6795
5238
4186
3681
2898
3527
1188
3165
1571
132
-1432
-1754
384
-1202
-2029
-3433
-1748
-1674
-3387
-3026
-3325
-3875
-5127
-7654
-7509
-8698
-9830
-10430
-11748
-10110
-11964
-10944
-4692
-11429
-8945
-1589
-4342
-493
1532
3243
5013
6637
8396
7679
8319
10783
11677
11783
9573
9562
10645
8689
13007
12517
9571
7892
8657
10172
8784
8163
7058
4644
7852
5197
2971
2288
2689
5216
2289
1498
1689
170
695
129
-417
-2409
-4455
-5268
-5688
-13227
-14537
-12260
-11033
-12922
-16297
-10010
-8559
-13197
-11847
-8195
-7505
-5681
508
-2836
-4063
-443
2943
7201
6720
5337
7374
11430
12155
10915
11386
10668
12523
12064
9901
10741
10959
11640
10271
9501
7291
7897
9730
9073
8980
8181
6299
6281
6845
5577
4437
2883
2342
1275
359
-1375
-2385
-4271
-5208
-6126
-6830
-6243
-7460
-6032
-2708
-4730
-8378
-3908
-5353
-7408
-6708
-6713
-5749
-6835
-3175
-2405
-6435
-3568
-982
1598
5189
3366
5604
6566
5926
6165
5024
6798
7725
8240
8988
5732
7769
8639
8211
8318
4541
6122
5432
5453
4727
1734
2665
1443
1080
220
-2210
2324
-4
-556
-2398
-8676
-4064
-5260
-4266
-5154
-6553
-7765
-1121
-4830
-15142
-7469
-5624
-9113
-11782
-9979
-9583
-9639
-10998
-8819
-9018
-7800
-907
-6664
-7786
-1342
-559
4062
5921
1931
3744
8438
10637
10610
9907
11632
12781
14104
13750
10817
12850
12274
12061
12039
8885
9815
9410
8826
6519
4610
4249
2092
1820
-571
-2459
-3382
-2680
-3214
-3431
-4613
-2490
-1549
-6773
-2354
-1487
-2153
-2195
-2694
-3599
-3971
-4002
-6089
-5026
-6188
-5976
-6022
-5033
-7980
-7007
-2641
-9194
-4647
-743
798
5851
5560
5853
5374
8373
8693
8227
8773
9621
8495
9318
10110
7607
7691
6693
6497
5517
3871
1322
769
-837
2407
1551
396
-593
-903
-1649
-1893
-3204
-4122
1502
-2629
-3961
-1403
465
223
-3995
-1357
1284
802
-3382
-1486
56
-2781
-4984
-2317
-3471
-3385
-2545
-4191
-6178
-2649
4934
-2958
-977
3651
6151
11526
9741
2721
3645
3344
7376
8850
6468
7095
5683
5923
5949
5668
4363
3982
1885
1265
-467
-1504
-1201
-2968
-3710
-3551
-3621
-5341
630
1749
-5353
-2170
566
-1014
1069
879
1300
764
-202
1367
1080
1452
407
138
2047
866
440
-633
-1671
-3181
-3958
-2204
-3199
-4465
-1709
971
-2524
-1588
2434
3657
6033
7368
6366
6084
8116
8995
8970
8018
8042
7346
7220
7442
5668
4609
3392
3767
2322
1368
1269
297
-294
-1559
3298
1839
-2371
4117
4982
4282
3843
2366
4012
4227
2792
2261
4920
4124
2955
2660
3318
1259
-1312
984
-437
-2908
-5184
-4634
-4394
-6113
-7757
-8027
-9305
-5041
-182
-9768
-8257
-3604
-2839
-63
-1801
-1827
-1906
157
2128
6370
5129
4962
4520
4075
3826
3313
1668
2585
1664
113
5415
7189
2532
3458
8012
6325
6172
5378
7939
9136
5839
8883
8896
7691
7872
7420
6754
7306
6700
5728
4625
2774
2313
1560
815
1018
598
-1744
-3993
-5158
-6401
-6888
-4895
-6681
-7264
-6258
-11548
-13610
-6743
-6801
-4178
-1946
-1570
-2027
25
315
-316
191
1290
626
1558
2795
1344
3097
5983
7151
284
6875
12367
10314
10635
11150
12975
10306
10344
10696
10835
11452
11666
9483
8841
7864
8925
8366
6899
5201
2673
2974
3645
1052
-2174
409
400
-2125
-6396
-6442
-5463
-6739
-8449
-9082
-10363
-10422
-3586
-7547
-12418
-7986
-5454
-4260
-2427
-2970
-4088
-1637
-795
1563
1505
-177
4261
7272
3879
5918
11996
9700
7862
8540
7874
8239
14085
14530
13196
12036
14021
13915
12524
11145
10059
9625
9507
8395
7338
4977
3618
4262
2641
1312
-609
-1073
-1082
-2393
-4126
-5175
-5425
-6879
-8578
-10190
-10462
-10743
-12682
-12439
-13714
-10643
-10200
-14561
-10287
-8494
-6771
-3371
-4782
-2819
999
3019
4203
4421
1985
6495
9138
11531
11841
12350
11637
11185
12308
12544
12533
11727
12995
11545
10164
9736
8400
8467
7510
6118
4708
2764
4175
1696
2378
709
-1732
-304
-4135
-4012
-2921
-3923
-7574
-8238
-5752
-6325
-11685
-11988
-8087
-10361
-14030
-13746
-14644
-14524
-11247
-10861
-12976
-7438
-3779
-2765
4929
4829
4521
3589
10652
16218
13467
15911
14630
16222
17658
19233
19527
16045
15717
16164
14506
14770
14424
13751
11963
10717
10563
7233
6901
6779
4869
3979
3888
1431
1321
1588
-868
-2684
-2656
-5697
-5057
-5591
-7030
-7068
-9905
-8761
-8863
-7419
-13022
-14260
-12197
-10563
-10180
-13182
-13290
-12421
-8595
-11517
-7798
-773
-2200
-145
7101
7587
6175
9589
11363
11484
11628
10885
12026
13463
12942
12893
11736
9282
15169
14399
11708
11451
9541
8739
7652
6545
5668
5008
4325
2026
3654
-405
-1169
929
-3225
-1457
-4235
-3611
-3311
-4668
-7501
-6823
-6127
-8384
-4149
-4834
-6865
-11984
-9692
-7047
-8530
-10069
-9041
-6512
-4319
-2124
-1096
-739
302
5866
9574
10810
11060
11153
6522
9852
11831
12048
10423
10968
10555
10583
11188
7626
6746
6069
5153
3465
2104
3218
1960
-1013
-1655
-2735
-1997
-2393
-3936
-4089
-4585
-4636
-6774
-8862
-8554
-4212
-4564
-7047
-6808
-8979
-8138
-6210
-7980
-8238
-7820
-8367
-7515
-9555
-9732
-6458
-4374
-6837
-5583
-2761
-107
1381
-3652
2366
4344
5710
9386
8390
12013
11864
12612
12409
13414
13539
13153
12697
10488
10630
10046
10376
7594
7734
9365
5263
4717
6844
4696
4225
2528
-59
1985
4591
3380
3065
1093
-379
897
-696
-1535
-2999
-2293
-4458
-6677
-6433
-3837
-6028
-7207
-3562
-933
-4518
-10860
-1975
-117
-3863
-3887
-4299
-2424
-1674
2537
-1326
-4514
890
4170
7018
7673
5515
6461
8924
8260
10151
9605
8475
9145
9153
8814
8013
6946
6691
5542
3655
3138
6113
9320
5390
2905
2068
1568
1182
1505
494
-1185
-3121
-3989
-3915
-5561
-5104
-7183
-7867
-8009
-9486
-9382
-8430
-4090
-7171
-6638
-1319
1148
-1840
-2479
-2732
-2847
-3337
-3124
-3179
-5497
1196
-3235
-3889
2027
1474
5291
3869
5861
4762
5348
8816
9695
11281
4661
3651
6900
8640
7439
6667
6516
4453
5531
6870
5941
6177
4220
3905
2923
2840
1625
2078
86
-844
151
-3333
-784
-2474
-3182
-3930
-1010
1885
-3919
-2550
3278
2113
-2232
-894
853
-14
-4652
-5688
-4424
-3692
-5344
-5632
-7176
-6353
-793
-2518
-8079
-5298
-793
1680
3617
1072
4105
6161
6875
8125
9481
10300
11495
11388
10875
10575
8301
8177
6191
6122
5124
4117
5449
5034
3570
1600
-164
590
269
-1905
-1867
-3750
-4824
-5405
-2830
-2601
-4936
-6364
-3658
-1390
-2137
-1883
-3527
-2525
-5584
-4342
-7053
-6060
-5723
-9335
-6643
-4593
-3367
-1874
-3949
-6378
-620
-1211
-3553
2075
2369
5915
8376
6858
7944
9410
10431
11226
10919
11406
11202
11577
10205
9478
8429
6232
6117
4651
4857
3480
3041
3767
1519
-117
1190
-1137
-925
2184
1103
-58
-7039
-1033
-1471
-2497
-3064
503
-153
-2582
2053
-1981
-126
-1721
-1116
2583
413
-5146
-3458
1387
-1153
-3036
-2048
-2826
-2769
1220
2233
-3726
-1290
4106
2838
7102
5756
4835
6393
7944
9639
8790
8947
8217
8154
8348
6922
4568
2755
2387
2220
-443
-727
1609
889
-988
-628
-1261
1193
779
-2090
259
810
1467
2206
92
1600
3318
2150
2869
637
1944
3439
2176
2011
822
1222
-335
-933
-1991
-3626
-3834
-5245
-5233
-5038
-6763
-6428
-3676
-8870
-7316
-1920
-4127
-21
180
-614
948
1414
1535
696
788
-451
759
-50
-1870
-1933
-2084
-2368
-1922
-832
-3174
-199
1579
-1663
-1039
1336
2437
2420
2276
2755
3249
2916
4607
3850
4759
6428
6050
6712
6106
4426
2729
2608
2580
-592
-1269
1372
-141
-4742
-4846
-3900
-5097
-6333
-7369
-7786
-8953
-4061
-7156
-9131
-6832
-6644
-728
-1286
-1582
-3194
-2581
-178
330
1049
-94
189
275
983
-1747
-1468
1584
448
1677
5811
1957
5173
10445
8475
9859
7364
9457
10069
11303
11040
9192
11500
10560
11984
11585
10699
10287
8628
6628
5740
5317
3547
3153
1869
1666
900
-405
-2062
-3887
-5104
-5927
-6403
-7627
-9040
-8603
-8862
-12292
-12310
-8824
-7681
-6154
-3925
-6750
-5577
-6629
-4706
-4173
-5262
-4070
-4374
379
501
6052
4231
8961
13820
10560
11070
13775
15430
13360
12887
11992
12611
13949
13309
13251
12812
12434
11413
11601
8527
7436
5988
6068
6780
2657
1682
2930
2486
-2351
-2032
-454
-2721
-6734
-8096
-7492
-9528
-11343
-12070
-12375
-13839
-7953
-11094
-16624
-9533
-14207
-10546
-8622
-8811
-7962
-7512
-2885
-2519
-2921
1296
4511
4169
6983
10340
11469
10410
11474
11167
11199
11957
11554
12902
11921
12247
13247
12459
12629
12473
10982
10642
9077
8304
7656
5357
5020
4301
2689
2075
-530
-1118
-1236
-3478
-4730
-3911
-6492
-7080
-9700
-11311
-11784
-12509
-12331
-14384
-13882
-15272
-10497
-14172
-12091
-7327
-7010
-2390
-1078
28
2797
7626
6049
7179
12504
12835
13038
14565
15441
14979
14144
13607
12009
13797
12817
11696
10873
8172
13232
11965
12123
11046
10004
8823
7445
6833
4920
4171
2892
1735
-170
1890
-243
-2991
-4399
-5085
-3460
-7453
-8271
-6551
-13393
-19729
-13859
-14059
-18372
-16058
-16623
-14380
-15298
-9016
-10342
-12748
-6954
-5487
9
4018
3001
3833
7989
12097
11451
12055
16071
16248
16371
15931
15957
16837
17033
15761
13552
13486
12814
13136
12492
10800
10042
9146
8590
7841
7684
4920
3020
2803
-204
102
439
269
-1894
-1182
-2871
-5640
-787
-4083
-6178
-5112
-7263
-7485
-8010
-10231
-11071
-12014
-11102
-11725
-10481
-11482
-11424
-5350
-9688
-8712
-3605
659
3531
4579
4899
6907
8152
7177
8919
9911
11756
11269
10562
10782
10824
9591
8770
7733
6930
4242
4585
4156
2577
1136
459
162
5105
6581
1789
2584
980
1973
3563
-1330
538
-705
-847
818
-1626
-3239
-1301
-2369
-6635
-7163
-5653
-6713
-11142
-11663
-9120
-9317
-10822
-9808
-5220
-7918
-4356
28
-3833
432
1133
5586
7911
6838
7680
8666
11642
12696
11864
12777
14794
14773
15213
12516
10124
10407
9963
6443
9580
7432
7250
8564
5286
8621
6414
4231
5726
4754
3449
-731
-1156
-1059
-1449
-2395
-2610
-3914
-4109
-5792
-6869
-7713
-8283
-6951
-8840
-7623
-8307
-9214
-7214
-4463
-8911
-8224
-1761
-3815
-5147
-6480
-378
-5379
-2620
836
-310
7430
6292
8107
8537
7536
9067
8953
9134
6825
10260
13175
8754
9065
9881
10672
9177
8718
7367
8428
10778
7298
7875
7575
6496
7066
7976
7338
6176
5563
2808
1631
-940
-2039
-3621
-4560
-4827
-6420
-7135
-6159
-6132
-10355
-8688
-2551
-6217
-12857
-8982
-5203
-8384
-9861
-9819
-8370
-10032
-6990
-3743
-8182
-3408
-4343
-91
1824
4586
4717
485
6243
6022
8861
9287
9230
8971
12318
13016
9676
10609
9734
8017
9189
10041
8856
8500
7678
6706
6477
6637
5817
4286
1971
1088
-556
-794
-1491
-3650
-3092
-4051
-5332
-6974
-7457
-4582
-6990
-10465
-4541
-5133
-7112
-6303
-8463
-7821
-10500
-10126
-11905
-10805
-10938
-12690
-5367
-9121
-10740
-6375
-4877
-31
-295
-689
2595
3869
6169
6772
7072
6762
9611
12278
11743
13405
12578
11724
10878
11665
10613
9413
8922
7823
6864
5176
4808
4763
3148
1075
-232
-1265
-1651
-1263
-1211
-3258
-3641
-219
133
-3963
-5273
613
-89
-3263
-4277
-2003
-2248
-7615
-5784
-6991
-5783
-7707
-9700
-7936
-8674
-10184
-1391
-8202
-10736
4550
906
7210
6369
5697
7970
9173
10004
10434
9787
12504
15669
13120
14070
12109
11655
10275
9509
8271
6480
6903
5437
4392
2796
2106
-3120
-4253
-3974
-5905
-6643
-4259
-2453
-3897
-6269
1218
158
-2040
-1766
50
1953
-380
-317
-1754
-622
-1257
-1401
-3206
-368
-1105
-4665
-3169
-4166
-2519
-5183
-5430
-1076
-5221
-2230
183
328
2145
2109
4494
4322
5039
4006
4701
5010
6877
6593
5046
5834
2820
6506
5666
5133
3779
3118
2245
965
980
603
984
-1674
-1545
277
-157
-1329
1191
5575
2919
3044
4750
3652
5585
4118
-171
3570
5263
3203
2351
3142
3463
2893
-914
-7916
-5074
-8124
-8661
-9509
-8091
-8108
-2335
-1080
-10285
-4812
-2062
-99
2210
-307
2195
2991
5064
6421
2903
4829
6205
8612
7839
5379
4445
1117
2215
514
946
-111
-1238
668
4675
5418
1083
6709
8360
4306
6762
4950
4193
8839
7513
6923
7228
7271
7389
8097
8093
5983
5181
3950
2051
2308
1184
705
-1560
-3940
-3098
-4631
-2954
-4740
-6073
-7457
-3434
-7311
-7527
-1920
-4399
1161
-367
243
1877
2122
3419
3610
2918
807
3194
3690
3200
1505
629
2854
1730
2233
3315
7410
6377
3419
11457
12094
9718
11181
11709
11021
9655
9418
9882
10767
7789
7267
7174
6844
8044
3711
986
517
1087
-1663
-4885
-2554
-4380
-7674
-9875
-8979
-9958
-12814
-13708
-15103
-15118
-6089
-4162
-12651
-8661
-5517
-5497
-1617
-4176
-3609
-2809
-1171
1464
1707
-1515
1725
4238
5459
5042
-284
6617
2429
2771
10772
6865
7856
9502
9792
10315
9402
9821
7552
10365
9188
7251
7348
6077
5708
4081
2811
2928
1172
584
-891
-2787
-3302
-4758
-6491
-7959
-8748
-9701
-9729
-12367
-12180
-15114
-14589
-13983
-14684
-17099
-15892
-15125
-17881
-13310
-13233
-11415
-9508
-6054
-6190
-3740
-3802
-3091
-882
2289
2873
5088
10897
4810
9959
14107
12236
11872
12656
13482
12991
13208
13518
12293
11630
13707
12232
11310
9901
8511
7991
5399
4713
3770
2639
949
560
223
-2451
-2698
-3000
-4136
-8798
-8909
-8656
-10538
-13280
-16761
-13164
-14655
-16140
-15891
-14636
-16942
-14101
-11537
-19366
-13463
-9429
-7259
-3715
-4042
-4693
-1548
7004
4972
1018
10172
12163
10628
14347
13850
15214
14195
13084
11984
11176
11096
11166
12521
10408
8445
8349
7854
6356
3485
1826
917
-427
-1183
-3079
754
37
-1672
-3150
-3461
-4117
-6392
-5543
-5121
-9040
-13644
-13565
-14727
-15739
-17254
-17220
-17747
-14540
-15684
-15810
-16304
-13660
-11547
-12590
-7034
-8075
-4007
1157
4792
1696
5708
14302
9467
11465
13480
16361
16591
19588
19786
16331
16725
15250
17978
14994
14630
13262
11353
10132
9362
8615
6898
6449
4048
4393
2506
1125
-780
95
-2220
-4122
-2466
-2565
-3549
-5656
-4554
-3953
-7282
-6684
-4567
-8042
-9571
-10028
-9776
-9342
-11194
-10993
-9315
-9995
-9155
-4105
-1749
-4348
-2184
4027
9452
9394
7293
9266
12089
15485
15075
14125
13336
14346
15370
16427
16845
13738
12135
9768
8499
7889
7560
6867
4697
1253
2571
2292
-1430
-61
-1017
-2292
-4065
-4679
-4319
-6364
-6011
-6019
-6283
-5971
-7189
-7602
-8356
-10011
-11116
-11504
-12759
-13180
-13250
-14480
-15621
-14733
-14345
-15714
-8168
-5206
-5906
-4538
-36
459
1346
7321
9658
9226
10667
10563
12080
11612
13789
13439
12254
16074
15787
13386
13728
10959
4364
6298
2953
3869
3585
3261
2864
2571
1403
1566
2021
421
1745
1331
-806
205
-663
-2263
-959
-3160
-2378
-3434
-7898
-7629
-6020
-8711
-11029
-9399
-7024
-10215
-12420
-8402
-6661
-11644
-7467
-3963
-7614
-4807
656
-1251
-5327
-1685
844
4704
5704
3984
4522
5861
9393
7477
4998
7348
5963
11339
9741
7391
8543
6526
5537
2795
4119
2861
3617
4434
2778
1635
1878
998
527
-620
-2429
-3101
-3547
-3033
-5296
-6528
-7280
-8884
-8829
-9014
-9663
-11046
-10861
-10436
-10820
-9421
-7115
-8065
-13140
-6025
-5688
-7634
-4274
-5048
-3276
-3422
-1171
-5304
538
2742
1822
6831
5573
8299
8369
8796
10409
11028
12838
9956
12450
16741
14767
15527
12636
11847
11989
11476
10767
9359
9003
8299
6561
5256
3824
1768
1219
-1259
-2100
-4164
-5114
-5978
-7886
-8274
-9177
-8725
-7768
-12232
-10039
-1310
-8577
-4770
-1413
-2292
-3210
-5134
-3537
-4685
-4030
-4217
-7332
-3802
-3251
1452
-92
-5457
2460
2937
6102
8105
6824
3262
6795
8614
8499
7778
8201
10034
8481
11754
11113
9217
8414
8079
7884
5352
5470
6612
6004
3741
2152
1446
510
-198
-1912
-3426
-3656
-4657
-4407
-4684
-5652
-5972
-4511
-3675
-4472
-4906
-1675
-2227
-3767
-1197
-3425
-2513
-663
-2787
-3305
-3684
-1778
-2125
-2117
-1025
-674
-1337
77
2431
2431
6719
7759
9016
9275
10152
11539
11607
12021
12643
12522
11278
12668
13404
12083
10532
9216
7514
6464
5965
4205
2591
915
-1540
-1925
-3010
-2956
-4407
-4673
-5078
-4891
-2806
-1357
-4255
-6246
-344
-1205
-2967
-2731
-2009
-1469
-3528
-2909
-1427
-1139
-4159
-4626
-102
-4030
-5246
-7062
-6825
-412
433
5121
-1754
170
3565
5004
8925
8577
6706
7033
10359
11688
10520
11003
10828
9122
10024
9258
9305
6683
5923
3680
1621
911
278
228
-1786
-2262
-3958
-2609
-3497
-5554
-4545
-7441
-6371
-6627
-1560
-961
-3223
-526
-258
1552
-35
36
5373
4199
2559
4961
5112
4330
3641
726
-86
-103
-80
-347
-1167
-3734
-413
-1470
-404
3531
1949
5400
6216
5847
5955
6139
7042
5925
4774
4522
3767
4516
5916
4446
1106
480
-2556
-2384
-3829
-4834
-5177
-4825
-3004
-3447
495
-4634
-694
3521
1531
2446
1361
5264
4213
2353
3512
3535
3305
4404
4202
5234
3268
120
859
1713
-568
-4581
-4263
-3236
-4938
-7158
-8234
-7110
-9688
-4516
-4535
-10472
-3104
-4788
-1176
690
-290
-1399
-285
1674
2326
2123
-527
1928
-2349
3591
1203
-2000
-855
-3842
-2415
-3509
-2657
56
3299
530
288
7439
9479
7020
8378
8438
7739
8220
8330
9310
6614
6852
7761
8495
7848
6172
5697
3017
2507
1579
1707
-808
-1009
-3317
-4321
-6914
-7055
-7614
-8719
-10341
-8314
-7063
-13280
-4453
-6792
-4953
-2185
-2891
-1816
-2332
-2134
-3123
-1502
-3096
-257
178
-131
2596
3555
1149
4263
8007
5497
8045
10312
9125
10895
10852
10763
10137
10457
11166
9328
8765
8001
8521
8244
5668
4503
4879
5956
4352
2655
2548
1820
-2171
-4118
-1474
-3236
-7660
-11288
-9707
-8888
-11106
-12776
-12560
-12626
-13382
-8606
-13835
-15408
-7501
-8767
-9334
-6157
-7288
-6505
-5669
-4505
-2818
-4323
2343
2939
363
4780
6935
5566
6247
8435
7153
7410
9382
10963
10213
9339
10022
8833
8598
8482
8366
8643
6998
5976
4353
4490
3517
1642
1487
-759
-1736
-1740
-4096
-4350
-7290
-7923
-8138
-10019
-9894
-12215
-12945
-15932
-13276
-14378
-15120
-14171
-13132
-15040
-17355
-10358
-11425
-9019
-5177
-6343
-6530
-2480
-155
-1524
3199
5054
2823
5159
8595
10686
10013
15045
9602
8683
10065
9259
9765
10047
8700
8585
8018
6556
5435
4407
3780
3436
2924
3266
1136
1155
-796
-141
-334
-2937
-3340
-3552
-3540
-8608
-6388
-4609
-7646
-9747
-11090
-7083
-9787
-11249
-12082
-12006
-8253
-8273
-7662
-13653
-8530
-5140
-3801
-135
-292
-309
4080
10006
5583
9885
12966
13352
13920
13193
17235
17339
15111
14520
13255
12809
12882
14131
12048
10717
8908
7269
7937
5685
5056
1739
-153
-1405
-2217
-2456
1064
-4
-354
-73
-2076
-767
-2329
-2115
-3942
-5715
-4712
-6040
-3844
-6648
-8502
-8879
-9761
-10118
-9586
-11114
-11676
-7794
-10240
-8220
-4260
2578
4707
1666
7948
9908
5536
7244
8145
8939
9227
11943
11057
13066
14045
12117
12810
11555
11362
11140
11397
9957
8134
8065
7445
4228
4008
3320
3297
4004
1523
3420
1826
2099
391
-1322
-205
409
1201
-1902
-1352
-1882
-4153
-2756
-2111
-6251
-10942
-9647
-7744
-10410
-12667
-12528
-10809
-9426
-5452
-8057
-5252
-3044
-1928
7044
5348
4465
3351
6439
8465
8844
8080
7259
9477
8994
9826
10367
7832
6997
6122
3674
3404
2686
4992
1135
1496
1268
559
1072
-261
-818
2300
7989
4295
3271
4086
1567
2565
1642
2332
-29
-671
-1377
-2495
-4118
-4166
-5724
-7501
-7982
-10281
-9704
-11118
-10245
-7351
-5212
-10882
-4063
-827
-6267
323
700
4829
6426
6707
7385
3436
4333
3921
6078
6547
5036
4615
6748
8702
6762
5983
7184
6363
6107
5630
3450
3519
8243
5190
5616
6931
6087
7418
6307
6333
4738
4620
3644
2917
1899
1074
949
-1722
-4060
-4032
-3513
-6959
-8728
-6948
-6295
-9495
-10039
-7578
-5213
-10552
-10436
-3971
-6733
-2916
-556
-4405
-2372
958
2553
5956
5448
2598
6360
8605
8297
9585
12204
11948
9363
12422
10400
9786
12083
9479
8285
7552
6507
7028
7021
6447
6959
5965
5368
4879
3329
496
-219
-1849
2182
1120
633
-414
-1832
-2100
-3456
-3858
-4884
-5000
-6142
-7729
-3614
-5101
-8083
-3933
-5191
-6190
-5732
-4504
-5289
-5590
-5930
-4777
-5169
-9145
-4166
-4747
-845
1341
1835
4564
4503
6087
10418
9521
8433
11284
10938
11031
13188
11671
9974
9764
10286
10244
9519
9633
8444
8086
6837
4879
4623
2946
2469
1008
-354
-1715
-1751
-2760
-4110
-5275
-6662
-5684
-8703
-7850
-4015
-5926
-10922
-7960
-200
-4870
-11098
-5906
-5478
-7178
-7533
-7210
-7773
-6925
424
-3389
-6327
-776
2190
4089
5283
6939
7485
7871
10786
13677
12042
10315
13192
13824
14020
13136
13126
11529
9508
9603
7798
7794
6851
7016
4855
2964
1653
807
-1084
-2773
-3396
-5968
-6320
-6479
-7777
-6831
-7315
-4820
-5093
-10513
-4105
-4925
-5499
-5508
-7048
-5480
-5927
-5085
-8410
-8525
-8385
-6557
-6968
-8602
-8520
-6286
-5098
-6754
-4459
-991
711
2826
3650
4371
6378
5035
6386
6465
6783
8541
8820
10702
8707
7128
7385
5709
6214
5589
4574
3464
2814
1206
15
-1040
-1698
-1345
-3817
-4201
-4581
-3498
-4348
-5437
743
-3100
-4354
4331
-657
-1878
-817
281
-199
-2956
-188
-731
-2458
-3893
-1181
-2286
-4096
-5323
-6830
-6517
-5325
-1148
-5162
-7934
-3049
-1939
145
1973
6133
5314
7348
9064
10004
10144
7062
9511
10660
10405
8190
7083
6043
4125
3432
1181
771
-5775
-4801
-6748
-8274
-6394
-4638
-3498
-2463
-677
-3099
-1165
3619
2027
2329
4828
4820
3886
1706
2551
4089
3700
4563
2541
1400
1972
1052
-1366
-1923
-2832
-2153
-3760
-3621
-5175
-3652
-2904
-6950
-1746
-451
1847
3462
3684
3973
3946
4338
5283
4886
3562
4633
6488
4383
4204
1559
873
178
-3728
733
-3308
-3622
-2916
-2830
-2687
881
2131
-282
1301
5254
6454
1594
5240
4794
4351
4314
2514
3976
2582
1654
4570
3131
-485
-533
-1018
-1430
-5432
-6566
-5121
-7538
-9124
-10012
-9713
-11210
-7745
-3422
-10504
-9795
-5093
-2695
618
-593
-2759
-470
1509
1698
2031
-1023
-163
4105
2919
1168
2736
1551
603
1111
2235
2732
7293
9377
5407
8642
11276
12472
13371
11109
12407
10316
8878
9993
10238
9578
9160
9362
7300
5185
2977
2804
337
-1166
-1747
-2739
-4023
-6407
-8174
-10191
-12629
-13707
-13941
-15238
-15337
-15614
-12494
-15889
-12208
-7682
-7568
-2378
-1756
-1244
-159
-1128
946
1174
560
1194
3832
4293
-545
-31
2474
-291
1083
7003
9326
5841
9266
8511
7767
8570
8663
9546
9667
8329
8577
8210
9536
10094
7723
6983
5335
4852
5627
1956
1650
2525
-422
-2541
-3004
-1328
-3749
-9257
-9728
-7965
-10505
-11672
-13582
-12502
-11547
-9529
-6040
-12902
-10829
-5439
-3593
-1825
-2643
-3634
-1450
1594
3875
1683
4043
8967
6815
10680
12208
9830
10373
15167
12627
10800
12576
14015
14740
10404
10635
10814
11937
12276
10643
9259
7051
6625
5811
4203
2324
1019
7
-2447
-2447
-3465
-4687
-6302
-8353
-8630
-10362
-11992
-12452
-12107
-14840
-16224
-16086
-16312
-17052
-16179
-17182
-11761
-12296
-13984
-9111
-10624
-5959
-4831
-3068
-2822
-951
2331
2267
4773
7731
9477
10471
13069
13758
14529
14080
14845
13623
12257
14590
13239
11963
13184
13118
12293
10803
9242
7591
5430
4253
3524
4305
655
326
-610
-2732
380
-5360
-5124
-3112
-5113
-8125
-8363
-5848
-8761
-11455
-11267
-8322
-11496
-12241
-15053
-14908
-12351
-10267
-9002
-13757
-11219
-9418
-4248
-1824
-3299
-60
4596
4799
5363
10645
9523
9841
10933
13076
17979
15934
17417
15356
16091
11180
10792
14382
12962
11640
10715
8354
7688
8451
6494
5558
1356
4165
2362
136
258
-1117
-1239
-2732
-2520
-2348
-2934
-2917
-3846
-4507
-3855
-10675
-11061
-10631
-15160
-14495
-16038
-15103
-16434
-15358
-15421
-12578
-14407
-14463
-8780
-6249
-416
1850
1477
5655
6955
8382
9347
10589
10898
12142
13955
11032
15588
12933
13037
12101
12494
8844
5807
9057
4814
9326
4861
4401
5154
3891
2488
1406
1277
926
2117
-467
1809
-65
1889
-2019
-4425
-2257
-3145
-2255
-7566
-7928
-6356
-6929
-11413
-13374
-11254
-12040
-11866
-11059
-11491
-11657
-3266
-1859
-9299
-3141
2737
5877
6863
6205
8292
7907
10707
12975
12416
11870
14240
15332
15390
13879
13316
15236
11239
12241
10800
5709
9847
10004
8551
8374
6527
7321
6822
5850
6038
577
603
2718
376
459
-603
-806
-3455
-4024
-5114
-6899
-7080
-10204
-12809
-14693
-13970
-13931
-15947
-17888
-15240
-14910
-14427
-11479
-14138
-12881
-8544
-9214
-8874
-3927
-2820
148
1339
670
6695
6767
5763
7536
6758
8079
10807
10807
10569
11463
10541
10957
11431
11966
7179
7380
11091
5921
5961
6580
5387
6379
5369
2921
2774
1782
560
349
-1783
-2353
-5375
-4974
-5194
-9707
-8809
-8635
-10241
-12037
-11053
-8884
-12497
-13460
-10828
-10827
-11130
-12291
-11906
-9703
-7999
-4585
-2944
-8350
-7105
-281
-222
1769
3318
2731
5292
8365
8656
7001
10415
9919
11460
14061
14094
11698
8492
11550
10152
10329
5886
6799
8647
4779
5685
3896
3492
2443
673
-523
-2415
-3345
-4021
-4902
-7172
-8606
-9876
-9935
-10874
-11885
-11157
-12767
-12804
-11037
-9070
-10329
-11161
-11249
-9167
-8953
-9002
-7449
-8188
-9006
-7877
-2862
-4482
-4233
-610
3294
5756
5875
8596
8495
11248
11537
9982
11556
12288
14172
13787
13951
13652
12771
12871
11905
11441
11815
6526
6251
7420
3583
3568
2049
1867
841
-2439
-3628
-3347
-4418
-7711
-7607
-7194
-8738
-11238
-12387
-10339
-11866
-14099
-8083
-10401
-6358
644
-4391
-4928
383
4383
6731
7860
6012
6619
9143
11150
8821
9838
13251
11942
11833
16339
14328
11573
9135
7701
5717
8732
12296
6313
7462
6162
5551
5530
5372
3681
2027
547
-1646
-957
-2921
-3406
-5395
-6102
-6804
-8797
-9353
-10193
-11048
-12590
-13779
-14572
-14768
-14072
-15592
-16408
-12379
-12157
-13971
-10958
-11125
-8014
-5557
-9751
-5521
-2352
-3920
2100
4688
2655
5847
8521
8282
8638
8294
7452
5335
11318
16443
10428
9792
8820
8287
8831
8005
6014
4516
4194
3422
3656
1435
878
-812
3716
3249
528
1226
-1207
-2515
-3213
-5616
-5432
-8461
-8286
-7791
-7421
-9475
-11016
-5558
-4657
-9346
-7449
-4683
-6208
-6482
-9782
-12669
-12983
-2121
-6499
-8077
-3135
-1940
4079
5708
2687
1233
8313
14713
12773
11711
10637
12123
13571
14108
18277
13140
11417
11538
10607
10829
9377
9062
8121
7309
6176
4907
4144
3345
963
-105
-2869
-3360
-2945
-5629
-6849
-7847
-8968
-9189
-8636
-10437
-9046
-4971
-7349
-7565
-6346
-7505
-7232
-3417
-4965
-6878
-4607
-3995
-3989
-3852
-1509
-6650
272
6242
4574
9884
8727
11041
13070
12942
14691
13941
15092
14946
13895
14270
11664
16222
14085
9697
10153
7821
9024
6533
4967
2966
1714
320
-1121
-2770
-3597
-5206
-5859
-6089
-6610
-7327
-9593
-8258
-9368
-4096
-7210
-11981
-6251
-1959
-4841
-8628
-5057
-3918
-4452
-7882
-8335
-7354
-6136
-7007
-6828
-7782
-4887
707
-6447
-3771
-588
1115
6024
4916
3830
3782
7452
9895
8069
14344
12184
10538
13729
10923
8468
6032
1451
1606
595
845
-132
-205
-2257
-3229
-4457
-5306
-6482
-6574
-7797
-8080
-8616
-10441
-6269
-1843
-4926
-4696
-771
-2564
982
-205
-1600
-1599
-1328
5056
2884
2384
2878
863
-217
-409
20
-359
-1795
1170
3603
-1911
1840
6162
6711
9446
8151
8096
7958
9254
13002
10762
8248
7589
9106
8817
10429
11806
6579
3868
2253
2723
529
329
-1290
-4293
-3149
-7627
-5024
-4214
-6905
-1631
-3164
-4972
-685
-3047
-797
-2327
-2633
5278
-4
-1800
6043
6336
2827
3313
6263
4482
740
-297
2063
60
-1339
-1784
-1809
-3580
1283
2493
-5470
-307
3582
4074
6492
4369
2119
3732
8144
7882
7656
6828
5702
3580
6473
9362
5112
2391
-309
-2969
-2711
-828
-1937
-2767
-2185
-3201
-752
3571
-3136
-4292
-123
1830
1445
3475
2797
3374
3281
3583
5283
2767
4624
5025
3151
3406
2307
1715
1166
-483
-91
-3060
-4075
-3062
-3853
-3011
-6889
-2918
-4135
-7100
-390
105
298
2523
1512
2077
3293
3865
6129
3524
3426
-400
-113
4177
5028
3631
839
1989
787
1166
2830
3751
2580
5801
8471
8539
8729
9879
9033
11263
11079
8656
10853
7509
9542
8167
8638
8467
6932
6275
5210
5746
528
1743
2216
-373
-5210
-4673
-1912
-5043
-8432
-9382
-10162
-11480
-6423
-10051
-13897
-9879
-3090
-3702
-198
-2828
-1710
2297
-1122
2137
935
3837
3614
1990
3633
2412
4347
6602
5925
5647
7260
6348
8569
10033
10133
11698
12582
11120
11446
12646
12044
11034
10540
10339
9560
8373
6604
5547
5681
5841
3823
2869
2828
420
-979
-2379
-3759
-4609
-5871
-6784
-8363
-8351
-8661
-11321
-10071
-7184
-16542
-14002
-10873
-11247
-8578
-6472
-4575
-4468
-2462
-2908
-2135
2552
4310
5277
7122
7504
11746
12154
12436
13143
11275
13446
12959
13307
13504
13396
14017
13004
13067
11273
10946
11648
9090
7757
6709
5631
5587
3032
5027
4570
926
1790
980
-1055
-5663
-4056
-3725
-6869
-10636
-10582
-6539
-9934
-12341
-11754
-11935
-12609
-6656
-10132
-13976
-9094
-9752
-2318
-1072
-5078
-2086
-1288
-1074
1357
1678
4420
7579
4432
5902
12706
15697
15271
13946
14479
12386
12885
13194
13955
12658
12132
11140
10287
10582
10644
8367
6228
5065
3841
3438
3693
4360
1533
598
-1153
-1622
-3492
-3872
-4243
-6484
-5569
-6698
-7359
-8409
-8397
-9250
-10114
-12354
-14080
-16191
-12868
-12006
-16560
-8842
-7801
-4270
-3088
-1511
295
4878
6429
7540
12710
11053
13526
13549
13391
14447
14281
16225
14125
14180
13495
12403
12693
9345
11515
9805
7988
8427
6552
6215
5616
3665
1563
2129
-1324
960
595
-530
-634
-3392
-3289
-2835
-3510
-5295
-5472
-6845
-3671
-9005
-9699
-6087
-10241
-11376
-11124
-11863
-11650
-6203
-7669
-12731
-8015
-5246
-1948
4349
1487
1868
3559
7633
10360
10309
11809
8028
10587
9909
10677
9602
8556
8759
6182
7086
4356
10558
9198
7449
6702
7147
5178
5659
6054
1760
2131
1642
-3692
-2752
-3437
-3635
-3588
-4628
-3077
-3012
-4411
-4964
-5376
-6406
-6768
-6706
-8695
-10347
-10497
-10669
-10946
-11630
-11151
-12094
-9670
-4596
-5927
-5593
-269
4179
7147
6201
7880
9665
9201
11289
11339
11369
11039
13417
12426
12256
10707
11256
11106
10734
8757
7348
9051
5729
6521
3630
3977
4745
3800
1891
3923
3740
2625
6308
2803
2875
1355
821
2296
-1184
-2186
-1098
-1387
-5581
-6111
-6078
-7678
-11248
-12740
-10334
-11302
-12361
-16014
-11502
-8936
-6726
-3587
-9001
-6598
-1419
2320
4204
3897
2637
3346
6072
7495
8213
7687
5053
3770
8453
8552
5155
5193
5292
3792
2391
2794
2299
5054
5085
1537
2058
2826
1824
2138
1318
1013
868
4998
5238
2442
2232
1429
-474
-1238
-2839
-3677
-5174
-5797
-6164
-7197
-7275
-9148
-8847
-5636
-12491
-13273
-12437
-9309
-11644
-7356
-6603
-11276
-1891
-3242
-1696
3621
1723
3307
6039
5059
5884
7759
7510
6311
7571
7179
8015
12627
8599
8278
9404
9533
8219
8458
9116
6222
6298
4442
5032
4784
3808
4247
3338
2017
-41
-1788
-3587
-4662
-6082
-5986
-8349
-10056
-9722
-9370
-10687
-11566
-11439
-6716
-8969
-15722
-8153
-8035
-8605
-11047
-9422
-10747
-5720
-4217
-8712
-392
-4262
2704
4054
1903
4019
4714
6581
9879
9926
8844
11082
8133
10761
11690
10043
10168
11753
9269
7948
7373
8938
8692
6383
6621
5400
5531
4123
4718
2480
-118
-728
-3534
-3816
-3797
-6750
-6597
-6690
-7202
-7737
-5668
-4101
-7334
-4019
-2714
-4186
-3640
-3732
-6060
-5591
-4255
-6811
-4126
-6475
-6539
-4283
-5414
-187
13
2052
6296
7056
6484
7275
8489
8004
9729
10325
11151
9900
9092
9750
9959
10156
8495
7676
6575
6331
6533
4410
4330
3668
781
1570
220
-1663
-3482
-4768
-6154
-7346
-6559
-8212
-6301
-6699
-4129
-4479
-6757
-4604
-3504
-2464
-5659
-3419
-2382
-4959
-7693
-6510
-2911
-3430
-5185
-2526
-3565
-2414
3615
-3121
-2337
946
4519
7356
6793
7565
7136
9698
10427
9734
9134
9695
9153
8915
7685
9149
9199
7534
5355
2950
2708
2298
2442
156
-2542
-3255
-3622
-5526
-5172
-5614
-6534
-7886
-7368
-4544
-5273
-4213
-3757
-4236
-4178
-3281
-4187
-6776
-1119
-1614
-4105
-826
-1250
-3316
-3926
-4276
-6190
-4222
-5229
-5223
-7797
-2637
-7297
-9402
-1569
-4962
2432
695
1083
3386
2125
3395
3966
4108
2958
2766
2283
2664
4281
4017
405
-256
-2384
-1807
-1497
-2971
-5140
-6717
-5704
-8080
-6647
-4131
-6613
-3141
-2448
-4683
-427
-2261
1092
2716
1749
4744
1528
622
3902
4318
504
1914
3562
1310
-2287
-977
-211
-2260
-4717
-4690
-5712
-6431
408
-2605
-4970
-2168
5
3098
4068
2720
1665
3582
5808
5113
4413
5241
4622
5494
5549
5751
4876
2175
-235
-1862
-1007
284
-733
685
-392
820
4196
1444
4363
8166
5619
7307
9450
7246
8405
8131
8920
7990
8030
7436
6580
5929
4276
4212
2295
2730
1049
72
-2008
-3580
-5653
-6243
-7169
-7778
-10937
-8307
-7082
-12658
-5057
-6824
-5566
-2820
-4381
-2344
-2223
-2920
-4521
-3520
1904
2274
2488
2356
564
2308
949
-44
632
1717
3392
3608
7695
7397
8477
3562
5310
6815
6480
9183
7547
6540
8371
9134
8977
7940
8696
8737
6041
4867
6126
5800
2866
1801
2840
-57
-4688
-5611
-3377
-5354
-8625
-9291
-9157
-10506
-7753
-3774
-11638
-9004
-6351
-5252
-623
-3009
-2458
-1630
549
-65
-159
-941
92
721
-642
2077
1579
1785
5007
6476
3033
7083
9409
7833
13181
12827
14440
12801
14668
13879
12795
11899
10942
12667
11849
10121
9088
7995
6149
4352
3315
2630
675
-419
-1352
-2187
-3208
-5476
-6792
-8613
-14762
-15256
-15541
-15617
-18462
-17350
-14705
-18460
-15826
-12251
-10791
-9207
-9123
-7018
-6086
-2478
-4022
-673
752
-410
2469
2756
6344
9269
7071
7297
12692
11718
12923
11591
11587
12440
11841
13733
12204
12709
11637
10731
9793
7672
7727
7180
4972
3323
1311
2258
1507
-1990
-1235
-468
-2542
-7011
-5416
-4163
-10438
-12737
-9350
-10342
-13299
-13442
-13356
-13273
-13116
-8362
-11723
-13014
-8483
-5201
-1684
-2044
-1652
-1445
2152
7051
6914
10586
11232
7369
14885
16343
15058
15289
15808
17727
14938
15530
15659
15837
15654
13030
12438
11636
10222
9227
6771
4108
3394
3001
1772
-135
-1559
-4640
436
-838
-3285
-1009
-4221
-5602
-6382
-7143
-7515
-8279
-9798
-11037
-10541
-12143
-11795
-10891
-10800
-12994
-7688
-10773
-11381
-5514
-5709
-7880
-5847
-4283
-2404
3502
4340
4578
6706
9118
10284
12073
13878
13737
13346
14416
15013
14423
14425
12724
13323
12208
11714
10707
9311
6986
7252
5659
4638
2905
1664
4097
573
421
-2087
-1050
-1465
-3990
-4400
-5250
-3075
-8007
-6523
-3095
-4942
-9057
-9668
-7890
-9494
-13201
-13184
-12825
-12462
-6732
-11971
-10236
-6820
-4236
3229
3119
3010
6154
8370
9668
10866
11772
12105
13047
13797
12343
14118
13162
12923
11658
9995
9180
8641
8401
5643
4914
4648
3116
3429
2438
779
664
-2736
-2311
-2369
-5511
-3478
-4456
-7333
-50
-598
-2008
-1800
-2555
-4363
-4145
-5133
-5929
-7583
-9603
-10771
-12826
-12545
-13027
-18496
-19496
-13884
-13467
-13305
-8035
-7412
-1672
1434
1368
2439
5102
6976
5834
7852
9858
11244
12508
11557
11771
11275
10645
9278
7907
9505
8735
8081
7014
5458
5951
4893
5294
4663
5842
4051
4674
4025
1626
3016
1653
284
-132
-576
-3791
-4630
-5732
-6337
-10487
-10780
-9887
-10471
-13890
-16059
-14264
-14786
-15657
-15026
-11288
-13720
-6817
-7758
-9482
-3487
-3154
3659
3844
881
1937
4918
6251
9217
8435
6928
10575
9841
9567
10121
9519
8594
7414
8498
8521
6132
9469
8224
5859
7223
7464
7931
6900
6331
4611
3437
2826
3263
2984
1650
1398
20
-1777
-2712
-4545
-5644
-6308
-8761
-9138
-10624
-11086
-10432
-13134
-12167
-9575
-9658
-11004
-7123
-7351
-4168
-5985
-6147
831
-981
3727
4649
7725
8674
8786
9807
11286
12047
10716
13548
12171
12870
14673
13087
11913
12425
12096
12726
11018
9554
8038
8273
8714
6656
5915
4410
3299
1517
-679
-2727
-3431
246
-785
-3635
-4246
-4013
-7062
-7523
-7328
-8599
-10481
-9227
-5256
-5121
-11698
-9471
-5263
-5890
-8628
-8511
-9870
-8916
-544
-3434
-3490
-418
2386
5288
6128
6469
2646
3778
7819
10399
8263
10951
11693
13879
12287
11186
11865
10119
12391
11536
9215
10718
9480
9809
9175
7804
6966
5371
6484
3259
1313
123
-1492
-1774
-3325
-5149
-6089
-5974
-7515
-7602
-9165
-8837
-5400
-8082
-8978
-7344
-5525
-6400
-6557
-6508
-7554
-7432
-7655
-5812
-8063
-3211
-1759
-5132
-2290
2538
3222
5223
7545
6796
8538
7645
10609
9942
10829
12658
11884
11367
11597
10909
10270
10278
9473
9038
5802
5757
4634
4298
2640
-123
-737
-2609
-3292
-3051
-5135
-5543
-7257
-8054
-6722
-10627
-5174
-4440
-11758
-7716
-2776
-5639
-7975
-6973
-5063
-4700
-8487
-8361
-5254
-6736
-9018
-7256
-9132
-8873
4593
2187
-4415
1505
6230
8442
10911
8192
8766
11655
13233
11940
12174
13264
13269
14184
13109
12813
9822
9970
10153
8261
6444
4603
4218
3436
2798
141
-6238
-5793
-5425
-8760
-10011
-8917
-9084
-10023
-5163
-4051
-9255
-4361
-3277
-4012
-3938
-3031
-1558
-2158
-2408
-2098
203
37
342
-2536
-3670
-3029
-2376
-3281
-4714
-507
-2738
-4404
181
3345
4714
6373
7190
6978
8438
9168
10356
8451
8051
10519
10051
10651
9247
8791
7619
6749
5609
3597
1950
956
164
-1500
-1427
-3742
-1796
-1087
1374
2396
-1626
2018
3619
3106
4060
2423
4976
4673
1971
2923
3580
3206
1571
3134
3770
2103
-1531
-1972
-1412
-1533
-3101
-3788
-3821
-5349
1099
-422
-3985
-928
1362
3887
4299
2710
518
1611
3868
4211
5113
2010
252
3927
8256
5855
4606
3696
701
375
-1379
-1351
-414
-87
413
-1461
3567
2303
4349
6490
4737
7787
7147
7510
7831
6370
6495
6677
5263
5590
5664
5857
4946
3851
3989
439
712
-227
-2688
-8405
-9547
-8581
-9529
-9265
-12118
-7471
-7908
-12237
-4027
-4546
-1431
902
-396
690
405
851
2310
1703
526
-240
2017
4477
2060
2570
-290
1780
2075
-1521
5142
9051
5776
7788
9434
10056
12365
10826
11219
10808
11572
8920
8387
9037
7952
8148
6852
6588
3776
1797
2448
1153
-2268
-1977
-2279
-5135
-10062
-9529
-9365
-9373
-10102
-12678
-13206
-13798
-6591
-11111
-14499
-9725
-10216
-5583
-3602
-6904
-6362
-5104
-2632
-1031
-2515
-473
-2231
-252
-1736
-601
4684
1513
8004
5302
2303
8437
10097
11637
9992
9904
9814
10685
10610
10584
9560
7810
9370
7789
6710
6215
3467
2919
1637
-450
-126
-2273
-3450
-3754
-3236
-4891
-5027
-5262
-8007
-8971
-10370
-10502
-10445
-10243
-13531
-8150
-8216
-11323
-6388
-6401
-2885
-3714
-3956
-551
-2020
-130
3227
3811
2185
3891
8140
10368
9082
10258
12998
10733
11436
12341
12292
12827
10709
9889
11438
10689
9072
8307
7066
6727
4893
2351
1562
870
405
-1636
-1805
-1467
-4931
-7242
-5515
-6445
-10718
-10413
-8786
-10780
-15217
-13111
-11659
-15139
-15644
-14662
-14594
-14165
-9243
-10023
-10924
-8452
-4913
-86
-670
-1079
47
3658
5160
6695
12297
9576
10316
15570
14829
14717
17088
18794
16308
14910
14812
14816
14555
15293
14777
12881
12418
12261
10496
9026
5690
5004
4146
2654
2246
200
-107
-3111
-3040
-4600
-7935
-8788
-7409
-9518
-9682
-10548
-12785
-12554
-13817
-13295
-17394
-15301
-12372
-14327
-16686
-13278
-8291
-11132
-4576
-3399
795
529
5418
8339
4361
13870
13344
14403
16282
14937
18450
17719
18366
16644
16083
16033
15049
16111
14799
13629
11644
11030
10329
8778
7386
6522
5111
1897
2307
917
-1624
-2510
329
-2953
-3087
-1673
-6781
-11246
-9616
-8572
-13699
-11347
-6615
-7952
-12110
-10115
-7785
-10182
-9258
-11501
-9777
-11566
-3344
-6072
-11241
-3518
749
5011
3993
7965
7638
10551
14822
15797
15474
14568
15618
16704
16156
15122
14516
14294
15563
13855
11951
11606
11400
8162
6590
5206
3194
3163
3636
606
-742
-966
-2948
-2916
-4045
-3634
-4412
-5305
-4685
-5591
-5726
-6688
-6752
-8314
-9215
-9799
-11122
-12183
-13791
-12846
-14187
-12823
-11699
-13276
-11060
-4604
-9022
-8066
-459
-751
4529
6948
8296
8888
10011
10890
12545
11969
11993
13908
15516
15918
12161
11372
10284
9980
8916
8063
8908
6437
3966
4838
3526
2490
1802
2334
79
533
-89
1502
608
-2656
837
-3154
-1064
-3053
-7004
-6215
-5208
-7807
-11844
-12056
-8963
-12233
-16636
-13339
-12392
-12820
-12273
-9071
-12920
-8907
-1556
-6562
-8096
-2593
-2500
6400
9413
7470
7751
10518
13714
12463
14540
13086
11805
14329
14933
3975
3544
4772
5046
4972
3271
5443
5109
4170
2206
3655
1491
2494
1941
252
759
-1221
98
442
-463
-1925
-1126
-2439
-3305
-3378
-5736
-7640
-6855
-7246
-7559
-7391
-7063
-3693
-7098
-8263
-1877
-3866
-3013
-3683
-6196
-1027
-2237
-1272
589
2059
4372
7476
6819
9201
10586
7725
11652
7010
7469
10067
9152
8787
8509
7779
6486
7859
6970
7042
6603
4734
2536
8160
6964
6258
5499
4485
3509
2363
1161
303
-1442
-3082
-2426
-5824
-3966
-5302
-7284
-6463
-6207
-8011
-7019
-2772
-5090
-4196
-5187
-5047
-3072
-3064
-3641
-6436
-6283
-3334
-6072
-4144
-7267
-5621
1100
3038
4558
3656
4183
5577
7539
10331
9057
9198
11301
12846
14403
13111
10368
10866
12873
11586
10602
10093
9420
8222
6222
4864
4281
2894
1852
249
-2490
-2164
-3921
-3807
-4330
-4246
-3178
-5221
-2339
-2462
-6423
-4330
-921
-1220
-1500
-1776
-1844
-2499
-4617
-2528
-4049
-7345
-3146
-2408
-3778
-842
-2203
-2306
1819
3590
5622
5230
6347
8459
8915
9249
9199
8275
8136
9481
9921
9694
8265
7079
7230
6369
4112
8041
6189
5115
4621
3267
756
870
-1425
-2140
-1786
-3835
-3896
-4075
-4125
-5316
-2475
-1950
-3292
-2229
-2286
-534
717
-288
-2549
-1723
2518
-716
-5900
-3021
-4450
-7808
-7485
-5642
-5124
-4886
619
973
-6123
207
4049
6283
7000
6185
8329
9334
10505
10087
8397
9674
11885
11824
10486
9870
7662
6255
7925
5292
3331
2225
1412
572
-2018
-2570
-3134
-2400
-3755
-4779
-1477
-1725
-3364
-3444
-1097
1026
179
-301
450
352
-1406
-1065
-1111
-1505
1234
873
1627
265
-1958
-1327
-2067
-933
-3933
-4475
-3964
324
24
-3822
1245
986
5694
8161
7702
6607
6454
8739
7120
6877
4782
6921
7579
6002
5874
3300
862
1249
-545
-2332
-3756
-4021
-5779
-4812
-5738
-7203
-3730
-1958
-3954
-4749
251
-1179
-947
-1426
-89
-1970
981
1575
-1904
159
2665
2062
-2698
-26
1686
-716
-6826
-5066
-543
-3432
-2891
-2109
-2066
-3070
3198
-1386
-4523
-4418
-4395
65
670
559
-144
184
2244
955
1628
2309
970
1525
2522
644
-1342
-1623
-2751
-4431
-3324
-3854
-265
2886
-803
-2431
4086
4665
4327
3325
4559
6065
3784
5365
3810
4015
6293
6963
5906
4924
3935
4045
3305
3446
1855
-2085
-4999
-2578
-2993
-6505
-6693
-7777
-6238
-7660
-9217
-5543
-7264
-10084
-5408
-4901
-3173
-828
-2088
-1219
-2000
264
-1587
-2620
-2453
-1099
549
-1715
-307
-1373
-1378
-912
1567
3036
2130
1532
5358
10203
8334
8790
9987
8914
9095
10975
9366
8462
8961
8412
8866
8008
9084
7150
3999
3170
4985
1009
-3233
-1921
-2562
-3108
-7336
-7892
-6285
-9206
-10928
-9724
-10696
-10896
-6150
-8440
-12673
-9152
-6208
-3538
-5063
-4860
-7199
-5087
-1739
-3411
-3123
-3016
1955
1411
3354
4703
2801
6198
10074
9544
9264
10057
10867
13439
12246
11144
11977
10146
10697
12645
11016
9176
9381
9906
9619
8536
8040
6039
2077
1777
1425
604
471
-2548
-6172
-5964
-5991
-7966
-9240
-10276
-11549
-12635
-13196
-14224
-16849
-11241
-14745
-16130
-10695
-13258
-7905
-6639
-8274
-8058
-6739
-7644
-3929
3288
2552
10597
11369
7858
13412
15601
14057
15007
14141
14098
13719
14758
13307
13257
14529
14113
13325
6870
6621
5493
6055
5617
5491
3777
2083
188
1526
2585
-2021
-2780
-2855
-3885
-8505
-8694
-6864
-7419
-12386
-13840
-11498
-11457
-13676
-14936
-11234
-13657
-8435
-9993
-12105
-11721
-8768
-1143
-1258
587
579
3650
8454
7950
6008
12635
13976
14006
16008
16092
15071
14302
15440
13076
12336
12911
12820
11916
11038
10253
10191
8779
7099
6573
4028
542
1074
1010
-639
-1992
-3161
-2950
-5496
-7206
-6453
-9513
-12447
-10511
-13666
-14287
-11213
-14074
-15493
-16169
-15793
-18772
-18189
-13585
-17682
-14745
-11306
-15678
-9342
-7212
-5776
1151
3251
1370
1241
8959
8772
7905
10120
12909
11945
13403
16874
12894
11782
10621
11526
10975
10000
11064
10027
9242
8580
7348
6415
2751
3505
4090
2648
2596
-614
-547
-1681
-2969
-2121
-2460
-3714
-6505
-7107
-6363
-7064
-10974
-8792
-4554
-11081
-12267
-11523
-12141
-13156
-13598
-12791
-13575
-10122
-8775
-7281
-6556
-6785
735
5756
4338
3571
6300
8517
6098
8199
10825
13690
11797
11813
13703
10229
10407
9726
8465
7032
7674
7759
8196
2216
2082
2964
1797
2163
556
2796
-1096
187
-347
-1205
-1353
-1043
-3998
-3351
-1580
-6994
-5147
-5609
-6684
-6847
-7660
-8648
-9733
-11747
-12995
-13659
-12798
-13149
-13917
-11498
-8034
-9924
-8571
-3633
-2339
2770
3008
3717
4704
5838
7305
6031
3771
8059
9970
8118
10374
9599
10542
8078
8573
7281
5965
4445
3866
4260
2467
4129
1757
3678
2588
4167
2635
1884
6201
2285
1573
1425
2047
1365
-689
-2606
-4854
-4044
-3506
-7007
-8670
-7798
-7943
-10412
-12029
-10219
-7036
-9152
-12271
-5741
-7773
-5942
-583
-5011
-3614
-2442
755
3787
2344
1614
2223
5264
6090
3748
6681
7069
5567
8571
9061
3122
988
4360
3959
3622
2690
3962
2474
2729
4847
3894
2551
3593
3414
1378
2204
671
864
1357
416
-647
-3416
-4642
-3782
-5940
-6718
-6487
-6423
-6442
-8059
-6766
-2990
-5413
-8463
-5680
-4288
-4126
-3549
-4511
-5177
-1646
-5989
-571
2041
-585
5112
3484
6386
5694
8149
5718
5266
10307
10916
6120
7181
11030
4956
11343
8898
8292
10806
8595
9592
8092
8543
6943
6160
6045
4920
4193
3294
2660
347
404
-846
-3439
-5087
-5931
-3636
-4573
-6624
-7899
-2085
-3152
-9219
-4844
-769
-4939
-8615
-6754
-6475
-7030
-8826
-8089
-10587
-7253
-1913
-8397
-6273
-4926
-3191
956
1783
475
1407
3129
1545
6297
6592
7258
7085
8098
10351
8113
7106
7481
7427
5161
3859
4702
4513
3739
3054
969
1138
721
506
-2122
-4558
-4966
-6063
-7921
-8714
-6761
-8569
-7786
-4501
-4233
-8857
-7700
-3513
-3233
-4654
-5190
-4081
-7169
-5456
-7291
-7887
-7782
-6445
-5569
-7566
-1731
-5105
-3533
1488
2044
6118
6758
4364
7553
9611
9056
10940
9589
13367
12961
13307
14351
11340
11032
10021
10066
9340
7841
6782
6048
3892
2899
1750
-441
-926
-2249
-3495
-3321
-5384
-8569
-6457
-2546
-6393
-7071
2371
1349
1017
350
830
1194
-2842
-484
2286
-2236
-4978
-3696
-3007
-4737
-4104
-3374
-3111
-3122
2187
1219
-2471
-336
1330
6729
7419
5986
1238
3410
3959
3333
3681
6642
8383
6827
5985
4164
3236
3807
4428
2633
402
-141
458
-251
-1156
-3145
-3578
-4121
-4922
-2786
-7666
-2326
-1066
-3654
578
-434
2831
126
335
1681
-16
1399
688
1369
1803
1667
1592
-1383
-48
1001
-1695
-1869
-1352
-1880
-4621
-3855
-1514
-3279
-72
2934
3515
6109
3752
5608
5761
6265
4992
3453
7194
7173
8772
6886
4902
4136
2846
2578
1914
25
-2566
-871
-1470
-1709
-2058
-781
4136
-2636
-2686
3541
3371
2252
2224
3878
2404
4629
6967
4802
1758
3132
6197
4031
-18
1395
4095
2146
-3641
-2555
-1040
-6359
-7383
-5577
-5903
-8111
-906
-3052
-7795
-4245
-2027
1309
2458
1834
-423
2102
3475
3378
1644
2792
5048
3211
2964
2673
506
-315
972
-752
-2634
-2223
-824
-444
5183
717
91
5784
2970
6741
5016
6064
4674
4902
7199
5193
6448
4309
3737
4504
3411
2128
924
418
-623
-1525
-3928
-9002
-8061
-8197
-9897
-11117
-11753
-12102
-14315
-10737
-9865
-14484
-10356
-7923
-7942
-3847
-5057
-4645
-4466
-2575
-572
-4718
-2394
-308
-2055
-170
-2065
-1458
-98
173
6182
4108
2421
8584
10451
9794
9125
9290
11911
11324
11616
12537
11583
10753
10674
11120
10553
11103
8267
8530
7517
4022
5358
3215
-2463
-2461
-511
-1449
-4695
-6840
-5222
-7361
-9609
-11100
-11599
-13224
-8265
-7732
-14005
-9547
-7949
-6698
-4364
-5303
-7015
-4380
-2627
-2448
232
-2786
-2203
1664
1407
3634
8366
8519
5357
9043
10884
11969
12172
12591
10626
7524
10956
10934
9856
7816
13388
11953
11939
12415
11299
9252
8412
7686
6598
2957
321
1466
349
-87
-3088
-3795
-5993
-7281
-8891
-9327
-11525
-11850
-13729
-13564
-14189
-12692
-9202
-16016
-9867
-9836
-7379
-3578
-6097
-1545
-506
-314
2960
2079
7091
10382
7410
14121
14863
11241
11208
12045
15636
13644
14898
14784
12323
12441
14018
13076
12890
12523
13046
11749
10551
9450
8471
7957
3099
2590
2697
2980
386
-2202
-1801
-2397
-4604
-6962
-7863
-8669
-9859
-12873
-12089
-12800
-13994
-15370
-14906
-14557
-12627
-10205
-13644
-9378
-8371
-7557
-94
-324
-650
1482
5733
9285
8358
10629
12741
16702
17205
16933
17968
16029
16660
17084
16166
14257
12273
12089
12611
10144
9610
8739
7637
6224
5057
3390
-1126
-244
-925
-2859
-3683
-5150
-6996
-4109
-2552
-3913
-10051
-11909
-14789
-13825
-10084
-9067
-11842
-12916
-11752
-12651
-11953
-12961
-13908
-17396
-13527
-17467
-13004
-10485
-7825
4528
1389
-370
6730
8935
10904
11938
11416
12900
13630
17332
17212
15802
16056
16726
17795
14969
13535
14435
11943
10968
11087
8218
7707
5668
6757
5784
3721
2374
1609
146
-1089
-68
-4082
-4468
-5071
-6119
-7268
-7436
-8804
-11204
-9638
-9362
-12055
-14291
-13889
-14258
-15858
-16371
-16611
-17748
-13787
-11171
-13820
-8680
-1259
235
9454
9746
7068
9089
14031
14138
14780
16305
15229
17155
17596
18896
11027
10573
10003
7804
7158
6795
5238
4186
3681
2898
3527
1188
3165
1571
132
-1432
-1754
384
-1202
-2029
-3433
-1748
-1674
-3387
-3026
-3325
-3875
-5127
-7654
-7509
-8698
-9830
-10430
-11748
-10110
-11964
-10944
-4692
-11429
-8945
-1589
-4342
-493
1532
3243
5013
6637
8396
7679
8319
10783
11677
11783
9573
9562
10645
8689
13007
12517
9571
7892
8657
10172
8784
8163
7058
4644
7852
5197
2971
2288
2689
5216
2289
1498
1689
170
695
129
-417
-2409
-4455
-5268
-5688
-13227
-14537
-12260
-11033
-12922
-16297
-10010
-8559
-13197
-11847
-8195
-7505
-5681
508
-2836
-4063
-443
2943
7201
6720
5337
7374
11430
12155
10915
11386
10668
12523
12064
9901
10741
10959
11640
10271
9501
7291
7897
9730
9073
8980
8181
6299
6281
6845
5577
4437
2883
2342
1275
359
-1375
-2385
-4271
-5208
-6126
-6830
-6243
-7460
-6032
-2708
-4730
-8378
-3908
-5353
-7408
-6708
-6713
-5749
-6835
-3175
-2405
-6435
-3568
-982
1598
5189
3366
5604
6566
5926
6165
5024
6798
7725
8240
8988
5732
7769
8639
8211
8318
4541
6122
5432
5453
4727
1734
2665
1443
1080
220
-2210
2324
-4
-556
-2398
-8676
-4064
-5260
-4266
-5154
-6553
-7765
-1121
-4830
-15142
-7469
-5624
-9113
-11782
-9979
-9583
-9639
-10998
-8819
-9018
-7800
-907
-6664
-7786
-1342
-559
4062
5921
1931
3744
8438
10637
10610
9907
11632
12781
14104
13750
10817
12850
12274
12061
12039
8885
9815
9410
8826
6519
4610
4249
2092
1820
-571
-2459
-3382
-2680
-3214
-3431
-4613
-2490
-1549
-6773
-2354
-1487
-2153
-2195
-2694
-3599
-3971
-4002
-6089
-5026
-6188
-5976
-6022
-5033
-7980
-7007
-2641
-9194
-4647
-743
798
5851
5560
5853
5374
8373
8693
8227
8773
9621
8495
9318
10110
7607
7691
6693
6497
5517
3871
1322
769
-837
2407
1551
396
-593
-903
-1649
-1893
-3204
-4122
1502
-2629
-3961
-1403
465
223
-3995
-1357
1284
802
-3382
-1486
56
-2781
-4984
-2317
-3471
-3385
-2545
-4191
-6178
-2649
4934
-2958
-977
3651
6151
11526
9741
2721
3645
3344
7376
8850
6468
7095
5683
5923
5949
5668
4363
3982
1885
1265
-467
-1504
-1201
-2968
-3710
-3551
-3621
-5341
630
1749
-5353
-2170
566
-1014
1069
879
1300
764
-202
1367
1080
1452
407
138
2047
866
440
-633
-1671
-3181
-3958
-2204
-3199
-4465
-1709
971
-2524
-1588
2434
3657
6033
7368
6366
6084
8116
8995
8970
8018
8042
7346
7220
7442
5668
4609
3392
3767
2322
1368
1269
297
-294
-1559
3298
1839
-2371
4117
4982
4282
3843
2366
4012
4227
2792
2261
4920
4124
2955
2660
3318
1259
-1312
984
-437
-2908
-5184
-4634
-4394
-6113
-7757
-8027
-9305
-5041
-182
-9768
-8257
-3604
-2839
-63
-1801
-1827
-1906
157
2128
6370
5129
4962
4520
4075
3826
3313
1668
2585
1664
113
5415
7189
2532
3458
8012
6325
6172
5378
7939
9136
5839
8883
8896
7691
7872
7420
6754
7306
6700
5728
4625
2774
2313
1560
815
1018
598
-1744
-3993
-5158
-6401
-6888
-4895
-6681
-7264
-6258
-11548
-13610
-6743
-6801
-4178
-1946
-1570
-2027
25
315
-316
191
1290
626
1558
2795
1344
3097
5983
7151
284
6875
12367
10314
10635
11150
12975
10306
10344
10696
10835
11452
11666
9483
8841
7864
8925
8366
6899
5201
2673
2974
3645
1052
-2174
409
400
-2125
-6396
-6442
-5463
-6739
-8449
-9082
-10363
-10422
-3586
-7547
-12418
-7986
-5454
-4260
-2427
-2970
-4088
-1637
-795
1563
1505
-177
4261
7272
3879
5918
11996
9700
7862
8540
7874
8239
14085
14530
13196
12036
14021
13915
12524
11145
10059
9625
9507
8395
7338
4977
3618
4262
2641
1312
-609
-1073
-1082
-2393
-4126
-5175
-5425
-6879
-8578
-10190
-10462
-10743
-12682
-12439
-13714
-10643
-10200
-14561
-10287
-8494
-6771
-3371
-4782
-2819
999
3019
4203
4421
1985
6495
9138
11531
11841
12350
11637
11185
12308
12544
12533
11727
12995
11545
10164
9736
8400
8467
7510
6118
4708
2764
4175
1696
2378
709
-1732
-304
-4135
-4012
-2921
-3923
-7574
-8238
-5752
-6325
-11685
-11988
-8087
-10361
-14030
-13746
-14644
-14524
-11247
-10861
-12976
-7438
-3779
-2765
4929
4829
4521
3589
10652
16218
13467
15911
14630
16222
17658
19233
19527
16045
15717
16164
14506
14770
14424
13751
11963
10717
10563
7233
6901
6779
4869
3979
3888
1431
1321
1588
-868
-2684
-2656
-5697
-5057
-5591
-7030
-7068
-9905
-8761
-8863
-7419
-13022
-14260
-12197
-10563
-10180
-13182
-13290
-12421
-8595
-11517
-7798
-773
-2200
-145
7101
7587
6175
9589
11363
11484
11628
10885
12026
13463
12942
12893
11736
9282
15169
14399
11708
11451
9541
8739
7652
6545
5668
5008
4325
2026
3654
-405
-1169
929
-3225
-1457
-4235
-3611
-3311
-4668
-7501
-6823
-6127
-8384
-4149
-4834
-6865
-11984
-9692
-7047
-8530
-10069
-9041
-6512
-4319
-2124
-1096
-739
302
5866
9574
10810
11060
11153
6522
9852
11831
12048
10423
10968
10555
10583
11188
7626
6746
6069
5153
3465
2104
3218
1960
-1013
-1655
-2735
-1997
-2393
-3936
-4089
-4585
-4636
-6774
-8862
-8554
-4212
-4564
-7047
-6808
-8979
-8138
-6210
-7980
-8238
-7820
-8367
-7515
-9555
-9732
-6458
-4374
-6837
-5583
-2761
-107
1381
-3652
2366
4344
5710
9386
8390
12013
11864
12612
12409
13414
13539
13153
12697
10488
10630
10046
10376
7594
7734
9365
5263
4717
6844
4696
4225
2528
-59
1985
4591
3380
3065
1093
-379
897
-696
-1535
-2999
-2293
-4458
-6677
-6433
-3837
-6028
-7207
-3562
-933
-4518
-10860
-1975
-117
-3863
-3887
-4299
-2424
-1674
2537
-1326
-4514
890
4170
7018
7673
5515
6461
8924
8260
10151
9605
8475
9145
9153
8814
8013
6946
6691
5542
3655
3138
6113
9320
5390
2905
2068
1568
1182
1505
494
-1185
-3121
-3989
-3915
-5561
-5104
-7183
-7867
-8009
-9486
-9382
-8430
-4090
-7171
-6638
-1319
1148
-1840
-2479
-2732
-2847
-3337
-3124
-3179
-5497
1196
-3235
-3889
2027
1474
5291
3869
5861
4762
5348
8816
9695
11281
4661
3651
6900
8640
7439
6667
6516
4453
5531
6870
5941
6177
4220
3905
2923
2840
1625
2078
86
-844
151
-3333
-784
-2474
-3182
-3930
-1010
1885
-3919
-2550
3278
2113
-2232
-894
853
-14
-4652
-5688
-4424
-3692
-5344
-5632
-7176
-6353
-793
-2518
-8079
-5298
-793
1680
3617
1072
4105
6161
6875
8125
9481
10300
11495
11388
10875
10575
8301
8177
6191
6122
5124
4117
5449
5034
3570
1600
-164
590
269
-1905
-1867
-3750
-4824
-5405
-2830
-2601
-4936
-6364
-3658
-1390
-2137
-1883
-3527
-2525
-5584
-4342
-7053
-6060
-5723
-9335
-6643
-4593
-3367
-1874
-3949
-6378
-620
-1211
-3553
2075
2369
5915
8376
6858
7944
9410
10431
11226
10919
11406
11202
11577
10205
9478
8429
6232
6117
4651
4857
3480
3041
3767
1519
-117
1190
-1137
-925
2184
1103
-58
-7039
-1033
-1471
-2497
-3064
503
-153
-2582
2053
-1981
-126
-1721
-1116
2583
413
-5146
-3458
1387
-1153
-3036
-2048
-2826
-2769
1220
2233
-3726
-1290
4106
2838
7102
5756
4835
6393
7944
9639
8790
8947
8217
8154
8348
6922
4568
2755
2387
2220
-443
-727
1609
889
-988
-628
-1261
1193
779
-2090
259
810
1467
2206
92
1600
3318
2150
2869
637
1944
3439
2176
2011
822
1222
-335
-933
-1991
-3626
-3834
-5245
-5233
-5038
-6763
-6428
-3676
-8870
-7316
-1920
-4127
-21
180
-614
948
1414
1535
696
788
-451
759
-50
-1870
-1933
-2084
-2368
-1922
-832
-3174
-199
1579
-1663
-1039
1336
2437
2420
2276
2755
3249
2916
4607
3850
4759
6428
6050
6712
6106
4426
2729
2608
2580
-592
-1269
1372
-141
-4742
-4846
-3900
-5097
-6333
-7369
-7786
-8953
-4061
-7156
-9131
-6832
-6644
-728
-1286
-1582
-3194
-2581
-178
330
1049
-94
189
275
983
-1747
-1468
1584
448
1677
5811
1957
5173
10445
8475
9859
7364
9457
10069
11303
11040
9192
11500
10560
11984
11585
10699
10287
8628
6628
5740
5317
3547
3153
1869
1666
900
-405
-2062
-3887
-5104
-5927
-6403
-7627
-9040
-8603
-8862
-12292
-12310
-8824
-7681
-6154
-3925
-6750
-5577
-6629
-4706
-4173
-5262
-4070
-4374
379
501
6052
4231
8961
13820
10560
11070
13775
15430
13360
12887
11992
12611
13949
13309
13251
12812
12434
11413
11601
8527
7436
5988
6068
6780
2657
1682
2930
2486
-2351
-2032
-454
-2721
-6734
-8096
-7492
-9528
-11343
-12070
-12375
-13839
-7953
-11094
-16624
-9533
-14207
-10546
-8622
-8811
-7962
-7512
-2885
-2519
-2921
1296
4511
4169
6983
10340
11469
10410
11474
11167
11199
11957
11554
12902
11921
12247
13247
12459
12629
12473
10982
10642
9077
8304
7656
5357
5020
4301
2689
2075
-530
-1118
-1236
-3478
-4730
-3911
-6492
-7080
-9700
-11311
-11784
-12509
-12331
-14384
-13882
-15272
-10497
-14172
-12091
-7327
-7010
-2390
-1078
28
2797
7626
6049
7179
12504
12835
13038
14565
15441
14979
14144
13607
12009
13797
12817
11696
10873
8172
13232
11965
12123
11046
10004
8823
7445
6833
4920
4171
2892
1735
-170
1890
-243
-2991
-4399
-5085
-3460
-7453
-8271
-6551
-13393
-19729
-13859
-14059
-18372
-16058
-16623
-14380
-15298
-9016
-10342
-12748
-6954
-5487
9
4018
3001
3833
7989
12097
11451
12055
16071
16248
16371
15931
15957
16837
17033
15761
13552
13486
12814
13136
12492
10800
10042
9146
8590
7841
7684
4920
3020
2803
-204
102
439
269
-1894
-1182
-2871
-5640
-787
-4083
-6178
-5112
-7263
-7485
-8010
-10231
-11071
-12014
-11102
-11725
-10481
-11482
-11424
-5350
-9688
-8712
-3605
659
3531
4579
4899
6907
8152
7177
8919
9911
11756
11269
10562
10782
10824
9591
8770
7733
6930
4242
4585
4156
2577
1136
459
162
5105
6581
1789
2584
980
1973
3563
-1330
538
-705
-847
818
-1626
-3239
-1301
-2369
-6635
-7163
-5653
-6713
-11142
-11663
-9120
-9317
-10822
-9808
-5220
-7918
-4356
28
-3833
432
1133
5586
7911
6838
7680
8666
11642
12696
11864
12777
14794
14773
15213
12516
10124
10407
9963
6443
9580
7432
7250
8564
5286
8621
6414
4231
5726
4754
3449
-731
-1156
-1059
-1449
-2395
-2610
-3914
-4109
-5792
-6869
-7713
-8283
-6951
-8840
-7623
-8307
-9214
-7214
-4463
-8911
-8224
-1761
-3815
-5147
-6480
-378
-5379
-2620
836
-310
7430
6292
8107
8537
7536
9067
8953
9134
6825
10260
13175
8754
9065
9881
10672
9177
8718
7367
8428
10778
7298
7875
7575
6496
7066
7976
7338
6176
5563
2808
1631
-940
-2039
-3621
-4560
-4827
-6420
-7135
-6159
-6132
-10355
-8688
-2551
-6217
-12857
-8982
-5203
-8384
-9861
-9819
-8370
-10032
-6990
-3743
-8182
-3408
-4343
-91
1824
4586
4717
485
6243
6022
8861
9287
9230
8971
12318
13016
9676
10609
9734
8017
9189
10041
8856
8500
7678
6706
6477
6637
5817
4286
1971
1088
-556
-794
-1491
-3650
-3092
-4051
-5332
-6974
-7457
-4582
-6990
-10465
-4541
-5133
-7112
-6303
-8463
-7821
-10500
-10126
-11905
-10805
-10938
-12690
-5367
-9121
-10740
-6375
-4877
-31
-295
-689
2595
3869
6169
6772
7072
6762
9611
12278
11743
13405
12578
11724
10878
11665
10613
9413
8922
7823
6864
5176
4808
4763
3148
1075
-232
-1265
-1651
-1263
-1211
-3258
-3641
-219
133
-3963
-5273
613
-89
-3263
-4277
-2003
-2248
-7615
-5784
-6991
-5783
-7707
-9700
-7936
-8674
-10184
-1391
-8202
-10736
4550
906
7210
6369
5697
7970
9173
10004
10434
9787
12504
15669
13120
14070
12109
11655
10275
9509
8271
6480
6903
5437
4392
2796
2106
-3120
-4253
-3974
-5905
-6643
-4259
-2453
-3897
-6269
1218
158
-2040
-1766
50
1953
-380
-317
-1754
-622
-1257
-1401
-3206
-368
-1105
-4665
-3169
-4166
-2519
-5183
-5430
-1076
-5221
-2230
183
328
2145
2109
4494
4322
5039
4006
4701
5010
6877
6593
5046
5834
2820
6506
5666
5133
3779
3118
2245
965
980
603
984
-1674
-1545
277
-157
-1329
1191
5575
2919
3044
4750
3652
5585
4118
-171
3570
5263
3203
2351
3142
3463
2893
-914
-7916
-5074
-8124
-8661
-9509
-8091
-8108
-2335
-1080
-10285
-4812
-2062
-99
2210
-307
2195
2991
5064
6421
2903
4829
6205
8612
7839
5379
4445
1117
2215
514
946
-111
-1238
668
4675
5418
1083
6709
8360
4306
6762
4950
4193
8839
7513
6923
7228
7271
7389
8097
8093
5983
5181
3950
2051
2308
1184
705
-1560
-3940
-3098
-4631
-2954
-4740
-6073
-7457
-3434
-7311
-7527
-1920
-4399
1161
-367
243
1877
2122
3419
3610
2918
807
3194
3690
3200
1505
629
2854
1730
2233
3315
7410
6377
3419
11457
12094
9718
11181
11709
11021
9655
9418
9882
10767
7789
7267
7174
6844
8044
3711
986
517
1087
-1663
-4885
-2554
-4380
-7674
-9875
-8979
-9958
-12814
-13708
-15103
-15118
-6089
-4162
-12651
-8661
-5517
-5497
-1617
-4176
-3609
-2809
-1171
1464
1707
-1515
1725
4238
5459
5042
-284
6617
2429
2771
10772
6865
7856
9502
9792
10315
9402
9821
7552
10365
9188
7251
7348
6077
5708
4081
2811
2928
1172
584
-891
-2787
-3302
-4758
-6491
-7959
-8748
-9701
-9729
-12367
-12180
-15114
-14589
-13983
-14684
-17099
-15892
-15125
-17881
-13310
-13233
-11415
-9508
-6054
-6190
-3740
-3802
-3091
-882
2289
2873
5088
10897
4810
9959
14107
12236
11872
12656
13482
12991
13208
13518
12293
11630
13707
12232
11310
9901
8511
7991
5399
4713
3770
2639
949
560
223
-2451
-2698
-3000
-4136
-8798
-8909
-8656
-10538
-13280
-16761
-13164
-14655
-16140
-15891
-14636
-16942
-14101
-11537
-19366
-13463
-9429
-7259
-3715
-4042
-4693
-1548
7004
4972
1018
10172
12163
10628
14347
13850
15214
14195
13084
11984
11176
11096
11166
12521
10408
8445
8349
7854
6356
3485
1826
917
-427
-1183
-3079
754
37
-1672
-3150
-3461
-4117
-6392
-5543
-5121
-9040
-13644
-13565
-14727
-15739
-17254
-17220
-17747
-14540
-15684
-15810
-16304
-13660
-11547
-12590
-7034
-8075
-4007
1157
4792
1696
5708
14302
9467
11465
13480
16361
16591
19588
19786
16331
16725
15250
17978
14994
14630
13262
11353
10132
9362
8615
6898
6449
4048
4393
2506
1125
-780
95
-2220
-4122
-2466
-2565
-3549
-5656
-4554
-3953
-7282
-6684
-4567
-8042
-9571
-10028
-9776
-9342
-11194
-10993
-9315
-9995
-9155
-4105
-1749
-4348
-2184
4027
9452
9394
7293
9266
12089
15485
15075
14125
13336
14346
15370
16427
16845
13738
12135
9768
8499
7889
7560
6867
4697
1253
2571
2292
-1430
-61
-1017
-2292
-4065
-4679
-4319
-6364
-6011
-6019
-6283
-5971
-7189
-7602
-8356
-10011
-11116
-11504
-12759
-13180
-13250
-14480
-15621
-14733
-14345
-15714
-8168
-5206
-5906
-4538
-36
459
1346
7321
9658
9226
10667
10563
12080
11612
13789
13439
12254
16074
15787
13386
13728
10959
4364
6298
2953
3869
3585
3261
2864
2571
1403
1566
2021
421
1745
1331
-806
205
-663
-2263
-959
-3160
-2378
-3434
-7898
-7629
-6020
-8711
-11029
-9399
-7024
-10215
-12420
-8402
-6661
-11644
-7467
-3963
-7614
-4807
656
-1251
-5327
-1685
844
4704
5704
3984
4522
5861
9393
7477
4998
7348
5963
11339
9741
7391
8543
6526
5537
2795
4119
2861
3617
4434
2778
1635
1878
998
527
-620
-2429
-3101
-3547
-3033
-5296
-6528
-7280
-8884
-8829
-9014
-9663
-11046
-10861
-10436
-10820
-9421
-7115
-8065
-13140
-6025
-5688
-7634
-4274
-5048
-3276
-3422
-1171
-5304
538
2742
1822
6831
5573
8299
8369
8796
10409
11028
12838
9956
12450
16741
14767
15527
12636
11847
11989
11476
10767
9359
9003
8299
6561
5256
3824
1768
1219
-1259
-2100
-4164
-5114
-5978
-7886
-8274
-9177
-8725
-7768
-12232
-10039
-1310
-8577
-4770
-1413
-2292
-3210
-5134
-3537
-4685
-4030
-4217
-7332
-3802
-3251
1452
-92
-5457
2460
2937
6102
8105
6824
3262
6795
8614
8499
7778
8201
10034
8481
11754
11113
9217
8414
8079
7884
5352
5470
6612
6004
3741
2152
1446
510
-198
-1912
-3426
-3656
-4657
-4407
-4684
-5652
-5972
-4511
-3675
-4472
-4906
-1675
-2227
-3767
-1197
-3425
-2513
-663
-2787
-3305
-3684
-1778
-2125
-2117
-1025
-674
-1337
77
2431
2431
6719
7759
9016
9275
10152
11539
11607
12021
12643
12522
11278
12668
13404
12083
10532
9216
7514
6464
5965
4205
2591
915
-1540
-1925
-3010
-2956
-4407
-4673
-5078
-4891
-2806
-1357
-4255
-6246
-344
-1205
-2967
-2731
-2009
-1469
-3528
-2909
-1427
-1139
-4159
-4626
-102
-4030
-5246
-7062
-6825
-412
433
5121
-1754
170
3565
5004
8925
8577
6706
7033
10359
11688
10520
11003
10828
9122
10024
9258
9305
6683
5923
3680
1621
911
278
228
-1786
-2262
-3958
-2609
-3497
-5554
-4545
-7441
-6371
-6627
-1560
-961
-3223
-526
-258
1552
-35
36
5373
4199
2559
4961
5112
4330
3641
726
-86
-103
-80
-347
-1167
-3734
-413
-1470
-404
3531
1949
5400
6216
5847
5955
6139
7042
5925
4774
4522
3767
4516
5916
4446
1106
480
-2556
-2384
-3829
-4834
-5177
-4825
-3004
-3447
495
-4634
-694
3521
1531
2446
1361
5264
4213
2353
3512
3535
3305
4404
4202
5234
3268
120
859
1713
-568
-4581
-4263
-3236
-4938
-7158
-8234
-7110
-9688
-4516
-4535
-10472
-3104
-4788
-1176
690
-290
-1399
-285
1674
2326
2123
-527
1928
-2349
3591
1203
-2000
-855
-3842
-2415
-3509
-2657
56
3299
530
288
7439
9479
7020
8378
8438
7739
8220
8330
9310
6614
6852
7761
8495
7848
6172
5697
3017
2507
1579
1707
-808
-1009
-3317
-4321
-6914
-7055
-7614
-8719
-10341
-8314
-7063
-13280
-4453
-6792
-4953
-2185
-2891
-1816
-2332
-2134
-3123
-1502
-3096
-257
178
-131
2596
3555
1149
4263
8007
5497
8045
10312
9125
10895
10852
10763
10137
10457
11166
9328
8765
8001
8521
8244
5668
4503
4879
5956
4352
2655
2548
1820
-2171
-4118
-1474
-3236
-7660
-11288
-9707
-8888
-11106
-12776
-12560
-12626
-13382
-8606
-13835
-15408
-7501
-8767
-9334
-6157
-7288
-6505
-5669
-4505
-2818
-4323
2343
2939
363
4780
6935
5566
6247
8435
7153
7410
9382
10963
10213
9339
10022
8833
8598
8482
8366
8643
6998
5976
4353
4490
3517
1642
1487
-759
-1736
-1740
-4096
-4350
-7290
-7923
-8138
-10019
-9894
-12215
-12945
-15932
-13276
-14378
-15120
-14171
-13132
-15040
-17355
-10358
-11425
-9019
-5177
-6343
-6530
-2480
-155
-1524
3199
5054
2823
5159
8595
10686
10013
15045
9602
8683
10065
9259
9765
10047
8700
8585
8018
6556
5435
4407
3780
3436
2924
3266
1136
1155
-796
-141
-334
-2937
-3340
-3552
-3540
-8608
-6388
-4609
-7646
-9747
-11090
-7083
-9787
-11249
-12082
-12006
-8253
-8273
-7662
-13653
-8530
-5140
-3801
-135
-292
-309
4080
10006
5583
9885
12966
13352
13920
13193
17235
17339
15111
14520
13255
12809
12882
14131
12048
10717
8908
7269
7937
5685
5056
1739
-153
-1405
-2217
-2456
1064
-4
-354
-73
-2076
-767
-2329
-2115
-3942
-5715
-4712
-6040
-3844
-6648
-8502
-8879
-9761
-10118
-9586
-11114
-11676
-7794
-10240
-8220
-4260
2578
4707
1666
7948
9908
5536
7244
8145
8939
9227
11943
11057
13066
14045
12117
12810
11555
11362
11140
11397
9957
8134
8065
7445
4228
4008
3320
3297
4004
1523
3420
1826
2099
391
-1322
-205
409
1201
-1902
-1352
-1882
-4153
-2756
-2111
-6251
-10942
-9647
-7744
-10410
-12667
-12528
-10809
-9426
-5452
-8057
-5252
-3044
-1928
7044
5348
4465
3351
6439
8465
8844
8080
7259
9477
8994
9826
10367
7832
6997
6122
3674
3404
2686
4992
1135
1496
1268
559
1072
-261
-818
2300
7989
4295
3271
4086
1567
2565
1642
2332
-29
-671
-1377
-2495
-4118
-4166
-5724
-7501
-7982
-10281
-9704
-11118
-10245
-7351
-5212
-10882
-4063
-827
-6267
323
700
4829
6426
6707
7385
3436
4333
3921
6078
6547
5036
4615
6748
8702
6762
5983
7184
6363
6107
5630
3450
3519
8243
5190
5616
6931
6087
7418
6307
6333
4738
4620
3644
2917
1899
1074
949
-1722
-4060
-4032
-3513
-6959
-8728
-6948
-6295
-9495
-10039
-7578
-5213
-10552
-10436
-3971
-6733
-2916
-556
-4405
-2372
958
2553
5956
5448
2598
6360
8605
8297
9585
12204
11948
9363
12422
10400
9786
12083
9479
8285
7552
6507
7028
7021
6447
6959
5965
5368
4879
3329
496
-219
-1849
2182
1120
633
-414
-1832
-2100
-3456
-3858
-4884
-5000
-6142
-7729
-3614
-5101
-8083
-3933
-5191
-6190
-5732
-4504
-5289
-5590
-5930
-4777
-5169
-9145
-4166
-4747
-845
1341
1835
4564
4503
6087
10418
9521
8433
11284
10938
11031
13188
11671
9974
9764
10286
10244
9519
9633
8444
8086
6837
4879
4623
2946
2469
1008
-354
-1715
-1751
-2760
-4110
-5275
-6662
-5684
-8703
-7850
-4015
-5926
-10922
-7960
-200
-4870
-11098
-5906
-5478
-7178
-7533
-7210
-7773
-6925
424
-3389
-6327
-776
2190
4089
5283
6939
7485
7871
10786
13677
12042
10315
13192
13824
14020
13136
13126
11529
9508
9603
7798
7794
6851
7016
4855
2964
1653
807
-1084
-2773
-3396
-5968
-6320
-6479
-7777
-6831
-7315
-4820
-5093
-10513
-4105
-4925
-5499
-5508
-7048
-5480
-5927
-5085
-8410
-8525
-8385
-6557
-6968
-8602
-8520
-6286
-5098
-6754
-4459
-991
711
2826
3650
4371
6378
5035
6386
6465
6783
8541
8820
10702
8707
7128
7385
5709
6214
5589
4574
3464
2814
1206
15
-1040
-1698
-1345
-3817
-4201
-4581
-3498
-4348
-5437
743
-3100
-4354
4331
-657
-1878
-817
281
-199
-2956
-188
-731
-2458
-3893
-1181
-2286
-4096
-5323
-6830
-6517
-5325
-1148
-5162
-7934
-3049
-1939
145
1973
6133
5314
7348
9064
10004
10144
7062
9511
10660
10405
8190
7083
6043
4125
3432
1181
771
-5775
-4801
-6748
-8274
-6394
-4638
-3498
-2463
-677
-3099
-1165
3619
2027
2329
4828
4820
3886
1706
2551
4089
3700
4563
2541
1400
1972
1052
-1366
-1923
-2832
-2153
-3760
-3621
-5175
-3652
-2904
-6950
-1746
-451
1847
3462
3684
3973
3946
4338
5283
4886
3562
4633
6488
4383
4204
1559
873
178
-3728
733
-3308
-3622
-2916
-2830
-2687
881
2131
-282
1301
5254
6454
1594
5240
4794
4351
4314
2514
3976
2582
1654
4570
3131
-485
-533
-1018
-1430
-5432
-6566
-5121
-7538
-9124
-10012
-9713
-11210
-7745
-3422
-10504
-9795
-5093
-2695
618
-593
-2759
-470
1509
1698
2031
-1023
-163
4105
2919
1168
2736
1551
603
1111
2235
2732
7293
9377
5407
8642
11276
12472
13371
11109
12407
10316
8878
9993
10238
9578
9160
9362
7300
5185
2977
2804
337
-1166
-1747
-2739
-4023
-6407
-8174
-10191
-12629
-13707
-13941
-15238
-15337
-15614
-12494
-15889
-12208
-7682
-7568
-2378
-1756
-1244
-159
-1128
946
1174
560
1194
3832
4293
-545
-31
2474
-291
1083
7003
9326
5841
9266
8511
7767
8570
8663
9546
9667
8329
8577
8210
9536
10094
7723
6983
5335
4852
5627
1956
1650
2525
-422
-2541
-3004
-1328
-3749
-9257
-9728
-7965
-10505
-11672
-13582
-12502
-11547
-9529
-6040
-12902
-10829
-5439
-3593
-1825
-2643
-3634
-1450
1594
3875
1683
4043
8967
6815
10680
12208
9830
10373
15167
12627
10800
12576
14015
14740
10404
10635
10814
11937
12276
10643
9259
7051
6625
5811
4203
2324
1019
7
-2447
-2447
-3465
-4687
-6302
-8353
-8630
-10362
-11992
-12452
-12107
-14840
-16224
-16086
-16312
-17052
-16179
-17182
-11761
-12296
-13984
-9111
-10624
-5959
-4831
-3068
-2822
-951
2331
2267
4773
7731
9477
10471
13069
13758
14529
14080
14845
13623
12257
14590
13239
11963
13184
13118
12293
10803
9242
7591
5430
4253
3524
4305
655
326
-610
-2732
380
-5360
-5124
-3112
-5113
-8125
-8363
-5848
-8761
-11455
-11267
-8322
-11496
-12241
-15053
-14908
-12351
-10267
-9002
-13757
-11219
-9418
-4248
-1824
-3299
-60
4596
4799
5363
10645
9523
9841
10933
13076
17979
15934
17417
15356
16091
11180
10792
14382
12962
11640
10715
8354
7688
8451
6494
5558
1356
4165
2362
136
258
-1117
-1239
-2732
-2520
-2348
-2934
-2917
-3846
-4507
-3855
-10675
-11061
-10631
-15160
-14495
-16038
-15103
-16434
-15358
-15421
-12578
-14407
-14463
-8780
-6249
-416
1850
1477
5655
6955
8382
9347
10589
10898
12142
13955
11032
15588
12933
13037
12101
12494
8844
5807
9057
4814
9326
4861
4401
5154
3891
2488
1406
1277
926
2117
-467
1809
-65
1889
-2019
-4425
-2257
-3145
-2255
-7566
-7928
-6356
-6929
-11413
-13374
-11254
-12040
-11866
-11059
-11491
-11657
-3266
-1859
-9299
-3141
2737
5877
6863
6205
8292
7907
10707
12975
12416
11870
14240
15332
15390
13879
13316
15236
11239
12241
10800
5709
9847
10004
8551
8374
6527
7321
6822
5850
6038
577
603
2718
376
459
-603
-806
-3455
-4024
-5114
-6899
-7080
-10204
-12809
-14693
-13970
-13931
-15947
-17888
-15240
-14910
-14427
-11479
-14138
-12881
-8544
-9214
-8874
-3927
-2820
148
1339
670
6695
6767
5763
7536
6758
8079
10807
10807
10569
11463
10541
10957
11431
11966
7179
7380
11091
5921
5961
6580
5387
6379
5369
2921
2774
1782
560
349
-1783
-2353
-5375
-4974
-5194
-9707
-8809
-8635
-10241
-12037
-11053
-8884
-12497
-13460
-10828
-10827
-11130
-12291
-11906
-9703
-7999
-4585
-2944
-8350
-7105
-281
-222
1769
3318
2731
5292
8365
8656
7001
10415
9919
11460
14061
14094
11698
8492
11550
10152
10329
5886
6799
8647
4779
5685
3896
3492
2443
673
-523
-2415
-3345
-4021
-4902
-7172
-8606
-9876
-9935
-10874
-11885
-11157
-12767
-12804
-11037
-9070
-10329
-11161
-11249
-9167
-8953
-9002
-7449
-8188
-9006
-7877
-2862
-4482
-4233
-610
3294
5756
5875
8596
8495
11248
11537
9982
11556
12288
14172
13787
13951
13652
12771
12871
11905
11441
11815
6526
6251
7420
3583
3568
2049
1867
841
