320
108
-237
-514
-731
-883
-919
-711
-218
337
637
687
694
737
757
659
458
181
-50
-349
-783
-1075
-1128
-975
-751
-493
-155
216
543
708
617
381
101
-222
-572
-810
-804
-484
-39
300
566
733
752
586
307
75
-13
-18
-128
-368
-596
-539
-221
119
309
244
83
22
145
335
428
312
-54
-560
-946
-1020
-694
-230
99
239
257
143
-76
-285
-358
-287
-287
-480
-743
-820
-620
-254
46
254
333
260
-89
-594
-916
-977
-951
-964
-1037
-980
-616
-67
486
816
822
554
229
113
225
258
13
-283
-419
-207
229
575
719
716
795
1048
1382
1619
1595
1408
1168
895
659
476
234
-116
-466
-805
-1048
-1049
-849
-556
-398
-411
-453
-371
-153
6
-46
-278
-507
-609
-531
-339
-60
239
461
352
-178
-901
-1416
-1564
-1407
-1021
-503
42
468
555
291
-105
-348
-391
-405
-439
-473
-412
-239
23
340
618
784
881
952
1085
1104
951
693
461
409
388
304
118
-104
-328
-375
-210
51
331
592
763
706
404
57
-155
-284
-362
-530
-673
-679
-636
-630
-603
-588
-562
-533
-477
-235
162
702
1169
1409
1332
1059
814
619
536
504
369
-34
-573
-849
-735
-404
-76
159
277
351
424
466
472
424
341
210
11
-207
-315
-362
-285
-96
174
502
704
752
657
470
326
301
211
30
-164
-235
-192
-158
-191
-286
-385
-429
-302
-174
-269
-665
-1164
-1455
-1196
-490
235
617
537
286
44
-10
163
353
460
487
558
763
1127
1390
1359
1050
582
152
-137
-358
-579
-838
-1139
-1315
-1342
-1304
-1233
-1114
-853
-464
-149
-78
-233
-289
-17
359
540
377
102
-35
14
225
460
503
295
-113
-482
-612
-446
-246
-223
-235
-238
-110
19
-158
-425
-642
-797
-885
-949
-926
-799
-637
-485
-356
-250
-114
9
264
668
1012
1175
984
479
74
50
329
606
773
830
842
823
706
547
269
-137
-365
-392
-284
-64
63
-32
-110
-108
67
221
82
-238
-536
-729
-592
-270
134
589
795
831
786
631
583
700
829
907
808
492
171
-89
-276
-327
-200
12
69
-21
-252
-576
-718
-681
-502
-133
197
366
424
319
216
238
302
479
553
515
539
578
529
344
74
-82
-56
122
267
109
-182
-435
-555
-614
-847
-956
-755
-370
14
213
317
347
263
91
-88
-53
41
122
54
-93
-29
58
91
41
51
273
545
758
749
529
200
-230
-837
-1502
-2035
-2271
-2141
-1725
-1228
-931
-845
-950
-1066
-869
-491
-78
159
152
-18
-329
-705
-968
-974
-737
-376
-30
210
252
171
97
213
355
298
103
-174
-467
-682
-782
-844
-853
-943
-1080
-992
-707
-310
115
495
837
1154
1445
1547
1410
1137
816
769
1000
1277
1488
1568
1521
1515
1377
968
369
-229
-389
-180
248
596
743
654
311
-47
-116
265
830
1063
763
251
-359
-892
-1196
-1350
-1232
-706
94
822
1129
1021
789
681
590
287
19
-38
125
290
212
-2
-173
-202
-211
-260
-175
165
534
587
266
-176
-333
-253
-150
-13
142
232
99
-170
-343
-218
75
369
490
445
295
78
-187
-498
-699
-632
-350
-123
-93
-179
-257
-239
-112
117
437
601
465
59
-327
-442
-300
-68
187
335
339
126
-229
-496
-612
-537
-429
-397
-524
-734
-735
-665
-674
-825
-1036
-1315
-1503
-1458
-1162
-702
-545
-515
-343
10
465
727
801
740
467
-84
-627
-846
-709
-306
-22
160
371
601
691
519
245
191
349
487
502
327
199
238
318
423
514
617
813
1052
1126
884
416
-44
-379
-419
-369
-407
-388
-138
345
749
864
786
628
497
392
261
106
-37
-228
-460
-632
-684
-720
-820
-945
-980
-864
-579
-256
-69
-98
-286
-359
-322
-316
-270
-213
-75
116
302
440
495
581
776
1167
1587
1611
1171
408
-242
-436
-234
59
77
-206
-629
-1080
-1397
-1595
-1653
-1458
-942
-188
539
947
847
411
-58
-314
-388
-440
-462
-345
-146
0
10
25
113
235
504
746
783
637
404
204
71
96
331
580
595
321
-56
-160
-64
-74
-308
-727
-1050
-1148
-1220
-1218
-1107
-841
-364
15
170
129
-41
-59
135
548
982
1205
1071
756
468
390
550
585
428
174
-83
-198
-260
-311
-125
183
303
254
115
-119
-493
-939
-1153
-857
-178
571
1059
1158
999
717
485
397
472
741
1129
1481
1541
1158
610
197
34
69
130
141
128
75
-18
-191
-289
-173
62
249
260
214
178
244
472
554
244
-356
-987
-1365
-1307
-953
-567
-313
-168
-28
231
498
526
358
63
-291
-564
-872
-1179
-1339
-1323
-1109
-821
-469
2
501
807
730
389
10
-118
161
735
1206
1376
1142
533
-61
-381
-387
-193
-136
-469
-947
-1252
-1193
-933
-698
-550
-427
-375
-380
-403
-381
-195
188
695
1201
1392
1143
680
201
-29
50
284
470
549
509
294
-73
-444
-579
-476
-351
-389
-551
-662
-672
-590
-513
-474
-447
-281
85
488
739
779
707
616
428
133
-159
-443
-660
-763
-634
-248
231
577
610
340
-39
-191
-29
236
314
108
-156
-203
14
278
313
127
11
101
276
280
81
-118
-186
-183
-273
-524
-791
-818
-408
197
611
537
61
-393
-470
-118
414
798
854
760
737
697
448
81
-122
8
321
557
541
392
244
62
-238
-562
-724
-783
-944
-1167
-1354
-1348
-1134
-915
-729
-581
-341
28
379
382
-136
-838
-1340
-1483
-1389
-1079
-616
-132
290
495
381
83
-85
92
529
762
581
252
64
-30
-128
-326
-664
-903
-892
-610
-94
496
910
930
660
318
121
105
239
584
1133
1657
1891
1784
1429
1050
846
819
849
811
698
630
722
927
1072
986
631
194
-54
2
290
556
623
411
48
-223
-313
-228
-30
197
359
364
128
-196
-363
-274
-54
119
115
-53
-264
-433
-500
-521
-623
-905
-1205
-1227
-806
-86
539
766
539
30
-434
-641
-580
-292
39
276
304
106
-158
-347
-261
72
547
920
1005
772
281
-311
-841
-1091
-928
-544
-211
-77
-174
-369
-427
-315
-288
-500
-890
-1282
-1478
-1423
-1223
-917
-521
-223
-43
114
230
205
-13
-363
-654
-737
-653
-434
-31
426
717
720
462
18
-501
-997
-1331
-1342
-1080
-733
-367
50
467
744
764
645
593
595
439
-3
-452
-686
-796
-942
-1047
-889
-473
28
499
884
1287
1673
1803
1625
1293
937
518
32
-437
-572
-146
614
1269
1473
1222
760
391
224
198
175
25
-164
-72
280
605
694
605
441
206
-166
-504
-515
-169
224
259
-35
-399
-730
-994
-1100
-1092
-965
-750
-453
-167
11
137
296
419
299
-68
-299
-112
403
956
1204
1105
802
501
397
520
704
795
852
941
1046
1049
796
257
-371
-804
-929
-814
-602
-344
7
479
889
978
563
-185
-886
-1218
-1072
-624
-128
152
110
-79
-298
-558
-808
-860
-537
-12
370
478
440
332
81
-323
-710
-880
-901
-1000
-1095
-745
139
1011
1198
620
-189
-732
-908
-827
-614
-369
-149
-31
-12
-48
-248
-553
-743
-677
-435
-127
161
281
146
-50
-13
286
591
610
264
-132
-359
-447
-521
-489
-129
481
1033
1192
882
205
-545
-1018
-846
-72
722
912
456
-178
-683
-909
-791
-307
364
887
1118
1209
1308
1285
1032
689
414
259
114
-127
-438
-673
-801
-807
-684
-532
-477
-524
-477
-186
226
473
399
79
-245
-334
-176
5
77
162
361
643
933
1147
1150
818
184
-485
-861
-968
-940
-794
-611
-471
-425
-468
-560
-572
-496
-464
-534
-591
-536
-352
-7
358
576
614
603
742
1025
1252
1258
988
476
-162
-732
-1062
-1186
-1155
-884
-378
106
355
385
376
400
427
447
580
873
1068
861
328
-153
-324
-210
26
213
296
289
135
-165
-433
-401
-128
-6
-299
-771
-1001
-919
-633
-303
10
218
226
-14
-323
-521
-537
-410
-237
-85
64
230
311
268
188
164
255
346
425
478
423
339
416
678
909
874
555
217
168
314
345
87
-332
-692
-824
-757
-755
-857
-860
-657
-297
4
50
-96
-266
-381
-356
-104
309
572
545
452
578
897
1070
942
623
372
283
203
-26
-270
-219
240
989
1739
2156
2089
1636
930
91
-702
-1323
-1709
-1788
-1588
-1289
-1120
-1099
-1158
-1249
-1271
-1106
-731
-332
-210
-449
-911
-1439
-1909
-2070
-1719
-888
19
511
574
607
862
1174
1210
890
431
167
143
106
-45
-281
-468
-542
-634
-866
-1026
-857
-427
28
355
599
837
1029
979
734
589
712
1018
1353
1550
1463
1093
528
-51
-383
-269
256
959
1495
1597
1357
989
599
275
97
97
132
24
-260
-596
-822
-918
-892
-730
-442
-144
-71
-181
-252
-107
166
249
28
-228
-204
66
280
207
-57
-231
-145
100
298
312
249
262
286
146
-140
-343
-324
-240
-277
-364
-261
16
147
13
-209
-291
-235
-119
57
317
469
339
53
-265
-591
-894
-1003
-804
-522
-323
-116
263
667
840
724
465
244
15
-333
-779
-1088
-1089
-816
-435
-98
235
520
597
424
124
-188
-438
-651
-799
-735
-447
-219
-331
-735
-1137
-1287
-1129
-849
-597
-396
-120
347
888
1274
1316
1046
632
189
-242
-612
-744
-557
-322
-204
25
581
1204
1496
1250
667
259
263
511
635
495
249
88
-101
-510
-1018
-1265
-932
-138
586
762
432
87
93
294
361
248
177
246
325
233
64
29
249
493
465
226
51
46
10
-340
-932
-1435
-1718
-1816
-1793
-1649
-1406
-1144
-984
-926
-858
-763
-434
192
728
869
691
538
727
1185
1574
1694
1725
1932
2198
2207
1682
686
-299
-747
-517
90
596
667
420
103
-232
-539
-693
-600
-315
51
341
344
-41
-639
-1041
-951
-547
-94
244
387
283
-79
-535
-865
-888
-570
-21
565
935
1008
917
801
758
738
642
403
82
-273
-681
-930
-797
-383
-51
-202
-708
-1087
-1026
-779
-806
-1103
-1222
-914
-479
-311
-517
-741
-577
-118
362
798
1267
1776
2101
1910
1252
589
232
106
-26
-206
-299
-303
-325
-428
-542
-622
-546
-268
8
-40
-576
-1245
-1460
-917
53
730
749
308
-154
-433
-440
-160
311
828
1223
1420
1451
1431
1453
1534
1563
1351
997
792
782
690
253
-379
-858
-964
-809
-522
-193
4
-111
-591
-1216
-1556
-1481
-1160
-755
-348
55
263
90
-217
-204
224
732
965
881
656
475
294
25
-245
-282
-20
318
470
318
-9
-341
-642
-874
-918
-788
-549
-269
-77
-34
-141
-281
-357
-313
-87
201
390
378
147
-162
-362
-416
-360
-191
105
523
865
909
731
614
584
435
183
-57
-164
-216
-312
-339
-229
-67
-87
-385
-830
-1108
-1087
-882
-583
-147
284
323
-188
-838
-986
-443
333
811
844
713
703
710
448
-99
-567
-649
-414
-277
-400
-542
-483
-284
-203
-263
-216
36
286
346
234
0
-264
-443
-564
-667
-669
-455
-67
268
338
178
133
413
833
987
686
187
-25
143
389
289
-175
-508
-286
383
991
1182
874
252
-443
-930
-922
-426
314
812
810
467
1
-479
-871
-949
-484
399
1177
1538
1556
1277
666
-89
-646
-853
-885
-947
-991
-832
-456
-212
-224
-405
-566
-550
-334
-112
-120
-428
-858
-1209
-1491
-1699
-1592
-936
19
640
597
210
0
71
294
527
621
564
360
122
13
81
303
601
776
668
402
310
478
601
480
305
228
263
312
362
500
713
888
953
958
1021
1211
1293
1040
488
-68
-442
-701
-875
-827
-440
113
416
352
150
180
485
711
687
582
564
525
416
148
-238
-544
-785
-948
-999
-917
-642
-285
-265
-588
-822
-719
-301
81
221
93
-187
-550
-981
-1369
-1480
-1103
-292
616
1094
1029
779
611
478
281
59
-64
-33
-3
36
122
275
434
607
802
879
598
32
-433
-695
-856
-1007
-1134
-1191
-1160
-1008
-638
-77
522
1073
1358
1210
754
342
104
-143
-490
-868
-1038
-908
-677
-484
-335
-200
-95
-52
-134
-318
-515
-646
-548
-215
173
361
232
-115
-646
-1191
-1495
-1455
-1102
-700
-204
297
736
1113
1379
1539
1451
898
31
-645
-835
-685
-494
-338
-181
153
443
399
207
117
399
961
1379
1456
1341
1250
1089
746
371
72
10
268
623
908
1013
968
795
495
85
-319
-502
-436
-304
-303
-359
-405
-373
-237
-22
182
236
104
-198
-545
-974
-1384
-1646
-1753
-1663
-1345
-895
-348
281
589
489
170
-50
-80
-33
-16
32
229
442
411
296
221
115
188
447
765
966
692
-65
-718
-678
-52
574
769
601
439
443
334
57
-221
-231
87
465
605
361
-32
-371
-539
-448
-194
-91
-239
-438
-519
-516
-726
-1122
-1355
-1203
-804
-478
-153
483
1296
1764
1527
906
326
-118
-474
-729
-753
-529
-295
-211
-306
-484
-529
-407
-160
62
227
375
451
396
148
-308
-832
-1200
-1109
-466
430
1240
1707
1755
1422
879
438
216
121
66
-116
-338
-577
-935
-1264
-1378
-1088
-534
23
300
232
-25
-198
-30
433
767
609
73
-447
-616
-512
-386
-308
-197
23
365
764
1024
1139
1130
957
719
394
-46
-428
-579
-479
-327
-317
-359
-338
-194
19
198
424
615
592
401
138
-117
-253
-142
107
346
457
460
465
529
662
728
592
217
-191
-350
-319
-344
-551
-708
-669
-549
-539
-697
-773
-778
-848
-1115
-1401
-1430
-1141
-551
157
672
713
498
447
811
1432
1728
1499
1011
487
145
93
165
127
61
203
492
577
335
-139
-563
-773
-671
-382
-100
17
-103
-233
-182
41
364
594
669
676
604
510
316
-56
-387
-527
-541
-611
-822
-986
-812
-341
96
386
562
778
981
1052
851
347
-249
-743
-1196
-1611
-1654
-1226
-683
-405
-429
-442
-234
88
356
542
653
644
479
361
308
143
-192
-444
-399
-200
-83
-159
-259
-129
133
225
79
-128
-289
-380
-384
-254
40
412
824
1181
1283
1019
376
-433
-886
-742
-75
637
964
824
472
213
69
70
155
169
148
174
251
166
-202
-703
-1110
-1226
-1118
-885
-687
-751
-886
-780
-505
-225
-168
-349
-505
-324
242
732
696
107
-587
-909
-779
-395
0
406
785
952
963
985
930
626
152
-222
-261
-131
-242
-696
-1214
-1416
-1182
-653
-89
318
597
800
996
909
441
-79
-350
-199
243
812
1392
1780
1741
1431
1064
678
320
34
-177
-294
-208
14
176
158
-88
-313
-352
-206
27
285
557
705
613
338
22
-297
-756
-1263
-1551
-1393
-811
-41
575
839
862
870
833
552
84
-301
-478
-509
-479
-347
-80
218
189
-190
-418
-138
572
1257
1329
778
54
-391
-459
-455
-493
-595
-761
-1052
-1188
-1175
-823
-231
148
187
39
0
19
157
145
-47
-118
10
205
201
-108
-288
-36
536
986
929
490
-81
-490
-525
-290
-51
-70
-292
-487
-517
-390
-317
-412
-602
-847
-963
-794
-622
-494
-474
-426
-398
-410
-388
-393
-323
-42
222
355
270
-29
-135
78
651
1267
1549
1353
637
-364
-1355
-1898
-1771
-1234
-608
30
791
1502
1689
1202
571
367
626
946
1044
963
786
597
324
-56
-322
-286
104
616
981
1226
1513
1736
1546
903
105
-443
-497
-154
209
286
165
47
11
-42
-156
-347
-377
-205
-127
-190
-449
-949
-1578
-2039
-2162
-1807
-1034
-123
575
794
427
-184
-603
-701
-673
-650
-472
47
810
1417
1630
1589
1474
1286
996
569
112
-211
-391
-408
-158
33
-116
-578
-1045
-1185
-1158
-1199
-1235
-1040
-608
-109
237
337
316
189
-83
-329
-435
-293
129
671
988
862
272
-500
-1043
-1250
-1075
-575
17
526
898
981
645
119
-330
-546
-471
-281
-190
-114
2
16
-188
-615
-1227
-1770
-1906
-1578
-925
-161
593
1216
1418
1023
251
-377
-434
23
547
836
894
803
694
541
242
-13
-64
104
354
481
340
39
-274
-478
-431
-171
159
417
432
162
-308
-613
-387
322
1006
1239
1037
752
569
327
102
-29
-76
-74
12
245
582
938
1177
1245
1088
719
312
131
172
193
-55
-526
-959
-1116
-882
-352
319
874
1093
839
143
-659
-1104
-1068
-834
-635
-493
-397
-343
-269
10
526
904
873
567
254
44
-161
-506
-893
-1069
-803
-323
-15
-92
-610
-1165
-1252
-857
-312
75
157
-13
-324
-618
-769
-856
-830
-496
114
653
868
672
90
-567
-884
-606
-30
305
134
-243
-232
243
739
825
373
-274
-564
-271
289
672
813
952
1142
1105
654
-30
-584
-858
-1012
-1280
-1496
-1317
-769
-177
89
18
-121
-142
-37
26
105
275
547
897
1218
1254
914
479
198
92
65
27
-40
-98
-151
-252
-260
-27
290
442
438
463
687
948
844
315
-334
-686
-717
-613
-515
-399
-145
175
405
519
664
738
564
150
-541
-1170
-1346
-1029
-349
316
580
459
251
51
-199
-356
-309
-107
232
550
657
618
565
452
328
315
398
567
780
860
714
395
29
-220
-260
-95
121
192
5
-604
-1417
-1927
-1916
-1522
-962
-641
-606
-706
-965
-1135
-1352
-1613
-1669
-1604
-1283
-809
-148
500
906
1092
912
537
179
62
286
900
1682
2174
1990
1241
527
158
90
110
0
-95
-74
67
265
311
247
33
-231
-465
-742
-831
-682
-149
689
1545
2102
1968
1211
254
-379
-446
-173
290
759
1257
1579
1497
1439
1195
970
1023
906
826
498
-126
-430
-784
-1048
-1285
-1639
-1754
-1603
-1223
-519
359
939
716
-234
-1191
-1637
-1602
-1361
-1180
-960
-555
182
1086
1881
2230
2042
1665
1279
811
291
-258
-657
-756
-709
-567
-575
-797
-1098
-1200
-876
-427
-14
73
-255
-760
-1159
-1184
-794
-216
144
168
0
-303
-643
-792
-608
-144
444
989
1360
1329
913
348
-82
-215
-211
-334
-513
-625
-728
-859
-1060
-1280
-1374
-1246
-1045
-872
-678
-445
-193
27
154
108
-142
-485
-679
-751
-854
-990
-969
-485
375
1258
1892
2337
2661
2674
2287
1602
812
62
-494
-728
-675
-310
291
853
1014
527
-204
-563
-314
209
582
600
446
250
3
-232
-428
-439
-244
4
181
385
690
1062
1464
1652
1537
1336
1280
1343
1367
1172
777
355
-91
-627
-1162
-1338
-1078
-687
-557
-938
-1588
-2073
-2194
-2054
-1877
-1688
-1349
-819
-272
-46
-306
-806
-1118
-1023
-580
-20
439
694
753
642
616
893
1420
1970
2220
1928
1108
185
-351
-340
-64
-43
-387
-648
-469
-6
340
449
428
340
363
522
617
499
163
-281
-591
-574
-271
32
-23
-457
-1083
-1533
-1637
-1363
-881
-391
34
285
290
148
119
375
806
1134
1232
1034
577
104
-7
423
1085
1470
1263
452
-515
-1134
-1234
-896
-398
-31
13
-214
-680
-1206
-1492
-1317
-785
-259
181
426
547
712
786
678
432
115
12
231
526
681
687
461
250
71
-84
-32
50
-41
-403
-818
-1102
-994
-619
-47
536
587
229
-211
-398
-318
98
613
882
879
623
228
77
172
293
348
411
612
548
194
-261
-495
-479
-217
258
733
1024
930
547
63
-314
-570
-684
-534
-232
87
416
589
374
-58
-487
-724
-698
-627
-691
-798
-802
-725
-678
-741
-911
-1209
-1428
-1298
-940
-611
-268
4
17
-185
-453
-646
-606
-287
-29
-64
-136
25
384
702
851
903
944
861
542
309
402
680
787
589
292
6
-245
-574
-898
-952
-738
-312
328
939
1102
701
160
-6
287
634
601
188
-326
-709
-858
-796
-622
-320
32
150
-36
-338
-529
-403
-14
428
776
937
909
805
648
399
56
-350
-708
-905
-826
-407
204
733
901
632
141
-203
-206
-73
-5
17
178
537
894
1052
1047
955
711
408
225
387
830
1279
1522
1441
1001
298
-389
-832
-1000
-996
-928
-783
-609
-486
-322
-195
-192
-354
-568
-696
-669
-478
-144
221
509
784
1123
1347
1243
866
474
347
532
846
1069
1152
1141
934
453
-141
-655
-1004
-1270
-1478
-1660
-1816
-1892
-1901
-1804
-1599
-1391
-1212
-879
-474
-378
-874
-1781
-2667
-3152
-3078
-2383
-1046
568
1852
2396
2242
1588
735
18
-266
-123
223
507
550
399
249
283
417
500
418
149
-102
-137
16
273
386
130
-476
-1088
-1404
-1192
-389
705
1706
2305
2313
1627
633
-166
-466
-171
458
1018
1288
1237
861
350
89
279
782
1265
1505
1388
979
384
-299
-828
-1021
-900
-547
-31
430
525
222
-301
-827
-1169
-1263
-979
-402
106
228
-140
-642
-816
-612
-318
-96
234
759
1220
1247
670
-194
-866
-891
-457
-32
196
241
189
170
341
679
1070
1353
1384
1106
586
42
-304
-284
22
356
355
-66
-784
-1500
-1752
-1200
-31
1169
1743
1425
412
-732
-1334
-1192
-664
-217
66
190
55
-381
-889
-1180
-1019
-602
-319
-210
-249
-456
-682
-815
-877
-897
-794
-567
-396
-500
-991
-1732
-2436
-2561
-1912
-775
415
1342
1869
1997
1814
1277
609
109
-170
-268
-102
272
714
1116
1169
946
620
276
49
87
311
467
434
327
147
-197
-547
-664
-417
118
575
700
652
691
765
595
161
-409
-710
-536
-172
78
280
438
512
541
473
268
-46
-383
-749
-1078
-1361
-1380
-1131
-696
-306
-189
-188
-174
-26
297
589
829
994
885
318
-622
-1366
-1353
-559
560
1372
1531
1206
779
552
457
374
64
-454
-775
-615
-143
316
513
456
513
710
771
573
331
305
514
757
769
491
-61
-774
-1445
-1771
-1569
-956
-325
-1
104
141
60
-270
-641
-599
-179
161
264
133
-41
-134
-133
74
439
603
262
-409
-876
-588
159
729
658
-157
-1079
-1514
-1338
-764
-111
349
478
226
-213
-626
-798
-701
-257
551
1257
1415
936
105
-498
-750
-872
-867
-752
-489
-158
57
89
101
163
342
777
1306
1552
1256
531
-219
-460
-141
495
1183
1492
1338
876
303
-97
-293
-275
-103
120
385
716
989
989
720
270
-147
-470
-731
-757
-481
-223
-210
-300
-338
-11
393
672
633
260
-247
-970
-1535
-1819
-1516
-1052
-638
-55
160
231
108
-83
63
369
747
1031
916
604
22
-631
-1082
-1280
-1169
-803
-304
125
329
143
-427
-1155
-1667
-1731
-1342
-680
-239
2
60
-117
-101
14
114
343
587
733
688
496
212
12
-67
-21
465
1049
1385
1124
294
-383
-620
-472
-187
34
303
395
198
-90
-373
-313
101
447
695
645
354
64
-219
-284
-69
290
587
685
642
579
547
527
434
240
52
-35
-12
147
423
560
339
-57
-436
-599
-743
-1011
-1175
-1100
-771
-358
99
577
896
1023
881
606
398
252
258
401
632
1050
1341
1163
603
114
-41
-92
-165
-245
-286
-238
-53
77
-79
-584
-1155
-1389
-1125
-526
30
174
-218
-775
-950
-466
365
1057
1343
1311
1203
1040
741
356
-14
-168
-86
187
377
393
229
64
-15
-106
-117
-36
-224
-718
-1417
-2075
-2435
-2665
-2805
-2749
-2231
-1268
-107
812
916
119
-1055
-1994
-2244
-1849
-1140
-360
312
850
1262
1523
1548
1218
643
49
-357
-370
2
635
1227
1573
1558
1084
306
-384
-876
-1046
-911
-668
-360
23
255
187
31
41
303
614
1005
1378
1665
1813
1758
1358
615
-176
-518
-164
535
1077
1217
1102
988
841
571
240
4
-58
-51
-10
-11
-150
-500
-1013
-1441
-1584
-1462
-1129
-625
-168
173
429
619
693
698
768
869
989
893
452
-38
-583
-1049
-1231
-946
-343
369
765
846
819
594
386
64
-396
-733
-879
-600
-227
-78
-64
93
286
414
341
71
-226
-588
-980
-1261
-1217
-724
-19
419
487
293
190
498
892
1042
794
285
-199
-463
-519
-375
-197
-210
-471
-876
-1200
-1351
-1201
-752
-279
-94
-374
-989
-1644
-1836
-1469
-698
102
589
753
675
458
114
-243
-474
-602
-608
-331
218
927
1529
1760
1579
991
68
-820
-1420
-1750
-1787
-1484
-946
-302
239
511
468
322
274
444
729
943
1105
1283
1486
1539
1284
742
310
260
473
768
879
736
433
106
-92
-23
250
512
463
-52
-746
-1194
-1190
-772
-265
103
332
284
-63
-719
-1434
-1825
-1676
-963
-75
604
834
635
192
-170
-381
-637
-823
-906
-828
-510
65
807
1481
1644
1288
816
530
719
1059
1209
1153
795
312
-119
-90
446
983
1183
1005
689
360
-15
-444
-858
-1062
-932
-617
-387
-251
-73
76
-58
-356
-524
-510
-504
-638
-763
-909
-1165
-1374
-1382
-1076
-449
227
705
974
1194
1479
1595
1442
1044
486
-161
-744
-996
-810
-345
55
135
-76
-392
-673
-913
-1021
-780
-191
550
1094
1261
1018
420
-320
-816
-701
-65
691
1232
1346
995
248
-617
-1158
-1142
-560
260
844
838
170
-824
-1681
-1966
-1600
-751
164
690
684
130
-603
-868
-581
-34
467
827
1041
1062
828
321
-261
-617
-452
153
940
1558
1632
1147
555
321
326
236
-8
-370
-800
-1285
-1596
-1392
-663
383
1204
1447
1164
511
-268
-959
-1323
-1163
-635
-41
318
284
45
-28
318
948
1406
1343
762
-60
-689
-974
-1117
-1247
-1238
-970
-544
-154
31
-39
-289
-679
-1149
-1346
-1091
-590
-82
289
409
313
262
347
525
734
841
653
75
-756
-1423
-1479
-885
-13
730
1123
1137
884
557
322
252
280
304
242
74
-172
-404
-489
-356
19
543
1020
1245
1138
677
-59
-793
-1156
-980
-420
-20
-68
-391
-717
-730
-463
-101
239
424
290
-123
-693
-1148
-1085
-367
686
1496
1559
841
-204
-1001
-1154
-718
-55
523
819
721
321
-104
-380
-439
-399
-365
-251
52
406
634
627
372
61
11
353
895
1255
1220
928
600
158
-459
-1061
-1369
-1285
-872
-234
363
554
341
1
-37
398
1138
1837
2077
1718
1038
479
115
-152
-393
-453
-212
292
901
1323
1302
780
60
-348
-310
-72
27
-189
-625
-1088
-1425
-1509
-1217
-727
-381
-253
-314
-493
-742
-1006
-1209
-1334
-1391
-1274
-963
-602
-349
-254
-246
-158
-24
9
-156
-504
-812
-853
-597
-105
515
1089
1428
1415
1045
456
-87
-402
-473
-386
-168
170
416
365
145
-38
-22
290
708
991
1096
1132
1131
956
436
-291
-803
-771
-175
708
1418
1550
1081
313
-315
-417
104
906
1487
1505
835
-232
-1134
-1469
-1357
-1092
-762
-415
-167
-141
-372
-636
-591
-255
215
571
641
484
109
-532
-1255
-1769
-1842
-1416
-633
280
1053
1545
1579
1134
483
-11
-65
272
741
1093
1039
563
65
-91
79
385
619
659
472
155
-182
-531
-813
-827
-437
127
456
283
-245
-668
-656
-223
246
369
114
-375
-856
-1034
-751
-55
679
1083
1128
961
682
250
-305
-913
-1407
-1636
-1567
-1367
-1048
-668
-511
-674
-919
-950
-842
-817
-870
-901
-958
-1028
-878
-378
361
1073
1591
1914
1972
1693
1106
380
-209
-521
-535
-178
525
1277
1776
1814
1288
428
-316
-574
-334
143
467
456
176
-256
-690
-939
-898
-493
185
719
784
522
314
314
405
421
286
140
64
-12
-263
-737
-1088
-934
-299
448
921
940
551
10
-527
-1041
-1443
-1447
-946
-313
23
-44
-280
-543
-926
-1430
-1774
-1678
-1227
-731
-380
-95
228
514
728
951
1169
1311
1388
1436
1381
1091
560
59
-102
129
482
717
725
517
267
65
-160
-375
-396
-201
-25
0
-80
-137
-196
-386
-719
-906
-633
-95
354
537
566
593
694
769
757
658
508
296
-27
-332
-372
-143
175
459
711
805
416
-313
-786
-555
163
697
716
298
-319
-840
-1087
-862
-131
758
1367
1390
848
29
-749
-1264
-1366
-1013
-384
197
314
-138
-788
-1197
-1160
-781
-252
259
527
371
-9
-369
-570
-496
-110
476
1070
1447
1418
935
330
48
164
367
299
12
-213
-229
-125
-8
152
316
339
215
40
-118
-303
-605
-875
-823
-323
342
786
807
310
-441
-954
-890
-439
-25
218
307
316
299
184
-121
-491
-623
-386
94
518
600
381
101
-83
-81
163
493
594
337
-138
-577
-865
-996
-1078
-1076
-851
-405
102
430
371
20
-381
-630
-590
-326
-29
96
-35
-366
-684
-787
-684
-477
-138
323
692
845
839
712
523
369
235
-23
-421
-698
-718
-591
-350
82
712
1429
1947
2085
1837
1275
550
-52
-277
-216
-96
89
296
249
-181
-715
-916
-765
-620
-664
-817
-956
-949
-812
-570
-283
-6
295
706
1022
1000
753
474
266
111
9
-21
19
56
19
-71
-140
-126
-96
-100
-139
-179
-150
7
143
74
-179
-416
-556
-589
-397
-80
149
248
338
421
307
-83
-550
-672
-325
133
344
278
70
-155
-176
119
599
1029
1247
1233
1023
627
211
-6
26
184
312
270
-5
-317
-379
-215
-121
-265
-480
-577
-602
-641
-670
-669
-627
-577
-569
-594
-649
-834
-1096
-1140
-847
-385
54
592
1183
1448
1150
333
-791
-1941
-2807
-3066
-2520
-1355
-48
942
1357
1118
463
-211
-563
-453
47
703
1175
1302
1169
979
872
725
418
-152
-750
-989
-758
-174
407
656
644
710
939
1134
1166
996
731
618
682
726
494
-1
-553
-922
-965
-638
26
829
1535
1845
1628
1044
384
-49
-52
324
926
1563
1876
1653
951
37
-746
-1151
-1210
-1122
-1036
-967
-785
-452
-49
217
149
-102
-340
-586
-919
-1299
-1570
-1684
-1707
-1586
-1050
1
1200
1970
2053
1588
864
245
-34
65
453
844
969
836
560
248
105
198
371
371
114
-369
-1006
-1708
-2318
-2529
-2150
-1443
-901
-673
-508
23
864
1368
1075
168
-695
-959
-543
301
1173
1580
1242
339
-546
-897
-582
48
445
465
182
-298
-850
-1294
-1418
-1124
-646
-371
-404
-633
-961
-1306
-1547
-1542
-1185
-623
-71
471
987
1386
1609
1681
1574
1305
966
613
242
-131
-543
-851
-756
-280
273
529
335
-9
-32
371
937
1255
1157
659
-28
-493
-490
-84
429
757
862
847
722
448
146
58
197
418
668
851
846
599
120
-415
-666
-534
-193
145
306
172
-242
-878
-1575
-1906
-1602
-873
-314
-315
-734
-1248
-1570
-1597
-1247
-455
591
1370
1322
539
-255
-486
-145
411
862
1164
1450
1694
1779
1650
1345
877
335
3
72
548
1113
1287
783
-156
-1111
-1730
-1738
-1115
-210
447
571
281
-158
-527
-734
-805
-764
-434
204
854
1261
1287
877
179
-595
-1276
-1694
-1672
-1307
-767
-220
240
527
569
462
422
376
137
-210
-377
-213
58
198
176
99
-27
-250
-609
-949
-942
-375
606
1380
1470
956
291
-145
-220
-94
86
331
481
324
-179
-821
-1328
-1556
-1533
-1358
-1124
-887
-593
-207
204
566
764
718
534
277
-46
-350
-421
-159
305
581
432
68
-145
51
506
897
1056
1008
755
345
-69
-374
-507
-604
-710
-679
-325
273
788
886
468
-226
-798
-865
-353
366
903
1000
716
285
-150
-570
-911
-986
-711
-163
394
584
337
-35
-222
-159
-12
59
-86
-423
-686
-674
-454
-259
-301
-550
-739
-735
-699
-763
-950
-1189
-1421
-1604
-1562
-1088
-117
1059
1944
2314
2316
2116
1794
1379
1012
895
1006
1086
1012
959
1033
1080
825
283
-149
-108
182
240
-2
-275
-430
-491
-530
-603
-683
-562
-126
494
975
1009
702
241
-250
-755
-1225
-1497
-1293
-673
-133
-10
-345
-804
-1000
-846
-538
-260
100
698
1356
1637
1376
820
217
-299
-626
-673
-395
137
644
798
578
211
-86
-223
-227
-122
53
158
55
-283
-834
-1457
-1844
-1679
-1040
-297
176
252
238
453
723
653
204
-229
-357
-243
-153
-163
-98
160
556
858
818
371
-276
-834
-1065
-838
-244
373
686
713
755
981
1197
1060
513
-114
-510
-483
-100
383
772
877
671
365
64
-243
-556
-885
-1269
-1738
-2136
-2301
-2127
-1623
-967
-233
532
1245
1521
998
-258
-1792
-2933
-3235
-2818
-2003
-1025
-161
509
989
1100
830
281
-299
-414
68
825
1373
1304
686
-4
-450
-625
-585
-416
-122
264
702
1176
1569
1724
1682
1602
1582
1561
1437
1191
953
974
1173
1204
862
293
-205
-419
-131
652
1463
1747
1339
538
-149
-598
-882
-949
-661
-111
424
634
466
142
-123
-319
-514
-685
-711
-624
-463
-145
229
542
520
174
-331
-693
-830
-880
-937
-1049
-1165
-1149
-915
-636
-230
314
834
1017
783
401
111
14
-107
-420
-675
-648
-433
-141
120
388
695
1023
1190
922
242
-504
-977
-1201
-1188
-912
-395
86
135
-237
-426
-24
837
1697
2096
1947
1454
805
194
-408
-988
-1469
-1827
-1877
-1530
-1002
-463
-20
198
136
-181
-541
-785
-893
-1033
-1275
-1588
-1813
-1749
-1438
-1162
-971
-694
-331
-102
-109
-145
188
934
1640
1972
1863
1385
784
238
-25
121
457
734
776
731
718
686
579
435
458
648
869
833
457
62
-137
-180
-143
32
376
756
898
758
522
410
500
618
679
716
643
458
239
48
-132
-244
-40
639
1566
2098
1710
663
-444
-1226
-1613
-1742
-1759
-1741
-1740
-1912
-2194
-2328
-2236
-1997
-1621
-1207
-756
-214
208
267
-29
-468
-701
-648
-351
247
1016
1803
2438
2858
3081
2983
2437
1545
701
218
65
76
31
-35
20
102
30
-342
-916
-1307
-1233
-763
-228
98
134
-153
-694
-1183
-1322
-968
-428
-171
-287
-507
-531
-375
-141
149
373
368
211
139
145
91
-69
-88
176
503
426
-233
-934
-956
-206
632
875
523
-100
-655
-943
-961
-715
-290
140
334
187
-171
-518
-612
-431
15
662
1309
1678
1575
969
86
-698
-1172
-1296
-1110
-805
-533
-363
-254
-277
-430
-571
-487
52
704
964
606
-114
-661
-535
144
917
1297
1087
453
-286
-794
-923
-642
-150
454
1096
1600
1783
1605
1153
656
229
-59
-257
-291
-122
75
248
533
796
762
368
-115
-393
-451
-450
-692
-1162
-1558
-1611
-1097
-178
633
965
724
84
-559
-871
-778
-437
0
501
822
632
-113
-1057
-1650
-1493
-707
146
601
608
355
112
-112
-322
-393
-221
240
735
1082
1212
1170
1039
793
461
156
74
127
112
-88
-433
-786
-986
-743
-43
544
428
-373
-1338
-1935
-1809
-909
302
1357
1818
1528
835
199
-28
228
711
1134
1428
1446
1036
294
-412
-662
-463
-59
246
274
105
-155
-557
-1058
-1327
-1097
-428
422
1073
1309
1263
1146
967
574
-7
-575
-880
-731
-338
29
143
15
-174
-302
-294
-145
164
525
603
271
-215
-597
-876
-1053
-1209
-1260
-971
-447
-86
-144
-599
-989
-903
-498
-250
-221
-106
285
875
1389
1560
1340
961
597
356
365
567
835
1039
987
626
62
-414
-678
-774
-780
-771
-790
-658
-261
270
648
597
150
-452
-984
-1403
-1568
-1535
-1445
-1316
-1229
-1142
-1038
-953
-750
-313
147
272
-27
-568
-1204
-1716
-1768
-1292
-490
158
383
332
196
210
265
106
-214
-477
-403
-18
572
1010
1016
712
432
308
376
609
868
1104
1221
1465
1790
1944
1789
1580
1549
1569
1384
923
427
121
168
564
953
819
-29
-1320
-2511
-2942
-2405
-1335
-318
263
533
621
510
298
228
409
715
1031
1357
1542
1515
1263
850
591
494
535
687
783
718
342
-37
-298
-474
-419
-387
-753
-1358
-1919
-2232
-2094
-1734
-1240
-539
310
1051
1292
909
52
-879
-1222
-728
324
1478
2131
1937
1180
279
-334
-314
255
1082
1627
1531
940
136
-664
-1275
-1409
-1081
-578
-253
-405
-888
-1314
-1357
-1073
-691
-343
-164
-179
-314
-529
-719
-894
-1127
-1338
-1350
-1095
-756
-458
-201
-5
46
-174
-567
-878
-851
-453
-5
267
419
503
343
-145
-717
-946
-726
-446
-429
-631
-556
91
980
1459
1269
623
-95
-510
-505
-189
228
603
781
642
185
-446
-769
-382
577
1439
1691
1408
1051
884
806
689
595
713
970
1079
933
701
598
700
921
1009
757
301
-59
-238
-450
-958
-1698
-2242
-2145
-1360
-413
137
210
-28
-350
-628
-925
-1097
-977
-792
-932
-1370
-1788
-1907
-1669
-1197
-551
275
1186
1805
1907
1701
1567
1575
1529
1161
475
-156
-340
-49
422
740
655
231
-223
-374
-139
288
603
523
184
-93
-218
-409
-789
-1123
-1071
-599
-89
198
344
508
687
808
830
660
235
-271
-661
-893
-999
-935
-660
-381
-366
-593
-768
-543
76
706
920
611
130
-202
-380
-607
-842
-769
-263
382
740
752
602
540
610
622
515
465
597
824
967
859
437
-43
-261
-128
204
546
766
840
691
256
-359
-849
-856
-416
125
424
231
-296
-915
-1412
-1623
-1301
-456
429
919
885
512
120
44
363
830
1164
1176
906
580
286
-62
-378
-452
-349
-103
321
772
993
885
428
-221
-768
-974
-802
-529
-481
-738
-1040
-1076
-790
-252
393
947
1191
1114
727
60
-609
-973
-924
-543
-72
201
158
-50
-264
-234
177
610
704
453
72
-289
-729
-1375
-2112
-2516
-2243
-1347
-302
400
662
442
-244
-897
-997
-400
664
1466
1551
967
167
-217
-170
-45
-103
-383
-613
-639
-480
-256
-290
-591
-920
-1063
-807
-253
341
757
847
699
564
606
764
834
766
609
549
588
619
661
748
828
768
333
-441
-1240
-1729
-1558
-943
-387
-286
-754
-1207
-1336
-1172
-543
218
778
1119
1254
1275
1414
1579
1575
1126
450
17
0
365
748
826
556
59
-325
-513
-383
-95
152
385
467
167
-652
-1660
-2448
-2787
-2643
-2095
-1261
-183
980
1615
1777
1572
1110
999
1121
1096
834
352
44
-48
70
225
345
380
400
275
98
69
-3
46
133
19
-165
-598
-890
-772
-486
32
558
855
999
955
555
-212
-860
-690
198
1007
1098
208
-1158
-2260
-2778
-2662
-2140
-1384
-500
278
621
251
-736
-1921
-2821
-3016
-2318
-883
648
1628
1618
705
-414
-966
-737
-60
553
733
555
347
47
-393
-799
-961
-670
58
836
1387
1670
1773
1875
2016
2081
1781
1133
393
-113
-157
224
879
1556
1997
2036
1743
1221
544
-218
-849
-1038
-684
-120
150
-111
-667
-1033
-1016
-643
-86
535
1130
1577
1666
1312
765
308
86
129
276
333
252
184
174
-15
-409
-782
-1030
-1163
-1263
-1490
-1702
-1554
-1087
-591
-370
-419
-448
-195
334
818
994
849
600
524
869
1471
1879
1866
1449
852
419
180
76
100
124
-18
-407
-860
-1225
-1501
-1605
-1443
-1174
-996
-1062
-1373
-1666
-1630
-1129
-359
290
472
102
-555
-990
-839
-129
687
1061
812
332
126
185
179
-65
-358
-446
-316
-204
-257
-454
-681
-846
-810
-542
-190
4
-266
-1102
-2151
-2844
-2984
-2580
-1767
-825
54
744
1275
1628
1605
1252
827
575
524
676
989
1387
1733
1835
1492
928
590
640
1078
1624
1800
1401
658
-121
-642
-738
-497
-75
267
419
392
77
-345
-599
-440
111
669
819
551
115
-182
-68
302
682
957
1102
1095
859
437
-141
-700
-1228
-1620
-1676
-1452
-1234
-1161
-1158
-1133
-1103
-1206
-1300
-1259
-1011
-716
-679
-592
-88
728
1499
1930
1978
1919
1937
1898
1885
1989
1888
1321
326
-548
-786
-346
237
515
551
447
185
-405
-1206
-1835
-1999
-1542
-696
65
341
64
-475
-931
-1074
-861
-415
54
338
174
-485
-1149
-1181
-588
109
432
363
178
130
133
46
-27
-85
-118
-238
-625
-1079
-1146
-551
451
1150
1127
594
-19
-489
-711
-635
-308
52
288
379
231
-223
-725
-954
-859
-567
-161
334
834
1084
868
216
-560
-1018
-821
-112
622
1033
913
406
-148
-517
-472
88
882
1403
1273
669
119
28
450
1124
1691
1819
1438
722
-205
-1045
-1420
-1161
-464
369
994
1200
987
558
105
-308
-487
-367
-24
312
406
150
-312
-736
-875
-671
-149
505
990
1093
704
-125
-1118
-1945
-2300
-2018
-1175
-82
741
1004
749
253
-35
129
617
1155
1419
1206
570
-277
-1086
-1498
-1312
-598
256
806
795
212
-806
-1875
-2452
-2146
-1045
118
641
488
47
-357
-624
-744
-666
-264
384
938
1121
930
585
302
269
560
1065
1476
1490
935
-13
-795
-978
-531
221
831
1078
978
604
49
-369
-480
-226
252
552
383
-310
-1183
-1807
-1860
-1400
-709
-52
339
368
84
-463
-944
-1019
-763
-394
-127
2
21
49
-32
-293
-565
-557
-211
334
895
1267
1406
1289
914
423
55
4
296
754
971
498
-331
-855
-910
-608
-213
15
177
349
276
-128
-774
-1280
-1236
-781
-395
-481
-932
-1079
-619
232
1085
1604
1618
1272
747
310
292
593
854
883
690
438
316
353
452
559
790
1130
1439
1702
1847
1655
1116
389
-400
-1175
-1834
-2256
-2457
-2362
-2005
-1623
-1314
-1236
-1411
-1442
-981
-182
483
676
310
-359
-1064
-1698
-2037
-1787
-1135
-491
-107
29
154
382
553
353
-12
-117
177
661
904
712
287
-86
-437
-732
-780
-388
272
852
1216
1238
988
718
675
887
1177
1307
1192
995
929
1020
1168
1306
1256
831
31
-850
-1323
-1028
-107
760
1053
672
34
-263
-228
-113
-4
69
107
127
-3
-313
-617
-622
-203
452
932
1123
1229
1192
1113
1026
793
588
403
129
-289
-729
-894
-704
-615
-716
-856
-897
-616
-361
-388
-596
-830
-853
-638
-160
508
1083
1347
1271
1084
896
748
581
457
446
329
85
-293
-750
-1124
-1118
-566
296
717
163
-1099
-2263
-2545
-1923
-902
-53
419
358
8
-375
-579
-543
-400
-325
-254
8
383
611
491
-17
-552
-862
-1162
-1392
-1501
-1400
-1203
-1124
-1096
-1011
-898
-819
-854
-937
-976
-1012
-1118
-961
-297
659
1612
2218
2274
1768
945
226
-68
65
414
690
898
1193
1331
903
9
-718
-721
-74
689
1070
1077
818
375
-48
-260
-74
450
951
1136
1000
799
740
846
874
707
394
164
108
150
86
-287
-643
-738
-468
-43
127
22
-252
-532
-836
-1233
-1586
-1557
-1118
-763
-751
-989
-1158
-1096
-880
-664
-401
60
606
856
629
283
396
934
1553
1868
1799
1706
1745
1830
1773
1402
797
298
208
650
1264
1492
1080
119
-923
-1491
-1705
-1720
-1455
-1078
-406
245
584
551
123
-400
-644
-542
-282
-8
-101
-306
-617
-1167
-1581
-1552
-907
-19
501
405
-35
-374
-432
-187
-50
29
394
768
676
-32
-831
-1114
-680
115
485
211
-362
-850
-948
-776
-392
215
845
1245
1288
888
127
-656
-1143
-1124
-726
-24
784
1324
1254
683
83
-160
-26
301
431
250
-16
-352
-630
-812
-820
-504
131
785
875
146
-910
-1516
-1211
-338
419
771
679
429
299
371
611
961
1361
1571
1358
927
696
777
1013
1173
1157
886
417
-190
-763
-1238
-1529
-1555
-1489
-1224
-785
-255
380
814
741
54
-993
-1738
-1863
-1327
-428
306
649
533
129
-114
-68
117
383
591
664
655
421
-45
-640
-1068
-1077
-800
-458
-178
73
237
217
-131
-830
-1369
-1344
-874
-84
608
974
1065
795
244
-278
-562
-354
63
453
693
697
495
134
-162
-182
38
334
513
435
203
25
151
533
834
666
57
-524
-837
-803
-485
-139
46
-39
-354
-832
-1392
-1592
-1378
-988
-607
-395
-338
-185
56
83
-54
-70
222
657
1045
1324
1503
1553
1310
740
12
-433
-153
601
1209
1158
548
-59
-364
-524
-527
-345
5
546
789
377
-542
-1310
-1297
-517
463
1106
1298
1291
1169
930
541
100
-124
-61
104
61
-164
-472
-857
-1077
-953
-543
-34
249
143
-216
-423
-127
374
886
1255
1324
1267
1052
519
18
-411
-542
-258
176
911
1625
1919
1639
738
-245
-924
-1101
-1121
-1037
-906
-854
-803
-817
-979
-1231
-1290
-1022
-588
-270
-251
-627
-1417
-2267
-2823
-2910
-2217
-1019
13
548
663
648
491
-39
-832
-1295
-1000
-16
982
1282
916
293
-210
-424
-503
-393
27
555
1029
1312
1148
714
385
286
379
679
968
958
716
455
213
43
-23
-103
-269
-477
-380
97
658
951
933
644
347
321
497
672
643
455
237
150
200
258
207
10
-323
-715
-1068
-1142
-762
-103
320
180
-332
-831
-945
-585
-260
-238
-280
-250
-185
-230
-300
-112
395
968
1260
1115
682
320
269
386
505
607
678
711
846
1161
1710
2352
2608
2163
1253
267
-544
-1157
-1711
-2032
-1829
-994
-17
384
-81
-1365
-2450
-2518
-1733
-630
32
23
-369
-589
-488
-179
176
306
156
24
242
770
1284
1466
1258
776
177
-394
-913
-1140
-992
-826
-926
-1280
-1545
-1560
-1562
-1585
-1547
-1181
-464
204
500
412
254
383
759
982
851
499
249
240
294
300
353
625
1072
1436
1387
931
376
-19
-257
-366
-327
-14
527
924
751
136
-530
-994
-1036
-635
96
917
1521
1716
1538
1122
764
758
835
844
566
85
-435
-780
-899
-886
-620
-218
243
490
190
-634
-1585
-2108
-2048
-1703
-1425
-1340
-1307
-1267
-1265
-1423
-1600
-1450
-912
-206
320
461
258
10
-82
71
503
1086
1709
2112
1983
1292
270
-617
-787
-110
1029
2033
2224
1589
714
84
-238
-485
-702
-741
-504
-77
267
243
-219
-818
-1098
-806
-67
722
1222
1222
604
-377
-1146
-1223
-703
-239
-250
-536
-630
-394
-37
238
478
814
1217
1234
543
-405
-860
-567
281
1126
1430
1092
324
-593
-1317
-1557
-1264
-508
471
1310
1688
1464
743
33
-320
-365
-266
-146
-13
159
354
448
303
-238
-971
-1292
-955
-192
561
903
705
241
-69
33
400
747
837
511
-72
-572
-752
-728
-631
-516
-339
-72
158
248
314
587
998
1220
1042
505
8
-162
-38
191
177
-113
-458
-586
-523
-372
-187
-107
-168
-201
19
346
409
74
-521
-1134
-1626
-1947
-1933
-1467
-723
-118
51
-276
-725
-674
-28
669
995
917
656
545
498
269
-28
-185
-146
43
341
631
776
757
534
-33
-695
-1016
-805
-303
-78
-306
-708
-957
-840
-481
-254
-278
-357
-306
-153
-66
-150
-254
-223
10
374
757
955
836
436
33
-170
-111
164
493
774
995
1180
1377
1542
1485
1145
623
6
-717
-1486
-1954
-1789
-1133
-519
-348
-563
-870
-968
-812
-635
-585
-569
-444
-186
106
383
778
1342
1794
1854
1536
1108
757
624
613
550
476
485
561
523
283
52
177
550
729
432
-196
-709
-849
-802
-889
-1214
-1463
-1252
-595
101
515
585
616
865
1213
1314
1019
399
-196
-405
-206
97
256
245
46
-139
-248
-368
-432
-392
-236
71
399
424
144
-87
-104
13
154
245
437
811
1206
1343
1118
662
201
-101
-350
-680
-923
-977
-1077
-1472
-2127
-2676
-2685
-2120
-1464
-1231
-1531
-2098
-2599
-2897
-2876
-2285
-1066
306
1354
1914
2045
1958
1719
1231
611
180
159
594
1235
1607
1409
770
-26
-743
-1099
-1019
-676
-180
319
508
254
-246
-680
-796
-569
-121
428
1021
1570
2035
2397
2637
2616
2115
1118
-24
-815
-875
-296
486
990
936
428
-209
-544
-359
70
292
153
-130
-335
-355
-266
-221
-311
-601
-990
-1316
-1355
-1070
-756
-670
-847
-1087
-1090
-750
-217
273
641
808
655
175
-367
-546
-127
681
1487
1929
1788
1190
494
102
131
391
645
821
1099
1561
1934
1910
1277
179
-784
-1167
-1093
-921
-974
-1195
-1393
-1453
-1347
-1080
-657
-30
824
1680
2240
2278
1882
1325
767
293
-2
-78
95
375
445
218
-128
-441
-511
-343
-158
-289
-901
-1802
-2613
-2988
-2856
-2474
-2141
-1928
-1787
-1730
-1826
-1929
-1701
-1052
-251
402
780
1118
1691
2380
2838
2891
2550
1892
1176
655
400
372
530
792
912
705
207
-432
-1049
-1348
-1192
-786
-393
-55
142
127
46
-72
-196
-318
-409
-477
-371
80
649
968
825
225
-477
-917
-960
-657
-176
250
469
460
248
-56
-168
14
308
487
337
-109
-577
-840
-909
-950
-1144
-1525
-1820
-1828
-1597
-1300
-950
-575
-172
224
375
180
-72
-70
189
648
1221
1774
2253
2515
2350
1662
668
-266
-734
-369
567
1396
1669
1418
826
189
-246
-469
-456
-372
-364
-447
-502
-448
-293
-26
251
352
294
280
327
263
-38
-463
-728
-636
-323
-159
-362
-658
-737
-428
73
311
125
-178
-330
-415
-644
-915
-811
-262
519
1124
1195
761
149
-240
-327
-212
41
443
908
1210
1182
852
436
166
156
280
384
471
430
119
-392
-840
-1067
-926
-563
-283
-205
-346
-632
-895
-945
-664
4
730
1183
1271
1099
864
750
804
983
960
629
62
-418
-577
-516
-363
-393
-709
-1273
-1801
-1718
-861
269
1295
1555
850
-120
-877
-1052
-745
-363
137
484
588
385
103
-19
132
300
363
222
-18
-179
-182
-46
33
-44
-197
-411
-454
-268
175
585
548
-15
-661
-924
-671
-240
-56
-169
-379
-493
-390
-442
-738
-1087
-1412
-1550
-1728
-1903
-1781
-1382
-851
-370
-190
-261
-411
-370
17
592
1226
1623
1546
1206
1026
1149
1524
1875
1909
1631
1221
931
813
542
-10
-558
-822
-748
-363
229
831
1234
1196
946
614
223
-191
-511
-893
-1282
-1443
-1177
-495
-39
-169
-642
-1116
-1318
-1141
-635
17
553
936
1196
1183
789
241
-173
-257
7
376
796
1141
1267
946
329
-193
-466
-375
3
405
619
681
734
738
543
186
-48
59
381
664
784
802
749
371
-428
-1246
-1649
-1454
-733
-66
181
106
-221
-700
-959
-695
-4
722
874
199
-746
-1241
-1051
-304
625
1407
1895
2056
1849
1359
900
672
715
929
1153
1243
1097
667
11
-702
-1178
-1286
-1104
-952
-1184
-1726
-2168
-2196
-1833
-1381
-1203
-1247
-1246
-1134
-1108
-1332
-1771
-2113
-2119
-1805
-1188
-465
156
434
253
-154
-385
-267
-52
43
152
507
1030
1225
828
206
-158
-87
243
553
565
308
236
534
997
1316
1268
998
806
813
1010
1313
1430
1226
927
766
774
786
739
575
229
-219
-553
-669
-675
-721
-785
-675
-327
34
124
-27
-55
225
651
927
766
144
-537
-854
-781
-518
-282
-109
76
322
569
664
459
-24
-519
-629
-229
414
953
958
323
-530
-1096
-1054
-512
32
222
193
209
201
93
-141
-437
-615
-622
-543
-350
60
663
1207
1479
1588
1695
1652
1203
305
-669
-1209
-1042
-416
-48
-323
-961
-1376
-1114
-265
412
404
-160
-890
-1159
-677
69
366
-183
-1243
-2135
-2307
-1584
-343
792
1449
1544
1135
383
-468
-1082
-1210
-923
-520
-330
-424
-541
-444
-125
139
102
-185
-491
-566
-392
-145
19
-6
-276
-646
-773
-509
-52
236
332
437
728
1094
1258
1098
791
691
970
1457
1779
1673
1218
740
540
656
750
643
503
441
399
445
650
945
1146
1090
736
158
-450
-865
-939
-738
-425
-198
-225
-418
-570
-514
-167
256
323
-141
-888
-1524
-1758
-1639
-1472
-1402
-1405
-1328
-1173
-1056
-933
-640
-218
32
51
21
-5
-92
-197
-206
26
481
1043
1489
1848
2226
2525
2623
2377
1899
1422
1068
770
504
251
-84
-465
-700
-763
-763
-664
-357
24
216
60
-272
-488
-508
-458
-513
-631
-746
-851
-1196
-1717
-1951
-1532
-624
237
616
474
116
-150
-288
-284
-98
187
485
646
505
74
-472
-820
-694
-140
476
743
496
-130
-750
-1099
-1148
-858
-289
276
502
259
-288
-832
-1232
-1460
-1232
-368
672
1232
1124
726
478
472
557
670
949
1361
1679
1757
1591
1261
938
660
412
221
23
-271
-569
-623
-322
142
485
422
-19
-535
-871
-965
-959
-937
-885
-682
-311
228
754
875
453
-133
-319
145
1079
1830
1865
1099
-96
-1087
-1409
-990
-94
808
1251
1034
277
-709
-1565
-1988
-1891
-1487
-1004
-483
17
303
370
215
-136
-485
-509
-31
665
1104
948
297
-501
-1085
-1234
-901
-320
160
265
-54
-634
-1224
-1462
-1215
-661
-104
183
119
-165
-428
-486
-357
-150
8
49
-15
-144
-215
-17
421
958
1520
2055
2432
2455
2046
1332
629
188
125
386
659
836
856
714
482
231
-85
-526
-894
-924
-642
-425
-626
-1214
-1847
-2162
-2032
-1545
-898
-311
-6
-1
-178
-300
-202
86
344
436
519
740
1072
1115
700
91
-410
-562
-345
11
239
287
253
337
645
1061
1546
1978
2062
1508
420
-672
-1304
-1305
-943
-621
-542
-637
-631
-314
163
563
724
629
417
215
49
-145
-363
-662
-791
-478
197
927
1294
1221
846
469
468
868
1310
1487
1257
663
4
-480
-673
-545
-189
161
405
600
747
783
540
-45
-735
-1087
-878
-563
-652
-1211
-1932
-2520
-2727
-2640
-2406
-1909
-1281
-858
-793
-1135
-1651
-2050
-2120
-1677
-804
254
1052
1434
1643
1875
1932
1442
445
-466
-526
163
1140
1830
1711
876
-251
-1000
-1091
-678
-242
-96
-203
-335
-390
-306
9
462
854
1010
928
785
919
1158
1347
1598
1871
1869
1326
412
-330
-523
-164
290
394
235
-96
-673
-1261
-1463
-1078
-236
738
1451
1784
1690
1143
324
-471
-1005
-1133
-691
98
714
900
477
-390
-1201
-1426
-895
-58
613
741
272
-630
-1629
-2307
-2438
-1858
-747
424
1333
1683
1335
576
-132
-383
-44
710
1587
2111
1972
1276
482
-36
-148
204
744
942
667
132
-432
-677
-518
-77
240
120
-443
-1113
-1375
-1098
-486
264
672
527
90
-337
-504
-342
-187
-292
-669
-1155
-1457
-1366
-979
-687
-716
-1012
-1296
-1397
-1440
-1512
-1639
-1749
-1702
-1372
-770
-160
178
69
-435
-966
-1005
-418
491
1409
2182
2641
2725
2426
1799
1057
401
-147
-469
-243
601
1700
2541
2711
1946
564
-759
-1498
-1214
-118
1010
1526
1070
7
-889
-1067
-451
486
1307
1688
1543
1120
608
53
-467
-870
-1097
-1196
-1216
-1145
-1027
-893
-863
-913
-980
-983
-817
-592
-287
-22
-117
-584
-1181
-1605
-1653
-1424
-1026
-536
-180
-215
-715
-1340
-1507
-956
121
1171
1690
1532
855
194
108
816
1978
2969
3363
3044
2213
1171
133
-765
-1207
-943
-149
653
924
460
-505
-1274
-1297
-783
9
789
1376
1583
1228
324
-628
-1074
-846
-80
889
1685
1940
1468
482
-490
-1013
-1065
-777
-371
-125
-212
-688
-1199
-1474
-1502
-1332
-1244
-1447
-1849
-2241
-2257
-1614
-466
628
1192
1214
1048
963
1086
1301
1394
1283
1042
864
774
660
521
540
731
867
810
639
508
319
135
81
34
-132
-410
-730
-915
-815
-517
-200
-27
-20
-6
237
752
1317
1629
1457
902
329
205
397
400
53
-450
-782
-805
-501
55
660
1054
1013
507
-136
-541
-578
-372
-59
154
136
-1
-183
-398
-634
-733
-352
367
866
829
296
-414
-835
-927
-880
-1093
-1617
-2089
-2207
-1925
-1400
-874
-590
-617
-780
-678
-74
804
1307
1159
520
-144
-530
-740
-883
-1011
-1137
-1163
-1190
-1219
-1166
-968
-707
-595
-645
-719
-766
-641
-340
151
716
1051
1015
718
469
411
428
527
770
1091
1310
1204
769
373
185
89
-39
-371
-863
-1088
-711
261
1391
1999
1876
1332
816
593
593
658
690
698
692
639
505
327
47
-289
-727
-1229
-1660
-1874
-1765
-1308
-759
-394
-131
194
478
456
339
498
914
1335
1440
1142
714
335
170
223
376
510
478
248
-59
-300
-265
50
230
-22
-633
-1158
-1260
-1021
-756
-546
-339
-54
280
760
1056
1005
908
987
1269
1496
1355
881
545
436
674
934
933
589
-16
-561
-892
-984
-810
-563
-444
-579
-722
-566
-116
437
717
714
629
639
920
1323
1566
1403
1057
690
382
199
57
-6
-108
-498
-967
-1500
-2059
-2667
-3115
-3187
-2989
-2579
-2399
-2675
-3119
-3462
-3657
-3440
-2843
-1996
-991
-5
963
1744
2222
2310
1890
1150
613
741
1373
1888
1978
1823
1761
1732
1426
782
67
-304
-188
171
349
307
308
497
779
903
862
919
1349
1816
1907
1564
896
225
-200
-415
-445
-355
-129
146
135
-326
-927
-1177
-938
-351
281
670
775
753
760
704
534
318
87
-138
-373
-569
-679
-645
-609
-783
-956
-866
-423
59
135
-368
-1023
-1231
-912
-588
-659
-1004
-1162
-688
345
1286
1705
1812
1808
1670
1355
1000
809
944
1289
1654
1868
1795
1333
546
-228
-653
-808
-1020
-1415
-1850
-2055
-1839
-1320
-869
-871
-1233
-1359
-842
94
815
734
-99
-1094
-1390
-581
862
2131
2528
1912
642
-616
-1242
-1035
-190
716
1069
683
-259
-1347
-2011
-1933
-1265
-544
-206
-419
-994
-1629
-2111
-2333
-2283
-2018
-1576
-970
-340
132
441
537
533
680
1077
1601
2030
2065
1553
802
406
690
1451
1998
1796
995
86
-440
-397
91
665
893
630
-1
-667
-984
-883
-616
-451
-406
-346
-159
188
531
548
163
-264
-374
-144
238
516
573
523
409
107
-382
-727
-508
264
1040
1290
966
261
-511
-1148
-1514
-1460
-993
-506
-503
-1088
-1862
-2187
-1718
-755
8
231
181
175
363
692
853
841
900
1052
1063
754
239
-193
-134
455
1130
1544
1670
1590
1394
966
207
-678
-1257
-1217
-515
562
1469
1805
1476
637
-398
-1221
-1536
-1289
-628
66
317
12
-496
-824
-829
-701
-483
-74
475
983
1268
1222
993
705
378
-32
-573
-1001
-962
-408
251
516
204
-501
-1116
-1313
-1196
-886
-468
-21
361
414
-75
-858
-1484
-1582
-1033
-140
672
1252
1568
1594
1372
966
521
324
493
796
860
597
243
61
-32
-299
-697
-1017
-1189
-1305
-1525
-1761
-1690
-1121
-290
297
459
297
86
4
120
424
760
984
1056
895
657
537
566
670
710
587
385
266
379
518
358
-105
-698
-1166
-1341
-1329
-1151
-778
-279
203
206
-436
-1179
-1521
-1314
-710
2
639
879
557
-26
-456
-367
190
774
891
587
254
195
362
38
-738
-1518
-1920
-1492
-733
-207
-93
-276
-439
-589
-684
-608
-227
250
534
471
264
138
193
450
719
863
904
847
824
724
566
455
529
779
784
445
-89
-582
-753
-670
-221
591
1344
1849
1906
1696
1520
1399
1318
1291
1255
1112
825
424
-71
-522
-804
-1093
-1120
-958
-717
-286
-201
-482
-989
-1458
-1410
-1235
-976
-628
-375
-66
218
286
214
98
76
244
447
605
722
703
585
326
118
233
614
1136
1564
1495
864
155
-343
-698
-946
-1064
-872
-345
74
70
-381
-1059
-1579
-1474
-761
-27
171
-342
-1095
-1549
-1450
-802
6
545
628
430
313
545
960
1250
1376
1521
1821
2149
2122
1498
388
-770
-1514
-1637
-1133
-127
869
1217
831
-39
-1032
-1756
-2064
-1987
-1751
-1573
-1512
-1570
-1648
-1553
-1076
-243
644
1167
1146
585
-327
-1317
-2094
-2365
-1962
-1086
-365
-72
-114
-290
-393
-498
-795
-1207
-1339
-855
102
981
1314
1052
532
134
-71
-155
-43
328
851
1306
1633
2018
2430
2660
2591
2264
1920
1770
1932
2221
2268
1975
1571
1197
717
186
-238
-437
-526
-725
-1138
-1661
-2043
-2014
-1517
-772
-149
87
120
110
64
-31
-25
150
346
357
118
-356
-881
-1166
-1187
-1055
-674
-76
508
659
34
-1168
-2185
-2452
-1913
-1046
-304
219
697
1251
1726
1842
1647
1395
1311
1421
1592
1811
2138
2573
2875
2806
2381
1764
1162
531
-171
-785
-1167
-1337
-1484
-1761
-1982
-1914
-1556
-1221
-1330
-1708
-1745
-1146
-173
612
777
385
-199
-725
-1014
-935
-474
57
225
-203
-1034
-1738
-1869
-1334
-491
173
358
11
-690
-1442
-1896
-1822
-1378
-1036
-1130
-1540
-1852
-1785
-1362
-837
-427
-118
372
1109
1942
2591
2788
2576
2137
1735
1558
1629
1744
1672
1517
1366
1225
997
518
35
-191
-105
164
338
348
171
-228
-718
-1127
-1097
-645
-81
387
480
365
319
299
319
380
290
98
33
265
467
399
147
-192
-403
-434
-320
-135
-22
-99
-450
-993
-1448
-1684
-1960
-2393
-2712
-2534
-1818
-898
-279
-280
-688
-1084
-1196
-834
-63
927
1879
2449
2498
2195
1734
1527
1907
2693
3495
3917
3608
2548
1192
79
-474
-439
-91
85
-73
-434
-772
-1024
-1213
-1350
-1531
-1626
-1504
-1176
-787
-575
-779
-1272
-1653
-1611
-1072
-385
-64
-278
-770
-1091
-923
-404
201
555
463
142
41
388
976
1422
1538
1378
921
136
-586
-920
-764
-271
20
-44
-346
-831
-1294
-1608
-1606
-1013
-93
584
545
-238
-1400
-2198
-2253
-1655
-611
600
1669
2043
1581
530
-519
-889
-625
-44
255
289
218
-20
-331
-708
-875
-627
-45
507
685
561
437
584
900
1094
1003
718
426
252
73
-68
81
481
957
1201
1105
855
571
366
244
179
249
535
889
1034
671
-53
-749
-862
-254
557
1001
858
446
98
-91
-366
-661
-717
-609
-536
-598
-710
-856
-1018
-1127
-1061
-747
-270
200
442
383
216
275
710
1226
1474
1252
534
-343
-939
-994
-544
-13
354
448
231
21
155
691
1310
1633
1430
885
280
-262
-707
-948
-938
-892
-956
-1125
-1293
-1332
-1091
-575
10
377
406
179
-253
-556
-341
399
1337
2015
2282
2173
1679
942
216
-401
-757
-784
-605
-474
-621
-956
-1220
-1228
-1031
-862
-869
-963
-992
-892
-743
-611
-615
-847
-1091
-1162
-1004
-650
-255
64
123
-42
-232
-351
-383
-340
-114
331
771
911
759
586
754
1383
2127
2507
2290
1808
1502
1446
1446
1264
829
64
-1016
-2125
-2841
-2910
-2391
-1611
-876
-393
-206
-391
-799
-1103
-940
-207
783
1472
1564
1243
891
743
830
996
1188
1343
1506
1685
1743
1599
1272
790
213
-434
-853
-710
-181
168
-106
-1007
-2033
-2485
-2319
-1979
-1803
-2056
-2640
-3175
-3325
-2914
-1984
-712
568
1394
1422
654
-387
-1159
-1331
-975
-267
614
1199
1302
981
489
349
585
820
935
964
922
798
497
134
-10
112
403
578
484
363
445
652
811
761
612
669
1071
1607
1866
1673
1159
738
687
982
1437
1918
2094
1590
403
-893
-1619
-1418
-683
-69
106
-76
-419
-750
-972
-1135
-1052
-476
459
1259
1450
1018
259
-441
-768
-655
-280
135
386
321
-70
-579
-1007
-1201
-1163
-1092
-1267
-1567
-1731
-1642
-1333
-1033
-768
-349
261
936
1455
1758
1985
1980
1434
495
-333
-691
-531
22
808
1543
1903
1730
1180
586
207
63
-85
-338
-703
-1145
-1371
-1318
-1002
-660
-688
-994
-1099
-780
-270
154
224
-62
-371
-445
-181
217
412
205
-400
-905
-864
-312
314
605
337
-399
-1230
-1814
-1879
-1244
-229
576
734
152
-847
-1795
-2358
-2494
-2269
-1543
-472
557
1245
1266
990
943
1097
1162
958
543
196
93
108
274
692
1259
1671
1775
1502
976
331
-275
-520
-275
370
1000
1205
1022
702
524
738
1215
1672
1879
1813
1685
1499
1170
571
-139
-564
-618
-443
-189
-143
-358
-768
-1205
-1604
-1876
-1727
-1328
-946
-730
-600
-608
-893
-1465
-2146
-2680
-2736
-2201
-1474
-873
-483
-328
-471
-919
-1470
-1634
-1254
-246
1009
2017
2283
1736
1063
911
1410
2064
2605
2753
2534
2173
1784
1660
1856
2077
1829
1025
59
-756
-1241
-1503
-1616
-1737
-1862
-1821
-1668
-1482
-1385
-1418
-1603
-1739
-1413
-558
496
1320
1518
1209
789
697
919
1123
1062
714
347
182
100
-21
-107
-69
14
-176
-759
-1325
-1530
-1258
-866
-870
-1349
-2057
-2521
-2420
-1821
-743
654
1802
2114
1510
525
-106
93
920
1946
2721
3115
3117
2726
2014
1159
339
-264
-482
-379
-143
-45
-211
-582
-1135
-1546
-1542
-1124
-571
-228
-303
-920
-1487
-1575
-1187
-469
111
270
48
-270
-525
-437
148
1170
2179
2525
2121
1350
843
890
1196
1413
1504
1353
1080
764
441
269
198
90
-80
-419
-742
-821
-758
-538
-564
-858
-1118
-1254
-1495
-1628
-1418
-871
-211
-116
-535
-1030
-1255
-803
-215
171
430
370
-23
-606
-1108
-1438
-1484
-1159
-709
-353
-280
-398
-647
-749
-778
-689
-223
413
986
1218
1188
1128
1216
1329
1501
1720
1964
2006
1611
995
385
16
-70
-79
29
285
398
182
-301
-758
-837
-322
566
1315
1488
840
-354
-1463
-1778
-1197
-413
98
121
-396
-1236
-1881
-1885
-1226
-357
378
881
1254
1473
1240
613
-150
-856
-1242
-1112
-539
167
856
1394
1501
1081
86
-1075
-1630
-1285
-178
845
1079
617
-171
-869
-1222
-946
-94
891
1415
1176
389
-600
-1302
-1308
-787
65
1003
1587
1472
762
-271
-962
-960
-451
182
422
191
-187
-361
-142
229
418
331
160
133
177
257
210
186
314
489
816
1148
1432
1470
986
80
-941
-1550
-1101
328
1879
2768
2594
1530
241
-677
-893
-502
51
102
-823
-2511
-4196
-4937
-4354
-2905
-1267
-88
187
-434
-1443
-2237
-2424
-1987
-1189
-194
685
1208
1478
1654
1711
1512
903
141
-289
-203
185
605
743
605
238
-123
-331
-403
-192
124
358
559
726
909
1220
1591
1843
1781
1555
1477
1738
2230
2619
2647
2158
1235
75
-1209
-2217
-2611
-2364
-1662
-966
-697
-912
-1384
-1633
-1375
-698
133
917
1492
1752
1862
1855
1789
1682
1443
1159
648
298
231
358
568
454
-25
-591
-1225
-1791
-2083
-2108
-1951
-1878
-2052
-2365
-2645
-2496
-1821
-943
-171
377
823
1206
1502
1832
2165
2386
2426
2401
2374
2381
2513
2604
2343
1694
868
110
-498
-849
-1032
-1163
-1299
-1712
-2393
-3125
-3662
-3678
-3001
-1761
-636
-277
-727
-1494
-1852
-1279
-20
1416
2325
2063
777
-734
-1495
-982
299
1299
1421
839
12
-616
-786
-491
-30
293
291
14
-365
-578
-675
-590
-490
-540
-683
-859
-773
-237
538
1099
1146
769
359
131
93
161
190
156
296
758
1342
1743
1540
705
-192
-646
-482
276
1329
2234
2541
2185
1610
1221
1221
1386
1487
1497
1577
1683
1563
1064
-4
-1290
-2206
-2538
-2411
-2152
-1750
-1292
-746
-104
330
414
309
155
0
-278
-736
-1310
-1847
-2188
-2295
-2174
-1868
-1504
-1260
-1233
-1549
-2048
-2372
-2169
-1319
-65
1201
2094
2547
2586
2216
1738
1564
1987
2815
3545
3814
3411
2486
1524
783
359
352
492
268
-539
-1891
-3318
-3979
-3558
-2396
-1069
-121
274
149
-279
-803
-1281
-1515
-1350
-729
201
1068
1476
1204
473
-237
-563
-342
117
424
502
316
-35
-208
32
461
724
620
115
-472
-741
-501
-2
350
262
-223
-754
-1263
-1783
-2110
-1855
-959
97
695
419
-495
-1309
-1297
-398
853
1894
2321
2134
1603
1060
771
676
608
396
125
-10
-17
124
284
269
103
50
200
388
240
-393
-1268
-2009
-2312
-2035
-1248
-395
159
360
320
143
-86
-229
30
768
1493
1940
2093
2094
1993
1789
1489
975
360
-144
-437
-483
-464
-449
-375
-255
-157
-186
-473
-882
-1065
-997
-794
-583
-430
-376
-558
-791
-834
-586
-13
683
1223
1411
1190
577
-282
-1075
-1546
-1614
-1263
-802
-674
-949
-1346
-1592
-1446
-900
-303
86
207
87
-75
-38
213
622
899
852
756
773
888
1170
1612
2010
2204
1973
1182
82
-869
-1330
-1272
-820
-93
442
316
-421
-1353
-1801
-1362
-169
1298
2320
2542
2089
1366
889
819
962
1179
1411
1546
1505
1243
673
-147
-1065
-1867
-2439
-2575
-2276
-1890
-1844
-2311
-2734
-2539
-1718
-625
277
634
429
-123
-715
-997
-787
-98
914
1879
2350
2135
1527
1007
883
1147
1384
1330
1073
671
114
-471
-889
-1032
-982
-879
-803
-840
-772
-514
-378
-610
-1049
-1303
-1117
-477
435
996
762
-29
-602
-368
553
1506
1873
1513
723
-67
-573
-596
-259
50
155
100
83
211
277
141
-102
-171
11
360
846
1247
1362
1288
1094
681
2
-727
-1272
-1477
-1335
-1195
-1420
-1926
-2331
-2250
-1581
-674
-41
53
-432
-1176
-1639
-1571
-988
-158
442
536
291
130
395
888
1188
1118
747
435
399
429
353
287
462
768
947
876
643
417
328
508
840
1154
1482
1794
1828
1391
772
542
867
1429
1815
1657
953
83
-727
-1459
-1955
-2063
-1810
-1222
-473
-47
-149
-514
-766
-689
-266
483
1542
2533
2956
2667
1919
876
-261
-1060
-1239
-936
-460
-263
-577
-1244
-1777
-1826
-1501
-1100
-761
-492
-393
-445
-505
-563
-654
-778
-752
-401
182
652
733
460
135
-5
82
402
841
1098
955
549
150
-158
-445
-687
-896
-983
-815
-527
-308
-212
-221
-298
-518
-742
-853
-1018
-1288
-1447
-1176
-714
-429
-514
-881
-1018
-606
148
746
830
410
-260
-799
-918
-584
58
725
1100
1217
1181
916
512
186
-28
-181
-325
-506
-807
-1262
-1791
-2126
-2067
-1697
-1258
-883
-497
-82
428
915
1182
1240
1193
1129
1196
1393
1470
1259
930
887
1325
1981
2466
2525
2037
1392
1060
1081
1331
1650
1688
1192
461
-52
-190
-127
2
126
211
219
218
248
130
-228
-699
-1018
-1130
-1075
-912
-657
-270
256
677
610
122
-414
-679
-625
-408
-250
-411
-952
-1636
-2144
-2168
-1782
-1226
-769
-682
-909
-1043
-873
-545
-287
-94
62
279
749
1424
1945
1975
1626
1310
1145
1067
998
1052
1473
2263
3067
3286
2548
1118
-369
-1401
-1815
-1845
-1832
-1818
-1529
-891
-293
-194
-656
-1250
-1593
-1642
-1372
-814
-179
304
290
-286
-1127
-1675
-1621
-1181
-748
-364
13
243
302
222
26
-61
106
370
331
-188
-801
-893
-401
132
176
-420
-1228
-1696
-1495
-683
364
1261
1604
1238
437
-241
-607
-768
-636
-184
523
1342
2049
2364
2070
1259
328
-484
-1069
-1413
-1532
-1357
-934
-534
-396
-374
-69
793
1954
2610
2347
1584
802
267
160
517
975
996
464
-405
-1071
-1109
-643
-91
113
-50
-244
-172
91
243
225
191
310
652
1060
1243
992
440
28
51
436
872
1082
986
574
-53
-666
-984
-815
-239
497
1028
974
198
-985
-2034
-2602
-2456
-1467
-32
1020
1210
681
-145
-937
-1481
-1727
-1723
-1477
-918
-200
107
-285
-1054
-1529
-1240
-280
720
1221
1119
709
366
329
519
692
767
862
1055
1079
691
57
-430
-528
-271
195
683
902
630
28
-463
-576
-351
4
232
198
71
149
470
873
1288
1505
1387
1033
495
-251
-1173
-1996
-2322
-1952
-1257
-816
-743
-781
-780
-731
-652
-571
-543
-509
-350
-152
-2
75
47
-123
-425
-693
-837
-751
-337
248
867
1441
1849
2066
2179
2130
1836
1434
987
339
-431
-1063
-1294
-965
-259
271
288
-5
-346
-389
84
769
1038
496
-662
-1666
-1898
-1466
-979
-901
-1067
-1100
-726
-30
664
1081
1227
1256
1235
1168
995
636
234
-22
16
401
1023
1552
1833
1933
1804
1313
639
185
72
160
95
-356
-1165
-2161
-3085
-3564
-3365
-2857
-2689
-3103
-3668
-3919
-3482
-2393
-1087
42
696
710
272
-123
-99
349
919
1453
2016
2627
3146
3281
2837
1824
583
-347
-340
643
1736
2115
1586
464
-668
-1350
-1473
-1127
-479
162
403
-1
-727
-1079
-738
162
1203
1969
2198
1858
1307
1061
1339
1846
1963
1404
423
-496
-993
-996
-612
-191
-65
-291
-627
-626
5
921
1533
1416
643
-256
-842
-955
-920
-1012
-1064
-988
-997
-1198
-1426
-1371
-931
-246
475
916
898
617
354
257
251
148
29
67
154
129
-36
-291
-386
-116
436
1018
1633
2251
2652
2431
1458
205
-665
-763
-174
559
867
558
-166
-858
-1324
-1563
-1534
-1263
-799
-269
-61
-432
-1164
-1765
-1850
-1279
-277
545
598
-319
-1718
-2746
-2802
-2024
-1065
-505
-657
-1279
-1699
-1464
-742
104
626
585
171
-353
-669
-478
172
903
1275
1051
488
76
-101
-304
-543
-649
-643
-655
-645
-497
-15
872
1782
2100
1573
652
-83
-344
-187
113
408
711
1025
1160
880
135
-792
-1281
-955
-37
996
1752
1997
1598
744
-47
-227
321
1217
2071
2612
2864
3017
2960
2325
1084
-234
-1143
-1475
-1357
-1205
-1337
-1613
-1703
-1508
-1244
-1059
-883
-712
-692
-967
-1623
-2560
-3267
-3287
-2757
-2012
-1161
-247
488
717
484
227
253
518
749
959
1382
1965
2416
2553
2335
1934
1726
1800
1894
1655
1064
396
-64
-173
-85
-24
-160
-484
-813
-1055
-1224
-1316
-1463
-1769
-1989
-1733
-946
-48
548
790
793
721
838
1249
1736
1877
1212
-230
-1773
-2455
-1855
-607
277
360
12
-39
448
1089
1404
1166
445
-494
-1295
-1730
-1569
-742
339
900
672
69
-347
-424
-350
-241
37
527
825
612
-6
-585
-800
-703
-508
-301
-19
164
142
65
-107
-488
-928
-1125
-964
-647
-381
-148
182
548
662
454
269
396
806
1133
1104
879
823
914
735
207
-229
-168
248
561
524
339
387
673
918
880
650
517
674
1168
1660
1592
887
-17
-646
-936
-1129
-1397
-1590
-1584
-1478
-1359
-1226
-1039
-755
-419
-211
-288
-629
-1145
-1620
-1813
-1625
-1054
-343
242
584
717
774
737
553
234
-28
-90
-41
-101
-356
-535
-336
287
1011
1273
942
422
219
423
789
1012
957
733
459
225
-15
-348
-683
-723
-395
-79
45
55
14
-18
-301
-963
-1781
-2280
-2199
-1790
-1396
-1237
-1189
-957
-420
292
1113
1961
2626
2903
2753
2374
2002
1690
1237
437
-486
-1096
-1106
-627
-155
-98
-538
-1166
-1579
-1684
-1702
-1944
-2447
-2835
-2725
-2092
-1236
-574
-317
-181
217
791
1269
1498
1382
1030
893
1301
2016
2569
2695
2476
2201
2063
1890
1553
1214
999
808
460
-91
-510
-417
-33
133
-68
-258
-233
-300
-595
-1056
-1489
-1494
-829
137
743
550
-495
-1829
-2541
-2249
-1365
-443
147
356
552
1017
1503
1786
1844
1727
1624
1533
1408
1207
881
524
199
-61
11
590
1165
1090
271
-950
-2059
-2659
-2779
-2654
-2548
-2529
-2599
-2986
-3638
-3837
-2876
-1023
694
1535
1473
780
-217
-1220
-1967
-2013
-1159
151
1263
1658
1377
900
561
328
-94
-692
-886
-248
955
1998
2100
1042
-555
-1732
-2011
-1451
-338
678
1005
710
495
914
1639
2040
1879
1389
1008
1110
1819
2657
2933
2511
1585
420
-787
-1966
-2868
-3131
-2759
-2057
-1387
-1067
-992
-727
-85
699
1283
1557
1535
1300
975
654
274
-242
-767
-1165
-1360
-1313
-975
-275
528
928
847
516
142
-167
-514
-963
-1259
-1109
-600
72
720
1038
922
606
446
645
1140
1836
2496
2671
2108
1075
254
19
182
392
617
861
849
391
-297
-767
-758
-568
-658
-1122
-1617
-1670
-1350
-1208
-1424
-1640
-1337
-338
917
1852
2177
1706
563
-736
-1649
-1748
-1009
-65
411
232
-210
-381
-288
-183
-157
-225
-359
-624
-968
-1090
-823
-450
-184
-82
-107
-109
-50
-85
-333
-558
-436
99
795
1349
1391
702
-172
-599
-474
-8
366
291
-312
-1266
-1888
-1667
-861
-36
440
620
632
525
258
14
194
861
1454
1371
811
537
907
1372
1383
1176
1350
1983
2688
3126
3077
2478
1334
-128
-1472
-2272
-2472
-2302
-2087
-1941
-1661
-1129
-560
-479
-1098
-2049
-2780
-3089
-3088
-2975
-2754
-2308
-1645
-886
-252
-47
-266
-485
-167
666
1434
1697
1347
838
921
1551
2025
1916
1496
1257
1424
2013
2574
2623
2020
910
42
75
820
1443
1261
353
-584
-983
-1133
-1582
-2229
-2463
-1979
-890
442
1391
1535
946
-36
-898
-1145
-695
197
1008
1028
75
-1220
-1800
-1292
-251
563
805
784
892
1127
1381
1609
1641
1104
-322
-2270
-3605
-3356
-1708
255
1557
1916
1553
713
-442
-1541
-2069
-1764
-903
-123
109
-322
-860
-956
-720
-567
-463
-76
752
1921
2855
2888
1957
551
-740
-1344
-992
-14
908
1170
461
-787
-1617
-1439
-252
1386
2413
2193
1168
305
8
19
135
292
310
118
-217
-589
-819
-850
-760
-689
-559
-101
650
1377
1566
1002
-18
-806
-807
-296
67
-84
-546
-846
-879
-833
-817
-734
-623
-644
-833
-1039
-1127
-1117
-1086
-936
-531
-63
46
-297
-754
-799
-99
1045
2021
2368
2051
1467
952
443
-147
-686
-992
-1006
-748
-271
164
286
-94
-1046
-2035
-2220
-1371
-130
611
646
483
627
869
682
77
-426
-414
-91
261
653
1047
1254
1153
846
556
438
431
527
669
790
1003
1313
1428
1049
334
-163
-112
239
384
76
-424
-611
-316
65
19
-448
-833
-825
-631
-492
-257
223
771
887
335
-547
-1120
-943
-334
74
-65
-478
-658
-594
-708
-1178
-1761
-2183
-2402
-2293
-1671
-700
363
1098
1245
1167
1395
2140
3017
3320
2788
1770
827
360
367
590
825
1126
1566
1734
1209
207
-819
-1465
-1471
-923
-159
452
616
180
-727
-1730
-2274
-2060
-1173
11
963
1455
1530
1195
490
-201
-347
149
714
611
-162
-1062
-1602
-1619
-1247
-762
-308
119
329
133
-286
-434
-155
286
547
384
-307
-1303
-2109
-2419
-2450
-2280
-1741
-1038
-543
-396
-584
-1083
-1830
-2672
-3103
-2576
-1250
251
1462
2192
2466
2218
1279
-34
-904
-865
-177
682
1139
966
522
257
290
362
194
-112
-151
273
794
1153
1381
1490
1555
1572
1395
909
346
152
518
1136
1418
1076
252
-583
-1127
-1576
-2058
-2294
-1885
-853
240
938
1308
1602
1642
1249
816
847
1396
1969
2027
1349
119
-999
-1406
-1017
-80
758
888
491
125
-34
-194
-500
-942
-1277
-1188
-759
-388
-267
-189
43
281
292
73
-155
-121
266
928
1579
1940
1923
1813
1872
1860
1534
963
414
124
253
643
754
337
-324
-858
-1222
-1288
-755
149
712
489
-456
-1516
-2079
-1988
-1397
-546
190
404
-63
-881
-1537
-1646
-1186
-607
-393
-551
-838
-988
-814
-392
-119
-364
-990
-1483
-1549
-1204
-600
1
307
99
-561
-1169
-1320
-1148
-1130
-1449
-1719
-1666
-1438
-1121
-671
-58
629
1104
1240
1054
620
47
-491
-680
-413
43
531
1067
1648
2248
2809
3237
3399
3114
2585
2068
1577
1002
305
-390
-813
-686
-159
356
507
216
-391
-1162
-1850
-2152
-1851
-950
215
1037
1176
835
338
-71
-124
169
576
833
789
591
506
363
-190
-1109
-2122
-3000
-3368
-3029
-2126
-1039
-351
-480
-1225
-1851
-1681
-928
-320
-111
139
923
1848
2223
2145
2148
2373
2826
3390
3774
3619
2735
1557
753
595
924
1161
756
-272
-1393
-2160
-2728
-3231
-3210
-2229
-522
1131
1978
1722
732
-386
-1343
-1854
-1701
-996
-105
525
625
153
-594
-1054
-952
-326
607
1574
2290
2519
2266
1659
857
-36
-966
-1865
-2625
-2814
-2015
-542
709
1027
592
86
-125
-205
-415
-578
-315
351
858
555
-553
-1784
-2516
-2561
-1949
-855
323
1129
1332
1064
678
402
441
624
577
313
98
149
367
548
555
569
904
1540
2151
2369
2068
1401
514
-595
-1768
-2755
-3293
-3209
-2769
-2305
-1761
-1005
-74
741
1056
1049
1309
1864
2346
2433
2155
1865
1733
1393
477
-692
-1420
-1403
-806
-57
304
26
-678
-1197
-1171
-778
-331
-84
-421
-1523
-2739
-3338
-3099
-2179
-1103
-353
40
298
487
397
48
-319
-375
-18
518
1062
1419
1470
1242
913
609
394
335
345
282
220
305
675
1098
1072
540
-173
-771
-1008
-842
-344
432
1218
1688
1833
1747
1271
352
-682
-1407
-1533
-1262
-881
-476
-244
-307
-443
-211
722
2077
3074
3138
2301
1171
364
-46
-263
-415
-790
-1426
-2039
-2389
-2262
-1721
-1260
-1257
-1463
-1498
-1260
-1005
-1021
-1100
-926
-598
-258
48
299
655
1284
1991
2098
1307
285
-385
-569
-289
257
636
612
177
-555
-830
87
1843
3330
3765
3165
2201
1330
459
-406
-959
-1029
-708
-241
-100
-493
-987
-1082
-985
-986
-886
-562
-446
-1027
-2044
-2695
-2199
-627
1207
2427
2602
1974
973
-63
-829
-1056
-386
1071
2683
3783
4052
3441
1993
-4
-2025
-3227
-2978
-1490
304
1425
1442
637
-471
-1627
-2524
-2760
-2084
-910
-254
-662
-1933
-3236
-3494
-2376
-695
415
512
-166
-1001
-1603
-1957
-1913
-1469
-795
10
729
1158
1409
1617
1441
691
-141
-310
543
1913
2704
2305
1187
320
-22
-76
7
72
331
829
1051
789
490
515
696
845
1052
1339
1568
1762
1977
2046
1851
1381
629
-369
-1566
-2638
-3163
-3074
-2677
-2307
-1628
-79
1752
2809
2815
2118
1093
263
147
561
786
499
25
-404
-856
-1309
-1617
-1776
-1821
-1783
-1619
-1165
-585
1
464
484
148
-200
-430
-751
-1351
-1881
-1735
-1066
-458
234
1265
2537
3757
4467
4203
3126
2013
1351
1016
884
864
864
896
747
214
-508
-1163
-1651
-1919
-1999
-2026
-2081
-2221
-2515
-2811
-2729
-2051
-924
244
1041
1376
1331
782
-361
-1587
-2308
-2347
-1782
-960
-353
129
887
1850
2512
2557
1992
912
-323
-1375
-2078
-2319
-2047
-1472
-1095
-974
-1077
-1581
-2495
-3419
-3820
-3302
-1981
-418
879
1803
2462
3068
3455
3440
3180
2775
2265
1731
1183
683
380
321
506
727
739
580
406
228
240
615
1101
1413
1347
711
-151
-589
-547
-448
-464
-521
-312
423
1630
2775
3261
2871
1761
198
-1379
-2665
-3488
-3543
-2898
-1998
-1240
-656
-388
-835
-2046
-3382
-3946
-3487
-2437
-1342
-596
-214
-60
-36
-205
-700
-1199
-1009
70
1820
3478
4025
3437
2549
1944
1812
2068
2592
3164
3206
2583
1595
651
-13
-332
-370
-361
-422
-425
-425
-615
-829
-974
-1234
-1553
-1698
-1666
-1509
-1139
-563
-137
-228
-677
-1065
-1178
-1223
-1452
-1486
-893
25
577
605
593
769
969
882
587
333
459
1135
1721
1626
899
-52
-833
-1240
-1277
-1031
-519
196
937
1212
737
-25
-554
-839
-917
-705
-16
1145
2269
2701
2326
1678
1162
738
249
-4
178
413
515
537
288
-325
-1006
-1488
-1676
-1615
-1366
-1105
-972
-866
-660
-312
260
937
1435
1472
1084
483
-140
-303
46
202
20
-115
-156
-153
-213
-459
-681
-513
-36
418
787
1235
1669
1673
943
-193
-1045
-1158
-853
-900
-1344
-1554
-1140
-320
267
75
-639
-1124
-1248
-1211
-987
-727
-545
-354
-225
-164
-148
-309
-669
-995
-1178
-1108
-595
235
1145
1851
2142
1874
978
-44
-665
-793
-687
-759
-1055
-1393
-1720
-1998
-2208
-2187
-1631
-710
200
880
1450
2202
2887
2933
2237
1466
1223
1290
1010
404
-69
-356
-573
-728
-764
-672
-537
-338
-9
352
500
298
-128
-453
-193
705
1517
1720
1482
1163
934
867
935
1035
1147
1217
1056
415
-475
-1225
-1628
-1596
-1173
-568
-26
226
-21
-637
-1256
-1774
-2231
-2546
-2754
-2907
-2646
-1648
-273
714
953
696
556
1075
2298
3674
4426
4210
3218
2150
1557
1211
774
314
148
245
223
38
-79
-162
-297
-369
-255
-64
247
882
1478
1556
1045
-113
-1703
-2957
-3420
-2991
-1653
87
1544
2393
2560
2258
1804
1199
414
-503
-1327
-1729
-1557
-705
507
1317
1358
821
65
-465
-452
12
680
1001
549
-446
-1472
-2233
-2817
-3325
-3684
-4033
-4298
-4034
-3232
-2405
-1685
-939
-438
-366
-500
-742
-1138
-1491
-1792
-2145
-2234
-1779
-877
211
1295
2225
2778
2563
1674
797
539
1158
2026
2213
1628
573
-615
-1348
-1241
-405
917
2247
2912
2602
1543
204
-696
-628
112
1049
2057
2872
3196
3111
2708
1952
980
-55
-873
-1423
-1981
-2559
-2945
-3094
-2828
-1993
-774
285
1051
1823
2583
3077
3295
3481
3568
3159
2045
608
-637
-1419
-1644
-1599
-1482
-912
60
557
63
-935
-1793
-2292
-2522
-2745
-2907
-2782
-2339
-1635
-684
452
1654
2529
2706
2291
1666
1182
910
895
1207
1717
2171
2332
2308
2237
1844
1209
747
548
392
-43
-1029
-2252
-3190
-3648
-3376
-2382
-1262
-712
-961
-1695
-2262
-2215
-1507
-398
515
854
864
703
319
-43
-278
-694
-1134
-1069
-506
315
1153
1947
2658
2959
2531
1545
324
-1203
-2974
-4174
-4209
-3280
-2088
-1403
-1429
-1880
-2388
-2859
-2896
-2150
-1033
105
1286
2342
2806
2472
1600
511
-329
-310
492
1298
1697
1886
2212
2651
2825
2610
2259
2010
1795
1497
1377
1564
1707
1583
1172
588
162
109
224
315
342
64
-440
-909
-1306
-1602
-1579
-1078
-430
-290
-849
-1459
-1579
-1453
-1691
-2221
-2540
-2506
-2198
-1580
-852
-369
-278
-658
-1295
-1661
-1431
-783
-147
142
17
-278
-534
-760
-824
-615
-195
471
1385
2308
2765
2601
2251
2221
2585
3150
3687
3820
3206
2039
1061
652
606
771
985
735
-247
-1603
-2833
-3656
-3977
-3790
-3043
-1837
-427
621
945
581
-195
-922
-1333
-1329
-973
-338
362
608
45
-756
-965
-446
450
1436
2320
3026
3308
2836
1812
770
102
-183
-422
-814
-1261
-1354
-927
-504
-649
-1442
-2513
-3399
-3600
-2842
-1180
924
2769
3601
3127
1899
667
-122
-228
310
1134
1871
2237
1942
917
-419
-1539
-2058
-1621
-407
752
1188
675
-529
-1623
-1858
-971
594
2016
2757
2622
1816
690
-414
-1112
-1217
-941
-581
-223
9
74
141
359
709
948
897
618
133
-312
-472
-556
-738
-808
-536
112
831
1121
994
721
490
463
589
493
-67
-1009
-2038
-2667
-2665
-2242
-1642
-1172
-1074
-1193
-1231
-1076
-906
-815
-545
28
585
609
-25
-813
-1298
-1521
-1551
-1049
87
1465
2135
1586
453
-475
-1045
-1334
-1079
-159
1090
2205
2721
2454
1973
1852
1968
1877
1482
982
337
-557
-1520
-2403
-3221
-3632
-3392
-2466
-1006
422
1325
1411
781
-136
-759
-764
-178
814
1860
2472
2370
1849
1194
594
386
647
916
775
303
-358
-1193
-1961
-2226
-1763
-915
-376
-449
-803
-1133
-1329
-1361
-1280
-955
-284
518
1148
1353
849
-139
-940
-1035
-232
1104
2306
2794
2221
832
-574
-1435
-1540
-1012
-35
1320
2610
3268
3238
2606
1579
795
709
1229
1872
2162
1681
423
-910
-1457
-988
-79
558
655
304
-450
-1440
-2372
-2962
-3066
-2758
-2089
-1034
220
1290
1852
1744
1236
791
509
442
692
1170
1529
1551
1309
1038
809
556
406
387
98
-517
-1258
-2037
-2589
-2753
-2873
-3064
-3012
-2964
-3237
-3644
-4008
-4153
-3742
-2622
-1165
-190
-78
-524
-884
-1021
-1116
-929
-143
1107
2305
3115
3414
3259
3024
2786
2291
1482
396
-643
-1270
-1541
-1584
-1348
-829
-130
516
984
1402
1748
1862
1710
1516
1589
1726
1866
2240
2638
2885
2971
2905
2855
2662
2025
886
-365
-1396
-2323
-3030
-3135
-2568
-1581
-622
-177
-360
-773
-846
-416
288
975
1440
1343
681
-184
-1049
-1741
-1966
-1910
-1858
-1485
-740
-13
395
276
-240
-371
-16
-4
-280
-436
-555
-364
322
1093
1589
1857
2036
2165
2192
2200
2231
2100
1820
1606
1571
1544
1126
231
-725
-1553
-2148
-2203
-1755
-1112
-765
-1055
-1784
-2543
-3164
-3621
-3499
-2800
-2213
-1846
-1173
-154
866
1614
2009
2131
2024
1596
1061
773
491
-79
-826
-1664
-2347
-2517
-2059
-975
199
693
386
-244
-843
-1277
-1429
-1460
-1373
-1072
-742
-828
-1472
-2082
-1943
-1071
2
1076
2178
3069
3433
3073
2149
1097
371
243
471
765
1020
1037
811
476
111
-178
-229
46
380
476
501
793
1484
2210
2535
2624
2787
2747
2193
1174
-13
-912
-1265
-1110
-679
-432
-451
-397
-260
-345
-725
-1191
-1457
-1480
-1391
-1127
-805
-769
-858
-681
-258
287
541
3
-1280
-2858
-4159
-4749
-4418
-3390
-2052
-848
55
861
1437
1500
1017
488
402
673
826
704
667
1315
2792
4530
5942
6773
6729
5652
3955
2301
837
-446
-1301
-1587
-1350
-860
-467
-513
-1271
-2312
-3046
-3570
-3830
-3539
-2701
-1556
-488
135
274
216
150
260
528
597
329
-136
-653
-1242
-1622
-1571
-1128
-556
-174
149
666
1200
1473
1406
1114
683
215
23
294
587
428
-169
-853
-1384
-1833
-2337
-2776
-2807
-2294
-1331
-16
1338
2236
2295
1382
-227
-1485
-1492
-464
791
1620
1811
1599
1287
1018
878
795
543
-35
-880
-1416
-1384
-1296
-1159
-644
93
765
1296
1690
1959
1857
1127
-56
-1204
-1883
-2048
-1874
-1449
-873
-289
121
266
401
901
1684
2284
2483
2369
2106
1708
1093
326
-220
-209
77
239
247
194
187
93
-307
-879
-1494
-1998
-2193
-2068
-1674
-1363
-1439
-1800
-2068
-2160
-1855
-728
926
2520
3517
3467
2443
820
-858
-1969
-2250
-1835
-1094
-465
-179
-183
-101
206
339
249
269
283
168
215
546
944
1212
1330
1513
1935
2368
2430
2077
1463
628
-153
-517
-524
-354
-215
-480
-1269
-2284
-3110
-3455
-3160
-2162
-641
821
1648
1823
1661
1562
1737
1971
1954
1566
1130
961
1047
1207
1309
1250
936
151
-1055
-1916
-1932
-1346
-743
-549
-729
-1089
-1505
-2174
-2965
-3417
-3182
-2298
-1111
-13
746
1437
2086
2508
2617
2278
1650
916
58
-623
-796
-572
-267
-144
24
745
1908
2976
3634
3711
3192
2052
503
-801
-1453
-1509
-1473
-1849
-2531
-2987
-2965
-2496
-1628
-505
276
180
-601
-1556
-2319
-2749
-2669
-2120
-1221
-31
1089
1889
2364
2644
2777
2877
2990
3036
2989
2692
2042
1205
416
-134
-360
-600
-991
-1258
-1513
-2100
-2747
-3005
-2817
-2433
-2138
-2049
-2062
-1990
-1703
-1172
-743
-693
-526
98
495
-17
-1080
-2048
-2613
-2468
-1518
-348
237
55
-390
-610
-579
-453
-168
138
202
89
76
388
1010
1809
2548
2832
2878
3269
4001
4536
4548
3946
2989
2036
1239
700
400
151
-204
-449
-308
188
695
789
371
-368
-1387
-2555
-3483
-3869
-3563
-2631
-1316
161
1672
2996
3878
4177
4037
3748
3314
2497
1123
-516
-1776
-2309
-2563
-2847
-2989
-2602
-1458
148
1753
2830
2946
2014
478
-1096
-2122
-2382
-2073
-1445
-887
-536
-326
-304
-384
-291
82
849
1989
3094
3854
3964
3731
3694
3734
3465
2650
1419
294
-446
-961
-1409
-1880
-2476
-3069
-3377
-3167
-2685
-2222
-1882
-1762
-1902
-2146
-2249
-1909
-1290
-963
-1032
-945
-417
292
800
769
404
-39
-611
-1165
-1393
-1244
-875
-348
225
618
664
578
349
-307
-1162
-1815
-2013
-1771
-1449
-1299
-1208
-1298
-1596
-1727
-1550
-990
-256
652
1717
2358
2292
1757
1064
604
451
604
1045
1401
1257
841
605
644
1057
1635
1905
1917
2234
2832
3243
3245
2743
1794
566
-743
-1682
-1743
-1121
-275
709
1604
1919
1337
-197
-2219
-3812
-4527
-4330
-3288
-1682
-56
1194
1764
1443
520
-395
-850
-914
-794
-608
-780
-1717
-3111
-4034
-3960
-3233
-2343
-1588
-1110
-864
-867
-1135
-1367
-956
83
1232
2176
2942
3295
3197
2936
2807
3014
3404
3641
3596
3158
2501
1842
1310
909
548
394
179
-450
-1296
-2289
-3415
-4626
-5631
-5603
-4158
-1749
723
2506
3163
3088
2623
1647
537
-203
-670
-970
-1001
-660
21
811
1295
920
-145
-1117
-1440
-970
69
997
1349
1248
739
42
-550
-878
-783
-589
-634
-738
-499
209
898
891
325
-20
345
1057
1621
1873
1856
1569
895
-90
-1063
-1526
-1358
-888
-594
-674
-901
-1094
-1314
-1347
-1073
-801
-506
-6
578
1103
1535
1911
2272
2323
1900
1365
1034
797
580
446
519
907
1091
655
-114
-791
-1110
-907
-513
-374
-435
-161
577
1266
1601
1603
1446
1187
747
248
-277
-961
-1573
-1789
-1332
-328
491
571
65
-774
-1777
-2439
-2548
-2352
-1981
-1684
-1449
-1014
-561
-236
-115
-114
25
327
654
859
877
576
-22
-609
-917
-943
-1056
-1400
-1822
-2167
-2036
-1441
-703
3
691
1339
1974
2343
2280
2050
1860
1535
919
343
494
1167
1483
1139
436
-89
-366
-716
-1300
-2091
-2737
-2902
-2781
-2534
-2026
-1348
-845
-641
-556
-232
558
1501
2101
2207
1949
1660
1558
1728
2226
2644
2464
1469
196
-669
-1344
-2244
-2953
-2879
-2182
-1419
-1093
-1235
-1478
-1498
-1382
-1281
-908
-257
469
1168
1801
2226
2396
2202
1944
1823
1488
708
-349
-1485
-2396
-2608
-2129
-1095
368
1881
2707
2480
1817
1591
1586
1170
431
-202
-284
153
652
701
336
-27
-178
-350
-589
-516
15
863
1595
1686
896
-558
-2040
-3125
-3669
-3397
-2313
-1003
58
721
982
1049
1288
1869
2574
2974
2908
2457
1966
1685
1320
1047
948
764
500
190
-378
-1217
-2074
-2856
-3551
-4133
-4399
-4327
-4049
-3467
-2605
-1964
-1650
-1104
-411
60
197
3
-346
-778
-1085
-857
-428
-147
249
582
636
326
-82
-2
626
1340
1662
1367
773
357
