232
-628
-1543
-1688
1608
3296
3841
3378
1854
414
-1420
-1252
-1979
-2111
-3097
-649
-236
-4898
-3645
72
604
2098
6444
5615
7137
9393
10180
8189
6420
7578
6317
6872
4552
3401
5626
4817
2919
1726
1767
2310
917
1403
919
3038
-1094
-7680
-2444
-3572
-1016
-747
-4211
-2912
-2364
-2171
-1674
-1461
-2993
-2722
-3563
-3773
-2142
-2281
-3127
-5536
-8317
-5697
-5259
-3974
-3111
-5574
-5241
-9538
-9388
-7850
-10012
-9356
-8960
-9839
-10959
-12496
-11259
-11243
-8915
-9080
-10127
-8337
-5916
-1542
1485
3985
1783
5272
7250
6964
10685
9804
8096
8047
12140
13889
12792
11076
11282
14709
15971
11024
10099
14244
14413
14000
11963
8938
5455
7418
7468
6819
7039
3821
4814
4687
3013
1134
-1748
-4047
-4627
-3305
-5833
-6066
-7518
-9534
-11596
-12035
-10820
-14780
-12967
-13691
-12983
-11119
-11728
-10627
-8452
-11882
-7553
-2780
-5263
-461
850
4926
6771
7287
8202
9315
11233
9771
9432
11082
11132
12367
8123
5202
9395
7855
7155
6107
4815
5387
2987
-1627
-579
-1606
-3902
-3937
-5782
-5919
-7014
-7022
-5955
-5840
-8503
-9994
-13064
-9973
-7811
-9215
-7845
-5817
522
614
-1678
-3521
-2852
481
-383
1927
2052
-3536
-3906
-3711
-2093
-3312
-2435
174
-4707
449
4637
3498
4774
3818
8995
10368
9890
11643
12451
11596
9097
10397
10164
10375
8675
9044
6558
5899
6243
5013
6309
2703
2336
-4268
-4233
-1561
-2602
-451
-3029
-3003
-5101
-2464
-165
-1702
-1879
-1817
-973
-317
705
-1248
222
2089
1810
1490
789
-1017
-3004
-3021
-5439
-7146
-6566
-5290
-6114
-11344
-12385
-10288
-12388
-10494
-9044
-16019
-10102
-8579
-9428
-6252
-7878
-4669
-4522
-5001
-6177
-4932
-6821
-6366
-987
-564
493
2211
3070
6285
4288
9182
10430
9097
7629
9668
10537
7302
10999
9854
11505
9976
10271
8166
9853
10062
7761
9977
6107
5708
4403
4924
5819
4133
2456
3155
685
-1259
-1601
-2214
-3050
-5556
-7010
-9551
-7919
-8690
-10985
-16077
-16168
-13215
-16367
-12158
-12512
-11810
-8667
-8875
-6424
-2410
986
1525
1578
1595
2925
5083
8533
9104
7614
7508
8237
10659
10413
10947
11330
13103
10651
8207
6306
2934
6381
6524
9627
9300
3161
5046
4436
2142
1565
-1501
-4039
-6470
-8619
-9909
-10583
-12537
-13460
-13987
-16179
-15255
-14858
-16218
-16043
-14358
-10313
-6676
-8619
-9318
-3663
-4724
-4928
-8675
-5309
-6358
1208
2109
-7036
2958
2234
7765
8504
8074
9117
11533
10493
5885
11793
12541
13687
11650
10818
10302
12034
11396
10297
10398
10536
7481
6241
3056
-1317
667
636
1401
1749
1526
-2505
-3103
-2829
-2835
-3013
-2352
-1985
-4681
-3271
-3776
-2598
-1735
-2473
-3426
-5351
-1183
-3488
-3684
-1527
-3086
-5016
-6194
-7759
-7607
-6064
-8487
-7771
-6414
-8347
-7926
-4994
-8980
-4227
-1321
-2752
328
1952
2468
1613
2344
-2066
496
-469
-1527
-2872
-1694
1276
-2411
-1358
-2655
1176
2461
4132
7883
4024
-155
833
4480
7441
8565
4922
6518
9161
8085
6285
7830
8471
7538
7670
5523
7540
5874
6251
2748
785
5067
2695
2312
3666
3273
1775
-1240
-1877
-2716
-4681
-7348
-7618
-8056
-10693
-8526
-9896
-9323
-12345
-15221
-4873
-7976
-6758
-2444
-4623
1736
816
1736
3110
2782
5826
5333
3426
4426
2700
5591
8873
5500
7405
7506
5309
7186
5127
519
3774
6548
2830
-1494
665
3276
3413
4198
2414
950
-454
-1596
-3163
-1859
-382
-2420
-7411
-8859
-10202
-9994
-10801
-12464
-10495
-10748
-9011
-11096
-10341
-8892
-5060
-1449
-5104
-7337
-8692
-8339
-3791
-1938
-5245
1723
2874
5712
1636
4944
11184
9812
13011
9086
11859
12333
14178
15467
13210
10526
12595
14394
11323
11254
9202
13397
10518
10175
5609
-697
3999
1314
4433
1562
3693
4838
1811
997
-1151
-2514
-4768
-1813
-1842
-3240
-3396
-3991
-4971
-6212
-8615
-6237
-5969
-7562
-9546
-8766
-5350
-8052
-6279
-4910
-3843
-4398
-3803
-5159
-4569
-5473
-3774
-5396
-14920
-5723
-479
-1083
1664
1195
1360
3918
3499
1391
2470
2356
2922
1033
-481
-1076
-1258
-663
-1886
-33
-1653
2311
6253
4226
2028
6081
10094
6664
2083
1899
4967
5520
5576
6365
6064
6213
6089
3058
5082
5394
4509
3864
2868
3240
2038
2652
-87
-3844
-8245
-4909
-5065
-6767
-7668
-10619
-9621
-10625
-10780
-11635
-12498
-13151
-12152
-12966
-10591
-10092
-8980
-6084
-4653
-4595
-4697
-2270
-644
988
2082
4293
5301
7598
7080
9030
10891
8088
7751
9055
5969
7309
7482
7405
4658
2003
5292
3023
5208
6713
7814
6871
7038
1854
1703
5988
2758
2672
2129
-1047
-1064
-3848
-6653
-7927
-8291
-9598
-12319
-13347
-13137
-11533
-12558
-14136
-13184
-12977
-10477
-7762
-6244
-3591
-3847
-2211
-3986
-2339
1743
2286
6068
6600
11932
13691
9960
10346
12053
12665
13165
15843
16913
17585
15855
14031
13598
12031
9979
5417
5022
11603
8306
11678
4600
-3887
4993
2556
2942
974
211
20
-2177
-1889
-2870
-3792
-4570
-4235
-4805
-3807
-3124
-3190
-3857
-4052
-4076
-4799
-5488
-3436
-6024
-7216
-6577
-8435
-5592
-8439
-8547
-6111
-5299
-3034
-6076
-5597
-701
-5050
-2084
3001
1128
4294
1892
3095
4877
3000
8793
6702
4031
4488
3009
5130
-76
9
-345
-413
-280
-2819
-1359
-3122
-3085
-1304
-4967
-7607
872
1656
1279
3989
1142
-914
2573
4225
1719
998
-62
3447
6478
2949
-184
932
3099
1291
3547
3029
2363
2509
2312
1197
119
-3563
-7136
-3746
-5464
-6150
-4970
-6799
-9060
-8887
-6530
-7648
-5234
-4684
-5503
-609
2580
1844
1018
1522
1312
2695
2315
5927
7899
9305
6965
5336
3777
3919
5422
2216
2179
3655
3914
2949
3605
-3810
1568
2564
2205
5549
-1071
3393
4118
3930
3849
2370
-2232
-3472
1693
-871
-1260
-1197
-3176
-4274
-4687
-6035
-8319
-8702
-10251
-10573
-12476
-13626
-13960
-12851
-12219
-8510
-8857
-9237
-4066
-3353
-660
-3619
-3950
-1382
1125
6026
6156
4183
7662
11411
10095
8709
6532
9311
12090
11924
11473
11261
13542
13523
11934
11715
11594
12196
7136
5637
6148
2822
6965
5092
7061
8621
5268
5021
2830
1890
-597
-2076
-4416
-5479
-4992
-7218
-7136
-7629
-7290
-6930
-8478
-6207
-7867
-6798
-5733
-8653
-8196
-11841
-12835
-9222
-9793
-11150
-11191
-13757
-12964
-11157
-9430
-11014
-8172
-5281
-5340
-102
-625
1503
4100
1289
-2108
1778
3807
4248
5501
2888
1029
1176
806
-1358
-3473
-1138
-473
-1144
-1993
-680
2390
-4654
-386
5256
7629
7874
5309
7531
3748
7644
7399
8247
7489
2271
3315
6031
8629
4394
2831
3219
4009
2787
1948
4252
2504
1184
-713
-2867
-3704
-3855
-3106
-8777
-8190
-4859
-7249
-3857
-3327
-6605
-3870
1035
1164
315
1734
1150
2386
3842
4185
4268
3599
6093
6216
6697
7369
4660
4033
4937
5921
4932
5426
7200
6957
4434
5375
2313
901
3066
3574
2870
-252
2930
2818
1473
1015
2643
2138
1790
1746
-2125
-7457
-6532
-4410
-5457
-7326
-9522
-8205
-12534
-13445
-13471
-14666
-16351
-19650
-16417
-15701
-16040
-15812
-14223
-13751
-11504
-2086
-3540
-3530
768
2946
7875
7988
10620
13003
10154
7512
7173
9805
13735
12444
9985
12400
13469
10148
11423
12604
10355
10795
9277
8983
8569
7010
2602
-3571
171
4730
3928
628
896
-1121
-1857
-1040
-2060
94
-3379
-4378
-4145
-4617
-2879
-5789
-5896
-4181
-3831
-5311
-4127
-5154
-4944
-3297
-5560
-6297
-8115
-6742
-7192
-7625
-7490
-9558
-13139
-7149
-8921
-11002
-4071
-4776
-930
1765
5484
2417
3511
7340
8892
8724
5514
8647
8576
9454
8389
7906
5070
4695
2756
2774
1796
278
-1369
-2462
-1890
-4561
-2259
-3503
-1175
168
4774
4885
5166
6225
5339
4830
869
4863
5445
4828
3029
3650
3295
5773
2936
-2539
1542
-236
-1920
-1587
-433
-1164
498
-1146
-267
573
-224
-2817
-9026
-4273
-1858
-4730
257
-2191
-575
3871
3612
3364
2900
2965
1927
4800
4309
2827
1166
1598
1462
323
1596
2101
3918
4672
5603
3465
2305
2401
3718
-920
-4013
218
1944
436
-2637
43
4010
1546
1071
2651
896
5150
5719
3332
3965
3542
-1739
-4164
-76
-2195
-2758
-5627
-7734
-7168
-10291
-14207
-15192
-15649
-17883
-17459
-16759
-16622
-16592
-15729
-12115
-16357
-9316
-1496
-4542
886
471
2839
2278
4548
8893
6467
6779
7543
8867
6446
7687
7522
7992
9441
9873
10108
10038
7950
12332
10742
12712
9119
3927
10405
938
5796
8932
7111
7783
4648
1907
-542
1808
349
221
-1680
-922
-3671
-4169
-3312
-5077
-2237
-3726
-5184
-3564
-4890
-6126
-6276
-5950
-5768
-6515
-9356
-9244
-9122
-8592
-9180
-7963
-10316
-14729
-8364
-6312
-6319
-3659
-2657
213
1742
3115
2695
3651
3510
6845
2998
-1082
5932
4616
3582
1106
434
1052
-650
-2221
-973
1779
-474
-2022
-4324
-2484
-652
1257
2631
3835
11962
4913
5243
8957
3884
4349
2847
4223
4622
1342
1339
1509
1924
-534
-2895
2334
1370
1062
1748
811
-597
-1795
-2040
-3996
-2113
-1325
142
-1900
-3828
-6956
-4650
2922
1998
1142
4050
5401
4918
5068
3727
5371
6913
5138
5046
3413
3324
4099
3025
2808
3253
4354
3370
4040
3321
5088
2359
1992
-1469
-9001
-2891
-1948
-2206
-3326
-4616
-4655
-5080
-2705
-3346
-1631
-278
-677
-1983
-2161
-2325
-4071
-1763
-7494
-8684
-5731
-8473
-9126
-10544
-13711
-13406
-13379
-15346
-17044
-17783
-15621
-14755
-11294
-11307
-6567
-7379
-4668
6262
6711
7347
8057
9566
8879
12926
14434
15525
15690
12294
14487
14494
14292
14154
12017
11473
13810
11709
12882
12811
11806
10848
10932
8833
780
2740
2391
3099
-1951
-1150
1147
-1443
1757
-1827
-1128
-1727
-1874
-439
-1269
-1837
-1687
-3566
-3230
-4165
-2492
-2349
-2113
-1903
-2920
-1474
-2554
-5043
-7394
-3764
-6784
-8464
-10254
-10118
-12462
-9905
-9324
-15021
-6534
-4800
-4241
-802
-117
119
1896
3301
3913
6919
7891
7100
9517
6398
1843
5057
4961
3279
2198
842
-1033
-1566
-3332
-5600
-2929
-7262
-4466
-1745
-2868
-1405
1827
6677
3274
2358
3873
3122
5349
6932
8223
5919
4203
1367
-709
-976
-164
-1426
-1262
-2380
-4352
-4334
-2182
-2899
-4927
-5543
-6677
-6927
-7282
-4196
-5783
-5843
-4400
-13096
-8915
-2985
-1214
1078
-106
-877
52
178
823
-133
675
2082
2307
3403
4862
6392
6980
7464
5425
7427
8431
7865
5992
6141
5512
1468
2305
-424
881
2835
1789
1486
-1573
-5479
-883
-1182
-2329
-160
-2545
-1040
-875
-3805
-4754
-4838
-4134
-6308
-13341
-11784
-9558
-10041
-9405
-14283
-13476
-13209
-15489
-15752
-13839
-13896
-10684
-9326
-7349
-8633
-136
5870
880
8374
8046
7285
8044
10032
8368
8821
11529
9821
10081
5340
8290
8590
8703
11304
11563
11956
10575
9076
11095
13085
11177
12452
9697
7420
9051
8619
10349
8187
3015
3680
5751
3755
3338
1296
-743
1639
919
-703
-2263
-3349
-3261
-2350
-2416
-3083
-6565
-7969
-7734
-8063
-9390
-9984
-11572
-11563
-12475
-12741
-15035
-11721
-12795
-9093
-7314
-11881
-5367
-3772
-5743
-14
2980
3875
5314
4522
5674
5823
7467
8281
7622
8917
6139
1059
347
2730
186
8
-826
-2639
-3465
-1213
-4379
-5330
-4898
-1574
-1952
73
12914
4327
4563
5951
7772
8144
5664
9428
7688
7527
6745
5623
4287
2226
836
1281
-375
528
-1100
-1432
-1357
-2783
-1755
-1637
-4343
-3099
-5805
-7766
-7460
-5194
-3446
-7012
-9457
-7225
-1820
-2891
-2287
439
-984
1681
1363
3704
5110
3955
5362
6626
8710
7678
8527
8827
7662
6132
7696
8369
4846
5020
3240
178
-4776
-5714
-3858
-5013
-4468
-3406
-4950
-6428
-5479
-6978
-6388
-5973
-4081
-4420
-3860
-1166
-3469
-1561
-3753
-4679
-4266
-10755
-9499
-9959
-9347
-11007
-12693
-8890
-10946
-11879
-15116
-15977
-13186
-11573
-11617
-7095
-3381
-1949
2059
3168
5796
4566
6281
7665
9459
8374
8585
11964
11349
9013
8140
9577
8192
10465
8167
6989
5629
6512
5185
6722
11748
7154
8786
2825
3528
7093
3181
2733
111
-2952
1479
3581
1102
1944
2806
-62
866
515
-3397
-1287
-1192
-2636
122
-574
-1900
-1042
-2652
-635
-3820
-4539
-4529
-5487
-3438
-5930
-7472
-8200
-11058
-7633
-5444
-10909
-6143
-6242
-6865
-4119
-3964
-3155
-1575
1140
-401
2625
3839
5551
5679
3355
5139
4032
-1214
-192
2125
82
-499
56
1062
159
2106
-5250
-5534
-310
1246
5093
8032
11131
7220
8988
10248
11108
10281
6522
9275
11175
9927
7228
7458
5044
2771
2449
752
-1816
-981
-2179
-4350
-7227
-6876
-4933
-9536
-7980
-8120
-7952
-6792
-8577
-6464
-8499
-6275
-2672
-7394
-2315
432
-700
5003
2950
-1486
489
2912
231
1025
3178
3509
4636
4039
5199
4607
6397
8040
5457
3934
5987
7927
8109
2494
3802
4634
1996
1043
-1666
1415
2499
-1109
1259
-1471
-2416
1469
-1784
-2968
-2501
-2785
-4953
-6527
-5638
-7796
-5975
-9363
-16476
-15733
-14131
-16509
-17004
-16859
-17876
-16048
-17074
-15688
-14607
-14906
-10270
-8568
-5363
1195
1091
3863
2718
5142
8637
8331
11300
10982
9751
12496
12719
10233
9383
9594
10530
10134
11819
9246
10459
7570
8283
11539
9147
8935
3995
6402
8767
7722
8267
8019
7975
4238
1375
2747
2892
2218
1406
-686
-1235
-1366
-1493
-3672
-3345
-3096
-3884
-3086
-1936
-3668
-5726
-6024
-10776
-9890
-7435
-8935
-5391
-7823
-7835
-6444
-8021
-5071
-8210
-8502
-2795
-1766
-1708
1343
1449
3556
5537
6237
7077
7678
9799
9552
10336
10051
8483
10141
7398
1099
4050
4697
-98
-2385
-4802
-2196
-542
-3984
-6840
-2517
-2643
1134
3243
4853
4987
4541
4384
1192
4985
4957
2636
4535
3361
2248
967
-1154
-4256
-5010
-2819
-5736
-3575
-4791
-5777
-6518
-7828
-6405
-7965
-6618
-7657
-7180
-5667
-4301
-3078
-5390
-3606
-760
-1819
-6628
-3469
275
2730
2160
2961
4780
3687
6834
5679
6474
8331
10050
5969
5807
9553
7982
7838
6154
8533
8205
7906
5698
85
-2411
143
911
-671
-1146
-3030
-2749
-4880
-5280
-3176
-1796
-2807
-1934
-1013
-835
446
-3282
-1501
-3123
-4316
-5068
-4249
-10071
-12479
-8607
-13426
-14822
-14972
-14475
-11211
-8344
-6985
-7243
-9353
-3579
-1436
1641
8429
7045
6586
6368
6744
11336
12597
12834
13379
11013
12333
10455
7096
10052
9882
8927
8961
7779
5509
3644
5244
1295
2143
3429
2490
1690
-882
1246
2177
3604
870
-202
-232
-77
-4747
-3570
-3492
-4256
-2339
-5785
-5560
-5340
-3989
-5191
-5254
-3583
-4548
-2506
-1711
-3849
-6077
-4867
-6834
-6602
-7322
-10200
-9941
-7805
-6604
-10537
-7312
-8950
-7889
-5557
-7711
-3871
-3891
-600
-1907
-3411
538
1744
198
1781
2450
1311
3527
4027
5980
3456
2131
-2523
-3544
-4105
-6940
-1621
-3578
-1681
728
2506
651
3969
12428
9742
10282
9022
5869
3591
8675
11745
8785
6232
5592
5288
2776
2084
285
-871
1716
790
-3311
-661
26
-2249
-6310
-6347
-5158
-7382
-4922
-6036
-5961
-3882
-5851
-4089
-6471
-4481
-2034
1649
-2456
-6507
-1238
678
3656
3763
3328
5764
7843
8075
9863
10673
10249
11571
10579
10962
10519
11593
10168
10431
9378
8817
7101
8046
5205
316
4373
1410
554
-238
697
1338
-530
-2110
-5156
-4054
-4429
-2870
-4463
-7435
-6865
-9781
-9438
-9982
-11113
-10003
-10590
-15346
-17361
-17727
-19985
-17208
-15483
-15457
-14609
-16957
-8159
-8913
-3632
2446
-2751
1751
5367
7234
6897
8892
10411
9511
7703
8965
9666
10322
8684
7879
7083
8215
9866
11264
11720
9163
8381
3421
10821
6865
4976
8753
5350
5494
2892
4788
1513
658
1212
206
-3131
-7379
-6422
-5017
-4420
-4947
-3461
-5406
-5066
-5197
-5064
-5210
-6114
-5130
-6261
-4046
-4035
-4585
-5497
-5225
-6820
-7676
-6608
-8984
-8186
-6795
-4240
-6898
-5226
-11638
-10629
-5838
-7442
-7187
-7774
-2061
-2136
-3
1568
5453
6989
6022
7080
7186
7427
7139
7349
2679
-197
1396
-489
-1089
2157
6232
5141
3784
5834
2087
5964
7994
5819
6382
4661
4863
5211
7005
8298
7604
4814
3143
2671
1024
-140
1418
-1933
-771
-1061
-3020
-5025
-1412
-3222
-7174
-2563
-3978
-7304
-3643
-4641
-8919
-6217
-4210
-4470
-1092
-3995
-6839
-289
-1385
-2047
-2550
-1719
5344
4766
4089
5282
6903
9010
7093
9708
10568
10127
9289
8702
9226
7229
8005
3141
5289
5511
4186
4257
1793
-2494
-1711
-492
-7795
-2944
-2628
-1592
-6355
-5048
-3352
-6178
-5726
-8049
-4285
-7217
-6338
-6650
-9543
-9497
-11172
-9755
-11325
-15019
-16306
-13514
-15645
-16547
-6431
-5502
-9080
-8564
-8608
3583
4930
2324
7538
3491
2399
7771
8690
6421
9660
9817
8216
7913
6243
8747
8811
9555
7010
4243
7148
6607
5223
6059
2075
4206
4726
3123
3063
5982
9351
6131
8407
1783
3869
5618
4244
7341
2079
-647
-687
1535
26
-990
-1104
-1766
-589
680
-218
-1737
-352
718
1890
937
1339
-353
-2655
-2907
-3793
-5876
-8304
-4689
-7047
-7659
-10981
-12901
-11852
-9455
-7101
-10308
-5696
-8275
-4444
-3515
-6113
-3862
1412
221
-907
-1423
-2741
-267
-1999
-1674
-2468
-900
-4626
-6845
-2779
-5942
-4772
4673
1711
1283
3050
11350
10387
4391
10724
7752
8139
10230
13362
12812
11967
11998
10303
8811
7367
5273
3896
1477
21
-119
-2718
-4441
-6801
-5075
-6109
-10860
-8267
-9030
-14983
-9158
-10045
-11976
-8565
-11461
-12114
-12875
-11166
-8722
-7929
-11653
-13328
-7606
-2790
-975
-1679
794
4090
6518
5040
6550
8596
8981
9772
10924
11879
11836
12618
10907
10465
10318
10243
9100
8512
7527
9794
4345
-430
2914
-33
451
4191
1302
-1720
2212
-568
-4273
-131
834
-1543
-2699
-3363
-4826
-4637
-6397
-7448
-7184
-9453
-14624
-11707
-9743
-10710
-3543
-6807
-9135
-8895
-4985
1178
-1151
-2232
-3477
-1429
3068
3203
2786
2801
5211
10756
8576
8377
7147
7340
8015
8810
8884
6196
6908
6787
7111
9556
4920
3324
5721
337
3889
5818
3973
4105
7487
4844
1316
521
3096
2090
1602
-560
-4000
-729
177
1447
1033
1031
883
1198
-24
14
-859
-641
759
-1824
-3023
-5291
-5671
-5143
-6888
-7919
-8957
-10639
-9628
-9783
-10436
-10906
-12439
-13719
-15916
-12608
-10861
-11574
-15590
-11752
-8777
-7373
-5520
-5486
-824
2128
3026
1866
3425
1298
3083
3131
-816
-1740
-2508
2785
5145
5466
4448
5551
6141
11578
13345
10875
8562
5452
11434
9681
10552
12064
11358
10786
9795
9049
7744
7374
5076
6335
4014
3942
77
-1547
1219
-317
-54
-5426
-3466
-2188
-6665
-3615
-3251
-6046
-5243
-6754
-7088
-9669
-10615
-6311
-8312
-9748
-10108
-10779
-9403
-6451
-3577
1477
1184
3268
7056
8688
9055
10393
10517
9571
11205
10875
9915
9085
9169
8558
7030
3401
4652
3203
3921
2757
2888
-556
-4926
-3004
-4077
1484
-3150
-2563
-2456
-7384
-3429
-2324
-2381
-2110
-4216
-5618
-6479
-6179
-8348
-9212
-11311
-13457
-10590
-10682
-9037
-7557
-4519
-5680
-2945
-455
-1163
500
-556
770
66
2115
-960
1153
-1221
1226
-1365
-2481
4349
3252
1257
736
3216
1497
2276
1444
1976
3705
5328
1392
-1052
5111
4810
4098
5117
6664
7203
4334
5191
3587
5362
4289
-520
383
-3462
-586
396
1409
5059
894
906
2090
5183
6230
4364
6007
6243
4866
3908
2187
4009
1424
1291
605
634
-1913
-2401
-3637
-5558
-6070
-7802
-9357
-11168
-8076
-14203
-13204
-14254
-16258
-13406
-9288
-12152
-16767
-9665
-7493
-4826
-2109
-4986
-4994
-2066
-769
-2704
-6689
-769
3067
5152
7469
8192
7150
10873
17403
14728
17157
15442
13560
14051
14415
8676
9094
8577
6728
8306
7845
8425
8904
8184
4574
3631
3879
3732
1620
-121
565
423
-2107
-4063
-3040
-4089
-5433
-6136
-7550
-4911
-4618
-5117
-7147
-8804
-7799
-6661
-9998
-15955
-18229
-14916
-9535
-10740
-4754
-7272
-10528
-2272
2538
1184
1206
4922
4586
4567
5089
8114
5630
7604
9434
8698
8578
8203
8136
5594
7789
5085
3854
-342
2273
-1245
1225
-3440
-9347
-2021
-6336
-2194
-4702
-5394
-6397
-6020
-2327
-4133
-3025
-7066
-4061
-6014
-13529
-12530
-10250
-5046
-1566
-2982
-1707
-3687
316
1825
1682
3668
6798
7131
6937
7148
2451
50
628
2522
2932
3321
2755
613
-3354
323
2893
107
517
841
4141
2463
3394
2143
926
6508
5592
6866
8216
8596
9262
8939
9968
9059
9495
7775
8756
5788
810
3
750
139
114
-480
-1651
379
-179
3406
3170
1729
3356
2440
1090
2465
980
-884
1461
-355
712
-437
-2032
-5104
-4902
-3005
-3829
-6173
-9126
-7225
-9255
-9184
-8755
-12687
-11864
-12908
-14453
-9601
-12830
-10077
-13111
-15220
-8757
-8517
-7108
-5758
-6544
-11927
-8274
1553
1635
3876
3754
5055
11314
9642
14041
12022
13473
13496
13385
17022
14807
12221
13919
13919
4786
8404
7416
3047
3274
3553
1713
991
979
-934
-2044
-3013
-2529
-3812
-4462
-9437
-3788
-6225
-6985
-3674
-2973
-3333
-5736
-3918
-4600
-4325
-6358
-3680
-6514
-10470
-7847
-4750
-4628
-5169
-6561
-4691
964
2745
-2037
-2337
4469
4953
2401
2471
3115
2813
3440
5884
5498
7171
6842
3140
3409
4450
6261
4682
4102
3496
2698
3852
4802
2391
2024
3874
-4941
-1774
-1457
-2950
-1045
-4403
-4205
-6984
-6630
-5976
-4286
-6609
-9674
-4171
625
2637
-272
5394
5679
4994
8100
6204
8541
6368
6695
7593
5356
5939
4495
2415
1980
1262
-784
-3845
-4649
-6416
-1775
1927
-6409
-9076
-5010
-4195
-2518
-412
-1972
-2497
893
1825
2352
992
2767
3791
5453
4254
1184
3182
2815
3634
3020
1939
-1961
2991
5975
7907
6417
634
4313
3907
6418
8296
7365
6384
6878
5061
863
-225
1023
239
-722
-160
-3425
-3913
-4896
-6407
-7069
-8100
-9434
-12571
-12116
-13309
-11519
-12157
-17740
-12928
-16041
-13841
-13974
-16850
-15804
-15753
-14444
-11311
-12605
-19718
-14206
-7271
-4933
-5272
-1096
4536
6011
9351
11182
13001
14310
13639
15736
21215
20157
19298
20878
20312
17831
16939
14128
16414
14237
12244
7788
2588
6390
2692
3926
4159
2445
2776
2903
1413
3376
-859
-272
1887
-1743
-1579
-3401
-3466
-3216
-3179
-4177
-4588
-7912
-6329
-7173
-7086
-10322
-12653
-11184
-9897
-9927
-9554
-8159
-7762
-5258
-6944
-6256
-462
1002
-1793
-3994
-1854
1698
1795
5252
5504
4629
5417
4329
3907
2250
4467
2689
24
440
-165
-1570
240
-1851
-1765
-1295
-140
2865
-2387
-2224
-6735
-5856
-2587
-4657
-5414
-5981
-4679
-3426
-5901
-2980
4637
-1911
1476
6599
4228
8221
7239
4525
3516
4366
4281
1926
3416
2617
2063
515
-316
277
-2100
-2159
-2361
-3305
-9281
-6650
-3040
-6022
-1391
-4392
-7823
-7243
-6496
-5224
-1099
-2447
-3511
-2724
-518
321
794
2408
1553
2736
2766
4022
7643
6874
3014
6296
8331
8683
8917
9106
8773
8763
9170
3282
5273
5961
7654
7331
6169
4936
2789
900
2008
2730
1694
-1871
-5185
-2064
-3682
-3005
-5150
-5261
-2837
-7517
-8615
-9497
-10963
-7883
-6502
-8877
-11149
-10030
-8939
-12060
-16039
-16612
-15893
-14020
-10662
-8631
-9867
-9678
-2984
-22
1024
9549
11814
12892
12531
13390
16100
15789
18849
18627
16227
13179
16894
16172
11330
11226
9837
9345
8721
8495
6192
2430
4313
-472
-2625
652
-2131
-4680
-1950
-3744
-5657
-499
-2358
-775
-3623
-2959
-3370
-3619
220
-4102
-4268
-5582
-4432
-3790
-4445
-6865
-5928
-3459
-6382
-5987
-6021
-5933
-3526
-5244
-5811
-7559
-4998
-5165
-4732
-744
-2862
-5895
-5801
-5103
-1884
-656
-2366
244
-3413
-22
4049
2178
2693
-1436
140
785
-1343
649
1011
-2
1553
-560
-530
-2338
-3679
-1129
361
-2733
-9291
-5312
-3272
1441
845
-1334
881
7181
12538
6971
9456
11084
12497
13554
11404
11900
12565
9144
7471
6301
4680
4594
1204
1932
28
-3014
-3513
-4052
-7651
-7254
-5501
-7283
-9733
-12015
-8211
-10965
-3520
-4334
-8290
-5563
-5481
-3950
-3090
2209
150
-694
2967
3176
4170
6061
6420
5513
4408
9186
10740
9669
9063
10207
10577
9762
9439
7292
7302
6869
5805
2052
6157
4413
3926
5856
360
3083
-1167
-2949
-4014
-4784
-4648
-6512
-7243
-9522
-10432
-10040
-11212
-14642
-12961
-14072
-15712
-16066
-17998
-17034
-15914
-17361
-17070
-17048
-17761
-16666
-16203
-10267
-8843
-15906
-8168
3548
2875
1707
6967
9062
11781
13597
13432
14738
14789
16817
17526
16957
17530
17018
14653
15659
15831
13399
12750
12604
9877
11111
8920
8528
6495
5602
4565
1235
-1467
-2464
-124
408
1330
-1685
-2020
-2259
-366
108
-1738
-2357
-5768
-3976
-4249
-2870
-8169
-8161
-4111
-4662
-5659
-5714
-1581
-2612
-1319
-4161
-2290
721
-509
-2547
-4939
-5200
-2244
-4255
-6025
-3902
-2058
-2886
-8058
-3204
206
-1472
-852
-2887
-4636
-5435
-1152
-3320
-3907
-314
-2081
-2422
-3829
-1850
-2592
-4288
-1097
-1717
-4971
-2943
-569
3468
3686
-454
-3849
6055
7224
6934
14054
12733
13701
10821
11925
11345
10985
10901
8940
6560
5804
6026
2042
-99
-1242
-1731
-3547
-4187
-5080
-4803
-4032
-7038
-7985
-10827
-11961
-12717
-11908
-12855
-9821
-8513
-9546
-8307
-7154
-4534
-6956
-3373
-2317
-2484
-910
2751
5188
6076
3493
3143
7444
8579
8900
11370
9782
7881
6959
7738
7572
7580
7230
4992
5193
5993
3870
1985
54
-6718
-2828
-2481
-2518
-1759
-3596
-1920
-3965
-3233
-4725
-3050
-6165
-6287
-4371
-5824
-7049
-7120
-8989
-9890
-9454
-9459
-8877
-9170
-7938
-7306
-6836
-2283
2802
-1410
-4625
4340
2869
250
4318
2038
6820
12011
8805
6356
7444
8634
8854
6247
8931
11196
9243
10966
10713
9562
8499
7500
7598
7620
4670
2903
2521
1593
3684
1098
-337
1033
4390
952
-3101
3091
-4004
-4322
-1977
-651
-290
-2374
183
-2520
-827
352
4524
-287
-2983
3521
2244
231
1640
1671
465
-2276
-3035
-499
-4297
-3816
-4801
-5643
-5548
-8499
-8436
-9573
-11767
-11986
-12771
-14327
-13033
-13966
-9893
-8795
-13881
-9614
-4706
-4898
-6304
-4415
-6541
-7570
-1706
-3484
-3578
-2958
-1694
-1977
-1772
3664
3311
6988
5588
8383
12568
10154
10688
12332
12697
14700
14169
10087
15455
14544
16401
17472
14671
16236
12611
11811
12017
9310
6226
6699
2870
1606
605
-782
705
-1895
-1980
-7535
-6156
-5239
-7707
-8277
-12024
-8023
-12529
-11212
-11651
-13139
-11020
-12315
-10354
-9557
-7939
-9452
-7122
-5443
-9266
-2245
-2833
-3659
5250
2148
4937
6024
7043
8085
8159
9188
10595
11753
9736
8870
9865
8863
8921
7886
7710
7655
5411
1063
-158
381
-5753
-3670
-6264
-6394
-7016
-9409
-8760
-10337
-10071
-13293
-10783
-10429
-9328
-8988
-12470
-12539
-8491
-4688
-3030
-3486
-731
-1398
4262
-532
-4586
5192
4468
6991
4949
5175
6376
5024
4029
-1347
1246
2939
3159
2545
826
-2489
-988
4516
5053
4191
1588
5076
5425
4753
5426
4359
49
486
4211
2803
2735
5267
-707
253
4093
-415
1249
2051
183
384
-2232
-5055
-2365
-2498
-1254
1100
-1566
-4297
-1381
892
831
1618
7
2742
631
1236
2673
2454
-474
-1057
-1043
-1519
300
-1451
-1891
-2632
-4464
-6443
-7071
-7451
-6976
-7934
-8390
-10741
-13482
-12389
-10843
-6332
-7697
-15118
-10743
-3736
-8897
-9685
-4870
-6884
-1821
-987
572
2430
5002
5265
9990
13809
7287
14199
16267
15293
16865
15253
17009
15127
13614
12648
17237
12463
4309
8081
4025
6305
4728
1252
5374
2438
1504
-981
-2654
-2401
-4555
-5666
-5843
-7424
-9399
-7997
-5064
-7990
-11354
-5755
-2648
-9713
-8343
-5873
-6873
-6128
-5957
-6701
-7061
-4427
-4798
-2000
-2637
-2696
2116
-3932
-1806
1287
1720
3600
2257
2764
4252
5617
5006
6175
7845
7978
5876
3624
3016
6526
5001
4970
1875
2491
2839
4924
602
-1454
1479
-3017
-5106
-5368
-1563
-8152
-4734
-1858
-5931
-5708
-5523
-4056
-5549
-4391
-2660
1044
-586
459
327
6140
4777
2413
5581
6036
10203
6910
5506
3787
2134
2553
250
-1016
-2224
-470
70
641
2063
-922
607
1997
-4666
-3556
420
-894
-1184
-258
-2841
-1974
-4123
-2811
-2154
-335
-1927
-5851
1310
-807
-2610
-643
-1743
-75
1554
2209
1004
2960
3925
7521
9256
-1823
-2556
8436
7222
7050
8135
6821
8362
7252
6546
3163
5644
5181
2492
-1357
-990
1367
-1670
-4315
-6304
-7073
-8303
-9504
-11370
-10926
-11346
-11155
-14513
-16943
-15093
-16618
-15185
-13314
-19055
-17260
-12452
-13282
-16638
-17674
-8300
-8556
-5466
-1627
397
1836
6180
15991
10859
6845
13407
16971
17228
17976
18554
19438
19601
18333
16029
14673
15280
16135
15374
12425
10711
8917
6649
9037
7248
5718
6030
4601
2795
2594
1208
-1701
-3831
-4328
-3898
-2974
-2722
-7446
-8328
-3845
-7090
-6922
-6238
-6393
-4054
-6102
-6413
-6765
-5849
-4282
-2067
-2190
-6213
-4753
-4288
-6981
-5719
-2388
-2040
-3206
-4978
-470
3227
508
3408
2170
3378
4337
3628
6377
8754
6624
4980
6640
5332
5484
4595
4706
2663
-394
-2192
-5932
-3980
-4992
-10342
-10913
-9328
-14722
-14054
-11176
-9706
-7230
-6396
-5870
-662
-1959
-76
10272
5095
858
2276
10092
11437
8920
10731
7863
8811
9359
4974
4394
5335
1409
-804
-4715
-4169
-2247
-4594
-4675
-7884
-5008
-7699
-7369
-6291
-7362
-9576
-7986
-6669
-8977
-4571
966
2965
-31
-3452
304
6720
3425
2460
5402
4644
5186
7439
5780
7561
8844
10770
11968
9640
4206
8267
10836
8338
6116
3387
6204
5232
6028
5635
5238
2952
4152
5367
2502
2500
1779
1204
-1772
-2543
-4974
-7835
-6586
-7445
-6532
-9361
-11306
-12118
-14704
-16399
-13546
-13725
-21225
-23075
-19095
-19760
-19061
-13615
-11529
-1566
-3019
1305
-1508
3841
15906
9238
11887
11855
13706
15890
15914
19530
17913
15586
13506
16357
12936
11426
12936
8960
9506
10764
8626
5213
4104
5316
4644
2627
2068
2389
-1853
3900
2146
-379
290
-2622
-5664
-3617
-3334
-7414
-10515
-7105
-5831
-11305
-9003
-9195
-6669
-6113
-7149
-5307
-4880
-3510
-2952
-2765
-8449
-7450
-5412
-3141
-2521
-3245
-2782
-2420
-1568
-1602
1793
2307
1349
-3846
-1996
1727
-265
2265
1394
3530
4219
3609
2424
3301
2953
2107
855
-337
-800
-3574
-1687
-512
-3629
-7332
-4012
-3795
-4621
-344
2286
5324
3878
4359
10434
9593
8128
9831
11875
6080
6740
13089
10588
11991
9271
8410
5939
5762
5206
5254
3465
-3116
2254
3985
2300
392
-969
-645
-3165
-5093
-6090
-5059
-7139
-7582
-7656
-10431
-13153
-10012
-12437
-14431
-13333
-9717
-9763
-9742
-3644
-6083
-2818
876
2447
4602
6782
9769
8784
11537
8868
10755
9801
3070
7078
8830
7753
6721
6590
6855
6989
6321
6452
1094
1876
4393
1621
629
-58
-1296
-2754
-1805
-3599
-3957
-7121
-8439
-9729
-11180
-11912
-14761
-15610
-16727
-19708
-16384
-15788
-21451
-19630
-15923
-19698
-18118
-16046
-13718
-12243
-8293
-4157
-195
823
2799
8628
3879
1827
2766
6952
12154
15223
13375
10098
14284
13834
16463
17236
9973
15989
17166
15635
14048
11497
12869
11559
8534
5741
5834
855
1444
1016
1941
-2705
-6815
-4789
-8443
-5370
-4566
-8297
-12603
-8709
-5560
-8648
-8159
-7399
-6816
-5409
-1185
-500
302
797
659
-20
-3553
-1490
395
640
-1202
-2715
-3379
-4279
-3522
-2491
582
-1840
-3091
-2892
-3524
-3060
-4574
-1065
-7911
-5549
1341
-4198
1298
-156
-3689
-2421
-3487
-3362
-7010
-4798
-3334
-2453
-4459
-8779
-4745
-2499
-2711
473
2598
7288
6940
4750
14202
17405
9582
8208
9807
6025
13079
13238
12158
14036
12208
12616
9849
10831
7874
8592
4587
1240
3136
1943
2576
814
1741
1153
-2247
-2960
-5735
-5651
-5367
-6961
-5914
-9869
-10345
-9378
-11422
-9160
-10567
-6799
-9758
-6187
-4887
-10845
-5360
-1078
19
1605
5271
6091
7146
8748
9496
9473
3964
5556
7634
7428
8418
8228
7676
7358
8555
5785
8256
8120
7412
6685
6692
3850
1653
3252
266
2382
1989
-2748
-4208
-4667
-8193
-8176
-9717
-9421
-13306
-13989
-12440
-16562
-15413
-18270
-20473
-15296
-15767
-12024
-5783
-1800
-2977
-5253
5617
2162
3085
4568
3954
1344
-1579
5601
7886
5753
7912
3231
354
7119
10500
11049
4118
3789
5966
7007
6967
6520
9296
9686
6852
6272
8228
2590
3726
3182
5206
3943
3462
-813
-2913
2186
-5641
16
-3181
-9621
-3175
-933
-1794
-1701
-627
-346
2732
1033
2257
5445
3669
3672
1024
-2209
1987
1621
2549
4034
1890
266
1087
-300
-175
1103
-596
-2842
-5328
-6795
-7318
-10748
-12062
-14931
-10686
-9351
-9194
-9779
-14949
-13307
-9690
-7369
-12773
-12716
-10103
-12511
-7786
-9553
-11639
-7617
-5768
-2954
1540
4070
1114
7026
15710
18689
18351
13841
14707
16335
12094
17444
17355
9270
16628
17068
15677
16223
16144
14487
6376
5728
9792
8621
5745
4004
5205
3491
278
-1816
-3845
-5959
-6559
-6124
-5974
-9510
-9809
-11755
-17171
-12451
-12649
-13278
-16124
-16339
-13659
-11681
-13922
-17589
-7878
-6022
-3805
-7115
-4161
-459
2067
2496
3372
1432
-333
6628
7133
8385
9071
8856
8220
10657
7905
7313
8584
6448
6627
6873
8427
4571
6699
7639
6333
4227
-3787
-2502
-4341
-4858
-3668
-4941
-6022
-10410
-9336
-11514
-14247
-14842
-14569
-14178
-10172
-8745
-5141
-3253
-7557
513
4096
3325
3485
740
2591
9427
4197
1686
8094
6005
6367
3264
2136
301
4715
10103
9590
223
-1080
7573
8663
7301
7217
7845
4636
6317
7029
6036
4986
6163
7122
4979
5129
4499
1647
188
8
43
-2951
-5744
-1415
547
474
3227
1049
-1499
545
2107
3423
1294
2526
3395
5219
3689
-1548
507
1672
1160
891
1713
1111
-1377
-1693
-430
-2065
-4804
-5125
-6707
-7741
-8354
-8373
-8186
-9643
-10659
-13297
-13343
-15411
-16056
-17599
-17576
-13329
-14794
-16994
-18826
-12215
-9662
-16635
-11449
-5080
-5359
-216
890
-2199
10358
13880
9239
11337
12201
11640
15514
14912
14488
15800
13508
15120
15419
16207
13006
12573
13567
9370
5552
8775
8955
8789
6513
2620
3961
1596
222
-2621
-1622
-5461
-5890
-3831
-6965
-7270
-8487
-10373
-7476
-7181
-9662
-11229
-12157
-12323
-9317
-8393
-12853
-7431
-5539
-6603
-4875
-3576
-3864
-2019
5878
4041
3059
-3433
780
5695
6148
8274
6731
7922
7215
8523
11362
10209
8355
8719
8760
10307
8592
7815
6934
5029
4679
3076
1777
471
-1189
-4010
-4424
-10253
-13384
-13874
-13840
-13535
-13337
-16571
-14246
-10963
-9279
-2364
-3112
-5799
865
7869
3201
3347
6440
6535
8158
7959
3215
1372
6332
2874
4161
2127
1257
2647
1375
626
-6645
-6059
-4205
-8152
-5304
-2555
-236
-172
-3727
-2651
-1772
-3953
-800
-247
414
4414
844
-1908
-2700
-2188
2422
394
-203
612
2588
3614
3426
4151
4410
5178
8587
8503
8165
11184
8113
7478
9251
5326
5837
4461
2869
5498
6226
4416
5143
3536
2123
5359
2907
2755
3076
2413
1166
-2616
-3716
-4110
-4548
-6054
-7579
-9538
-10543
-9878
-11976
-13687
-14673
-17187
-17980
-17779
-19549
-18747
-12469
-14588
-15988
-10315
-5705
-4464
1130
8902
7977
5609
10996
12199
12461
14422
10214
10876
12963
15749
15016
14183
14646
17807
15743
13651
10639
6658
10077
8254
5413
3159
1659
2027
1426
504
-624
-1979
-3714
-3058
-3512
-4315
-6706
-8775
-9034
-11980
-12230
-10295
-9969
-12349
-9461
-7703
-11584
-7059
-7293
-5989
-2836
-4276
-3618
-4453
-1066
-654
-290
-2140
-5974
-4042
-2079
5066
27
-4205
-1619
554
2797
3331
6496
3111
3790
9224
8344
9010
9123
6122
6845
4696
6152
4334
4522
4866
3514
1414
77
-1005
-7531
-7670
-5831
-6569
-15984
-11914
-9771
-9225
-4758
-4018
-1274
1898
8375
7592
7795
7712
9656
9854
6282
3908
7290
6894
5383
5232
3306
3097
2008
4376
4508
583
348
2
-971
-1816
-3520
-2710
-7227
-8296
-6390
-8394
-1943
789
-4758
-7874
-2185
-1997
-1363
-3029
-1286
-1298
-523
-2267
-2951
6289
-54
1576
2594
4586
8453
6193
6158
7575
10325
11831
10721
5847
5206
4945
4030
1675
3297
5983
6177
7288
7826
2447
2000
4190
3047
1081
1461
-1881
-3546
-5177
-5932
-8373
-8548
-7589
-11312
-10540
-11846
-13408
-13867
-16444
-16942
-19276
-20323
-18700
-22895
-16819
-13841
-16741
-14020
-8045
-5087
-4779
51
5685
988
6097
10915
7992
12733
7978
9015
11754
12953
17014
14479
12517
11592
13648
13782
9002
9845
10450
8559
8106
7931
5179
4179
3281
2801
2129
-1237
-334
-537
1216
1398
-600
-2451
-3368
-5568
-5781
-3476
-4214
-6242
-2982
-5279
-6579
-3433
-3342
-4542
-4346
-3458
-2038
-945
1777
2479
2340
-1283
-3546
-1424
-1441
-249
-1811
596
-3175
-2808
2189
-184
253
-3403
-2137
-387
-1885
-1765
268
-2299
575
1525
993
1338
-401
-517
-2152
-2635
-3074
-3675
-3051
-5879
-7247
-7276
-12175
-8396
-4599
-2355
1056
-1848
-2979
6405
8492
10386
10238
12498
10354
9739
10975
6974
10717
10644
12660
13004
10913
10382
11102
9449
3162
3746
2480
1385
1402
-834
-201
-1909
-1555
-2520
-8545
-7125
-7167
-9594
-10085
-11821
-10299
-10489
-11721
-12117
-15073
-12212
-6829
-9501
-7107
-2148
-7337
-3744
1917
-276
4044
5202
4342
7655
6987
7451
9417
9616
6474
5970
9971
12309
8661
8030
7355
10838
9414
5844
5681
5672
6602
2523
5765
1412
611
-1487
-682
-323
-2114
-1860
-5219
-7658
-11332
-5847
-9795
-14703
-18384
-16905
-17329
-21221
-17803
-17764
-15013
-10445
-3676
-7045
-6572
1612
1592
1023
2222
4424
7394
9661
6263
-813
3790
10168
9147
9225
10786
9073
12254
9017
7976
12282
12841
12248
7723
9839
8878
8158
7725
7300
6271
4349
3759
1033
1294
335
-531
-4933
-3826
-6753
-8884
-6154
-10497
-8827
-8840
-8654
-8673
-5626
-3178
-3761
-3785
-917
310
-1575
-2158
-2510
68
-657
-5653
-8069
-2757
-2197
-5507
-4401
-5008
-5232
-6543
-6228
-7047
-8736
-6909
-7309
-6962
-5580
-4400
-3532
-8007
-7879
-5555
-5474
-5218
-1891
-1890
-2574
-2324
-4199
-5732
-6888
-5425
-4350
-7413
-2537
233
4351
9178
1614
7306
16709
11823
13901
15383
14616
13588
11439
14776
12587
12057
14999
12862
13374
13484
11101
10974
8026
5928
8803
8435
7582
5524
5452
2649
1832
-119
-463
-1789
-6886
-6107
-6884
-7760
-6253
-6490
-8450
-12956
-17426
-14355
-14969
-16137
-14445
-11938
-8426
-5862
-8414
-8497
-1787
-445
761
2130
1028
2567
5591
7912
8799
4045
2649
7812
7031
7944
6084
6615
7238
7051
6909
4434
3506
3343
6279
5903
-570
-2796
3540
1557
800
855
-4380
-2880
-5595
-7807
-9080
-8735
-10271
-15034
-14325
-14052
-16073
-15501
-19520
-11090
-4551
-10680
-6060
741
3229
967
974
5265
7188
8745
5185
7250
1791
559
1602
1048
5853
2718
1673
1094
4169
1095
5914
7314
3504
3955
3258
5836
6144
9959
7195
6954
5871
3585
4354
1761
1639
2978
4039
2088
-2035
-2432
-476
-4100
328
-5222
-6388
3818
-1766
415
4705
2764
6577
5148
6664
6155
45
2656
3406
1293
-1153
-541
668
-1449
-1319
-930
-64
-37
-1983
-4679
-5373
-5242
-6406
-5590
-9033
-10513
-9253
-9080
-9349
-11986
-11726
-6884
-7221
-10408
-13082
-11807
-10989
-9442
-12626
-15035
-14226
-9841
-11356
-10489
302
-482
-1844
3432
7223
10300
9660
12670
15683
18604
16898
15499
13993
12595
18349
15976
14774
9321
12193
14702
12458
10872
7744
10339
7533
7250
3886
3997
3083
153
1031
-1
-844
-5657
-6521
-6756
-7442
-7790
-8225
-10266
-11718
-16217
-15713
-16110
-16695
-16953
-21609
-13577
-15871
-16859
-13743
-17448
-4321
-117
-857
-1668
-2025
3245
5346
5872
626
7244
9015
8113
11935
11690
14894
13146
13583
10086
11123
12927
10720
8794
9105
10330
5933
7637
5128
3828
3331
-421
-1753
-1581
-2176
-1569
-4403
-6246
-8525
-10614
-9805
-11113
-11729
-15145
-4429
349
-6883
-8891
-2216
2853
-953
2698
1756
1416
2824
1823
4681
-1240
-431
3320
1747
2489
636
3407
-399
-262
-1539
-6379
-97
1880
1638
-3387
106
3395
6359
5275
5225
5851
3641
4084
4075
5920
5416
5395
5710
2841
873
1017
1438
1242
-70
3509
1815
1033
4571
3931
3035
213
883
2799
6308
6599
3155
4730
968
-2988
2534
2094
5382
5291
1014
980
1937
1180
-2811
-2316
-1398
-4832
-5645
-6944
-7193
-6264
-4862
-8241
-12466
-11864
-12118
-15142
-12764
-13431
-16996
-16436
-17645
-14588
-11645
-15480
-13109
-12186
-8025
6292
1798
-808
11115
10631
13150
14890
15730
17268
18274
18750
18933
18495
15103
18447
18035
17546
15768
13876
12943
13638
9282
6492
5716
3672
3141
1434
1615
1019
2538
-749
-240
-1320
-4165
-4084
-6144
-6427
-8241
-6105
-7596
-9968
-12260
-12085
-12482
-14581
-10204
-14510
-11374
-8858
-11182
-9878
-8995
-8071
-7791
-5708
-6341
-7264
-7961
-7776
-5777
-1693
-1209
-4074
-2489
-2060
3258
-405
209
2252
1900
4411
3551
4330
2295
4683
4733
3076
4935
4059
4129
4669
-1963
-770
123
-4208
-6056
-8620
-7324
-12050
-10530
-13172
-16107
-6450
-7004
945
1053
-5598
5321
10889
6449
7652
11761
10245
9763
8958
11258
11242
5467
8836
11658
9734
9382
8786
8097
7597
131
1403
3733
851
-219
-1240
-3394
-5338
-4580
-6109
-1054
1506
-4254
-7874
-5512
-1684
-3017
-4554
-3662
-2710
-4734
-2693
-1925
-3469
-1015
-3819
-1010
688
2092
6488
5791
9687
7922
5175
9151
6822
7303
7108
5738
1778
2018
5123
7276
7269
3379
3595
3245
1637
1920
5834
5608
341
-1174
-2776
-4502
-5178
-5632
-6056
-8957
-9437
-12615
-13690
-14319
-16733
-17817
-17220
-18722
-19930
-20625
-21653
-21000
-16319
-11763
-10190
-7830
-6342
3742
1886
619
4301
8611
13063
10343
12014
11248
15362
13688
12561
13558
12342
14184
15660
19146
17598
12581
14511
16346
13840
12018
9854
9013
8807
6377
3654
5469
2631
2639
1972
817
-2831
-4510
-2637
-3265
-2068
-4253
-4563
-5079
-5812
-7449
-9773
-11648
-9202
-6270
-5838
-3957
-2680
-339
378
-66
-586
-3677
-4958
-4741
-602
-7155
-7353
-3452
-1581
-482
-3668
-5137
-5644
1429
1353
-1242
-2336
848
4991
4274
3035
-828
2256
-425
-1613
-3567
-2682
-943
-2532
-3915
-7506
-6292
-7240
-8007
-8164
-8581
-5201
-1134
-565
-1438
-1301
3864
3085
5436
6845
6870
8485
10319
10600
8265
9994
10732
5436
6106
7913
4291
4212
8261
4827
-2479
5087
3367
1625
1796
126
577
-4315
-3671
-4417
-6313
-9358
-10355
-11187
-11334
-12567
-11648
-12531
-9830
-6052
-11908
-15234
-12779
-9643
-8021
-4078
-5031
-2466
3556
2884
7318
5620
5768
8678
8513
12939
10337
12502
11490
13779
12025
6972
9579
9506
9863
8926
7361
4473
4654
6689
5392
5068
3937
3262
1396
323
155
-187
-421
-2824
-3920
-5345
-7646
-9153
-10243
-12667
-12496
-12642
-15405
-18690
-15746
-13434
-9275
-9278
-8356
-6548
-8998
-1979
-2690
-2300
-299
-428
911
4696
11489
6359
2751
5631
1805
4787
7827
7486
10082
8628
5971
9660
10013
9870
9216
6991
7279
4856
5412
5413
4236
3045
2265
2073
307
-1250
709
-2450
-7315
-4087
-6334
-7100
-8100
-9630
-10166
-6826
-7486
-9051
-2872
-3951
-1932
-588
-1190
-1267
1417
3229
3821
3114
571
2063
3904
2437
-2905
1480
534
364
1779
-2106
-1476
-4416
-2377
-2986
-5111
-8032
-1679
-637
-5344
-4052
-6314
-4719
-2050
-3883
-4252
-6854
-6360
-5978
-4614
-4006
-6833
-7728
-8285
-1946
322
3034
3970
5289
12248
11038
7677
7867
10491
17790
15486
14422
16785
16358
17229
15517
15327
11265
11868
12373
11375
10567
7647
9603
6338
9330
7317
5600
6340
1701
2706
-157
709
-1249
-2074
-3311
-5398
-4940
-9453
-10672
-13098
-15751
-14613
-13414
-15142
-18397
-19014
-10489
-11114
-13064
-13587
-11665
-4154
-2398
432
-1476
1201
2213
3591
6046
5334
7373
6686
9074
6726
4614
8566
7948
7469
6274
6524
5422
5628
7481
4911
5725
-156
-730
323
730
2503
942
-183
-2334
-3857
-5526
-5865
-7398
-9707
-10408
-10848
-13472
-14624
-12614
-6558
-1609
-5210
-6544
-642
870
-363
2246
2374
-118
1709
2191
697
114
761
890
-1204
-1129
881
8157
5039
-3291
-837
1339
4577
4882
5928
8923
10587
6908
8075
8102
4904
6676
7057
5019
2179
3198
96
-152
-1105
-1170
1019
-864
-3153
-5131
-5715
-5672
-3155
-4431
-4117
34
-493
-4367
-892
80
2248
3549
2213
2082
2297
3982
3707
2904
805
-4476
-4789
-3465
-3815
-2757
-6370
-5843
-7316
-6671
-7035
-9132
-8493
-7898
-10163
-10447
-12579
-12407
-15948
-11054
-8747
-13470
-11819
-14524
-9409
-10704
-10591
-11346
-10113
-3997
-937
7384
3442
4368
11662
14963
13762
12451
17079
18571
18391
20283
17976
18501
18435
17837
17353
16258
10626
8118
14021
7851
7396
11144
7779
7374
7013
6943
3567
4880
3728
-345
2510
-324
210
-329
-4484
-7467
-9633
-9546
-11316
-13458
-14169
-12691
-14821
-15499
-16245
-15905
-13140
-14033
-14511
-14066
-11996
-16158
-8288
-2304
-3883
-4151
-3174
2060
2395
3847
7242
9844
10932
9857
7256
12276
11710
10075
10900
8599
10215
9274
9908
8131
8790
7754
6623
3927
2605
2163
984
214
-5600
-9875
-7333
-8475
-8249
-8478
-10157
-11764
-7946
-7726
-4813
1455
-4396
-1967
5618
6475
1875
4839
6422
7291
8418
7532
5231
4663
3350
1912
2993
2888
614
-4908
3631
-1863
-8059
-1056
-3551
-2587
-263
1839
-5683
-2001
2701
2740
5228
-591
253
1763
83
-104
3697
4038
1430
2879
546
-654
105
-2529
-1484
-2798
-3971
-2015
-3130
1682
3272
247
86
-2949
-788
4858
5318
3770
4626
3979
5580
6134
7344
3140
-1709
1120
-518
-789
1188
-3881
-1010
-1958
-3416
-2979
-2531
-2359
-6807
-6163
-9935
-12160
-13588
-14288
-15260
-17432
-17210
-18390
-17903
-18636
-17118
-15868
-14566
-16786
-10775
-2376
-8618
-1720
6180
6336
10001
10622
10502
10477
12818
17197
15595
18745
19230
17717
18207
15097
15032
8488
10609
14425
10212
7308
8490
9805
1932
6429
5599
4719
5080
2732
1187
-1961
734
-1796
-1852
-3670
-5331
-6223
-8610
-5884
-9467
-9212
-9371
-10204
-9426
-11223
-10360
-9317
-7162
-11690
-8164
-8598
-8877
-8630
-7399
-8092
-7480
-8307
-7220
2052
-2179
-52
-3629
-204
2582
-1721
2810
2440
3263
775
2383
3503
8914
10016
8330
11095
5064
4821
4613
5523
5437
2638
3314
1539
-1278
-6762
-7380
-7263
-5609
-8781
-8458
-3125
-6567
-559
-2297
-5507
431
7060
5386
2434
6451
2908
2867
10812
11385
6772
5580
6540
8061
5679
8370
4893
15
5369
4151
-1576
-853
903
-2645
-2024
-1384
-3362
-3174
245
1311
-115
-3602
-2944
2567
-331
2082
1449
-565
726
-1210
2650
1968
-3409
-1766
-3830
2176
-3833
-1262
-474
-51
11126
5281
6368
6091
3000
2856
9237
9579
5788
260
3570
7947
7057
8514
1594
-1212
1693
3215
785
-2361
-4223
-3080
-4102
-6206
-3664
-4878
-6462
-9097
-12419
-11431
-11803
-14645
-13140
-16161
-17821
-15625
-16052
-19043
-19081
-17979
-13751
-10534
-7110
-7388
-1616
2772
-2602
6035
2076
5301
8810
8006
7603
8754
16692
15181
17132
15172
19248
17860
20894
15167
12228
16036
9228
13013
12998
8837
6414
8142
6944
5212
5333
2032
-2128
907
78
-2580
-2476
-4232
-5229
-7357
-8346
-8151
-5178
-4325
-8067
-7591
-8475
-8539
-11238
-8057
-4490
-6230
-1065
-2143
-5204
-5929
-6991
-6069
-7728
-6326
-3701
-4906
-5667
-4806
-8511
-3953
1338
-5833
-5805
-3732
2544
3957
4185
6256
6442
7526
7198
7116
7335
6666
5894
3095
2178
1531
-4149
-4295
-6867
-5460
-8072
-10014
-9365
-8906
-8123
-5131
2714
-6628
-8601
-1100
535
3275
3721
5414
8180
8332
11017
10927
8314
12911
12785
9709
7824
11277
10970
11448
7439
6348
4799
2561
4164
812
1074
-2034
-2037
-925
-1221
-1519
-3918
-7260
-7158
-6738
-3456
-4390
-3750
-5701
-10103
-3432
-4566
-6510
-5621
-4864
-7369
-3045
-3199
-567
-441
-2985
6875
5629
5453
8692
7197
6675
9491
9705
9952
11934
12583
9042
7968
8074
7249
3345
-6188
1121
1403
3280
1922
-758
1063
-1022
699
-3110
-2952
-2783
-4791
-5206
-5440
-7156
-7103
-7435
-8789
-10294
-12719
-14974
-15604
-14611
-16461
-15071
-10867
-9618
-8635
-6445
-4403
-3374
-2968
3374
8224
2146
914
4122
8501
6586
6433
11338
10625
9042
10000
11539
9108
7279
5507
8552
11424
7180
7238
5324
7962
7262
5652
7294
8551
5003
2597
4213
2424
945
-4758
-5415
-3525
-9381
-6566
-7310
-5154
-5485
-6602
-4388
-7810
-5542
-2012
-6095
-3941
2030
-1715
-3701
86
54
-4565
-2412
-1145
-4522
-4474
-2063
-4543
-5606
-3407
-3210
-8594
-7724
-6245
-5826
422
587
-3418
-4104
-872
2329
2212
1774
738
-1835
-2837
-2951
179
-1762
-3958
-4754
-4475
-2529
-5998
-1670
3692
3528
-1993
861
4660
8548
6500
9978
14317
11379
11520
8548
12840
13643
13380
11143
10044
9802
10417
12552
7769
12290
9292
-7011
1328
5198
924
1380
-425
1492
140
-2657
-4387
-4317
-4509
-7219
-10475
-8735
-10466
-10852
-10851
-16952
-16108
-16214
-11168
-4534
-8594
-12657
-12376
-5153
-3821
-4810
2542
231
1409
4061
946
2559
8064
7277
7896
9771
7351
8407
13898
13871
10098
10037
11334
12045
5559
3734
7457
6711
6444
164
1821
2450
6
1134
-419
-2205
-5239
-7543
-8057
-9008
-9798
-10543
-13105
-14449
-13673
-16740
-14275
-12806
-9558
-4278
-6543
-10151
-5457
-550
-5516
-642
131
-2827
585
1064
1905
1290
2905
9792
8552
4614
3824
6965
11222
13599
10538
3191
8896
9741
10510
7859
8990
10564
11399
13217
12157
12142
10594
11086
8626
6924
7210
2547
3175
2998
-161
-1505
-3173
-6370
-7493
-4493
-3604
-6966
-3706
-4684
-2288
-1661
-3315
2698
-1309
-2492
-2593
-5195
-3873
-1979
-3007
-1164
-1020
-1517
-1631
-2519
-3075
-3436
-6797
-10445
-6431
-6225
-6283
-10782
-12417
-10677
-9128
-9120
-5005
-3514
-8704
-5995
-7303
-7624
-7031
-6149
-6682
-6570
-7701
-6979
-8565
-4726
-190
890
3443
1040
9522
8708
4368
8742
15217
12656
13673
15543
11388
12627
14142
11701
10140
10884
8901
12350
8278
9486
3160
-2696
7290
5885
5440
3179
3570
3972
756
316
-911
1357
894
-572
-2388
-4609
-4258
-6284
-7840
-8860
-9270
-10811
-11892
-10778
-11039
-10614
-12486
-14613
-10745
-8524
-7048
-10560
-6663
58
-4008
-1840
681
764
2354
4777
5967
7571
7332
9559
11996
9987
9383
8803
5323
6712
7664
6178
8743
5118
3051
957
511
-2067
550
3270
-3224
-2334
-6826
-6657
-9194
-10224
-9518
-11768
-12114
-15307
-13764
-9148
-1252
-5141
-5640
-3860
-3195
-4578
-1036
103
5835
4257
335
2980
-773
-576
232
-628
-1543
-1688
1608
3296
3841
3378
1854
414
-1420
-1252
-1979
-2111
-3097
-649
-236
-4898
-3645
72
604
2098
6444
5615
7137
9393
10180
8189
6420
7578
6317
6872
4552
3401
5626
4817
2919
1726
1767
2310
917
1403
919
3038
-1094
-7680
-2444
-3572
-1016
-747
-4211
-2912
-2364
-2171
-1674
-1461
-2993
-2722
-3563
-3773
-2142
-2281
-3127
-5536
-8317
-5697
-5259
-3974
-3111
-5574
-5241
-9538
-9388
-7850
-10012
-9356
-8960
-9839
-10959
-12496
-11259
-11243
-8915
-9080
-10127
-8337
-5916
-1542
1485
3985
1783
5272
7250
6964
10685
9804
8096
8047
12140
13889
12792
11076
11282
14709
15971
11024
10099
14244
14413
14000
11963
8938
5455
7418
7468
6819
7039
3821
4814
4687
3013
1134
-1748
-4047
-4627
-3305
-5833
-6066
-7518
-9534
-11596
-12035
-10820
-14780
-12967
-13691
-12983
-11119
-11728
-10627
-8452
-11882
-7553
-2780
-5263
-461
850
4926
6771
7287
8202
9315
11233
9771
9432
11082
11132
12367
8123
5202
9395
7855
7155
6107
4815
5387
2987
-1627
-579
-1606
-3902
-3937
-5782
-5919
-7014
-7022
-5955
-5840
-8503
-9994
-13064
-9973
-7811
-9215
-7845
-5817
522
614
-1678
-3521
-2852
481
-383
1927
2052
-3536
-3906
-3711
-2093
-3312
-2435
174
-4707
449
4637
3498
4774
3818
8995
10368
9890
11643
12451
11596
9097
10397
10164
10375
8675
9044
6558
5899
6243
5013
6309
2703
2336
-4268
-4233
-1561
-2602
-451
-3029
-3003
-5101
-2464
-165
-1702
-1879
-1817
-973
-317
705
-1248
222
2089
1810
1490
789
-1017
-3004
-3021
-5439
-7146
-6566
-5290
-6114
-11344
-12385
-10288
-12388
-10494
-9044
-16019
-10102
-8579
-9428
-6252
-7878
-4669
-4522
-5001
-6177
-4932
-6821
-6366
-987
-564
493
2211
3070
6285
4288
9182
10430
9097
7629
9668
10537
7302
10999
9854
11505
9976
10271
8166
9853
10062
7761
9977
6107
5708
4403
4924
5819
4133
2456
3155
685
-1259
-1601
-2214
-3050
-5556
-7010
-9551
-7919
-8690
-10985
-16077
-16168
-13215
-16367
-12158
-12512
-11810
-8667
-8875
-6424
-2410
986
1525
1578
1595
2925
5083
8533
9104
7614
7508
8237
10659
10413
10947
11330
13103
10651
8207
6306
2934
6381
6524
9627
9300
3161
5046
4436
2142
1565
-1501
-4039
-6470
-8619
-9909
-10583
-12537
-13460
-13987
-16179
-15255
-14858
-16218
-16043
-14358
-10313
-6676
-8619
-9318
-3663
-4724
-4928
-8675
-5309
-6358
1208
2109
-7036
2958
2234
7765
8504
8074
9117
11533
10493
5885
11793
12541
13687
11650
10818
10302
12034
11396
10297
10398
10536
7481
6241
3056
-1317
667
636
1401
1749
1526
-2505
-3103
-2829
-2835
-3013
-2352
-1985
-4681
-3271
-3776
-2598
-1735
-2473
-3426
-5351
-1183
-3488
-3684
-1527
-3086
-5016
-6194
-7759
-7607
-6064
-8487
-7771
-6414
-8347
-7926
-4994
-8980
-4227
-1321
-2752
328
1952
2468
1613
2344
-2066
496
-469
-1527
-2872
-1694
1276
-2411
-1358
-2655
1176
2461
4132
7883
4024
-155
833
4480
7441
8565
4922
6518
9161
8085
6285
7830
8471
7538
7670
5523
7540
5874
6251
2748
785
5067
2695
2312
3666
3273
1775
-1240
-1877
-2716
-4681
-7348
-7618
-8056
-10693
-8526
-9896
-9323
-12345
-15221
-4873
-7976
-6758
-2444
-4623
1736
816
1736
3110
2782
5826
5333
3426
4426
2700
5591
8873
5500
7405
7506
5309
7186
5127
519
3774
6548
2830
-1494
665
3276
3413
4198
2414
950
-454
-1596
-3163
-1859
-382
-2420
-7411
-8859
-10202
-9994
-10801
-12464
-10495
-10748
-9011
-11096
-10341
-8892
-5060
-1449
-5104
-7337
-8692
-8339
-3791
-1938
-5245
1723
2874
5712
1636
4944
11184
9812
13011
9086
11859
12333
14178
15467
13210
10526
12595
14394
11323
11254
9202
13397
10518
10175
5609
-697
3999
1314
4433
1562
3693
4838
1811
997
-1151
-2514
-4768
-1813
-1842
-3240
-3396
-3991
-4971
-6212
-8615
-6237
-5969
-7562
-9546
-8766
-5350
-8052
-6279
-4910
-3843
-4398
-3803
-5159
-4569
-5473
-3774
-5396
-14920
-5723
-479
-1083
1664
1195
1360
3918
3499
1391
2470
2356
2922
1033
-481
-1076
-1258
-663
-1886
-33
-1653
2311
6253
4226
2028
6081
10094
6664
2083
1899
4967
5520
5576
6365
6064
6213
6089
3058
5082
5394
4509
3864
2868
3240
2038
2652
-87
-3844
-8245
-4909
-5065
-6767
-7668
-10619
-9621
-10625
-10780
-11635
-12498
-13151
-12152
-12966
-10591
-10092
-8980
-6084
-4653
-4595
-4697
-2270
-644
988
2082
4293
5301
7598
7080
9030
10891
8088
7751
9055
5969
7309
7482
7405
4658
2003
5292
3023
5208
6713
7814
6871
7038
1854
1703
5988
2758
2672
2129
-1047
-1064
-3848
-6653
-7927
-8291
-9598
-12319
-13347
-13137
-11533
-12558
-14136
-13184
-12977
-10477
-7762
-6244
-3591
-3847
-2211
-3986
-2339
1743
2286
6068
6600
11932
13691
9960
10346
12053
12665
13165
15843
16913
17585
15855
14031
13598
12031
9979
5417
5022
11603
8306
11678
4600
-3887
4993
2556
2942
974
211
20
-2177
-1889
-2870
-3792
-4570
-4235
-4805
-3807
-3124
-3190
-3857
-4052
-4076
-4799
-5488
-3436
-6024
-7216
-6577
-8435
-5592
-8439
-8547
-6111
-5299
-3034
-6076
-5597
-701
-5050
-2084
3001
1128
4294
1892
3095
4877
3000
8793
6702
4031
4488
3009
5130
-76
9
-345
-413
-280
-2819
-1359
-3122
-3085
-1304
-4967
-7607
872
1656
1279
3989
1142
-914
2573
4225
1719
998
-62
3447
6478
2949
-184
932
3099
1291
3547
3029
2363
2509
2312
1197
119
-3563
-7136
-3746
-5464
-6150
-4970
-6799
-9060
-8887
-6530
-7648
-5234
-4684
-5503
-609
2580
1844
1018
1522
1312
2695
2315
5927
7899
9305
6965
5336
3777
3919
5422
2216
2179
3655
3914
2949
3605
-3810
1568
2564
2205
5549
-1071
3393
4118
3930
3849
2370
-2232
-3472
1693
-871
-1260
-1197
-3176
-4274
-4687
-6035
-8319
-8702
-10251
-10573
-12476
-13626
-13960
-12851
-12219
-8510
-8857
-9237
-4066
-3353
-660
-3619
-3950
-1382
1125
6026
6156
4183
7662
11411
10095
8709
6532
9311
12090
11924
11473
11261
13542
13523
11934
11715
11594
12196
7136
5637
6148
2822
6965
5092
7061
8621
5268
5021
2830
1890
-597
-2076
-4416
-5479
-4992
-7218
-7136
-7629
-7290
-6930
-8478
-6207
-7867
-6798
-5733
-8653
-8196
-11841
-12835
-9222
-9793
-11150
-11191
-13757
-12964
-11157
-9430
-11014
-8172
-5281
-5340
-102
-625
1503
4100
1289
-2108
1778
3807
4248
5501
2888
1029
1176
806
-1358
-3473
-1138
-473
-1144
-1993
-680
2390
-4654
-386
5256
7629
7874
5309
7531
3748
7644
7399
8247
7489
2271
3315
6031
8629
4394
2831
3219
4009
2787
1948
4252
2504
1184
-713
-2867
-3704
-3855
-3106
-8777
-8190
-4859
-7249
-3857
-3327
-6605
-3870
1035
1164
315
1734
1150
2386
3842
4185
4268
3599
6093
6216
6697
7369
4660
4033
4937
5921
4932
5426
7200
6957
4434
5375
2313
901
3066
3574
2870
-252
2930
2818
1473
1015
2643
2138
1790
1746
-2125
-7457
-6532
-4410
-5457
-7326
-9522
-8205
-12534
-13445
-13471
-14666
-16351
-19650
-16417
-15701
-16040
-15812
-14223
-13751
-11504
-2086
-3540
-3530
768
2946
7875
7988
10620
13003
10154
7512
7173
9805
13735
12444
9985
12400
13469
10148
11423
12604
10355
10795
9277
8983
8569
7010
2602
-3571
171
4730
3928
628
896
-1121
-1857
-1040
-2060
94
-3379
-4378
-4145
-4617
-2879
-5789
-5896
-4181
-3831
-5311
-4127
-5154
-4944
-3297
-5560
-6297
-8115
-6742
-7192
-7625
-7490
-9558
-13139
-7149
-8921
-11002
-4071
-4776
-930
1765
5484
2417
3511
7340
8892
8724
5514
8647
8576
9454
8389
7906
5070
4695
2756
2774
1796
278
-1369
-2462
-1890
-4561
-2259
-3503
-1175
168
4774
4885
5166
6225
5339
4830
869
4863
5445
4828
3029
3650
3295
5773
2936
-2539
1542
-236
-1920
-1587
-433
-1164
498
-1146
-267
573
-224
-2817
-9026
-4273
-1858
-4730
257
-2191
-575
3871
3612
3364
2900
2965
1927
4800
4309
2827
1166
1598
1462
323
1596
2101
3918
4672
5603
3465
2305
2401
3718
-920
-4013
218
1944
436
-2637
43
4010
1546
1071
2651
896
5150
5719
3332
3965
3542
-1739
-4164
-76
-2195
-2758
-5627
-7734
-7168
-10291
-14207
-15192
-15649
-17883
-17459
-16759
-16622
-16592
-15729
-12115
-16357
-9316
-1496
-4542
886
471
2839
2278
4548
8893
6467
6779
7543
8867
6446
7687
7522
7992
9441
9873
10108
10038
7950
12332
10742
12712
9119
3927
10405
938
5796
8932
7111
7783
4648
1907
-542
1808
349
221
-1680
-922
-3671
-4169
-3312
-5077
-2237
-3726
-5184
-3564
-4890
-6126
-6276
-5950
-5768
-6515
-9356
-9244
-9122
-8592
-9180
-7963
-10316
-14729
-8364
-6312
-6319
-3659
-2657
213
1742
3115
2695
3651
3510
6845
2998
-1082
5932
4616
3582
1106
434
1052
-650
-2221
-973
1779
-474
-2022
-4324
-2484
-652
1257
2631
3835
11962
4913
5243
8957
3884
4349
2847
4223
4622
1342
1339
1509
1924
-534
-2895
2334
1370
1062
1748
811
-597
-1795
-2040
-3996
-2113
-1325
142
-1900
-3828
-6956
-4650
2922
1998
1142
4050
5401
4918
5068
3727
5371
6913
5138
5046
3413
3324
4099
3025
2808
3253
4354
3370
4040
3321
5088
2359
1992
-1469
-9001
-2891
-1948
-2206
-3326
-4616
-4655
-5080
-2705
-3346
-1631
-278
-677
-1983
-2161
-2325
-4071
-1763
-7494
-8684
-5731
-8473
-9126
-10544
-13711
-13406
-13379
-15346
-17044
-17783
-15621
-14755
-11294
-11307
-6567
-7379
-4668
6262
6711
7347
8057
9566
8879
12926
14434
15525
15690
12294
14487
14494
14292
14154
12017
11473
13810
11709
12882
12811
11806
10848
10932
8833
780
2740
2391
3099
-1951
-1150
1147
-1443
1757
-1827
-1128
-1727
-1874
-439
-1269
-1837
-1687
-3566
-3230
-4165
-2492
-2349
-2113
-1903
-2920
-1474
-2554
-5043
-7394
-3764
-6784
-8464
-10254
-10118
-12462
-9905
-9324
-15021
-6534
-4800
-4241
-802
-117
119
1896
3301
3913
6919
7891
7100
9517
6398
1843
5057
4961
3279
2198
842
-1033
-1566
-3332
-5600
-2929
-7262
-4466
-1745
-2868
-1405
1827
6677
3274
2358
3873
3122
5349
6932
8223
5919
4203
1367
-709
-976
-164
-1426
-1262
-2380
-4352
-4334
-2182
-2899
-4927
-5543
-6677
-6927
-7282
-4196
-5783
-5843
-4400
-13096
-8915
-2985
-1214
1078
-106
-877
52
178
823
-133
675
2082
2307
3403
4862
6392
6980
7464
5425
7427
8431
7865
5992
6141
5512
1468
2305
-424
881
2835
1789
1486
-1573
-5479
-883
-1182
-2329
-160
-2545
-1040
-875
-3805
-4754
-4838
-4134
-6308
-13341
-11784
-9558
-10041
-9405
-14283
-13476
-13209
-15489
-15752
-13839
-13896
-10684
-9326
-7349
-8633
-136
5870
880
8374
8046
7285
8044
10032
8368
8821
11529
9821
10081
5340
8290
8590
8703
11304
11563
11956
10575
9076
11095
13085
11177
12452
9697
7420
9051
8619
10349
8187
3015
3680
5751
3755
3338
1296
-743
1639
919
-703
-2263
-3349
-3261
-2350
-2416
-3083
-6565
-7969
-7734
-8063
-9390
-9984
-11572
-11563
-12475
-12741
-15035
-11721
-12795
-9093
-7314
-11881
-5367
-3772
-5743
-14
2980
3875
5314
4522
5674
5823
7467
8281
7622
8917
6139
1059
347
2730
186
8
-826
-2639
-3465
-1213
-4379
-5330
-4898
-1574
-1952
73
12914
4327
4563
5951
7772
8144
5664
9428
7688
7527
6745
5623
4287
2226
836
1281
-375
528
-1100
-1432
-1357
-2783
-1755
-1637
-4343
-3099
-5805
-7766
-7460
-5194
-3446
-7012
-9457
-7225
-1820
-2891
-2287
439
-984
1681
1363
3704
5110
3955
5362
6626
8710
7678
8527
8827
7662
6132
7696
8369
4846
5020
3240
178
-4776
-5714
-3858
-5013
-4468
-3406
-4950
-6428
-5479
-6978
-6388
-5973
-4081
-4420
-3860
-1166
-3469
-1561
-3753
-4679
-4266
-10755
-9499
-9959
-9347
-11007
-12693
-8890
-10946
-11879
-15116
-15977
-13186
-11573
-11617
-7095
-3381
-1949
2059
3168
5796
4566
6281
7665
9459
8374
8585
11964
11349
9013
8140
9577
8192
10465
8167
6989
5629
6512
5185
6722
11748
7154
8786
2825
3528
7093
3181
2733
111
-2952
1479
3581
1102
1944
2806
-62
866
515
-3397
-1287
-1192
-2636
122
-574
-1900
-1042
-2652
-635
-3820
-4539
-4529
-5487
-3438
-5930
-7472
-8200
-11058
-7633
-5444
-10909
-6143
-6242
-6865
-4119
-3964
-3155
-1575
1140
-401
2625
3839
5551
5679
3355
5139
4032
-1214
-192
2125
82
-499
56
1062
159
2106
-5250
-5534
-310
1246
5093
8032
11131
7220
8988
10248
11108
10281
6522
9275
11175
9927
7228
7458
5044
2771
2449
752
-1816
-981
-2179
-4350
-7227
-6876
-4933
-9536
-7980
-8120
-7952
-6792
-8577
-6464
-8499
-6275
-2672
-7394
-2315
432
-700
5003
2950
-1486
489
2912
231
1025
3178
3509
4636
4039
5199
4607
6397
8040
5457
3934
5987
7927
8109
2494
3802
4634
1996
1043
-1666
1415
2499
-1109
1259
-1471
-2416
1469
-1784
-2968
-2501
-2785
-4953
-6527
-5638
-7796
-5975
-9363
-16476
-15733
-14131
-16509
-17004
-16859
-17876
-16048
-17074
-15688
-14607
-14906
-10270
-8568
-5363
1195
1091
3863
2718
5142
8637
8331
11300
10982
9751
12496
12719
10233
9383
9594
10530
10134
11819
9246
10459
7570
8283
11539
9147
8935
3995
6402
8767
7722
8267
8019
7975
4238
1375
2747
2892
2218
1406
-686
-1235
-1366
-1493
-3672
-3345
-3096
-3884
-3086
-1936
-3668
-5726
-6024
-10776
-9890
-7435
-8935
-5391
-7823
-7835
-6444
-8021
-5071
-8210
-8502
-2795
-1766
-1708
1343
1449
3556
5537
6237
7077
7678
9799
9552
10336
10051
8483
10141
7398
1099
4050
4697
-98
-2385
-4802
-2196
-542
-3984
-6840
-2517
-2643
1134
3243
4853
4987
4541
4384
1192
4985
4957
2636
4535
3361
2248
967
-1154
-4256
-5010
-2819
-5736
-3575
-4791
-5777
-6518
-7828
-6405
-7965
-6618
-7657
-7180
-5667
-4301
-3078
-5390
-3606
-760
-1819
-6628
-3469
275
2730
2160
2961
4780
3687
6834
5679
6474
8331
10050
5969
5807
9553
7982
7838
6154
8533
8205
7906
5698
85
-2411
143
911
-671
-1146
-3030
-2749
-4880
-5280
-3176
-1796
-2807
-1934
-1013
-835
446
-3282
-1501
-3123
-4316
-5068
-4249
-10071
-12479
-8607
-13426
-14822
-14972
-14475
-11211
-8344
-6985
-7243
-9353
-3579
-1436
1641
8429
7045
6586
6368
6744
11336
12597
12834
13379
11013
12333
10455
7096
10052
9882
8927
8961
7779
5509
3644
5244
1295
2143
3429
2490
1690
-882
1246
2177
3604
870
-202
-232
-77
-4747
-3570
-3492
-4256
-2339
-5785
-5560
-5340
-3989
-5191
-5254
-3583
-4548
-2506
-1711
-3849
-6077
-4867
-6834
-6602
-7322
-10200
-9941
-7805
-6604
-10537
-7312
-8950
-7889
-5557
-7711
-3871
-3891
-600
-1907
-3411
538
1744
198
1781
2450
1311
3527
4027
5980
3456
2131
-2523
-3544
-4105
-6940
-1621
-3578
-1681
728
2506
651
3969
12428
9742
10282
9022
5869
3591
8675
11745
8785
6232
5592
5288
2776
2084
285
-871
1716
790
-3311
-661
26
-2249
-6310
-6347
-5158
-7382
-4922
-6036
-5961
-3882
-5851
-4089
-6471
-4481
-2034
1649
-2456
-6507
-1238
678
3656
3763
3328
5764
7843
8075
9863
10673
10249
11571
10579
10962
10519
11593
10168
10431
9378
8817
7101
8046
5205
316
4373
1410
554
-238
697
1338
-530
-2110
-5156
-4054
-4429
-2870
-4463
-7435
-6865
-9781
-9438
-9982
-11113
-10003
-10590
-15346
-17361
-17727
-19985
-17208
-15483
-15457
-14609
-16957
-8159
-8913
-3632
2446
-2751
1751
5367
7234
6897
8892
10411
9511
7703
8965
9666
10322
8684
7879
7083
8215
9866
11264
11720
9163
8381
3421
10821
6865
4976
8753
5350
5494
2892
4788
1513
658
1212
206
-3131
-7379
-6422
-5017
-4420
-4947
-3461
-5406
-5066
-5197
-5064
-5210
-6114
-5130
-6261
-4046
-4035
-4585
-5497
-5225
-6820
-7676
-6608
-8984
-8186
-6795
-4240
-6898
-5226
-11638
-10629
-5838
-7442
-7187
-7774
-2061
-2136
-3
1568
5453
6989
6022
7080
7186
7427
7139
7349
2679
-197
1396
-489
-1089
2157
6232
5141
3784
5834
2087
5964
7994
5819
6382
4661
4863
5211
7005
8298
7604
4814
3143
2671
1024
-140
1418
-1933
-771
-1061
-3020
-5025
-1412
-3222
-7174
-2563
-3978
-7304
-3643
-4641
-8919
-6217
-4210
-4470
-1092
-3995
-6839
-289
-1385
-2047
-2550
-1719
5344
4766
4089
5282
6903
9010
7093
9708
10568
10127
9289
8702
9226
7229
8005
3141
5289
5511
4186
4257
1793
-2494
-1711
-492
-7795
-2944
-2628
-1592
-6355
-5048
-3352
-6178
-5726
-8049
-4285
-7217
-6338
-6650
-9543
-9497
-11172
-9755
-11325
-15019
-16306
-13514
-15645
-16547
-6431
-5502
-9080
-8564
-8608
3583
4930
2324
7538
3491
2399
7771
8690
6421
9660
9817
8216
7913
6243
8747
8811
9555
7010
4243
7148
6607
5223
6059
2075
4206
4726
3123
3063
5982
9351
6131
8407
1783
3869
5618
4244
7341
2079
-647
-687
1535
26
-990
-1104
-1766
-589
680
-218
-1737
-352
718
1890
937
1339
-353
-2655
-2907
-3793
-5876
-8304
-4689
-7047
-7659
-10981
-12901
-11852
-9455
-7101
-10308
-5696
-8275
-4444
-3515
-6113
-3862
1412
221
-907
-1423
-2741
-267
-1999
-1674
-2468
-900
-4626
-6845
-2779
-5942
-4772
4673
1711
1283
3050
11350
10387
4391
10724
7752
8139
10230
13362
12812
11967
11998
10303
8811
7367
5273
3896
1477
21
-119
-2718
-4441
-6801
-5075
-6109
-10860
-8267
-9030
-14983
-9158
-10045
-11976
-8565
-11461
-12114
-12875
-11166
-8722
-7929
-11653
-13328
-7606
-2790
-975
-1679
794
4090
6518
5040
6550
8596
8981
9772
10924
11879
11836
12618
10907
10465
10318
10243
9100
8512
7527
9794
4345
-430
2914
-33
451
4191
1302
-1720
2212
-568
-4273
-131
834
-1543
-2699
-3363
-4826
-4637
-6397
-7448
-7184
-9453
-14624
-11707
-9743
-10710
-3543
-6807
-9135
-8895
-4985
1178
-1151
-2232
-3477
-1429
3068
3203
2786
2801
5211
10756
8576
8377
7147
7340
8015
8810
8884
6196
6908
6787
7111
9556
4920
3324
5721
337
3889
5818
3973
4105
7487
4844
1316
521
3096
2090
1602
-560
-4000
-729
177
1447
1033
1031
883
1198
-24
14
-859
-641
759
-1824
-3023
-5291
-5671
-5143
-6888
-7919
-8957
-10639
-9628
-9783
-10436
-10906
-12439
-13719
-15916
-12608
-10861
-11574
-15590
-11752
-8777
-7373
-5520
-5486
-824
2128
3026
1866
3425
1298
3083
3131
-816
-1740
-2508
2785
5145
5466
4448
5551
6141
11578
13345
10875
8562
5452
11434
9681
10552
12064
11358
10786
9795
9049
7744
7374
5076
6335
4014
3942
77
-1547
1219
-317
-54
-5426
-3466
-2188
-6665
-3615
-3251
-6046
-5243
-6754
-7088
-9669
-10615
-6311
-8312
-9748
-10108
-10779
-9403
-6451
-3577
1477
1184
3268
7056
8688
9055
10393
10517
9571
11205
10875
9915
9085
9169
8558
7030
3401
4652
3203
3921
2757
2888
-556
-4926
-3004
-4077
1484
-3150
-2563
-2456
-7384
-3429
-2324
-2381
-2110
-4216
-5618
-6479
-6179
-8348
-9212
-11311
-13457
-10590
-10682
-9037
-7557
-4519
-5680
-2945
-455
-1163
500
-556
770
66
2115
-960
1153
-1221
1226
-1365
-2481
4349
3252
1257
736
3216
1497
2276
1444
1976
3705
5328
1392
-1052
5111
4810
4098
5117
6664
7203
4334
5191
3587
5362
4289
-520
383
-3462
-586
396
1409
5059
894
906
2090
5183
6230
4364
6007
6243
4866
3908
2187
4009
1424
1291
605
634
-1913
-2401
-3637
-5558
-6070
-7802
-9357
-11168
-8076
-14203
-13204
-14254
-16258
-13406
-9288
-12152
-16767
-9665
-7493
-4826
-2109
-4986
-4994
-2066
-769
-2704
-6689
-769
3067
5152
7469
8192
7150
10873
17403
14728
17157
15442
13560
14051
14415
8676
9094
8577
6728
8306
7845
8425
8904
8184
4574
3631
3879
3732
1620
-121
565
423
-2107
-4063
-3040
-4089
-5433
-6136
-7550
-4911
-4618
-5117
-7147
-8804
-7799
-6661
-9998
-15955
-18229
-14916
-9535
-10740
-4754
-7272
-10528
-2272
2538
1184
1206
4922
4586
4567
5089
8114
5630
7604
9434
8698
8578
8203
8136
5594
7789
5085
3854
-342
2273
-1245
1225
-3440
-9347
-2021
-6336
-2194
-4702
-5394
-6397
-6020
-2327
-4133
-3025
-7066
-4061
-6014
-13529
-12530
-10250
-5046
-1566
-2982
-1707
-3687
316
1825
1682
3668
6798
7131
6937
7148
2451
50
628
2522
2932
3321
2755
613
-3354
323
2893
107
517
841
4141
2463
3394
2143
926
6508
5592
6866
8216
8596
9262
8939
9968
9059
9495
7775
8756
5788
810
3
750
139
114
-480
-1651
379
-179
3406
3170
1729
3356
2440
1090
2465
980
-884
1461
-355
712
-437
-2032
-5104
-4902
-3005
-3829
-6173
-9126
-7225
-9255
-9184
-8755
-12687
-11864
-12908
-14453
-9601
-12830
-10077
-13111
-15220
-8757
-8517
-7108
-5758
-6544
-11927
-8274
1553
1635
3876
3754
5055
11314
9642
14041
12022
13473
13496
13385
17022
14807
12221
13919
13919
4786
8404
7416
3047
3274
3553
1713
991
979
-934
-2044
-3013
-2529
-3812
-4462
-9437
-3788
-6225
-6985
-3674
-2973
-3333
-5736
-3918
-4600
-4325
-6358
-3680
-6514
-10470
-7847
-4750
-4628
-5169
-6561
-4691
964
2745
-2037
-2337
4469
4953
2401
2471
3115
2813
3440
5884
5498
7171
6842
3140
3409
4450
6261
4682
4102
3496
2698
3852
4802
2391
2024
3874
-4941
-1774
-1457
-2950
-1045
-4403
-4205
-6984
-6630
-5976
-4286
-6609
-9674
-4171
625
2637
-272
5394
5679
4994
8100
6204
8541
6368
6695
7593
5356
5939
4495
2415
1980
1262
-784
-3845
-4649
-6416
-1775
1927
-6409
-9076
-5010
-4195
-2518
-412
-1972
-2497
893
1825
2352
992
2767
3791
5453
4254
1184
3182
2815
3634
3020
1939
-1961
2991
5975
7907
6417
634
4313
3907
6418
8296
7365
6384
6878
5061
863
-225
1023
239
-722
-160
-3425
-3913
-4896
-6407
-7069
-8100
-9434
-12571
-12116
-13309
-11519
-12157
-17740
-12928
-16041
-13841
-13974
-16850
-15804
-15753
-14444
-11311
-12605
-19718
-14206
-7271
-4933
-5272
-1096
4536
6011
9351
11182
13001
14310
13639
15736
21215
20157
19298
20878
20312
17831
16939
14128
16414
14237
12244
7788
2588
6390
2692
3926
4159
2445
2776
2903
1413
3376
-859
-272
1887
-1743
-1579
-3401
-3466
-3216
-3179
-4177
-4588
-7912
-6329
-7173
-7086
-10322
-12653
-11184
-9897
-9927
-9554
-8159
-7762
-5258
-6944
-6256
-462
1002
-1793
-3994
-1854
1698
1795
5252
5504
4629
5417
4329
3907
2250
4467
2689
24
440
-165
-1570
240
-1851
-1765
-1295
-140
2865
-2387
-2224
-6735
-5856
-2587
-4657
-5414
-5981
-4679
-3426
-5901
-2980
4637
-1911
1476
6599
4228
8221
7239
4525
3516
4366
4281
1926
3416
2617
2063
515
-316
277
-2100
-2159
-2361
-3305
-9281
-6650
-3040
-6022
-1391
-4392
-7823
-7243
-6496
-5224
-1099
-2447
-3511
-2724
-518
321
794
2408
1553
2736
2766
4022
7643
6874
3014
6296
8331
8683
8917
9106
8773
8763
9170
3282
5273
5961
7654
7331
6169
4936
2789
900
2008
2730
1694
-1871
-5185
-2064
-3682
-3005
-5150
-5261
-2837
-7517
-8615
-9497
-10963
-7883
-6502
-8877
-11149
-10030
-8939
-12060
-16039
-16612
-15893
-14020
-10662
-8631
-9867
-9678
-2984
-22
1024
9549
11814
12892
12531
13390
16100
15789
18849
18627
16227
13179
16894
16172
11330
11226
9837
9345
8721
8495
6192
2430
4313
-472
-2625
652
-2131
-4680
-1950
-3744
-5657
-499
-2358
-775
-3623
-2959
-3370
-3619
220
-4102
-4268
-5582
-4432
-3790
-4445
-6865
-5928
-3459
-6382
-5987
-6021
-5933
-3526
-5244
-5811
-7559
-4998
-5165
-4732
-744
-2862
-5895
-5801
-5103
-1884
-656
-2366
244
-3413
-22
4049
2178
2693
-1436
140
785
-1343
649
1011
-2
1553
-560
-530
-2338
-3679
-1129
361
-2733
-9291
-5312
-3272
1441
845
-1334
881
7181
12538
6971
9456
11084
12497
13554
11404
11900
12565
9144
7471
6301
4680
4594
1204
1932
28
-3014
-3513
-4052
-7651
-7254
-5501
-7283
-9733
-12015
-8211
-10965
-3520
-4334
-8290
-5563
-5481
-3950
-3090
2209
150
-694
2967
3176
4170
6061
6420
5513
4408
9186
10740
9669
9063
10207
10577
9762
9439
7292
7302
6869
5805
2052
6157
4413
3926
5856
360
3083
-1167
-2949
-4014
-4784
-4648
-6512
-7243
-9522
-10432
-10040
-11212
-14642
-12961
-14072
-15712
-16066
-17998
-17034
-15914
-17361
-17070
-17048
-17761
-16666
-16203
-10267
-8843
-15906
-8168
3548
2875
1707
6967
9062
11781
13597
13432
14738
14789
16817
17526
16957
17530
17018
14653
15659
15831
13399
12750
12604
9877
11111
8920
8528
6495
5602
4565
1235
-1467
-2464
-124
408
1330
-1685
-2020
-2259
-366
108
-1738
-2357
-5768
-3976
-4249
-2870
-8169
-8161
-4111
-4662
-5659
-5714
-1581
-2612
-1319
-4161
-2290
721
-509
-2547
-4939
-5200
-2244
-4255
-6025
-3902
-2058
-2886
-8058
-3204
206
-1472
-852
-2887
-4636
-5435
-1152
-3320
-3907
-314
-2081
-2422
-3829
-1850
-2592
-4288
-1097
-1717
-4971
-2943
-569
3468
3686
-454
-3849
6055
7224
6934
14054
12733
13701
10821
11925
11345
10985
10901
8940
6560
5804
6026
2042
-99
-1242
-1731
-3547
-4187
-5080
-4803
-4032
-7038
-7985
-10827
-11961
-12717
-11908
-12855
-9821
-8513
-9546
-8307
-7154
-4534
-6956
-3373
-2317
-2484
-910
2751
5188
6076
3493
3143
7444
8579
8900
11370
9782
7881
6959
7738
7572
7580
7230
4992
5193
5993
3870
1985
54
-6718
-2828
-2481
-2518
-1759
-3596
-1920
-3965
-3233
-4725
-3050
-6165
-6287
-4371
-5824
-7049
-7120
-8989
-9890
-9454
-9459
-8877
-9170
-7938
-7306
-6836
-2283
2802
-1410
-4625
4340
2869
250
4318
2038
6820
12011
8805
6356
7444
8634
8854
6247
8931
11196
9243
10966
10713
9562
8499
7500
7598
7620
4670
2903
2521
1593
3684
1098
-337
1033
4390
952
-3101
3091
-4004
-4322
-1977
-651
-290
-2374
183
-2520
-827
352
4524
-287
-2983
3521
2244
231
1640
1671
465
-2276
-3035
-499
-4297
-3816
-4801
-5643
-5548
-8499
-8436
-9573
-11767
-11986
-12771
-14327
-13033
-13966
-9893
-8795
-13881
-9614
-4706
-4898
-6304
-4415
-6541
-7570
-1706
-3484
-3578
-2958
-1694
-1977
-1772
3664
3311
6988
5588
8383
12568
10154
10688
12332
12697
14700
14169
10087
15455
14544
16401
17472
14671
16236
12611
11811
12017
9310
6226
6699
2870
1606
605
-782
705
-1895
-1980
-7535
-6156
-5239
-7707
-8277
-12024
-8023
-12529
-11212
-11651
-13139
-11020
-12315
-10354
-9557
-7939
-9452
-7122
-5443
-9266
-2245
-2833
-3659
5250
2148
4937
6024
7043
8085
8159
9188
10595
11753
9736
8870
9865
8863
8921
7886
7710
7655
5411
1063
-158
381
-5753
-3670
-6264
-6394
-7016
-9409
-8760
-10337
-10071
-13293
-10783
-10429
-9328
-8988
-12470
-12539
-8491
-4688
-3030
-3486
-731
-1398
4262
-532
-4586
5192
4468
6991
4949
5175
6376
5024
4029
-1347
1246
2939
3159
2545
826
-2489
-988
4516
5053
4191
1588
5076
5425
4753
5426
4359
49
486
4211
2803
2735
5267
-707
253
4093
-415
1249
2051
183
384
-2232
-5055
-2365
-2498
-1254
1100
-1566
-4297
-1381
892
831
1618
7
2742
631
1236
2673
2454
-474
-1057
-1043
-1519
300
-1451
-1891
-2632
-4464
-6443
-7071
-7451
-6976
-7934
-8390
-10741
-13482
-12389
-10843
-6332
-7697
-15118
-10743
-3736
-8897
-9685
-4870
-6884
-1821
-987
572
2430
5002
5265
9990
13809
7287
14199
16267
15293
16865
15253
17009
15127
13614
12648
17237
12463
4309
8081
4025
6305
4728
1252
5374
2438
1504
-981
-2654
-2401
-4555
-5666
-5843
-7424
-9399
-7997
-5064
-7990
-11354
-5755
-2648
-9713
-8343
-5873
-6873
-6128
-5957
-6701
-7061
-4427
-4798
-2000
-2637
-2696
2116
-3932
-1806
1287
1720
3600
2257
2764
4252
5617
5006
6175
7845
7978
5876
3624
3016
6526
5001
4970
1875
2491
2839
4924
602
-1454
1479
-3017
-5106
-5368
-1563
-8152
-4734
-1858
-5931
-5708
-5523
-4056
-5549
-4391
-2660
1044
-586
459
327
6140
4777
2413
5581
6036
10203
6910
5506
3787
2134
2553
250
-1016
-2224
-470
70
641
2063
-922
607
1997
-4666
-3556
420
-894
-1184
-258
-2841
-1974
-4123
-2811
-2154
-335
-1927
-5851
1310
-807
-2610
-643
-1743
-75
1554
2209
1004
2960
3925
7521
9256
-1823
-2556
8436
7222
7050
8135
6821
8362
7252
6546
3163
5644
5181
2492
-1357
-990
1367
-1670
-4315
-6304
-7073
-8303
-9504
-11370
-10926
-11346
-11155
-14513
-16943
-15093
-16618
-15185
-13314
-19055
-17260
-12452
-13282
-16638
-17674
-8300
-8556
-5466
-1627
397
1836
6180
15991
10859
6845
13407
16971
17228
17976
18554
19438
19601
18333
16029
14673
15280
16135
15374
12425
10711
8917
6649
9037
7248
5718
6030
4601
2795
2594
1208
-1701
-3831
-4328
-3898
-2974
-2722
-7446
-8328
-3845
-7090
-6922
-6238
-6393
-4054
-6102
-6413
-6765
-5849
-4282
-2067
-2190
-6213
-4753
-4288
-6981
-5719
-2388
-2040
-3206
-4978
-470
3227
508
3408
2170
3378
4337
3628
6377
8754
6624
4980
6640
5332
5484
4595
4706
2663
-394
-2192
-5932
-3980
-4992
-10342
-10913
-9328
-14722
-14054
-11176
-9706
-7230
-6396
-5870
-662
-1959
-76
10272
5095
858
2276
10092
11437
8920
10731
7863
8811
9359
4974
4394
5335
1409
-804
-4715
-4169
-2247
-4594
-4675
-7884
-5008
-7699
-7369
-6291
-7362
-9576
-7986
-6669
-8977
-4571
966
2965
-31
-3452
304
6720
3425
2460
5402
4644
5186
7439
5780
7561
8844
10770
11968
9640
4206
8267
10836
8338
6116
3387
6204
5232
6028
5635
5238
2952
4152
5367
2502
2500
1779
1204
-1772
-2543
-4974
-7835
-6586
-7445
-6532
-9361
-11306
-12118
-14704
-16399
-13546
-13725
-21225
-23075
-19095
-19760
-19061
-13615
-11529
-1566
-3019
1305
-1508
3841
15906
9238
11887
11855
13706
15890
15914
19530
17913
15586
13506
16357
12936
11426
12936
8960
9506
10764
8626
5213
4104
5316
4644
2627
2068
2389
-1853
3900
2146
-379
290
-2622
-5664
-3617
-3334
-7414
-10515
-7105
-5831
-11305
-9003
-9195
-6669
-6113
-7149
-5307
-4880
-3510
-2952
-2765
-8449
-7450
-5412
-3141
-2521
-3245
-2782
-2420
-1568
-1602
1793
2307
1349
-3846
-1996
1727
-265
2265
1394
3530
4219
3609
2424
3301
2953
2107
855
-337
-800
-3574
-1687
-512
-3629
-7332
-4012
-3795
-4621
-344
2286
5324
3878
4359
10434
9593
8128
9831
11875
6080
6740
13089
10588
11991
9271
8410
5939
5762
5206
5254
3465
-3116
2254
3985
2300
392
-969
-645
-3165
-5093
-6090
-5059
-7139
-7582
-7656
-10431
-13153
-10012
-12437
-14431
-13333
-9717
-9763
-9742
-3644
-6083
-2818
876
2447
4602
6782
9769
8784
11537
8868
10755
9801
3070
7078
8830
7753
6721
6590
6855
6989
6321
6452
1094
1876
4393
1621
629
-58
-1296
-2754
-1805
-3599
-3957
-7121
-8439
-9729
-11180
-11912
-14761
-15610
-16727
-19708
-16384
-15788
-21451
-19630
-15923
-19698
-18118
-16046
-13718
-12243
-8293
-4157
-195
823
2799
8628
3879
1827
2766
6952
12154
15223
13375
10098
14284
13834
16463
17236
9973
15989
17166
15635
14048
11497
12869
11559
8534
5741
5834
855
1444
1016
1941
-2705
-6815
-4789
-8443
-5370
-4566
-8297
-12603
-8709
-5560
-8648
-8159
-7399
-6816
-5409
-1185
-500
302
797
659
-20
-3553
-1490
395
640
-1202
-2715
-3379
-4279
-3522
-2491
582
-1840
-3091
-2892
-3524
-3060
-4574
-1065
-7911
-5549
1341
-4198
1298
-156
-3689
-2421
-3487
-3362
-7010
-4798
-3334
-2453
-4459
-8779
-4745
-2499
-2711
473
2598
7288
6940
4750
14202
17405
9582
8208
9807
6025
13079
13238
12158
14036
12208
12616
9849
10831
7874
8592
4587
1240
3136
1943
2576
814
1741
1153
-2247
-2960
-5735
-5651
-5367
-6961
-5914
-9869
-10345
-9378
-11422
-9160
-10567
-6799
-9758
-6187
-4887
-10845
-5360
-1078
19
1605
5271
6091
7146
8748
9496
9473
3964
5556
7634
7428
8418
8228
7676
7358
8555
5785
8256
8120
7412
6685
6692
3850
1653
3252
266
2382
1989
-2748
-4208
-4667
-8193
-8176
-9717
-9421
-13306
-13989
-12440
-16562
-15413
-18270
-20473
-15296
-15767
-12024
-5783
-1800
-2977
-5253
5617
2162
3085
4568
3954
1344
-1579
5601
7886
5753
7912
3231
354
7119
10500
11049
4118
3789
5966
7007
6967
6520
9296
9686
6852
6272
8228
2590
3726
3182
5206
3943
3462
-813
-2913
2186
-5641
16
-3181
-9621
-3175
-933
-1794
-1701
-627
-346
2732
1033
2257
5445
3669
3672
1024
-2209
1987
1621
2549
4034
1890
266
1087
-300
-175
1103
-596
-2842
-5328
-6795
-7318
-10748
-12062
-14931
-10686
-9351
-9194
-9779
-14949
-13307
-9690
-7369
-12773
-12716
-10103
-12511
-7786
-9553
-11639
-7617
-5768
-2954
1540
4070
1114
7026
15710
18689
18351
13841
14707
16335
12094
17444
17355
9270
16628
17068
15677
16223
16144
14487
6376
5728
9792
8621
5745
4004
5205
3491
278
-1816
-3845
-5959
-6559
-6124
-5974
-9510
-9809
-11755
-17171
-12451
-12649
-13278
-16124
-16339
-13659
-11681
-13922
-17589
-7878
-6022
-3805
-7115
-4161
-459
2067
2496
3372
1432
-333
6628
7133
8385
9071
8856
8220
10657
7905
7313
8584
6448
6627
6873
8427
4571
6699
7639
6333
4227
-3787
-2502
-4341
-4858
-3668
-4941
-6022
-10410
-9336
-11514
-14247
-14842
-14569
-14178
-10172
-8745
-5141
-3253
-7557
513
4096
3325
3485
740
2591
9427
4197
1686
8094
6005
6367
3264
2136
301
4715
10103
9590
223
-1080
7573
8663
7301
7217
7845
4636
6317
7029
6036
4986
6163
7122
4979
5129
4499
1647
188
8
43
-2951
-5744
-1415
547
474
3227
1049
-1499
545
2107
3423
1294
2526
3395
5219
3689
-1548
507
1672
1160
891
1713
1111
-1377
-1693
-430
-2065
-4804
-5125
-6707
-7741
-8354
-8373
-8186
-9643
-10659
-13297
-13343
-15411
-16056
-17599
-17576
-13329
-14794
-16994
-18826
-12215
-9662
-16635
-11449
-5080
-5359
-216
890
-2199
10358
13880
9239
11337
12201
11640
15514
14912
14488
15800
13508
15120
15419
16207
13006
12573
13567
9370
5552
8775
8955
8789
6513
2620
3961
1596
222
-2621
-1622
-5461
-5890
-3831
-6965
-7270
-8487
-10373
-7476
-7181
-9662
-11229
-12157
-12323
-9317
-8393
-12853
-7431
-5539
-6603
-4875
-3576
-3864
-2019
5878
4041
3059
-3433
780
5695
6148
8274
6731
7922
7215
8523
11362
10209
8355
8719
8760
10307
8592
7815
6934
5029
4679
3076
1777
471
-1189
-4010
-4424
-10253
-13384
-13874
-13840
-13535
-13337
-16571
-14246
-10963
-9279
-2364
-3112
-5799
865
7869
3201
3347
6440
6535
8158
7959
3215
1372
6332
2874
4161
2127
1257
2647
1375
626
-6645
-6059
-4205
-8152
-5304
-2555
-236
-172
-3727
-2651
-1772
-3953
-800
-247
414
4414
844
-1908
-2700
-2188
2422
394
-203
612
2588
3614
3426
4151
4410
5178
8587
8503
8165
11184
8113
7478
9251
5326
5837
4461
2869
5498
6226
4416
5143
3536
2123
5359
2907
2755
3076
2413
1166
-2616
-3716
-4110
-4548
-6054
-7579
-9538
-10543
-9878
-11976
-13687
-14673
-17187
-17980
-17779
-19549
-18747
-12469
-14588
-15988
-10315
-5705
-4464
1130
8902
7977
5609
10996
12199
12461
14422
10214
10876
12963
15749
15016
14183
14646
17807
15743
13651
10639
6658
10077
8254
5413
3159
1659
2027
1426
504
-624
-1979
-3714
-3058
-3512
-4315
-6706
-8775
-9034
-11980
-12230
-10295
-9969
-12349
-9461
-7703
-11584
-7059
-7293
-5989
-2836
-4276
-3618
-4453
-1066
-654
-290
-2140
-5974
-4042
-2079
5066
27
-4205
-1619
554
2797
3331
6496
3111
3790
9224
8344
9010
9123
6122
6845
4696
6152
4334
4522
4866
3514
1414
77
-1005
-7531
-7670
-5831
-6569
-15984
-11914
-9771
-9225
-4758
-4018
-1274
1898
8375
7592
7795
7712
9656
9854
6282
3908
7290
6894
5383
5232
3306
3097
2008
4376
4508
583
348
2
-971
-1816
-3520
-2710
-7227
-8296
-6390
-8394
-1943
789
-4758
-7874
-2185
-1997
-1363
-3029
-1286
-1298
-523
-2267
-2951
6289
-54
1576
2594
4586
8453
6193
6158
7575
10325
11831
10721
5847
5206
4945
4030
1675
3297
5983
6177
7288
7826
2447
2000
4190
3047
1081
1461
-1881
-3546
-5177
-5932
-8373
-8548
-7589
-11312
-10540
-11846
-13408
-13867
-16444
-16942
-19276
-20323
-18700
-22895
-16819
-13841
-16741
-14020
-8045
-5087
-4779
51
5685
988
6097
10915
7992
12733
7978
9015
11754
12953
17014
14479
12517
11592
13648
13782
9002
9845
10450
8559
8106
7931
5179
4179
3281
2801
2129
-1237
-334
-537
1216
1398
-600
-2451
-3368
-5568
-5781
-3476
-4214
-6242
-2982
-5279
-6579
-3433
-3342
-4542
-4346
-3458
-2038
-945
1777
2479
2340
-1283
-3546
-1424
-1441
-249
-1811
596
-3175
-2808
2189
-184
253
-3403
-2137
-387
-1885
-1765
268
-2299
575
1525
993
1338
-401
-517
-2152
-2635
-3074
-3675
-3051
-5879
-7247
-7276
-12175
-8396
-4599
-2355
1056
-1848
-2979
6405
8492
10386
10238
12498
10354
9739
10975
6974
10717
10644
12660
13004
10913
10382
11102
9449
3162
3746
2480
1385
1402
-834
-201
-1909
-1555
-2520
-8545
-7125
-7167
-9594
-10085
-11821
-10299
-10489
-11721
-12117
-15073
-12212
-6829
-9501
-7107
-2148
-7337
-3744
1917
-276
4044
5202
4342
7655
6987
7451
9417
9616
6474
5970
9971
12309
8661
8030
7355
10838
9414
5844
5681
5672
6602
2523
5765
1412
611
-1487
-682
-323
-2114
-1860
-5219
-7658
-11332
-5847
-9795
-14703
-18384
-16905
-17329
-21221
-17803
-17764
-15013
-10445
-3676
-7045
-6572
1612
1592
1023
2222
4424
7394
9661
6263
-813
3790
10168
9147
9225
10786
9073
12254
9017
7976
12282
12841
12248
7723
9839
8878
8158
7725
7300
6271
4349
3759
1033
1294
335
-531
-4933
-3826
-6753
-8884
-6154
-10497
-8827
-8840
-8654
-8673
-5626
-3178
-3761
-3785
-917
310
-1575
-2158
-2510
68
-657
-5653
-8069
-2757
-2197
-5507
-4401
-5008
-5232
-6543
-6228
-7047
-8736
-6909
-7309
-6962
-5580
-4400
-3532
-8007
-7879
-5555
-5474
-5218
-1891
-1890
-2574
-2324
-4199
-5732
-6888
-5425
-4350
-7413
-2537
233
4351
9178
1614
7306
16709
11823
13901
15383
14616
13588
11439
14776
12587
12057
14999
12862
13374
13484
11101
10974
8026
5928
8803
8435
7582
5524
5452
2649
1832
-119
-463
-1789
-6886
-6107
-6884
-7760
-6253
-6490
-8450
-12956
-17426
-14355
-14969
-16137
-14445
-11938
-8426
-5862
-8414
-8497
-1787
-445
761
2130
1028
2567
5591
7912
8799
4045
2649
7812
7031
7944
6084
6615
7238
7051
6909
4434
3506
3343
6279
5903
-570
-2796
3540
1557
800
855
-4380
-2880
-5595
-7807
-9080
-8735
-10271
-15034
-14325
-14052
-16073
-15501
-19520
-11090
-4551
-10680
-6060
741
3229
967
974
5265
7188
8745
5185
7250
1791
559
1602
1048
5853
2718
1673
1094
4169
1095
5914
7314
3504
3955
3258
5836
6144
9959
7195
6954
5871
3585
4354
1761
1639
2978
4039
2088
-2035
-2432
-476
-4100
328
-5222
-6388
3818
-1766
415
4705
2764
6577
5148
6664
6155
45
2656
3406
1293
-1153
-541
668
-1449
-1319
-930
-64
-37
-1983
-4679
-5373
-5242
-6406
-5590
-9033
-10513
-9253
-9080
-9349
-11986
-11726
-6884
-7221
-10408
-13082
-11807
-10989
-9442
-12626
-15035
-14226
-9841
-11356
-10489
302
-482
-1844
3432
7223
10300
9660
12670
15683
18604
16898
15499
13993
12595
18349
15976
14774
9321
12193
14702
12458
10872
7744
10339
7533
7250
3886
3997
3083
153
1031
-1
-844
-5657
-6521
-6756
-7442
-7790
-8225
-10266
-11718
-16217
-15713
-16110
-16695
-16953
-21609
-13577
-15871
-16859
-13743
-17448
-4321
-117
-857
-1668
-2025
3245
5346
5872
626
7244
9015
8113
11935
11690
14894
13146
13583
10086
11123
12927
10720
8794
9105
10330
5933
7637
5128
3828
3331
-421
-1753
-1581
-2176
-1569
-4403
-6246
-8525
-10614
-9805
-11113
-11729
-15145
-4429
349
-6883
-8891
-2216
2853
-953
2698
1756
1416
2824
1823
4681
-1240
-431
3320
1747
2489
636
3407
-399
-262
-1539
-6379
-97
1880
1638
-3387
106
3395
6359
5275
5225
5851
3641
4084
4075
5920
5416
5395
5710
2841
873
1017
1438
1242
-70
3509
1815
1033
4571
3931
3035
213
883
2799
6308
6599
3155
4730
968
-2988
2534
2094
5382
5291
1014
980
1937
1180
-2811
-2316
-1398
-4832
-5645
-6944
-7193
-6264
-4862
-8241
-12466
-11864
-12118
-15142
-12764
-13431
-16996
-16436
-17645
-14588
-11645
-15480
-13109
-12186
-8025
6292
1798
-808
11115
10631
13150
14890
15730
17268
18274
18750
18933
18495
15103
18447
18035
17546
15768
13876
12943
13638
9282
6492
5716
3672
3141
1434
1615
1019
2538
-749
-240
-1320
-4165
-4084
-6144
-6427
-8241
-6105
-7596
-9968
-12260
-12085
-12482
-14581
-10204
-14510
-11374
-8858
-11182
-9878
-8995
-8071
-7791
-5708
-6341
-7264
-7961
-7776
-5777
-1693
-1209
-4074
-2489
-2060
3258
-405
209
2252
1900
4411
3551
4330
2295
4683
4733
3076
4935
4059
4129
4669
-1963
-770
123
-4208
-6056
-8620
-7324
-12050
-10530
-13172
-16107
-6450
-7004
945
1053
-5598
5321
10889
6449
7652
11761
10245
9763
8958
11258
11242
5467
8836
11658
9734
9382
8786
8097
7597
131
1403
3733
851
-219
-1240
-3394
-5338
-4580
-6109
-1054
1506
-4254
-7874
-5512
-1684
-3017
-4554
-3662
-2710
-4734
-2693
-1925
-3469
-1015
-3819
-1010
688
2092
6488
5791
9687
7922
5175
9151
6822
7303
7108
5738
1778
2018
5123
7276
7269
3379
3595
3245
1637
1920
5834
5608
341
-1174
-2776
-4502
-5178
-5632
-6056
-8957
-9437
-12615
-13690
-14319
-16733
-17817
-17220
-18722
-19930
-20625
-21653
-21000
-16319
-11763
-10190
-7830
-6342
3742
1886
619
4301
8611
13063
10343
12014
11248
15362
13688
12561
13558
12342
14184
15660
19146
17598
12581
14511
16346
13840
12018
9854
9013
8807
6377
3654
5469
2631
2639
1972
817
-2831
-4510
-2637
-3265
-2068
-4253
-4563
-5079
-5812
-7449
-9773
-11648
-9202
-6270
-5838
-3957
-2680
-339
378
-66
-586
-3677
-4958
-4741
-602
-7155
-7353
-3452
-1581
-482
-3668
-5137
-5644
1429
1353
-1242
-2336
848
4991
4274
3035
-828
2256
-425
-1613
-3567
-2682
-943
-2532
-3915
-7506
-6292
-7240
-8007
-8164
-8581
-5201
-1134
-565
-1438
-1301
3864
3085
5436
6845
6870
8485
10319
10600
8265
9994
10732
5436
6106
7913
4291
4212
8261
4827
-2479
5087
3367
1625
1796
126
577
-4315
-3671
-4417
-6313
-9358
-10355
-11187
-11334
-12567
-11648
-12531
-9830
-6052
-11908
-15234
-12779
-9643
-8021
-4078
-5031
-2466
3556
2884
7318
5620
5768
8678
8513
12939
10337
12502
11490
13779
12025
6972
9579
9506
9863
8926
7361
4473
4654
6689
5392
5068
3937
3262
1396
323
155
-187
-421
-2824
-3920
-5345
-7646
-9153
-10243
-12667
-12496
-12642
-15405
-18690
-15746
-13434
-9275
-9278
-8356
-6548
-8998
-1979
-2690
-2300
-299
-428
911
4696
11489
6359
2751
5631
1805
4787
7827
7486
10082
8628
5971
9660
10013
9870
9216
6991
7279
4856
5412
5413
4236
3045
2265
2073
307
-1250
709
-2450
-7315
-4087
-6334
-7100
-8100
-9630
-10166
-6826
-7486
-9051
-2872
-3951
-1932
-588
-1190
-1267
1417
3229
3821
3114
571
2063
3904
2437
-2905
1480
534
364
1779
-2106
-1476
-4416
-2377
-2986
-5111
-8032
-1679
-637
-5344
-4052
-6314
-4719
-2050
-3883
-4252
-6854
-6360
-5978
-4614
-4006
-6833
-7728
-8285
-1946
322
3034
3970
5289
12248
11038
7677
7867
10491
17790
15486
14422
16785
16358
17229
15517
15327
11265
11868
12373
11375
10567
7647
9603
6338
9330
7317
5600
6340
1701
2706
-157
709
-1249
-2074
-3311
-5398
-4940
-9453
-10672
-13098
-15751
-14613
-13414
-15142
-18397
-19014
-10489
-11114
-13064
-13587
-11665
-4154
-2398
432
-1476
1201
2213
3591
6046
5334
7373
6686
9074
6726
4614
8566
7948
7469
6274
6524
5422
5628
7481
4911
5725
-156
-730
323
730
2503
942
-183
-2334
-3857
-5526
-5865
-7398
-9707
-10408
-10848
-13472
-14624
-12614
-6558
-1609
-5210
-6544
-642
870
-363
2246
2374
-118
1709
2191
697
114
761
890
-1204
-1129
881
8157
5039
-3291
-837
1339
4577
4882
5928
8923
10587
6908
8075
8102
4904
6676
7057
5019
2179
3198
96
-152
-1105
-1170
1019
-864
-3153
-5131
-5715
-5672
-3155
-4431
-4117
34
-493
-4367
-892
80
2248
3549
2213
2082
2297
3982
3707
2904
805
-4476
-4789
-3465
-3815
-2757
-6370
-5843
-7316
-6671
-7035
-9132
-8493
-7898
-10163
-10447
-12579
-12407
-15948
-11054
-8747
-13470
-11819
-14524
-9409
-10704
-10591
-11346
-10113
-3997
-937
7384
3442
4368
11662
14963
13762
12451
17079
18571
18391
20283
17976
18501
18435
17837
17353
16258
10626
8118
14021
7851
7396
11144
7779
7374
7013
6943
3567
4880
3728
-345
2510
-324
210
-329
-4484
-7467
-9633
-9546
-11316
-13458
-14169
-12691
-14821
-15499
-16245
-15905
-13140
-14033
-14511
-14066
-11996
-16158
-8288
-2304
-3883
-4151
-3174
2060
2395
3847
7242
9844
10932
9857
7256
12276
11710
10075
10900
8599
10215
9274
9908
8131
8790
7754
6623
3927
2605
2163
984
214
-5600
-9875
-7333
-8475
-8249
-8478
-10157
-11764
-7946
-7726
-4813
1455
-4396
-1967
5618
6475
1875
4839
6422
7291
8418
7532
5231
4663
3350
1912
2993
2888
614
-4908
3631
-1863
-8059
-1056
-3551
-2587
-263
1839
-5683
-2001
2701
2740
5228
-591
253
1763
83
-104
3697
4038
1430
2879
546
-654
105
-2529
-1484
-2798
-3971
-2015
-3130
1682
3272
247
86
-2949
-788
4858
5318
3770
4626
3979
5580
6134
7344
3140
-1709
1120
-518
-789
1188
-3881
-1010
-1958
-3416
-2979
-2531
-2359
-6807
-6163
-9935
-12160
-13588
-14288
-15260
-17432
-17210
-18390
-17903
-18636
-17118
-15868
-14566
-16786
-10775
-2376
-8618
-1720
6180
6336
10001
10622
10502
10477
12818
17197
15595
18745
19230
17717
18207
15097
15032
8488
10609
14425
10212
7308
8490
9805
1932
6429
5599
4719
5080
2732
1187
-1961
734
-1796
-1852
-3670
-5331
-6223
-8610
-5884
-9467
-9212
-9371
-10204
-9426
-11223
-10360
-9317
-7162
-11690
-8164
-8598
-8877
-8630
-7399
-8092
-7480
-8307
-7220
2052
-2179
-52
-3629
-204
2582
-1721
2810
2440
3263
775
2383
3503
8914
10016
8330
11095
5064
4821
4613
5523
5437
2638
3314
1539
-1278
-6762
-7380
-7263
-5609
-8781
-8458
-3125
-6567
-559
-2297
-5507
431
7060
5386
2434
6451
2908
2867
10812
11385
6772
5580
6540
8061
5679
8370
4893
15
5369
4151
-1576
-853
903
-2645
-2024
-1384
-3362
-3174
245
1311
-115
-3602
-2944
2567
-331
2082
1449
-565
726
-1210
2650
1968
-3409
-1766
-3830
2176
-3833
-1262
-474
-51
11126
5281
6368
6091
3000
2856
9237
9579
5788
260
3570
7947
7057
8514
1594
-1212
1693
3215
785
-2361
-4223
-3080
-4102
-6206
-3664
-4878
-6462
-9097
-12419
-11431
-11803
-14645
-13140
-16161
-17821
-15625
-16052
-19043
-19081
-17979
-13751
-10534
-7110
-7388
-1616
2772
-2602
6035
2076
5301
8810
8006
7603
8754
16692
15181
17132
15172
19248
17860
20894
15167
12228
16036
9228
13013
12998
8837
6414
8142
6944
5212
5333
2032
-2128
907
78
-2580
-2476
-4232
-5229
-7357
-8346
-8151
-5178
-4325
-8067
-7591
-8475
-8539
-11238
-8057
-4490
-6230
-1065
-2143
-5204
-5929
-6991
-6069
-7728
-6326
-3701
-4906
-5667
-4806
-8511
-3953
1338
-5833
-5805
-3732
2544
3957
4185
6256
6442
7526
7198
7116
7335
6666
5894
3095
2178
1531
-4149
-4295
-6867
-5460
-8072
-10014
-9365
-8906
-8123
-5131
2714
-6628
-8601
-1100
535
3275
3721
5414
8180
8332
11017
10927
8314
12911
12785
9709
7824
11277
10970
11448
7439
6348
4799
2561
4164
812
1074
-2034
-2037
-925
-1221
-1519
-3918
-7260
-7158
-6738
-3456
-4390
-3750
-5701
-10103
-3432
-4566
-6510
-5621
-4864
-7369
-3045
-3199
-567
-441
-2985
6875
5629
5453
8692
7197
6675
9491
9705
9952
11934
12583
9042
7968
8074
7249
3345
-6188
1121
1403
3280
1922
-758
1063
-1022
699
-3110
-2952
-2783
-4791
-5206
-5440
-7156
-7103
-7435
-8789
-10294
-12719
-14974
-15604
-14611
-16461
-15071
-10867
-9618
-8635
-6445
-4403
-3374
-2968
3374
8224
2146
914
4122
8501
6586
6433
11338
10625
9042
10000
11539
9108
7279
5507
8552
11424
7180
7238
5324
7962
7262
5652
7294
8551
5003
2597
4213
2424
945
-4758
-5415
-3525
-9381
-6566
-7310
-5154
-5485
-6602
-4388
-7810
-5542
-2012
-6095
-3941
2030
-1715
-3701
86
54
-4565
-2412
-1145
-4522
-4474
-2063
-4543
-5606
-3407
-3210
-8594
-7724
-6245
-5826
422
587
-3418
-4104
-872
2329
2212
1774
738
-1835
-2837
-2951
179
-1762
-3958
-4754
-4475
-2529
-5998
-1670
3692
3528
-1993
861
4660
8548
6500
9978
14317
11379
11520
8548
12840
13643
13380
11143
10044
9802
10417
12552
7769
12290
9292
-7011
1328
5198
924
1380
-425
1492
140
-2657
-4387
-4317
-4509
-7219
-10475
-8735
-10466
-10852
-10851
-16952
-16108
-16214
-11168
-4534
-8594
-12657
-12376
-5153
-3821
-4810
2542
231
1409
4061
946
2559
8064
7277
7896
9771
7351
8407
13898
13871
10098
10037
11334
12045
5559
3734
7457
6711
6444
164
1821
2450
6
1134
-419
-2205
-5239
-7543
-8057
-9008
-9798
-10543
-13105
-14449
-13673
-16740
-14275
-12806
-9558
-4278
-6543
-10151
-5457
-550
-5516
-642
131
-2827
585
1064
1905
1290
2905
9792
8552
4614
3824
6965
11222
13599
10538
3191
8896
9741
10510
7859
8990
10564
11399
13217
12157
12142
10594
11086
8626
6924
7210
2547
3175
2998
-161
-1505
-3173
-6370
-7493
-4493
-3604
-6966
-3706
-4684
-2288
-1661
-3315
2698
-1309
-2492
-2593
-5195
-3873
-1979
-3007
-1164
-1020
-1517
-1631
-2519
-3075
-3436
-6797
-10445
-6431
-6225
-6283
-10782
-12417
-10677
-9128
-9120
-5005
-3514
-8704
-5995
-7303
-7624
-7031
-6149
-6682
-6570
-7701
-6979
-8565
-4726
-190
890
3443
1040
9522
8708
4368
8742
15217
12656
13673
15543
11388
12627
14142
11701
10140
10884
8901
12350
8278
9486
3160
-2696
7290
5885
5440
3179
3570
3972
756
316
-911
1357
894
-572
-2388
-4609
-4258
-6284
-7840
-8860
-9270
-10811
-11892
-10778
-11039
-10614
-12486
-14613
-10745
-8524
-7048
-10560
-6663
58
-4008
-1840
681
764
2354
4777
5967
7571
7332
9559
11996
9987
9383
8803
5323
6712
7664
6178
8743
5118
3051
957
511
-2067
550
3270
-3224
-2334
-6826
-6657
-9194
-10224
-9518
-11768
-12114
-15307
-13764
-9148
-1252
-5141
-5640
-3860
-3195
-4578
-1036
103
5835
4257
335
2980
-773
-576
