3310
-11637
-5758
-12515
-4552
-9792
-10777
-7502
925
-8040
-11349
-1028
5222
6382
7062
1264
19527
16006
10481
6689
17476
13639
9891
9550
19126
5205
387
-107
9417
6430
-1172
-5823
4113
406
-9733
-2304
3980
-9460
-10313
-2797
-2720
-7900
-11617
1661
4834
-5206
-2298
-139
6317
6006
2369
12244
8653
5688
4508
5599
6878
2596
-688
2866
-3300
-11630
-10518
4428
-1289
-8404
-11779
-2855
-7285
-10594
-8211
2296
-11514
-11779
-12387
-3824
-12395
-13417
-5802
4069
-1865
-3730
3700
8822
6598
4220
7503
15302
9589
-1563
2779
10208
-2524
484
7098
12028
6511
-174
8727
4693
7239
-3290
-3304
293
528
-9346
2091
-4511
-7908
-1183
4474
4446
2383
-585
4988
2127
3024
993
6688
10971
7328
-3019
14497
8977
4168
8621
18039
4362
3338
-904
5941
850
-936
-5897
-874
-1553
-14628
-9499
-4531
-8217
-13057
-13837
-1961
-13910
-17575
-11752
-2509
-9757
-7246
-4259
-50
-15076
-13899
-675
2028
889
-6349
-3443
6096
7891
-3995
1063
8339
5857
740
3985
3728
-3430
-8515
3259
4328
2418
-551
5875
-4909
-11339
-13053
4950
-392
-10647
-17311
-4806
-5734
-11014
-7242
611
-2311
-3429
5578
10329
5349
2373
11232
17940
6887
8201
9796
16293
9705
2382
9172
12357
5880
-1399
4053
5501
5853
-4845
1393
4754
-5944
-13189
-3501
3362
-8623
-11082
-6471
-7011
-6630
-2606
5413
-1235
673
-206
1644
5321
5970
8932
13220
6310
6419
3238
11859
4653
1622
646
8578
-47
-2816
1045
4324
-2675
-6458
-5216
541
-5749
-9166
-8477
-4337
-10793
-18910
-14054
-4315
-12684
-7293
885
10047
-3720
-4776
-1519
5878
4918
5278
4256
3205
-3704
-9040
6097
1910
4599
1573
12072
13936
4038
2684
8797
4485
1606
-1216
8849
6936
-4199
-9718
-1237
-6441
-673
-7507
2281
503
-984
-3568
6658
-682
1749
-398
9249
5372
2992
-912
6277
-2180
884
3102
7553
2626
-1405
390
6072
1658
-7545
-8667
1629
-8362
-9377
-8408
-7070
-10154
-15001
-14799
-11071
-14944
-14177
-6584
-10132
-17719
-21372
-10920
-3518
-10882
-10379
-1113
-1632
-93
-2979
8912
9179
9546
13131
21859
13230
6985
13663
21586
17655
9389
10476
17550
5845
9215
-1360
6896
3418
-5257
-10476
-1163
-9801
-7477
-3688
-3200
-4475
-7057
-2036
5600
-1792
-4236
-2454
7793
1729
6046
8033
11916
3029
-592
7533
5703
6608
5986
10337
3264
-2430
-219
-553
902
-2579
-4989
-694
-8395
-16075
-18968
-8706
-8879
-8660
-13875
-6223
-10797
-9282
-11088
2816
2981
-3645
-6139
3673
25
-3068
-1108
7920
4693
-91
2014
6773
1236
-514
2065
9888
6231
-5597
6002
15726
3014
-2927
-1442
4824
71
-7511
-344
2142
-4214
-2376
-4883
-4349
-9080
-2613
1506
-741
-1390
-5199
4751
5766
378
-4490
8856
7672
10719
6167
11670
-274
4454
1201
4289
-1264
5142
-1110
12330
4555
-5323
-11912
3994
3082
-2698
-7488
-5719
-12377
-10884
-8232
-1227
-7613
-8777
-2455
3384
-13516
-7725
-760
3916
6903
-1787
-7009
2835
1649
3172
633
5553
3404
2865
3261
4995
-4536
-3923
5869
3721
1877
-6897
294
3763
-3337
-6257
2013
-545
-8498
-16498
-1655
-1678
-5451
-10971
-3688
-7129
-8895
-5690
7290
1029
-803
2402
11309
5957
-2188
5738
16754
10373
5878
-2518
7510
9348
9216
8164
7752
4158
-3417
-6665
433
-9570
-8811
-6138
-2885
-8989
-6594
-3281
-4732
-7064
-3935
5319
3868
147
1929
7749
3552
4821
1451
10110
4468
7900
4251
3580
-1910
-3056
-1388
9769
1155
-6641
-8237
-2673
-6341
-6597
-3706
9961
-221
-5432
-9659
4469
-877
801
719
4058
-3903
-7134
716
5453
1956
-884
2823
5336
-2596
-4074
2572
9134
5269
-7625
892
5513
1449
-3
1992
4248
-1919
1179
3960
7088
1406
-3621
756
229
-6689
-8318
3317
1482
-7507
-9735
-835
-8621
-13588
-8118
4070
-2732
-11229
-13854
300
-442
-2128
-3171
12740
5556
4851
109
15176
7361
8779
13986
18198
4648
-5598
-1992
14641
5570
-8081
-3948
5524
-7355
-10869
-11142
-6416
-10907
-13046
-14411
-7249
-15569
-16164
-7471
-1179
-8941
-12088
-2969
5641
4286
48
5613
10546
4239
10449
15189
11593
8621
4648
7276
5090
7887
-3143
3357
7490
401
-7118
-2116
-2931
-2563
-8541
4460
-3834
-15427
-13378
-7219
-9309
-10483
-6510
2062
-2488
-4505
-1750
3965
7173
298
3010
11026
267
915
5214
13003
875
-285
5863
11516
3663
-2172
6048
4796
1279
-6950
3349
4689
-274
-2947
914
61
46
-5473
1379
-481
-7504
-9229
382
-5558
-12567
-9858
-203
-1789
3185
-326
14569
9104
7790
1350
16560
7367
6878
8373
16405
5026
-2814
2152
5041
2762
877
-2846
5
-9996
-12905
-15984
-5131
-12493
-11100
-6068
-4202
-14247
-12010
-3529
7451
1590
-2054
2517
4162
6597
2934
5434
11686
8667
5102
10752
7369
7896
1945
13006
11966
2679
-5679
3392
10634
-1102
-4761
584
-591
-7135
-11286
1482
-8400
-10506
-14122
-2020
-16070
-14070
-16840
289
-5985
-7675
-10952
1096
-5648
-5317
-2064
5661
1476
-650
-1249
6180
-3848
-4438
-32
10256
246
-9803
-5240
4435
-531
-6161
4261
6395
-5485
-12321
-510
4116
-5053
-7056
-2474
95
-13489
-11325
-4408
-3157
-5928
-3432
3950
4442
-111
-447
17257
15506
10507
6480
18969
15619
8569
9605
18097
12275
8137
2861
9482
2360
-3605
-1167
9323
-2442
-11354
-11270
624
-14255
-15271
-12092
-5498
-14066
-16551
-10853
-3387
-7100
-9462
-487
10311
3474
582
9067
10891
5679
7759
18702
14927
-2083
502
11342
5167
2
-4673
13381
10997
-407
-8281
-398
1342
-3276
-10127
0
-8532
-13509
-14497
-6819
-7622
-14751
-7399
4997
574
-5882
-2353
6475
1990
756
1158
18560
5375
7783
1284
12436
3491
455
1598
15737
8593
3391
3089
-1622
2536
-4082
2734
4296
-7065
-17475
-8646
-5474
-13897
-19348
-7145
-1698
-9540
-4919
-4446
2053
-3178
5902
14575
10439
1556
-1704
13567
12106
8431
1537
9743
5134
4486
5233
8499
6456
-1430
-2358
7298
17
-5786
-7647
7358
-2656
-12459
-18698
-4093
-13431
-11766
-12018
-4623
-10949
-16986
-12831
3988
-8967
-7436
-1261
6207
3689
-4812
6381
6638
3132
2021
13880
11544
4050
6356
8954
13845
2484
761
5238
8976
-4212
-9244
-2569
-5762
-12268
-20425
-5724
-11440
-18895
-20339
-5210
-4300
-8498
-9414
5878
747
-4169
439
11268
6895
-192
1130
21936
7714
3190
7649
21733
10576
7100
10773
20302
5631
1384
516
9274
-39
-2580
-3338
1722
-4606
-9456
-2024
2847
-9328
-12685
-1386
-2839
-11484
-17267
-5509
-2595
-8910
-6513
5005
3893
3045
993
11030
13392
5995
5964
12986
11164
7851
1779
8177
2492
2151
125
6436
-1557
-4652
-1244
11129
-3782
-10089
-10746
6132
-4813
-11534
-9890
2383
-3921
-11007
-6453
2419
-3066
-1315
4608
6846
2316
324
9811
10647
1854
461
5105
5742
-5852
-3115
2680
10630
-851
-6456
173
9952
1072
-8433
-3765
289
-4112
-14994
-6810
-9188
-9851
-13355
-5994
-13527
-18440
-13659
2032
2363
-5899
-4037
9410
8847
2475
-4566
7019
8146
6643
902
11482
4875
6429
-790
9978
6094
-1161
-1965
11870
258
-7654
-7523
60
-2349
-9768
-9503
379
-15182
-19588
-11908
-2936
-4024
-16409
-3247
-3492
-10395
-10595
99
8034
4075
-3322
4692
5477
-946
5312
17163
11623
3190
560
11836
12281
6654
-4337
6700
5434
-1563
-7377
3194
1245
-6327
-9168
8861
-2387
-10156
-4591
1198
-8194
-10324
-9572
9613
3041
-5450
-1311
8838
4594
5270
11366
21897
9984
7780
12711
12844
6810
2596
7578
9314
3286
-3668
578
914
-1208
-3647
5588
7422
5435
-9862
1724
-835
-9348
-12658
-8154
-6773
-12600
-9885
-3839
-4968
-14995
-11593
2327
2766
-574
-7308
9493
3196
-2247
-9044
5037
-1140
-2240
-2285
7620
-3651
-6275
609
11720
7894
-4620
-3269
8948
6465
-3076
-8433
2788
-8755
-8913
644
5251
-2727
-7079
2266
8778
-1348
-515
5853
13130
8149
740
6292
6263
460
5548
10957
8146
7681
-1643
5115
2470
-680
-2795
5869
2499
-6015
-12130
-7310
-9947
-10297
-14372
-2286
-6293
-14730
-17873
-10164
-7891
-9913
-12503
-2638
-11592
-11581
-12658
-868
-2397
-4153
-1809
7885
4483
4565
4203
15530
7790
11630
7737
12193
5777
3565
6036
5604
2053
-1302
2043
3282
-2784
-6181
-3495
-2733
-5405
-11652
-5967
1169
-757
-4903
7781
4416
-177
-2221
10218
6384
1553
2182
20312
8123
4699
-3834
9132
8000
6214
1476
11210
9831
3845
540
2537
1642
-2900
3433
10092
-1955
-7047
-12486
1506
-5581
-6898
-5643
-2488
-5120
-14540
-11171
-8906
-8730
-12405
-7345
-260
-7790
-12957
-4888
699
347
-6037
5167
6897
-144
1336
12942
6811
-1092
232
11672
9113
3460
1131
6001
-1414
-3855
-2223
5906
-585
1822
-2005
8229
1008
2614
737
12237
1528
-2970
1438
6003
7080
-949
5649
10725
2839
1304
8178
15000
5354
1293
1897
8965
-6604
-4291
-4639
3290
-2925
-7537
-7998
-7382
-8837
-15323
-6898
-2536
-11992
-18155
-6946
-2155
-10085
-12897
-5024
-942
-6880
-10381
-904
-2032
-7196
-10803
4220
281
1897
-2544
9245
1339
-2635
-4960
4203
5331
4498
-4804
3272
-2938
-10283
-5299
10795
7166
165
-2404
9411
-984
-6379
-1280
9103
173
-8515
-5305
2406
-1544
-3956
5072
6104
2305
-4041
2741
7194
3140
3557
6672
10155
2785
2863
6389
12215
3520
-4099
3276
1016
6518
-10005
-378
-1915
-3516
-10847
5000
-7424
-11727
-9049
2657
-5385
-17095
-11261
-2086
-1763
-1243
-6942
3880
3166
4567
5349
20146
8128
5923
9235
15326
7202
4925
7708
17981
5113
-1883
2563
4924
3438
-8321
-408
-1648
-5390
-15144
-6669
-6515
-12785
-10687
-7466
-8106
-10852
-4357
753
-477
-5862
-4331
9743
979
2169
-1562
13595
9849
8847
2544
8171
2017
2315
2450
12575
9764
-154
-2363
7905
-1630
-4880
2
2499
880
-6836
-10260
2449
-9752
-9272
-6353
3230
-5169
-5926
-5650
2190
-6168
-7164
1624
10937
4184
-4231
2239
4864
2739
5297
9487
11413
5128
1494
5681
3024
2196
-1636
8022
8596
-664
-8754
2051
-751
-9308
-19459
-10399
-4640
-11126
-17707
-6840
-7951
-15099
-7390
-602
-4569
-13242
-9928
1468
-1349
-2496
-8048
9329
5458
2915
5609
16735
4266
3688
7449
18958
9003
2624
7165
5925
47
-8648
302
5723
-4390
-13408
-3842
3035
-12751
-14454
-6318
-2289
-9678
-14080
446
-2973
-15136
-9156
-953
2132
-3310
-2304
11585
6863
310
3591
15952
18682
17308
5408
17784
5736
3292
3921
14497
8975
-2000
804
5501
2839
-7238
-4583
2500
-6122
-11254
-13209
-6367
-13786
-10498
-8212
1528
-12339
-13971
-2676
4131
540
-340
8231
8557
7121
476
7921
10053
7858
5371
7845
10175
1927
934
9080
6707
3190
-4378
2771
975
-5556
-10311
646
-4693
-7638
-12867
-6849
-9490
-13083
-15073
-7344
-6372
-2056
-4112
3503
-3625
-4571
4362
17413
15592
5989
4110
16051
9058
6607
5859
13874
9091
7469
3503
10449
6489
2881
4125
10847
-4161
-8567
-2998
2416
-7056
-14094
-13402
-6652
-11371
-13319
-3196
5261
-1406
-4833
4602
6775
-626
-2859
5712
7546
-1425
-3785
3161
-501
864
-2764
6628
920
-7187
-8434
1073
513
-6090
-17380
-7286
-7249
-10087
-19308
-3961
-9065
-16646
-14920
-1385
-9794
-10906
-10874
655
-5870
-9729
-7794
3098
3463
-3237
4067
13982
6035
2921
7346
16515
9246
6990
7308
8778
4331
574
9513
12570
3264
-3901
7335
6798
336
-12156
7441
2850
-3401
-9244
4057
-3294
-9153
-11695
2741
-2046
-8208
-3866
4722
1701
1931
5004
19642
13805
13027
10943
15345
8907
3925
4222
14294
4120
-7608
-4239
7242
-202
-4608
-4075
416
-1626
-4651
-898
918
-11241
-12973
-364
-1867
-7830
-10571
-5512
2169
-3407
-3726
-1332
-944
422
-2016
8336
1611
2602
-2930
6119
-996
-3747
-2316
9019
5140
305
-4527
2050
-553
-3020
-1551
3934
-1915
-9200
-15182
-1793
-4763
-10013
-5689
4808
-2612
-5774
-6117
2498
-6703
-3230
5285
3735
2379
-5277
2539
11707
5620
4350
8265
16732
9437
7556
10703
12813
2455
-3920
-31
4472
3095
-1596
-344
-2469
-13613
-17354
-5557
-5651
-12511
-11774
-9919
-12705
-18088
-19392
-1546
2386
-3265
-4811
-5624
-10526
-7703
-5938
11205
3758
4113
3465
10662
5789
7464
14986
20978
16082
8541
7777
12642
7531
4609
4324
13247
-27
-2766
-4469
6574
-2645
-8635
-7832
-7485
-14693
-19167
-12174
-10511
-15582
-14981
-5155
-3568
-3634
-9897
504
4447
4666
-1073
8500
3210
4072
5698
10192
9666
7386
4060
7332
1759
769
-4843
5770
-839
-7900
-7491
3966
-6325
-7816
-6250
-1297
-7059
-6679
-4487
-2138
-12067
-8692
968
7616
-594
-5834
2633
11542
7731
8182
16961
20390
10897
14116
12447
13350
6957
9013
16074
10457
5623
15
1981
-1242
146
-3620
4827
-746
-8792
-9518
-9187
-11163
-14920
-9088
-3773
-4270
-7903
-10871
-8835
-6128
-3458
461
6136
-1500
-3779
-2585
4693
-1718
5523
3756
10600
255
2483
-925
7146
1417
446
-991
4772
-301
-5415
-8778
-461
-7734
-10612
-8140
-4500
-14393
-12527
-6345
-2440
-11505
-14087
-6961
5640
4603
1131
6248
6624
2310
3630
11292
10952
5309
6728
11146
2586
301
-1245
7830
1374
-6161
-7094
4188
-3730
-6277
-9712
7397
-2146
-10334
-14512
-2563
-4470
-8929
-2770
597
-5549
-6971
763
10888
-501
-697
6540
14010
5310
4230
9844
17365
11548
6896
9065
10885
6165
28
8311
7332
-2484
-5780
1495
4243
-5383
-10805
-4212
-8770
-16127
-15963
-9151
-10946
-13363
-14246
-6631
-8568
-14319
-7017
5853
6769
2294
5064
16124
9209
4284
6863
17506
9589
5315
-326
11710
2169
-6454
-4039
-904
-3243
-7465
-3951
-217
-6624
-10082
-4767
2796
-10059
-9034
-6636
113
-5042
-9730
-2003
552
7055
-2169
4371
7126
5730
4796
11076
8779
3327
1738
9558
10473
2271
967
4873
5687
626
3087
7715
10705
1993
-3036
-1917
-6044
-9064
-9753
5307
-4247
-7194
-5280
2221
-7873
-7678
-1929
7061
-1908
1596
-6081
6348
-1822
-462
371
8126
2536
-368
-19
9867
6871
-1723
5478
6106
3179
-1859
1265
2638
-6736
-14575
-6396
-4986
-5684
-15750
-9386
-6260
-13067
-12568
-2737
-2045
-4713
-7076
-3519
-1852
-9600
-3546
-1254
1030
-2525
-5037
2692
3809
3757
539
10361
6825
6181
1237
15301
12219
5664
3012
14436
9025
-3074
569
4621
1183
-6229
-626
2525
-7524
-6861
-7590
-5531
-15881
-18561
-12691
-3922
-12255
-12248
-5507
-2469
-4623
-4008
6539
11799
5400
4234
12673
18305
12028
8225
14673
12386
4083
2082
11167
5949
5904
-3477
9727
1322
-5464
-8793
-93
-10528
-12382
-7379
-717
-14615
-15002
-8685
-147
-4905
-2639
-1790
8978
5419
2036
6746
11115
8964
5378
8796
9565
4179
-1815
6656
15795
3521
-2645
5822
10760
4087
-4637
3252
6029
-1637
-9922
-2588
-1104
-12518
-7867
-2208
-5258
-11932
-14936
-2090
-720
-3687
-7955
1018
2374
-4755
-15422
2412
5676
-100
-1303
5459
-172
887
3095
11306
7174
8758
2701
9161
6070
-2410
-4191
2802
-662
-11182
-11685
4061
-7532
-11808
-8097
-4232
-5527
-2590
-6969
-998
-8514
-983
5989
7499
-757
-4512
3823
11889
7711
5120
9568
9628
7249
1012
7915
6137
1017
1064
9801
7964
-6570
-8261
-113
-4534
-8547
-11938
-1789
-10306
-13452
-12237
-2843
-13223
-18323
-12293
-3285
-5016
-9784
-7718
1637
-185
-2918
171
10879
4982
5062
5040
10526
-1443
2712
7577
13929
4450
-6423
3694
7357
16
-4410
-2235
7836
-4420
-11215
1971
1203
-7268
-11717
-5929
-6550
-8501
-9506
3066
-4377
-6145
-4331
2518
3770
1535
829
16168
13845
8794
7061
21622
16655
8624
5092
12029
6912
3793
4227
8687
-1027
-4506
-2537
7204
-6937
-11270
-13030
1767
-9185
-10737
-9100
-1560
-8969
-7452
1848
1275
-2046
-114
5659
6240
-2130
-5430
4150
626
983
-3223
5713
1480
-5117
-3358
2886
7231
3992
3023
5609
6485
2087
-2118
9201
3270
-4018
-7194
6627
-6031
-10056
-7449
9155
-3817
-8879
-6037
1561
-3999
-6965
-3034
5065
-1542
-2846
-4461
8265
2050
-447
7579
14197
5856
-768
1110
11857
5888
2672
6685
7888
-655
-5910
-2586
541
-8069
-12683
652
772
-20179
-19492
-7565
2141
-8903
-13203
-3118
-5202
-10583
-7128
-6042
-9399
-7467
-6036
6863
-2808
-4893
-2894
13348
6834
-347
9000
14454
9433
1367
1891
10705
3147
-1437
-4399
2870
-1088
-8241
-6278
-1895
-11188
-3555
2731
5869
-5891
-10588
-841
2955
-11491
-11793
-3557
872
-3639
-2613
2136
3162
4
3459
17306
12308
5263
8400
13898
8775
160
-807
6492
-834
850
-3827
3649
3738
-4937
-5209
6604
-3099
-8005
-6306
-499
-2970
-12227
-11981
1333
-9661
-9354
1194
15362
5659
-1899
-3583
7374
7241
3317
3949
13240
89
-3310
1762
10381
2367
-554
9532
10791
1004
-6255
4788
3109
4070
-5683
3500
3643
-7637
-4355
4236
5384
-413
-7162
32
1306
2412
1911
8691
3579
5594
-1007
5912
3144
683
-4796
5026
2701
-7029
-8085
-4627
-866
245
-7504
1074
2268
169
-3289
3447
-7946
-7689
-5442
-2931
-12996
-5886
-7625
175
-6028
-9297
-9708
209
3851
-1739
-7562
-1230
-5409
-3568
874
2849
1897
-816
3912
11870
9141
6176
12403
13167
6696
-342
6422
6029
2254
-5710
-956
-10567
-6985
-17019
-1898
-5474
-10923
-17740
-3505
-8817
-21132
-15275
369
-1496
-7590
-5615
-2464
-1401
-3736
-1734
12471
11105
5162
8378
12453
2405
2158
8984
19572
11461
4077
11104
12983
-1808
-8839
3875
10020
-2610
-12086
-8461
-5578
-12034
-8746
-2974
-369
-8973
-8355
2227
1079
-2188
-2251
10746
7321
3077
-2350
12921
11422
3697
1210
12048
5560
4595
776
10795
5565
-5417
-8671
3243
-688
-3779
-972
3225
-829
-13013
-7721
6184
-834
-2657
-4668
4890
-10299
-13027
-5180
7055
969
-1541
1396
1185
-5296
-5194
6960
7236
1917
-2381
5463
-674
-3452
-3002
10649
7360
-216
-5697
4150
3176
-87
-5359
2264
-1966
-4767
-5782
2658
-4926
-5708
-2523
-1070
-9326
-8289
-540
5150
1809
-6572
-4392
2745
3781
3717
518
7488
660
-4371
-7466
2293
-2833
642
4683
8691
3104
-596
5981
11932
4407
214
3972
246
-1900
-8917
-4617
-696
-6336
-6560
-3602
-1904
-6247
-4792
-776
57
-8082
-6817
3303
1661
-143
-5043
5299
5846
3776
2559
11721
10264
3859
1852
8177
4685
2865
-1602
9609
552
-2373
-6489
-4886
-8139
-15931
-13463
-1846
-9570
-15963
-17966
-13320
-12991
-14657
-14281
-885
-7363
-4168
-1452
-131
-1967
-3056
9489
15649
5674
3965
9979
8453
8309
4797
18493
16776
6996
5248
14569
11928
-827
866
12472
7316
-4566
-4917
1861
-4202
-8682
-6752
2542
-6362
-6526
-6344
2915
-352
-7924
-428
9263
4551
-1971
5197
11614
3760
1861
3580
10326
2135
-1972
3919
7871
4783
272
-3964
4690
-3255
-2294
-136
-1155
-10680
-14250
-3077
2981
-7795
-10434
-6820
-6421
-5334
-9379
-1501
2330
-8470
-5022
-88
-7018
-3994
-10855
4991
-1746
3608
590
6648
706
848
3678
14571
9317
2531
6109
12461
13280
5742
-2066
7193
1319
3950
-2966
2626
-8548
-11463
-5848
-5347
-14079
-13068
-3704
2678
-6211
-8129
-4272
9291
6966
3455
6253
11138
6246
1608
7381
4398
2934
2450
5362
8032
1480
-3830
-1295
-1307
-6567
-9166
-2663
-6372
-11096
-16996
-6430
-10211
-15571
-17964
-2991
-2281
-13660
-18003
-6414
-11708
-9380
-3891
3386
-3199
2663
8379
8371
2648
3196
7875
16566
5354
-2656
2038
12400
11746
1260
3971
15577
5263
-2021
2918
6022
-2135
-12329
3595
3431
-9856
-11338
-2894
-4654
-8092
-6329
9371
3046
-6433
-6153
9466
11837
-3090
-3003
14984
10067
8411
10995
16356
5737
890
4179
13393
3271
974
4891
13053
-117
-1818
798
4864
-3569
-7495
-646
51
-10273
-17044
-12122
-3663
-11414
-10139
-5787
781
-9693
-6912
1007
1839
-4929
1175
7267
10078
1849
-192
6515
5945
-3782
3232
10645
6261
-156
418
10191
2510
2923
-3396
5368
1361
-1167
-15051
-1743
-6471
-9070
-8182
-1208
-2131
-7564
-4572
6054
1526
-3285
41
5526
2687
551
-3430
7105
2042
-3887
-3103
5191
4995
1522
865
9444
-1223
-4660
1292
10323
6888
-930
-1071
3789
-3860
-10360
-5411
207
-5930
-12869
-4077
-5311
-6119
-11396
2963
2932
-5315
-10777
-2543
2821
-1261
-5567
9383
8867
-721
2732
8180
8539
3894
-488
12177
3026
-440
-7967
1501
2176
-2820
-3237
5815
-1597
-6591
-11441
-34
-7363
-12870
-10191
-41
-9959
-17580
-13203
-5626
-8817
-5884
1264
5323
-666
-7393
7165
10572
3847
-720
14778
10406
7336
2283
9747
11220
7382
8371
12797
8267
2633
-3369
5829
1171
-7485
-9215
8299
3621
-1971
-8291
-2319
-11402
-10622
-3818
4969
-813
-7807
-4212
8153
4047
-1726
2051
10267
556
-4682
-2255
7252
-1665
-3425
1816
-342
-2410
-3780
6840
8974
2181
2415
5786
6757
-342
-1508
9022
6389
-6645
-10441
-1813
2126
-1449
-6650
1930
-1947
-3461
156
5331
2682
-893
3853
11141
15
-19
-5700
6995
1342
-4628
-3728
6768
-1723
-3752
307
8152
2479
-3377
-5370
4973
1419
-942
-3736
7150
-7312
-12373
-7278
-989
-9908
-12010
-3246
1557
-8200
-10684
-4850
5
-9206
-3069
5549
11029
-459
757
7595
13488
11876
6259
8836
10078
6197
791
5942
6827
744
-534
3628
-6580
-15736
-15051
129
-6208
-16063
-16584
-11256
-12329
-16740
-14892
2102
-7569
-10041
-6645
6481
4164
3036
3150
15781
-657
-1339
5138
12336
86
-2841
7531
13830
3654
-106
5777
8830
979
-2922
883
1070
-7434
-16176
-4517
-2758
-12827
-12427
-4037
-5711
-12456
-7509
3122
3559
412
3274
12428
10216
4376
10628
20065
15157
8299
10428
19156
8740
2803
4118
12690
7482
-1557
-4583
5283
719
-3344
-7371
2429
-1183
-10107
-13054
-781
-10988
-12506
-11595
-3088
-12809
-14721
-6235
3536
2644
1608
2865
6934
3507
-3577
7239
11748
1221
-941
4329
7510
-551
1322
6379
12078
6081
1165
5189
2210
4890
-1991
6255
-3054
-5039
-10941
3002
-2521
-7595
-9969
1603
-5147
-12900
-12070
-488
1580
-5233
-5489
3118
-2038
2690
2957
13901
6545
3562
1649
10811
1938
3425
29
7203
-3814
-1870
-41
967
-4501
-10146
3112
-80
-4532
-11497
-2761
-715
-11504
-13676
-4981
-2700
-9384
-4960
2976
3366
-4544
-3880
6907
9388
6581
-3711
12542
5931
2029
-3064
8988
3854
3
1008
7169
1344
-8987
-3378
7378
3086
-7253
-9489
2284
-6351
-14460
-14539
-868
-13415
-13213
-11208
-4279
-12567
-14808
-5869
4025
-5345
-2540
4646
5513
3710
5387
16366
15607
14431
10784
21483
17828
8896
3873
9666
12745
9889
-83
3388
-760
-5062
-5286
-738
-3134
-9752
-12659
-4537
-13678
-18326
-14623
-6252
-11659
-11570
-12426
1745
-5618
-7731
-2380
9439
9798
4221
9429
13513
15713
8223
8307
13332
6981
8546
8419
10942
6190
-3063
-4273
151
-3247
-8273
-3058
-702
-4772
-15040
-3811
-3826
-12381
-9126
-2525
-1558
-1390
-10396
-2380
-1939
-491
1523
7836
5910
3851
4329
16576
9533
7184
7762
15170
10169
2684
5723
9746
5029
1056
-749
7659
2862
2006
-1381
8513
2590
-6942
-10333
-29
-6535
-7227
-7803
-6312
-10593
-12125
-6999
-2885
-14059
-13166
-5794
-3828
-3766
-3902
3156
4181
-1909
1853
7860
3787
4103
5530
13562
10397
484
-2078
351
-846
-658
-6900
1291
-7423
-14860
-20829
-9307
-12065
-14734
-14156
2162
-6325
-10278
-13062
-3015
-906
-6044
55
4895
863
458
4539
13864
10249
6951
7690
20179
15216
9661
4792
8855
8134
-206
1006
4020
-2461
-10840
-9816
-5221
-13193
-17386
-5654
-5534
-5516
-10241
-2865
-1609
-10459
-14515
12
692
-3836
-773
3507
4693
3658
3027
22378
16328
17450
15009
16374
10362
4561
3962
13231
8384
1909
5742
9396
5254
-4865
-6849
7101
-803
-6978
-6372
638
-12546
-17793
-11728
-3120
-7996
-9914
-3302
-821
-8469
-8005
-1787
7328
6090
2672
12210
6854
3072
-6
11244
11038
3753
-2600
9755
4166
-3282
-6859
-605
3281
5783
-4171
3341
-6114
-5922
-9830
5224
792
-11695
-8995
-1030
-4294
-10781
-11375
4981
-4646
-8477
-5762
3698
-1431
-1279
3213
6583
2856
-2229
4452
11115
-1659
-587
1802
10141
912
-999
3997
7736
-3637
-5958
1479
1062
-2734
-9628
4214
1424
-8591
-9161
853
2270
338
-3602
6322
1725
-3161
-3494
2099
9919
-2028
-3961
6709
-2042
-7965
-6024
11867
5448
-1039
-4693
3106
889
-3011
-44
6514
807
-5360
-3186
1997
-5327
-9553
-8341
4065
-3317
-6297
-7600
140
-4104
-11177
-4390
133
-7288
-10033
-1032
6176
-4864
-13258
-2929
8398
515
-1121
5562
6965
5469
212
5287
3931
312
-3196
7631
6057
-364
-2768
6329
4736
-1464
-4638
7973
5213
-6664
-8335
8633
-4420
-15870
-8832
1874
-1831
-873
-890
1910
-3604
-2522
5778
15234
6564
1332
6573
11239
4064
-2134
7541
13403
1212
1224
11935
8922
5289
4149
6758
14102
4085
-4532
4268
3377
-3449
-10054
-488
-4994
-11327
-8721
-4848
-4130
-8017
-14532
4160
714
-2637
-5242
394
-1234
-6399
-1696
9591
707
-1987
-3151
4191
-2633
-6831
-7890
8935
-6
-592
-5836
4541
363
183
1864
5837
-10341
-12513
-1952
4485
-4607
-9955
-2149
4933
-775
-4835
5719
10474
7456
5077
6048
4912
2760
3577
17223
14489
3433
-3464
4321
9406
3840
2511
10404
3162
-4906
-15110
682
-3153
-9966
-14878
1414
-5320
-16729
-24332
-9207
-9247
-13665
-5665
-2447
-8163
-13199
-650
2908
-4193
-3532
2039
16285
5645
-1964
1304
10353
-209
-125
385
6657
-797
-5148
3816
3290
-2027
-3353
844
2785
-10032
-11810
-4892
113
-7737
-11583
-4154
-6192
-10846
-10142
6176
-1287
-5068
-190
14201
1363
2472
-927
12202
8954
11335
8251
15827
11582
9283
9446
12771
13725
835
5758
10633
2247
1595
1111
3967
-1670
-10455
689
7640
-5650
-12423
-11871
-1970
-7334
-7394
-115
1673
-4088
-5175
1126
4722
2401
-2344
8643
3402
2031
-1965
6126
3802
-1177
802
7981
7123
1414
-1930
5042
59
-5753
-6349
816
-2779
-4956
-8061
622
-9573
-8982
-7207
3440
-6495
-5632
-7598
2908
-9580
-10862
-6654
6442
3787
1890
8460
9858
3844
2437
11599
15651
5854
2818
2183
10926
4083
73
5474
4980
1038
-3391
-535
-2949
-4930
-14292
-4385
-6798
-8550
-13209
-6070
-6465
-6879
-5469
1558
-1503
-7820
-2541
4824
4117
1328
716
9325
5455
-1177
-1687
10919
8947
-29
-398
5640
3439
-1025
-908
10568
2308
-8066
-7781
-3655
-6655
-8817
-7991
-121
-11663
-18897
-13259
621
-14715
-18376
-7505
1808
-5950
-7957
-1665
6728
4477
4850
16379
13549
5660
5729
18636
11072
3214
4462
12693
11110
7821
1089
9801
2399
-557
-4423
5641
-1715
-6225
-7236
265
-3915
-11301
-9133
-952
-10187
-11844
-5231
-732
-11541
-7261
-6808
7118
-3014
-7618
3570
7033
9048
6104
7530
11666
3259
246
10101
12984
4809
-2211
5394
9829
1135
1675
9036
710
-6198
-15652
595
-4853
-7861
-9030
-923
-6130
-14077
-7663
4158
526
906
-1227
10725
4985
673
5026
10860
4786
8205
6373
12322
4887
1262
3578
7166
3871
-4938
-554
8421
-801
-10797
-7647
104
-9061
-9941
-5270
2647
-17775
-12833
-4251
-1613
-11132
-8002
2337
2003
-3544
-8283
-2806
-3810
-1995
-1950
9994
7195
-3279
-462
8626
7626
5437
9039
18293
5289
3405
3023
10554
1865
2906
-3637
4171
-1518
-12550
-15707
-4172
-7716
-15239
-10624
-5382
-11255
-12324
-13673
-2174
-5993
-7423
-688
562
-5582
-8351
-700
15054
8277
3461
6840
14403
5453
-2591
2465
11677
7847
-440
907
6457
-976
-4649
3223
17
-1087
-6782
827
-5297
-15140
-9892
1070
-5273
-11419
-16942
-3001
-5634
-9879
-5181
5577
5466
6344
-2039
11799
8240
15157
10726
20486
7934
5295
12407
14552
8984
2055
2950
11575
4964
-4446
808
5640
-303
-13652
-6988
-965
-11785
-13975
-9533
-7901
-8976
-12829
-6031
-5832
-9276
-9945
548
7775
2711
-759
10825
13043
8604
-2255
5216
10800
5402
-4059
1416
10019
253
-3256
6048
8695
6102
-5739
5020
309
-1895
-7197
1915
-5323
-6205
-11515
-1150
-4294
-9458
-8234
8492
6527
-3527
-2720
4210
2372
-7038
-5760
3815
1137
1723
106
4301
1057
-623
5861
8696
11546
-1130
7522
9485
2084
-7568
4213
5689
-7002
-11980
-1528
-4848
-10466
-14119
-3487
943
-1495
-7724
-2239
-4419
-3910
-8193
4947
-1386
-337
4284
13541
9876
602
2543
20240
16473
7310
472
8273
-213
-12614
-10811
2613
-4128
-10460
-10855
-6987
-12731
-16813
-10488
1289
-11267
-13100
-6494
-3104
-13855
-12270
-2556
1799
-4400
-10193
-1657
4068
-2060
-4467
6457
6658
7664
7959
17133
15506
7977
6509
13901
10393
-828
2382
8335
6974
-3862
-12141
5267
292
-5562
-9778
7534
-5947
-10602
-10448
2248
-5198
-14754
-9218
-4390
-9348
-6427
4237
8599
-2750
964
7734
16770
7516
9220
21901
18209
7417
2142
10413
13046
4603
1357
7581
1314
-1598
-1971
6920
-2715
-4278
-11096
4607
-7937
-14648
-14304
-4140
-2806
-10805
-11826
-5887
-8671
-7499
-1372
6391
-889
-3328
-754
10077
1311
83
-693
7592
984
6082
2789
7628
462
2913
3253
9201
5779
-1653
2645
5735
-4026
-11391
-1222
382
-3544
-13028
-7254
-2015
-8563
-7750
-2971
1146
-4727
-8762
2572
2933
3198
-2141
3860
7436
6229
-1427
15876
6058
5779
2104
11584
10028
3728
-2395
9290
4337
-3776
-7045
2780
-3053
-10037
-13837
-3643
-11510
-15899
-14096
-1304
-7155
-18640
-15626
-7272
-14310
-16032
-5853
4436
-2313
-6041
-448
12255
1652
6267
19316
17756
10161
6878
10646
12529
8286
623
7696
4168
464
-4276
3786
568
-8705
-9262
548
-6541
-14853
-15238
-2109
-8418
-16233
-13398
-4205
-7816
-9600
-3979
7191
-350
-2066
-3934
10809
5585
9259
7611
18037
9538
6660
9141
12665
10230
5208
12189
15772
10026
-4220
1880
3110
347
-10215
-3381
-1005
-7901
-15636
-6310
-3800
-10225
-9659
73
3137
-4817
-9981
2576
6696
1675
-951
7149
5298
3352
3711
12155
4316
2136
3796
9284
10631
5876
1919
9050
5995
1020
-811
7592
-2252
-5012
-9135
1412
-9355
-11403
-11423
-2075
-9350
-5361
-3557
-1833
-9305
-12725
-1505
3104
-1675
-8769
-1237
3618
238
-7036
7531
8496
1420
-407
9002
11156
4245
563
7066
-2250
-3208
-8839
3998
293
-4504
-15236
-2337
-5803
-8932
-6701
4979
-2681
-10775
-10252
1505
2186
-734
1914
9995
5506
-2628
-3420
8564
7730
751
6816
16128
3537
-3911
-2514
7531
6062
610
5653
9354
-3678
-10661
-2774
3460
-2965
-14159
-3057
5068
-5730
-9125
-7699
-847
-2504
-7322
5894
2898
-6801
-7432
-1906
4836
-1504
-5614
10133
5830
-1384
-9697
5894
1246
-3528
-5965
5074
2361
-11724
-8139
-2524
4598
-8699
-4141
1315
-4118
-9374
-7954
674
-5532
-4530
-1280
5162
-7960
-14641
-5889
4324
904
-733
-601
3270
-1124
2296
4861
10409
1216
2004
15330
15515
7815
1552
13688
16547
11383
4523
10760
8139
8654
1850
9879
4377
-5840
-9530
778
-6450
-9425
-11280
-504
-6991
-3071
-9005
1407
-1806
-4160
296
8771
6466
-2444
3900
6793
4833
2868
1084
8117
5867
2921
2419
5758
-2310
-2813
4192
7214
-5842
-12105
-8448
-4754
-8452
-7627
-2292
-4595
-6821
-9711
1536
2556
-3434
-7534
6496
1009
-2801
-3879
3586
5480
5254
1131
10265
-2416
-2140
-2917
5588
1488
-4152
-2702
3151
2391
-5516
-4394
-137
-801
-2885
-8954
3058
-11933
-11126
-8294
4269
-6893
-4046
-5795
287
-5940
-9791
-4626
1182
601
-5760
-4601
1135
-2500
-7457
3343
8564
-905
-7945
5187
12359
2857
-4224
6965
10647
5030
-7777
5122
7168
969
-6191
6527
3051
-4361
-5145
7561
-468
-6272
2786
4043
-1051
-12520
-11397
10957
1602
-3240
-4781
5663
1998
-1734
-2249
8495
2349
-2507
4280
9975
939
596
7333
10705
-943
-3268
10623
12397
2928
-5227
4181
5365
1392
-9249
-2065
-1920
-12422
-8242
-4328
713
-7690
-13766
-4069
-1034
-347
-1290
9325
5539
4643
479
15103
2237
-184
375
18781
6601
2445
-3182
4230
-622
-4250
-928
7760
7988
-6501
-6380
-2825
-7727
-10901
-975
2929
-11812
-14422
-2138
1716
-7666
-8706
1770
8036
-1056
-7414
1038
2420
-554
-5098
4584
10613
668
75
5012
8872
-694
-743
11418
7483
3255
-5457
8322
-992
-4862
-1645
5077
778
-4219
-11064
3412
-8323
-11041
-7501
7266
-1045
-11246
-12245
3626
-5575
-8229
426
3668
3993
759
2765
5500
-1861
1186
10821
11318
3992
2843
6867
11103
744
-3305
5525
14126
3560
-2801
-4922
-2062
-10621
-14228
-1068
-8835
-14825
-13144
-5568
-8938
-21320
-11992
-2184
-3952
-12175
-16270
-4408
-1758
-10104
-6942
12192
5274
1551
1653
12830
3635
7331
8640
13535
5031
2063
7506
14939
5199
-2990
-6013
7055
-6124
-6516
-4187
2230
-8411
-12151
-4862
-7748
-12446
-10481
6013
3705
-7344
-6462
1632
5500
3309
2793
16964
14044
11604
11398
19600
14917
11440
3727
16566
11755
3227
6168
9492
9923
-1113
-8183
-52
-4692
-7744
-12924
4433
-7725
-14240
-15199
-1655
-2864
-10819
-6622
-1973
-6469
-8108
-575
2840
-3060
-6616
1365
5657
941
-4087
1664
9903
4912
1684
7279
6373
8141
808
7270
7261
1074
-10345
-2220
3619
-7527
-16548
-7689
-7301
-19636
-16263
-1937
-6719
-8476
-11394
2065
909
-4359
-5179
9433
6015
3958
4501
13669
10988
7476
10157
16689
13153
11306
6721
18024
9740
11365
12111
13498
4339
-1456
1812
1639
-11267
-14009
-10405
-1147
-11146
-17514
-12229
-3816
-10112
-16484
-5509
-1959
-9951
-3896
-6359
-6966
-5022
-6684
3438
4317
-502
-10049
10226
6125
-2346
-5530
2322
1068
-4007
-6458
3502
4374
1390
-4654
3598
1534
-2080
-6805
3087
-9751
-13872
-12341
-7007
-7893
-14794
-8667
-2188
915
-6252
-2571
9059
2261
1251
7001
17503
11987
6346
14915
18478
14183
6335
13817
15244
11485
5626
9509
10378
2667
-5818
-2166
2148
-3386
-9189
411
-7772
-16615
-21461
-5525
-9022
-9785
-6349
8329
-1145
-5966
-8214
5826
1815
5129
930
9862
-2681
-6265
-2525
11103
6274
1895
5978
12875
9491
-1542
2256
4725
1237
-6160
1143
1806
-4971
-11600
-3931
-382
-5628
-10113
-171
5167
-7048
-10339
-1958
51
-3643
-3379
4806
3837
899
-810
4706
5481
5531
1818
13010
7593
-1395
2002
12485
9335
3938
5663
13811
5361
562
-2461
5023
-830
-3351
-10065
-1986
-16254
-16170
-12539
-6665
-12488
-12710
-7423
2116
-4843
-12495
-7043
2936
-2879
-5650
4569
8771
6797
1381
11478
7372
4449
7484
14707
8178
-1142
-4328
6623
5595
-3099
-11616
-597
-645
-6982
-9418
-299
-7616
-11553
-12727
-4620
-10550
-16436
-12930
-2711
-3241
-11400
-8225
2719
1842
-625
3073
14683
3474
465
6285
15774
4449
5727
6584
14359
6468
-5729
-755
4597
-3719
-5170
-308
-952
-9626
-11543
-5879
-2082
-10148
-7792
-6561
-3515
-8482
-9641
-3530
1525
-836
-3339
7340
10264
5326
1550
18919
13258
14074
8644
18922
11471
12809
9680
16421
11751
3675
4053
13865
5508
-6076
-7057
3449
-4933
-14374
-12794
1863
-6841
-12449
-13430
-6314
-15589
-11460
-4008
-1283
-6974
-12776
-1958
1935
-3716
-7415
7164
16274
10624
-1113
3199
3033
1590
7091
14602
8312
491
-1977
7005
1973
698
-2248
6904
1652
-6297
-10086
-1170
-6692
-8463
-8215
-1522
-7316
-7462
-5558
2982
-4795
-6387
3120
11437
3275
-1912
3962
10826
757
1387
4266
10549
3715
3955
2827
5451
-3515
291
3127
7874
-129
-5436
679
3098
-3859
-10149
-116
3939
-4059
-12852
-3322
-4696
-10619
-12393
-717
-1748
-10167
-11408
-1136
714
-5361
-9942
4582
3217
-5320
-9996
7901
1722
-8282
-5217
5502
2729
-2409
-1139
10494
462
-3032
-1746
7380
-1545
-8085
-3918
3998
-10004
-11413
-6716
1290
-3091
-6524
-603
336
-4146
-4133
5371
9352
4560
3100
11311
9982
-1904
-1764
11666
15965
7685
522
9033
8216
2723
-1428
9587
7016
3424
-207
9818
725
-6623
-8904
6461
-411
-7073
-12974
-1591
-8988
-11847
-6990
166
-4316
-5009
-265
5891
-1139
-2086
4194
12705
3905
1449
3877
9907
1687
-597
4648
8926
2348
-629
5568
7536
-379
-5175
4111
-793
-3761
-12881
-1774
-4360
-8229
-13127
-1559
-2203
-6570
-10191
1650
4117
-1393
-7162
5005
3642
-915
-5619
10491
1536
1018
460
12491
5802
542
73
7452
2784
2324
3477
9402
5575
-4206
-138
3459
-1367
-4512
-1527
6395
-4176
-14910
-6710
-4996
-13140
-11713
-1204
3159
-3779
-8747
-1480
2963
756
1814
11404
9931
170
-5928
7759
10707
3694
-656
8084
8009
1718
-2581
6106
1855
-5537
-7794
-428
-8079
-12927
-16969
-3341
-10146
-10888
-12625
446
-6125
-15221
-8438
4168
-1141
-8548
-7651
3918
538
-4098
716
9333
-2579
-952
11113
16704
3456
-1951
5959
11351
2154
-4314
6859
7994
3947
-6683
1274
6613
-3503
-8296
5558
-61
-11232
-10496
2329
-2970
-12964
-9896
1372
-1134
-3564
-449
10869
5979
2099
6129
20456
11451
3905
6801
16388
8238
3916
3500
13064
4247
1658
6375
8859
-4712
-6127
1080
5272
-3496
-13033
-9021
-7007
-13968
-11472
-5224
-4574
-11745
-13017
-97
-65
-5711
-6214
8544
3709
3424
-2150
5726
2326
3204
-941
13112
9057
5187
19
8876
4713
-2871
4474
9498
4911
-1471
-10973
-2243
-4181
-5947
-9436
4477
-7177
-9616
-6902
-767
-7991
-11770
-2357
5059
1245
-640
-2540
4771
4015
6301
10240
17341
5082
3282
9758
12406
5358
398
8025
9327
4057
-3575
3546
2247
-2229
-9096
3211
573
-9891
-13472
-1243
-6729
-13334
-12597
-5107
-7327
-12913
-14405
-1251
-8069
-5923
-9327
1256
-4757
-6699
-5541
8203
3017
-1885
2750
9897
2687
-567
1969
9073
1769
-827
2069
2889
-2623
-1886
751
-358
-3638
-7978
486
-71
-4058
-7736
-3835
-1207
-8976
-8419
-1837
1790
-2938
-3863
8073
3418
3376
2224
14996
8625
2596
1687
10710
7491
3234
1903
8216
6963
-512
644
9600
3614
-848
96
10174
-339
-9737
-8908
2740
-7192
-12569
-8470
-1474
-8211
-9505
-2671
2363
-5130
-7336
3354
2174
2779
-1054
10297
12166
2975
-1013
6902
8628
8532
5018
8714
8186
1200
-5065
4591
2661
1358
-4101
7133
4227
-7198
-14213
1799
-3918
-11523
-12765
-5951
-11105
-15586
-11718
-983
-3881
-1799
-972
8183
6370
751
4041
12211
6596
4705
4183
16499
5918
1217
6792
15964
5044
-2288
7796
13587
6639
-4235
2740
3017
-5013
-12494
-2541
-298
-11895
-14547
-3252
-5911
-10394
-9563
-324
-1341
-4012
-4254
4547
2918
253
-5748
7741
5060
-2539
-3712
12370
5704
-1867
-1274
10357
3795
-2431
-4395
3563
-1915
-5941
-3701
4603
-8456
-12468
-7990
263
-9266
-15653
-7301
-3883
-8748
-15883
-7766
-3780
-7608
-9036
-1548
3122
-5572
-3266
6601
9602
-156
-281
8361
9811
3442
2661
7392
7389
2560
710
8718
3301
1817
1088
5594
-2099
-8119
-11232
3201
-3804
-10588
-10251
1255
-5167
-9690
-5459
6677
3758
2036
1658
6869
7020
2285
2241
16557
8305
6852
11601
16768
6862
4649
12006
16522
3119
-5526
4075
4935
3181
-8787
-2081
-585
-7640
-12210
-3265
-1836
-9760
-17640
-7511
-12890
-15579
-12050
1172
-2472
-4151
-7856
5617
3514
2317
336
17134
9073
2546
-1673
10700
9305
2523
5375
15577
11926
4522
6679
13320
5114
1557
1472
7527
-4013
-9251
-5776
632
-10246
-11987
-6733
-3481
-11788
-14164
-6431
1593
-6847
-8424
-407
-639
1819
-3464
6713
3675
2942
530
12474
6988
1780
904
9976
10956
-1362
-5994
8772
6669
1550
-5465
1489
-3452
-4698
-11177
1268
-6978
-12229
-10855
685
-8886
-14255
-10794
2938
-2559
-8191
-4797
2521
-536
-3000
2475
11513
1227
-3761
3752
9814
-646
-3116
4776
6431
2757
-1385
7012
3403
-2244
-10616
-2248
-674
-7327
-9890
-1313
-2725
-10837
-15347
-1253
-818
-9607
-10855
2063
580
-3222
-5599
7681
3476
-1378
2372
11909
10076
2627
5372
13883
4336
2790
4734
13371
7259
-1760
321
11078
6968
-1397
-999
5941
3371
-4659
449
3211
-6995
-5540
-1120
1324
-10643
-10395
648
2551
-5697
-6988
3332
4110
1141
-4970
6048
5708
506
-627
9130
5386
-510
1544
11266
5521
1361
-1139
15038
5118
-2781
-8126
6970
1017
-5463
-8466
4240
-6354
-9741
-9263
-2880
-9310
-9775
-1285
3477
-4603
-11576
-2323
-478
-2854
-2689
6127
8602
4941
-2209
4882
8662
5868
4772
9906
6585
1610
2169
6823
2451
-1812
-3915
6977
1414
-8069
-11934
-485
-422
-4225
-7703
-1645
-7167
-9289
-5924
4142
-3425
-1385
1589
6531
-2891
-3631
-1808
11265
-311
-132
-1317
8880
2859
1921
1229
3787
130
-2071
687
3518
1567
-9018
-3289
332
-7922
-9075
-3696
-3228
-9893
-13191
-7114
-3932
-12317
-12230
-2965
-3132
-4686
-11738
1626
-427
-1730
-714
12594
8302
3877
-793
13864
11356
4600
3086
7655
8253
-114
3613
12200
2276
-6166
-2207
10103
2168
-7312
-6735
4296
-2587
-12536
-9879
-6011
-7633
-10634
-3005
1605
-7379
-8635
4700
8765
4087
-116
10862
13662
6524
1847
9332
10741
10122
6655
9400
8228
2538
5374
8788
5048
2465
-6387
3791
-2102
-7055
-12241
801
-7763
-13045
-12471
-1926
-7404
-13678
-9399
-1508
-1649
-5020
-5072
1425
-1946
-3779
-4240
7426
1535
1195
8858
17400
7152
-3951
3032
17629
15373
5963
9652
7807
2219
-4038
2051
4808
1724
-8142
1367
-3906
-12633
-16060
-2348
-1735
-6078
-14473
-146
-2825
-8760
-7784
2833
464
-188
-1618
7695
450
1347
4740
13565
5320
4704
4802
12527
8048
2633
3982
10526
2572
-3747
-4354
7003
-1068
-11414
-3674
2344
-7776
-7985
-3192
-2191
-11399
-11624
-4014
37
-6380
-8523
-5879
-4662
-6979
-6666
6240
2507
557
-1489
8170
8239
1237
761
6817
7583
3438
-5665
-4192
-7091
-6351
-10186
3971
-192
-6982
-10216
-509
-4092
-5964
-5326
5023
-4581
-10478
-10144
1599
-4881
-9962
-6421
5413
-1516
-4593
1359
7737
6590
2776
8333
15018
4988
-695
4801
13765
8993
-142
8159
6805
2414
-5703
3109
2835
-4030
-5925
5951
496
-7169
-8384
411
-1796
-7403
-4988
8106
-345
-3842
-4218
2781
908
2856
3557
14947
5804
6493
4715
16396
7927
2713
4262
8384
4014
-4918
605
3288
2021
-7439
-3877
2888
-3049
-13259
-8321
-838
-12442
-11734
-2959
-186
-10099
-11871
-3662
63
-6560
-7874
3442
6684
6179
-3815
9251
4768
5911
-935
11381
9218
6578
4297
10182
5310
734
-2100
11517
6030
3398
-3152
5989
210
-4888
-8358
6533
-3684
-8642
-6573
-1910
-8723
-14853
-4335
-563
-10388
-9099
-2049
-2138
-3835
-6497
-1601
7402
5017
-212
4423
10053
4251
5890
8935
9950
3809
-1712
9809
7066
-1820
-9070
923
2053
-3960
-13846
-3688
-6412
-11233
-13640
-6415
-8381
-15694
-10319
-2339
-7932
-11104
-13197
1724
-1807
-3443
-7059
2649
4275
3331
911
13311
9508
5756
5697
14967
7814
3564
6857
13387
3827
-1886
4954
6184
-352
-7791
-1570
228
-1536
-10081
-9282
-4960
-9571
-13689
-4220
-1498
-9033
-6801
198
1943
-1148
-5251
8985
7829
6387
3044
11664
10642
9200
3666
15122
13704
8299
2660
10261
11631
-1338
1289
11399
5652
-5291
-8011
1687
-14167
-15058
-8791
-1657
-9871
-14512
-6934
-5485
-10430
-11295
3472
7947
2004
-4195
5748
8823
1250
1480
10702
12888
8465
6162
9696
9747
4659
989
10132
1677
1111
-6234
3667
-3936
-10843
-11103
3821
-5102
-8986
-10399
-1774
-11079
-12649
-10183
3222
-3555
-6435
-7934
1349
-2606
-3430
-1373
6218
2431
991
6022
11812
2417
3295
6655
13469
7132
-94
5564
10610
-381
-8043
-2272
-1359
-5402
-11105
-2109
843
-4280
-7706
-1222
1501
-646
-1413
3689
3978
-4065
-1775
5979
3547
729
-4555
12363
5096
1422
-3267
10903
2317
-511
-4499
6056
-1211
-9642
-8526
-2005
-4265
-8615
-7789
416
-8805
-14646
-10206
1669
-9381
-17084
-11699
-1471
-9111
-15375
-5454
-2847
-4593
-8268
256
4329
4999
-2664
6935
7851
534
-636
13753
14071
5682
727
14184
13577
6443
4091
11879
8950
5426
-4541
4666
2186
-3460
-2022
5905
248
-10518
-10490
3168
-4073
-10587
-7356
4836
-2272
-3907
-1945
7971
2887
2978
5132
12209
3239
2378
11266
14549
6333
1577
4789
14680
4328
25
9364
8955
1020
-11966
-2134
-3892
-4603
-15605
-664
-4791
-15325
-11370
-2659
-5802
-13679
-15491
396
-5960
-10001
-7699
5489
875
-942
-2180
9398
4798
3253
3873
11130
3895
-512
3975
13482
7702
2923
6026
11543
1602
-5398
-1913
2515
-3552
-9411
-5810
-820
-12082
-11993
-5961
5141
-4738
-7630
1799
5893
2460
-3480
3209
6665
1737
-4116
7904
2908
-728
-3182
6243
4639
53
-2725
6693
7171
1871
-1431
8122
3482
-6546
-9492
1476
-3948
-8584
-12592
-1299
-10045
-10895
-6492
3742
-6231
-6437
-3404
7927
-6046
-8611
-2844
4223
-3305
-6566
1240
8505
1057
-1970
6299
10424
5562
2720
7506
8806
1475
1944
9744
9328
-1223
-9075
3314
4767
-651
-6108
4310
-3142
-7116
-12059
-1390
-5544
-10947
-10354
1450
-6100
-9145
-9021
1749
1937
-2262
-2035
10497
4269
4437
6360
11865
6756
1173
4477
10840
7276
-3108
4935
11582
4396
-6983
-231
1380
-5919
-7804
-2450
-294
-13495
-17237
-6482
-3807
-4749
-7085
2109
559
-2498
-5869
3511
3890
2174
-891
9147
11316
5143
886
10628
9613
5472
1856
11256
6762
3261
4210
11898
4986
-462
-1029
10242
2092
-5949
-8865
1970
-5848
-9135
-9027
-417
-6782
-8707
-2185
952
-9012
-11462
-2308
-285
-6789
-9390
1203
6977
1729
-9680
4355
10154
7665
4496
16094
11388
4173
877
10726
6227
-1335
-812
11905
4459
-4085
-8775
3487
-2627
-7402
-8553
2825
661
-11285
-6774
2293
-57
-4912
-2297
2464
-6168
-7595
-2505
6884
-2115
-3295
-1286
9253
1419
-1877
-2613
7745
1674
-5762
-1353
3011
-3806
-13417
-6592
-2968
-11354
-16519
-6252
-8417
-12373
-17576
-9136
-3780
-10522
-13624
-1662
1037
-8616
-10931
5233
5739
1622
-3296
13252
11579
6505
5044
17351
11327
9807
8586
16082
8674
-1213
1500
9427
6809
-1202
604
9153
-141
-9218
-1766
5061
-5925
-9770
-4859
6633
-6271
-12213
-5663
-1260
-4825
-3826
4983
2588
-2929
-5477
6864
7898
-1000
944
13075
13799
6275
977
8736
13512
6794
2393
8086
7397
1612
-4668
7406
1941
-5462
-6749
85
-8023
-11233
-12684
-1547
-11978
-12733
-14249
-2949
-6431
-10389
-6081
1684
384
-4904
-1060
6501
2542
-526
10197
12445
2299
4027
11457
14081
7789
3162
12509
10722
3558
-4994
1353
5551
580
-10222
-2269
-4593
-13278
-14809
2246
-3340
-9258
-8353
7957
-3937
-5405
-6966
6020
4013
2579
-1496
6849
-289
-1116
828
12569
6989
199
3356
12268
3839
-3447
2453
10088
4487
-3323
-3291
3016
-6295
-11870
-8696
-640
-11340
-14395
-10528
-3597
-14057
-13451
-4814
-4282
-7452
-8276
-3187
-169
-8232
-7703
-1173
3823
1271
-2285
7870
9557
7819
3217
11413
8327
7284
1715
10094
5513
-2572
-5070
7283
542
-3822
-7867
2291
-7496
-8498
-9406
-2755
-8001
-11336
-7546
1972
-5783
-7255
-3631
8449
3564
-1238
6960
11870
5006
1905
6274
7038
7263
1229
11092
10190
4914
-1532
6652
12160
2447
-2707
6648
5106
-4848
-6702
2608
1247
-4359
-6669
2942
229
-10044
-11792
2561
739
-3471
-4711
5686
-1074
-2323
-2489
7198
265
1077
-227
5967
1266
-3754
-1975
4105
1725
-4327
2420
7312
4795
-2966
-1390
5345
-3888
-13100
-2067
2650
-6172
-13221
-5005
-4012
-10179
-8275
258
673
-1718
-6269
3122
3146
101
-4515
10287
4915
463
-5676
9129
9401
2686
2932
13474
11170
4900
1729
12213
8966
-189
2910
11580
1101
-6656
-7118
7759
-7037
-11708
-5383
-752
-4774
-7889
-172
6900
-6154
-6427
-80
7264
1592
-5948
1461
2619
-2991
-6157
1863
6654
239
-1224
7053
8359
-1032
-2688
8829
5423
-3743
-11057
-2108
-8625
-12506
-18220
-5235
-7102
-12246
-17083
-6056
-11992
-15869
-10067
-4819
-7935
-6918
-9119
-1012
-7056
-2521
3078
11798
5607
4284
10768
16190
9456
5433
8552
11367
11036
4674
10351
8836
2955
-1835
3893
9072
-5157
-9880
-648
1347
-4534
-10296
3670
1562
-3821
-1746
7386
3951
-3936
-4752
8242
2678
-2184
-1042
9797
8836
5185
296
13283
10179
7798
3349
12157
8664
455
2686
6579
-454
-5261
1359
4854
-1700
-12430
-4356
-228
-10752
-19345
-13218
-7387
-13149
-16705
-10061
-4868
-4994
-6267
1196
1456
353
-2416
6826
4077
-1622
-3043
8885
5150
-845
-338
11141
8857
5381
1961
7788
7172
3596
-2219
8343
2135
-2586
-8461
7036
592
-6485
-3134
7929
-2916
-8650
-6804
1755
-1665
-5631
-3490
4032
-608
-438
-1726
5582
164
-1820
5464
9356
3114
-4695
2302
11822
7337
-892
1894
3833
1351
-4178
-158
-1086
-6711
-11170
-4053
-5997
-10502
-13667
-2681
-3328
-11505
-13828
-4600
-894
-7587
-9017
-1853
-1225
-2476
-2854
5284
-284
-881
64
14812
6524
1599
-623
5846
5386
-81
-1351
5878
-1760
-3967
-1076
5498
-4494
-9730
-1981
2391
-6572
-11161
-5567
2632
-6900
-10203
113
-124
-2348
-5449
3725
4378
3399
-1783
8508
6877
4170
16
12628
12052
2305
1565
12652
13428
2190
-955
10340
8917
57
-2809
10053
3698
-3765
-6411
2872
-6496
-13193
-9138
140
-5427
-6324
-2319
7602
-1791
-5257
3325
9347
7281
4297
7243
12387
3239
1446
9937
10152
4627
-657
4757
10374
1701
-5107
3539
490
-3408
-13070
-2498
-4968
-12105
-17377
-18
-6518
-15514
-13599
-1172
-9333
-14896
-10236
3335
-3182
-4602
-4592
8153
-3244
-640
-898
11041
-39
-4102
4102
7888
5244
-1723
5768
10954
8009
467
9135
10710
2053
-1711
5240
8919
-4123
-8940
-4209
2586
-8313
-9943
1830
-542
-6521
-5579
967
-121
-1562
-4558
6893
5491
2623
-4615
8113
4723
3472
-3432
8678
-263
-1442
-1483
8890
2889
-3452
-736
3546
-2523
-9118
-8761
-416
-4924
-11759
-11986
-1921
-7379
-11246
-6536
1141
-6954
-11325
-3456
2162
-8879
-12737
-4905
2799
-2581
-8492
3580
4407
-415
-695
14131
8158
3312
1720
10251
14769
3478
4124
7220
5925
-11
70
10264
1167
-3200
-10129
7863
894
-2859
-6377
-788
-4075
-6906
-6048
2083
-3232
-5607
-1636
4663
1449
-1413
3412
10822
4053
2104
4796
14474
11448
-1411
4104
12403
8900
147
3200
9715
1550
-4410
4390
2737
-7951
-11649
-3686
-4886
-15982
-20407
-6537
-9692
-13485
-16860
-5481
-3947
-9833
-10951
2164
703
-1205
494
16304
9064
2815
3469
16330
8778
7553
8469
17722
11469
4664
11794
12760
3953
-1626
4936
11611
239
-11573
-7446
-694
-8717
-18240
-10632
-1903
-5847
-7232
-2197
-897
-2529
-990
9318
7238
-72
-1839
8360
7415
3278
-2533
8293
9733
4944
-849
2817
721
3480
905
4513
-3347
-7322
-6610
5827
-4249
-8901
-11284
815
-7355
-11109
-10596
-4545
-9808
-13603
-7869
528
-4365
-6376
-5463
-543
81
-1537
3875
4109
957
-1589
4131
6539
-317
-4856
747
7553
607
-2755
2412
6502
4315
209
5546
3370
1518
-6605
3589
-3274
-6745
-11448
-1635
-2396
-8022
-10224
-536
-2755
-7040
-3292
2694
822
-1707
-964
10376
5193
50
2186
9528
9374
4934
6882
11987
5009
68
4741
6655
1238
-1621
279
2415
-4210
-6709
-2822
-1137
-5665
-8482
-4754
-5531
-7947
-8610
1349
1314
-2342
-4936
4027
8525
1614
-803
7062
5693
-817
-1406
13436
9251
3805
-985
9383
8404
3361
-1412
10567
6899
387
-435
8730
5856
-5356
-2566
5392
-5799
-12580
-7082
1665
-9044
-14677
-5453
483
-3799
-11940
-2626
2572
-335
-2011
6774
3278
-1415
-6259
6963
7666
-585
-3522
6943
9418
2184
-965
12496
8756
-17
-7731
4766
4016
-2452
-10500
1920
-4359
-7546
-5618
248
-3200
-9781
-1839
5405
-3146
-7591
-8524
6400
2204
-1852
-4703
5894
-868
-6316
-879
6797
3621
1724
5126
8071
-326
-6918
-1012
7990
-1189
-10863
-6419
-5386
-12709
-14902
-4201
-5618
-11462
-7186
3233
479
-11560
-8592
2153
4895
-2652
-5384
4670
2696
2849
-796
14421
11220
8190
7630
21316
9458
5104
8527
14650
9015
2451
346
10704
5844
-3183
-4861
3549
-2148
-13110
-11841
-1824
-12411
-18475
-9708
-5698
-17356
-21839
-6678
-98
-9391
-13659
-4409
-240
-2256
-5581
7530
9808
3907
-727
14461
10494
6714
918
18131
14298
1998
-1098
12482
9168
-4272
-3404
11031
6259
-5215
-7864
2242
-2541
-8643
-6492
4013
-5322
-13895
-8396
538
-5278
-6904
-1867
11726
3164
-1415
5241
12990
5937
3260
11378
17269
8059
-171
5532
9516
4251
1552
10147
8648
2950
-3097
3029
-764
-8271
-11343
-538
-2777
-11893
-19711
-6129
-10309
-7280
-8638
2931
-4043
-5531
-7946
6152
-159
-1493
-1329
9916
2279
-6081
-3016
3141
1005
-858
2951
8764
2876
-1799
4606
7716
-1798
-4928
-321
5654
-3529
-8683
-6150
-3376
-8676
-12467
-5781
-2948
-8144
-10208
3733
-1625
-6148
-2683
3095
2858
2404
-411
10328
3138
822
292
9885
9348
3033
-1176
7950
6007
4861
826
6871
2498
-3835
-5328
1745
-5471
-10627
-8650
-1190
-9926
-15184
-9735
-3481
-10996
-15894
-4636
314
-3168
-7506
-432
4951
-700
-1502
4640
13860
5062
6336
14453
14405
7423
6152
11623
11450
5321
3623
8755
4202
-3505
-9290
3442
2188
-7374
-11571
-1267
-3625
-11892
-15161
-1531
-2090
-11599
-10479
100
-4748
-9781
844
7608
145
-101
8821
18092
4556
-1414
6160
15254
9244
2910
4494
9417
5892
-847
2695
3416
4664
675
3069
1899
-4100
-11012
-1212
-3593
-9171
-10173
460
-2604
-9099
-11202
-743
794
-69
736
2561
316
-247
-6919
3851
2590
-350
510
8538
3010
-1718
-2980
6214
2030
-5069
-2955
4481
538
-5574
-6849
3488
-1044
-4230
-2922
4422
-5854
-8362
-3188
4455
-4429
-5981
1701
4456
97
987
7057
5803
4718
-1104
7415
6525
164
-811
6442
6894
2096
-2355
6328
7435
3731
-2327
5748
3726
-1483
-6053
1809
-3488
-8772
-11235
744
-5054
-10467
-11525
-3050
-5925
-11187
-7682
9
-6592
-7965
-9204
-372
-4346
-6079
-1132
1523
-2598
-5456
338
7393
3300
-1624
6442
5639
2874
-1549
2634
6007
1061
-3586
769
1284
-167
-7386
2370
1448
-4859
-8044
-1081
-6117
-15182
-10964
2208
-643
-3824
-6191
1219
-269
3570
3007
13818
9695
7989
7890
18548
8262
6622
8570
20192
14345
5156
8882
13923
8927
-16
2441
8969
359
-11155
-7716
-2042
-9470
-17002
-7004
-3272
-11080
-13618
-2549
-3321
-11811
-10035
1827
2075
-3148
-3075
11356
6515
-195
-3159
12279
7414
8132
6546
13801
5800
-2904
-779
8723
1659
-1104
273
6356
-5415
-11401
-11828
-802
-11582
-11458
-10139
-7020
-13907
-17592
-7565
1316
-5783
-9367
2521
8007
1593
1146
6951
11537
5934
4631
12604
13549
9477
4464
11331
8820
1898
-1381
9402
5943
-3520
-11705
-681
288
-5858
-10737
-2248
-5877
-9211
-9559
1096
-4584
-11137
-6177
3107
-4333
-5333
-3084
6972
1297
-1765
-2104
8468
3032
-2986
3900
12709
5700
-3521
-1190
6647
3503
484
1414
6036
-1501
-5178
-692
6812
-6099
-10642
-91
1708
-9274
-12234
-5101
-2513
-10995
-12406
608
-3301
-8086
-9268
2202
-2059
-2827
-4684
7938
2140
-942
-80
9883
772
-1503
1776
10437
8221
2134
2820
9008
3050
-4955
2370
8336
7
-6233
-1902
10811
-78
-7209
195
5562
-1698
-5841
3962
8849
98
-7309
4453
7098
3391
-2963
12417
16094
5655
824
13351
14394
3780
-2959
3809
431
-7755
-10962
-4
-2128
-7771
-11987
602
57
-10716
-14769
1294
-5679
-8090
-5738
2108
-7477
-12985
-2425
6623
841
-5038
627
6169
545
-6972
3347
10885
1031
-4536
3584
12611
1912
403
6906
10058
4237
-2278
5662
7599
1814
-5276
4606
670
-4108
-7808
3771
3792
-5855
-9213
3631
350
-6416
-10759
3476
282
-1462
-2131
4125
1146
-1346
-620
8653
-951
-6860
-2326
8222
2593
-2515
-3516
7734
1408
-2512
-2161
8133
1785
-4520
1023
2983
-5512
-10667
-2514
2919
-6714
-14649
-5238
-1648
-9007
-15108
-4676
-2657
-10682
-8449
-957
-382
-9036
-6931
4048
476
-2671
-764
11903
5555
-559
-1225
12258
8778
564
667
9386
4756
-1925
-2826
7413
-645
-3993
-4377
3333
-7054
-12374
-7156
514
-7770
-14129
-6840
1127
-8783
-9623
118
8657
8542
5181
5568
11830
7466
8880
14885
11291
8939
4099
16115
15566
3361
-1988
10961
12546
3354
-3983
4786
78
-6685
-9079
1268
-2511
-8103
-12984
83
-8749
-12466
-12664
-373
-3610
-5819
-4051
6174
-2837
-4795
3287
10056
5157
-760
2700
9266
5516
-3365
-228
4050
5060
1015
2792
8638
-1995
-6138
1191
1383
-6430
-7496
1790
-2421
-12487
-12740
-1340
-5685
-10908
-10005
-2148
-6319
-7572
-10481
2946
3858
324
-2704
10150
4503
4970
6302
12890
6429
2252
5786
11542
4535
-2053
3226
10556
3287
900
-1070
8809
824
-2729
-1957
3777
-4664
-3405
-481
1573
-7291
-10081
655
405
-5604
-9668
-1117
681
-2260
-7123
-2135
92
-4705
-1474
5805
3567
-259
-176
9119
3739
108
1750
8981
1878
-2800
-7059
1819
-4472
-3735
-6724
-60
-9172
-16185
-13253
-5164
-10156
-12142
-9962
-5471
-8354
-10093
-8957
-3542
-2073
-2016
6110
10672
4327
1940
7669
16840
8784
5901
12306
14162
10669
3063
5847
8115
6701
-1303
3089
1197
-1264
-8400
-60
-4753
-11182
-11014
-865
-2339
-10872
-11241
-2517
-5785
-1511
-336
6385
4648
106
2038
15258
10205
6306
6958
13067
11677
2278
5658
12593
5936
1875
8450
7689
249
-6535
-760
2784
-3063
-10395
-7682
-2279
-9044
-12095
-5612
1050
-7620
-8341
3065
3121
-7938
-4365
6802
7700
-1083
-4322
5260
2637
-2226
-4307
6481
2909
-1091
-3300
6655
2139
-4377
-5388
9640
-14
-4260
-4970
3345
-5902
-8537
-6491
2985
-8295
-12297
-2207
5480
-2734
-6704
748
7981
-937
-2147
1508
6669
1784
82
6156
9057
1951
-867
9792
8668
4032
1389
7027
11504
4024
-1970
7676
7401
415
-5042
1354
-1096
-9046
-13812
-1659
-2049
-10998
-14792
109
-1447
-12339
-15999
-2940
-8220
-9860
-10090
-2387
-8539
-12087
-5991
6317
-2456
-4706
-373
9884
8717
-552
4896
13311
6843
358
3197
11404
6145
2132
5159
7212
-992
-8035
-7286
-3372
-10209
-11929
-1592
-3439
-13858
-20380
-2042
435
-6908
-8500
2941
-1021
142
-8800
6336
7976
5882
6140
19991
10009
3947
5751
19215
13712
1654
4625
11872
3492
-4233
-2828
8811
855
-4882
-2261
8071
-6023
-12030
-6092
600
-6280
-14226
-6752
-4602
-8306
-10249
2151
2990
-1757
-758
11768
12671
268
2963
13939
13426
5735
5658
12062
12963
7877
374
13512
4036
1590
-102
10386
126
-7050
-8410
1117
-6709
-12820
-8245
1808
-6361
-11215
-10658
-2519
-8735
-9378
-3210
13
398
-5424
-3173
2267
-1011
786
6728
10227
2562
444
5567
9432
4394
2128
10291
12619
3896
-5795
2524
-744
-1706
-7414
-795
-2103
-11209
-13756
-766
-3303
-8199
-12008
318
929
-5394
-8310
1414
834
-6538
-4450
11407
3068
-2332
-2058
12250
3890
-2430
-4506
4930
3617
-1568
-2817
5399
-1646
-9441
-5153
2147
-7961
-14177
-7222
-2250
-15656
-17354
-4643
-526
-7939
-13176
-3858
-3390
-7351
-8958
4982
5558
1193
-1476
9729
8629
2578
4700
17658
14602
10419
10962
16827
12579
3333
3500
9063
5916
-1723
-1401
3595
-1586
-8455
-9571
1335
-2953
-6952
-3147
3047
-8281
-12724
-6294
5132
-5443
-10718
-3055
3515
-708
-3879
5679
9710
6286
469
11538
7986
6341
1573
11040
10975
1301
-2576
6593
7999
-1042
-7736
6396
2603
-9176
-13920
-1777
-6076
-12698
-13185
-5122
-12396
-14442
-4913
3345
-5070
-6008
-1115
8057
2623
-428
5338
15720
7964
776
6726
12909
7633
2777
8249
15311
6596
2598
5011
5390
-596
-3623
2790
-1084
-8944
-12739
-3630
-5190
-13906
-13471
-2694
-3470
-10528
-9776
-955
-1342
-7458
-1978
8545
4588
5073
-5245
8236
695
1984
4781
11748
7224
3536
2672
8198
1946
-3739
-84
11633
1068
-6143
-8716
397
-5480
-8287
-10023
-426
-5461
-10206
-5857
-4463
-7774
-10891
1229
3849
-5669
-7684
-1134
1366
-5149
-6922
-1540
1948
-1816
-1934
7273
2566
331
-248
7260
3994
1893
-730
5626
-1192
-6352
-4909
2422
-487
-4706
-6593
5491
-2927
-6165
-6200
2711
-3406
-7930
-3727
2708
-3033
-6753
112
8908
6277
3008
7735
12615
5876
2807
9765
14585
6858
122
3890
8066
3781
-1818
8631
11456
7546
-2214
5044
7635
-5000
-6898
2201
390
-12571
-14855
-4992
-8218
-13998
-12063
-1904
-4516
-9542
-4979
3255
-4723
-2955
202
14062
5635
1977
3814
8837
4264
4442
5735
15938
7859
652
4332
9399
3790
-3103
6302
7932
-1214
-7424
-2574
-1192
-11455
-14553
-1878
828
-7920
-12459
-1114
-649
-8274
-2331
4826
2237
-5013
-3530
8853
3660
-1713
-2118
7969
3407
989
-1709
12547
6681
2610
43
11153
6703
-889
-187
5051
-1663
-5935
-5756
3290
-7222
-10998
-8383
2456
-5274
-7771
-1633
4986
-1568
-8093
-542
4416
-3500
-7513
599
7668
-2284
-5293
2306
7086
2342
-2804
712
1847
-1559
-7910
711
3084
-1647
-7391
2039
1
-10739
-13680
-1173
-715
-8453
-9512
1396
-5946
-7775
-11416
4413
-3356
-5805
-6160
1183
2121
-3979
984
8859
4033
943
6111
12552
7475
3561
5925
9037
6017
2846
4623
8210
4269
-1457
2128
3346
-3028
-7753
-2902
-4312
-11472
-11021
-2411
-4714
-8965
-11409
313
2351
-1696
-4371
5077
6889
2435
391
9188
8511
7224
6643
16154
9852
3431
6559
15535
11741
2069
3631
11829
4986
-1286
-7580
4760
2386
-5846
-6733
-2649
-10277
-16526
-7545
-2791
-8308
-14605
-1989
1805
-3671
-9652
-1253
3790
-1216
-3741
8282
6289
-2377
-4806
10035
11896
4659
-2478
7311
8481
-215
-3227
6147
-696
-3078
-4528
3422
-10142
-11895
-11651
2808
-7638
-12035
-8361
959
-3344
-9617
-1766
10737
5759
744
7269
10571
6310
685
7196
14336
9182
2604
8310
6777
1776
-1788
7251
11411
1591
-5611
3925
7432
680
-4916
2573
3612
-2642
-10448
-3328
-5898
-10222
-12133
-1666
-3496
-13611
-11713
1728
-5763
-11255
-10664
1007
-4127
-8915
-8468
5765
-3800
-2407
-5573
825
794
-7436
-1471
8068
1001
-4102
3151
12277
5129
-5722
3011
10147
1758
-1784
2711
4904
-8351
-14890
-7553
-3497
-8378
-8489
2924
422
-10974
-8663
2885
1687
-3229
-1916
11915
5347
1505
2034
14317
6788
6245
2310
15932
13774
2930
3117
11983
8372
722
4937
9726
-877
-7558
-1094
2925
-6941
-9632
-2956
936
-7745
-11336
-6623
-4085
-7039
-7893
2540
2859
-1015
-3997
1285
3357
5496
5150
10364
6417
1415
1044
8667
10352
5879
146
5212
5824
-1
-3926
5872
4891
-3668
-8058
140
-7390
-17523
-8591
465
-6410
-10336
-13027
-3278
-7994
-7377
-546
6996
-3578
-3168
-225
13026
2061
1358
8189
16326
7590
4959
5428
12785
9612
9566
12666
8661
765
-2955
8344
6526
-1874
-10243
3021
1603
-9144
-14259
-1778
-1768
-9144
-10914
-3229
-4794
-8929
-8209
-667
-3377
-3074
-2269
5780
1616
-5395
-3204
6376
1827
1877
-775
6691
-680
-3825
-3408
6877
-44
-5335
-5845
-114
-8193
-15634
-6943
-1879
-5903
-10902
-10351
-4457
-12768
-12048
-2203
596
-3582
-7714
2196
4302
-4565
-4019
12223
10038
2628
-2573
11580
13252
6648
2683
8960
11014
6997
2643
6823
5734
1740
871
7668
-45
-9740
-7132
1888
-6962
-12021
-7625
4307
48
-10240
-10380
-1070
-6427
-7512
2044
3519
-1897
-5094
996
4862
-1681
1154
9817
11736
5503
2934
5879
7471
2884
3059
10072
12133
2540
-4241
2575
5843
386
-2452
1839
-2938
-11856
-11045
-1810
-6180
-9865
-13637
3530
72
-1993
-2371
5979
5842
5336
6565
8783
1031
774
5528
11218
3511
2474
3112
12165
5398
-110
2044
8893
4012
-2181
-738
4978
-3306
-9142
-2027
803
-11570
-12769
-2436
-6302
-13278
-15166
-439
-965
-3673
-4481
3514
3773
127
-1350
9179
4629
-129
-297
8044
1964
-10
-576
9127
4457
2878
3719
7140
3405
-3461
-2959
4277
-7655
-8975
-6222
2513
-9606
-13965
-3018
-2646
-10592
-12209
-4427
1155
-7574
-7984
-772
3493
-4666
-3346
3091
5846
-1513
-340
7537
4783
3278
3337
8846
5299
1518
-2848
6495
4172
-1565
-7980
-303
657
-4956
-9395
2937
-3359
-13462
-10962
-3016
-9548
-12863
-11104
-857
-5763
-7799
-4868
5450
5993
589
3659
9088
5889
5317
8449
15125
10292
7746
12734
16596
8772
3833
14107
13686
5775
-4752
-306
-456
-1070
-4851
2118
-2319
-10657
-8953
-565
-4309
-14055
-8014
5651
2639
-7522
-10424
2073
4286
1682
-711
9371
4569
3181
1387
8400
3395
-531
2209
12410
2594
-6530
-1715
6065
2699
-10295
-6966
3005
-5846
-12879
-8378
-5897
-7335
-11992
-5796
-5638
-11099
-9144
-2210
-2042
-3773
-5605
6468
7354
60
-1188
9151
12584
8059
6273
16219
13320
9179
7628
12074
10789
5968
6793
9971
2307
-3749
-8126
3882
-5648
-12446
-10722
1852
-9008
-12153
-10883
-593
-8658
-10150
-3187
1905
-5090
-9714
2963
4650
-1557
-3940
6451
9710
804
-1748
7287
9369
6548
2447
7463
9356
-1731
-2584
6560
3287
-4577
-5304
2950
-3190
-11050
-14418
-5761
-9824
-16680
-14666
-6630
-5360
-15988
-11180
-4685
-3401
-8352
-8059
3456
-413
404
1350
13953
5918
4812
6710
18572
10058
6960
11998
15291
9099
2541
6171
8820
2023
-4108
4997
8035
-6246
-14110
-5128
-1365
-8322
-13691
-6208
-5386
-11871
-14603
-2318
-4851
-6327
-4838
6325
7543
-1890
-1709
15119
9174
-733
3622
14062
7681
6792
4548
12462
7529
3550
2542
12536
8976
584
-495
4242
-6284
-15803
-7158
3223
-6248
-11822
-7643
-3546
-8050
-11436
-3301
2190
-3805
-6821
-1123
3715
-4215
-2857
9815
10973
2640
2429
13246
8782
1875
-611
10067
12001
2989
658
6776
2694
-2353
-3137
5003
-2449
-7395
-9091
588
-10653
-15160
-12663
-4527
-10160
-14617
-7121
926
-1717
-6581
-315
9562
5583
3802
4912
11958
4858
3583
11171
12778
6133
1833
9806
13088
7872
-23
6597
5711
3019
-4220
3806
1757
-6816
-13309
-4513
-1503
-10282
-14059
-5606
-4340
-13767
-16596
-4419
-3254
-3853
-7312
-38
-4071
-9480
-6756
7767
2525
-5319
3189
9513
3244
-4226
-4857
8081
8254
-1772
1949
5388
-6123
-10142
-4246
5587
-4503
-7895
-1683
771
-10228
-12779
-3322
5200
-5175
-7060
-1965
-503
-6867
-8343
2471
5553
5579
2489
14131
8919
5383
3497
15431
9279
6298
11419
15104
11689
-1149
249
8960
9365
-1074
-1705
3228
-4578
-8466
-7260
-426
-6720
-9901
-3669
-257
-8960
-14566
-6430
3826
-1476
-8222
-1207
1830
941
-354
10043
9798
3169
4321
11624
10496
2263
-1139
5111
8086
181
-7543
2540
4315
656
-2745
4292
-754
-8681
-8776
323
-1571
-9379
-11504
-3127
-9849
-11061
-9292
-3110
-7271
-9229
-4977
6964
3344
-328
1888
10401
4172
840
7270
10823
5143
7513
10031
12547
2326
-499
7387
10326
6317
956
3883
2852
-5046
-10024
-1825
-5728
-8256
-7822
4702
-1003
-9500
-8652
5495
-4146
-5879
-1968
4788
1452
-5115
-5586
521
-444
-763
4802
5407
933
389
2338
5972
1605
-5006
-658
6178
-763
-7499
-5378
-1340
-3868
-10648
-4262
-2159
-9631
-10477
-4324
-1369
-8678
-11565
-913
988
-3345
-8503
1691
1280
-5315
-4856
4272
5943
-625
644
8056
7905
5647
1335
9031
10027
6065
1714
10179
6885
879
-4174
12747
3721
-7261
-8706
3201
-4867
-9901
-6010
-1123
-8711
-12729
-7617
-2400
-7700
-13252
-6329
-570
726
910
9314
13557
6644
7269
12159
13809
12237
5417
10283
9931
2614
-2130
4198
8439
3004
-6844
3426
4306
-5993
-11396
-2212
-1869
-10046
-13862
-2924
-12843
-11194
-7215
13
-4911
-5090
-2259
4346
2239
-3504
2294
13053
3284
-2510
3531
11527
6784
9413
5983
8546
4115
-2264
5967
10712
4129
-3539
1703
1489
-7832
-12004
-822
2762
-9845
-15507
-7402
-6113
-8751
-13115
-2824
-599
-836
-3716
5587
2265
782
320
11525
9078
4786
2230
8860
7542
4297
4457
9580
4211
-3608
2538
5128
1371
-5901
-4794
6246
2470
-3931
-4332
1517
-6831
-11755
-4878
3927
-5512
-8682
-3509
-1695
-9874
-5924
2610
6438
2508
-3556
2624
4007
-1626
-4673
7963
6945
-80
-4614
6339
4195
-596
-5801
2824
3564
-3762
-2209
2752
-3373
-12912
-10292
649
-5257
-8343
-8674
-1931
-8310
-15035
-7951
954
1318
-644
2759
4027
-2479
-7169
2437
11393
7431
5845
7983
14370
4681
763
7738
14821
9772
890
4467
1439
-3247
-5607
3222
-315
-10643
-11330
1522
-1260
-11675
-11358
-1169
-2956
-9794
-10812
490
-3237
-8872
-5023
3307
-1105
-482
4060
13469
9209
4205
5260
14950
10103
3255
6110
14412
9381
-75
1953
6566
2281
-3797
-677
4971
-1143
-9434
-3271
-443
-5243
-8632
-1187
278
-8741
-11121
485
-3540
-7136
-13431
1509
2287
431
-5578
5801
6302
530
1445
12912
10226
3633
852
12073
6238
1020
781
10369
9594
3414
-699
5844
2366
-2232
1044
1305
-6882
-9654
-4225
-1371
-10036
-13405
-6176
373
-6198
-9485
-4136
-115
-781
-3689
6012
5605
2935
2498
10738
8673
6422
3943
10609
7965
2302
-405
4280
742
-3212
-5048
-406
461
-11508
-12065
-6438
-10259
-18061
-17360
-8615
-13990
-20422
-14100
-8365
-8761
-10551
-3089
1991
-697
-2835
3144
7643
4719
5245
10918
13444
38
3381
9303
13977
9349
571
7673
8704
2391
-5036
750
4514
-2969
-8779
-3391
-3632
-11080
-8892
-2374
-5808
-10422
-9933
2928
-2723
-4720
-3280
6776
4567
1036
5057
10750
10282
7011
13328
15388
8689
7789
7754
11987
6583
187
1663
6422
1604
-3456
859
4061
-6272
-11951
-4690
-239
-6272
-14579
-6952
-2345
-11481
-12810
-1702
112
-9565
-10933
-406
-1863
-1616
-3101
7960
6827
3520
1165
7343
7910
2996
7328
10694
12141
756
2759
10998
9082
4545
1812
6248
2776
-4142
-5881
-1125
-7048
-10013
-6229
-1924
-8416
-11629
-5069
3403
-432
-5141
1090
5267
-885
-915
5752
7237
2744
-2763
7227
10445
6080
2022
4586
7278
1838
-2863
2112
1742
-2476
-3364
-508
-244
-6936
-8311
2473
100
-7350
-8871
-2001
-5281
-8383
-6480
1687
-4876
-7675
-5022
1561
-4687
-6197
-343
6238
1747
-1292
1529
4276
5230
-1122
4829
6889
2046
-1109
4697
6090
-514
-9013
-1771
4845
-5231
-11611
-4768
-1878
-8479
-16103
-9207
-6108
-10999
-6213
-2108
-4497
-11861
-5496
2741
1966
-562
650
10204
7572
-150
867
9415
5717
6371
3879
10340
6433
1226
1889
7436
4090
-73
-225
8018
312
-9153
-1109
4920
-2889
-7880
-3350
801
-3584
-9546
-4174
-2311
-5333
-6458
-493
2541
-2382
-2427
4552
7435
915
1734
11782
14286
4196
-470
11499
12186
4335
3165
10137
5655
3353
-1792
4435
-1885
-7220
-6081
1595
-7432
-15139
-9465
-2836
-7016
-12307
-8136
-1407
-4729
-8400
-2231
3996
1025
2033
4788
8042
6007
4316
9448
9893
5930
4558
9494
11747
3025
2186
9124
6795
271
-3910
854
2957
-4814
-7083
-1262
-3715
-10687
-7508
1325
841
-7559
-9546
-1795
-2794
-5771
-3114
1816
-1621
-6221
-3640
873
-1414
-803
3314
10283
3640
-3738
-1067
7190
3303
2770
3234
3018
-2641
-5927
462
2410
-3863
-7038
-4443
1136
-10424
-10085
-3206
542
-4030
-9079
-1986
-3333
-6615
-7483
-226
-4129
-3745
-5571
4054
-33
-5425
-1685
3961
4681
-129
1590
12766
10361
-942
-2191
7289
4567
-926
-1307
2984
331
-5229
-3297
-1870
-5035
-11181
-2275
249
-5332
-15270
-8131
-1166
-2883
-6968
472
2748
1769
456
7456
10684
7769
3964
10003
14630
7344
3691
9768
11598
8293
3522
12412
14217
10798
455
3465
5075
-4165
-5094
1783
-2872
-14934
-11341
-4330
-5699
-12984
-8117
320
-7525
-9046
-8032
-3189
-4164
-10478
-3750
5085
-1675
-5934
495
6579
1646
4233
11310
14926
1752
-2608
9077
9852
6598
-4540
5571
7738
1933
-5931
2275
-1763
-6168
-7409
63
-4520
-11272
-11529
-455
-2833
-6573
-9269
1762
1815
-4521
-1646
7091
2678
4001
6900
10480
7250
5181
9615
12269
10033
4614
7632
7806
-662
-4615
876
2893
-3797
-10811
-6046
-267
-8897
-7475
-3571
-4437
-8094
-9627
868
-1570
-7092
-6159
-646
1507
1032
-4751
3637
2150
-2558
-136
5318
3947
573
-5
3155
3005
-589
-1401
3942
-181
-2288
-1344
4511
-1285
-8953
-4948
1225
-5869
-12540
-8246
-1752
-10038
-14251
-9818
-2084
-4961
-7881
-2387
4722
-1611
-2518
5842
11103
4343
2796
11161
8176
1766
-1848
6764
6606
4898
-1205
6398
3342
385
-4846
6045
3778
-2149
-7547
-322
-8493
-16427
-8351
-3025
-7106
-12125
-8192
1475
-506
-3858
1986
8417
5109
551
6076
12853
5166
-401
9754
13943
9823
4331
9836
11732
7140
1405
7801
8864
3381
-3804
1460
4634
-5102
-11829
-3340
-3901
-9246
-11351
-4136
-4640
-11558
-8898
-111
-516
-4644
432
8809
3003
523
1937
10026
5505
1484
3271
14875
11416
4535
3159
14011
8997
896
6997
12845
4287
-3399
-804
4217
-6154
-11527
-6785
-2284
-13280
-19317
-7876
-4942
-8945
-10869
-1352
-1463
-3745
-4403
2077
3200
-1034
783
4852
4259
-291
-2253
6912
4392
-1775
1022
8217
8324
384
719
6323
7482
452
-5476
-93
-3683
-10850
-8917
660
-7116
-13304
-8687
1507
-3626
-12641
-4564
1065
-1651
-8303
-1246
-1864
-7084
-4308
2649
3520
1135
-524
6708
7071
4110
378
7953
7141
935
-3954
1363
-586
-4599
-7209
3797
861
-3485
-7575
-216
-1441
-11641
-5419
2147
-5055
-14344
-5681
2478
-121
-9195
-4450
4972
4383
4177
4302
10549
5437
2735
12621
17046
10892
6934
12622
16715
10966
3407
8555
9515
3068
-952
6731
8537
-2753
-6830
3005
-1185
-7309
-14098
-474
-4736
-16766
-16495
-7544
-6363
-11915
-9258
1108
-1775
-6694
-4702
3024
2188
-1787
1889
9851
3454
2707
2700
10386
10444
4650
6581
12087
5618
-3563
-3073
5224
551
-6877
-4289
-1
-11610
-15688
-6850
-2195
-8968
-12492
-437
-1302
-5130
-6133
7463
7107
5694
-1481
10105
12209
5932
5595
10778
7334
5254
6484
13036
14089
4144
2847
11568
6367
772
-4140
885
-2916
-6591
-6389
-5904
-8971
-16651
-10320
-3475
-8239
-14608
-7847
-4371
-1862
-6757
-5134
-1990
-897
-5153
270
5381
1935
-4053
5883
8832
3999
3535
7744
11966
8757
-104
10
1670
-560
-6493
-1863
-2044
-8620
-8738
-3125
-3620
-8591
-11411
-2808
-1995
-7567
-5875
-3378
-4627
-12101
-8590
-1230
-2922
-4714
-4032
4067
4531
-718
298
8063
4940
5631
9827
13933
7778
2879
8190
9921
7927
-3160
5284
7322
-2088
-9486
-3562
-2606
-7687
-9455
-1170
259
-8164
-7804
963
2442
-714
506
7633
3017
-395
-702
12057
6841
8420
9934
16138
16802
11696
13062
16113
9258
2233
6291
8506
2496
-8827
-2201
-344
-5367
-14836
-9300
-2788
-9804
-15739
-9601
-9813
-17109
-15074
-8494
-4936
-10857
-8228
35
3966
-1799
-647
8530
17421
3922
1571
7395
8778
4315
5260
12635
10547
2590
2744
7828
4049
929
-4179
4592
-519
-8994
-12387
-4325
-3633
-8912
-6598
785
-6467
-12719
-2841
4459
-156
-7364
1194
6879
-74
-5189
-1217
4529
1269
-2092
3814
8903
7088
-294
4928
6036
5012
1947
6270
9140
1931
-5905
-321
3186
-7414
-6339
2558
2753
-7722
-12529
-1995
-2860
-4622
-4375
2341
-2450
-11471
-6444
-2456
-1203
-8509
-5228
3280
-2561
-8493
-4303
2354
3496
-1271
990
7065
2270
-171
5613
9300
2893
-6222
-339
4453
-2046
-12189
-4206
-3065
-10228
-13361
-3538
-4243
-5588
-12407
-4920
-4183
-12761
-5587
4125
1699
35
131
12302
7852
3945
4366
15935
14501
7316
5010
10701
12697
3431
6508
9493
10174
-3000
3572
9625
-1470
-11843
-3785
4260
-7236
-15099
-2990
2273
-9747
-14081
-7296
-659
-4267
-2140
1666
2735
-5953
-920
7239
7375
-2234
-1475
13249
6024
3318
992
7169
13825
5823
3454
9348
7541
3628
-475
8580
-734
-9943
-10186
405
-5429
-8767
-2789
2146
-6936
-14331
-5017
5692
-159
-6334
-3327
3167
-3617
-4154
930
10402
2557
-1731
4391
4112
2882
-1620
9595
7919
2611
-244
4387
7778
-1329
-5427
3479
2899
-4229
-8794
-290
-4416
-10234
-10850
44
-5824
-12467
-10929
-411
454
-8001
-8028
355
1973
-4750
-630
1592
2773
-4058
5298
8338
3836
-939
1933
8542
5420
-2600
2636
6462
1603
-4203
-3106
-521
-3303
-7942
-2218
-3534
-8554
-10979
-2062
-1284
-8320
-7941
3019
1762
-4839
-8269
386
652
-1888
-3179
2623
5032
3718
4224
6065
3500
1390
4815
11201
9586
2446
-1785
5115
4509
-3265
-6000
3615
743
-6701
-2400
-2679
-8788
-15077
-4107
-2197
-5382
-11309
-5296
-5517
-6568
-6044
-3664
3226
3582
3790
8914
8545
5898
5950
13469
14211
11179
6611
11615
15286
7800
2196
9996
9260
4125
-3050
3782
3258
-3492
-7690
1948
9
-10164
-9927
-3635
-6758
-14009
-10138
-2449
-9787
-9585
-1465
1493
-1595
-6692
-313
6496
3402
-6382
-587
5462
892
-116
2662
7343
2696
3366
5754
8155
4336
-1730
2465
5853
-4279
-9561
-2659
2587
-7565
-10059
797
-2869
-5118
-4026
6033
3013
-805
-1555
1950
414
-275
1158
5619
2185
-998
-1623
5439
-1398
1095
1146
7686
3594
-5192
-647
5558
3726
-5572
2304
3930
-2941
-13434
-6584
2377
-3977
-9506
-3877
-3966
-8703
-10341
-2317
-2926
-5571
-6598
4027
-1618
-9330
-11062
-1431
2941
-1240
-2497
3900
4416
593
-1057
8526
8752
3468
3263
8465
3818
-2572
-3511
6102
-719
-3934
-3551
-2683
-6060
-14195
-5866
-1392
-5970
-9008
168
212
-3127
-9485
-1917
332
1746
-1135
2567
8186
1166
5659
13687
15368
8135
4267
15610
17622
8737
-2743
1363
4958
-1213
-1368
3770
5
-11979
-12043
-2168
-4202
-8725
-3890
79
-4194
-10458
-6496
-1261
68
-1509
4165
7621
1800
-1189
8390
14448
11417
7336
8967
10413
5510
2450
7198
10869
7070
-2607
-578
3189
-3250
-6159
2888
-648
-11224
-12104
-3407
-1737
-9894
-12675
-2706
-5801
-12845
-10682
-2111
-2495
-9039
-6619
-130
740
-2717
1048
8934
3661
-837
5334
11278
6636
2826
5528
7990
5959
-44
6931
8168
4479
1524
1603
2499
607
-8467
-3232
3509
-4466
-11538
-7525
-3704
-4112
-7796
-2320
-2623
-4603
-7317
-4928
-1686
-1535
-3633
3026
2486
-1584
178
3068
3280
-3692
646
5761
5413
-1937
-2761
3677
2411
-3991
926
2586
231
-8049
-4469
1253
-3292
-10450
-5302
-2625
-7657
-12722
-8066
-11
-4888
-6165
-2795
1226
1458
-7565
3017
4947
3436
-2998
5342
6508
7166
2464
8070
10476
8177
5423
5895
6543
3065
190
5321
3726
-5086
-9818
-5961
-1895
-7392
-6987
-1725
-1515
-10765
-6435
-2389
-289
-5281
-4795
877
-135
-2016
1531
6931
8549
6625
11484
16676
9335
2434
7164
13556
9110
2888
6865
8895
2217
-4392
-2208
1800
-3265
-8576
-3585
-7830
-13983
-17360
-9113
-7961
-14168
-14253
-5227
-3800
-1639
-7127
1610
4752
1840
2441
8899
8892
1522
6908
14024
13422
4355
4735
12456
9321
5224
5667
8590
5306
-3143
-934
4642
-2910
-10645
-5495
-564
-3992
-13235
-3088
-466
-4570
-9428
380
1479
-4520
-5592
2130
3659
1827
-1063
5903
8530
4206
4768
8261
6935
1983
2493
8132
9639
-1160
-1664
2774
5799
-2666
-4822
-1330
595
-5531
-7568
-2192
-6911
-15737
-10811
-3582
-6555
-12753
-8597
-3763
-6933
-11383
-8034
-3802
-5991
-11999
-4222
362
-2728
-6576
-444
5491
338
-2447
2000
5054
-386
-3298
2313
5931
-913
-4825
9561
8173
608
-5297
4309
4923
-4365
-5719
1807
-1326
-3773
-6668
4035
1268
-3834
1999
9141
5973
-640
-683
7818
9206
2954
7589
9783
9915
4843
11881
10764
7863
86
5009
6876
567
-8685
-2154
3154
-5886
-12060
-6074
-4537
-12247
-11993
-1794
-3692
-10104
-10594
-1133
672
-9013
-8007
747
5930
-898
4006
10493
10693
3528
3955
14646
6829
754
2523
8662
4030
-1507
631
8233
4123
-1637
-1051
6744
-202
-8866
173
3898
-7777
-12551
-3990
-1475
-5760
-11254
-801
257
-6546
-3955
-1637
2592
-794
-5879
3042
2505
-2249
-3110
3635
5909
2981
1306
8267
3582
-1974
3066
7811
4311
-1956
-424
5641
385
-7921
-7670
-3075
-2109
-8430
-2565
1090
-4610
-10568
-328
659
-1216
-2747
4418
8762
-416
-1484
1824
6586
5676
1773
10593
12217
8389
6342
9934
11787
5687
1607
7674
5010
-1031
-6406
-4882
955
-8235
-4832
-1407
-5082
-15114
-14816
-6582
-7710
-18186
-20087
-9386
-9165
-17050
-16058
-11451
-6383
-8409
-3112
5578
2707
-1558
2254
13447
7049
-2425
5277
10361
5021
1485
1237
6589
4558
-3869
1738
299
-6064
-9678
682
2454
-7625
-14482
-3796
1269
-692
-5274
942
-146
-3540
29
7649
6633
3808
5644
12167
10176
7003
7670
13988
13684
10492
9193
14320
8110
1575
7821
11416
10057
-645
-387
4029
2517
-4260
-5761
-2842
-8271
-12196
-8585
-7663
-14921
-14253
-8054
-3238
-5799
-7741
1051
837
288
224
6850
8048
5791
4598
8409
8505
1989
-1434
7727
10375
5516
1842
2513
-362
-3588
-4246
-1925
-3972
-12037
-7139
-4821
-9851
-15662
-7803
-900
-2911
-9207
-4777
-3042
-1932
-1102
2653
5584
7032
-203
7914
8716
10854
1045
8452
9172
6320
328
9077
7523
3913
-316
2638
7297
513
-5327
-5834
2998
-1569
-7646
-6148
-2914
-11865
-3805
2034
-2150
-10541
-9173
2549
3582
-2116
-3862
2583
4773
-2469
-1208
151
868
-4016
2460
1235
1121
-6528
-3754
2155
1603
-5440
-2533
0
-1258
-9629
-5821
-2753
-4813
-9019
-2432
207
-9324
-13903
-6356
-6095
-4052
-7554
2011
1477
-5675
-8184
2586
7323
2870
-980
5012
9178
1560
3709
9070
11130
9325
4605
10080
11145
4220
2532
9345
5695
-3704
-1643
1718
4525
-6855
-5494
-2705
-4784
-12837
-4716
-6052
-5820
-8040
-1747
-3275
-4139
-6612
-1396
4805
3462
2021
1333
5051
4631
4717
15374
15446
9814
7091
11224
11888
5504
2838
8820
5848
873
-775
85
860
-4438
-5040
-1565
-5690
-11883
-9513
-6656
-8886
-13110
-7965
-3458
-1730
-6004
-2237
-76
2189
-4324
-765
4986
2897
-611
1925
4565
4038
2230
11687
11687
8607
3894
7779
10466
4905
-6166
3360
4264
-3986
-10995
-7900
-5767
-11500
-11296
-5316
-7011
-14576
-9134
-2984
-2458
-10360
-6869
-1096
188
-5857
2556
5895
4731
1844
6016
10765
10884
4507
10988
12637
8590
2329
8001
6598
5548
-202
-1257
-242
-4979
-11809
-5123
-5692
-7027
-11410
-7579
-9473
-10603
-10228
-2811
-2311
-6236
-5839
-3961
949
-4197
-1494
4813
7768
1186
-23
5589
9354
5920
6203
4531
8734
3632
-411
1104
-1136
-6909
-5443
-616
-5209
-15756
-9619
-1439
-2734
-12294
-7290
-582
-2413
-12210
-6886
-2703
-4596
-7358
736
752
1656
-3748
6205
10514
6275
6115
15736
15363
7053
3352
8781
11934
6755
5266
10452
7914
3208
1955
5859
7411
-4712
-3399
-606
-678
-9613
-11623
-6590
-7873
-10189
-2346
552
-4491
-5186
-1367
1322
-1003
-5388
2371
3557
3484
-2164
4187
6796
6539
5449
12152
11252
8891
-1530
8192
7417
6307
1813
4252
1279
-4279
-2291
2093
-246
-11502
-10380
-6722
-8509
-15528
-13068
-6779
-6252
-11128
-4977
-1791
2929
-7845
-390
2517
3129
-1959
2497
5661
5744
-1571
3039
7068
6645
1090
4936
8816
4118
-3807
2974
5007
-926
-7642
-2576
2984
-2790
-8039
-3164
-664
-8850
-7650
-3694
-1379
-7879
-7487
-179
-177
-4500
-538
4785
3918
-2393
192
6328
7358
1767
5440
9471
10649
4162
5773
7564
8871
-1374
5321
3525
-1776
-10240
-3942
-1704
-4732
-15415
-4943
-7767
-11196
-18332
-11252
-7906
-7337
-14211
-4601
-3551
-4223
-6932
999
4895
-250
310
6088
9537
3699
1149
5312
10219
1176
3774
7779
9128
-420
-6922
2073
2578
-4808
-6055
-1854
-2579
-10950
-10504
-2648
-2927
-9004
-4970
-513
-1697
-9552
313
5304
7932
1364
8701
12336
9272
5659
13526
15997
7677
3793
9756
12958
6160
2717
7869
8124
2466
-2576
3250
1596
-6102
-9679
-931
-728
-8850
-9490
-3919
-2002
-10004
-7337
-840
-4716
-6759
-5565
1099
-183
-5241
-1789
3901
6655
253
4272
5368
8230
1225
6794
6506
3174
-1716
2360
4464
2210
-5925
-1605
2374
1380
-8503
-4064
2710
-6141
-8256
-1353
-2679
-7676
-7912
-379
3076
-4591
-3126
-1092
5844
-474
-5341
3247
4458
-3102
613
4281
2264
-5403
1504
8891
4640
-1953
2377
4968
8244
530
-44
2548
2158
-4994
-1199
-106
-4334
-11025
-3079
-1692
-4540
-5063
-2539
-1561
-10869
-10691
-4955
-2193
-6514
-9587
-2552
-1919
-2135
-4648
3290
5568
2475
48
5317
3376
-2408
766
6333
7076
2798
2470
5239
5895
-1280
211
2591
2306
-10629
-5674
-3088
-2432
-8786
-4963
-3485
-2925
-7276
-4106
1002
2059
-2802
1079
2997
1713
4271
10623
10039
8494
4379
5615
10785
8488
3741
4650
9168
1953
-5580
-768
4920
502
-4743
-133
-3361
-8652
-10953
-7188
-3483
-8952
-6968
-687
-3369
-10687
-4045
4243
5661
-2084
-1914
1029
5994
-1606
2185
3499
3103
373
2096
6955
7571
6016
4750
8824
1664
-3503
1643
6409
2047
-2547
1194
-1790
-4972
-4839
1108
-283
-5320
-5777
-5885
-2064
-3841
-5352
1640
1208
1464
3303
6763
5172
-847
5644
3821
9226
1631
6128
9293
11143
5439
5583
7179
8859
-2061
252
1066
-1866
-8619
-7427
-3936
-5219
-11914
-3726
-3644
-4989
-7717
-1223
-2223
-2260
-9048
-2953
-3002
-4694
-9003
-4726
1811
-4043
-4658
-3117
332
-3105
-4278
-372
2316
-851
-3157
670
2822
-6235
-10327
534
1612
-7323
-7103
-2282
-3591
-9356
-3972
-117
-694
-4504
-388
-1893
-1517
-5015
-1687
1579
2728
-2449
3819
6331
3435
2002
8466
9988
6973
1567
6503
9200
5734
1199
3918
5216
1377
696
4112
5420
-2414
-4522
4310
2741
-6668
-7318
-894
-396
-8442
-9644
-1431
-1822
-4512
510
3558
1445
1072
5914
10567
10838
2616
6197
11564
12138
4883
9166
13027
13217
5500
6446
6601
1526
-5576
521
-2411
-11105
-15153
-5601
-7447
-12467
-15704
-7023
-5698
-12032
-9649
-6295
-1878
-4415
-4646
-4523
-3502
-619
1577
5325
-1253
-509
2353
2434
4904
1660
7174
8701
8429
1544
8960
7164
9121
1317
4107
1621
1695
-5710
-3015
-2304
-3752
-9835
-1952
1222
-5805
-9229
-3337
2141
-442
-1961
3982
6451
4455
2017
1579
2065
-894
99
2483
4413
471
-1826
1807
5651
885
-687
1023
5440
-3936
-1197
-513
1324
-5741
-6502
-5116
-4446
-8764
-6725
-2622
-1371
-6632
-5518
-3180
-6166
-9678
-3552
-1123
-3862
-9967
-5205
-1635
-2759
-4127
516
4926
3981
1150
6501
8101
7411
2618
9123
8281
4604
1650
4692
4748
-1180
-7788
751
-3046
-6429
-7122
-407
-1032
-9205
-8837
-5749
-3425
-6811
-6935
-1814
-2119
-7303
-796
5765
6662
-721
4928
9355
12478
6600
7622
9054
7657
1328
403
7829
5302
1057
4172
5190
-1719
-9594
-2365
-1637
-3134
-11833
-6975
-4709
-10326
-13173
-5280
-3686
-5042
-1560
1264
3931
-3228
1598
4481
8041
1773
4856
5249
10996
2206
3196
8832
7505
2012
3265
9286
9344
3156
2294
4491
4561
-4104
949
3589
-2741
-11582
-7208
-7050
-10483
-11200
-2907
666
-6163
-6189
-488
5489
2037
-109
5280
9846
-1757
-2
2268
5157
4349
3340
4954
4257
1230
5140
3410
6221
-3826
2950
2263
1030
-8487
-5301
-2068
-5587
-7787
-4133
-1088
-4753
-5752
-1270
-2414
-2573
-4081
488
-306
-5407
-4180
-3351
-485
-1280
-2616
3122
569
-761
-104
5755
4276
3928
1408
7212
3624
-1898
-339
3752
5548
-2909
-6839
-7692
-7482
-12942
-7559
-5579
-5440
-11914
-5418
-4340
-4159
-2210
-1797
2803
164
-3718
3812
63
3583
-239
7505
6418
8611
1314
4032
6204
9998
5024
3893
4458
2709
-805
1009
-1294
-5794
-11165
-3087
-1979
-8853
-10898
-5718
-5189
-5428
-7178
-4542
-4262
-6581
-3215
-3528
-1741
-3043
509
3879
6850
5892
9176
11465
13304
9951
10307
11588
11218
8602
10020
10600
8808
714
6046
2598
2107
-1410
-1785
-699
-6357
-8261
-7407
-7191
-7709
-9681
-3680
-7797
-6205
-7474
-1044
-301
-2499
361
1072
6065
2063
3819
7155
8022
5869
2168
1901
5708
4063
2611
5098
2523
-3292
-5627
-3526
-2056
-7573
-2587
-3929
-4503
-14879
-6840
-2781
-2109
-8528
-4193
-5195
-2942
-4141
-379
2057
3504
621
2808
4313
4957
753
5361
6705
6165
-94
1727
4640
4475
3093
4775
10810
7181
692
2291
7304
-270
-4987
-5667
106
-6298
-6235
-4774
-5105
-11160
-5210
-2603
1140
-3071
-2761
3
-3322
-5461
-4360
-4931
2831
-2871
-1400
-1805
-1028
-3623
-264
5198
5188
-3413
2138
3200
2333
-5077
-2240
-147
-4236
-7059
-5060
-4363
-13016
-12037
-7509
-5123
-12095
-12909
-4614
-412
-4002
-6622
-1966
1319
1259
914
6839
6159
4310
5826
11721
10942
5642
10385
12815
14464
7302
7714
10884
9901
1605
3723
5974
-536
-5309
-2125
2452
-4739
-6917
-1188
-640
-2021
-7020
-2819
-2622
-2784
-4039
1898
467
-1823
186
5841
8590
-2043
1412
5236
8604
6135
3393
7151
8119
903
-75
3490
2975
-523
-1395
3083
243
-8299
-3316
-1366
-2543
-8480
-4781
128
-3894
-12160
-6437
-3306
-6016
-10106
-4203
547
-1745
-4511
-1320
3546
3247
4519
8501
10699
6585
2254
1892
8958
682
4954
6179
12540
5334
-184
1073
3137
-78
2858
737
-617
-9307
-7073
-6167
-4821
-9855
-6382
-5883
-2375
-7461
-5705
-5320
369
-99
-1475
4382
2065
971
3930
404
463
-617
5080
5846
3927
2796
25
160
-2015
-2413
-1019
-463
-7120
-7718
-9706
-11875
-13650
-8660
-6267
-7430
-6592
-7683
-2279
-1930
-3922
-2454
560
1719
-443
-10
1474
1567
2169
7587
9797
7356
6165
6330
9071
11043
2193
4014
2702
2433
-1870
2077
2138
655
-7810
-5892
-2959
-4349
-8484
-5266
-4422
-7633
-8098
-5434
-1946
-2699
-1576
395
1185
-3808
-3859
3642
9802
1810
3790
10802
13635
8858
10515
12088
11086
10573
10918
5722
3797
-3042
-3565
133
788
-7293
-6202
-3266
-4180
-11022
-7528
-4276
-5822
-8640
-7788
-5007
-7073
-5562
-3637
-876
2035
1117
7529
11397
8559
8965
11633
12917
8825
7481
7794
10415
4527
1566
4230
5365
1961
-48
-1263
-773
-9531
-6574
-6197
-7093
-12913
-12536
-8780
-5628
-8042
-4673
-4082
384
-3954
1755
2294
2895
-3070
1422
5601
5769
-233
6366
9967
4662
-666
4658
4703
1674
-4192
1107
3693
-125
-3747
-1505
220
-3934
-5870
-4067
-4175
-11567
-12246
-4559
-9059
-14915
-7265
-945
1559
-7437
-5150
-3832
2403
-4408
1805
4330
3413
-3112
5424
6795
2262
768
5616
7308
4610
3665
2916
3324
3033
-434
163
4934
2231
-2111
1124
131
-3552
-6652
501
1978
-2015
-7103
-4403
-3833
-3681
-5606
572
303
-2155
629
5009
1714
-1776
1028
6721
10610
7857
4427
6637
6487
3169
1654
7324
4305
-1385
1781
4685
334
-8208
-5943
-3259
-3821
-12242
-8130
-7529
-10126
-11322
-8707
-4491
-6857
-6083
-770
1081
-1200
-7304
2989
7358
2444
-173
7429
9104
5876
4851
10495
10681
6891
6238
7250
8010
3153
1614
4707
2629
-4468
-3746
-2397
-1840
-8977
-6304
-4663
-3358
-6884
-5978
-800
-1770
-5440
790
6220
1835
-143
4161
6137
4757
5577
6087
6882
8077
4471
7988
7183
7229
-235
1765
6203
119
-2457
-1118
340
-3220
-10066
-7240
-3688
-8106
-8927
-5139
-3339
-10674
-8962
-6036
-3925
-6740
-5959
-2864
2937
-1777
-814
753
5104
1157
1500
5255
6768
957
4740
6199
3966
-1103
21
1937
4190
-1786
-2583
-1025
-2803
-11093
-7468
-1963
-3095
-4438
-2983
-3669
-5142
-6763
-3630
-671
-5134
-4156
-4772
-1920
-3815
-2776
2408
3475
2498
7828
9684
9594
4007
5783
5801
10231
6844
5804
4019
2744
-674
-578
3569
1224
-6290
-4278
-1095
-3653
-10076
-4820
-3015
-4292
-10316
-6305
-3575
-4745
-5549
-1232
1437
572
1947
4982
5041
3572
2044
7487
8052
5929
2908
2253
6213
3862
2730
4244
4688
1149
-695
1160
366
-5140
-5222
-2577
-4457
-9559
-10391
-6420
-5527
-8902
-5588
-2461
-304
-3842
589
1026
1587
93
4563
7633
6121
2437
6500
9020
6532
4554
7396
7768
7579
5877
5720
5760
2268
-584
41
3561
-2570
-2917
-4059
-1071
-7679
-10470
-5908
-3712
-9218
-8875
-5921
-3857
-7205
-4897
-1535
-262
-4699
-909
2561
2681
227
150
3142
5364
2510
3221
5061
5906
32
1567
5667
4868
-1769
1766
4029
326
-4625
-2287
80
