-1180
-1182
-1177
-1178
-1180
-1152
-1136
-1119
-1113
-1077
-1073
-1189
-1122
-1040
-1114
-1209
-934
-542
-593
-1024
-1209
-873
-544
-642
-974
-1030
-916
-891
-998
-1091
-1079
-1031
-1057
-1241
-1418
-1488
-1424
-1424
-1516
-1662
-1779
-1762
-1707
-1669
-1652
-1591
-1476
-1583
-1665
-1179
-1030
-1590
-1801
-1059
-518
-1001
-1463
-1075
-473
-574
-959
-867
-575
-615
-834
-874
-729
-664
-717
-836
-839
-808
-817
-822
-842
-858
-895
-939
-997
-983
-933
-917
-918
-955
-972
-961
-938
-964
-955
-888
-872
-932
-922
-863
-818
-837
-867
-800
-720
-699
-644
-609
-572
-539
-543
-531
-430
-373
-329
-218
-171
-188
-141
-60
-8
30
34
50
35
84
131
160
153
143
148
139
138
136
160
171
155
129
104
96
119
122
110
116
138
171
172
151
167
166
160
154
170
190
173
185
186
200
226
215
181
166
157
124
91
120
179
185
142
145
189
233
166
134
213
222
180
157
190
203
239
236
244
264
311
269
260
256
249
222
162
137
160
203
185
176
206
229
228
224
257
284
282
282
292
325
366
395
442
450
478
523
541
559
561
574
576
557
552
579
579
615
585
629
648
641
614
615
592
563
564
527
530
514
510
502
512
537
523
534
528
508
509
499
487
465
448
445
432
440
453
465
472
493
506
541
553
570
578
595
590
601
610
607
649
646
668
674
692
699
720
729
725
739
724
740
743
739
742
752
781
783
773
755
752
735
736
714
709
745
753
755
767
775
790
784
802
802
808
821
826
828
850
892
912
933
956
991
995
1005
994
1007
1020
1036
1036
1064
1095
1095
1125
1115
1106
1113
1122
1116
1107
1111
1107
1090
1096
1095
1044
1010
950
882
811
729
675
671
624
582
553
514
474
468
464
445
448
425
417
380
346
330
310
322
299
302
292
249
224
194
168
169
174
169
174
179
210
216
212
209
206
203
193
180
154
136
101
91
105
106
93
92
91
100
97
89
100
89
94
107
131
182
238
266
299
320
320
307
306
290
276
281
309
323
366
405
436
455
472
464
464
485
486
475
511
507
508
521
528
550
526
500
543
517
518
519
530
525
501
520
538
535
527
505
506
482
467
440
436
418
409
405
406
402
377
374
370
371
380
365
386
375
335
339
334
331
342
347
328
324
324
317
332
347
317
315
299
295
270
252
236
219
189
180
154
115
84
45
54
53
13
14
0
12
-2
2
11
22
16
-4
-5
-13
-19
-44
-30
-42
-51
-40
-18
8
0
-16
-19
-1
7
-15
-31
-23
-28
-106
-132
-144
-184
-190
-199
-192
-185
-167
-167
-195
-192
-198
-212
-235
-245
-270
-307
-322
-377
-410
-451
-474
-511
-566
-622
-687
-742
-824
-908
-912
-955
-985
-1009
-1037
-1044
-1046
-1046
-1050
-1032
-1032
-1056
-1041
-1017
-992
-997
-1013
-1007
-1051
-1099
-1119
-1134
-1156
-1192
-1228
-1236
-1255
-1245
-1270
-1306
-1330
-1355
-1362
-1389
-1425
-1426
-1394
-1384
-1437
-1452
-1435
-1470
-1581
-1580
-1458
-1392
-1407
-1241
-1052
-1078
-989
-817
-857
-1027
-1061
-1045
-1072
-1113
-1169
-1213
-1251
-1308
-1422
-1538
-1600
-1699
-1848
-1975
-2015
-1905
-1735
-1560
-1330
-1221
-1054
-856
-831
-964
-1031
-836
-611
-327
-121
-31
85
285
602
907
1197
1331
1357
1276
1110
943
786
513
142
-309
-677
-896
-1142
-1396
-1661
-1828
-1822
-1761
-1605
-1626
-1427
-1345
-1356
-1188
-1085
-921
-901
-1093
-1150
-856
-813
-929
-819
-578
-435
-303
-80
197
419
465
550
677
709
693
683
674
597
548
567
580
552
554
567
586
612
675
800
829
857
899
907
959
980
951
946
930
885
831
777
768
731
707
691
661
628
629
623
643
655
646
627
615
634
658
683
746
790
843
913
960
1025
1101
1124
1146
1217
1262
1321
1376
1395
1409
1441
1478
1421
1388
1361
1336
1288
1194
1114
1017
921
824
773
712
658
596
537
488
441
376
319
268
194
130
69
45
23
19
24
27
7
15
37
86
151
197
246
232
220
258
319
391
402
419
487
571
691
758
734
647
545
451
342
213
113
-20
-167
-325
-514
-773
-1090
-1309
-1584
-1832
-1903
-1846
-1620
-1119
-505
-300
173
656
1133
1587
1801
2061
2022
2014
1856
1546
1184
699
199
-405
-983
-1533
-2058
-2449
-2716
-2769
-2742
-2688
-2548
-2344
-2178
-2121
-2147
-2246
-2382
-2537
-2626
-2686
-2696
-2625
-2455
-2231
-1923
-1506
-1028
-527
44
680
1405
2239
2902
3315
3392
3147
2685
2053
1254
371
-422
-1009
-1488
-1901
-2269
-2556
-2624
-2549
-2518
-2662
-2844
-2971
-2950
-2783
-2647
-2593
-2573
-2513
-2384
-2091
-1704
-1343
-1046
-760
-524
-392
-312
-199
-60
-45
-57
-64
-94
-149
-179
-182
-208
-314
-443
-658
-920
-1105
-1191
-1261
-1353
-1417
-1413
-1349
-1219
-1118
-1047
-1030
-1075
-1151
-1212
-1256
-1262
-1253
-1238
-1208
-1185
-1145
-1133
-1131
-1130
-1106
-1109
-1108
-1087
-1065
-1032
-1016
-979
-923
-842
-768
-677
-589
-495
-370
-226
-127
0
1
-35
33
69
68
43
52
41
34
39
12
28
9
-18
-87
-178
-275
-373
-388
-387
-417
-425
-427
-420
-438
-481
-427
-409
-407
-520
-558
-589
-557
-529
-505
-418
-366
-367
-346
-316
-278
-265
-163
-105
-51
-41
-27
59
142
182
232
269
289
240
200
194
172
189
223
206
208
216
208
169
103
73
17
-32
-74
-88
-83
-71
-82
-66
-50
-63
-112
-163
-183
-201
-248
-278
-291
-313
-327
-337
-272
-154
-34
103
230
330
421
501
589
654
718
765
815
817
798
738
680
671
675
712
864
925
907
947
1024
1014
1003
1022
1077
1116
1083
979
902
988
1006
999
957
974
941
827
744
694
692
665
605
566
547
554
549
497
467
470
494
530
510
533
534
511
492
489
542
550
557
562
593
637
696
811
907
1028
1166
1302
1435
1571
1687
1802
1898
1980
2078
2096
2106
2096
2076
1992
1852
1644
1455
1268
1147
1003
836
693
594
522
470
385
331
311
334
356
364
399
453
521
579
633
700
759
833
922
991
1083
1194
1280
1337
1333
1335
1320
1299
1250
1208
1171
1164
1102
1018
919
800
654
516
375
254
230
168
93
-44
-154
-234
-255
-166
-160
-125
75
315
516
619
813
1084
1257
1309
1367
1437
1462
1484
1589
1758
1829
1755
1574
1381
1174
928
648
383
80
-211
-415
-556
-603
-597
-610
-651
-684
-603
-492
-339
-158
-21
125
252
364
469
582
619
682
706
712
719
664
637
495
359
180
-21
-157
-210
-250
-295
-359
-273
-262
-171
-143
-163
-39
-10
41
69
46
20
17
-7
-96
-138
-146
-120
-107
-137
-163
-173
-158
-111
-94
-123
-99
-68
5
75
116
119
98
70
35
43
65
12
-28
-74
-105
-119
-115
-124
-105
-83
-104
-94
-78
-73
-77
-106
-144
-168
-194
-199
-225
-276
-327
-348
-328
-326
-303
-308
-300
-291
-285
-273
-261
-271
-263
-268
-294
-305
-302
-275
-269
-274
-290
-300
-314
-340
-348
-355
-376
-420
-474
-440
-431
-433
-428
-405
-398
-443
-495
-546
-564
-612
-674
-725
-763
-778
-817
-790
-746
-743
-732
-727
-696
-661
-631
-605
-624
-643
-626
-549
-458
-395
-375
-364
-369
-372
-355
-349
-306
-336
-442
-563
-619
-650
-708
-747
-748
-746
-764
-788
-777
-728
-662
-584
-534
-504
-485
-533
-558
-560
-567
-576
-569
-617
-614
-628
-677
-716
-727
-724
-754
-760
-768
-813
-839
-834
-847
-858
-897
-892
-885
-869
-870
-892
-907
-931
-941
-990
-981
-987
-1009
-944
-956
-950
-947
-905
-837
-794
-768
-771
-742
-719
-687
-695
-691
-668
-671
-657
-657
-701
-699
-700
-695
-699
-773
-702
-677
-671
-699
-806
-944
-966
-970
-983
-978
-969
-919
-869
-772
-583
-483
-453
-423
-531
-734
-782
-805
-827
-778
-672
-509
-382
-250
-83
-80
-140
-172
-167
-197
-335
-527
-730
-810
-836
-650
-475
-374
-252
-339
-484
-608
-587
-611
-758
-876
-625
-176
565
896
498
-246
-605
-436
-15
111
-87
-373
-570
-396
-15
331
459
325
3
-151
-86
-41
-22
-26
-34
-38
9
165
235
197
121
63
66
157
250
230
133
58
23
13
21
-62
-168
-283
-389
-313
-35
317
558
576
491
413
472
572
715
783
734
648
497
398
337
240
148
52
9
-40
-175
-351
-518
-642
-708
-814
-868
-918
-1015
-1085
-1155
-1122
-1012
-964
-905
-804
-742
-663
-600
-485
-389
-322
-192
-36
130
331
530
637
752
885
969
1082
1221
1342
1440
1452
1532
1622
1721
1813
1847
1869
1860
1905
1878
1829
1844
1844
1829
1769
1741
1735
1688
1636
1573
1533
1479
1401
1325
1281
1241
1167
1109
1032
955
869
772
702
636
616
507
446
452
473
485
461
469
537
552
511
448
405
371
379
376
327
284
304
374
366
292
-110
-739
-1568
-2377
-3080
-3942
-4724
-5257
-5687
-6191
-6458
-6436
-6302
-6131
-6105
-6003
-5755
-5592
-5538
-5451
-5244
-5069
-4844
-4486
-3983
-3395
-2712
-2016
-1843
-1670
-728
253
282
518
1806
3188
3914
4510
5531
6559
7130
7133
7442
7910
8039
7859
7651
7406
6918
6412
6099
5988
5868
5526
5112
4850
4659
4498
4584
4853
5245
5632
5835
5951
6174
6434
6586
6578
6346
6085
5812
5591
5470
5396
5326
5276
5213
5164
5172
5175
5121
4944
4630
4224
3773
3248
2667
2182
1911
1747
1625
1532
1434
1667
2140
2728
3493
4219
5070
5925
6624
7111
7257
6989
6335
5577
4958
4508
3986
3373
2744
2116
1455
697
-206
-1062
-1892
-2621
-3123
-3523
-3750
-3768
-3695
-3568
-3195
-2516
-2075
-1686
-987
-167
629
1501
2758
4025
5035
5846
6656
7442
7788
7674
7414
7022
6251
5108
3917
2870
1724
412
-803
-1832
-3001
-4062
-4686
-5164
-5803
-6612
-7293
-7830
-8249
-8494
-8427
-8340
-8248
-7976
-7589
-7133
-6597
-6088
-5514
-4873
-4249
-3620
-2901
-2111
-1458
-880
-385
-178
-182
-373
-691
-992
-1352
-1684
-1920
-2095
-2177
-2225
-2241
-2320
-2519
-2849
-3205
-3366
-3337
-3570
-3927
-4204
-4409
-4697
-4883
-5056
-5417
-5790
-6028
-6006
-5713
-5143
-4470
-3824
-3193
-2583
-2068
-1746
-1441
-1193
-1149
-1476
-2192
-2887
-3404
-3841
-3993
-3867
-3745
-3481
-2972
-2426
-1847
-1264
-1002
-503
332
519
113
125
480
766
1222
1916
2400
2511
2407
2475
2867
3160
3193
3241
3385
3144
2676
2305
1786
1318
1119
1204
1156
1032
973
796
469
-12
100
660
682
376
509
1051
1550
1189
265
175
822
1098
523
-276
-360
252
596
304
178
729
1516
2452
3100
2989
2729
2981
3431
3896
4212
4429
4757
5121
5235
4616
3678
3307
3485
3557
3101
2467
1879
1332
827
306
-172
-668
-856
-676
-640
-789
-938
-1129
-1249
-1113
-845
-903
-1186
-1524
-1905
-2021
-2026
-1964
-2037
-2055
-1764
-1467
-1285
-1328
-1259
-658
-310
-678
-1100
-1203
-1215
-1132
-1054
-1177
-1368
-1344
-1151
-958
-968
-1127
-1189
-1192
-1194
-1112
-846
-535
-412
-524
-713
-705
-626
-698
-941
-1225
-1523
-1912
-2215
-2218
-1977
-1862
-1934
-1923
-1690
-1576
-1538
-1443
-1260
-1156
-1292
-1365
-1374
-1557
-1774
-1737
-1368
-1439
-2341
-3005
-2855
-2070
-1426
-1760
-2073
-1271
-343
-351
-656
-296
428
586
207
-163
-152
-248
-910
-1650
-2089
-2240
-2454
-2953
-3363
-3611
-3844
-4032
-4224
-4397
-4593
-4786
-4896
-4833
-4583
-4278
-3970
-3665
-3356
-2969
-2549
-2142
-1874
-1574
-1124
-768
-532
-439
-196
39
185
343
672
1125
1507
1623
1500
1391
1235
988
621
62
-728
-1487
-2026
-2372
-2651
-2850
-3010
-3057
-3040
-2960
-2634
-2159
-1632
-1129
-717
-502
-330
-51
350
747
989
1151
1309
1404
1433
1381
1207
1019
882
665
351
4
-368
-668
-888
-1122
-1417
-1679
-1868
-1943
-1950
-1928
-1940
-1986
-2011
-1845
-1523
-1245
-1003
-759
-553
-336
-7
443
928
1298
1568
1757
1990
2414
2921
3240
3185
2898
2598
2281
1881
1470
1096
673
236
-263
-801
-1288
-1594
-1791
-1996
-2084
-2282
-2425
-2434
-2287
-1938
-1460
-997
-680
-332
119
608
1055
1409
2019
2131
1833
1609
2002
2144
1846
1795
1541
1595
1600
1639
1631
1233
670
227
80
194
190
110
18
31
304
716
828
822
869
903
880
756
588
390
417
581
754
937
1077
1130
1063
975
968
1084
1263
1347
1400
1353
1264
1305
1279
1282
1262
1183
966
637
390
197
137
52
-89
-243
-291
-312
-335
-202
-118
37
23
120
340
485
554
717
878
1022
1121
1121
1033
894
786
719
721
661
564
444
306
212
167
82
52
-49
-66
-96
-122
-82
18
-98
-38
146
142
396
383
420
470
443
375
435
528
552
514
461
481
477
403
374
365
371
283
234
173
137
124
124
113
119
163
212
246
235
194
226
238
184
153
118
111
9
-106
-170
-176
-148
-114
-37
-15
-32
43
127
190
241
247
285
323
296
363
452
578
698
796
846
871
773
626
602
629
770
781
628
568
436
175
-107
-397
-599
-766
-941
-1139
-1359
-1544
-1623
-1629
-1558
-1558
-1454
-1309
-1165
-983
-726
-473
-258
85
312
287
193
256
392
504
658
760
764
758
654
471
263
124
24
-114
-256
-403
-396
-317
-282
-269
-177
-11
173
326
492
634
772
948
1076
1206
1344
1425
1466
1507
1514
1584
1642
1633
1608
1603
1588
1333
1116
1192
1332
1350
1243
1092
1037
1081
1010
892
756
693
675
605
512
513
649
893
956
675
525
585
795
1080
1328
1414
1420
1363
1334
1417
1473
1500
1409
1336
1208
1014
945
968
911
825
702
627
579
483
515
533
515
472
354
256
282
303
296
480
490
443
602
712
676
521
577
721
867
1024
1044
990
856
597
259
-67
-325
-422
-433
-464
-527
-595
-641
-562
-450
-323
-151
-132
-122
-47
8
28
53
175
318
497
655
742
796
731
604
449
239
20
-140
-282
-463
-574
-671
-711
-694
-701
-667
-588
-529
-395
-293
-106
40
153
279
370
447
404
328
216
131
-31
-214
-405
-502
-545
-620
-643
-619
-554
-500
-500
-516
-478
-361
-258
-158
-136
-314
-551
-602
-541
-396
-290
-207
-34
2
-112
-245
-309
-280
-201
-191
-226
-264
-359
-411
-438
-425
-383
-402
-451
-390
-319
-321
-356
-339
-288
-254
-260
-492
-817
-704
555
1458
183
-1316
-1520
-709
47
-6
-525
-819
-789
-643
-449
-418
-638
-902
-979
-960
-955
-999
-958
-915
-875
-794
-639
-537
-542
-615
-819
-1084
-1252
-1259
-1253
-1366
-1549
-1603
-1489
-1341
-1316
-1307
-1197
-1047
-942
-972
-1024
-980
-881
-758
-748
-817
-873
-801
-736
-707
-754
-658
-484
-518
-642
-1003
-976
-904
-858
-773
-877
-1003
-1105
-1153
-1111
-1011
-984
-951
-915
-859
-793
-738
-764
-782
-718
-673
-703
-848
-837
427
748
-480
-1101
-811
0
338
-9
-444
-438
-173
-50
23
-90
-287
-298
-190
26
135
201
115
-150
-342
-541
-587
-475
-332
-323
-404
-392
-285
-161
-223
-345
-421
-469
-467
-433
-439
-438
-448
-458
-488
-561
-563
-503
-360
-223
-130
-69
-5
91
195
267
268
237
187
190
235
208
110
25
3
21
-57
-138
-155
-182
-195
-248
-356
-398
-368
-331
-278
-272
-246
-184
-117
-102
-117
-85
-70
-59
-22
80
88
59
90
106
101
72
36
21
4
-38
-114
-171
-215
-299
-373
-411
-427
-414
-407
-351
-278
-252
-249
-260
-237
-152
-73
-38
18
48
90
139
146
184
193
176
169
189
143
61
23
5
-35
-125
-230
-204
-335
-363
-400
-575
-469
-491
-453
-374
-312
-256
-189
-214
-219
-139
-63
-11
37
12
5
31
71
137
227
303
448
540
529
421
242
226
319
323
252
172
114
117
124
164
183
181
186
204
228
208
144
210
430
642
739
747
696
627
574
591
595
543
509
437
383
365
351
376
379
391
416
406
376
370
344
308
278
260
241
225
216
225
212
112
-22
-50
97
361
652
830
926
945
930
910
847
703
526
348
204
157
141
200
265
369
457
476
455
447
465
505
520
516
518
552
636
684
697
659
586
505
386
306
239
83
-53
-182
-233
-234
-226
-145
-54
59
153
259
387
429
417
361
319
284
239
219
220
197
195
235
288
340
341
365
355
347
294
238
178
29
-148
-299
-355
-352
-207
-59
27
74
80
90
111
162
143
111
86
48
27
-36
-79
-33
30
74
137
199
269
384
463
541
564
598
619
610
541
433
361
391
512
631
705
764
849
813
748
751
740
690
617
523
444
372
261
191
118
25
-76
-63
133
401
615
782
900
998
1057
1025
936
832
836
931
1054
1185
1169
1046
779
481
271
156
173
298
431
543
590
557
497
515
520
468
391
274
280
334
374
357
348
316
281
220
249
309
360
400
1018
1570
392
-544
-225
444
558
-47
-481
-221
197
139
-153
-350
-203
-79
18
-78
-201
-192
-59
12
-47
-154
-206
-181
-140
-135
-154
-102
-17
66
73
27
0
1
44
42
-20
-41
-52
-47
-61
-125
-176
-198
-162
-143
-182
-252
-280
-226
-215
-241
-301
-344
-369
-355
-413
-496
-507
-538
-523
-549
-570
-561
-557
-537
-510
-515
-489
-522
-614
-689
-787
-828
-789
-720
-714
-718
-688
-616
-527
-485
-464
-463
-447
-463
-481
-429
-365
-357
-395
-425
-336
-321
-354
-366
-371
-329
-297
-252
-286
-306
-342
-363
-311
-321
-346
-375
-373
-315
-282
-315
-292
-267
-255
-254
-201
-139
-144
-162
-138
-99
-137
-154
-96
-85
-35
-22
-57
-120
-235
-338
-379
-406
-384
-262
-136
-20
8
484
1034
37
-457
152
561
382
-172
-323
3
161
-143
-285
-212
-81
-100
-212
-234
-244
-258
-261
-225
-157
-127
-59
18
23
35
34
38
48
86
72
17
-14
6
33
40
15
-8
19
14
-3
-40
-65
-9
49
68
61
43
75
123
118
81
18
19
35
77
86
36
-64
-201
-243
-255
-242
-186
-106
-11
61
163
195
177
199
167
158
141
139
163
221
223
205
247
252
253
244
202
170
110
15
-47
-79
-89
-90
-66
-43
-53
-12
25
58
59
69
128
147
160
165
169
187
268
313
339
372
382
428
331
350
330
301
350
317
230
169
141
76
80
36
30
96
108
148
171
182
231
235
221
214
214
243
266
288
300
333
348
397
445
475
481
471
491
491
477
418
371
302
213
166
130
149
131
98
27
-45
-86
-74
-72
-90
-101
-78
-22
36
99
139
177
219
277
328
336
350
397
414
329
152
-118
-379
-504
-557
-498
-507
-578
-695
-772
-837
-792
-669
-434
-127
147
409
680
919
1146
1316
1376
1382
1233
1020
738
405
89
-129
-255
-310
-352
-340
-338
-336
-319
-276
-189
-71
-41
-111
-176
-304
-407
-404
-367
-361
-367
-397
-440
-463
-440
-382
-292
-213
-78
38
112
186
284
347
363
367
322
229
79
-69
-191
-300
-386
-404
-411
-433
-452
-420
-370
-331
-265
-197
-124
-57
-42
12
18
22
10
-11
25
39
-5
-75
-137
-167
-225
-240
-214
-208
-190
-187
-171
-156
-127
-91
-93
-109
-120
-134
-131
-133
-94
-60
-37
-44
-89
-115
-124
-112
-129
-121
-133
-124
-97
-82
-69
-45
-30
-40
-12
15
45
25
-3
-30
-49
-24
-15
-2
-14
-7
-4
-44
-57
-63
-51
-34
-10
20
55
87
86
106
149
157
168
176
143
106
87
49
29
29
19
8
18
51
100
189
269
351
385
315
260
271
281
299
338
331
296
234
124
34
-4
76
273
-44
-385
4
258
229
133
231
417
358
210
129
218
188
114
142
222
249
202
206
206
255
245
273
311
297
269
249
219
230
285
300
260
214
160
121
84
123
209
237
232
178
48
-64
-108
-105
-92
-151
-248
-316
-288
-179
-57
67
177
307
398
453
515
548
620
602
524
388
241
86
-62
-165
-189
-150
-152
-185
-156
-102
-93
-81
-37
-8
21
11
12
34
15
4
-6
-35
-93
-151
-189
-250
-293
-305
-296
-289
-287
-244
-229
-225
-191
-206
-194
-221
-203
-219
-267
-372
-507
-582
-612
-633
-674
-710
-672
-542
-392
-224
-77
36
101
125
146
144
166
204
251
249
176
73
-42
-157
-238
-295
-308
-375
-463
-553
-567
-506
-436
-361
-331
-332
-329
-350
-391
-387
-337
-281
-260
-287
-325
-394
-500
-616
-702
-791
-812
-846
-886
-859
-815
-788
-749
-688
-598
-497
-404
-363
-369
-372
-460
-582
-661
-737
-838
-887
-968
-943
-847
-730
-573
-396
-288
-232
-189
-176
-138
-112
-80
-70
-97
-142
-165
-198
-197
-184
-92
-57
-10
49
89
138
152
144
156
166
131
150
195
230
256
271
256
236
158
51
-32
-93
-133
-201
-259
-350
-435
-457
-392
-268
-173
-51
59
110
114
136
152
169
178
174
138
80
-43
-137
-201
-232
-225
-178
-122
-59
-19
1
-4
-28
-22
29
65
95
46
7
6
101
147
168
204
155
87
-45
-198
-302
-359
-416
-405
-332
-188
-127
-98
-41
37
127
176
209
217
175
116
31
-29
-102
-200
-239
-227
-190
-155
-134
-125
-211
-431
-633
-705
-658
-554
-352
-185
-175
-234
-332
-482
-651
-780
-824
-845
-802
-701
-561
-422
-309
-214
-176
-142
-111
-84
-91
-113
-151
-207
-256
-258
-286
-315
-332
-313
-252
-200
-199
-184
-224
-255
-248
-206
-137
-98
-103
-116
-122
-19
166
343
453
380
222
66
-5
-51
-94
-11
122
205
205
168
150
180
250
386
487
579
614
626
547
469
392
292
241
217
179
128
75
55
89
164
250
303
273
188
151
165
247
457
661
690
545
311
63
-114
-187
-197
-142
-69
43
97
63
20
6
76
185
268
329
364
379
362
285
161
39
-72
-139
-134
-126
-107
-62
-4
86
106
95
45
-54
-142
-155
-37
141
382
531
498
269
-14
-219
-309
-323
-328
-273
-121
32
128
201
251
295
379
488
581
640
673
579
437
315
288
245
178
78
-26
-91
-141
-164
-184
-205
-261
-260
-230
-123
49
230
328
267
77
-150
-256
-224
-132
-30
110
225
304
320
272
213
113
76
50
79
121
155
152
113
91
23
-37
-93
-100
-10
110
229
323
349
323
306
324
387
480
571
496
224
-78
-222
-192
-56
107
223
293
321
323
326
364
372
400
407
433
449
507
591
613
598
545
430
326
291
317
412
486
596
689
721
648
517
428
389
392
447
547
631
651
666
621
578
549
535
456
379
344
299
337
402
543
628
710
755
671
494
315
219
236
336
440
501
550
589
572
539
564
622
652
619
561
527
519
471
452
464
487
493
437
405
471
626
747
750
611
437
287
248
359
511
659
680
673
656
613
608
632
673
633
567
480
424
426
415
405
321
251
268
294
249
274
426
537
538
493
493
468
411
401
394
387
404
463
517
552
520
538
554
557
535
498
402
239
98
-74
-165
-130
-50
46
114
85
-61
-295
-499
-511
-359
-207
39
72
177
253
223
234
230
113
56
89
101
104
-69
-310
-566
-776
-832
-804
-728
-642
-537
-397
-284
-169
-129
-161
-213
-281
-252
-254
-249
-269
-300
-334
-316
-350
-450
-657
-801
-800
-697
-564
-501
-401
-356
-320
-324
-371
-417
-382
-328
-323
-430
-561
-652
-720
-656
-581
-541
-533
-510
-501
-474
-465
-398
-352
-325
-407
-464
-465
-529
-618
-668
-659
-604
-623
-600
-569
-517
-415
-355
-275
-256
-238
-261
-291
-332
-348
-349
-424
-485
-517
-515
-535
-571
-605
-528
-412
-354
-362
-396
-343
-394
-437
-445
-470
-472
-461
-494
-548
-550
-557
-522
-515
-513
-502
-444
-317
-140
-11
19
-42
-150
-350
-663
-1003
-1287
-1312
-1113
-1030
-1036
-830
-486
-333
-290
-191
15
201
328
269
68
-104
-238
-345
-397
-462
-537
-575
-683
-685
-615
-486
-369
-273
-190
-155
-180
-214
-211
-184
-189
-280
-356
-338
-387
-423
-304
-221
-149
-60
0
6
59
36
16
10
42
43
14
-41
-43
-28
-159
-240
-208
-213
-285
-283
-239
-197
-146
-50
-9
-15
-32
-27
-23
-27
20
29
2
-31
-74
-97
-124
-101
-78
-53
-37
-32
-25
-13
-55
-112
-122
-122
-100
-118
-119
-101
-129
-173
-219
-224
-193
-156
-105
-51
-8
46
-3
-16
13
5
-1
-50
-87
-74
-68
-105
-116
-116
-125
-178
-208
-194
-264
-162
-187
-125
-89
-106
-80
-42
-43
-68
-75
-82
-60
-68
-55
-29
-44
-50
-32
-26
-70
-95
-115
-114
-76
-51
-24
3
-11
-1
4
6
23
4
5
9
-23
-35
-57
-87
-86
-90
-91
-77
-41
-24
-37
-84
-64
-57
-22
5
6
43
16
-18
-42
-94
-85
-65
-52
-62
-70
-113
-144
-139
-129
-55
1
16
55
40
20
5
-1
27
35
-8
-67
-62
-93
-123
-158
-139
-48
-10
-5
-55
-35
-39
-12
13
37
56
21
-18
-67
-55
-67
-65
-36
-51
-47
-26
-37
-36
-38
-79
-91
-130
-88
-57
-28
-62
-64
-36
-53
-71
-92
-83
-78
-113
-145
-133
-141
-133
-115
-90
-66
-33
-33
-38
-66
-89
-119
-115
-73
-78
-88
-110
-127
-140
-128
-138
-106
-73
-8
26
18
55
84
116
95
115
167
204
263
269
270
261
249
220
181
152
137
142
175
228
242
231
210
220
240
225
230
193
215
238
244
238
235
266
286
330
346
387
410
415
415
403
408
399
414
389
396
414
421
440
444
469
459
469
444
448
438
431
438
464
481
441
446
428
397
415
443
473
535
543
511
516
538
509
530
541
524
563
527
535
552
540
525
513
466
469
475
447
440
437
431
438
439
461
454
454
487
468
429
480
489
451
476
486
471
481
454
454
472
460
471
486
480
467
489
480
474
456
410
381
367
345
340
308
286
284
285
292
280
270
230
209
195
153
158
125
129
140
166
144
123
104
70
2
-87
-124
-101
-48
-36
-41
-12
-22
-19
-61
-147
-155
-152
-216
-270
-237
-217
-39
185
-193
-398
39
122
-148
-252
-86
52
-33
-111
-71
-49
-128
-155
-66
-83
-111
-106
-62
-43
-83
-72
-57
-45
-81
-113
-111
-70
-54
-31
2
-55
-67
-60
-75
-116
-159
-125
-132
-162
-175
-171
-169
-154
-159
-165
-155
-131
-106
-78
-78
-107
-111
-166
-74
-132
-126
-179
-173
-160
-130
-143
-61
-72
-14
-98
-40
8
-37
7
-25
-11
6
-16
-92
-96
-109
-98
-86
-53
-38
-19
1
67
105
113
158
147
151
120
58
-65
-170
-190
-176
-175
-149
-50
37
125
157
151
143
132
182
157
136
105
60
21
7
-37
-34
-8
-1
15
42
70
100
94
103
117
161
183
184
193
185
167
160
168
154
162
141
156
188
243
300
347
370
366
362
350
357
356
327
331
308
329
368
361
352
346
345
376
361
377
383
375
394
394
397
384
368
349
331
321
300
284
295
290
262
226
228
196
213
307
339
370
380
342
309
251
247
253
202
249
217
233
286
287
286
283
245
246
262
310
342
342
322
292
262
178
154
300
460
439
241
-13
-250
-430
-519
-448
-192
172
435
583
641
668
660
497
268
-16
-206
-313
-381
-392
-385
-319
-185
-53
79
209
276
183
-59
-447
-869
-1144
-1165
-960
-712
-591
-639
-812
-1012
-1080
-943
-598
-187
95
166
57
-134
-303
-477
-673
-828
-921
-976
-975
-910
-756
-553
-373
-261
-259
-313
-426
-587
-657
-587
-413
-297
-290
-630
-988
-1162
-1092
-1000
-813
-594
-544
-640
-780
-863
-747
-493
-394
-363
-409
-545
-685
-816
-917
-953
-911
-911
-943
-951
-947
-912
-881
-867
-779
-668
-674
-722
-854
-997
-1025
-840
-628
-410
-410
-819
-1269
-1401
-1325
-1191
-1050
-841
-702
-749
-824
-856
-815
-661
-530
-550
-625
-664
-733
-822
-807
-785
-734
-666
-659
-669
-713
-727
-709
-619
-467
-347
-214
-156
-165
-322
-671
-1017
-1100
-1119
-1041
-839
-636
-522
-504
-562
-596
-498
-383
-272
-265
-304
-413
-540
-593
-579
-486
-400
-408
-404
-460
-540
-566
-512
-427
-347
-228
-163
-74
-43
-194
-548
-773
-766
-701
-731
-697
-474
-344
-231
-272
-272
-256
-199
-176
-193
-220
-252
-259
-290
-235
-191
-185
-151
-136
-60
-87
-178
-214
-194
-141
-93
-107
-79
-68
-37
-35
-31
50
35
37
33
29
49
69
55
47
62
73
123
238
354
468
371
143
50
32
23
67
129
204
275
330
279
292
347
372
378
357
308
296
264
235
293
373
444
422
433
459
529
573
483
456
472
474
447
416
453
477
510
542
556
550
525
493
497
515
546
560
541
547
543
453
392
428
471
569
600
547
574
558
549
525
499
502
535
537
539
532
542
520
547
549
542
531
524
505
471
433
408
468
559
592
495
402
419
422
347
315
309
307
335
348
325
352
382
371
367
310
257
224
214
173
208
165
203
222
184
153
109
178
269
341
265
120
100
117
81
0
-6
81
130
153
175
193
241
260
219
131
64
-13
-5
38
54
84
85
55
21
3
-39
-78
-31
17
99
89
-56
-178
-150
-126
-174
-227
-246
-184
-130
-137
-144
-130
-76
-53
-43
-71
-75
-79
-57
-12
-25
-14
-7
-10
8
3
12
33
50
60
66
129
199
191
118
14
-9
69
79
62
63
68
99
144
142
134
200
245
248
224
169
173
142
187
245
278
280
228
241
195
189
172
195
235
260
259
246
301
358
329
198
153
171
141
139
143
204
286
348
350
345
352
382
376
363
357
328
316
317
331
344
371
387
384
397
370
346
364
372
373
416
446
484
536
452
384
397
402
383
367
395
432
462
472
468
478
480
485
454
426
436
412
392
384
429
464
445
443
432
374
350
318
311
350
402
401
360
289
329
310
312
311
337
345
374
408
372
389
377
398
393
416
374
363
384
381
400
412
429
426
404
384
384
396
397
415
413
402
390
358
369
353
340
349
364
389
382
402
426
442
470
472
441
311
328
279
191
182
117
172
239
295
299
279
293
272
253
238
259
341
373
358
180
-74
-94
-85
-98
25
148
223
232
146
55
48
65
80
88
46
44
20
-19
-37
-66
-58
-38
-58
-73
-94
-93
-94
-92
-78
-34
-40
-66
-101
-150
-154
-169
-160
-150
-154
-122
-128
-140
-130
-140
-119
-145
-180
-189
-209
-206
-237
-255
-263
-298
-299
-308
-322
-310
-326
-336
-333
-354
-389
-416
-446
-454
-480
-480
-477
-522
-533
-524
-530
-540
-549
-537
-507
-475
-480
-482
-475
-490
-512
-522
-498
-491
-512
-507
-502
-493
-457
-524
-437
-475
-466
-458
-487
-480
-467
-463
-458
-456
-477
-462
-442
-456
-416
-424
-406
-394
-389
-373
-376
-386
-376
-379
-390
-385
-382
-398
-411
-414
-395
-359
-352
-343
-350
-357
-369
-356
-357
-350
-348
-336
-337
-332
-330
-301
-279
-247
-237
-189
-186
-166
-158
-164
-159
-129
-140
-139
-122
-124
-116
-83
-97
-84
-89
-97
-69
-70
-58
-56
-66
-63
-33
-34
-51
-44
-82
-71
-77
-76
-33
-27
-42
-22
-17
-33
-16
-36
-58
-35
-21
-18
-28
-1
-15
-43
-43
-65
-71
-46
-54
-50
-61
-86
-96
-92
-109
-113
-115
-104
-109
-111
-109
-96
-84
-69
-66
-55
-37
-22
-8
-21
4
-26
-20
23
40
32
58
70
73
97
84
87
122
108
120
118
114
114
124
112
116
117
126
144
172
203
214
223
231
226
238
227
235
234
231
243
234
283
296
319
316
315
313
305
294
291
312
316
278
307
310
319
345
334
335
327
315
308
302
335
351
329
322
336
330
331
322
362
373
381
379
350
374
342
354
335
328
312
304
306
276
280
280
302
301
300
296
318
329
347
329
337
336
327
314
314
308
316
311
317
324
304
321
324
326
329
310
283
280
252
234
207
189
155
183
185
157
148
175
159
151
176
158
158
174
152
127
113
91
93
96
90
61
65
29
30
9
41
64
62
42
28
-6
-3
-8
-2
-17
-4
-16
-19
-23
-27
-25
-22
-29
-40
-39
-55
-53
-38
-41
-50
-27
-29
-39
-31
-19
-35
-32
-44
-49
-7
-40
-42
13
2
14
4
4
-2
28
24
26
14
14
49
41
23
29
43
37
44
49
43
53
58
64
63
80
71
101
113
72
61
22
34
40
28
40
37
36
48
19
12
15
36
40
24
39
45
47
50
62
72
86
87
103
112
128
112
114
109
111
132
143
174
180
180
189
198
204
232
245
236
231
246
241
232
234
272
280
287
301
281
266
251
275
273
273
286
282
275
263
229
223
237
213
248
270
242
246
243
231
227
238
179
184
193
177
186
199
178
183
186
166
161
172
189
189
201
211
226
208
190
193
202
182
159
169
166
166
147
141
132
128
130
145
149
151
173
154
149
127
120
113
121
116
103
95
98
81
61
57
54
42
57
43
52
41
27
13
12
-16
-20
-2
-5
-24
-35
-42
-42
-48
-45
-64
-62
-32
-29
-39
3
-9
-21
-35
-56
-71
-69
-77
-84
-65
-75
-83
-91
-85
-88
-100
-104
-133
-128
-134
-140
-141
-126
-141
-153
-171
-191
-173
-177
-180
-183
-179
-198
-213
-218
-243
-253
-256
-285
-264
-272
-272
-296
-317
-306
-340
-344
-333
-343
-340
-343
-377
-382
-396
-396
-403
-387
-410
-420
-409
-405
-401
-402
-420
-423
-422
-410
-441
-431
-452
-420
-410
-419
-400
-375
-409
-419
-445
-441
-424
-458
-471
-454
-451
-468
-496
-512
-529
-542
-563
-559
-592
-603
-635
-640
-643
-677
-702
-722
-727
-738
-733
-735
-752
-751
-782
-800
-789
-808
-823
-810
-814
-805
-827
-869
-866
-879
-861
-881
-838
-839
-837
-829
-826
-823
-820
-802
-805
-814
-800
-802
-791
-770
-779
-784
-768
-805
-814
-778
-755
-718
-712
-715
-713
-716
-716
-702
-687
-648
-620
-609
-609
-617
-628
-632
-630
-620
-579
-585
-569
-559
-520
-509
-519
-527
-534
-509
-533
-524
-496
-480
-492
-487
-477
-533
-528
-528
-496
-463
-440
-438
-418
-381
-388
-403
-403
-384
-370
-377
-382
-376
-367
-365
-344
-340
-364
-338
-346
-336
-319
-313
-305
-281
-267
-272
-241
-265
-247
-230
-222
-204
-211
-185
-187
-194
-215
-222
-212
-183
-175
-174
-167
-152
-128
-136
-149
-149
-132
-126
-118
-84
-111
-105
-85
-73
-61
-50
-48
-41
-36
-46
-40
-31
6
23
60
93
88
76
66
80
110
114
122
131
122
141
156
172
182
208
229
218
225
215
193
174
190
212
213
242
289
247
275
236
222
243
278
252
271
261
259
262
256
242
268
268
300
284
288
333
290
318
286
283
293
332
324
327
328
331
338
328
302
306
330
331
354
359
377
372
384
397
397
405
385
401
402
426
430
403
382
395
397
381
365
336
339
363
342
340
348
351
374
373
371
355
359
356
386
370
366
360
361
356
355
361
355
353
375
374
382
401
386
365
386
365
374
356
347
323
332
343
316
353
348
326
308
318
313
308
321
295
316
313
309
309
304
317
337
345
353
360
340
324
316
303
312
303
321
329
330
316
286
264
220
225
224
246
266
246
223
228
199
195
211
213
240
220
229
193
193
197
191
194
190
185
171
164
176
198
231
219
223
202
223
216
212
212
229
231
226
245
274
278
271
297
291
305
308
334
333
341
363
344
344
359
334
314
323
318
292
311
319
314
360
366
353
363
366
373
360
356
357
351
335
333
323
342
340
336
340
343
341
314
341
338
333
354
327
344
368
373
364
377
364
340
358
379
368
381
360
366
372
364
363
366
403
411
408
390
387
393
392
389
374
376
370
369
349
327
307
303
290
297
296
265
248
250
231
207
198
168
179
166
164
144
150
140
139
123
110
117
129
115
91
100
83
79
72
32
33
29
24
22
15
7
-22
-18
-23
-44
-34
-79
-55
-35
-49
-43
-46
-69
-69
-73
-96
-75
-62
-75
-62
-84
-88
-79
-80
-110
-75
-84
-118
-115
-142
-134
-147
-143
-161
-189
-194
-178
-186
-180
-177
-191
-189
-196
-208
-233
-224
-230
-244
-229
-247
-257
-278
-296
-292
-275
-283
-292
-260
-267
-266
-254
-268
-256
-272
-258
-268
-269
-290
-306
-311
-324
-340
-359
-359
-369
-362
-375
-390
-406
-380
-383
-395
-391
-417
-413
-405
-427
-428
-453
-443
-470
-448
-455
-443
-453
-439
-468
-455
-466
-479
-494
-475
-495
-482
-464
-478
-440
-445
-436
-433
-412
-379
-375
-374
-383
-350
-356
-340
-344
-338
-330
-347
-342
-348
-342
-359
-372
-327
-343
-334
-304
-304
-287
-290
-373
-409
-339
-406
-362
-263
-229
-240
-253
-276
-316
-307
-288
-275
-271
-270
-292
-278
-281
-268
-274
-238
-228
-235
-228
-226
-211
-191
-171
-140
-112
-118
-93
-92
-84
-75
-74
-50
-29
-17
-17
4
13
21
27
3
19
40
40
55
72
79
91
108
103
88
85
86
115
105
120
121
124
139
151
148
153
166
176
207
196
207
186
206
208
215
220
218
221
229
229
220
216
228
221
213
196
201
202
204
214
223
246
228
239
252
236
264
239
243
242
242
242
263
260
255
271
263
272
311
275
293
291
287
342
308
355
370
391
385
402
406
419
446
433
463
471
488
513
519
528
506
516
525
525
546
558
565
562
580
562
580
567
558
543
528
517
505
515
493
491
504
498
499
475
462
458
476
463
447
463
451
462
433
428
423
415
420
422
418
407
420
402
409
407
410
432
433
420
435
417
407
428
435
450
443
439
462
472
468
444
435
425
413
431
428
415
404
400
400
412
390
396
403
408
392
378
367
346
352
340
347
334
327
344
331
320
329
324
329
338
329
317
333
346
334
337
334
324
335
337
312
297
304
307
285
283
277
268
291
280
271
276
268
270
257
261
268
265
262
256
253
248
212
211
216
191
158
149
138
131
124
92
110
100
81
67
68
64
49
33
11
2
1
-25
-16
-25
-23
-44
-27
-34
-59
-73
-85
-86
-100
-111
-130
-142
-143
-176
-149
-156
-178
-176
-163
-165
-180
-169
-174
-146
-150
-126
-138
-119
-133
-135
-123
-134
-133
-145
-115
-135
-121
-153
-144
-146
-151
-148
-162
-146
-127
-122
-157
-119
-130
-157
-122
-120
-142
-118
-101
-112
-101
-94
-98
-90
-97
-117
-117
-127
-134
-137
-137
-139
-105
-108
-108
-104
-105
-124
-124
-122
-139
-126
-139
-144
-120
-122
-125
-118
-92
-79
-72
-81
-70
-53
-42
-37
-47
-49
-47
-31
-36
-53
-40
-62
-53
-62
-86
-68
-68
-60
-80
-58
-65
-64
-38
-45
-19
-12
-17
-24
-21
-42
-73
-83
-113
-124
-141
-166
-175
-177
-199
-201
-205
-224
-239
-248
-257
-274
-278
-290
-301
-273
-287
-298
-293
-295
-304
-322
-327
-355
-355
-363
-345
-373
-369
-349
-356
-366
-379
-378
-394
-389
-417
-448
-441
-466
-468
-486
-508
-521
-529
-522
-529
-547
-550
-551
-566
-579
-589
-597
-615
-602
-616
-623
-638
-652
-648
-676
-697
-705
-722
-718
-723
-725
-722
-735
-741
-723
-739
-728
-737
-719
-711
-725
-705
-699
-680
-682
-681
-676
-676
-664
-676
-654
-676
-674
-673
-699
-676
-674
-697
-699
-674
-684
-691
-694
-688
-683
-663
-689
-682
-672
-668
-667
-671
-679
-672
-693
-708
-686
-678
-699
-688
-692
-670
-644
-654
-656
-629
-628
-611
-606
-610
-574
-588
-578
-579
-555
-601
-556
-548
-539
-530
-495
-494
-467
-472
-468
-439
-433
-433
-404
-380
-363
-346
-338
-350
-328
-316
-288
-287
-282
-250
-238
-216
-200
-156
-168
-142
-119
-108
-90
-64
-65
-32
-30
-34
-25
-11
-15
-11
-9
-7
12
20
24
22
9
9
40
32
21
42
35
24
37
25
31
50
27
46
59
32
43
41
43
67
65
58
58
74
70
78
59
66
102
86
84
95
83
92
95
102
106
104
99
110
91
111
102
84
100
95
109
114
105
97
111
104
106
123
120
110
141
125
138
117
131
149
156
167
173
179
196
186
181
184
203
198
222
203
232
210
236
221
243
222
217
237
216
246
254
225
243
233
251
225
221
214
210
222
176
189
178
167
160
176
186
175
176
184
191
192
161
158
173
184
172
171
189
202
206
182
183
203
215
205
213
228
229
222
234
232
237
254
236
247
239
252
248
243
246
244
244
249
261
260
253
262
264
284
256
291
263
267
281
286
294
292
280
286
283
280
287
268
284
278
286
282
297
303
265
279
272
265
269
254
262
260
251
229
213
209
211
203
199
198
184
175
152
153
129
132
128
107
116
107
92
98
90
76
95
35
71
55
74
54
40
59
62
101
71
73
96
102
124
129
145
152
171
197
201
194
195
190
201
209
194
180
203
194
192
212
188
195
201
210
186
163
166
139
149
137
116
128
88
89
81
76
58
48
57
48
61
48
24
54
43
34
35
23
38
65
48
50
46
47
57
50
68
52
61
53
72
62
56
75
66
57
58
68
78
67
81
104
107
112
115
107
102
99
96
93
107
98
103
105
99
102
87
95
80
88
102
70
86
79
71
72
91
51
58
74
65
58
58
60
56
67
46
70
67
58
78
43
46
47
54
45
45
39
53
65
61
53
69
84
82
85
101
94
100
94
77
104
91
69
102
92
98
91
101
97
99
101
110
96
92
98
74
92
82
74
75
68
85
99
100
89
93
84
98
91
87
82
79
72
91
68
84
79
81
88
87
67
77
75
64
79
79
61
57
74
69
69
78
55
74
68
68
86
82
97
103
113
112
116
114
105
102
107
100
80
68
67
60
45
25
26
28
5
-7
-14
-30
-54
-48
-62
-41
-52
-58
-72
-86
-83
-101
-99
-111
-119
-119
-117
-133
-127
-144
-128
-135
-145
-164
-163
-169
-176
-170
-189
-206
-182
-187
-218
-209
-218
-227
-235
-224
-239
-225
-234
-238
-248
-222
-259
-264
-255
-283
-266
-263
-259
-260
-272
-279
-302
-290
-312
-333
-329
-346
-349
-369
-367
-386
-396
-389
-401
-415
-420
-432
-453
-456
-471
-483
-498
-495
-484
-502
-500
-501
-523
-539
-528
-530
-549
-550
-555
-567
-562
-580
-592
-578
-584
-594
-595
-583
-576
-577
-585
-598
-602
-587
-598
-591
-578
-580
-570
-555
-553
-541
-513
-527
-499
-473
-468
-437
-435
-410
-410
-397
-402
-370
-391
-362
-355
-359
-318
-309
-299
-289
-281
-261
-244
-233
-215
-222
-199
-195
-191
-169
-173
-142
-127
-117
-90
-90
-79
-65
-47
-38
-5
1
20
49
55
74
94
115
116
136
143
154
171
197
203
200
215
231
243
245
257
262
293
318
320
321
338
354
375
397
387
392
420
433
437
456
462
466
489
506
497
517
510
526
551
549
550
562
559
594
593
572
569
599
601
602
602
603
603
624
628
598
604
597
587
586
576
580
570
570
556
566
555
547
554
556
530
523
516
524
517
518
510
510
513
515
515
514
516
531
508
514
532
517
504
517
517
512
534
521
536
528
541
525
521
535
531
526
534
546
541
536
538
527
541
522
525
527
535
526
508
532
530
521
518
509
517
551
519
516
539
556
533
542
540
561
581
570
552
573
581
571
571
561
556
565
571
552
570
570
570
552
553
552
554
528
517
502
489
480
478
473
450
434
425
413
422
378
373
362
346
327
330
308
290
302
277
262
252
253
238
243
225
206
208
216
217
220
224
203
195
195
174
173
164
145
153
129
121
90
113
91
66
64
33
25
23
10
-10
-15
-26
-45
-41
-77
-103
-114
-147
-143
-160
-210
-210
-207
-227
-243
-265
-276
-270
-276
-301
-306
-347
-335
-337
-336
-361
-338
-366
-356
-357
-376
-394
-391
-389
-391
-407
-403
-402
-371
-413
-401
-394
-395
-379
-401
-393
-378
-363
-366
-354
-363
-355
-336
-332
-335
-322
-338
-321
-320
-309
-320
-302
-303
-288
-304
-295
-280
-292
-272
-271
-266
-277
-277
-267
-252
-243
-257
-256
-256
-268
-256
-268
-269
-263
-264
-257
-257
-270
-256
-251
-241
-246
-242
-212
-208
-216
-230
-220
-229
-224
-204
-205
-205
-191
-173
-163
-167
-144
-157
-133
-128
-123
-108
-115
-107
-112
-86
-81
-85
-67
-55
-56
-72
-60
-67
-62
-54
-69
-68
-70
-54
-49
-61
-71
-76
-68
-67
-70
-69
-83
-88
-66
-69
-65
-74
-72
-72
-83
-88
-82
-84
-88
-95
-77
-73
-76
-60
-74
-72
-86
-91
-81
-74
-72
-84
-73
-70
-57
-66
-67
-66
-45
-57
-64
-54
-46
-51
-51
-74
-64
-63
-51
-53
-82
-71
-87
-64
-90
-97
-107
-110
-90
-91
-91
-97
-108
-109
-89
-113
-142
-122
-123
-121
-140
-143
-144
-132
-152
-158
-163
-173
-197
-211
-185
-215
-213
-228
-228
-221
-234
-242
-251
-261
-257
-257
-290
-290
-285
-293
-291
-285
-296
-311
-314
-324
-332
-351
-357
-357
-367
-377
-397
-419
-431
-446
-457
-474
-491
-488
-501
-520
-533
-546
-556
-558
-556
-586
-577
-593
-592
-609
-602
-642
-628
-631
-667
-654
-657
-661
-675
-684
-682
-687
-696
-707
-702
-695
-689
-704
-700
-694
-708
-693
-690
-690
-665
-671
-652
-639
-650
-643
-628
-611
-617
-586
-597
-587
-577
-577
-573
-553
-561
-568
-547
-544
-559
-545
-552
-545
-545
-541
-546
-543
-525
-530
-524
-518
-523
-528
-518
-528
-527
-515
-532
-518
-520
-514
-506
-497
-500
-500
-496
-492
-479
-463
-447
-430
-422
-422
-405
-379
-382
-358
-342
-340
-321
-283
-267
-246
-229
-230
-205
-179
-152
-142
-103
-95
-87
-57
-41
-16
1
16
33
63
72
86
106
129
139
164
176
172
188
209
217
218
230
246
257
275
272
275
293
299
309
315
321
318
339
350
362
377
374
381
405
402
417
418
434
446
456
473
468
501
504
513
524
522
536
521
533
538
536
549
533
552
541
546
553
557
551
549
569
571
573
569
559
562
554
548
546
538
534
529
528
527
522
488
481
483
477
471
448
435
436
426
414
415
409
420
411
409
397
391
373
364
346
328
345
349
328
316
317
301
310
300
298
294
265
267
257
253
244
232
225
208
220
205
190
190
183
167
163
151
141
157
136
124
123
125
109
107
96
86
87
74
66
57
63
50
47
40
49
50
40
31
41
51
46
42
53
31
35
51
39
29
23
36
31
46
51
58
62
79
87
92
82
115
117
122
120
122
149
155
144
148
154
136
157
151
165
167
173
174
181
173
175
161
174
154
171
153
153
177
173
181
182
180
194
166
178
170
160
159
150
149
131
127
111
130
124
113
117
135
124
116
98
103
109
86
89
89
92
92
106
127
115
130
146
163
180
169
192
211
212
235
238
255
266
268
275
285
295
287
289
306
302
308
300
314
310
303
285
289
282
267
266
256
236
224
216
205
205
196
187
193
197
186
179
183
179
181
189
186
166
164
178
167
160
173
177
173
185
189
198
206
217
233
234
236
248
270
263
277
298
312
336
337
351
338
354
358
360
337
320
332
318
320
309
299
292
286
273
278
272
242
242
246
216
222
217
203
215
187
199
175
190
184
188
197
193
217
217
232
229
227
236
248
260
236
260
272
260
267
279
269
287
278
273
285
272
279
272
277
275
245
249
242
237
229
212
227
204
193
187
177
186
164
145
136
133
134
116
112
107
105
91
95
89
83
64
53
52
35
36
27
-2
-9
-11
-23
-35
-46
-42
-53
-53
-66
-71
-67
-82
-78
-73
-89
-95
-113
-111
-130
-133
-137
-147
-159
-159
-178
-194
-189
-189
-203
-213
-204
-212
-206
-228
-217
-230
-231
-252
-266
-281
-285
-288
-339
-322
-317
-340
-355
-360
-384
-364
-367
-396
-396
-404
-406
-380
-405
-419
-417
-414
-419
-413
-438
-447
-420
-415
-426
-441
-436
-430
-397
-407
-424
-416
-394
-384
-389
-394
-389
-379
-377
-357
-369
-364
-360
-360
-350
-346
-348
-366
-351
-355
-373
-380
-371
-373
-366
-372
-375
-380
-391
-372
-387
-382
-365
-365
-356
-358
-361
-356
-343
-343
-347
-350
-363
-351
-349
-348
-348
-354
-346
-332
-340
-344
-350
-338
-338
-350
-358
-346
-363
-356
-350
-363
-364
-355
-365
-393
-384
-394
-397
-399
-396
-399
-380
-375
-374
-359
-373
-368
-362
-347
-349
-338
-344
-335
-312
-307
-303
-311
-298
-277
-265
-257
-255
-246
-220
-193
-176
-170
-161
-155
-141
-124
-91
-93
-73
-72
-66
-34
-22
-25
-24
-10
1
17
6
0
15
14
27
17
21
18
21
9
13
7
9
25
27
34
43
36
32
45
44
58
59
64
89
97
91
103
117
134
151
149
143
143
153
159
169
155
170
179
160
159
168
166
173
159
157
167
160
149
149
164
160
159
162
143
132
132
144
127
123
128
110
105
93
82
78
73
70
77
72
66
58
63
55
58
56
57
68
54
57
69
67
62
70
74
69
63
69
67
63
59
64
57
66
83
75
84
74
77
81
71
72
73
77
72
73
59
47
55
32
41
37
34
32
42
46
45
54
60
67
55
57
67
64
57
64
66
55
62
54
65
71
58
78
70
56
59
62
58
70
65
67
51
62
67
71
60
63
86
83
78
81
78
86
83
91
83
83
79
88
96
90
99
100
120
123
131
119
115
116
115
113
108
112
91
100
114
117
113
119
118
116
96
115
114
106
112
118
128
138
128
127
126
130
132
119
136
145
151
158
156
146
165
182
170
177
185
178
186
198
190
187
214
211
214
215
211
212
212
226
238
236
244
242
248
266
250
261
270
263
278
267
267
280
274
273
265
254
234
226
231
211
213
188
184
183
168
168
175
170
171
169
172
165
142
147
148
151
130
138
152
139
151
144
146
142
146
139
141
142
129
137
126
125
115
119
130
122
129
130
113
125
110
122
100
104
90
78
86
79
79
62
59
47
36
32
13
6
5
-8
-25
-21
-18
-33
-26
-40
-46
-37
-49
-63
-56
-73
-76
-60
-84
-89
-78
-70
-69
-88
-116
-113
-104
-115
-101
-104
-100
-83
-105
-98
-96
-88
-94
-93
-89
-100
-107
-93
-121
-120
-111
-112
-110
-124
-142
-129
-142
-162
-159
-159
-161
-175
-177
-180
-173
-197
-199
-207
-226
-216
-223
-212
-216
-246
-231
-241
-259
-253
-257
-259
-257
-251
-252
-260
-264
-271
-291
-294
-299
-317
-331
-336
-353
-346
-355
-359
-353
-367
-361
-362
-387
-388
-383
-385
-401
-398
-400
-398
-400
-405
-392
-395
-410
-412
-391
-401
-410
-431
-422
-427
-429
-429
-440
-445
-438
-441
-457
-466
-482
-478
-477
-475
-470
-481
-491
-487
-509
-520
-520
-522
-526
-527
-541
-538
-532
-540
-528
-521
-520
-505
-523
-512
-515
-509
-526
-520
-528
-512
-519
-504
-484
-489
-488
-491
-482
-485
-489
-486
-483
-492
-484
-487
-495
-509
-516
-518
-523
-546
-538
-552
-578
-564
-573
-581
-568
-580
-574
-580
-603
-588
-593
-592
-578
-579
-582
-567
-561
-570
-559
-538
-534
-523
-532
-522
-513
-493
-493
-480
-470
-464
-456
-438
-423
-412
-408
-399
-381
-385
-396
-382
-365
-364
-358
-348
-336
-332
-324
-323
-298
-307
-297
-274
-274
-254
-255
-229
-226
-212
-222
-199
-194
-201
-181
-178
-168
-155
-147
-142
-135
-118
-117
-118
-90
-84
-77
-63
-50
-22
-28
-14
-2
13
22
27
42
67
77
79
114
123
138
144
180
202
200
223
239
242
254
269
277
279
311
318
308
316
335
342
361
364
360
388
393
422
428
444
455
478
480
488
514
522
544
551
574
588
593
585
596
592
596
606
595
608
596
604
611
612
622
628
630
611
608
605
614
615
599
595
601
620
620
594
587
596
596
610
595
596
607
613
622
608
617
627
623
638
630
636
638
649
647
656
656
624
626
610
622
615
605
598
585
592
579
568
568
559
539
552
546
539
542
530
512
517
507
495
494
509
503
511
508
477
467
472
452
439
428
427
429
447
444
443
444
450
427
413
433
435
448
461
454
447
437
441
423
422
414
431
419
417
423
406
422
394
393
400
395
382
365
374
381
359
351
341
341
338
327
314
323
303
300
282
287
296
276
251
247
263
239
236
236
219
230
236
210
227
220
233
227
209
217
216
225
235
245
251
253
244
251
239
242
255
253
251
271
264
269
251
259
267
246
259
262
279
279
267
275
268
282
293
280
278
303
309
317
319
302
316
314
314
319
323
299
286
318
298
312
319
310
297
295
278
279
299
283
286
279
239
257
261
223
213
227
222
222
235
224
212
215
197
180
173
186
186
187
181
170
162
151
143
157
161
127
141
143
147
125
127
104
116
128
123
128
134
118
123
119
95
111
115
112
117
97
88
88
89
76
62
56
64
69
52
39
23
6
16
6
-19
-27
-47
-54
-44
-52
-62
-73
-72
-71
-76
-100
-95
-80
-75
-86
-85
-78
-68
-51
-61
-63
-59
-46
-55
-49
-51
-69
-73
-65
-72
-87
-90
-71
-65
-73
-81
-93
-100
-101
-100
-99
-106
-92
-112
-112
-117
-144
-141
-158
-157
-161
-171
-170
-161
-163
-192
-185
-189
-204
-196
-212
-214
-220
-231
-254
-248
-255
-262
-264
-269
-272
-292
-276
-281
-289
-284
-303
-314
-314
-320
-332
-311
-335
-345
-315
-318
-340
-337
-333
-350
-349
-352
-361
-359
-375
-386
-404
-415
-424
-409
-428
-424
-439
-446
-446
-450
-455
-441
-456
-445
-467
-471
-488
-509
-503
-514
-511
-506
-517
-499
-506
-506
-502
-512
-522
-524
-503
-526
-533
-551
-554
-543
-547
-550
-548
-555
-553
-543
-547
-556
-560
-563
-549
-553
-547
-547
-546
-541
-547
-547
-549
-558
-552
-536
-539
-546
-539
-552
-541
-548
-545
-551
-561
-562
-566
-563
-555
-562
-554
-566
-577
-565
-576
-571
-590
-592
-579
-583
-591
-576
-571
-561
-565
-569
-561
-553
-527
-542
-523
-513
-516
-510
-491
-476
-480
-476
-448
-444
-437
-442
-427
-419
-397
-396
-387
-385
-371
-364
-377
-378
-347
-370
-351
-321
-321
-306
-306
-303
-288
-265
-274
-283
-279
-270
-256
-256
-255
-239
-231
-216
-201
-190
-176
-166
-165
-138
-139
-128
-106
-111
-89
-68
-68
-37
-31
-1
13
7
30
35
49
69
80
96
121
121
126
140
145
151
161
161
157
187
188
197
200
207
216
225
229
243
256
282
290
279
280
282
300
294
291
310
312
320
317
321
329
328
330
348
343
362
340
364
367
363
376
386
407
412
423
415
413
425
418
430
459
464
462
466
466
468
459
464
495
490
486
499
494
490
484
500
478
492
479
470
464
442
431
441
436
430
429
435
437
431
424
411
419
432
414
406
400
383
398
371
379
358
330
341
336
331
316
309
313
310
300
282
275
261
272
251
248
227
226
221
233
240
242
225
217
221
213
202
166
185
178
185
179
164
159
184
200
205
207
177
181
185
161
165
186
170
168
189
167
180
176
159
136
135
130
112
124
106
87
98
66
66
66
64
60
53
35
40
29
29
49
31
24
20
25
11
3
-12
1
34
41
13
21
27
55
56
56
79
81
98
114
117
117
119
125
133
127
131
149
137
169
171
177
185
194
195
203
228
228
228
241
239
256
255
256
243
249
263
270
251
249
236
251
278
262
262
276
284
293
292
280
283
293
296
306
315
315
327
347
358
373
385
390
395
404
399
383
391
393
405
402
395
400
401
390
384
395
369
384
363
353
369
366
350
332
341
323
332
353
345
350
365
371
371
365
377
351
367
372
355
361
359
354
369
341
325
348
336
313
345
320
317
329
318
301
299
299
294
313
312
288
272
246
244
248
265
265
251
258
244
229
214
208
202
200
217
212
221
223
220
218
208
207
207
203
200
213
200
198
190
186
174
157
142
140
141
140
131
123
101
88
64
48
52
54
35
27
13
-10
-12
-32
-39
-55
-46
-40
-49
-62
-79
-99
-113
-130
-129
-140
-163
-159
-173
-167
-189
-206
-188
-199
-194
-218
-208
-205
-212
-204
-218
-214
-210
-226
-223
-229
-246
-241
-245
-249
-280
-241
-273
-279
-278
-292
-286
-298
-303
-305
-285
-302
-322
-329
-324
-317
-332
-342
-336
-362
-375
-375
-382
-386
-386
-388
-403
-422
-436
-447
-458
-461
-464
-461
-472
-466
-465
-472
-481
-493
-494
-500
-492
-495
-500
-475
-471
-462
-482
-472
-474
-484
-464
-483
-483
-483
-478
-462
-469
-450
-457
-448
-439
-435
-458
-457
-462
-464
-440
-449
-433
-420
-422
-417
-372
-423
-391
-378
-394
-377
-388
-406
-390
-358
-380
-363
-371
-369
-357
-362
-382
-404
-408
-408
-390
-410
-415
-419
-414
-401
-434
-440
-438
-417
-431
-429
-450
-449
-403
-396
-382
-406
-394
-381
-357
-351
-370
-364
-367
-341
-336
-337
-333
-315
-314
-293
-300
-305
-301
-282
-267
-281
-275
-274
-269
-252
-254
-269
-268
-267
-271
-266
-264
-287
-287
-269
-263
-242
-245
-233
-234
-229
-228
-237
-247
-237
-255
-255
-249
-243
-222
-224
-224
-197
-167
-165
-177
-168
-170
-126
-133
-147
-112
-107
-97
-81
-86
-70
-60
-48
-32
-33
-50
-40
-19
-10
-17
-3
-10
5
0
-23
2
-22
-5
-18
0
-1
-4
7
13
-2
6
-5
-17
-11
-20
-38
-27
-30
-33
-33
-3
-10
-16
1
-10
-4
11
19
13
28
26
20
42
35
31
49
34
38
32
13
15
24
18
2
17
7
13
25
24
27
4
32
24
19
12
4
9
18
7
1
-20
-22
-4
-22
-26
-30
-30
-13
-7
-16
-23
-5
-6
-1
-4
-25
-14
-30
-24
-37
-41
-26
-37
-30
-48
-41
-65
-45
-62
-66
-62
-72
-67
-73
-65
-76
-74
-91
-90
-98
-109
-119
-118
-122
-130
-124
-151
-145
-140
-154
-163
-181
-189
-185
-175
-189
-164
-170
-174
-172
-181
-186
-177
-189
-178
-178
-177
-181
-190
-187
-191
-185
-217
-219
-205
-230
-227
-218
-229
-216
-209
-206
-202
-182
-193
-177
-171
-170
-149
-145
-132
-132
-105
-111
-94
-86
-78
-68
-55
-59
-54
-45
-36
-26
-12
-11
3
25
24
23
29
33
55
58
82
79
70
85
83
96
74
77
73
98
91
84
86
95
103
91
96
100
105
127
114
116
120
130
139
135
126
144
139
152
141
138
147
169
176
153
172
186
193
206
187
197
202
176
205
213
202
207
207
190
192
199
195
211
186
188
187
192
208
195
209
214
229
227
239
242
230
240
237
266
262
236
267
260
258
253
253
247
253
255
245
278
270
270
264
251
236
217
217
216
222
219
223
211
205
203
200
211
218
212
218
214
221
213
238
215
219
219
241
246
255
265
254
264
278
268
297
304
315
322
314
312
301
295
288
295
295
291
304
296
306
312
293
292
287
275
237
249
216
226
218
206
200
190
204
191
194
179
181
166
164
167
154
158
155
167
166
171
180
176
185
183
182
183
195
190
175
197
194
196
196
197
215
209
212
230
215
231
242
237
238
233
239
230
222
231
217
219
211
210
203
192
183
190
197
171
174
163
159
158
146
140
158
159
147
141
135
134
126
126
104
106
103
113
97
100
101
95
102
89
88
76
74
57
56
36
40
39
31
46
36
40
30
29
19
38
34
27
47
29
26
19
25
43
50
23
34
14
48
43
35
42
53
36
20
8
-3
2
-12
-9
-7
-6
-25
-21
-19
-38
-38
-50
-56
-58
-68
-76
-90
-104
-93
-113
-127
-130
-148
-156
-154
-181
-190
-169
-167
-174
-173
-185
-193
-177
-191
-206
-176
-183
-188
-168
-167
-154
-148
-150
-162
-141
-151
-144
-140
-133
-127
-131
-116
-113
-105
-126
-122
-132
-131
-140
-141
-133
-138
-138
-120
-119
-115
-110
-121
-127
-146
-136
-127
-128
-120
-122
-112
-104
-98
-114
-115
-112
-122
-111
-125
-101
-100
-97
-81
-76
-59
-54
-53
-41
-53
-30
-33
-29
-25
-10
2
-4
16
1
22
22
33
34
42
35
46
47
49
63
55
61
74
72
81
76
64
70
76
59
56
68
63
50
61
66
67
89
75
89
90
111
97
84
92
88
88
95
84
81
100
90
96
84
90
65
79
72
52
58
52
63
34
50
47
37
51
29
27
49
32
20
33
10
21
17
26
12
15
25
32
28
14
39
19
28
35
25
34
17
9
12
10
3
11
-2
6
-6
-16
-32
-43
-58
-59
-69
-62
-84
-113
-112
-117
-142
-140
-159
-168
-166
-183
-195
-197
-215
-203
-197
-209
-220
-213
-219
-218
-223
-236
-225
-242
-239
-243
-232
-241
-239
-232
-237
-249
-256
-247
-235
-248
-248
-261
-264
-283
-276
-277
-299
-288
-297
-300
-303
-316
-322
-329
-334
-337
-351
-359
-349
-366
-358
-376
-377
-389
-395
-399
-414
-422
-430
-429
-427
-450
-445
-449
-453
-444
-446
-459
-437
-426
-422
-424
-410
-408
-416
-385
-391
-379
-378
-366
-359
-351
-332
-335
-336
-321
-304
-303
-299
-292
-277
-271
-256
-259
-253
-239
-245
-225
-221
-211
-229
-205
-216
-205
-207
-212
-199
-210
-199
-212
-205
-188
-194
-184
-191
-183
-175
-162
-159
-152
-137
-125
-118
-110
-97
-85
-84
-80
-71
-65
-57
-42
-19
-11
-2
8
40
53
62
79
97
115
137
136
142
153
172
177
199
199
189
222
228
242
233
243
268
278
279
281
280
291
304
292
297
291
280
288
299
286
284
264
273
271
268
257
257
265
268
282
272
286
276
279
270
268
285
252
281
285
294
297
283
296
295
322
306
316
317
316
330
328
334
315
331
345
350
348
345
357
344
357
349
324
326
321
325
329
304
279
275
273
269
256
246
221
239
237
211
217
201
216
203
184
186
191
186
207
193
202
226
218
208
213
215
216
207
200
213
205
201
207
209
194
226
226
219
227
233
236
250
230
240
256
249
245
239
239
252
243
230
219
216
230
217
209
194
202
173
189
186
164
161
162
143
137
129
121
110
98
92
79
68
73
58
52
45
25
30
31
9
3
4
4
19
-5
1
0
10
-3
10
6
-4
24
15
29
23
18
22
38
41
35
45
58
66
75
81
100
80
101
112
106
107
97
112
110
128
130
121
135
141
147
154
147
140
144
161
152
135
135
146
153
165
149
131
138
143
152
133
125
132
131
134
124
108
123
117
126
127
117
125
117
148
128
143
144
150
162
153
165
152
161
163
173
167
174
175
172
187
181
196
190
203
195
196
230
200
210
208
219
221
220
202
210
210
197
208
188
209
212
217
212
214
215
216
231
192
189
191
182
192
182
163
170
158
157
146
133
134
125
139
113
111
100
101
108
91
96
83
93
92
95
91
95
112
101
91
80
97
102
98
86
97
84
93
83
53
68
66
55
58
31
22
23
21
-3
2
-12
-24
-18
-19
-27
-39
-39
-45
-52
-54
-75
-66
-73
-87
-106
-128
-146
-162
-161
-178
-179
-188
-201
-189
-194
-200
-201
-190
-204
-214
-205
-216
-187
-203
-205
-194
-186
-184
-164
-166
-148
-137
-125
-109
-116
-98
-87
-97
-89
-87
-81
-81
-70
-81
-73
-78
-87
-74
-57
-58
-47
-61
-76
-70
-78
-75
-92
-95
-105
-96
-111
-95
-102
-96
-100
-106
-137
-133
-126
-136
-156
-159
-149
-143
-156
-183
-183
-188
-196
-200
-204
-220
-209
-215
-207
-207
-212
-222
-218
-215
-220
-235
-230
-229
-234
-218
-228
-226
-229
-219
-206
-234
-255
-247
-254
-250
-271
-281
-277
-299
-295
-308
-296
-313
-330
-335
-336
-341
-354
-373
-366
-374
-370
-373
-390
-397
-392
-381
-394
-402
-396
-409
-394
-391
-401
-404
-383
-391
-376
-402
-404
-403
-405
-367
-388
-381
-386
-372
-368
-352
-377
-373
-355
-353
-332
-335
-345
-340
-308
-315
-308
-309
-316
-283
-293
-287
-283
-283
-273
-258
-248
-269
-270
-262
-255
-244
-253
-267
-246
-248
-247
-252
-251
-249
-240
-237
-251
-240
-247
-236
-249
-241
-244
-235
-231
-238
-205
-219
-200
-200
-190
-180
-169
-162
-166
-159
-162
-147
-161
-148
-154
-140
-124
-128
-115
-106
-90
-90
-74
-56
-75
-55
-63
-66
-48
-69
-63
-61
-61
-51
-56
-55
-60
-56
-45
-69
-72
-70
-87
-89
-82
-81
-81
-75
-70
-76
-66
-52
-60
-41
-41
-33
-16
-12
5
6
37
21
33
30
46
52
59
66
72
80
86
95
110
103
118
118
141
135
131
145
138
147
143
139
151
156
155
174
163
173
159
173
160
163
154
159
164
167
167
180
176
176
183
182
185
165
174
189
191
197
178
178
198
186
193
184
195
199
204
209
207
201
212
244
224
220
225
239
255
262
246
251
262
277
273
273
276
283
278
277
278
287
299
300
315
323
323
316
321
338
324
317
310
306
301
297
277
262
270
259
253
259
261
255
257
238
241
243
247
252
246
231
242
252
235
231
231
233
232
220
203
203
214
203
204
179
203
205
190
204
192
201
196
201
191
196
178
190
186
172
168
156
157
169
166
149
160
156
151
157
149
131
139
131
131
117
118
120
116
132
92
107
100
99
114
90
101
96
97
103
97
86
98
120
117
133
130
145
146
149
153
153
156
170
166
160
156
147
145
160
150
159
160
166
168
167
171
177
177
187
175
178
178
166
184
175
184
170
181
184
189
172
179
172
172
160
144
146
135
142
132
117
108
81
84
71
50
48
51
31
34
39
19
15
20
2
-3
10
-4
4
9
10
4
14
22
17
33
27
18
6
12
15
1
4
3
13
5
1
-12
-24
-21
-48
-60
-65
-88
-76
-91
-94
-91
-88
-89
-85
-105
-106
-99
-114
-112
-125
-112
-122
-126
-125
-135
-133
-150
-163
-168
-156
-163
-175
-178
-183
-187
-179
-187
-180
-183
-182
-181
-185
-196
-191
-190
-190
-191
-195
-193
-182
-166
-170
-167
-157
-166
-154
-169
-164
-170
-166
-172
-169
-173
-189
-172
-182
-179
-187
-185
-180
-183
-176
-177
-182
-167
-182
-147
-153
-148
-146
-149
-144
-146
-137
-154
-160
-163
-151
-154
-161
-155
-145
-134
-134
-143
-135
-135
-153
-144
-149
-156
-166
-175
-154
-165
-149
-148
-135
-134
-120
-114
-106
-87
-94
-79
-92
-88
-66
-51
-55
-44
-38
-26
-9
-20
-4
-14
-9
-26
-23
-32
-36
-26
-38
-29
-32
-36
-39
-49
-67
-64
-69
-54
-61
-68
-58
-58
-67
-47
-75
-73
-73
-78
-79
-106
-84
-92
-85
-105
-115
-109
-110
-100
-122
-104
-105
-124
-99
-105
-89
-93
-105
-98
-97
-100
-86
-93
-81
-77
-74
-68
-78
-65
-63
-77
-59
-68
-63
-54
-63
-57
-68
-73
-75
-59
-66
-57
-64
-71
-54
-62
-51
-49
-83
-67
-82
-82
-91
-103
-111
-96
-114
-121
-126
-142
-131
-149
-143
-150
-162
-168
-171
-168
-187
-181
-183
-199
-204
-214
-218
-205
-202
-197
-211
-200
-214
-209
-206
-211
-213
-201
-204
-198
-189
-190
-190
-170
-171
-160
-156
-159
-149
-136
-137
-145
-138
-140
-138
-142
-135
-134
-127
-131
-111
-114
-117
-103
-111
-93
-114
-94
-115
-109
-103
-117
-116
-124
-127
-131
-118
-137
-130
-139
-137
-143
-144
-155
-149
-161
-140
-151
-137
-144
-121
-121
-108
-113
-98
-81
-84
-58
-47
-51
-42
-18
-16
-2
9
13
33
37
55
60
68
66
88
103
98
116
97
109
124
117
116
116
125
121
136
130
134
142
136
147
141
147
149
159
161
178
181
188
202
218
227
221
240
242
231
250
236
267
244
250
246
260
265
258
268
260
256
263
264
272
269
281
272
287
282
285
297
281
307
288
312
292
323
319
321
322
318
331
323
328
321
308
324
294
293
284
265
267
238
235
213
203
197
187
179
151
157
155
154
149
138
136
124
144
114
118
119
125
109
104
122
89
98
88
96
89
85
83
65
85
68
67
55
61
60
66
52
59
58
73
77
67
83
87
90
85
91
78
94
87
79
77
69
71
58
45
42
45
38
38
17
-4
5
-12
-14
-38
-57
-46
-44
-59
-66
-75
-70
-80
-87
-102
-102
-129
-123
-107
-119
-113
-133
-115
-111
-106
-111
-106
-111
-102
-94
-109
-85
-81
-97
-58
-89
-85
-78
-81
-89
-85
-82
-74
-72
-65
-68
-65
-53
-59
-59
-86
-93
-90
-99
-101
-96
-104
-108
-102
-93
-103
-112
-111
-131
-117
-127
-134
-149
-165
-151
-157
-148
-162
-142
-139
-126
-135
-121
-140
-112
-111
-116
-117
-123
-112
-122
-114
-104
-101
-115
-84
-73
-71
-63
-43
-41
-11
-25
-11
-8
-15
0
2
-15
-6
-1
0
-9
-3
4
7
1
-3
35
29
35
21
50
48
39
39
36
29
11
7
22
27
5
4
4
8
11
-25
-3
-18
-18
-23
-21
-39
-32
-40
-13
-22
-8
1
-8
7
10
21
27
42
47
57
65
71
93
90
103
125
123
131
142
152
159
149
161
172
166
161
167
187
177
184
185
179
183
206
172
199
186
200
211
207
194
197
201
169
190
149
141
137
128
129
102
99
96
88
92
90
82
80
78
77
69
73
69
85
83
86
99
95
116
107
114
104
126
103
110
100
116
112
112
111
117
123
116
131
92
102
87
70
77
48
39
34
15
14
21
-7
-20
-19
-39
-48
-79
-84
-96
-109
-131
-134
-165
-160
-170
-199
-212
-220
-219
-236
-262
-253
-228
-247
-232
-222
-231
-233
-224
-223
-240
-228
-234
-225
-220
-222
-201
-176
-173
-186
-187
-175
-169
-168
-150
-158
-165
-173
-147
-155
-161
-125
-142
-152
-150
-148
-158
-140
-142
-156
-142
-130
-132
-150
-155
-166
-140
-169
-190
-178
-179
-182
-188
-182
-196
-199
-208
-209
-216
-211
-208
-232
-208
-203
-202
-217
-216
-188
-187
-196
-173
-165
-152
-152
-145
-133
-137
-117
-114
-97
-103
-91
-72
-68
-53
-24
-2
1
39
40
39
65
90
79
107
119
117
150
140
157
153
153
151
160
141
150
140
142
144
139
155
110
126
125
129
93
107
102
101
85
98
90
87
108
99
112
143
154
165
171
203
226
227
233
237
275
265
245
258
298
274
277
273
303
285
280
292
278
304
281
276
285
309
304
270
280
279
278
258
245
245
245
234
235
232
216
225
209
218
219
218
213
204
212
213
190
177
165
167
148
144
133
123
113
106
101
81
101
101
96
84
83
102
96
75
72
86
86
89
87
85
82
79
74
94
78
90
88
95
80
77
83
73
78
74
57
49
70
54
43
29
38
27
39
10
12
10
-12
-6
-36
-20
-63
-55
-65
-59
-64
-101
-89
-101
-116
-135
-138
-163
-171
-171
-184
-202
-230
-235
-230
-228
-229
-228
-229
-211
-197
-205
-217
-232
-207
-201
-193
-199
-202
-178
-161
-170
-159
-155
-143
-142
-132
-116
-119
-124
-119
-107
-92
-108
-107
-80
-83
-73
-66
-77
-76
-71
-72
-57
-73
-81
-81
-97
-90
-98
-100
-93
-70
-62
-44
-66
-38
-29
-20
-23
-13
-22
2
5
0
4
-8
5
28
48
39
53
82
87
103
94
103
128
147
168
174
155
180
197
178
184
188
193
191
220
197
197
178
176
194
188
188
187
188
183
168
154
133
146
125
126
116
114
110
102
104
86
103
100
99
80
83
77
56
27
34
44
50
27
37
52
46
36
40
37
41
26
27
23
8
8
32
20
0
13
18
8
0
22
9
12
20
50
37
77
84
99
92
76
29
11
-14
-24
-56
-69
-65
-54
-68
-84
-55
-63
-69
-62
-64
-67
-89
-101
-93
-106
-123
-120
-141
-136
-115
-135
-159
-161
-150
-153
-130
-118
-116
-123
-101
-100
-114
-134
-140
-128
-139
-141
-145
-125
-137
-119
-103
-74
-79
-52
-25
-24
-23
-17
-18
-38
-38
-9
-34
-20
-26
-31
-45
-70
-60
-74
-70
-55
-59
-59
-90
-76
-75
-105
-104
-100
-119
-146
-159
-166
-179
-180
-196
-180
-192
-186
-193
-185
-186
-196
-170
-183
-163
-178
-165
-158
-145
-124
-133
-121
-111
-115
-98
-97
-107
-92
-85
-66
-41
-49
-41
-32
2
2
-9
-5
-7
-6
-11
-24
-30
-8
-9
6
-3
17
-15
4
11
18
23
8
32
23
31
17
12
14
7
-3
-3
9
-25
-12
-2
9
0
19
11
11
28
4
50
69
67
105
130
119
124
144
145
146
129
124
123
124
110
113
112
117
114
120
139
143
180
153
145
138
135
105
95
89
88
75
67
51
71
38
33
24
23
14
15
6
-9
-28
-66
-71
-92
-124
-137
-123
-157
-153
-162
-156
-123
-121
-131
-122
-120
-139
-136
-128
-144
-145
-157
-165
-162
-168
-151
-144
-156
-153
-149
-140
-162
-135
-143
-156
-180
-169
-160
-164
-155
-140
-121
-108
-101
-82
-95
-127
-106
-119
-136
-130
-95
-113
-103
-104
-91
-92
-94
-113
-90
-110
-134
-142
-138
-163
-148
-156
-163
-150
-154
-126
-133
-115
-114
-85
-64
-89
-59
-52
-79
-62
-61
-43
-65
-57
-28
-22
-31
-30
-34
-13
-26
-18
-8
-10
-22
-18
-5
3
-10
-5
-4
22
13
10
4
14
26
20
20
25
17
39
42
36
43
39
42
39
79
84
69
73
93
95
105
104
79
99
102
125
104
107
141
121
139
140
146
160
169
145
177
187
183
179
186
205
193
168
156
185
158
160
160
171
178
166
187
201
198
201
233
240
276
270
268
270
281
272
257
265
260
290
273
277
318
295
303
292
282
273
276
263
243
228
234
215
211
203
216
212
202
186
171
163
139
134
135
108
81
94
51
40
39
37
13
24
38
34
30
43
39
51
22
19
11
18
22
55
81
60
112
104
119
141
128
111
135
143
123
106
102
124
107
94
106
129
87
88
73
63
67
57
86
115
120
99
93
105
101
79
71
80
88
79
81
68
68
58
49
46
32
19
30
11
29
19
-2
27
16
-18
1
7
-14
-41
-12
-11
10
15
24
28
22
24
26
23
2
15
27
39
56
78
59
27
21
1
17
16
21
-20
-9
-1
-2
-3
16
14
0
-12
20
48
29
22
36
33
39
33
47
44
32
58
57
40
22
45
29
38
71
69
68
64
71
49
47
30
58
83
52
53
62
33
37
43
85
85
95
94
99
105
95
96
91
111
106
86
78
64
41
43
27
11
5
12
-2
-6
18
28
16
21
42
50
53
56
51
42
24
22
36
30
16
12
6
36
31
46
41
46
60
86
61
73
78
54
36
33
28
21
10
-11
30
31
26
16
31
34
50
33
28
10
-28
-12
-24
-60
-66
-65
-54
-57
-58
-68
-103
-63
-57
-45
-51
-26
-34
-33
-36
-40
-67
-89
-69
-81
-107
-116
-107
-107
-96
-87
-92
-101
-72
-71
-67
-74
-54
-76
-89
-72
-43
-36
-55
-31
-5
-8
-38
-46
-36
-66
-40
-24
-41
-40
-16
-18
-40
-35
-47
-32
-45
-36
-39
-67
-81
-110
-82
-94
-89
-95
-79
-75
-91
-109
-104
-66
-62
-64
-78
-86
-90
-94
-114
-120
-129
-142
-150
-140
-160
-188
-173
-187
-188
-191
-192
-191
-191
-168
-157
-168
-151
-103
-106
-112
-110
-111
-135
-141
-134
-158
-161
-138
-121
-105
-97
-54
-42
-33
-44
-18
5
-31
-38
-40
-37
-56
-55
-45
-53
-36
-39
-35
-33
-23
-46
-45
-57
-48
-43
-60
-62
-52
-61
-73
-80
-100
-66
-89
-88
-119
-140
-152
-185
-203
-215
-230
-240
-261
-253
-242
-237
-225
-222
-211
-204
-227
-240
-236
-230
-235
-243
-249
-252
-232
-262
-257
-254
-224
-202
-205
-176
-166
-184
-165
-140
-145
-124
-146
-143
-145
-165
-184
-188
-183
-175
-152
-146
-133
-127
-125
-112
-103
-114
-117
-122
-138
-173
-176
-191
-187
-177
-171
-161
-165
-167
-146
-144
-110
-89
-78
-66
-77
-87
-112
-126
-147
-131
-113
-116
-84
-89
-91
-85
-71
-14
0
12
22
23
-4
11
-9
-12
-11
-4
26
62
39
46
66
86
84
106
136
112
90
89
95
80
89
67
72
76
78
60
59
76
90
115
110
105
94
88
81
93
66
31
21
34
30
13
13
25
38
49
64
59
89
94
106
103
91
92
48
61
75
63
49
49
64
85
78
73
96
128
141
111
135
131
116
105
97
118
95
84
108
106
105
103
100
152
134
148
156
145
161
164
177
160
169
143
135
137
115
116
121
115
131
131
112
108
119
136
148
146
172
187
186
180
176
170
169
173
160
161
137
136
133
155
182
174
199
220
220
212
195
189
186
176
181
159
154
143
131
144
132
156
154
162
156
169
138
111
109
105
102
91
77
74
74
61
59
39
52
71
70
69
81
90
67
61
57
35
8
3
20
22
8
17
2
13
29
33
43
42
51
46
50
34
8
7
-7
-8
-15
-32
-23
-19
-23
2
3
2
3
-14
-18
-27
-47
-28
-41
-51
-74
-74
-73
-88
-72
-60
-45
-32
-38
-41
-43
-30
-10
23
5
6
1
-18
-14
-22
-13
-33
-32
-16
-16
-19
-24
-15
-7
3
23
22
20
22
38
41
39
60
62
