8398
6105
8982
6297
15040
10695
10507
9182
434
6980
6690
6038
2888
2138
1842
55
458
-290
-3437
-1629
-2742
-9710
-11190
-5558
-7896
-8730
-9573
-10772
-9615
-10163
-17193
-17268
-10819
-16376
-11866
-6062
-5877
-758
2334
5185
5792
8103
6670
11412
10619
8922
10185
11737
11193
10523
7832
13661
14202
13883
14658
3480
2217
2830
-2802
-973
-3947
-4774
764
4534
400
-1685
-962
-2803
-2515
-3150
-3936
-4368
-4855
-6024
-7499
-14982
-15919
-16809
-16821
-17304
-13816
-12655
-13113
-9974
-7759
-7919
-5672
-831
-911
3113
5875
9331
13019
12467
15360
16586
16009
16842
18945
19275
20538
17907
18029
19421
18728
17645
18094
15464
16121
11881
2744
10133
5835
6064
6438
3698
6399
3159
3309
1684
-437
-1289
-2020
-3024
-2890
-5582
-6918
-8067
-9111
-7830
-9172
-9789
-8252
-8481
-7383
-8542
-8922
-7855
-7750
-4510
-5524
-3509
-1058
-3400
-626
3658
6332
6383
5534
7848
9030
10352
11223
9333
13185
13742
11869
11333
9987
9816
7703
6792
3657
2792
-5757
-3945
-2216
-4961
-668
-4827
-5254
-6334
-5051
-5972
-7334
-7515
-8250
-6866
-5099
-5808
-4998
-1418
-918
-896
-2684
-521
949
-2469
-3469
-4057
2635
2862
2279
449
1516
1422
3083
4621
3252
6439
7013
13147
11939
10266
7889
7197
8674
9900
9931
13027
13408
13960
12815
11613
9484
8610
7432
7601
6931
-3146
3245
1487
370
1669
-2066
-1064
-2133
-1603
-2431
-2143
-5338
-4773
1265
1495
1756
-391
-469
661
-688
-2286
-880
-713
-2503
-1970
-1454
-3608
-2462
-4823
-5234
-4942
-12307
-5776
-10877
-7781
-1758
-2889
56
-1175
6882
7264
7228
6453
7655
9183
9135
2875
2979
2509
70
1405
2180
-70
-488
-5063
-6564
-3064
-2461
-591
56
47
988
3482
5485
7939
8242
7591
7689
6311
7409
5195
4820
6200
6331
5884
5846
6168
3559
3288
805
-768
-2082
-3256
-5248
-5088
-7312
-4794
-5985
-6154
-1790
-353
5267
3980
6953
6452
7058
6568
5945
7037
8381
6103
5979
3998
3017
6904
3276
2092
876
-301
-6132
-2525
-2437
-3051
-857
-1127
927
1051
3580
2087
1422
446
-891
-590
-1366
-1479
-2725
-4903
-3344
-3993
-5252
-5554
-7182
-6774
-8707
-10530
-12209
-6552
-7272
-8356
-9796
-8175
-6005
-10550
-11370
-8566
-8633
-4758
-5883
-5430
-2255
-3423
-4443
-4463
-3594
-122
569
2934
2038
2982
4468
5751
7253
12245
8168
5283
10400
10061
13125
13923
14124
13160
12169
11272
10766
10154
9720
9265
7323
7645
6832
5004
3389
2535
2655
1798
447
1070
-342
-2429
-2505
-5009
-5994
-7288
-8196
-9623
-6395
-7628
-9873
-4211
-4235
-2954
-899
119
1109
1525
1635
2195
2433
5580
6683
8865
8062
8467
8718
6991
6541
6562
2722
2628
9417
9941
4267
4930
4259
4555
4470
7184
7339
7663
6282
6411
5200
4299
2667
2113
134
-1879
-1339
-3176
-2874
-4704
-5255
-6965
-9881
-11751
-13663
-15944
-16964
-19151
-18929
-14664
-18200
-11433
-8498
-5240
319
-1809
4387
5377
6168
10791
12205
13867
14218
14123
14353
13241
13105
12650
13036
12420
14068
12024
12332
12306
10840
12554
9175
8876
8064
6987
5473
11062
9923
7975
7096
7192
6185
4480
3327
1943
1523
-1222
-1955
-2990
-4493
-6467
-8286
-9745
-10185
-10326
-12600
-12185
-13530
-8078
-9447
-9731
-4489
-5859
-2028
1235
2779
2109
-1642
866
710
2483
3342
4986
5695
5769
5500
6515
6444
13177
12538
8808
1899
9347
2531
4091
2620
2296
2256
111
355
-664
-360
298
-924
-2013
-3074
-3929
-6145
-7943
-9734
-11674
-13625
-13376
-12834
-12581
-12539
-10771
-10776
-8392
-7558
-7666
-6712
-3934
1270
-5015
-1179
2150
4208
7050
6886
11985
12005
12344
11779
11802
10885
8414
9732
9605
17555
10867
10101
10595
11732
10171
7609
10257
10684
11695
10039
8769
7678
7145
7528
4942
4460
2634
1424
-276
-1183
-1609
-2569
-4325
-5163
-5867
-7593
-8123
-8825
-9605
-9604
-10562
-11306
-12472
-13042
-13846
-14189
-15355
-12591
-8595
-14083
-6880
-6162
-2252
4875
2222
4075
3402
5432
6556
11791
10326
10806
11817
11932
14114
11459
11759
9372
9981
5540
4648
5060
5098
5301
3160
3388
1004
-57
-1544
-3107
-3509
-3116
-3462
-1685
-1566
1245
1776
877
283
-865
1935
37
-2491
-1446
-3885
-4776
-3625
-4483
-5172
-6042
-5300
-5731
-2233
-7284
-5421
-1873
-3588
1002
-1155
2641
5677
5953
7942
9760
11597
14017
13401
12842
16420
15704
15191
14255
14075
11641
7597
7877
7197
7821
7486
6001
5518
5061
4893
1941
982
-366
3984
4378
2419
2395
812
-99
251
-1591
-2186
-3651
-9868
-10299
-10548
-4484
-6611
-9042
-10062
-13436
-13737
-14744
-11185
-6591
-15385
-13227
-10060
-9467
-1725
-3802
-406
-364
2174
4950
4757
6795
9171
7099
8098
8890
8967
7717
4999
5956
1675
-547
585
733
2180
2425
8361
13044
12278
14133
14656
12478
12773
11132
11927
9713
2881
1601
797
91
-2077
-1407
-2354
-4522
-181
-2085
-3945
-5086
-7585
-8765
-8136
-9992
-11123
-5968
-5727
-6200
-3415
-2174
1923
4905
4716
6214
7015
8920
10105
9544
9921
3111
5744
5782
8750
9811
9340
9838
9888
7368
2960
6914
5592
5763
4654
3565
4673
3695
4197
2979
3697
3494
3760
2179
-115
-858
-3045
-3647
-4067
-5997
-6073
-8874
-9927
-8722
-12012
-13637
-12317
-15018
-16478
-15177
-15264
-13551
-9817
-12662
-12940
-5936
-5309
-4135
715
381
-2612
3113
1822
-549
7837
8178
8689
12600
14695
17897
18629
21393
20317
20504
17329
14733
17118
14136
15330
14314
14017
12783
11420
12485
10792
9617
8102
7361
5705
4571
3157
1781
183
-2579
-3409
-2947
-4622
-5478
-7245
-6626
-9895
-9886
-7972
-11566
-11753
-14969
-12919
-11708
-14053
-10275
-9931
-4428
-2613
606
4122
6130
9965
11122
11417
14197
14050
14802
16631
13774
16804
15708
14781
14833
15415
9629
9749
10842
7538
9205
6167
5782
4364
1970
1253
-75
-332
-2083
-3727
-3729
-5604
-6088
-8397
-7978
-10159
-10846
-8710
-11196
-9724
-11406
-13209
-15345
-17154
-18416
-20356
-19515
-19806
-14069
-13925
-12989
-3876
-2126
1395
6325
11280
16509
17614
17533
17847
19887
20046
19926
22819
21938
22498
20290
20787
18960
20420
15954
10740
15514
10243
10764
7928
5807
4384
1562
825
4673
3635
3232
2927
-91
392
-2390
-4697
-4289
-6695
-7683
-7675
-8659
-16332
-15899
-15785
-15899
-15901
-15508
-16022
-8956
-9503
-8393
-4409
-6382
-4308
-1165
2942
846
3571
5502
5768
7799
9281
10653
14341
12504
15464
17185
16205
17060
15016
13301
13084
11054
1658
4560
4578
824
991
-569
-210
-1478
-1553
-1901
-3410
-5997
-6964
-9572
-12120
-14034
-15088
-15317
-11969
-12968
-12385
-11558
-11018
-9523
-5397
-5147
-3081
-1387
572
959
-73
-576
1183
2530
-6589
1707
2212
7675
11004
11315
12921
12354
16230
13982
16376
15240
14039
14314
14739
14293
11468
13283
9171
11199
7253
123
5129
709
516
149
-2723
-876
-1848
-2639
-3772
-5332
-6911
-6029
-7328
-8671
-5286
-8628
-7507
-5348
-6813
-6660
-6327
-5007
-6431
-3789
-3451
-4765
-4413
-2938
-6093
-6618
-4824
-1586
-2109
-6783
-1991
-225
2324
4837
3092
3220
4160
5034
5629
5551
6809
5923
5414
6882
5752
5027
5439
3821
3098
-2515
-3602
-940
-3241
-1171
-2978
-3652
-5298
-5657
-5515
-6963
-3827
-1380
-554
-856
3238
4624
5811
5803
3287
3177
3297
4536
2011
703
1339
2492
-960
-1531
1401
-537
-2188
-1753
1279
-2304
-4191
906
4298
6111
9105
10273
10315
11815
11532
11391
10206
9884
10805
7281
8679
8716
6856
5113
3256
3556
-4656
-3393
-1917
-5770
808
-479
1117
939
1486
2831
1401
1165
1501
997
872
1488
1902
1126
1555
-5255
-5024
-3711
-4827
-1061
-2899
-3000
-1726
-2690
-3999
-5054
-6734
-6408
-6914
-3860
-6595
-13540
-93
-6728
-3358
-1027
-2090
1113
821
83
2153
1881
2553
1809
2230
2323
3053
2140
44
4012
3639
0
4967
4656
6763
10906
9721
11815
11267
9085
8167
8488
6777
7527
7876
5798
7462
6870
7306
7757
5330
6276
2125
453
1236
-1142
-2807
-4591
-4832
-6750
-8968
-8169
-8043
-8071
-5801
-10292
-6624
-1084
-2880
538
-591
1085
2100
2722
5051
5343
6013
6206
4801
5576
9384
8558
10573
8482
8792
3065
-600
1982
-856
9393
5951
5760
4670
5772
7633
6345
6597
5785
6026
2266
4960
-316
-1423
-1345
-3460
-2273
-2469
-2943
-3827
-6269
-5965
-8849
-10199
-9858
-10806
-13263
-14483
-15419
-15153
-12144
-15860
-12569
-8818
-9320
-4119
-2387
-1820
714
2032
5229
9031
10918
13291
14045
14369
15213
16452
17773
15132
16954
10492
10914
15742
10510
13780
14398
14920
12809
12261
12826
10597
10774
10864
9472
8673
7377
6149
5011
5198
4421
2018
2549
1155
23
-1089
-2780
-4133
-5840
-8874
-10209
-11983
-12958
-13806
-12777
-12475
-15035
-11121
-7850
-5173
-902
-926
61
1694
1539
3703
7145
11310
9614
9467
9899
10442
12103
12709
10746
10269
6208
2379
7743
6632
7069
4314
1948
1452
604
926
681
560
-973
-3231
-3963
-2707
-4863
-112
-1254
-2398
-3479
-4037
-5750
-7299
-9668
-10153
-11131
-12363
-12593
-12208
-10808
-8933
-9475
-6593
-6141
-5420
2948
3130
4237
7914
10346
11629
10480
5833
13077
14877
16929
14748
14028
18044
16786
7465
12101
9748
12317
7250
4779
8351
4955
6981
6860
8774
7768
7180
7185
6669
6990
6716
4487
2682
759
-980
-1604
-3580
-5583
-7455
-8942
-10328
-10556
-10511
-4966
-5889
-6752
-7567
-14406
-15041
-13834
-13630
-10644
-10941
-9642
-4108
-865
865
2412
6734
4755
5775
8133
4585
7984
9318
7462
8955
8187
10880
10029
9644
9074
6364
971
173
5663
3521
4247
3344
2862
2865
2440
1283
21
-873
-3596
-4487
-6088
-6383
-7689
-8149
-6453
-5291
-3349
-2087
-1122
1826
422
-1599
-2120
-4857
-5100
-5256
-5658
-6833
-6774
-3305
-7435
-5295
2034
1129
3981
5888
4523
4617
7864
6113
7236
10945
8621
9261
9037
9290
7491
6798
8629
8804
10501
4368
3931
6288
4203
6108
4020
4281
5217
4120
3705
3963
1667
432
-1261
-3053
-4105
1954
1748
602
811
-181
-6739
-7579
-8074
-8181
-7753
-8215
-10716
-10426
-12308
-12414
-12535
-16190
-10737
-16006
-13893
-6324
-10735
-7281
-3575
-6451
-2671
676
849
4035
2693
2456
-459
2791
5722
3984
2158
2624
1055
4254
1196
-4294
2114
405
4679
5149
6339
8508
7348
11356
12573
14291
12035
12165
11618
9790
8834
5681
4671
2859
2291
1170
770
-133
-1896
-2733
-6710
-10394
-12221
-12973
-7378
-14843
-13237
-11144
-13805
-12176
-7292
-6483
-537
-966
-2504
186
-418
338
6906
1627
10104
2216
11887
11110
9578
12197
6611
5789
6704
4268
2599
7465
6024
7408
6810
5750
6986
7664
8170
7701
7948
7302
5929
4378
4207
1399
-616
-1138
-2257
-2834
-3890
-4098
-5223
-6717
-7137
-8495
-9572
-10247
-12602
-12243
-17208
-17953
-13816
-18931
-11859
-8051
-10288
-7114
-5981
-5618
-4207
-3681
-3675
-1937
-1563
-836
1715
9881
10966
14889
14504
16679
19926
17876
12445
12371
16702
14609
16693
14570
14941
12976
13467
11198
10177
9089
7181
5928
2894
2903
1659
1199
-642
-2156
-4320
-5880
-6050
-7082
-8852
-11229
-12783
-8153
-8959
-12148
-10576
-12532
-10270
-8016
-13603
-6831
-5910
-3943
-1138
-5174
-1748
1122
4262
3370
7814
8242
7274
8953
6321
8162
9476
11989
10051
11136
10628
4746
11284
9418
10170
10231
7791
7256
6060
6480
4947
3398
2901
2127
902
839
-506
-2268
-3756
-4857
-6581
-7830
-9461
-7641
-9131
-12951
-12927
-13965
-15901
-16465
-16080
-17969
-19983
-16528
-16694
-16142
-10047
-5512
-537
120
4433
11269
13028
12985
12917
15997
15915
16932
19925
17136
18109
21975
21264
18728
21901
16973
14002
16972
13558
13719
10343
9847
7752
6695
6642
4594
4979
3398
2135
12
-1803
-2564
-3975
-6073
-7921
-9926
-12029
-14062
-14001
-8305
-10240
-10198
-11324
-11406
-13275
-12504
-11805
-11623
-7867
-9594
-14196
-7923
-3664
-1072
8400
2917
3289
5907
3220
4684
8901
14947
17303
15135
16204
16535
14490
15651
14047
15972
394
924
2276
216
1819
-1446
-882
4495
3420
2613
1546
-607
-7591
-7726
-8724
-10476
-11753
-13296
-11037
-13148
-13692
-13224
-13331
-10143
-11525
-8312
-8635
-7467
-5629
-4899
-3807
-4907
-570
490
-351
1108
5934
7081
9261
13976
12728
15513
17626
17956
18403
16446
14947
15277
15138
15505
13833
12708
11368
13571
9643
5943
11085
8062
9595
7734
5740
5815
2888
3272
2768
749
351
-1243
-4198
-4484
-4256
-6504
-8160
-7721
-11914
-12323
-13046
-12282
-11232
-11750
-11582
-11404
-9478
-10573
-9872
-9137
-5611
-1228
-1345
-5322
-3013
1883
1883
6759
7133
7697
9286
10195
12808
10696
11155
9867
8556
7593
7900
9435
5335
4061
1244
-1171
1743
1746
161
-1739
-3205
-2246
-3384
-5468
-6201
-7606
-9266
-7404
-6945
-6080
-7213
-7345
-2415
-2768
3755
-3150
4285
3329
-3015
-1922
-3562
-4317
-4409
-3057
-2862
-41
538
-1123
1408
-274
-1112
3889
5727
7660
9584
7618
9719
12020
11575
13095
12224
10438
10567
10181
11342
12661
10462
9399
6151
4194
3648
3620
3476
2080
1848
93
-622
-1509
-1665
-2567
-2589
-3533
-5405
1519
-678
-1509
-452
105
-601
-1406
-254
-673
-1896
-3585
-4022
-3167
-4154
-5027
-4040
-5438
-6324
-6702
-6165
-11803
-12349
-12369
-6179
-2000
-1777
1724
1545
3839
4914
6281
7642
6627
4630
2883
3037
2495
1395
-2030
-3931
-3900
-2468
-167
349
1739
3008
5754
9366
8206
10131
11336
9127
7301
5509
6075
8160
8178
7022
6877
6252
5716
3768
2256
2261
2236
639
-1946
-3295
-4256
-5478
-5052
-7882
-5602
-6173
-4762
-2800
-7707
-961
-74
1987
5029
4800
3251
5139
6338
5233
5239
1464
2837
2785
3995
4313
7560
7954
8030
7802
7070
9190
7783
7796
7138
6802
6182
5554
4462
2644
1883
2950
1586
-141
434
-693
-2498
-3926
-5786
-6087
-5870
-4590
-3918
-6263
-6110
-5877
-6305
-8147
-8932
-8848
-10178
-9895
-10943
-7765
-9902
-10422
-7434
-7428
-6864
-6693
-4235
-6888
-4943
-2857
-2379
2174
5697
9916
10134
15247
14284
17510
17596
15319
15988
14188
9610
8866
14533
14458
14305
11611
11029
15195
5435
3920
5637
3666
3366
3140
1889
141
184
1768
869
740
18
-485
-2419
-3721
-6636
-8926
-10624
-13198
-7888
-9481
-10315
-11488
-8528
-12008
-8208
-3393
-2365
344
1755
-2198
-999
1207
4030
5431
4280
5802
7102
7095
6585
8688
7787
5140
4758
10797
10424
9485
9423
6695
-584
3745
2756
2810
2490
2606
1485
146
913
-1293
-1035
-3349
-4464
-4332
-6731
-8251
-8650
-10827
-10725
-10789
-12320
-12028
-12876
-14303
-13999
-15701
-15672
-15221
-12839
-9886
-12010
-5832
-779
614
7126
11797
10088
12030
14926
15628
15875
14240
14393
18613
15778
15297
17238
13427
11907
10938
11220
9125
9883
11330
9507
7947
7348
6268
5346
3622
4008
3783
5667
5217
4044
6604
3319
1772
11
-485
-2434
-4065
-4380
-5750
-6746
-8041
-8173
-9687
-10035
-10466
-10586
-10049
-11578
-8075
-11781
-10825
-5416
-6063
-2908
-1851
-790
1359
1310
2799
4946
5413
5092
4086
6576
3368
5805
6547
4720
2214
-171
9944
7799
7236
8156
6766
3863
4366
3214
2929
3337
1186
564
2095
537
-2671
-1729
-10244
-9935
-10332
-10460
-9726
-9399
-9055
-9895
-4003
-7432
-2188
1423
-1761
354
-3506
-834
-177
424
-1336
17
4443
2879
6096
6506
6069
7341
8503
8438
16194
16435
13703
15512
14141
15639
15152
14413
14131
12505
12787
11436
11593
3644
2994
3341
4332
4313
4281
5060
6243
2861
386
1159
-651
-2307
-2066
-3398
-3234
-2600
-2792
-3125
-4261
-2914
-2853
-3768
-4507
-4572
-7103
-6489
-9320
-10900
-12269
-12507
-8228
-13124
-8249
-2103
-3006
2257
3522
4362
5598
6176
8483
7784
6848
5749
6388
3676
6623
7525
4241
3775
2858
1042
-65
-394
-1270
-1726
-5666
-4304
-5329
-5993
-7256
-7493
-7351
-113
3561
2086
5166
6543
8352
7496
1203
3667
1991
2458
1644
1185
26
-1032
-3037
-6363
-660
-1147
-1787
-8820
-6488
-5659
-8075
-3581
1055
1577
5737
7812
8280
9960
11681
12169
10542
8998
10791
10084
10133
12447
9885
8278
6689
6792
7562
6166
5528
6398
8004
6218
3542
3465
1512
-323
-603
-1643
-2596
-2543
-2846
-2505
-2787
-3204
-3593
-4753
-4262
-3709
-4858
-6104
-6661
-8132
-7774
-8477
-8519
-9368
-8379
-9954
-9607
-6393
-11225
-9182
-3494
-3243
-939
-534
-1697
-140
-426
1754
3145
-828
-269
1051
-1382
2747
1574
-86
2666
3623
3464
4459
11883
9302
7525
12762
13597
12928
11967
10116
8587
7627
7342
6990
5699
4486
4443
2825
9320
8281
7208
6345
-1556
3479
1423
840
-6791
-7115
-9509
-10676
-12548
-10431
-12139
-8691
-7631
-9188
-1271
-3071
-2295
2426
2300
958
1602
1017
2310
1974
625
1175
3261
2532
5971
7771
6017
8095
6449
6272
5507
3429
9369
10670
9170
8634
8004
8545
10167
8453
6706
5726
5434
4673
3381
3700
2892
2076
259
-1474
-1086
-2004
-2534
-4434
-5751
-6421
-8288
-10580
-10784
-12635
-16502
-19143
-12853
-13279
-15607
-5959
-11390
-7969
-4802
-5020
-2195
-1570
772
1894
5792
4302
5754
11449
12365
15981
14570
13530
12148
12390
13007
12862
12169
8990
16632
9033
15386
8289
6810
6360
6451
5803
6202
5735
5533
3259
2932
2734
2348
1649
849
600
-1539
-3692
-6121
-7587
-7278
-10441
-12537
-14858
-17318
-17540
-20356
-16107
-19349
-17292
-12243
-10058
-4833
-4649
734
1875
3745
6726
8356
8726
9546
11627
11993
15337
12494
13252
13056
12591
13264
11018
11728
11789
10875
9177
11371
9449
9114
8650
6664
5994
2074
1403
635
33
-5
-1567
-1252
-1757
-3282
-5681
-6349
-5976
-8217
-10098
-12147
-13975
-15519
-15444
-18717
-18619
-18693
-18761
-11288
-13784
-7700
-498
527
7640
7561
7952
12193
14524
13793
16323
13519
13890
14713
12730
16569
14123
12292
11968
12267
12144
11650
10339
8722
8838
10011
8929
6725
7005
6021
6392
6293
6471
4822
3659
2801
779
-1461
-3633
-4115
-6557
-8803
-8842
-10574
-11665
-10902
-14443
-14585
-16777
-12883
-12716
-11636
-12140
-9520
-8425
-16696
-10363
-9671
-128
4501
6034
5610
7500
4771
4375
6019
3614
6738
11323
9290
12664
11498
9568
9910
9973
11354
10566
10204
8319
7154
5574
5003
4381
3363
2632
1178
-2593
-4796
-5855
-9477
-10137
-12588
-13944
-7163
-6531
-6410
-8183
-3585
-5809
-3343
-364
-10022
-9721
-8880
-7765
-10842
-8489
-10174
-5560
-9923
-2697
7426
5304
9285
10414
11193
11760
12589
13141
15257
14630
12077
13495
14538
16200
17407
17479
13559
13525
15473
6243
6391
5429
4855
5071
3900
3781
2776
600
-1138
-1526
-1827
-2530
-1663
-1938
-2364
-2306
-1873
-1839
-2701
-1539
-4117
-4868
-5772
-6915
-6313
-6771
-7362
-7564
-10138
-8633
-10994
-11696
-5765
-9325
-4952
-3385
-1279
2760
2117
5886
7377
7701
7395
10161
9037
7861
10991
10371
10429
11949
9885
7554
9000
8784
7459
5726
3744
3107
2190
658
-1966
-1019
-1144
150
1850
1196
5237
5677
4901
5347
2523
4038
3070
2906
-128
-3683
-1733
-3820
-1327
-3843
-4653
-5449
-6737
-8770
-6734
-7364
-8282
-4005
-7981
-3228
-1504
-388
4273
5148
6891
7318
7094
11773
15233
13818
12124
12014
11346
11538
12030
8934
8614
8020
7531
5975
3859
2178
3167
2479
2409
2083
-45
1091
-1505
-2223
-1868
-2882
-4783
866
1394
141
-6347
-7782
-8728
-8795
-7469
-9436
-11687
-11003
-13357
-15179
-16437
-17179
-11425
-10432
-12162
-8902
-10042
-10251
-9475
-10457
-7295
-5902
-4135
-1300
-2149
-2184
-1243
2879
284
760
1412
-14
3526
2732
3635
6534
5969
6528
10270
9585
10928
11214
8704
8289
13868
14614
13580
12772
11166
11068
10968
9082
7085
5571
4133
3227
5077
3037
326
687
-7219
-9427
-8496
-5866
-7829
-8021
-9220
-9977
-9515
-10167
-6646
-11051
-6285
-2851
-51
5159
2594
4439
4556
3632
4378
7981
11585
11015
11921
14719
13549
14776
12362
12376
12485
11392
10645
7717
7017
5740
5630
4148
4734
4062
4445
2775
2235
831
-601
-2255
-5816
-6551
-5959
-5722
-8657
-8444
-10677
-12597
-12122
-12546
-13909
-13245
-14932
-16122
-16318
-18127
-17463
-19319
-16068
-14510
-15513
-11720
-9265
-9259
-7789
-5996
-4250
-718
7092
10035
16195
17263
19579
20059
17450
19564
20554
20491
20108
19767
17401
18352
18224
16892
16427
13561
6587
6144
6415
4556
2935
669
-464
-2451
-1716
74
-1387
133
-411
-2627
-2596
-3702
-3827
-3724
-5097
-5172
-7570
-8946
-9642
-10183
-10363
-8317
-11930
-8252
-8103
-10960
-3432
-1694
2630
6430
6736
7958
8950
7674
8775
6713
6604
8991
8728
8005
9023
8934
9679
9009
5359
7491
5471
5792
3903
3907
2847
1230
-1252
-5251
-5012
-7514
-4254
-7979
-9227
-9329
-10433
-10075
-11539
-9027
-9268
-7320
-8588
-8390
-10116
-11999
-12718
-12834
-11849
-10681
-10687
-9368
-7102
-8100
224
-257
2930
8349
7711
11649
13632
14407
14297
16020
16656
18901
17132
18333
19911
15584
14403
15317
14468
10767
9924
10050
9587
8112
6573
5290
3895
3965
2388
2410
2936
1319
-143
-1823
-2890
-4518
-9037
-9696
-8126
-8508
-8316
-9711
-9119
-10670
-11120
-9771
-10539
-11187
-5368
-7301
-6255
-6639
-6191
-6345
-5742
-1837
-5973
-396
2746
3002
5706
7194
9279
8288
9699
9719
12677
9678
10751
13245
11710
12806
11620
11741
8545
8831
7981
6389
4848
2644
-3427
-5681
-5079
-6785
-8187
-8707
-9202
-10285
-10106
-9105
-10039
-9439
-9995
-9241
-6828
-6382
-8010
-2119
-2006
-3355
-1438
-2891
-1576
-1391
-1495
-2767
-2905
-3715
-3793
-3059
-3066
-4218
-676
3675
5796
7661
8742
11752
11690
13265
13322
13488
11038
14040
15635
11636
15249
12541
11882
10214
9289
8079
4222
3092
3189
3390
926
-51
-406
-1808
-540
-989
-1391
-333
-1860
495
1225
1179
2787
2094
-114
-1061
-574
-316
-186
-588
-825
-585
-3484
-5230
-8080
-10747
-13449
-7018
-5368
-6933
-5714
-1338
1403
2323
4205
3977
5965
5693
-467
3597
1270
1188
7799
6479
5598
6093
4576
3279
792
356
-1316
175
-3166
-2795
-3216
-2750
1582
-1627
272
3488
1112
9308
11462
12357
11300
4179
6197
4441
5209
6389
6517
6662
5480
4901
2436
1609
1884
-2213
-4275
-3321
-5451
-5733
-6216
-8193
-6882
-7336
-4627
-1633
-2665
408
1090
1609
4645
3511
6263
1291
2707
8007
5971
5993
790
1213
-1971
5532
6699
3127
4573
4955
5143
5069
6044
5822
6118
6777
1328
1471
1932
1327
594
770
-144
-556
-917
11
-1244
-449
-431
-529
-1371
-4172
-1816
-2506
-4932
-6912
-7034
-8812
-8935
-8493
-8966
-10906
-9705
-6424
-6911
-4482
-5967
-4088
-2835
-5114
-2901
-2558
-6767
-2642
-2802
-3487
202
-1749
4066
7021
6147
8802
8155
9700
9123
8496
11316
9871
10193
10848
10600
9129
9364
9010
7367
7748
8427
7032
6708
5861
5814
5772
1543
1400
2950
578
-1064
-2292
-4237
-6488
-9122
-9531
-13110
-11989
-14611
-14238
-14082
-15492
-10407
-9249
-7624
-6511
-3600
-2640
-1312
1119
1
-927
4538
6843
6135
5985
4528
4937
5577
5655
4281
4846
13549
5581
5523
4874
2569
1584
2750
4898
4296
4992
3155
3307
2919
1423
-123
-4992
-5206
-4306
-4780
-6403
-7162
-6906
-9185
-8753
-9789
-10890
-11069
-13481
-14689
-15642
-15929
-14427
-14432
-15973
-10897
-6149
-1868
-1450
1222
5741
5562
8572
10507
10399
9506
15255
16468
15093
15757
13970
15797
17679
19190
16960
14119
12278
10201
10694
11051
8654
7480
7028
5027
6162
5322
5552
4104
1732
4812
4188
1625
1135
82
-877
-1575
-3299
-3959
-6820
-6860
-8082
-10079
-10437
-11183
-12031
-12281
-12546
-10730
-9464
-13766
-8217
-6503
-8350
-1148
-516
4543
5033
6836
8085
7864
6544
7709
14917
10983
12017
13578
10457
6252
5171
4925
5395
8598
6323
5748
5310
4039
6789
5917
1767
493
1495
939
-1496
-4515
-4906
-6940
-9030
-4116
-5288
-6875
-8055
-8637
-15725
-8563
-14355
-12096
-13251
-11259
-11270
-10581
-7450
-9428
-7199
-10012
-6818
-3517
-1765
-167
1630
6121
3748
6928
3803
5042
6553
5802
11207
13525
11993
11000
10235
9841
11780
11295
11698
9169
8154
6855
7526
5933
1351
3517
3036
2756
1638
1107
1608
1244
1460
957
736
-1043
-1767
-2054
-2741
-3302
-3514
-4696
-5485
-7325
-5715
-7768
-8648
-8575
-10649
-9960
-12292
-9407
-14256
-12871
-8873
-8460
-6242
-4770
-1935
-781
3650
4276
6154
7228
6463
7375
7528
6921
7044
7044
6626
5747
5918
6593
4683
2089
2327
4713
3598
1927
2366
447
-206
-561
-1077
-600
2268
3954
1875
4441
5937
7443
6538
4791
2446
-583
-647
-2420
-3784
-5008
-5212
-7334
-9329
-11149
-5194
-5181
-5717
-6287
-2473
-341
1622
2923
2569
8996
9559
3504
5310
6901
6949
8170
9215
9762
11664
9886
10180
9831
8852
7782
9779
9641
6262
5758
5453
4261
3068
2405
1324
553
-190
-463
-432
-275
28
437
-49
533
964
-1305
-83
-1543
-4353
-5210
-7202
-7070
-7999
-8885
-11567
-15767
-16168
-13683
-13714
-11706
-11843
-10191
-5718
-5183
-1535
-664
2278
3919
5636
6629
5228
6963
7686
9404
9113
7081
6092
6369
5683
5230
7025
7807
9375
9900
9560
11700
12457
14648
14106
10274
9407
7918
7104
4982
10894
9143
8906
7489
6794
5882
4405
4143
-793
-269
-1273
-2019
-4282
-7533
-8780
-5816
-7940
-9023
-7730
-9160
-13568
-15764
-7024
-6195
-5901
-1384
-2688
-1604
1523
1992
2502
6121
5139
5992
8648
9231
9845
9967
9053
10051
8211
7342
6097
12119
11067
11091
10555
9891
9809
8956
7989
7571
6352
5350
5412
2639
1292
-1064
-244
-8965
-8065
-5725
-7420
-7825
-7424
-8952
-11676
-9423
-9629
-11337
-11081
-12803
-14326
-13733
-13663
-11498
-10852
-10024
-7094
-7135
-4938
-1580
1953
1900
417
4047
8374
9912
13442
16693
18665
22269
20518
20167
20691
20949
19352
17725
16931
15489
15156
13881
12055
10808
9360
7341
5103
409
861
139
-2171
-2772
-3296
-2254
-5167
-8025
-7354
-2926
-5360
-2701
-4328
-6940
-6414
-8999
-16266
-16112
-16793
-14700
-15166
-13247
-10347
-12079
-7146
-4602
-3151
-1051
1371
7539
4573
4365
6387
5709
8531
10034
10866
10359
9675
9838
10647
13133
14148
13031
13357
13041
11239
9234
8545
6506
5184
3271
1100
-694
-3535
-4207
-6935
-7702
-6176
-8488
-8711
-9094
-11530
-7906
-7619
-10031
-12121
-12806
-12725
-16205
-17585
-17951
-17455
-20012
-19009
-19802
-14102
-10783
-13779
-3322
490
5421
10057
10116
14344
15018
15922
16851
17561
20210
21514
22854
22636
20369
19178
19262
17740
13094
12692
11790
10290
7153
4002
4344
458
827
1023
-592
-1574
-1929
-2634
-5718
-5200
-6696
-9515
-11231
-11091
-12202
-13102
-13165
-7318
-9033
-8485
-5835
-14666
-12452
-12113
-11586
-12093
-13355
-9795
-4984
-4067
-4822
743
-528
5003
5889
4200
9703
8422
9677
10630
13211
11954
13023
14241
12004
10030
8789
8271
6070
4725
3960
2995
43
-1247
-790
-2964
-4059
-3271
-5875
-6446
-6393
-8990
-9252
-12036
-14937
-13945
-15113
-13982
-14433
-14545
-15041
-10828
-6598
-9092
-5431
-3431
-2584
-2837
-2588
-2484
-994
-994
1130
3362
43
3893
5577
6383
9473
9131
8143
12245
8081
4527
9917
11781
11833
11326
12897
11685
10806
10960
10345
9479
7333
7801
7975
5987
5873
4453
2405
2027
1988
954
-151
-1775
-5426
-2710
-1250
-3360
-1847
-2831
-2980
-2422
-3191
-2627
-913
-3045
-5544
-5292
-6585
-8270
-8612
-9096
-10717
-9806
-12072
-7795
-6526
-8313
-2033
-58
3081
5507
3917
5520
7732
5629
4454
5265
4603
5995
5832
3916
3434
2328
3335
1756
1226
456
-2385
-2957
-3700
-4790
-5283
-6144
-7273
-6450
-9059
-8342
-310
-1646
-2638
702
1451
3634
1233
4228
1182
-2754
2089
618
-424
-331
6826
6192
5012
4450
-4619
-4489
114
-5009
-1606
815
-908
1877
4384
8159
7081
7162
11599
10844
8976
3007
4149
5360
8411
8060
6668
3769
3801
3005
1837
4036
2330
2656
858
-236
-548
965
-695
-2261
3242
2648
2224
2972
3186
1062
4696
4304
-1055
2632
2500
1736
459
1024
651
-236
-672
-4225
-3510
-5951
-9522
-10597
-11454
-12359
-12842
-10792
-14697
-12692
-9038
-9155
-7258
-5868
-2421
-290
-504
-1658
-84
-51
3876
4667
2052
1966
1268
1785
2290
3686
6266
7987
6822
7602
9149
10803
10351
10895
10067
8750
9933
9956
6355
5066
7874
6786
4480
3610
10374
10132
8835
4702
3518
4065
4488
1938
-403
-539
-1252
-3296
-3489
-4127
-6393
-5538
-4330
-11446
-12952
-9046
-6906
-4232
-2757
-467
2027
3173
3404
2255
6897
8141
10384
9309
8136
6416
6011
8032
6580
6913
4178
4954
6559
7036
6599
5948
6319
2990
171
1624
2484
884
1324
1232
795
267
-11
-1138
-846
-760
-1985
-2507
-2810
-5437
-8200
-9459
-10313
-10318
-13187
-14095
-16303
-16201
-20079
-9928
-11031
-14091
-7758
-9283
-5428
-5724
-3613
-542
4466
6099
-2034
5351
12113
14418
13908
13577
12132
14969
14159
12149
10695
12171
12946
11819
8977
6979
10429
9541
10395
5006
5429
8456
7620
6477
1819
3026
1846
1169
-556
-1354
-2984
-3213
-3161
-3691
-6151
-8428
-10233
-13949
-7049
-10384
-11654
-12068
-12417
-12404
-14330
-15775
-13169
-7990
-5672
79
747
1561
3600
6159
2456
7427
9257
12644
15095
12817
12263
10554
12501
9832
12782
10276
4202
4896
4757
4277
5582
5466
6253
7153
5628
6196
4669
3835
3267
1118
1484
38
-145
-1114
-2664
-4712
-7387
-8445
-10581
-11901
-13401
-14978
-14038
-13869
-12882
-12023
-10237
-8816
-8787
-3530
-3592
2046
4537
4198
10157
9327
10755
11567
13862
12458
12199
15066
16874
16844
13145
12719
9850
7053
8890
10088
8674
6969
6488
7897
6444
5486
5374
5262
5184
4499
4595
3241
2907
1908
1542
-531
-2694
-4755
-5477
-6175
-6348
-7401
-8635
-8329
-10042
-10412
-11564
-11265
-13092
-12313
-12642
-11808
-11361
-9500
-5805
-8606
-5522
-3014
688
6043
5084
7480
9316
6720
6634
5369
8137
2709
2196
6487
8957
9579
10851
10161
8694
9643
9010
7433
6104
-18
-1017
-877
-679
-2616
-2467
-3753
-5671
-6847
-9240
-5216
-13779
-12023
-10845
-10583
-5775
-4641
-3968
-1620
-1202
975
-454
-3277
-2766
-4018
-4216
-4771
-4864
-6690
-4597
-2607
-3308
757
2499
6368
8579
6014
9414
13760
8227
7514
9607
13420
13764
11220
10169
6132
7373
7453
11532
11452
10678
9990
9229
1079
1222
-345
1141
2184
2764
3526
1987
1492
888
-264
-2965
-3492
-4635
-6093
-5638
-5383
-6077
-7273
-6164
-5409
-5228
-5903
-7356
-9302
-11109
-11844
-12096
-12283
-13490
-9469
-10997
-11861
-7068
-5145
-3675
-3659
763
1275
3839
5150
3714
4641
3140
7399
5347
3874
3756
2959
3328
1333
1854
48
-1264
-2730
-3791
-2405
-25
-291
4272
5362
5322
9101
9645
12546
10783
10214
10138
7318
6473
5977
6193
5221
2599
2180
1256
1380
-1739
-2318
-4536
-9690
-6928
-6872
-6873
-7749
-4980
-6571
-9872
-5021
-3950
-3751
-2780
6201
6756
8372
8243
4495
6320
6031
9800
11551
9411
8197
7429
8551
7290
9530
2789
3076
4219
2573
2756
1605
1723
2517
2140
2998
1039
-639
5560
5832
4802
5306
3739
2373
2212
-385
-6121
-6036
-5660
-6007
-5852
-6281
-5770
-6881
-8407
-7555
-10369
-12766
-12494
-9728
-10022
-13631
-8403
-5151
-5768
-2929
-6497
-5602
-3708
-3135
-5893
-5264
-2249
-298
3112
2915
3809
5943
7794
7960
12363
13972
12856
13830
13165
13014
14004
14364
15335
14232
14189
14376
12605
14257
12656
10125
7505
4279
6317
6012
3736
2745
1697
354
-1757
-3710
-4153
-4763
-9294
-9476
-10341
-11154
-12371
-13404
-12165
-11321
-11679
-10159
-8013
-6856
-2084
-1577
157
4001
5621
4995
7434
8498
12003
14133
12424
12376
11226
11617
10899
11094
10522
9300
8616
7306
2808
8787
10017
9114
8210
8666
6627
5145
3884
4181
3921
2394
3422
1124
-445
-1662
-1996
-3119
-4671
-8082
-9728
-7832
-9346
-18971
-18813
-19767
-20248
-17032
-18519
-17090
-16140
-15339
-11653
-7360
-1378
-1127
2586
4515
9131
10456
9007
10138
12828
19662
18732
18420
14786
15334
15775
14518
15113
13192
13065
13253
11083
8870
9916
8282
8990
6824
5663
5546
3512
3073
1316
-1136
4308
3605
1571
1646
-9084
-10876
-10756
-10444
-10707
-12334
-11745
-12229
-14083
-14892
-12680
-13891
-13242
-13597
-9946
-9740
-9975
-3732
-2308
2477
4259
3268
6151
7062
8350
7633
5683
9816
12930
11779
11268
10650
10189
10960
13183
9818
8772
10276
7296
5767
5093
3310
3223
3951
2728
2743
2291
2049
2255
745
301
-3774
-6790
-5572
-7962
-8348
-9870
-11412
-11068
-11391
-12645
-8290
-6638
-7763
-6089
-7897
-4180
-5278
-5888
-1703
-3511
-748
735
2056
5760
5960
7915
9776
12221
11231
11911
10220
12202
13490
9182
14698
11833
10692
12674
12597
11724
10443
11778
9482
10244
9894
8847
8412
6756
6657
5604
4407
3136
-315
-1092
7
-1545
-3596
-4373
-4907
-7372
-9290
-11770
-14484
-6651
-5068
-7312
-8501
-6752
-7659
-10267
-9280
-8751
-8292
-4703
-6228
-6145
-2188
-8211
-1991
3327
3278
5391
7512
6598
5753
6719
9658
13085
10894
8635
6243
5701
4779
4465
5091
1998
8242
7751
5931
3037
816
1211
-623
-3671
-3440
-2750
-8967
-6956
-2774
-3298
-3919
-2299
-887
-805
-3066
-1812
-2206
-2663
-4192
-4800
-3680
-4346
-3159
-2565
-4118
-3821
-4371
-3297
-1115
-5617
-3439
2023
4271
7353
5810
8250
12009
12263
13582
11324
11279
12990
13028
11548
8913
8121
7171
5397
10761
9746
8696
7635
6538
5500
2847
3744
4274
4984
4887
-2379
-1629
-2718
-2790
-3260
-4314
-5711
-7512
-5135
-4536
-8321
-6286
-6308
-9306
-9496
-9385
-11321
-10475
-9268
-9754
-10721
-12252
-13114
-10339
-8006
-10615
-7610
-6057
-1753
1528
1232
4407
3628
5935
7427
7277
8305
8866
10377
8152
6579
5766
4146
4241
5819
5830
4704
7137
7198
6596
7756
10640
12466
10720
10955
9157
7543
6584
5235
3826
4300
6155
3134
2828
4235
643
672
1357
-6099
-4866
-2085
-5154
-6084
-5877
-5556
-6009
-7015
-7754
-4173
-5613
-6949
-3751
-2867
-483
1305
2749
4401
3495
3957
5303
5526
6718
8200
9093
8407
7958
7355
4804
7659
6745
5154
4038
9162
8853
6836
8604
6023
6798
6613
6131
5754
-4054
-4016
-2867
-3798
-4997
-5392
-8830
-6210
-7221
-6839
-6484
-6385
-5146
-6920
-6067
-7232
-7638
-9154
-9836
-9813
-9742
-10630
-6508
-8369
-10609
-6556
-6155
-3477
-1377
644
1278
2888
5513
8397
11243
12812
12482
14781
18704
18613
20376
18220
16892
16360
16942
16155
11972
13196
12006
10659
8456
8400
3266
2723
6517
-4064
-3690
5775
711
-4872
-4790
-4974
-4501
-5513
-4693
-4623
-4929
-6050
-6840
-5888
-6240
-8084
-7876
-10438
-11228
-10752
-11388
-8803
-9337
-8254
-5630
-3729
-24
720
2046
3902
4459
10327
8875
12623
14059
14559
13621
13203
13797
13124
13252
11410
10512
11464
10193
9799
8000
5192
3954
1858
3229
3638
621
1665
-5965
-9904
-6333
-6044
-6678
-7246
-8353
-8364
-8327
-7018
-6119
-6916
-8161
-9833
-10426
-11941
-13837
-13751
-16381
-14685
-14478
-10882
-6475
-7586
-5828
367
4129
6594
7220
5916
10430
10679
11549
12469
19168
20203
18601
19253
17716
17590
17385
17437
16357
8167
8797
12402
8899
5571
6542
8530
6121
4332
-1811
-3050
-4729
-1314
174
-761
-2379
-4568
-4435
-5394
-6231
-6962
-7335
-8671
-8407
-9378
-9587
-8434
-8294
-6963
-4968
-4743
-6103
-6106
-4896
-1984
-5740
-6718
-3271
-679
2514
1578
3523
5007
5499
6127
7427
9719
9383
10418
10546
9648
9633
9085
7031
7600
7845
4112
2949
4817
2286
151
-920
-3966
-5145
-2640
-1641
-6023
-5632
-8113
-7149
-7233
-8467
-6252
-6688
-6162
-5979
-1116
-1330
-807
84
2485
4143
1049
272
-2302
-2693
-3162
-7173
-3896
-1572
-4461
-252
1458
5971
8902
10828
13544
9735
7444
12225
14799
12422
12856
13149
13874
11957
11634
10822
6382
7151
8636
3854
399
-112
-4451
-5563
-1929
-2187
-1919
-2176
-279
1914
126
1736
1837
744
-317
2187
2245
42
-15
-3141
-3303
-3154
-3879
-5221
-3682
-3508
-6347
-5996
-5479
-3915
-7023
-5220
-2119
-5091
-1708
-1230
-632
707
-1448
656
966
5725
6178
9013
8470
7199
7157
5085
2251
2089
6187
4173
1780
2379
-7943
-10100
-7217
-7919
-9548
-961
-667
1245
-2073
258
534
3403
8365
10307
9613
9533
8247
6915
6086
4431
2987
2474
7931
-2664
-2568
5208
4784
2451
2879
-8141
-13226
-2936
-1437
-2249
-11343
-8061
-4488
-1050
1301
2238
4305
4296
7527
7064
6153
6771
4730
4297
4784
3720
1295
3496
153
-1672
611
-1414
329
-295
-900
5
878
854
2219
3484
3337
3964
4093
3699
3661
5030
4751
6427
5723
4123
529
-498
2567
-118
-515
-3820
-4883
-5558
-7012
-7537
-8288
-7970
-11000
-8012
-9831
-9478
-5924
-5827
-2321
-1891
-955
-7
-1340
-406
-1393
-779
1663
-559
-268
432
-307
288
4047
5747
7872
8487
12662
14584
11259
14750
15583
14284
14317
14029
12547
11964
12792
11667
12176
11457
10297
5683
7206
5860
-3364
795
1178
-1062
-3584
-5516
-5748
-7239
-9011
-8378
-10248
-11249
-11093
-12697
-10434
-13272
-11283
-10782
-7187
-5168
-5003
-5009
-4626
-1272
367
2150
-305
2328
865
3308
6543
6239
7497
6933
7315
7186
10484
10548
9308
11128
11947
12176
12085
11014
10308
9465
10562
9585
5539
5259
4392
2925
40
167
-221
-3663
-6669
-9018
-3491
-5429
-5262
-7347
-8387
-11058
-11084
-12904
-15663
-15787
-17997
-13404
-16280
-23035
-18617
-16305
-14884
-10145
-3424
-4091
-2237
7729
3251
14109
16000
16357
17921
17633
16405
17225
19738
18409
14111
14975
15196
16594
16141
15953
15667
13082
5048
5211
7379
7210
5505
3821
4963
3672
3397
1958
-791
-2020
-4211
-5255
-8242
-3560
-4886
-7351
-9173
-10718
-12619
-11857
-19040
-19084
-18124
-18166
-12079
-16685
-14878
-7390
-7402
-7236
-4219
-1365
-2234
1628
3648
5486
7827
7408
8528
9130
9518
9797
9673
10220
11032
9853
11029
9152
7647
5672
1931
5973
6081
5351
3250
3275
3240
1475
-247
-1534
-2105
-4807
-5093
-7426
-9014
-10480
-12494
-15892
-16937
-19028
-21109
-19146
-20466
-18913
-15312
-15101
-13693
-14640
-10179
-3885
-7278
-4585
-1889
1730
1834
2513
8588
7548
10204
11833
13374
15227
16099
16995
20499
15722
13881
19116
17708
18645
13155
13992
15764
13013
13623
12344
11775
10879
10802
9500
7833
6037
3878
2957
1650
394
-716
-2634
-3132
-4679
-6657
-7042
-7655
-7307
-9433
-9315
-11232
-13272
-14220
-15462
-18325
-16118
-14881
-14536
-8254
-12731
-10029
-4320
-2456
-1448
2790
3979
4105
4500
5866
7120
6756
14938
13229
15597
14995
11277
9497
13391
12132
10799
10330
9641
9189
792
777
-722
-1189
-3566
-5367
-6056
-7722
-9178
-8923
-8249
-6583
-4662
-2721
-3562
-2518
-554
-455
2819
256
-1719
-4406
-6347
-6466
-8765
-6473
-8026
-7428
-8148
-5424
-2905
-5007
4568
5923
1243
5692
8225
11599
12114
12291
17662
16985
16896
14484
16528
16310
16757
15061
12266
13901
11280
11156
8257
6278
6445
6798
5462
5514
4980
3418
3422
1747
962
667
633
-1138
-3841
-4634
-6490
-8432
-8445
-9447
-9829
-9932
-10034
-9675
-7600
-7128
-9032
-10702
-11120
-13279
-11938
-13869
-10946
-8605
-11480
-2630
-4227
-1258
2993
3252
7527
6285
5154
6986
8342
8930
8451
5774
6315
4684
1786
541
279
-62
-1276
-1757
-2314
-2498
800
3107
-903
476
3010
2906
4056
9304
9408
7736
8889
7516
6818
6127
5073
3344
2159
909
1452
3297
-295
1087
-7341
-6329
-2393
-4753
-10757
-11539
-12698
-8099
-3100
-3245
2801
2203
4341
3426
6437
9225
9266
3170
5003
5729
6747
6916
6323
7285
5398
1771
4810
5868
6324
6594
5359
6055
5005
5719
3617
3305
2659
656
858
-15
317
742
171
408
-1758
32
-864
-3699
-2582
-4613
-8082
-5266
-7148
-7015
-5122
-5439
-5445
-6592
-7894
-8437
-8002
-9949
-5002
-11754
-9914
-2426
-2990
-3125
-1838
-1378
-41
222
-980
3966
5128
6542
7830
10256
11778
13398
14130
17050
17851
17550
17131
14644
15258
13760
13519
11492
11832
12544
11374
12068
10111
7840
8664
8263
2611
58
1882
2652
459
-1348
-819
716
395
-2279
-2473
-2408
-3009
-4790
-5529
-7423
-10918
-12706
-13251
-10885
-13183
-11610
-7474
-1592
3145
4636
6241
7361
8844
11239
11177
13164
12132
11950
13165
13120
12262
11255
11621
10506
10635
10583
8797
7965
517
1217
1574
-302
-897
-882
-3218
1853
249
-2617
-1694
-463
-1580
-2531
-1500
-2902
-4389
-3429
-4267
-4092
-5542
-6361
-6174
-11116
-12965
-17376
-17675
-18234
-18580
-16614
-12713
-12971
-10662
-5818
-4130
-326
10541
13622
7527
9351
12650
12815
15096
15767
15067
15757
17029
15284
13239
13674
12810
11926
10548
9673
6478
2570
4615
6046
5691
4443
3033
2908
4271
4685
2579
3860
3105
1485
843
-854
-2719
-1339
-2813
-4986
-5984
-5826
-4566
-7838
-6870
-8256
-8152
-9327
-9759
-10528
-9746
-6595
-12287
-8568
1543
3816
6038
7561
10240
8820
11022
12572
13339
12453
11119
10852
10756
11747
9863
8942
8620
7671
2843
1786
800
1355
-10
773
355
-1208
-1122
92
-7
-320
-532
-4043
-3235
-3282
-3767
-4405
-7214
-6885
-8034
-10698
-11101
-9917
-9471
-7785
-6039
-4531
-5054
-1421
440
-366
1518
2905
2474
2210
4411
6184
10871
10725
11008
13403
11665
12554
12933
15360
13123
9030
10446
11970
14606
9097
10343
11817
9554
10301
6178
4243
2490
395
-626
271
-2698
-2838
-2237
-3303
-2780
-1749
-483
-431
-336
-1373
-802
-1257
-1749
-1039
-1375
-2004
-2252
-2360
-3502
-4149
-4605
-4832
-6079
-4790
-5517
-7018
-2097
-7271
-4721
-1453
-1675
3497
3110
4685
5703
5609
3594
3973
6832
6113
5379
3407
2165
9284
6326
6475
6370
-1303
-1283
-2691
-3783
-1774
-3681
-5792
-3987
-5566
-7292
-6512
-4105
-2744
-798
-114
990
1573
523
2084
4413
4501
4940
3834
2279
1422
1126
306
-1605
-1546
-1863
-3308
-3109
-3191
-3421
-1492
-6344
-4329
-1856
-1507
610
5899
8313
9281
10289
3832
3146
6741
9003
8251
8178
6876
5392
507
746
1483
-850
1656
-1090
-998
-946
-2974
-1706
-469
-18
-537
1782
995
1710
854
-2212
-388
-346
-760
-606
-1096
-852
-518
-2557
-3901
-6456
-6438
-6545
-8818
-11796
-12809
-13609
-13468
-14458
-12692
-10071
-15785
-10650
-2727
-1377
1413
2000
4012
4123
5802
3399
4338
6244
2574
2889
2260
293
-3053
-4383
-185
-694
-1821
1256
-652
2417
7525
6993
7675
13124
14020
13115
13363
12477
11888
11682
11128
9895
8258
7714
7476
6883
6893
4296
3516
1451
872
294
-2255
-1644
-4087
-4031
-6436
-6359
-7805
-4096
-5414
-8728
-500
-2915
2
2033
462
3014
890
283
1147
1877
3143
3384
3207
2052
3574
718
-1744
2121
536
403
9191
10795
2278
2756
3983
2225
2965
2205
2365
9131
8824
2642
732
-286
-1515
-1816
-333
-1583
-4404
-4818
-4638
-5359
-7341
-7731
-7451
-8242
-11237
-11264
-14674
-15078
-12489
-13603
-7335
-13494
-12913
-7981
-7572
-4532
-7298
-5739
-4485
-5443
-5659
-2388
-2075
-1471
7044
8481
5930
8665
9917
10429
13684
14839
13705
14293
11648
11079
10937
9799
17028
17135
16436
15414
13528
11075
10427
9030
7610
6338
4359
5015
3265
-3142
-2540
-1990
-484
-2276
-2815
-6224
-4580
-5974
-8520
-9425
-10884
-12856
-12742
-10006
-12231
-7582
-5297
-3880
1680
633
2648
3459
3886
6020
4101
8541
9050
11286
10639
10932
13177
11288
13760
12988
14274
11905
10723
9821
8601
8637
6303
6326
6107
5122
4043
3140
2071
-265
330
-1742
-3967
-2317
-3394
-5020
-5541
-6083
-7357
-6052
-7965
-9911
-11551
-14627
-16845
-18860
-20553
-20362
-21859
-20120
-17033
-13082
-11349
-1654
-1704
2433
6246
11441
12184
13793
13242
13637
16970
16486
19078
19631
18849
20360
19469
19403
11197
12551
12223
11894
9793
8005
8828
6903
6735
6307
5705
2731
2421
2797
2136
954
-2012
-2481
-3424
-4601
-5057
-6184
-7362
-8301
-9635
-11713
-13723
-13009
-14480
-15436
-14529
-14552
-15498
-15660
-11743
-15736
-12507
-7275
-5832
1069
3671
5862
6304
7984
8795
9918
9884
12456
14631
12788
12864
10401
7729
5589
12735
12100
12166
9932
7779
8151
8582
7640
-742
494
-668
-1019
-1544
-2475
-2977
-2417
-2865
-4990
-7351
-8791
-10349
-11866
-14171
-15284
-12756
-13714
-11997
-9279
-8022
-8310
-6274
-4683
-5278
-5554
-6051
-3366
-6632
-667
3206
3234
6269
6596
7920
8032
10345
7986
8322
9884
18241
17564
17984
17283
16512
16464
14271
14381
6893
8157
8585
7809
7331
6624
7206
5337
4414
3971
2294
1470
-1309
-3796
-5509
-5564
-7604
-9390
-8466
-7327
-6624
-7522
-7145
-8805
-9683
-10430
-12843
-11348
-11205
-11533
-12254
-11194
-11639
-9477
-6423
-8146
-4667
-1114
-469
2157
5792
4541
7778
9261
9769
9135
8956
10484
10935
13151
11649
11074
9115
8864
8514
8112
6836
6367
2794
-655
-403
-2720
-2910
-5047
-6959
-7653
-8457
-6324
-8068
-7503
5282
4846
4156
5298
5981
6149
4432
3389
-3597
-2928
-3683
-4700
-4742
-4660
-6714
-6470
-7402
-9008
-7667
-6298
-6598
-4941
815
939
4318
6252
6392
8833
10273
12278
12383
14410
12662
12965
13565
11029
9261
8107
6294
3222
3292
4055
4425
3647
2986
2052
4020
4601
3290
2947
2209
1823
13
616
-2873
-2790
-3522
87
-7054
-7202
-6237
-7500
-5883
-4260
-7881
-8472
-8051
-13317
-12986
-12825
-14129
-12943
-12368
-12648
-13446
-9899
-4805
-5346
-3897
-886
-296
657
1762
1630
2796
4512
3272
7842
6632
5598
3709
1784
2065
1199
4311
1681
2759
4292
6239
7257
8225
9075
8000
8812
8402
8162
7931
10426
7791
8427
9743
8512
8334
7238
7258
3514
774
-721
-2357
-5391
-7450
-8011
-10371
-10967
-11913
-13859
-12047
-11018
-6369
-11229
-9573
-1622
-5481
-502
165
-1485
-671
-900
6367
385
1432
4340
3974
2807
4060
5690
6317
6050
6980
6579
7152
6310
7012
6847
7978
8779
7722
8324
6822
6606
5428
5849
5448
4208
4140
2424
1451
-725
-1957
-3956
-3934
-6576
-5434
-5266
-9862
-7314
-9438
-10692
-10838
-13154
-13006
-15367
-15050
-14819
-16500
-12390
-8180
-7863
-3992
-2159
-2017
-258
501
4393
2174
7313
13120
10837
13765
11418
12914
15576
13114
13026
13931
12362
11740
17100
16147
16576
12732
14519
14111
12773
11466
10373
10354
8142
8722
5890
5186
2855
1290
-2508
-1529
-6525
-9293
-7405
-9736
-9560
-10722
-11948
-12602
-14361
-16468
-10480
-12404
-10040
-8361
-11376
-2637
-4040
278
5442
2232
6833
6781
8770
10583
9791
12623
14126
14333
14497
14453
15046
8486
9279
7016
6241
7366
4508
5551
8557
5732
4958
5901
5283
5238
4416
3144
1145
-990
-3880
-5264
-7384
-6733
-5263
-8884
-8209
-8738
-9818
-10429
-12067
-12376
-12837
-15394
-16660
-16600
-17550
-16839
-15924
-12962
-13212
-10002
-4801
-305
3973
5134
8685
11461
11640
13966
16330
18697
21279
21574
21048
20331
20603
20439
18911
16251
15486
14961
13057
13021
11985
10764
11130
9456
8342
7482
6826
4969
3206
1541
1236
580
-827
-2982
-6535
-6839
-9428
-11254
-13657
-13214
-12333
-13866
-13019
-14782
-14493
-13379
-13789
-11272
-12463
-9232
-7242
-7930
-776
572
3110
7747
8902
9164
10618
10790
10518
14454
13400
12259
13465
8712
7027
7138
13567
13657
12175
11909
9935
8679
8075
7362
-240
-645
600
-1448
-1996
-2415
-5342
-2466
-2286
-4790
-5422
-7290
-8819
-10144
-13405
-13390
-12517
-13647
-13709
-14135
-12503
-11755
-10446
-10080
-8001
-5869
-6914
-5818
-1913
-5135
-110
5408
7431
13004
11514
16041
14767
15795
15082
13553
16830
17822
20555
18601
16559
16431
16233
15759
13615
11865
11697
10033
8749
7762
8056
4785
4203
1700
178
25
-1750
-1335
-3439
-3059
-5605
-5045
-8060
-7447
-3020
-4660
-4853
-4566
-6310
-6302
-7333
-9085
-9923
-11563
-10713
-12042
-11093
-12033
-8943
-10687
-8616
-4751
-3755
1810
538
4053
5837
4498
6379
10370
6437
6221
9395
13484
13968
12258
10929
10178
9630
8528
7166
5661
-2121
-2288
-3590
-6324
-7349
-7560
-9643
-10475
-11709
-11506
-13007
-12252
-13400
-11407
-421
-622
3007
3642
4697
3581
3842
3254
3111
3183
1300
2918
988
2129
2352
1999
1970
3417
2704
1922
6331
10344
3974
4386
10153
7443
9001
11396
10157
10755
9322
12754
12028
8680
7487
5933
3343
3588
2787
1705
1584
59
-630
-1213
-740
-1026
-1493
-2567
-2942
-4236
-4277
-3679
-3104
-2444
-4380
-4962
-3431
-1518
-2515
-3947
-3950
-5837
-7027
-9051
-10558
-10256
-10909
-10534
-11456
-10966
-10797
-6202
-5497
-7450
-957
2021
3990
5269
5760
7181
6944
7810
9632
8744
6192
4099
5732
4533
1677
1110
-187
-895
-2701
-4265
-5079
-3209
-4966
-2508
365
-2401
2612
6333
7128
6798
7737
9291
7300
9010
9594
8879
8650
8440
6708
5368
5486
5649
3589
1652
755
1277
633
-1156
-1873
-1750
-3225
-1416
846
-4673
-189
1423
2375
7196
8007
8363
7351
7020
8144
8565
8159
5728
6332
8976
6111
4693
3386
2230
-343
441
-1710
-1377
-1868
-3961
-1782
-4031
-4041
-3012
-1116
-727
-922
-157
-708
-315
-1626
-4200
-4541
-4229
-4563
-3400
-1435
-2952
-1836
-1944
-2749
-3847
-5919
-5879
-6234
-7079
-7186
-8270
-5369
-5582
-10257
-2616
-5861
-5194
136
-2121
-368
-1684
-2078
118
2148
2875
4157
5264
8057
8563
7586
10074
9202
8307
8580
11685
12795
11888
9415
10859
9740
10762
12804
14496
13916
12292
9646
9238
9425
9582
9780
9071
1199
-2114
2970
-3969
-3361
792
-6830
-7482
-7174
-8738
-8762
-9936
-10091
-11349
-11393
-9097
-14874
-9108
-7639
-6501
-1248
-642
1104
2382
1819
1191
2983
2628
8606
7828
8002
7757
8508
7341
7297
9136
8562
8292
6846
5245
7834
2291
-53
2139
2297
1110
2542
3797
4397
3573
5262
4804
3009
3204
1909
-187
-2216
-2461
-3610
-4629
-4903
-8215
-10313
-11805
-13134
-15294
-17801
-19634
-20848
-11100
-14200
-13176
-5700
-6368
-6954
-3036
-1764
3104
11091
5716
6886
7329
8293
8699
8707
12185
13894
12061
11279
12660
11514
9343
11641
12247
10254
10549
10396
9612
9494
9141
10844
10330
8383
8487
8019
6951
6801
4906
4281
3259
1722
-141
-2451
-4498
-6770
-8000
-10141
-11284
-12746
-12743
-13671
-13629
-13431
-10604
-11791
-13358
-9106
-9455
242
688
2455
5607
6130
7761
6537
7391
6945
8551
11020
9966
10493
9362
2773
1875
3775
5346
5477
6579
7714
9420
6916
7979
7630
8398
6105
8982
6297
15040
10695
10507
9182
434
6980
6690
6038
2888
2138
1842
55
458
-290
-3437
-1629
-2742
-9710
-11190
-5558
-7896
-8730
-9573
-10772
-9615
-10163
-17193
-17268
-10819
-16376
-11866
-6062
-5877
-758
2334
5185
5792
8103
6670
11412
10619
8922
10185
11737
11193
10523
7832
13661
14202
13883
14658
3480
2217
2830
-2802
-973
-3947
-4774
764
4534
400
-1685
-962
-2803
-2515
-3150
-3936
-4368
-4855
-6024
-7499
-14982
-15919
-16809
-16821
-17304
-13816
-12655
-13113
-9974
-7759
-7919
-5672
-831
-911
3113
5875
9331
13019
12467
15360
16586
16009
16842
18945
19275
20538
17907
18029
19421
18728
17645
18094
15464
16121
11881
2744
10133
5835
6064
6438
3698
6399
3159
3309
1684
-437
-1289
-2020
-3024
-2890
-5582
-6918
-8067
-9111
-7830
-9172
-9789
-8252
-8481
-7383
-8542
-8922
-7855
-7750
-4510
-5524
-3509
-1058
-3400
-626
3658
6332
6383
5534
7848
9030
10352
11223
9333
13185
13742
11869
11333
9987
9816
7703
6792
3657
2792
-5757
-3945
-2216
-4961
-668
-4827
-5254
-6334
-5051
-5972
-7334
-7515
-8250
-6866
-5099
-5808
-4998
-1418
-918
-896
-2684
-521
949
-2469
-3469
-4057
2635
2862
2279
449
1516
1422
3083
4621
3252
6439
7013
13147
11939
10266
7889
7197
8674
9900
9931
13027
13408
13960
12815
11613
9484
8610
7432
7601
6931
-3146
3245
1487
370
1669
-2066
-1064
-2133
-1603
-2431
-2143
-5338
-4773
1265
1495
1756
-391
-469
661
-688
-2286
-880
-713
-2503
-1970
-1454
-3608
-2462
-4823
-5234
-4942
-12307
-5776
-10877
-7781
-1758
-2889
56
-1175
6882
7264
7228
6453
7655
9183
9135
2875
2979
2509
70
1405
2180
-70
-488
-5063
-6564
-3064
-2461
-591
56
47
988
3482
5485
7939
8242
7591
7689
6311
7409
5195
4820
6200
6331
5884
5846
6168
3559
3288
805
-768
-2082
-3256
-5248
-5088
-7312
-4794
-5985
-6154
-1790
-353
5267
3980
6953
6452
7058
6568
5945
7037
8381
6103
5979
3998
3017
6904
3276
2092
876
-301
-6132
-2525
-2437
-3051
-857
-1127
927
1051
3580
2087
1422
446
-891
-590
-1366
-1479
-2725
-4903
-3344
-3993
-5252
-5554
-7182
-6774
-8707
-10530
-12209
-6552
-7272
-8356
-9796
-8175
-6005
-10550
-11370
-8566
-8633
-4758
-5883
-5430
-2255
-3423
-4443
-4463
-3594
-122
569
2934
2038
2982
4468
5751
7253
12245
8168
5283
10400
10061
13125
13923
14124
13160
12169
11272
10766
10154
9720
9265
7323
7645
6832
5004
3389
2535
2655
1798
447
1070
-342
-2429
-2505
-5009
-5994
-7288
-8196
-9623
-6395
-7628
-9873
-4211
-4235
-2954
-899
119
1109
1525
1635
2195
2433
5580
6683
8865
8062
8467
8718
6991
6541
6562
2722
2628
9417
9941
4267
4930
4259
4555
4470
7184
7339
7663
6282
6411
5200
4299
2667
2113
134
-1879
-1339
-3176
-2874
-4704
-5255
-6965
-9881
-11751
-13663
-15944
-16964
-19151
-18929
-14664
-18200
-11433
-8498
-5240
319
-1809
4387
5377
6168
10791
12205
13867
14218
14123
14353
13241
13105
12650
13036
12420
14068
12024
12332
12306
10840
12554
9175
8876
8064
6987
5473
11062
9923
7975
7096
7192
6185
4480
3327
1943
1523
-1222
-1955
-2990
-4493
-6467
-8286
-9745
-10185
-10326
-12600
-12185
-13530
-8078
-9447
-9731
-4489
-5859
-2028
1235
2779
2109
-1642
866
710
2483
3342
4986
5695
5769
5500
6515
6444
13177
12538
8808
1899
9347
2531
4091
2620
2296
2256
111
355
-664
-360
298
-924
-2013
-3074
-3929
-6145
-7943
-9734
-11674
-13625
-13376
-12834
-12581
-12539
-10771
-10776
-8392
-7558
-7666
-6712
-3934
1270
-5015
-1179
2150
4208
7050
6886
11985
12005
12344
11779
11802
10885
8414
9732
9605
17555
10867
10101
10595
11732
10171
7609
10257
10684
11695
10039
8769
7678
7145
7528
4942
4460
2634
1424
-276
-1183
-1609
-2569
-4325
-5163
-5867
-7593
-8123
-8825
-9605
-9604
-10562
-11306
-12472
-13042
-13846
-14189
-15355
-12591
-8595
-14083
-6880
-6162
-2252
4875
2222
4075
3402
5432
6556
11791
10326
10806
11817
11932
14114
11459
11759
9372
9981
5540
4648
5060
5098
5301
3160
3388
1004
-57
-1544
-3107
-3509
-3116
-3462
-1685
-1566
1245
1776
877
283
-865
1935
37
-2491
-1446
-3885
-4776
-3625
-4483
-5172
-6042
-5300
-5731
-2233
-7284
-5421
-1873
-3588
1002
-1155
2641
5677
5953
7942
9760
11597
14017
13401
12842
16420
15704
15191
14255
14075
11641
7597
7877
7197
7821
7486
6001
5518
5061
4893
1941
982
-366
3984
4378
2419
2395
812
-99
251
-1591
-2186
-3651
-9868
-10299
-10548
-4484
-6611
-9042
-10062
-13436
-13737
-14744
-11185
-6591
-15385
-13227
-10060
-9467
-1725
-3802
-406
-364
2174
4950
4757
6795
9171
7099
8098
8890
8967
7717
4999
5956
1675
-547
585
733
2180
2425
8361
13044
12278
14133
14656
12478
12773
11132
11927
9713
2881
1601
797
91
-2077
-1407
-2354
-4522
-181
-2085
-3945
-5086
-7585
-8765
-8136
-9992
-11123
-5968
-5727
-6200
-3415
-2174
1923
4905
4716
6214
7015
8920
10105
9544
9921
3111
5744
5782
8750
9811
9340
9838
9888
7368
2960
6914
5592
5763
4654
3565
4673
3695
4197
2979
3697
3494
3760
2179
-115
-858
-3045
-3647
-4067
-5997
-6073
-8874
-9927
-8722
-12012
-13637
-12317
-15018
-16478
-15177
-15264
-13551
-9817
-12662
-12940
-5936
-5309
-4135
715
381
-2612
3113
1822
-549
7837
8178
8689
12600
14695
17897
18629
21393
20317
20504
17329
14733
17118
14136
15330
14314
14017
12783
11420
12485
10792
9617
8102
7361
5705
4571
3157
1781
183
-2579
-3409
-2947
-4622
-5478
-7245
-6626
-9895
-9886
-7972
-11566
-11753
-14969
-12919
-11708
-14053
-10275
-9931
-4428
-2613
606
4122
6130
9965
11122
11417
14197
14050
14802
16631
13774
16804
15708
14781
14833
15415
9629
9749
10842
7538
9205
6167
5782
4364
1970
1253
-75
-332
-2083
-3727
-3729
-5604
-6088
-8397
-7978
-10159
-10846
-8710
-11196
-9724
-11406
-13209
-15345
-17154
-18416
-20356
-19515
-19806
-14069
-13925
-12989
-3876
-2126
1395
6325
11280
16509
17614
17533
17847
19887
20046
19926
22819
21938
22498
20290
20787
18960
20420
15954
10740
15514
10243
10764
7928
5807
4384
1562
825
4673
3635
3232
2927
-91
392
-2390
-4697
-4289
-6695
-7683
-7675
-8659
-16332
-15899
-15785
-15899
-15901
-15508
-16022
-8956
-9503
-8393
-4409
-6382
-4308
-1165
2942
846
3571
5502
5768
7799
9281
10653
14341
12504
15464
17185
16205
17060
15016
13301
13084
11054
1658
4560
4578
824
991
-569
-210
-1478
-1553
-1901
-3410
-5997
-6964
-9572
-12120
-14034
-15088
-15317
-11969
-12968
-12385
-11558
-11018
-9523
-5397
-5147
-3081
-1387
572
959
-73
-576
1183
2530
-6589
1707
2212
7675
11004
11315
12921
12354
16230
13982
16376
15240
14039
14314
14739
14293
11468
13283
9171
11199
7253
123
5129
709
516
149
-2723
-876
-1848
-2639
-3772
-5332
-6911
-6029
-7328
-8671
-5286
-8628
-7507
-5348
-6813
-6660
-6327
-5007
-6431
-3789
-3451
-4765
-4413
-2938
-6093
-6618
-4824
-1586
-2109
-6783
-1991
-225
2324
4837
3092
3220
4160
5034
5629
5551
6809
5923
5414
6882
5752
5027
5439
3821
3098
-2515
-3602
-940
-3241
-1171
-2978
-3652
-5298
-5657
-5515
-6963
-3827
-1380
-554
-856
3238
4624
5811
5803
3287
3177
3297
4536
2011
703
1339
2492
-960
-1531
1401
-537
-2188
-1753
1279
-2304
-4191
906
4298
6111
9105
10273
10315
11815
11532
11391
10206
9884
10805
7281
8679
8716
6856
5113
3256
3556
-4656
-3393
-1917
-5770
808
-479
1117
939
1486
2831
1401
1165
1501
997
872
1488
1902
1126
1555
-5255
-5024
-3711
-4827
-1061
-2899
-3000
-1726
-2690
-3999
-5054
-6734
-6408
-6914
-3860
-6595
-13540
-93
-6728
-3358
-1027
-2090
1113
821
83
2153
1881
2553
1809
2230
2323
3053
2140
44
4012
3639
0
4967
4656
6763
10906
9721
11815
11267
9085
8167
8488
6777
7527
7876
5798
7462
6870
7306
7757
5330
6276
2125
453
1236
-1142
-2807
-4591
-4832
-6750
-8968
-8169
-8043
-8071
-5801
-10292
-6624
-1084
-2880
538
-591
1085
2100
2722
5051
5343
6013
6206
4801
5576
9384
8558
10573
8482
8792
3065
-600
1982
-856
9393
5951
5760
4670
5772
7633
6345
6597
5785
6026
2266
4960
-316
-1423
-1345
-3460
-2273
-2469
-2943
-3827
-6269
-5965
-8849
-10199
-9858
-10806
-13263
-14483
-15419
-15153
-12144
-15860
-12569
-8818
-9320
-4119
-2387
-1820
714
2032
5229
9031
10918
13291
14045
14369
15213
16452
17773
15132
16954
10492
10914
15742
10510
13780
14398
14920
12809
12261
12826
10597
10774
10864
9472
8673
7377
6149
5011
5198
4421
2018
2549
1155
23
-1089
-2780
-4133
-5840
-8874
-10209
-11983
-12958
-13806
-12777
-12475
-15035
-11121
-7850
-5173
-902
-926
61
1694
1539
3703
7145
11310
9614
9467
9899
10442
12103
12709
10746
10269
6208
2379
7743
6632
7069
4314
1948
1452
604
926
681
560
-973
-3231
-3963
-2707
-4863
-112
-1254
-2398
-3479
-4037
-5750
-7299
-9668
-10153
-11131
-12363
-12593
-12208
-10808
-8933
-9475
-6593
-6141
-5420
2948
3130
4237
7914
10346
11629
10480
5833
13077
14877
16929
14748
14028
18044
16786
7465
12101
9748
12317
7250
4779
8351
4955
6981
6860
8774
7768
7180
7185
6669
6990
6716
4487
2682
759
-980
-1604
-3580
-5583
-7455
-8942
-10328
-10556
-10511
-4966
-5889
-6752
-7567
-14406
-15041
-13834
-13630
-10644
-10941
-9642
-4108
-865
865
2412
6734
4755
5775
8133
4585
7984
9318
7462
8955
8187
10880
10029
9644
9074
6364
971
173
5663
3521
4247
3344
2862
2865
2440
1283
21
-873
-3596
-4487
-6088
-6383
-7689
-8149
-6453
-5291
-3349
-2087
-1122
1826
422
-1599
-2120
-4857
-5100
-5256
-5658
-6833
-6774
-3305
-7435
-5295
2034
1129
3981
5888
4523
4617
7864
6113
7236
10945
8621
9261
9037
9290
7491
6798
8629
8804
10501
4368
3931
6288
4203
6108
4020
4281
5217
4120
3705
3963
1667
432
-1261
-3053
-4105
1954
1748
602
811
-181
-6739
-7579
-8074
-8181
-7753
-8215
-10716
-10426
-12308
-12414
-12535
-16190
-10737
-16006
-13893
-6324
-10735
-7281
-3575
-6451
-2671
676
849
4035
2693
2456
-459
2791
5722
3984
2158
2624
1055
4254
1196
-4294
2114
405
4679
5149
6339
8508
7348
11356
12573
14291
12035
12165
11618
9790
8834
5681
4671
2859
2291
1170
770
-133
-1896
-2733
-6710
-10394
-12221
-12973
-7378
-14843
-13237
-11144
-13805
-12176
-7292
-6483
-537
-966
-2504
186
-418
338
6906
1627
10104
2216
11887
11110
9578
12197
6611
5789
6704
4268
2599
7465
6024
7408
6810
5750
6986
7664
8170
7701
7948
7302
5929
4378
4207
1399
-616
-1138
-2257
-2834
-3890
-4098
-5223
-6717
-7137
-8495
-9572
-10247
-12602
-12243
-17208
-17953
-13816
-18931
-11859
-8051
-10288
-7114
-5981
-5618
-4207
-3681
-3675
-1937
-1563
-836
1715
9881
10966
14889
14504
16679
19926
17876
12445
12371
16702
14609
16693
14570
14941
12976
13467
11198
10177
9089
7181
5928
2894
2903
1659
1199
-642
-2156
-4320
-5880
-6050
-7082
-8852
-11229
-12783
-8153
-8959
-12148
-10576
-12532
-10270
-8016
-13603
-6831
-5910
-3943
-1138
-5174
-1748
1122
4262
3370
7814
8242
7274
8953
6321
8162
9476
11989
10051
11136
10628
4746
11284
9418
10170
10231
7791
7256
6060
6480
4947
3398
2901
2127
902
839
-506
-2268
-3756
-4857
-6581
-7830
-9461
-7641
-9131
-12951
-12927
-13965
-15901
-16465
-16080
-17969
-19983
-16528
-16694
-16142
-10047
-5512
-537
120
4433
11269
13028
12985
12917
15997
15915
16932
19925
17136
18109
21975
21264
18728
21901
16973
14002
16972
13558
13719
10343
9847
7752
6695
6642
4594
4979
3398
2135
12
-1803
-2564
-3975
-6073
-7921
-9926
-12029
-14062
-14001
-8305
-10240
-10198
-11324
-11406
-13275
-12504
-11805
-11623
-7867
-9594
-14196
-7923
-3664
-1072
8400
2917
3289
5907
3220
4684
8901
14947
17303
15135
16204
16535
14490
15651
14047
15972
394
924
2276
216
1819
-1446
-882
4495
3420
2613
1546
-607
-7591
-7726
-8724
-10476
-11753
-13296
-11037
-13148
-13692
-13224
-13331
-10143
-11525
-8312
-8635
-7467
-5629
-4899
-3807
-4907
-570
490
-351
1108
5934
7081
9261
13976
12728
15513
17626
17956
18403
16446
14947
15277
15138
15505
13833
12708
11368
13571
9643
5943
11085
8062
9595
7734
5740
5815
2888
3272
2768
749
351
-1243
-4198
-4484
-4256
-6504
-8160
-7721
-11914
-12323
-13046
-12282
-11232
-11750
-11582
-11404
-9478
-10573
-9872
-9137
-5611
-1228
-1345
-5322
-3013
1883
1883
6759
7133
7697
9286
10195
12808
10696
11155
9867
8556
7593
7900
9435
5335
4061
1244
-1171
1743
1746
161
-1739
-3205
-2246
-3384
-5468
-6201
-7606
-9266
-7404
-6945
-6080
-7213
-7345
-2415
-2768
3755
-3150
4285
3329
-3015
-1922
-3562
-4317
-4409
-3057
-2862
-41
538
-1123
1408
-274
-1112
3889
5727
7660
9584
7618
9719
12020
11575
13095
12224
10438
10567
10181
11342
12661
10462
9399
6151
4194
3648
3620
3476
2080
1848
93
-622
-1509
-1665
-2567
-2589
-3533
-5405
1519
-678
-1509
-452
105
-601
-1406
-254
-673
-1896
-3585
-4022
-3167
-4154
-5027
-4040
-5438
-6324
-6702
-6165
-11803
-12349
-12369
-6179
-2000
-1777
1724
1545
3839
4914
6281
7642
6627
4630
2883
3037
2495
1395
-2030
-3931
-3900
-2468
-167
349
1739
3008
5754
9366
8206
10131
11336
9127
7301
5509
6075
8160
8178
7022
6877
6252
5716
3768
2256
2261
2236
639
-1946
-3295
-4256
-5478
-5052
-7882
-5602
-6173
-4762
-2800
-7707
-961
-74
1987
5029
4800
3251
5139
6338
5233
5239
1464
2837
2785
3995
4313
7560
7954
8030
7802
7070
9190
7783
7796
7138
6802
6182
5554
4462
2644
1883
2950
1586
-141
434
-693
-2498
-3926
-5786
-6087
-5870
-4590
-3918
-6263
-6110
-5877
-6305
-8147
-8932
-8848
-10178
-9895
-10943
-7765
-9902
-10422
-7434
-7428
-6864
-6693
-4235
-6888
-4943
-2857
-2379
2174
5697
9916
10134
15247
14284
17510
17596
15319
15988
14188
9610
8866
14533
14458
14305
11611
11029
15195
5435
3920
5637
3666
3366
3140
1889
141
184
1768
869
740
18
-485
-2419
-3721
-6636
-8926
-10624
-13198
-7888
-9481
-10315
-11488
-8528
-12008
-8208
-3393
-2365
344
1755
-2198
-999
1207
4030
5431
4280
5802
7102
7095
6585
8688
7787
5140
4758
10797
10424
9485
9423
6695
-584
3745
2756
2810
2490
2606
1485
146
913
-1293
-1035
-3349
-4464
-4332
-6731
-8251
-8650
-10827
-10725
-10789
-12320
-12028
-12876
-14303
-13999
-15701
-15672
-15221
-12839
-9886
-12010
-5832
-779
614
7126
11797
10088
12030
14926
15628
15875
14240
14393
18613
15778
15297
17238
13427
11907
10938
11220
9125
9883
11330
9507
7947
7348
6268
5346
3622
4008
3783
5667
5217
4044
6604
3319
1772
11
-485
-2434
-4065
-4380
-5750
-6746
-8041
-8173
-9687
-10035
-10466
-10586
-10049
-11578
-8075
-11781
-10825
-5416
-6063
-2908
-1851
-790
1359
1310
2799
4946
5413
5092
4086
6576
3368
5805
6547
4720
2214
-171
9944
7799
7236
8156
6766
3863
4366
3214
2929
3337
1186
564
2095
537
-2671
-1729
-10244
-9935
-10332
-10460
-9726
-9399
-9055
-9895
-4003
-7432
-2188
1423
-1761
354
-3506
-834
-177
424
-1336
17
4443
2879
6096
6506
6069
7341
8503
8438
16194
16435
13703
15512
14141
15639
15152
14413
14131
12505
12787
11436
11593
3644
2994
3341
4332
4313
4281
5060
6243
2861
386
1159
-651
-2307
-2066
-3398
-3234
-2600
-2792
-3125
-4261
-2914
-2853
-3768
-4507
-4572
-7103
-6489
-9320
-10900
-12269
-12507
-8228
-13124
-8249
-2103
-3006
2257
3522
4362
5598
6176
8483
7784
6848
5749
6388
3676
6623
7525
4241
3775
2858
1042
-65
-394
-1270
-1726
-5666
-4304
-5329
-5993
-7256
-7493
-7351
-113
3561
2086
5166
6543
8352
7496
1203
3667
1991
2458
1644
1185
26
-1032
-3037
-6363
-660
-1147
-1787
-8820
-6488
-5659
-8075
-3581
1055
1577
5737
7812
8280
9960
11681
12169
10542
8998
10791
10084
10133
12447
9885
8278
6689
6792
7562
6166
5528
6398
8004
6218
3542
3465
1512
-323
-603
-1643
-2596
-2543
-2846
-2505
-2787
-3204
-3593
-4753
-4262
-3709
-4858
-6104
-6661
-8132
-7774
-8477
-8519
-9368
-8379
-9954
-9607
-6393
-11225
-9182
-3494
-3243
-939
-534
-1697
-140
-426
1754
3145
-828
-269
1051
-1382
2747
1574
-86
2666
3623
3464
4459
11883
9302
7525
12762
13597
12928
11967
10116
8587
7627
7342
6990
5699
4486
4443
2825
9320
8281
7208
6345
-1556
3479
1423
840
-6791
-7115
-9509
-10676
-12548
-10431
-12139
-8691
-7631
-9188
-1271
-3071
-2295
2426
2300
958
1602
1017
2310
1974
625
1175
3261
2532
5971
7771
6017
8095
6449
6272
5507
3429
9369
10670
9170
8634
8004
8545
10167
8453
6706
5726
5434
4673
3381
3700
2892
2076
259
-1474
-1086
-2004
-2534
-4434
-5751
-6421
-8288
-10580
-10784
-12635
-16502
-19143
-12853
-13279
-15607
-5959
-11390
-7969
-4802
-5020
-2195
-1570
772
1894
5792
4302
5754
11449
12365
15981
14570
13530
12148
12390
13007
12862
12169
8990
16632
9033
15386
8289
6810
6360
6451
5803
6202
5735
5533
3259
2932
2734
2348
1649
849
600
-1539
-3692
-6121
-7587
-7278
-10441
-12537
-14858
-17318
-17540
-20356
-16107
-19349
-17292
-12243
-10058
-4833
-4649
734
1875
3745
6726
8356
8726
9546
11627
11993
15337
12494
13252
13056
12591
13264
11018
11728
11789
10875
9177
11371
9449
9114
8650
6664
5994
2074
1403
635
33
-5
-1567
-1252
-1757
-3282
-5681
-6349
-5976
-8217
-10098
-12147
-13975
-15519
-15444
-18717
-18619
-18693
-18761
-11288
-13784
-7700
-498
527
7640
7561
7952
12193
14524
13793
16323
13519
13890
14713
12730
16569
14123
12292
11968
12267
12144
11650
10339
8722
8838
10011
8929
6725
7005
6021
6392
6293
6471
4822
3659
2801
779
-1461
-3633
-4115
-6557
-8803
-8842
-10574
-11665
-10902
-14443
-14585
-16777
-12883
-12716
-11636
-12140
-9520
-8425
-16696
-10363
-9671
-128
4501
6034
5610
7500
4771
4375
6019
3614
6738
11323
9290
12664
11498
9568
9910
9973
11354
10566
10204
8319
7154
5574
5003
4381
3363
2632
1178
-2593
-4796
-5855
-9477
-10137
-12588
-13944
-7163
-6531
-6410
-8183
-3585
-5809
-3343
-364
-10022
-9721
-8880
-7765
-10842
-8489
-10174
-5560
-9923
-2697
7426
5304
9285
10414
11193
11760
12589
13141
15257
14630
12077
13495
14538
16200
17407
17479
13559
13525
15473
6243
6391
5429
4855
5071
3900
3781
2776
600
-1138
-1526
-1827
-2530
-1663
-1938
-2364
-2306
-1873
-1839
-2701
-1539
-4117
-4868
-5772
-6915
-6313
-6771
-7362
-7564
-10138
-8633
-10994
-11696
-5765
-9325
-4952
-3385
-1279
2760
2117
5886
7377
7701
7395
10161
9037
7861
10991
10371
10429
11949
9885
7554
9000
8784
7459
5726
3744
3107
2190
658
-1966
-1019
-1144
150
1850
1196
5237
5677
4901
5347
2523
4038
3070
2906
-128
-3683
-1733
-3820
-1327
-3843
-4653
-5449
-6737
-8770
-6734
-7364
-8282
-4005
-7981
-3228
-1504
-388
4273
5148
6891
7318
7094
11773
15233
13818
12124
12014
11346
11538
12030
8934
8614
8020
7531
5975
3859
2178
3167
2479
2409
2083
-45
1091
-1505
-2223
-1868
-2882
-4783
866
1394
141
-6347
-7782
-8728
-8795
-7469
-9436
-11687
-11003
-13357
-15179
-16437
-17179
-11425
-10432
-12162
-8902
-10042
-10251
-9475
-10457
-7295
-5902
-4135
-1300
-2149
-2184
-1243
2879
284
760
1412
-14
3526
2732
3635
6534
5969
6528
10270
9585
10928
11214
8704
8289
13868
14614
13580
12772
11166
11068
10968
9082
7085
5571
4133
3227
5077
3037
326
687
-7219
-9427
-8496
-5866
-7829
-8021
-9220
-9977
-9515
-10167
-6646
-11051
-6285
-2851
-51
5159
2594
4439
4556
3632
4378
7981
11585
11015
11921
14719
13549
14776
12362
12376
12485
11392
10645
7717
7017
5740
5630
4148
4734
4062
4445
2775
2235
831
-601
-2255
-5816
-6551
-5959
-5722
-8657
-8444
-10677
-12597
-12122
-12546
-13909
-13245
-14932
-16122
-16318
-18127
-17463
-19319
-16068
-14510
-15513
-11720
-9265
-9259
-7789
-5996
-4250
-718
7092
10035
16195
17263
19579
20059
17450
19564
20554
20491
20108
19767
17401
18352
18224
16892
16427
13561
6587
6144
6415
4556
2935
669
-464
-2451
-1716
74
-1387
133
-411
-2627
-2596
-3702
-3827
-3724
-5097
-5172
-7570
-8946
-9642
-10183
-10363
-8317
-11930
-8252
-8103
-10960
-3432
-1694
2630
6430
6736
7958
8950
7674
8775
6713
6604
8991
8728
8005
9023
8934
9679
9009
5359
7491
5471
5792
3903
3907
2847
1230
-1252
-5251
-5012
-7514
-4254
-7979
-9227
-9329
-10433
-10075
-11539
-9027
-9268
-7320
-8588
-8390
-10116
-11999
-12718
-12834
-11849
-10681
-10687
-9368
-7102
-8100
224
-257
2930
8349
7711
11649
13632
14407
14297
16020
16656
18901
17132
18333
19911
15584
14403
15317
14468
10767
9924
10050
9587
8112
6573
5290
3895
3965
2388
2410
2936
1319
-143
-1823
-2890
-4518
-9037
-9696
-8126
-8508
-8316
-9711
-9119
-10670
-11120
-9771
-10539
-11187
-5368
-7301
-6255
-6639
-6191
-6345
-5742
-1837
-5973
-396
2746
3002
5706
7194
9279
8288
9699
9719
12677
9678
10751
13245
11710
12806
11620
11741
8545
8831
7981
6389
4848
2644
-3427
-5681
-5079
-6785
-8187
-8707
-9202
-10285
-10106
-9105
-10039
-9439
-9995
-9241
-6828
-6382
-8010
-2119
-2006
-3355
-1438
-2891
-1576
-1391
-1495
-2767
-2905
-3715
-3793
-3059
-3066
-4218
-676
3675
5796
7661
8742
11752
11690
13265
13322
13488
11038
14040
15635
11636
15249
12541
11882
10214
9289
8079
4222
3092
3189
3390
926
-51
-406
-1808
-540
-989
-1391
-333
-1860
495
1225
1179
2787
2094
-114
-1061
-574
-316
-186
-588
-825
-585
-3484
-5230
-8080
-10747
-13449
-7018
-5368
-6933
-5714
-1338
1403
2323
4205
3977
5965
5693
-467
3597
1270
1188
7799
6479
5598
6093
4576
3279
792
356
-1316
175
-3166
-2795
-3216
-2750
1582
-1627
272
3488
1112
9308
11462
12357
11300
4179
6197
4441
5209
6389
6517
6662
5480
4901
2436
1609
1884
-2213
-4275
-3321
-5451
-5733
-6216
-8193
-6882
-7336
-4627
-1633
-2665
408
1090
1609
4645
3511
6263
1291
2707
8007
5971
5993
790
1213
-1971
5532
6699
3127
4573
4955
5143
5069
6044
5822
6118
6777
1328
1471
1932
1327
594
770
-144
-556
-917
11
-1244
-449
-431
-529
-1371
-4172
-1816
-2506
-4932
-6912
-7034
-8812
-8935
-8493
-8966
-10906
-9705
-6424
-6911
-4482
-5967
-4088
-2835
-5114
-2901
-2558
-6767
-2642
-2802
-3487
202
-1749
4066
7021
6147
8802
8155
9700
9123
8496
11316
9871
10193
10848
10600
9129
9364
9010
7367
7748
8427
7032
6708
5861
5814
5772
1543
1400
2950
578
-1064
-2292
-4237
-6488
-9122
-9531
-13110
-11989
-14611
-14238
-14082
-15492
-10407
-9249
-7624
-6511
-3600
-2640
-1312
1119
1
-927
4538
6843
6135
5985
4528
4937
5577
5655
4281
4846
13549
5581
5523
4874
2569
1584
2750
4898
4296
4992
3155
3307
2919
1423
-123
-4992
-5206
-4306
-4780
-6403
-7162
-6906
-9185
-8753
-9789
-10890
-11069
-13481
-14689
-15642
-15929
-14427
-14432
-15973
-10897
-6149
-1868
-1450
1222
5741
5562
8572
10507
10399
9506
15255
16468
15093
15757
13970
15797
17679
19190
16960
14119
12278
10201
10694
11051
8654
7480
7028
5027
6162
5322
5552
4104
1732
4812
4188
1625
1135
82
-877
-1575
-3299
-3959
-6820
-6860
-8082
-10079
-10437
-11183
-12031
-12281
-12546
-10730
-9464
-13766
-8217
-6503
-8350
-1148
-516
4543
5033
6836
8085
7864
6544
7709
14917
10983
12017
13578
10457
6252
5171
4925
5395
8598
6323
5748
5310
4039
6789
5917
1767
493
1495
939
-1496
-4515
-4906
-6940
-9030
-4116
-5288
-6875
-8055
-8637
-15725
-8563
-14355
-12096
-13251
-11259
-11270
-10581
-7450
-9428
-7199
-10012
-6818
-3517
-1765
-167
1630
6121
3748
6928
3803
5042
6553
5802
11207
13525
11993
11000
10235
9841
11780
11295
11698
9169
8154
6855
7526
5933
1351
3517
3036
2756
1638
1107
1608
1244
1460
957
736
-1043
-1767
-2054
-2741
-3302
-3514
-4696
-5485
-7325
-5715
-7768
-8648
-8575
-10649
-9960
-12292
-9407
-14256
-12871
-8873
-8460
-6242
-4770
-1935
-781
3650
4276
6154
7228
6463
7375
7528
6921
7044
7044
6626
5747
5918
6593
4683
2089
2327
4713
3598
1927
2366
447
-206
-561
-1077
-600
2268
3954
1875
4441
5937
7443
6538
4791
2446
-583
-647
-2420
-3784
-5008
-5212
-7334
-9329
-11149
-5194
-5181
-5717
-6287
-2473
-341
1622
2923
2569
8996
9559
3504
5310
6901
6949
8170
9215
9762
11664
9886
10180
9831
8852
7782
9779
9641
6262
5758
5453
4261
3068
2405
1324
553
-190
-463
-432
-275
28
437
-49
533
964
-1305
-83
-1543
-4353
-5210
-7202
-7070
-7999
-8885
-11567
-15767
-16168
-13683
-13714
-11706
-11843
-10191
-5718
-5183
-1535
-664
2278
3919
5636
6629
5228
6963
7686
9404
9113
7081
6092
6369
5683
5230
7025
7807
9375
9900
9560
11700
12457
14648
14106
10274
9407
7918
7104
4982
10894
9143
8906
7489
6794
5882
4405
4143
-793
-269
-1273
-2019
-4282
-7533
-8780
-5816
-7940
-9023
-7730
-9160
-13568
-15764
-7024
-6195
-5901
-1384
-2688
-1604
1523
1992
2502
6121
5139
5992
8648
9231
9845
9967
9053
10051
8211
7342
6097
12119
11067
11091
10555
9891
9809
8956
7989
7571
6352
5350
5412
2639
1292
-1064
-244
-8965
-8065
-5725
-7420
-7825
-7424
-8952
-11676
-9423
-9629
-11337
-11081
-12803
-14326
-13733
-13663
-11498
-10852
-10024
-7094
-7135
-4938
-1580
1953
1900
417
4047
8374
9912
13442
16693
18665
22269
20518
20167
20691
20949
19352
17725
16931
15489
15156
13881
12055
10808
9360
7341
5103
409
861
139
-2171
-2772
-3296
-2254
-5167
-8025
-7354
-2926
-5360
-2701
-4328
-6940
-6414
-8999
-16266
-16112
-16793
-14700
-15166
-13247
-10347
-12079
-7146
-4602
-3151
-1051
1371
7539
4573
4365
6387
5709
8531
10034
10866
10359
9675
9838
10647
13133
14148
13031
13357
13041
11239
9234
8545
6506
5184
3271
1100
-694
-3535
-4207
-6935
-7702
-6176
-8488
-8711
-9094
-11530
-7906
-7619
-10031
-12121
-12806
-12725
-16205
-17585
-17951
-17455
-20012
-19009
-19802
-14102
-10783
-13779
-3322
490
5421
10057
10116
14344
15018
15922
16851
17561
20210
21514
22854
22636
20369
19178
19262
17740
13094
12692
11790
10290
7153
4002
4344
458
827
1023
-592
-1574
-1929
-2634
-5718
-5200
-6696
-9515
-11231
-11091
-12202
-13102
-13165
-7318
-9033
-8485
-5835
-14666
-12452
-12113
-11586
-12093
-13355
-9795
-4984
-4067
-4822
743
-528
5003
5889
4200
9703
8422
9677
10630
13211
11954
13023
14241
12004
10030
8789
8271
6070
4725
3960
2995
43
-1247
-790
-2964
-4059
-3271
-5875
-6446
-6393
-8990
-9252
-12036
-14937
-13945
-15113
-13982
-14433
-14545
-15041
-10828
-6598
-9092
-5431
-3431
-2584
-2837
-2588
-2484
-994
-994
1130
3362
43
3893
5577
6383
9473
9131
8143
12245
8081
4527
9917
11781
11833
11326
12897
11685
10806
10960
10345
9479
7333
7801
7975
5987
5873
4453
2405
2027
1988
954
-151
-1775
-5426
-2710
-1250
-3360
-1847
-2831
-2980
-2422
-3191
-2627
-913
-3045
-5544
-5292
-6585
-8270
-8612
-9096
-10717
-9806
-12072
-7795
-6526
-8313
-2033
-58
3081
5507
3917
5520
7732
5629
4454
5265
4603
5995
5832
3916
3434
2328
3335
1756
1226
456
-2385
-2957
-3700
-4790
-5283
-6144
-7273
-6450
-9059
-8342
-310
-1646
-2638
702
1451
3634
1233
4228
1182
-2754
2089
618
-424
-331
6826
6192
5012
4450
-4619
-4489
114
-5009
-1606
815
-908
1877
4384
8159
7081
7162
11599
10844
8976
3007
4149
5360
8411
8060
6668
3769
3801
3005
1837
4036
2330
2656
858
-236
-548
965
-695
-2261
3242
2648
2224
2972
3186
1062
4696
4304
-1055
2632
2500
1736
459
1024
651
-236
-672
-4225
-3510
-5951
-9522
-10597
-11454
-12359
-12842
-10792
-14697
-12692
-9038
-9155
-7258
-5868
-2421
-290
-504
-1658
-84
-51
3876
4667
2052
1966
1268
1785
2290
3686
6266
7987
6822
7602
9149
10803
10351
10895
10067
8750
9933
9956
6355
5066
7874
6786
4480
3610
10374
10132
8835
4702
3518
4065
4488
1938
-403
-539
-1252
-3296
-3489
-4127
-6393
-5538
-4330
-11446
-12952
-9046
-6906
-4232
-2757
-467
2027
3173
3404
2255
6897
8141
10384
9309
8136
6416
6011
8032
6580
6913
4178
4954
6559
7036
6599
5948
6319
2990
171
1624
2484
884
1324
1232
795
267
-11
-1138
-846
-760
-1985
-2507
-2810
-5437
-8200
-9459
-10313
-10318
-13187
-14095
-16303
-16201
-20079
-9928
-11031
-14091
-7758
-9283
-5428
-5724
-3613
-542
4466
6099
-2034
5351
12113
14418
13908
13577
12132
14969
14159
12149
10695
12171
12946
11819
8977
6979
10429
9541
10395
5006
5429
8456
7620
6477
1819
3026
1846
1169
-556
-1354
-2984
-3213
-3161
-3691
-6151
-8428
-10233
-13949
-7049
-10384
-11654
-12068
-12417
-12404
-14330
-15775
-13169
-7990
-5672
79
747
1561
3600
6159
2456
7427
9257
12644
15095
12817
12263
10554
12501
9832
12782
10276
4202
4896
4757
4277
5582
5466
6253
7153
5628
6196
4669
3835
3267
1118
1484
38
-145
-1114
-2664
-4712
-7387
-8445
-10581
-11901
-13401
-14978
-14038
-13869
-12882
-12023
-10237
-8816
-8787
-3530
-3592
2046
4537
4198
10157
9327
10755
11567
13862
12458
12199
15066
16874
16844
13145
12719
9850
7053
8890
10088
8674
6969
6488
7897
6444
5486
5374
5262
5184
4499
4595
3241
2907
1908
1542
-531
-2694
-4755
-5477
-6175
-6348
-7401
-8635
-8329
-10042
-10412
-11564
-11265
-13092
-12313
-12642
-11808
-11361
-9500
-5805
-8606
-5522
-3014
688
6043
5084
7480
9316
6720
6634
5369
8137
2709
2196
6487
8957
9579
10851
10161
8694
9643
9010
7433
6104
-18
-1017
-877
-679
-2616
-2467
-3753
-5671
-6847
-9240
-5216
-13779
-12023
-10845
-10583
-5775
-4641
-3968
-1620
-1202
975
-454
-3277
-2766
-4018
-4216
-4771
-4864
-6690
-4597
-2607
-3308
757
2499
6368
8579
6014
9414
13760
8227
7514
9607
13420
13764
11220
10169
6132
7373
7453
11532
11452
10678
9990
9229
1079
1222
-345
1141
2184
2764
3526
1987
1492
888
-264
-2965
-3492
-4635
-6093
-5638
-5383
-6077
-7273
-6164
-5409
-5228
-5903
-7356
-9302
-11109
-11844
-12096
-12283
-13490
-9469
-10997
-11861
-7068
-5145
-3675
-3659
763
1275
3839
5150
3714
4641
3140
7399
5347
3874
3756
2959
3328
1333
1854
48
-1264
-2730
-3791
-2405
-25
-291
4272
5362
5322
9101
9645
12546
10783
10214
10138
7318
6473
5977
6193
5221
2599
2180
1256
1380
-1739
-2318
-4536
-9690
-6928
-6872
-6873
-7749
-4980
-6571
-9872
-5021
-3950
-3751
-2780
6201
6756
8372
8243
4495
6320
6031
9800
11551
9411
8197
7429
8551
7290
9530
2789
3076
4219
2573
2756
1605
1723
2517
2140
2998
1039
-639
5560
5832
4802
5306
3739
2373
2212
-385
-6121
-6036
-5660
-6007
-5852
-6281
-5770
-6881
-8407
-7555
-10369
-12766
-12494
-9728
-10022
-13631
-8403
-5151
-5768
-2929
-6497
-5602
-3708
-3135
-5893
-5264
-2249
-298
3112
2915
3809
5943
7794
7960
12363
13972
12856
13830
13165
13014
14004
14364
15335
14232
14189
14376
12605
14257
12656
10125
7505
4279
6317
6012
3736
2745
1697
354
-1757
-3710
-4153
-4763
-9294
-9476
-10341
-11154
-12371
-13404
-12165
-11321
-11679
-10159
-8013
-6856
-2084
-1577
157
4001
5621
4995
7434
8498
12003
14133
12424
12376
11226
11617
10899
11094
10522
9300
8616
7306
2808
8787
10017
9114
8210
8666
6627
5145
3884
4181
3921
2394
3422
1124
-445
-1662
-1996
-3119
-4671
-8082
-9728
-7832
-9346
-18971
-18813
-19767
-20248
-17032
-18519
-17090
-16140
-15339
-11653
-7360
-1378
-1127
2586
4515
9131
10456
9007
10138
12828
19662
18732
18420
14786
15334
15775
14518
15113
13192
13065
13253
11083
8870
9916
8282
8990
6824
5663
5546
3512
3073
1316
-1136
4308
3605
1571
1646
-9084
-10876
-10756
-10444
-10707
-12334
-11745
-12229
-14083
-14892
-12680
-13891
-13242
-13597
-9946
-9740
-9975
-3732
-2308
2477
4259
3268
6151
7062
8350
7633
5683
9816
12930
11779
11268
10650
10189
10960
13183
9818
8772
10276
7296
5767
5093
3310
3223
3951
2728
2743
2291
2049
2255
745
301
-3774
-6790
-5572
-7962
-8348
-9870
-11412
-11068
-11391
-12645
-8290
-6638
-7763
-6089
-7897
-4180
-5278
-5888
-1703
-3511
-748
735
2056
5760
5960
7915
9776
12221
11231
11911
10220
12202
13490
9182
14698
11833
10692
12674
12597
11724
10443
11778
9482
10244
9894
8847
8412
6756
6657
5604
4407
3136
-315
-1092
7
-1545
-3596
-4373
-4907
-7372
-9290
-11770
-14484
-6651
-5068
-7312
-8501
-6752
-7659
-10267
-9280
-8751
-8292
-4703
-6228
-6145
-2188
-8211
-1991
3327
3278
5391
7512
6598
5753
6719
9658
13085
10894
8635
6243
5701
4779
4465
5091
1998
8242
7751
5931
3037
816
1211
-623
-3671
-3440
-2750
-8967
-6956
-2774
-3298
-3919
-2299
-887
-805
-3066
-1812
-2206
-2663
-4192
-4800
-3680
-4346
-3159
-2565
-4118
-3821
-4371
-3297
-1115
-5617
-3439
2023
4271
7353
5810
8250
12009
12263
13582
11324
11279
12990
13028
11548
8913
8121
7171
5397
10761
9746
8696
7635
6538
5500
2847
3744
4274
4984
4887
-2379
-1629
-2718
-2790
-3260
-4314
-5711
-7512
-5135
-4536
-8321
-6286
-6308
-9306
-9496
-9385
-11321
-10475
-9268
-9754
-10721
-12252
-13114
-10339
-8006
-10615
-7610
-6057
-1753
1528
1232
4407
3628
5935
7427
7277
8305
8866
10377
8152
6579
5766
4146
4241
5819
5830
4704
7137
7198
6596
7756
10640
12466
10720
10955
9157
7543
6584
5235
3826
4300
6155
3134
2828
4235
643
672
1357
-6099
-4866
-2085
-5154
-6084
-5877
-5556
-6009
-7015
-7754
-4173
-5613
-6949
-3751
-2867
-483
1305
2749
4401
3495
3957
5303
5526
6718
8200
9093
8407
7958
7355
4804
7659
6745
5154
4038
9162
8853
6836
8604
6023
6798
6613
6131
5754
-4054
-4016
-2867
-3798
-4997
-5392
-8830
-6210
-7221
-6839
-6484
-6385
-5146
-6920
-6067
-7232
-7638
-9154
-9836
-9813
-9742
-10630
-6508
-8369
-10609
-6556
-6155
-3477
-1377
644
1278
2888
5513
8397
11243
12812
12482
14781
18704
18613
20376
18220
16892
16360
16942
16155
11972
13196
12006
10659
8456
8400
3266
2723
6517
-4064
-3690
5775
711
-4872
-4790
-4974
-4501
-5513
-4693
-4623
-4929
-6050
-6840
-5888
-6240
-8084
-7876
-10438
-11228
-10752
-11388
-8803
-9337
-8254
-5630
-3729
-24
720
2046
3902
4459
10327
8875
12623
14059
14559
13621
13203
13797
13124
13252
11410
10512
11464
10193
9799
8000
5192
3954
1858
3229
3638
621
1665
-5965
-9904
-6333
-6044
-6678
-7246
-8353
-8364
-8327
-7018
-6119
-6916
-8161
-9833
-10426
-11941
-13837
-13751
-16381
-14685
-14478
-10882
-6475
-7586
-5828
367
4129
6594
7220
5916
10430
10679
11549
12469
19168
20203
18601
19253
17716
17590
17385
17437
16357
8167
8797
12402
8899
5571
6542
8530
6121
4332
-1811
-3050
-4729
-1314
174
-761
-2379
-4568
-4435
-5394
-6231
-6962
-7335
-8671
-8407
-9378
-9587
-8434
-8294
-6963
-4968
-4743
-6103
-6106
-4896
-1984
-5740
-6718
-3271
-679
2514
1578
3523
5007
5499
6127
7427
9719
9383
10418
10546
9648
9633
9085
7031
7600
7845
4112
2949
4817
2286
151
-920
-3966
-5145
-2640
-1641
-6023
-5632
-8113
-7149
-7233
-8467
-6252
-6688
-6162
-5979
-1116
-1330
-807
84
2485
4143
1049
272
-2302
-2693
-3162
-7173
-3896
-1572
-4461
-252
1458
5971
8902
10828
13544
9735
7444
12225
14799
12422
12856
13149
13874
11957
11634
10822
6382
7151
8636
3854
399
-112
-4451
-5563
-1929
-2187
-1919
-2176
-279
1914
126
1736
1837
744
-317
2187
2245
42
-15
-3141
-3303
-3154
-3879
-5221
-3682
-3508
-6347
-5996
-5479
-3915
-7023
-5220
-2119
-5091
-1708
-1230
-632
707
-1448
656
966
5725
6178
9013
8470
7199
7157
5085
2251
2089
6187
4173
1780
2379
-7943
-10100
-7217
-7919
-9548
-961
-667
1245
-2073
258
534
3403
8365
10307
9613
9533
8247
6915
6086
4431
2987
2474
7931
-2664
-2568
5208
4784
2451
2879
-8141
-13226
-2936
-1437
-2249
-11343
-8061
-4488
-1050
1301
2238
4305
4296
7527
7064
6153
6771
4730
4297
4784
3720
1295
3496
153
-1672
611
-1414
329
-295
-900
5
878
854
2219
3484
3337
3964
4093
3699
3661
5030
4751
6427
5723
4123
529
-498
2567
-118
-515
-3820
-4883
-5558
-7012
-7537
-8288
-7970
-11000
-8012
-9831
-9478
-5924
-5827
-2321
-1891
-955
-7
-1340
-406
-1393
-779
1663
-559
-268
432
-307
288
4047
5747
7872
8487
12662
14584
11259
14750
15583
14284
14317
14029
12547
11964
12792
11667
12176
11457
10297
5683
7206
5860
-3364
795
1178
-1062
-3584
-5516
-5748
-7239
-9011
-8378
-10248
-11249
-11093
-12697
-10434
-13272
-11283
-10782
-7187
-5168
-5003
-5009
-4626
-1272
367
2150
-305
2328
865
3308
6543
6239
7497
6933
7315
7186
10484
10548
9308
11128
11947
12176
12085
11014
10308
9465
10562
9585
5539
5259
4392
2925
40
167
-221
-3663
-6669
-9018
-3491
-5429
-5262
-7347
-8387
-11058
-11084
-12904
-15663
-15787
-17997
-13404
-16280
-23035
-18617
-16305
-14884
-10145
-3424
-4091
-2237
7729
3251
14109
16000
16357
17921
17633
16405
17225
19738
18409
14111
14975
15196
16594
16141
15953
15667
13082
5048
5211
7379
7210
5505
3821
4963
3672
3397
1958
-791
-2020
-4211
-5255
-8242
-3560
-4886
-7351
-9173
-10718
-12619
-11857
-19040
-19084
-18124
-18166
-12079
-16685
-14878
-7390
-7402
-7236
-4219
-1365
-2234
1628
3648
5486
7827
7408
8528
9130
9518
9797
9673
10220
11032
9853
11029
9152
7647
5672
1931
5973
6081
5351
3250
3275
3240
1475
-247
-1534
-2105
-4807
-5093
-7426
-9014
-10480
-12494
-15892
-16937
-19028
-21109
-19146
-20466
-18913
-15312
-15101
-13693
-14640
-10179
-3885
-7278
-4585
-1889
1730
1834
2513
8588
7548
10204
11833
13374
15227
16099
16995
20499
15722
13881
19116
17708
18645
13155
13992
15764
13013
13623
12344
11775
10879
10802
9500
7833
6037
3878
2957
1650
394
-716
-2634
-3132
-4679
-6657
-7042
-7655
-7307
-9433
-9315
-11232
-13272
-14220
-15462
-18325
-16118
-14881
-14536
-8254
-12731
-10029
-4320
-2456
-1448
2790
3979
4105
4500
5866
7120
6756
14938
13229
15597
14995
11277
9497
13391
12132
10799
10330
9641
9189
792
777
-722
-1189
-3566
-5367
-6056
-7722
-9178
-8923
-8249
-6583
-4662
-2721
-3562
-2518
-554
-455
2819
256
-1719
-4406
-6347
-6466
-8765
-6473
-8026
-7428
-8148
-5424
-2905
-5007
4568
5923
1243
5692
8225
11599
12114
12291
17662
16985
16896
14484
16528
16310
16757
15061
12266
13901
11280
11156
8257
6278
6445
6798
5462
5514
4980
3418
3422
1747
962
667
633
-1138
-3841
-4634
-6490
-8432
-8445
-9447
-9829
-9932
-10034
-9675
-7600
-7128
-9032
-10702
-11120
-13279
-11938
-13869
-10946
-8605
-11480
-2630
-4227
-1258
2993
3252
7527
6285
5154
6986
8342
8930
8451
5774
6315
4684
1786
541
279
-62
-1276
-1757
-2314
-2498
800
3107
-903
476
3010
2906
4056
9304
9408
7736
8889
7516
6818
6127
5073
3344
2159
909
1452
3297
-295
1087
-7341
-6329
-2393
-4753
-10757
-11539
-12698
-8099
-3100
-3245
2801
2203
4341
3426
6437
9225
9266
3170
5003
5729
6747
6916
6323
7285
5398
1771
4810
5868
6324
6594
5359
6055
5005
5719
3617
3305
2659
656
858
-15
317
742
171
408
-1758
32
-864
-3699
-2582
-4613
-8082
-5266
-7148
-7015
-5122
-5439
-5445
-6592
-7894
-8437
-8002
-9949
-5002
-11754
-9914
-2426
-2990
-3125
-1838
-1378
-41
222
-980
3966
5128
6542
7830
10256
11778
13398
14130
17050
17851
17550
17131
14644
15258
13760
13519
11492
11832
12544
11374
12068
10111
7840
8664
8263
2611
58
1882
2652
459
-1348
-819
716
395
-2279
-2473
-2408
-3009
-4790
-5529
-7423
-10918
-12706
-13251
-10885
-13183
-11610
-7474
-1592
3145
4636
6241
7361
8844
11239
11177
13164
12132
11950
13165
13120
12262
11255
11621
10506
10635
10583
8797
7965
517
1217
1574
-302
-897
-882
-3218
1853
249
-2617
-1694
-463
-1580
-2531
-1500
-2902
-4389
-3429
-4267
-4092
-5542
-6361
-6174
-11116
-12965
-17376
-17675
-18234
-18580
-16614
-12713
-12971
-10662
-5818
-4130
-326
10541
13622
7527
9351
12650
12815
15096
15767
15067
15757
17029
15284
13239
13674
12810
11926
10548
9673
6478
2570
4615
6046
5691
4443
3033
2908
4271
4685
2579
3860
3105
1485
843
-854
-2719
-1339
-2813
-4986
-5984
-5826
-4566
-7838
-6870
-8256
-8152
-9327
-9759
-10528
-9746
-6595
-12287
-8568
1543
3816
6038
7561
10240
8820
11022
12572
13339
12453
11119
10852
10756
11747
9863
8942
8620
7671
2843
1786
800
1355
-10
773
355
-1208
-1122
92
-7
-320
-532
-4043
-3235
-3282
-3767
-4405
-7214
-6885
-8034
-10698
-11101
-9917
-9471
-7785
-6039
-4531
-5054
-1421
440
-366
1518
2905
2474
2210
4411
6184
10871
10725
11008
13403
11665
12554
12933
15360
13123
9030
10446
11970
14606
9097
10343
11817
9554
10301
6178
4243
2490
395
-626
271
-2698
-2838
-2237
-3303
-2780
-1749
-483
-431
-336
-1373
-802
-1257
-1749
-1039
-1375
-2004
-2252
-2360
-3502
-4149
-4605
-4832
-6079
-4790
-5517
-7018
-2097
-7271
-4721
-1453
-1675
3497
3110
4685
5703
5609
3594
3973
6832
6113
5379
3407
2165
9284
6326
6475
6370
-1303
-1283
-2691
-3783
-1774
-3681
-5792
-3987
-5566
-7292
-6512
-4105
-2744
-798
-114
990
1573
523
2084
4413
4501
4940
3834
2279
1422
1126
306
-1605
-1546
-1863
-3308
-3109
-3191
-3421
-1492
-6344
-4329
-1856
-1507
610
5899
8313
9281
10289
3832
3146
6741
9003
8251
8178
6876
5392
507
746
1483
-850
1656
-1090
-998
-946
-2974
-1706
-469
-18
-537
1782
995
1710
854
-2212
-388
-346
-760
-606
-1096
-852
-518
-2557
-3901
-6456
-6438
-6545
-8818
-11796
-12809
-13609
-13468
-14458
-12692
-10071
-15785
-10650
-2727
-1377
1413
2000
4012
4123
5802
3399
4338
6244
2574
2889
2260
293
-3053
-4383
-185
-694
-1821
1256
-652
2417
7525
6993
7675
13124
14020
13115
13363
12477
11888
11682
11128
9895
8258
7714
7476
6883
6893
4296
3516
1451
872
294
-2255
-1644
-4087
-4031
-6436
-6359
-7805
-4096
-5414
-8728
-500
-2915
2
2033
462
3014
890
283
1147
1877
3143
3384
3207
2052
3574
718
-1744
2121
536
403
9191
10795
2278
2756
3983
2225
2965
2205
2365
9131
8824
2642
732
-286
-1515
-1816
-333
-1583
-4404
-4818
-4638
-5359
-7341
-7731
-7451
-8242
-11237
-11264
-14674
-15078
-12489
-13603
-7335
-13494
-12913
-7981
-7572
-4532
-7298
-5739
-4485
-5443
-5659
-2388
-2075
-1471
7044
8481
5930
8665
9917
10429
13684
14839
13705
14293
11648
11079
10937
9799
17028
17135
16436
15414
13528
11075
10427
9030
7610
6338
4359
5015
3265
-3142
-2540
-1990
-484
-2276
-2815
-6224
-4580
-5974
-8520
-9425
-10884
-12856
-12742
-10006
-12231
-7582
-5297
-3880
1680
633
2648
3459
3886
6020
4101
8541
9050
11286
10639
10932
13177
11288
13760
12988
14274
11905
10723
9821
8601
8637
6303
6326
6107
5122
4043
3140
2071
-265
330
-1742
-3967
-2317
-3394
-5020
-5541
-6083
-7357
-6052
-7965
-9911
-11551
-14627
-16845
-18860
-20553
-20362
-21859
-20120
-17033
-13082
-11349
-1654
-1704
2433
6246
11441
12184
13793
13242
13637
16970
16486
19078
19631
18849
20360
19469
19403
11197
12551
12223
11894
9793
8005
8828
6903
6735
6307
5705
2731
2421
2797
2136
954
-2012
-2481
-3424
-4601
-5057
-6184
-7362
-8301
-9635
-11713
-13723
-13009
-14480
-15436
-14529
-14552
-15498
-15660
-11743
-15736
-12507
-7275
-5832
1069
3671
5862
6304
7984
8795
9918
9884
12456
14631
12788
12864
10401
7729
5589
12735
12100
12166
9932
7779
8151
8582
7640
-742
494
-668
-1019
-1544
-2475
-2977
-2417
-2865
-4990
-7351
-8791
-10349
-11866
-14171
-15284
-12756
-13714
-11997
-9279
-8022
-8310
-6274
-4683
-5278
-5554
-6051
-3366
-6632
-667
3206
3234
6269
6596
7920
8032
10345
7986
8322
9884
18241
17564
17984
17283
16512
16464
14271
14381
6893
8157
8585
7809
7331
6624
7206
5337
4414
3971
2294
1470
-1309
-3796
-5509
-5564
-7604
-9390
-8466
-7327
-6624
-7522
-7145
-8805
-9683
-10430
-12843
-11348
-11205
-11533
-12254
-11194
-11639
-9477
-6423
-8146
-4667
-1114
-469
2157
5792
4541
7778
9261
9769
9135
8956
10484
10935
13151
11649
11074
9115
8864
8514
8112
6836
6367
2794
-655
-403
-2720
-2910
-5047
-6959
-7653
-8457
-6324
-8068
-7503
5282
4846
4156
5298
5981
6149
4432
3389
-3597
-2928
-3683
-4700
-4742
-4660
-6714
-6470
-7402
-9008
-7667
-6298
-6598
-4941
815
939
4318
6252
6392
8833
10273
12278
12383
14410
12662
12965
13565
11029
9261
8107
6294
3222
3292
4055
4425
3647
2986
2052
4020
4601
3290
2947
2209
1823
13
616
-2873
-2790
-3522
87
-7054
-7202
-6237
-7500
-5883
-4260
-7881
-8472
-8051
-13317
-12986
-12825
-14129
-12943
-12368
-12648
-13446
-9899
-4805
-5346
-3897
-886
-296
657
1762
1630
2796
4512
3272
7842
6632
5598
3709
1784
2065
1199
4311
1681
2759
4292
6239
7257
8225
9075
8000
8812
8402
8162
7931
10426
7791
8427
9743
8512
8334
7238
7258
3514
774
-721
-2357
-5391
-7450
-8011
-10371
-10967
-11913
-13859
-12047
-11018
-6369
-11229
-9573
-1622
-5481
-502
165
-1485
-671
-900
6367
385
1432
4340
3974
2807
4060
5690
6317
6050
6980
6579
7152
6310
7012
6847
7978
8779
7722
8324
6822
6606
5428
5849
5448
4208
4140
2424
1451
-725
-1957
-3956
-3934
-6576
-5434
-5266
-9862
-7314
-9438
-10692
-10838
-13154
-13006
-15367
-15050
-14819
-16500
-12390
-8180
-7863
-3992
-2159
-2017
-258
501
4393
2174
7313
13120
10837
13765
11418
12914
15576
13114
13026
13931
12362
11740
17100
16147
16576
12732
14519
14111
12773
11466
10373
10354
8142
8722
5890
5186
2855
1290
-2508
-1529
-6525
-9293
-7405
-9736
-9560
-10722
-11948
-12602
-14361
-16468
-10480
-12404
-10040
-8361
-11376
-2637
-4040
278
5442
2232
6833
6781
8770
10583
9791
12623
14126
14333
14497
14453
15046
8486
9279
7016
6241
7366
4508
5551
8557
5732
4958
5901
5283
5238
4416
3144
1145
-990
-3880
-5264
-7384
-6733
-5263
-8884
-8209
-8738
-9818
-10429
-12067
-12376
-12837
-15394
-16660
-16600
-17550
-16839
-15924
-12962
-13212
-10002
-4801
-305
3973
5134
8685
11461
11640
13966
16330
18697
21279
21574
21048
20331
20603
20439
18911
16251
15486
14961
13057
13021
11985
10764
11130
9456
8342
7482
6826
4969
3206
1541
1236
580
-827
-2982
-6535
-6839
-9428
-11254
-13657
-13214
-12333
-13866
-13019
-14782
-14493
-13379
-13789
-11272
-12463
-9232
-7242
-7930
-776
572
3110
7747
8902
9164
10618
10790
10518
14454
13400
12259
13465
8712
7027
7138
13567
13657
12175
11909
9935
8679
8075
7362
-240
-645
600
-1448
-1996
-2415
-5342
-2466
-2286
-4790
-5422
-7290
-8819
-10144
-13405
-13390
-12517
-13647
-13709
-14135
-12503
-11755
-10446
-10080
-8001
-5869
-6914
-5818
-1913
-5135
-110
5408
7431
13004
11514
16041
14767
15795
15082
13553
16830
17822
20555
18601
16559
16431
16233
15759
13615
11865
11697
10033
8749
7762
8056
4785
4203
1700
178
25
-1750
-1335
-3439
-3059
-5605
-5045
-8060
-7447
-3020
-4660
-4853
-4566
-6310
-6302
-7333
-9085
-9923
-11563
-10713
-12042
-11093
-12033
-8943
-10687
-8616
-4751
-3755
1810
538
4053
5837
4498
6379
10370
6437
6221
9395
13484
13968
12258
10929
10178
9630
8528
7166
5661
-2121
-2288
-3590
-6324
-7349
-7560
-9643
-10475
-11709
-11506
-13007
-12252
-13400
-11407
-421
-622
3007
3642
4697
3581
3842
3254
3111
3183
1300
2918
988
2129
2352
1999
1970
3417
2704
1922
6331
10344
3974
4386
10153
7443
9001
11396
10157
10755
9322
12754
12028
8680
7487
5933
3343
3588
2787
1705
1584
59
-630
-1213
-740
-1026
-1493
-2567
-2942
-4236
-4277
-3679
-3104
-2444
-4380
-4962
-3431
-1518
-2515
-3947
-3950
-5837
-7027
-9051
-10558
-10256
-10909
-10534
-11456
-10966
-10797
-6202
-5497
-7450
-957
2021
3990
5269
5760
7181
6944
7810
9632
8744
6192
4099
5732
4533
1677
1110
-187
-895
-2701
-4265
-5079
-3209
-4966
-2508
365
-2401
2612
6333
7128
6798
7737
9291
7300
9010
9594
8879
8650
8440
6708
5368
5486
5649
3589
1652
755
1277
633
-1156
-1873
-1750
-3225
-1416
846
-4673
-189
1423
2375
7196
8007
8363
7351
7020
8144
8565
8159
5728
6332
8976
6111
4693
3386
2230
-343
441
-1710
-1377
-1868
-3961
-1782
-4031
-4041
-3012
-1116
-727
-922
-157
-708
-315
-1626
-4200
-4541
-4229
-4563
-3400
-1435
-2952
-1836
-1944
-2749
-3847
-5919
-5879
-6234
-7079
-7186
-8270
-5369
-5582
-10257
-2616
-5861
-5194
136
-2121
-368
-1684
-2078
118
2148
2875
4157
5264
8057
8563
7586
10074
9202
8307
8580
11685
12795
11888
9415
10859
9740
10762
12804
14496
13916
12292
9646
9238
9425
9582
9780
9071
1199
-2114
2970
-3969
-3361
792
-6830
-7482
-7174
-8738
-8762
-9936
-10091
-11349
-11393
-9097
-14874
-9108
-7639
-6501
-1248
-642
1104
2382
1819
1191
2983
2628
8606
7828
8002
7757
8508
7341
7297
9136
8562
8292
6846
5245
7834
2291
-53
2139
2297
1110
2542
3797
4397
3573
5262
4804
3009
3204
1909
-187
-2216
-2461
-3610
-4629
-4903
-8215
-10313
-11805
-13134
-15294
-17801
-19634
-20848
-11100
-14200
-13176
-5700
-6368
-6954
-3036
-1764
3104
11091
5716
6886
7329
8293
8699
8707
12185
13894
12061
11279
12660
11514
9343
11641
12247
10254
10549
10396
9612
9494
9141
10844
10330
8383
8487
8019
6951
6801
4906
4281
3259
1722
-141
-2451
-4498
-6770
-8000
-10141
-11284
-12746
-12743
-13671
-13629
-13431
-10604
-11791
-13358
-9106
-9455
242
688
2455
5607
6130
7761
6537
7391
6945
8551
11020
9966
10493
9362
2773
1875
3775
5346
5477
6579
7714
9420
6916
7979
7630
