0
0
0
0
0
0
0
0
0
0
0
0
0
0
0
0
0
0
0
0
0
0
0
0
0
0
0
0
0
0
0
0
0
0
0
0
0
0
0
0
0
0
0
0
0
0
0
0
0
0
0
0
0
0
0
0
0
0
0
0
0
0
0
0
0
0
-1
0
0
0
0
-1
0
0
0
0
0
0
0
0
0
0
0
0
0
0
0
0
0
0
0
0
0
0
0
0
0
0
0
0
0
0
0
0
0
0
0
0
0
0
0
0
0
0
0
0
0
0
0
0
0
0
0
0
0
0
0
0
0
0
0
0
0
0
0
0
0
0
0
0
0
0
0
0
0
0
0
0
0
0
0
0
0
0
0
0
0
0
0
0
0
0
0
0
0
0
0
0
0
0
0
0
0
0
0
0
0
0
0
0
0
0
0
0
0
0
0
0
0
0
0
0
-1
-1
-1
-1
-1
-1
-1
-1
-1
-1
-1
-1
-1
-1
-1
-1
-1
-1
-1
-1
0
0
0
0
0
0
0
0
0
0
0
0
1
0
1
2
2
3
3
3
4
5
5
6
6
7
8
9
10
11
11
13
14
15
17
18
19
20
22
23
24
26
28
29
31
33
35
37
39
41
43
44
46
48
50
52
55
57
59
60
62
64
66
68
70
72
74
76
77
79
80
82
83
85
85
86
87
88
89
89
90
90
91
91
91
91
90
90
90
89
89
88
87
86
85
85
83
82
81
80
79
78
77
76
74
73
72
71
71
69
68
68
67
66
66
66
65
65
65
65
65
65
66
66
67
68
69
70
70
72
73
74
74
76
77
79
80
81
83
84
85
87
88
90
91
92
94
94
96
96
97
98
99
99
99
100
100
100
100
101
100
100
100
99
99
98
98
97
97
96
95
95
94
94
93
92
91
91
90
90
89
89
88
88
87
88
87
87
87
87
87
87
87
87
87
87
87
87
87
87
87
88
88
88
88
88
88
88
89
89
89
89
89
89
89
89
89
89
88
88
88
88
88
87
87
87
87
86
86
86
86
85
85
85
85
84
84
84
84
83
82
82
81
81
81
81
80
80
80
79
79
78
78
77
77
76
75
74
74
73
72
72
71
70
69
68
67
66
65
64
63
61
61
60
58
57
56
55
54
53
52
51
49
49
48
47
46
45
44
44
43
42
42
41
40
40
40
39
39
39
39
39
38
37
37
37
37
37
37
37
37
36
36
36
36
35
35
35
34
34
33
33
32
31
31
30
30
28
28
27
26
25
24
23
22
21
21
19
18
18
16
16
15
14
13
12
12
11
10
10
9
8
8
8
8
7
7
7
7
7
7
7
7
7
7
7
7
8
8
8
9
10
10
10
11
12
12
13
14
15
15
16
17
17
18
19
20
20
21
22
23
23
24
24
25
25
26
26
27
27
27
27
28
29
28
29
28
29
29
29
29
29
29
28
28
28
28
27
27
26
26
25
25
25
24
24
23
23
22
22
22
21
21
20
19
20
19
18
18
18
18
18
18
18
18
18
18
18
18
17
18
18
18
18
19
19
19
19
19
20
20
20
21
21
21
21
21
22
22
22
22
22
23
22
23
22
22
22
22
22
21
21
21
20
20
20
19
19
18
18
17
17
17
16
15
15
15
14
14
13
13
12
12
11
11
11
10
10
10
9
9
9
8
8
8
8
7
8
7
7
7
7
7
7
7
7
7
6
6
6
6
6
6
7
7
7
7
7
7
8
8
8
8
8
8
8
9
9
9
10
10
10
10
11
11
11
11
11
11
12
12
12
12
12
12
12
12
12
13
12
12
12
12
12
11
12
11
11
10
10
10
10
9
9
8
8
7
7
6
6
5
5
4
4
3
3
2
2
1
1
0
0
0
0
0
-1
-1
-1
-1
-2
-3
-2
-2
-3
-3
-3
-3
-4
-4
-4
-4
-5
-5
-5
-5
-6
-6
-6
-7
-6
-7
-7
-8
-8
-9
-9
-9
-10
-11
-12
-12
-13
-14
-15
-15
-16
-17
-18
-19
-20
-21
-22
-23
-24
-25
-27
-28
-29
-30
-32
-33
-34
-36
-37
-38
-40
-41
-42
-44
-45
-47
-48
-49
-50
-52
-53
-54
-55
-56
-58
-59
-60
-61
-62
-63
-64
-65
-66
-67
-67
-68
-69
-69
-70
-71
-71
-72
-72
-72
-73
-73
-73
-73
-73
-73
-74
-74
-74
-74
-74
-74
-74
-73
-73
-73
-73
-73
-72
-73
-73
-72
-72
-72
-72
-72
-71
-71
-71
-71
-71
-70
-70
-70
-70
-70
-70
-70
-70
-69
-70
-70
-69
-69
-69
-69
-69
-68
-69
-69
-68
-68
-68
-68
-68
-68
-67
-67
-67
-67
-66
-66
-66
-65
-65
-65
-64
-64
-64
-63
-63
-62
-62
-62
-61
-61
-60
-60
-60
-59
-58
-58
-58
-57
-57
-57
-56
-55
-55
-54
-54
-54
-53
-53
-53
-52
-52
-51
-51
-50
-50
-50
-49
-49
-48
-48
-48
-47
-47
-47
-46
-46
-46
-45
-44
-44
-44
-44
-43
-43
-42
-42
-42
-41
-41
-40
-40
-39
-39
-39
-38
-38
-38
-37
-36
-36
-36
-36
-35
-34
-34
-34
-33
-33
-32
-32
-31
-31
-30
-30
-29
-29
-28
-27
-27
-27
-26
-26
-25
-24
-24
-24
-23
-23
-22
-22
-21
-21
-21
-20
-20
-19
-19
-18
-18
-18
-18
-17
-17
-17
-16
-16
-16
-16
-16
-15
-15
-15
-15
-15
-14
-14
-14
-14
-14
-14
-14
-14
-14
-14
-14
-14
-14
-14
-14
-14
-14
-14
-14
-14
-14
-14
-15
-14
-14
-14
-14
-15
-15
-15
-15
-15
-15
-15
-15
-15
-15
-15
-15
-16
-16
-15
-15
-15
-16
-15
-15
-16
-15
-15
-15
-15
-15
-15
-16
-16
-16
-16
-15
-16
-16
-16
-16
-16
-16
-16
-16
-16
-16
-16
-16
-17
-17
-17
-17
-17
-17
-18
-18
-18
-18
-18
-19
-20
-20
-20
-20
-21
-21
-21
-22
-22
-23
-23
-23
-24
-24
-25
-26
-26
-26
-27
-28
-28
-29
-30
-30
-31
-32
-32
-33
-33
-34
-35
-35
-36
-37
-37
-38
-39
-39
-40
-41
-42
-42
-43
-43
-44
-45
-46
-46
-47
-47
-48
-49
-50
-50
-51
-52
-52
-53
-54
-55
-55
-56
-57
-57
-58
-58
-59
-60
-61
-61
-61
-62
-63
-63
-64
-65
-65
-66
-66
-67
-67
-68
-68
-69
-70
-70
-71
-71
-71
-71
-72
-73
-72
-73
-74
-74
-74
-75
-75
-75
-75
-75
-76
-76
-76
-76
-77
-77
-77
-77
-77
-77
-77
-77
-77
-78
-77
-78
-78
-78
-77
-78
-78
-78
-78
-78
-78
-78
-78
-78
-78
-78
-78
-77
-77
-77
-77
-77
-77
-77
-77
-77
-77
-77
-77
-77
-76
-76
-76
-76
-76
-75
-75
-74
-74
-74
-74
-74
-73
-73
-72
-72
-71
-70
-70
-69
-69
-68
-68
-67
-66
-66
-65
-64
-63
-62
-61
-61
-60
-59
-58
-57
-56
-54
-54
-52
-51
-50
-49
-48
-46
-45
-44
-43
-41
-40
-39
-38
-37
-35
-34
-32
-31
-30
-28
-27
-26
-25
-23
-22
-21
-20
-19
-17
-16
-14
-14
-12
-11
-10
-9
-8
-7
-6
-5
-4
-3
-2
-2
-1
0
0
0
1
2
3
3
4
5
5
6
6
7
7
8
8
8
9
9
9
10
10
10
10
11
11
11
11
11
12
12
12
12
13
13
13
13
13
13
13
13
13
13
13
13
14
14
14
14
14
13
14
14
14
14
14
14
15
15
14
15
15
15
15
15
15
14
15
14
14
14
14
14
14
14
14
14
13
13
13
13
13
13
13
12
12
12
11
11
11
10
10
9
9
9
9
8
8
8
7
6
6
5
5
5
4
4
4
3
2
2
2
2
1
1
1
0
0
0
0
0
0
-1
-1
-1
-1
-2
-2
-2
-3
-2
-3
-3
-3
-3
-3
-4
-4
-4
-4
-4
-4
-5
-4
-5
-5
-5
-5
-5
-5
-6
-6
-6
-6
-6
-7
-7
-7
-7
-8
-8
-8
-8
-9
-9
-10
-10
-11
-11
-11
-12
-12
-12
-13
-14
-14
-15
-15
-16
-16
-17
-18
-18
-19
-19
-20
-20
-21
-22
-22
-23
-23
-24
-25
-25
-26
-26
-27
-28
-28
-29
-30
-30
-31
-31
-32
-32
-33
-33
-34
-34
-35
-36
-36
-37
-37
-37
-38
-38
-38
-39
-39
-40
-40
-40
-40
-41
-41
-41
-42
-42
-42
-42
-42
-43
-43
-43
-43
-44
-44
-44
-44
-44
-45
-45
-45
-45
-45
-45
-46
-46
-46
-46
-46
-46
-46
-47
-47
-47
-47
-47
-47
-47
-48
-48
-48
-48
-48
-48
-48
-48
-48
-48
-49
-49
-49
-49
-49
-49
-49
-49
-49
-49
-49
-49
-49
-49
-49
-49
-49
-48
-48
-48
-48
-48
-48
-48
-47
-47
-47
-47
-46
-46
-46
-45
-45
-45
-44
-44
-44
-43
-43
-42
-42
-41
-41
-40
-41
-40
-39
-39
-38
-38
-37
-37
-36
-35
-35
-34
-34
-33
-32
-32
-31
-31
-30
-29
-29
-29
-28
-27
-27
-26
-26
-25
-24
-24
-23
-23
-22
-22
-21
-21
-20
-20
-19
-19
-19
-18
-17
-17
-17
-16
-16
-16
-16
-15
-15
-15
-14
-14
-14
-14
-14
-14
-13
-14
-13
-13
-13
-13
-13
-13
-13
-12
-13
-13
-13
-13
-13
-13
-14
-14
-14
-14
-14
-15
-15
-15
-16
-16
-16
-16
-17
-18
-17
-18
-19
-19
-19
-20
-20
-21
-21
-21
-22
-23
-23
-24
-24
-25
-25
-26
-26
-27
-27
-28
-28
-29
-29
-30
-30
-31
-31
-32
-32
-32
-33
-33
-34
-34
-35
-35
-36
-35
-36
-37
-36
-37
-37
-37
-38
-38
-38
-38
-39
-39
-39
-40
-40
-40
-41
-41
-41
-41
-41
-41
-41
-41
-41
-42
-42
-42
-42
-42
-42
-42
-43
-43
-43
-43
-44
-44
-44
-44
-44
-45
-45
-45
-45
-45
-46
-46
-46
-46
-46
-47
-47
-48
-47
-48
-48
-49
-49
-49
-49
-50
-51
-50
-51
-51
-52
-52
-52
-52
-53
-53
-54
-54
-54
-55
-55
-55
-56
-56
-56
-57
-57
-57
-57
-58
-58
-58
-59
-59
-59
-60
-59
-60
-60
-60
-60
-60
-60
-60
-61
-61
-61
-61
-61
-61
-61
-61
-61
-61
-61
-61
-61
-61
-61
-60
-61
-61
-61
-60
-60
-60
-60
-60
-60
-60
-59
-59
-59
-59
-58
-59
-58
-58
-58
-58
-58
-57
-58
-57
-57
-57
-57
-56
-56
-56
-56
-56
-55
-55
-55
-55
-55
-54
-54
-54
-54
-54
-53
-53
-53
-53
-53
-52
-53
-52
-52
-52
-51
-52
-51
-51
-51
-50
-50
-50
-50
-50
-49
-49
-49
-49
-48
-48
-48
-48
-47
-47
-46
-46
-46
-45
-46
-45
-45
-44
-44
-43
-43
-43
-42
-42
-41
-41
-41
-40
-39
-39
-38
-38
-37
-37
-36
-35
-35
-35
-34
-33
-32
-32
-31
-31
-30
-29
-28
-27
-27
-26
-25
-25
-24
-23
-22
-21
-21
-20
-19
-18
-17
-16
-15
-15
-14
-13
-12
-12
-11
-10
-9
-8
-7
-7
-6
-5
-5
-4
-3
-2
-1
-1
0
0
0
1
2
2
3
4
4
5
5
6
7
7
7
8
8
9
9
10
10
10
11
12
12
12
12
13
13
13
14
14
15
15
15
15
15
16
16
16
17
16
17
17
17
18
17
18
18
18
18
19
18
19
19
19
20
20
20
20
20
20
20
21
21
21
21
21
21
21
22
22
22
22
22
22
22
22
22
22
23
23
23
23
23
23
23
23
23
23
23
23
23
23
23
23
23
23
23
23
23
22
22
22
22
22
22
22
21
21
21
21
20
20
20
19
20
19
19
19
18
18
18
17
17
16
16
16
16
15
15
15
15
14
14
14
13
13
13
12
12
12
11
11
10
10
10
10
9
9
8
8
8
7
7
7
6
6
5
5
5
4
4
4
3
3
2
2
2
1
1
0
0
0
0
0
-1
-1
-2
-2
-3
-3
-3
-4
-4
-5
-5
-6
-6
-7
-7
-8
-9
-9
-9
-10
-10
-11
-11
-11
-12
-12
-12
-13
-13
-14
-14
-15
-15
-15
-16
-16
-16
-16
-17
-17
-17
-17
-18
-18
-18
-18
-18
-19
-18
-19
-19
-18
-18
-19
-19
-18
-19
-19
-19
-19
-18
-18
-18
-19
-18
-18
-18
-18
-18
-17
-17
-17
-17
-17
-17
-17
-16
-16
-16
-16
-16
-16
-15
-15
-15
-15
-15
-15
-15
-15
-15
-14
-14
-14
-14
-14
-14
-14
-14
-14
-14
-13
-14
-13
-14
-13
-13
-13
-13
-14
-13
-13
-13
-14
-13
-14
-14
-13
-13
-13
-13
-13
-13
-13
-13
-13
-13
-13
-13
-13
-13
-13
-13
-13
-13
-13
-13
-13
-12
-12
-12
-12
-12
-12
-11
-11
-11
-11
-11
-11
-11
-10
-10
-10
-9
-9
-9
-9
-9
-8
-8
-7
-8
-7
-7
-7
-6
-6
-6
-5
-5
-5
-5
-4
-4
-4
-4
-3
-3
-3
-3
-2
-2
-2
-2
-1
-1
-1
-1
0
0
0
0
0
0
0
0
0
0
0
0
0
0
0
0
0
0
0
0
0
0
0
0
0
0
0
0
0
0
0
0
0
0
0
0
0
0
0
0
-1
-1
-1
-1
-1
-1
-2
-2
-2
-2
-2
-2
-3
-3
-3
-3
-3
-3
-4
-4
-4
-4
-4
-5
-4
-5
-5
-5
-5
-5
-5
-6
-6
-6
-6
-6
-6
-7
-7
-7
-7
-7
-7
-7
-7
-7
-7
-7
-7
-7
-8
-7
-7
-7
-7
-7
-7
-8
-7
-8
-8
-8
-7
-8
-8
-8
-8
-8
-8
-8
-8
-8
-8
-8
-9
-8
-9
-9
-9
-9
-9
-9
-9
-9
-9
-9
-10
-10
-10
-11
-11
-11
-11
-12
-11
-12
-12
-13
-13
-13
-14
-14
-15
-15
-15
-15
-16
-16
-17
-17
-18
-18
-19
-19
-19
-20
-21
-21
-22
-23
-23
-23
-24
-24
-25
-25
-26
-26
-27
-27
-28
-29
-29
-29
-30
-30
-31
-31
-32
-32
-33
-33
-33
-34
-34
-35
-35
-35
-35
-36
-36
-36
-36
-36
-37
-37
-37
-37
-37
-37
-37
-37
-37
-37
-37
-37
-37
-37
-37
-37
-37
-37
-36
-36
-36
-36
-35
-35
-35
-35
-34
-34
-34
-34
-33
-33
-32
-32
-32
-31
-31
-31
-30
-30
-29
-29
-28
-28
-28
-27
-27
-26
-26
-26
-25
-25
-24
-24
-24
-23
-23
-23
-23
-22
-22
-21
-21
-20
-20
-20
-19
-19
-18
-19
-18
-18
-18
-18
-17
-17
-17
-16
-16
-16
-16
-15
-15
-15
-15
-14
-14
-14
-14
-13
-13
-13
-12
-12
-12
-12
-11
-11
-10
-10
-10
-9
-9
-8
-8
-7
-7
-7
-6
-6
-5
-5
-4
-4
-3
-2
-2
-1
-1
0
0
0
1
2
2
3
4
4
5
6
6
7
8
8
9
10
11
11
12
13
14
15
15
17
17
18
18
19
20
21
22
22
23
24
24
25
26
26
26
27
28
28
29
29
30
30
31
31
31
32
32
33
33
33
34
34
34
35
35
35
35
35
35
36
35
36
36
36
36
36
36
36
36
36
36
36
36
36
36
36
36
36
36
36
36
36
36
36
36
36
36
36
36
36
36
36
36
36
36
37
37
37
37
38
38
37
38
39
38
39
39
39
39
40
40
41
41
41
42
42
42
43
43
44
44
45
45
45
46
46
46
47
47
48
48
49
49
50
50
50
51
51
52
52
52
52
53
53
53
54
55
55
55
55
56
56
56
56
56
57
57
57
57
57
57
58
58
58
58
58
58
58
58
58
58
58
58
58
58
58
58
58
58
58
58
58
57
58
58
58
57
57
57
57
57
57
57
57
56
56
56
56
56
56
56
55
56
55
55
55
55
55
55
54
54
54
54
54
54
54
54
54
54
54
53
53
53
53
53
53
53
53
53
53
53
53
53
53
53
53
53
52
53
52
53
53
53
53
53
53
53
53
53
53
53
53
54
54
54
54
54
54
54
55
55
54
55
55
55
55
55
55
56
55
55
56
55
56
56
56
56
56
56
56
56
56
56
55
56
56
55
56
55
55
56
55
55
55
55
55
55
55
54
54
54
54
54
54
54
54
53
53
53
53
52
52
52
52
52
51
52
51
51
51
51
51
51
50
50
50
50
50
50
50
50
50
49
50
50
49
50
50
49
49
49
50
49
50
50
50
50
50
50
50
50
50
50
50
51
51
51
51
51
51
51
51
52
51
52
52
52
52
52
52
52
52
53
53
53
52
52
53
53
53
52
52
52
52
52
51
51
51
51
51
50
50
50
49
49
49
49
49
49
48
47
47
46
46
46
45
44
44
44
43
42
42
42
41
41
41
40
40
39
39
38
38
37
37
36
35
35
35
35
34
33
33
33
32
32
31
31
31
30
30
29
29
28
28
28
28
27
27
27
27
27
26
26
26
26
26
25
25
25
25
24
24
24
24
24
24
24
24
24
24
23
23
23
23
23
23
23
23
22
22
22
22
22
22
22
21
21
21
21
21
21
21
20
20
20
20
19
19
19
19
18
18
18
18
18
17
17
17
17
15
16
16
15
15
14
14
14
13
13
13
12
12
11
11
10
9
9
9
8
8
7
7
6
6
5
5
4
4
3
3
2
1
1
0
0
0
0
-1
-1
-2
-2
-3
-4
-4
-5
-6
-6
-7
-7
-8
-8
-9
-10
-10
-11
-11
-12
-13
-13
-14
-14
-15
-15
-16
-17
-17
-18
-18
-19
-19
-20
-20
-21
-21
-22
-22
-23
-23
-24
-25
-25
-26
-26
-26
-27
-27
-27
-28
-29
-29
-29
-30
-31
-31
-31
-32
-32
-32
-33
-33
-33
-34
-34
-35
-35
-36
-36
-37
-37
-37
-38
-38
-38
-39
-40
-40
-40
-41
-42
-42
-42
-43
-43
-44
-44
-45
-45
-46
-46
-47
-47
-48
-48
-49
-49
-49
-50
-51
-51
-52
-52
-52
-53
-53
-54
-55
-55
-56
-56
-57
-57
-58
-58
-58
-59
-59
-60
-60
-61
-61
-62
-62
-62
-63
-63
-64
-64
-64
-64
-65
-65
-65
-66
-66
-66
-67
-66
-66
-67
-67
-67
-67
-67
-67
-67
-67
-67
-68
-67
-67
-67
-67
-67
-67
-67
-67
-66
-66
-66
-65
-66
-65
-65
-65
-64
-64
-64
-64
-63
-63
-62
-62
-62
-62
-61
-61
-60
-60
-60
-59
-59
-59
-58
-58
-58
-57
-57
-57
-56
-56
-56
-56
-55
-55
-55
-55
-54
-54
-54
-54
-54
-53
-53
-53
-53
-53
-52
-52
-52
-52
-52
-52
-52
-51
-52
-51
-51
-51
-51
-51
-51
-51
-51
-51
-51
-50
-50
-50
-50
-50
-50
-50
-50
-50
-49
-49
-49
-48
-48
-48
-48
-47
-47
-47
-46
-46
-45
-45
-45
-44
-44
-43
-43
-42
-41
-41
-40
-40
-39
-38
-38
-37
-36
-35
-34
-34
-33
-32
-32
-31
-30
-29
-28
-27
-26
-25
-25
-24
-22
-22
-21
-20
-19
-18
-17
-16
-15
-14
-14
-13
-12
-11
-10
-9
-8
-7
-7
-6
-5
-4
-3
-2
-2
-1
0
0
1
1
2
3
3
4
4
5
6
6
7
8
8
9
10
10
11
11
12
12
12
13
14
14
14
15
15
16
16
17
17
18
18
18
19
19
19
19
20
20
20
21
21
21
22
22
22
22
23
23
23
23
24
24
24
24
24
24
24
25
25
25
25
25
26
26
26
26
26
26
26
26
27
26
27
27
27
27
27
27
27
28
28
28
27
28
28
28
28
28
28
28
28
28
29
29
29
29
30
30
29
30
30
30
30
31
31
31
31
31
32
32
32
32
32
33
33
33
33
34
34
34
34
34
35
35
35
35
35
36
36
36
36
37
37
37
37
38
38
38
38
38
38
39
39
39
40
39
40
40
40
40
40
41
40
41
40
41
41
41
41
41
41
41
42
42
42
42
42
43
43
43
43
43
43
43
44
44
44
44
45
45
46
46
46
46
47
47
47
48
48
48
49
49
50
50
51
51
52
52
53
53
54
54
55
56
57
57
58
58
59
60
60
61
62
62
63
64
64
65
66
66
67
68
69
69
70
71
71
72
73
73
74
75
75
76
76
77
78
78
78
79
80
80
81
81
81
82
82
82
83
83
84
84
84
84
85
85
85
86
86
86
86
86
86
87
86
87
87
87
87
87
87
87
87
88
87
88
87
87
87
87
87
87
87
87
87
87
87
87
87
87
87
87
87
87
87
87
87
87
86
86
86
86
86
87
86
86
86
86
86
86
85
86
86
85
85
85
85
85
85
85
85
85
85
85
85
85
85
85
85
85
85
85
85
85
85
85
85
85
86
85
86
86
86
86
86
86
87
87
87
88
87
88
88
88
89
89
89
89
90
90
91
91
91
92
92
92
93
93
94
94
95
95
96
96
97
97
98
98
99
99
100
101
101
101
102
102
103
103
104
105
105
106
106
107
107
108
108
109
109
110
110
111
111
112
112
112
113
113
114
114
115
115
115
116
116
116
117
117
117
118
118
118
119
119
119
120
120
120
120
120
121
121
121
121
121
122
122
122
122
122
122
122
123
122
123
123
123
123
123
123
123
123
122
123
123
122
122
122
122
122
121
122
121
121
121
121
121
120
120
119
119
119
119
118
117
117
117
116
116
115
115
114
114
113
112
112
111
111
110
110
109
108
107
107
106
105
104
103
103
102
101
100
100
98
98
97
95
95
94
93
92
91
90
89
88
87
87
85
84
83
82
81
81
79
78
77
76
75
74
73
72
71
69
68
67
66
65
64
63
62
60
59
58
57
56
55
53
52
51
50
48
47
46
45
43
43
41
40
38
37
36
34
33
32
31
29
28
27
25
24
23
21
20
18
17
16
15
13
12
11
10
8
7
6
4
3
2
1
0
-1
-2
-3
-4
-5
-7
-8
-9
-10
-11
-12
-13
-14
-15
-16
-16
-17
-18
-19
-20
-21
-21
-22
-23
-23
-24
-24
-25
-25
-26
-26
-27
-27
-28
-28
-28
-29
-28
-29
-29
-29
-29
-30
-29
-30
-30
-30
-30
-30
-29
-29
-30
-29
-30
-29
-29
-29
-29
-29
-29
-29
-29
-28
-28
-28
-28
-28
-28
-28
-28
-27
-27
-27
-27
-27
-27
-27
-27
-27
-27
-27
-27
-27
-27
-26
-26
-27
-26
-27
-27
-27
-27
-27
-27
-27
-27
-27
-27
-27
-27
-28
-28
-28
-28
-28
-29
-28
-29
-29
-29
-29
-29
-29
-29
-30
-29
-30
-30
-30
-30
-30
-31
-31
-30
-31
-31
-31
-31
-31
-31
-31
-31
-30
-31
-31
-31
-31
-31
-30
-30
-30
-30
-30
-30
-30
-29
-29
-29
-30
-29
-29
-29
-28
-28
-28
-28
-28
-27
-27
-27
-27
-27
-27
-27
-26
-26
-26
-26
-25
-25
-25
-25
-25
-24
-25
-24
-24
-24
-24
-24
-24
-24
-23
-23
-23
-23
-23
-23
-23
-23
-23
-23
-23
-23
-23
-23
-23
-23
-23
-23
-23
-23
-23
-23
-23
-23
-23
-23
-23
-23
-23
-24
-24
-23
-24
-24
-24
-24
-25
-25
-25
-25
-26
-26
-26
-26
-27
-26
-27
-27
-27
-28
-28
-28
-29
-29
-29
-29
-30
-30
-31
-31
-31
-32
-32
-32
-33
-33
-34
-34
-34
-35
-35
-35
-36
-37
-37
-37
-37
-38
-38
-39
-39
-40
-40
-40
-41
-41
-41
-42
-42
-42
-43
-43
-43
-43
-43
-44
-44
-44
-45
-44
-45
-45
-45
-45
-45
-45
-45
-45
-45
-45
-45
-45
-45
-45
-44
-44
-44
-44
-44
-43
-43
-43
-43
-43
-42
-42
-42
-42
-42
-41
-41
-40
-40
-40
-40
-39
-39
-39
-38
-38
-38
-37
-37
-37
-37
-37
-37
-36
-36
-36
-36
-36
-36
-35
-35
-35
-36
-35
-35
-35
-35
-36
-36
-36
-36
-36
-36
-37
-37
-37
-38
-38
-38
-39
-39
-39
-40
-40
-41
-41
-42
-42
-43
-43
-44
-44
-45
-45
-46
-46
-47
-47
-48
-49
-49
-49
-50
-51
-51
-52
-52
-52
-53
-54
-54
-55
-55
-55
-56
-56
-56
-57
-57
-58
-58
-58
-58
-59
-59
-59
-60
-59
-60
-60
-60
-61
-61
-61
-61
-61
-61
-61
-61
-61
-61
-62
-62
-62
-62
-62
-62
-62
-62
-62
-62
-62
-62
-62
-62
-62
-63
-63
-63
-63
-63
-63
-63
-63
-63
-64
-64
-64
-64
-65
-65
-65
-65
-65
-66
-66
-66
-66
-67
-67
-67
-68
-68
-68
-69
-69
-70
-70
-70
-70
-70
-71
-71
-71
-72
-72
-72
-72
-73
-73
-73
-73
-73
-74
-74
-74
-75
-74
-75
-75
-75
-75
-75
-75
-75
-75
-75
-75
-75
-75
-75
-75
-74
-75
-74
-74
-74
-74
-74
-74
-74
-73
-73
-73
-73
-72
-72
-72
-72
-71
-71
-70
-70
-70
-69
-69
-68
-68
-67
-67
-67
-67
-66
-66
-65
-64
-64
-64
-63
-63
-62
-62
-61
-61
-60
-60
-60
-59
-59
-58
-57
-57
-56
-56
-56
-55
-54
-54
-53
-53
-52
-52
-51
-51
-50
-49
-49
-48
-47
-47
-46
-45
-45
-44
-43
-43
-42
-41
-41
-40
-39
-38
-38
-37
-36
-36
-35
-34
-33
-32
-31
-31
-30
-29
-29
-28
-27
-26
-25
-24
-24
-23
-22
-21
-20
-19
-19
-17
-17
-16
-15
-14
-14
-13
-12
-12
-11
-10
-9
-8
-7
-7
-6
-5
-4
-4
-3
-2
-2
-1
0
0
0
1
2
3
3
4
4
5
6
6
7
8
9
10
10
11
12
12
13
13
14
15
16
16
17
18
18
19
20
21
22
22
23
24
24
25
26
27
27
28
29
29
30
31
32
32
33
34
34
35
36
37
37
38
39
39
40
41
41
42
42
43
43
44
45
45
46
46
47
47
48
48
48
49
49
49
49
50
50
50
51
50
51
51
51
52
52
52
52
51
52
52
51
52
52
52
51
51
51
51
51
51
50
50
50
50
50
50
49
49
49
48
48
48
47
47
47
46
46
46
45
45
44
44
44
43
43
42
42
42
41
41
41
41
40
39
40
39
39
38
38
37
37
37
36
36
36
35
35
35
35
34
34
33
33
33
33
32
32
32
31
31
31
30
30
30
30
29
29
29
29
29
28
28
28
28
28
28
27
27
27
27
27
27
27
27
26
27
26
26
27
27
27
27
27
27
27
27
27
28
28
28
28
28
28
29
29
29
30
30
30
31
31
32
32
33
33
33
34
34
35
35
36
36
36
37
37
38
39
39
40
40
41
42
42
42
43
44
44
45
46
46
46
47
48
48
49
49
50
50
51
52
52
52
53
53
54
54
54
55
55
56
56
56
57
57
57
58
58
58
58
59
59
59
60
60
60
60
60
60
60
61
61
61
61
61
61
62
62
62
62
62
62
62
62
62
62
62
62
62
62
62
62
62
62
62
62
62
62
62
62
62
62
61
61
61
61
61
61
60
60
60
60
60
59
59
59
59
58
58
58
57
57
57
57
56
56
55
55
54
54
54
54
53
53
52
52
51
51
51
49
49
49
48
48
47
47
46
46
45
45
44
44
43
43
43
42
41
41
40
40
39
39
38
37
37
36
36
36
35
35
34
34
33
32
32
32
32
31
31
30
30
29
29
29
29
28
28
27
27
27
27
26
26
26
25
25
25
24
24
24
24
24
23
24
24
23
23
23
23
23
23
23
23
23
22
23
23
23
23
22
23
23
23
23
23
23
23
23
23
24
24
24
24
24
25
25
25
25
26
26
26
26
27
27
27
28
28
28
29
29
30
30
30
31
31
32
32
33
33
34
34
35
35
36
36
36
37
38
38
39
39
40
40
40
41
42
42
42
43
43
44
44
45
45
46
46
46
47
47
47
48
48
48
49
49
49
49
49
49
50
50
50
50
50
50
50
51
51
51
50
51
51
51
51
51
51
50
51
50
50
50
50
50
50
50
50
50
49
49
49
49
49
49
48
48
47
47
47
47
47
47
47
46
47
46
46
46
45
45
45
45
44
44
44
44
43
43
43
43
43
42
42
42
41
42
41
41
41
40
40
39
39
39
38
38
37
37
37
36
36
35
35
34
34
33
33
32
32
31
31
30
30
29
28
27
27
27
26
25
24
24
23
22
22
21
20
19
18
18
17
16
15
15
14
13
12
12
11
10
9
8
8
7
6
6
5
5
3
3
2
2
1
0
0
0
0
-1
-1
-2
-3
-3
-4
-4
-5
-5
-6
-6
-7
-7
-8
-8
-8
-9
-9
-10
-10
-10
-10
-11
-11
-11
-12
-12
-12
-12
-12
-13
-13
-13
-13
-13
-14
-14
-14
-14
-14
-14
-14
-14
-14
-14
-14
-14
-15
-14
-15
-14
-15
-14
-15
-14
-14
-14
-14
-14
-14
-14
-14
-14
-14
-14
-14
-14
-13
-13
-13
-13
-13
-13
-13
-13
-13
-13
-12
-12
-12
-12
-12
-11
-12
-11
-11
-11
-11
-11
-11
-11
-10
-10
-10
-10
-10
-10
-9
-9
-9
-9
-9
-9
-9
-8
-8
-8
-8
-8
-8
-8
-8
-8
-7
-7
-7
-7
-7
-7
-7
-6
-6
-7
-6
-6
-6
-6
-6
-6
-6
-6
-6
-6
-6
-5
-6
-6
-5
-6
-6
-5
-5
-5
-5
-5
-5
-5
-5
-5
-5
-4
-5
-5
-5
-4
-4
-4
-4
-4
-4
-4
-4
-4
-4
-4
-4
-4
-3
-4
-3
-3
-3
-3
-2
-2
-2
-2
-2
-2
-2
-2
-2
-2
-2
-2
-2
-2
-2
-1
-1
-1
-1
-1
-1
-1
-1
-1
-1
-1
-1
-1
-1
-1
-1
-1
-1
-2
-2
-2
-2
-2
-2
-3
-2
-2
-3
-3
-3
-3
-3
-3
-3
-4
-4
-4
-5
-5
-5
-5
-5
-5
-5
-6
-6
-6
-6
-7
-7
-7
-7
-8
-8
-8
-8
-9
-9
-9
-9
-9
-10
-9
-10
-10
-10
-10
-11
-11
-11
-12
-11
-12
-12
-12
-12
-13
-13
-13
-13
-13
-13
-13
-14
-14
-14
-14
-14
-14
-14
-14
-14
-15
-15
-15
-15
-15
-16
-16
-15
-16
-16
-16
-16
-16
-16
-16
-16
-16
-16
-17
-16
-17
-17
-17
-17
-17
-17
-17
-17
-17
-17
-17
-17
-17
-17
-17
-17
-17
-17
-17
-17
-17
-17
-17
-17
-17
-17
-17
-17
-17
-17
-17
-17
-16
-16
-17
-16
-16
-16
-16
-16
-16
-16
-16
-16
-16
-15
-16
-16
-15
-16
-15
-15
-15
-16
-15
-16
-15
-15
-15
-15
-15
-15
-15
-15
-15
-15
-15
-15
-15
-15
-15
-15
-15
-15
-15
-15
-15
-15
-15
-15
-15
-15
-15
-15
-16
-16
-16
-15
-16
-16
-16
-16
-16
-16
-16
-16
-16
-16
-17
-16
-17
-17
-17
-17
-17
-17
-16
-17
-17
-17
-17
-17
-17
-17
-17
-17
-17
-17
-17
-16
-16
-16
-16
-16
-16
-16
-16
-16
-16
-16
-16
-16
-15
-15
-15
-15
-14
-14
-14
-14
-14
-13
-13
-13
-13
-13
-12
-12
-12
-11
-11
-11
-11
-10
-10
-10
-9
-10
-9
-8
-8
-7
-7
-7
-6
-6
-5
-5
-5
-4
-4
-3
-3
-2
-2
-2
-1
-1
-1
0
0
0
0
0
1
1
2
2
3
3
4
4
4
5
5
6
6
7
7
8
8
8
8
9
9
10
10
10
11
11
11
12
12
13
13
13
14
14
14
15
15
15
15
15
15
16
16
16
16
17
17
17
17
18
18
18
18
18
18
19
19
18
19
19
19
19
19
19
19
19
19
19
19
20
19
19
19
20
19
19
19
19
19
19
19
19
19
18
19
19
19
19
18
18
18
18
18
18
18
18
18
18
18
17
18
17
17
17
17
17
16
17
17
17
16
16
17
16
16
16
16
16
16
16
16
16
16
16
16
16
16
16
16
16
16
16
16
17
17
17
17
17
17
17
17
18
18
18
18
18
18
19
18
18
18
18
19
19
19
19
20
19
19
19
19
20
19
19
20
20
20
20
20
20
20
20
19
20
20
19
19
19
19
19
19
19
19
19
18
18
18
18
17
17
17
16
16
16
16
15
15
14
14
14
14
13
13
12
11
11
11
10
10
9
9
9
8
7
7
6
6
5
4
4
4
3
2
2
1
1
0
0
0
-1
-1
-2
-2
-3
-4
-4
-5
-5
-6
-6
-7
-7
-8
-8
-8
-9
-9
-10
-11
-11
-11
-12
-12
-13
-13
-14
-14
-15
-15
-15
-16
-16
-16
-17
-17
-17
-17
-18
-18
-18
-19
-19
-19
-20
-20
-20
-21
-21
-21
-21
-21
-22
-22
-22
-22
-23
-23
-23
-23
-23
-24
-24
-24
-24
-24
-25
-25
-25
-25
-25
-25
-25
-26
-26
-26
-26
-27
-27
-27
-28
-28
-28
-28
-28
-29
-29
-29
-29
-29
-30
-30
-30
-30
-30
-31
-31
-31
-31
-32
-32
-32
-32
-33
-32
-33
-33
-33
-33
-34
-34
-34
-34
-34
-34
-34
-35
-35
-35
-35
-35
-35
-36
-36
-35
-36
-36
-36
-36
-36
-36
-36
-36
-36
-36
-36
-36
-36
-36
-36
-37
-36
-37
-37
-36
-36
-37
-37
-37
-36
-37
-36
-37
-37
-36
-36
-36
-36
-36
-37
-36
-36
-36
-36
-36
-37
-36
-37
-36
-36
-37
-36
-36
-37
-37
-37
-37
-36
-37
-37
-37
-37
-37
-38
-37
-37
-37
-38
-38
-38
-38
-38
-38
-38
-38
-39
-39
-39
-39
-39
-40
-40
-40
-40
-40
-40
-41
-41
-41
-41
-41
-42
-42
-42
-42
-43
-43
-44
-44
-44
-44
-45
-45
-45
-46
-46
-46
-47
-47
-48
-48
-48
-48
-49
-49
-50
-50
-50
-50
-51
-52
-52
-53
-53
-53
-54
-54
-55
-55
-55
-56
-56
-57
-57
-58
-58
-59
-59
-59
-60
-60
-61
-61
-62
-62
-63
-63
-63
-64
-65
-65
-65
-66
-66
-67
-67
-68
-68
-68
-69
-69
-69
-70
-70
-71
-71
-72
-72
-72
-73
-73
-73
-74
-74
-74
-75
-75
-75
-75
-76
-76
-77
-77
-77
-77
-77
-78
-78
-78
-79
-79
-78
-79
-79
-80
-80
-80
-80
-80
-80
-81
-80
-80
-81
-81
-81
-81
-81
-82
-82
-82
-82
-82
-82
-82
-82
-82
-82
-82
-83
-83
-82
-83
-83
-83
-83
-83
-83
-83
-84
-84
-83
-83
-84
-84
-84
-84
-84
-84
-84
-84
-84
-85
-85
-85
-85
-86
-86
-86
-86
-86
-87
-87
-87
-88
-88
-88
-88
-89
-89
-89
-90
-90
-90
-90
-91
-91
-92
-92
-92
-93
-93
-94
-94
-94
-95
-95
-96
-96
-96
-97
-97
-98
-98
-98
-99
-99
-100
-100
-101
-101
-101
-102
-102
-103
-103
-103
-104
-104
-104
-105
-105
-105
-106
-106
-106
-107
-107
-107
-107
-107
-107
-108
-108
-108
-108
-108
-109
-108
-109
-109
-108
-108
-108
-108
-108
-108
-108
-108
-108
-108
-107
-107
-107
-106
-106
-106
-106
-106
-105
-105
-105
-104
-104
-104
-103
-103
-102
-102
-101
-101
-100
-100
-99
-99
-98
-98
-97
-96
-96
-96
-95
-94
-94
-93
-92
-92
-91
-91
-90
-89
-89
-88
-87
-86
-86
-85
-84
-84
-83
-83
-82
-81
-80
-80
-79
-79
-78
-77
-76
-76
-75
-74
-74
-73
-72
-71
-71
-70
-69
-69
-68
-67
-67
-66
-65
-65
-64
-63
-63
-62
-61
-61
-60
-59
-59
-58
-58
-57
-56
-55
-54
-54
-53
-53
-52
-52
-51
-50
-50
-49
-49
-48
-47
-47
-46
-46
-44
-44
-43
-43
-42
-41
-41
-40
-40
-39
-38
-38
-37
-36
-36
-35
-35
-34
-33
-33
-32
-31
-31
-30
-29
-29
-28
-28
-27
-27
-26
-25
-25
-24
-24
-23
-22
-22
-21
-21
-20
-19
-19
-18
-18
-17
-17
-16
-15
-14
-14
-13
-13
-12
-12
-11
-10
-10
-9
-8
-8
-7
-6
-6
-6
-5
-4
-4
-3
-3
-2
-1
-1
0
0
0
1
1
1
2
3
3
4
4
5
6
6
7
8
8
9
10
10
11
11
12
12
13
13
14
15
16
16
17
17
18
19
19
20
20
21
22
22
22
23
24
24
25
26
26
27
27
28
28
29
30
30
31
32
32
33
33
34
34
35
35
36
37
37
37
38
38
39
40
40
40
41
41
41
42
43
43
43
44
44
45
45
45
46
46
46
46
47
47
47
48
48
48
48
48
48
48
49
49
49
49
49
49
49
49
49
49
49
49
49
49
49
49
48
48
48
48
48
47
47
47
46
46
46
46
45
45
45
45
44
44
43
43
43
42
42
41
41
41
40
40
39
39
38
38
38
37
37
36
36
36
35
35
34
34
34
33
33
33
32
32
32
31
31
31
31
30
30
30
30
30
29
29
29
29
29
29
29
28
28
28
29
28
28
28
28
29
29
29
29
29
29
29
29
29
29
30
30
30
30
31
31
31
32
32
32
33
33
33
34
34
34
34
35
35
36
36
36
36
37
38
38
38
38
39
39
40
40
40
41
41
41
41
42
42
42
43
43
43
43
44
44
44
44
45
45
45
46
45
46
46
46
47
47
47
47
48
47
47
48
48
48
48
49
49
49
49
49
49
50
50
49
50
50
50
50
50
51
51
51
51
51
51
51
51
52
52
52
52
53
52
53
53
53
53
53
54
54
54
54
54
55
55
55
55
56
56
56
56
57
57
57
57
57
58
58
58
58
59
59
59
59
60
60
60
60
60
61
61
61
61
62
62
62
62
62
63
63
63
63
63
63
63
63
64
64
64
64
64
64
64
64
64
64
64
65
65
65
64
64
65
65
65
65
65
65
64
65
65
65
65
64
64
64
64
64
64
64
64
64
64
64
64
64
63
64
64
63
63
64
63
63
63
63
63
63
64
63
63
63
63
63
63
63
63
63
63
64
63
63
63
64
64
64
64
64
64
64
64
64
65
65
65
65
65
65
65
65
65
66
66
66
66
66
67
67
67
67
67
67
67
67
67
67
68
68
67
68
68
68
68
68
68
68
68
68
67
67
67
67
68
67
67
67
67
66
66
66
66
65
65
65
65
64
64
63
63
63
62
61
61
60
60
60
59
59
58
57
57
56
55
55
54
54
53
52
52
51
50
49
48
48
47
46
45
44
44
43
42
41
40
40
39
38
38
37
36
35
34
33
32
32
31
30
29
28
28
27
27
26
25
24
24
23
22
22
21
20
19
19
18
18
17
17
16
16
15
15
14
13
13
13
12
12
11
11
10
10
9
9
9
9
8
7
7
7
7
7
6
6
6
5
5
5
5
4
4
3
3
3
3
2
2
2
1
1
1
1
0
0
0
0
0
0
-1
-2
-2
-2
-2
-3
-3
-4
-4
-4
-5
-5
-5
-6
-7
-7
-7
-8
-9
-9
-10
-10
-11
-11
-12
-13
-13
-14
-14
-15
-15
-16
-17
-17
-18
-19
-20
-20
-20
-21
-21
-22
-23
-23
-25
-25
-25
-26
-27
-28
-28
-28
-29
-30
-30
-31
-31
-32
-33
-33
-34
-35
-35
-36
-36
-37
-38
-38
-38
-39
-39
-40
-41
-41
-42
-42
-42
-43
-43
-44
-45
-45
-45
-46
-46
-46
-47
-47
-48
-48
-49
-49
-49
-49
-50
-50
-50
-51
-52
-52
-52
-52
-53
-53
-53
-54
-54
-54
-55
-55
-56
-56
-56
-56
-57
-57
-57
-57
-58
-58
-59
-59
-59
-59
-60
-60
-60
-60
-61
-61
-62
-61
-62
-63
-62
-63
-63
-63
-64
-64
-64
-64
-65
-65
-65
-65
-65
-66
-66
-66
-66
-66
-66
-66
-66
-66
-67
-66
-66
-66
-67
-67
-67
-66
-66
-66
-66
-66
-66
-66
-66
-65
-65
-66
-65
-65
-65
-64
-64
-64
-64
-63
-63
-63
-62
-62
-62
-61
-61
-61
-61
-60
-60
-59
-59
-59
-58
-58
-58
-57
-56
-56
-56
-55
-55
-54
-54
-54
-53
-52
-52
-52
-51
-51
-51
-50
-50
-50
-49
-49
-48
-48
-48
-48
-47
-47
-46
-46
-46
-46
-45
-45
-45
-44
-44
-44
-44
-43
-43
-43
-43
-43
-43
-43
-42
-42
-42
-42
-42
-42
-42
-41
-41
-41
-41
-41
-41
-41
-41
-41
-41
-41
-41
-41
-41
-41
-41
-41
-40
-41
-41
-41
-41
-41
-41
-41
-41
-41
-41
-41
-41
-41
-41
-41
-41
-41
-41
-40
-41
-41
-41
-41
-41
-40
-41
-41
-41
-41
-41
-41
-40
-40
-41
-40
-41
-40
-41
-41
-40
-40
-41
-41
-40
-41
-41
-40
-40
-41
-41
-41
-41
-41
-41
-41
-41
-41
-41
-41
-41
-41
-41
-41
-41
-41
-41
-41
-41
-41
-41
-41
-41
-41
-41
-41
-41
-41
-41
-41
-41
-41
-41
-41
-41
-41
-41
-41
-41
-40
-40
-40
-40
-40
-40
-40
-40
-40
-40
-39
-39
-39
-39
-38
-38
-38
-37
-37
-37
-37
-36
-36
-36
-35
-35
-34
-34
-33
-33
-33
-32
-32
-31
-30
-30
-30
-29
-28
-28
-27
-27
-26
-26
-25
-24
-24
-23
-22
-22
-21
-21
-20
-20
-19
-18
-17
-16
-16
-15
-15
-14
-14
-13
-12
-12
-11
-10
-10
-9
-9
-8
-7
-7
-7
-6
-6
-5
-4
-4
-3
-3
-2
-2
-1
-1
0
0
0
0
0
1
1
1
2
2
2
3
3
3
4
4
4
4
5
5
5
5
6
5
6
6
6
6
7
7
7
7
7
7
7
8
7
8
7
7
7
8
8
8
8
8
8
8
8
8
8
8
8
8
8
9
8
9
9
9
9
9
9
9
9
9
9
9
9
9
9
9
9
9
10
9
10
10
10
10
10
11
11
11
11
11
11
11
11
11
12
12
12
12
12
12
12
13
12
13
13
13
13
13
14
14
14
14
14
14
14
14
14
14
14
14
15
15
15
15
15
15
15
15
15
15
15
15
15
15
15
15
15
15
15
15
15
15
15
15
15
14
14
14
14
14
14
14
14
13
13
13
13
13
13
12
12
12
12
11
11
11
11
11
11
10
10
10
10
9
9
9
8
8
8
8
7
7
7
6
6
6
6
5
5
5
4
4
4
3
3
3
2
2
2
1
1
1
0
0
0
0
0
0
-1
-1
-1
-2
-2
-2
-3
-4
-4
-4
-4
-5
-5
-6
-6
-6
-7
-7
-7
-7
-8
-9
-9
-9
-10
-10
-10
-11
-11
-11
-11
-12
-12
-13
-13
-13
-13
-14
-14
-14
-15
-15
-15
-15
-16
-16
-16
-16
-16
-17
-17
-17
-17
-17
-17
-17
-18
-18
-18
-18
-18
-18
-18
-19
-19
-19
-19
-19
-19
-19
-19
-19
-19
-19
-19
-19
-19
-19
-19
-19
-19
-19
-19
-19
-19
-19
-19
-19
-19
-19
-19
-19
-19
-19
-19
-20
-19
-19
-19
-20
-20
-20
-20
-20
-20
-20
-20
-20
-20
-21
-21
-21
-21
-21
-22
-22
-22
-22
-22
-23
-23
-23
-23
-24
-24
-24
-24
-25
-25
-25
-25
-26
-26
-26
-26
-27
-27
-28
-28
-28
-28
-29
-29
-29
-30
-30
-30
-30
-31
-31
-31
-32
-32
-32
-32
-33
-33
-33
-34
-33
-34
-34
-35
-35
-35
-35
-36
-36
-36
-36
-36
-37
-36
-37
-37
-37
-37
-37
-38
-38
-38
-38
-38
-38
-38
-38
-38
-39
-39
-39
-40
-40
-40
-40
-40
-40
-40
-41
-41
-41
-41
-41
-42
-42
-42
-42
-43
-43
-43
-44
-44
-44
-44
-44
-45
-45
-45
-46
-46
-46
-46
-47
-47
-47
-48
-48
-49
-49
-49
-50
-50
-50
-50
-51
-51
-51
-52
-52
-52
-53
-53
-53
-54
-54
-54
-55
-55
-55
-55
-55
-56
-56
-56
-56
-57
-57
-57
-56
-57
-57
-57
-57
-57
-57
-57
-57
-57
-57
-57
-57
-57
-57
-57
-57
-57
-56
-56
-56
-56
-56
-56
-55
-55
-55
-55
-54
-54
-54
-54
-53
-53
-53
-53
-52
-52
-52
-51
-51
-50
-50
-50
-49
-49
-49
-48
-48
-48
-47
-47
-47
-46
-46
-46
-46
-45
-45
-44
-44
-44
-44
-44
-43
-43
-42
-42
-42
-42
-42
-41
-41
-41
-40
-40
-40
-40
-40
-39
-39
-39
-39
-38
-38
-38
-38
-38
-37
-37
-37
-37
-37
-36
-36
-36
-36
-36
-35
-35
-35
-35
-34
-34
-34
-33
-34
-33
-33
-33
-32
-32
-32
-32
-31
-32
-31
-31
-31
-30
-30
-30
-30
-29
-29
-29
-29
-28
-28
-28
-28
-27
-27
-27
-27
-26
-26
-26
-25
-26
-25
-25
-25
-24
-25
-24
-24
-23
-23
-23
-23
-22
-23
-22
-22
-22
-22
-22
-21
-21
-21
-21
-21
-21
-20
-20
-20
-20
-20
-20
-19
-19
-20
-19
-19
-19
-19
-19
-18
-18
-18
-18
-18
-18
-18
-18
-18
-18
-18
-17
-18
-17
-17
-18
-17
-17
-17
-17
-16
-16
-17
-16
-17
-17
-17
-16
-16
-16
-16
-16
-16
-16
-16
-16
-16
-16
-16
-15
-15
-15
-16
-15
-15
-15
-15
-15
-15
-15
-15
-15
-14
-15
-15
-15
-15
-15
-15
-15
-15
-15
-15
-15
-15
-15
-15
-15
-16
-15
-16
-16
-16
-16
-16
-16
-16
-16
-16
-17
-17
-17
-17
-17
-17
-18
-18
-18
-18
-18
-18
-19
-19
-19
-19
-19
-19
-19
-19
-20
-20
-20
-20
-20
-20
-20
-20
-20
-20
-20
-20
-20
-20
-20
-20
-20
-20
-20
-20
-20
-19
-19
-19
-18
-18
-18
-18
-18
-17
-17
-17
-16
-16
-16
-15
-15
-14
-14
-13
-13
-12
-12
-11
-11
-10
-10
-9
-8
-7
-7
-6
-6
-5
-4
-3
-3
-2
-1
-1
0
0
1
1
2
3
3
4
5
6
7
8
8
9
10
10
11
12
13
14
14
15
16
17
18
18
19
20
21
22
22
23
24
25
25
26
27
28
28
29
30
31
32
33
33
34
34
35
36
37
38
39
39
40
40
41
42
43
43
44
45
45
46
47
47
48
49
49
50
51
51
52
52
53
54
54
55
55
56
56
57
58
58
58
59
59
60
60
60
61
61
62
63
63
63
63
63
64
64
64
64
65
65
65
65
66
66
66
66
66
67
67
67
67
67
67
67
67
67
67
67
68
68
67
67
67
67
67
67
67
67
67
67
67
67
67
66
67
67
67
66
66
66
66
66
66
66
65
65
65
65
65
65
65
64
65
64
64
64
64
64
64
64
64
64
63
64
63
63
63
63
63
63
62
62
62
63
62
62
62
62
62
62
62
62
62
62
62
62
62
62
62
62
62
62
62
62
62
62
62
62
62
62
62
62
62
62
62
61
62
62
62
62
62
62
62
62
62
62
62
63
63
62
63
63
63
63
63
63
63
63
63
64
64
64
64
64
65
65
65
65
65
66
66
66
66
67
67
67
67
67
68
68
68
69
69
70
70
69
70
70
71
71
71
72
72
72
73
73
73
74
74
75
75
75
76
76
76
77
77
77
77
78
78
78
79
79
79
80
80
80
80
80
81
81
81
81
81
82
81
82
82
82
82
82
82
82
82
82
82
82
83
82
82
82
83
82
82
82
82
82
82
82
82
82
82
82
82
82
82
82
82
82
82
82
82
82
83
82
82
82
83
83
83
83
83
83
83
83
84
84
84
84
85
85
85
85
86
86
87
87
86
87
87
87
88
88
88
88
89
89
89
89
89
90
90
91
91
91
91
91
92
92
92
92
92
92
92
92
92
92
92
92
92
92
92
91
91
91
91
91
90
89
89
89
88
88
87
87
86
85
85
84
84
83
82
81
80
79
79
78
76
76
75
74
73
71
70
69
68
67
66
65
63
62
61
60
59
57
56
55
53
52
51
49
48
47
45
44
42
41
40
38
37
36
34
33
32
30
29
27
27
25
24
22
21
20
18
17
16
15
13
12
11
10
9
7
6
5
4
3
2
1
0
0
-1
-2
-3
-4
-5
-6
-6
-7
-8
-9
-10
-11
-11
-11
-13
-13
-14
-14
-15
-15
-16
-17
-17
-18
-18
-19
-19
-20
-20
-20
-21
-21
-21
-22
-22
-23
-23
-23
-23
-23
-24
-24
-24
-25
-24
-25
-25
-25
-25
-25
-26
-26
-26
-26
-27
-27
-27
-27
-28
-27
-28
-28
-28
-29
-29
-29
-30
-30
-30
-30
-30
-31
-31
-32
-32
-33
-33
-33
-34
-34
-34
-34
-35
-36
-36
-37
-37
-37
-38
-38
-39
-39
-40
-41
-41
-42
-42
-43
-43
-44
-44
-45
-45
-46
-46
-47
-48
-48
-48
-49
-49
-50
-50
-51
-51
-52
-52
-52
-52
-53
-53
-53
-54
-54
-54
-55
-55
-55
-56
-55
-56
-56
-56
-56
-56
-56
-56
-56
-56
-56
-56
-56
-55
-55
-55
-55
-54
-54
-54
-53
-53
-53
-52
-52
-51
-51
-51
-50
-50
-49
-48
-48
-47
-47
-46
-45
-44
-44
-43
-42
-42
-41
-40
-39
-39
-37
-37
-36
-35
-35
-34
-33
-33
-32
-31
-30
-29
-28
-28
-27
-26
-26
-24
-24
-23
-22
-22
-21
-21
-20
-20
-19
-19
-18
-17
-17
-16
-16
-15
-15
-15
-14
-14
-14
-13
-13
-13
-13
-13
-12
-12
-12
-12
-12
-12
-12
-12
-12
-12
-12
-13
-13
-13
-14
-14
-14
-15
-15
-16
-16
-16
-17
-18
-18
-19
-19
-20
-21
-21
-22
-23
-24
-24
-25
-26
-26
-27
-28
-29
-30
-31
-31
-32
-34
-34
-35
-36
-37
-38
-39
-40
-41
-42
-42
-43
-44
-45
-46
-46
-47
-48
-49
-50
-51
-51
-52
-53
-53
-54
-55
-55
-56
-56
-57
-57
-58
-58
-59
-59
-59
-60
-60
-60
-61
-61
-60
-61
-61
-61
-62
-61
-61
-61
-61
-61
-61
-61
-60
-60
-60
-60
-59
-59
-59
-58
-58
-57
-57
-56
-56
-55
-55
-54
-53
-53
-52
-52
-51
-51
-50
-49
-48
-48
-47
-46
-45
-45
-44
-43
-43
-42
-41
-40
-40
-39
-38
-38
-36
-36
-35
-34
-34
-33
-32
-31
-31
-30
-29
-28
-28
-27
-26
-26
-25
-24
-24
-23
-22
-22
-21
-20
-19
-19
-18
-18
-17
-16
-16
-15
-14
-14
-13
-13
-12
-11
-11
-10
-9
-9
-8
-8
-7
-7
-6
-5
-5
-4
-4
-3
-3
-2
-1
-1
-1
0
0
0
1
1
2
2
3
3
4
4
5
6
5
6
6
7
7
7
8
8
9
9
9
10
10
11
11
11
11
11
12
12
12
12
12
12
12
13
13
13
13
13
13
14
13
13
14
14
13
14
14
14
14
14
14
14
14
14
14
14
14
14
14
14
14
14
14
14
14
14
14
14
15
15
14
15
15
15
15
15
15
15
16
16
16
16
16
17
17
17
18
18
18
18
18
19
19
19
19
20
20
21
21
22
22
22
23
23
23
23
24
24
25
25
25
26
26
26
27
27
27
28
28
28
28
28
28
28
28
29
29
29
29
29
29
29
29
29
29
29
29
29
29
29
29
29
29
29
29
28
28
28
28
28
27
27
27
26
26
26
25
26
25
25
25
25
24
24
23
23
23
22
23
23
22
21
21
21
21
21
20
20
20
20
20
19
19
19
19
19
19
18
18
18
18
18
18
18
18
18
18
18
18
18
18
18
18
18
18
18
18
19
19
19
19
19
19
19
20
20
20
20
20
21
21
21
21
22
22
22
22
23
23
23
24
24
24
25
25
26
26
26
27
27
27
28
28
29
29
30
30
30
30
31
31
32
32
33
34
34
35
35
36
36
37
37
38
38
38
39
39
40
41
41
42
42
43
43
43
44
44
45
45
46
46
47
47
47
48
48
49
49
50
50
50
50
50
51
51
51
51
52
52
52
52
52
52
52
52
52
52
52
53
52
52
52
52
52
52
52
51
51
51
51
51
50
50
49
49
49
48
48
48
47
46
46
46
45
44
44
43
43
42
42
41
40
40
39
39
38
38
37
36
35
35
34
34
33
32
32
31
31
30
29
28
28
27
27
26
25
25
24
24
23
22
22
21
21
20
20
19
19
18
18
17
16
16
16
15
14
14
14
13
13
12
12
12
11
11
10
10
10
9
9
9
8
8
8
7
7
7
6
6
6
6
6
6
5
5
5
4
4
4
4
3
3
3
3
3
3
3
3
2
2
2
2
2
2
2
2
1
2
1
1
1
1
1
1
1
1
1
1
1
1
1
1
1
1
1
1
1
1
2
1
1
1
2
2
2
2
2
2
2
2
2
3
2
3
3
3
3
3
3
4
4
4
4
5
4
4
5
5
5
5
5
5
6
6
6
6
7
7
6
7
7
7
7
7
7
8
8
8
8
9
9
9
9
9
9
9
9
10
10
10
10
11
11
11
11
11
11
12
12
11
12
12
12
13
13
13
13
14
13
14
14
15
15
15
15
16
16
16
16
16
16
17
17
17
17
17
18
19
19
19
20
20
20
20
21
21
21
22
22
22
23
23
23
24
24
24
24
25
25
25
26
26
26
27
27
27
27
28
28
28
28
28
29
29
29
29
29
30
30
30
30
30
30
30
30
31
31
31
31
31
31
32
32
32
32
32
32
31
32
32
32
32
32
32
32
32
32
32
32
33
32
32
33
33
33
32
33
33
33
33
33
33
33
33
34
34
34
34
34
34
34
34
35
35
35
35
35
35
36
36
36
36
37
37
37
37
37
37
38
38
38
38
39
39
39
39
39
40
40
40
40
40
40
40
40
41
40
41
40
40
41
41
40
40
41
40
40
40
40
40
39
40
39
38
38
38
38
38
37
37
37
36
36
36
35
35
34
34
33
33
32
32
31
31
30
29
29
28
27
27
26
26
25
24
24
23
23
22
21
21
20
19
19
18
17
17
16
15
15
15
14
13
12
12
11
11
10
10
9
8
8
7
7
6
5
5
4
3
2
2
2
1
1
0
0
-1
-1
-2
-3
-3
-4
-4
-5
-6
-6
-7
-7
-8
-9
-9
-10
-11
-12
-12
-13
-13
-14
-15
-16
-16
-17
-18
-18
-19
-20
-20
-21
-22
-22
-23
-23
-24
-25
-26
-26
-27
-27
-28
-29
-29
-30
-31
-31
-32
-32
-33
-33
-34
-34
-35
-36
-36
-36
-37
-37
-38
-38
-39
-39
-39
-40
-40
-41
-41
-41
-41
-41
-42
-42
-42
-42
-43
-43
-43
-43
-43
-44
-44
-44
-44
-44
-44
-44
-45
-44
-44
-44
-44
-44
-44
-44
-44
-45
-45
-45
-44
-44
-44
-45
-44
-44
-44
-44
-44
-44
-44
-43
-44
-43
-43
-43
-43
-43
-42
-42
-42
-42
-42
-42
-42
-42
-41
-41
-41
-40
-40
-40
-40
-39
-39
-39
-39
-38
-38
-38
-37
-37
-36
-36
-36
-35
-35
-35
-35
-34
-34
-34
-33
-33
-32
-32
-31
-31
-31
-30
-29
-29
-29
-28
-28
-27
-27
-27
-26
-26
-25
-25
-24
-24
-23
-23
-23
-22
-22
-21
-21
-21
-21
-20
-19
-19
-19
-19
-18
-18
-17
-17
-17
-16
-16
-15
-15
-15
-15
-14
-14
-13
-13
-12
-12
-12
-11
-11
-11
-10
-10
-10
-9
-9
-8
-9
-8
-8
-7
-7
-6
-6
-6
-5
-5
-4
-4
-3
-3
-2
-2
-2
-1
-1
-1
0
0
0
0
1
1
2
2
3
3
4
4
4
5
5
6
7
7
7
8
9
9
10
10
10
11
11
11
12
13
13
13
14
14
15
15
16
16
16
16
17
17
17
18
18
19
18
19
19
19
20
20
20
20
21
21
21
21
21
21
22
22
22
22
22
21
22
22
22
22
22
22
22
23
23
23
23
23
23
23
23
23
24
23
24
23
23
24
24
24
24
24
24
24
24
24
24
24
25
25
25
25
25
25
25
26
26
26
26
26
26
26
27
27
27
28
27
28
28
28
28
28
29
29
29
29
30
30
30
30
30
31
31
31
32
32
32
33
32
33
33
33
33
34
34
34
35
35
35
35
35
36
36
36
36
37
37
37
37
37
38
38
38
38
39
38
39
39
39
39
39
40
40
40
40
41
41
41
41
41
41
41
41
41
42
42
41
41
42
42
41
42
42
42
42
42
42
42
42
41
42
42
41
41
41
41
41
41
41
40
40
40
40
39
40
39
39
39
38
38
38
37
37
37
36
36
36
35
35
35
34
34
33
33
32
32
31
31
31
30
30
29
28
28
27
27
26
25
25
24
23
23
22
22
21
20
20
19
18
17
17
16
15
14
14
13
12
12
11
10
9
9
7
7
6
5
4
4
2
2
1
0
0
-1
-1
-2
-3
-4
-5
-5
-6
-7
-8
-9
-10
-11
-12
-12
-13
-14
-15
-16
-17
-17
-18
-19
-20
-21
-21
-22
-23
-24
-24
-25
-26
-27
-28
-28
-29
-29
-31
-31
-32
-32
-33
-33
-34
-35
-36
-36
-36
-37
-37
-38
-39
-39
-39
-40
-40
-40
-41
-41
-41
-42
-42
-42
-43
-43
-43
-44
-44
-44
-44
-44
-44
-44
-44
-44
-44
-44
-44
-44
-43
-43
-43
-44
-43
-43
-43
-43
-42
-42
-42
-42
-42
-41
-41
-40
-40
-40
-40
-39
-39
-38
-38
-37
-37
-37
-36
-36
-35
-35
-34
-34
-33
-33
-32
-32
-31
-31
-30
-30
-29
-29
-28
-28
-27
-26
-26
-26
-25
-24
-24
-23
-23
-23
-22
-22
-21
-20
-20
-20
-20
-19
-18
-18
-18
-17
-17
-17
-17
-16
-16
-16
-15
-15
-15
-14
-14
-14
-14
-14
-13
-14
-13
-13
-13
-13
-13
-13
-13
-13
-12
-13
-12
-12
-13
-13
-12
-13
-13
-13
-13
-13
-13
-13
-13
-13
-13
-14
-14
-14
-14
-14
-14
-14
-15
-15
-15
-15
-15
-15
-16
-16
-16
-16
-16
-16
-16
-17
-16
-17
-17
-17
-17
-17
-17
-18
-18
-18
-18
-18
-18
-18
-18
-18
-18
-18
-19
-19
-19
-19
-19
-19
-19
-19
-19
-19
-19
-19
-19
-19
-19
-19
-19
-20
-20
-19
-19
-20
-20
-20
-20
-20
-20
-20
-21
-21
-21
-21
-21
-21
-21
-21
-22
-22
-22
-22
-22
-22
-23
-23
-23
-23
-23
-24
-24
-24
-25
-25
-25
-25
-25
-26
-26
-26
-26
-27
-27
-27
-27
-27
-28
-28
-28
-28
-29
-29
-29
-29
-29
-29
-30
-30
-30
-30
-30
-30
-30
-30
-30
-30
-30
-30
-30
-30
-30
-30
-30
-30
-30
-29
-29
-30
-29
-29
-29
-28
-28
-28
-28
-28
-27
-27
-27
-27
-26
-26
-26
-25
-25
-25
-24
-24
-24
-24
-24
-23
-23
-22
-22
-22
-21
-21
-21
-20
-20
-20
-19
-19
-19
-19
-18
-18
-18
-18
-18
-17
-17
-16
-16
-16
-16
-16
-15
-15
-15
-15
-14
-15
-14
-14
-14
-14
-13
-13
-14
-13
-13
-12
-13
-12
-12
-12
-12
-12
-12
-12
-12
-12
-12
-11
-11
-11
-10
-11
-10
-11
-10
-10
-10
-10
-10
-10
-10
-10
-9
-9
-9
-9
-9
-9
-9
-9
-9
-9
-9
-9
-9
-9
-9
-9
-9
-9
-9
-8
-9
-9
-9
-9
-9
-8
-9
-9
-9
-9
-9
-9
-9
-9
-9
-9
-9
-9
-9
-9
-9
-9
-10
-9
-10
-10
-9
-9
-10
-10
-10
-10
-10
-10
-10
-10
-10
-10
-10
-10
-11
-11
-11
-11
-11
-11
-11
-11
-11
-11
-11
-11
-12
-12
-11
-11
-12
-11
-12
-12
-12
-12
-12
-12
-12
-12
-12
-12
-12
-12
-12
-12
-12
-12
-12
-13
-12
-12
-12
-12
-12
-12
-12
-12
-12
-12
-12
-12
-12
-12
-11
-12
-12
-11
-11
-11
-11
-11
-11
-11
-11
-10
-10
-10
-10
-10
-9
-9
-9
-9
-8
-9
-8
-8
-8
-7
-7
-7
-7
-7
-6
-6
-5
-6
-5
-5
-4
-4
-4
-4
-3
-3
-2
-2
-2
-1
-1
-1
-1
0
0
0
0
0
0
0
1
1
2
1
2
2
3
3
4
4
4
4
4
5
5
6
5
6
6
6
6
7
7
7
8
8
8
8
8
9
9
10
10
10
10
10
11
11
11
12
12
12
13
13
14
14
14
14
15
15
15
16
16
17
17
18
18
19
19
20
20
20
21
21
22
22
23
23
24
24
25
25
25
26
26
27
27
28
28
29
29
29
30
30
31
31
31
32
32
33
33
33
33
34
34
34
34
34
35
35
35
36
35
35
36
36
36
36
36
36
36
36
36
36
36
35
35
35
35
35
35
35
34
34
34
33
33
33
32
33
32
32
32
31
31
30
30
30
29
29
28
28
28
27
27
26
26
25
25
24
24
24
23
23
22
22
21
21
20
20
19
19
19
18
18
17
17
16
16
16
15
15
15
14
14
13
13
13
13
13
12
12
11
11
11
10
11
10
10
10
9
9
9
9
9
8
9
8
8
8
8
8
8
8
7
8
8
7
7
7
7
7
7
7
7
7
7
7
7
7
6
6
6
6
6
6
6
6
6
6
5
5
5
4
4
4
4
3
3
2
2
2
1
1
0
0
0
0
-1
-1
-2
-3
-3
-4
-5
-5
-6
-7
-8
-9
-10
-11
-11
-12
-13
-14
-15
-16
-17
-18
-19
-20
-21
-22
-23
-25
-25
-27
-28
-29
-30
-31
-32
-33
-34
-35
-36
-37
-38
-39
-40
-41
-42
-43
-44
-45
-46
-47
-47
-48
-49
-50
-50
-51
-52
-52
-53
-53
-54
-54
-55
-56
-56
-56
-56
-57
-58
-58
-58
-58
-58
-59
-59
-59
-59
-59
-59
-59
-59
-59
-59
-59
-59
-59
-59
-59
-59
-59
-58
-58
-58
-58
-58
-57
-57
-57
-57
-57
-56
-56
-56
-55
-55
-55
-55
-54
-54
-54
-53
-53
-52
-52
-51
-51
-50
-50
-49
-49
-48
-47
-47
-46
-46
-45
-45
-44
-43
-43
-42
-41
-41
-40
-39
-38
-37
-37
-36
-35
-34
-33
-32
-31
-30
-29
-29
-27
-26
-25
-24
-23
-22
-21
-20
-19
-17
-17
-15
-14
-13
-12
-11
-10
-9
-8
-7
-6
-5
-4
-3
-2
-1
0
0
1
2
3
4
5
6
6
7
8
8
9
10
10
11
11
12
12
13
13
13
14
14
14
14
15
15
15
15
15
15
15
15
14
14
14
14
14
13
14
13
13
12
12
12
11
10
10
10
10
9
9
8
8
7
7
6
6
5
5
5
4
4
3
3
3
2
2
1
1
1
1
0
0
0
0
0
0
0
0
-1
-1
-1
-1
-1
-1
-1
-1
-1
-1
-1
0
0
0
0
0
0
0
0
0
0
0
1
1
1
2
2
2
3
3
4
4
4
5
6
5
6
6
7
7
8
9
9
10
10
10
11
11
12
12
13
14
13
14
15
15
16
16
17
17
17
18
19
19
19
19
20
20
21
21
22
22
22
23
23
23
24
24
24
24
25
24
25
25
25
26
25
26
26
26
26
25
26
26
26
26
26
26
25
26
26
26
25
25
25
24
25
24
24
23
24
23
23
23
22
22
21
21
21
21
20
20
20
19
19
18
18
18
17
17
17
16
16
16
15
15
15
14
14
14
14
13
13
13
13
12
12
12
12
12
12
12
11
12
12
11
11
11
11
11
12
11
12
12
12
12
12
12
12
13
12
12
13
13
13
13
14
14
14
14
14
14
14
15
15
15
15
15
15
15
15
16
16
15
16
15
15
15
15
15
15
15
15
14
14
14
14
13
13
12
12
12
11
11
11
10
9
9
8
7
7
6
6
5
5
4
3
2
1
1
0
0
-1
-1
-2
-3
-4
-4
-5
-6
-7
-7
-8
-9
-10
-11
-11
-12
-13
-14
-14
-15
-16
-16
-17
-17
-18
-19
-20
-20
-21
-21
-22
-22
-23
-23
-24
-24
-25
-25
-26
-26
-26
-27
-28
-28
-28
-29
-29
-29
-30
-30
-31
-31
-31
-32
-32
-33
-33
-34
-34
-34
-35
-35
-36
-36
-36
-37
-37
-38
-38
-39
-39
-40
-40
-41
-41
-42
-43
-43
-43
-44
-45
-45
-45
-46
-47
-47
-47
-48
-49
-49
-49
-50
-50
-51
-51
-51
-52
-52
-52
-52
-52
-53
-53
-53
-53
-53
-53
-53
-53
-53
-52
-53
-53
-52
-52
-52
-51
-51
-50
-49
-49
-49
-48
-47
-46
-45
-45
-44
-43
-42
-41
-40
-39
-38
-37
-35
-34
-33
-32
-31
-29
-28
-26
-25
-24
-22
-21
-19
-18
-16
-15
-14
-12
-11
-9
-8
-6
-4
-3
-1
0
1
2
4
5
6
8
10
11
12
14
15
16
18
19
21
22
23
24
25
27
28
29
30
31
33
33
35
36
37
38
39
40
40
41
43
43
44
45
46
47
48
48
49
50
51
51
52
53
54
54
55
56
56
57
58
58
59
59
60
61
61
62
62
63
63
64
64
65
66
66
66
67
67
67
68
68
68
69
70
70
70
70
70
70
70
71
71
71
71
71
71
71
72
71
72
71
72
71
71
71
71
71
70
70
70
69
69
69
69
68
68
67
67
66
66
65
64
64
64
63
62
62
61
61
60
59
58
57
57
56
55
55
54
53
52
52
51
50
49
48
47
47
46
45
44
43
42
41
41
40
39
38
37
37
36
35
34
33
32
31
31
30
29
29
27
26
25
24
24
23
22
21
20
19
18
17
16
15
14
14
12
11
10
9
8
7
6
6
4
3
2
1
0
0
-1
-2
-3
-4
-5
-6
-7
-8
-9
-10
-12
-12
-13
-14
-16
-16
-18
-18
-19
-20
-21
-22
-23
-24
-25
-26
-26
-28
-28
-29
-30
-31
-32
-32
-33
-33
-35
-35
-36
-36
-37
-38
-38
-39
-40
-40
-41
-41
-42
-42
-43
-43
-44
-44
-45
-45
-46
-46
-47
-47
-48
-48
-49
-49
-50
-50
-51
-52
-52
-52
-53
-54
-54
-55
-55
-56
-57
-58
-58
-59
-60
-60
-61
-62
-62
-63
-64
-65
-66
-67
-68
-68
-70
-70
-72
-72
-74
-75
-75
-76
-78
-79
-79
-81
-81
-83
-84
-85
-86
-87
-88
-89
-90
-91
-92
-93
-94
-95
-96
-96
-97
-98
-99
-100
-100
-101
-102
-103
-103
-104
-104
-105
-106
-106
-107
-107
-108
-108
-108
-109
-109
-109
-110
-110
-110
-110
-111
-110
-111
-111
-110
-110
-111
-111
-111
-111
-110
-110
-110
-110
-110
-109
-109
-109
-109
-108
-108
-108
-107
-107
-107
-106
-106
-105
-105
-105
-104
-104
-103
-103
-102
-102
-101
-101
-100
-100
-99
-99
-98
-97
-97
-96
-96
-95
-94
-94
-93
-92
-91
-91
-90
-89
-89
-88
-87
-86
-86
-85
-83
-83
-82
-81
-80
-80
-78
-78
-77
-75
-75
-73
-72
-71
-70
-69
-68
-66
-66
-64
-63
-62
-61
-59
-58
-57
-55
-55
-53
-52
-50
-49
-48
-46
-45
-44
-42
-41
-39
-38
-37
-35
-33
-32
-30
-29
-27
-26
-24
-23
-21
-19
-18
-16
-14
-13
-11
-9
-8
-6
-4
-3
-1
0
1
3
5
7
9
10
12
14
16
18
19
21
24
25
27
29
31
33
35
37
39
41
43
45
47
49
51
53
55
57
59
61
63
65
67
69
71
73
75
77
79
81
83
85
87
88
91
92
94
96
98
99
101
103
104
106
107
110
111
112
114
115
116
118
119
120
122
123
124
125
126
127
128
129
129
130
131
132
133
133
133
134
134
134
135
136
135
136
136
136
136
135
136
136
135
135
135
134
134
134
133
132
132
131
131
130
129
128
127
126
125
125
124
122
121
120
119
118
117
115
114
113
112
111
109
108
106
105
104
102
101
99
98
97
95
93
92
91
89
88
86
85
83
82
80
79
77
76
74
73
71
69
68
66
65
63
62
61
59
58
56
54
53
51
50
48
46
45
43
42
40
39
37
35
34
32
31
29
28
26
24
22
20
19
17
16
13
12
10
8
6
5
3
1
0
-2
-4
-6
-8
-10
-12
-14
-16
-18
-20
-22
-24
-26
-28
-30
-32
-34
-36
-38
-40
-41
-43
-46
-47
-50
-51
-53
-55
-57
-59
-61
-63
-64
-66
-68
-69
-71
-73
-74
-76
-77
-79
-80
-82
-83
-84
-86
-87
-88
-89
-90
-91
-92
-93
-94
-95
-95
-97
-97
-97
-98
-98
-99
-100
-100
-100
-101
-101
-101
-101
-101
-101
-102
-101
-101
-101
-101
-101
-101
-101
-100
-100
-99
-99
-98
-98
-97
-97
-97
-96
-95
-94
-94
-93
-93
-92
-91
-90
-89
-89
-87
-87
-86
-85
-84
-83
-81
-81
-80
-79
-78
-76
-75
-74
-73
-72
-71
-70
-69
-68
-67
-66
-64
-63
-62
-61
-60
-58
-58
-56
-55
-54
-53
-52
-51
-50
-49
-48
-47
-46
-45
-45
-44
-43
-42
-42
-41
-40
-39
-39
-38
-38
-37
-37
-36
-36
-35
-35
-35
-34
-34
-34
-34
-34
-34
-34
-33
-33
-33
-33
-34
-33
-34
-34
-34
-34
-34
-34
-35
-35
-35
-36
-36
-36
-36
-36
-37
-37
-37
-38
-38
-38
-38
-38
-38
-39
-38
-39
-39
-39
-39
-39
-39
-39
-39
-39
-38
-38
-38
-38
-37
-37
-36
-36
-36
-35
-35
-34
-34
-33
-33
-32
-31
-31
-30
-29
-28
-27
-26
-26
-24
-23
-23
-22
-21
-19
-19
-18
-17
-16
-15
-14
-13
-12
-11
-11
-10
-9
-8
-7
-7
-6
-5
-4
-4
-3
-2
-2
-1
-1
0
0
0
0
1
1
1
2
2
2
2
3
3
3
3
3
3
3
3
3
3
3
3
3
3
3
3
3
3
3
3
3
3
3
3
3
3
3
3
3
3
3
3
3
4
4
4
4
5
5
5
6
6
6
7
7
8
8
8
9
10
11
11
11
12
13
14
14
15
16
17
17
18
19
20
20
21
22
22
23
24
25
25
26
27
28
28
29
30
30
31
31
32
33
33
34
34
34
34
35
35
35
36
36
37
36
36
37
37
37
37
37
37
36
36
36
36
36
35
35
35
35
35
34
34
34
33
33
32
32
32
31
31
30
30
30
29
29
29
28
28
27
27
27
26
26
25
25
25
25
24
24
23
23
23
23
23
22
22
22
21
22
21
21
21
21
20
20
20
21
20
20
20
20
20
20
20
19
19
19
19
19
19
19
19
18
19
18
18
18
18
18
17
18
17
17
17
17
17
16
16
15
15
15
14
14
14
13
13
12
12
11
11
11
10
10
9
9
8
8
7
7
6
5
5
4
4
4
3
2
2
1
1
1
0
0
0
-1
-1
-2
-2
-3
-3
-3
-4
-4
-4
-5
-5
-6
-6
-6
-6
-6
-7
-7
-7
-7
-7
-7
-7
-7
-8
-8
-8
-8
-7
-8
-7
-7
-7
-7
-7
-7
-7
-6
-6
-6
-6
-6
-5
-5
-5
-4
-4
-3
-3
-3
-3
-2
-2
-1
-1
0
0
0
0
1
1
2
2
3
3
4
5
5
6
6
7
7
8
9
9
10
11
11
12
13
14
14
14
15
16
17
17
18
19
19
20
21
22
23
23
25
25
26
27
28
29
29
30
31
32
33
34
35
36
36
38
38
39
40
41
42
43
44
44
45
46
46
48
48
49
50
51
51
52
52
53
54
54
55
55
56
56
56
57
57
58
58
58
59
59
59
59
59
60
60
59
59
59
59
59
59
58
58
58
58
57
57
57
56
56
55
55
54
53
53
52
51
50
50
49
49
48
47
46
46
45
44
43
43
42
41
40
39
39
37
37
36
35
34
33
32
32
31
30
30
28
28
27
26
25
25
24
23
23
21
21
20
19
18
18
17
16
15
15
14
13
13
11
11
10
9
8
7
7
6
5
4
3
3
2
1
0
0
-1
-2
-2
-3
-4
-5
-6
-7
-7
-9
-10
-11
-11
-12
-13
-14
-15
-16
-16
-18
-19
-19
-20
-21
-21
-22
-23
-24
-25
-25
-26
-27
-27
-28
-28
-29
-30
-30
-31
-31
-32
-32
-32
-33
-33
-34
-34
-34
-35
-35
-35
-35
-35
-36
-36
-36
-36
-36
-36
-36
-36
-36
-36
-36
-36
-36
-36
-36
-36
-36
-36
-36
-36
-36
-35
-35
-35
-35
-35
-35
-35
-35
-35
-35
-35
-34
-34
-34
-34
-34
-34
-34
-34
-34
-34
-34
-34
-34
-34
-35
-35
-35
-35
-36
-36
-36
-36
-36
-36
-37
-37
-37
-38
-38
-39
-39
-39
-40
-40
-40
-41
-41
-42
-43
-43
-43
-44
-44
-45
-46
-46
-46
-47
-47
-48
-49
-49
-50
-50
-51
-52
-53
-53
-54
-54
-55
-56
-56
-57
-57
-58
-58
-59
-60
-61
-61
-62
-62
-63
-64
-64
-65
-66
-66
-66
-67
-68
-68
-69
-69
-70
-71
-71
-72
-73
-73
-73
-74
-75
-75
-75
-76
-77
-77
-78
-78
-78
-79
-79
-80
-80
-81
-81
-82
-82
-82
-83
-83
-84
-84
-84
-84
-85
-86
-86
-86
-87
-87
-87
-87
-88
-88
-88
-89
-89
-89
-89
-90
-90
-90
-90
-91
-90
-91
-91
-91
-91
-91
-91
-91
-91
-91
-92
-91
-91
-92
-91
-91
-91
-91
-91
-91
-91
-91
-91
-91
-91
-91
-90
-90
-90
-90
-89
-89
-89
-89
-89
-88
-88
-88
-87
-87
-87
-86
-86
-86
-85
-85
-84
-84
-84
-83
-83
-82
-82
-82
-81
-81
-81
-80
-80
-79
-79
-78
-78
-78
-77
-77
-76
-76
-76
-75
-75
-74
-75
-74
-74
-73
-73
-72
-72
-72
-71
-71
-71
-70
-70
-70
-70
-70
-69
-69
-68
-68
-68
-68
-67
-67
-67
-66
-67
-67
-66
-66
-66
-66
-65
-65
-65
-65
-64
-64
-64
-64
-64
-63
-63
-63
-63
-63
-62
-62
-62
-62
-62
-61
-61
-61
-61
-60
-60
-60
-60
-60
-60
-59
-59
-59
-59
-58
-58
-58
-57
-58
-57
-57
-57
-57
-57
-57
-56
-56
-56
-56
-56
-55
-55
-55
-55
-54
-54
-54
-54
-54
-54
-54
-54
-53
-53
-53
-53
-52
-52
-52
-52
-51
-51
-51
-51
-51
-51
-51
-50
-50
-50
-49
-49
-49
-49
-49
-48
-48
-47
-47
-47
-47
-47
-46
-46
-45
-45
-45
-44
-44
-43
-43
-43
-42
-41
-41
-40
-40
-39
-39
-38
-38
-37
-37
-36
-35
-34
-34
-33
-32
-32
-31
-30
-29
-29
-28
-27
-26
-26
-24
-24
-23
-22
-21
-20
-19
-19
-18
-17
-16
-15
-14
-13
-13
-12
-11
-10
-9
-8
-7
-7
-6
-5
-3
-3
-2
-1
-1
0
0
1
1
2
3
4
5
5
6
7
7
8
9
9
10
11
11
12
12
13
14
14
15
15
16
17
17
17
18
18
19
19
20
20
20
21
22
22
23
23
23
24
24
25
25
25
25
26
26
27
27
27
28
28
29
29
29
30
30
30
30
31
31
31
32
32
32
33
33
34
34
35
35
35
35
35
36
36
37
37
37
38
38
38
38
39
39
39
40
40
40
41
41
41
41
41
42
42
42
42
43
43
43
43
43
43
43
43
43
44
44
44
44
44
44
44
44
44
44
44
44
44
44
43
43
44
43
43
43
43
43
43
42
42
42
42
42
42
41
41
41
40
40
40
40
39
39
39
38
38
38
37
37
37
36
36
36
36
36
35
35
35
34
34
34
34
33
33
33
33
33
33
32
32
32
32
32
32
32
32
32
32
32
32
32
32
32
32
33
32
32
33
33
33
33
33
33
33
34
34
34
34
34
34
35
35
36
36
36
37
36
37
37
38
38
38
38
38
39
39
39
40
40
40
41
41
41
41
42
42
42
42
43
43
43
43
44
44
44
44
45
45
45
45
45
45
45
45
45
45
45
44
45
45
45
44
44
44
44
44
44
44
44
44
44
44
43
43
43
43
42
42
42
42
41
41
41
40
40
39
39
39
38
38
37
37
36
36
35
35
35
34
33
33
33
32
32
31
30
30
29
29
28
28
27
27
26
26
25
25
24
23
22
22
21
20
19
19
18
17
17
16
15
14
14
13
13
11
11
11
10
9
8
7
7
6
5
4
3
3
2
1
1
0
0
0
-1
-1
-2
-2
-3
-4
-4
-6
-6
-7
-8
-8
-9
-9
-10
-11
-12
-12
-13
-13
-14
-14
-15
-16
-16
-17
-18
-18
-18
-19
-20
-20
-21
-21
-22
-22
-23
-24
-25
-25
-26
-27
-27
-28
-29
-30
-30
-31
-32
-33
-34
-34
-36
-37
-38
-39
-40
-41
-42
-43
-44
-45
-46
-47
-47
-48
-48
-51
-52
-53
-54
-55
-56
-56
-57
-58
-59
-59
-60
-62
-62
-63
-64
-65
-66
-66
-67
-67
-68
-69
-69
-70
-71
-72
-72
-74
-74
-75
-76
-76
-77
-78
-79
-79
-79
-80
-81
-82
-82
-83
-83
-83
-83
-84
-85
-84
-86
-86
-86
-86
-86
-87
-87
-87
-87
-88
-88
-89
-88
-89
-90
-90
-90
-90
-90
-90
-90
-90
-91
-91
-90
-91
-91
-90
-90
-90
-90
-90
-90
-90
-90
-89
-89
-89
-89
-88
-88
-87
-86
-86
-86
-86
-86
-86
-86
-86
-86
-86
-86
-85
-85
-85
-84
-83
-82
-83
-83
-83
-82
-81
-81
-81
-80
-80
-79
-79
-79
-79
-79
-78
-78
-78
-77
-77
-77
-76
-76
-76
-76
-76
-76
-76
-75
-75
-75
-74
-74
-73
-74
-73
-74
-74
-73
-74
-74
-74
-74
-74
-74
-74
-73
-73
-73
-74
-74
-74
-75
-75
-75
-75
-75
-76
-77
-76
-76
-77
-76
-76
-76
-76
-76
-76
-76
-77
-76
-76
-75
-75
-75
-74
-74
-74
-73
-73
-73
-74
-73
-74
-74
-74
-74
-75
-74
-74
-74
-74
-75
-75
-73
-73
-73
-73
-72
-72
-73
-72
-73
-72
-72
-72
-71
-72
-71
-71
-71
-70
-69
-69
-69
-69
-70
-69
-69
-69
-70
-70
-70
-69
-69
-69
-68
-68
-68
-68
-68
-67
-67
-67
-67
-67
-67
-67
-66
-67
-67
-68
-68
-67
-67
-67
-68
-68
-69
-68
-68
-68
-67
-67
-67
-67
-66
-65
-66
-66
-66
-66
-65
-65
-65
-64
-65
-65
-65
-65
-64
-64
-65
-63
-63
-62
-62
-61
-61
-59
-58
-58
-58
-58
-58
-58
-57
-56
-55
-55
-54
-54
-51
-51
-51
-51
-50
-49
-48
-46
-46
-46
-45
-44
-43
-42
-41
-40
-39
-39
-38
-38
-37
-35
-35
-34
-33
-33
-33
-32
-30
-29
-29
-29
-28
-28
-28
-27
-27
-25
-24
-25
-25
-23
-23
-22
-21
-21
-21
-20
-21
-20
-20
-19
-18
-19
-19
-19
-18
-18
-18
-17
-16
-15
-15
-16
-15
-14
-14
-15
-15
-15
-16
-16
-15
-15
-13
-13
-12
-13
-12
-12
-12
-12
-13
-12
-11
-11
-10
-10
-8
-8
-8
-7
-8
-8
-8
-8
-6
-6
-5
-5
-5
-5
-5
-5
-5
-5
-5
-4
-4
-5
-6
-5
-5
-5
-6
-7
-7
-7
-6
-5
-6
-6
-5
-6
-6
-7
-7
-9
-8
-7
-8
-8
-11
-13
-13
-15
-16
-16
-17
-18
-17
-19
-21
-21
-20
-19
-20
-21
-21
-22
-22
-21
-23
-23
-25
-26
-26
-27
-29
-28
-30
-32
-32
-32
-30
-33
-35
-37
-37
-36
-37
-38
-37
-39
-40
-40
-40
-41
-44
-43
-44
-45
-46
-47
-47
-46
-45
-46
-47
-48
-48
-49
-50
-50
-52
-51
-49
-47
-48
-49
-47
-49
-50
-49
-51
-52
-52
-55
-56
-58
-60
-59
-60
-62
-62
-63
-62
-61
-63
-66
-65
-66
-66
-67
-67
-66
-67
-67
-67
-68
-69
-70
-71
-72
-72
-72
-71
-70
-70
-68
-67
-69
-69
-69
-69
-68
-69
-68
-68
-68
-67
-67
-68
-66
-66
-67
-67
-66
-61
-61
-62
-62
-61
-61
-61
-61
-64
-66
-66
-66
-66
-66
-67
-66
-66
-67
-69
-68
-67
-64
-63
-66
-65
-65
-65
-64
-67
-69
-68
-67
-68
-70
-68
-68
-70
-70
-70
-70
-72
-72
-72
-70
-70
-70
-68
-69
-69
-71
-68
-68
-69
-69
-72
-72
-73
-74
-74
-73
-72
-72
-70
-71
-70
-72
-72
-75
-80
-80
-78
-77
-78
-79
-80
-78
-79
-80
-78
-79
-80
-82
-81
-79
-83
-87
-89
-90
-90
-89
-90
-90
-91
-93
-93
-92
-92
-94
-95
-93
-90
-91
-90
-88
-90
-94
-95
-98
-101
-97
-98
-99
-100
-100
-98
-97
-96
-97
-100
-99
-98
-98
-96
-98
-97
-95
-93
-94
-92
-91
-94
-91
-89
-87
-91
-90
-87
-88
-92
-95
-96
-96
-92
-97
-100
-100
-98
-101
-101
-97
-95
-95
-98
-101
-102
-102
-104
-101
-103
-105
-106
-106
-108
-109
-107
-109
-109
-111
-110
-110
-113
-116
-119
-116
-115
-119
-121
-120
-119
-121
-124
-126
-127
-129
-130
-129
-133
-135
-137
-134
-132
-131
-128
-126
-125
-126
-126
-128
-126
-126
-124
-121
-123
-120
-123
-121
-116
-115
-116
-119
-116
-115
-115
-113
-115
-114
-110
-106
-103
-105
-108
-108
-106
-102
-100
-97
-94
-94
-94
-95
-92
-89
-89
-87
-84
-87
-87
-84
-83
-82
-81
-82
-84
-85
-91
-88
-81
-79
-76
-79
-78
-78
-77
-76
-74
-75
-79
-81
-87
-89
-88
-88
-91
-91
-89
-90
-90
-89
-95
-93
-91
-90
-87
-87
-85
-83
-83
-84
-83
-80
-76
-76
-76
-78
-78
-82
-83
-84
-85
-88
-89
-89
-88
-87
-88
-90
-95
-93
-93
-98
-100
-100
-104
-103
-103
-102
-105
-104
-102
-100
-100
-94
-94
-98
-93
-98
-93
-92
-92
-90
-94
-93
-90
-87
-85
-84
-83
-78
-78
-72
-69
-70
-68
-74
-72
-70
-67
-66
-62
-65
-69
-58
-57
-51
-50
-51
-52
-53
-55
-58
-58
-52
-48
-47
-41
-41
-40
-40
-39
-39
-39
-35
-31
-30
-27
-25
-27
-25
-25
-26
-21
-22
-22
-18
-19
-17
-16
-14
-15
-11
-12
-7
-9
-14
-14
-19
-14
-13
-15
-8
-1
0
1
2
10
11
9
12
16
21
20
17
15
15
13
12
14
14
9
9
9
7
9
7
8
15
17
19
23
24
35
36
36
31
28
28
22
22
24
28
26
29
30
28
28
28
22
20
19
17
19
21
28
29
32
33
35
35
35
38
38
37
31
34
37
34
35
36
36
37
34
34
37
36
37
35
34
30
25
23
24
21
21
21
19
19
18
21
19
22
26
24
24
32
37
33
33
37
33
34
34
31
28
27
26
27
25
22
24
22
27
24
24
24
23
21
20
25
23
20
27
28
27
29
31
32
32
36
36
39
43
40
41
41
40
39
42
45
44
43
45
49
50
56
56
58
59
60
60
57
55
53
52
53
52
55
56
52
55
57
60
55
49
51
52
53
57
56
50
51
50
55
62
66
67
73
76
74
79
82
82
81
80
83
91
94
91
87
84
85
86
85
85
88
88
88
86
87
87
90
93
93
95
94
95
87
87
86
82
82
82
83
90
88
92
93
88
95
93
95
95
104
111
110
106
103
103
104
108
109
111
112
115
112
108
105
108
111
111
116
116
115
115
112
111
115
121
124
124
127
134
135
138
144
139
134
137
136
137
133
133
131
128
125
118
121
117
122
118
120
117
108
111
106
103
99
96
94
89
82
78
77
82
85
86
88
88
90
88
83
83
84
87
91
92
94
98
99
108
108
115
120
114
118
116
117
112
116
119
117
117
116
117
121
120
124
132
131
130
126
120
118
120
112
110
111
116
121
116
118
120
115
117
118
114
112
110
104
102
106
100
98
104
110
108
105
105
102
100
100
100
101
102
102
104
102
102
97
100
102
101
103
103
109
105
105
101
95
89
91
91
90
86
83
79
80
77
79
82
83
85
80
86
79
90
