-293
-264
-103
208
635
775
451
503
288
451
290
216
364
451
485
510
523
207
289
391
358
229
422
514
576
434
466
447
403
692
567
631
508
452
338
139
256
145
75
-216
-247
299
342
-201
324
-33
-582
-195
-423
-322
-381
-330
-214
-211
-471
-494
-464
-862
-725
-775
-797
-1193
-1398
-1481
-1572
-1302
-1577
-1052
-1130
-1186
-923
-686
-371
-464
103
58
35
98
40
639
396
92
208
679
672
538
1195
498
456
516
306
376
-48
168
145
246
339
289
458
141
279
239
196
198
182
312
182
513
365
471
580
332
23
142
159
-285
-15
-261
-435
-285
-570
-392
-19
-27
-19
360
210
409
516
356
111
-49
119
128
164
18
483
-81
-304
-313
-606
-421
-460
-430
-245
-569
-741
-432
-436
-328
-738
-482
100
-5
-41
273
482
259
398
730
665
545
593
527
643
355
-87
367
118
122
133
293
190
140
264
-248
-70
97
122
178
159
260
353
248
500
194
313
-87
-49
-3
-348
-278
-371
-302
-386
-249
-257
19
-308
-404
-249
-541
-599
-787
-500
-482
-777
-594
-972
-985
-1040
-693
-596
-453
-314
-585
-825
-908
-652
-608
-452
-443
-495
-493
-305
-227
91
-171
83
-30
-41
-2
-73
-47
-404
-26
-55
-240
-127
102
37
105
79
22
218
87
275
284
231
583
584
836
596
516
404
238
657
447
324
502
84
121
229
260
510
405
796
730
693
801
286
399
368
19
-1
177
47
359
299
39
410
27
484
335
468
727
361
325
-75
-18
-240
-569
-426
-794
-1188
-940
-788
-846
-910
-1021
-466
-342
-350
-331
-350
-312
-235
9
-21
585
431
924
1006
1072
1282
1262
968
993
972
643
743
331
388
185
-243
-301
-329
-590
-298
-933
-918
-1211
-1115
-964
-927
-511
-1030
-552
-904
-913
-309
-918
-1025
-687
-932
-495
-146
-478
-631
128
-177
231
280
239
843
45
965
481
812
874
707
997
422
854
693
979
786
627
821
596
486
511
399
531
-236
-52
-356
-352
-170
-603
-195
-665
-490
-556
-609
-590
-371
-865
-502
-702
-954
-74
-473
-167
-239
77
265
-393
-44
-245
-123
239
-84
-18
-271
-7
99
-243
-64
-64
-48
-227
-237
-158
-500
-106
16
63
107
129
476
466
569
581
409
929
419
420
729
506
774
444
911
577
1219
1065
906
1070
657
909
754
848
950
1244
612
890
455
134
334
-41
397
50
-35
-185
-264
-576
-619
-677
-829
-923
-1062
-849
-1098
-602
-1211
-800
-973
-1014
-941
-1166
-809
-1359
-1067
-993
-955
-888
-985
-1046
-745
-877
-605
-678
-729
-723
-862
-852
-450
-186
-92
421
164
294
507
420
379
226
655
563
305
374
313
209
-275
-214
-232
-211
-107
32
102
113
111
285
360
250
354
488
342
373
-11
-314
54
-424
68
565
58
342
-6
-154
244
-160
-85
-80
-129
-25
-418
-384
-187
-308
81
-74
216
95
14
-83
-54
130
-10
592
90
384
215
167
182
18
228
331
587
572
876
833
623
745
485
471
864
601
896
1049
943
868
911
689
419
937
670
593
798
705
729
14
188
257
92
-144
-400
-409
-471
-328
-428
-360
-726
-806
-528
-215
-445
-515
-516
-438
-417
-646
-817
-532
-526
-810
-512
-818
-862
-774
-780
-984
-1050
-925
-832
-393
-303
-304
-79
-293
-333
-393
-269
-352
-215
-58
-316
-12
2
205
-59
308
164
72
336
415
710
567
932
631
666
644
627
806
424
566
524
193
225
-44
-11
-70
-67
-142
-444
-553
-511
-861
-889
-703
-1016
-562
-654
-471
-228
-306
75
-240
227
211
111
486
10
221
83
-50
-231
-107
-477
-342
-447
-725
-434
-635
-366
-431
-366
-553
-324
-156
-162
-100
86
-110
163
156
-61
275
306
492
348
459
721
818
911
1243
1098
1185
1194
1520
1598
1264
1195
962
1091
762
686
520
250
269
176
186
-55
-157
-146
-231
-301
-705
-738
-776
-855
-859
-1068
-1186
-1167
-1395
-1396
-1374
-1470
-1221
-1209
-979
-902
-803
-788
-1042
-882
-645
-576
-457
-467
-429
-503
-690
-358
-358
-142
51
-170
-64
-215
67
8
-13
248
311
467
779
654
839
959
704
1114
947
1236
1155
1394
1143
1006
1117
920
1229
628
765
767
513
175
262
-109
-352
-514
-947
-767
-1121
-844
-1235
-1230
-1244
-1380
-1122
-1281
-994
-1023
-981
-891
-782
-460
-295
13
-153
211
382
387
506
391
550
417
587
373
608
332
186
44
19
21
48
286
244
262
230
266
200
423
233
162
155
246
378
130
414
412
157
768
518
933
760
613
782
740
1057
896
1057
800
849
717
677
590
179
247
231
-26
-200
-521
-682
-606
-752
-956
-805
-836
-680
-751
-700
-696
-794
-462
-793
-625
-547
-471
-416
-353
14
19
45
66
25
-72
78
-178
-309
-324
-619
-493
-439
-554
-258
-501
-395
-214
-434
-233
-330
-277
-130
-144
-215
89
-196
-127
-50
-430
-349
-351
-378
-257
-275
116
264
390
662
442
762
625
746
438
365
582
481
550
272
130
181
126
-81
-372
-630
-635
-845
-647
-540
-777
-659
-609
-614
-559
-236
-353
-136
-16
-213
168
-222
249
274
77
318
218
414
346
313
275
162
123
122
11
-106
-39
-62
-2
42
0
558
484
633
613
678
895
547
673
878
886
948
1113
1080
907
1070
1245
1249
1208
1020
1165
877
703
366
425
300
103
168
-130
-357
-535
-611
-904
-830
-1093
-836
-1176
-1331
-1214
-1365
-1353
-1274
-1028
-1431
-1085
-1091
-561
-760
-603
-151
-294
135
-285
-31
-16
251
130
-61
237
-24
-139
-269
119
-11
-132
-68
-627
-335
-349
-124
192
-79
82
36
41
386
320
155
428
392
327
335
485
596
494
600
644
539
742
636
830
579
346
272
-40
-6
-298
-543
-658
-987
-1100
-875
-1016
-794
-927
-746
-811
-830
-859
-1175
-795
-765
-803
-655
-757
-392
-324
-344
113
169
573
811
1169
996
1036
1282
1132
1135
1109
640
455
735
513
540
355
376
245
195
562
221
377
232
-44
24
-218
-168
-397
-401
-296
-207
-132
-88
221
286
461
679
528
638
677
587
600
690
605
601
483
373
40
-49
30
-259
-315
-705
-852
-1046
-1029
-1254
-1331
-1534
-1530
-1675
-1452
-1138
-1142
-761
-664
-245
-376
-247
-83
-21
55
303
404
625
789
1035
1135
706
765
600
628
640
379
116
-96
-47
-245
-284
-223
-56
-194
-159
-232
-640
-463
-481
-137
-314
-294
-183
-452
-132
118
-3
138
250
515
645
668
952
670
629
675
382
348
428
107
0
-244
-278
-529
-585
-616
-684
-591
-892
-982
-1391
-1213
-1255
-1412
-1244
-1220
-761
-570
-353
-144
-28
426
580
583
660
751
869
1160
1148
1098
1034
940
727
597
528
336
186
-19
-223
-526
-282
-447
-341
-253
-375
-310
-203
-2
52
9
319
471
93
117
203
466
358
602
914
813
1113
1209
1459
1267
1199
1324
774
919
361
-169
-622
-962
-1221
-1338
-1068
-1352
-1123
-1365
-1098
-1171
-1052
-949
-1272
-1158
-1341
-849
-715
-553
-322
-189
-77
168
514
596
826
586
432
505
638
568
594
429
293
282
-52
265
26
-207
-341
-537
-351
-517
-379
-216
-352
-224
-173
-109
-22
-142
-14
23
164
277
483
603
605
673
627
746
1024
799
722
773
380
319
294
92
-150
-376
-887
-992
-1246
-1453
-1695
-1898
-1937
-1924
-1840
-1727
-1575
-1422
-1346
-1213
-867
-640
2
-197
-97
70
290
533
818
976
1029
1407
1360
1410
1347
1266
1095
1000
708
621
759
620
552
581
230
440
412
614
728
591
364
202
558
254
463
542
861
867
804
939
719
816
746
688
504
548
412
357
530
157
453
303
372
-103
-453
-745
-1142
-1239
-1620
-1340
-1914
-1543
-1743
-1693
-1729
-1607
-1417
-1377
-1146
-1107
-575
-429
-16
60
212
455
449
500
761
583
885
757
794
841
837
690
366
218
-1
-23
-284
-351
-504
-759
-1006
-987
-822
-613
-597
-364
-329
-132
232
181
-45
435
459
486
259
245
606
491
985
830
948
1044
995
967
936
828
768
490
-34
-219
-640
-814
-998
-1132
-1191
-1651
-1872
-2095
-2020
-1870
-1913
-1810
-1873
-1343
-944
-694
-156
317
453
458
576
721
972
1147
1312
1226
1388
1362
1441
1257
1083
866
445
247
-36
-41
102
238
-182
-536
-672
-571
-678
-477
-317
-104
147
412
419
373
734
1060
1296
1147
1213
1322
1420
1745
1807
1606
1777
1604
1583
1295
1258
1034
743
708
212
-346
-807
-1188
-1347
-1402
-1923
-2084
-2039
-2085
-1977
-2146
-1846
-1555
-1580
-1389
-1337
-1082
-954
-690
-655
-148
-135
196
515
820
838
656
653
299
536
151
192
-101
-187
-258
-16
11
5
303
-157
-33
-102
-289
-191
-182
44
111
246
389
340
430
787
967
724
912
982
1185
1257
1264
1292
1273
1383
1458
1093
785
616
-199
-411
-477
-1144
-1460
-1638
-1772
-1709
-2002
-2010
-2070
-2002
-1976
-2010
-1849
-1443
-1080
-992
-700
-582
-211
251
610
453
502
600
384
692
745
585
441
300
356
466
346
364
341
-107
-93
-257
-355
-146
-138
-109
-130
-141
-288
-196
103
264
404
744
854
1119
1365
1576
1601
1458
1690
1430
1379
1217
974
948
1009
839
632
529
510
311
-166
-198
-736
-888
-1209
-1411
-1632
-1848
-1688
-1579
-1300
-1389
-1196
-1074
-813
-528
-469
-483
-428
-133
448
612
642
704
696
879
730
735
515
350
615
181
-2
93
40
-110
-320
-566
-869
-947
-1096
-1097
-1094
-916
-875
-906
-940
-743
-473
-50
70
515
702
835
889
763
912
862
1465
1480
1495
1528
1371
1318
1369
918
718
286
-31
-110
-411
-564
-843
-1173
-1532
-1656
-1729
-1729
-1808
-1857
-2167
-1847
-1680
-1170
-978
-486
-100
-285
401
417
631
849
1158
1023
1254
1174
944
977
953
1061
576
477
-37
152
-191
-323
-597
-781
-402
-678
-472
-638
-504
-472
-518
-243
-166
-74
135
86
445
603
751
1149
1418
1587
1393
1500
1670
1573
1533
1364
1211
1184
954
601
117
48
-471
-702
-643
-925
-1287
-1616
-1905
-2077
-1805
-2049
-1847
-1680
-1790
-1562
-1255
-920
-662
-278
12
97
214
264
526
865
769
867
973
1123
1136
1026
856
641
471
283
155
21
54
-381
-774
-1106
-1367
-1250
-1149
-1024
-971
-794
-686
-454
-136
303
528
605
891
1022
1353
1532
1642
1549
1338
1246
1191
1292
1248
909
650
584
595
203
-315
-681
-988
-741
-980
-1000
-1461
-1426
-1615
-2051
-1851
-2097
-1771
-1520
-1264
-1328
-831
-802
-369
-88
23
248
426
836
898
1049
951
1063
1000
1411
1293
1365
1173
988
763
581
522
392
195
-118
-366
-480
-535
-710
-326
-681
-699
-652
-250
-12
138
316
555
659
972
1073
1001
1464
1421
1277
904
1047
826
1150
682
304
206
11
163
-274
-505
-1079
-1202
-1370
-1218
-1518
-1578
-1519
-1807
-1561
-1651
-1590
-1377
-1179
-917
-885
-405
-23
44
473
482
722
779
995
957
878
962
665
614
407
384
404
171
152
22
-169
-212
-71
-16
-412
-565
-771
-774
-852
-783
-1019
-871
-349
92
434
621
864
623
977
1245
1252
1211
1349
1305
1281
923
586
568
300
126
-84
-304
-592
-809
-1156
-1554
-1833
-2157
-2204
-2086
-2089
-1643
-1498
-1284
-1040
-980
-998
-740
-580
-262
148
221
685
896
1467
1564
1516
1268
1219
1311
916
918
701
558
386
175
284
232
85
-378
-574
-400
-625
-744
-842
-652
-751
-479
-419
-519
-413
-314
126
428
845
729
976
1118
1424
1626
1691
2080
2170
2119
1959
1826
1461
1386
1143
622
460
239
-103
-442
-667
-835
-1142
-1433
-1790
-1755
-1878
-1941
-1987
-1697
-1513
-1092
-698
-345
-74
-106
186
222
663
607
809
736
717
589
675
456
544
628
282
301
176
225
-171
-489
-722
-758
-882
-677
-1160
-1110
-1032
-1085
-765
-768
-568
-529
-436
-229
-78
329
577
753
1043
1109
1286
1342
1556
1662
1507
1576
1495
1031
877
300
-23
-315
-559
-693
-1191
-1214
-1631
-1862
-1942
-2235
-2028
-1810
-1559
-1676
-1610
-1470
-1303
-779
-504
-160
38
276
256
356
546
669
604
465
123
-50
95
65
132
315
361
276
312
257
-88
-162
-262
-418
-144
-223
-108
-232
99
148
45
193
475
600
457
734
1034
1547
1917
1982
1899
1987
1846
1819
1620
1712
1364
1248
1120
525
438
-45
-376
-585
-839
-856
-1057
-1195
-1320
-1551
-1616
-1640
-1644
-1480
-1360
-1446
-1225
-929
-622
-457
-47
53
318
405
564
707
663
829
553
579
595
580
247
155
-185
-419
-594
-752
-614
-798
-1196
-1273
-1211
-1172
-744
-732
-777
-622
-616
-619
-396
-220
22
356
691
955
1291
1602
2014
2100
1843
1559
1271
1309
994
619
462
322
102
-31
-331
-727
-828
-1051
-1257
-1212
-1219
-1189
-1311
-1510
-1401
-1596
-1329
-1205
-1104
-873
-721
-612
-550
38
103
368
552
862
1120
1328
1674
1851
1750
1451
1086
733
377
-180
-682
-1063
-1310
-1506
-1212
-1191
-1053
-984
-958
-790
-438
-403
-510
-350
-119
163
332
711
905
1167
1219
1381
1534
1608
1727
1684
1755
1767
1886
1985
1849
1798
1554
1269
770
131
-265
-881
-1359
-1547
-1513
-1423
-1282
-1320
-1237
-1273
-1309
-1183
-1179
-866
-794
-629
-359
-84
-24
217
341
395
608
715
880
846
900
752
569
403
195
108
-44
-384
-583
-913
-1088
-1295
-1473
-1636
-1854
-1962
-1637
-1412
-1008
-683
-875
-586
-477
45
336
667
1045
1129
1429
1601
1664
1741
1793
1837
1363
1416
1261
1271
1356
881
713
420
581
155
-156
-820
-900
-1254
-1442
-1372
-1659
-1408
-1604
-1473
-1489
-1177
-885
-605
-181
-196
-110
192
265
470
372
285
371
548
587
661
869
988
866
452
528
161
-8
-325
-667
-733
-793
-807
-947
-1215
-1613
-1710
-1572
-1112
-765
-740
-369
53
276
606
659
956
906
951
1251
1411
1587
1906
1971
1995
1855
1527
1624
1246
1062
654
247
372
67
-42
-249
-831
-873
-1130
-949
-1046
-1083
-904
-1005
-962
-1121
-745
-456
-86
10
218
649
1119
1133
940
1021
786
759
644
517
141
25
-132
-211
-155
-272
-348
-606
-759
-1204
-1297
-1122
-863
-748
-780
-1002
-975
-801
-761
-577
-833
-725
-619
-238
264
488
866
893
1009
1149
1183
1312
1433
1582
1450
1344
997
760
504
-323
-797
-1324
-1413
-1518
-1517
-1452
-1340
-1228
-1485
-1110
-1183
-773
-627
-707
-559
-557
-167
-21
372
368
507
482
725
818
726
932
655
704
743
596
378
442
39
-97
-283
-561
-506
-503
-681
-807
-803
-775
-531
-601
-598
-553
-377
-233
-105
-211
153
289
663
963
1234
1351
1571
1928
1734
1869
1360
1413
1216
1119
985
610
639
689
460
252
-182
-476
-553
-873
-1010
-1357
-1437
-1508
-1362
-1158
-973
-758
-475
-460
-332
-152
36
175
310
402
428
662
663
779
777
946
985
900
875
527
434
-122
-610
-982
-1322
-1411
-1228
-1272
-1371
-1086
-1271
-773
-707
-353
-471
-275
-74
-18
465
344
716
861
1263
1232
1428
1503
1487
1197
956
754
433
296
278
457
253
-117
-407
-546
-1143
-1326
-1527
-1681
-1720
-1725
-1783
-1752
-1719
-1781
-1729
-1492
-1219
-676
-354
-52
345
358
856
584
634
321
267
405
666
918
742
591
408
690
700
1037
655
638
202
3
-283
-257
-235
-304
-96
-486
-552
-450
-7
-276
73
-296
83
262
763
905
754
1071
847
1200
1177
1537
1463
1626
1063
1074
751
872
771
520
557
108
28
-473
-786
-1349
-1371
-1390
-1451
-1555
-1565
-1645
-1230
-1174
-1045
-916
-948
-672
-354
-37
180
532
734
950
825
752
594
562
635
616
522
733
638
602
367
159
112
-170
-178
-404
-544
-805
-871
-981
-1107
-1161
-1130
-1047
-935
-883
-782
-204
-117
276
627
454
518
358
626
505
687
777
764
924
647
669
379
344
-44
39
-355
-594
-749
-914
-809
-1093
-1135
-1296
-1075
-1203
-908
-1097
-1090
-1053
-1192
-767
-547
-439
-89
103
353
612
851
1022
1032
755
554
753
482
488
116
276
-14
-18
-137
-235
-60
-247
-91
-212
-312
-374
-488
-833
-617
-772
-289
-33
160
134
281
330
346
584
602
916
781
1279
981
1325
1419
1355
1686
1345
1229
856
828
923
877
760
365
227
75
-278
-551
-694
-939
-1066
-887
-802
-689
-677
-621
-442
-305
-230
90
278
518
285
195
292
296
536
410
442
399
362
624
572
290
101
-143
-418
-512
-746
-688
-577
-937
-560
-521
-509
-780
-1118
-1214
-1493
-1288
-1033
-758
-444
-220
113
268
335
393
198
-52
-321
-210
87
350
880
1169
975
1022
1077
991
692
671
207
170
-8
-39
-317
-801
-811
-1018
-861
-827
-689
-656
-518
-541
-273
-51
301
537
840
762
1114
887
742
708
99
-184
-660
-620
-900
-804
-827
-484
-610
-265
-195
-610
-585
-838
-730
-1005
-973
-903
-732
-715
-474
-321
-223
-84
-273
76
191
515
926
1371
1727
1853
2229
1995
1863
1593
1317
990
728
472
374
474
532
750
727
955
813
729
307
70
-397
-675
-881
-1294
-1434
-1782
-1655
-1448
-1341
-1229
-1145
-828
-583
-146
200
436
844
461
978
842
1288
1124
884
749
69
14
-694
-445
-864
-592
-801
-693
-567
-368
-57
-437
-249
-566
-332
-549
-644
-601
-667
-676
-376
-331
16
428
820
1185
1214
1570
1291
1294
1190
1393
1214
896
772
370
21
-348
-750
-775
-1107
-1328
-1408
-1546
-974
-904
-749
-988
-1193
-1207
-1165
-1106
-1101
-1294
-1560
-1789
-1612
-1304
-1031
-597
-260
227
456
714
795
933
986
1244
1161
1144
1277
1322
1279
828
619
266
265
93
138
117
-156
-135
-282
22
221
526
540
418
149
-199
-339
-512
-611
-671
-221
-287
268
571
815
1303
1201
1243
951
1084
1062
1132
1162
721
315
91
-119
-475
-713
-773
-930
-857
-994
-853
-653
-290
88
88
243
-4
172
57
117
186
56
29
3
82
270
260
342
230
513
772
1096
1373
1302
1263
750
385
-438
-348
-890
-727
-758
-802
-693
-768
-785
-993
-409
-796
-400
-429
-423
-298
-207
-181
-227
-474
-734
-908
-1074
-929
-958
-625
-330
-251
13
365
254
500
171
68
35
82
-146
-471
-490
-651
-704
-911
-1088
-1131
-682
-599
-319
-106
513
605
807
1008
820
1109
896
1032
743
692
477
124
86
-295
-294
-458
-275
-393
-521
-163
-238
-250
-59
92
265
222
109
-5
-63
-65
-397
-375
-668
-623
-442
-166
196
373
720
749
878
876
640
624
399
103
121
-6
153
129
245
157
70
-100
-317
-200
-243
-31
-2
124
143
9
-202
-103
-222
-551
-235
-374
-90
123
313
642
691
896
695
738
579
478
493
723
760
565
502
75
-35
-397
-822
-1133
-1419
-1382
-1441
-1528
-1491
-1211
-1106
-938
-894
-943
-740
-766
-524
-487
-356
-53
22
230
334
550
921
1061
1103
1486
1488
1601
1430
1068
968
484
512
337
196
157
186
184
-93
-306
-581
-957
-1026
-1053
-957
-753
-1040
-731
-783
-717
-695
-889
-796
-806
-644
-744
-600
-392
-310
37
209
329
614
582
636
630
592
614
397
285
27
-2
-97
-235
-282
-603
-461
-758
-382
-239
-28
202
168
722
555
884
741
824
901
794
768
693
799
742
1067
1185
1239
1519
1471
1436
1334
1079
1081
695
527
340
172
98
-94
-221
-453
-841
-1159
-1341
-1525
-1472
-1381
-1150
-1031
-895
-904
-648
-502
-479
-471
-450
-267
-348
88
91
210
415
588
683
630
896
980
1232
1278
1114
891
768
834
666
364
232
127
46
-377
-678
-855
-1066
-1086
-1115
-1192
-1149
-1073
-987
-667
-871
-559
-463
-428
-136
-148
206
112
211
284
140
-100
-138
-67
-80
-138
-7
-170
-372
-410
-618
-432
-633
-313
-371
-391
-292
-477
-205
-176
-196
-247
-302
-403
-468
-543
-543
-510
-495
-319
84
183
464
634
583
614
625
572
471
620
554
444
271
81
199
119
68
105
-335
-267
-306
-244
-251
-188
194
188
126
12
-91
-239
-311
-352
-9
-113
-5
75
173
374
495
750
709
725
807
737
779
750
474
554
421
406
214
84
-31
-107
-74
-157
-302
-141
-6
114
261
149
300
362
586
384
221
-154
-368
-334
-471
-595
-848
-855
-930
-537
-360
-367
-234
-300
-271
-334
76
215
387
428
139
330
15
-13
-216
-320
-364
-474
-487
-421
-9
150
492
392
275
172
91
395
274
144
-60
-486
-547
-429
-225
26
435
598
659
609
376
400
328
11
-204
-161
-363
-559
-431
-242
-103
-75
-62
-375
-374
-387
-366
-182
-221
-56
24
385
514
368
98
-309
-781
-974
-1180
-1168
-1145
-1190
-733
-691
-582
-393
-272
-107
345
310
261
92
-258
-40
-385
-178
-71
165
421
530
490
367
329
45
490
565
978
1093
1035
1116
761
878
476
261
59
-358
-183
-120
244
498
835
936
762
408
115
201
248
287
417
308
292
387
321
231
-171
-277
-694
-743
-669
-444
207
419
625
716
518
387
56
164
-210
-288
-564
-760
-844
-1349
-1273
-1579
-1378
-1288
-906
-617
-78
531
527
522
471
227
186
-131
-99
-97
-42
305
57
230
292
530
615
435
143
25
112
232
407
238
-4
-429
-895
-952
-1203
-1212
-1233
-1272
-1029
-1111
-903
-601
-236
-30
325
636
625
688
619
576
377
152
-221
-498
-626
-596
-246
-34
38
314
426
767
1102
927
1219
1052
982
715
270
-30
-575
-961
-1218
-1134
-1108
-1068
-923
-751
-818
-791
-716
-472
-270
82
141
551
886
1157
1834
1777
1698
1250
597
158
30
-65
89
145
80
360
614
719
603
417
218
-462
-943
-1127
-1050
-917
-615
-413
-417
-1
93
353
484
535
459
453
553
579
747
912
1163
1278
1088
741
292
-62
-508
-542
-586
-653
-347
-276
-158
54
318
278
267
146
139
-374
-676
-1127
-1387
-1636
-1862
-1534
-1821
-1538
-1504
-1122
-793
-138
306
536
847
660
867
619
550
528
458
496
146
149
238
455
819
661
664
199
117
-127
-290
-428
-683
-605
-742
-452
-485
-426
-414
-398
-535
-525
-700
-856
-732
-454
75
587
1176
1442
1479
1290
1012
436
90
-166
-380
-451
-553
-470
-336
70
379
806
928
783
590
199
54
-254
-134
-179
-189
-177
-332
-224
-321
-205
-406
-591
-644
-733
-661
-729
-445
-69
238
558
830
924
965
980
915
585
270
-136
-795
-640
-662
-155
182
484
847
672
489
-146
-350
-531
-278
-63
82
206
460
520
475
484
462
212
-71
-70
-457
-410
-312
16
176
639
846
594
522
20
-448
-516
-1032
-1455
-1317
-910
-545
-168
301
344
711
711
641
325
98
-216
-470
-541
-627
-714
-642
-442
-527
-564
-731
-753
-1045
-1083
-1082
-1094
-620
-142
140
357
446
375
195
-24
-172
123
356
511
507
512
283
154
10
-414
-158
199
457
457
357
162
-80
-142
-87
-154
-209
-464
-683
-650
-384
-71
325
478
408
299
177
-16
-126
-126
-336
-103
106
185
297
302
309
281
375
424
403
634
664
852
856
774
644
897
1002
1004
902
722
736
228
-141
-670
-906
-1327
-1401
-1031
-690
-343
-5
14
90
50
-75
154
38
129
91
287
401
363
442
446
533
456
422
290
156
145
218
168
174
167
249
335
23
-224
-401
-665
-965
-862
-776
-693
-486
-628
-510
-405
-205
189
224
126
-185
-397
-585
-566
-566
-446
-207
-143
13
-2
327
481
490
599
656
734
568
558
451
288
16
-391
-710
-978
-1100
-1243
-1236
-1379
-1527
-1765
-1899
-1679
-1431
-952
-337
-140
193
474
651
815
790
1038
870
708
445
6
-166
-297
-158
16
255
415
412
406
150
77
-17
250
501
679
669
553
559
262
73
-137
-486
-631
-510
-621
-326
-10
122
165
143
149
335
571
664
810
766
767
381
-16
-178
-205
-47
-3
213
333
167
238
419
547
617
653
367
36
-137
-598
-781
-915
-804
-690
-465
-505
-652
-458
-354
-325
-230
172
424
747
1015
901
763
678
332
749
652
571
317
-154
-373
-856
-622
-736
-267
123
360
477
189
114
-53
49
14
-106
-173
-77
-91
-44
253
32
-10
13
-211
-135
-159
-250
-299
-357
-382
-380
-182
-111
-147
-60
-535
-851
-969
-875
-581
-485
-182
-60
-201
-352
-89
115
557
662
632
708
115
-392
-1158
-1423
-1227
-718
-267
-9
184
151
386
614
935
1002
1290
819
325
-26
-564
-757
-787
-619
-483
-210
-233
-278
-424
-612
-1035
-1124
-962
-633
-266
171
718
766
841
654
331
136
-458
-383
-506
-434
-19
356
840
765
992
1020
1173
921
813
526
171
44
-202
120
342
322
245
18
-70
-316
-379
-107
139
745
875
801
592
351
122
218
380
355
406
139
-432
-674
-715
-907
-840
-481
-222
-210
-44
220
649
1034
1676
1599
1179
476
-429
-1030
-1567
-1364
-1367
-951
-593
-482
-289
-594
-287
53
-63
58
-83
-266
-121
270
509
479
752
750
730
649
431
113
-1
167
-190
-89
-253
-290
-461
-637
-605
-655
-233
-359
148
117
92
-147
-620
-785
-1174
-1197
-1090
-663
-397
-178
14
124
133
129
-52
-110
-365
-475
-1084
-1320
-1285
-1058
-581
-617
-186
351
806
697
386
305
380
358
601
553
592
632
486
239
256
302
392
727
541
260
-114
-474
-799
-512
-146
274
629
745
703
704
650
375
274
230
129
52
-69
-297
-309
-446
-291
-52
425
790
616
542
267
87
-204
-437
-467
-303
-153
-350
-324
-74
186
584
1027
1338
1558
1275
734
-57
-699
-1375
-1495
-1206
-501
511
649
784
447
16
-456
-654
-482
-213
219
397
440
583
220
179
344
492
355
-341
-694
-1167
-924
-958
-391
268
572
629
240
82
-684
-827
-574
-407
-176
214
398
228
74
-14
-306
-646
-790
-704
-792
-963
-973
-1012
-585
-56
749
1063
1092
969
456
-51
-445
-648
-569
-155
140
533
478
788
578
368
265
-128
-140
-363
-369
-480
-345
-606
-462
-605
-492
11
-181
-235
-587
-698
-1105
-999
-381
37
669
962
874
562
348
102
-97
252
221
83
-372
-674
-1082
-1334
-805
-318
740
1174
1295
831
387
-71
-372
-232
-49
592
767
944
943
764
807
532
489
402
62
62
-459
-499
-482
-337
24
446
824
987
1149
832
548
400
284
-92
-227
-431
-462
-426
-265
60
231
96
-33
40
47
209
38
-264
-498
-954
-809
-647
-421
184
512
842
581
458
-13
-383
-676
-870
-855
-802
-533
-177
279
507
701
603
702
119
-541
-1230
-1659
-1642
-1695
-1268
-902
-316
-20
507
819
901
1300
1049
908
392
-3
-318
-553
-646
-671
-561
-241
56
54
329
336
481
189
-90
-508
-971
-890
-1026
-908
-715
-224
320
343
690
701
744
231
-54
-426
-781
-1033
-1573
-1077
-940
-309
207
990
1276
1106
1009
741
452
297
324
15
277
502
569
750
756
769
639
572
558
-36
-190
-537
-728
-564
-524
-103
414
887
1188
1098
1011
638
285
75
-540
-859
-837
-677
-561
-74
-9
318
815
948
1125
1035
627
-82
-473
-1255
-1242
-953
-552
93
232
401
-65
-423
-720
-829
-537
-7
409
700
850
439
324
83
-33
69
-408
-524
-687
-855
-912
-992
-548
-200
410
872
592
421
-39
-956
-1164
-1123
-609
-59
39
184
-62
38
-232
-594
-665
-529
-253
-607
-698
-862
-598
-240
-26
546
910
1292
1324
1221
577
13
-496
-723
-466
-81
302
147
487
293
70
-184
-95
274
9
-183
-696
-569
-599
-848
-784
-754
-335
-114
-1
55
248
573
265
244
180
180
478
335
254
296
459
366
387
601
579
592
335
2
-231
-332
5
233
575
857
1084
974
438
106
-457
-732
-888
-767
-532
-455
-180
-140
-58
-180
123
565
290
132
-163
-450
-830
-591
70
470
859
977
1355
1255
1056
675
297
134
-105
-421
-540
-690
-976
-700
-548
-115
-58
407
523
344
36
-292
-366
-737
-583
-607
-424
-196
57
85
388
498
548
341
-48
-539
-1090
-1229
-1308
-748
-136
726
1139
950
683
74
-416
-716
-851
-895
-825
-768
-790
-377
-323
181
397
548
437
-53
-345
-1031
-1099
-1445
-1233
-1133
-666
-586
-323
257
593
1514
1444
1511
1254
963
538
51
66
102
189
294
370
237
179
-100
-571
-258
139
352
341
19
-9
-404
-660
-715
-501
-122
301
456
369
428
87
-197
-864
-1040
-841
-655
-217
68
489
394
368
309
264
311
414
410
270
303
240
-65
-317
-54
209
505
921
1226
1170
1224
869
295
-67
-1
-121
94
185
-179
-65
-262
-220
-516
-96
-116
-304
-271
-421
27
608
796
955
1387
987
779
179
-215
-421
-599
-122
62
104
399
-72
-662
-682
-826
-694
-319
121
467
414
-119
-527
-690
-558
-331
-252
-602
-1008
-1435
-1836
-1961
-1810
-1032
-267
237
388
315
135
-405
-741
-698
-560
-216
-27
276
329
45
26
-35
307
735
1008
1122
1033
472
-181
-539
-671
-467
-6
251
93
59
-118
-95
-169
12
214
334
248
-174
-598
-709
-544
-613
-349
194
686
931
953
517
-17
-356
-644
-557
63
370
887
1032
879
794
458
302
206
451
648
544
229
-18
-204
-212
-327
-292
171
280
269
-186
-788
-1158
-1399
-964
-579
20
276
480
447
478
876
810
1203
1300
1297
821
246
-246
-765
-535
100
777
1168
1426
1053
521
-212
-670
-1165
-1219
-1128
-1150
-681
-681
-384
109
599
665
932
636
14
-437
-916
-1057
-1038
-593
46
497
973
974
716
415
-238
-705
-997
-606
-359
131
378
147
-41
-192
-255
-213
22
74
80
-97
-479
-848
-1216
-1228
-1067
-786
-272
-81
-35
-218
-612
-1082
-1317
-1569
-1679
-1459
-1058
-370
222
715
1176
1220
1324
1191
606
250
-45
-492
-656
-681
-666
-327
102
476
648
1153
1475
1417
1251
1046
477
102
-93
-606
-522
-526
-165
222
578
1210
1383
1672
1616
1316
719
301
-135
-668
-818
-777
-695
-647
-312
-121
331
636
573
340
-108
-281
-764
-1228
-1032
-810
-107
374
786
958
866
625
-107
-554
-905
-942
-920
-654
-603
-524
-403
-353
36
493
927
1044
1220
1336
1187
1025
459
65
-329
-807
-844
-907
-612
-467
40
237
-131
153
262
330
411
368
260
28
-288
-550
-502
-538
-604
-219
222
612
423
295
267
39
-67
-465
-617
-440
-135
-116
-120
-220
-357
-385
-650
-880
-930
-909
-640
-879
-574
-177
-21
129
135
456
288
235
0
63
-46
-33
-390
-628
-476
-494
-552
-720
-650
-300
232
467
776
534
460
365
83
-70
-36
-176
-537
-1081
-1600
-1641
-1425
-842
-107
639
1094
1049
583
475
374
101
-290
-256
3
133
318
143
356
674
1187
1462
1537
1463
978
602
114
-485
-783
-777
-423
-116
117
678
896
1103
1191
1013
392
271
-185
-641
-870
-932
-45
302
940
1327
1515
1728
1193
417
-279
-840
-1137
-1369
-1191
-550
214
544
446
585
445
-61
-280
-479
-583
-543
-434
-359
-466
-176
-141
-345
-672
-607
-703
-658
-199
110
523
503
606
90
-274
-644
-1204
-1072
-771
-90
424
740
897
873
722
414
11
-114
32
136
-279
-409
-585
-819
-602
-636
-262
14
22
-28
-219
-320
-187
-343
-175
56
132
79
-120
-295
-370
19
11
95
578
578
565
315
-311
-718
-1314
-1216
-1102
-881
-330
-244
20
276
50
53
-42
24
-18
-171
126
-11
188
321
312
309
375
588
389
222
347
6
-68
-223
-320
-207
-82
381
340
438
446
501
614
948
1268
1523
1775
1604
1173
235
-435
-993
-1078
-1026
-631
185
652
1053
830
751
628
449
250
130
54
-169
-342
-544
-803
-767
-711
-575
-306
-122
378
205
185
-247
-738
-784
-1041
-1284
-1196
-1026
-809
-708
-579
-269
-399
-8
-111
-8
436
574
606
159
-173
-270
-548
-514
-59
412
793
888
738
97
-203
-605
-821
-957
-955
-593
-581
-132
214
426
763
988
1114
1025
783
505
227
119
-62
-205
-308
-137
-93
121
528
741
986
463
310
-54
-340
-599
-990
-1060
-1202
-850
-537
-126
220
552
358
73
-401
-791
-868
-1104
-1069
-1148
-793
-620
-484
229
578
723
878
495
242
-398
-585
-602
-367
240
351
615
619
735
591
533
272
362
358
296
120
-311
-639
-799
-904
-832
-84
334
864
1057
1108
907
785
862
608
338
349
454
412
-74
-566
-835
-715
-35
208
598
987
1216
1221
636
-38
-266
-295
-552
-335
-307
-420
-339
-445
-490
-537
-212
296
442
284
195
-270
-535
-788
-486
-120
91
522
-212
-349
-354
-602
-337
258
842
908
966
721
63
-626
-888
-1155
-933
-408
-176
313
517
804
582
423
191
-393
-625
-1183
-1372
-1460
-1391
-898
-485
-139
439
650
912
921
1055
1041
345
231
-349
-784
-1609
-2089
-1847
-1519
-688
71
1194
1899
2177
1863
901
-14
-1174
-1773
-1967
-1764
-780
10
575
1334
1291
870
717
38
-213
-362
-308
-292
-354
-179
-324
-94
218
477
684
957
1071
945
838
450
70
-177
-276
-316
-379
-288
349
654
698
945
917
788
151
-202
-351
-689
-566
-511
-390
27
155
131
207
541
769
910
808
866
480
-276
-831
-1606
-1743
-1536
-813
132
1265
1954
1907
1268
87
-847
-1407
-1694
-1538
-1016
-423
14
-132
-90
-109
-58
75
341
441
153
-63
-194
-497
-674
-613
-841
-666
-527
-161
161
584
910
853
579
203
-238
-722
-863
-1237
-1240
-783
-218
-103
304
535
555
457
184
258
-4
-71
-404
-558
-651
-753
-617
-798
-565
-213
-17
478
709
907
1361
1087
799
370
-271
-524
-706
-348
-218
-257
-192
-24
200
231
290
-43
145
98
-369
-393
-568
-429
-626
-746
-621
-676
-516
-222
97
384
943
1104
877
533
490
396
67
111
-76
340
552
287
235
178
673
647
673
735
377
384
52
-367
-500
-462
-60
285
602
952
1200
1332
1272
936
374
56
-460
-831
-548
-505
-451
-372
-25
290
345
650
679
560
463
187
-118
-144
-312
-313
-377
-583
-380
-385
-377
-261
-605
-522
-592
-664
-598
-578
-213
-338
-182
2
-21
115
45
15
443
267
151
59
-185
-158
-535
-613
-554
-509
-276
-252
-216
-408
-570
-486
-526
-72
549
1247
1377
998
274
-148
-725
-1079
-682
-275
571
807
869
842
615
246
-243
-543
-445
-614
-1019
-1192
-1529
-1600
-1441
-1241
-1197
-944
-316
-199
-76
215
258
180
-155
-111
-102
64
318
358
262
334
461
318
583
1093
1166
927
777
211
30
-130
-235
-52
-75
403
705
495
759
680
625
776
815
985
738
594
-273
-710
-743
-920
-429
34
549
1010
858
704
571
197
129
-390
-704
-821
-722
-270
-220
36
266
250
-112
-416
-535
-755
-683
-236
251
381
361
-155
-631
-981
-1222
-1015
-780
67
836
1409
1289
1004
532
-393
-751
-913
-770
-500
234
742
859
924
763
323
-73
-377
-227
-346
-297
-16
-47
397
0
-120
-87
-209
-248
-216
-136
-65
-142
-113
-216
-646
-776
-1164
-1066
-1130
-839
-554
-289
99
414
383
294
194
-314
-85
-200
-116
-106
-47
324
173
-8
216
261
167
225
198
140
-28
-91
-272
-565
-565
-384
-490
-394
-101
-36
92
115
164
136
113
290
-6
238
567
329
241
97
425
382
396
794
954
1283
999
589
40
-298
-563
-877
-668
-341
-164
44
468
458
743
737
414
153
-176
-34
-109
-286
-247
-197
-149
-146
17
294
665
887
917
879
659
318
-352
-530
-767
-1127
-718
-552
-166
137
298
468
440
534
86
-306
-545
-780
-1034
-992
-866
-544
-96
118
373
630
833
654
629
259
-209
-829
-1420
-1453
-1397
-874
-107
577
1059
1252
736
-1
-591
-779
-582
-271
330
569
822
779
325
-61
-372
-437
-417
-131
295
807
939
441
-163
-691
-972
-1234
-1056
-753
-377
198
330
-78
-287
-354
-492
-565
-718
-364
-305
-101
-55
-221
-177
-263
-255
-409
-255
367
836
774
338
56
-432
-1084
-1359
-1315
-1211
-684
-106
316
947
1175
1360
577
232
-12
-56
206
406
1243
1367
1546
1225
1101
902
462
197
24
177
336
-26
-373
-66
-375
-482
-486
-117
201
267
382
356
478
96
-136
-403
-546
-375
-371
-608
-814
-565
-328
-508
-486
-282
50
302
470
650
858
807
189
-467
-1154
-1361
-1806
-1866
-1191
-437
633
1287
1470
1324
907
509
58
-465
-315
-67
87
28
-157
81
50
152
130
137
327
106
-83
-266
-693
-752
-843
-884
-767
-478
-156
-131
164
258
356
399
297
51
-57
-228
-285
-325
3
657
727
1155
1223
1041
896
779
516
260
-52
-264
-461
-723
-720
-1129
-1262
-1545
-1217
-935
-701
-90
287
360
68
187
-294
-562
-582
-565
-308
75
609
647
758
889
931
420
14
-266
-570
-410
-393
13
-78
-11
239
158
255
594
632
456
394
73
112
-138
2
-191
-403
-256
-253
-41
62
483
799
972
1009
1161
752
62
-59
-295
-201
225
714
1058
910
930
612
136
101
-154
-73
151
492
855
682
410
-182
-532
-861
-783
-465
-214
523
507
349
-134
-543
-998
-1299
-1421
-1388
-641
-351
73
90
183
14
-676
-1064
-1244
-1281
-961
-440
-59
531
712
312
-279
-635
-761
-573
-370
232
1178
1594
1850
1264
797
598
-394
-918
-1292
-951
-347
-319
268
467
141
121
-298
-551
-734
-994
-613
-791
-796
-719
-910
-908
-643
27
459
1025
1273
1308
855
11
-870
-1744
-1870
-1999
-1904
-1417
-579
234
483
881
1078
857
425
-22
-296
-378
33
280
405
789
894
699
382
221
555
765
1063
1463
1410
1346
928
256
-54
-359
-451
-124
46
640
869
518
394
-201
-339
-341
-322
208
643
1093
949
453
73
-308
-740
-805
-433
186
1023
1507
1372
1087
349
-388
-916
-1480
-1532
-1363
-962
-584
-46
431
662
733
882
748
378
92
-201
-289
-532
-544
-359
-345
-151
-10
-80
-52
58
384
343
111
102
124
-57
-230
-337
-391
-295
-98
-124
-217
-151
-142
-416
-716
-568
-664
-661
-528
-269
-102
20
-247
-622
-780
-817
-742
-405
39
439
713
450
462
20
30
-226
-389
-196
-341
-235
-286
-293
60
366
322
499
115
165
-218
-665
-915
-1180
-709
-431
-93
286
649
1156
1225
940
803
136
-252
-644
-635
-489
-223
363
639
592
856
744
338
142
-422
-527
-953
-1014
-1001
-500
197
554
874
1164
1049
844
468
-181
-259
-417
-347
-308
-290
-442
-139
163
420
843
974
793
232
69
-181
-441
-366
-296
8
416
375
475
560
752
764
361
283
25
-149
-39
-93
93
298
-10
-192
-573
-711
-685
-558
-77
333
476
550
503
351
32
-576
-1151
-1956
-2023
-1824
-1513
-1017
-135
658
1076
1186
892
364
-296
-1087
-1603
-1575
-1357
-830
-579
211
517
935
1150
1357
1425
658
-68
-559
-954
-1522
-1475
-1313
-485
137
862
1130
1373
1544
1091
410
-470
-921
-1484
-1554
-1438
-867
-219
326
657
446
198
-58
-338
-408
-386
-96
80
265
382
-40
-196
-355
-557
-730
-290
8
179
370
455
637
571
661
345
151
-19
-170
5
221
346
255
155
269
553
693
989
941
1006
1105
402
268
-175
-399
-331
-563
-58
331
742
1177
1185
1078
966
331
-167
-847
-1059
-1229
-1361
-759
-358
375
716
620
672
462
156
151
-247
-258
-336
-546
-432
-397
-314
-688
-687
-504
-501
-237
-124
136
546
562
389
-265
-665
-733
-862
-697
-100
377
533
376
368
269
-150
42
-101
127
163
45
44
-254
-399
-485
-543
-728
-399
-297
-48
221
405
565
143
-282
-691
-1226
-1355
-1094
-816
-218
87
290
563
462
335
50
130
292
396
641
606
763
554
168
-65
-369
-503
-277
-112
-174
101
232
64
-69
-530
-807
-903
-1218
-746
-388
37
611
570
591
572
602
375
11
183
136
-50
-33
-2
-4
-73
256
203
441
744
911
783
744
578
-200
-689
-1014
-959
-1123
-875
-365
355
765
1087
1099
997
680
285
73
-459
-683
-1016
-1229
-1286
-762
14
507
852
1114
633
165
-419
-1081
-1557
-1630
-1298
-830
-170
408
1303
1424
1516
1333
1068
601
40
13
-115
232
288
404
349
504
428
143
112
85
488
219
190
3
-245
-416
-607
-630
-643
-381
-333
-284
-145
-115
-84
-190
-79
311
64
106
69
204
384
443
265
-210
-324
-694
-899
-1075
-476
196
459
812
762
623
138
-585
-1034
-1266
-1143
-637
-496
-213
591
557
712
492
283
266
-279
-320
-540
-682
-911
-1214
-1184
-976
-996
-314
86
625
995
897
673
223
112
-255
-365
-523
-117
-50
216
459
496
533
480
287
142
348
194
139
-37
124
-96
-320
-433
-238
155
266
450
779
845
661
425
87
-196
-527
-503
-697
-359
-40
384
519
734
1135
829
488
140
-160
-619
-628
-627
-342
14
298
342
507
553
274
1
-1
23
-502
-669
-717
-542
-340
-121
92
365
570
642
502
288
318
35
-189
-412
-361
-64
-142
165
584
716
1103
885
339
22
-549
-932
-1273
-1295
-736
-234
273
1055
1186
840
625
-97
-727
-1234
-1366
-1000
-788
-85
466
835
1089
692
452
-89
-681
-956
-1301
-1360
-1065
-908
-496
-180
-42
-54
-392
-265
-354
-239
-254
-230
-116
-227
-135
-266
-361
-365
-118
114
168
292
465
95
-297
-602
-779
-495
-232
182
959
1413
1619
1574
1016
453
-228
-414
-450
-305
90
685
1018
1083
1066
706
415
112
-122
-517
-575
-669
-604
-535
-322
121
445
699
613
485
360
196
-200
-476
-465
-306
-356
-175
50
441
420
581
413
132
250
-403
-617
-753
-672
-456
-447
-174
205
386
814
720
731
769
614
300
-64
-110
-418
-574
-463
-300
-13
198
426
583
663
561
317
319
-87
-29
-325
-128
122
305
203
23
121
-179
-141
-326
-342
-434
-381
-338
-434
-678
-617
-1031
-1020
-866
-801
-316
-130
70
60
261
-178
-495
-840
-934
-730
-529
-90
152
472
276
-13
-259
-608
-693
-664
-803
-314
-222
103
449
316
290
179
103
-292
-200
-493
-557
-600
-696
-559
-480
-253
-156
52
119
180
285
285
226
31
-426
-290
-100
148
401
579
1192
1203
1236
817
651
523
13
-147
-334
-4
315
562
915
1324
1239
1000
830
373
-168
-645
-798
-827
-884
-254
-12
142
423
482
813
583
521
153
-5
-376
-478
-138
-138
214
371
777
1021
1172
1097
835
443
-243
-814
-1273
-1413
-1065
-720
-320
412
687
590
322
167
-41
-349
-419
-368
-151
94
550
544
488
365
5
-323
-492
-477
-514
-327
-375
-274
-489
-478
-545
-614
-402
-105
271
339
649
663
489
-69
-419
-411
-624
-500
-463
-359
-217
-388
-303
-490
-601
-603
-412
-423
-516
-185
-138
-108
-208
-214
-472
-897
-1093
-1238
-1128
-651
-397
85
783
1023
1060
960
722
249
-53
-467
-697
-668
-588
-391
-102
77
318
325
359
200
128
108
-93
61
-396
-267
-599
-615
-636
-515
-102
264
759
1193
1929
1599
1474
1267
702
-55
-399
-683
-589
-372
14
372
580
698
536
411
200
244
-21
-1
-193
-378
-499
-153
-30
-110
93
356
579
324
369
167
25
-29
-157
-374
-464
-246
-215
-109
25
253
487
536
370
160
155
-114
-321
-165
9
323
635
515
370
360
255
235
209
153
79
200
145
149
180
98
11
-42
-399
-554
-432
-485
-373
-729
-724
-900
-1114
-1032
-922
-601
-324
-55
19
114
-143
-669
-762
-867
-785
-696
-586
12
141
208
373
402
267
-9
-275
-490
-455
-335
-511
-449
-48
-21
-48
-21
298
413
297
284
100
327
114
-58
-331
-128
143
-20
74
-137
-67
-359
-449
-481
-321
-203
9
97
173
221
61
195
161
341
354
190
56
208
197
253
136
394
732
636
784
955
1102
962
853
515
248
33
-130
-191
-13
609
749
749
914
1017
749
271
127
-234
-345
-665
-877
-729
-893
-494
-252
114
545
699
789
735
592
337
6
-377
-801
-899
-905
-687
-287
-281
-51
-107
-133
-240
-170
-272
-319
-74
-106
-52
-371
-330
-298
-175
-101
77
216
73
101
-274
-574
-820
-879
-892
-720
-447
11
152
268
330
415
545
500
483
189
192
41
-133
-193
-101
-63
-106
-330
-265
-294
-234
-357
-185
-259
-250
72
122
265
17
41
-372
-305
-581
-978
-776
-634
-400
-298
-100
220
88
-90
-264
-498
-664
-711
-407
-148
219
832
1061
888
890
825
758
667
663
646
338
342
459
59
61
105
201
526
499
713
788
778
720
441
337
55
-89
-225
-79
315
134
252
254
197
135
-112
-198
-313
-277
-357
-194
-23
184
526
384
318
361
286
90
-306
-284
-477
-496
-445
-297
81
-90
-102
-371
-714
-917
-882
-801
-715
-254
90
300
522
459
187
-67
-284
-422
-279
-283
20
245
441
657
754
819
679
612
417
336
3
-150
-590
-804
-833
-896
-896
-614
-197
-101
93
259
73
-101
-458
-841
-1034
-1212
-1177
-1214
-1067
-895
-629
-409
-66
-111
-138
-80
52
-107
-175
-365
-363
-230
-312
-201
-29
335
115
363
403
581
362
190
32
-372
-247
-606
-485
-182
-81
184
368
466
721
844
938
829
904
926
537
306
-82
45
-131
-332
-252
161
206
7
439
532
615
264
204
-109
-270
-366
-416
-292
118
411
535
711
569
660
310
277
69
233
-31
93
467
366
363
159
263
140
460
677
622
594
611
457
2
-386
-689
-706
-715
-321
25
336
787
534
572
321
254
115
-208
35
-130
-18
-75
-292
-303
-705
-769
-776
-689
-139
239
425
382
327
112
-281
-668
-865
-816
-519
-341
-71
127
277
253
259
54
-47
-136
-313
-283
-648
-514
-770
-921
-919
-536
-264
39
369
339
391
163
-12
-302
-462
-684
-665
-779
-709
-597
-449
-280
-261
-174
-107
217
247
181
179
66
160
44
-104
257
161
172
223
177
390
121
49
-143
-519
-342
-424
-312
-299
-226
-139
-419
-118
-119
-105
265
394
630
832
837
569
178
227
-243
-274
-310
-53
35
169
538
311
561
267
-17
-205
-182
-213
-267
-332
-294
-252
-97
-4
293
521
753
646
630
593
81
-168
-458
-527
-389
-103
87
673
617
653
436
272
299
135
139
134
13
28
111
-72
-45
-19
-174
-90
164
175
429
66
2
19
-335
-679
-695
-813
-986
-620
-423
-235
-40
222
331
418
310
0
-323
-385
-476
-812
-846
-756
-579
-413
-338
-131
44
43
118
249
391
525
339
78
65
-10
-501
-559
-438
-342
-180
-58
60
199
432
336
273
14
-120
-187
-230
-234
-105
72
85
131
247
109
5
-102
-163
90
69
220
112
375
171
-65
-184
-464
-229
-464
-34
219
488
679
1078
1089
598
535
89
-241
-517
-362
-412
-22
36
287
690
644
319
89
222
31
-8
-33
399
381
610
759
713
791
610
433
137
158
272
235
229
306
311
183
17
-139
-413
-602
-798
-770
-672
-510
-265
-219
118
240
378
116
40
-177
-420
-270
-524
-161
-138
117
85
-78
286
44
-174
-272
-289
-324
-343
-471
-565
-304
-562
-289
-161
-181
-230
-206
66
-436
-364
-688
-884
-875
-1010
-781
-513
-64
170
316
405
467
362
69
-222
-372
-701
-1201
-961
-815
-649
-803
-521
59
309
737
800
840
520
170
-456
-763
-819
-842
-620
-112
307
756
843
725
715
511
363
120
38
-206
-310
-644
-705
-601
-672
-549
-515
-127
4
67
336
267
377
364
336
306
388
251
51
177
283
408
174
516
446
402
546
481
601
555
810
566
670
548
293
-182
-43
-108
-269
-9
-152
409
486
626
546
502
482
194
-32
-43
12
97
24
354
334
493
291
143
344
-174
-79
-278
-254
-113
194
284
429
672
471
316
126
-195
-408
-513
-556
-757
-364
-99
-299
-230
-306
-356
-369
-363
-541
-478
-113
-159
-45
-56
-240
-108
-199
-120
-18
247
328
424
774
774
611
482
33
-305
-572
-842
-1145
-923
-422
-241
84
551
862
884
867
446
36
-495
-816
-1240
-1254
-602
-220
83
39
409
308
99
-466
-1059
-793
-1095
-1060
-1163
-577
-154
-212
135
138
267
328
153
-103
-82
-154
-461
-618
-276
-278
-196
-1
-91
354
501
523
609
604
461
262
183
-48
-361
-131
70
252
485
467
828
845
628
400
102
11
-21
7
361
435
503
448
658
418
275
439
-130
-71
15
-5
-126
342
314
43
401
62
74
-303
-417
-581
-865
-401
-763
-672
-357
-314
-162
-81
270
18
76
103
-247
-3
-249
-199
-396
-278
-281
-68
165
166
330
302
377
194
274
108
115
-226
74
99
125
371
520
633
284
208
-89
-604
-883
-1167
-967
-1067
-847
-205
2
361
121
497
285
338
78
-414
-463
-694
-589
-806
-882
-571
-457
-184
154
114
485
314
258
105
51
-128
-662
-674
-758
-554
-382
-405
-141
128
591
661
851
1078
725
677
326
48
48
-99
-263
-268
58
396
389
732
783
651
720
377
225
119
199
277
338
583
509
460
391
154
-136
-377
-362
-275
-489
-120
-118
-233
-2
-278
15
143
245
281
348
136
-37
-366
-634
-754
-601
-112
-312
323
607
554
685
409
410
212
240
204
403
894
660
754
755
645
336
240
143
89
-6
-282
-280
-274
-191
-293
-299
-279
-83
-364
-484
-774
-790
-1072
-1237
-952
-1004
-731
-498
-139
211
283
183
219
-383
-535
-746
-760
-629
-391
-20
-7
16
-185
-241
-159
-154
53
220
108
188
-181
-248
-435
-555
-324
-87
-14
511
543
240
177
-110
-324
-504
-634
-509
-308
-127
-43
-353
-115
-237
-384
-588
-156
-50
107
193
104
271
4
-197
-827
-704
-493
-180
238
463
711
587
706
259
16
-20
-417
-132
-257
-90
-204
-32
175
317
380
324
412
338
560
249
-74
-152
-354
-640
-227
75
458
611
1070
1150
1032
693
244
242
-133
-169
-359
-224
-246
-11
227
268
693
708
657
808
851
501
153
-46
-269
-303
-432
-254
134
595
861
1048
976
868
485
-67
-447
-730
-572
-706
-289
-58
254
300
114
147
-112
178
-158
32
163
-1
303
81
250
123
-56
-359
-467
-286
-333
-290
-424
-355
-348
-607
-1036
-892
-784
-638
-348
-583
-282
-288
-374
-466
-402
107
131
323
333
175
177
-115
-417
-568
-511
-552
-550
-433
-242
-49
-165
-2
-126
45
18
50
75
-19
140
-55
-218
-400
-233
-346
-204
40
268
171
66
95
-302
-239
-241
-250
-323
-173
10
-140
-47
-213
-66
-28
-216
-45
277
400
278
100
-158
89
-130
-264
53
-54
361
514
599
683
713
829
551
403
297
214
116
109
227
592
643
753
869
1095
999
569
179
65
-90
-204
-252
-144
403
508
1079
959
1033
976
365
-83
-586
-814
-1132
-1085
-958
-664
30
238
149
40
181
41
-447
-414
-513
-336
-285
-660
-1000
-753
-650
-679
-277
187
378
666
391
-3
-134
-505
-727
-703
-315
-100
381
388
507
333
307
248
33
167
-68
-245
132
84
102
129
-135
74
-352
-540
-853
-796
-916
-1103
-1242
-1547
-894
-690
-677
-104
-107
-15
86
-45
-118
-259
-250
-272
-123
-106
6
-72
93
-65
-267
-46
-261
278
398
367
298
363
151
-55
-153
124
340
137
587
301
678
428
505
521
670
610
706
775
652
507
-88
-68
-355
-81
-21
555
931
962
1080
966
368
337
144
-31
14
111
114
41
85
-231
88
131
120
176
255
385
350
236
-88
-242
-90
-673
-704
-594
-397
-306
-238
186
-39
101
16
-97
-156
1
46
-51
-151
-142
-294
-412
-582
-376
67
81
209
300
421
257
379
186
285
-12
-190
-285
-367
-249
-686
-352
-138
-135
233
-11
-217
-406
-390
-753
-900
-549
-557
-233
-570
-285
-363
16
34
-238
-49
44
-181
-380
-95
-314
-343
-409
-286
-328
221
283
420
779
382
5
-78
-237
-385
-380
-412
-82
271
177
50
88
236
-84
-554
-380
-684
-355
-259
-531
-600
-602
-663
-732
-492
-260
-27
282
406
264
86
-248
-363
-600
-26
291
535
1142
1538
1302
1568
1240
746
474
207
426
196
396
451
481
112
427
246
559
633
979
1296
1230
1278
633
233
-613
-805
-828
-587
-560
-192
242
447
410
274
201
274
127
-149
-326
-254
-365
-331
-298
-394
-24
-407
-201
-424
-309
-237
-495
-770
-1064
-1059
-955
-825
-327
131
-85
59
-242
-377
-590
-403
-253
-180
-68
9
352
-91
-273
-379
-557
-254
-226
329
906
1296
842
593
400
-293
-226
-779
-466
-216
137
239
-4
263
-39
-388
-348
-615
-662
-403
-639
-667
-356
-235
-497
-89
-166
16
-7
-339
-202
-281
-303
-247
-324
-374
-183
-248
57
166
426
263
-3
-237
-625
-423
-304
1
169
355
515
519
574
495
358
384
450
98
373
510
306
187
94
257
253
541
599
838
676
571
274
135
71
-37
272
333
720
543
796
827
584
539
258
68
-370
-634
-286
-204
179
602
971
1223
914
735
185
-144
-347
-627
-863
-507
-263
31
-31
-169
-77
-85
-66
-332
-390
-151
-68
-542
-523
-666
-301
-565
-857
-407
-316
-69
14
37
158
171
-285
-499
-854
-892
-1083
-942
-625
-319
344
99
-66
-145
16
-8
-260
42
8
322
531
333
599
627
702
736
572
334
366
-15
-603
-596
-364
-367
-176
192
356
349
237
-163
-472
-595
-801
-402
-361
-34
-7
39
-257
-325
-509
-767
-670
-329
119
248
437
150
192
-326
-394
-773
-611
-381
-513
-131
-222
-94
113
-187
-246
-278
-318
-119
-54
129
207
-59
-30
-57
87
175
91
744
655
1026
834
769
883
532
750
328
524
590
433
692
241
248
373
263
109
244
235
258
-3
-414
-125
-286
-143
-570
-404
-3
10
-224
-583
-552
-573
-617
-808
-175
138
172
379
184
182
-65
-290
-569
-509
-237
-47
445
429
972
842
600
460
353
550
197
419
367
328
149
-109
-85
106
-108
131
319
203
116
-379
-605
-1259
-1053
-1130
-694
-78
354
866
812
773
454
261
98
-356
-573
-598
-623
-525
-791
-292
-336
-101
-358
-600
-338
-675
-657
-471
-163
-342
-321
14
3
136
382
321
214
273
279
-37
-25
-51
-296
-451
-106
-100
218
444
373
482
570
695
715
512
428
161
-154
-192
-813
-518
-605
-379
31
223
489
422
521
306
376
395
229
26
-42
-281
-393
-547
-803
-640
-489
-24
144
474
711
658
507
41
49
-132
-284
-475
-349
-471
-394
-166
-403
-194
-140
-41
265
507
400
547
347
-115
-189
12
269
156
66
260
165
44
16
-105
305
204
187
131
358
511
508
905
702
756
675
439
-71
-229
-260
-518
-149
-149
-303
-17
-87
-219
-312
-212
-369
-590
-343
-606
-721
-551
-635
-947
-948
-861
-713
-593
-418
-533
-334
-182
-256
-158
-54
-107
-167
200
-151
34
100
69
-381
-380
-109
-302
-61
363
532
381
534
250
168
-162
-517
-824
-940
-699
-534
-84
324
452
693
500
266
140
-86
-61
-606
-536
-820
-906
-441
-532
254
506
956
929
903
986
572
436
-242
-488
-711
-593
-661
-33
221
310
678
631
910
835
980
747
674
324
54
-353
-380
-356
-471
-127
-112
216
282
765
489
359
467
167
30
139
114
-245
-54
-338
-312
-412
-84
193
236
686
449
802
668
417
172
-261
-246
-438
-224
-223
-71
-196
-113
22
286
270
80
232
310
421
158
431
176
103
-25
-23
-78
-337
-354
-233
-292
-415
-415
-320
-224
-417
-260
-69
240
649
523
493
566
-184
-258
-656
-856
-797
-755
-773
-520
-356
-189
-476
-599
-252
-542
-167
-264
-326
-622
-652
-903
-1156
-997
-1285
-991
-763
-730
-286
-529
-309
-357
-271
-35
-2
71
-115
-169
-294
67
-224
-156
-163
-20
206
75
543
718
806
1103
1013
888
963
792
456
405
96
105
267
434
562
830
810
823
963
618
548
164
186
-276
-546
-530
-521
-146
86
334
472
660
665
385
490
243
200
252
63
-193
-276
-216
-443
41
156
523
425
703
327
-85
-228
-1088
-966
-1184
-916
-418
-123
227
618
949
778
830
694
324
106
-234
-106
-194
-262
-259
28
115
427
348
632
917
611
771
255
212
169
42
-160
-32
-235
-226
-46
77
11
177
335
192
157
63
109
-356
-277
-449
-751
-818
-969
-1014
-776
-743
-816
-723
-927
-841
-781
-975
-729
-751
-603
-771
-1071
-978
-1070
-947
-767
-552
-595
-246
-59
136
43
-195
-132
-461
-571
-289
-269
-91
290
194
587
570
969
814
676
966
274
256
82
64
-126
-248
-190
-177
25
445
914
1245
1476
1376
1175
870
638
682
400
36
-259
-361
-199
-209
176
166
284
665
531
510
613
508
479
252
124
-15
21
36
372
316
85
-44
-282
-159
-375
85
200
114
-6
74
-183
-488
-426
-747
-504
-230
-316
4
5
151
54
-94
-43
-120
79
-273
43
-93
131
406
423
707
603
526
232
340
76
16
112
-180
-333
-455
-465
-703
-694
-533
-495
-419
-426
-390
-566
-371
-396
-563
-466
-562
-674
-545
-472
-349
-157
-547
-230
-305
-294
-221
-243
-309
-426
-545
-757
-422
-427
12
47
424
278
325
425
175
187
-59
-315
-216
-291
-329
-144
-440
163
-20
54
428
581
932
1217
998
720
480
240
0
-292
-21
-51
328
576
724
612
491
228
-467
-501
-740
-621
-430
-392
-241
-279
-79
6
436
717
944
1018
717
534
381
586
372
99
-90
-232
7
-240
233
412
332
604
450
663
754
883
812
492
406
60
-456
-387
-214
-88
-194
-20
21
123
359
412
386
269
453
217
305
391
417
270
91
-39
-312
-376
-744
-602
-478
-502
-377
-513
-456
-728
-907
-913
-884
-816
-682
-579
-406
-398
-252
-228
-558
-410
-369
-361
-596
-706
-682
-437
-77
159
537
521
334
104
-177
9
-170
-181
-337
-298
-166
-319
-88
-198
-281
-500
-478
-583
-387
-393
-259
-177
-397
-424
-764
-592
-479
-82
101
-43
215
142
25
-333
-464
-376
-537
-397
-452
-444
-380
-138
-59
103
331
158
159
331
472
253
559
429
177
427
516
804
689
646
352
388
382
153
658
484
449
483
326
454
368
476
62
-26
309
423
504
627
608
579
834
503
435
438
336
-39
-200
-127
-252
34
-10
-60
57
60
141
-97
-5
-137
-368
-463
-586
-473
-280
-47
139
422
338
422
66
268
155
214
496
433
248
122
51
47
273
123
-29
-702
-402
-510
-235
-139
-242
-250
-538
-228
-301
-189
-167
-121
34
-129
-378
-417
-389
-378
-284
-283
22
-150
-580
-773
-980
-988
-1077
-661
-578
-139
102
67
140
-70
-147
-93
-234
-376
-372
-663
-657
-809
-813
-514
-480
-140
127
114
-234
-306
-316
-484
-238
-7
123
395
775
743
1238
1039
824
931
641
652
704
501
365
116
189
260
121
454
572
670
887
994
840
903
598
341
220
192
-139
-136
-53
-235
-282
-320
-552
-663
-456
-600
-447
-505
-508
-507
-304
-221
-159
-131
-401
-18
120
92
39
64
70
-188
-71
-92
-132
249
423
500
855
781
1020
866
827
834
631
582
203
129
-26
-278
-399
-467
-738
-474
-612
-386
-142
-176
75
-79
32
-48
-108
-30
-298
-515
-635
-661
-715
-684
-771
-414
-279
-137
185
62
399
163
469
171
-88
-107
-203
-112
-413
-344
-636
-708
-619
-788
-871
-671
-709
-936
-891
-1042
-1087
-741
-591
-408
-314
265
182
522
780
660
936
542
338
334
472
79
209
274
22
269
297
375
679
419
433
352
374
543
378
365
185
421
286
215
175
328
153
27
274
27
319
375
429
526
270
360
219
169
147
119
43
19
105
-98
-126
-141
27
-327
-585
-701
-1031
-1020
-876
-712
-433
-118
-69
1
223
372
509
439
460
377
424
647
517
642
445
580
463
608
861
851
1024
800
799
783
756
597
365
138
84
-240
-230
-427
-780
-672
-796
-854
-783
-940
-1053
-901
-892
-653
-784
-752
-619
-643
-254
41
64
305
347
268
226
-29
14
-153
-230
-277
-390
-485
-313
-233
-355
-103
-70
-174
144
412
106
0
-184
-510
-395
-611
-831
-727
-746
-608
-891
-506
-541
-570
-235
-393
74
121
323
277
403
319
229
346
357
564
464
318
137
246
93
124
327
93
202
124
129
59
57
348
-1
276
231
-4
103
-178
-201
-454
-475
-344
-351
-105
-56
126
74
81
90
339
343
534
799
456
621
397
67
40
-35
-26
14
41
87
87
279
259
372
369
412
474
281
335
192
29
2
-65
164
-48
151
162
-153
-87
-278
-305
-560
-136
-207
-166
-236
-284
-10
-6
227
382
433
407
657
251
394
269
-56
-54
-464
-425
-475
-625
-677
-370
-288
-163
-87
-20
313
476
427
607
553
321
297
-93
106
41
-44
-109
-130
-229
-207
-178
-410
-420
-530
-665
-526
-246
-229
-68
-216
13
100
-18
85
-36
-185
-244
-629
-777
-724
-725
-647
-619
-383
-628
-657
-156
-52
-9
14
-231
-419
-649
-535
-563
-633
-315
-247
-127
56
-61
203
188
173
334
296
342
457
667
446
441
496
421
487
581
656
733
498
322
281
309
517
328
671
542
326
250
141
200
-97
54
89
350
280
376
128
132
4
-5
-8
-306
-99
-530
-554
-310
-330
-391
-410
-238
223
62
159
-123
-58
-80
-403
-415
-535
-440
-704
-666
-676
-894
-496
-481
-318
-85
103
221
350
581
613
1098
939
1371
1241
1456
1540
1229
1159
783
438
293
336
-123
68
-52
-121
194
-13
124
75
139
-1
-152
-46
-663
-782
-1228
-1332
-1565
-1817
-1820
-1691
-1555
-1579
-1157
-1028
-508
-289
-387
-354
-261
-203
116
-41
151
256
-207
69
-260
-110
-235
-397
-241
-66
157
-64
68
175
-32
-51
-85
-231
-2
-160
-205
9
-148
62
76
357
691
607
729
603
856
675
763
831
1397
1095
1150
1375
1118
1315
943
970
708
501
141
47
-308
-308
-622
-878
-1004
-685
-869
-1064
-699
-957
-855
-949
-879
-524
-265
-32
302
444
629
304
211
473
365
339
244
387
418
150
103
-81
285
483
237
425
228
209
544
347
184
-231
-162
-568
-696
-531
-932
-753
-794
-520
-358
-43
477
723
690
945
944
1134
1181
1096
1282
1403
1253
1165
864
493
426
240
26
-156
-242
-795
-953
-1343
-1286
-1659
-1749
-1721
-1905
-1810
-1857
-1718
-1588
-1538
-1306
-1080
-1020
-723
-747
-399
-440
-177
-168
-33
210
331
461
484
802
770
1091
885
947
807
640
576
240
288
-284
-148
-437
-555
-360
-522
-430
-750
-503
-610
-463
-195
-59
166
148
286
80
302
184
345
497
424
676
555
621
275
506
591
803
993
1230
1393
1127
1169
730
621
383
-25
-146
-98
-432
-616
-642
-925
-1168
-1154
-1093
-942
-239
-36
53
297
311
479
509
723
718
897
858
460
347
-74
-324
-431
-190
-178
74
112
118
317
124
63
-59
39
45
63
-76
-67
-44
-165
-263
-308
-103
-132
19
295
185
133
43
84
130
5
195
206
385
339
311
550
280
569
415
240
396
-73
-184
-548
-702
-904
-1069
-1042
-1232
-954
-1174
-1228
-1057
-830
-899
-708
-616
-592
-340
-349
-61
-120
68
40
132
161
263
80
240
126
-3
82
-182
28
-77
147
-46
-81
152
42
-91
-86
-150
-254
-289
-488
-567
-657
-408
-383
-62
320
507
823
535
944
874
988
1146
1233
1414
1188
763
505
277
127
154
-92
-45
-137
-182
-433
-252
-265
-30
-138
114
223
170
119
-296
-110
-151
-214
-225
30
150
140
262
191
186
50
-12
293
317
397
298
368
66
162
-22
-189
-301
-192
-485
-503
-306
-734
-596
-808
-534
-690
-424
-326
-85
37
424
444
515
732
861
1094
1229
1419
1151
1132
588
810
464
523
271
119
-47
-567
-389
-636
-599
-850
-1001
-940
-1197
-1339
-1225
-1294
-987
-1126
-1251
-1155
-858
-729
-581
-240
-434
-283
-205
-143
-97
181
162
142
163
542
375
366
484
265
406
-19
-193
-431
-492
-359
-409
-463
-458
-630
-433
-571
-107
-79
28
192
235
536
581
691
558
751
679
671
473
772
832
940
821
990
1049
675
650
376
348
377
315
-21
-224
-405
-683
-885
-995
-1097
-1319
-1323
-1313
-1098
-998
-716
-617
-410
-130
-258
125
503
844
887
777
751
980
694
942
1105
1233
1291
959
732
497
469
16
-119
-245
-293
-598
-532
-575
-508
-187
-476
-280
-258
-11
63
86
249
-7
241
123
520
374
415
529
680
948
614
768
642
814
605
845
374
246
-104
-514
-546
-1017
-1012
-1311
-1361
-1556
-1458
-1757
-1588
-1503
-1560
-1340
-1406
-1276
-1264
-1203
-953
-726
-400
-50
98
477
529
644
768
873
1032
953
1237
1145
1240
1058
581
896
290
122
-25
-257
-194
-467
-659
-946
-939
-1053
-971
-956
-642
-506
-270
25
268
511
349
438
680
972
1202
1135
1353
1287
1316
1363
991
1080
508
533
100
-3
-20
-269
23
-606
-638
-776
-1009
-1253
-1396
-1393
-1572
-1549
-1369
-1087
-1000
-903
-816
-445
-226
13
353
507
861
1005
1211
1483
1629
1590
1753
1452
1625
1750
1468
1274
665
688
148
-127
-227
-57
-212
-360
-551
-610
-498
-766
-436
-615
44
-142
-54
-73
-413
-101
-309
72
65
311
321
152
354
255
377
465
341
459
186
67
-142
-420
-667
-1169
-1409
-1664
-1700
-1931
-1960
-2046
-1896
-1794
-1658
-1512
-1275
-867
-560
-323
-307
-71
-78
275
371
620
871
962
881
932
870
937
987
876
992
730
803
488
486
531
320
286
230
24
-30
39
-34
-197
-375
-335
-464
-386
-293
-343
-179
-67
-74
42
145
253
326
329
656
575
634
522
391
447
406
456
275
176
-217
-560
-686
-805
-874
-1024
-979
-868
-834
-702
-689
-508
-576
-361
-176
-79
129
250
365
604
962
1137
1143
1265
1185
1229
1240
1071
1136
928
1138
950
890
755
453
419
262
116
33
-165
-208
-176
-212
-347
-572
-419
-281
-186
-47
-191
-253
119
0
115
159
277
438
394
477
313
262
-295
-517
-759
-810
-602
-715
-499
-701
-873
-1203
-1178
-1205
-1282
-1238
-1271
-1134
-1326
-1263
-1165
-1098
-1001
-653
-423
-316
-245
70
239
519
708
858
1019
1117
936
913
881
660
702
390
447
-76
-78
-154
-308
-542
-706
-553
-749
-659
-504
-368
-183
-292
-195
-52
70
248
487
949
931
1115
980
984
730
587
564
718
610
297
322
-21
39
20
-29
-125
-288
-208
-385
-678
-861
-914
-1099
-1152
-1347
-1288
-1120
-1052
-863
-757
-380
-392
80
273
603
883
807
1161
1018
901
993
1033
1211
1092
1134
934
965
802
554
550
96
183
13
-129
-512
-361
-497
-538
-513
-664
-469
-514
-242
-283
-21
167
465
606
697
801
617
851
828
783
703
866
771
413
546
369
216
-141
-186
-188
-462
-661
-836
-908
-1049
-1183
-1442
-1569
-1606
-1553
-1716
-1745
-1540
-1256
-1007
-834
-718
-467
-171
95
277
408
388
404
300
227
524
355
405
420
281
222
273
-109
-124
-147
2
-127
-179
-139
-345
-167
-329
-111
-314
3
-103
-147
-128
-103
339
578
729
861
853
935
1101
1023
1201
1124
1256
1056
991
845
716
563
142
-287
-560
-887
-1226
-876
-1086
-1070
-1108
-1349
-1330
-1315
-1091
-1038
-823
-729
-772
-495
-279
-170
7
124
278
352
666
680
1094
1196
1003
1214
1054
1228
1022
1084
1012
1045
778
526
329
20
-66
-355
-164
-566
-403
-655
-592
-177
-338
3
56
334
499
617
652
872
696
742
1079
781
918
830
918
736
683
534
367
203
-237
-372
-718
-750
-928
-919
-1158
-1210
-1345
-1355
-1452
-1461
-1476
-1871
-1642
-1546
-1242
-1165
-1115
-1027
-746
-418
-183
100
467
574
560
966
865
865
964
856
899
707
485
538
270
25
-77
-342
-579
-811
-614
-821
-897
-603
-578
-492
-341
49
290
183
284
348
511
812
616
691
778
637
594
499
344
215
37
-145
-286
-380
-677
-676
-652
-799
-644
-621
-840
-830
-902
-1113
-987
-981
-832
-813
-740
-558
-421
-453
-273
-84
323
512
574
974
995
1334
1576
1602
1533
1366
1147
1169
1194
1113
1001
838
741
508
334
311
316
317
198
245
92
90
71
75
236
165
-35
-219
-71
-199
78
-83
-74
117
-16
197
54
107
172
-170
0
25
-36
-142
-365
-226
-429
-151
-441
-657
-641
-851
-724
-565
-535
-570
-463
-606
-238
-190
-173
-14
-47
50
108
75
177
180
268
311
206
274
212
139
-42
182
110
38
4
-54
67
159
77
110
-22
30
39
-48
0
-200
-172
-335
-334
-615
-583
-781
-438
-429
-410
-272
-263
90
-131
100
-181
-92
-87
-98
-305
-172
-135
-306
-276
-479
-273
-506
-450
-669
-812
-703
-849
-802
-682
-562
-501
-375
-104
36
74
229
403
552
530
713
822
914
1133
1164
1195
968
1080
981
771
772
528
524
625
407
487
422
47
-180
-377
-253
-332
-411
-517
-616
-515
-391
-268
-144
11
293
472
595
764
801
490
416
351
456
218
90
71
-64
-1
-440
-373
-383
-278
-399
-502
-630
-776
-960
-919
-1004
-1092
-850
-1045
-759
-691
-578
-419
-258
0
-3
-17
575
576
822
997
661
971
602
726
649
637
829
693
662
544
277
127
126
-95
-269
-355
-560
-950
-860
-1134
-908
-767
-1018
-519
-345
-34
255
210
469
809
726
741
717
583
634
458
365
200
-99
48
-45
25
38
-197
-193
-604
-409
-696
-846
-778
-845
-697
-848
-848
-948
-826
-826
-506
-406
-256
-129
-121
68
301
455
552
599
506
639
665
456
253
307
489
690
472
636
331
76
96
-307
-13
-64
-195
-142
-399
-305
-340
-257
-243
-242
172
286
516
353
496
513
602
799
663
827
597
523
467
569
358
238
182
102
102
26
15
-94
-11
-300
-296
-397
-458
-324
-258
-389
-370
-566
-918
-812
-897
-560
-499
-496
-484
-425
-349
-175
-139
-211
-71
-8
260
342
410
349
283
384
198
151
-40
-314
-162
-252
-277
-366
-331
-524
-397
-139
-282
-313
-445
-245
-270
-389
-159
30
433
424
329
436
310
418
406
309
449
356
184
246
-120
-137
-127
43
-97
-235
-403
-609
-723
-833
-751
-901
-549
-658
-706
-818
-672
-571
-473
-390
-568
-364
-292
-351
-104
183
222
197
409
498
500
591
495
439
357
296
73
467
557
651
368
319
516
241
518
222
163
410
146
235
315
299
455
368
620
601
736
647
658
706
467
490
480
601
517
584
308
182
359
180
191
110
-119
-254
-454
-488
-224
-338
-524
-272
-323
-325
-318
-84
87
-180
-286
-331
-216
-201
-148
-84
-130
63
-50
-143
-103
-47
172
202
171
67
150
-47
-71
-39
-84
-167
-201
-102
-378
-402
-624
-583
-531
-326
-289
-138
287
-18
-41
205
318
215
243
138
-45
40
-99
-138
-188
-299
-340
-601
-621
-730
-822
-960
-969
-923
-1184
-1217
-1001
-882
-779
-624
-600
-465
-415
-411
-110
-57
-55
160
157
301
337
419
486
524
664
443
286
140
72
140
39
181
61
121
139
18
-16
-164
-132
48
296
504
454
486
843
892
872
863
974
1092
996
923
1060
815
946
808
718
818
816
918
884
847
702
496
182
219
-75
-344
-700
-1061
-1196
-1263
-1337
-1286
-1630
-1508
-1356
-1127
-960
-888
-708
-847
-297
-279
144
288
252
639
597
706
691
486
417
440
483
436
328
218
236
387
310
187
223
155
65
-151
-175
-205
-245
-212
-233
-37
-12
135
261
343
304
215
138
103
230
307
271
306
260
281
216
16
13
-46
-260
-197
-424
-609
-929
-1109
-955
-1323
-1349
-1431
-1470
-1635
-1727
-1542
-1296
-1135
-1031
-1234
-985
-725
-468
-15
74
282
359
379
629
966
802
907
916
984
1045
1054
1158
1099
1060
984
969
750
438
355
258
283
256
11
44
17
-76
-86
-188
-146
72
170
371
279
294
526
813
1096
1056
1041
789
726
671
418
285
-84
-46
-189
-299
-262
-498
-589
-899
-813
-986
-1138
-1132
-1234
-1250
-1098
-1037
-1049
-756
-852
-563
-332
-143
115
78
343
419
695
887
863
789
761
752
750
833
539
422
395
412
374
362
265
262
210
248
-44
-221
-155
-437
-336
-390
-402
-495
-402
-280
98
124
152
263
189
461
357
384
212
91
-14
75
234
56
-356
-572
-616
-791
-826
-1104
-1335
-1250
-1235
-1313
-1461
-1126
-768
-889
-750
-708
-453
-401
-69
164
395
764
749
802
687
782
1009
1041
881
737
784
783
600
383
117
-156
-377
-342
-572
-447
-609
-565
-443
-393
-191
-259
-355
-463
-264
-108
-78
101
282
347
722
667
789
829
1025
992
1046
1095
697
707
638
815
704
203
-114
-329
-344
-436
-478
-657
-805
-1082
-1134
-720
-853
-719
-970
-807
-549
-457
-292
-595
-360
-15
117
395
409
454
584
655
982
665
517
417
489
734
558
224
57
23
46
5
-219
-248
-387
-534
-479
-238
-388
-586
-778
-635
-470
-565
-566
-506
-369
-162
152
64
401
312
421
780
563
811
762
899
960
635
521
455
138
3
-335
-416
-660
-931
-727
-1259
-1129
-1180
-1283
-1257
-1235
-1104
-854
-647
-460
-261
-291
88
154
412
480
630
838
920
997
798
925
764
794
666
386
482
386
56
65
-124
-404
-252
-681
-302
-573
-701
-628
-922
-646
-547
-396
-608
-496
-475
-293
-141
375
638
691
828
1025
1455
1480
1609
1522
1402
1253
1161
1079
706
393
96
-261
-469
-729
-607
-748
-885
-930
-1079
-935
-924
-911
-1046
-791
-419
-34
210
282
482
637
591
778
1078
1236
1126
1065
1003
843
752
331
210
126
20
-463
-502
-375
-265
-604
-1065
-945
-795
-486
-655
-648
-881
-797
-439
-263
-347
-515
-736
-769
-211
159
335
395
195
453
724
723
1008
449
269
479
503
322
148
-259
-362
-465
-777
-837
-1006
-871
-1211
-1302
-1446
-1264
-1186
-871
-672
-842
-744
-698
-479
-145
-14
-58
239
323
908
801
878
1084
1021
1001
700
664
228
109
-264
-315
-176
-431
-625
-915
-1105
-1156
-978
-958
-984
-846
-827
-688
-381
-59
192
135
464
495
689
1117
1211
1462
1566
1849
1783
1753
1881
1868
1583
980
656
667
548
397
-206
-677
-818
-931
-999
-1143
-1079
-1216
-1380
-1379
-1140
-897
-697
-922
-921
-799
-339
-55
-45
281
452
781
1257
1422
1630
1831
1731
1988
1749
1514
1283
1021
871
593
441
353
196
-28
-522
-1018
-1161
-1184
-844
-951
-1092
-1235
-1281
-738
-332
-211
-252
-235
214
659
878
965
766
1027
1071
1023
961
719
493
237
81
-126
-446
-729
-1064
-1250
-1183
-1357
-1407
-1727
-1748
-1642
-1692
-1456
-1476
-1462
-981
-851
-573
-550
-273
13
265
638
544
1023
869
884
915
1134
946
789
735
513
648
382
-84
-479
-484
-559
-483
-357
-472
-864
-778
-704
-395
-362
-365
-762
-854
-379
-161
54
-261
-22
196
696
1024
753
645
981
1009
1148
1145
901
786
600
513
221
3
-139
-332
-510
-354
-624
-984
-900
-581
-378
-557
-752
-984
-476
25
159
265
-43
323
719
1203
1368
1349
1136
1207
1415
1459
1152
797
916
895
849
20
48
-40
-316
-394
-558
-812
-480
-521
-796
-853
-1138
-832
-834
-493
-635
-715
-563
-356
127
272
505
531
721
1128
1161
1068
737
710
706
679
674
101
-65
-313
-305
-575
-836
-809
-1252
-912
-1508
-1645
-1514
-1482
-1190
-1204
-1180
-1261
-1018
-577
-128
90
-22
-400
375
835
1333
1274
984
803
1241
1564
1406
1401
679
885
754
519
194
-418
-747
-1087
-1259
-1291
-1338
-1247
-1338
-1660
-1963
-1842
-1628
-1198
-1089
-850
-928
-777
-203
-60
422
424
521
833
1306
1463
1495
1670
1722
1842
1887
1535
1469
1194
1031
577
337
225
45
53
-471
-544
-1095
-1118
-651
-509
-767
-1315
-1434
-1182
-684
-350
-489
-322
-188
381
792
843
1032
937
1026
1000
1151
869
735
720
815
811
562
384
18
-198
-432
-601
-748
-449
-498
-730
-1038
-1299
-1307
-1172
-564
-322
-262
-296
-88
284
596
701
690
811
1403
1609
1536
1450
1108
1070
1166
1097
703
527
286
82
-127
-183
-322
-215
-543
-861
-1017
-1533
-1496
-1272
-1070
-1084
-1162
-1424
-1098
-836
-632
-460
-544
-360
-150
-9
253
595
489
570
661
681
669
452
90
-27
21
-137
-245
-641
-892
-1018
-1155
-812
-682
-456
-336
-778
-928
-742
-557
-543
-201
-197
82
453
537
828
679
734
894
1120
1131
1198
1179
759
565
520
423
551
256
-161
-399
-871
-1111
-818
-675
-831
-1114
-1415
-1303
-832
-426
-654
-482
-462
-300
40
39
195
381
613
1067
1106
1238
971
982
1142
1052
1456
982
1138
913
546
162
-183
-49
-185
-261
-579
-929
-919
-811
-822
-953
-1290
-1398
-1201
-717
-449
-438
-250
62
274
907
981
964
1300
1343
1717
1859
1817
1573
1355
1351
1025
542
219
173
57
-310
-781
-1387
-1331
-1154
-1106
-1086
-1583
-1581
-1702
-1418
-1157
-1103
-903
-966
-530
-215
-126
-449
-647
-228
326
695
815
561
537
762
1066
969
1205
1457
1146
856
491
227
66
-177
-784
-1189
-1651
-1305
-1158
-1492
-1488
-1644
-1537
-1149
-1022
-648
-422
-137
104
256
664
652
684
715
822
1045
1466
1436
1331
1219
1221
765
338
345
494
673
276
44
-485
-519
-363
-612
-608
-967
-951
-734
-947
-931
-1084
-730
-336
108
274
-33
-148
-48
410
588
870
730
502
453
675
503
183
353
683
713
582
340
105
610
295
-110
-610
-678
-320
-257
-236
-367
-153
-329
-308
-128
-337
-232
45
149
473
596
600
736
551
503
535
766
941
602
892
807
659
322
-178
0
-110
-129
-597
-924
-879
-737
-907
-1271
-1229
-793
-503
-613
-744
-814
-470
-135
436
368
224
65
-60
72
22
451
515
487
251
289
-155
-267
-281
-320
-222
-410
-471
-1024
-794
-916
-851
-1037
-1099
-655
-585
-698
-968
-769
-279
-98
-210
-304
-135
207
380
395
181
576
782
780
896
763
1006
1030
966
1102
918
521
150
251
68
-29
-478
-763
-755
-667
-466
-577
-448
-669
-266
-247
-318
-251
-563
-287
36
419
752
835
1011
826
663
618
650
711
897
962
614
777
434
358
163
-34
88
-118
-158
-468
-491
-632
-536
-528
-567
-597
-848
-934
-963
-840
-555
-200
55
221
309
375
702
862
840
1107
927
985
1377
1593
1604
1440
899
625
165
98
484
216
-327
-471
-689
-852
-843
-1395
-1500
-1485
-917
-651
-483
-584
-745
-838
-1141
-937
-907
-614
-92
84
-14
16
107
366
707
598
563
718
587
837
375
-13
24
-267
-161
-353
-666
-793
-628
-425
-296
-237
-557
-649
-585
-743
-704
-843
-460
-394
-274
-31
-363
-115
-136
303
228
46
-89
183
761
948
1157
800
556
356
386
246
-135
-191
-248
-258
-79
-477
-502
-468
-261
-76
-39
-147
-33
211
206
106
-42
-180
-265
-58
-52
173
-108
70
301
755
643
526
381
517
788
497
468
246
353
169
43
-324
-367
-497
-344
-27
372
436
369
393
234
315
178
247
453
385
286
286
193
451
674
715
519
417
517
674
850
842
770
746
537
382
-238
-743
-1027
-935
-769
-993
-983
-1040
-816
-810
-798
-901
-874
-531
-213
-120
-349
-590
-169
-205
-590
-706
-1113
-734
-473
-235
-128
-118
266
147
254
228
32
-38
-195
-183
-297
-537
-697
-691
-838
-749
-553
-418
-205
-51
108
186
-1
-63
52
-73
3
-35
-368
-419
-314
33
78
24
251
366
472
594
673
808
1024
1070
1004
382
-26
-470
-810
-850
-819
-843
-611
-400
-367
-203
-212
36
152
437
468
511
683
822
749
556
-71
-407
-230
-186
-13
58
262
491
736
759
553
548
686
682
523
363
374
0
-272
-388
-465
-294
-117
-16
195
79
123
183
100
465
291
413
207
81
118
165
10
-315
-131
308
746
715
671
518
609
619
884
676
1003
778
173
-275
-806
-1003
-1210
-919
-1273
-1124
-853
-428
-263
-428
-619
-582
-701
-528
-247
-249
-69
-286
-626
-621
-648
-791
-633
-353
413
411
366
316
240
385
236
91
-93
-243
-75
-302
-757
-920
-935
-537
-264
-229
-505
-478
-256
198
278
10
147
-60
-96
36
-332
-609
-630
-728
-189
341
621
549
679
865
826
853
586
606
664
727
564
320
-280
-416
-743
-913
-506
-239
163
448
545
888
985
636
518
356
63
134
-18
-417
-185
-624
-639
-733
-443
74
467
686
899
1187
1011
891
457
419
612
385
-132
-165
-465
-232
-286
-483
-536
-349
72
156
387
169
276
374
326
340
82
-156
-136
-460
-548
-576
-594
-390
-208
-1
136
259
243
289
369
220
-201
-414
-364
-287
-483
-781
-1020
-863
-575
-201
-119
-38
135
448
760
460
21
-283
-153
-280
-450
-705
-645
-567
-716
-648
-654
-234
241
465
820
636
615
488
397
270
-253
-753
-1244
-1160
-942
-841
-1182
-1178
-1020
-442
-261
-102
-112
-6
371
280
173
-105
-279
-103
-218
-282
-347
-485
111
-12
475
352
696
1037
1356
1621
1200
1235
813
734
393
34
-438
-721
-555
-278
-636
-648
-628
-517
-5
381
546
518
576
513
681
271
-162
-158
-168
-191
-20
153
28
209
654
796
950
857
869
1092
834
560
455
313
20
-54
-379
-776
-741
-706
-283
-282
-172
-201
-164
269
144
103
-133
-15
-84
-65
-78
-200
-53
4
155
65
239
405
585
901
1074
709
512
572
680
685
9
-639
-842
-907
-962
-1244
-1519
-1372
-1314
-932
-914
-858
-736
-602
-226
100
48
-564
-509
-590
-743
-837
-1001
-791
-502
16
412
569
733
733
971
840
657
482
207
149
57
-64
-806
-996
-909
-941
-688
-565
-245
-67
-4
12
-263
-328
-237
-147
-72
233
475
287
491
469
385
272
133
203
314
619
596
687
639
702
719
595
442
233
191
-167
-335
-779
-702
-243
-345
-153
-224
-70
-20
246
338
341
582
578
505
-31
-483
-782
-797
-916
-332
-103
379
853
1004
1178
1045
754
525
468
138
122
-215
-155
-362
-435
-661
-704
-559
-402
14
212
517
851
904
656
507
80
-49
129
81
109
156
61
67
-236
-187
-150
134
356
391
319
305
318
332
631
381
1
-240
-686
-1002
-931
-1150
-1127
-1206
-921
-601
-555
-794
-804
-464
-164
-53
-83
4
11
25
-603
-981
-1023
-1072
-569
-195
58
565
840
1286
911
802
395
185
254
-153
33
-155
-30
-502
-611
-424
-579
-296
-348
134
664
516
665
359
54
108
-214
-196
-174
-181
192
24
268
417
415
630
447
650
417
372
280
324
640
207
83
-133
-519
-524
-915
-1194
-1196
-961
-658
-556
-412
-370
-90
34
-164
-94
-79
353
608
525
292
52
-263
-386
-70
-205
392
855
1333
1621
1674
1660
1045
740
554
243
-137
-252
-275
-471
-519
-854
-798
-414
-133
201
535
570
460
937
466
102
-236
-567
-663
-814
-627
-494
-240
38
-3
80
97
170
356
-53
-21
-308
-15
-90
-215
-31
-392
-652
-901
-1077
-1194
-965
-805
-262
-31
303
529
585
584
509
499
558
431
584
259
-236
-469
-903
-992
-1137
-1040
-634
-34
239
524
659
922
264
252
-217
-537
-629
-591
-384
-859
-539
-428
-128
-147
98
-118
319
496
535
600
87
-164
-130
-421
-719
-809
-579
-367
-216
216
183
335
279
420
333
130
-123
143
287
635
750
433
358
454
380
281
223
-35
195
490
647
682
836
611
423
421
652
376
321
599
429
466
-44
-528
-745
-880
-834
-485
-31
299
729
509
611
246
-287
-434
-1076
-904
-1017
-972
-712
-443
111
42
407
457
728
988
934
1044
724
221
22
89
-148
-317
-627
-392
-372
-147
98
-1
315
122
119
-189
-806
-554
-851
-510
-407
-870
-396
-661
-228
-232
-844
-964
-923
-474
-324
24
383
574
915
399
213
191
147
383
552
568
-33
1
-629
-649
-913
-979
-703
-764
-233
-173
497
137
25
-87
-683
-996
-1266
-1202
-1112
-821
-352
-218
-55
517
953
1093
1296
1202
1369
1345
980
1037
481
559
339
-108
-66
-176
-278
494
316
792
823
543
521
-52
-130
-521
-608
-812
-533
-721
-287
-674
-664
-695
-927
-860
-1048
-507
197
293
778
875
812
814
671
944
639
907
465
458
60
103
-221
-725
-574
-481
-235
379
402
669
1091
789
750
175
146
-291
-422
-510
-848
-1065
-268
-541
-177
107
-24
824
467
659
546
597
508
503
472
265
-119
-521
-405
-425
-300
99
-339
228
109
132
121
-550
-49
-499
-392
-636
-393
-563
-389
-223
-514
-512
-690
-707
-576
-790
-419
-307
-254
60
-212
223
-48
132
-22
8
-149
-206
-306
-280
-417
-293
-189
-536
11
-84
104
253
36
223
297
22
-157
-270
-254
-475
-499
-511
-478
-126
175
476
347
148
113
-21
-20
-300
-128
-148
-179
-27
-204
-93
-392
-257
-412
76
183
11
717
406
451
343
539
396
364
461
438
199
436
620
361
460
90
271
98
270
344
484
434
642
388
455
163
131
123
-344
-274
-372
-147
-155
-10
141
240
186
488
607
989
803
927
432
360
376
292
-37
-549
-762
-411
-26
-247
411
400
686
213
351
-15
-236
-121
-274
-270
-443
-657
-621
-670
-1075
-350
-739
-527
-488
-358
37
28
144
30
80
77
-113
17
-36
-481
60
-471
-362
-204
-714
-538
-661
-346
44
-142
632
599
768
649
288
-74
-599
-545
-1025
-865
-873
-664
-434
-90
-507
11
-121
278
203
390
485
240
400
-95
65
-351
-336
-644
-552
-587
171
62
530
524
367
622
186
-214
-225
-129
25
48
-194
295
69
346
-94
-144
-114
-241
108
249
390
349
270
365
66
-114
-89
-245
142
456
556
740
418
336
484
-4
-97
167
344
1008
1211
1018
1083
348
133
-183
-412
-679
-844
-641
-561
126
-217
93
72
-87
278
-103
289
227
430
355
275
34
-544
-737
-782
-831
-542
-391
-261
383
257
516
325
345
424
92
-34
195
-205
-123
-123
-513
-293
-528
-581
-758
-619
-236
-130
157
423
642
682
360
341
-127
16
-149
3
-50
-20
-282
-401
-279
-1047
-895
-921
-551
-423
-159
246
488
457
265
-421
-255
-377
-546
-529
-712
-404
-379
-238
-459
-285
-3
92
402
804
854
807
419
309
-223
-247
-849
-937
-623
-496
106
231
340
555
933
886
1089
415
345
-113
-15
-394
-728
-386
-577
-394
-588
-717
-770
-355
-388
252
619
958
1016
1064
1225
890
376
47
-16
-93
310
0
50
-30
-352
-128
-351
-80
473
552
1070
1059
1111
959
513
339
237
-16
-247
-221
-578
-435
-599
-591
-494
-458
-3
442
567
721
599
566
713
82
-122
-683
-441
-540
-854
-523
-623
-200
-275
-78
51
11
37
19
-235
-534
-515
-839
-721
-556
-640
-516
-665
-497
-530
-386
-127
273
422
676
770
269
368
-26
92
-304
176
-123
43
256
-117
-55
-428
-276
-84
186
300
659
453
847
102
51
-470
-808
-663
-948
-477
-679
-530
-272
-512
-305
-335
18
226
265
762
497
756
449
165
-4
16
-410
-290
-338
-209
-131
-179
250
72
321
224
197
557
230
63
81
-82
386
81
245
156
34
83
-106
125
-15
251
579
736
929
734
550
531
366
392
407
582
567
605
58
-247
-415
-891
-754
-976
-358
-8
295
335
491
295
-350
-411
-471
-269
13
-38
-92
43
-363
-311
-282
7
155
369
240
371
420
245
41
94
-153
-281
-309
-512
36
-301
-47
0
-67
29
-28
141
291
-129
-124
-240
68
-39
-423
-118
-434
-278
-488
-808
-595
-535
-462
-29
-103
23
114
194
201
100
-60
-126
-102
222
296
-56
-68
-532
-591
-544
-668
-538
68
108
407
537
243
296
160
-49
-99
-184
-318
-63
-77
-131
-375
-160
-287
-17
84
108
379
369
159
69
110
-8
121
-258
96
0
-224
-141
63
91
406
158
218
472
301
546
135
264
305
315
352
203
209
260
226
126
-195
43
296
325
450
665
449
300
322
