-3851
-3185
-2417
-3814
-3513
-2881
-2529
-2659
-3197
-2540
-2233
-1206
-1722
-982
-806
-962
-1041
-342
44
-72
13
454
1939
1864
3219
3841
4371
4733
4448
4559
4878
6617
6568
4199
3130
4816
3350
-549
1917
3916
3334
4604
4624
3098
3396
3713
3910
4586
4492
2838
2861
2105
1883
1970
-1258
1268
1882
677
573
1600
921
-1198
-1435
-1147
-15
-2065
-4033
-3302
-798
-1914
-2909
-2785
-2399
-2943
-4302
-3955
-3509
-4089
-4916
-4305
-3848
-4245
-4879
-5389
-5399
-2704
-3700
-3448
-2623
-2313
-4023
-3352
-2423
-3234
-2553
-4112
-3155
-3387
-2155
-3495
-2662
-2110
-1991
-2038
-621
-549
-1227
-452
-2184
1061
54
-253
851
2348
2784
2458
3846
3829
4146
4203
5209
3324
2381
366
-1455
2468
3072
2188
4272
4082
3651
5400
3053
2734
4142
3559
4045
2584
3365
3833
4475
4975
4550
4469
2137
1336
1744
1861
849
1381
1209
1374
764
827
367
-1798
-617
-942
-1152
-2311
-1819
-2511
-2828
-3366
-3386
-2326
-4052
-4900
-4977
-4449
-3847
-3713
-5958
-4461
-5634
-5040
-5157
-6163
-4423
-5533
-4486
-5449
-4659
-4159
-4926
-4869
-4701
-4189
-4518
-3882
-3342
-3170
-3048
-1150
-1857
-1413
-56
-238
1344
1974
2917
1832
3591
4145
2618
3524
4052
1999
1994
579
-683
1172
485
665
1974
4578
4455
2935
2617
3065
3510
2981
2904
3833
4449
4542
3353
4541
5841
4408
2825
4271
4614
3892
3870
4126
4988
2571
1966
2748
2715
1163
1215
553
904
1940
-1398
-1516
442
-903
-1782
-1913
-2354
-2672
-2710
-3167
-3173
-2909
-4142
-4504
-3329
-3083
-3349
-2162
-2375
-1968
-2521
-2786
-3243
-3104
-2785
-4290
-3320
-2161
-2544
-2094
-1883
-1823
-2433
-1488
-1353
-2223
41
-1173
-2289
-2012
448
-75
10
1755
2977
3487
2824
3054
-626
172
1887
-634
-452
775
-321
1615
1773
1395
4320
3156
2109
2984
2799
2749
3309
3969
4476
4836
3523
3310
3834
4444
3475
3333
5008
3907
4010
3685
3051
2481
3949
3207
1987
2356
1810
801
646
2421
1396
-271
137
1149
-1249
-498
-518
-552
235
-1337
-2112
-2838
-2347
-2896
-2657
-3406
-4851
-4858
-5857
-5443
-5248
-5954
-6367
-6623
-5539
-4703
-4998
-4645
-3834
-4247
-4229
-4392
-3232
-1896
-1170
-2018
-16
1327
210
-539
479
1745
673
233
629
2160
92
477
1344
1137
979
764
-68
1290
652
-1908
598
1198
1673
3261
2002
1874
3289
1849
2156
3358
4064
3349
3670
2844
4280
4296
3163
4739
4586
4391
3232
3979
4200
4500
3830
3191
3680
3326
3377
3859
3299
3297
2035
1113
1364
838
-1075
-852
1067
-43
-155
-109
-475
-401
-1448
-2580
-1898
-387
-1583
-3611
-3580
-3164
-3250
-3846
-3212
-2204
-3184
-3145
-3362
-3129
-3030
-3144
-2523
-3471
-1632
-1028
-845
-1511
-157
-1489
-965
-350
-157
822
-757
654
-1143
-1021
-2877
-995
2376
1099
334
1106
-172
-459
123
-434
828
1397
1491
1751
2792
2846
2203
3294
3566
2343
2878
3634
3949
3502
4386
4195
4582
3320
3032
2971
2215
3758
3325
2728
1569
1956
2454
3259
2595
2432
3316
3646
2360
2311
2379
2769
3568
1935
1280
1223
1349
1470
1428
230
757
-765
-1729
-1852
-670
-1582
-3385
-4240
-4172
-3641
-5167
-4460
-4482
-4275
-4829
-4479
-4372
-3632
-3670
-3747
-3283
-1892
-1274
-2140
-3294
-872
207
-1793
658
838
-186
-3199
-2221
-1030
-1104
-1135
727
2396
763
-306
-1098
-951
-2258
-400
118
-1031
653
314
1337
3409
2437
2726
889
1495
2435
2227
1223
1755
4264
3089
3400
3180
4546
4151
3134
2358
2914
3413
1192
2255
3470
3610
2857
3020
2957
3471
2633
1923
2197
3197
2449
778
1870
3124
3756
2013
2008
2094
1284
229
-226
-116
27
60
-682
-1983
-1299
-1711
-1581
-1620
-1893
-1418
-2450
-2793
-2944
-2142
-2711
-2385
-2747
-3421
-2582
-1444
-1143
-2477
-2828
-2214
-2064
-2563
-3082
-3746
-2908
-1526
-1260
-569
63
1195
417
-574
-901
-869
-2357
-1749
-532
-729
802
-815
-533
1206
2105
1246
361
686
1823
927
843
1756
1805
1696
555
-196
82
1787
1598
1204
352
1664
642
670
934
493
1363
626
1749
2369
1696
2271
1509
624
2249
2033
1097
1290
2426
2433
2304
1117
1734
1284
985
206
730
809
-1481
-1239
-1790
-997
-1159
-1397
-2336
-1581
-1022
-2812
-2291
-720
-901
-1393
-1419
-1463
-1050
-2004
-556
-525
-2842
-3083
-3714
-3097
-2406
-2040
-2000
-817
-562
123
-463
-1274
125
203
-539
-2871
-1243
-711
-2578
-2562
-32
-485
-966
-866
-1028
913
-1508
-1524
1360
1288
559
-11
713
3275
2831
1940
1656
2885
2603
776
1499
2353
2193
2145
2034
1914
1853
1624
1048
1280
2397
1411
1126
1820
1413
936
844
1284
2305
2438
2003
1740
1915
1110
1103
1365
1737
1715
2618
2818
3182
2050
1063
1192
326
929
695
984
712
1564
1518
712
316
1025
377
-490
-895
-2146
-4115
-3557
-2498
-2762
-132
97
-1150
651
404
-1331
-539
-119
771
-244
-1956
-1615
-48
-332
-1462
-1121
1230
1183
1430
1666
-400
346
-534
77
359
506
831
290
232
-280
990
788
-698
148
537
565
691
538
1079
146
562
188
446
615
1669
2042
1353
2927
2384
1183
1121
2591
1637
1973
1211
216
441
119
694
1248
723
-303
1264
1232
894
643
1872
1434
1515
1870
1462
3205
3030
1245
169
1704
1583
1127
497
13
-193
-184
-1764
-2502
-621
-709
-997
-544
359
-540
-1127
-2844
-2116
-749
-2959
-1681
874
1004
-2167
-2845
-2572
-1174
-1424
-2914
-215
302
468
-962
-190
-645
-845
-865
-856
1270
219
-460
-990
-172
384
623
623
611
475
345
202
1035
265
110
1113
790
566
2100
1043
591
2950
568
479
-139
627
826
-1110
28
818
67
-627
-296
605
354
-272
-70
953
928
944
1362
1509
1988
2193
2513
1950
3028
2195
1948
1673
3020
3334
2992
1595
400
1297
-568
-451
-738
355
316
-1391
414
2056
1519
183
154
794
-403
-651
-2129
381
2327
1027
-1300
-1169
-916
-1912
-561
-1243
-561
-1409
-564
-1545
-1875
-1980
-2559
-2786
-1301
-1978
-2111
-547
-2393
-1013
-2220
-2542
-2435
-1759
-1967
-2415
-2356
-2248
-1530
-1285
-1340
-1132
54
610
872
614
-9
-299
-557
-1168
-1239
-1423
-939
-758
-472
-1060
-2236
-1506
-676
-1253
-1189
-792
-581
-951
-1047
-691
1101
1480
654
-589
315
1645
1864
1728
1481
3886
1232
-430
481
1424
437
640
1625
1473
1489
279
476
945
1853
1585
374
1274
1347
1397
1131
62
1575
-792
-1521
-1799
-679
-2179
-2308
-2301
-2810
-237
-1819
-1385
-1912
-552
-1071
-1615
-1527
-1353
-1936
-2234
-1
-554
-970
-1128
-1462
-831
-2257
-1924
-1547
-991
-1531
-1843
-743
-1180
-647
-2323
-471
1262
-46
-1645
-1480
39
-8
-2006
-2032
-867
-1146
-1113
-2056
-1331
-768
-1166
-358
-411
224
1107
317
-600
1000
851
767
792
2248
3302
1710
1441
805
1280
522
34
-98
1047
1535
2149
2319
2951
3954
3072
2334
2795
3059
3028
2311
1403
2350
2333
3785
3741
2546
2485
1318
2572
2430
909
1650
1829
560
-557
-722
-1723
-641
-586
-1259
-1357
-317
-1033
-3124
-2143
-1544
-2043
-3159
-3460
-3522
-2252
-1730
-2537
-2489
-3161
-2476
-2485
-3030
-2523
-2557
-2903
-2513
-1938
-3189
-2492
-2932
-3201
-2568
-2314
-2407
-2072
-1584
-1038
-1540
-2571
-1291
-1452
-578
-1004
-786
284
285
-1177
-1567
316
869
213
-651
688
418
-2194
-3127
-2256
-949
40
-18
-394
1315
1764
-376
-644
1318
2605
1418
2235
2786
2867
3118
1071
4214
4793
3987
4237
1305
1597
1016
1126
976
1947
1225
492
2234
2141
2039
-44
-713
1033
-338
-1365
-37
-709
-125
-1179
-811
-740
-1742
-2141
-3095
-1080
-1530
-3153
-2022
-1628
-1901
-2408
-994
-477
-1003
-1041
-2358
-2064
-1584
-1723
-3690
-3628
-2565
-2751
-3265
-3142
-2562
-1940
-1899
-2353
-1591
-1012
-921
-838
-1138
-874
-660
-1367
-956
-158
-110
-1307
20
317
-1568
-1846
-845
-1413
-1019
128
-77
392
586
1968
1708
1715
2013
2223
2419
1960
3770
3774
3769
3690
2706
4839
5806
6530
6443
5935
4866
3708
2700
2450
2130
2140
2037
-471
1107
531
439
1579
615
40
67
2023
760
-689
-994
-381
-117
-2098
-1958
-3407
-1647
-2047
-3864
-3646
-2808
-2297
-4611
-4529
-5431
-2856
-3359
-3838
-1939
-1729
-2707
-3537
-2898
-3626
-4310
-3655
-2770
-4624
-2753
-2702
-2883
-1615
-1061
-1027
-1979
-856
-461
-156
-1682
-739
437
-2520
-3168
-1998
-4005
-4171
-2909
-1965
-526
-889
-811
-733
-1402
-543
527
-121
1727
2200
934
949
3594
4042
2355
3448
3535
5087
4755
3248
4756
5848
5600
3833
2736
5625
4152
2647
3854
4242
4042
1486
936
291
1626
331
121
1495
1441
2176
1334
1857
1160
-7
-970
-895
-203
-747
-1648
-1581
758
-28
-1329
-1346
-3011
-3000
-2255
-1740
-1092
-2517
-3323
-2909
-3034
-1406
-3083
-2629
-1746
-2098
-1944
-2516
-2053
-2571
-2847
-2780
-2531
-2510
-2706
-2813
-1250
-1609
-1743
-3821
-3564
-2294
-2090
-1035
-1828
-984
111
-128
-890
320
499
1741
1323
275
2933
2076
613
2399
2817
3301
3757
3191
4027
4741
4415
5297
4938
4145
4451
3960
4796
5352
5292
5209
3414
2710
4311
5089
3313
5837
5691
2989
3939
2604
3050
2724
3348
1735
1533
2705
787
-406
-982
148
-1011
-412
-967
-2858
-2808
-3618
-2458
-2595
-2824
-2994
-2211
-3335
-4171
-3338
-3971
-3275
-3556
-1658
-3035
-2236
-2092
-1580
-1226
-1198
-55
-2662
-1533
-1635
-1863
-3230
-4220
-4132
-4110
-5183
-5386
-3197
-2618
-2201
-3351
-3747
-3112
-2240
-2429
-2827
-1875
-814
-513
-1713
-613
1566
1540
-148
1441
3370
3993
2263
1282
4471
4487
3713
4048
4317
4953
4285
3810
4721
4581
4536
3037
2868
4161
4184
3946
4742
5450
4861
4202
4785
4381
3050
3107
3236
3114
3518
3092
1337
2499
1827
747
968
551
-632
-934
-981
-280
-465
-1323
-444
-677
-1265
-1918
-1875
-2268
-1573
-1768
-2137
-1587
-1457
-2393
-2725
-3148
-1831
-1830
-2681
-2842
-2467
-1724
-5346
-6325
-5683
-4154
-3816
-3206
-2719
-3518
-2195
-2881
-4186
-2469
-2518
-2617
-1279
-1131
-567
-422
751
581
422
1157
1507
887
952
1581
2328
2308
1390
2125
2899
2887
2699
4195
2446
2648
4139
3327
2324
3215
4505
3058
3801
2839
4379
4243
3258
4444
4258
5330
5398
4751
4467
4132
3321
2672
1987
2170
877
1159
502
-150
9
-491
-142
-155
-76
-179
-48
-641
-405
-2369
-3680
-3147
-2363
-1716
-2096
-3440
-3169
-2864
-2849
-4631
-3806
-862
-3499
-5912
-6018
-6582
-6332
-5288
-6126
-4043
-3636
-4416
-5081
-4022
-4493
-4176
-4980
-5883
-3504
-4705
-4222
-4044
-2857
-2869
-3262
-2345
-1682
-121
-1622
-759
316
627
1393
363
1694
2400
2646
521
1643
2859
3036
586
-188
2619
447
419
2456
2451
1837
1436
1435
3975
3451
2691
2183
3731
4716
3179
4814
5753
4813
4377
3153
1941
4118
3598
1669
2081
1824
558
-502
866
1912
1215
0
423
1085
-240
-561
-1507
-987
-998
-2597
-2762
-2058
-2250
-3500
-2616
-2804
-3020
-3433
-6536
-6815
-6216
-5885
-5761
-4738
-4980
-4420
-3139
-5433
-3764
-3517
-3384
-3322
-3021
-3729
-3989
-2709
-2952
-3049
-3040
-3535
-3355
-1751
-2475
-1337
-276
-462
-2165
-2301
-621
860
1015
1585
1672
1993
2705
1212
927
637
704
1026
1221
1512
2267
3069
1844
2275
3350
2900
2898
2740
3182
3509
3657
2520
1985
3341
3429
1865
1631
3637
3583
1350
1841
3372
3267
2928
3374
2998
2996
2984
1962
1445
341
761
792
-232
-169
1642
1295
-360
-4
-914
-1523
-5042
-6167
-5683
-6816
-6077
-6101
-6125
-4238
-4548
-6155
-5714
-6352
-6010
-6854
-5725
-4838
-6271
-5534
-4652
-4005
-3912
-3825
-3403
-2884
-3185
-3720
-2987
-2420
-2294
-3479
-1576
-803
-1719
-1151
-1902
749
897
451
1269
2013
2839
1421
-266
386
2912
768
548
1600
594
1564
533
1641
2821
2012
1479
2028
3382
3193
2561
870
2439
3426
2577
1951
3018
3100
1854
1368
2172
3811
3164
3979
3559
4068
3420
4366
4025
3216
3523
1014
1566
947
2064
1331
1030
1756
-2536
-3205
-2082
-1965
-2591
-2585
-2786
-2645
-2891
-3286
-5336
-3791
-3158
-4872
-4007
-6140
-3202
-3181
-3741
-4245
-4036
-4584
-5706
-3573
-2554
-2030
-3202
-3552
-1813
-2688
-2947
-3142
-2931
-1602
-3163
-1882
-2475
-1710
-1884
-1483
-271
630
853
517
1188
604
-132
408
1514
1247
2179
1215
2474
2379
992
2343
2322
1754
1004
705
1040
1053
931
1215
2284
2290
1449
1737
1220
2528
3539
2763
2842
2612
3845
4413
5327
5826
4187
3447
3601
3438
3700
4334
3948
3502
745
-1789
-2773
-1467
-1792
-1930
867
238
-1783
-264
-879
-3364
-2081
-2909
-2236
-3404
-4086
-4614
-4161
-3599
-4918
-5210
-4551
-3407
-4829
-5303
-4966
-3043
-3596
-4047
-3522
-1728
-905
-1879
-2003
-129
672
-441
346
-209
1023
1604
82
-257
752
1768
-258
-748
-79
-2
-1105
-694
1209
1437
1608
1424
3168
3368
2365
2332
2516
2280
2288
1272
2227
2362
2817
2034
1627
3482
1971
3096
2928
3793
2240
2377
4368
4767
5454
4783
4187
4920
4531
2146
3236
5025
4049
806
1320
1594
2080
1153
681
234
-121
888
-412
-817
900
709
-1420
-1416
230
1455
-679
-2011
-738
260
-1963
-1121
-1151
-1565
-1215
-2232
-2953
-3053
-2789
-3846
-4326
-4722
-3849
-2748
-3165
-3358
-2974
-3449
-2194
-83
-112
94
537
325
1214
-387
-242
-594
-2068
-1509
-284
-170
296
93
-1082
306
253
945
771
1047
1612
1185
1260
1746
1820
1494
1110
854
1840
2340
1970
2635
2772
3577
3025
2108
3992
3943
5064
4421
4089
3629
3671
3206
1528
2468
909
10
205
1266
2358
2971
2514
831
1009
1389
1724
1965
2276
2051
753
-605
-1529
-633
-136
-569
-388
-631
-1359
-985
-1361
-2424
-1789
-1967
-5077
-3776
-1999
-2832
-3562
-4452
-3297
-2535
-3962
-4009
-2402
-2738
-2782
-2288
-574
-146
649
21
63
704
1103
858
408
1189
-494
-479
-923
-472
389
-1272
-837
391
-60
-404
-870
969
859
874
1457
1685
2603
1307
1306
2198
2268
1734
2317
2939
3645
2892
2221
3207
4935
4165
3720
4007
3428
2967
1086
413
1664
1843
544
771
2432
3466
2162
1404
1115
2808
3491
2576
1959
2238
2177
701
1003
2201
1910
1589
-173
490
731
-1589
-779
-10
-762
-1291
-199
-276
-689
-1366
-951
-1471
-1139
-1433
-832
-831
-2718
-1676
-1140
-1305
-439
-2030
-1588
-1336
-2467
-2036
-1719
-454
-1772
-1915
-3673
-1946
-617
-1617
-899
-2279
-927
-421
-1073
-441
-966
-537
-1047
-1054
-1692
125
916
-21
742
1129
2796
1514
3274
2081
2266
3546
3587
4257
2777
4788
4677
1636
1192
205
-1331
-142
198
2024
1517
-1358
-1326
384
887
891
197
550
1445
1493
80
783
3056
1248
299
1474
2145
1761
1440
1178
1868
1638
853
-10
172
1008
705
-312
-467
-1894
-1354
-1870
-2582
-2541
-2335
-1622
-1955
-972
-2721
-2062
-1955
-383
-483
-932
-416
-511
-890
-421
-463
-1600
-238
-2932
-2321
-1302
-872
-604
-1108
-144
336
-393
-174
-72
577
-348
-1382
-374
210
439
-968
-1014
-812
1902
316
209
1748
1768
1397
156
1881
2921
2848
375
-240
714
-740
-573
-637
-553
237
194
226
154
407
367
-130
842
1232
879
1705
1368
2221
1312
1057
1531
2210
2177
2324
2365
1905
1358
598
390
269
426
119
356
934
-935
-3100
-1453
-594
-292
-212
-703
-437
918
-22
-621
-345
-513
-979
100
124
-299
-224
-2865
-2921
-2122
-2961
-3289
-3394
-2975
-3079
-3596
-3623
-2731
-2875
-3357
-2232
-1984
-641
-973
-780
-1322
-537
351
-66
-697
-677
775
592
1132
-204
-213
944
1378
-947
-1176
-685
-1393
-2137
-878
701
-130
-793
-1618
-782
-482
-437
-934
-109
-178
-46
-261
-392
-342
-13
-415
-168
335
183
638
-321
1172
829
544
1296
1694
1429
627
1367
1171
1259
1407
1210
1495
1539
-420
-365
674
-383
-1451
-1851
448
1004
492
-269
108
1102
1167
543
-261
-373
745
-20
-1270
-1153
-1690
-1810
-2488
-2183
-1610
-1784
-3879
-2103
-1661
-1962
-1438
-1262
64
-518
-678
-1635
1020
-113
-968
-356
-1092
-261
-1572
-1094
-618
234
-1744
-3546
-3425
-3591
-3983
-2009
-1898
-1397
-916
-2066
-1007
-516
-1122
-1227
62
-1260
-415
-631
-93
637
408
-227
-1272
724
867
-383
-168
587
-1
-1057
-775
-432
499
-549
-935
-394
341
285
-456
24
406
2131
1403
1380
1518
1860
1786
1892
2453
2654
1452
352
1597
942
1261
1052
740
367
665
-349
-1826
-116
21
-1025
-3149
-3301
-2694
-2819
-2982
-1970
-809
-2569
-1879
-353
-899
-1239
-969
-1175
-740
-154
-143
-952
-1579
-162
-996
-1576
-1563
-3515
-3250
-3407
-3847
-2262
-1954
-1881
-3017
-3152
-2822
-3833
-2656
-1674
-2459
-1845
-854
-1084
-1816
-1074
-873
-571
428
-273
-29
-224
311
373
-155
-205
374
437
153
-1009
325
889
-441
-263
949
745
278
872
672
2305
2442
1042
552
2297
2774
1615
1106
3665
5072
4519
3697
3781
4599
3597
2608
1934
1704
1960
692
848
1528
1243
-474
-1133
1899
-255
-242
1687
-110
169
-8
406
925
223
-30
-49
665
61
0
-611
55
201
-1921
-3358
-4555
-2708
-3159
-3405
-2385
-2102
-1541
-2665
-2913
-2500
-1780
-4184
-4064
-2543
-3729
-3871
-3480
-2748
-2487
-1974
-2126
-965
372
264
-743
-1241
-33
-222
-1180
-1450
-971
-675
-633
-897
-69
-142
-946
-1003
-1572
-480
462
120
-1007
-778
630
1027
616
1665
1608
2428
1899
1894
2278
2754
3584
3740
4447
3921
4487
3424
3969
3818
2342
1969
2368
517
-492
-227
41
156
565
893
1539
1190
1717
2188
2242
1696
781
1894
679
1084
-870
-899
-1465
-1187
-2582
-3580
-4803
-5170
-2857
-3583
-3440
-3622
-3083
-3975
-1802
-2788
-2808
-2176
-3365
-3472
-3009
-2512
-2299
-2318
-3291
-1995
-1828
-3175
-2616
-846
-1171
-1237
-1110
-1013
-724
-1129
-1747
-729
-1133
-1720
-966
-1402
-1526
-94
-806
-1331
-844
-1265
-481
-1090
-271
445
298
16
866
2293
1390
3211
3503
3497
3935
3211
4301
4953
4363
4045
4132
4298
4425
3556
4498
4141
3886
2468
1401
2338
2652
1631
1265
3076
3045
2552
2388
3180
2009
1166
1631
1038
1876
784
-1333
-472
-441
-2115
-3336
-2299
-561
-1539
-1878
-2088
-1639
-1329
-2758
-2831
-1250
-1752
-3302
-2563
-1622
-2268
-2869
-2352
-2927
-2116
-2946
-3436
-2872
-2589
-2941
-3894
-3630
-2956
-2766
-3951
-2378
-1863
-2513
-2265
-1486
-1234
-1228
-1287
-1516
-323
-199
-527
-1569
-116
272
-14
-737
-32
1768
297
494
-305
236
1205
847
1775
3267
2197
2009
2814
3326
3035
2113
2845
3490
3524
3569
2465
3742
5771
4328
2058
5094
6531
2797
3761
2954
3205
2992
1879
2092
1623
651
51
-1710
-2020
-1646
-536
642
-2522
-1557
-2052
-1542
-2428
-3229
-2297
-3623
-2126
-3636
-3148
-3354
-4263
-3522
-4245
-3616
-2646
-2601
-2972
-2456
-3081
-1850
-2622
-2468
-2404
-3283
-2146
-3322
-2705
-3534
-2966
-2380
-4037
-3513
-2508
-2955
-2049
-2970
-2880
-1162
-1498
-1117
-1797
-950
-3
-398
-1015
652
826
1844
505
1283
2184
1731
3064
2452
3012
2314
3228
2650
3442
2732
2765
2187
1728
4017
4252
3381
3665
5322
4160
4120
5531
6123
6047
6053
6099
6955
6589
4807
2202
104
1419
1113
210
693
1936
943
519
1036
337
-249
-349
-878
-1678
-1412
-2384
-671
-1206
-1552
-1854
-1413
-1410
-2783
-3075
-2848
-2327
-3606
-4167
-4225
-3358
-3579
-4366
-4238
-3993
-2697
-3054
-4528
-3020
-2943
-2878
-3627
-4248
-3056
-3079
-4016
-3607
-2425
-2110
-2476
-1661
-1041
94
1
-702
-185
-615
-820
-703
-680
79
171
-597
1404
1330
1352
1411
2517
2410
3100
2999
2224
2830
3485
4363
4252
6247
4413
3902
5035
5565
5786
5850
6708
6097
4956
3888
2251
1788
1925
1846
2896
4404
3910
2169
919
1349
-480
247
1542
-912
656
63
-967
110
585
-548
-541
-740
-1210
-2130
-2905
-2195
-1604
-1238
-2778
-3106
-2843
-3076
-2640
-3733
-4197
-4019
-4362
-3809
-4371
-4064
-3494
-2951
-3106
-3595
-3113
-3440
-3758
-4409
-3635
-3175
-3001
-2427
-3265
-2011
-984
-1269
-1081
276
-453
-569
236
299
1526
979
384
1524
3131
2714
1884
2038
2522
2619
1948
1269
1592
2095
3029
3296
2723
3983
3198
3734
5017
4965
5412
5085
4025
3060
4181
3531
4380
4751
2864
2538
4704
6429
5463
3364
3821
4328
2068
1636
2037
1343
1058
507
555
2041
583
-574
-1061
-945
-1281
-2056
-3016
-2343
-1812
-3014
-3126
-3962
-3689
-3257
-3851
-4991
-4944
-4695
-5345
-4931
-4859
-5188
-5272
-5359
-4260
-3749
-3944
-3903
-4075
-3527
-3155
-3420
-3414
-3158
-3417
-4456
-4118
-2765
-3106
-3868
-2630
-1769
-1217
-1008
-915
69
203
1094
753
1545
2727
2080
1122
3034
3605
576
1912
3011
3356
2869
2544
3364
4070
3419
1019
-955
2112
3022
1013
2101
3423
4125
1955
1774
108
2548
3618
2142
3359
3279
3804
2656
3395
2962
2032
1624
1515
2334
1637
338
362
1187
169
-33
-393
63
-774
-1006
-1874
-3448
-2827
-4413
-3933
-3922
-4605
-4903
-4208
-3974
-4880
-4278
-4989
-5399
-3923
-5267
-4408
-3909
-3058
-2348
-3032
-2227
-768
-964
-3061
-2344
-2758
-1829
-2052
-3202
-2875
-2171
-2674
-1561
-1864
-268
1146
-245
369
830
2106
2469
1745
1747
1742
1344
2538
1275
2580
4254
3354
3300
2387
1839
1812
1869
2274
2641
3445
2709
2937
4271
4151
4268
3034
2884
3972
4612
3513
4515
4648
4822
5471
3616
4248
4411
4039
3740
4052
2578
1761
1611
-249
339
592
455
-118
-497
-1011
-833
-429
-1042
-1954
-2716
-2139
-2814
-2680
-4564
-3921
-3981
-4538
-4402
-3911
-3222
-4296
-3846
-4551
-3546
-4611
-5912
-5893
-3873
-2662
-3752
-4021
-2557
-1690
-2137
-2518
-2209
-2237
-708
-1967
-934
329
397
1033
-376
1771
940
1340
923
3711
2023
582
3630
3301
2810
2524
1607
72
1821
331
1594
3014
2120
2379
1553
1773
2030
2631
2052
1578
2585
2640
2272
2392
3479
2424
1880
3037
3560
3021
3582
3498
4363
6130
3916
3538
4382
4725
3236
2847
3438
2920
1174
145
-298
226
889
-92
-1070
-1608
-1179
-2556
-2919
-1878
-833
-3540
-4724
-3340
-3264
-3627
-3710
-2775
-2493
-2343
-3214
-2681
-2429
-2420
-2544
-3643
-2652
-1820
-1971
-2557
-1560
-729
-77
-250
33
784
714
1165
548
805
447
-422
45
1724
-66
640
158
-69
405
-1365
-275
897
3216
2541
2106
3737
2202
2968
4135
3560
4066
3354
3690
2926
4367
3553
2554
2644
4221
3971
2164
3493
3439
3902
3060
4030
3019
3894
4669
2740
3569
2846
2273
2050
2407
2301
2360
3279
2245
2913
2174
991
185
-13
-702
-192
-89
-1542
-860
-297
-956
-2450
-1481
-2721
-3159
-3520
-3728
-3025
-3168
-3791
-4712
-3532
-3721
-4448
-3310
-3701
-2845
-2138
-1272
-958
-2303
-926
-998
814
910
282
309
1265
2297
631
681
683
868
-1507
-3220
-2696
-2538
-2668
-3028
-700
-603
400
755
-662
2026
2121
922
1211
1116
1862
1715
444
1894
3016
1332
-10
2379
2327
736
466
-664
1270
2284
1809
2043
2839
3690
2681
1655
2461
2344
1607
911
1250
2386
2681
1744
1176
2196
1376
749
432
1991
1399
-174
1363
330
-677
-2645
-1426
-513
-1068
-1473
-1880
-333
-1046
-1083
-2540
-1677
-2221
-3408
-3121
-3160
-2193
-3460
-3283
-2617
-782
-2857
-2681
-1542
-372
1121
-1548
-371
199
940
-1173
-1476
1146
-292
-3173
-3510
-2296
-2056
-2314
-2136
-1340
-393
-181
-482
-441
-459
692
623
864
903
1941
2092
2044
1967
2384
2783
2142
1902
1202
924
804
1815
-47
927
1796
1580
1564
87
674
608
769
470
531
1599
1252
1337
1282
1162
1707
931
1632
1666
2329
1391
1398
1437
1844
2935
1261
180
-687
-898
-1446
-2861
-3885
-951
-975
-1180
-886
161
-947
-1496
-1573
-2617
-1285
-405
-938
-3195
-431
-1618
-773
-285
-443
741
462
1011
-652
917
845
-2128
-2921
-1630
-2738
-3682
-2713
-1719
-534
-1181
-1679
-914
-1740
-1910
-2868
-2092
-2114
-1967
-1389
-1596
-859
-601
-625
-812
4
-118
30
690
2163
1222
1850
511
428
1497
2092
1522
1025
1352
21
606
157
226
-317
-34
400
987
209
-262
272
1506
2354
-180
-328
1491
2371
1410
628
1819
2059
1792
389
1385
1844
1721
125
-1274
788
4
-1123
-1327
179
292
-547
-1394
-578
-363
-698
-864
-1121
1294
1227
663
624
1085
1530
876
-40
1608
150
-2082
-2431
-3045
-2720
-3633
-3355
-3340
-2216
-150
591
227
892
275
-912
1032
596
-159
1290
21
1069
841
-875
-1238
43
-378
-1069
239
572
-211
-1558
-234
-203
975
824
764
722
767
82
-1393
-634
529
582
69
339
687
653
187
627
925
854
165
893
1410
1741
1103
901
71
562
1829
61
420
1191
1076
686
-43
612
1783
1189
1652
1654
2043
2248
1172
1266
997
760
1937
1123
660
1453
2552
3072
1698
1068
1096
668
-1171
-1403
-2562
-3072
-2255
-1845
-4085
-2550
-613
-3304
-3926
-2894
-2476
-2980
-3070
-3094
-2866
-2204
-805
-1709
-1153
-232
-560
-1313
-1692
-2098
-1565
-911
-2475
-2093
-1060
-818
-1152
-1289
21
113
-1158
-593
647
1524
-614
-2004
-516
-33
-1340
-2294
-1435
-1131
-992
-2286
-1876
-570
-46
-653
-1139
11
736
399
-915
-349
1010
485
-915
494
1308
833
-201
486
336
403
1368
1517
2137
2045
2123
1520
2998
2951
1530
963
2064
1004
1513
1265
1821
2121
767
1155
326
1057
-1242
-1134
-1656
334
-355
-1632
-920
-873
450
-2296
-962
387
-827
-586
-239
-152
-468
-929
22
-511
6
-1053
-2630
-997
21
-1241
-2748
-1609
-1088
-1740
-3368
-2614
-1885
-3091
-1972
-2490
-2463
-1431
-1736
-1928
-1825
-1047
-1527
-1139
269
504
114
-700
-1225
-667
-471
-911
-1041
-1645
-1733
-1362
-1129
-1532
-1000
-1056
-1121
-643
-588
-225
-377
609
887
1556
1380
1837
2294
2848
3857
3924
3526
3381
3990
5267
5585
4908
4329
3520
2556
957
-204
-479
899
1210
2733
3055
1920
554
-880
-371
813
129
-1614
-2929
-2209
-2053
-1528
-1700
-1945
-1377
-1523
-461
-2466
-2710
-2858
-1871
-2213
-2685
-2504
-1930
-974
-2830
-2479
-828
-905
-1693
-1373
-2218
-1794
-2235
-2118
-1227
-1480
-2791
-3380
-2693
-2051
-2429
-2762
-1738
-1065
-813
-1174
-998
-16
573
-1350
-688
-701
-1064
-1755
-2495
-1867
-1241
-1819
-2264
-1075
-1701
-908
-1005
-821
-68
331
299
1981
2445
1791
2271
2585
3467
3993
3495
4328
5999
4688
2910
2894
4178
2609
2605
2904
2192
2802
2455
1805
1172
399
181
-287
1155
2400
1643
1219
1488
2021
1921
930
733
2292
933
-276
-414
689
636
695
-1172
-539
123
-3335
-3037
-2271
-1828
-2347
-2715
-3423
-3660
-2753
-2204
-2014
-1291
-1367
-2278
-2796
-2628
-3580
-2437
-1883
-3259
-2582
-2096
-1749
-2175
-2349
-2203
-2061
-1736
-1394
-2066
-2593
-1919
-1326
-1688
-1973
-1074
57
-601
-973
-68
885
969
1116
2372
2401
3099
3031
3882
3836
4302
5174
3554
2059
1652
2657
2674
2789
3860
4657
3681
3513
4320
5017
3812
2867
2518
2416
1328
933
804
1391
1917
1490
1374
1797
2342
1303
1022
1450
1507
1074
45
-1424
787
895
709
-502
35
-870
-2740
-2018
-2386
-2367
-2069
-3124
-4321
-3524
-4471
-3517
-2811
-2317
-2650
-2848
-2908
-2197
-1980
-1665
-1843
-1691
-1166
-2515
-2266
-2101
-1918
-2359
-2819
-2367
-1796
-2140
-2742
-1911
-789
-1884
-2192
-1755
-689
-1360
-2007
-1158
291
181
-242
696
1326
2347
1158
1537
2437
3339
2033
640
2342
2347
1400
2626
3863
4869
4691
4792
5417
5757
6212
3985
4660
4854
4104
5144
3711
3557
3548
3226
2287
3307
3893
2358
2308
2186
2329
2173
2515
1351
2028
1831
1120
430
461
-652
-1803
-964
-2263
-1600
-1137
-2085
-2895
-3706
-4196
-2863
-2181
-1833
-2842
-4126
-4000
-3933
-3666
-4563
-3317
-2903
-3629
-3873
-3449
-2606
-3850
-3465
-2748
-3897
-3844
-3608
-4043
-2519
-1192
-2809
-2421
-597
-422
-519
-388
579
-297
1787
1930
1404
1682
1726
2268
1261
-610
-818
18
-1071
1131
1900
4072
2961
2496
3027
3911
4450
2848
4759
3946
4083
3826
4387
4942
4728
3715
3299
3135
3761
4638
3457
4999
5149
4047
4165
3684
2939
2214
1981
3012
2128
2046
382
463
747
239
402
-1249
-1293
-1038
-2457
-3368
-2514
-3684
-2871
-2829
-1636
-1782
-2292
-1869
-2728
-1745
-1883
-2242
-2091
-2030
-2776
-3357
-2904
-1781
-1370
-2629
-2445
-2170
-2691
-3742
-3711
-1343
-2058
-3284
-3077
-2510
-1867
-3028
-2665
-712
-824
-291
-1012
-783
361
-118
-2469
-2978
-793
-28
-674
420
1854
1764
3878
3198
3572
3997
3795
3202
4352
4116
2893
4948
4314
4647
3261
3521
5406
4327
4660
5281
3773
4122
4654
4282
4431
5815
3108
3603
4270
2588
3681
1270
973
801
1400
-4
-556
300
518
-94
84
-158
-797
-1928
-2234
-1075
-798
-653
-2793
-3217
-3038
-3467
-4546
-3731
-4141
-4560
-5339
-5653
-4148
-3371
-4319
-5143
-4336
-4273
-4299
-4644
-3692
-2654
-1989
-1767
-1732
-1813
-1649
-839
-1417
-1167
-298
1011
628
-1480
-1844
-2237
-903
-1051
-1319
470
232
57
1100
836
882
1038
2026
1767
2319
3716
2573
2814
2995
4023
3647
2841
3968
4128
2697
3019
3786
3097
4641
5596
4717
5542
5823
5659
4076
5756
5362
4073
5536
4330
3909
2484
3098
2943
598
-279
621
-237
1023
-652
-2243
-971
-738
-1083
-1361
717
188
-1892
-2640
-1540
-1726
-1970
-1858
-1326
-2056
-3041
-3730
-3436
-2566
-2019
-2954
-2918
-3247
-2732
-3174
-3800
-2543
-3154
-3272
-3310
-2902
-1992
-1400
-2818
-2414
-2212
-3169
-4946
-3925
-3859
-3276
-3029
-2202
-505
-954
-619
1908
2267
1235
1845
2189
3838
2676
2820
2491
3353
2638
3434
2262
2812
4094
2106
1715
2444
3532
1356
2775
3904
4512
4156
3097
3212
4072
3547
2388
3599
4612
4203
2577
3508
3517
1965
3135
2979
3365
2847
2121
1008
145
226
1124
546
-729
246
-1649
-2422
-2061
-1519
-2187
-2916
-3070
-3539
-4203
-4031
-3787
-3752
-3472
-3806
-3583
-3008
-2786
-4032
-3554
-1635
-3462
-3765
-2577
-2780
-1952
-1947
-3408
-2217
-2836
-4935
-4387
-4520
-3098
-3514
-2923
-2082
-1460
-2744
-2259
-1593
-90
534
-823
517
1633
2245
1036
2427
2409
1953
501
2377
2550
1941
1340
512
1957
1190
1821
1679
1995
2986
4509
3785
3457
3678
3004
2681
2951
3476
4023
4190
3620
3265
1894
2327
2617
2563
3105
1858
2350
3274
2703
2421
2730
2405
1709
1321
621
387
192
500
-822
-1319
-1108
-1570
-1925
-2174
-2277
-2377
-2411
-3584
-3660
-2886
-3299
-4166
-3848
-3733
-3744
-3664
-4159
-3635
-2603
-4298
-4566
-4106
-5367
-6106
-5703
-6421
-5370
-3377
-3930
-5243
-4435
-997
-1938
-3219
-2039
-937
-387
-589
98
1514
1749
2092
157
1251
2375
1349
1773
1377
1601
1293
582
-231
-236
-589
207
1029
1892
2601
2317
2361
1290
1484
2471
1299
1688
2140
1347
1447
2261
2552
2681
2233
2649
2621
2288
2611
2698
2491
3007
2722
1995
3526
2068
658
326
846
-649
-1725
-1968
-1854
-1302
-2675
-1550
-332
-571
-2060
-2362
-1696
-1949
-3013
-3379
-2432
-1846
-2455
-3893
-2480
-2025
-4453
-6188
-6685
-4963
-4597
-3642
-3902
-3360
-2326
-3034
-3617
-4946
-2636
-2605
-2762
-1853
-1541
-2168
-1412
-1250
-1560
-1464
-1408
719
103
5
-384
127
-270
784
237
1033
2784
1663
2219
1553
2846
556
585
2555
2527
2772
1883
1380
2264
2976
811
402
1852
3878
1883
1110
1395
2801
1699
633
2747
2440
3290
1956
2355
1845
2572
1722
1495
2009
1906
1862
1203
2677
1746
1755
-157
5
940
867
1206
-1187
-509
-73
-1370
-1450
-1221
-1142
-2360
-3294
-3787
-4664
-5570
-5937
-4910
-4782
-4201
-4143
-4505
-4313
-3872
-2087
-3109
-3457
-2394
-2685
-2300
-1259
-883
-711
-1059
832
529
157
303
578
189
-1129
-151
-903
44
-916
-1495
-1143
264
-572
204
1294
134
2444
1882
1033
1726
1899
912
1284
134
956
2299
991
1757
2508
2360
2008
1084
1881
2412
1313
1622
936
409
1558
1733
1150
2144
2618
1129
434
1510
1307
1170
1594
1534
1448
2540
2263
2359
2909
2243
1533
923
482
949
4
-759
-203
425
-385
-3511
-2669
-2593
-4449
-4142
-3396
-4251
-3582
-3275
-3692
-2751
-2378
-2793
-1446
-2686
-2504
-3644
-3324
-1170
-1518
-1457
-474
102
-1293
155
185
612
-212
-2339
-914
1522
-1455
310
-417
-1065
1478
-677
-946
1540
2389
2212
1325
1627
3804
1767
2234
1279
2435
2477
860
1171
1499
2149
946
621
1663
2186
2371
1344
628
1524
2288
1889
1145
1714
1133
1330
1438
1596
2166
2224
2881
3090
3319
2629
2290
2969
1966
2465
1886
3871
3050
1919
2885
1402
1061
-990
-2809
-2037
-709
-2812
-3562
-2341
-1407
-1402
-677
-2125
-2010
-2322
-2970
-3536
-2267
-1837
-3030
-3015
-1362
1308
-159
-257
249
1327
431
-493
-968
1230
353
-727
-1646
-452
450
-1959
-1662
-2206
-1792
-1803
-1712
-1002
-893
-1519
-1269
-765
-408
-71
783
-250
1008
1740
1261
2080
1914
593
477
1289
326
117
534
-298
16
586
173
132
726
481
-676
-125
547
1114
-94
189
1716
2403
1893
1869
3250
3707
2530
2155
2360
2629
2939
2179
1307
613
-52
-1294
-758
-494
-98
512
-268
-1070
-595
-839
-1498
-1836
-1845
-776
-473
218
-651
-1594
-875
-807
-1731
-1995
-605
-913
-2306
-1081
-74
-1367
-629
-166
-99
2
-1207
-2625
-1874
59
-774
181
284
-534
-719
-69
-782
-867
-424
-614
-431
58
-712
-1721
637
-903
18
-880
374
955
-231
826
-40
647
0
-485
-498
-441
107
334
-510
616
219
759
672
2005
2215
395
428
1263
2795
1630
1917
3038
2512
2254
2347
2936
2717
1692
735
338
695
227
-715
-1306
1757
1172
656
2508
2128
2489
1699
325
-324
746
1517
-557
577
2433
469
164
859
1035
546
601
400
928
1600
806
-13
284
-77
-489
-1906
-2187
0
-2082
-2351
-1219
-1386
-1971
-1739
-1972
-2478
611
-962
-1608
388
-1183
-907
-766
157
-882
-2741
-982
-424
-763
-1782
-2592
-1469
-624
-1763
-1993
-625
1037
46
-1382
-1505
-178
1316
-164
-278
53
-583
471
1020
2293
1540
1056
1925
2204
2399
1915
1753
372
480
-802
-758
336
1639
1211
968
1219
386
2325
1944
616
636
1061
1064
1524
2677
2900
2033
1351
1508
835
717
1490
1890
1614
281
1447
3187
2196
1901
1701
2115
1801
525
-1
-1419
367
504
-1499
-353
-68
-1117
-2110
-2420
-1486
-836
-1157
-1401
-1112
-1374
68
-484
-1416
1036
692
-18
-157
-1122
-899
-1456
-1535
-892
-2436
-1615
-1920
-1494
-1166
-2525
-403
-645
785
1661
1317
1628
1212
1002
1767
1845
1066
2037
2052
1478
961
1931
1768
1217
-962
-2247
-1033
321
204
415
1514
1481
1802
1005
911
1996
1921
1838
2632
2978
2152
1723
1837
2890
2947
2321
4160
3030
2921
2445
2407
2955
2469
2326
2594
4021
4034
2625
2138
2800
2223
-98
-1482
369
-635
-1458
-910
-607
-1272
-2031
-2144
-1633
-969
-2763
-3104
-1094
-2327
-2093
-1570
-2173
-621
-2578
-3159
-2091
-953
-2097
-2531
-1694
-1537
-2304
-3264
-3205
-3468
-2325
-2056
-2733
-1634
-111
-987
-44
892
134
-131
1011
1627
313
17
428
-583
-1584
-2162
-2062
-1790
-1056
-453
-871
72
382
-404
-700
-1290
-498
-302
-291
96
1459
2311
1703
2367
2560
2790
1569
2224
2698
2935
2442
2552
3379
4291
4496
2384
3166
3914
3648
2726
2479
2391
2150
1827
1403
2049
1753
696
32
10
501
970
-1458
-1877
-516
-1181
370
-379
-2451
-732
-377
-985
-15
-617
-1549
-2664
-2691
-2598
-1895
-1531
-2201
-2418
-2970
-2580
-2262
-2683
-2267
-1572
-1746
-1760
-1999
-1658
-1551
-2044
-429
-124
-1527
-529
-791
-734
-847
-1113
-1500
-1736
-1478
-2790
-310
284
-1692
-1341
378
38
149
409
-409
344
-482
-468
-654
1093
1476
1771
1622
1906
3556
3065
1842
1634
3553
2712
1328
3224
5014
4211
3217
2121
5070
5266
4733
3815
3727
2964
1035
1689
1646
4184
1125
-1513
879
2090
818
721
-124
431
508
-1016
-1347
-1606
-1722
-1832
-2084
-2569
-1643
-2661
-3850
-4095
-2840
-3533
-3602
-3193
-4283
-3394
-3805
-4192
-1147
-1570
-1520
-1369
-1133
-961
-2409
-2287
-2475
-2917
-4086
-2566
-2617
-2579
-4343
-4207
-4599
-4131
-3176
-2974
-1597
-2047
-1090
-2251
-2377
-1599
-969
-2125
-1357
-405
-1045
-719
-286
-579
-786
-278
-483
1350
971
839
2014
1342
1592
2085
2041
2095
2459
3411
3184
3574
4374
4192
5297
4322
4052
4639
4848
4558
3165
2325
2513
3078
746
584
1578
1103
1339
631
884
969
1196
996
927
249
-942
-1464
-1851
-1598
-1870
-1919
-2268
-2220
-1526
-2028
-2812
-2620
-3578
-2030
-1368
-1226
-444
-2798
-1832
-1906
-2573
-1600
-2707
-884
-911
-3254
-3533
-3900
-4705
-4191
-4303
-3910
-1749
-3129
-2721
-1833
-919
-757
-2263
-1586
-472
-795
-2395
-750
-553
-1451
-1288
-1085
-448
1138
81
-1307
775
797
304
166
1213
2652
1739
793
1487
3287
3981
3068
3977
4966
5771
4969
3827
3897
4079
4840
3007
2165
2726
3006
3673
4352
3248
2920
1189
359
2337
523
285
215
1098
594
-27
690
1952
1313
-518
37
-517
-1748
-2906
-2575
-1473
-1254
-2165
-324
-813
-2398
-2691
-3029
-3139
-1368
-2079
-2620
-2575
-3031
-3633
-5662
-3414
-4057
-3461
-3419
-3937
-3599
-3696
-3771
-4358
-3468
-3674
-2861
-2910
-2506
-2187
-760
-1573
-1780
-419
-826
-53
-540
-246
133
606
292
311
496
1330
486
332
512
1263
1301
508
1439
1899
2597
1498
3921
4431
5075
4965
4671
4303
3860
4899
4084
4149
3192
4328
3459
3465
5747
4935
4243
3647
2986
2333
1407
1619
932
505
82
-101
279
891
105
834
1132
233
75
426
122
-211
-525
-1134
-667
-2766
-1961
-2203
-1274
-1348
-1904
-4399
-4295
-4686
-4100
-2688
-3698
-2434
-4660
-2642
-2525
-1734
-1804
-3070
-4051
-1673
-920
-2083
-3246
-3067
-1112
-3443
-3282
-2280
-1331
-2323
-2197
-1913
-448
-46
-1429
-587
1329
984
-171
-192
-450
1561
428
505
1720
1482
3261
2512
2919
3391
3705
3822
3283
4015
3391
3328
2612
2861
4026
2812
1494
2645
1957
2344
3963
3651
4130
3502
3417
4068
3428
2867
2544
1635
1573
2350
609
1033
2946
1311
823
1494
1968
806
502
1320
790
467
-1414
-1862
-2938
-4459
-4995
-5082
-4159
-4418
-3550
-5209
-4656
-4366
-4950
-5454
-6325
-4080
-3662
-3621
-4317
-3721
-2454
-2145
-3158
-3490
-2989
-2614
-2735
-4008
-2526
-2589
-2485
-2079
-2128
-941
-896
-738
-1557
-687
801
-982
-742
-767
-1381
-573
-379
439
205
974
1684
2969
3374
3591
2899
2669
4565
4464
3323
2829
3750
4551
2200
2220
3357
2794
2745
2261
3181
1785
2484
3921
3834
3375
3272
3275
3134
2858
2211
1312
2074
2788
1105
824
1637
2058
288
-386
180
1472
1475
-146
-800
-1565
-2057
-3101
-3038
-648
-493
-1644
-1535
-1655
-1160
-4203
-5689
-2241
-2401
-3738
-3788
-3934
-3919
-3415
-3359
-3158
-3427
-3115
-3623
-4760
-2970
-4121
-4466
-3497
-4346
-3287
-2805
-2550
-3027
-2029
-1718
-2545
-2009
-1780
-235
-171
450
1111
1466
943
973
2153
1378
2038
2488
2431
2832
2422
1533
2734
1486
436
527
128
1368
1325
1410
1657
2852
2192
3032
3811
4087
4280
3774
4406
3920
4262
4757
5190
5375
4773
3194
4424
4215
3104
2290
1806
483
-539
61
-1352
-1560
-1068
336
-852
-1149
-1472
-2638
-3410
-3448
-3886
-3483
-3517
-4136
-4000
-4915
-2131
-2935
-5512
-5891
-4123
-2849
-4758
-4874
-4380
-2874
-3007
-3596
-2016
-1050
-2106
-3459
-2013
-2694
-2436
-2858
-3645
-2516
-2407
-2868
-2641
-1539
-1911
-2472
-1228
-885
-949
419
1172
2521
2861
1730
1399
4101
4334
1589
1774
3738
2299
1811
1144
163
1138
1552
1800
2858
4015
1881
1115
3208
3842
2728
2546
2349
4157
4078
2413
1506
4554
5283
2499
3204
4131
3802
2006
1207
945
267
316
1185
-254
1220
591
-270
1146
-250
-357
-518
-700
-451
-265
11
-2496
-2560
-1075
-1748
-2725
-3208
-2202
-3472
-4210
-4116
-4400
-5518
-6635
-5063
-3507
-4659
-4223
-4062
-4458
-4036
-3171
-2820
-3147
-3194
-2239
-1685
-3006
-2323
-2078
-2364
-1343
-1216
-256
450
-675
800
944
1362
1618
820
395
1260
353
-1338
813
1679
-893
1017
2466
177
2047
141
2672
3394
2299
3952
4817
5368
4143
4702
4285
5248
5275
4736
3657
5649
4620
3002
3804
3426
3009
408
1061
2173
2057
1732
1145
712
820
-144
-810
-67
162
-104
-1535
-2215
-1423
-226
-1619
-2299
-1384
-2007
-2984
-3928
-2931
-2308
-2981
-3462
-3390
-2729
-1990
-4114
-4539
-3111
-2808
-2927
-4899
-4578
-3958
-3763
-3778
-3103
-1655
-2810
-2868
-1171
-1954
-2021
-2086
-2424
-519
-1862
-1747
68
2028
743
23
1050
1077
1095
119
2556
2083
435
259
1001
158
927
1167
559
1416
1860
1064
2756
4317
3392
4051
1933
2160
3445
3139
1613
1776
3729
3906
1266
162
1591
1769
2170
1497
1713
4070
3262
2228
2822
3007
4628
3807
3318
3080
2617
1949
626
1869
488
-99
-1068
-1266
-136
-896
-1349
-600
-1357
-2605
-3017
-4426
-3324
-3464
-4227
-5470
-4830
-3259
-2132
-3176
-4344
-4028
-4478
-3816
-4367
-4081
-4111
-4256
-4501
-3610
-3617
-2675
-1980
-2152
-1447
-1965
-1957
-1449
-785
-1248
-1693
-962
-687
-933
-2117
-2515
1281
-617
-607
-286
-317
1451
1254
1642
2645
2971
3016
2679
1919
6282
4457
3772
3242
3714
4658
1876
1462
2757
1772
638
1578
2612
3604
1302
1136
1474
2460
693
1263
2160
2399
2821
949
2070
3463
3326
1400
1637
2003
1976
532
-238
-7
875
478
-1546
-1011
-1299
-1580
-1259
-2116
-2491
-2738
-4238
-4417
-3773
-3176
-3670
-3615
-3102
-3231
-3692
-3309
-1878
-3087
-3183
-3251
-2859
-1788
-2758
-2759
-1134
-79
-1980
-1368
485
925
-217
-769
-524
-300
-371
-1466
-1082
-889
-1816
-1476
-1742
-1422
285
-847
19
1657
3173
2467
1912
3346
3022
1837
2599
3424
3110
1320
-1733
-1015
195
1362
1433
515
2659
2510
1778
1903
1681
2879
2563
3543
2634
2383
4129
3441
3163
3619
3708
3405
3537
3292
2660
2738
2882
3032
2297
1458
-731
-948
-1063
-1753
-2099
-2977
-2737
-2902
-1749
-2638
-2102
-3185
-2694
-2320
-2106
-2085
-3011
-2030
-2105
-2671
-2496
-2233
-3190
-2249
-3131
-2955
-4479
-4321
-3553
-3154
-3287
-2335
-1641
-2279
-2481
-2527
-1067
-2298
-903
-1280
-1173
-1069
-1434
-371
1375
2065
-436
768
2114
2018
2257
2543
4905
4770
2540
1435
2017
2011
1613
2463
586
1126
1948
-212
-27
2071
1313
1159
1552
806
1987
2579
1387
1896
3324
2304
1688
1171
2065
887
1723
2247
2491
3124
2120
2983
2440
2631
2206
1774
2164
2092
666
-239
-112
-453
-786
-689
-1911
-1292
-2009
-3375
-1710
-1361
-2093
-2134
-1714
-1550
-2725
-3189
-2128
-1406
-2544
-1678
-2535
-1747
124
-2708
-2161
-1519
-597
-877
-1249
-2446
-953
-96
-196
-283
-1481
-1856
-1397
-2495
-2681
-397
-902
-548
94
352
-267
477
-233
116
-1200
266
766
110
1752
1443
214
-410
1328
1326
1931
804
908
1679
1772
784
1047
1789
2692
2596
2669
2843
2059
3252
1881
2067
3076
2817
2151
2971
2432
1516
1538
1237
1798
1169
479
619
1063
217
225
259
263
-87
-1525
-907
-1542
-1727
-1241
-901
-500
-1367
-2349
-1439
-1272
-1772
-1649
-3377
-2932
-3335
-4497
-4222
-3423
-3323
-4547
-3841
-1472
-2218
-1160
-1182
-2446
-1996
-1118
-74
-1908
-476
-620
-2222
-2244
-660
616
136
-474
19
1989
-336
-1809
-981
-373
-638
-464
-587
216
2015
246
-333
759
1433
675
437
1177
1868
600
743
1801
863
1283
847
396
2151
2266
1173
1293
2158
1239
1180
2924
2103
1628
1682
2024
2493
1301
344
896
1598
657
1288
1620
943
714
365
964
1092
1430
-345
717
560
-13
137
-502
-743
-129
1400
-359
-957
472
-347
-2166
-2461
-2825
-1673
-2408
-2690
-1177
-1457
-1640
-873
-903
-609
-783
-1123
358
-47
-1936
-1425
-2096
-2659
-1880
-1990
-3328
-1546
-526
-3124
-2732
-2626
-2012
-2116
-1652
-1478
-952
-507
-965
-754
-1600
-887
18
-173
-525
355
943
1266
1923
1078
502
1338
1707
1915
1299
1958
827
312
1631
192
630
829
820
149
69
563
-93
200
-246
463
1624
-15
-483
-922
-43
912
-287
522
999
1197
1394
389
711
1534
1004
312
-365
827
1289
-301
-1364
-635
-414
-1497
-1705
-1706
181
194
-662
68
-643
438
-76
-354
1099
1149
-226
-807
1192
-349
-1884
-2194
-1823
-811
-934
-3274
-3780
-1507
-842
-300
-1361
-659
-473
-774
-931
254
-58
-302
-295
-880
-773
-1870
-472
-650
-586
-665
37
1045
-531
-1425
839
1806
1718
1481
1248
1788
2188
1214
361
916
1354
122
-95
1136
374
311
-18
566
364
329
-106
-68
746
1315
360
-44
563
1489
2096
936
1228
2084
2919
1465
2096
2098
2162
3040
2516
2447
2128
1603
81
240
731
750
941
1890
2140
1526
2585
1337
477
2900
1770
-136
-1710
-1068
-365
-2532
-1688
-2139
-1763
-2518
-3656
-2130
-2076
-576
308
-275
160
60
-1285
-620
-974
-277
-1621
-2277
-241
-1526
-2031
-1164
-20
-795
-735
-956
-614
-141
273
-1110
-431
990
1266
1859
872
585
550
862
596
938
563
-356
-112
1236
363
-695
-214
312
115
-290
-399
-299
-193
-177
-1841
497
1293
-188
-53
-235
1510
1429
253
-895
1398
1381
1045
834
1486
2702
1371
1579
2371
3608
2209
2456
3172
3206
2795
764
2327
3690
4057
2247
1688
2122
-713
-1671
-2124
-2516
-2539
-1935
-2426
-3324
-1709
-975
-1593
-1595
-739
-259
-2763
-2119
-2
-675
-624
-489
-1198
-1961
-2030
-2197
-1098
-1827
-2110
-2282
-835
-527
-919
177
-155
769
-715
-676
152
240
-667
-1343
908
1235
-277
115
270
436
-65
-610
-1599
-934
-645
-1690
-70
-414
-127
-1094
1452
2363
1099
1597
410
678
725
1971
614
975
1061
2211
2852
1554
3145
2554
3528
3030
2433
3382
4218
4538
3516
4196
3786
4109
2737
2329
4621
2657
2814
954
-1272
-1025
-2317
-1754
-1505
-160
-104
-915
-362
-531
-79
-2493
-2094
571
-1237
-1946
-2066
-1210
-1874
-3199
-1856
-2583
-2032
-1437
-1376
-983
-202
-1334
-2886
-2119
-2963
-2382
-2904
-1798
-1613
-2797
-3272
-2834
-1776
-3725
-3284
-1895
-498
-1234
-2289
-1162
0
13
-1169
-1088
207
465
-1918
-2810
-312
-621
-2187
-1132
-1832
-232
-115
-1548
-1415
171
289
-827
-1037
-735
1730
1629
1385
1851
3533
2053
2325
4697
4032
4692
4382
4898
6492
6027
6008
4905
4038
3580
2334
219
927
749
-1390
-585
-1580
-349
-193
400
1088
455
-674
-1145
-117
-1217
-1099
-570
-585
-1715
-2301
-3479
-1895
-1301
-3003
-2543
-2420
-2594
-4041
-3020
-2652
-1438
-200
-1134
-2196
-782
-893
-2644
-2884
-2386
-2818
-3163
-2576
-2351
-1940
-3226
-3533
-3250
-2354
-2954
-1664
-1990
-2020
-609
-269
-394
-323
-54
-1017
-473
-56
-679
56
-530
-1429
-97
-33
169
749
1565
1261
1529
1088
1251
1712
3205
3700
2183
3957
4255
4278
4938
5191
6439
5305
3190
2021
3453
3392
1505
3777
4143
3554
2172
2597
2577
156
-20
1907
2069
952
2551
1647
2851
2765
1071
649
334
-888
-431
-980
-2032
-679
-1117
-2487
-1683
-157
-3027
-4749
-4885
-2339
-3607
-4469
-4682
-3755
-2840
-3490
-1098
-1921
-1705
-3252
-3710
-2353
-2091
-2194
-3601
-3075
-1768
-2092
-2316
-2924
-2109
-1938
-2269
-2573
-2287
-1006
-2828
-2923
-1134
-1771
-2831
-2459
-1857
-1710
-1253
-897
-430
957
1979
1385
1311
2365
1700
1733
2189
3619
4085
4768
4793
2948
972
1794
3587
4086
3867
3835
2690
2391
5382
2360
2415
3572
1854
2251
2122
2227
2009
930
1471
1295
939
1802
1837
2090
1913
979
673
698
458
-395
-1106
-1267
-1632
-957
-1326
-2690
-2268
-2891
-3069
-2926
-2902
-1883
-2858
-3047
-4011
-3996
-3123
-3847
-4492
-4518
-2364
-745
-2198
-1351
-2251
-1884
-1738
-3619
-2448
-2436
-2065
-4357
-2376
-2421
-2882
-2099
-2626
-1041
-977
-486
-1189
404
926
1192
590
1094
1152
1282
2206
1161
2211
2140
2256
2828
3786
3330
1129
1785
3328
3226
3053
3553
4278
5305
3741
3479
5183
3292
2592
2641
3331
4670
4488
2329
4135
4234
1827
2668
3012
4232
3997
562
597
3360
2515
2062
160
1099
1533
228
-745
-241
-455
-2467
-1169
-2048
-1810
-2551
-3800
-2755
-2121
-3187
-3426
-5022
-4664
-3979
-4817
-4961
-4977
-3303
-5162
-4785
-2998
-3684
-4951
-3033
-2526
-2648
-3162
-4653
-5172
-4766
-3079
-3940
-4387
-3253
-3175
-3540
-1446
-1602
-431
875
921
1234
107
1455
2423
1808
1473
2168
1506
275
649
1352
1014
1994
3858
3129
2898
3076
2883
3072
3665
1685
2561
4088
2430
1166
1859
3484
2310
2045
2983
3370
3466
4625
3580
3514
2847
3912
3799
2699
3070
2544
2148
1737
2159
653
1974
-124
-131
-991
-813
-898
-464
-1151
-2992
-1649
-3357
-1017
-1954
-3369
-4178
-2754
-3120
-4142
-3794
-3075
-2857
-3596
-3941
-4476
-4115
-3687
-4751
-4961
-3180
-3621
-3604
-4159
-1660
-1731
-3338
-3274
-2703
-2149
-2194
-2281
-1498
-748
-361
856
-735
1265
1707
-30
1109
373
732
-195
-250
785
-193
1242
2046
2489
3558
2511
2344
4692
6139
3643
2632
3901
3816
2059
1913
4319
4102
4149
3308
4402
4339
3624
4160
5090
5708
3789
3930
2875
4356
4416
2508
1525
3188
2760
308
466
1399
2333
657
1110
616
577
-927
-2180
-1156
-1079
-1150
-1273
-887
-1806
-2950
-2727
-3846
-3963
-3425
-4497
-5913
-5746
-4512
-4456
-4714
-5754
-4582
-4402
-4531
-5334
-4407
-4263
-4378
-4542
-3786
-1615
-1584
-759
-2478
-2020
-1274
-869
-1111
-1665
-1671
-613
-1839
-3531
-605
467
120
130
344
847
2230
2159
1448
1653
2167
2806
1556
2729
3602
3291
2155
1685
2429
768
2076
2024
3476
3194
2329
3564
4413
5088
3565
3373
4047
3822
3835
5302
5121
3812
3029
4712
4059
2812
3282
1858
-122
335
-99
998
721
-112
-208
-365
1562
-170
-739
815
127
-1160
-1138
-2452
-1512
-983
-2210
-3951
-3329
-3442
-4253
-3668
-3972
-4115
-4676
-4028
-4650
-2666
-3119
-3841
-3161
-3952
-2264
-2518
-2813
-1204
-926
-1406
-827
-2066
-2625
-2616
-2542
-2062
-2423
-2573
-244
557
-202
780
381
2124
2788
2987
2983
3352
4329
3662
2361
2710
3393
3224
2096
2345
4101
3147
2401
2568
4054
3905
3394
2957
3866
4113
2051
1817
3457
4345
3939
2942
2727
3630
3704
2821
2456
3299
3769
2889
1918
2019
793
947
1526
-155
828
1151
-1023
358
160
-1571
-2091
-1657
-2487
-3035
-2347
-2855
-3966
-2754
-2681
-4445
-3384
-4156
-3527
-3306
-4544
-4583
-3664
-3458
-5333
-5513
-3814
-2022
-2505
-2828
-1533
-2709
-3897
-3718
-3688
-2544
-2257
-3604
-2001
-1453
-2047
-1128
-1574
-1591
-364
-84
1408
1734
935
1579
1897
2850
3287
1014
-215
1935
1454
-200
269
2292
2558
1907
1707
3301
3912
2325
2769
2803
3593
3256
1632
4055
4768
3766
2866
3128
4291
3580
1848
1621
3312
3131
2703
2173
2692
3027
2783
2212
3240
2931
1047
-8
330
59
-1913
-1768
-1740
-1772
-1755
-1400
-2275
-2049
-1334
-1401
-2649
-2034
-2450
-3180
-3011
-2696
-1877
-4288
-3377
-2504
-2170
-2617
-4283
-5275
-3539
-3690
-5317
-3875
-3412
-4136
-3814
-2207
-2904
-4267
-3372
-2373
-1316
-1479
-570
1049
2
-104
185
1070
2154
2644
1321
1619
2145
1537
1819
1710
1753
2649
903
958
1548
651
2506
1715
2223
3160
3978
3683
2684
3359
3382
3121
2382
1989
1983
3441
2428
1455
3119
3021
3025
2914
1589
1937
2934
2188
2143
2803
3151
2545
1400
1730
791
-1507
-753
965
-196
105
1046
164
-13
207
-1813
-2484
-792
-303
-1676
-3165
-1848
-1452
-2221
-4413
-3495
-5740
-5405
-5593
-8128
-4486
-4221
-3930
-3805
-4140
-4894
-4540
-4836
-3927
-2895
-3299
-3078
-2388
-3037
-1930
-1690
-1285
-325
-807
-954
-428
2143
971
-992
-2500
1506
1535
-539
2082
2692
2145
1413
1426
1807
2432
1350
1903
3057
3024
2341
1560
3631
4802
3253
1670
3759
3795
846
1200
1621
3148
3007
1696
2361
3902
3737
2454
1803
2734
3690
2812
1164
2647
2538
1086
1943
2093
1785
964
871
658
977
1042
326
-280
1084
87
559
-358
-852
-797
-69
-1333
-4366
-3178
-3370
-3401
-3271
-3218
-4255
-2514
-3639
-3521
-3095
-2612
-2222
-2692
-2607
-3522
-1744
-2831
-1873
-541
-1171
-338
-2
404
667
-245
613
1174
1264
-327
-1407
-792
-2526
-1771
297
-670
-1129
540
1432
1847
2414
2429
1773
2646
2308
2000
1306
2529
2728
1631
2161
2067
3525
2229
1167
2813
2855
1962
2306
1808
3250
2319
1803
2111
1572
3228
2235
2212
2553
2604
2946
2391
2809
3469
2939
2439
3165
4448
2318
-34
252
2459
2254
1288
2330
-1597
-2153
-2328
-2953
-3708
-3448
-2307
-3796
-2830
-3408
-2719
-2974
-4185
-4059
-2882
-3340
-4850
-4133
-4189
-4430
-2843
-2173
-2892
-3021
-2084
-737
-302
86
-485
-255
627
146
-32
-439
-1020
-1757
-1950
-478
927
-884
-1322
91
460
1812
1226
2369
3023
2258
923
1742
2637
2859
2432
676
2511
2427
2676
1909
2061
3503
1904
1860
2666
2561
2491
1553
1662
1974
3190
2230
1863
2695
2204
2730
1602
2198
2102
3489
3543
2554
2688
3296
2972
2016
3152
1766
652
-342
-6
-874
-976
-872
-1925
-127
-642
-680
-1233
-1067
-1071
-1556
-116
-2919
-2052
-1416
-2719
-1481
-2836
-1598
-3357
-2603
-1253
-1707
-855
-2313
-1187
-1963
-1493
-503
-472
-304
-930
-2028
-1870
-1742
-2878
-2417
-1645
-2264
-1554
-1618
-901
-169
-1904
-1596
37
1350
885
691
263
1732
1810
802
539
875
1819
971
-396
442
1134
195
434
-114
1819
2258
829
1729
2746
2958
2361
2450
2931
2733
2190
2193
3646
4115
2818
1686
3250
4183
4313
2776
192
1328
154
1104
1458
760
227
-139
-1831
-1683
-769
-2586
-1474
-2502
-1487
-1523
-2340
-1941
-2095
-2991
-2526
-3116
-4294
-4054
-4459
-3929
-3278
-2690
-2698
-2890
-2397
-2409
-2626
-1187
-2548
-2518
-1122
-1497
-2043
-1927
-1633
-1341
-177
-903
-899
-704
-1077
-903
-1162
-1633
-943
-291
-1991
-1494
-568
-76
611
1089
781
1172
2203
311
350
620
564
898
765
414
708
1099
1543
1449
1030
2503
2040
1138
1538
2045
2220
1490
1058
1553
2349
2317
2586
2581
2664
2631
41
699
1865
1814
593
1645
2075
1539
1350
1088
2464
1298
-9
-1296
1454
32
-1218
-1846
-1433
361
-493
-57
252
312
-432
-1816
-2405
-942
-1062
-590
-1242
-1121
-1684
-1541
-756
-1153
-20
-1398
-3689
-3511
-2912
-4278
-3778
-2888
-2975
-2478
-2307
-1438
-826
-1210
-2550
-2273
-696
-1011
-1302
-2315
-1891
-1865
-3389
-2428
-103
842
-807
-249
353
469
154
-437
580
2059
1384
614
975
1587
3639
2394
3470
3661
3497
2776
1986
3559
2909
2929
1619
1516
508
762
-579
-1190
6
698
654
0
1525
489
1722
686
462
1188
1973
1325
1248
1455
-257
1316
-918
-475
1077
430
-329
806
2245
933
-447
-1102
-68
749
235
-1427
-1353
526
-579
-2132
-1107
-318
-1809
-3603
-2640
-1450
-1021
-1961
-3079
-2783
-2050
-2097
-2065
-2370
-185
-323
581
1529
418
591
-373
-667
-891
-495
-1717
-227
-563
-936
-844
158
179
39
326
1153
2845
1329
494
904
2756
2080
-21
1162
2566
2063
1580
1712
3265
2517
327
-1682
-165
419
-340
-223
-385
2229
2941
1466
1238
2516
3045
2263
1627
2421
2898
1959
1794
2466
2534
2616
2096
2266
4159
178
-532
386
-845
-945
-1449
794
1722
427
-298
2162
1037
943
1032
514
812
4
725
-356
-1173
-1542
-1770
-1473
-2275
-2535
-1940
-2365
-1826
-1305
-3054
-3811
-3698
-2624
-3480
-5033
-4004
-2578
-3129
-1937
-1977
-1895
-609
-2920
-1354
-1920
-817
-1808
-599
246
199
2235
1827
2417
1566
3402
3306
2852
3308
3087
1595
1438
807
1175
938
-628
-1553
806
1313
186
277
494
927
-436
-550
-126
1042
20
-838
-719
883
1735
1015
840
1590
2379
2323
695
1337
3021
3182
1584
1729
2968
1114
280
791
2007
968
235
1020
2225
2844
679
210
-166
-250
-1377
-790
160
-1895
-1526
-2747
-1317
-1136
-1922
-1523
-539
-360
-529
-1829
-2426
-1200
-2747
-2355
-2967
-1518
-1417
-2957
-2287
70
-266
-1611
-972
557
-757
-2228
-605
-1357
109
404
-894
-382
1154
124
283
553
1264
763
-1031
-1412
-354
-725
-2035
301
195
491
551
-60
48
1247
1673
824
903
654
1208
1610
381
1346
1553
1495
393
1184
2497
2012
1485
926
545
1584
1905
803
2374
913
1103
938
1518
1422
2718
2914
1067
1774
1802
1286
132
1561
776
447
1767
747
-587
-794
-431
-1116
-2180
-2073
-1471
-2887
-3451
-3469
-4284
-3264
-4506
-4666
-4703
-3480
-3689
-3533
-4263
-4421
-1623
-3533
-2796
-1728
-1549
-1240
-979
-1428
353
1023
1135
647
54
1599
1723
-684
-1375
-93
-2378
-2299
-1094
-356
-463
-1140
-1123
230
-1028
-2601
-1845
-853
283
-4
-723
-1297
299
62
-647
-319
602
1023
-202
-428
879
1864
1009
590
1971
2114
1020
791
1717
1935
1530
2093
2308
3765
2582
2596
4535
4656
3752
3199
2579
1548
1021
720
-95
1336
2055
763
96
-84
-564
-630
-711
-351
110
-2009
-980
-1042
-724
-1843
-1436
-2141
-1735
-2335
-3025
-496
-1270
-1974
-3226
-323
-1270
-1582
-716
-1415
-80
-243
-379
-1982
-1449
-224
-2100
-3484
-4294
-3718
-2464
-3468
-3146
-1181
-495
-1873
-1704
357
-169
372
-1083
-943
588
1577
683
-1318
342
1294
919
-138
623
382
897
161
-70
811
801
334
-345
468
1362
505
863
24
339
1181
76
1131
815
1707
2642
4451
3817
4910
5098
4357
4684
4165
3622
3586
1185
174
156
-1912
183
-378
-576
-81
391
-1229
-1337
-1415
-1325
-795
-1876
-2127
-371
-951
-2066
-962
-1620
-695
-2011
-1644
-642
881
-863
-1884
-359
566
516
-1602
-2221
-3846
-3971
-3602
-2683
-2813
-1573
-1472
-1915
-1395
-817
-453
-2960
-2245
-1144
-871
-1705
-1636
-79
-297
157
-55
207
241
-301
-1181
16
341
-1103
112
-193
-683
116
304
-474
585
-55
256
1706
53
873
1537
1847
2066
2183
1176
1769
3498
2890
4085
3119
4590
4500
3590
4114
3815
3153
1545
2985
1803
2103
2123
1846
407
1537
1214
180
2003
-6
-162
337
-79
-1035
1005
-245
-1757
-822
-1284
-951
-622
-1555
-469
-790
-1906
-1206
-2555
-3561
-4210
-4930
-4764
-3935
-2553
-3068
-1968
-847
-1949
-1576
-3170
-2300
-2105
-2707
-3236
-1931
-1370
-1599
-1997
-2093
-501
-1550
-2188
-1451
344
-95
-917
-912
-1123
-672
-1231
-1975
-566
-802
-630
-399
-577
391
-729
-586
860
399
223
796
577
2025
1174
1915
3813
2840
3956
2888
3030
4070
3880
1421
1734
3269
1392
1123
2038
2513
1290
1396
2760
3598
2316
1045
-395
-757
997
-596
661
1615
556
2251
340
1267
1972
504
-307
-317
1327
-589
-2999
-3969
-4827
-4336
-4118
-3952
-4291
-3309
-3419
-4674
-3998
-3005
-3906
-5027
-3396
-2760
-1854
-3850
-3577
-2367
-2262
-3254
-3650
-3013
-2514
-2147
-2807
-2010
-2592
-1860
-1859
-1923
-1975
-774
-1147
-537
-702
-847
-373
-853
86
-696
316
452
802
169
545
544
760
1371
1714
3513
3510
3201
3837
4123
3307
3920
2430
2339
2519
2781
2148
1259
1565
1251
2477
2678
2981
4306
5044
3239
4532
3359
2179
3433
3176
1517
2587
3328
2201
2222
2148
3394
2610
1740
5
-838
-2320
-3387
-3819
-3365
-2777
-3509
-4153
-1268
-713
-2550
-4313
-3695
-3468
-4303
-4488
-4229
-2564
-4134
-3769
-4147
-2965
-1924
-1603
-3210
-1876
-2439
-4104
-3360
-3881
-2442
-4331
-4536
-2831
-2392
-3050
-2699
-1461
-1540
-629
67
165
581
-524
95
749
594
843
164
1151
2809
1856
1549
1742
3874
3378
864
2034
3093
3350
729
1428
3014
1413
1909
2235
905
2676
4037
2314
3261
6066
4857
4484
3973
3514
4287
2410
4332
5055
5540
5259
3649
5188
3602
1893
1253
-276
246
-1272
-1357
-368
-870
-1771
-2191
-810
-780
364
-2131
-3794
-2905
-3631
-3028
-2635
-2730
-3786
-3826
-2966
-4099
-4163
-3421
-4316
-3628
-4275
-3632
-3007
-2490
-2506
-3127
-3361
-3974
-3519
-4105
-4147
-4050
-2599
-3636
-1854
-1353
-997
-1252
-1097
780
-426
76
1004
1375
812
2314
1464
2681
2366
2116
3128
1574
2608
3105
2099
2757
1595
1077
2756
2825
2530
1103
3348
2701
2345
3877
4467
6207
4025
3475
4635
6176
4833
2627
4690
6410
5979
4248
4707
4134
3718
1104
-815
941
2148
2364
525
490
-733
-751
-1221
-1156
1554
756
-1899
-1404
-2596
-3022
-2237
-2103
-677
-2615
-3194
-3200
-3054
-3395
-3725
-4538
-3312
-3731
-4700
-4377
-4981
-3821
-4510
-4576
-4142
-3746
-4270
-3690
-4045
-3704
-3821
-3353
-3343
-3237
-1007
-2200
-1361
797
-273
-8
479
1481
2350
-327
339
1854
2021
690
1813
2512
2576
1594
980
1963
1686
3083
2589
2274
1920
2579
1773
2710
4691
5420
4751
4349
5242
4372
4800
4496
4620
3664
2943
2724
1955
1365
1381
1557
2131
2713
2895
2079
352
498
1570
1671
260
901
667
-337
247
-439
-728
-565
-1222
-1531
-2421
-2455
-2694
-3526
-4472
-4367
-3559
-4303
-4724
-4655
-5258
-5510
-5182
-4691
-5170
-6190
-5371
-5492
-6072
-4877
-3544
-3568
-3264
-2421
-2423
-1361
-1709
-1913
-1436
-2380
-312
-361
103
426
1477
1121
138
2173
1334
2587
1760
909
1920
3010
1964
-549
980
3989
1185
516
2930
2844
3259
1694
3435
4597
4452
4634
5577
6957
6905
4940
3017
1764
2265
2619
1187
3281
3140
3097
3130
3741
3845
4085
3271
2186
3697
1943
1788
1778
2097
1457
-69
-562
-671
-526
-138
-316
-847
-1418
-2968
-2394
-3106
-3438
-3388
-3743
-3462
-4071
-5605
-5260
-3871
-5737
-5580
-5773
-7082
-5516
-6221
-6951
-5749
-4822
-4487
-5478
-5331
-2139
-2100
-2712
-2822
-2133
-2325
-3788
-2027
-2708
-2258
-2665
-2259
-1202
-1107
354
590
496
1172
1568
1527
1089
2265
1200
40
2304
3297
2729
2604
5313
4838
4403
4971
4912
5502
4743
2275
1626
2232
2243
2763
2733
1820
1509
2473
1961
1369
2518
1646
963
3317
2561
2508
2439
2211
3999
3749
2445
2601
2987
1723
257
305
1151
-76
-897
-467
-97
-1608
-1728
-1822
-3308
-4343
-3986
-4231
-5879
-5605
-4693
-4871
-6177
-5693
-4611
-5719
-5918
-6064
-5145
-4196
-5424
-4234
-3533
-1959
-2595
-2237
-3281
-3705
-2038
-3556
-2137
-1625
-621
-1261
-2205
81
-141
-393
-662
17
1627
1149
14
78
639
1365
2826
1546
2751
4349
3935
4374
4391
5499
5137
1518
506
1658
1790
1956
1786
2941
3948
2802
2907
3430
3447
3652
3955
4719
2788
3027
4007
3654
3372
2782
4148
3835
3795
1592
2034
4056
2173
1829
1222
2033
649
635
393
-857
-1430
-1587
-1339
-1413
-132
-1316
-2067
-2737
-2608
-4685
-4982
-4516
-3986
-3894
-4701
-5138
-4718
-3362
-5103
-5159
-4551
-4882
-4239
-4195
-5157
-4547
-4044
-3995
-3950
-2172
-2745
-2620
-3458
-2418
275
974
410
402
1473
1279
1356
-804
733
2006
3540
3207
1388
2566
3905
2817
970
1935
2373
1423
1011
1383
2461
1721
1251
2414
2837
1835
1622
2363
1976
1803
2063
2247
1001
2648
3264
1683
1525
2675
3243
2700
2209
2045
1753
2935
2763
2451
3488
2019
3427
2905
1773
483
324
313
-1579
-1356
-1122
86
-1934
-3030
-2102
-1997
-2088
-3804
-3382
-3342
-3464
-4149
-5078
-3466
-2246
-4372
-5009
-2728
-3156
-3076
-4226
-3803
-1283
-3074
-4409
-2089
-1353
-1640
-2348
-1898
403
-124
-963
-74
161
471
-241
-986
1658
418
6
1847
1646
2287
1981
-39
-1021
-1273
216
2732
4325
3166
1553
2579
3227
4019
1955
2470
3238
3782
3511
2891
2959
2454
2044
3167
3456
2787
4075
3376
4319
3493
2961
1845
1351
2452
2898
1513
1295
2313
2199
1727
151
-16
1561
1268
203
1606
1324
804
-405
-984
-551
-1837
-1403
-1261
-1781
-907
-2411
-3112
-2635
-2823
-2413
-4380
-3812
-3073
-4166
-4176
-5553
-4577
-3659
-3623
-4362
-4683
-4303
-4885
-3577
-2792
-1918
-1174
10
-527
-823
822
-337
1041
-235
240
2329
-577
-3341
-1090
359
-1059
770
1122
-283
37
1734
965
1271
908
2302
1571
463
799
1033
3171
2526
2497
1255
2073
1612
1339
2260
1904
2338
2742
2265
2449
3931
2829
2519
1195
2647
2449
1441
2163
1360
1770
468
385
1620
2444
1586
221
751
1633
1358
366
-1009
1002
2258
-1822
-2142
-95
-842
-2287
-1353
-599
-1866
-1033
-3378
-3764
-2466
-3247
-3944
-4047
-3296
-3088
-2690
-3697
-3050
-2497
-3339
-2852
-471
-452
-878
-2227
-1585
-1521
-1824
202
-326
-1044
-2518
-1919
-2362
-2944
-3861
-2566
-19
721
420
897
1984
1201
110
-497
1133
1463
1700
1585
1312
2900
3312
2601
2185
2421
3518
1373
447
1488
2229
2010
1348
1887
1906
1677
869
815
1484
1970
139
1124
1744
1270
1405
588
1531
1436
1397
875
1356
1265
1625
1576
1387
2060
501
1269
498
892
536
-960
-1949
-1480
-991
-2128
-2090
-2634
-852
-2290
-1433
-2174
-2563
-1850
-1833
-1609
-2963
-1066
-464
-765
-1540
-634
-176
384
-770
-1148
-614
-254
-3494
-3583
-1978
-4834
-4577
-2116
-1359
-2146
-362
-1193
-1097
-1248
-3180
-2261
-376
-1250
-2021
-2321
-751
492
-895
-237
1253
1333
1211
1642
1414
412
769
909
733
2770
3098
2177
2681
2645
1613
1123
342
1981
1917
317
556
1181
1383
304
-1096
428
1511
-172
-630
208
1621
0
-433
931
2448
1459
-19
538
390
776
671
-325
827
1322
-1572
-1343
-1410
-1418
-1553
-1913
-1015
-723
-195
-1094
-608
-233
-582
-150
-113
1021
1192
382
1038
324
-841
-2308
-3896
-4451
-3122
-1070
-2582
-1840
-2455
-2202
-1055
39
-894
-2728
-135
-283
1238
-40
-209
-122
-554
-199
-166
1380
1535
1169
681
1188
1692
908
-1057
307
1368
763
1426
1654
1510
1514
552
-265
-138
1245
702
445
1314
1090
1472
1039
591
1554
1536
859
374
894
1543
133
344
-641
369
974
-500
-768
-320
409
-891
-363
770
986
802
1602
1572
1189
846
505
520
1543
1753
935
1903
-682
2147
473
122
2138
1159
2574
-1988
-1605
-2137
-2233
-3338
-2211
-1466
-1936
-2092
-3083
-3398
-4786
-3604
-3489
-2329
-2765
-1979
-2366
-2545
-571
88
-1769
-2229
-274
-290
-1350
-1600
-653
806
-895
163
1085
-558
-198
-667
1088
2469
1920
968
1554
1020
184
458
312
911
474
-736
174
1171
-215
-1298
-250
1793
1055
-531
342
778
473
-200
-929
172
1238
-347
-946
-271
223
-991
-833
420
120
1342
76
350
1658
1586
1738
1056
2141
1734
1206
-132
1269
1007
-205
1125
356
1159
602
-456
-1303
-1967
-1236
-70
-2268
-1357
911
-501
-1418
-1254
-1646
-382
-1232
-1407
-836
-959
-1139
-2134
-662
-654
-268
-514
-2514
-2631
-1156
-2581
-1971
-2361
-2026
-608
-2478
-3049
-1740
-1030
-688
-591
-672
-261
-7
-1188
-650
216
436
869
176
803
692
1133
546
-84
-424
749
282
-938
-776
-384
416
-142
-800
-47
199
-1353
-939
-1026
362
151
-225
126
92
2065
1409
1669
1719
2342
2392
1560
2719
4157
4040
3398
4013
4199
3534
390
-362
577
345
861
1300
1412
2001
409
-101
-816
-385
3
-2249
-1940
-1735
-2097
-2189
-2239
-2944
-1920
-2526
-3355
-3313
-2471
-2736
-3706
-2868
-1940
-2304
-3068
-3128
-1493
-1438
-2114
-1765
-1969
-1778
-2952
-765
-1419
-1324
-555
-2134
-713
-1139
-1450
-1068
-325
-587
-1061
532
1565
951
-1414
-435
971
76
-819
-86
-152
441
-360
-1109
-247
-510
-143
-2341
-1599
123
-687
-642
-109
888
1739
258
910
1625
2226
1886
2271
2525
3640
5153
4102
4581
3899
3312
1274
2383
3059
3566
3441
3024
2264
2287
3265
900
1228
715
1340
1206
553
-301
654
1301
-69
851
982
674
-413
-744
-175
-236
-1290
-1647
-1328
-1662
-1686
-1992
-2432
-2407
-3093
-2390
-3461
-3615
-2330
-3718
-3267
-1869
-872
-523
-618
-2409
-2557
-2146
-1897
-1144
-1455
-1969
-471
-594
-1287
-880
-1479
-240
-1289
-400
-2093
-1648
-2030
-2578
-1496
-877
-925
-1639
-86
-982
952
613
1267
1067
2163
2515
1797
2942
2917
2754
3241
2951
3849
4636
397
471
2680
2931
2100
2505
3846
3881
3597
3713
3807
4215
1333
1656
2293
319
1941
309
-409
363
1262
1670
560
1098
1133
-190
-1894
-934
-51
-910
-778
-1537
-841
-1369
-1853
-3553
-3023
-694
-2849
-2997
-2612
-2613
-2853
-3073
-2316
-1944
-2131
-673
-1456
-2733
-2661
-2031
-1064
-1016
-976
-2169
-1312
-100
-1599
-1099
-777
-910
-715
-1493
-596
-114
-346
-1545
-1156
-1184
-878
-1065
-916
-394
218
5
-571
1056
489
1188
919
1576
1587
2163
2305
2105
2414
3525
2577
-890
1051
1815
3107
3535
3224
5285
5951
5374
5439
4458
4951
4130
2812
2618
3364
3968
289
1704
2081
2188
3283
1306
3176
2603
1183
1474
961
1166
792
-816
-104
-95
-1073
-1398
-2867
-783
-1572
-3120
-3164
-3619
-3776
-3490
-2034
-2333
-909
-2209
-4236
-4195
-3396
-2385
-3278
-3379
-3161
-3142
-2992
-2049
-2637
-2780
-2894
-2595
-2062
-2011
-2405
-1789
-1209
-686
233
315
864
-233
1243
1040
979
1360
827
445
1703
3169
1841
1510
2597
3989
1862
1273
1869
1517
1127
-325
1136
3731
2376
1507
2637
4847
4882
4191
4144
4625
5707
4158
3079
3262
4552
4222
2638
2014
4566
2420
1355
2616
3233
1944
1018
2479
2219
2880
998
633
-387
-354
-838
-1400
-1465
-1979
-3376
-3655
-3245
-3043
-3455
-3740
-3406
-2960
-2999
-3136
-2319
-3271
-2824
-4006
-2632
-2033
-2227
-2509
-3829
-2111
-1731
-2775
-2188
-1863
-3404
-2482
-2397
-2790
-2003
-3086
-2469
-2241
-1725
-1609
-2041
-1275
357
708
-297
-686
40
441
68
730
573
759
-256
-19
-795
347
1816
1220
321
2149
3729
3222
4325
3722
5563
5558
4897
5422
5374
5253
4579
3649
3886
4750
3740
3303
4804
4471
3622
3415
3271
3298
2704
1797
1466
1687
1523
889
-224
677
606
705
-393
554
264
-1492
-1875
-2755
-1239
-2004
-1651
-1820
-1717
-1435
-2561
-3087
-3073
-3981
-6202
-6054
-5139
-5643
-5459
-6125
-5303
-4313
-4865
-4673
-4932
-4436
-3492
-2958
-3514
-2582
-2411
-2521
-1994
-512
-638
-1409
-1541
-110
-72
-1218
1122
1960
1563
-390
-1079
-756
96
-1309
-1031
1072
1441
829
752
1403
1723
2495
2334
2984
3265
3260
2846
4485
3953
3791
3410
2828
4094
3489
2755
2685
4197
4030
3085
3122
4598
5655
4571
4720
4905
4463
4688
3530
2600
2428
1186
214
1090
1346
1126
-729
-349
-662
-1373
-1278
-1945
-1145
-1725
-480
-1676
-805
-1160
-3270
-3381
-2569
-2439
-3728
-2991
-3036
-2974
-4239
-4153
-3331
-3282
-3648
-3328
-3212
-2981
-2164
-3288
-3005
-2935
-2242
-1961
-3032
-2169
-1569
-1510
-1661
-1259
-1868
-1316
-2742
-3000
-1702
-2425
-463
413
-1143
267
1369
298
1019
1679
2370
2065
3956
3845
4542
4154
3562
4334
3989
3995
3440
2083
3295
5257
2586
3015
3144
3729
4009
2404
2548
3973
4046
3587
3190
4305
4055
2557
3039
2387
2138
3186
1458
176
-107
328
225
414
1193
-426
1379
-92
800
295
-2147
-2441
-3816
-3603
-4404
-3110
-3607
-3545
-3776
-3482
-3599
-4396
-2925
-4609
-4533
-4015
-3724
-3346
-2266
-2289
-2964
-2332
-774
-900
-1881
-1650
-1231
-56
-2943
-3362
-1815
-1217
-1700
-2694
-2770
-528
-835
-1844
-606
449
1889
740
-63
2210
2435
1497
1232
2448
5014
3993
4390
3081
3486
4178
3670
4127
4025
3931
2333
2754
3478
3886
5238
4091
4363
5117
3951
4192
5286
4777
3851
4513
3325
3058
2545
1623
3911
3877
2248
1569
1554
2568
-49
199
1049
720
926
1873
963
-466
-299
-3422
-1931
-1106
-2275
-2081
-2517
-1207
-1738
-1831
-2420
-2865
-1773
-3015
-4201
-3957
-3364
-3045
-3314
-3472
-2704
-3264
-3355
-3618
-2250
-2075
-4823
-5381
-4794
-3563
-3981
-4492
-2858
-3146
-1529
-339
-1260
-755
254
886
-37
876
2783
3316
3308
2792
3654
5024
4034
4655
3656
3753
3783
2751
2775
2116
3056
1460
1370
2731
3190
2269
2642
2552
2517
3011
2197
3256
2589
3238
3713
2719
2568
2793
2096
3205
3542
3308
2408
2948
3264
1813
1900
1754
1555
881
575
-1529
-1217
-1934
-2290
-1519
-1359
-2220
-2239
-2350
-2396
-2079
-2913
-3043
-2621
-1876
-3291
-4070
-3512
-1721
-3131
-4946
-3552
-2634
-3122
-4327
-6151
-5214
-4315
-5833
-5029
-4166
-4681
-4001
-3487
-3583
-1760
-1305
-3172
-2380
-1199
-1050
-575
-171
115
171
812
-238
1071
2415
3158
2655
1863
2927
1492
2009
3299
1995
890
2429
2211
2000
1534
1533
4060
3171
2218
3417
4233
3314
3441
3674
3105
3325
1383
1589
2199
2870
2894
1433
3119
4056
2098
1482
2364
2479
3941
2265
2163
2225
1438
1418
-1112
622
-184
-240
168
-932
-56
-556
-515
-1279
-666
-975
-2404
-2925
-2027
-1879
-2447
-2978
-3104
-3770
-5108
-5965
-6327
-4801
-5688
-6594
-5229
-4675
-4259
-3757
-3597
-3659
-3363
-2078
-2905
-2882
-1712
-904
-1530
-2116
-805
91
-595
1263
1510
106
2117
2835
1713
261
1774
2300
864
193
309
363
-225
570
1974
580
2248
2572
1504
1225
1894
3286
2873
4105
4088
4052
3215
2220
691
2909
2577
1275
1224
889
636
483
1505
1905
3203
1652
3072
2180
2519
1361
687
2187
1622
1315
-290
-47
-212
678
63
-822
-86
1893
2041
-617
-971
671
-564
-1191
-4433
-2622
-2781
-5765
-4453
-5077
-3655
-5307
-4736
-4311
-3118
-2664
-4175
-4890
-3521
-2754
-3527
-3388
-2445
-2067
-2285
-2135
-1110
-288
-1399
-1099
-590
1631
240
641
684
602
-83
501
1912
282
1802
-26
720
2991
3056
1474
1907
4009
2388
1861
2202
2655
2174
657
2397
4105
2667
1605
1194
2094
2242
958
999
736
1720
424
-253
1534
2819
2653
1569
2410
3068
2654
1381
2193
3388
3287
2204
2602
3916
2304
1992
2033
1229
642
85
135
184
964
-1580
-4134
-3295
-3466
-4372
-4730
-4644
-4114
-3959
-4758
-3744
-4155
-4921
-3775
-5005
-4145
-4541
-3660
-2676
-3051
-2555
-2309
-1927
-1353
-436
-1149
-596
-68
911
-26
457
286
-393
-506
-665
-1802
-970
-497
-2761
-1970
-1309
630
443
-1989
-517
1653
883
1277
1441
1900
1431
1490
1479
2179
2792
968
607
733
451
923
1031
664
1136
-282
-430
-218
1636
2338
1342
1747
2522
1860
130
944
1775
1843
2713
2413
2348
2333
3189
2537
1555
2643
2054
2371
-1181
-1904
-2085
-3391
-3669
-2422
-2342
-2440
-2511
-4381
-2548
-3203
-2867
-2608
-3687
-3662
-3769
-4494
-4329
-2664
-2910
-4325
-3959
-3182
-2953
-2715
-1902
-2341
-1984
-2341
-2238
-1583
-1837
-671
-529
-628
-453
-550
-1670
-1862
-611
-1461
-1041
-730
-1568
-414
3
652
1107
931
1123
2654
2835
1637
717
1598
2730
1802
584
-494
457
936
-348
613
964
-77
-167
-336
1667
3770
2280
1482
2075
2220
2000
887
1904
2731
2014
2292
2778
3180
2371
2450
2994
3817
3438
1388
845
1170
-64
-965
-1378
-2147
-1627
-1692
-2327
-456
6
-3229
-2191
-2843
-1430
-1882
-3212
-1466
-3044
-3306
-2915
-2958
-2631
-2112
-3466
-1701
-1034
-2000
-1891
-2516
-1262
-938
-2444
-1610
-534
-2783
-2986
-1906
-1781
-3074
-3495
-800
-2862
-1819
-1593
-3164
-603
-493
233
-82
504
823
1036
1559
170
1447
2552
1225
344
1418
420
-2041
-1535
568
856
13
287
884
1433
1964
1960
1179
1630
1194
1679
1638
1633
1901
2029
3506
2535
2522
2638
1597
2283
1811
875
2483
1171
274
406
554
1088
718
1580
1140
909
149
-313
-721
-273
-2156
-1774
-148
-689
377
-859
-1314
-936
-275
-1677
-2297
-1598
-1333
-1262
-2499
-2148
-881
-1514
-665
-579
-1659
-1598
-923
-525
-2405
-832
-637
-1529
-1007
-2422
-448
-683
-1075
-133
466
994
-287
1205
-162
-444
774
722
1567
782
1057
350
-430
1192
-19
-818
-117
898
1446
715
236
861
2129
2020
3516
1753
2321
2924
950
2846
2669
3391
2924
2957
4033
3914
3255
2261
2183
1074
444
1197
1350
599
1525
1289
1836
1952
337
1715
2489
1424
2345
1831
1393
961
-377
-722
-275
849
1417
916
570
1607
96
-473
111
1207
342
187
90
-71
508
-753
-562
-363
-376
-1554
-2180
-2017
-1000
-2927
-3664
-3050
-2075
-1975
-2780
-1362
297
550
-1538
-313
57
187
-1102
-1685
-328
277
-87
-1383
-1328
-1830
-405
-58
-344
122
1142
423
48
1073
1556
3586
2238
2230
1672
722
2356
2536
2598
2088
2588
2201
1474
617
1673
1074
-876
-424
-873
532
455
1305
375
-111
1422
516
4
1061
2518
371
1409
2186
2435
2888
1473
1605
2178
2185
1166
1315
643
40
-646
420
1648
1040
1683
-96
242
1054
-447
-30
-858
70
140
-929
-950
-1271
-569
-1373
-2235
-2163
-2094
-1843
-1349
-2042
-1782
-742
189
-436
-1413
-729
-1753
-1363
-749
-749
-5
-597
-1950
-2908
-2316
-560
-892
-954
-135
-458
440
187
842
3243
2717
2054
1790
2120
1839
1737
1899
1988
2834
2539
985
-1323
-830
-91
1001
1372
1564
1697
1803
1812
924
764
1330
1653
168
54
1675
1714
849
1186
1341
1859
2084
1746
1997
2193
1818
1866
1196
1887
2384
1703
604
1230
1348
623
420
37
2222
1073
183
-871
709
2343
-661
-1735
-909
-2204
-2959
-3895
-3255
-826
-2848
-2707
-2941
-2564
-1590
-3990
-4338
-2108
-2098
-2713
-2841
-589
-1675
-2075
-2305
-2054
-1359
-3369
-2641
-2449
-1008
-674
54
-404
374
438
568
1957
1152
-377
352
1839
406
-883
-811
-19
-1107
-3302
-2284
-658
528
-427
-853
-364
-126
228
-118
841
905
1210
-337
775
2133
1576
538
767
1369
1059
1061
752
1082
1767
2588
1323
1142
2194
2135
2187
2028
2640
2595
1326
1198
2061
796
148
1683
2180
1199
1543
997
158
1439
-888
-204
-1243
-2549
-380
-903
-1110
-1539
-1262
-1441
-2828
-2247
-2929
-2947
-2929
-3596
-2786
-2260
-2328
-3612
-3995
-3491
-2954
-3170
-1812
-2588
-2352
-1771
-2207
-429
-215
60
-299
80
-212
-455
357
-272
-1216
-1030
38
-305
348
692
-1179
-67
1681
-469
-537
913
360
813
-1231
-981
252
-187
-634
-1196
853
614
929
488
628
1129
-58
-172
584
1372
1705
1490
1275
2678
2103
1164
2379
3589
3898
3208
3321
4279
3617
3072
2650
2895
2248
1796
964
2491
1456
-1299
-262
-2923
-119
759
-2131
-1858
-1559
-1724
-2671
-2446
-2215
-3348
-3126
-2574
-3257
-2183
-3236
-3610
-3049
-2795
-3179
-2811
-129
-1696
-3435
-2305
-917
-124
131
205
-301
-786
-2273
-1856
-1637
-1730
-4035
-4723
-1520
-2723
-2160
-1750
-1197
309
-673
-814
-2114
-659
731
-1405
-1427
156
3
-196
558
442
184
1019
600
28
2012
583
671
1464
1377
1530
1186
675
938
1602
1042
1163
1156
3174
3021
2730
3522
3957
4298
2916
4668
5003
5379
4974
2008
3405
2509
1002
432
431
829
1158
-145
560
323
-1194
-340
-784
-395
-883
-404
-1432
-1924
-1746
-1729
-3348
-2842
-1855
-2137
-1852
-2105
-1730
-3202
-2099
-2017
-1577
-155
321
216
-1182
-1970
-2666
-2587
-1248
-1381
-2680
-1950
-1120
-518
-229
-1002
-1420
191
197
-1406
-348
537
191
-752
-837
-647
359
-363
-1874
-271
-178
-334
-564
-114
916
908
1272
746
1291
2280
1030
382
2411
2390
647
1756
2791
3748
3129
2791
3485
4012
3701
2991
3655
3300
4229
4269
3200
2302
2186
2445
663
-412
-377
-1210
-1020
1081
1473
2106
1149
391
131
1075
-267
-847
1075
-834
-472
-1452
-1565
-2708
-1599
-1198
-2360
-3662
-1468
-1597
-1716
-1229
-3148
-1926
-3089
-3731
-6136
-4477
-2908
-2902
-4037
-2777
-2876
-2204
-1855
-2412
-1914
-2399
-1961
-1485
-612
-150
-273
-1576
-14
524
758
65
13
1021
910
-107
320
-49
-543
602
704
121
-238
34
-276
212
801
401
894
304
1444
1962
2815
4055
2510
4092
4453
4435
4203
5311
5932
4864
4186
3616
3499
3964
3307
2790
3165
2956
2056
1232
617
43
371
-1288
-45
1027
677
608
327
-226
-661
-1254
-1651
-802
-181
-1049
-1738
-2337
-477
-666
-2676
-2902
-3866
-3739
-3307
-2015
-2686
-2264
-3729
-2986
-2313
-3156
-2245
-1760
-1501
-3111
-2001
-1258
-1747
-2183
-2012
-1660
-1676
-2015
-3060
-2389
-1091
-1155
-3075
-2062
-771
0
178
-609
246
627
388
-954
-454
599
387
295
1560
2618
1756
637
2649
3289
2939
2784
2571
4807
4093
2903
2384
3377
3436
1752
1520
1729
4192
2798
1916
2444
3311
3774
2127
3759
3998
3232
4036
2749
2827
3345
1669
2606
3245
2484
1548
2535
2457
1313
-722
289
488
173
-1320
-3176
-2391
-3737
-4823
-5064
-1921
-3658
-4343
-4900
-4984
-5043
-4760
-4258
-3841
-3070
-4255
-3657
-3892
-2640
-3144
-3135
-2378
-2370
-2306
-2460
-3433
-1624
-1099
-2194
-1980
-1133
-980
-1000
-1723
-1342
-147
-733
-225
-648
-297
85
138
-38
799
1104
538
1199
2454
1779
2170
3495
4187
3825
4114
5282
4424
3433
3706
3587
2714
1931
1693
2690
2462
777
2016
1600
1393
3515
3073
5018
3638
2728
3613
3098
2839
4030
4012
2201
1495
1154
-440
-295
1609
2264
2471
-634
-1012
-999
-1511
-776
-300
-751
239
-497
-1931
-2419
-2570
-1594
-2438
-1745
-2681
-3092
-2140
-3363
-4350
-2972
-2836
-3585
-3778
-3686
-3115
-4270
-4177
-4010
-4122
-3276
-4043
-3885
-3843
-2645
-1876
-2614
-1345
-1602
-1426
-929
-1713
1175
1710
-129
281
1975
1514
1153
2613
1365
2614
2152
1896
2574
2853
1363
1540
2087
2121
2443
449
1252
883
1157
2027
1712
1981
2592
1411
3880
4902
3424
4464
5628
5737
4595
3926
6099
5996
4126
4974
3527
4967
3155
2442
1369
21
-166
-3119
-2046
-1425
-1626
-686
-838
-2665
-1157
-2361
-4205
-2782
-2623
-4769
-4440
-3799
-3459
-3728
-5352
-4253
-3881
-4159
-4813
-3867
-3243
-2582
-2217
-3705
-2236
-2102
-1871
-1412
-2093
-1004
-2187
-2581
-2386
-2066
-1619
-1809
-1794
-1387
-1441
-1225
-1006
-537
-1219
-352
1747
2183
1933
1475
2472
3818
3573
2596
3849
3585
3398
3389
3197
2948
1796
1440
1924
1976
2096
2524
2468
2938
4700
3302
2401
3432
3100
3542
2890
2454
3131
4185
3156
2519
3602
3601
2183
1100
2047
1583
1458
2193
1773
1040
301
-40
265
1694
466
534
885
543
-172
-277
-848
-1535
549
-584
-1587
-4161
-2808
-2709
-4413
-3411
-4685
-4323
-4846
-5121
-5790
-5634
-6176
-5970
-5198
-5201
-5500
-5719
-3519
-3966
-2755
-2005
-3032
-2595
-2898
-1580
-1503
-1354
-879
-1413
-752
1638
889
571
1424
1165
2087
1368
2132
1208
954
1706
1509
904
848
1583
2022
2012
2851
3108
3024
3662
4739
5030
3173
3926
3059
3788
3716
2418
2999
3892
3744
1877
3366
3268
1498
587
-2
779
1835
558
328
1896
2648
2403
1606
1425
651
-8
-1585
-1218
-1306
-1605
-1876
-1902
-1694
-2907
-3402
-3082
-3165
-3661
-2707
-4633
-4405
-3651
-4933
-5119
-4463
-5125
-5042
-4357
-5710
-4188
-5158
-5581
-3661
-3999
-4196
-4035
-3242
-2367
-2338
-3192
-2528
-1625
-2171
-1714
-1546
-738
-118
-105
-842
678
2651
347
1349
1764
983
1460
1083
542
66
365
-375
713
1957
1002
1960
2384
2682
3359
3000
2525
3276
3382
3056
2227
1644
2897
2539
1139
503
1112
961
838
776
2422
2610
1824
698
2299
3559
3170
4414
4497
4255
3035
3511
2413
1465
658
531
202
-118
98
137
-411
-1531
-1744
-2782
-1768
-3173
-3647
-4100
-4582
-4672
-5239
-5615
-5588
-4557
-5781
-5306
-5792
-4094
-4434
-5592
-4297
-4460
-3547
-3455
-3444
-2871
-4068
-3075
-2427
-2709
-2019
-1895
-1917
-1694
-686
-721
-51
-489
268
-242
-358
225
279
984
2066
1065
1175
2202
1938
4055
2479
3358
4119
3387
3221
3094
4632
4653
3188
3947
4334
3525
1413
-377
1565
1331
1010
-166
571
1742
1307
1024
495
1274
1420
1338
2235
2572
2783
1991
2274
2428
1800
1838
1652
1436
1323
852
-596
-479
-272
-142
-2152
-650
-1898
-3169
-3592
-2739
-1780
-4283
-3076
-3282
-2012
-3347
-4083
-4035
-3158
-3623
-4578
-3274
-2565
-2250
-4865
-2292
-1929
-1994
-1876
-2947
-745
-1145
-926
-1544
87
1067
785
350
-267
202
656
170
-523
700
389
-32
661
1514
1101
2050
2349
2294
2376
2072
1728
2465
2427
1759
564
1577
2636
345
1272
858
1115
245
418
1666
1563
1133
1249
2771
1905
2055
2594
3246
3738
3076
2517
2668
4063
2764
2328
2376
3329
3531
940
1495
2208
1839
-31
-860
-1918
-1074
-3328
-3596
-2692
-2325
-2589
-4330
-3261
-3631
-2917
-3788
-3290
-2671
-2638
-3232
-3817
-4320
-3554
-2375
-3563
-4454
-4369
-4589
-4506
-5000
-4589
-3851
-3891
-3145
-2516
-1186
-161
14
-651
-396
-189
-1459
610
477
576
1107
1631
1038
729
3866
3036
2726
1759
3414
4242
3898
2546
3001
1522
777
798
-954
557
1421
2001
857
1656
1294
1796
903
750
2369
1955
1439
1473
966
1847
3025
1857
1654
2089
1877
1515
2591
2764
1984
2083
1878
1718
1656
1554
803
248
1497
640
-246
-1168
-748
169
-1794
-3568
-2189
-1778
-2127
-2779
-3328
-1394
-1659
-2560
-2675
99
-1212
-1785
-1569
-1853
-1678
-3452
-2360
-3694
-2782
-1775
-2218
-1527
-930
-408
-498
-1114
-1101
-1226
-1375
-353
-1384
-284
-694
-1985
-1922
-1417
-22
291
1666
656
1434
1451
1253
1239
-1029
-1371
-315
1446
432
1142
765
-363
1160
503
1077
2564
1945
213
1029
3265
2505
1752
2269
3798
4146
2921
1905
2674
3753
1971
1139
1278
1937
1220
-1
117
1635
1043
-650
460
693
1032
-387
-910
-37
775
661
-585
1123
-802
-2271
-1044
-1249
-1669
-1702
-2034
-2432
-1705
-1993
-1975
-3905
-4036
-2846
-3432
-3903
-3612
-3301
-3152
-3418
-2620
-2269
-1698
-1574
-2187
-1727
-1416
-1564
-1726
-2012
-3319
-1988
-68
-1091
-1494
1385
1263
2179
773
985
31
-58
-1085
-2413
-32
-1439
-291
-535
98
907
1872
-186
228
1825
1079
-197
-101
1216
1213
1269
75
725
1941
1758
724
1204
1389
1550
727
791
1521
1453
860
578
683
652
989
-135
-56
407
1115
1627
1280
986
1352
1673
1428
1546
1942
1386
440
1118
1352
-356
995
736
-1316
852
1203
82
-1759
-1434
-1603
-1340
-1105
-1320
6
-634
599
194
1259
596
-1327
-1582
-1114
-405
-1287
-1542
-2098
-1477
-2983
-1664
-1466
-1454
28
-372
-979
-1613
-2063
-1677
-1540
-3262
-2072
-1189
937
512
-1201
-368
326
19
-1684
417
1107
69
614
-592
71
839
1110
1926
1064
2038
1195
354
1189
1496
2104
733
501
838
942
55
172
492
1772
-57
-497
10
430
1413
-865
688
855
388
413
789
1552
1800
-362
1347
1510
1225
1125
100
367
89
-793
-2197
-1713
-1507
-1867
-1487
897
-299
-137
-127
11
212
1144
889
805
664
645
418
87
-595
-1733
-1753
-641
1517
134
-206
478
347
-1621
-2626
-4338
-3054
-3577
-3565
-3600
-631
765
-1932
-1626
-484
196
-1929
-1923
-470
322
-1103
409
-16
830
964
137
1610
2572
1244
857
-120
365
1015
-226
1046
996
941
-109
328
-101
128
-155
61
-175
-282
1186
57
798
466
411
446
1091
1695
143
1097
2257
3536
1611
1369
1994
2527
1395
1681
2020
1616
1779
970
1260
458
1036
-1204
1012
2982
1683
1218
1798
1766
1030
-445
-1229
-806
-1160
-415
-1008
-1841
-755
-1380
-3498
-2176
-1206
-2907
-2749
-3710
-3539
-1541
-1943
-2077
-2387
-1739
-1552
-1763
-2876
-2647
-1903
-2429
-2207
-1186
-2445
-2220
-899
-1110
-250
426
1665
265
-133
706
-185
80
252
-99
283
619
-193
-736
231
-30
284
670
313
675
-29
-20
1143
247
193
-140
-348
603
-419
152
332
-832
163
184
-672
-134
353
830
658
1815
1011
1556
1561
1595
1722
2601
3755
2831
3411
2813
2474
2301
2098
1867
2173
970
2221
1056
-670
277
350
-1894
-1178
-512
-2262
-3558
-3822
-1957
-3827
-3372
-2639
-2280
-1769
-3616
-3145
-2205
-1609
-2193
-3561
-1030
-1973
-2777
-2478
-3539
-3032
-1942
-2848
-1394
245
-790
-799
-1604
-518
-1064
-868
-189
26
-1284
-912
826
-162
-160
-397
-1730
175
-341
-918
613
161
658
-366
-638
1118
1577
540
1176
1261
1783
1083
1160
2012
2366
1621
1349
696
1529
1946
717
2005
3129
2805
1655
2276
3627
4744
3946
3745
5543
5995
4465
5544
3240
2844
3152
1770
446
3022
2988
-1299
-220
380
-116
-1047
-870
-1002
984
-750
-1850
-1075
-1761
-1590
-2188
-2368
-2781
-1712
-3353
-3499
-2249
-3012
-2476
-3072
-2669
-2110
-2867
-2516
-1841
-2410
-2499
-1800
-2777
-3504
-1966
-2774
-1951
-1330
-2471
-1765
-539
-1228
-1832
-965
419
803
-260
312
266
1187
655
537
-415
639
1037
-787
-419
-438
-766
-1593
-820
-833
-991
-798
-121
-433
521
1023
280
442
1343
2929
1839
2565
3196
4550
5983
5401
5812
5988
7541
6637
6206
5994
6139
6955
3462
4776
1388
-2074
-433
-1367
712
1663
922
103
-241
-306
-290
-1207
-1030
-100
-839
-1147
-941
-1074
-2571
-2924
-2242
-2191
-2666
-3493
-3047
-3217
-2629
-2633
-1960
-2815
-1927
-1174
-1754
-1235
-2081
-2561
-3342
-1922
-3313
-2828
-1486
-1410
-1851
-2394
-1535
-675
-1016
-2002
-1276
348
72
-82
-284
-546
1120
920
-880
-1418
422
371
-251
-781
1042
583
-300
0
727
1917
1308
1172
2109
3053
1684
1843
2779
4787
3727
5174
6093
6801
6993
4164
6311
7150
6242
4785
3379
2795
2009
366
1015
722
1101
1885
820
1879
1703
1240
659
1003
385
-576
659
-174
-347
-501
-956
-174
639
-693
-2084
-1232
-1861
-3098
-3536
-3777
-3808
-2933
-2835
-3290
-2483
-2500
-2969
-3519
-3298
-3339
-3694
-3028
-2921
-2158
-4157
-4488
-2977
-1463
-627
-2100
-1168
-488
-267
-498
-1445
-205
61
-1432
-2438
-1640
-292
-1791
-2080
-1931
-798
193
-1082
-433
-257
442
780
763
2186
1929
2584
2243
2581
3979
5010
5468
4507
6168
6477
5698
4146
4907
5046
2457
2324
-872
930
2458
1029
3262
2756
3515
2777
2034
888
1755
-104
-2332
768
150
1060
1298
-410
-146
319
-397
587
-1208
-1143
-407
-2100
-3093
-4168
-2588
-2890
-3923
-2753
-3654
-3424
-3590
-4697
-5248
-3982
-3713
-4415
-3390
-4044
-2837
-3301
-2527
-2938
-2347
-1837
-1698
-3044
-2939
-1350
-1191
-1415
-2617
-1634
-1197
-2345
-2206
-771
-681
-257
-1482
268
421
236
-20
236
1408
730
833
1858
2243
2190
1866
3051
3922
4078
4343
4627
5783
5460
5145
3305
3083
3048
1318
1953
2754
2347
3092
3270
3510
3405
2551
2980
5225
3477
1876
2781
4071
2096
893
1143
549
1688
1444
1777
393
1115
91
-1693
-490
-271
-1859
-2582
-2103
-2078
-2733
-2970
-3936
-3715
-4083
-4965
-4946
-4491
-3818
-4822
-4707
-3982
-4576
-4593
-3763
-4683
-2400
-3413
-3835
-3192
-3017
-2193
-3084
-3201
-3178
-3486
-4598
-5093
-3934
-1913
-3540
-3307
-2249
-1284
-1348
-1486
-68
468
298
496
1710
524
1143
2783
3098
3724
4083
4097
5619
5131
5201
5669
3428
1496
793
2934
2753
2659
1353
1076
1567
1997
2789
2006
2846
4208
3064
2210
3740
3234
4399
4163
3631
2885
3318
4422
2905
2355
2088
-944
-924
944
246
1650
150
-827
-800
-1212
-1823
-1227
-2431
-2598
-174
-2560
-3910
-2914
-1893
-4092
-4594
-4028
-3315
-3306
-3544
-2727
-3019
-2676
-2936
-3730
-4563
-3261
-3041
-2441
-2732
-3371
-3184
-2660
-2937
-2264
-1190
-2724
-2487
-2204
-1413
-26
-510
-981
1296
1388
1169
1523
2460
2119
1618
3542
2462
3596
3503
3354
3993
2711
4140
2970
2995
3478
1520
2913
2652
848
1194
2903
3734
3565
2430
2766
4954
3924
3269
4359
4804
4751
3423
3108
4432
5691
4093
2117
2365
3551
3072
2655
1765
489
-73
-1644
-706
-1184
-791
-77
-656
-726
82
-736
-1655
-1459
-809
-1207
-2353
-2188
-2224
-3937
-4138
-3674
-5447
-3645
-5689
-4964
-4872
-5486
-4887
-5553
-3841
-4814
-4204
-5132
-3885
-2649
-2398
-2947
-2942
-1490
-1659
-1012
-788
-271
-1452
-991
556
1343
962
756
2279
2613
2061
1985
1677
2251
1732
666
1865
2845
1590
1132
2125
235
-64
2146
396
355
2842
1056
1051
1282
1891
2653
1370
2656
2825
3488
3017
2595
3715
2304
3270
3598
3619
4197
4185
2844
2173
3251
2946
1797
1253
415
-1082
-1706
-1810
366
21
-289
-1035
-1831
-2081
-3046
-1762
-3014
-3043
-1256
-1556
-2296
-3980
-4279
-2927
-3757
-3774
-3429
-4180
-4017
-3291
-4894
-3520
-3607
-3283
-1362
-2647
-3003
-4105
-2316
-2265
-974
-1156
-1014
-1084
-967
-325
-516
1690
-286
-551
-36
-56
-61
679
950
1509
3433
3433
1781
2770
3285
92
1229
2812
2461
1228
1784
2954
2648
2808
2425
3837
3759
2914
2147
3673
4498
3244
1721
390
1935
3418
1922
639
1893
2045
1608
463
1040
1203
1861
2215
1580
2519
1637
920
608
1221
509
-349
-188
-1288
-1305
-1354
-1556
-1692
-2680
-4249
-3869
-2340
-3566
-4097
-3522
-3491
-5046
-5781
-5174
-5818
-4617
-5551
-5646
-3993
-4335
-4284
-3799
-2629
-2685
-3349
-2571
-1461
-1158
-1154
-980
-1375
-236
188
-1948
-2900
-2947
-2221
-1591
-1359
743
1188
1097
1334
-1
1318
3339
1057
285
1840
-90
-1603
1733
1781
1162
4968
2661
3330
2715
1829
3277
1944
2545
2158
2481
2007
1684
1842
1236
1307
1160
1314
1446
1799
1074
719
2727
1888
2091
2357
3302
3118
2688
3037
2421
1730
1979
2076
996
209
-1128
-2384
-2661
-2134
-2175
-885
-2714
-3112
-2496
-3562
-3812
-2545
-4156
-2719
-2277
-3520
-3010
-3811
-2945
-4761
-3789
-3396
-2464
-2535
-2737
-2944
-2240
-1558
-1941
-1576
-2256
-2054
-2497
-2066
-2656
-2171
-2352
-1630
-176
1153
363
-438
1495
1114
1084
209
450
1330
1484
1128
926
1487
3334
2695
1404
2313
1969
2498
2292
2081
1501
1988
1728
1332
1184
1764
1121
-209
1740
1599
791
1635
1255
352
1351
1853
2452
1955
2328
3621
3237
3780
2408
1769
3878
3805
2383
1458
1422
1797
764
-438
37
-161
-1986
-2072
-1092
-806
-2005
-2041
-2329
-2294
-608
-2702
-3107
-1371
-1589
-2859
-3511
-2890
-1976
-2879
-3108
-3791
-1740
-1433
-2906
-2936
-2987
-3288
-4497
-3183
-1877
-659
-2579
-2524
-1050
-304
-26
-392
-1748
-643
303
40
-1688
-756
-496
-1191
478
389
419
1382
2778
1879
2559
1536
3031
3306
1877
1752
2054
2487
1760
1337
1865
1306
1076
1141
1137
2327
1479
555
836
2007
2353
50
1877
3576
2248
2732
523
2313
3050
2459
1288
1263
2286
1949
1304
370
1970
1711
1436
1037
707
-294
-717
-981
-988
-116
978
-554
-1199
-370
-427
-164
-639
-125
-707
-456
-581
-1999
-1959
-851
-1094
-3314
-2984
-2554
-2597
-3536
-2526
-721
-1894
-512
-120
15
600
1879
-606
-392
1606
-238
9
1121
-192
-109
161
-1391
-60
-12
1364
1106
993
1453
1106
1655
1784
1596
866
786
1234
970
-189
946
1521
1390
1150
489
2148
1291
392
929
2102
2140
2109
2079
814
2584
2037
-621
917
1920
492
958
1284
2278
1998
102
405
2335
3115
2430
2539
3549
3338
3070
2229
2380
1519
316
-945
-547
911
-358
-309
-1864
-1783
-611
-1909
-2772
-2053
-2298
-3774
-5196
-4714
-2526
-2857
-4083
-3141
-2285
-1775
-1746
-2917
-2570
-812
-844
-1897
-792
379
-1317
-1360
562
-830
-2464
-890
-26
-436
860
1004
1099
1494
326
432
1765
755
471
454
1237
1296
-75
144
170
1770
-170
135
1302
1744
1496
898
2878
2403
2863
2386
2089
1943
3037
1535
-568
1050
1825
1158
-507
246
400
308
50
433
689
1856
2350
1502
3185
2935
2540
2653
3052
2810
3066
2524
2412
3267
322
-117
103
-1531
-129
-740
-656
-398
-2428
-1944
-1732
-2197
-1872
-1741
-2583
-1622
-1469
-1351
-730
-1089
-954
