-25
-2
7
7
-22
-33
0
-9
-22
-24
14
0
-9
-7
21
11
37
32
13
2
6
33
18
14
15
-3
10
24
14
-16
9
24
-1
22
4
34
57
23
36
29
21
-1
1
-3
6
2
-11
-1
-4
-4
-1
0
0
-5
-4
-1
-4
0
-7
0
0
-1
4
3
12
16
14
12
15
19
18
13
13
6
7
3
2
-2
-8
0
1
-5
-9
-8
-11
-6
-8
-8
-2
1
-7
-9
-1
-8
-3
-5
-4
-8
-5
-11
-1
3
0
2
0
2
1
8
14
14
15
19
17
15
15
19
16
16
12
12
13
14
14
19
13
10
19
12
16
15
12
9
10
11
5
7
1
5
3
4
7
4
3
7
10
9
9
4
12
11
11
15
10
18
18
19
23
20
22
17
14
14
12
15
11
15
8
7
4
5
7
0
2
0
2
-1
0
-3
2
9
12
7
11
10
12
17
11
17
11
9
9
6
7
7
6
11
8
13
11
14
14
12
19
18
13
20
19
20
21
20
21
23
23
27
27
26
29
31
35
34
34
32
36
34
36
37
31
35
32
28
19
17
12
13
12
9
13
15
17
15
16
18
17
15
20
22
25
29
27
27
31
33
39
30
33
29
32
30
28
26
20
22
17
14
17
14
8
7
12
9
9
8
6
10
8
5
3
1
4
1
-2
-1
0
0
-3
-3
-2
0
-1
2
5
0
2
1
2
2
0
0
2
1
2
2
-4
-3
-4
-4
0
-5
-2
-3
-9
1
0
-3
1
0
-1
-3
-3
0
-2
2
3
1
3
3
3
3
4
7
9
7
5
3
6
7
11
9
8
10
13
12
18
22
15
21
26
20
18
15
21
18
11
7
21
10
7
12
1
-3
-6
-3
-6
-9
-3
-6
-16
-10
-19
-30
-33
-25
-30
-30
-26
-24
-19
-14
-14
-13
-15
-11
-4
-7
-6
-12
-12
-19
-14
-9
-16
-13
-15
-14
-17
-16
-19
-25
-22
-25
-27
-30
-32
-35
-35
-34
-48
-53
-53
-56
-50
-62
-65
-62
-62
-60
-61
-58
-49
-50
-36
-38
-29
-14
-8
-6
1
6
10
27
31
29
32
43
47
48
46
48
35
41
38
29
33
24
22
11
1
6
1
0
-7
-9
-8
-17
-16
-16
-17
-9
-15
-7
-9
-12
-3
-3
6
3
3
8
17
19
19
22
29
31
27
32
32
31
33
36
29
28
27
35
30
20
22
18
16
24
19
8
10
4
5
-7
-11
-10
-14
-10
-17
-27
-28
-41
-25
-33
-42
-29
-54
-45
-40
-45
-42
-50
-50
-49
-45
-36
-40
-45
-38
-29
-31
-26
-22
-18
-12
-7
-2
-9
-3
0
-3
-8
-3
-9
-6
-17
-23
-25
-33
-24
-38
-45
-43
-44
-42
-42
-55
-57
-54
-56
-44
-52
-54
-50
-38
-41
-35
-23
-23
-24
-20
-15
-4
-12
-10
4
-5
0
11
14
11
19
20
18
23
22
16
15
18
14
8
1
-5
-8
-21
-21
-26
-32
-37
-38
-30
-35
-34
-27
-26
-24
-27
-20
-10
-17
-9
-11
-9
-9
-8
-7
-10
-5
-7
-7
-9
-2
6
-3
6
-1
0
-2
-1
-10
-11
-7
-5
-3
-12
-17
-18
-23
-22
-23
-38
-34
-44
-51
-39
-42
-34
-33
-37
-21
-18
-22
-16
-10
-17
-3
1
-3
-8
-11
-10
-1
5
11
0
8
2
4
12
10
5
2
7
12
11
5
-1
3
-5
6
11
6
5
9
-1
-8
-1
-13
-17
-12
-7
-17
0
-3
0
2
0
14
0
4
4
2
9
14
16
24
22
15
14
27
28
18
18
17
20
24
17
18
15
21
15
9
18
24
14
15
19
8
6
0
0
-9
-6
-15
-14
-16
-19
-21
-13
-17
-18
-20
-23
-25
-25
-21
-14
-13
-11
-17
-18
-16
-13
-5
-10
-1
3
-1
6
9
7
11
18
18
15
22
29
30
20
17
20
18
6
7
-7
-6
-9
-7
-2
-11
-5
-15
-14
-12
-10
-13
-12
-19
-16
-8
-8
-11
-8
-7
-11
-10
-17
-14
-18
-19
-10
-12
-16
-12
-11
-17
-19
-7
-14
-5
-3
-3
-2
-3
0
6
1
9
12
7
1
5
-8
-12
-12
-18
-14
-4
-7
-13
-1
0
-5
-8
-3
-11
-18
-24
-22
-17
-25
-26
-36
-30
-24
-26
-24
-25
-21
-14
-6
-11
-19
-30
-24
-30
-23
-26
-23
-20
-23
-26
-30
-29
-23
-13
-19
-15
-11
-12
-5
-9
8
22
16
20
24
27
26
20
16
10
8
0
-11
-5
-5
-19
-19
-22
-15
-10
-19
-17
-18
-11
-13
-8
-3
-11
-13
-6
-11
-4
0
-6
-6
-7
-12
-9
-15
-2
7
4
13
19
15
22
12
18
16
17
18
18
18
25
21
21
25
20
26
19
14
7
8
2
-8
7
3
-6
-5
3
-2
4
-1
-9
6
9
0
0
2
2
-10
-6
7
9
7
11
6
0
3
1
7
7
8
12
14
16
12
10
8
3
-9
-10
-8
-8
-14
-13
-17
-14
-18
-24
-18
-29
-32
-29
-25
-32
-34
-33
-40
-45
-40
-42
-48
-48
-37
-35
-36
-31
-32
-34
-28
-34
-37
-27
-24
-20
-6
1
-2
-2
8
8
5
11
14
8
20
15
6
13
19
8
3
9
6
5
7
4
-1
1
-1
-11
-6
-8
-11
-9
-14
-24
-29
-27
-25
-20
-14
-18
-11
-7
-6
-8
0
-1
4
1
1
18
14
9
11
15
7
15
19
18
19
9
8
8
6
16
18
19
7
11
11
13
5
4
5
0
-8
-2
-21
-27
-20
-24
-26
-37
-53
-21
8
-1
4
-9
2
-2
3
2
-9
-6
-16
-8
-5
-12
-1
-3
-13
-3
-8
-13
-1
-3
-8
5
6
15
14
12
16
11
9
4
10
15
3
9
4
5
-1
-3
5
4
-5
-8
-3
-1
-4
-16
-12
-19
-24
-15
-7
-6
-10
-14
-15
-11
-17
-16
-16
-11
-10
-13
-13
-3
-4
-4
-1
-10
-3
-4
-2
-6
-5
-8
-6
-1
-5
-3
0
0
-2
-7
-6
-12
-14
-12
-6
-11
-22
-16
-16
-8
-12
-15
-14
-12
-6
-15
-5
0
-2
5
8
1
-5
0
3
0
-3
-6
-5
-3
8
0
1
-6
0
7
10
17
4
20
19
15
27
17
31
31
39
34
37
43
28
30
31
40
33
29
29
32
23
37
33
27
23
22
16
24
26
28
25
21
29
29
24
26
25
27
40
29
50
42
43
40
34
43
44
48
47
52
45
48
47
47
51
37
48
51
46
35
49
33
32
29
28
26
28
27
18
27
18
17
27
27
26
31
21
29
29
35
31
35
33
24
34
29
20
27
39
32
36
26
32
33
31
26
32
30
17
30
18
22
23
19
23
14
25
24
21
28
35
30
36
37
36
24
21
25
26
30
25
25
24
27
27
28
21
15
16
21
23
19
19
15
17
16
21
28
31
36
17
18
23
19
15
9
19
19
19
17
17
13
17
12
16
10
1
16
13
10
18
10
8
9
16
21
15
12
22
14
5
17
18
8
12
18
15
17
16
14
20
16
20
22
12
15
26
26
23
27
19
21
18
31
23
18
32
22
25
33
34
21
17
13
18
29
19
26
26
18
27
22
8
25
23
17
20
19
25
27
34
32
36
37
30
29
41
36
33
35
36
35
38
46
34
34
30
26
38
28
32
26
24
20
12
12
14
8
0
14
4
7
14
4
1
-1
1
4
12
12
9
0
-6
-2
0
6
9
3
-4
-2
4
4
15
1
8
2
-5
0
-6
-2
-11
-3
-10
-17
-17
-24
-18
-28
-28
-33
-43
-41
-44
-49
-45
-40
-41
-29
-33
-35
-34
-25
-28
-29
-31
-31
-33
-27
-30
-41
-38
-35
-26
-24
-23
-26
-25
-28
-33
-32
-31
-17
-21
-32
-27
-28
-24
-27
-20
-28
-17
-15
-23
-33
-25
-29
-28
-29
-39
-44
-30
-36
-25
-30
-34
-34
-21
-30
-23
-22
-27
-22
-14
-21
-16
-5
-13
-7
-7
-14
-14
-12
-16
2
-3
-14
-4
-8
-16
-13
-7
-16
-17
-8
-11
-15
-19
-23
-19
-21
-22
-27
-30
-34
-37
-26
-20
-13
-21
-26
-21
-19
-13
-13
-17
-17
-13
-19
-20
-20
-18
-23
-29
-26
-18
-20
-14
-21
-23
-17
-12
-13
-10
-11
-15
-15
-19
-16
-16
-19
-19
-14
-20
-21
-18
-17
-21
-27
-29
-27
-21
-22
-22
-19
-25
-23
-25
-28
-18
-25
-13
-11
-6
-7
-10
-10
0
-8
-9
-7
-10
-2
-10
-8
0
8
1
9
9
2
2
14
17
17
14
11
1
0
4
-5
1
5
-10
2
-3
-5
-5
-4
-3
-5
1
-2
1
0
-10
-3
-2
-1
-6
12
8
8
14
-6
2
0
-6
-6
2
-8
-14
0
-4
-2
-1
0
-1
-4
-9
-5
3
1
-1
1
1
0
-3
5
-4
-7
-11
-18
0
-3
2
0
-5
-2
-3
0
-2
0
6
1
-4
-8
4
10
6
2
0
1
1
-6
0
3
-1
1
2
8
2
-1
8
11
10
2
0
12
6
15
14
14
16
11
8
16
18
13
7
3
17
12
14
15
16
9
14
25
23
10
19
17
21
25
21
27
32
27
22
33
29
33
30
30
21
19
34
24
19
17
15
9
14
29
10
19
19
7
15
19
8
8
4
5
12
5
15
17
16
19
14
17
13
19
19
26
32
20
10
14
22
22
24
19
11
16
24
22
25
21
25
22
11
8
9
8
3
4
2
3
6
8
11
10
10
6
4
13
9
5
8
7
1
3
5
3
5
7
3
2
15
13
19
12
14
17
4
-8
-4
-5
-2
0
3
-4
-4
-10
-5
-4
-7
1
0
-10
4
-1
-6
4
0
-10
-8
-11
-4
-2
-5
-9
-12
-10
-12
-20
-19
-27
-14
-26
-28
-30
-33
-22
-31
-26
-33
-27
-23
-28
-30
-25
-17
-12
-10
-10
-4
-13
-11
-7
-10
-17
-10
-4
-18
-19
-15
-15
-7
0
-6
-6
-13
-8
-3
0
0
-13
-9
-5
-9
1
2
-10
-8
-12
-21
-15
-15
-15
-23
-28
-22
-16
-19
-18
-12
-12
-16
-23
-16
-27
-19
-16
-35
-26
-25
-23
-27
-25
-16
-32
-32
-31
-34
-24
-31
-36
-30
-21
-16
-23
-18
-22
-31
-27
-25
-27
-25
-36
-31
-31
-32
-36
-30
-31
-42
-40
-44
-34
-32
-37
-33
-33
-26
-32
-36
-25
-28
-25
-30
-22
-24
-31
-26
-26
-30
-24
-20
-24
-24
-24
-27
-21
-15
-11
-13
-17
-15
-16
-17
-20
-9
-7
-14
-16
-12
-26
-17
-18
-26
-12
-22
-18
-20
-16
-20
-17
-14
-12
-21
-16
-7
-18
-10
-11
-15
-15
-18
-10
-10
-20
-17
-30
-15
-14
-19
-8
-16
-6
-23
-13
-6
-16
-17
-5
-2
-17
-21
-22
-30
-29
-26
-23
-31
-32
-20
-29
-39
-35
-33
-32
-28
-27
-29
-27
-25
-26
-25
-35
-24
-30
-30
-29
-20
-30
-38
-20
-30
-28
-22
-27
-38
-25
-18
-28
-15
-9
-10
-15
-15
-16
-15
-10
-10
-26
-28
-22
-11
-19
-16
-10
-25
-23
-21
-26
-21
-23
-17
-24
-21
-10
-16
-18
-7
-9
-13
-4
-9
-10
-10
-18
-11
-16
-7
-7
-10
-16
-9
-4
-10
-3
-7
0
1
0
2
4
2
-4
-5
-6
-6
-7
-3
-7
0
-2
4
-6
-7
5
-5
-19
-14
-18
-16
-18
-12
-17
-19
-13
-17
-15
-19
-13
-22
-21
-18
-18
-8
-23
-22
-12
-9
-13
-16
-15
-3
-3
-4
0
2
8
9
3
-1
12
7
-6
9
9
-6
-2
-12
-9
-19
-21
-17
-26
-26
-13
-16
-21
-18
-17
-25
-24
-22
-16
-10
-15
-21
-14
-29
-20
-13
-10
-5
-12
-22
-7
-11
-24
-11
-11
-5
-2
0
3
0
2
0
-6
-6
1
-2
-6
-7
-11
-7
-2
-17
-24
-16
-8
-13
-14
-3
-12
-17
-11
-17
-19
-2
-9
-2
-16
-11
-11
-13
-3
0
-17
-10
-11
-16
-12
-17
-23
-18
-7
-17
-5
0
2
-2
-1
0
2
0
-1
-6
-7
-12
1
4
-9
-14
-10
-20
-10
-6
-13
-12
-11
-15
-21
-10
-27
-33
-18
-12
-19
-20
-24
-22
-25
-23
-20
-23
-22
-12
-20
-12
-11
0
-7
-5
10
0
2
6
8
-1
-2
5
-3
2
-5
1
-2
-1
-7
-8
-6
-13
0
-5
-2
-16
-14
-6
-9
-14
-10
-7
-20
-21
-14
-9
-19
-11
-11
-8
-7
-14
-6
-2
0
-2
3
3
12
7
12
5
8
1
3
16
0
13
18
17
12
10
12
13
2
-12
-13
-6
-2
-22
-15
-19
-21
-14
-11
-6
-9
-4
-1
0
0
-13
-19
-15
-5
-3
-12
-3
8
-4
-5
5
6
17
14
14
10
20
16
14
19
24
17
5
7
9
4
-6
0
-6
-4
-3
-5
-4
-4
-15
0
-4
-10
-22
-11
-13
-24
-17
-3
-7
-10
-3
-3
0
-1
0
8
9
0
4
0
3
4
9
5
7
7
0
11
13
17
17
20
22
28
36
25
21
28
23
27
23
15
3
8
1
1
1
0
2
1
2
-7
6
0
9
11
-1
0
8
-1
2
6
12
16
-1
9
13
5
6
2
4
0
8
16
3
3
-1
-9
0
-12
-9
-14
-26
-27
-28
-34
-24
-17
-16
-14
-16
-9
-7
-18
-16
-18
-20
-22
-23
-18
-15
-8
-6
-12
-17
-9
-13
-13
-8
-10
-13
-8
-5
-17
-17
-13
-16
-14
-14
-9
-1
-11
-9
-5
1
1
1
0
6
6
4
7
10
3
7
18
8
6
9
18
5
3
4
10
19
21
24
17
22
17
19
19
28
29
23
26
41
25
27
33
27
38
34
26
24
31
33
23
17
25
26
14
17
12
2
5
7
4
8
4
-2
0
-2
6
9
0
5
7
2
8
13
12
9
12
14
12
9
15
15
10
12
18
22
14
15
18
10
13
12
13
12
2
0
-6
-4
-3
0
-2
7
3
9
7
3
9
5
12
6
9
3
7
-10
-4
-4
-2
4
2
12
6
1
18
23
9
23
28
25
18
24
27
27
33
18
21
23
23
22
21
18
34
18
20
21
24
22
27
30
22
22
28
22
22
31
23
17
26
28
22
31
27
33
30
23
36
41
43
42
40
40
39
43
40
39
47
44
40
41
46
48
32
41
36
32
35
27
30
28
31
25
18
21
12
15
17
22
23
19
20
27
37
26
25
30
34
29
38
37
24
21
27
22
18
17
25
15
23
30
11
14
13
11
21
16
16
25
22
16
20
16
18
10
10
13
13
14
13
6
20
5
11
17
16
15
12
13
4
3
0
9
16
1
7
5
12
7
9
14
6
5
15
6
-7
5
0
9
9
2
3
5
4
-1
-1
2
6
-5
-9
-2
0
0
-6
-1
7
1
5
0
-1
-4
-8
-4
-2
2
1
0
9
4
8
-6
8
10
12
8
5
16
9
13
23
22
27
26
22
32
27
21
22
25
29
20
13
19
29
24
32
30
26
24
17
24
23
32
32
24
21
30
17
15
11
3
0
0
4
-8
-2
7
6
11
6
3
3
4
3
0
1
0
1
1
-2
-1
-5
2
10
9
13
10
15
10
3
1
0
1
1
-7
1
-4
-6
-6
2
8
2
-1
-1
3
-7
-13
-15
-11
-9
-15
-9
-9
-13
-16
-10
-15
-16
-20
-26
-31
-23
-30
-29
-26
-21
-21
-17
-16
-20
-23
-10
-14
-20
-18
-23
-17
-16
-15
-23
-27
-35
-27
-34
-26
-27
-31
-24
-29
-25
-33
-38
-39
-36
-45
-49
-47
-42
-45
-47
-48
-44
-40
-44
-42
-37
-29
-38
-31
-38
-28
-34
-44
-50
-50
-47
-43
-60
-52
-45
-44
-38
-46
-31
-35
-32
-34
-39
-35
-27
-30
-34
-28
-30
-40
-32
-33
-45
-48
-37
-42
-40
-41
-29
-43
-35
-48
-45
-45
-64
-63
-67
-58
-55
-49
-52
-43
-46
-42
-51
-58
-41
-53
-59
-59
-63
-65
-59
-58
-56
-50
-55
-61
-59
-55
-63
-58
-56
-63
-56
-48
-41
-53
-54
-61
-65
-60
-62
-60
-51
-44
-40
-57
-53
-46
-56
-49
-45
-35
-44
-36
-55
-50
-41
-49
-47
-45
-35
-33
-30
-38
-50
-26
-31
-7
-11
-20
-14
-6
-10
-14
-5
32
7
-21
19
20
17
24
25
12
12
60
58
-17
26
59
34
53
20
41
30
38
56
21
28
30
32
45
35
-7
37
69
4
17
30
59
55
-6
31
68
40
24
18
43
23
19
10
-1
4
16
-10
-16
17
-4
-18
29
-14
-66
9
5
-77
-47
-50
-33
-68
-81
-50
-96
-63
-91
-74
-80
-100
-83
-80
-96
-86
-74
-95
-102
-113
-91
-118
-109
-78
-128
-103
-96
-111
-132
-101
-91
-95
-114
-109
-91
-116
-126
-105
-100
-117
-112
-97
-99
-110
-104
-76
-93
-102
-97
-88
-80
-107
-98
-85
-96
-104
-99
-79
-92
-82
-82
-72
-66
-79
-54
-54
-61
-60
-59
-29
-40
-23
-47
21
-37
115
-15
413
-163
-769
-163
-469
-251
-288
-117
-24
-133
31
451
439
588
741
768
918
1108
1176
1232
1370
1387
1432
1465
1412
1452
1367
1254
1163
964
744
532
375
222
6
-279
-405
-614
-800
-930
-1054
-1173
-1230
-1250
-1257
-1178
-1118
-1000
-875
-740
-552
-378
-209
-40
128
281
430
548
665
731
774
772
763
715
628
531
393
257
74
-94
-270
-464
-639
-811
-949
-1075
-1159
-1219
-1281
-1283
-1278
-1232
-1151
-1065
-955
-836
-715
-563
-408
-254
-133
-14
101
169
236
285
304
284
252
196
123
24
-102
-249
-393
-547
-719
-880
-1037
-1203
-1341
-1463
-1564
-1632
-1699
-1743
-1761
-1736
-1706
-1650
-1570
-1510
-1404
-1284
-1179
-1065
-935
-837
-747
-654
-579
-519
-487
-457
-461
-469
-497
-557
-624
-712
-821
-923
-1057
-1179
-1294
-1433
-1559
-1666
-1780
-1886
-1963
-2022
-2065
-2083
-2084
-2054
-2014
-1958
-1882
-1791
-1679
-1569
-1453
-1325
-1199
-1082
-958
-842
-740
-658
-581
-532
-504
-470
-474
-500
-537
-590
-656
-743
-826
-921
-1020
-1122
-1214
-1296
-1355
-1397
-1435
-1449
-1444
-1428
-1372
-1305
-1220
-1110
-993
-851
-688
-527
-341
-150
60
262
472
676
884
1087
1276
1469
1634
1784
1910
2019
2103
2173
2236
2272
2290
2290
2285
2285
2282
2290
2295
2307
2341
2390
2459
2548
2647
2760
2920
3070
3270
3474
3675
3905
4150
4388
4630
4880
5115
5328
5528
5723
5888
6028
6155
6240
6313
6355
6375
6372
6320
6252
6170
6062
5938
5807
5677
5532
5390
5262
5127
5021
4933
4844
4783
4730
4709
4696
4688
4720
4757
4804
4865
4929
5001
5078
5157
5232
5294
5347
5390
5408
5399
5368
5305
5231
5127
5003
4844
4678
4486
4282
4052
3822
3580
3334
3100
2861
2643
2446
2254
2084
1951
1836
1733
1673
1624
1609
1600
1614
1656
1702
1747
1784
1834
1893
1929
1957
1959
1945
1910
1853
1773
1670
1535
1373
1198
1000
786
538
286
26
-224
-483
-749
-991
-1235
-1445
-1649
-1845
-1988
-2127
-2247
-2326
-2389
-2419
-2420
-2405
-2378
-2348
-2300
-2241
-2205
-2156
-2136
-2123
-2121
-2158
-2215
-2288
-2407
-2544
-2702
-2898
-3122
-3344
-3585
-3853
-4104
-4370
-4637
-4887
-5129
-5348
-5536
-5706
-5833
-5946
-6007
-6050
-6066
-6045
-5996
-5908
-5808
-5678
-5543
-5409
-5252
-5115
-4977
-4845
-4744
-4664
-4610
-4589
-4586
-4616
-4669
-4757
-4848
-4986
-5138
-5300
-5469
-5662
-5819
-5991
-6150
-6281
-6401
-6494
-6553
-6571
-6562
-6519
-6425
-6314
-6153
-5976
-5777
-5554
-5321
-5071
-4822
-4578
-4353
-4142
-3955
-3783
-3646
-3559
-3476
-3449
-3436
-3461
-3521
-3591
-3686
-3804
-3937
-4067
-4194
-4326
-4429
-4529
-4604
-4656
-4672
-4656
-4597
-4509
-4380
-4218
-4015
-3780
-3537
-3261
-2977
-2695
-2413
-2140
-1879
-1635
-1429
-1240
-1100
-980
-894
-856
-854
-883
-955
-1052
-1174
-1318
-1461
-1635
-1786
-1935
-2065
-2182
-2274
-2323
-2347
-2334
-2277
-2188
-2062
-1903
-1711
-1492
-1237
-983
-710
-430
-173
74
312
522
708
867
971
1039
1072
1068
1018
938
826
684
515
335
138
-55
-238
-410
-550
-679
-781
-845
-858
-840
-789
-680
-533
-352
-137
97
351
610
891
1162
1433
1688
1904
2103
2254
2361
2431
2463
2449
2398
2303
2173
2034
1867
1677
1472
1271
1072
895
731
583
482
393
362
373
418
523
640
807
1006
1225
1462
1704
1967
2223
2463
2692
2878
3044
3166
3238
3274
3268
3211
3103
2969
2801
2599
2368
2131
1883
1623
1374
1143
931
736
579
463
400
373
388
466
559
709
889
1099
1328
1581
1829
2082
2333
2561
2762
2927
3054
3142
3186
3167
3115
3007
2861
2682
2458
2221
1969
1699
1424
1181
940
732
561
424
324
276
285
323
409
543
722
935
1173
1434
1706
1974
2244
2490
2709
2897
3053
3164
3220
3227
3193
3108
2975
2807
2603
2362
2107
1834
1569
1310
1057
848
648
488
377
312
295
324
419
538
709
918
1155
1414
1664
1945
2183
2410
2624
2783
2899
2979
3010
2973
2889
2766
2593
2374
2133
1869
1573
1284
995
702
438
212
17
-139
-239
-280
-281
-228
-120
30
213
438
689
966
1242
1518
1799
2028
2232
2419
2540
2603
2619
2599
2515
2373
2205
1989
1734
1459
1186
883
605
341
97
-105
-266
-381
-446
-452
-393
-282
-125
91
335
607
912
1220
1513
1817
2094
2331
2530
2680
2779
2812
2794
2724
2584
2421
2194
1956
1686
1397
1111
835
586
352
164
10
-85
-140
-135
-69
46
209
411
651
914
1181
1464
1715
1947
2166
2325
2429
2479
2462
2382
2257
2072
1836
1569
1253
926
584
238
-100
-413
-713
-960
-1154
-1306
-1399
-1431
-1395
-1290
-1145
-954
-724
-474
-209
50
310
559
765
925
1027
1088
1086
1021
887
702
458
188
-116
-449
-785
-1129
-1450
-1750
-2007
-2226
-2381
-2495
-2537
-2540
-2460
-2321
-2153
-1913
-1660
-1376
-1075
-787
-507
-254
-51
111
208
256
222
129
-16
-232
-484
-786
-1109
-1434
-1773
-2092
-2384
-2644
-2846
-3000
-3096
-3133
-3091
-2978
-2814
-2597
-2338
-2039
-1730
-1413
-1099
-810
-548
-345
-198
-100
-72
-112
-215
-382
-615
-891
-1214
-1556
-1905
-2242
-2565
-2852
-3115
-3315
-3456
-3524
-3520
-3465
-3339
-3168
-2916
-2658
-2346
-2065
-1660
-1413
-1242
-914
-746
-638
-526
-605
-693
-760
-982
-1180
-1487
-1801
-2118
-2410
-2676
-2956
-3179
-3336
-3468
-3446
-3418
-3333
-3154
-2944
-2657
-2341
-2019
-1689
-1347
-1011
-718
-480
-287
-173
-98
-89
-147
-275
-453
-678
-915
-1161
-1446
-1704
-1937
-2142
-2267
-2373
-2411
-2364
-2263
-2072
-1844
-1578
-1266
-921
-559
-223
101
390
645
854
991
1062
1076
1017
925
782
589
366
120
-92
-299
-486
-642
-748
-787
-776
-700
-567
-372
-131
157
461
781
1086
1382
1673
1898
2085
2212
2264
2263
2208
2073
1901
1682
1433
1172
909
656
426
239
91
-1
-35
0
86
224
407
630
874
1124
1373
1607
1809
1968
2073
2122
2109
2042
1903
1714
1495
1251
963
680
410
161
-59
-246
-375
-451
-472
-429
-339
-203
-21
168
375
593
792
955
1084
1171
1218
1199
1135
1021
857
660
448
217
-8
-219
-425
-597
-717
-801
-825
-806
-738
-637
-501
-340
-178
12
182
328
454
536
589
595
557
479
365
225
56
-123
-290
-462
-581
-705
-769
-806
-813
-746
-655
-532
-376
-210
-40
128
283
417
521
573
594
575
523
438
325
198
60
-75
-204
-312
-374
-416
-424
-371
-294
-172
-27
127
303
473
633
770
886
963
991
990
955
884
780
652
504
368
243
116
38
-19
-25
3
66
172
285
438
601
791
954
1076
1195
1267
1306
1314
1262
1176
1078
945
803
661
522
410
331
294
269
294
367
457
589
736
888
1033
1172
1293
1367
1411
1406
1371
1309
1213
1073
925
780
629
510
397
322
279
282
331
409
507
622
762
897
1022
1115
1182
1218
1210
1164
1069
954
805
645
462
313
165
40
-36
-99
-121
-101
-51
33
142
242
356
446
510
566
572
545
489
395
280
126
-14
-150
-280
-392
-480
-538
-554
-537
-505
-446
-372
-287
-198
-124
-61
-39
-42
-58
-109
-206
-302
-408
-519
-619
-705
-777
-819
-818
-794
-735
-659
-561
-466
-355
-279
-207
-157
-131
-141
-178
-226
-319
-408
-497
-587
-654
-699
-720
-694
-647
-575
-481
-381
-260
-151
-52
22
75
109
114
77
15
-48
-140
-229
-300
-363
-400
-403
-384
-338
-251
-167
-57
37
127
210
259
289
292
260
211
142
58
-14
-85
-141
-180
-197
-197
-163
-104
-17
58
138
226
274
322
332
310
287
226
157
93
22
-44
-91
-119
-128
-106
-60
-11
72
130
203
257
293
308
286
250
185
121
48
-28
-103
-157
-201
-207
-202
-182
-142
-91
-13
45
78
109
115
89
53
-7
-79
-156
-218
-280
-322
-360
-358
-332
-285
-234
-169
-109
-57
-17
-6
-4
-41
-94
-161
-238
-316
-380
-443
-477
-489
-473
-444
-398
-335
-272
-208
-162
-134
-127
-147
-173
-218
-295
-351
-406
-464
-490
-502
-494
-458
-409
-356
-289
-233
-182
-145
-141
-154
-178
-224
-268
-326
-387
-408
-424
-420
-416
-373
-311
-261
-203
-147
-119
-86
-78
-92
-128
-164
-212
-268
-299
-334
-351
-341
-316
-281
-224
-180
-138
-104
-88
-99
-122
-137
-184
-230
-274
-317
-325
-333
-322
-295
-252
-258
-99
-86
-150
-19
-97
-108
-84
-207
-215
-282
-311
-288
-348
-313
-296
-244
-190
-134
-91
-78
-48
-51
-69
-106
-150
-207
-249
-273
-313
-308
-300
-257
-206
-170
-112
-85
-52
-23
-30
-42
-59
-87
-96
-124
-144
-139
-136
-100
-62
-32
-11
9
24
22
19
-8
-29
-62
-69
-98
-116
-98
-79
-45
-5
23
60
92
96
105
107
93
80
57
35
21
16
23
42
69
83
116
150
162
180
173
157
143
111
93
80
73
81
77
101
133
156
180
203
216
221
211
200
170
156
147
131
127
121
137
143
178
196
218
231
227
235
222
214
189
184
167
166
166
168
175
195
203
213
220
221
218
204
203
185
182
174
181
184
192
204
222
224
233
233
231
217
206
201
186
178
177
161
170
187
172
178
193
203
197
192
190
185
174
171
168
171
187
192
206
220
240
242
244
241
232
236
216
212
205
202
202
203
217
223
216
221
219
208
187
186
170
151
153
153
151
157
164
183
185
184
190
182
179
168
165
151
147
147
136
143
139
138
148
155
154
156
145
141
137
117
107
101
101
103
101
98
101
92
86
93
99
89
84
84
74
59
51
54
46
41
38
24
21
15
18
12
-5
-3
-12
-14
-14
-14
-24
-35
-29
-43
-38
-44
-43
-56
-60
-56
-52
-62
-62
-42
-46
-39
-39
-42
-49
-46
-42
-46
-54
-64
-68
-80
-83
-96
-109
-107
-125
-139
-152
-163
-174
-190
-191
-195
-198
-208
-216
-214
-222
-222
-220
-223
-238
-226
-237
-243
-247
-251
-242
-249
-253
-250
-248
-259
-261
-254
-264
-264
-275
-276
-266
-273
-280
-288
-288
-291
-289
-295
-307
-311
-310
-311
-316
-313
-316
-308
-307
-311
-302
-305
-309
-307
-305
-296
-288
-295
-285
-280
-288
-287
-282
-270
-267
-265
-265
-260
-253
-243
-249
-229
-233
-222
-217
-216
-216
-210
-207
-204
-201
-190
-184
-185
-182
-181
-174
-178
-179
-179
-174
-165
-167
-161
-157
-166
-156
-166
-157
-152
-155
-152
-157
-160
-166
-175
-176
-174
-167
-174
-177
-174
-173
-161
-169
-163
-165
-181
-168
-158
-159
-160
-153
-143
-142
-139
-125
-125
-122
-100
-99
-103
-100
-85
-80
-88
-84
-87
-77
-71
-73
-60
-43
-41
-32
-31
-28
-15
-13
-9
-2
5
14
14
19
25
26
28
35
33
27
23
19
28
28
33
40
50
56
62
64
64
63
64
63
64
64
68
77
82
98
94
99
85
93
102
88
99
96
101
107
108
103
102
104
100
100
95
88
87
84
82
79
83
78
75
73
75
75
70
79
55
54
68
76
77
72
67
61
69
76
79
83
89
96
91
91
90
100
100
95
100
100
100
102
92
92
91
89
89
84
83
84
84
80
76
80
84
85
93
94
102
101
111
118
111
113
104
106
96
99
98
93
95
86
75
83
64
65
73
68
69
68
62
65
73
71
81
70
71
72
76
78
79
79
87
97
103
117
116
114
122
124
121
127
126
113
110
115
113
110
97
91
92
83
89
76
63
56
64
60
54
62
56
50
36
39
39
35
31
34
31
38
42
40
42
52
50
55
55
46
51
43
50
45
42
42
46
41
39
41
37
31
26
31
43
31
22
28
19
12
15
14
5
4
4
-7
-5
-1
-5
0
3
0
0
-10
0
11
-1
-3
10
6
6
4
10
15
26
33
35
30
27
26
35
40
60
56
64
75
76
84
91
97
93
92
92
92
87
87
84
84
70
51
47
51
34
23
6
11
-4
-4
1
-3
-17
-27
-27
-38
-43
-47
-54
-50
-56
-60
-54
-55
-48
-53
-37
-45
-56
-53
-57
-47
-58
-57
-52
-41
-45
-38
-30
-33
-37
-48
-38
-34
-41
-40
-47
-33
-26
-28
-22
-23
-25
-39
-34
-35
-24
-21
-21
-15
-10
0
3
19
23
20
30
35
38
39
40
43
52
49
44
45
45
40
45
54
43
56
48
44
50
48
54
58
57
44
51
65
63
59
54
58
60
47
47
42
35
20
15
15
16
15
18
22
20
19
30
25
17
16
9
5
7
14
10
6
16
24
15
16
14
14
10
7
3
1
-3
-14
-9
-17
-23
-22
-21
-42
-32
-29
-47
-36
-34
-48
-41
-38
-30
-34
-39
-35
-38
-30
-27
-22
-23
-19
-4
-7
-5
12
3
13
8
13
10
10
11
9
10
8
8
-3
-7
-8
-11
0
2
3
8
-1
-4
6
11
20
11
19
18
16
24
19
30
35
51
46
37
38
25
20
22
18
11
6
2
5
0
-5
-5
-7
-18
-15
1
3
-2
0
11
12
13
8
10
8
18
14
18
21
23
13
19
15
14
15
11
6
2
0
4
1
-1
-9
-11
-14
-19
-19
-22
-21
-27
-28
-34
-33
-35
-37
-38
-34
-30
-33
-23
-18
-3
9
5
9
27
25
22
16
17
17
22
32
25
15
10
17
11
7
4
2
4
5
-4
-6
-4
-10
-19
-28
-27
-31
-38
-45
-48
-49
-57
-56
-48
-54
-48
-44
-40
-43
-44
-40
-44
-49
-44
-51
-49
-48
-43
-41
-41
-43
-46
-41
-30
-36
-28
-22
-22
-11
-15
-7
-3
-4
-1
1
10
13
16
22
30
35
39
34
28
25
36
25
17
22
13
17
2
2
-8
-6
-8
-15
-24
-21
-23
-30
-28
-27
-21
-23
-24
-20
-20
-25
-15
-7
-14
-16
-4
-1
6
2
4
-3
-4
3
5
2
0
-2
-6
-3
-18
-12
-14
-19
-19
-18
-24
-21
-20
-34
-28
-33
-30
-21
-26
-20
-11
-2
12
9
12
32
32
35
39
47
44
46
44
47
51
40
41
39
36
48
28
20
20
7
4
4
-4
-10
-14
-20
-25
-23
-23
-10
-8
-14
-7
-8
-9
-4
1
3
8
7
10
0
-3
7
-5
-1
-4
0
4
-6
2
2
0
-3
0
-8
-10
-18
-25
-31
-25
-22
-30
-26
-24
-15
-12
-12
-8
-9
-3
-3
3
5
1
7
14
10
20
22
16
13
9
14
3
-10
-12
-12
-22
-28
-29
-37
-22
-26
-34
-31
-18
-15
-20
3
-2
0
15
13
27
24
26
28
32
37
32
45
37
39
32
24
17
20
14
9
6
5
3
2
8
-6
-5
4
6
0
0
6
4
6
17
3
-2
13
20
5
13
34
36
28
37
42
36
37
38
35
25
31
30
29
26
24
29
17
22
19
6
9
4
1
-6
-10
-7
-13
-19
-3
-4
-5
3
0
-2
-3
-9
-12
-17
-4
-11
-15
-13
-9
-11
-16
-8
-18
-9
-11
-9
-7
-9
-11
-19
-11
-21
-23
-30
-30
-16
-18
-16
-16
-13
-3
-3
5
-1
-1
0
0
5
14
15
7
19
6
10
9
-2
-3
-8
-16
-15
-17
-25
-14
-11
-16
-14
-15
-16
-11
-9
-11
-13
-16
-6
-5
-11
-17
-14
-24
-11
-16
-15
-14
-9
-7
-18
-10
-13
-12
-17
-12
-1
-3
0
-3
0
10
3
0
11
9
2
1
3
1
9
3
0
2
-4
-2
-8
-5
-4
-13
-8
-11
-7
-15
-19
-27
-23
-31
-40
-26
-39
-30
-31
-32
-31
-35
-25
-22
-29
-17
-23
-19
-17
-19
-7
-10
1
1
-4
-9
-3
-2
-5
-9
-10
-14
-13
-12
-15
-14
-21
-15
-16
-30
-14
-23
-22
-29
-22
-22
-27
-24
-24
-22
-28
-24
-22
-21
-18
-14
-14
-21
-8
-18
-23
-22
-24
-21
-16
-17
-18
-19
-20
-20
-19
-20
-12
-3
-13
-13
-14
-4
-6
8
11
6
11
9
17
15
25
25
23
12
12
11
14
20
10
10
6
0
0
-2
-18
-20
-26
-26
-18
-22
-23
-31
-41
-30
-22
-18
-18
-12
-16
-18
-17
-13
-1
4
11
6
9
9
6
5
10
3
7
10
6
3
-6
-10
-8
-14
-2
-6
-7
9
7
3
6
15
6
16
17
11
22
29
25
31
34
31
38
38
31
32
21
16
17
7
15
8
12
3
-5
-10
-6
-1
-9
-10
-6
-3
-12
-19
-14
-10
-8
-12
-5
-6
-4
5
2
0
3
10
0
1
9
0
-3
-13
-16
-17
-22
-19
-22
-26
-20
-26
-23
-24
-18
-18
-24
-18
-26
-35
-29
-35
-37
-34
-26
-27
-24
-18
-17
-9
-9
-6
-4
-3
9
9
8
4
21
27
25
23
31
38
38
28
29
32
23
28
36
26
26
26
14
14
16
7
7
14
12
2
4
-1
-4
-1
11
0
-4
8
7
13
11
8
6
11
16
26
23
21
28
33
26
23
15
16
33
24
20
21
12
14
20
16
18
9
7
1
13
12
3
3
-1
-6
1
-5
0
-5
-10
8
8
17
23
7
21
21
26
18
13
17
16
13
5
-5
-11
0
-9
-9
-3
-6
-5
0
2
-1
-7
-5
-1
1
10
1
9
16
21
22
24
17
21
23
21
18
8
1
-6
-5
-18
-19
-18
-27
-35
-30
-35
-41
-44
-44
-43
-46
-48
-49
-46
-41
-34
-30
-35
-33
-30
-27
-22
-20
-21
-21
-25
-29
-26
-17
-29
-27
-26
-17
-28
-38
-21
-29
-29
-20
-19
-31
-26
-15
-14
-7
0
-7
-12
-9
-2
-5
-1
1
-4
-12
-10
-5
-17
-24
-22
-21
-20
-19
-20
-16
-18
-24
-23
-18
-12
-20
-30
-24
-17
-16
-16
-15
-6
-10
-15
-12
-15
-9
-13
-16
-14
-26
-27
-34
-31
-34
-32
-36
-39
-33
-32
-45
-43
-40
-48
-43
-48
-50
-34
-29
-33
-32
-30
-27
-31
-23
-18
-18
-20
-31
-22
-27
-23
-23
-28
-30
-28
-22
-25
-27
-25
-32
-30
-30
-29
-31
-23
-24
-14
-17
-12
-7
-12
-1
1
-1
4
6
0
-1
-7
-2
-2
-3
-10
-18
-9
-6
-14
-24
-12
-5
-9
-5
-4
-3
-4
-2
8
5
13
11
14
20
18
6
-10
-7
2
-7
-23
-23
-31
-37
-37
-34
-36
-44
-43
-35
-44
-33
-24
-28
-28
-28
-16
-12
-21
-17
-15
-12
-10
-14
-13
-6
-10
-10
-17
-15
-14
-13
-18
-20
-17
-24
-18
-21
-22
-20
-22
-22
-24
-13
-30
-29
-21
-28
-28
-22
-22
-13
-12
-4
4
6
17
20
22
29
41
44
40
41
39
50
45
30
35
27
24
19
19
8
-11
-11
-9
-15
-24
-23
-34
-27
-24
-27
-25
-19
-12
-7
-4
-10
-14
-9
-2
5
9
4
7
11
20
12
12
8
12
18
13
11
9
10
-4
-2
5
2
8
7
1
-5
0
-4
-7
3
1
-1
2
8
10
8
0
8
12
19
17
19
16
15
13
11
15
15
14
13
17
6
3
4
11
0
5
9
17
15
12
12
5
6
1
-4
4
-11
-13
-15
-7
4
-1
-7
6
0
-7
2
-6
-6
2
1
0
-4
1
-6
6
-1
-7
5
-6
0
-9
-10
-8
-9
-13
-15
-7
-4
-7
-19
-18
-10
-11
-18
-10
-5
-9
-12
-6
2
-12
-6
-3
-3
-1
5
8
6
7
1
4
4
5
9
4
14
11
21
21
26
24
27
29
31
35
27
26
29
20
22
31
25
16
10
9
6
5
11
7
-4
4
11
8
9
7
-1
13
15
17
26
17
20
22
18
20
20
18
11
15
12
5
4
3
4
3
6
0
1
0
-2
4
2
-1
4
-5
1
2
6
7
-8
0
-5
0
0
3
2
-4
-3
-5
7
0
8
6
-1
4
10
11
3
3
-2
0
0
-5
-9
-13
-8
-10
-19
-11
-13
-16
-9
0
-1
-6
-3
-14
-2
1
6
3
0
5
8
12
6
13
22
17
21
24
24
31
34
33
28
35
43
38
40
39
31
34
37
38
33
27
32
37
51
51
53
64
51
53
49
54
52
53
49
46
61
65
70
71
68
55
54
53
50
57
44
36
38
36
37
35
32
26
31
18
15
15
14
17
4
6
-1
-9
0
-7
-4
-8
-5
-3
-11
-7
-1
1
-3
-3
-6
-4
-3
-8
-6
0
-9
-5
-8
-9
-13
-15
-13
-16
-17
-18
-34
-31
-32
-42
-38
-36
-36
-36
-28
-30
-23
-14
-20
-10
-4
-6
-10
-2
4
3
9
5
2
0
-3
-2
7
11
5
6
7
3
0
-1
-2
-5
-15
-21
-11
-11
-5
-5
-6
-9
-12
-6
-3
-1
-6
6
0
2
1
-2
0
0
3
-1
0
-4
-11
-6
-5
-10
-13
-8
-6
-6
-12
-11
-12
-3
4
2
-2
0
5
1
-3
-8
7
8
8
17
17
17
10
12
9
6
-8
-9
-4
1
-8
-5
-3
-7
4
-6
-12
-10
-2
-11
-6
-9
-16
-16
-16
-15
-24
-34
-28
-27
-35
-35
-37
-39
-40
-24
-27
-27
-25
-17
-15
-17
-19
-22
-18
-19
-15
-26
-26
-26
-25
-33
-35
-29
-29
-30
-26
-27
-25
-30
-31
-30
-43
-34
-37
-40
-42
-40
-34
-28
-16
-16
-19
-13
-24
-23
-26
-24
-11
-12
-7
-1
-2
6
9
9
15
12
18
13
19
18
12
14
3
5
2
8
9
4
-5
-2
12
7
7
9
14
21
5
4
0
-6
9
7
-6
0
-2
4
4
2
0
0
11
4
10
8
3
9
0
-1
0
-1
-8
-12
-11
-11
-12
-15
-15
-8
-24
-23
-23
-22
-21
-11
-15
-19
-20
-19
-17
-22
-18
-22
-26
-24
-30
-27
-31
-43
-34
-36
-29
-32
-19
-14
-18
-3
-8
1
2
2
5
0
-7
-5
-6
-11
-15
-18
-18
-13
-14
-23
-32
-23
-23
-29
-16
-16
-18
-15
-26
-14
-23
-19
-18
-18
-11
-19
-8
-6
-10
-12
-11
-7
0
-3
-7
-5
-3
-4
-2
-3
-1
7
5
10
1
-1
7
-1
7
6
3
7
11
18
19
25
29
25
27
17
18
13
13
8
6
2
-2
6
-1
-2
2
1
1
11
13
16
21
33
35
35
45
37
42
43
35
38
38
39
41
42
35
33
35
38
31
27
23
13
18
17
18
15
22
12
8
-2
-13
-11
-15
-8
-11
-10
-10
-11
-12
-6
2
-3
-8
-2
-14
-4
-20
-22
-17
-15
-9
-13
-11
-15
-8
-6
-12
-14
-6
-18
-6
-6
-8
-1
-4
-6
-16
-13
-16
-30
-34
-40
-37
-34
-47
-41
-31
-18
-31
-29
-30
-29
-14
-16
-16
-12
-9
-9
-1
-3
-4
-7
0
3
-8
0
4
7
15
14
12
16
3
13
16
21
20
22
25
17
10
10
11
2
0
11
9
2
13
17
12
23
25
26
29
33
28
33
38
32
35
41
37
45
51
45
46
35
38
32
43
40
33
33
43
32
34
37
21
26
22
19
10
12
19
23
16
19
20
24
34
27
25
28
21
27
29
20
16
17
14
19
8
8
1
-2
-1
-3
-8
-16
-12
-7
3
9
3
6
5
0
-6
-6
-8
-17
-17
-16
-9
-9
-1
-3
0
-2
-2
-4
-23
-13
-15
-17
-20
-17
-17
-23
-14
-13
-18
-10
-1
-12
-6
-9
-15
-14
-27
-18
-19
-11
-10
-9
-3
-6
-4
-4
-9
-7
6
4
10
10
10
18
13
25
16
25
17
23
40
36
37
32
33
30
23
29
28
26
34
33
31
23
21
21
16
23
22
14
14
14
13
14
10
9
7
12
0
-3
4
3
1
0
0
8
10
10
3
4
10
-4
11
5
-2
3
4
-5
0
13
5
0
5
2
-10
-10
-16
-34
-31
-27
-40
-32
-26
-24
-17
-17
-9
-10
-6
-7
-19
-26
-19
-30
-26
-29
-28
-13
-23
-21
-28
-20
-15
-15
-16
-10
-19
-23
-14
-12
-19
-10
-11
-12
-5
-13
-5
-15
-18
-19
-25
-18
-28
-22
-25
-23
-30
-24
-28
-25
-14
-15
-18
-15
-3
-9
-4
-3
3
10
11
14
9
17
26
20
22
22
18
22
24
28
27
31
31
40
35
37
34
36
39
33
44
45
48
59
64
65
63
67
64
58
60
55
50
46
43
30
30
27
24
11
7
1
2
7
5
-5
11
10
-3
9
1
-2
5
9
-1
2
9
5
-1
3
-3
1
6
-3
-11
-16
-10
-24
-24
-20
-25
-23
-26
-10
-12
-22
-20
-12
-13
-30
-29
-26
-33
-31
-31
-29
-27
-34
-29
-31
-26
-36
-23
-18
-21
-22
-22
-27
-33
-27
-29
-29
-17
-17
-12
-3
-3
2
4
3
-7
-10
-10
-8
-11
-24
-19
-24
-28
-22
-40
-31
-48
-51
-53
-67
-54
-60
-68
-65
-57
-53
-58
-48
-64
-57
-43
-53
-47
-45
-47
-47
-43
-48
-62
-57
-61
-64
-68
-65
-54
-63
-79
-65
-67
-65
-54
-47
-71
-63
-61
-52
-48
-49
-54
-68
-60
-59
-73
-46
-43
-49
-70
-74
-62
-81
-69
-57
-67
-71
-80
-94
-49
-49
-89
-65
-64
-72
-33
-49
-46
-26
-37
-48
-58
-1
7
-57
-67
-16
11
-47
-40
0
-21
-22
-25
-18
-4
-7
-3
-6
-32
-5
34
-36
-26
16
19
-7
-17
11
33
-9
-14
8
32
-14
-10
22
-20
0
19
-20
-3
16
21
-2
7
53
23
-1
15
40
26
12
8
20
30
6
26
36
-1
27
45
-2
-2
46
24
0
17
4
30
8
4
19
14
11
2
19
10
4
24
10
5
8
13
26
3
12
21
14
9
0
6
-11
-4
-5
-15
2
15
18
9
23
33
40
41
47
47
67
66
106
76
124
122
256
261
-627
-274
-394
-259
-299
-172
-90
-137
75
170
410
565
617
725
807
953
1078
1197
1248
1329
1393
1418
1379
1337
1352
1254
1188
1015
826
586
410
203
22
-182
-381
-601
-854
-1028
-1227
-1360
-1495
-1597
-1639
-1669
-1651
-1620
-1508
-1418
-1301
-1133
-961
-774
-604
-413
-248
-69
103
265
387
466
528
593
598
590
531
439
354
222
82
-91
-262
-435
-617
-799
-952
-1083
-1218
-1325
-1402
-1453
-1452
-1444
-1406
-1329
-1242
-1107
-954
-784
-599
-409
-222
-32
148
326
465
605
696
785
838
866
853
814
751
659
554
414
263
96
-89
-275
-447
-626
-797
-952
-1085
-1193
-1272
-1332
-1368
-1370
-1342
-1285
-1208
-1100
-964
-828
-683
-524
-348
-184
-16
133
280
412
517
602
657
701
703
689
625
548
458
343
202
49
-108
-296
-467
-626
-800
-950
-1085
-1216
-1321
-1407
-1458
-1473
-1478
-1468
-1422
-1345
-1257
-1143
-1016
-875
-726
-573
-408
-258
-121
14
136
234
316
374
408
417
388
351
273
167
37
-92
-235
-401
-576
-753
-932
-1105
-1265
-1423
-1565
-1684
-1780
-1851
-1906
-1929
-1922
-1902
-1845
-1771
-1666
-1561
-1421
-1284
-1131
-966
-805
-651
-510
-367
-237
-130
-31
36
86
91
87
51
-23
-103
-217
-345
-504
-653
-822
-992
-1165
-1321
-1473
-1590
-1701
-1784
-1841
-1873
-1870
-1847
-1791
-1721
-1605
-1479
-1330
-1156
-969
-782
-573
-358
-146
48
247
429
582
739
861
966
1043
1089
1101
1103
1072
1020
945
863
760
662
540
428
331
228
141
85
47
36
38
68
121
209
332
457
621
800
998
1203
1423
1647
1860
2075
2285
2477
2655
2806
2944
3052
3136
3194
3202
3203
3172
3115
3042
2963
2878
2752
2634
2509
2390
2267
2150
2063
1974
1889
1845
1822
1819
1844
1892
1977
2068
2191
2324
2479
2631
2785
2956
3126
3286
3450
3588
3707
3815
3902
3955
3970
3974
3945
3897
3816
3724
3599
3473
3315
3146
2989
2806
2647
2484
2329
2194
2074
1978
1908
1853
1826
1820
1839
1875
1934
2005
2097
2192
2307
2414
2520
2623
2724
2798
2866
2925
2942
2945
2935
2888
2810
2729
2607
2481
2332
2157
1979
1788
1608
1411
1221
1044
880
727
598
472
377
315
267
248
252
272
320
368
437
521
600
682
774
860
931
992
1044
1072
1075
1064
1033
980
894
794
678
553
401
243
78
-87
-265
-437
-601
-759
-906
-1034
-1130
-1209
-1278
-1312
-1313
-1314
-1284
-1236
-1179
-1106
-1016
-923
-827
-728
-639
-559
-476
-410
-376
-345
-334
-354
-390
-447
-528
-624
-739
-869
-997
-1152
-1299
-1453
-1597
-1735
-1863
-1974
-2075
-2154
-2214
-2248
-2273
-2259
-2231
-2179
-2109
-2024
-1924
-1810
-1689
-1563
-1449
-1326
-1209
-1106
-1024
-955
-898
-871
-854
-868
-910
-963
-1047
-1143
-1240
-1364
-1495
-1623
-1760
-1873
-1996
-2103
-2187
-2261
-2314
-2349
-2355
-2345
-2311
-2261
-2184
-2100
-1983
-1864
-1740
-1615
-1489
-1357
-1254
-1151
-1062
-998
-943
-911
-915
-934
-976
-1042
-1128
-1221
-1320
-1458
-1588
-1726
-1863
-1996
-2115
-2220
-2325
-2395
-2457
-2494
-2510
-2498
-2468
-2412
-2338
-2247
-2137
-2016
-1908
-1774
-1644
-1525
-1414
-1306
-1215
-1139
-1076
-1031
-1008
-1015
-1033
-1083
-1136
-1211
-1314
-1414
-1517
-1627
-1729
-1834
-1920
-1988
-2066
-2112
-2132
-2143
-2133
-2095
-2037
-1970
-1868
-1747
-1636
-1494
-1351
-1225
-1084
-947
-824
-723
-621
-543
-484
-445
-433
-424
-450
-494
-553
-630
-713
-812
-913
-1018
-1116
-1201
-1287
-1361
-1405
-1441
-1457
-1457
-1439
-1373
-1311
-1228
-1113
-999
-872
-742
-603
-471
-352
-228
-136
-51
23
64
102
110
93
65
3
-53
-129
-233
-333
-437
-552
-656
-745
-844
-916
-977
-1024
-1050
-1066
-1036
-998
-943
-867
-765
-659
-547
-424
-302
-174
-54
45
147
239
313
368
408
423
421
402
372
326
261
190
105
40
-46
-137
-211
-275
-328
-352
-358
-361
-336
-300
-245
-174
-85
15
119
236
359
462
568
671
754
824
891
943
963
974
961
932
885
815
735
651
555
453
366
268
196
124
80
39
16
13
26
46
88
152
225
306
389
476
558
628
708
772
831
870
909
932
938
958
935
906
878
836
798
743
684
639
585
534
493
463
444
416
421
433
456
504
548
599
655
718
769
830
882
925
964
1000
1027
1029
1031
1020
997
965
930
880
811
754
698
638
561
508
465
412
377
347
330
316
317
324
329
344
368
401
433
458
478
509
515
524
520
505
477
451
412
359
300
239
184
132
59
-3
-64
-111
-148
-179
-200
-231
-237
-227
-213
-195
-165
-130
-100
-71
-30
-3
18
27
44
38
33
29
-3
-38
-74
-121
-173
-218
-272
-310
-358
-393
-431
-458
-463
-470
-468
-445
-435
-401
-369
-334
-291
-252
-204
-173
-139
-102
-87
-73
-75
-62
-74
-99
-114
-147
-181
-214
-256
-297
-333
-362
-385
-411
-419
-428
-416
-404
-378
-347
-326
-290
-249
-212
-179
-156
-137
-113
-94
-100
-105
-105
-132
-147
-166
-193
-232
-271
-294
-331
-360
-380
-404
-417
-414
-415
-405
-385
-362
-330
-293
-253
-215
-168
-125
-76
-48
-17
8
22
44
43
44
42
39
31
16
-7
-1
-8
-10
1
14
29
42
70
102
136
154
193
230
268
306
344
368
379
412
434
442
445
449
440
433
416
403
390
379
365
361
361
374
377
386
419
447
483
519
553
606
647
693
730
770
815
846
869
883
890
884
881
875
848
846
830
824
839
831
852
887
921
959
989
1037
1078
1125
1173
1219
1260
1289
1324
1345
1367
1379
1374
1376
1359
1346
1319
1304
1286
1254
1244
1226
1213
1197
1187
1188
1186
1197
1197
1213
1222
1247
1257
1269
1287
1288
1288
1278
1271
1244
1226
1203
1159
1121
1096
1060
1027
993
965
944
919
905
890
888
874
867
870
858
858
859
848
840
824
799
769
736
710
675
640
609
569
519
488
464
433
402
378
366
341
339
326
306
294
274
268
261
252
232
217
193
180
154
119
85
63
40
0
-16
-41
-66
-68
-76
-84
-86
-89
-68
-60
-45
-30
-14
-6
-7
-11
-24
-40
-67
-89
-131
-156
-191
-227
-254
-287
-304
-328
-347
-373
-386
-393
-404
-416
-416
-418
-422
-434
-450
-462
-480
-490
-516
-537
-570
-603
-620
-647
-673
-682
-705
-716
-714
-716
-709
-697
-680
-660
-640
-631
-609
-593
-588
-590
-601
-602
-620
-645
-660
-680
-714
-740
-758
-775
-793
-798
-790
-792
-785
-774
-768
-749
-749
-750
-747
-739
-738
-754
-759
-760
-786
-791
-795
-790
-782
-786
-769
-755
-728
-701
-664
-626
-592
-553
-508
-462
-421
-387
-347
-317
-276
-247
-205
-183
-166
-125
-102
-66
-36
-5
32
65
112
155
204
245
281
322
356
378
400
421
432
436
444
446
431
430
438
424
429
422
421
435
436
458
466
484
486
490
501
492
477
455
440
421
408
385
372
354
341
331
322
320
303
303
318
305
302
300
300
300
287
273
265
253
226
209
180
150
138
105
91
79
68
63
55
54
49
61
43
48
50
42
31
25
11
-1
-7
-20
-16
-28
-32
-22
-25
-16
-10
0
9
16
16
22
18
9
-5
-14
-27
-46
-64
-85
-86
-111
-132
-136
-142
-151
-157
-158
-156
-160
-163
-172
-180
-184
-192
-206
-209
-218
-223
-230
-227
-226
-235
-228
-220
-203
-192
-184
-174
-157
-143
-137
-123
-119
-111
-110
-114
-111
-109
-107
-99
-87
-90
-87
-71
-54
-47
-42
-59
-41
-52
-64
-75
-90
-103
-119
-129
-145
-155
-159
-162
-159
-155
-146
-160
-170
-179
-188
-206
-211
-230
-245
-263
-288
-310
-320
-325
-336
-335
-336
-331
-333
-330
-323
-335
-325
-324
-336
-350
-352
-356
-369
-382
-387
-387
-384
-387
-388
-379
-378
-376
-374
-371
-376
-371
-372
-377
-380
-385
-392
-389
-383
-383
-369
-344
-335
-326
-318
-301
-292
-285
-280
-265
-270
-262
-266
-266
-253
-247
-230
-225
-212
-198
-177
-169
-151
-125
-120
-122
-89
-95
-106
-87
-80
-63
-61
-63
-48
-19
-12
-3
5
19
32
49
56
56
58
65
53
61
67
64
78
92
102
103
118
124
130
133
130
135
130
132
127
111
125
125
126
127
130
138
144
141
150
142
145
145
145
149
143
146
143
142
141
146
152
152
160
160
165
174
170
159
161
166
162
158
152
162
166
162
173
169
153
150
152
144
126
127
112
106
109
115
101
99
100
105
99
99
94
92
76
63
54
52
45
31
43
37
33
31
34
40
38
49
24
20
15
11
5
3
-5
-1
0
-9
-12
-19
-26
-28
-32
-41
-58
-63
-70
-77
-80
-83
-85
-79
-80
-94
-83
-81
-83
-81
-83
-84
-93
-88
-87
-81
-82
-85
-80
-71
-62
-68
-70
-71
-72
-79
-86
-91
-83
-92
-83
-89
-75
-76
-59
-72
-83
-70
-75
-75
-83
-87
-87
-88
-94
-85
-75
-68
-65
-72
-67
-67
-62
-69
-53
-43
-47
-24
-19
-16
-6
-1
7
17
27
37
34
41
50
55
64
63
72
75
75
82
86
95
94
93
102
117
123
123
131
141
139
155
158
173
173
174
185
193
211
204
210
216
228
236
231
232
238
239
236
252
254
248
254
254
253
254
256
255
253
260
255
260
260
261
264
264
257
264
252
255
249
231
240
232
233
233
237
227
215
207
207
205
195
201
205
189
193
190
174
173
178
162
158
149
160
137
147
128
167
113
348
416
-396
79
280
145
142
51
298
320
126
134
68
78
122
205
174
85
63
88
203
194
176
139
175
111
58
38
0
87
141
124
83
55
51
31
55
52
1
3
19
-12
-12
-17
-15
36
41
14
-14
-54
-57
-41
-41
-50
-56
-49
-32
-37
-62
-79
-58
-52
-83
-97
-98
-105
-93
-75
-76
-86
-91
-85
-98
-103
-111
-108
-89
-95
-98
-102
-109
-103
-102
-109
-127
-119
-129
-142
-128
-134
-133
-122
-114
-119
-140
-148
-158
-149
-153
-152
-152
-169
-153
-161
-164
-169
-164
-168
-168
-163
-173
-181
-180
-171
-172
-181
-178
-187
-200
-202
-196
-212
-211
-197
-221
-226
-222
-230
-237
-229
-231
-237
-251
-247
-246
-255
-261
-257
-262
-270
-260
-274
-269
-276
-276
-274
-282
-282
-287
-283
-290
-291
-275
-277
-283
-280
-276
-281
-286
-274
-279
-281
-283
-279
-266
-264
-254
-254
-245
-242
-243
-240
-233
-233
-231
-223
-221
-226
-234
-226
-230
-236
-230
-225
-225
-223
-218
-217
-215
-210
-199
-192
-192
-183
-178
-189
-178
-182
-168
-178
-184
-185
-196
-198
-191
-190
-192
-189
-184
-190
-184
-183
-174
-179
-183
-176
-170
-176
-179
-180
-182
-186
-179
-180
-175
-163
-159
-164
-161
-159
-155
-143
-142
-145
-141
-142
-140
-141
-147
-133
-134
-131
-129
-130
-139
-137
-116
-112
-111
-113
-120
-110
-101
-87
-81
-67
-71
-87
-100
-120
-99
-93
-89
-86
-93
-83
-74
-56
-67
-62
-42
-17
-6
-8
-13
-22
-17
-29
-17
5
0
-2
2
1
17
31
38
39
39
26
25
34
50
60
57
50
52
38
26
32
34
41
36
40
42
47
58
59
69
77
86
96
103
83
78
84
95
95
93
93
84
80
84
92
85
90
96
102
100
94
99
106
111
108
101
113
108
112
111
111
118
108
112
125
113
107
124
129
138
139
147
160
162
159
169
169
161
163
166
158
153
154
148
144
142
142
143
137
151
149
152
144
139
130
112
114
117
109
108
128
117
125
126
124
132
134
136
124
133
122
124
112
112
119
116
106
100
116
102
87
92
90
92
83
90
85
77
66
56
72
63
58
46
49
44
34
33
28
35
40
34
28
30
38
33
22
28
29
42
33
37
34
25
33
28
32
12
19
7
0
-2
-9
-4
-21
-12
-22
-39
-33
-33
-34
-34
-43
-49
-44
-47
-47
-50
-35
-38
-40
-38
-46
-39
-40
-44
-42
-37
-48
-28
-30
-24
-22
-32
-36
-40
-35
-42
-43
-43
-45
-40
-39
-37
-34
-34
-28
-33
-36
-27
-20
-22
-27
-35
-26
-16
-8
-11
-9
-10
6
8
22
28
26
36
29
30
47
53
58
51
55
49
50
59
61
59
51
52
40
46
49
63
62
59
57
48
62
61
79
76
61
59
59
61
54
57
51
53
53
71
68
68
68
79
73
67
83
77
70
69
68
63
63
64
55
48
47
46
47
52
65
60
51
57
51
45
46
59
66
69
73
79
78
80
83
83
83
88
87
73
80
90
90
96
93
82
78
84
88
98
99
100
96
92
79
86
77
67
65
75
68
71
68
63
68
67
66
64
70
71
70
73
77
71
71
63
69
70
64
70
64
77
83
71
72
83
82
86
74
75
78
66
58
60
53
49
51
45
53
49
47
36
34
38
40
40
49
48
39
29
33
34
35
35
33
40
36
29
31
27
17
35
36
28
36
29
21
16
17
21
18
12
12
8
1
-10
-17
-21
-26
-26
-37
-34
-24
-32
-34
-29
-29
-37
-38
-37
-43
-40
-46
-45
-47
-51
-54
-52
-49
-48
-53
-58
-68
-67
-67
-68
-68
-74
-70
-73
-81
-87
-91
-96
-100
-90
-103
-101
-95
-98
-98
-92
-99
-100
-91
-87
-99
-101
-108
-95
-87
-88
-84
-79
-88
-88
-80
-75
-77
-73
-74
-74
-69
-75
-71
-73
-64
-65
-78
-74
-82
-87
-80
-87
-81
-84
-107
-102
-97
-101
-102
-90
-78
-75
-66
-66
-64
-67
-59
-64
-62
-43
-49
-44
-46
-47
-47
-43
-41
-46
-50
-53
-51
-51
-42
-52
-48
-48
-40
-39
-54
-45
-40
-43
-43
-44
-44
-40
-37
-42
-47
-45
-34
-48
-41
-42
-36
-33
-35
-31
-31
-24
-29
-35
-40
-39
-41
-42
-43
-33
-34
-39
-48
-37
-37
-36
-27
-46
-40
-39
-23
-17
-26
-24
-28
-38
-36
-24
-24
-40
-39
-32
-39
-41
-38
-38
-54
-47
-39
-43
-46
-39
-38
-47
-51
-51
-53
-42
-37
-41
-40
-35
-28
-35
-37
-34
-44
-33
-28
-23
-24
-22
-27
-20
-23
-28
-23
-21
-15
-11
-15
-19
-16
-18
-16
-23
-19
-18
-14
-10
-10
-12
0
2
0
7
-3
4
-7
8
9
7
1
2
0
-3
2
-5
2
0
-14
-18
-20
-12
-9
-15
-23
-12
-11
-10
-5
4
1
-3
-2
-1
-1
0
4
8
19
17
11
6
1
15
15
14
10
13
19
15
13
10
16
15
8
12
11
5
-2
7
12
13
22
27
27
26
26
30
35
43
40
34
34
34
32
30
32
24
31
35
31
30
25
38
37
40
46
47
37
35
43
35
30
24
30
24
20
20
29
30
32
34
30
28
10
16
21
9
14
17
7
4
15
13
7
15
13
12
10
14
5
-8
-9
-8
-11
-13
-11
-17
-12
-13
-21
-18
-24
-29
-27
-17
-26
-23
-18
-25
-32
-33
-28
-36
-27
-22
-19
-21
-24
-17
-9
-4
-9
-1
-9
-1
-3
-4
2
-2
-2
-9
-11
-3
-7
-13
-1
-8
-6
0
0
2
-14
-9
-8
-4
8
6
-1
-3
3
0
8
7
-7
-2
0
4
-7
2
5
10
7
2
17
15
26
26
29
27
17
25
25
15
22
22
13
15
15
10
5
4
12
13
7
5
9
9
9
9
10
2
5
13
3
8
6
15
26
22
22
28
24
25
20
22
26
21
17
10
12
11
15
16
12
26
15
10
14
16
13
5
9
15
2
6
8
-1
5
-5
-9
-4
-7
-14
-5
5
-2
4
2
3
1
-2
6
3
-4
-8
-6
-7
-16
-10
-10
-15
-10
-16
-25
-25
-19
-11
-13
-17
-16
-9
-11
-18
-25
-24
-23
-22
-19
-15
-8
-15
-18
-10
-6
-8
0
-15
-13
-7
-10
-7
-5
-2
-6
0
7
9
5
0
0
10
8
1
0
14
11
13
11
11
16
19
20
11
23
19
13
24
11
10
15
16
25
17
10
20
19
12
14
10
17
19
19
9
7
12
7
11
15
14
10
-1
1
3
0
-7
-9
-17
-7
-10
-13
-11
-20
-13
-14
-17
-11
-7
-7
-14
-13
-12
-17
-10
-14
-18
-12
-13
-7
-9
-21
-16
-26
-20
-22
-24
-29
-29
-24
-25
-16
-11
-11
-19
-27
-31
-25
-26
-22
-22
-22
-18
-20
-15
-21
-19
-15
-18
-16
-22
-20
-18
-25
-19
-33
-36
-27
-30
-26
-31
-29
-27
-22
-20
-19
-24
-19
-17
-20
-25
-12
-20
-20
-21
-21
-17
-13
-10
-14
-23
-15
-18
-15
-8
-10
-4
-8
-14
-6
-2
-7
0
-10
-14
-6
-19
-17
-13
-11
-11
-13
-11
-11
-10
-5
-4
-5
-5
-2
8
0
3
5
2
9
5
8
6
8
7
4
3
1
-3
-19
-3
-7
-16
-10
-4
-17
-20
-21
-17
-11
-16
-15
-17
-9
-2
-10
-5
1
-2
2
0
-8
-17
0
9
2
-3
-8
-6
-17
-17
-16
-18
-20
-25
-17
-31
-31
-25
-36
-43
-41
-33
-28
-44
-30
-30
-28
-26
-40
-36
-30
-29
-28
-25
-18
-21
-15
-8
-5
0
-11
-7
0
1
-2
-4
0
0
-6
2
3
5
2
1
4
0
0
-4
3
0
3
6
9
14
16
28
24
21
27
37
37
31
33
33
28
31
35
30
33
29
27
25
24
31
26
19
14
13
9
20
12
4
9
2
7
1
3
12
2
2
6
-1
3
7
9
21
20
19
24
30
34
27
17
22
27
30
16
25
34
29
18
21
25
33
32
24
19
21
10
4
14
9
12
17
17
23
22
17
16
18
20
21
28
25
14
32
21
34
32
32
37
30
34
25
25
24
32
32
24
29
26
31
20
13
11
18
15
15
18
19
17
11
13
3
7
4
0
9
2
10
7
16
20
18
22
13
19
16
22
16
17
16
20
23
10
28
26
28
27
30
31
21
24
22
17
11
9
5
7
0
-6
0
-10
-3
0
3
-3
-9
-5
-5
-3
0
11
0
11
14
17
17
8
10
13
19
15
6
7
6
11
3
4
7
6
4
1
-2
-3
8
0
4
8
-7
1
-4
-1
-9
-5
0
0
-4
2
0
-5
-13
-18
-9
-19
-14
-13
-14
-9
-3
-2
0
-13
-8
-10
-17
-12
-4
-14
-15
-7
-12
-17
3
-11
-5
-2
-15
-4
-23
-26
-18
-13
-15
-5
-4
-2
-1
1
3
5
-1
6
8
5
19
9
5
6
3
-7
7
6
11
2
5
16
3
3
-7
-3
0
2
-1
0
-4
-8
2
-1
2
4
-2
-7
-1
-4
-9
0
2
0
8
17
5
8
16
10
6
4
15
13
14
16
11
18
20
16
6
7
7
5
6
10
4
-1
6
8
-1
0
1
-6
-1
-3
-2
-1
-8
-8
-3
2
0
-1
19
21
18
26
26
24
23
30
38
33
32
39
33
31
22
20
14
8
17
11
15
14
12
9
0
4
4
0
2
-1
-3
1
-7
-5
-9
-8
-13
-14
-10
-3
-14
-13
-4
-11
-13
-7
-7
-10
1
0
-6
-3
-2
-7
-11
-23
-16
-15
-15
-16
-16
-13
-18
-8
-11
-17
-7
-7
-17
-17
-23
-22
-17
-25
-18
-20
-17
-8
-22
-17
-5
1
0
2
0
-7
-6
-8
-5
-14
-17
-7
-7
-11
-5
2
1
2
-6
-3
1
7
7
-1
14
14
10
4
11
0
6
4
-7
3
7
0
10
8
1
11
9
1
7
4
-3
5
10
18
8
1
4
-2
-3
-1
-2
4
3
-2
-2
9
7
-10
-7
-9
-6
-9
-14
-2
-11
-20
-11
-3
-4
-3
-6
3
-5
2
5
5
8
16
4
6
11
5
7
9
1
-10
-8
-13
-8
-4
-14
-8
-8
-6
-11
-4
-5
-18
-7
-10
-4
0
-2
-15
-11
-9
-14
-26
-26
-14
-17
-26
-15
-11
-18
-20
-25
-17
-9
-12
-9
-13
-17
-24
-19
-27
-24
-24
-22
-17
-15
-12
-16
-24
-17
-17
-13
-13
-22
-28
-19
-18
-15
-16
-20
-18
-15
-15
-10
-11
-7
-10
-8
-4
-7
-9
-11
-3
-5
-13
0
-2
-9
-6
-6
-1
-8
-5
-11
-14
-9
-13
-17
-21
-18
-18
-22
-16
-10
-4
-5
-8
2
2
-1
-7
0
0
3
-5
-9
4
2
0
0
-14
-8
-4
0
-7
-11
-10
-21
-22
-14
-20
-26
-23
-14
-20
-17
-15
-11
-7
-3
-3
-10
-3
8
0
-1
-4
0
-1
4
11
5
13
13
12
14
3
12
10
9
6
-8
4
14
13
12
6
8
15
5
6
14
12
10
18
20
22
24
25
25
17
19
26
25
35
31
29
27
27
33
34
23
18
17
19
31
21
24
12
21
11
3
20
15
10
8
10
11
2
9
6
3
5
5
7
2
3
7
13
17
14
19
15
20
29
25
16
21
26
25
26
23
26
20
19
25
25
16
16
23
20
24
20
16
14
20
27
30
24
22
33
38
37
35
44
41
37
50
51
37
33
37
29
33
33
42
33
34
40
33
31
36
31
29
24
29
26
21
26
14
25
17
19
24
11
12
4
15
12
17
18
18
27
18
9
13
17
15
16
10
19
10
20
17
18
15
14
5
-1
3
0
0
0
0
0
0
0
-1
0
0
0
1
0
0
0
0
0
0
1
0
0
0
1
0
0
2
0
1
0
-1
1
0
0
0
0
1
1
0
0
-1
0
1
0
0
0
0
0
0
0
0
0
0
0
0
0
0
0
-1
-1
0
0
0
0
0
-1
0
-1
0
0
0
0
0
0
0
0
0
0
-1
0
0
0
0
-1
0
-1
0
-1
0
0
0
0
-1
0
0
0
0
0
0
0
0
0
0
0
-1
0
-1
0
0
0
0
-1
0
0
-1
0
0
0
-1
0
0
0
0
0
0
0
0
0
-1
-1
0
0
0
0
0
0
0
0
0
-1
-1
0
0
0
0
0
0
0
0
0
0
0
0
0
0
0
0
0
0
0
0
0
0
0
0
0
0
0
0
0
0
0
0
0
0
0
0
0
0
0
0
0
0
0
0
0
0
0
0
-1
0
0
0
0
0
0
0
0
0
0
0
0
0
0
0
0
0
0
0
0
0
0
0
0
0
-1
0
0
0
0
0
0
0
0
0
0
0
0
0
0
0
0
-1
0
0
-1
0
0
0
0
0
0
0
0
0
0
0
0
-1
0
-1
0
-1
0
0
0
0
-1
0
0
0
0
0
0
0
0
0
0
0
0
0
-1
0
0
0
0
0
0
0
0
0
0
0
0
0
0
0
0
0
-1
0
0
0
0
0
0
0
0
0
0
0
0
0
0
0
0
0
0
0
0
0
0
0
0
0
0
0
0
0
0
0
0
0
0
0
0
0
0
0
0
0
0
0
0
0
0
0
0
0
0
0
0
0
0
0
0
0
0
0
0
0
0
0
0
0
0
0
0
0
0
0
0
0
0
0
0
0
0
0
0
0
0
0
0
0
0
0
0
0
0
0
0
0
0
0
0
0
0
0
0
0
0
0
0
0
0
0
0
0
0
0
0
0
0
0
0
0
0
0
0
0
0
0
0
0
0
0
0
0
0
0
0
0
0
0
0
0
0
0
0
0
0
0
0
0
0
0
0
0
0
0
0
0
0
0
0
0
0
0
0
0
0
0
0
0
0
0
0
0
0
0
0
0
0
0
0
0
0
0
0
0
0
0
0
0
0
0
0
0
0
0
0
0
0
0
0
0
0
0
0
0
0
0
0
0
0
0
0
0
0
0
0
0
0
0
0
0
0
0
0
0
0
0
0
0
0
0
0
0
0
0
0
0
0
0
0
0
0
0
0
0
0
0
0
0
0
0
0
0
0
0
0
0
0
0
0
0
0
0
0
0
0
0
0
0
0
0
0
0
0
0
0
0
0
0
0
0
0
0
0
0
0
0
0
0
0
0
0
0
0
0
0
0
0
0
0
0
0
0
0
0
0
0
0
0
0
0
0
0
0
0
0
0
0
0
0
0
0
0
0
0
0
0
0
0
0
0
0
0
0
0
0
0
0
0
0
0
0
0
0
0
0
0
0
0
0
0
0
0
0
0
0
0
0
0
0
0
0
0
0
0
0
0
0
0
0
0
0
0
0
0
0
0
0
0
0
0
0
0
0
0
0
0
0
0
0
0
0
0
0
0
0
0
0
0
0
0
0
0
0
0
0
0
0
0
0
0
0
0
0
0
0
0
0
0
0
0
0
0
0
0
0
0
0
0
0
0
0
0
0
0
0
0
0
0
0
0
0
0
0
0
0
0
0
0
0
0
0
0
0
0
0
0
0
0
0
0
0
0
0
0
0
0
0
0
0
0
0
0
0
0
0
0
0
0
0
0
0
0
0
0
0
0
0
0
0
0
0
0
0
0
0
0
0
0
0
0
0
0
0
0
0
0
0
0
0
0
0
0
0
0
0
0
0
0
0
0
0
0
0
0
0
0
0
0
0
0
0
0
0
0
0
0
0
0
0
0
0
0
0
0
0
0
0
0
0
0
0
0
0
0
0
0
0
0
0
0
0
0
0
0
0
0
0
0
0
0
0
0
0
0
0
0
0
0
0
0
0
0
0
0
0
0
0
0
0
0
0
0
0
0
0
0
0
0
0
0
0
0
0
0
0
0
0
0
0
0
0
0
0
0
0
0
0
0
0
0
0
0
0
0
0
0
0
0
0
0
0
0
0
0
0
0
0
0
0
0
0
0
0
0
0
0
0
0
0
0
0
0
0
0
0
0
0
0
0
0
0
0
0
0
0
0
0
0
0
0
0
0
0
0
0
0
0
0
0
0
0
0
0
0
0
0
0
0
0
0
0
0
0
0
0
0
0
0
0
0
0
0
0
0
0
0
0
0
0
0
0
0
0
0
0
0
0
0
0
0
0
0
0
0
0
0
0
0
0
0
0
0
0
0
0
0
0
0
0
0
0
0
0
0
0
0
0
0
0
0
0
0
0
0
0
0
0
0
0
0
0
0
0
0
0
0
0
0
0
0
0
0
0
0
0
0
0
0
0
0
0
0
0
0
0
0
0
0
0
0
0
0
0
0
0
0
0
0
0
0
0
0
0
0
0
0
0
0
0
0
0
0
0
0
0
0
0
0
0
0
0
0
0
0
0
0
0
0
0
0
0
0
0
0
0
0
0
0
0
0
0
0
0
0
0
0
0
0
0
0
0
0
0
0
0
0
0
0
0
0
0
0
0
0
0
0
0
0
0
0
0
0
0
0
0
0
0
0
0
0
0
0
0
0
0
0
0
0
0
0
0
0
0
0
0
0
0
0
0
0
0
0
0
0
0
0
0
0
0
0
0
0
0
0
0
0
0
0
0
0
0
0
0
0
0
0
0
0
0
0
0
0
0
0
0
0
0
0
0
0
0
0
0
0
0
0
0
0
0
0
0
0
0
0
0
0
0
0
0
0
0
0
0
0
0
0
0
0
0
0
0
0
0
0
0
0
0
0
0
0
0
0
0
0
0
0
0
0
0
0
0
0
0
0
0
0
0
0
0
0
0
0
0
0
0
0
0
0
0
0
0
0
0
0
0
0
0
0
0
0
0
0
0
0
0
0
0
0
0
0
0
0
0
0
0
0
0
0
0
0
0
0
0
0
0
0
0
0
0
0
0
0
0
0
0
0
0
0
0
0
0
0
0
0
0
0
0
0
0
0
0
0
0
0
0
0
0
0
0
0
0
0
0
0
0
0
0
0
0
0
0
0
0
0
0
0
0
0
0
0
0
0
0
0
0
0
0
0
0
0
0
0
0
0
0
0
0
0
0
0
0
0
0
0
0
0
0
0
0
0
0
0
0
0
0
0
0
0
0
0
0
0
0
0
0
0
0
0
0
0
0
0
0
0
0
0
0
0
0
0
0
0
0
0
0
0
0
0
0
0
0
0
0
0
0
0
0
0
0
0
0
0
0
0
0
0
0
0
0
0
0
0
0
0
0
0
0
0
0
0
0
0
0
0
0
0
0
0
0
0
0
0
0
0
0
0
0
0
0
0
0
0
0
0
0
0
0
0
0
0
0
0
0
0
0
0
0
0
0
0
0
0
0
0
0
0
0
0
0
0
0
0
0
0
0
0
0
0
0
0
0
0
0
0
0
0
0
0
0
0
0
0
0
0
0
0
0
0
0
0
0
0
0
0
0
0
0
0
0
0
0
0
0
0
0
0
0
0
0
0
0
0
0
0
0
0
0
0
0
0
0
0
0
0
0
0
0
0
0
0
0
0
0
0
0
0
0
0
0
0
0
0
0
0
0
0
0
0
0
0
0
0
0
0
0
0
0
0
0
0
0
0
0
0
0
0
0
0
0
0
0
0
0
0
0
0
0
0
0
0
0
0
0
0
0
0
0
0
0
0
0
0
0
0
0
0
0
0
0
0
0
0
0
0
0
0
0
0
0
0
0
0
0
0
0
0
0
0
0
0
0
0
0
0
0
0
0
0
0
0
0
0
0
0
0
0
0
0
0
0
0
0
0
0
0
0
0
0
0
0
0
0
0
0
0
0
0
0
0
0
0
0
0
0
0
0
0
0
0
0
0
0
0
0
0
0
0
0
0
0
0
0
0
0
0
0
0
0
0
0
0
0
0
0
0
0
0
0
0
0
0
0
0
0
0
0
0
0
0
0
0
0
0
0
0
0
0
0
0
0
0
0
0
0
0
0
0
0
0
0
0
0
0
0
0
0
0
0
0
0
0
0
0
0
0
0
0
0
0
0
0
0
0
0
0
0
0
0
0
0
0
0
0
0
0
0
0
0
0
0
0
0
0
0
0
0
0
0
0
0
0
0
0
0
0
0
0
0
0
0
0
0
0
0
0
0
0
0
0
0
0
0
0
0
0
0
0
0
0
0
0
0
0
0
0
0
0
0
0
0
0
0
0
0
0
0
0
0
0
0
0
0
0
0
0
0
0
0
0
0
0
0
0
0
0
0
0
0
0
0
0
0
0
0
0
0
0
0
0
0
0
0
0
0
0
0
0
0
0
0
0
0
0
0
0
0
0
0
0
0
0
0
0
0
0
0
0
0
0
0
0
0
0
0
0
0
0
0
0
0
0
0
0
0
0
0
0
0
0
0
0
0
0
0
0
0
0
0
0
0
0
0
0
0
0
0
0
0
0
0
0
0
0
0
0
0
0
0
0
0
0
0
0
0
0
0
0
0
0
0
0
0
0
0
0
0
0
0
0
0
0
0
0
0
0
0
0
0
0
0
0
0
0
0
0
0
0
0
0
0
0
0
0
0
0
0
0
0
0
0
0
0
0
0
0
0
0
0
0
0
0
0
0
0
0
0
0
0
0
0
0
0
0
0
0
0
0
0
0
0
0
0
0
0
0
0
0
0
0
0
0
0
0
0
0
0
0
0
0
0
0
0
0
0
0
0
0
0
0
0
0
0
0
0
0
0
0
0
0
0
0
0
0
0
0
0
0
0
0
0
0
0
0
0
0
0
0
0
0
0
0
0
0
0
0
0
0
0
0
0
0
0
0
0
0
0
0
0
0
0
0
0
0
0
0
0
0
0
0
0
0
0
0
0
0
0
0
0
0
0
0
0
0
0
0
0
0
0
0
0
0
0
0
0
0
0
0
0
0
0
0
0
0
0
0
0
0
0
0
0
0
0
0
0
0
0
0
0
0
0
0
0
0
0
0
0
0
0
0
0
0
0
0
0
0
0
0
0
0
0
0
0
0
0
0
0
0
0
0
0
0
0
0
0
0
0
0
0
0
0
0
0
0
0
0
0
0
0
0
0
0
0
0
0
0
0
0
0
0
0
0
0
0
0
0
0
0
0
0
0
0
0
0
0
0
0
0
0
0
0
0
0
0
0
0
0
0
0
0
0
0
0
0
0
0
0
0
0
0
0
0
0
0
0
0
0
0
0
0
0
0
0
0
0
0
0
0
0
0
0
0
0
0
0
0
0
0
0
0
0
0
0
0
0
0
0
0
0
0
0
0
0
0
0
0
0
0
0
0
0
0
0
0
0
0
0
0
0
0
0
0
0
0
0
0
0
0
0
0
0
0
0
0
0
0
0
0
0
0
0
0
0
0
0
0
0
0
0
0
0
0
0
0
0
0
0
0
0
0
0
0
0
0
0
0
0
0
0
0
0
0
0
0
0
0
0
0
0
0
0
0
0
0
0
0
0
0
0
0
0
0
0
0
0
0
0
0
0
0
0
0
0
0
0
0
0
0
0
0
0
0
0
0
0
0
0
0
0
0
0
0
0
0
0
0
0
0
0
0
0
0
0
0
0
0
0
0
0
0
0
0
0
0
0
0
0
0
0
0
0
0
0
0
0
0
0
0
0
0
0
0
0
0
0
0
0
0
0
0
0
0
0
0
0
0
0
0
0
0
0
0
0
0
0
0
0
0
0
0
0
0
0
0
0
0
0
0
0
0
0
0
0
0
0
0
0
0
0
0
0
0
0
0
0
0
0
0
0
0
0
0
0
0
0
0
0
0
0
0
0
0
0
0
0
0
0
0
0
0
0
0
0
0
0
0
0
0
0
0
0
0
0
0
0
0
0
0
0
0
0
0
0
0
0
0
0
0
0
0
0
0
0
0
0
0
0
0
0
0
0
0
0
0
0
0
0
0
0
0
0
0
0
0
0
0
0
0
0
0
0
0
0
0
0
0
0
0
0
0
0
0
0
0
0
0
0
0
0
0
0
0
0
0
0
0
0
0
0
0
0
0
0
0
0
0
0
0
0
0
0
0
0
0
0
0
0
0
0
0
0
0
0
0
0
0
0
0
0
0
0
0
0
0
0
0
0
0
0
0
0
0
0
0
0
0
0
0
0
0
0
0
0
0
0
0
0
0
0
0
0
0
0
0
0
0
0
0
0
0
0
0
0
0
0
0
0
0
0
0
0
0
0
0
0
0
0
0
0
0
0
0
0
0
0
0
0
0
0
0
0
0
0
0
0
0
0
0
0
0
0
0
0
0
0
0
0
0
0
0
0
0
0
0
0
0
0
0
0
0
0
0
0
0
0
0
0
0
0
0
0
0
0
0
0
0
0
0
0
0
0
0
0
0
0
0
0
0
0
0
0
0
0
0
0
0
0
0
0
0
0
0
0
0
0
0
0
0
0
0
0
0
0
0
0
0
0
0
0
0
0
0
0
0
0
0
0
0
0
0
0
0
0
0
0
0
0
0
0
0
0
0
0
0
0
0
0
0
0
0
0
0
0
0
0
0
0
0
0
0
0
0
0
0
0
0
0
0
0
0
0
0
0
0
0
0
0
0
0
0
0
0
0
0
0
0
0
0
0
0
0
0
0
0
0
0
0
0
0
0
0
0
0
0
0
0
0
0
0
0
0
0
0
0
0
0
0
0
0
0
0
0
0
0
0
0
0
0
0
0
0
0
0
0
0
0
0
0
0
0
0
0
0
0
0
0
0
0
0
0
0
0
0
0
0
0
0
0
0
0
0
0
0
0
0
0
0
0
0
0
0
0
0
0
0
0
0
0
0
0
0
0
0
0
0
0
0
0
0
0
0
0
0
0
0
0
0
0
0
0
0
0
0
0
0
0
0
0
0
0
0
0
0
0
0
0
0
0
0
0
0
0
0
0
0
0
0
0
0
0
0
0
0
0
0
0
0
0
0
0
0
0
0
0
0
0
0
0
0
0
0
0
0
0
0
0
0
0
0
0
0
0
0
0
0
0
0
0
0
0
0
0
0
0
0
0
0
0
0
0
0
0
0
0
0
0
0
0
0
0
0
0
0
0
0
0
0
0
0
0
0
0
0
0
0
0
0
0
0
0
0
0
0
0
0
0
0
0
0
0
0
0
0
0
0
0
0
0
0
0
0
0
0
0
0
0
0
0
0
0
0
0
0
0
0
0
0
0
0
0
0
0
0
0
0
0
0
0
0
0
0
0
0
0
0
0
0
0
0
0
0
0
0
0
0
0
0
0
0
0
0
0
0
0
0
0
0
0
0
0
0
0
0
0
0
0
0
0
0
0
0
0
0
0
0
0
0
0
0
0
0
0
0
0
0
0
0
0
0
0
0
0
0
0
0
0
0
0
0
0
0
0
0
0
0
0
0
0
0
0
0
0
0
0
0
0
0
0
0
0
0
0
0
0
0
0
0
0
0
0
0
0
0
0
0
0
0
0
0
0
0
0
0
0
0
0
0
0
0
0
0
0
0
0
0
0
0
0
0
0
0
0
0
0
0
0
0
0
0
0
0
0
0
0
0
0
0
0
0
0
0
0
0
0
0
0
0
0
0
0
0
0
0
0
0
0
0
0
0
0
0
0
0
0
0
0
0
0
0
0
0
0
0
0
0
0
0
0
0
0
0
0
0
0
0
0
0
0
0
0
0
0
0
0
0
0
0
0
0
0
0
0
0
0
0
0
0
0
0
0
0
0
0
0
0
0
0
0
0
0
0
0
0
0
0
0
0
0
0
0
0
0
0
0
0
0
0
0
0
0
0
0
0
0
0
0
0
0
0
0
0
0
0
0
0
0
0
0
0
0
0
0
0
0
0
0
0
0
0
0
0
0
0
0
0
0
0
0
0
0
0
0
0
0
0
0
0
0
0
0
0
0
0
0
0
0
0
0
0
0
0
0
0
0
0
0
0
0
0
0
0
0
0
0
0
0
0
0
0
0
0
0
0
0
0
0
0
0
0
0
0
0
0
0
0
0
0
0
0
0
0
0
0
0
0
0
0
0
0
0
0
0
0
0
0
0
0
0
0
0
0
0
0
0
0
0
0
0
0
0
0
0
0
0
0
0
0
0
0
0
0
0
0
0
0
0
0
0
0
0
0
0
0
0
0
0
0
0
0
0
0
0
0
0
0
0
0
0
0
0
0
0
0
0
0
0
0
0
0
0
0
0
0
0
0
0
0
0
0
0
0
0
0
0
0
0
0
0
0
0
0
0
0
0
0
0
0
0
0
0
0
0
0
0
0
0
0
0
0
0
0
0
0
0
0
0
0
0
0
0
0
0
0
0
0
0
0
0
0
0
0
0
0
0
0
0
0
0
0
0
0
0
0
0
0
0
0
0
0
0
0
0
0
0
0
0
0
0
0
0
0
0
0
0
0
0
0
0
0
0
0
0
0
0
0
0
0
0
0
0
0
0
0
0
0
0
0
0
0
0
0
0
0
0
0
0
0
0
0
0
0
0
0
0
0
0
0
0
0
0
0
0
0
0
0
0
0
0
0
0
0
0
0
0
0
0
0
0
0
0
0
0
0
0
0
0
0
0
0
0
0
0
0
0
0
0
0
0
0
0
0
0
0
0
0
0
0
0
0
0
0
0
0
0
0
0
0
0
0
0
0
0
0
0
0
0
0
0
0
0
0
0
0
0
0
0
0
0
0
0
0
0
0
0
0
0
0
0
0
0
0
0
0
0
0
0
0
0
0
0
0
0
0
0
0
0
0
0
0
0
0
0
0
0
0
0
0
0
0
0
0
0
0
0
0
0
0
0
0
0
0
0
0
0
0
0
0
0
0
0
0
0
0
0
0
0
0
0
0
0
0
0
0
0
0
0
