2
419
2
129
-1307
-2726
-3783
-7311
-5169
-5007
-9758
-9604
-6109
-7890
-9077
-4329
-2132
-2174
1234
2881
2182
2804
1035
-1416
2006
2040
628
2330
3267
2724
1605
-198
1285
1961
-998
-1493
-2093
-1710
-352
-682
-1560
3869
438
1254
7786
5293
5320
2752
2577
2590
3306
4131
2465
2248
886
2461
4258
2198
1132
-1987
-4015
-4222
-5435
-3431
-5207
-7180
-7640
-8170
-7259
-8014
-10679
-12857
-10414
-7265
-6947
-9675
-8993
-5085
-5051
-3108
-1701
-2846
-3568
-2897
-2167
-2477
-1547
-1692
-1809
-810
-1142
-911
911
1825
2463
2920
8176
9194
5662
7967
10778
10608
8751
9464
9499
9137
8320
8174
9314
9939
10689
9341
8476
8611
6673
5684
3788
505
-718
-1503
-224
-1709
-1710
-2079
-4548
-3968
-4622
-6248
-8284
-9092
-10829
-12616
-13118
-10773
-9435
-11435
-11522
-8508
-7854
-7992
-5666
-5813
-4281
-4406
-3049
-1403
267
2308
1940
2986
4926
9321
8883
6100
9010
11135
11634
12609
12395
12616
12374
12449
12583
14015
14637
9803
7808
8255
8330
5746
3976
4026
231
1670
2353
1026
145
-1778
-4064
-5497
-5465
-7436
-7863
-10306
-12552
-11234
-11789
-13323
-13931
-15093
-15220
-15621
-16611
-16199
-13744
-11615
-13943
-12836
-8288
-7849
-5014
-2297
-1734
-905
593
902
4986
8495
4875
9879
11411
18296
18012
16290
12335
11797
13182
11874
12847
13206
12376
10113
9098
7960
7224
6921
5880
3809
2181
2822
-495
-3345
-2974
-3244
-6050
-6993
-9634
-9083
-9219
-10567
-8375
-10606
-12166
-13848
-15048
-14027
-14462
-14986
-14979
-13548
-13507
-13557
-12950
-14118
-12214
-8156
-8492
-9621
-5459
-3644
-2833
541
6708
5161
5866
9096
9275
14318
13282
16091
16684
15799
15572
14816
17313
16022
13603
11132
8586
7791
9425
7038
3834
3054
1637
2940
2955
3278
2057
-1493
-2361
-3814
-2354
-2524
-5380
-5363
-4286
-5225
-5522
-5435
-6171
-5409
-6582
-6376
-6071
-6056
-6680
-9341
-7789
-7821
-7311
-7957
-7949
-7569
-8239
-7344
-3319
1006
-6848
-844
8521
8668
9182
9250
8559
8143
9885
8026
8986
10277
12606
11998
10055
10780
10578
9038
6183
4757
5529
4616
3425
2837
-531
895
128
-595
897
-608
168
-306
373
925
-1101
-935
-1274
-2477
-1669
-1426
-1528
-2989
-3923
-2646
-4115
-4636
-5579
-6977
-6301
-8257
-8511
-9168
-8492
-8779
-7735
-11294
-11498
-3976
-2704
-1958
-6665
-5015
2869
6298
5906
6124
5633
6236
7939
9028
8131
5968
6108
6056
6577
12477
5913
3972
4517
5040
7392
6236
4817
4578
929
-400
-761
665
-254
-126
1249
-232
560
853
236
228
-1472
-1873
-2398
-4927
-5305
-7070
-8177
-8362
-10081
-10829
-9809
-11428
-10479
-5073
-10917
-10219
-5793
-3518
-3536
-5837
-3442
-4632
-402
876
-2567
-1539
392
952
4449
4993
5154
6258
6026
6515
9641
10598
7959
8796
8100
10109
8546
5897
5254
5331
7132
6084
7100
6721
6051
6142
3223
2793
812
-870
-2114
-2462
-2858
-4723
-4486
-5476
-5494
-6647
-5687
-7309
-9378
-9915
-5442
-1019
-2196
-4180
-8300
-7434
-3457
-3906
-3612
-1930
-4808
-5004
-4872
-6491
-5575
-5376
-4807
-2627
-5249
-6590
-3534
-251
-1262
1100
1845
2863
6107
1977
5970
7375
9824
11146
10046
10584
10100
11473
9450
9382
8021
7519
5743
6843
6166
4616
4290
3482
2957
2416
1857
-961
-2062
-1948
-1983
-2605
-356
-4448
1308
5330
-2718
-922
1612
3227
2769
2110
3661
1461
-2478
-1928
-423
-1491
-2117
-4373
-4169
-4791
-5175
-6239
-8907
-8005
-7775
-5727
-7673
-7437
-4390
-992
-740
411
-1035
-4504
6529
4999
1130
5843
4377
6863
7842
7571
8090
4153
3444
2952
1319
6324
-184
-297
-1717
-2240
-1098
549
1180
1532
-2273
1550
4438
-1448
-531
1293
2577
3045
2305
3721
3103
2264
955
8
1125
569
-894
-2535
-2838
-4781
-5015
-5466
-3703
-7527
-12415
-9903
-12214
-9958
-9167
-7932
-9183
-7337
-4357
-2785
-235
-519
2719
1766
2645
2930
3924
3831
5700
8527
7456
6267
5141
5623
3243
2445
2014
439
-1978
-581
894
-3054
1966
4061
217
2413
5402
5947
5061
4510
3463
2858
2335
735
849
2183
220
-1427
-3725
-4041
-3932
-5186
-4777
-4793
-4466
-6597
-7482
-7762
-8207
-6329
-6297
-6810
-5844
-8926
-7729
-3370
-4976
-5198
-5191
-4395
632
4740
6150
4353
4104
7709
2429
2424
7503
8240
7540
4830
5318
3310
5691
5794
4866
8995
8741
2437
7162
12653
9097
8109
5007
4794
3383
4423
3558
3323
3928
2238
4046
2539
294
-1464
-3713
-3397
-1949
-2483
-4792
-6622
-5230
-4398
-5076
-5887
-1633
-1053
-767
-6809
-5789
-5872
-5971
-8731
-11428
-8939
-5744
-9045
-7922
-6730
-4602
-3533
-2008
-1929
-6138
3147
236
2653
4875
-1056
2188
656
4112
5615
-379
3011
7140
6196
7141
5987
5827
3645
4410
6214
3776
4711
6552
6514
6653
4076
2959
3148
3506
3253
3658
1054
531
1928
2468
1552
459
805
-1730
-292
-416
-300
-822
-544
-1089
-1662
-2985
-4885
-6086
-7530
-7828
-8236
-6950
-7921
-8510
-10334
-6239
-4591
-7232
-5422
-4910
-4609
-3259
1135
3663
144
2326
7151
7996
7702
7157
5891
6072
7466
6280
6546
6689
11358
10962
12450
12599
6165
5825
5447
6844
6053
3802
2476
4845
6069
4174
4329
3263
3372
2926
378
-193
-428
-1194
-2084
-4172
-4632
-3490
-5927
-6406
-7486
-9526
-10797
-12025
-12981
-14211
-14839
-12414
-12476
-14010
-10608
-10972
-7879
-2349
-922
-3607
-258
2112
2130
7837
9574
9947
9452
10734
11601
10710
11424
11850
8270
9240
10672
12764
11613
8969
9678
8704
9134
4486
5027
6574
6151
3614
2379
2144
873
831
-769
-686
-4401
-5158
-5383
-6432
-5937
-8588
-10301
-12840
-14175
-12460
-13207
-13327
-12642
-14474
-12515
-12034
-14404
-13463
-15661
-16081
-10555
-4419
-10013
-10421
-1036
1324
4820
5557
6221
6769
6288
7209
7965
10334
13310
13340
15081
14927
15470
16724
15042
13581
11512
12805
8127
8495
10571
8524
5412
4582
6007
4626
3380
2142
3561
1206
240
620
720
-349
-2608
-4459
-4901
-5966
-8104
-8530
-9274
-8124
-9902
-13030
-13529
-13087
-11359
-10798
-13150
-13917
-13415
-13745
-11461
-11091
-8651
-3436
-3545
-5447
-3547
-425
-272
4396
7099
5596
6728
7424
8412
11815
12062
12709
11630
8592
10061
4490
3735
8000
6875
5557
4503
6526
6137
5079
5092
5540
4852
2106
1363
-1523
-2314
-697
-1424
-2784
-4499
-5247
-3612
-4806
-4788
-7326
-11732
-8935
-10276
-9496
-7438
-10133
-9211
-5287
-9163
-9407
-2622
-5621
-4874
-4940
-6361
-4761
-4308
-511
-35
-2519
-3234
630
2035
4015
8452
8256
7554
6979
8079
11975
12553
9894
11190
13631
11554
10075
11023
10741
8877
8673
9125
7456
5679
4896
5341
5959
4104
-1127
-1546
1038
-643
-4773
-5061
-5165
-5926
-6235
-8531
-9390
-10324
-7288
-9284
-10881
-8014
-11899
-12492
-2885
-284
-3818
-3815
-2090
-1427
-1134
-939
-789
-1637
-6375
-8972
-2457
-505
-2679
-2383
2198
5181
3977
8798
8475
7194
5357
5653
8497
10801
13402
15713
14317
12860
11563
10166
10437
9050
5879
5598
4757
3158
2829
531
-1412
-2807
-3650
-3572
-4077
-4966
-6588
-7996
-6795
-8889
-10630
-6042
-4745
-10588
-7070
312
-2706
-2470
-1210
-3181
-813
-1471
-446
-353
-933
-866
-830
-2551
-2498
745
-2545
-2513
-1668
3712
1682
-2285
-960
2578
2548
2062
5570
7115
9178
6165
7893
8445
12634
12410
8306
6698
5587
4925
1654
1118
1652
1898
491
-355
-2066
-4093
-5238
-6101
-8446
-7718
-7546
-9127
-3159
-1165
-4704
-1199
2681
4082
4888
5238
4536
3564
4016
4529
2968
1397
8170
508
-463
1082
2048
989
590
-1614
-4516
-2894
-2273
-4743
-8532
-4441
-4434
-8454
-5781
-3187
-2894
-3101
-2393
-2929
721
-1657
-3047
-1619
-4983
1009
2289
-2
1078
-3397
-5766
-5102
-5727
49
303
-6324
-5223
-4956
-3926
870
622
-965
4787
7121
4544
6593
6221
5479
5149
5447
6655
6303
6429
7195
7108
5152
5269
5564
3452
2637
2888
277
1288
-904
-3962
-7394
-6870
-5648
-9542
-8872
-9890
-11218
-10009
-7421
-11027
-9979
-7874
-6169
-2570
-3645
-3100
-2310
-3411
-4196
-1689
-748
957
2521
628
1929
2548
3219
3162
1259
7460
7270
4264
9135
9421
9483
10881
9696
11197
10930
10375
10519
10328
9967
8823
9005
7258
6086
4204
3859
5015
4082
4487
1396
-1202
-2188
-5581
-5603
-6625
-6759
-8481
-9850
-8471
-10675
-10460
-10030
-11569
-13900
-14225
-9727
-12392
-15466
-10562
-8156
-4895
-4997
-4291
-3603
-4509
-2679
-2261
-2378
294
5032
4349
10149
10730
6708
12627
14456
13303
14078
14487
13086
12291
13578
12110
10604
9931
9887
10566
8118
6672
4811
4198
3380
2418
2247
1682
-758
-2754
-2479
-1080
-1071
-5168
-6122
-7126
-7729
-8384
-8734
-8886
-9349
-11586
-15402
-14766
-14305
-13860
-15498
-16202
-16285
-14146
-13567
-13949
-9277
-9380
-6822
-6087
-2946
-1499
-1711
6705
4770
2049
8544
13168
14823
14665
13623
12744
11443
13396
13302
12292
11647
10414
12052
10185
8780
7750
5882
7148
6082
5069
4547
2503
1326
-182
-1153
-2050
-1192
-2935
-3867
-4179
-3936
-2505
-5555
-7137
-9804
-11605
-10535
-12220
-12564
-12011
-14621
-13513
-13782
-12594
-12131
-13661
-14720
-13633
-11162
-10594
-8235
-7436
1011
-691
-41
5715
5773
6911
5471
8717
8458
10524
13727
14609
14165
14916
13428
12615
12279
9762
10068
7590
8322
8535
5465
3919
4751
3723
2881
1954
970
1389
1832
1781
-563
-1051
-2590
-3891
-5614
-8415
-8259
-7273
-9029
-11029
-10778
-11033
-11236
-11003
-12552
-13302
-12942
-13659
-14313
-13272
-13865
-9877
-9789
-5138
-1895
-6255
760
-2968
3368
8717
7005
10557
8008
13049
13236
14284
14455
13215
16924
18330
18468
18173
15013
12840
12141
10405
10759
11028
10992
9935
8239
7345
7476
6931
5423
2279
-1460
-556
-2220
-2400
-2531
-4823
-4725
-4325
-3415
-5468
-6983
-8232
-8108
-6759
-7707
-7785
-9638
-9187
-9344
-9817
-7357
-9943
-5173
-4500
-8550
-3961
-617
-1196
-2444
3106
1119
838
4234
6289
10808
10762
12329
11661
13242
11040
8215
9094
10751
12483
10425
11413
10155
8189
9539
7951
5972
4732
3102
2456
62
-428
-1489
-1718
-3606
-4899
-5684
-6392
-5085
-1723
-1746
-2645
-2104
-1070
-3176
-9249
-8536
-9374
-8794
-8194
-9106
-8454
-9430
-141
2428
-2607
-341
2417
2045
1933
1444
2579
1530
1591
-852
1564
5732
5049
4468
2805
4436
7875
8110
7809
8035
4
1940
1477
1818
4914
7263
7980
8064
7820
6945
112
1160
258
-502
-1120
582
400
-1190
-1782
-1498
-482
-1477
-988
130
-898
-1043
-1229
-1327
-2760
-3531
-2960
-1516
-2153
1148
3359
-3116
147
1697
2946
2827
1073
1199
-385
-99
-2114
-2102
-4615
-3737
-4163
-5508
-5957
-4225
-3879
-6432
-4139
-2465
-1543
-16
-98
-308
1545
-1813
-511
2900
5452
5472
4945
7792
9294
9067
8163
7432
8397
9305
7584
7278
5840
5761
5236
4566
3706
2286
3510
2847
2301
2528
4323
1995
4990
6111
839
4409
4657
6814
5470
3689
3859
2147
2388
1437
-705
-886
-858
-3684
-4281
-6183
-7960
-9302
-9255
-9782
-11411
-11804
-9987
-9347
-9995
-9832
-7317
-4268
-3687
-1739
476
63
5329
4539
6141
10001
10943
9834
9331
11634
11360
10362
8766
7068
7022
7234
6712
6809
5876
4350
3355
3128
2831
4301
1942
-3746
-2054
3736
1097
140
359
-293
-984
-97
1329
825
-373
-1356
-2447
-1464
-2690
-4562
-6515
-9797
-8963
-7638
-8459
-8948
-8833
-6842
-7363
-9543
-7364
-5108
-4781
-7220
-8354
-609
2643
1192
3612
1434
3413
3677
5531
6941
5869
7320
5395
8610
7467
6359
5167
2968
2537
3453
5462
4555
5413
8418
2364
2156
10397
9232
8719
5441
6015
7492
7395
8964
6141
3296
3000
3299
4859
4256
549
129
-2062
-2816
-2643
-1249
-2269
-4421
-4241
-5107
-5942
-7091
-8723
-11913
-9197
-7343
-8600
-7917
-3975
-4272
-7814
-5796
-4224
-3648
-2667
-2011
-2473
-2272
-3041
-3218
-421
-247
-509
3655
2174
2626
1825
677
7018
1610
2436
10842
8046
7465
8127
8201
8173
5530
6215
6332
5713
4063
2245
2681
3082
2895
2363
1296
460
1428
524
827
51
-895
-375
-4297
-3548
-357
-2225
-2970
-3852
-4593
-4357
-6057
-7334
-7781
-7681
-8669
-9244
-5426
-7358
-7589
-3818
-3028
-1188
-1550
2007
1224
953
3322
1954
2747
7915
11577
7087
9227
15013
15757
15341
13866
11631
13654
13038
11201
12110
9735
9148
8122
7847
6562
5848
5788
3664
1073
230
652
-1286
3700
1077
933
2970
443
-665
-9
-957
-6422
-6681
-6130
-5535
-8748
-9656
-10787
-12640
-6662
-8324
-8925
-13537
-12256
-13363
-10841
-7639
-13311
-10521
-6206
-7883
-2271
-2463
305
5457
-434
2127
7433
8321
7000
8755
7314
10206
11332
7656
10164
7987
8828
7286
6769
3914
3483
7871
7738
8355
5729
5925
3821
6575
5047
3181
4317
4035
3685
2678
2473
1772
658
1337
238
-686
111
-1755
-2549
-9000
-9086
-8976
-8429
-8718
-9393
-11157
-13795
-14146
-13529
-13619
-14076
-8529
-11881
-8848
-4500
-6748
-109
2146
5925
5522
6961
7982
7764
9557
9605
11093
10361
9615
12400
12249
8918
9898
8277
8971
7752
6675
8262
7496
6007
6595
7163
5975
6473
5884
4267
3821
3431
2354
3422
1229
823
-327
-514
-1108
-3362
-2238
-3316
-3918
-5825
-6573
-8408
-9622
-10446
-11492
-11950
-12519
-11370
-11997
-10748
-10013
-13286
-10449
-5210
-5962
-6633
-5023
-1957
62
3443
3661
2225
3319
2322
4968
7585
8845
8459
7617
10323
12310
11065
11258
10952
8918
8916
7698
9515
8559
7583
6758
7512
6709
4534
7081
4643
2803
1899
2961
3106
748
-343
-3061
-5784
-4481
-5815
-6997
-8748
-12170
-13023
-13548
-14226
-13274
-14817
-13716
-10443
-14922
-10665
-7763
-9213
-8554
-8167
-7875
-6896
-3569
-4098
-4631
-1704
-405
3187
7549
6118
8122
8704
10838
12281
14108
14268
13697
14822
11226
16265
15592
13963
13232
11499
12593
11719
11991
10959
10097
7614
6144
4760
3918
3064
2204
-558
-1355
-1396
-4720
-6438
-6387
-6289
-8851
-10983
-12236
-7495
-10206
-10340
-6277
-13008
-12163
-10038
-7556
-7789
-8705
-7123
-7465
-7752
-6696
-6804
-6266
-5007
-1758
902
-4568
-890
629
6747
10419
9888
10877
12032
11886
7587
8289
10373
9753
8199
9920
9485
10216
8768
8080
11769
3394
1555
1032
1063
178
-26
-1810
-2349
-3916
-5282
-3928
-6508
-7793
-8961
-9534
-10483
-9294
-10866
-11710
-3923
-9057
-8909
-5724
-1955
322
-2328
-467
-1323
734
-1279
-2452
-3085
-3342
-3719
2280
-3151
-5474
-2693
-2427
92
-2933
-3012
1599
154
2014
2565
8291
7438
2473
722
7921
4991
2723
4160
3216
2047
3947
3387
3673
1175
-112
-143
-1937
-776
-3016
-4105
-2706
-2361
-3701
-3696
-4797
-4271
-316
-1482
107
1958
-2741
-1290
4372
5378
3929
4418
6068
5167
5898
7325
6849
4090
4430
4466
4466
3788
2116
1679
-1882
-814
-1033
-1954
-3913
-4029
-1871
-1210
-4002
-3777
1024
3201
4282
5156
4041
3813
6487
5530
6951
4695
5547
5741
5856
6559
4841
5008
3819
4309
2008
1413
-1908
-1869
-1419
-1448
-2357
-1115
2960
-740
1020
5017
6462
5894
6873
5094
5965
7386
5110
5391
3536
3186
4357
3621
2094
1127
-228
-1921
-3954
-3832
-4143
-4252
-7120
-8655
-8303
-9257
-9472
-10869
-8267
-7423
-7328
-6836
-7658
-4526
-2310
-2757
3584
3974
3544
2660
-4265
220
1808
-666
1567
920
241
-1139
-2109
-2614
-1821
-4694
-1942
5467
-2405
505
5480
4927
7667
7891
8100
5779
4234
3747
3998
4046
2539
2296
3098
1520
1877
1912
1134
-1371
-3314
-2493
-4005
1227
1679
-2204
-3289
-1145
-1586
-2326
-3241
-7096
-11996
-11628
-14412
-10454
-9850
-8372
-10698
-10567
-1827
-794
722
-248
-638
170
-346
-2715
1975
-4002
-3191
-2724
3988
7313
9809
2472
-801
4826
5932
6068
5378
10759
12096
5330
8631
10097
7194
9067
9212
8993
7753
7267
7315
4480
2642
4797
6064
5116
4716
1787
1571
-845
-2084
-800
-1734
-2336
-3714
-4035
-4723
-6122
-7534
-9079
-8842
-9077
-12043
-12101
-11259
-11924
-8434
-12526
-10646
-5393
-6303
-3852
-3615
-2662
-1624
-2603
388
10288
8731
5420
9345
13098
16312
16974
16786
14780
13626
14176
16288
15351
15584
16109
15422
14281
12197
11409
11447
10226
9122
8501
6819
5763
4606
4934
4514
2601
-1175
-1925
-979
-1623
-3755
-4898
-4481
-6865
-6796
-8043
-10745
-13447
-15498
-15198
-17822
-17560
-17108
-19720
-18458
-15433
-14202
-13975
-14356
-11688
-4633
-1077
2343
2889
1124
7011
8476
9476
15402
14942
16969
18511
18668
20186
20754
20631
17299
16997
15547
14960
14341
13106
10447
10169
9445
8535
7643
5386
5573
3576
2552
682
-960
-4278
-3827
-3610
-5175
-6338
-8260
-10079
-12653
-13859
-13942
-13609
-14655
-15564
-15491
-15288
-14994
-16455
-18950
-11885
-12706
-8949
-8989
-9110
-10987
-6705
-4705
-8748
-687
2844
3700
11820
12593
13266
12402
15494
11614
13057
11919
14145
17261
15203
14918
14393
12322
9030
7944
7343
6958
4952
2458
2438
-295
-660
-2957
-4447
-3424
-2405
-2655
-3584
-6104
-7367
-8273
-8412
-7211
-10095
-9791
-11846
-12171
-11298
-11915
-12860
-11521
-11240
-9354
-8918
-12333
-12430
-12201
-11273
-9501
-6037
-9197
-8117
-4758
642
464
-2975
341
5284
8722
11516
7487
9460
9884
9377
9884
12867
10926
11771
8982
6343
8597
7750
8830
6519
5068
4703
4745
4398
3448
2475
420
684
-1142
-1187
-1503
-1991
-1923
-2439
-2356
-1813
-2171
-4381
-4381
-7004
-4731
-1552
-4151
-7204
-7699
-6027
-6651
-3709
-5366
-4181
1037
-3645
-4082
-526
63
-137
-2226
-3369
-2480
1542
2962
239
1466
251
4216
9723
7989
9493
7131
6007
6267
5695
10112
7480
6074
8451
8945
10367
10186
9146
5942
4925
5726
5010
3637
2207
-1630
-1072
351
984
998
-395
-1363
-653
700
-4429
-5378
-5691
-2386
-2289
-1623
-3065
-2039
-9180
-7859
-3415
-7341
-6457
-5960
-4535
-3334
-4347
-5322
-6596
-6171
-4663
-4674
-5419
-4397
-3710
-1457
-1891
-3603
-3520
-4106
-5464
-1515
3870
4983
4190
4447
3325
3291
2624
3109
5536
5611
6441
5481
5919
6046
7045
5471
4131
4154
3449
4714
4243
2313
1338
-358
-1237
-254
-752
69
-472
-948
-1673
-742
-3349
1356
487
-5434
1479
2071
3121
2745
2048
2033
-584
721
2216
1184
1347
-1517
-1873
-824
-2238
-2952
-3629
-5309
-8397
-4776
-2123
-4770
-2718
-1294
2322
4286
2461
4784
3149
3184
2006
6033
8160
8616
8474
6824
9558
9482
7573
4226
2899
863
1028
-718
-1295
-2212
-2759
-1329
-732
-917
-744
-538
1917
2674
-1052
1624
3110
4194
3957
1960
3318
4676
4101
5511
5611
3132
926
362
-253
-325
-974
-1939
-2289
-5712
-6275
-5821
-6249
-6731
-9374
-9621
-6682
-7711
-10406
-7641
-3710
-3502
192
697
1308
2772
2143
-571
593
2714
1671
2547
1011
2281
1801
3294
1001
-1300
5957
4583
3353
5329
2030
6302
10848
3203
7096
9032
10351
10117
8062
10027
9429
7997
7471
8143
8083
7143
5927
4755
3614
2448
223
-6136
-8455
-8891
-8738
-9035
-9638
-9607
-10702
-12829
-12983
-9203
-7380
-12705
-13694
-9093
-10447
-12196
-6508
-6893
-1049
1107
-104
2061
1841
3363
231
2573
5027
4736
5420
5181
7005
8655
9187
5973
4648
10499
7832
6227
13480
13034
11044
11919
12639
11739
10644
10055
9247
8530
7754
7366
6034
3778
3014
2122
2015
-1443
-2980
-1061
-1774
-5272
-6272
-3454
-4882
-4097
-4767
-6009
-3544
-3476
-4714
-5653
-6397
-5342
-6480
-6068
-3080
-2677
-4244
-4040
-875
178
1883
-151
30
2368
2621
3605
3988
6532
6463
6125
10701
11384
6010
10000
10155
6549
7590
6123
6335
2702
4818
5576
6002
6084
2867
2891
-415
-370
-1247
-1446
-873
-3875
-4523
-2508
-1433
-1317
-1345
-2889
-3744
-1945
-2616
-4099
-3332
-4325
-3921
-3129
-5665
-6012
-8115
-10209
-9141
-8514
-8396
-10289
-8230
-7912
-7635
-8700
-6622
-4500
-4506
-2071
-988
-390
-3086
2642
3107
1971
5236
8518
10777
8264
9551
11679
10727
8231
8932
8968
9015
7445
5220
3689
2887
4200
3050
1873
1279
1112
1822
1528
1362
3436
7819
4743
5648
4312
-3045
-3030
3343
-1239
2029
543
93
-382
-363
-1278
-4043
-4913
-11729
-12663
-12296
-14100
-14230
-17213
-11790
-11710
-6722
-7670
-10188
-7630
-9272
-2743
-6649
-3679
1495
1010
923
4089
6206
7412
7563
5215
8212
9962
10785
9744
7483
8205
8743
8725
9392
7708
6875
10790
10570
8052
8315
7248
6920
7394
7180
6184
4310
3642
3127
3148
2641
105
-2263
-4383
-5332
-7564
-8145
-9268
-9497
-9954
-13087
-13674
-15051
-15280
-15840
-15675
-15136
-15582
-16137
-14683
-10572
-13928
-12480
-6110
-3788
-43
2020
5393
3890
3296
10054
9186
7706
12399
10293
10764
11620
13595
15592
13261
16875
14145
12659
13247
11210
10451
9439
10264
7811
7121
8217
7178
6062
4777
4230
2567
1507
-1612
-2184
-2765
-4688
-5398
-8524
-7430
-9580
-9706
-9019
-11079
-10464
-12228
-12755
-11752
-10473
-12310
-13163
-8805
-10524
-11701
-5720
-6274
-8029
-4074
-2892
-4594
-3151
1002
3458
4928
7268
8355
9733
9441
12710
14704
12835
15562
15463
13451
15815
17083
14119
12279
10284
10472
8990
8365
7369
6331
6318
2935
3251
1769
1655
2338
284
-612
-162
-2761
-4902
-4946
-8604
-9101
-9266
-9329
-10704
-11882
-11382
-9635
-7890
-10415
-9293
-12060
-12530
-8202
-7205
-7081
-6861
-5881
-6459
-5691
-6825
-5122
87
-27
-2905
-625
3021
2757
5401
7068
6884
6302
8544
7681
6145
10199
9488
9884
8336
10302
12533
9613
8489
7643
7698
5946
5505
3027
970
677
1181
848
-85
-1552
-3028
-3193
-3302
-3024
-6335
-7223
-9097
-7931
-7666
-7483
-7645
-7596
-5526
-7627
-5761
-3200
-1546
-4176
-3053
-3601
-3620
-2633
-5650
-4543
-2183
-3423
-5581
-4856
-3215
-1392
-296
-1531
-3765
517
3024
2448
3932
5169
2284
8180
8466
9420
10785
11849
13512
13640
7045
8491
10913
6101
6145
2645
134
5637
5490
4238
1744
-672
-5154
-1849
-2982
-1833
-5066
-5539
-4693
-5151
-4481
-5421
-6579
-7580
-5675
-1015
-1159
-550
-1851
-4133
1814
2312
-949
-401
-1820
-2382
-1510
-2308
-791
-2464
-4301
-4831
-4365
-4698
-1668
-3497
-7249
-2128
1614
6205
7992
8881
8405
4489
7588
8056
10117
9201
9744
8748
9205
8482
7708
8234
4617
3621
1901
2472
-3507
-4915
-7643
-9234
-7501
-7063
-7003
-6882
-2480
-2004
-4663
-828
1339
2380
3761
6423
7319
4432
5210
6164
5152
5871
6741
5419
5523
4366
4898
5283
3788
1675
136
800
-1289
-2269
-1748
-2391
-2757
1062
506
-1886
-113
1431
2145
2445
5563
5646
2292
2187
3426
3253
3317
5646
5313
2929
1896
-513
537
849
-782
309
-1001
-804
-1018
1913
7335
-1187
236
8133
7243
8707
7037
5670
4483
3547
10984
12112
11868
10279
10064
10021
6848
7520
7572
6826
4678
627
2241
2867
3446
1407
-2194
-3022
-3431
-3218
-4155
-4729
-7215
-9207
-5776
-3572
-7904
-7366
-6839
-6551
-1437
-701
-5468
-6763
-7403
-5508
-2651
-1786
-796
1684
765
1654
2342
4353
5844
9334
6402
4640
14398
14151
13885
13963
14538
14484
11868
13728
12653
12798
13275
13462
13615
12649
10459
10061
8349
8736
5178
3122
5119
2549
-139
-3367
-4332
-6065
-7965
-8359
-10807
-7248
-7550
-8987
-10098
-9661
-9875
-10241
-11331
-11921
-8486
-9481
-10541
-10075
-9134
-6845
-2797
-2549
-5935
-1787
1030
4093
3506
4821
11884
12971
7960
10839
17542
16246
16073
17388
17753
16474
16715
15858
15264
16301
15956
15351
13759
10140
10609
9782
9699
8987
3924
4107
3598
2757
320
168
-861
-2213
-8259
-7344
-6914
-8296
-8775
-8591
-8792
-8624
-7671
-8511
-10183
-13418
-11780
-12276
-10986
-12039
-11746
-8752
-7333
-9113
-11978
-4256
-2374
1495
4625
4027
7952
5239
7492
13934
17080
17061
16502
16298
15076
18292
17617
17014
16900
16141
14721
14300
13475
12179
12660
8978
10218
6825
4859
5793
4164
4896
4296
3265
2173
544
704
886
-221
-1534
-2973
-3465
-6902
-7683
-11124
-10582
-7443
-9616
-8145
-10562
-10985
-11152
-9139
-11109
-11185
-12172
-9617
-8055
-5667
-6398
-4251
-2307
-3635
3214
5426
11189
8878
9528
10260
10605
14627
14803
14430
14075
17715
16598
15938
16008
14210
14392
14225
12115
14181
9837
7901
9610
7560
7044
7508
8207
5252
5508
4238
5409
3669
-1009
-1961
-1468
-910
-3159
-1475
-7945
-8517
-7117
-7897
-7420
-7059
-7283
-9135
-9782
-7805
-8483
-9157
-8478
-8540
-9437
-5082
-4580
-9755
-3666
814
209
321
2254
4638
6818
11176
12450
12091
12343
12000
13713
15220
15364
13367
14241
14634
16669
15428
11993
13201
12421
10554
6386
9110
9383
7832
7418
5084
3561
3798
1602
595
2350
-257
-1764
-2220
-1934
-2552
-3360
-4880
-7169
-5828
-5718
-7951
-8768
-10081
-10724
-10113
-8430
-9971
-10570
-5462
-10771
-10191
-2455
-4750
-4256
-4781
-5213
-4486
-2023
853
-2157
-1755
7719
8037
10522
13951
12400
2937
4241
9096
6895
10582
12459
11577
12080
11837
12141
11499
8318
7588
7589
6558
4935
5122
3122
2030
1748
1363
675
-284
-1308
-1744
-35
-216
-516
-2191
-4780
-4762
-3495
-1946
-4450
-3818
-1423
-4119
1582
1309
-3824
-86
4090
4152
3903
4439
3179
-3142
-4573
-4716
-3267
-1888
-2149
1347
2930
1352
905
1151
2843
6449
6502
6374
5909
7031
6864
3973
9122
7055
4187
6814
8051
5717
4618
5468
5310
5169
6003
3599
2244
4983
5168
4313
2073
2261
2070
1548
160
396
728
-294
-679
2521
2044
2425
8844
-356
-848
8265
6611
6056
4688
4571
4021
3474
4150
2928
-98
-2604
-821
-2276
-3876
-5457
-5868
-7138
-6234
-3237
-5390
-7510
-8095
-8107
-6622
-970
-253
-882
-2111
-548
-570
2024
7870
6006
3911
3282
6388
6124
5432
5240
3515
3350
3394
4704
3535
2103
1675
-430
-965
-1024
145
-1518
665
5561
3270
1444
3186
5824
5698
4651
3737
2569
1402
-239
-830
-1260
-2526
-3566
-4662
-4771
-4906
-5956
-6593
-7340
-6715
-8636
-12532
-10984
-13593
-13456
-9164
-8543
-11587
-10776
-6883
-4379
872
-528
2571
4515
5059
6150
5861
6414
3968
3781
3903
5864
5588
5610
5033
3266
3339
2908
2083
1991
2446
-189
3252
6117
667
2342
4857
4986
6178
5249
4363
2531
990
1441
2087
1571
1287
894
491
-129
-1811
-1600
-3547
-5588
-3206
-7309
-9717
-6570
-7063
-7024
-7393
-7278
-6904
-6071
-8438
-6560
-2024
-5145
-5027
-3745
-397
685
3874
5763
2698
4504
6242
5950
4705
6334
3491
3343
4856
2945
3164
3815
4578
3112
8034
3713
-767
7681
8111
4856
3453
5068
6242
4428
3088
4463
5069
5955
3807
350
1499
1722
575
634
-512
-55
2186
-3236
-3929
-995
-2080
-3943
-2212
-2609
-3992
-1602
-4767
-3889
-3511
-5716
-6417
-6091
-6974
-6345
-3137
-6580
-6311
-3943
-2494
-2790
-1212
-2219
-5083
-709
148
-263
207
2727
1915
5865
5827
2687
5520
7070
10199
8388
6721
4661
5782
6760
7429
9096
6573
5119
4509
2917
5237
4525
1696
1997
596
560
-4124
-2344
-648
-1265
-1349
-3644
868
-507
-2955
-3852
-6256
-6235
-5784
-8454
-8782
-10691
-6647
-5905
-6910
-7112
-9740
-10800
-10138
-8389
-8336
-11377
-8751
-4605
-4370
-2701
-1138
540
351
5677
6241
5479
11492
13111
13426
12251
14489
14569
14298
13015
14046
13418
12464
12465
9906
12435
10442
8665
7746
8858
9830
5937
5452
6452
7058
7453
5160
-741
-1137
-2875
-1677
-2190
-3825
-4293
-4883
-4925
-4710
-5324
-5418
-6935
-7323
-7697
-8975
-8735
-9311
-9864
-11497
-12081
-11038
-11582
-6852
-5869
-9387
-8909
-2489
1553
1347
1842
3278
8470
9349
11559
12226
12583
11167
12532
14145
13066
14891
13939
13694
12483
12814
11740
11786
11009
6548
8432
11330
8862
7176
6957
6504
7257
6391
4268
4783
3417
4289
4668
1665
2472
1492
-941
-1346
-440
-897
-2162
-3287
-4115
-5093
-6704
-6692
-8450
-10523
-9202
-8919
-8975
-9575
-8261
-7251
-5839
-3418
-4583
-2241
-802
1175
1609
2094
4367
5102
8428
9027
9603
10158
12008
10925
10302
10020
6845
12498
10973
6645
7716
6974
7006
8632
9703
6516
6468
4395
3650
5670
4413
3207
1364
-271
5198
5609
-1389
-3635
-5438
-5751
-6617
-8235
-2970
-3866
-5401
-7382
-7150
-8350
-8877
-7615
-8667
-10643
-6991
-5913
-10701
-7647
-5900
-7063
-6162
-6262
-3354
-2324
-5217
-2105
-1275
2234
5069
7552
8258
5979
12777
12313
6362
9781
8860
8682
10749
11217
10068
9657
9808
8593
9034
9734
8832
5845
6331
7580
5992
6955
4890
5294
2989
2217
1542
-445
-1990
-5554
-5455
-5239
-5522
-7209
-9039
-9396
-8790
-9017
-10634
-14064
-9163
-13495
-16059
-8993
-11029
-9351
-8584
-6687
-9434
-6777
-2842
-4906
-4499
-3046
1288
-1730
-3631
-2045
3271
5511
7775
8107
4723
8639
7359
7970
9003
10560
13075
12794
11630
11252
12061
9920
10286
6098
3744
3366
7739
7990
5775
3775
-4924
-5345
-5625
-6104
-8290
-4597
-6177
-6667
-5872
-7424
-12171
-11991
-14258
-10839
-7996
-10649
-7490
-6982
-6622
-4006
-4656
-3913
-4785
-4184
1218
-106
-1097
421
-1030
864
-1732
-83
275
3811
5178
-1120
1783
5605
6827
7538
7817
7400
8705
7982
8119
9682
8556
10348
12295
10661
9792
9538
8258
4571
4165
4183
3100
1212
-802
687
-1668
-387
-2725
-4018
-997
-6941
-2334
-1234
-4183
1051
-2673
-2442
1756
4257
4192
1939
6326
5820
3573
6539
4652
4582
4357
3426
4718
2827
1831
-671
-1794
-2370
-4017
-4191
-4257
-7022
-6871
-2945
-4512
-5295
-4582
-4693
-2713
-1416
3982
-1728
-895
-1406
2077
3434
6344
-481
-177
6735
4686
4206
-1203
2003
-757
-5941
-8062
-4722
-3172
-3834
-2388
-4332
2013
-408
-4105
-164
2939
5342
6384
7037
7249
6174
5591
7629
7277
6954
7713
5322
3529
2945
1989
1831
1107
-1162
-3295
-2072
-3618
-6422
-6633
-7677
-8536
-8407
-9063
-9955
-7605
-7818
-7214
-4653
-4230
-1937
-2200
-2641
-1819
-155
-331
-1400
-345
2351
2324
-1052
1707
1889
892
1365
-1407
-641
-801
715
5770
1684
1415
8657
9762
9861
9872
9594
9540
10060
11023
11349
11133
7571
6022
6508
5537
6103
4021
1760
1546
335
1917
1657
-972
-2073
-2689
-2147
-3890
-6300
-7775
-10609
-11737
-9950
-7707
-8837
-10513
-8099
-7276
-9107
-10569
-9030
-4367
-6366
-4454
-2089
-3606
-1769
-2901
-2951
-1599
1829
2424
3303
3808
8630
9283
5023
9062
11428
11853
10151
10725
10410
9515
10203
9558
9111
11215
10546
9435
8665
7054
7411
6285
5721
2228
772
1421
-940
-2387
-548
-624
-2062
-4586
-6021
-4009
-6020
-10171
-10505
-10314
-10472
-10887
-11578
-13658
-16423
-14587
-16485
-15747
-12388
-15388
-16309
-13324
-12729
-10815
-8654
-7506
-4796
-2924
-349
-1416
3697
4409
3490
9771
9623
11781
11525
10759
11204
10792
13099
12724
12162
12388
11124
9848
11223
10886
10963
10533
5746
5385
7002
7290
3441
785
1565
571
-592
272
24
-2765
-3399
-3816
-4646
-4906
-6748
-10700
-10509
-11039
-12338
-12114
-13353
-13748
-14640
-14722
-15511
-16822
-16790
-15021
-12860
-14279
-9425
-5354
-7073
409
4796
3850
4660
6991
11753
10982
11324
14183
14299
15670
16648
16805
16374
15913
17104
15546
13032
13727
12037
9260
8489
7808
5928
3827
4412
4313
3894
4042
1723
1042
1031
-411
-2045
-4091
-5707
-6134
-8312
-10233
-9471
-9752
-11961
-13403
-14324
-13955
-13440
-16265
-15868
-14687
-13494
-13436
-14268
-13552
-10837
-13464
-9979
-3982
-9371
-5551
-2143
1264
6070
7924
8946
6670
7576
10977
12598
14171
14620
12903
13468
13335
13435
13091
11060
8160
6239
5727
6064
5096
3438
2209
996
1096
171
-240
-3746
-5666
-5367
-7241
-7741
-6935
-8890
-8180
-8157
-9526
-6907
-7876
-8884
-9764
-8766
-8422
-10009
-9590
-9084
-9364
-8032
-5731
-7069
-6641
-3700
-5000
-5856
-1307
-657
-788
1959
2314
1845
3927
7998
7712
9915
11710
11155
12183
13039
13849
13117
13446
12300
10562
8519
7793
7681
6466
7661
7366
6533
5909
2862
1899
2035
1024
1795
-276
-1791
-1417
-3854
-2167
-1433
-2206
-4665
-4802
-1378
-1895
-3558
-4249
-5829
-7361
-3506
-3916
-4428
-3742
-6825
-3936
-3341
-7240
-3228
-591
-2750
-1648
-713
375
772
389
-1445
-1677
897
-2125
660
3807
-1002
1145
1710
4655
5457
2674
4439
4426
6770
9259
6515
6417
6587
3995
5559
2364
2448
2253
1695
3097
2260
3560
2944
1998
-773
-647
1275
-219
-1061
-481
-1279
-3413
-3908
-4329
-5019
-5822
-4373
-5293
-4001
339
-5092
-5009
-357
233
-966
-1159
-2036
-4135
-4128
-4931
-4216
-5906
-4506
-4675
-6275
-7101
-6167
-2568
-4435
-3801
-1896
-1645
-226
2614
532
2342
3663
2228
5811
5170
6667
6703
3090
6131
9053
8649
8198
8571
9846
7541
5720
3631
1957
2600
2159
2324
1238
-42
-1187
-2666
-2644
-3235
-1516
-1780
-1953
-3943
-6027
-1497
949
328
-1232
-1683
-4109
-2464
-1284
-2787
-2740
-3785
-5368
-6059
-22
-2215
-1588
-2795
-2966
-1606
-4976
-5762
-3157
-2552
-5467
-12067
-5368
-2968
-3506
-2970
2506
1448
1500
862
3447
5821
5492
4597
3901
3214
3372
1683
2052
712
-1383
-365
-1021
-1809
-2530
-3390
-1829
-1447
-2850
-805
953
-2324
-444
3961
3342
3861
4504
2524
3362
4950
5342
3954
3354
1816
1869
2673
2366
270
-2072
-2315
-1394
-243
-5690
-5003
-5010
-6533
-5054
-8733
-8879
-5125
-3413
-3939
-7889
-1068
2734
1961
5681
2830
5033
4753
6003
6073
6910
7152
5044
5659
3940
5590
5029
5053
5289
3107
4635
6121
4429
8404
5766
2941
8696
9040
10354
10807
8375
8152
9926
8848
7171
7725
6484
5053
4849
4999
3707
2313
1023
-509
278
-1496
-3492
-3675
-4302
-4681
-6503
-6233
-7092
-9082
-8394
-7260
-7270
-7827
-5724
-2918
-6771
-7596
-2715
-716
-2748
-188
838
-2056
1703
2258
1439
2318
4026
5223
4439
3980
5720
2347
5147
6925
1423
5057
6992
7726
8957
8013
7504
8452
7395
7185
5699
4631
4321
2439
925
-142
-577
-2753
-2221
-3277
-5040
-5818
-7639
-7041
-7669
-4287
-9967
-8525
-6522
-6572
-8885
-8587
-8829
-9362
-8865
-8840
-10873
-12900
-7265
-6799
-2753
-3365
-4566
-3456
-2095
-6136
208
3333
5695
-2479
-2208
-423
407
6104
7799
7308
3925
5794
10408
10325
9166
8321
8099
7910
9343
8364
8110
5745
5600
4312
3158
2772
350
-21
-68
-527
-1562
-790
-567
-1209
417
2013
317
-83
-1413
-350
-897
-2034
-684
-2571
-2001
-2773
-2774
-4607
-4479
-5481
-7587
-8087
-8375
-9303
-10273
-6573
-11440
-9291
-9787
-8040
-3199
-2522
28
2524
5360
1232
3437
4875
8752
10776
10251
10196
9303
7478
8077
8823
7724
8154
6318
7247
4990
4565
4913
7147
5670
2643
3413
3404
4147
3670
2449
-25
1940
2122
1024
882
-69
-101
-879
-2563
-2959
-3077
-3914
-5006
-7087
-7641
-9676
-8772
-11095
-13976
-14115
-16624
-16160
-15321
-16075
-15473
-12128
-13327
-10330
-9222
-12190
-8120
-1804
1914
2329
5463
2546
3156
5045
5163
10071
7909
7364
8096
8291
8254
8153
9907
9931
9849
10299
10194
11207
11492
9032
9553
9807
8939
9085
8170
7559
6381
6149
5453
3583
2582
-356
-276
-327
-2576
-2295
-3765
-3787
-4460
-8234
-10429
-10958
-11554
-12286
-13919
-16187
-13819
-14464
-13118
-9794
-12579
-12147
-4879
-2957
-6327
-3070
1062
638
1855
7280
8838
8869
8321
9387
10386
11415
13189
13201
15871
17250
13613
12372
13845
13164
12504
11494
11056
10716
11581
11192
9749
9630
9436
7474
3246
416
1357
1041
-750
-1797
-3821
-4877
-5640
-4793
-5064
-8636
-10751
-12655
-13143
-11007
-13254
-13400
-14809
-16544
-11030
-9693
-14587
-11915
-5986
-8186
-6157
-6673
-6523
-4145
-6393
-6866
-4290
461
665
1520
4932
6858
8326
10842
9009
7670
8986
10889
12654
10782
9798
8775
13120
11584
13091
5107
4298
4849
3803
3733
2263
3182
4082
2032
-2033
-2923
-3321
-2100
-5615
-6702
-6563
-7934
-7224
-10085
-8441
-8358
-8042
-7688
-8525
-8765
-6633
-9605
-12527
-4278
-4730
-5855
-4169
-5288
-5539
-5706
-3928
-3719
-3811
-4265
-277
1392
-1012
-230
2229
6105
4701
4798
6506
6096
5942
3833
5741
8340
9239
10932
9113
8271
8440
7727
9086
6367
3499
4257
3337
2824
927
-1988
-1669
-1144
-1758
-1812
-3284
-4757
-8111
-7739
-6554
-7134
-2799
-5721
-6026
-3348
1508
-3994
-2814
3003
-4823
-4265
-3547
-1104
-1289
-2056
-777
-1664
-1360
-2175
-4173
-3422
-3658
-2510
-3161
-4130
1387
1173
-2720
1723
4434
4666
6968
6012
6432
7997
9852
7734
8502
12244
12313
12281
11706
10400
8561
7262
6012
6057
5489
2881
1116
2154
2874
1369
-30
-1870
-2177
-1864
-2965
-2541
-2863
947
-2810
-5967
2312
3584
1431
2004
2129
3053
2743
695
1144
933
1600
2000
1393
238
-1392
-1984
-2949
-3706
-2788
-4297
-4772
-7177
-5114
-2721
-4934
-2238
-3793
252
2473
2224
4221
4606
3490
2116
3474
8522
9853
8932
7100
5869
5028
5659
4749
3134
976
-458
517
-202
-941
-632
-1144
-1454
506
3256
-2337
610
7366
4794
7612
7024
5983
5788
4914
7870
3009
2019
1515
1114
606
-152
4800
3872
4448
4548
2392
-3566
-4676
-5759
-5257
-5418
-6592
-6325
-7292
-6331
-4735
-5467
-6905
-5542
-1872
-1391
611
2597
1071
304
3173
2670
1286
1462
2701
2410
-288
445
81
-1419
-603
610
697
3524
5419
701
3747
11916
11124
9256
9847
10265
10158
11728
12960
12043
12325
10882
10887
10610
8877
8569
7297
5400
5191
5534
4656
4592
2133
1087
-460
-1829
-1235
-3026
-4398
-7691
-10888
-9322
-10532
-14028
-12067
-11571
-12482
-11618
-10042
-8730
-7876
-8236
-7443
-6750
-7624
-6141
-5791
-7096
-5095
-1611
-431
187
-673
3602
2661
1445
9170
10935
9403
9271
9669
7780
8710
10691
9681
9346
10503
10003
9112
8423
7453
6923
4362
4111
4266
3441
3436
1679
-386
-2240
-4049
-4655
-5137
-7053
-8133
-8746
-9454
-10323
-11297
-10654
-12876
-13282
-16112
-18183
-17402
-19075
-15159
-15753
-16130
-14786
-13870
-10953
-8604
-6305
-782
2389
3331
6412
1873
1439
4942
10949
15558
14432
13759
12782
12114
12139
12724
12685
13804
13236
13106
12115
11106
10763
10218
8521
5564
5408
3803
3763
3682
2864
2007
-291
-1525
-1465
-1171
-1324
-3384
-4716
-5290
-5342
-5008
-7711
-7689
-9434
-10737
-9290
-10080
-10318
-10321
-11308
-10833
-11434
-14188
-8570
-7881
-8265
-5714
-4663
-943
3634
9095
6747
9115
14120
14310
14933
16335
18113
17354
17740
17605
16353
16420
14499
14028
11837
10402
10109
7645
7732
8624
7651
7358
6601
3988
4288
2027
2372
1924
-2535
-284
-2116
-4992
-5970
-8334
-8173
-8137
-8677
-8845
-9087
-10733
-11458
-11994
-10457
-11611
-13973
-9007
-8525
-8189
-8629
-10119
-9234
-7536
-9772
-3368
-83
-2028
-3000
2308
7011
8022
12501
11389
12852
11877
12835
13903
14276
16511
14993
15550
12442
14298
13412
12369
13365
10298
10330
10282
9383
8364
1249
259
1710
1309
3057
729
-1404
-2916
-3751
-1763
-3885
-4297
-3883
-5228
-4603
-4742
-5512
-5148
-6656
-5396
-7428
-7382
-7159
-8727
-8338
-8766
-7673
-6802
-8274
-5051
-4994
-10039
-4160
-2248
634
1092
1306
2780
4492
7881
7409
11307
11208
13732
13629
11488
11949
14145
13474
12797
13694
12899
13586
11667
11301
9192
9393
7455
5231
6032
5287
4391
4294
4938
3488
4092
632
-939
11
-2307
-4535
-6434
-7006
-7453
-8173
-8580
-8591
-10688
-10656
-9977
-11140
-10811
-10603
-7735
-2809
-772
-6677
-2325
-567
-7151
-5171
275
245
201
-2860
785
3853
3579
4374
6724
8285
8620
12118
8162
8385
9123
4203
4198
4664
12625
11809
7271
5054
4565
5691
6076
5376
4285
2432
1535
4125
2434
827
484
-2576
-3113
-2479
-3998
-2408
-2528
-4726
-3604
-4284
-3781
-3347
-7160
-5653
-4137
-8332
-5026
-2857
-7965
-5667
744
-687
-501
-22
-302
164
-482
-192
-4039
-5366
-3196
-4669
-2832
774
225
-3162
-1864
3178
-374
2577
2572
-196
2500
2865
5680
4919
4139
5324
4612
3401
3377
4078
3926
2927
3023
2851
3054
3189
2566
1358
1693
3558
1518
883
821
-4
1761
-1332
-1189
298
-205
17
1901
750
-834
7079
5368
3010
4048
3787
3673
3691
4804
4000
2676
1642
1801
1392
639
-1970
-2745
-4338
-3455
-6468
-6561
-5078
-7769
-5952
-4057
-1308
875
858
-239
3054
3873
5325
5132
5195
7586
7633
8725
6520
6734
5598
4393
4567
3617
3978
5521
4667
5187
4981
5705
4527
1548
2861
847
7674
6019
1551
8879
8715
7054
6979
6883
7443
4306
4596
5451
3134
2644
-342
277
1530
-1179
-2016
-5215
-5189
-4420
-12195
-11786
-9618
-11598
-12319
-10902
-6743
-9035
-8225
-4900
-4343
-1708
399
-333
4071
5369
7606
8788
8403
8938
8836
9319
10122
6163
7774
8094
6793
6750
5666
5428
5737
7696
5205
8573
7427
3386
7441
9749
9207
9070
8317
6194
6772
6166
5740
5254
3549
3343
2749
2037
2019
-872
-835
-3666
-2764
-927
-6506
-4133
-3906
-5108
-4806
-6230
-5363
-6053
-5439
-4848
-3409
-459
-1478
-274
-589
-460
2732
6108
2008
-256
2061
3802
2472
1760
660
2090
2829
4054
4137
3008
3766
3659
5129
6148
3930
5348
10537
8537
8031
8657
6996
6834
6651
6377
7151
6505
5401
4585
3478
3897
2131
2056
1598
1272
1169
-3186
-2860
727
-276
69
-1881
-55
-169
-5187
-3618
-4312
-4058
-4622
-4233
-3497
-4627
-3566
-1595
-1799
-4607
-1277
356
-126
737
1415
928
1583
2516
-867
1349
2508
3607
6934
11530
6335
4077
11658
11154
11415
10035
11405
8904
10007
11714
9692
8620
6155
5624
6722
10168
7600
6960
6469
5617
5890
5691
283
-2299
1653
1629
818
105
-261
-471
-1396
-437
387
-570
-2288
-4731
-6500
-8191
-8634
-10630
-12285
-12731
-14614
-13042
-11370
-12246
-13627
-13832
-9935
-6865
-6415
-5746
-3407
-3059
1764
-498
-381
5792
4545
7887
8865
10674
11811
9386
8269
8058
7777
11545
10353
6492
4225
2822
6137
6007
6389
5563
4999
5033
2588
3501
4811
3407
2545
2604
2596
1119
-901
-1176
-2031
-2631
-3456
-4267
-4370
-5236
-6488
-7542
-7734
-8853
-9976
-12549
-13834
-15022
-14602
-14127
-13133
-11077
-11134
-10914
-8268
-1955
-420
-83
3682
5364
4367
8524
8751
6454
4408
7758
13816
13646
15833
12521
11117
8328
7603
9748
8038
8685
7177
6055
6249
1362
503
3504
2447
2821
1124
1442
961
-1340
-822
-1006
-2681
-5252
-467
127
125
-7344
-8017
-8601
-10053
-9905
-11188
-12592
-13497
-12950
-13463
-14392
-15573
-14956
-15496
-14071
-13459
-13217
-11088
-8939
-4941
-6355
-2753
115
4963
5214
5639
6970
8040
9348
7643
9574
8835
10167
11313
13659
11646
10054
10386
9525
6060
3950
5574
5428
3755
2673
3141
4385
5411
4176
4525
3327
2962
2630
922
-721
-274
-233
-1853
-2456
-3321
-3606
-3868
-5853
-7399
-10308
-10585
-8015
-7814
-8025
-10252
-7525
-7309
-9417
-7244
-5262
-6325
-5747
-4253
-2915
-3676
-3320
-460
-542
2204
3112
4757
6000
7760
9500
9304
9749
9187
11562
12191
9629
8950
7819
9264
9620
7251
8041
7260
5598
5038
6307
4058
8465
7993
5639
6368
453
-1654
-4895
-3267
-1633
-4352
-6664
-5650
-7224
-6915
-8723
-11751
-8090
-9899
-9916
-8115
-9681
-11282
-8660
-7024
-7707
-7899
-8007
-8608
-9241
-7780
-7411
-6603
-5773
-2777
466
-1428
890
4328
4385
7362
9064
9539
9763
9273
7163
9541
13161
15328
14969
13850
14161
11744
11088
9172
6466
6354
5060
4413
3910
3785
3156
623
-1449
-2843
-2190
-3430
-4394
-8021
-9465
-10548
-9576
-9164
-11869
-11067
-9048
-9214
-12647
-8090
-5108
-5530
-1678
-1381
-749
-5877
-2652
-3303
-3767
-2545
-3266
-2749
-3455
-2998
-1275
-605
2583
1290
48
2732
3085
4331
8560
5133
5569
9802
10680
10684
11210
11685
10352
10874
10049
9911
8682
8043
7009
3363
2663
2137
159
-2027
-4841
-4461
-5115
-4565
-5532
-7538
-6569
-6226
-7657
-4313
-5222
-10112
-2883
-1605
-1437
1576
467
-754
200
2915
2397
1138
1935
2500
2583
2544
1706
1769
-472
-5228
-3815
-3494
-2814
-4138
-6544
-1818
-2981
-2249
-1395
90
1376
1204
3863
2293
2426
3335
1658
2351
1498
451
1446
2237
1628
-399
-2678
-3984
-3336
-6442
-6707
-6830
-6575
-5880
-5600
-4486
-193
-3302
-4208
5262
2722
5366
5633
4277
4204
3032
5577
6494
6451
3198
6029
8820
8685
7196
5388
4627
4174
4832
2042
1696
-1639
-5611
-3607
-4678
-5602
-6847
-7347
-5594
-5273
-6604
-7041
-6714
-3105
-1358
-387
-1199
-3038
-2262
-605
806
-810
-689
-824
-708
-3519
-3908
-3438
-1362
1380
-191
-583
6304
1872
-1070
9045
6157
5735
6654
7346
8372
7168
7823
7900
8386
8824
6960
7053
6063
5002
5843
3627
3252
1432
-378
370
-2204
-5998
-6562
-7233
-6676
-8881
-9112
-9168
-11412
-10981
-11273
-9812
-9291
-8579
-7892
-8531
-11043
-8747
-3437
-3448
-2296
-1855
-2855
-1719
-96
77
228
2202
3170
2457
2778
10516
10840
4413
13167
13876
10863
15094
13208
13549
12468
12675
12303
10667
11264
9864
10053
10101
8697
6767
5425
6168
5847
4090
5291
-954
-3863
-585
-2155
-2316
-5233
-6713
-4586
-5463
-6933
-6506
-7786
-8033
-8943
-9925
-11384
-13224
-14238
-16854
-15259
-11393
-16224
-18489
-12349
-11922
-9599
-8611
-2328
4
-4532
230
4590
1924
752
13108
13454
14448
15153
14355
14003
14666
14782
13207
14835
13469
14690
9915
8774
6440
5611
6666
7128
8525
5260
3711
-557
-2541
1089
587
-672
-4063
-2905
-460
-1364
-1130
-2101
-4562
-5658
-7196
-9061
-9399
-9621
-10119
-12378
-10783
-10440
-12964
-13802
-15355
-16163
-14930
-14149
-11886
-9529
-10751
-7511
631
337
-1302
5650
6107
6526
8810
11153
13362
12480
15187
16797
15909
15805
15215
14938
14958
12642
14018
13154
13042
12549
9638
9376
5266
5507
8101
7685
4525
4250
3439
1013
2264
1500
788
-1221
-1448
-3895
-5912
-5746
-8221
-7574
-7284
-9019
-10731
-13455
-13132
-12619
-15190
-15809
-15145
-13948
-15218
-12240
-13750
-9962
-7967
-10058
-3395
-5063
154
4361
5464
8284
9256
9181
10150
9666
7785
12886
15768
14469
15861
13422
9367
16999
16180
15753
11438
6987
9298
9289
9679
8198
1422
1682
-1203
-1089
-832
3066
1198
-399
-3519
-3031
-1996
-11289
-10163
-11923
-12566
-11184
-12784
-12033
-13475
-10246
-11208
-11559
-11443
-10740
-9499
-9132
-4993
-8388
-6457
-5815
-3292
-1962
-3056
-68
587
1583
-60
4369
8373
9593
13145
8850
9060
11002
9609
10718
12215
12733
15408
14098
8313
10652
11427
10057
7388
8567
8272
6969
6736
3319
2549
-7
-53
418
-2098
-1974
-1485
-4259
-3460
-2879
-6196
-4789
-1749
-4938
-4463
-3461
-4878
-5131
-5466
-3576
-1412
-1169
-4356
-2292
-1591
-1102
-213
77
-244
-5762
-3877
-3154
-5099
-3598
2563
3721
3834
3522
5939
6119
6951
3679
1809
9348
7906
3852
7614
6852
6428
5896
8323
4178
575
793
389
-159
-153
422
-1881
-206
-248
-775
1649
-1177
-2133
-1262
-1984
-975
-2687
-4295
-2443
-1838
-990
585
847
4328
3764
-778
3488
5482
5583
4023
4046
4025
3484
3930
2385
1525
888
263
-674
-1456
-3120
-4318
-5171
-3075
-3703
-2835
-5894
-8370
-5164
-1540
2045
-350
-498
1258
2012
2247
2477
2369
2880
1766
1313
2045
3851
5185
3129
5206
5899
4350
3788
2409
3020
-49
-2316
-1081
-588
739
-216
995
3883
4155
1137
3369
6259
4429
4666
3834
3397
3752
1740
36
-820
-1095
-825
-3352
-3511
-5511
-5739
-6678
-6939
-8745
-9208
-10603
-15077
-9332
-8661
-7112
-8514
-9254
-8495
-4004
103
-2423
-2359
-955
2655
2856
3836
3897
3986
4191
6520
7337
8332
7797
5673
5441
3560
3305
2937
2434
2343
2211
1493
5013
3196
-1064
4733
6787
5470
5586
5057
4468
4084
2268
787
1559
87
183
-50
-1727
-1255
-2674
-5002
-3612
-5433
-4732
-7348
-12098
-9749
-9483
-11011
-10160
-7941
-7845
-8668
-6771
-6613
-8322
-7100
-6298
-2991
-2707
837
695
1042
4400
3948
5485
6127
6637
5626
6329
6561
5627
4869
5665
4122
5962
6875
2066
3378
7391
10429
8846
6689
7635
5172
5692
7974
7768
6168
5164
4583
4034
3649
2080
557
-210
-265
-235
-92
-3061
-7412
-5295
-6559
-8980
-5784
-6322
-7088
-9441
-10013
-9122
-9259
-9387
-7856
-9488
-7992
-5359
-4703
-5582
-3372
-454
-1211
2354
-1097
-22
-1048
-935
-1
-44
2209
1970
4257
7158
7044
5020
10779
10732
10171
9912
7961
8458
7504
8217
7588
8340
7780
7704
8843
5571
7642
8052
3581
968
2153
1585
-5113
-3411
-3298
-4181
-4394
-4127
-3569
-4829
-3848
-4244
-3709
-4933
-6283
-8323
-9864
-10649
-10912
-10812
-12737
-12608
-15051
-12831
-10370
-10250
-10942
-12300
-8219
-6859
-2284
-2532
-3084
6640
9532
4828
6342
9419
9312
9849
11471
13198
12543
12239
12460
11045
8333
9155
9204
8213
8664
8057
6961
6191
3045
2847
5202
-1767
-1878
417
-1646
-1881
-3714
-3327
-3063
-3148
-4137
-5588
-6017
-7070
-6080
-6011
-6105
-7376
-8533
-8760
-10668
-10443
-11611
-13717
-13060
-12983
-13511
-13599
-11722
-8612
-8398
-9854
-4992
2529
-613
3107
7727
4574
6240
7083
9705
9476
10206
13516
12060
12761
13101
11434
11329
8476
8128
5866
5654
6612
4679
6322
1016
205
1304
1318
1570
1384
3139
2534
1891
-529
-384
-101
-249
-604
376
839
-1205
-1604
-2673
-4417
-3840
-4458
-6904
-7540
-9320
-9293
-8913
-7915
-9016
-9971
-12996
-6731
-1571
-10938
-1736
488
-2689
142
2190
4008
4294
6963
5681
7276
5761
8822
9149
8364
10044
8579
10027
9640
10266
8352
9761
6611
2063
5912
5563
5687
6203
5818
6145
4440
4314
6267
3260
3848
5258
3870
3788
2101
2235
1369
-416
-2036
-2561
-6227
-7945
-7409
-6458
-6058
-7929
-6538
-8322
-10120
-6818
-7091
-13344
-10162
-7072
-10348
-8448
-8752
-7537
-4231
-5012
-7443
-5345
-2372
-451
1065
832
1388
2141
2070
845
3615
4855
6849
6197
3946
7660
7505
6475
7794
8753
8956
9028
6934
6234
5177
3194
4959
3580
3112
3351
2767
3292
-444
-2288
-3681
-5052
-5127
-6442
-7187
-7798
-7800
-7060
-6580
-8369
-4511
-6426
-10885
-4202
-2437
-4431
-6355
-5824
-4979
-4736
-5348
-7939
-7335
2
419
2
129
-1307
-2726
-3783
-7311
-5169
-5007
-9758
-9604
-6109
-7890
-9077
-4329
-2132
-2174
1234
2881
2182
2804
1035
-1416
2006
2040
628
2330
3267
2724
1605
-198
1285
1961
-998
-1493
-2093
-1710
-352
-682
-1560
3869
438
1254
7786
5293
5320
2752
2577
2590
3306
4131
2465
2248
886
2461
4258
2198
1132
-1987
-4015
-4222
-5435
-3431
-5207
-7180
-7640
-8170
-7259
-8014
-10679
-12857
-10414
-7265
-6947
-9675
-8993
-5085
-5051
-3108
-1701
-2846
-3568
-2897
-2167
-2477
-1547
-1692
-1809
-810
-1142
-911
911
1825
2463
2920
8176
9194
5662
7967
10778
10608
8751
9464
9499
9137
8320
8174
9314
9939
10689
9341
8476
8611
6673
5684
3788
505
-718
-1503
-224
-1709
-1710
-2079
-4548
-3968
-4622
-6248
-8284
-9092
-10829
-12616
-13118
-10773
-9435
-11435
-11522
-8508
-7854
-7992
-5666
-5813
-4281
-4406
-3049
-1403
267
2308
1940
2986
4926
9321
8883
6100
9010
11135
11634
12609
12395
12616
12374
12449
12583
14015
14637
9803
7808
8255
8330
5746
3976
4026
231
1670
2353
1026
145
-1778
-4064
-5497
-5465
-7436
-7863
-10306
-12552
-11234
-11789
-13323
-13931
-15093
-15220
-15621
-16611
-16199
-13744
-11615
-13943
-12836
-8288
-7849
-5014
-2297
-1734
-905
593
902
4986
8495
4875
9879
11411
18296
18012
16290
12335
11797
13182
11874
12847
13206
12376
10113
9098
7960
7224
6921
5880
3809
2181
2822
-495
-3345
-2974
-3244
-6050
-6993
-9634
-9083
-9219
-10567
-8375
-10606
-12166
-13848
-15048
-14027
-14462
-14986
-14979
-13548
-13507
-13557
-12950
-14118
-12214
-8156
-8492
-9621
-5459
-3644
-2833
541
6708
5161
5866
9096
9275
14318
13282
16091
16684
15799
15572
14816
17313
16022
13603
11132
8586
7791
9425
7038
3834
3054
1637
2940
2955
3278
2057
-1493
-2361
-3814
-2354
-2524
-5380
-5363
-4286
-5225
-5522
-5435
-6171
-5409
-6582
-6376
-6071
-6056
-6680
-9341
-7789
-7821
-7311
-7957
-7949
-7569
-8239
-7344
-3319
1006
-6848
-844
8521
8668
9182
9250
8559
8143
9885
8026
8986
10277
12606
11998
10055
10780
10578
9038
6183
4757
5529
4616
3425
2837
-531
895
128
-595
897
-608
168
-306
373
925
-1101
-935
-1274
-2477
-1669
-1426
-1528
-2989
-3923
-2646
-4115
-4636
-5579
-6977
-6301
-8257
-8511
-9168
-8492
-8779
-7735
-11294
-11498
-3976
-2704
-1958
-6665
-5015
2869
6298
5906
6124
5633
6236
7939
9028
8131
5968
6108
6056
6577
12477
5913
3972
4517
5040
7392
6236
4817
4578
929
-400
-761
665
-254
-126
1249
-232
560
853
236
228
-1472
-1873
-2398
-4927
-5305
-7070
-8177
-8362
-10081
-10829
-9809
-11428
-10479
-5073
-10917
-10219
-5793
-3518
-3536
-5837
-3442
-4632
-402
876
-2567
-1539
392
952
4449
4993
5154
6258
6026
6515
9641
10598
7959
8796
8100
10109
8546
5897
5254
5331
7132
6084
7100
6721
6051
6142
3223
2793
812
-870
-2114
-2462
-2858
-4723
-4486
-5476
-5494
-6647
-5687
-7309
-9378
-9915
-5442
-1019
-2196
-4180
-8300
-7434
-3457
-3906
-3612
-1930
-4808
-5004
-4872
-6491
-5575
-5376
-4807
-2627
-5249
-6590
-3534
-251
-1262
1100
1845
2863
6107
1977
5970
7375
9824
11146
10046
10584
10100
11473
9450
9382
8021
7519
5743
6843
6166
4616
4290
3482
2957
2416
1857
-961
-2062
-1948
-1983
-2605
-356
-4448
1308
5330
-2718
-922
1612
3227
2769
2110
3661
1461
-2478
-1928
-423
-1491
-2117
-4373
-4169
-4791
-5175
-6239
-8907
-8005
-7775
-5727
-7673
-7437
-4390
-992
-740
411
-1035
-4504
6529
4999
1130
5843
4377
6863
7842
7571
8090
4153
3444
2952
1319
6324
-184
-297
-1717
-2240
-1098
549
1180
1532
-2273
1550
4438
-1448
-531
1293
2577
3045
2305
3721
3103
2264
955
8
1125
569
-894
-2535
-2838
-4781
-5015
-5466
-3703
-7527
-12415
-9903
-12214
-9958
-9167
-7932
-9183
-7337
-4357
-2785
-235
-519
2719
1766
2645
2930
3924
3831
5700
8527
7456
6267
5141
5623
3243
2445
2014
439
-1978
-581
894
-3054
1966
4061
217
2413
5402
5947
5061
4510
3463
2858
2335
735
849
2183
220
-1427
-3725
-4041
-3932
-5186
-4777
-4793
-4466
-6597
-7482
-7762
-8207
-6329
-6297
-6810
-5844
-8926
-7729
-3370
-4976
-5198
-5191
-4395
632
4740
6150
4353
4104
7709
2429
2424
7503
8240
7540
4830
5318
3310
5691
5794
4866
8995
8741
2437
7162
12653
9097
8109
5007
4794
3383
4423
3558
3323
3928
2238
4046
2539
294
-1464
-3713
-3397
-1949
-2483
-4792
-6622
-5230
-4398
-5076
-5887
-1633
-1053
-767
-6809
-5789
-5872
-5971
-8731
-11428
-8939
-5744
-9045
-7922
-6730
-4602
-3533
-2008
-1929
-6138
3147
236
2653
4875
-1056
2188
656
4112
5615
-379
3011
7140
6196
7141
5987
5827
3645
4410
6214
3776
4711
6552
6514
6653
4076
2959
3148
3506
3253
3658
1054
531
1928
2468
1552
459
805
-1730
-292
-416
-300
-822
-544
-1089
-1662
-2985
-4885
-6086
-7530
-7828
-8236
-6950
-7921
-8510
-10334
-6239
-4591
-7232
-5422
-4910
-4609
-3259
1135
3663
144
2326
7151
7996
7702
7157
5891
6072
7466
6280
6546
6689
11358
10962
12450
12599
6165
5825
5447
6844
6053
3802
2476
4845
6069
4174
4329
3263
3372
2926
378
-193
-428
-1194
-2084
-4172
-4632
-3490
-5927
-6406
-7486
-9526
-10797
-12025
-12981
-14211
-14839
-12414
-12476
-14010
-10608
-10972
-7879
-2349
-922
-3607
-258
2112
2130
7837
9574
9947
9452
10734
11601
10710
11424
11850
8270
9240
10672
12764
11613
8969
9678
8704
9134
4486
5027
6574
6151
3614
2379
2144
873
831
-769
-686
-4401
-5158
-5383
-6432
-5937
-8588
-10301
-12840
-14175
-12460
-13207
-13327
-12642
-14474
-12515
-12034
-14404
-13463
-15661
-16081
-10555
-4419
-10013
-10421
-1036
1324
4820
5557
6221
6769
6288
7209
7965
10334
13310
13340
15081
14927
15470
16724
15042
13581
11512
12805
8127
8495
10571
8524
5412
4582
6007
4626
3380
2142
3561
1206
240
620
720
-349
-2608
-4459
-4901
-5966
-8104
-8530
-9274
-8124
-9902
-13030
-13529
-13087
-11359
-10798
-13150
-13917
-13415
-13745
-11461
-11091
-8651
-3436
-3545
-5447
-3547
-425
-272
4396
7099
5596
6728
7424
8412
11815
12062
12709
11630
8592
10061
4490
3735
8000
6875
5557
4503
6526
6137
5079
5092
5540
4852
2106
1363
-1523
-2314
-697
-1424
-2784
-4499
-5247
-3612
-4806
-4788
-7326
-11732
-8935
-10276
-9496
-7438
-10133
-9211
-5287
-9163
-9407
-2622
-5621
-4874
-4940
-6361
-4761
-4308
-511
-35
-2519
-3234
630
2035
4015
8452
8256
7554
6979
8079
11975
12553
9894
11190
13631
11554
10075
11023
10741
8877
8673
9125
7456
5679
4896
5341
5959
4104
-1127
-1546
1038
-643
-4773
-5061
-5165
-5926
-6235
-8531
-9390
-10324
-7288
-9284
-10881
-8014
-11899
-12492
-2885
-284
-3818
-3815
-2090
-1427
-1134
-939
-789
-1637
-6375
-8972
-2457
-505
-2679
-2383
2198
5181
3977
8798
8475
7194
5357
5653
8497
10801
13402
15713
14317
12860
11563
10166
10437
9050
5879
5598
4757
3158
2829
531
-1412
-2807
-3650
-3572
-4077
-4966
-6588
-7996
-6795
-8889
-10630
-6042
-4745
-10588
-7070
312
-2706
-2470
-1210
-3181
-813
-1471
-446
-353
-933
-866
-830
-2551
-2498
745
-2545
-2513
-1668
3712
1682
-2285
-960
2578
2548
2062
5570
7115
9178
6165
7893
8445
12634
12410
8306
6698
5587
4925
1654
1118
1652
1898
491
-355
-2066
-4093
-5238
-6101
-8446
-7718
-7546
-9127
-3159
-1165
-4704
-1199
2681
4082
4888
5238
4536
3564
4016
4529
2968
1397
8170
508
-463
1082
2048
989
590
-1614
-4516
-2894
-2273
-4743
-8532
-4441
-4434
-8454
-5781
-3187
-2894
-3101
-2393
-2929
721
-1657
-3047
-1619
-4983
1009
2289
-2
1078
-3397
-5766
-5102
-5727
49
303
-6324
-5223
-4956
-3926
870
622
-965
4787
7121
4544
6593
6221
5479
5149
5447
6655
6303
6429
7195
7108
5152
5269
5564
3452
2637
2888
277
1288
-904
-3962
-7394
-6870
-5648
-9542
-8872
-9890
-11218
-10009
-7421
-11027
-9979
-7874
-6169
-2570
-3645
-3100
-2310
-3411
-4196
-1689
-748
957
2521
628
1929
2548
3219
3162
1259
7460
7270
4264
9135
9421
9483
10881
9696
11197
10930
10375
10519
10328
9967
8823
9005
7258
6086
4204
3859
5015
4082
4487
1396
-1202
-2188
-5581
-5603
-6625
-6759
-8481
-9850
-8471
-10675
-10460
-10030
-11569
-13900
-14225
-9727
-12392
-15466
-10562
-8156
-4895
-4997
-4291
-3603
-4509
-2679
-2261
-2378
294
5032
4349
10149
10730
6708
12627
14456
13303
14078
14487
13086
12291
13578
12110
10604
9931
9887
10566
8118
6672
4811
4198
3380
2418
2247
1682
-758
-2754
-2479
-1080
-1071
-5168
-6122
-7126
-7729
-8384
-8734
-8886
-9349
-11586
-15402
-14766
-14305
-13860
-15498
-16202
-16285
-14146
-13567
-13949
-9277
-9380
-6822
-6087
-2946
-1499
-1711
6705
4770
2049
8544
13168
14823
14665
13623
12744
11443
13396
13302
12292
11647
10414
12052
10185
8780
7750
5882
7148
6082
5069
4547
2503
1326
-182
-1153
-2050
-1192
-2935
-3867
-4179
-3936
-2505
-5555
-7137
-9804
-11605
-10535
-12220
-12564
-12011
-14621
-13513
-13782
-12594
-12131
-13661
-14720
-13633
-11162
-10594
-8235
-7436
1011
-691
-41
5715
5773
6911
5471
8717
8458
10524
13727
14609
14165
14916
13428
12615
12279
9762
10068
7590
8322
8535
5465
3919
4751
3723
2881
1954
970
1389
1832
1781
-563
-1051
-2590
-3891
-5614
-8415
-8259
-7273
-9029
-11029
-10778
-11033
-11236
-11003
-12552
-13302
-12942
-13659
-14313
-13272
-13865
-9877
-9789
-5138
-1895
-6255
760
-2968
3368
8717
7005
10557
8008
13049
13236
14284
14455
13215
16924
18330
18468
18173
15013
12840
12141
10405
10759
11028
10992
9935
8239
7345
7476
6931
5423
2279
-1460
-556
-2220
-2400
-2531
-4823
-4725
-4325
-3415
-5468
-6983
-8232
-8108
-6759
-7707
-7785
-9638
-9187
-9344
-9817
-7357
-9943
-5173
-4500
-8550
-3961
-617
-1196
-2444
3106
1119
838
4234
6289
10808
10762
12329
11661
13242
11040
8215
9094
10751
12483
10425
11413
10155
8189
9539
7951
5972
4732
3102
2456
62
-428
-1489
-1718
-3606
-4899
-5684
-6392
-5085
-1723
-1746
-2645
-2104
-1070
-3176
-9249
-8536
-9374
-8794
-8194
-9106
-8454
-9430
-141
2428
-2607
-341
2417
2045
1933
1444
2579
1530
1591
-852
1564
5732
5049
4468
2805
4436
7875
8110
7809
8035
4
1940
1477
1818
4914
7263
7980
8064
7820
6945
112
1160
258
-502
-1120
582
400
-1190
-1782
-1498
-482
-1477
-988
130
-898
-1043
-1229
-1327
-2760
-3531
-2960
-1516
-2153
1148
3359
-3116
147
1697
2946
2827
1073
1199
-385
-99
-2114
-2102
-4615
-3737
-4163
-5508
-5957
-4225
-3879
-6432
-4139
-2465
-1543
-16
-98
-308
1545
-1813
-511
2900
5452
5472
4945
7792
9294
9067
8163
7432
8397
9305
7584
7278
5840
5761
5236
4566
3706
2286
3510
2847
2301
2528
4323
1995
4990
6111
839
4409
4657
6814
5470
3689
3859
2147
2388
1437
-705
-886
-858
-3684
-4281
-6183
-7960
-9302
-9255
-9782
-11411
-11804
-9987
-9347
-9995
-9832
-7317
-4268
-3687
-1739
476
63
5329
4539
6141
10001
10943
9834
9331
11634
11360
10362
8766
7068
7022
7234
6712
6809
5876
4350
3355
3128
2831
4301
1942
-3746
-2054
3736
1097
140
359
-293
-984
-97
1329
825
-373
-1356
-2447
-1464
-2690
-4562
-6515
-9797
-8963
-7638
-8459
-8948
-8833
-6842
-7363
-9543
-7364
-5108
-4781
-7220
-8354
-609
2643
1192
3612
1434
3413
3677
5531
6941
5869
7320
5395
8610
7467
6359
5167
2968
2537
3453
5462
4555
5413
8418
2364
2156
10397
9232
8719
5441
6015
7492
7395
8964
6141
3296
3000
3299
4859
4256
549
129
-2062
-2816
-2643
-1249
-2269
-4421
-4241
-5107
-5942
-7091
-8723
-11913
-9197
-7343
-8600
-7917
-3975
-4272
-7814
-5796
-4224
-3648
-2667
-2011
-2473
-2272
-3041
-3218
-421
-247
-509
3655
2174
2626
1825
677
7018
1610
2436
10842
8046
7465
8127
8201
8173
5530
6215
6332
5713
4063
2245
2681
3082
2895
2363
1296
460
1428
524
827
51
-895
-375
-4297
-3548
-357
-2225
-2970
-3852
-4593
-4357
-6057
-7334
-7781
-7681
-8669
-9244
-5426
-7358
-7589
-3818
-3028
-1188
-1550
2007
1224
953
3322
1954
2747
7915
11577
7087
9227
15013
15757
15341
13866
11631
13654
13038
11201
12110
9735
9148
8122
7847
6562
5848
5788
3664
1073
230
652
-1286
3700
1077
933
2970
443
-665
-9
-957
-6422
-6681
-6130
-5535
-8748
-9656
-10787
-12640
-6662
-8324
-8925
-13537
-12256
-13363
-10841
-7639
-13311
-10521
-6206
-7883
-2271
-2463
305
5457
-434
2127
7433
8321
7000
8755
7314
10206
11332
7656
10164
7987
8828
7286
6769
3914
3483
7871
7738
8355
5729
5925
3821
6575
5047
3181
4317
4035
3685
2678
2473
1772
658
1337
238
-686
111
-1755
-2549
-9000
-9086
-8976
-8429
-8718
-9393
-11157
-13795
-14146
-13529
-13619
-14076
-8529
-11881
-8848
-4500
-6748
-109
2146
5925
5522
6961
7982
7764
9557
9605
11093
10361
9615
12400
12249
8918
9898
8277
8971
7752
6675
8262
7496
6007
6595
7163
5975
6473
5884
4267
3821
3431
2354
3422
1229
823
-327
-514
-1108
-3362
-2238
-3316
-3918
-5825
-6573
-8408
-9622
-10446
-11492
-11950
-12519
-11370
-11997
-10748
-10013
-13286
-10449
-5210
-5962
-6633
-5023
-1957
62
3443
3661
2225
3319
2322
4968
7585
8845
8459
7617
10323
12310
11065
11258
10952
8918
8916
7698
9515
8559
7583
6758
7512
6709
4534
7081
4643
2803
1899
2961
3106
748
-343
-3061
-5784
-4481
-5815
-6997
-8748
-12170
-13023
-13548
-14226
-13274
-14817
-13716
-10443
-14922
-10665
-7763
-9213
-8554
-8167
-7875
-6896
-3569
-4098
-4631
-1704
-405
3187
7549
6118
8122
8704
10838
12281
14108
14268
13697
14822
11226
16265
15592
13963
13232
11499
12593
11719
11991
10959
10097
7614
6144
4760
3918
3064
2204
-558
-1355
-1396
-4720
-6438
-6387
-6289
-8851
-10983
-12236
-7495
-10206
-10340
-6277
-13008
-12163
-10038
-7556
-7789
-8705
-7123
-7465
-7752
-6696
-6804
-6266
-5007
-1758
902
-4568
-890
629
6747
10419
9888
10877
12032
11886
7587
8289
10373
9753
8199
9920
9485
10216
8768
8080
11769
3394
1555
1032
1063
178
-26
-1810
-2349
-3916
-5282
-3928
-6508
-7793
-8961
-9534
-10483
-9294
-10866
-11710
-3923
-9057
-8909
-5724
-1955
322
-2328
-467
-1323
734
-1279
-2452
-3085
-3342
-3719
2280
-3151
-5474
-2693
-2427
92
-2933
-3012
1599
154
2014
2565
8291
7438
2473
722
7921
4991
2723
4160
3216
2047
3947
3387
3673
1175
-112
-143
-1937
-776
-3016
-4105
-2706
-2361
-3701
-3696
-4797
-4271
-316
-1482
107
1958
-2741
-1290
4372
5378
3929
4418
6068
5167
5898
7325
6849
4090
4430
4466
4466
3788
2116
1679
-1882
-814
-1033
-1954
-3913
-4029
-1871
-1210
-4002
-3777
1024
3201
4282
5156
4041
3813
6487
5530
6951
4695
5547
5741
5856
6559
4841
5008
3819
4309
2008
1413
-1908
-1869
-1419
-1448
-2357
-1115
2960
-740
1020
5017
6462
5894
6873
5094
5965
7386
5110
5391
3536
3186
4357
3621
2094
1127
-228
-1921
-3954
-3832
-4143
-4252
-7120
-8655
-8303
-9257
-9472
-10869
-8267
-7423
-7328
-6836
-7658
-4526
-2310
-2757
3584
3974
3544
2660
-4265
220
1808
-666
1567
920
241
-1139
-2109
-2614
-1821
-4694
-1942
5467
-2405
505
5480
4927
7667
7891
8100
5779
4234
3747
3998
4046
2539
2296
3098
1520
1877
1912
1134
-1371
-3314
-2493
-4005
1227
1679
-2204
-3289
-1145
-1586
-2326
-3241
-7096
-11996
-11628
-14412
-10454
-9850
-8372
-10698
-10567
-1827
-794
722
-248
-638
170
-346
-2715
1975
-4002
-3191
-2724
3988
7313
9809
2472
-801
4826
5932
6068
5378
10759
12096
5330
8631
10097
7194
9067
9212
8993
7753
7267
7315
4480
2642
4797
6064
5116
4716
1787
1571
-845
-2084
-800
-1734
-2336
-3714
-4035
-4723
-6122
-7534
-9079
-8842
-9077
-12043
-12101
-11259
-11924
-8434
-12526
-10646
-5393
-6303
-3852
-3615
-2662
-1624
-2603
388
10288
8731
5420
9345
13098
16312
16974
16786
14780
13626
14176
16288
15351
15584
16109
15422
14281
12197
11409
11447
10226
9122
8501
6819
5763
4606
4934
4514
2601
-1175
-1925
-979
-1623
-3755
-4898
-4481
-6865
-6796
-8043
-10745
-13447
-15498
-15198
-17822
-17560
-17108
-19720
-18458
-15433
-14202
-13975
-14356
-11688
-4633
-1077
2343
2889
1124
7011
8476
9476
15402
14942
16969
18511
18668
20186
20754
20631
17299
16997
15547
14960
14341
13106
10447
10169
9445
8535
7643
5386
5573
3576
2552
682
-960
-4278
-3827
-3610
-5175
-6338
-8260
-10079
-12653
-13859
-13942
-13609
-14655
-15564
-15491
-15288
-14994
-16455
-18950
-11885
-12706
-8949
-8989
-9110
-10987
-6705
-4705
-8748
-687
2844
3700
11820
12593
13266
12402
15494
11614
13057
11919
14145
17261
15203
14918
14393
12322
9030
7944
7343
6958
4952
2458
2438
-295
-660
-2957
-4447
-3424
-2405
-2655
-3584
-6104
-7367
-8273
-8412
-7211
-10095
-9791
-11846
-12171
-11298
-11915
-12860
-11521
-11240
-9354
-8918
-12333
-12430
-12201
-11273
-9501
-6037
-9197
-8117
-4758
642
464
-2975
341
5284
8722
11516
7487
9460
9884
9377
9884
12867
10926
11771
8982
6343
8597
7750
8830
6519
5068
4703
4745
4398
3448
2475
420
684
-1142
-1187
-1503
-1991
-1923
-2439
-2356
-1813
-2171
-4381
-4381
-7004
-4731
-1552
-4151
-7204
-7699
-6027
-6651
-3709
-5366
-4181
1037
-3645
-4082
-526
63
-137
-2226
-3369
-2480
1542
2962
239
1466
251
4216
9723
7989
9493
7131
6007
6267
5695
10112
7480
6074
8451
8945
10367
10186
9146
5942
4925
5726
5010
3637
2207
-1630
-1072
351
984
998
-395
-1363
-653
700
-4429
-5378
-5691
-2386
-2289
-1623
-3065
-2039
-9180
-7859
-3415
-7341
-6457
-5960
-4535
-3334
-4347
-5322
-6596
-6171
-4663
-4674
-5419
-4397
-3710
-1457
-1891
-3603
-3520
-4106
-5464
-1515
3870
4983
4190
4447
3325
3291
2624
3109
5536
5611
6441
5481
5919
6046
7045
5471
4131
4154
3449
4714
4243
2313
1338
-358
-1237
-254
-752
69
-472
-948
-1673
-742
-3349
1356
487
-5434
1479
2071
3121
2745
2048
2033
-584
721
2216
1184
1347
-1517
-1873
-824
-2238
-2952
-3629
-5309
-8397
-4776
-2123
-4770
-2718
-1294
2322
4286
2461
4784
3149
3184
2006
6033
8160
8616
8474
6824
9558
9482
7573
4226
2899
863
1028
-718
-1295
-2212
-2759
-1329
-732
-917
-744
-538
1917
2674
-1052
1624
3110
4194
3957
1960
3318
4676
4101
5511
5611
3132
926
362
-253
-325
-974
-1939
-2289
-5712
-6275
-5821
-6249
-6731
-9374
-9621
-6682
-7711
-10406
-7641
-3710
-3502
192
697
1308
2772
2143
-571
593
2714
1671
2547
1011
2281
1801
3294
1001
-1300
5957
4583
3353
5329
2030
6302
10848
3203
7096
9032
10351
10117
8062
10027
9429
7997
7471
8143
8083
7143
5927
4755
3614
2448
223
-6136
-8455
-8891
-8738
-9035
-9638
-9607
-10702
-12829
-12983
-9203
-7380
-12705
-13694
-9093
-10447
-12196
-6508
-6893
-1049
1107
-104
2061
1841
3363
231
2573
5027
4736
5420
5181
7005
8655
9187
5973
4648
10499
7832
6227
13480
13034
11044
11919
12639
11739
10644
10055
9247
8530
7754
7366
6034
3778
3014
2122
2015
-1443
-2980
-1061
-1774
-5272
-6272
-3454
-4882
-4097
-4767
-6009
-3544
-3476
-4714
-5653
-6397
-5342
-6480
-6068
-3080
-2677
-4244
-4040
-875
178
1883
-151
30
2368
2621
3605
3988
6532
6463
6125
10701
11384
6010
10000
10155
6549
7590
6123
6335
2702
4818
5576
6002
6084
2867
2891
-415
-370
-1247
-1446
-873
-3875
-4523
-2508
-1433
-1317
-1345
-2889
-3744
-1945
-2616
-4099
-3332
-4325
-3921
-3129
-5665
-6012
-8115
-10209
-9141
-8514
-8396
-10289
-8230
-7912
-7635
-8700
-6622
-4500
-4506
-2071
-988
-390
-3086
2642
3107
1971
5236
8518
10777
8264
9551
11679
10727
8231
8932
8968
9015
7445
5220
3689
2887
4200
3050
1873
1279
1112
1822
1528
1362
3436
7819
4743
5648
4312
-3045
-3030
3343
-1239
2029
543
93
-382
-363
-1278
-4043
-4913
-11729
-12663
-12296
-14100
-14230
-17213
-11790
-11710
-6722
-7670
-10188
-7630
-9272
-2743
-6649
-3679
1495
1010
923
4089
6206
7412
7563
5215
8212
9962
10785
9744
7483
8205
8743
8725
9392
7708
6875
10790
10570
8052
8315
7248
6920
7394
7180
6184
4310
3642
3127
3148
2641
105
-2263
-4383
-5332
-7564
-8145
-9268
-9497
-9954
-13087
-13674
-15051
-15280
-15840
-15675
-15136
-15582
-16137
-14683
-10572
-13928
-12480
-6110
-3788
-43
2020
5393
3890
3296
10054
9186
7706
12399
10293
10764
11620
13595
15592
13261
16875
14145
12659
13247
11210
10451
9439
10264
7811
7121
8217
7178
6062
4777
4230
2567
1507
-1612
-2184
-2765
-4688
-5398
-8524
-7430
-9580
-9706
-9019
-11079
-10464
-12228
-12755
-11752
-10473
-12310
-13163
-8805
-10524
-11701
-5720
-6274
-8029
-4074
-2892
-4594
-3151
1002
3458
4928
7268
8355
9733
9441
12710
14704
12835
15562
15463
13451
15815
17083
14119
12279
10284
10472
8990
8365
7369
6331
6318
2935
3251
1769
1655
2338
284
-612
-162
-2761
-4902
-4946
-8604
-9101
-9266
-9329
-10704
-11882
-11382
-9635
-7890
-10415
-9293
-12060
-12530
-8202
-7205
-7081
-6861
-5881
-6459
-5691
-6825
-5122
87
-27
-2905
-625
3021
2757
5401
7068
6884
6302
8544
7681
6145
10199
9488
9884
8336
10302
12533
9613
8489
7643
7698
5946
5505
3027
970
677
1181
848
-85
-1552
-3028
-3193
-3302
-3024
-6335
-7223
-9097
-7931
-7666
-7483
-7645
-7596
-5526
-7627
-5761
-3200
-1546
-4176
-3053
-3601
-3620
-2633
-5650
-4543
-2183
-3423
-5581
-4856
-3215
-1392
-296
-1531
-3765
517
3024
2448
3932
5169
2284
8180
8466
9420
10785
11849
13512
13640
7045
8491
10913
6101
6145
2645
134
5637
5490
4238
1744
-672
-5154
-1849
-2982
-1833
-5066
-5539
-4693
-5151
-4481
-5421
-6579
-7580
-5675
-1015
-1159
-550
-1851
-4133
1814
2312
-949
-401
-1820
-2382
-1510
-2308
-791
-2464
-4301
-4831
-4365
-4698
-1668
-3497
-7249
-2128
1614
6205
7992
8881
8405
4489
7588
8056
10117
9201
9744
8748
9205
8482
7708
8234
4617
3621
1901
2472
-3507
-4915
-7643
-9234
-7501
-7063
-7003
-6882
-2480
-2004
-4663
-828
1339
2380
3761
6423
7319
4432
5210
6164
5152
5871
6741
5419
5523
4366
4898
5283
3788
1675
136
800
-1289
-2269
-1748
-2391
-2757
1062
506
-1886
-113
1431
2145
2445
5563
5646
2292
2187
3426
3253
3317
5646
5313
2929
1896
-513
537
849
-782
309
-1001
-804
-1018
1913
7335
-1187
236
8133
7243
8707
7037
5670
4483
3547
10984
12112
11868
10279
10064
10021
6848
7520
7572
6826
4678
627
2241
2867
3446
1407
-2194
-3022
-3431
-3218
-4155
-4729
-7215
-9207
-5776
-3572
-7904
-7366
-6839
-6551
-1437
-701
-5468
-6763
-7403
-5508
-2651
-1786
-796
1684
765
1654
2342
4353
5844
9334
6402
4640
14398
14151
13885
13963
14538
14484
11868
13728
12653
12798
13275
13462
13615
12649
10459
10061
8349
8736
5178
3122
5119
2549
-139
-3367
-4332
-6065
-7965
-8359
-10807
-7248
-7550
-8987
-10098
-9661
-9875
-10241
-11331
-11921
-8486
-9481
-10541
-10075
-9134
-6845
-2797
-2549
-5935
-1787
1030
4093
3506
4821
11884
12971
7960
10839
17542
16246
16073
17388
17753
16474
16715
15858
15264
16301
15956
15351
13759
10140
10609
9782
9699
8987
3924
4107
3598
2757
320
168
-861
-2213
-8259
-7344
-6914
-8296
-8775
-8591
-8792
-8624
-7671
-8511
-10183
-13418
-11780
-12276
-10986
-12039
-11746
-8752
-7333
-9113
-11978
-4256
-2374
1495
4625
4027
7952
5239
7492
13934
17080
17061
16502
16298
15076
18292
17617
17014
16900
16141
14721
14300
13475
12179
12660
8978
10218
6825
4859
5793
4164
4896
4296
3265
2173
544
704
886
-221
-1534
-2973
-3465
-6902
-7683
-11124
-10582
-7443
-9616
-8145
-10562
-10985
-11152
-9139
-11109
-11185
-12172
-9617
-8055
-5667
-6398
-4251
-2307
-3635
3214
5426
11189
8878
9528
10260
10605
14627
14803
14430
14075
17715
16598
15938
16008
14210
14392
14225
12115
14181
9837
7901
9610
7560
7044
7508
8207
5252
5508
4238
5409
3669
-1009
-1961
-1468
-910
-3159
-1475
-7945
-8517
-7117
-7897
-7420
-7059
-7283
-9135
-9782
-7805
-8483
-9157
-8478
-8540
-9437
-5082
-4580
-9755
-3666
814
209
321
2254
4638
6818
11176
12450
12091
12343
12000
13713
15220
15364
13367
14241
14634
16669
15428
11993
13201
12421
10554
6386
9110
9383
7832
7418
5084
3561
3798
1602
595
2350
-257
-1764
-2220
-1934
-2552
-3360
-4880
-7169
-5828
-5718
-7951
-8768
-10081
-10724
-10113
-8430
-9971
-10570
-5462
-10771
-10191
-2455
-4750
-4256
-4781
-5213
-4486
-2023
853
-2157
-1755
7719
8037
10522
13951
12400
2937
4241
9096
6895
10582
12459
11577
12080
11837
12141
11499
8318
7588
7589
6558
4935
5122
3122
2030
1748
1363
675
-284
-1308
-1744
-35
-216
-516
-2191
-4780
-4762
-3495
-1946
-4450
-3818
-1423
-4119
1582
1309
-3824
-86
4090
4152
3903
4439
3179
-3142
-4573
-4716
-3267
-1888
-2149
1347
2930
1352
905
1151
2843
6449
6502
6374
5909
7031
6864
3973
9122
7055
4187
6814
8051
5717
4618
5468
5310
5169
6003
3599
2244
4983
5168
4313
2073
2261
2070
1548
160
396
728
-294
-679
2521
2044
2425
8844
-356
-848
8265
6611
6056
4688
4571
4021
3474
4150
2928
-98
-2604
-821
-2276
-3876
-5457
-5868
-7138
-6234
-3237
-5390
-7510
-8095
-8107
-6622
-970
-253
-882
-2111
-548
-570
2024
7870
6006
3911
3282
6388
6124
5432
5240
3515
3350
3394
4704
3535
2103
1675
-430
-965
-1024
145
-1518
665
5561
3270
1444
3186
5824
5698
4651
3737
2569
1402
-239
-830
-1260
-2526
-3566
-4662
-4771
-4906
-5956
-6593
-7340
-6715
-8636
-12532
-10984
-13593
-13456
-9164
-8543
-11587
-10776
-6883
-4379
872
-528
2571
4515
5059
6150
5861
6414
3968
3781
3903
5864
5588
5610
5033
3266
3339
2908
2083
1991
2446
-189
3252
6117
667
2342
4857
4986
6178
5249
4363
2531
990
1441
2087
1571
1287
894
491
-129
-1811
-1600
-3547
-5588
-3206
-7309
-9717
-6570
-7063
-7024
-7393
-7278
-6904
-6071
-8438
-6560
-2024
-5145
-5027
-3745
-397
685
3874
5763
2698
4504
6242
5950
4705
6334
3491
3343
4856
2945
3164
3815
4578
3112
8034
3713
-767
7681
8111
4856
3453
5068
6242
4428
3088
4463
5069
5955
3807
350
1499
1722
575
634
-512
-55
2186
-3236
-3929
-995
-2080
-3943
-2212
-2609
-3992
-1602
-4767
-3889
-3511
-5716
-6417
-6091
-6974
-6345
-3137
-6580
-6311
-3943
-2494
-2790
-1212
-2219
-5083
-709
148
-263
207
2727
1915
5865
5827
2687
5520
7070
10199
8388
6721
4661
5782
6760
7429
9096
6573
5119
4509
2917
5237
4525
1696
1997
596
560
-4124
-2344
-648
-1265
-1349
-3644
868
-507
-2955
-3852
-6256
-6235
-5784
-8454
-8782
-10691
-6647
-5905
-6910
-7112
-9740
-10800
-10138
-8389
-8336
-11377
-8751
-4605
-4370
-2701
-1138
540
351
5677
6241
5479
11492
13111
13426
12251
14489
14569
14298
13015
14046
13418
12464
12465
9906
12435
10442
8665
7746
8858
9830
5937
5452
6452
7058
7453
5160
-741
-1137
-2875
-1677
-2190
-3825
-4293
-4883
-4925
-4710
-5324
-5418
-6935
-7323
-7697
-8975
-8735
-9311
-9864
-11497
-12081
-11038
-11582
-6852
-5869
-9387
-8909
-2489
1553
1347
1842
3278
8470
9349
11559
12226
12583
11167
12532
14145
13066
14891
13939
13694
12483
12814
11740
11786
11009
6548
8432
11330
8862
7176
6957
6504
7257
6391
4268
4783
3417
4289
4668
1665
2472
1492
-941
-1346
-440
-897
-2162
-3287
-4115
-5093
-6704
-6692
-8450
-10523
-9202
-8919
-8975
-9575
-8261
-7251
-5839
-3418
-4583
-2241
-802
1175
1609
2094
4367
5102
8428
9027
9603
10158
12008
10925
10302
10020
6845
12498
10973
6645
7716
6974
7006
8632
9703
6516
6468
4395
3650
5670
4413
3207
1364
-271
5198
5609
-1389
-3635
-5438
-5751
-6617
-8235
-2970
-3866
-5401
-7382
-7150
-8350
-8877
-7615
-8667
-10643
-6991
-5913
-10701
-7647
-5900
-7063
-6162
-6262
-3354
-2324
-5217
-2105
-1275
2234
5069
7552
8258
5979
12777
12313
6362
9781
8860
8682
10749
11217
10068
9657
9808
8593
9034
9734
8832
5845
6331
7580
5992
6955
4890
5294
2989
2217
1542
-445
-1990
-5554
-5455
-5239
-5522
-7209
-9039
-9396
-8790
-9017
-10634
-14064
-9163
-13495
-16059
-8993
-11029
-9351
-8584
-6687
-9434
-6777
-2842
-4906
-4499
-3046
1288
-1730
-3631
-2045
3271
5511
7775
8107
4723
8639
7359
7970
9003
10560
13075
12794
11630
11252
12061
9920
10286
6098
3744
3366
7739
7990
5775
3775
-4924
-5345
-5625
-6104
-8290
-4597
-6177
-6667
-5872
-7424
-12171
-11991
-14258
-10839
-7996
-10649
-7490
-6982
-6622
-4006
-4656
-3913
-4785
-4184
1218
-106
-1097
421
-1030
864
-1732
-83
275
3811
5178
-1120
1783
5605
6827
7538
7817
7400
8705
7982
8119
9682
8556
10348
12295
10661
9792
9538
8258
4571
4165
4183
3100
1212
-802
687
-1668
-387
-2725
-4018
-997
-6941
-2334
-1234
-4183
1051
-2673
-2442
1756
4257
4192
1939
6326
5820
3573
6539
4652
4582
4357
3426
4718
2827
1831
-671
-1794
-2370
-4017
-4191
-4257
-7022
-6871
-2945
-4512
-5295
-4582
-4693
-2713
-1416
3982
-1728
-895
-1406
2077
3434
6344
-481
-177
6735
4686
4206
-1203
2003
-757
-5941
-8062
-4722
-3172
-3834
-2388
-4332
2013
-408
-4105
-164
2939
5342
6384
7037
7249
6174
5591
7629
7277
6954
7713
5322
3529
2945
1989
1831
1107
-1162
-3295
-2072
-3618
-6422
-6633
-7677
-8536
-8407
-9063
-9955
-7605
-7818
-7214
-4653
-4230
-1937
-2200
-2641
-1819
-155
-331
-1400
-345
2351
2324
-1052
1707
1889
892
1365
-1407
-641
-801
715
5770
1684
1415
8657
9762
9861
9872
9594
9540
10060
11023
11349
11133
7571
6022
6508
5537
6103
4021
1760
1546
335
1917
1657
-972
-2073
-2689
-2147
-3890
-6300
-7775
-10609
-11737
-9950
-7707
-8837
-10513
-8099
-7276
-9107
-10569
-9030
-4367
-6366
-4454
-2089
-3606
-1769
-2901
-2951
-1599
1829
2424
3303
3808
8630
9283
5023
9062
11428
11853
10151
10725
10410
9515
10203
9558
9111
11215
10546
9435
8665
7054
7411
6285
5721
2228
772
1421
-940
-2387
-548
-624
-2062
-4586
-6021
-4009
-6020
-10171
-10505
-10314
-10472
-10887
-11578
-13658
-16423
-14587
-16485
-15747
-12388
-15388
-16309
-13324
-12729
-10815
-8654
-7506
-4796
-2924
-349
-1416
3697
4409
3490
9771
9623
11781
11525
10759
11204
10792
13099
12724
12162
12388
11124
9848
11223
10886
10963
10533
5746
5385
7002
7290
3441
785
1565
571
-592
272
24
-2765
-3399
-3816
-4646
-4906
-6748
-10700
-10509
-11039
-12338
-12114
-13353
-13748
-14640
-14722
-15511
-16822
-16790
-15021
-12860
-14279
-9425
-5354
-7073
409
4796
3850
4660
6991
11753
10982
11324
14183
14299
15670
16648
16805
16374
15913
17104
15546
13032
13727
12037
9260
8489
7808
5928
3827
4412
4313
3894
4042
1723
1042
1031
-411
-2045
-4091
-5707
-6134
-8312
-10233
-9471
-9752
-11961
-13403
-14324
-13955
-13440
-16265
-15868
-14687
-13494
-13436
-14268
-13552
-10837
-13464
-9979
-3982
-9371
-5551
-2143
1264
6070
7924
8946
6670
7576
10977
12598
14171
14620
12903
13468
13335
13435
13091
11060
8160
6239
5727
6064
5096
3438
2209
996
1096
171
-240
-3746
-5666
-5367
-7241
-7741
-6935
-8890
-8180
-8157
-9526
-6907
-7876
-8884
-9764
-8766
-8422
-10009
-9590
-9084
-9364
-8032
-5731
-7069
-6641
-3700
-5000
-5856
-1307
-657
-788
1959
2314
1845
3927
7998
7712
9915
11710
11155
12183
13039
13849
13117
13446
12300
10562
8519
7793
7681
6466
7661
7366
6533
5909
2862
1899
2035
1024
1795
-276
-1791
-1417
-3854
-2167
-1433
-2206
-4665
-4802
-1378
-1895
-3558
-4249
-5829
-7361
-3506
-3916
-4428
-3742
-6825
-3936
-3341
-7240
-3228
-591
-2750
-1648
-713
375
772
389
-1445
-1677
897
-2125
660
3807
-1002
1145
1710
4655
5457
2674
4439
4426
6770
9259
6515
6417
6587
3995
5559
2364
2448
2253
1695
3097
2260
3560
2944
1998
-773
-647
1275
-219
-1061
-481
-1279
-3413
-3908
-4329
-5019
-5822
-4373
-5293
-4001
339
-5092
-5009
-357
233
-966
-1159
-2036
-4135
-4128
-4931
-4216
-5906
-4506
-4675
-6275
-7101
-6167
-2568
-4435
-3801
-1896
-1645
-226
2614
532
2342
3663
2228
5811
5170
6667
6703
3090
6131
9053
8649
8198
8571
9846
7541
5720
3631
1957
2600
2159
2324
1238
-42
-1187
-2666
-2644
-3235
-1516
-1780
-1953
-3943
-6027
-1497
949
328
-1232
-1683
-4109
-2464
-1284
-2787
-2740
-3785
-5368
-6059
-22
-2215
-1588
-2795
-2966
-1606
-4976
-5762
-3157
-2552
-5467
-12067
-5368
-2968
-3506
-2970
2506
1448
1500
862
3447
5821
5492
4597
3901
3214
3372
1683
2052
712
-1383
-365
-1021
-1809
-2530
-3390
-1829
-1447
-2850
-805
953
-2324
-444
3961
3342
3861
4504
2524
3362
4950
5342
3954
3354
1816
1869
2673
2366
270
-2072
-2315
-1394
-243
-5690
-5003
-5010
-6533
-5054
-8733
-8879
-5125
-3413
-3939
-7889
-1068
2734
1961
5681
2830
5033
4753
6003
6073
6910
7152
5044
5659
3940
5590
5029
5053
5289
3107
4635
6121
4429
8404
5766
2941
8696
9040
10354
10807
8375
8152
9926
8848
7171
7725
6484
5053
4849
4999
3707
2313
1023
-509
278
-1496
-3492
-3675
-4302
-4681
-6503
-6233
-7092
-9082
-8394
-7260
-7270
-7827
-5724
-2918
-6771
-7596
-2715
-716
-2748
-188
838
-2056
1703
2258
1439
2318
4026
5223
4439
3980
5720
2347
5147
6925
1423
5057
6992
7726
8957
8013
7504
8452
7395
7185
5699
4631
4321
2439
925
-142
-577
-2753
-2221
-3277
-5040
-5818
-7639
-7041
-7669
-4287
-9967
-8525
-6522
-6572
-8885
-8587
-8829
-9362
-8865
-8840
-10873
-12900
-7265
-6799
-2753
-3365
-4566
-3456
-2095
-6136
208
3333
5695
-2479
-2208
-423
407
6104
7799
7308
3925
5794
10408
10325
9166
8321
8099
7910
9343
8364
8110
5745
5600
4312
3158
2772
350
-21
-68
-527
-1562
-790
-567
-1209
417
2013
317
-83
-1413
-350
-897
-2034
-684
-2571
-2001
-2773
-2774
-4607
-4479
-5481
-7587
-8087
-8375
-9303
-10273
-6573
-11440
-9291
-9787
-8040
-3199
-2522
28
2524
5360
1232
3437
4875
8752
10776
10251
10196
9303
7478
8077
8823
7724
8154
6318
7247
4990
4565
4913
7147
5670
2643
3413
3404
4147
3670
2449
-25
1940
2122
1024
882
-69
-101
-879
-2563
-2959
-3077
-3914
-5006
-7087
-7641
-9676
-8772
-11095
-13976
-14115
-16624
-16160
-15321
-16075
-15473
-12128
-13327
-10330
-9222
-12190
-8120
-1804
1914
2329
5463
2546
3156
5045
5163
10071
7909
7364
8096
8291
8254
8153
9907
9931
9849
10299
10194
11207
11492
9032
9553
9807
8939
9085
8170
7559
6381
6149
5453
3583
2582
-356
-276
-327
-2576
-2295
-3765
-3787
-4460
-8234
-10429
-10958
-11554
-12286
-13919
-16187
-13819
-14464
-13118
-9794
-12579
-12147
-4879
-2957
-6327
-3070
1062
638
1855
7280
8838
8869
8321
9387
10386
11415
13189
13201
15871
17250
13613
12372
13845
13164
12504
11494
11056
10716
11581
11192
9749
9630
9436
7474
3246
416
1357
1041
-750
-1797
-3821
-4877
-5640
-4793
-5064
-8636
-10751
-12655
-13143
-11007
-13254
-13400
-14809
-16544
-11030
-9693
-14587
-11915
-5986
-8186
-6157
-6673
-6523
-4145
-6393
-6866
-4290
461
665
1520
4932
6858
8326
10842
9009
7670
8986
10889
12654
10782
9798
8775
13120
11584
13091
5107
4298
4849
3803
3733
2263
3182
4082
2032
-2033
-2923
-3321
-2100
-5615
-6702
-6563
-7934
-7224
-10085
-8441
-8358
-8042
-7688
-8525
-8765
-6633
-9605
-12527
-4278
-4730
-5855
-4169
-5288
-5539
-5706
-3928
-3719
-3811
-4265
-277
1392
-1012
-230
2229
6105
4701
4798
6506
6096
5942
3833
5741
8340
9239
10932
9113
8271
8440
7727
9086
6367
3499
4257
3337
2824
927
-1988
-1669
-1144
-1758
-1812
-3284
-4757
-8111
-7739
-6554
-7134
-2799
-5721
-6026
-3348
1508
-3994
-2814
3003
-4823
-4265
-3547
-1104
-1289
-2056
-777
-1664
-1360
-2175
-4173
-3422
-3658
-2510
-3161
-4130
1387
1173
-2720
1723
4434
4666
6968
6012
6432
7997
9852
7734
8502
12244
12313
12281
11706
10400
8561
7262
6012
6057
5489
2881
1116
2154
2874
1369
-30
-1870
-2177
-1864
-2965
-2541
-2863
947
-2810
-5967
2312
3584
1431
2004
2129
3053
2743
695
1144
933
1600
2000
1393
238
-1392
-1984
-2949
-3706
-2788
-4297
-4772
-7177
-5114
-2721
-4934
-2238
-3793
252
2473
2224
4221
4606
3490
2116
3474
8522
9853
8932
7100
5869
5028
5659
4749
3134
976
-458
517
-202
-941
-632
-1144
-1454
506
3256
-2337
610
7366
4794
7612
7024
5983
5788
4914
7870
3009
2019
1515
1114
606
-152
4800
3872
4448
4548
2392
-3566
-4676
-5759
-5257
-5418
-6592
-6325
-7292
-6331
-4735
-5467
-6905
-5542
-1872
-1391
611
2597
1071
304
3173
2670
1286
1462
2701
2410
-288
445
81
-1419
-603
610
697
3524
5419
701
3747
11916
11124
9256
9847
10265
10158
11728
12960
12043
12325
10882
10887
10610
8877
8569
7297
5400
5191
5534
4656
4592
2133
1087
-460
-1829
-1235
-3026
-4398
-7691
-10888
-9322
-10532
-14028
-12067
-11571
-12482
-11618
-10042
-8730
-7876
-8236
-7443
-6750
-7624
-6141
-5791
-7096
-5095
-1611
-431
187
-673
3602
2661
1445
9170
10935
9403
9271
9669
7780
8710
10691
9681
9346
10503
10003
9112
8423
7453
6923
4362
4111
4266
3441
3436
1679
-386
-2240
-4049
-4655
-5137
-7053
-8133
-8746
-9454
-10323
-11297
-10654
-12876
-13282
-16112
-18183
-17402
-19075
-15159
-15753
-16130
-14786
-13870
-10953
-8604
-6305
-782
2389
3331
6412
1873
1439
4942
10949
15558
14432
13759
12782
12114
12139
12724
12685
13804
13236
13106
12115
11106
10763
10218
8521
5564
5408
3803
3763
3682
2864
2007
-291
-1525
-1465
-1171
-1324
-3384
-4716
-5290
-5342
-5008
-7711
-7689
-9434
-10737
-9290
-10080
-10318
-10321
-11308
-10833
-11434
-14188
-8570
-7881
-8265
-5714
-4663
-943
3634
9095
6747
9115
14120
14310
14933
16335
18113
17354
17740
17605
16353
16420
14499
14028
11837
10402
10109
7645
7732
8624
7651
7358
6601
3988
4288
2027
2372
1924
-2535
-284
-2116
-4992
-5970
-8334
-8173
-8137
-8677
-8845
-9087
-10733
-11458
-11994
-10457
-11611
-13973
-9007
-8525
-8189
-8629
-10119
-9234
-7536
-9772
-3368
-83
-2028
-3000
2308
7011
8022
12501
11389
12852
11877
12835
13903
14276
16511
14993
15550
12442
14298
13412
12369
13365
10298
10330
10282
9383
8364
1249
259
1710
1309
3057
729
-1404
-2916
-3751
-1763
-3885
-4297
-3883
-5228
-4603
-4742
-5512
-5148
-6656
-5396
-7428
-7382
-7159
-8727
-8338
-8766
-7673
-6802
-8274
-5051
-4994
-10039
-4160
-2248
634
1092
1306
2780
4492
7881
7409
11307
11208
13732
13629
11488
11949
14145
13474
12797
13694
12899
13586
11667
11301
9192
9393
7455
5231
6032
5287
4391
4294
4938
3488
4092
632
-939
11
-2307
-4535
-6434
-7006
-7453
-8173
-8580
-8591
-10688
-10656
-9977
-11140
-10811
-10603
-7735
-2809
-772
-6677
-2325
-567
-7151
-5171
275
245
201
-2860
785
3853
3579
4374
6724
8285
8620
12118
8162
8385
9123
4203
4198
4664
12625
11809
7271
5054
4565
5691
6076
5376
4285
2432
1535
4125
2434
827
484
-2576
-3113
-2479
-3998
-2408
-2528
-4726
-3604
-4284
-3781
-3347
-7160
-5653
-4137
-8332
-5026
-2857
-7965
-5667
744
-687
-501
-22
-302
164
-482
-192
-4039
-5366
-3196
-4669
-2832
774
225
-3162
-1864
3178
-374
2577
2572
-196
2500
2865
5680
4919
4139
5324
4612
3401
3377
4078
3926
2927
3023
2851
3054
3189
2566
1358
1693
3558
1518
883
821
-4
1761
-1332
-1189
298
-205
17
1901
750
-834
7079
5368
3010
4048
3787
3673
3691
4804
4000
2676
1642
1801
1392
639
-1970
-2745
-4338
-3455
-6468
-6561
-5078
-7769
-5952
-4057
-1308
875
858
-239
3054
3873
5325
5132
5195
7586
7633
8725
6520
6734
5598
4393
4567
3617
3978
5521
4667
5187
4981
5705
4527
1548
2861
847
7674
6019
1551
8879
8715
7054
6979
6883
7443
4306
4596
5451
3134
2644
-342
277
1530
-1179
-2016
-5215
-5189
-4420
-12195
-11786
-9618
-11598
-12319
-10902
-6743
-9035
-8225
-4900
-4343
-1708
399
-333
4071
5369
7606
8788
8403
8938
8836
9319
10122
6163
7774
8094
6793
6750
5666
5428
5737
7696
5205
8573
7427
3386
7441
9749
9207
9070
8317
6194
6772
6166
5740
5254
3549
3343
2749
2037
2019
-872
-835
-3666
-2764
-927
-6506
-4133
-3906
-5108
-4806
-6230
-5363
-6053
-5439
-4848
-3409
-459
-1478
-274
-589
-460
2732
6108
2008
-256
2061
3802
2472
1760
660
2090
2829
4054
4137
3008
3766
3659
5129
6148
3930
5348
10537
8537
8031
8657
6996
6834
6651
6377
7151
6505
5401
4585
3478
3897
2131
2056
1598
1272
1169
-3186
-2860
727
-276
69
-1881
-55
-169
-5187
-3618
-4312
-4058
-4622
-4233
-3497
-4627
-3566
-1595
-1799
-4607
-1277
356
-126
737
1415
928
1583
2516
-867
1349
2508
3607
6934
11530
6335
4077
11658
11154
11415
10035
11405
8904
10007
11714
9692
8620
6155
5624
6722
10168
7600
6960
6469
5617
5890
5691
283
-2299
1653
1629
818
105
-261
-471
-1396
-437
387
-570
-2288
-4731
-6500
-8191
-8634
-10630
-12285
-12731
-14614
-13042
-11370
-12246
-13627
-13832
-9935
-6865
-6415
-5746
-3407
-3059
1764
-498
-381
5792
4545
7887
8865
10674
11811
9386
8269
8058
7777
11545
10353
6492
4225
2822
6137
6007
6389
5563
4999
5033
2588
3501
4811
3407
2545
2604
2596
1119
-901
-1176
-2031
-2631
-3456
-4267
-4370
-5236
-6488
-7542
-7734
-8853
-9976
-12549
-13834
-15022
-14602
-14127
-13133
-11077
-11134
-10914
-8268
-1955
-420
-83
3682
5364
4367
8524
8751
6454
4408
7758
13816
13646
15833
12521
11117
8328
7603
9748
8038
8685
7177
6055
6249
1362
503
3504
2447
2821
1124
1442
961
-1340
-822
-1006
-2681
-5252
-467
127
125
-7344
-8017
-8601
-10053
-9905
-11188
-12592
-13497
-12950
-13463
-14392
-15573
-14956
-15496
-14071
-13459
-13217
-11088
-8939
-4941
-6355
-2753
115
4963
5214
5639
6970
8040
9348
7643
9574
8835
10167
11313
13659
11646
10054
10386
9525
6060
3950
5574
5428
3755
2673
3141
4385
5411
4176
4525
3327
2962
2630
922
-721
-274
-233
-1853
-2456
-3321
-3606
-3868
-5853
-7399
-10308
-10585
-8015
-7814
-8025
-10252
-7525
-7309
-9417
-7244
-5262
-6325
-5747
-4253
-2915
-3676
-3320
-460
-542
2204
3112
4757
6000
7760
9500
9304
9749
9187
11562
12191
9629
8950
7819
9264
9620
7251
8041
7260
5598
5038
6307
4058
8465
7993
5639
6368
453
-1654
-4895
-3267
-1633
-4352
-6664
-5650
-7224
-6915
-8723
-11751
-8090
-9899
-9916
-8115
-9681
-11282
-8660
-7024
-7707
-7899
-8007
-8608
-9241
-7780
-7411
-6603
-5773
-2777
466
-1428
890
4328
4385
7362
9064
9539
9763
9273
7163
9541
13161
15328
14969
13850
14161
11744
11088
9172
6466
6354
5060
4413
3910
3785
3156
623
-1449
-2843
-2190
-3430
-4394
-8021
-9465
-10548
-9576
-9164
-11869
-11067
-9048
-9214
-12647
-8090
-5108
-5530
-1678
-1381
-749
-5877
-2652
-3303
-3767
-2545
-3266
-2749
-3455
-2998
-1275
-605
2583
1290
48
2732
3085
4331
8560
5133
5569
9802
10680
10684
11210
11685
10352
10874
10049
9911
8682
8043
7009
3363
2663
2137
159
-2027
-4841
-4461
-5115
-4565
-5532
-7538
-6569
-6226
-7657
-4313
-5222
-10112
-2883
-1605
-1437
1576
467
-754
200
2915
2397
1138
1935
2500
2583
2544
1706
1769
-472
-5228
-3815
-3494
-2814
-4138
-6544
-1818
-2981
-2249
-1395
90
1376
1204
3863
2293
2426
3335
1658
2351
1498
451
1446
2237
1628
-399
-2678
-3984
-3336
-6442
-6707
-6830
-6575
-5880
-5600
-4486
-193
-3302
-4208
5262
2722
5366
5633
4277
4204
3032
5577
6494
6451
3198
6029
8820
8685
7196
5388
4627
4174
4832
2042
1696
-1639
-5611
-3607
-4678
-5602
-6847
-7347
-5594
-5273
-6604
-7041
-6714
-3105
-1358
-387
-1199
-3038
-2262
-605
806
-810
-689
-824
-708
-3519
-3908
-3438
-1362
1380
-191
-583
6304
1872
-1070
9045
6157
5735
6654
7346
8372
7168
7823
7900
8386
8824
6960
7053
6063
5002
5843
3627
3252
1432
-378
370
-2204
-5998
-6562
-7233
-6676
-8881
-9112
-9168
-11412
-10981
-11273
-9812
-9291
-8579
-7892
-8531
-11043
-8747
-3437
-3448
-2296
-1855
-2855
-1719
-96
77
228
2202
3170
2457
2778
10516
10840
4413
13167
13876
10863
15094
13208
13549
12468
12675
12303
10667
11264
9864
10053
10101
8697
6767
5425
6168
5847
4090
5291
-954
-3863
-585
-2155
-2316
-5233
-6713
-4586
-5463
-6933
-6506
-7786
-8033
-8943
-9925
-11384
-13224
-14238
-16854
-15259
-11393
-16224
-18489
-12349
-11922
-9599
-8611
-2328
4
-4532
230
4590
1924
752
13108
13454
14448
15153
14355
14003
14666
14782
13207
14835
13469
14690
9915
8774
6440
5611
6666
7128
8525
5260
3711
-557
-2541
1089
587
-672
-4063
-2905
-460
-1364
-1130
-2101
-4562
-5658
-7196
-9061
-9399
-9621
-10119
-12378
-10783
-10440
-12964
-13802
-15355
-16163
-14930
-14149
-11886
-9529
-10751
-7511
631
337
-1302
5650
6107
6526
8810
11153
13362
12480
15187
16797
15909
15805
15215
14938
14958
12642
14018
13154
13042
12549
9638
9376
5266
5507
8101
7685
4525
4250
3439
1013
2264
1500
788
-1221
-1448
-3895
-5912
-5746
-8221
-7574
-7284
-9019
-10731
-13455
-13132
-12619
-15190
-15809
-15145
-13948
-15218
-12240
-13750
-9962
-7967
-10058
-3395
-5063
154
4361
5464
8284
9256
9181
10150
9666
7785
12886
15768
14469
15861
13422
9367
16999
16180
15753
11438
6987
9298
9289
9679
8198
1422
1682
-1203
-1089
-832
3066
1198
-399
-3519
-3031
-1996
-11289
-10163
-11923
-12566
-11184
-12784
-12033
-13475
-10246
-11208
-11559
-11443
-10740
-9499
-9132
-4993
-8388
-6457
-5815
-3292
-1962
-3056
-68
587
1583
-60
4369
8373
9593
13145
8850
9060
11002
9609
10718
12215
12733
15408
14098
8313
10652
11427
10057
7388
8567
8272
6969
6736
3319
2549
-7
-53
418
-2098
-1974
-1485
-4259
-3460
-2879
-6196
-4789
-1749
-4938
-4463
-3461
-4878
-5131
-5466
-3576
-1412
-1169
-4356
-2292
-1591
-1102
-213
77
-244
-5762
-3877
-3154
-5099
-3598
2563
3721
3834
3522
5939
6119
6951
3679
1809
9348
7906
3852
7614
6852
6428
5896
8323
4178
575
793
389
-159
-153
422
-1881
-206
-248
-775
1649
-1177
-2133
-1262
-1984
-975
-2687
-4295
-2443
-1838
-990
585
847
4328
3764
-778
3488
5482
5583
4023
4046
4025
3484
3930
2385
1525
888
263
-674
-1456
-3120
-4318
-5171
-3075
-3703
-2835
-5894
-8370
-5164
-1540
2045
-350
-498
1258
2012
2247
2477
2369
2880
1766
1313
2045
3851
5185
3129
5206
5899
4350
3788
2409
3020
-49
-2316
-1081
-588
739
-216
995
3883
4155
1137
3369
6259
4429
4666
3834
3397
3752
1740
36
-820
-1095
-825
-3352
-3511
-5511
-5739
-6678
-6939
-8745
-9208
-10603
-15077
-9332
-8661
-7112
-8514
-9254
-8495
-4004
103
-2423
-2359
-955
2655
2856
3836
3897
3986
4191
6520
7337
8332
7797
5673
5441
3560
3305
2937
2434
2343
2211
1493
5013
3196
-1064
4733
6787
5470
5586
5057
4468
4084
2268
787
1559
87
183
-50
-1727
-1255
-2674
-5002
-3612
-5433
-4732
-7348
-12098
-9749
-9483
-11011
-10160
-7941
-7845
-8668
-6771
-6613
-8322
-7100
-6298
-2991
-2707
837
695
1042
4400
3948
5485
6127
6637
5626
6329
6561
5627
4869
5665
4122
5962
6875
2066
3378
7391
10429
8846
6689
7635
5172
5692
7974
7768
6168
5164
4583
4034
3649
2080
557
-210
-265
-235
-92
-3061
-7412
-5295
-6559
-8980
-5784
-6322
-7088
-9441
-10013
-9122
-9259
-9387
-7856
-9488
-7992
-5359
-4703
-5582
-3372
-454
-1211
2354
-1097
-22
-1048
-935
-1
-44
2209
1970
4257
7158
7044
5020
10779
10732
10171
9912
7961
8458
7504
8217
7588
8340
7780
7704
8843
5571
7642
8052
3581
968
2153
1585
-5113
-3411
-3298
-4181
-4394
-4127
-3569
-4829
-3848
-4244
-3709
-4933
-6283
-8323
-9864
-10649
-10912
-10812
-12737
-12608
-15051
-12831
-10370
-10250
-10942
-12300
-8219
-6859
-2284
-2532
-3084
6640
9532
4828
6342
9419
9312
9849
11471
13198
12543
12239
12460
11045
8333
9155
9204
8213
8664
8057
6961
6191
3045
2847
5202
-1767
-1878
417
-1646
-1881
-3714
-3327
-3063
-3148
-4137
-5588
-6017
-7070
-6080
-6011
-6105
-7376
-8533
-8760
-10668
-10443
-11611
-13717
-13060
-12983
-13511
-13599
-11722
-8612
-8398
-9854
-4992
2529
-613
3107
7727
4574
6240
7083
9705
9476
10206
13516
12060
12761
13101
11434
11329
8476
8128
5866
5654
6612
4679
6322
1016
205
1304
1318
1570
1384
3139
2534
1891
-529
-384
-101
-249
-604
376
839
-1205
-1604
-2673
-4417
-3840
-4458
-6904
-7540
-9320
-9293
-8913
-7915
-9016
-9971
-12996
-6731
-1571
-10938
-1736
488
-2689
142
2190
4008
4294
6963
5681
7276
5761
8822
9149
8364
10044
8579
10027
9640
10266
8352
9761
6611
2063
5912
5563
5687
6203
5818
6145
4440
4314
6267
3260
3848
5258
3870
3788
2101
2235
1369
-416
-2036
-2561
-6227
-7945
-7409
-6458
-6058
-7929
-6538
-8322
-10120
-6818
-7091
-13344
-10162
-7072
-10348
-8448
-8752
-7537
-4231
-5012
-7443
-5345
-2372
-451
1065
832
1388
2141
2070
845
3615
4855
6849
6197
3946
7660
7505
6475
7794
8753
8956
9028
6934
6234
5177
3194
4959
3580
3112
3351
2767
3292
-444
-2288
-3681
-5052
-5127
-6442
-7187
-7798
-7800
-7060
-6580
-8369
-4511
-6426
-10885
-4202
-2437
-4431
-6355
-5824
-4979
-4736
-5348
-7939
-7335
