-6658
-5186
-3250
-2608
30
-818
-967
-1913
16
3209
78
2565
4183
4589
4366
4819
4493
3879
4550
2413
1292
1218
2079
1709
2308
1189
-494
389
-119
-212
-1316
-2572
-3927
-2359
-174
2783
1188
173
5313
1160
3237
6606
5242
4886
3725
3648
2691
1980
179
-1108
-408
-2797
-2885
-5912
-5799
-3948
-6894
-4223
-6574
-4152
-2019
18
2152
1187
1742
31
838
2857
4568
5854
7525
4813
8649
9446
7699
6654
7541
8603
5195
5355
3955
2116
856
630
-1551
-1214
-792
-2624
-2503
-144
-2418
607
2615
-4848
826
2413
540
3246
2985
468
-127
-2347
-2731
-2527
-4990
-5533
-9682
-2931
-3341
-5550
-4603
-5943
-12976
-10520
-12977
-8409
-8998
-6724
485
391
4598
4659
4213
1700
5117
5370
7549
9457
6178
8759
8362
9860
9821
6440
6825
6304
4227
2905
535
-684
-17
-166
3951
2167
-2964
-3496
-3769
-3238
-2769
3473
-537
-1261
3548
1215
1621
-103
-2218
-5084
394
2241
-154
649
1438
-271
-1620
-2086
-3825
-3309
-6531
-7992
-8492
-7418
-8127
-4963
-2443
-7210
-3023
-316
-15
1378
759
-120
1267
8962
1709
6673
7842
3072
5329
6151
9680
10288
8662
9470
1845
2043
2389
1907
2587
2310
1066
595
-1857
-1578
-850
1101
-863
-2571
6034
2147
2275
5631
4333
3656
3952
3969
3222
3214
1835
2107
-678
-1748
-3796
-4703
-4267
-5537
-5928
-5276
-4972
-5457
-5836
-5945
-3205
-4864
-5990
-1698
-1230
5139
-36
-2841
471
2076
2217
6857
7405
8208
6535
7600
9366
7537
6728
4438
4020
2508
1493
764
-3152
-4594
-4176
-4556
-4467
-1951
618
-1507
-4736
1351
1658
3421
5744
686
1194
1522
2843
3260
2924
4184
4793
5289
4023
2571
1482
-798
-2323
-2189
-4617
-4184
-4513
-7260
-6906
-8546
-4756
-7821
-7545
-4308
-3721
628
-2013
-2936
3454
1933
-1455
2508
1636
4872
5112
1349
1462
3650
4479
4947
2327
-2526
3228
2868
3009
-857
1100
5935
4927
8684
5061
991
6890
4102
4602
3070
3831
3077
3494
2573
-174
6414
5215
4536
-770
617
11
-2281
-3328
-5338
-4389
-4702
-5077
-6047
-7702
-8667
-9446
-9558
-10658
-11242
-9518
-3336
315
2313
342
-3682
-2536
-4251
3633
3385
6020
6224
6557
4810
5713
7441
4367
5583
6101
6008
6418
4046
2983
2593
1304
4435
4051
934
-488
6488
3290
2721
6422
4330
7257
4351
3038
2968
4212
3899
3811
3464
1111
182
-1416
-801
-2273
-5727
-5018
-5224
-7139
-6572
-5958
-7037
-7137
-6145
-6189
-8322
-10420
-1819
649
3423
5013
-264
-17
-264
3308
4734
7867
9282
7188
7493
5811
5447
6465
7394
5221
1735
-832
-676
641
-1067
1933
3464
-1804
868
2902
559
1149
5952
6146
6132
5522
3594
2914
3407
2330
3363
2343
1510
-3101
-3016
-2923
-4215
-5041
-3562
-4167
-3172
-5624
-4714
-3981
-5451
-8053
-7273
-4265
-1524
-4166
1272
4142
5393
4881
3155
2759
5126
6430
6303
7548
7819
6908
6842
5951
3668
3285
4225
4269
2614
3719
1425
513
2828
4432
-1899
-74
4350
908
-429
79
-1874
-3590
1662
1044
-1073
-13
304
4626
5664
651
-1219
-1454
4057
2772
4608
3971
-5357
-4460
-5437
-5408
-5354
-1671
-1499
-6924
-8793
-1016
169
-10423
-5050
-73
1845
3675
1542
3920
1454
4820
6143
5170
6221
3745
4234
3520
521
2505
3103
2564
2128
1462
2238
4226
3698
-1387
3832
2237
4970
3402
6407
7699
6491
9874
7932
4697
4558
7345
5938
4737
5021
2856
2752
3118
4305
2937
1465
2341
396
-694
-1219
-3208
-4915
-7080
-6375
-7934
-9611
-8075
-7491
-13277
-9040
-5760
-6441
-2290
-8371
-8065
-4352
-1622
1094
286
-1612
-1946
-70
2727
1383
-580
1928
1688
-157
-1138
3799
1140
-1200
4940
4194
7909
11342
8834
9150
8308
8247
7639
7790
6981
6911
7574
5185
4983
5127
5488
4594
4718
3195
1036
-1211
-2888
-3226
-6667
-8218
-10093
-7586
-8499
-13813
-14581
-14284
-12436
-12713
-13137
-11259
-7510
-6424
-5630
-8251
-6166
-4734
-4616
-100
990
1769
1436
1528
3367
1830
2894
10267
8699
11037
9929
4790
11727
11451
11454
12258
10436
9600
6059
9150
8849
7208
7119
4105
5811
6531
5730
6534
7528
6649
5533
3802
1248
230
-2384
-3443
-3710
-6498
-7154
-9339
-9142
-14668
-15766
-17652
-12736
-9809
-10619
-10269
-9696
-6870
-6307
-292
-1974
-1529
200
-2719
3274
4274
5018
4878
6305
6625
7047
8596
8613
9809
16644
11950
11696
15484
13552
13815
11262
13995
13754
11605
11223
10902
9724
6056
5701
6091
7931
5976
6022
3954
2801
924
-1517
-2923
-6354
-4605
-8153
-7988
-10109
-11331
-10989
-12342
-12995
-16166
-14455
-14427
-12428
-12000
-8996
-6505
-9676
-7538
-2416
-2083
-1022
1442
1508
3438
5958
6686
9025
8065
6767
7750
7510
10827
13099
8853
9858
15487
8945
8687
9904
8563
5444
4850
7437
6030
6776
4148
4289
1652
2059
722
-2736
913
-689
1070
-771
-6478
-5816
-5704
-5577
-5011
-4099
-6323
-9078
-9355
-2734
-5001
-5257
-7348
-7006
-5520
-10953
-8129
-6267
-5057
-6930
-4622
-3630
-2121
-830
-6034
-3193
1545
3090
3657
4076
6605
6109
7536
7794
10983
8387
5972
13645
7942
9342
12200
8233
7198
5263
6205
6320
6573
7157
4958
2928
3076
4696
3611
1363
1229
798
-1641
-2102
-1999
3862
2995
-4212
2370
1868
877
-69
-6451
-5318
-5579
-7689
-2948
-9995
-13174
-5863
-5102
-5295
-2719
-7196
-4056
471
-1008
-1558
-1915
-3447
2221
3182
2948
3112
3626
3186
3664
4529
-1590
4415
8073
5629
11290
9184
8648
7980
7772
8094
5564
6420
5214
4971
3951
5062
7502
4939
4613
7407
6374
5109
4114
2712
2232
706
-1278
-1622
-1797
-1195
-2157
-4935
-4855
-5949
-7812
-11149
-12290
-7343
-10548
-13649
-15272
-12086
-8054
-12523
-7867
-6510
-3274
-2845
-6073
-4959
-3664
-86
-1416
1634
2906
3100
8481
3171
8493
10670
7622
12695
13488
13970
10777
13189
12230
12269
12790
10873
12459
12026
9817
9050
8921
5869
4558
8489
7425
7875
6539
4900
4819
3057
2458
-3191
-4370
-3259
-5301
-6426
-7699
-8884
-9794
-11379
-13818
-16021
-16496
-17475
-14610
-12564
-11715
-16749
-15483
-6269
-6462
-3337
-6197
-4528
179
1191
-2382
3625
9287
6495
8301
11094
8506
12154
12266
13884
12462
12180
12553
12984
13525
12576
14563
12703
12169
9060
9544
10719
7971
7103
4933
4109
3798
3119
3537
4292
3498
1124
194
-518
-2297
-3815
-5811
-5912
-7877
-8919
-10907
-11639
-13957
-13540
-13347
-14733
-13454
-11522
-8730
-11217
-8962
-6285
-4353
-2550
-4054
-2444
872
2972
5831
10297
12248
8497
11257
14784
13303
15558
13651
12649
14045
14615
14459
12438
9959
8301
13853
13455
11949
11079
10338
9335
7183
6181
4953
-2228
-1525
-2011
-2760
-6174
-1217
-225
-2374
-3313
-3585
-3648
-4473
-9498
-10160
-10478
-9383
-10111
-10081
-12526
-13997
-15986
-16949
-13994
-9708
-13837
-10378
-9049
-7277
-1794
-5059
-3085
-1421
2939
9677
8020
9275
13657
8976
13548
14186
15490
13675
14673
18956
14401
13009
11357
12276
10326
8801
5286
6289
3012
2514
4058
2765
2661
-677
-407
-2410
-1207
-2374
-3795
-4281
1232
-1391
164
-4565
-8158
-2569
-9154
-9544
-11652
-12190
-12026
-10901
-10507
-11443
-11419
-10908
-11019
-7259
-9508
-8222
-4552
-4615
-3445
-4358
-5055
-5172
5916
8154
4492
13598
13577
10992
14552
14354
9313
7663
10274
9328
6691
7125
7192
6114
5547
11476
5624
5630
6667
4875
6136
5309
3835
6412
4829
5196
4984
5333
3080
1220
912
911
-1040
-4626
-5388
-6846
-7403
-8386
-8550
-9747
-11094
-12747
-13437
-12995
-11657
-11435
-13373
-12265
-15993
-14097
-11187
-9938
-7053
-5581
-4636
-3120
-1305
64
6754
5227
8271
12831
11444
13179
13607
13602
14606
17313
14205
16631
13355
14685
12139
8180
7843
7429
7296
6817
7194
7964
7924
7256
5489
3995
4192
1632
966
-806
-1403
-3005
-4603
-3144
-4689
-4453
-6409
-7453
-6692
-8730
-8870
-12198
-14212
-15694
-18664
-11896
-15584
-12824
-12898
-18510
-14128
-10511
-6936
-6247
-3915
-4173
-1138
5580
12195
11473
17198
13587
16530
16742
16720
17412
17017
21393
12623
16007
13429
12179
10139
9628
8058
6776
8127
6650
7014
3465
2455
1459
575
139
297
-606
-3607
-576
-6583
-4774
-6718
-6054
-7031
-9563
-10784
-12280
-12191
-13548
-14226
-13320
-16712
-19270
-16328
-12986
-13220
-12113
-8856
-10884
-6071
-4375
1291
8320
-2671
4435
9834
11220
13710
14272
18769
15989
18691
19044
19191
14338
13070
14896
12174
11025
9244
10949
10522
9989
7984
7390
7944
5721
6124
5168
4178
2838
791
5
-1519
-537
-2794
-3670
-3620
-5568
-3235
-5902
-7091
-5801
-6332
-8600
-9436
-11150
-11922
-10375
-11892
-10133
-13440
-12783
-11067
-11797
-8377
-10123
-7909
-4193
2119
-506
-357
4758
5184
7880
8874
10656
11021
10862
17163
15714
15998
15208
13531
15513
9149
11084
10859
7358
5187
10646
7787
6479
5012
4015
5292
3652
2404
2990
-1963
-2881
-2983
-2197
-4390
952
506
195
-2176
-1300
207
-7982
-5746
-4283
-4765
-5422
-6788
-9409
-9459
-11699
-13931
-15536
-14139
-11365
-9230
-9154
-5465
134
-3915
4417
5152
2491
6194
3614
4594
4617
8495
13151
12600
9906
12189
12304
11745
12457
11647
12014
7282
10758
9812
5840
7078
5306
6017
7382
6086
5701
6014
5601
7296
4425
3598
3875
3279
3694
2906
2389
1352
1155
756
-903
-1940
-4412
-7321
-10590
-12454
-12340
-14644
-11047
-10873
-17594
-17270
-16212
-13713
-13435
-11896
-7362
-4664
3670
2031
22
3453
-206
2339
7581
7639
9242
13795
12508
8449
6800
11829
12768
15222
14669
13409
12050
7538
9012
10154
9774
9279
8147
4864
11056
10713
8573
9018
7979
5319
1547
1788
1999
2883
982
-144
-2121
-4228
-6472
-8408
-10996
-13146
-15233
-16501
-16561
-17403
-16612
-14285
-14210
-16608
-15794
-10284
-12015
-16477
-10007
-7566
-4512
-1530
-6296
458
2634
4061
8911
8656
9286
11963
15615
14369
16412
14365
16414
19110
18601
18063
15259
15657
14455
13619
11546
10977
8927
8340
7668
7547
7153
5889
5978
3542
3520
1249
-1819
-4736
-6471
-8496
-10144
-10372
-11535
-11754
-14081
-14560
-15249
-17456
-18470
-20127
-22101
-14904
-14635
-15084
-13822
-8242
-9228
-8659
-5975
-5184
4541
5189
2703
5492
5408
15497
16532
17675
17945
20235
15101
16794
19446
18814
19393
20168
18279
16178
14974
12482
10459
8494
7767
7510
6567
6553
4789
3932
2789
1110
-324
-2326
-1572
-3502
-5028
-8745
-10000
-10898
-14010
-11064
-11947
-13129
-12688
-12285
-13721
-15412
-14400
-15104
-15978
-12969
-14184
-12834
-7686
-12240
-5425
-2895
-3164
3738
4844
6380
3469
7933
12474
12622
15940
15308
17013
17582
17689
17663
15683
17886
15264
14404
12755
10132
9338
7090
8711
8766
7487
6766
4963
1814
529
-600
-1942
-5470
-5951
-6361
-8423
-8196
-7265
-6375
-7521
-10006
-11251
-8908
-5095
-5744
-6793
-6809
-6994
-8950
-6846
-9049
-9374
-12953
-13013
-9774
-7650
-7361
-1453
-4245
-4950
6413
8242
9588
7809
10705
12361
13949
15581
16199
16025
16102
15514
15385
15290
13535
14540
12739
10567
9544
10587
4395
2607
2282
905
-166
-1429
1203
-29
-358
1714
452
1389
-427
1614
-3
-1780
-1792
-3578
-2774
-4138
-4749
-5404
-5783
-6721
-8138
-7668
-7565
-9667
-10599
-10434
-9836
-10325
-14950
-7783
-6536
-8055
-2870
-6131
-3587
258
5266
4533
4374
8239
6053
8956
7540
7788
11293
10118
10797
10546
10377
8238
6482
5132
8043
9029
8728
1215
2976
2693
3336
4113
3901
5157
4894
5686
5390
3708
2256
2426
258
-1142
-660
-3557
-3493
-4791
-4412
-5178
-7800
-5780
-6583
-7533
-8461
-7056
-9357
-4908
-7799
-10791
-5261
-8217
-4546
-2148
-2538
-6144
-5700
-2387
1456
4757
6563
2932
2062
8268
8899
10867
11913
11389
11298
11376
9478
8250
7425
7236
8428
8168
13100
7520
8497
8701
8612
7382
6269
5382
3643
3549
1565
44
425
-1156
-2475
-4149
-3733
-3699
-4372
-6558
-8732
-10964
-11489
-12257
-14553
-13141
-12678
-11656
-10679
-7811
-11039
-10250
-5742
-7329
-5159
-6674
-5345
-7859
-6182
-2574
641
3471
3068
6033
2933
5820
6163
13151
15037
14579
15049
15038
15292
14003
14559
13342
14207
13805
7100
6989
5560
5498
4741
2852
2992
2371
2300
185
-1119
-1276
-2031
-1393
-3082
-3355
-3529
-5982
-9130
-8306
-10376
-11903
-11526
-10817
-11906
-10203
-9627
-8578
-5753
-12069
-6244
-6948
-7193
-4913
-7123
-6111
-6469
-4672
-3664
830
948
6503
5805
5083
5857
5608
7890
7367
9089
10712
11573
10929
12043
9692
8454
7599
6560
12547
10809
10921
9430
7498
8188
6040
1875
1422
690
303
-2944
-2438
-5607
-4225
-4691
-7903
-7502
-8559
-6495
-5937
-6278
-6822
-7060
-4932
-5221
-6043
-385
-4462
-7181
-1422
-3663
-2907
-2920
-5643
-5510
-6260
-6428
-912
-2803
-1588
3323
3753
7763
8582
5453
4515
9954
8787
10281
9355
8254
9356
9372
9811
6475
6033
5883
4859
4910
5180
3864
2764
1770
2794
246
-1228
-342
-1189
-887
-370
688
-38
-279
56
-562
-2620
-5316
-3447
-4829
-6825
-7512
-10828
-4203
-1549
-4245
-7068
-1960
-3597
-7848
-6936
-6741
-4924
-8711
-5355
-6400
-2721
-3130
-1462
989
2456
4018
5645
8591
2519
10059
10424
8364
8980
6775
6129
4410
7346
8059
8660
10287
10117
9544
9759
9108
7267
7062
6790
4873
3789
863
-205
55
-565
-987
-760
-1030
-2125
-1695
-999
-2991
-4428
-5748
-4991
-6061
-5435
-680
-7808
-3582
-2552
-7446
-5828
-6925
-6525
-9972
-7576
-7942
-7071
-8077
-6329
-304
-4174
-505
1036
1614
4405
4625
3362
1651
4558
6451
7544
8263
8624
8237
8894
8772
10800
10458
8539
7383
5852
6414
5555
11040
2256
2020
2059
2223
1654
-268
-1157
-3075
-5537
-1039
-2241
-3195
-3516
-6064
-5880
-11230
-9284
-10172
-7510
-5724
-8113
-3130
-7011
-6298
-5347
-5983
-6763
-6889
-5113
-6335
-2496
-3435
-7194
-3930
-3173
-6362
-410
2215
1550
6110
7509
4758
8600
10147
9716
14343
15920
15735
15745
15095
14188
13288
12415
12892
10673
8504
8646
6137
4339
2486
-369
162
-1093
-2670
-2438
-5337
-6571
-5784
-6636
-7417
-8143
-8622
-6755
-8900
-7157
-5124
-12663
-8771
-5029
-6443
-4646
-5906
-4532
-6437
-5922
-3213
-3106
-2386
-3282
-3655
-7132
-3686
-2196
-4933
-125
2827
6218
7706
7546
7704
9424
12348
11757
10399
10798
9727
10510
9153
6378
11489
9327
8836
7683
2247
1807
1243
770
-2426
-2945
-3900
-4936
-7224
-3246
-2784
-5174
-11464
-11936
-11642
-11298
-10722
-8978
-6973
-4496
-4972
-5618
-28
-487
-872
2361
410
290
-381
-164
2178
1948
1789
1030
1210
1862
179
2627
-342
856
1777
2550
7134
5844
2061
4754
6907
7069
11653
9740
9307
8223
7690
7562
8731
5304
4089
1685
4141
4405
3193
1672
1002
2365
-913
-1421
-1141
-1140
-2473
-2149
-1916
-1570
-587
891
890
3379
2820
-590
7786
4735
6465
2827
-320
2133
286
3536
2413
1004
1918
-354
-1698
-1473
-3825
-3963
-6056
-1934
-3088
-7439
-1069
-2407
-172
1333
-837
-2043
1012
2841
3453
5961
4416
3629
3192
4105
4150
2968
2911
2739
1581
338
921
392
-1117
-1453
-896
44
-1162
421
1275
552
1453
1089
1137
-481
3458
1603
-1734
3378
3765
2964
4737
5370
3778
3021
1811
2680
640
310
-234
-2443
-3001
-2095
-4477
-4848
-7351
-5191
-3990
-10663
-5493
-2764
-693
-1164
3065
1710
1212
5466
3675
6788
6584
6087
6098
6933
7109
8116
8827
8942
9688
9850
10369
10563
6733
5043
5127
2887
2725
102
494
-451
-524
-2718
-3092
2507
264
1576
8415
3197
3147
3485
2418
2870
-739
-4368
-5993
-940
-5826
-10574
-9984
-9619
-8899
-10607
-10495
-7981
-10200
-12421
-10611
-7682
-3528
-1158
-327
3401
3630
-1854
-1337
3522
3943
8095
9183
7710
8114
14369
7558
12117
12189
12335
11661
9808
7522
7413
1848
860
1323
-419
-1005
-1428
-1080
-1302
-3272
-6389
-732
-4575
-4674
135
-1155
1136
-1097
1010
-2296
-1550
-4158
-1800
175
-4152
-2372
-5377
-4904
-4366
-5349
-5143
-5933
-3614
-2670
-7228
-1872
-1509
-3507
610
2410
6432
6888
6762
3792
4691
7175
6197
7422
14015
14616
13172
12390
13002
6574
7840
8354
7598
6983
5874
4497
3993
1817
1173
-919
-1470
-2081
-2503
-3735
-143
-1766
-8032
817
-1369
-3422
-2196
-3678
-3533
-2130
-1200
-1732
1162
1893
1435
1715
3601
921
-301
-35
-2525
-2765
-6934
-8456
-6613
-4632
-867
-5377
-1129
1836
679
4448
4003
6367
3507
930
4060
5212
6195
7060
5718
2979
8844
7264
7131
1084
714
11
-3181
-2606
-8124
-2059
178
-9267
-8854
-7586
-6346
-1885
-4229
-4003
3939
2433
3632
5695
5492
2877
2865
6349
6690
6140
6654
6042
2221
2647
383
-1854
-1997
-4129
-4297
-4281
-3815
-1971
-2391
-4164
-1254
-1656
-1858
-894
-664
2281
1200
2404
662
161
4370
4539
4984
5242
4630
18
4330
5509
3872
3433
2445
1380
986
-4751
-3712
-2775
-3181
-4881
-3014
-303
2225
-616
-983
3481
3479
6758
5064
5352
6677
4852
7352
5289
3952
4659
4164
1273
-495
3810
3298
2572
237
224
-650
-3395
-3556
-4109
-10061
-11294
-8413
-6180
-14339
-8623
-9945
-730
-170
-132
3968
-2494
4010
952
3268
5979
5763
7271
5727
104
-317
1125
2518
1838
2307
3188
2969
4239
3495
2267
4845
8267
2187
4404
8199
7687
10125
7169
6946
6347
7246
9807
7322
7405
5510
3157
2152
893
-438
-621
-2621
-3358
-5215
-9347
-3733
-5653
-5083
-7181
-5848
-12407
-9144
-11112
-11525
-9884
-5815
-2239
321
1193
2624
1658
4163
3265
3023
5812
6896
7706
8345
9693
7832
7863
7857
6069
7152
6386
3370
4951
1120
5576
6277
-1406
6026
7131
6969
11290
6150
7480
7495
7095
8973
5957
7707
3880
4360
1931
1582
902
-3375
-669
-4052
-4536
-6364
-5481
-4654
-5633
-4778
-6867
-7107
-7744
-6814
-8538
-6460
-11465
-5679
-24
-963
3383
-2336
405
-816
-53
5696
6736
7504
8992
9157
7869
6272
4850
4306
2203
1603
1139
1763
1517
5800
7892
1778
2050
4037
2944
6833
7982
7766
5929
5635
-466
2347
3165
5307
6313
4169
3416
1880
78
-2081
-3343
-4080
-267
-53
-305
-48
-1103
-8992
-7916
-7839
-9767
-9889
-9246
-10240
-9654
-11361
-7092
-4659
-3427
-174
-2559
1409
1470
1385
2395
1762
2064
3242
4410
489
1140
469
-538
-428
30
-2025
2726
4977
-2012
5149
5126
4432
6449
5708
6557
5114
5595
4868
4429
3278
3800
8728
8109
8444
7617
6650
4609
3794
-2477
-1808
-2579
-3277
-3235
-4404
-5804
-5211
-5228
-6282
-4698
-8116
-7645
-8986
-5859
-6269
-7357
-4140
-3733
542
129
724
-1387
-1054
-232
1300
1092
1597
2110
4249
6349
3137
1321
-901
-1791
8859
9037
7220
7356
8467
12375
10603
10506
11279
11571
5152
6871
7252
7660
6878
7244
6947
5030
4592
3733
4688
2867
3985
2309
120
1134
-385
-1524
-4213
-4773
-6109
-9770
-10528
-8030
-7395
-9869
-14781
-13178
-10022
-11735
-10167
-4662
-6475
137
716
-2311
-5416
324
2009
3211
5206
4371
5741
4114
4998
7262
5650
10371
10812
6223
11176
9267
12749
11379
10841
12399
9873
11151
8178
9183
7538
8190
8442
6057
5585
4523
4894
1776
865
-197
-3524
-5735
-6528
-1852
-2552
-2213
-6153
-5861
-6898
-13167
-11296
-12405
-10496
-11483
-13659
-11564
-10179
-10071
-11287
-10486
-5556
-1604
-2351
-641
-2235
-3112
4198
3916
5576
6362
3432
3303
4386
5545
8810
12998
6104
11408
13826
9700
13924
12101
10273
8527
9582
7834
6945
6400
7908
8255
4874
3659
2843
2238
1564
1022
-701
-1656
-4342
-6167
-6549
-5701
-7347
-3577
-3549
-5922
-4887
-5040
-4680
-11912
-10466
-8005
-8913
-7929
-10046
-2257
-4857
-6811
-3440
-4049
-2375
-2016
537
297
5175
3758
8743
8080
7634
6586
7473
12287
9806
7549
13031
12036
10125
12784
5266
3295
4402
5727
6276
7468
6491
8897
7789
7334
5757
5505
3191
940
838
294
-671
-1235
-411
-182
963
540
1138
-1133
-2896
-3520
-4304
-5348
-6532
-7026
-2778
-3162
-4525
-5677
-6771
-7067
-4100
-6855
-3812
-2239
-4556
323
-644
-1741
568
280
2448
-255
-618
1155
4925
3926
3780
10475
8640
7402
8327
7371
4602
6732
11220
9484
9599
8256
10225
9992
8347
8083
7955
9687
8940
8046
7906
6055
8253
6520
3808
7064
4815
3338
1810
756
1604
788
-854
-2791
-1991
-2304
-3252
-2667
-4845
-7105
-10152
-12825
-10547
-11987
-14753
-12922
-12224
-11834
-7562
-7535
-5813
-1978
-3312
-864
-1418
1036
2791
1291
5004
3476
9030
9780
6993
10666
8516
10799
13529
12882
12576
14391
13176
13277
14618
11748
12736
12609
10616
11421
10283
8490
8609
6117
5611
4964
3899
2348
228
-2464
-3464
-4880
-5801
-5913
-8183
-9522
-10679
-11957
-12381
-13376
-16123
-16266
-17034
-15914
-16508
-17651
-16907
-11711
-8659
-11365
-8445
-4592
-2814
-3854
5887
8396
3890
9247
10833
11114
13499
15484
13290
13536
14443
14423
15241
14008
15132
13251
10959
11545
10481
11047
10127
8501
6266
2249
7972
7282
5837
5594
3399
3749
-1952
-3639
-3148
-5332
-7973
-7711
-10161
-13743
-14881
-15768
-12656
-11842
-11104
-12157
-13674
-16864
-16250
-13434
-12768
-14838
-17019
-14041
-7435
-2168
-3533
-495
2565
8587
8891
7150
14864
14903
14904
19564
17456
18294
19198
17346
17023
17106
15984
14488
12587
11359
9524
13876
12924
11856
6420
4261
2797
1172
21
4191
4186
2925
-277
-247
-1280
-3626
-3816
-1957
-4959
-7755
-8796
-8578
-9847
-10103
-11438
-10597
-8221
-10082
-7531
-11947
-11836
-15222
-15509
-11937
-13411
-9935
-2111
1212
-567
548
7725
1996
2668
9527
14866
13877
14050
12194
10547
12091
14019
14552
15893
16570
15831
15394
14009
12996
12275
11629
10021
7463
7552
4974
3217
3231
4871
1668
1
-522
-3006
-5747
-6869
-5629
-8322
-7128
-7411
-2336
-3475
-4181
-4579
-5791
-4596
-5472
-12662
-11964
-12001
-9462
-10740
-13590
-13296
-12481
-11935
-11754
-5372
-5435
1350
-1695
-3839
5771
4430
6162
8775
8468
5510
9145
8130
10815
12917
10291
11415
10703
11190
11628
10336
11998
11430
7676
8707
6061
6067
5000
3587
2077
292
1295
1712
478
2057
2051
184
1386
-1213
-1684
-927
-2083
-3816
-5699
-8968
-8482
-9878
-10253
-9976
-13880
-13309
-13248
-13025
-11986
-13190
-14429
-10053
-11429
-12611
-6987
-3491
-4011
227
2844
2194
6182
9142
8137
11328
10978
11147
17642
13422
14289
13470
13343
14587
13809
12935
12842
12175
9617
8871
8081
8930
7745
7751
6298
5983
4779
1421
4837
4550
5236
4139
2776
2095
575
-682
-5947
-5413
-4323
-5333
-5583
-7012
-7873
-9999
-12207
-10874
-13990
-13955
-14146
-14324
-15441
-16152
-12691
-14549
-12267
-9074
-207
1829
3933
5020
3880
6044
10587
13050
7911
13433
15717
15953
15424
17776
16329
15854
16297
13487
15232
14454
13122
12042
12494
10326
9792
10465
8479
7920
6483
4661
4092
4026
2698
2662
1713
312
-1259
-2019
-3645
-4214
-7001
-8529
-8279
-11398
-10802
-13819
-13905
-13840
-14612
-16027
-14782
-13131
-14118
-14588
-7808
-9884
-12067
-1514
-2284
3086
3340
2120
5777
7916
9995
11052
11437
11434
12624
10956
11759
12432
11696
12116
12721
11636
10733
10711
10538
9507
7761
4670
3024
6819
6603
6173
5616
4611
3845
2926
3064
472
-2351
-720
-4452
-3767
-4647
-4270
-4907
-7243
-12572
-14858
-14793
-15636
-14325
-15376
-14955
-15058
-12813
-13927
-12933
-7588
-9179
-2795
-2264
-3140
-1191
-1471
3907
4291
2158
4396
6565
10530
12376
11455
9507
14649
11990
13059
11662
11419
10628
9601
10190
10104
9473
8506
6373
7488
4340
3781
5296
1446
119
305
720
-1733
-2880
-3214
-2626
-3432
-3493
-3759
-3935
-3651
-4639
-5729
-7869
-8186
-11371
-5913
-8200
-9231
-9248
-6546
-9718
-10284
-4018
-14549
-15762
-7153
-5649
-9455
-3743
-4125
-3226
6772
6695
7530
8446
5561
8389
11485
12942
13110
13619
14706
14410
12758
11855
11768
10292
9907
11184
9474
6187
6784
7114
4826
4557
4351
2853
2085
603
5976
4162
3922
4511
-3510
-2638
-4862
-5696
-5541
-6796
-7455
-7811
-8387
-10825
-11058
-14093
-11307
-9767
-14919
-6855
-12307
-18441
-10849
-9845
-9987
-8509
-9650
-7823
-2097
-574
4079
5833
6755
4323
6115
9301
11382
13008
13042
13486
11611
13041
9888
10990
11734
11041
11940
10343
10547
8851
7523
7864
6899
6202
3630
3140
2374
1681
2163
-282
-1151
-1928
-3367
-3423
-6195
-6770
-7644
-9625
-9206
-11282
-11051
-10752
-10775
-9778
-9802
-13489
-7661
-9087
-15345
-7445
-8495
-10033
-11604
-12514
-6930
-8745
-5272
1682
1220
5583
6815
5342
4676
7566
10296
9847
10454
12750
12598
11884
13725
11335
12096
12595
13755
13801
11470
10332
7539
8075
7977
7606
6988
4580
4016
2928
1335
810
-821
-1864
-2567
-3098
-4972
-5684
-5986
-7506
-8186
-7935
-10097
-12967
-8737
-13115
-9212
-8826
-18995
-10843
-9387
-8545
-7338
-11119
-4808
-4776
-5080
321
-1405
309
4395
5167
6580
9009
6311
10485
13463
13717
17965
16388
16938
16843
17107
14572
12745
11708
10808
9855
7300
7321
4851
4364
4026
3160
1686
-391
-710
-3427
-5314
-6026
-6115
-8758
-8008
-9279
-11380
-10738
-11243
-10084
-10957
-10876
-13219
-11501
-12292
-11207
-6614
-11139
-6531
-1524
-2170
-1531
-3993
-95
-602
28
-915
-395
1606
-2126
4704
5889
7721
10038
6022
6270
12259
11435
12507
12336
10589
10340
13034
14051
6040
12382
11489
5498
4377
2611
3139
1892
989
1106
-1318
-1432
-3231
-2827
-1530
-6218
-5081
-6342
-9238
-7666
-9635
-4466
-4952
-5343
-4575
-6974
-1751
-6243
-3554
-3736
-7537
-3159
-4930
1471
1990
-740
1706
3089
-730
2649
-4518
-6250
270
-4132
-2692
3668
2918
6536
2803
-685
4230
10978
5459
5182
4465
7062
7362
7787
7948
6719
6036
7218
7564
7743
5396
3137
3165
1038
1571
1928
2156
3157
1608
1468
1916
-91
-616
-1469
-3953
-5235
-2719
-4258
-5075
-2307
-2593
1095
57
-3628
2357
1766
-1051
-40
-3778
-2565
-4707
443
1156
-948
927
-7389
-6875
-4535
-5636
-2587
-1248
2056
3210
-2567
-746
2107
1202
-150
3899
2482
6906
8639
7154
2779
4174
5188
5128
4244
5626
7175
6222
5772
4719
3787
2849
1801
1848
5403
4309
5095
2789
847
546
-4225
-5675
-2119
-459
-944
4380
-2149
281
2153
-321
376
-4315
-2365
-1817
-4277
-3702
-4138
-6600
-6861
-7543
-7909
-8761
-9593
-7303
-8396
-5499
-3136
-2012
623
-3434
2306
6659
6284
6361
4784
5147
5408
7576
9223
9223
9924
13568
12875
12282
11398
9855
10154
9011
8459
7085
6163
5047
3225
2146
1137
-197
-2931
-3042
-4792
-4873
-4488
-3681
-2776
-8667
-3182
-929
-2127
-3196
-4720
-4761
-7396
-6583
-7639
-7212
-9757
-4423
-4454
-5257
-13541
-10147
-9095
-7891
-6713
-7968
-1131
-3827
1385
-2522
2589
10680
9330
11428
11397
11865
7543
8917
7950
9868
8829
9419
8900
7634
8362
7020
6286
5592
6333
5684
3800
2251
1750
-410
-940
-731
-2596
-2702
-4603
-6135
-3586
-6991
-9992
-2187
-2260
-5655
-2694
-4436
-6196
-3319
-2012
-4208
-6760
-6052
-5461
-6934
-5905
-5873
-3593
-4468
-2084
-1994
-2245
-367
-2697
1007
1648
3715
-338
-1685
8315
7768
12492
14438
4518
6040
7945
7666
7483
8030
9443
8693
8169
6650
6307
5608
4647
1763
-668
-1336
-3902
-5797
-5244
-7263
-7247
-5232
-5523
-2386
-6576
-2589
1782
-3064
-888
-2331
-949
-899
-3058
-587
-818
1037
3561
1474
2531
2096
2188
2821
-272
-2439
-3619
-3794
-6606
-4949
-5421
-4918
238
2875
3762
3010
2494
4986
6542
6327
7980
7820
9608
8937
7505
7984
8110
6618
4520
4190
1698
-588
-832
-2037
-2161
-3197
-2620
-3956
-3301
-3716
-3415
7535
-2402
-3613
3622
-1354
6963
3105
4360
8287
5361
6580
7160
4241
4289
5629
3387
2420
2056
-4847
-4689
-5088
-6067
-7915
-8210
-7804
-7910
-8400
-7161
-11002
-6316
-2284
-3398
-3118
-4579
-1600
-480
1435
2145
3026
3075
3363
2836
3542
4199
3190
3335
4384
4186
4014
4358
3816
3393
3541
2455
2605
2077
2552
6798
720
2114
8228
5797
6514
6359
5142
6484
7832
7146
5420
5179
4868
3414
3593
2637
1201
682
49
-180
-571
-2389
-4362
-6593
-7898
-7370
-11171
-8036
-10046
-13118
-7366
-6656
-5444
-4983
-1610
620
3363
4598
5846
7406
7563
7784
8209
8128
7654
5795
4752
4899
4457
3893
1343
2397
-1195
765
-2725
2492
2981
-3177
3723
3031
3276
1536
3373
948
1097
5842
5263
6080
5417
305
-2792
-3220
-3991
-2876
-4373
-6233
-1934
-2840
-1882
-4093
-5422
-5940
-5495
-4564
-5449
-5928
-3812
-5347
-3811
-84
1081
3982
2097
5085
5913
5563
8278
8979
10160
4233
2314
3527
5214
4391
5214
3988
2449
2257
3073
2173
4089
1974
5378
5424
-1412
5594
4996
7048
7321
2954
7457
6157
6027
5050
4978
6530
5416
3263
2930
3019
3015
3325
1141
1039
1279
-318
314
-322
528
-678
-2646
-879
-3319
-4483
-4778
-1859
-3827
-4148
-1288
-370
1251
2120
1377
2922
5614
3295
2960
639
1509
-1148
-136
1215
-246
1253
-1017
1585
4260
2690
7797
6787
-1418
7557
7630
5540
8496
4467
2749
1776
909
1102
4584
3638
4260
4235
1879
3116
8641
6731
6237
5967
5269
4217
2236
1084
27
166
-1080
-2320
-9943
-10440
-11599
-10780
-13450
-13960
-9306
-13680
-10500
-8009
-7136
-4129
-6175
-4723
-2343
-1224
728
962
1332
1079
-286
861
-227
151
-414
3370
2502
4258
8818
1729
5410
9650
7963
8660
8804
8057
6356
5149
5918
13482
12447
6282
6772
6451
6997
7832
6742
7102
5315
4492
3579
2031
1862
-1004
-2067
-3668
-5351
-7327
-9183
-10497
-10944
-11352
-11674
-10325
-9306
-7787
-11078
-4067
-6180
-7305
-4430
-5216
-2266
-4193
-1261
-1887
-1111
2441
4208
4839
5454
4630
6534
4995
12867
8118
4413
16171
11743
12741
12808
13689
11448
11372
11008
10721
12074
9110
8777
6928
6393
5808
5111
3659
3046
2059
1303
-1340
-3051
-4362
-5276
-5793
-6507
-7200
-7762
-8046
-9421
-10454
-11566
-12325
-12091
-11634
-12431
-7513
-11013
-11003
-7199
-6573
-2578
-2585
-1486
-3969
409
1048
2841
3406
3410
5971
5930
7013
7552
13686
7322
7517
13674
10351
8590
8355
16254
12324
11856
12998
12833
13477
12122
10753
4520
4837
4059
3204
830
155
-1820
-3301
-2693
-7627
-8062
-8998
-9962
-9622
-9978
-8472
-8669
-8721
-8634
-8561
-8892
-6956
-8361
-7608
-9078
-8276
-5167
-8106
-8205
-7948
-3784
-3214
-6046
1585
3481
4427
6661
7184
8206
10707
6182
13321
13341
9126
15168
13032
13150
13308
15054
13810
11517
10721
4679
6099
10274
4244
3033
4010
1148
-90
-262
-956
-619
-939
-87
-1955
-1793
-1695
409
-2028
-2316
-1953
-4022
-3846
-4024
-5338
-5252
-2952
-3552
-4042
-4403
-4073
-7816
-7734
-8617
-6264
-8678
-10159
-7321
-7975
-3387
-4589
-1167
790
1695
3499
6572
7868
11239
10665
3603
10745
10522
6989
8326
10366
10950
6290
7547
6593
6349
8555
7221
5764
3380
2050
742
503
1041
1311
3426
1069
-171
1830
-1720
-143
-1
-579
2152
2002
1930
-260
433
663
-1960
-3177
-5916
-7791
-10056
-4858
-6170
-7334
-8352
-8861
-8363
-9208
-5948
-7718
-3669
-4934
-4635
-2635
-8399
-3727
-4698
3100
-1921
485
5867
2043
6188
6201
7462
6573
6349
6834
5868
5761
6542
7472
6698
8200
9991
8788
10165
10086
8078
9283
6668
7935
7308
6691
6777
4744
3769
1641
1996
373
17
-818
-1523
-2962
-4133
-4844
-7243
-7972
-9206
-9684
-10718
-12019
-11380
-13443
-11827
-13277
-13609
-11023
-9430
-8061
-10063
-4791
-2507
444
-503
-3260
2970
6356
6392
9170
11991
11322
12952
13659
14280
16533
17181
16413
15650
15343
14705
15540
14402
13793
13009
12133
11830
10191
10378
7791
6362
5077
3040
2277
192
3779
1890
995
-388
-688
-3073
-3593
-4251
-6374
-4963
-8968
-11309
-11342
-12542
-14283
-14145
-12422
-16381
-13993
-14096
-12774
-16750
-11599
-5548
-6718
520
1621
6459
8182
9848
12987
12235
19061
15862
14029
15473
15226
14806
15165
15433
15751
15552
15680
15737
12966
11533
11118
10252
8095
5975
3983
1785
1320
17
-1536
-2149
-2967
-3048
-3483
-5770
-7632
-8613
-9682
-11630
-12759
-13208
-15952
-14796
-14296
-14583
-14979
-15025
-14695
-14531
-12479
-12168
-13256
-9898
-11657
-8987
-5874
-3188
4145
-4130
6332
9114
4132
11429
9189
16654
17817
16205
18726
15803
18634
18992
17439
17212
15844
15040
14307
12666
11416
10982
9021
8223
7758
7130
3527
2533
2209
-1362
-260
-1622
-4205
-5040
-6005
-5466
-6445
-6836
-7122
-8201
-9852
-10763
-5508
-7458
-7346
-8073
-8791
-8943
-17026
-15089
-15879
-13050
-11529
-11423
-5988
-7605
-3552
-2462
786
4518
3435
6069
5701
10148
13960
14735
17210
18879
15823
16440
15975
14057
13343
13049
11387
8148
8790
5889
4469
9531
7132
7385
5794
5989
5598
-916
299
507
2425
2410
3104
1926
539
1119
720
-389
-2509
-3247
-4865
-5394
-7484
-9388
-10149
-11533
-11383
-12983
-15655
-17527
-16881
-11093
-10980
-10040
-10905
-6506
-4567
-6445
2112
5277
3808
3285
3687
10289
11295
12894
15102
15744
15140
15767
15128
13988
13673
12409
12632
13045
12749
11663
10802
10567
10808
11035
10740
3547
4725
4666
5308
4818
3714
3384
1522
-94
-1156
-1380
-3719
-6008
-7629
-8921
-8460
-8705
-8292
-8660
-9895
-9942
-10046
-10124
-12679
-12907
-12959
-11563
-10613
-10929
-5982
-9465
-10236
34
369
1136
1817
4610
6948
4637
9516
12176
13981
14607
16106
16485
15964
15193
15959
17335
16475
16245
14313
13413
12084
10240
8881
8506
7958
5956
5326
4134
2599
3302
2472
2890
1283
-336
-196
-846
-1192
-3067
-3567
-5762
-7681
-8569
-9213
-14141
-15220
-14512
-12144
-12120
-12852
-14590
-11719
-13338
-12613
-13364
-18016
-11754
-9091
-9599
499
3555
5806
4745
10646
8384
9257
14707
16581
17878
18665
19783
17789
19180
17705
16224
16599
15467
14405
12486
5820
6172
6318
5973
6852
4658
3668
2789
666
734
-1694
2327
896
1418
-588
-1222
-8137
-10990
-3782
-11448
-10302
-11544
-11697
-11696
-13186
-13106
-13987
-15217
-13592
-13371
-12047
-6046
-14032
-6863
-3397
-8389
-2434
-4269
116
4201
6295
6129
9369
13488
11149
11539
14267
14229
14638
16205
14914
14154
13315
13105
12075
12054
11044
10247
10223
8831
6548
6109
7568
3746
5125
2801
893
3255
-651
-711
466
346
-951
-1318
-5091
-6495
-8565
-9794
-11122
-12082
-10486
-10357
-10075
-10212
-11819
-10788
-10277
-8173
-924
-6660
-5078
-158
-2821
-429
-1827
452
1751
4355
6256
8127
6474
10585
9526
8368
7215
6528
8970
8433
9083
10675
10132
8792
8595
10436
8823
8927
9106
6833
6617
7588
4879
3136
3035
1814
429
-943
-2203
-2508
-3144
-3200
-1271
-1293
-504
-376
-44
-428
-1919
-3258
-3242
-3866
-3869
-5026
-4409
-7800
-6064
-4654
-12095
-4017
-4068
-6106
-2438
-6558
-3567
-3535
-3636
598
2737
2637
591
4885
3733
3980
8333
7634
9916
12259
12140
10906
11981
10821
8959
10334
9035
7277
5300
4862
5959
4704
6078
5350
4437
3861
4860
6338
7891
6469
4998
5289
3167
3113
2479
714
-1535
-1396
-3034
-5401
-6489
-8221
-9988
-11583
-7770
-4035
-4048
-10447
-6121
-6792
-6480
-4804
-7669
-7602
-5952
-7896
-12119
-8146
-4820
-4777
295
605
-291
-246
405
2603
5468
5860
8757
8546
9418
9412
10418
11984
10726
9573
7588
6890
13676
13067
12457
12041
9496
8911
7996
2583
2238
2331
1845
2216
2295
1839
-194
-2003
-2599
-6401
-8079
-8661
-9489
-11073
-11915
-12243
-10849
-14796
-13961
-11251
-13251
-11497
-13780
-11380
-12031
-12835
-10019
-5526
-7614
-7301
-1233
-692
1853
-560
3116
5736
10584
9936
13205
18948
19316
17990
15874
16840
10974
11702
12004
10489
9913
8545
6619
5686
10419
7969
8229
6994
5749
4691
3484
3174
52
-986
-2010
-3441
-9869
-11813
-12255
-12985
-13599
-13868
-15364
-12823
-10985
-8330
-13217
-15238
-7555
-9343
-6419
-5183
-6506
-1711
-4237
-1598
-3516
-1275
3341
-1172
4530
4345
5243
4377
6267
8449
6946
10113
12482
15079
15248
15947
14094
12832
11332
10130
8843
7973
7836
6409
5542
4274
2787
1340
466
-462
-2335
-2779
-5319
-5395
-7234
-9692
-8043
-9543
-10976
-11603
-11650
-11434
-9556
-10458
-9660
-1735
-4652
-6737
334
-2425
-885
-92
-1872
721
641
2458
-320
-473
-3025
-2705
2515
-2034
-19
3936
4508
4017
5545
8115
4778
8019
10372
10679
15066
14777
14010
12171
10272
9209
7483
5903
3611
1127
6151
3570
3366
3384
342
13
-2180
-7745
-7747
-8869
-6992
-8419
-8141
-7231
-8208
-5897
-3966
-3200
-6041
-3270
1441
-4460
-3153
2136
2350
3572
2551
3135
3485
1039
1399
1202
1568
-52
-423
-1469
1190
3114
-1049
4150
5285
5271
4061
5071
7951
6102
8121
9338
10417
12184
8805
5548
9369
5972
5055
5126
4187
4397
3125
3698
2577
2652
2587
3292
1029
1297
-43
-500
737
-452
-406
-1258
-1410
-19
-1655
-2726
1949
-6412
-7077
7615
3056
5003
2590
2628
2615
559
2779
547
-59
-1471
204
-1364
-1761
-3853
-3294
-573
-1437
-783
707
-345
-6011
3537
-505
-1286
2455
1257
4230
4327
3987
1902
7645
8422
3271
6282
6538
6577
7683
7677
7740
6111
7798
6651
3663
2813
1011
-68
-2317
-2929
-2350
-3539
-1320
-2796
657
2824
-4682
500
3209
748
2221
2067
-907
-2343
-2126
-2297
-2732
-3388
-3525
-4886
-5873
-5311
-5515
-7481
-6197
-5170
-5408
-3905
-1334
-4014
-366
4214
-194
853
3884
5348
7705
11334
10392
10164
9806
10008
10410
9526
11447
8067
6539
5338
2681
1618
1002
827
-700
145
-845
-1685
-1726
-3861
-1697
-1109
-1337
2249
-622
-4107
2840
1370
-2309
2547
-2114
-1197
761
-1063
-1992
-3864
-4032
-6425
-6075
-7797
-6828
-6678
-8664
-9939
-9224
-8319
-11082
-6451
3367
2277
3192
4872
7651
6589
8541
10154
2436
10019
10882
9380
10508
9836
8311
7001
6945
4887
5542
5457
4782
2823
-320
-2369
-1268
-2365
-4587
-4827
-4024
-6919
-6912
-4461
-2203
-1753
-5618
-889
-4961
-5232
-2533
-5870
1233
1730
2507
1309
-4853
-4726
-3787
-3813
-4851
-5811
-5284
-5146
-3819
-3998
-6996
-3087
-5357
-7301
-1857
-618
-1944
-618
5313
5657
8407
6441
9901
11665
13238
12193
10736
11295
9108
10597
6915
6739
5807
5633
2963
2025
2069
43
2680
-387
-1800
-39
-1809
-7206
-2520
-3324
-2363
1895
4247
3437
5065
6131
6588
7141
5414
5157
4206
4796
4155
2366
1143
532
1046
-1274
-535
-479
-2994
-2011
-3672
-3884
-1202
-3414
-4396
1800
1506
1780
4391
2184
4460
6369
7607
9623
8613
8613
9265
6409
6406
4760
3897
1180
-1651
-2488
951
2510
873
1524
617
1105
2006
2516
-2677
-187
-3446
-3239
3964
-1072
2406
2637
3087
4296
2785
2793
1415
2647
2204
3002
622
-825
-2150
-2890
-3810
-5395
-6352
-6355
-7412
-7756
-8585
-8753
-6683
-6316
-7944
-7978
-2575
-6564
-2813
2080
-2251
148
1184
3826
3570
6149
6393
5224
7035
5299
5706
4555
2835
3349
3486
2072
3946
1237
2119
2182
5826
8257
1104
4955
6044
4825
5856
7251
7292
7298
5668
5438
5047
2812
4013
4079
2501
52
1729
-860
-31
-1716
-3462
-2156
-5470
-4043
-6754
-7411
-7843
-8684
-10123
-10017
-10619
-10009
-6944
-8677
-3524
-476
-1373
-569
-604
2166
5798
6146
6181
6320
6695
6161
4839
5029
4154
2545
2864
2762
2052
3618
-516
3288
7678
688
4715
7436
5875
4452
5810
4505
4491
4917
-829
-710
4197
5148
4202
2840
2929
256
2203
1326
-10
-826
-4865
-4908
-5144
-6439
-5632
-5153
-4667
-4765
-5180
-2645
-3958
-1938
1545
-1517
2594
1826
-614
1652
6172
4952
7057
6191
3043
4276
5610
5007
4728
2633
91
1454
1356
2926
1534
3859
9133
1800
1537
7344
5877
6316
3514
4756
7047
5642
6833
5286
6223
6776
5634
4944
4156
2889
895
1992
1749
220
832
409
-230
-632
-1127
6
-752
-2690
-3175
-2397
-3869
-1807
-2426
-6512
-1150
-1852
279
4654
2382
2889
3484
3427
4328
4744
2835
2214
887
2020
1135
-11
-500
-520
2462
-1107
3860
5697
733
938
3392
6896
7183
4147
5383
8404
5909
7874
8110
7289
7691
8726
7081
5849
6696
6741
6790
5282
4616
4474
3153
1096
-625
-2732
-3245
-5719
-5787
-7866
-8281
-8126
-10088
-10584
-10098
-10533
-14156
-8399
-3637
-3652
1124
-2450
-737
633
1664
3449
2313
1945
2626
1305
2100
167
5340
5352
448
8652
2635
2688
8022
7360
9874
9938
10496
11123
11610
12001
13380
12784
6700
7536
8358
7955
6986
4636
4407
3823
1739
334
4652
-1352
-2153
-1870
-1836
-3705
-4537
-5190
-6301
-6699
-8292
-8866
-9903
-13148
-12157
-10827
-12852
-13128
-9853
-7069
-7813
-6461
-6808
-4750
-2707
-3416
-2533
-1467
-2738
-1894
-2291
346
3460
-624
4291
5731
4755
5217
6601
8633
9376
7284
10750
10933
8299
11201
9448
10134
7235
6800
5086
3756
3313
719
1500
5179
4443
3796
1413
758
133
-2446
-3993
-5137
-7896
-12754
-15376
-15381
-14510
-15165
-14627
-15486
-12548
-12117
-12099
-13212
-14632
-8369
-2893
-4289
-255
-630
-721
3423
2917
6202
7037
10980
9862
7502
15651
11413
10062
14252
12228
12630
12389
9002
9067
11663
11826
12045
11088
11174
11845
11302
10138
10535
7753
6274
6036
3743
2329
-210
272
-2447
-3729
-3091
-5529
-4416
-4177
-6164
-9521
-11375
-11148
-13303
-15314
-14951
-16864
-13868
-13680
-13713
-10251
-13398
-9154
-6935
-4868
25
489
382
-164
1748
2817
2656
8506
7898
8658
12288
5662
8577
10710
9371
10338
8872
9158
10913
11257
9812
10752
8487
8316
6925
5884
5995
3059
4030
4346
534
-1200
1068
-2274
-2944
-3701
-3949
-5022
-5569
-5481
-4351
-2066
-4755
-4224
-4994
-4976
-4188
-5244
-7146
-4857
-5701
-4436
-6639
-3867
-4974
-11569
-3518
-5992
-3436
-1601
-2068
634
-3692
972
-1584
5316
12055
3542
8488
9338
10484
13428
12442
10493
10693
12300
10447
10726
11319
6509
5529
8304
4419
3127
956
1515
1372
-62
-958
-1315
-1311
-772
-2008
-3110
-2750
2316
3009
1801
1576
-233
367
-85
-1078
-3108
-3690
-3811
-4841
-7763
-7916
-5687
-13043
-12493
-10686
-13873
-13743
-3433
-6761
-2754
781
-6922
-3166
-1805
-4811
4337
4780
3802
9754
8136
7907
7977
12969
9066
9670
8390
6123
8961
8468
9522
8032
8546
9712
8458
7036
8131
7182
7909
7695
8075
6712
5842
5910
3735
5090
3906
1374
310
-1233
-1964
-3899
-6340
-6987
-3005
-4433
-4726
-6867
-7751
-9325
-10852
-8651
-12284
-9662
-12850
-17984
-12861
-15302
-13657
-9581
-8352
-6183
4602
-774
-1779
2972
6941
9346
8810
6930
9124
10365
8827
11341
9876
10290
9918
9871
8645
9720
7726
7011
8974
7929
7008
8331
8110
7140
8658
8645
7951
7459
4021
2908
2280
604
1203
-1580
-1858
-4653
-6276
-7181
-8821
-11441
-10655
-13017
-16109
-13973
-17570
-18835
-18317
-13238
-17857
-19870
-18172
-14342
-11210
-10661
-4140
-853
-2351
414
2766
118
10128
11689
9582
12896
13465
11671
15451
17538
15017
16093
14559
13962
13657
13028
13005
13228
11912
11277
10548
10563
8647
8557
8812
5781
5652
4123
2625
596
-541
-2497
-4713
-5009
-3887
-4408
-9153
-5495
-5791
-10786
-11038
-11867
-13210
-13757
-13471
-16136
-15946
-14732
-13978
-13988
-18002
-6591
-2920
-32
4830
2063
4509
8852
12321
8068
14562
18176
14428
19208
17318
18015
17025
16644
17243
17276
16120
15823
9051
7803
8011
7868
8934
8387
6085
4667
4410
3839
1794
2296
2565
-848
1464
1428
-1476
-1678
-3479
-5060
-6002
-7950
-9004
-9493
-9611
-10592
-10496
-10987
-10912
-11262
-10395
-11729
-12465
-11539
-10973
-6048
-12434
-7055
1299
1982
2717
5253
7656
8628
12455
8754
11392
13484
14660
16691
14260
12973
12222
9323
9117
15215
13172
13085
12083
6066
3303
5263
5690
7402
6764
4193
6020
3503
3345
763
-1254
-1905
-3322
936
493
107
-566
-664
-1947
-2182
-4229
-4836
-5077
-5970
-6676
-9221
-10368
-11611
-12643
-12866
-11177
-11854
-17841
-13096
-9708
-6870
-10412
-3448
2415
2420
6724
6817
7095
5236
9409
10674
12394
13379
12350
11871
11019
12356
11836
11341
10092
10873
8395
5829
4394
5077
5588
4400
3559
2286
2110
3064
4497
3276
3399
2408
1775
1469
-965
-2058
-3367
-3553
-3791
-6480
-6531
-5909
-7835
-8251
-7860
-9734
-10564
-9938
-12695
-11359
-14003
-11741
-13888
-7899
-973
-12529
-3137
235
1302
5310
4198
6445
9085
10623
10520
12389
12330
13996
13481
12810
13456
13029
12173
12071
13321
12018
10981
12147
9976
7914
8031
7859
5540
3983
1982
250
5959
4258
3540
3793
2448
1290
101
-123
-1439
-1161
-1998
-4911
-6894
-7267
-8549
-15140
-13953
-15456
-15314
-15289
-16662
-16070
-14271
-14768
-8280
-13303
-7691
-5066
-9883
-1602
-629
6121
2029
2004
8223
7207
10071
12075
13987
16251
17127
16419
16109
16763
15181
16456
12489
13004
14190
10682
12275
9120
9775
8298
5670
5060
3488
2366
1862
1888
74
-862
-859
-3068
-4218
-4390
-5792
-6687
-6756
-8392
-8539
-7989
-9316
-7422
-9084
-10777
-13199
-14470
-13374
-12791
-11407
-12238
-12990
-8938
-5138
-3382
-3120
254
2005
2376
3121
9869
13503
12958
12794
16748
18541
18211
13506
12436
13365
12647
11952
9333
5952
8777
7986
8059
5413
3590
2686
1494
942
-282
138
-2192
-778
-286
-900
-950
-1860
-3480
-3806
-6475
-8274
-9132
-10841
-10308
-13615
-13791
-13115
-12282
-14434
-8270
-7192
-6779
-7439
-11128
-7672
-10732
-6972
-6065
-4925
2106
-3036
-4671
992
5387
8201
9312
11378
13291
10041
11168
13556
14817
14331
14912
14417
13914
12290
9374
9400
8779
10848
10385
1659
3320
3772
1042
2805
2867
892
1291
2112
1135
725
883
81
412
-2030
-1844
-930
-525
-1244
-2927
-1587
-3002
-3698
-4178
-5872
-5069
-6065
-6123
-4876
-3791
-7833
-4844
-4352
-4579
-3378
-5872
-2901
-9377
1028
2992
4804
7065
7913
9654
2009
6129
7006
8653
9311
6853
7074
6784
1303
5092
12707
3531
9318
7017
7531
8028
6728
6898
6848
7040
6220
622
1033
1919
4265
4147
3083
1532
1304
573
-686
-2959
-5159
-6937
-8456
-10319
-4389
-4914
-5419
-11978
-11049
-7368
-11700
-7310
-6374
-6357
-3234
-6202
-4915
-7194
-3217
-4178
-1203
3747
2980
4731
4284
8879
9637
7430
8744
11646
11031
10488
8776
7467
11477
13665
13071
12604
13009
13795
12934
12480
8878
7554
9684
7605
8204
7479
6298
6502
4749
3014
1017
-746
-3470
-6406
-1222
-2152
-3630
-3629
-5395
-6781
-12960
-12755
-12955
-9737
-11126
-16193
-9568
-11045
-12309
-8313
-9574
-11047
-10464
-11112
-6493
-5726
-8244
-4645
-1140
1039
-630
5069
6446
5842
7919
8753
12118
8821
14770
16294
17252
17833
13701
15136
10213
9630
9098
10717
10328
8913
8712
7330
6837
6658
7113
4078
2737
1678
-596
-2592
-6027
-7093
-11142
-12371
-6124
-8344
-14951
-15477
-14977
-13732
-10462
-13535
-9158
-7832
-7858
-5989
-7197
-6151
-7567
-7775
-5446
-2217
-1098
1803
-1378
3482
6587
8423
10180
11373
14413
11043
15284
16628
11866
13879
16410
15229
13698
10105
9732
9064
7443
7662
6666
5149
4303
3305
1545
5484
4260
3323
1724
-292
-1747
-2462
-4371
-5366
-6887
-9734
-7402
-7824
-8782
-10556
-9286
-13722
-11681
-5368
-10701
-3811
-4162
-6433
-2821
-7033
-6935
-7469
-71
-1170
363
908
2538
-915
-94
-1812
2547
8929
5945
8611
12294
9367
8479
11401
12197
14331
15393
13809
13535
13276
12681
11529
10484
9384
8353
6821
5631
3502
2878
2878
-1820
319
104
-3516
-4118
-6219
-7499
-7914
-8081
-9298
-8686
-9297
-6427
-5389
-7149
-1162
-3250
-4573
-2020
-3344
-477
-1319
-2403
-3551
-4378
-3240
-2948
-2793
-4759
-2726
-2843
423
2754
-1306
4190
6467
6778
6771
10439
9711
6522
11481
11459
9685
7970
7977
7653
6829
5915
8023
8200
6331
5054
2420
1293
-324
65
-1837
-3819
-4519
-657
-144
-1274
-959
-5579
-5361
-5293
-4641
-3025
-1375
-3713
-5527
1335
-5057
-6497
4569
2392
5828
4039
4596
2747
-788
1697
1918
145
-130
-8376
-6547
-4359
-4560
-2596
-6112
-4015
4908
3869
3821
3200
4320
7074
3591
3129
3296
4208
3997
3890
3528
5063
5670
6823
7445
6402
6953
4904
3548
2759
2283
1944
-123
-387
-896
-1007
828
-663
-662
-501
699
384
-321
5245
-1091
2094
4183
-2014
3107
1335
-1056
-3130
1338
380
1281
-964
-6963
-5730
-8186
-7611
-6674
-7404
-2834
-273
-6499
-3585
-1854
-2625
-6253
-3410
2285
186
-361
3955
7081
7653
7710
8874
10918
9256
9978
10749
8774
9529
6935
6066
8084
3549
2711
1532
830
107
-1037
-1703
-1524
-1452
-1400
1120
-1165
2142
1147
-257
3364
-397
867
773
-110
-3269
-6527
-5199
-5668
-2535
-4224
-7161
-6843
-5920
-5352
-6426
-7373
-5675
-5102
-811
-1585
-5925
-1780
-99
2903
1816
2689
5894
4651
5718
8890
10287
9701
8124
6309
6861
12747
11201
10848
8744
7622
6542
5898
6512
5157
4374
3401
261
-1936
-2684
-3388
-2549
-3689
-625
366
-6561
-1336
-6134
-4131
5905
1159
1320
-6487
-4508
-1716
-2072
-1146
189
-919
-78
-2089
-2277
-4110
-3822
-4692
-6072
-1787
-779
-1941
-5452
-1668
2476
3813
1831
4513
6385
7462
7944
7220
10816
10501
12694
13037
10959
10024
8403
5937
4458
2594
642
818
208
-1472
-1766
-2424
-2971
-2856
-743
174
-1318
2375
-1927
-1600
3407
1196
2606
2819
1464
-1462
-2059
-1475
123
257
-1466
-1199
-1891
-1395
-1840
-1952
-1198
-1718
-4561
-4591
-2497
-8138
-4741
-3448
-6785
-4232
-3270
-1153
-597
-772
1480
4171
1034
558
2703
5472
4525
6457
7784
6512
6868
4896
3554
6259
2983
1376
745
-557
206
324
-5968
-4440
-936
2172
-4434
-1906
2971
-1133
1489
1910
8387
5431
6139
6890
731
2119
1062
2598
2205
250
-390
-711
-1060
-4567
-5484
-5297
-7137
-10969
-11026
-10024
-10275
-5924
-12344
-8921
-1794
-1683
1811
-16
342
4496
5929
3131
5040
5573
6478
6672
5107
4658
1885
801
1162
217
108
1267
-60
1424
1766
1996
3222
7409
6532
2272
5678
8427
7773
6623
7442
5984
3811
3691
4468
3767
4731
4708
1950
2643
2842
1435
-583
-1479
-3952
-4126
-3739
-7841
-6658
-5186
-3250
-2608
30
-818
-967
-1913
16
3209
78
2565
4183
4589
4366
4819
4493
3879
4550
2413
1292
1218
2079
1709
2308
1189
-494
389
-119
-212
-1316
-2572
-3927
-2359
-174
2783
1188
173
5313
1160
3237
6606
5242
4886
3725
3648
2691
1980
179
-1108
-408
-2797
-2885
-5912
-5799
-3948
-6894
-4223
-6574
-4152
-2019
18
2152
1187
1742
31
838
2857
4568
5854
7525
4813
8649
9446
7699
6654
7541
8603
5195
5355
3955
2116
856
630
-1551
-1214
-792
-2624
-2503
-144
-2418
607
2615
-4848
826
2413
540
3246
2985
468
-127
-2347
-2731
-2527
-4990
-5533
-9682
-2931
-3341
-5550
-4603
-5943
-12976
-10520
-12977
-8409
-8998
-6724
485
391
4598
4659
4213
1700
5117
5370
7549
9457
6178
8759
8362
9860
9821
6440
6825
6304
4227
2905
535
-684
-17
-166
3951
2167
-2964
-3496
-3769
-3238
-2769
3473
-537
-1261
3548
1215
1621
-103
-2218
-5084
394
2241
-154
649
1438
-271
-1620
-2086
-3825
-3309
-6531
-7992
-8492
-7418
-8127
-4963
-2443
-7210
-3023
-316
-15
1378
759
-120
1267
8962
1709
6673
7842
3072
5329
6151
9680
10288
8662
9470
1845
2043
2389
1907
2587
2310
1066
595
-1857
-1578
-850
1101
-863
-2571
6034
2147
2275
5631
4333
3656
3952
3969
3222
3214
1835
2107
-678
-1748
-3796
-4703
-4267
-5537
-5928
-5276
-4972
-5457
-5836
-5945
-3205
-4864
-5990
-1698
-1230
5139
-36
-2841
471
2076
2217
6857
7405
8208
6535
7600
9366
7537
6728
4438
4020
2508
1493
764
-3152
-4594
-4176
-4556
-4467
-1951
618
-1507
-4736
1351
1658
3421
5744
686
1194
1522
2843
3260
2924
4184
4793
5289
4023
2571
1482
-798
-2323
-2189
-4617
-4184
-4513
-7260
-6906
-8546
-4756
-7821
-7545
-4308
-3721
628
-2013
-2936
3454
1933
-1455
2508
1636
4872
5112
1349
1462
3650
4479
4947
2327
-2526
3228
2868
3009
-857
1100
5935
4927
8684
5061
991
6890
4102
4602
3070
3831
3077
3494
2573
-174
6414
5215
4536
-770
617
11
-2281
-3328
-5338
-4389
-4702
-5077
-6047
-7702
-8667
-9446
-9558
-10658
-11242
-9518
-3336
315
2313
342
-3682
-2536
-4251
3633
3385
6020
6224
6557
4810
5713
7441
4367
5583
6101
6008
6418
4046
2983
2593
1304
4435
4051
934
-488
6488
3290
2721
6422
4330
7257
4351
3038
2968
4212
3899
3811
3464
1111
182
-1416
-801
-2273
-5727
-5018
-5224
-7139
-6572
-5958
-7037
-7137
-6145
-6189
-8322
-10420
-1819
649
3423
5013
-264
-17
-264
3308
4734
7867
9282
7188
7493
5811
5447
6465
7394
5221
1735
-832
-676
641
-1067
1933
3464
-1804
868
2902
559
1149
5952
6146
6132
5522
3594
2914
3407
2330
3363
2343
1510
-3101
-3016
-2923
-4215
-5041
-3562
-4167
-3172
-5624
-4714
-3981
-5451
-8053
-7273
-4265
-1524
-4166
1272
4142
5393
4881
3155
2759
5126
6430
6303
7548
7819
6908
6842
5951
3668
3285
4225
4269
2614
3719
1425
513
2828
4432
-1899
-74
4350
908
-429
79
-1874
-3590
1662
1044
-1073
-13
304
4626
5664
651
-1219
-1454
4057
2772
4608
3971
-5357
-4460
-5437
-5408
-5354
-1671
-1499
-6924
-8793
-1016
169
-10423
-5050
-73
1845
3675
1542
3920
1454
4820
6143
5170
6221
3745
4234
3520
521
2505
3103
2564
2128
1462
2238
4226
3698
-1387
3832
2237
4970
3402
6407
7699
6491
9874
7932
4697
4558
7345
5938
4737
5021
2856
2752
3118
4305
2937
1465
2341
396
-694
-1219
-3208
-4915
-7080
-6375
-7934
-9611
-8075
-7491
-13277
-9040
-5760
-6441
-2290
-8371
-8065
-4352
-1622
1094
286
-1612
-1946
-70
2727
1383
-580
1928
1688
-157
-1138
3799
1140
-1200
4940
4194
7909
11342
8834
9150
8308
8247
7639
7790
6981
6911
7574
5185
4983
5127
5488
4594
4718
3195
1036
-1211
-2888
-3226
-6667
-8218
-10093
-7586
-8499
-13813
-14581
-14284
-12436
-12713
-13137
-11259
-7510
-6424
-5630
-8251
-6166
-4734
-4616
-100
990
1769
1436
1528
3367
1830
2894
10267
8699
11037
9929
4790
11727
11451
11454
12258
10436
9600
6059
9150
8849
7208
7119
4105
5811
6531
5730
6534
7528
6649
5533
3802
1248
230
-2384
-3443
-3710
-6498
-7154
-9339
-9142
-14668
-15766
-17652
-12736
-9809
-10619
-10269
-9696
-6870
-6307
-292
-1974
-1529
200
-2719
3274
4274
5018
4878
6305
6625
7047
8596
8613
9809
16644
11950
11696
15484
13552
13815
11262
13995
13754
11605
11223
10902
9724
6056
5701
6091
7931
5976
6022
3954
2801
924
-1517
-2923
-6354
-4605
-8153
-7988
-10109
-11331
-10989
-12342
-12995
-16166
-14455
-14427
-12428
-12000
-8996
-6505
-9676
-7538
-2416
-2083
-1022
1442
1508
3438
5958
6686
9025
8065
6767
7750
7510
10827
13099
8853
9858
15487
8945
8687
9904
8563
5444
4850
7437
6030
6776
4148
4289
1652
2059
722
-2736
913
-689
1070
-771
-6478
-5816
-5704
-5577
-5011
-4099
-6323
-9078
-9355
-2734
-5001
-5257
-7348
-7006
-5520
-10953
-8129
-6267
-5057
-6930
-4622
-3630
-2121
-830
-6034
-3193
1545
3090
3657
4076
6605
6109
7536
7794
10983
8387
5972
13645
7942
9342
12200
8233
7198
5263
6205
6320
6573
7157
4958
2928
3076
4696
3611
1363
1229
798
-1641
-2102
-1999
3862
2995
-4212
2370
1868
877
-69
-6451
-5318
-5579
-7689
-2948
-9995
-13174
-5863
-5102
-5295
-2719
-7196
-4056
471
-1008
-1558
-1915
-3447
2221
3182
2948
3112
3626
3186
3664
4529
-1590
4415
8073
5629
11290
9184
8648
7980
7772
8094
5564
6420
5214
4971
3951
5062
7502
4939
4613
7407
6374
5109
4114
2712
2232
706
-1278
-1622
-1797
-1195
-2157
-4935
-4855
-5949
-7812
-11149
-12290
-7343
-10548
-13649
-15272
-12086
-8054
-12523
-7867
-6510
-3274
-2845
-6073
-4959
-3664
-86
-1416
1634
2906
3100
8481
3171
8493
10670
7622
12695
13488
13970
10777
13189
12230
12269
12790
10873
12459
12026
9817
9050
8921
5869
4558
8489
7425
7875
6539
4900
4819
3057
2458
-3191
-4370
-3259
-5301
-6426
-7699
-8884
-9794
-11379
-13818
-16021
-16496
-17475
-14610
-12564
-11715
-16749
-15483
-6269
-6462
-3337
-6197
-4528
179
1191
-2382
3625
9287
6495
8301
11094
8506
12154
12266
13884
12462
12180
12553
12984
13525
12576
14563
12703
12169
9060
9544
10719
7971
7103
4933
4109
3798
3119
3537
4292
3498
1124
194
-518
-2297
-3815
-5811
-5912
-7877
-8919
-10907
-11639
-13957
-13540
-13347
-14733
-13454
-11522
-8730
-11217
-8962
-6285
-4353
-2550
-4054
-2444
872
2972
5831
10297
12248
8497
11257
14784
13303
15558
13651
12649
14045
14615
14459
12438
9959
8301
13853
13455
11949
11079
10338
9335
7183
6181
4953
-2228
-1525
-2011
-2760
-6174
-1217
-225
-2374
-3313
-3585
-3648
-4473
-9498
-10160
-10478
-9383
-10111
-10081
-12526
-13997
-15986
-16949
-13994
-9708
-13837
-10378
-9049
-7277
-1794
-5059
-3085
-1421
2939
9677
8020
9275
13657
8976
13548
14186
15490
13675
14673
18956
14401
13009
11357
12276
10326
8801
5286
6289
3012
2514
4058
2765
2661
-677
-407
-2410
-1207
-2374
-3795
-4281
1232
-1391
164
-4565
-8158
-2569
-9154
-9544
-11652
-12190
-12026
-10901
-10507
-11443
-11419
-10908
-11019
-7259
-9508
-8222
-4552
-4615
-3445
-4358
-5055
-5172
5916
8154
4492
13598
13577
10992
14552
14354
9313
7663
10274
9328
6691
7125
7192
6114
5547
11476
5624
5630
6667
4875
6136
5309
3835
6412
4829
5196
4984
5333
3080
1220
912
911
-1040
-4626
-5388
-6846
-7403
-8386
-8550
-9747
-11094
-12747
-13437
-12995
-11657
-11435
-13373
-12265
-15993
-14097
-11187
-9938
-7053
-5581
-4636
-3120
-1305
64
6754
5227
8271
12831
11444
13179
13607
13602
14606
17313
14205
16631
13355
14685
12139
8180
7843
7429
7296
6817
7194
7964
7924
7256
5489
3995
4192
1632
966
-806
-1403
-3005
-4603
-3144
-4689
-4453
-6409
-7453
-6692
-8730
-8870
-12198
-14212
-15694
-18664
-11896
-15584
-12824
-12898
-18510
-14128
-10511
-6936
-6247
-3915
-4173
-1138
5580
12195
11473
17198
13587
16530
16742
16720
17412
17017
21393
12623
16007
13429
12179
10139
9628
8058
6776
8127
6650
7014
3465
2455
1459
575
139
297
-606
-3607
-576
-6583
-4774
-6718
-6054
-7031
-9563
-10784
-12280
-12191
-13548
-14226
-13320
-16712
-19270
-16328
-12986
-13220
-12113
-8856
-10884
-6071
-4375
1291
8320
-2671
4435
9834
11220
13710
14272
18769
15989
18691
19044
19191
14338
13070
14896
12174
11025
9244
10949
10522
9989
7984
7390
7944
5721
6124
5168
4178
2838
791
5
-1519
-537
-2794
-3670
-3620
-5568
-3235
-5902
-7091
-5801
-6332
-8600
-9436
-11150
-11922
-10375
-11892
-10133
-13440
-12783
-11067
-11797
-8377
-10123
-7909
-4193
2119
-506
-357
4758
5184
7880
8874
10656
11021
10862
17163
15714
15998
15208
13531
15513
9149
11084
10859
7358
5187
10646
7787
6479
5012
4015
5292
3652
2404
2990
-1963
-2881
-2983
-2197
-4390
952
506
195
-2176
-1300
207
-7982
-5746
-4283
-4765
-5422
-6788
-9409
-9459
-11699
-13931
-15536
-14139
-11365
-9230
-9154
-5465
134
-3915
4417
5152
2491
6194
3614
4594
4617
8495
13151
12600
9906
12189
12304
11745
12457
11647
12014
7282
10758
9812
5840
7078
5306
6017
7382
6086
5701
6014
5601
7296
4425
3598
3875
3279
3694
2906
2389
1352
1155
756
-903
-1940
-4412
-7321
-10590
-12454
-12340
-14644
-11047
-10873
-17594
-17270
-16212
-13713
-13435
-11896
-7362
-4664
3670
2031
22
3453
-206
2339
7581
7639
9242
13795
12508
8449
6800
11829
12768
15222
14669
13409
12050
7538
9012
10154
9774
9279
8147
4864
11056
10713
8573
9018
7979
5319
1547
1788
1999
2883
982
-144
-2121
-4228
-6472
-8408
-10996
-13146
-15233
-16501
-16561
-17403
-16612
-14285
-14210
-16608
-15794
-10284
-12015
-16477
-10007
-7566
-4512
-1530
-6296
458
2634
4061
8911
8656
9286
11963
15615
14369
16412
14365
16414
19110
18601
18063
15259
15657
14455
13619
11546
10977
8927
8340
7668
7547
7153
5889
5978
3542
3520
1249
-1819
-4736
-6471
-8496
-10144
-10372
-11535
-11754
-14081
-14560
-15249
-17456
-18470
-20127
-22101
-14904
-14635
-15084
-13822
-8242
-9228
-8659
-5975
-5184
4541
5189
2703
5492
5408
15497
16532
17675
17945
20235
15101
16794
19446
18814
19393
20168
18279
16178
14974
12482
10459
8494
7767
7510
6567
6553
4789
3932
2789
1110
-324
-2326
-1572
-3502
-5028
-8745
-10000
-10898
-14010
-11064
-11947
-13129
-12688
-12285
-13721
-15412
-14400
-15104
-15978
-12969
-14184
-12834
-7686
-12240
-5425
-2895
-3164
3738
4844
6380
3469
7933
12474
12622
15940
15308
17013
17582
17689
17663
15683
17886
15264
14404
12755
10132
9338
7090
8711
8766
7487
6766
4963
1814
529
-600
-1942
-5470
-5951
-6361
-8423
-8196
-7265
-6375
-7521
-10006
-11251
-8908
-5095
-5744
-6793
-6809
-6994
-8950
-6846
-9049
-9374
-12953
-13013
-9774
-7650
-7361
-1453
-4245
-4950
6413
8242
9588
7809
10705
12361
13949
15581
16199
16025
16102
15514
15385
15290
13535
14540
12739
10567
9544
10587
4395
2607
2282
905
-166
-1429
1203
-29
-358
1714
452
1389
-427
1614
-3
-1780
-1792
-3578
-2774
-4138
-4749
-5404
-5783
-6721
-8138
-7668
-7565
-9667
-10599
-10434
-9836
-10325
-14950
-7783
-6536
-8055
-2870
-6131
-3587
258
5266
4533
4374
8239
6053
8956
7540
7788
11293
10118
10797
10546
10377
8238
6482
5132
8043
9029
8728
1215
2976
2693
3336
4113
3901
5157
4894
5686
5390
3708
2256
2426
258
-1142
-660
-3557
-3493
-4791
-4412
-5178
-7800
-5780
-6583
-7533
-8461
-7056
-9357
-4908
-7799
-10791
-5261
-8217
-4546
-2148
-2538
-6144
-5700
-2387
1456
4757
6563
2932
2062
8268
8899
10867
11913
11389
11298
11376
9478
8250
7425
7236
8428
8168
13100
7520
8497
8701
8612
7382
6269
5382
3643
3549
1565
44
425
-1156
-2475
-4149
-3733
-3699
-4372
-6558
-8732
-10964
-11489
-12257
-14553
-13141
-12678
-11656
-10679
-7811
-11039
-10250
-5742
-7329
-5159
-6674
-5345
-7859
-6182
-2574
641
3471
3068
6033
2933
5820
6163
13151
15037
14579
15049
15038
15292
14003
14559
13342
14207
13805
7100
6989
5560
5498
4741
2852
2992
2371
2300
185
-1119
-1276
-2031
-1393
-3082
-3355
-3529
-5982
-9130
-8306
-10376
-11903
-11526
-10817
-11906
-10203
-9627
-8578
-5753
-12069
-6244
-6948
-7193
-4913
-7123
-6111
-6469
-4672
-3664
830
948
6503
5805
5083
5857
5608
7890
7367
9089
10712
11573
10929
12043
9692
8454
7599
6560
12547
10809
10921
9430
7498
8188
6040
1875
1422
690
303
-2944
-2438
-5607
-4225
-4691
-7903
-7502
-8559
-6495
-5937
-6278
-6822
-7060
-4932
-5221
-6043
-385
-4462
-7181
-1422
-3663
-2907
-2920
-5643
-5510
-6260
-6428
-912
-2803
-1588
3323
3753
7763
8582
5453
4515
9954
8787
10281
9355
8254
9356
9372
9811
6475
6033
5883
4859
4910
5180
3864
2764
1770
2794
246
-1228
-342
-1189
-887
-370
688
-38
-279
56
-562
-2620
-5316
-3447
-4829
-6825
-7512
-10828
-4203
-1549
-4245
-7068
-1960
-3597
-7848
-6936
-6741
-4924
-8711
-5355
-6400
-2721
-3130
-1462
989
2456
4018
5645
8591
2519
10059
10424
8364
8980
6775
6129
4410
7346
8059
8660
10287
10117
9544
9759
9108
7267
7062
6790
4873
3789
863
-205
55
-565
-987
-760
-1030
-2125
-1695
-999
-2991
-4428
-5748
-4991
-6061
-5435
-680
-7808
-3582
-2552
-7446
-5828
-6925
-6525
-9972
-7576
-7942
-7071
-8077
-6329
-304
-4174
-505
1036
1614
4405
4625
3362
1651
4558
6451
7544
8263
8624
8237
8894
8772
10800
10458
8539
7383
5852
6414
5555
11040
2256
2020
2059
2223
1654
-268
-1157
-3075
-5537
-1039
-2241
-3195
-3516
-6064
-5880
-11230
-9284
-10172
-7510
-5724
-8113
-3130
-7011
-6298
-5347
-5983
-6763
-6889
-5113
-6335
-2496
-3435
-7194
-3930
-3173
-6362
-410
2215
1550
6110
7509
4758
8600
10147
9716
14343
15920
15735
15745
15095
14188
13288
12415
12892
10673
8504
8646
6137
4339
2486
-369
162
-1093
-2670
-2438
-5337
-6571
-5784
-6636
-7417
-8143
-8622
-6755
-8900
-7157
-5124
-12663
-8771
-5029
-6443
-4646
-5906
-4532
-6437
-5922
-3213
-3106
-2386
-3282
-3655
-7132
-3686
-2196
-4933
-125
2827
6218
7706
7546
7704
9424
12348
11757
10399
10798
9727
10510
9153
6378
11489
9327
8836
7683
2247
1807
1243
770
-2426
-2945
-3900
-4936
-7224
-3246
-2784
-5174
-11464
-11936
-11642
-11298
-10722
-8978
-6973
-4496
-4972
-5618
-28
-487
-872
2361
410
290
-381
-164
2178
1948
1789
1030
1210
1862
179
2627
-342
856
1777
2550
7134
5844
2061
4754
6907
7069
11653
9740
9307
8223
7690
7562
8731
5304
4089
1685
4141
4405
3193
1672
1002
2365
-913
-1421
-1141
-1140
-2473
-2149
-1916
-1570
-587
891
890
3379
2820
-590
7786
4735
6465
2827
-320
2133
286
3536
2413
1004
1918
-354
-1698
-1473
-3825
-3963
-6056
-1934
-3088
-7439
-1069
-2407
-172
1333
-837
-2043
1012
2841
3453
5961
4416
3629
3192
4105
4150
2968
2911
2739
1581
338
921
392
-1117
-1453
-896
44
-1162
421
1275
552
1453
1089
1137
-481
3458
1603
-1734
3378
3765
2964
4737
5370
3778
3021
1811
2680
640
310
-234
-2443
-3001
-2095
-4477
-4848
-7351
-5191
-3990
-10663
-5493
-2764
-693
-1164
3065
1710
1212
5466
3675
6788
6584
6087
6098
6933
7109
8116
8827
8942
9688
9850
10369
10563
6733
5043
5127
2887
2725
102
494
-451
-524
-2718
-3092
2507
264
1576
8415
3197
3147
3485
2418
2870
-739
-4368
-5993
-940
-5826
-10574
-9984
-9619
-8899
-10607
-10495
-7981
-10200
-12421
-10611
-7682
-3528
-1158
-327
3401
3630
-1854
-1337
3522
3943
8095
9183
7710
8114
14369
7558
12117
12189
12335
11661
9808
7522
7413
1848
860
1323
-419
-1005
-1428
-1080
-1302
-3272
-6389
-732
-4575
-4674
135
-1155
1136
-1097
1010
-2296
-1550
-4158
-1800
175
-4152
-2372
-5377
-4904
-4366
-5349
-5143
-5933
-3614
-2670
-7228
-1872
-1509
-3507
610
2410
6432
6888
6762
3792
4691
7175
6197
7422
14015
14616
13172
12390
13002
6574
7840
8354
7598
6983
5874
4497
3993
1817
1173
-919
-1470
-2081
-2503
-3735
-143
-1766
-8032
817
-1369
-3422
-2196
-3678
-3533
-2130
-1200
-1732
1162
1893
1435
1715
3601
921
-301
-35
-2525
-2765
-6934
-8456
-6613
-4632
-867
-5377
-1129
1836
679
4448
4003
6367
3507
930
4060
5212
6195
7060
5718
2979
8844
7264
7131
1084
714
11
-3181
-2606
-8124
-2059
178
-9267
-8854
-7586
-6346
-1885
-4229
-4003
3939
2433
3632
5695
5492
2877
2865
6349
6690
6140
6654
6042
2221
2647
383
-1854
-1997
-4129
-4297
-4281
-3815
-1971
-2391
-4164
-1254
-1656
-1858
-894
-664
2281
1200
2404
662
161
4370
4539
4984
5242
4630
18
4330
5509
3872
3433
2445
1380
986
-4751
-3712
-2775
-3181
-4881
-3014
-303
2225
-616
-983
3481
3479
6758
5064
5352
6677
4852
7352
5289
3952
4659
4164
1273
-495
3810
3298
2572
237
224
-650
-3395
-3556
-4109
-10061
-11294
-8413
-6180
-14339
-8623
-9945
-730
-170
-132
3968
-2494
4010
952
3268
5979
5763
7271
5727
104
-317
1125
2518
1838
2307
3188
2969
4239
3495
2267
4845
8267
2187
4404
8199
7687
10125
7169
6946
6347
7246
9807
7322
7405
5510
3157
2152
893
-438
-621
-2621
-3358
-5215
-9347
-3733
-5653
-5083
-7181
-5848
-12407
-9144
-11112
-11525
-9884
-5815
-2239
321
1193
2624
1658
4163
3265
3023
5812
6896
7706
8345
9693
7832
7863
7857
6069
7152
6386
3370
4951
1120
5576
6277
-1406
6026
7131
6969
11290
6150
7480
7495
7095
8973
5957
7707
3880
4360
1931
1582
902
-3375
-669
-4052
-4536
-6364
-5481
-4654
-5633
-4778
-6867
-7107
-7744
-6814
-8538
-6460
-11465
-5679
-24
-963
3383
-2336
405
-816
-53
5696
6736
7504
8992
9157
7869
6272
4850
4306
2203
1603
1139
1763
1517
5800
7892
1778
2050
4037
2944
6833
7982
7766
5929
5635
-466
2347
3165
5307
6313
4169
3416
1880
78
-2081
-3343
-4080
-267
-53
-305
-48
-1103
-8992
-7916
-7839
-9767
-9889
-9246
-10240
-9654
-11361
-7092
-4659
-3427
-174
-2559
1409
1470
1385
2395
1762
2064
3242
4410
489
1140
469
-538
-428
30
-2025
2726
4977
-2012
5149
5126
4432
6449
5708
6557
5114
5595
4868
4429
3278
3800
8728
8109
8444
7617
6650
4609
3794
-2477
-1808
-2579
-3277
-3235
-4404
-5804
-5211
-5228
-6282
-4698
-8116
-7645
-8986
-5859
-6269
-7357
-4140
-3733
542
129
724
-1387
-1054
-232
1300
1092
1597
2110
4249
6349
3137
1321
-901
-1791
8859
9037
7220
7356
8467
12375
10603
10506
11279
11571
5152
6871
7252
7660
6878
7244
6947
5030
4592
3733
4688
2867
3985
2309
120
1134
-385
-1524
-4213
-4773
-6109
-9770
-10528
-8030
-7395
-9869
-14781
-13178
-10022
-11735
-10167
-4662
-6475
137
716
-2311
-5416
324
2009
3211
5206
4371
5741
4114
4998
7262
5650
10371
10812
6223
11176
9267
12749
11379
10841
12399
9873
11151
8178
9183
7538
8190
8442
6057
5585
4523
4894
1776
865
-197
-3524
-5735
-6528
-1852
-2552
-2213
-6153
-5861
-6898
-13167
-11296
-12405
-10496
-11483
-13659
-11564
-10179
-10071
-11287
-10486
-5556
-1604
-2351
-641
-2235
-3112
4198
3916
5576
6362
3432
3303
4386
5545
8810
12998
6104
11408
13826
9700
13924
12101
10273
8527
9582
7834
6945
6400
7908
8255
4874
3659
2843
2238
1564
1022
-701
-1656
-4342
-6167
-6549
-5701
-7347
-3577
-3549
-5922
-4887
-5040
-4680
-11912
-10466
-8005
-8913
-7929
-10046
-2257
-4857
-6811
-3440
-4049
-2375
-2016
537
297
5175
3758
8743
8080
7634
6586
7473
12287
9806
7549
13031
12036
10125
12784
5266
3295
4402
5727
6276
7468
6491
8897
7789
7334
5757
5505
3191
940
838
294
-671
-1235
-411
-182
963
540
1138
-1133
-2896
-3520
-4304
-5348
-6532
-7026
-2778
-3162
-4525
-5677
-6771
-7067
-4100
-6855
-3812
-2239
-4556
323
-644
-1741
568
280
2448
-255
-618
1155
4925
3926
3780
10475
8640
7402
8327
7371
4602
6732
11220
9484
9599
8256
10225
9992
8347
8083
7955
9687
8940
8046
7906
6055
8253
6520
3808
7064
4815
3338
1810
756
1604
788
-854
-2791
-1991
-2304
-3252
-2667
-4845
-7105
-10152
-12825
-10547
-11987
-14753
-12922
-12224
-11834
-7562
-7535
-5813
-1978
-3312
-864
-1418
1036
2791
1291
5004
3476
9030
9780
6993
10666
8516
10799
13529
12882
12576
14391
13176
13277
14618
11748
12736
12609
10616
11421
10283
8490
8609
6117
5611
4964
3899
2348
228
-2464
-3464
-4880
-5801
-5913
-8183
-9522
-10679
-11957
-12381
-13376
-16123
-16266
-17034
-15914
-16508
-17651
-16907
-11711
-8659
-11365
-8445
-4592
-2814
-3854
5887
8396
3890
9247
10833
11114
13499
15484
13290
13536
14443
14423
15241
14008
15132
13251
10959
11545
10481
11047
10127
8501
6266
2249
7972
7282
5837
5594
3399
3749
-1952
-3639
-3148
-5332
-7973
-7711
-10161
-13743
-14881
-15768
-12656
-11842
-11104
-12157
-13674
-16864
-16250
-13434
-12768
-14838
-17019
-14041
-7435
-2168
-3533
-495
2565
8587
8891
7150
14864
14903
14904
19564
17456
18294
19198
17346
17023
17106
15984
14488
12587
11359
9524
13876
12924
11856
6420
4261
2797
1172
21
4191
4186
2925
-277
-247
-1280
-3626
-3816
-1957
-4959
-7755
-8796
-8578
-9847
-10103
-11438
-10597
-8221
-10082
-7531
-11947
-11836
-15222
-15509
-11937
-13411
-9935
-2111
1212
-567
548
7725
1996
2668
9527
14866
13877
14050
12194
10547
12091
14019
14552
15893
16570
15831
15394
14009
12996
12275
11629
10021
7463
7552
4974
3217
3231
4871
1668
1
-522
-3006
-5747
-6869
-5629
-8322
-7128
-7411
-2336
-3475
-4181
-4579
-5791
-4596
-5472
-12662
-11964
-12001
-9462
-10740
-13590
-13296
-12481
-11935
-11754
-5372
-5435
1350
-1695
-3839
5771
4430
6162
8775
8468
5510
9145
8130
10815
12917
10291
11415
10703
11190
11628
10336
11998
11430
7676
8707
6061
6067
5000
3587
2077
292
1295
1712
478
2057
2051
184
1386
-1213
-1684
-927
-2083
-3816
-5699
-8968
-8482
-9878
-10253
-9976
-13880
-13309
-13248
-13025
-11986
-13190
-14429
-10053
-11429
-12611
-6987
-3491
-4011
227
2844
2194
6182
9142
8137
11328
10978
11147
17642
13422
14289
13470
13343
14587
13809
12935
12842
12175
9617
8871
8081
8930
7745
7751
6298
5983
4779
1421
4837
4550
5236
4139
2776
2095
575
-682
-5947
-5413
-4323
-5333
-5583
-7012
-7873
-9999
-12207
-10874
-13990
-13955
-14146
-14324
-15441
-16152
-12691
-14549
-12267
-9074
-207
1829
3933
5020
3880
6044
10587
13050
7911
13433
15717
15953
15424
17776
16329
15854
16297
13487
15232
14454
13122
12042
12494
10326
9792
10465
8479
7920
6483
4661
4092
4026
2698
2662
1713
312
-1259
-2019
-3645
-4214
-7001
-8529
-8279
-11398
-10802
-13819
-13905
-13840
-14612
-16027
-14782
-13131
-14118
-14588
-7808
-9884
-12067
-1514
-2284
3086
3340
2120
5777
7916
9995
11052
11437
11434
12624
10956
11759
12432
11696
12116
12721
11636
10733
10711
10538
9507
7761
4670
3024
6819
6603
6173
5616
4611
3845
2926
3064
472
-2351
-720
-4452
-3767
-4647
-4270
-4907
-7243
-12572
-14858
-14793
-15636
-14325
-15376
-14955
-15058
-12813
-13927
-12933
-7588
-9179
-2795
-2264
-3140
-1191
-1471
3907
4291
2158
4396
6565
10530
12376
11455
9507
14649
11990
13059
11662
11419
10628
9601
10190
10104
9473
8506
6373
7488
4340
3781
5296
1446
119
305
720
-1733
-2880
-3214
-2626
-3432
-3493
-3759
-3935
-3651
-4639
-5729
-7869
-8186
-11371
-5913
-8200
-9231
-9248
-6546
-9718
-10284
-4018
-14549
-15762
-7153
-5649
-9455
-3743
-4125
-3226
6772
6695
7530
8446
5561
8389
11485
12942
13110
13619
14706
14410
12758
11855
11768
10292
9907
11184
9474
6187
6784
7114
4826
4557
4351
2853
2085
603
5976
4162
3922
4511
-3510
-2638
-4862
-5696
-5541
-6796
-7455
-7811
-8387
-10825
-11058
-14093
-11307
-9767
-14919
-6855
-12307
-18441
-10849
-9845
-9987
-8509
-9650
-7823
-2097
-574
4079
5833
6755
4323
6115
9301
11382
13008
13042
13486
11611
13041
9888
10990
11734
11041
11940
10343
10547
8851
7523
7864
6899
6202
3630
3140
2374
1681
2163
-282
-1151
-1928
-3367
-3423
-6195
-6770
-7644
-9625
-9206
-11282
-11051
-10752
-10775
-9778
-9802
-13489
-7661
-9087
-15345
-7445
-8495
-10033
-11604
-12514
-6930
-8745
-5272
1682
1220
5583
6815
5342
4676
7566
10296
9847
10454
12750
12598
11884
13725
11335
12096
12595
13755
13801
11470
10332
7539
8075
7977
7606
6988
4580
4016
2928
1335
810
-821
-1864
-2567
-3098
-4972
-5684
-5986
-7506
-8186
-7935
-10097
-12967
-8737
-13115
-9212
-8826
-18995
-10843
-9387
-8545
-7338
-11119
-4808
-4776
-5080
321
-1405
309
4395
5167
6580
9009
6311
10485
13463
13717
17965
16388
16938
16843
17107
14572
12745
11708
10808
9855
7300
7321
4851
4364
4026
3160
1686
-391
-710
-3427
-5314
-6026
-6115
-8758
-8008
-9279
-11380
-10738
-11243
-10084
-10957
-10876
-13219
-11501
-12292
-11207
-6614
-11139
-6531
-1524
-2170
-1531
-3993
-95
-602
28
-915
-395
1606
-2126
4704
5889
7721
10038
6022
6270
12259
11435
12507
12336
10589
10340
13034
14051
6040
12382
11489
5498
4377
2611
3139
1892
989
1106
-1318
-1432
-3231
-2827
-1530
-6218
-5081
-6342
-9238
-7666
-9635
-4466
-4952
-5343
-4575
-6974
-1751
-6243
-3554
-3736
-7537
-3159
-4930
1471
1990
-740
1706
3089
-730
2649
-4518
-6250
270
-4132
-2692
3668
2918
6536
2803
-685
4230
10978
5459
5182
4465
7062
7362
7787
7948
6719
6036
7218
7564
7743
5396
3137
3165
1038
1571
1928
2156
3157
1608
1468
1916
-91
-616
-1469
-3953
-5235
-2719
-4258
-5075
-2307
-2593
1095
57
-3628
2357
1766
-1051
-40
-3778
-2565
-4707
443
1156
-948
927
-7389
-6875
-4535
-5636
-2587
-1248
2056
3210
-2567
-746
2107
1202
-150
3899
2482
6906
8639
7154
2779
4174
5188
5128
4244
5626
7175
6222
5772
4719
3787
2849
1801
1848
5403
4309
5095
2789
847
546
-4225
-5675
-2119
-459
-944
4380
-2149
281
2153
-321
376
-4315
-2365
-1817
-4277
-3702
-4138
-6600
-6861
-7543
-7909
-8761
-9593
-7303
-8396
-5499
-3136
-2012
623
-3434
2306
6659
6284
6361
4784
5147
5408
7576
9223
9223
9924
13568
12875
12282
11398
9855
10154
9011
8459
7085
6163
5047
3225
2146
1137
-197
-2931
-3042
-4792
-4873
-4488
-3681
-2776
-8667
-3182
-929
-2127
-3196
-4720
-4761
-7396
-6583
-7639
-7212
-9757
-4423
-4454
-5257
-13541
-10147
-9095
-7891
-6713
-7968
-1131
-3827
1385
-2522
2589
10680
9330
11428
11397
11865
7543
8917
7950
9868
8829
9419
8900
7634
8362
7020
6286
5592
6333
5684
3800
2251
1750
-410
-940
-731
-2596
-2702
-4603
-6135
-3586
-6991
-9992
-2187
-2260
-5655
-2694
-4436
-6196
-3319
-2012
-4208
-6760
-6052
-5461
-6934
-5905
-5873
-3593
-4468
-2084
-1994
-2245
-367
-2697
1007
1648
3715
-338
-1685
8315
7768
12492
14438
4518
6040
7945
7666
7483
8030
9443
8693
8169
6650
6307
5608
4647
1763
-668
-1336
-3902
-5797
-5244
-7263
-7247
-5232
-5523
-2386
-6576
-2589
1782
-3064
-888
-2331
-949
-899
-3058
-587
-818
1037
3561
1474
2531
2096
2188
2821
-272
-2439
-3619
-3794
-6606
-4949
-5421
-4918
238
2875
3762
3010
2494
4986
6542
6327
7980
7820
9608
8937
7505
7984
8110
6618
4520
4190
1698
-588
-832
-2037
-2161
-3197
-2620
-3956
-3301
-3716
-3415
7535
-2402
-3613
3622
-1354
6963
3105
4360
8287
5361
6580
7160
4241
4289
5629
3387
2420
2056
-4847
-4689
-5088
-6067
-7915
-8210
-7804
-7910
-8400
-7161
-11002
-6316
-2284
-3398
-3118
-4579
-1600
-480
1435
2145
3026
3075
3363
2836
3542
4199
3190
3335
4384
4186
4014
4358
3816
3393
3541
2455
2605
2077
2552
6798
720
2114
8228
5797
6514
6359
5142
6484
7832
7146
5420
5179
4868
3414
3593
2637
1201
682
49
-180
-571
-2389
-4362
-6593
-7898
-7370
-11171
-8036
-10046
-13118
-7366
-6656
-5444
-4983
-1610
620
3363
4598
5846
7406
7563
7784
8209
8128
7654
5795
4752
4899
4457
3893
1343
2397
-1195
765
-2725
2492
2981
-3177
3723
3031
3276
1536
3373
948
1097
5842
5263
6080
5417
305
-2792
-3220
-3991
-2876
-4373
-6233
-1934
-2840
-1882
-4093
-5422
-5940
-5495
-4564
-5449
-5928
-3812
-5347
-3811
-84
1081
3982
2097
5085
5913
5563
8278
8979
10160
4233
2314
3527
5214
4391
5214
3988
2449
2257
3073
2173
4089
1974
5378
5424
-1412
5594
4996
7048
7321
2954
7457
6157
6027
5050
4978
6530
5416
3263
2930
3019
3015
3325
1141
1039
1279
-318
314
-322
528
-678
-2646
-879
-3319
-4483
-4778
-1859
-3827
-4148
-1288
-370
1251
2120
1377
2922
5614
3295
2960
639
1509
-1148
-136
1215
-246
1253
-1017
1585
4260
2690
7797
6787
-1418
7557
7630
5540
8496
4467
2749
1776
909
1102
4584
3638
4260
4235
1879
3116
8641
6731
6237
5967
5269
4217
2236
1084
27
166
-1080
-2320
-9943
-10440
-11599
-10780
-13450
-13960
-9306
-13680
-10500
-8009
-7136
-4129
-6175
-4723
-2343
-1224
728
962
1332
1079
-286
861
-227
151
-414
3370
2502
4258
8818
1729
5410
9650
7963
8660
8804
8057
6356
5149
5918
13482
12447
6282
6772
6451
6997
7832
6742
7102
5315
4492
3579
2031
1862
-1004
-2067
-3668
-5351
-7327
-9183
-10497
-10944
-11352
-11674
-10325
-9306
-7787
-11078
-4067
-6180
-7305
-4430
-5216
-2266
-4193
-1261
-1887
-1111
2441
4208
4839
5454
4630
6534
4995
12867
8118
4413
16171
11743
12741
12808
13689
11448
11372
11008
10721
12074
9110
8777
6928
6393
5808
5111
3659
3046
2059
1303
-1340
-3051
-4362
-5276
-5793
-6507
-7200
-7762
-8046
-9421
-10454
-11566
-12325
-12091
-11634
-12431
-7513
-11013
-11003
-7199
-6573
-2578
-2585
-1486
-3969
409
1048
2841
3406
3410
5971
5930
7013
7552
13686
7322
7517
13674
10351
8590
8355
16254
12324
11856
12998
12833
13477
12122
10753
4520
4837
4059
3204
830
155
-1820
-3301
-2693
-7627
-8062
-8998
-9962
-9622
-9978
-8472
-8669
-8721
-8634
-8561
-8892
-6956
-8361
-7608
-9078
-8276
-5167
-8106
-8205
-7948
-3784
-3214
-6046
1585
3481
4427
6661
7184
8206
10707
6182
13321
13341
9126
15168
13032
13150
13308
15054
13810
11517
10721
4679
6099
10274
4244
3033
4010
1148
-90
-262
-956
-619
-939
-87
-1955
-1793
-1695
409
-2028
-2316
-1953
-4022
-3846
-4024
-5338
-5252
-2952
-3552
-4042
-4403
-4073
-7816
-7734
-8617
-6264
-8678
-10159
-7321
-7975
-3387
-4589
-1167
790
1695
3499
6572
7868
11239
10665
3603
10745
10522
6989
8326
10366
10950
6290
7547
6593
6349
8555
7221
5764
3380
2050
742
503
1041
1311
3426
1069
-171
1830
-1720
-143
-1
-579
2152
2002
1930
-260
433
663
-1960
-3177
-5916
-7791
-10056
-4858
-6170
-7334
-8352
-8861
-8363
-9208
-5948
-7718
-3669
-4934
-4635
-2635
-8399
-3727
-4698
3100
-1921
485
5867
2043
6188
6201
7462
6573
6349
6834
5868
5761
6542
7472
6698
8200
9991
8788
10165
10086
8078
9283
6668
7935
7308
6691
6777
4744
3769
1641
1996
373
17
-818
-1523
-2962
-4133
-4844
-7243
-7972
-9206
-9684
-10718
-12019
-11380
-13443
-11827
-13277
-13609
-11023
-9430
-8061
-10063
-4791
-2507
444
-503
-3260
2970
6356
6392
9170
11991
11322
12952
13659
14280
16533
17181
16413
15650
15343
14705
15540
14402
13793
13009
12133
11830
10191
10378
7791
6362
5077
3040
2277
192
3779
1890
995
-388
-688
-3073
-3593
-4251
-6374
-4963
-8968
-11309
-11342
-12542
-14283
-14145
-12422
-16381
-13993
-14096
-12774
-16750
-11599
-5548
-6718
520
1621
6459
8182
9848
12987
12235
19061
15862
14029
15473
15226
14806
15165
15433
15751
15552
15680
15737
12966
11533
11118
10252
8095
5975
3983
1785
1320
17
-1536
-2149
-2967
-3048
-3483
-5770
-7632
-8613
-9682
-11630
-12759
-13208
-15952
-14796
-14296
-14583
-14979
-15025
-14695
-14531
-12479
-12168
-13256
-9898
-11657
-8987
-5874
-3188
4145
-4130
6332
9114
4132
11429
9189
16654
17817
16205
18726
15803
18634
18992
17439
17212
15844
15040
14307
12666
11416
10982
9021
8223
7758
7130
3527
2533
2209
-1362
-260
-1622
-4205
-5040
-6005
-5466
-6445
-6836
-7122
-8201
-9852
-10763
-5508
-7458
-7346
-8073
-8791
-8943
-17026
-15089
-15879
-13050
-11529
-11423
-5988
-7605
-3552
-2462
786
4518
3435
6069
5701
10148
13960
14735
17210
18879
15823
16440
15975
14057
13343
13049
11387
8148
8790
5889
4469
9531
7132
7385
5794
5989
5598
-916
299
507
2425
2410
3104
1926
539
1119
720
-389
-2509
-3247
-4865
-5394
-7484
-9388
-10149
-11533
-11383
-12983
-15655
-17527
-16881
-11093
-10980
-10040
-10905
-6506
-4567
-6445
2112
5277
3808
3285
3687
10289
11295
12894
15102
15744
15140
15767
15128
13988
13673
12409
12632
13045
12749
11663
10802
10567
10808
11035
10740
3547
4725
4666
5308
4818
3714
3384
1522
-94
-1156
-1380
-3719
-6008
-7629
-8921
-8460
-8705
-8292
-8660
-9895
-9942
-10046
-10124
-12679
-12907
-12959
-11563
-10613
-10929
-5982
-9465
-10236
34
369
1136
1817
4610
6948
4637
9516
12176
13981
14607
16106
16485
15964
15193
15959
17335
16475
16245
14313
13413
12084
10240
8881
8506
7958
5956
5326
4134
2599
3302
2472
2890
1283
-336
-196
-846
-1192
-3067
-3567
-5762
-7681
-8569
-9213
-14141
-15220
-14512
-12144
-12120
-12852
-14590
-11719
-13338
-12613
-13364
-18016
-11754
-9091
-9599
499
3555
5806
4745
10646
8384
9257
14707
16581
17878
18665
19783
17789
19180
17705
16224
16599
15467
14405
12486
5820
6172
6318
5973
6852
4658
3668
2789
666
734
-1694
2327
896
1418
-588
-1222
-8137
-10990
-3782
-11448
-10302
-11544
-11697
-11696
-13186
-13106
-13987
-15217
-13592
-13371
-12047
-6046
-14032
-6863
-3397
-8389
-2434
-4269
116
4201
6295
6129
9369
13488
11149
11539
14267
14229
14638
16205
14914
14154
13315
13105
12075
12054
11044
10247
10223
8831
6548
6109
7568
3746
5125
2801
893
3255
-651
-711
466
346
-951
-1318
-5091
-6495
-8565
-9794
-11122
-12082
-10486
-10357
-10075
-10212
-11819
-10788
-10277
-8173
-924
-6660
-5078
-158
-2821
-429
-1827
452
1751
4355
6256
8127
6474
10585
9526
8368
7215
6528
8970
8433
9083
10675
10132
8792
8595
10436
8823
8927
9106
6833
6617
7588
4879
3136
3035
1814
429
-943
-2203
-2508
-3144
-3200
-1271
-1293
-504
-376
-44
-428
-1919
-3258
-3242
-3866
-3869
-5026
-4409
-7800
-6064
-4654
-12095
-4017
-4068
-6106
-2438
-6558
-3567
-3535
-3636
598
2737
2637
591
4885
3733
3980
8333
7634
9916
12259
12140
10906
11981
10821
8959
10334
9035
7277
5300
4862
5959
4704
6078
5350
4437
3861
4860
6338
7891
6469
4998
5289
3167
3113
2479
714
-1535
-1396
-3034
-5401
-6489
-8221
-9988
-11583
-7770
-4035
-4048
-10447
-6121
-6792
-6480
-4804
-7669
-7602
-5952
-7896
-12119
-8146
-4820
-4777
295
605
-291
-246
405
2603
5468
5860
8757
8546
9418
9412
10418
11984
10726
9573
7588
6890
13676
13067
12457
12041
9496
8911
7996
2583
2238
2331
1845
2216
2295
1839
-194
-2003
-2599
-6401
-8079
-8661
-9489
-11073
-11915
-12243
-10849
-14796
-13961
-11251
-13251
-11497
-13780
-11380
-12031
-12835
-10019
-5526
-7614
-7301
-1233
-692
1853
-560
3116
5736
10584
9936
13205
18948
19316
17990
15874
16840
10974
11702
12004
10489
9913
8545
6619
5686
10419
7969
8229
6994
5749
4691
3484
3174
52
-986
-2010
-3441
-9869
-11813
-12255
-12985
-13599
-13868
-15364
-12823
-10985
-8330
-13217
-15238
-7555
-9343
-6419
-5183
-6506
-1711
-4237
-1598
-3516
-1275
3341
-1172
4530
4345
5243
4377
6267
8449
6946
10113
12482
15079
15248
15947
14094
12832
11332
10130
8843
7973
7836
6409
5542
4274
2787
1340
466
-462
-2335
-2779
-5319
-5395
-7234
-9692
-8043
-9543
-10976
-11603
-11650
-11434
-9556
-10458
-9660
-1735
-4652
-6737
334
-2425
-885
-92
-1872
721
641
2458
-320
-473
-3025
-2705
2515
-2034
-19
3936
4508
4017
5545
8115
4778
8019
10372
10679
15066
14777
14010
12171
10272
9209
7483
5903
3611
1127
6151
3570
3366
3384
342
13
-2180
-7745
-7747
-8869
-6992
-8419
-8141
-7231
-8208
-5897
-3966
-3200
-6041
-3270
1441
-4460
-3153
2136
2350
3572
2551
3135
3485
1039
1399
1202
1568
-52
-423
-1469
1190
3114
-1049
4150
5285
5271
4061
5071
7951
6102
8121
9338
10417
12184
8805
5548
9369
5972
5055
5126
4187
4397
3125
3698
2577
2652
2587
3292
1029
1297
-43
-500
737
-452
-406
-1258
-1410
-19
-1655
-2726
1949
-6412
-7077
7615
3056
5003
2590
2628
2615
559
2779
547
-59
-1471
204
-1364
-1761
-3853
-3294
-573
-1437
-783
707
-345
-6011
3537
-505
-1286
2455
1257
4230
4327
3987
1902
7645
8422
3271
6282
6538
6577
7683
7677
7740
6111
7798
6651
3663
2813
1011
-68
-2317
-2929
-2350
-3539
-1320
-2796
657
2824
-4682
500
3209
748
2221
2067
-907
-2343
-2126
-2297
-2732
-3388
-3525
-4886
-5873
-5311
-5515
-7481
-6197
-5170
-5408
-3905
-1334
-4014
-366
4214
-194
853
3884
5348
7705
11334
10392
10164
9806
10008
10410
9526
11447
8067
6539
5338
2681
1618
1002
827
-700
145
-845
-1685
-1726
-3861
-1697
-1109
-1337
2249
-622
-4107
2840
1370
-2309
2547
-2114
-1197
761
-1063
-1992
-3864
-4032
-6425
-6075
-7797
-6828
-6678
-8664
-9939
-9224
-8319
-11082
-6451
3367
2277
3192
4872
7651
6589
8541
10154
2436
10019
10882
9380
10508
9836
8311
7001
6945
4887
5542
5457
4782
2823
-320
-2369
-1268
-2365
-4587
-4827
-4024
-6919
-6912
-4461
-2203
-1753
-5618
-889
-4961
-5232
-2533
-5870
1233
1730
2507
1309
-4853
-4726
-3787
-3813
-4851
-5811
-5284
-5146
-3819
-3998
-6996
-3087
-5357
-7301
-1857
-618
-1944
-618
5313
5657
8407
6441
9901
11665
13238
12193
10736
11295
9108
10597
6915
6739
5807
5633
2963
2025
2069
43
2680
-387
-1800
-39
-1809
-7206
-2520
-3324
-2363
1895
4247
3437
5065
6131
6588
7141
5414
5157
4206
4796
4155
2366
1143
532
1046
-1274
-535
-479
-2994
-2011
-3672
-3884
-1202
-3414
-4396
1800
1506
1780
4391
2184
4460
6369
7607
9623
8613
8613
9265
6409
6406
4760
3897
1180
-1651
-2488
951
2510
873
1524
617
1105
2006
2516
-2677
-187
-3446
-3239
3964
-1072
2406
2637
3087
4296
2785
2793
1415
2647
2204
3002
622
-825
-2150
-2890
-3810
-5395
-6352
-6355
-7412
-7756
-8585
-8753
-6683
-6316
-7944
-7978
-2575
-6564
-2813
2080
-2251
148
1184
3826
3570
6149
6393
5224
7035
5299
5706
4555
2835
3349
3486
2072
3946
1237
2119
2182
5826
8257
1104
4955
6044
4825
5856
7251
7292
7298
5668
5438
5047
2812
4013
4079
2501
52
1729
-860
-31
-1716
-3462
-2156
-5470
-4043
-6754
-7411
-7843
-8684
-10123
-10017
-10619
-10009
-6944
-8677
-3524
-476
-1373
-569
-604
2166
5798
6146
6181
6320
6695
6161
4839
5029
4154
2545
2864
2762
2052
3618
-516
3288
7678
688
4715
7436
5875
4452
5810
4505
4491
4917
-829
-710
4197
5148
4202
2840
2929
256
2203
1326
-10
-826
-4865
-4908
-5144
-6439
-5632
-5153
-4667
-4765
-5180
-2645
-3958
-1938
1545
-1517
2594
1826
-614
1652
6172
4952
7057
6191
3043
4276
5610
5007
4728
2633
91
1454
1356
2926
1534
3859
9133
1800
1537
7344
5877
6316
3514
4756
7047
5642
6833
5286
6223
6776
5634
4944
4156
2889
895
1992
1749
220
832
409
-230
-632
-1127
6
-752
-2690
-3175
-2397
-3869
-1807
-2426
-6512
-1150
-1852
279
4654
2382
2889
3484
3427
4328
4744
2835
2214
887
2020
1135
-11
-500
-520
2462
-1107
3860
5697
733
938
3392
6896
7183
4147
5383
8404
5909
7874
8110
7289
7691
8726
7081
5849
6696
6741
6790
5282
4616
4474
3153
1096
-625
-2732
-3245
-5719
-5787
-7866
-8281
-8126
-10088
-10584
-10098
-10533
-14156
-8399
-3637
-3652
1124
-2450
-737
633
1664
3449
2313
1945
2626
1305
2100
167
5340
5352
448
8652
2635
2688
8022
7360
9874
9938
10496
11123
11610
12001
13380
12784
6700
7536
8358
7955
6986
4636
4407
3823
1739
334
4652
-1352
-2153
-1870
-1836
-3705
-4537
-5190
-6301
-6699
-8292
-8866
-9903
-13148
-12157
-10827
-12852
-13128
-9853
-7069
-7813
-6461
-6808
-4750
-2707
-3416
-2533
-1467
-2738
-1894
-2291
346
3460
-624
4291
5731
4755
5217
6601
8633
9376
7284
10750
10933
8299
11201
9448
10134
7235
6800
5086
3756
3313
719
1500
5179
4443
3796
1413
758
133
-2446
-3993
-5137
-7896
-12754
-15376
-15381
-14510
-15165
-14627
-15486
-12548
-12117
-12099
-13212
-14632
-8369
-2893
-4289
-255
-630
-721
3423
2917
6202
7037
10980
9862
7502
15651
11413
10062
14252
12228
12630
12389
9002
9067
11663
11826
12045
11088
11174
11845
11302
10138
10535
7753
6274
6036
3743
2329
-210
272
-2447
-3729
-3091
-5529
-4416
-4177
-6164
-9521
-11375
-11148
-13303
-15314
-14951
-16864
-13868
-13680
-13713
-10251
-13398
-9154
-6935
-4868
25
489
382
-164
1748
2817
2656
8506
7898
8658
12288
5662
8577
10710
9371
10338
8872
9158
10913
11257
9812
10752
8487
8316
6925
5884
5995
3059
4030
4346
534
-1200
1068
-2274
-2944
-3701
-3949
-5022
-5569
-5481
-4351
-2066
-4755
-4224
-4994
-4976
-4188
-5244
-7146
-4857
-5701
-4436
-6639
-3867
-4974
-11569
-3518
-5992
-3436
-1601
-2068
634
-3692
972
-1584
5316
12055
3542
8488
9338
10484
13428
12442
10493
10693
12300
10447
10726
11319
6509
5529
8304
4419
3127
956
1515
1372
-62
-958
-1315
-1311
-772
-2008
-3110
-2750
2316
3009
1801
1576
-233
367
-85
-1078
-3108
-3690
-3811
-4841
-7763
-7916
-5687
-13043
-12493
-10686
-13873
-13743
-3433
-6761
-2754
781
-6922
-3166
-1805
-4811
4337
4780
3802
9754
8136
7907
7977
12969
9066
9670
8390
6123
8961
8468
9522
8032
8546
9712
8458
7036
8131
7182
7909
7695
8075
6712
5842
5910
3735
5090
3906
1374
310
-1233
-1964
-3899
-6340
-6987
-3005
-4433
-4726
-6867
-7751
-9325
-10852
-8651
-12284
-9662
-12850
-17984
-12861
-15302
-13657
-9581
-8352
-6183
4602
-774
-1779
2972
6941
9346
8810
6930
9124
10365
8827
11341
9876
10290
9918
9871
8645
9720
7726
7011
8974
7929
7008
8331
8110
7140
8658
8645
7951
7459
4021
2908
2280
604
1203
-1580
-1858
-4653
-6276
-7181
-8821
-11441
-10655
-13017
-16109
-13973
-17570
-18835
-18317
-13238
-17857
-19870
-18172
-14342
-11210
-10661
-4140
-853
-2351
414
2766
118
10128
11689
9582
12896
13465
11671
15451
17538
15017
16093
14559
13962
13657
13028
13005
13228
11912
11277
10548
10563
8647
8557
8812
5781
5652
4123
2625
596
-541
-2497
-4713
-5009
-3887
-4408
-9153
-5495
-5791
-10786
-11038
-11867
-13210
-13757
-13471
-16136
-15946
-14732
-13978
-13988
-18002
-6591
-2920
-32
4830
2063
4509
8852
12321
8068
14562
18176
14428
19208
17318
18015
17025
16644
17243
17276
16120
15823
9051
7803
8011
7868
8934
8387
6085
4667
4410
3839
1794
2296
2565
-848
1464
1428
-1476
-1678
-3479
-5060
-6002
-7950
-9004
-9493
-9611
-10592
-10496
-10987
-10912
-11262
-10395
-11729
-12465
-11539
-10973
-6048
-12434
-7055
1299
1982
2717
5253
7656
8628
12455
8754
11392
13484
14660
16691
14260
12973
12222
9323
9117
15215
13172
13085
12083
6066
3303
5263
5690
7402
6764
4193
6020
3503
3345
763
-1254
-1905
-3322
936
493
107
-566
-664
-1947
-2182
-4229
-4836
-5077
-5970
-6676
-9221
-10368
-11611
-12643
-12866
-11177
-11854
-17841
-13096
-9708
-6870
-10412
-3448
2415
2420
6724
6817
7095
5236
9409
10674
12394
13379
12350
11871
11019
12356
11836
11341
10092
10873
8395
5829
4394
5077
5588
4400
3559
2286
2110
3064
4497
3276
3399
2408
1775
1469
-965
-2058
-3367
-3553
-3791
-6480
-6531
-5909
-7835
-8251
-7860
-9734
-10564
-9938
-12695
-11359
-14003
-11741
-13888
-7899
-973
-12529
-3137
235
1302
5310
4198
6445
9085
10623
10520
12389
12330
13996
13481
12810
13456
13029
12173
12071
13321
12018
10981
12147
9976
7914
8031
7859
5540
3983
1982
250
5959
4258
3540
3793
2448
1290
101
-123
-1439
-1161
-1998
-4911
-6894
-7267
-8549
-15140
-13953
-15456
-15314
-15289
-16662
-16070
-14271
-14768
-8280
-13303
-7691
-5066
-9883
-1602
-629
6121
2029
2004
8223
7207
10071
12075
13987
16251
17127
16419
16109
16763
15181
16456
12489
13004
14190
10682
12275
9120
9775
8298
5670
5060
3488
2366
1862
1888
74
-862
-859
-3068
-4218
-4390
-5792
-6687
-6756
-8392
-8539
-7989
-9316
-7422
-9084
-10777
-13199
-14470
-13374
-12791
-11407
-12238
-12990
-8938
-5138
-3382
-3120
254
2005
2376
3121
9869
13503
12958
12794
16748
18541
18211
13506
12436
13365
12647
11952
9333
5952
8777
7986
8059
5413
3590
2686
1494
942
-282
138
-2192
-778
-286
-900
-950
-1860
-3480
-3806
-6475
-8274
-9132
-10841
-10308
-13615
-13791
-13115
-12282
-14434
-8270
-7192
-6779
-7439
-11128
-7672
-10732
-6972
-6065
-4925
2106
-3036
-4671
992
5387
8201
9312
11378
13291
10041
11168
13556
14817
14331
14912
14417
13914
12290
9374
9400
8779
10848
10385
1659
3320
3772
1042
2805
2867
892
1291
2112
1135
725
883
81
412
-2030
-1844
-930
-525
-1244
-2927
-1587
-3002
-3698
-4178
-5872
-5069
-6065
-6123
-4876
-3791
-7833
-4844
-4352
-4579
-3378
-5872
-2901
-9377
1028
2992
4804
7065
7913
9654
2009
6129
7006
8653
9311
6853
7074
6784
1303
5092
12707
3531
9318
7017
7531
8028
6728
6898
6848
7040
6220
622
1033
1919
4265
4147
3083
1532
1304
573
-686
-2959
-5159
-6937
-8456
-10319
-4389
-4914
-5419
-11978
-11049
-7368
-11700
-7310
-6374
-6357
-3234
-6202
-4915
-7194
-3217
-4178
-1203
3747
2980
4731
4284
8879
9637
7430
8744
11646
11031
10488
8776
7467
11477
13665
13071
12604
13009
13795
12934
12480
8878
7554
9684
7605
8204
7479
6298
6502
4749
3014
1017
-746
-3470
-6406
-1222
-2152
-3630
-3629
-5395
-6781
-12960
-12755
-12955
-9737
-11126
-16193
-9568
-11045
-12309
-8313
-9574
-11047
-10464
-11112
-6493
-5726
-8244
-4645
-1140
1039
-630
5069
6446
5842
7919
8753
12118
8821
14770
16294
17252
17833
13701
15136
10213
9630
9098
10717
10328
8913
8712
7330
6837
6658
7113
4078
2737
1678
-596
-2592
-6027
-7093
-11142
-12371
-6124
-8344
-14951
-15477
-14977
-13732
-10462
-13535
-9158
-7832
-7858
-5989
-7197
-6151
-7567
-7775
-5446
-2217
-1098
1803
-1378
3482
6587
8423
10180
11373
14413
11043
15284
16628
11866
13879
16410
15229
13698
10105
9732
9064
7443
7662
6666
5149
4303
3305
1545
5484
4260
3323
1724
-292
-1747
-2462
-4371
-5366
-6887
-9734
-7402
-7824
-8782
-10556
-9286
-13722
-11681
-5368
-10701
-3811
-4162
-6433
-2821
-7033
-6935
-7469
-71
-1170
363
908
2538
-915
-94
-1812
2547
8929
5945
8611
12294
9367
8479
11401
12197
14331
15393
13809
13535
13276
12681
11529
10484
9384
8353
6821
5631
3502
2878
2878
-1820
319
104
-3516
-4118
-6219
-7499
-7914
-8081
-9298
-8686
-9297
-6427
-5389
-7149
-1162
-3250
-4573
-2020
-3344
-477
-1319
-2403
-3551
-4378
-3240
-2948
-2793
-4759
-2726
-2843
423
2754
-1306
4190
6467
6778
6771
10439
9711
6522
11481
11459
9685
7970
7977
7653
6829
5915
8023
8200
6331
5054
2420
1293
-324
65
-1837
-3819
-4519
-657
-144
-1274
-959
-5579
-5361
-5293
-4641
-3025
-1375
-3713
-5527
1335
-5057
-6497
4569
2392
5828
4039
4596
2747
-788
1697
1918
145
-130
-8376
-6547
-4359
-4560
-2596
-6112
-4015
4908
3869
3821
3200
4320
7074
3591
3129
3296
4208
3997
3890
3528
5063
5670
6823
7445
6402
6953
4904
3548
2759
2283
1944
-123
-387
-896
-1007
828
-663
-662
-501
699
384
-321
5245
-1091
2094
4183
-2014
3107
1335
-1056
-3130
1338
380
1281
-964
-6963
-5730
-8186
-7611
-6674
-7404
-2834
-273
-6499
-3585
-1854
-2625
-6253
-3410
2285
186
-361
3955
7081
7653
7710
8874
10918
9256
9978
10749
8774
9529
6935
6066
8084
3549
2711
1532
830
107
-1037
-1703
-1524
-1452
-1400
1120
-1165
2142
1147
-257
3364
-397
867
773
-110
-3269
-6527
-5199
-5668
-2535
-4224
-7161
-6843
-5920
-5352
-6426
-7373
-5675
-5102
-811
-1585
-5925
-1780
-99
2903
1816
2689
5894
4651
5718
8890
10287
9701
8124
6309
6861
12747
11201
10848
8744
7622
6542
5898
6512
5157
4374
3401
261
-1936
-2684
-3388
-2549
-3689
-625
366
-6561
-1336
-6134
-4131
5905
1159
1320
-6487
-4508
-1716
-2072
-1146
189
-919
-78
-2089
-2277
-4110
-3822
-4692
-6072
-1787
-779
-1941
-5452
-1668
2476
3813
1831
4513
6385
7462
7944
7220
10816
10501
12694
13037
10959
10024
8403
5937
4458
2594
642
818
208
-1472
-1766
-2424
-2971
-2856
-743
174
-1318
2375
-1927
-1600
3407
1196
2606
2819
1464
-1462
-2059
-1475
123
257
-1466
-1199
-1891
-1395
-1840
-1952
-1198
-1718
-4561
-4591
-2497
-8138
-4741
-3448
-6785
-4232
-3270
-1153
-597
-772
1480
4171
1034
558
2703
5472
4525
6457
7784
6512
6868
4896
3554
6259
2983
1376
745
-557
206
324
-5968
-4440
-936
2172
-4434
-1906
2971
-1133
1489
1910
8387
5431
6139
6890
731
2119
1062
2598
2205
250
-390
-711
-1060
-4567
-5484
-5297
-7137
-10969
-11026
-10024
-10275
-5924
-12344
-8921
-1794
-1683
1811
-16
342
4496
5929
3131
5040
5573
6478
6672
5107
4658
1885
801
1162
217
108
1267
-60
1424
1766
1996
3222
7409
6532
2272
5678
8427
7773
6623
7442
5984
3811
3691
4468
3767
4731
4708
1950
2643
2842
1435
-583
-1479
-3952
-4126
-3739
-7841
