1217
1516
1232
885
956
699
769
1271
978
941
1247
707
141
440
702
9
-630
-403
-72
-187
-122
290
-144
-476
-284
-238
-198
89
424
64
-246
-205
-169
-513
-641
-45
-63
-209
173
636
451
708
1148
345
197
43
-396
-828
-761
-760
-1359
-1456
-1302
-1314
-1272
-1167
-911
-1319
-1941
-1870
-2145
-2825
-2732
-2696
-3044
-3233
-3004
-2460
-2786
-2776
-2189
-2664
-3219
-2436
-2530
-3603
-3084
-2399
-2930
-3106
-2046
-1844
-2366
-2044
-1890
-2554
-2327
-1599
-2247
-2390
-1170
-1132
-1898
-1791
-1073
-1523
-1980
-1443
-1589
-2352
-2313
-1550
-1740
-1653
-974
-1615
-2271
-1707
-1314
-1833
-2279
-1530
-1329
-2239
-2423
-2024
-2473
-2809
-2493
-2740
-2837
-2068
-1534
-1597
-1090
-197
-865
-1540
-609
-279
-1417
-1707
-1467
-1934
-1671
-1138
-1097
-1189
-870
-808
-1408
-1353
-847
-1029
-1145
-479
-271
-845
-1377
-1035
-863
-1508
-1510
-1320
-1633
-1137
-286
-796
-1062
-888
-1206
-1715
-1693
-1226
-1440
-2276
-2248
-1850
-1789
-1386
-1118
-801
-853
-1037
-1508
-2080
-1755
-1436
-1924
-1884
-941
-787
-1000
-748
-509
-677
-973
-1199
-1494
-1777
-1747
-1670
-1814
-1679
-571
-37
-517
-535
-321
-513
-413
144
-26
-278
-275
-404
-168
-124
-310
-931
-1222
-950
-341
276
662
1069
1268
918
573
328
-332
-473
-465
-497
-330
-186
115
-124
84
1121
929
242
814
1182
605
247
552
489
-59
422
769
198
345
789
708
1045
1864
1773
1122
1804
2536
2095
1693
1861
1360
1040
1528
1556
1311
1261
1601
1954
1911
2233
2335
1316
881
1298
1059
435
555
1131
619
440
1030
994
479
773
974
313
219
929
1088
1097
1400
1004
-55
-126
863
837
414
624
812
538
1162
1837
1398
1095
1015
322
-666
-348
293
-96
-133
554
795
460
769
1321
1217
1514
2089
1736
1130
1455
2193
1894
1989
2653
2737
2214
1986
2033
1710
2403
2975
2591
2939
3747
3689
3039
3331
3779
3568
3494
3908
4616
4680
4946
5012
4400
4356
4176
3621
3174
3812
4184
3712
4066
5026
5559
5323
5019
4908
4768
4658
5009
5036
4530
4895
5532
5656
5879
6062
5563
5310
5495
4971
4203
4117
4492
4621
4551
5087
5483
5320
5710
5637
5157
4821
4912
4828
4958
5464
5379
4480
3565
3766
4150
3952
3966
3943
3979
4351
4746
4854
4418
4148
4389
4120
3980
4555
4490
3865
4101
4925
4790
4280
4754
4695
4403
4674
4969
4283
3877
5123
4899
4173
4874
5108
4307
4127
4506
3896
3163
3231
3504
3491
4069
4539
4127
4152
4878
4806
3877
3212
3114
2932
2609
2950
3252
2773
2704
3189
3159
3277
3732
3962
4156
4317
4716
4233
3541
3731
3769
3614
3773
3861
2860
2200
2408
2455
2222
2269
2413
2337
2582
3134
3108
2675
3061
3551
3096
2736
2864
2942
2381
1858
2028
1930
1674
1574
1684
1728
2091
2557
1892
2030
2857
3084
2229
1546
1312
732
-280
-190
427
425
628
791
937
989
1329
954
352
550
531
-105
-501
-96
-178
-758
-432
20
-68
94
231
-258
-529
-310
-110
-224
87
923
758
-4
306
808
297
202
622
572
640
995
1030
688
686
944
471
261
1058
1023
96
339
755
58
-131
241
162
-370
174
513
264
555
1348
1598
1385
1623
1374
960
1461
1969
1542
967
1694
2784
2183
2067
2911
2222
1050
1000
869
158
56
204
-246
-276
968
1205
214
879
1533
540
73
528
313
-458
-223
186
-655
-1169
216
543
-282
953
1577
473
321
1037
377
-899
-671
-228
-462
-440
930
980
229
1559
2032
1291
1488
1466
0
-1046
-684
-1221
-2127
-1743
-1025
-1235
-1254
-181
-211
-907
-469
-74
-709
-983
-394
-748
-1715
-1909
-1709
-2599
-2902
-2012
-2332
-2881
-2530
-2455
-2619
-2254
-2173
-2789
-3347
-3151
-2783
-3174
-2677
-2005
-2817
-3154
-3096
-3437
-3405
-3535
-3818
-4189
-3787
-2869
-2996
-3516
-3266
-3147
-3417
-3595
-3507
-3179
-3132
-3101
-3285
-3742
-3793
-3753
-4258
-4609
-3972
-4070
-4233
-3418
-3072
-3344
-3738
-4153
-4396
-4449
-4303
-4064
-4293
-4336
-3843
-3937
-4493
-4418
-4335
-4663
-4856
-4664
-4239
-4519
-4449
-4061
-4275
-4388
-4283
-4394
-4489
-4184
-4038
-4174
-3915
-3489
-3267
-3562
-3453
-2913
-3300
-3625
-2857
-2713
-3148
-2744
-2355
-2768
-3331
-3462
-3788
-4293
-4188
-3583
-3880
-3800
-3155
-2651
-2279
-2149
-2075
-2378
-2691
-2808
-2815
-3473
-3601
-3115
-3481
-3627
-3028
-2712
-2637
-2515
-2163
-2109
-2147
-1732
-1272
-1356
-1661
-1258
-1108
-1015
-290
-54
-238
-38
-61
-472
-929
-1190
-1296
-1536
-707
286
275
336
955
1409
914
916
1315
1038
252
-22
194
-230
62
384
554
1175
1638
1789
1403
1995
2558
2017
1437
1731
1644
856
1400
1876
1266
1383
1810
1856
2052
2388
1526
626
756
1448
1780
1798
2729
3014
2274
2255
2449
2248
2368
2809
2353
2035
2160
2078
1444
1348
2303
2197
1467
1758
2653
2473
2225
2564
2269
1817
1874
2000
920
836
1807
1151
842
2034
2448
1655
1420
2046
1985
1482
1399
1352
976
1094
888
-165
12
673
753
1194
2106
2260
1133
842
1107
735
254
506
633
411
1223
1897
1652
1210
1368
895
282
777
1231
1057
857
1579
1776
895
706
845
258
-150
154
-251
-742
-68
435
847
775
1236
1290
313
925
1795
607
-96
929
1263
561
411
793
238
-706
-124
258
-59
427
894
285
148
1136
538
-369
383
642
-99
-28
522
325
-11
640
537
-152
-495
-261
-605
-1140
-409
115
-231
-492
238
483
-325
-21
610
49
117
605
246
-263
-379
-671
-1067
-1090
-591
-777
-1039
-501
60
-339
-317
733
883
745
729
816
525
484
998
529
279
503
906
1060
1631
2451
2214
2025
2249
2610
2670
2030
1827
1048
123
626
708
246
926
2000
2192
2161
2702
2808
2456
2382
2921
3030
2849
3260
3318
2916
3309
3532
2364
2017
2890
2804
1850
1359
1665
1611
1631
2504
2794
2492
2791
3102
2559
2588
2969
2260
1090
936
1278
985
855
1519
1879
1568
1629
1943
1790
1614
1637
1322
1034
1400
1362
851
628
955
1206
52
13
874
505
695
1284
782
246
885
1246
624
640
1218
858
316
822
964
210
387
867
487
116
69
-156
-123
244
166
-591
-830
0
-208
-903
-627
-346
-1064
-1462
-958
-571
-639
-553
-398
-658
-554
-38
-528
-1152
-857
-1246
-2061
-2170
-1712
-1865
-2275
-1769
-894
-1028
-1284
-1094
-1408
-1358
-1031
-1500
-2100
-1827
-1521
-1852
-2028
-1437
-895
-1513
-1676
-1361
-1687
-2112
-2031
-2153
-2716
-2953
-3152
-3618
-3705
-3602
-3458
-3816
-3667
-2681
-2874
-3403
-2931
-3016
-3724
-4069
-3967
-4367
-4667
-4297
-4050
-4202
-3472
-2691
-3285
-3351
-3095
-3454
-3858
-3791
-3571
-4171
-4229
-3179
-2956
-3641
-3262
-2848
-2962
-2784
-2720
-2539
-2294
-2099
-2315
-2818
-2749
-2418
-2896
-3266
-2511
-2215
-3138
-3453
-3039
-2997
-3376
-3229
-2547
-2228
-2256
-2250
-2355
-2661
-2479
-2226
-2487
-1959
-1005
-1039
-1536
-1027
-546
-1000
-1103
-544
-489
-1118
-896
-612
-961
-183
474
-193
-348
398
382
-191
-208
665
639
-31
81
152
150
613
960
618
1225
1861
1600
1411
1856
2148
1410
1129
1781
1776
1239
1398
1592
1447
2197
2623
2289
2105
2288
2436
2180
2360
2782
2231
1930
2694
2720
2213
2123
2501
2364
2208
2421
2030
1601
2145
2485
1675
1422
2067
1545
766
1353
2020
1819
1938
2892
2822
2270
2772
2956
2120
2736
3960
3467
2999
3785
3625
2679
3030
3550
2619
1611
2441
2606
1777
1701
1978
1491
1282
1688
1477
1444
2058
2397
1582
1371
1863
1543
814
707
1056
658
278
645
1385
1498
1531
1873
1606
1019
1329
1244
527
369
196
-600
-428
387
-46
-596
-127
58
-336
-581
-686
-413
-188
121
302
266
784
887
78
-113
73
-600
-1852
-2169
-1552
-1286
-1205
-743
186
428
475
348
-372
-1034
-1511
-1905
-2567
-2399
-1798
-2028
-2689
-2306
-1749
-2304
-2686
-1987
-1870
-2195
-1970
-2240
-2642
-2414
-1909
-2061
-2213
-1901
-2318
-3319
-3436
-2844
-3045
-3247
-2715
-2206
-2156
-2385
-2378
-2002
-1678
-1571
-1330
-1241
-934
-680
-1221
-1494
-1245
-1425
-1890
-2024
-1493
-1059
-1235
-1353
-1116
-913
-1178
-1373
-1855
-1915
-1516
-1739
-1849
-1557
-1451
-1763
-2205
-2144
-1931
-1883
-1564
-1567
-2052
-1625
-1203
-1840
-2025
-1628
-1385
-1665
-1468
-950
-825
-251
22
-247
-870
-815
-639
-759
-404
-679
-842
-859
-739
-312
-148
127
408
1025
666
596
686
215
237
227
243
-305
-1005
-825
-666
-795
-721
-577
-1027
-837
-911
-1478
-1472
-1734
-1519
-1261
-1622
-1260
-755
-841
-177
130
-112
-229
-689
-461
-340
-852
-932
-1365
-1751
-1253
-1308
-1445
-475
320
284
663
765
294
-127
-736
-1025
-1801
-2275
-1940
-1792
-1369
-369
-287
-958
-582
-42
-277
-905
-1060
-1030
-1748
-2003
-1750
-2022
-2079
-1627
-1791
-2060
-1652
-1604
-2052
-2642
-2177
-2094
-3015
-2797
-2410
-3059
-3451
-3318
-3917
-4455
-4594
-5109
-5143
-5012
-4741
-4623
-4883
-4356
-3515
-3600
-3784
-3456
-3214
-3169
-3180
-2986
-2660
-2812
-3038
-3184
-3919
-3997
-3898
-4472
-4437
-3657
-3606
-3772
-3537
-3145
-3202
-4052
-4322
-4467
-5723
-6111
-5923
-6423
-5959
-4869
-4453
-4087
-3720
-3750
-3917
-4490
-4502
-4800
-5457
-5137
-4964
-5270
-4826
-3889
-4224
-4705
-4609
-4506
-4800
-5181
-5337
-5725
-6126
-5422
-4675
-4776
-4060
-3226
-3679
-3379
-2832
-3087
-3510
-3854
-4019
-4561
-4813
-3883
-3010
-2989
-2074
-1390
-1287
-942
-743
-1099
-1998
-2660
-2936
-3246
-3795
-2954
-2209
-2354
-1490
-792
-1319
-1028
-172
-270
-651
-652
-639
-768
-868
-462
-628
-1258
-1094
-841
-1096
-669
-123
-478
-386
23
95
100
314
700
678
181
372
682
766
1014
1246
1615
1573
1702
1905
1628
2070
3127
2616
2183
2848
2505
2059
2180
2186
2158
2601
2958
2665
2326
2718
3308
2888
3102
3939
3734
3834
4315
4413
4378
4265
3844
3426
3562
4071
4251
3762
3834
4014
3680
3405
3682
3852
3393
3333
4063
4152
4227
4469
4290
4039
4156
4455
4246
4265
4598
4656
3903
3563
3730
3565
3082
2844
3429
3628
3898
4712
4552
4167
3983
3965
3419
3371
4130
4232
3670
3835
4344
3986
3895
4149
3733
2968
2679
2750
2857
2983
3217
3374
2882
2963
3530
2940
2552
2467
2030
1640
1889
2114
1619
1451
1467
992
595
860
774
447
729
605
410
622
1002
1036
559
624
559
224
395
902
866
813
1209
640
-70
-18
694
785
754
1390
1408
775
257
528
664
508
880
816
472
552
1132
920
1048
1637
1540
1356
1243
1536
1558
1543
1714
1008
107
-198
-446
-493
-501
110
478
698
1324
1569
984
215
-305
-866
-1284
-923
-406
481
973
1128
1524
941
296
664
608
-370
-506
-195
-371
12
858
1062
832
1557
2168
1270
1175
1853
1051
309
1101
1872
1625
1685
2207
2517
2615
2817
2877
2150
2109
2397
2151
1669
1599
1491
821
1050
1952
2353
1598
1864
2647
1745
1729
2864
2767
2287
2670
2702
2046
1889
2225
2110
1557
2480
2550
1558
2289
3376
3540
3307
3596
3550
2788
2859
3564
3394
2570
2762
2803
2116
2749
3656
3452
3306
3659
3457
3284
4114
4505
3716
2927
2823
2266
1498
1936
2614
2204
2046
2090
1958
2067
2014
2314
1781
1566
2289
2097
1943
2633
2960
1988
1753
2111
2087
1634
1103
1399
1320
1361
1756
1710
1800
2053
1771
1151
1178
925
293
-62
-44
484
176
242
849
395
-150
338
969
830
782
750
134
-429
157
738
-34
382
1236
263
-567
-311
-595
-1610
-1568
-1406
-2450
-2945
-2109
-1923
-2777
-2527
-2236
-2894
-2810
-1835
-1755
-2684
-2450
-2547
-3746
-3607
-3091
-3597
-4589
-4134
-3254
-3787
-4197
-3609
-3243
-3725
-3494
-3428
-3919
-4038
-3452
-3470
-4441
-4405
-4249
-4977
-5337
-4900
-4861
-5585
-4995
-3912
-3821
-3617
-3193
-3667
-4624
-4233
-4262
-5144
-5229
-4558
-4608
-4719
-3811
-3743
-4651
-4648
-4225
-4836
-5521
-5165
-5125
-5914
-5173
-4327
-4628
-4236
-3372
-3624
-4535
-4618
-4364
-4974
-5426
-4942
-4688
-5017
-4906
-4515
-4390
-3793
-3036
-3251
-3985
-3434
-2925
-3590
-3487
-3061
-3460
-4022
-3245
-2558
-2834
-3081
-3372
-4206
-3973
-3165
-3083
-3047
-2724
-2503
-3291
-3342
-2446
-2620
-3103
-2642
-2449
-2960
-2346
-1622
-1918
-2273
-2290
-2406
-2638
-2043
-1368
-1722
-2016
-1825
-1569
-1868
-1579
-1085
-1878
-2232
-1808
-1100
-867
-954
-611
-535
-968
-657
-295
-865
-871
-271
-763
-1211
-619
-419
-1247
-1467
-738
-1156
-1634
-968
-436
-519
-319
223
492
585
913
745
-28
-324
-78
-156
-482
466
843
-69
-352
164
273
240
253
-400
-1073
-1268
-876
-665
-264
199
-102
-820
-1213
-718
-922
-1623
-1061
-478
-538
-157
580
840
967
763
325
-481
-750
-395
-1083
-1462
-1004
-786
-837
-249
763
839
-54
-117
-37
-349
-357
-678
-1080
-1075
-583
-383
-956
-1026
-680
-825
-1010
-363
-593
-1328
-812
-659
-831
-166
774
522
-56
709
372
-973
-886
-703
-1150
-1234
-719
-872
-1113
-222
47
-853
-1117
-751
-1363
-1827
-1063
-1038
-2330
-2756
-2018
-2021
-1758
-965
-889
-944
-687
-383
-614
-797
-750
-897
-1177
-950
-610
-630
-624
-432
-120
30
286
757
1138
1576
1558
718
-22
431
1057
1096
1255
1256
1242
1623
2343
2858
2676
2351
2304
1904
1732
2535
2586
1923
2086
2323
2256
2003
1576
1392
1333
1581
2104
2384
2939
3383
3587
3273
3129
2893
2579
2624
2930
3712
3849
3898
4065
4061
4277
4560
4610
4799
5175
5152
5072
4896
4899
5198
5530
5846
6277
6119
5167
4646
4922
4732
4033
4156
4662
4837
5148
5823
5900
5642
5479
5630
5692
5674
6013
5580
5192
5451
5590
5170
5500
5766
5172
5151
5318
4961
4619
4938
5024
4435
3776
3951
4051
3920
4657
4567
3669
3927
4769
4669
4972
5660
5387
4774
4551
4696
4365
4347
4519
4090
3663
3998
4462
4865
5333
5698
5958
5439
4797
4569
4322
3927
3902
4040
3691
3677
3545
3507
3482
3422
2809
2032
1961
2455
2025
1664
2117
2001
1945
2855
3366
3110
3093
3273
2846
2447
2202
1650
1408
1454
1428
982
437
525
1189
1503
1824
2261
1873
1608
2052
2144
1469
1057
967
1254
1335
1641
1839
1264
1054
1687
2121
1642
1544
1464
291
-370
-158
-149
-274
252
823
255
-376
-222
-1
-21
-172
-321
-633
-681
-567
-638
-1015
-961
-1035
-1639
-1817
-1497
-1154
-1403
-1237
-1070
-1355
-1095
-819
-1278
-1400
-1056
-1161
-1278
-1007
-462
-338
-730
-32
291
-455
-546
-515
-750
-523
31
-22
173
954
1477
1151
996
1614
1233
438
585
654
-124
38
683
502
527
1094
1261
300
287
1096
464
207
994
562
-148
479
881
505
504
1078
1643
1162
1062
1760
1828
1931
2589
3099
2991
3037
3218
3007
2700
2782
2843
1942
1628
2197
2169
2217
2391
2697
2617
2939
3110
2033
1587
1944
1778
1409
1689
1983
1960
2078
2533
2204
2136
2912
2847
2926
3556
3699
3378
2945
2736
2438
1954
1877
1886
1841
1460
1450
1676
1669
1836
2066
2138
2148
1971
1727
1569
1531
2078
1468
736
1479
2167
2139
2617
3017
2829
2314
1567
1084
858
837
991
766
1161
1912
2267
2386
2973
3595
3344
2818
2532
2503
2394
2084
1971
1777
1854
2012
2417
2347
2407
2923
2938
2741
2824
2989
1907
865
725
862
732
455
1093
1588
1601
2210
2629
2636
2618
2220
1345
616
714
568
-2
-230
-243
-325
33
508
558
297
128
261
-526
-1091
-500
-385
-1148
-1471
-1786
-2336
-2021
-1414
-1105
-972
-661
-677
-946
-484
499
105
-960
-1267
-1271
-1243
-1313
-1193
-756
-649
-526
-449
-815
-927
-795
-1100
-1637
-1352
-911
-1279
-1561
-1258
-1135
-1670
-1742
-1372
-1246
-1297
-1364
-1930
-2143
-2003
-2098
-2265
-2193
-2067
-1874
-1556
-1270
-1031
-964
-1546
-2163
-2164
-2340
-2208
-1770
-1766
-2082
-1752
-1087
-1170
-1167
-909
-907
-1267
-1052
-811
-1118
-708
-125
-77
-498
-301
139
64
530
568
-167
-468
4
-4
-257
-98
-515
-1122
-1126
-349
404
286
210
16
-164
178
625
475
287
694
594
270
84
99
-75
-132
73
457
691
739
1500
1605
890
1170
1262
737
703
818
417
-315
-250
-171
-151
57
367
-572
-1222
-726
-1077
-1458
-937
-655
-1112
-1414
-973
-583
-507
-105
159
-378
-466
8
-636
-1428
-1058
-921
-1704
-1715
-836
-895
-1141
-208
-170
-1202
-1224
-906
-1516
-2062
-1351
-1563
-2360
-2086
-1451
-1303
-1665
-1274
-1526
-2676
-2490
-1165
-1295
-1569
-655
-523
-1226
-1220
-520
-579
-1484
-1464
-1349
-2230
-2304
-1314
-1218
-1744
-1504
-1616
-2713
-2840
-2350
-2471
-2887
-2957
-2806
-3032
-2666
-1907
-2373
-3042
-2808
-2556
-3312
-3584
-3523
-3969
-4348
-3967
-3286
-3924
-3768
-3138
-3683
-3921
-3615
-3975
-4998
-5294
-5615
-6062
-6084
-5649
-5463
-5638
-4879
-4465
-4818
-5050
-5018
-5444
-6202
-6633
-6701
-6480
-6391
-6152
-6259
-6350
-5701
-5347
-5559
-5273
-4802
-5468
-6360
-6374
-6012
-6531
-6428
-5683
-5490
-5342
-4834
-4697
-4671
-4475
-4968
-5704
-5960
-5635
-5881
-6207
-6240
-6752
-7116
-6598
-6118
-5804
-5452
-5367
-5342
-5314
-5021
-4731
-4905
-5180
-5216
-5630
-5905
-6158
-6003
-5638
-5537
-5625
-6069
-5732
-5295
-5162
-4831
-4911
-5042
-5187
-5188
-4579
-4190
-4585
-4847
-4585
-4496
-4428
-4146
-3786
-3821
-3960
-3796
-3796
-3901
-3752
-3900
-4285
-4058
-3723
-4111
-3914
-3680
-3851
-3638
-3289
-2856
-2946
-3167
-2817
-2926
-3237
-3191
-3091
-3616
-3698
-3713
-4045
-3832
-3447
-3047
-3213
-3545
-3810
-4153
-4367
-3811
-3304
-3501
-3374
-2968
-2587
-2055
-2319
-3001
-3345
-3404
-3103
-3185
-3241
-3278
-3293
-3777
-3500
-3165
-3247
-2926
-3106
-3128
-2910
-2861
-2812
-2868
-3012
-2948
-3035
-3231
-3123
-3157
-3580
-3268
-2623
-2338
-2420
-2270
-1693
-1612
-1551
-1337
-1473
-2198
-1858
-1240
-1768
-2077
-1756
-1819
-1774
-1287
-1409
-1577
-1382
-782
-923
-1480
-901
-926
-1563
-1108
-397
-673
-580
-246
-56
157
523
483
-98
-188
-185
-313
-565
-629
-477
-517
-272
-57
147
-1
-237
-96
-123
-447
-778
-420
-50
230
338
-75
-279
-715
-859
-553
-598
-1030
-814
-500
-517
98
393
63
-455
-369
-224
-753
-937
-683
-803
-914
-680
-378
-19
367
767
1122
1441
1690
1336
671
400
272
379
385
455
733
995
1823
1684
1368
1445
1051
969
851
1280
1356
1308
2013
2793
3187
3061
3045
2391
2205
2702
1938
1508
1642
1583
1758
2056
2473
2100
1605
1472
1449
1072
1226
1502
1098
1109
1637
2117
2022
2313
2984
3077
2865
2903
3095
2658
2288
2526
1965
1310
1659
2479
2674
2748
3071
3119
3291
3294
3795
4060
4121
4521
4536
4569
5267
6061
6213
6048
6136
5947
5118
4847
5125
5051
4682
4830
4927
4693
4727
4952
5234
5614
5597
4989
4630
4718
5112
4986
4865
4826
4364
4170
4053
4348
4992
4685
3895
4053
4445
4510
4189
4190
4121
4191
4589
4275
4175
4159
4285
3691
3226
3706
3559
3690
4266
4565
4574
4777
4679
4817
5471
5548
5146
4571
4468
4135
3824
4659
5436
5352
5133
5596
5911
5856
5835
5564
5349
5627
5578
4859
4630
4719
4850
4695
5121
5493
5036
4878
4462
4358
4165
3840
3775
3983
4602
4632
4652
4693
4805
4402
3820
3473
3195
3101
2973
3498
3971
3708
3149
3192
3861
4378
4431
3727
3223
3286
3230
3232
3182
3030
2695
2428
2551
2920
3000
3042
2998
2743
2893
2852
2149
1634
1675
1874
1564
1508
1800
2139
2309
2098
2248
2257
1620
969
636
674
1033
817
-85
-187
358
373
88
-35
91
-372
-662
-426
-497
-588
-418
-209
91
837
622
-167
-530
-673
-834
-1464
-1716
-747
-516
-848
-670
-609
-1082
-1123
-856
-996
-765
-672
-1172
-1853
-1798
-1213
-1349
-2064
-1893
-1818
-2600
-2873
-3277
-3504
-2768
-2482
-2517
-2458
-2171
-2152
-2420
-2123
-1998
-2593
-2653
-2208
-1763
-1303
-1450
-1832
-1865
-2231
-2587
-2669
-2453
-2581
-3047
-2729
-2291
-2038
-1794
-1509
-1716
-2039
-1414
-1268
-1840
-1967
-1896
-2036
-1974
-1285
-521
-494
-474
26
-306
-901
-677
-297
-693
-905
-632
-978
-1442
-973
-526
-964
-1120
-761
-1261
-1709
-1472
-1063
-1588
-2014
-1533
-1546
-1677
-958
-878
-1660
-1534
-1031
-1121
-1100
-616
-404
-1020
-616
295
-288
-508
317
639
41
61
542
49
-489
-106
221
-525
-868
-485
-573
-366
84
141
129
500
1049
755
102
-67
-387
-951
-599
274
351
0
68
204
104
685
1325
869
424
944
1522
1236
718
957
945
243
125
75
-192
63
190
68
118
192
245
67
-188
-375
-920
-1469
-1331
-1020
-783
-359
-117
-201
-170
-45
357
750
596
208
109
187
528
935
899
386
-455
-813
-1163
-1370
-979
-1084
-1545
-842
-2
204
315
752
868
137
-296
-493
-1235
-1554
-884
-373
-1100
-1245
-757
-576
-206
277
-191
-974
-1125
-1202
-1375
-1408
-1101
-843
-1355
-1637
-1591
-1596
-1542
-1444
-1181
-1434
-1752
-1683
-1741
-1784
-1143
-701
-1315
-1740
-1539
-1437
-1856
-1507
-1164
-2003
-2432
-2159
-2124
-1941
-1247
-545
-285
-346
47
-317
-1238
-1040
-626
-1275
-1896
-1926
-1964
-2090
-1667
-580
-403
-1004
-949
-1072
-1369
-1058
-859
-1179
-1321
-1250
-771
-736
-676
197
72
-459
-501
-570
-1059
-1032
-63
-29
-585
-347
-197
-800
-605
366
-76
-1169
-1140
-715
-1125
-785
391
99
-256
787
1184
844
934
1383
1203
240
507
1107
662
871
2124
2143
1434
1407
1658
1464
1304
1991
1765
1303
1924
2294
2039
2133
2314
1982
1724
2263
2986
3232
3253
3213
2484
2134
2369
2445
2209
2014
2275
2172
1962
2214
2429
2387
2667
3262
3029
2466
2866
3251
3039
3459
4230
3914
3542
3718
3294
2861
2919
2584
2276
2205
2573
2850
2623
2923
3168
2587
2026
2056
1694
1463
1724
2042
1989
2227
2953
3189
3220
3571
3451
2499
1959
1899
2094
2692
3108
3031
3145
3101
2651
2382
2386
1929
1490
842
835
1362
1501
2096
2565
2870
3038
2700
2231
2048
1971
1897
1698
1301
1382
1638
1816
2505
2714
1941
1059
821
745
694
506
188
82
532
765
968
1926
2539
2409
2190
2029
1528
1127
907
809
722
603
316
-149
87
643
631
536
477
172
247
-10
-142
281
8
-311
-89
87
94
-172
-507
-1000
-1679
-1572
-1192
-1048
-845
-716
-1115
-1101
-742
-749
-702
-635
-631
-691
-996
-714
-86
-280
-628
-246
-280
-769
-866
-608
-489
-1018
-1074
-963
-1573
-1629
-998
-1481
-1747
-1011
-1165
-1583
-1277
-1280
-2023
-2487
-2128
-2037
-2314
-2157
-2129
-2443
-2300
-1717
-1684
-1701
-1327
-1034
-805
-503
-136
-163
-330
-148
-506
-1234
-1111
-500
-578
-497
-101
-321
-805
-424
145
113
356
391
23
-251
266
390
90
492
1117
1009
1003
1886
2434
2191
2157
2605
2486
2201
2339
2319
1412
953
1569
1427
1215
1383
1454
1320
1492
2112
2106
1670
1728
1845
1569
1581
2115
1926
1477
1860
2228
1992
1884
2088
1633
687
614
716
539
945
1224
647
220
681
1111
1384
2133
2391
1473
886
1275
1071
447
709
1000
595
807
1691
2058
2174
2000
2061
1911
1405
1696
1585
1254
1439
1603
1638
1727
2198
2640
2432
1878
1791
1636
1371
1295
1381
1390
1619
2164
2106
2039
2075
1993
1830
1787
1892
1680
1208
1521
1806
1383
1371
1584
1031
935
1399
1857
1922
1849
2201
2235
2392
2815
2708
2112
1891
1546
950
1017
1783
1678
1463
1645
1729
1863
1678
1926
1985
1109
1056
1219
645
274
158
170
10
166
455
624
737
1199
1720
1317
665
470
68
-816
-369
24
-334
47
178
184
150
230
260
-173
-895
-819
-879
-1570
-1983
-1800
-1174
-609
-140
-188
-216
-78
-335
-497
-480
-626
-848
-988
-522
129
96
-50
-196
-63
-154
-602
-717
-805
-1200
-1418
-958
-1372
-1812
-1044
-961
-1222
-1031
-911
-1419
-1928
-1434
-850
-1334
-1459
-967
-1114
-1423
-1089
-1035
-1454
-1033
-413
-582
-981
-93
655
69
-22
228
-145
-778
-298
59
-340
-189
-93
-223
322
791
920
870
657
468
-395
-857
-469
-528
-659
-305
-312
-669
-891
-733
-174
-264
-649
-562
-657
-1014
-756
-703
-798
-820
-1008
-888
-1082
-856
-336
-475
-874
-414
-236
-610
-239
-113
-844
-1177
-958
-1130
-1576
-1043
-432
-764
-814
-68
-211
-721
-317
12
-752
-1617
-1782
-1805
-2047
-2099
-2111
-2443
-2127
-1651
-1711
-1789
-1603
-1641
-2014
-2308
-2144
-2034
-2627
-2839
-2746
-2760
-2722
-2838
-2710
-2479
-2396
-2064
-2047
-1848
-1364
-1346
-1723
-1949
-1842
-2192
-2453
-2566
-2679
-3034
-3410
-3739
-3686
-3339
-2847
-2418
-2653
-2556
-2204
-2273
-2850
-3481
-3763
-4419
-4984
-4371
-4084
-4459
-4179
-4127
-4195
-3499
-2922
-3132
-3313
-3063
-3512
-3963
-4315
-4580
-4544
-4585
-4308
-4134
-3746
-3604
-3953
-4083
-3786
-4100
-4853
-4716
-4452
-4577
-3919
-3491
-3601
-3238
-3331
-3682
-3628
-3595
-4072
-4528
-4645
-4839
-5020
-4904
-4509
-4755
-4714
-4491
-4920
-5021
-4349
-3895
-4217
-4251
-4165
-4237
-4259
-4236
-4335
-4814
-4867
-4801
-4649
-4348
-4167
-4378
-4762
-5232
-5511
-5125
-4569
-4414
-4297
-4313
-4154
-3569
-3101
-3096
-3216
-3220
-3388
-3228
-2998
-2816
-2858
-3578
-3492
-3101
-3322
-3331
-3091
-3210
-3390
-2856
-2896
-3321
-3058
-2856
-3496
-4249
-3884
-3432
-3932
-3857
-3207
-3029
-3022
-2886
-2815
-2487
-2295
-2814
-3595
-3959
-3799
-3512
-3267
-2461
-1868
-1357
-1064
-709
-895
-1236
-1407
-2232
-2408
-2096
-1761
-1657
-1828
-1676
-1192
-1079
-1124
-971
-1133
-1388
-1817
-2205
-2363
-2104
-1521
-1479
-1466
-1094
-1071
-1427
-1582
-1065
-1051
-1646
-1529
-1038
-966
-847
-820
-1163
-965
-623
-1019
-1120
-622
-118
-95
-383
-181
-190
-339
104
76
-253
-665
-1204
-1573
-1699
-1703
-1275
-904
-582
127
176
-127
-21
256
35
-320
-133
-264
-348
-77
-240
-512
-212
413
394
-22
248
30
-534
-519
-282
-392
-483
-526
-420
-613
-529
-207
-316
-344
-327
-402
-172
-4
-264
-470
-1042
-1670
-1528
-1293
-1178
-442
92
51
18
7
416
637
887
793
278
88
285
595
589
1086
1403
1218
1409
1551
1435
944
168
-425
-904
-951
-674
-814
-823
-216
136
3
389
1325
1178
620
466
650
626
80
339
689
800
975
946
966
1269
1215
1233
1717
1724
1542
1382
836
535
621
453
253
340
951
1676
1909
1820
2108
1866
1645
1486
1020
798
662
626
489
685
1158
1327
771
775
1534
1715
1515
1458
1400
1582
1681
1605
1962
2297
2161
2395
2598
2358
2011
1572
1833
2249
2367
2165
1796
1628
1739
1862
1822
1749
1782
1685
1769
2145
2383
2356
2077
1887
2358
2781
2806
3165
3404
3248
3029
2825
2683
2695
2933
2803
2706
2598
2948
3218
2793
2837
2936
2647
2563
2997
3239
3565
3814
3713
3536
3408
3833
3918
3461
3573
4016
3494
2639
2654
2787
2500
2338
2575
2392
2156
2258
2187
2150
2999
3924
3594
3215
3892
3379
2198
2024
1909
1588
1741
2528
2597
2311
2748
2929
2236
2217
2749
2550
1828
1943
2369
1991
1913
2267
2208
1917
1848
1917
2003
1644
1314
1099
821
871
929
858
677
550
952
883
487
695
309
-329
-189
96
119
351
891
794
616
438
490
263
16
411
85
-508
-479
-245
-566
-734
-233
-375
-423
56
167
-86
-316
-417
-474
-656
-590
-220
-540
-827
-374
-985
-1354
-1043
-1194
-871
-280
-470
-590
-388
-781
-1266
-1180
-884
-1202
-1453
-1174
-1155
-1712
-1822
-1640
-1874
-1739
-1346
-1147
-1061
-839
-954
-1307
-1509
-1250
-1296
-1270
-1318
-1946
-2246
-2113
-2349
-2651
-2351
-2315
-2431
-2091
-1573
-1297
-1628
-1959
-2071
-2141
-1783
-1875
-2035
-1941
-1559
-1260
-1482
-1190
-987
-1150
-1317
-1204
-1260
-1721
-2113
-2156
-2280
-2761
-2713
-2308
-2213
-1781
-1275
-1072
-1301
-1217
-888
-844
-1012
-831
-679
-1445
-1917
-1551
-1740
-1812
-1224
-1225
-1311
-901
-538
-636
-877
-953
-807
-877
-644
-329
-855
-1183
-879
-636
-526
142
247
-83
20
-194
-769
-852
-459
-138
-494
-42
630
19
-758
-945
-1069
-1583
-1580
-1388
-1546
-1701
-1581
-1481
-1267
-576
137
383
184
256
1080
1359
702
414
579
54
-770
-596
-400
-542
-513
-416
-384
-308
134
345
-238
-88
307
-169
-359
0
107
-383
-316
-71
-521
-779
-474
-284
-498
-577
-495
-879
-902
-25
89
-320
-258
-227
-759
-1046
-712
-687
-979
-1039
-991
-1102
-945
-725
-978
-1255
-1031
-729
-1035
-1518
-1387
-1005
-1423
-1590
-1269
-1208
-1252
-949
-961
-1426
-1178
-758
-787
-1002
-492
-408
-1222
-1112
-473
-1024
-1821
-1402
-1095
-1975
-1530
-543
-896
-1425
-840
-111
-835
-609
-222
-643
-1111
-418
249
-479
-648
-525
-845
-1092
-647
-530
-1246
-1176
-722
-877
-544
252
449
430
939
1076
824
562
649
1038
634
37
0
-127
-330
-16
362
373
334
38
-12
190
156
274
-117
-471
450
1026
919
688
774
907
434
269
741
954
816
1662
2017
1579
2119
2502
2095
2026
2575
2374
1513
1312
1628
1061
491
739
744
441
1004
1388
1146
1270
1418
1273
948
1296
1610
1442
1445
1817
2036
1342
1254
1939
2086
1941
2393
2798
2514
2768
3582
4165
4249
4019
3680
3013
2837
3653
3650
3055
3370
4150
4161
4401
4655
4290
3809
3673
3749
3525
3488
3685
3687
3723
4160
4489
4471
4568
4733
4758
4144
3651
3832
3559
3672
4181
4093
3954
4235
4550
4527
4534
4292
4025
4027
4095
4172
3627
3489
3887
4069
4716
5259
5647
5854
5885
5835
5589
5346
5327
5125
4452
3929
3926
4002
3779
3597
3869
3974
3503
3739
4579
4404
4139
4644
4197
3296
3394
3730
3749
3648
4014
3782
3217
3419
3665
3581
3380
3751
3605
3179
3702
4279
4247
4464
4725
3939
3289
3494
3513
2763
2340
2242
1909
2037
2649
3106
3210
3246
3466
3014
2342
2315
2148
1880
1839
1635
1654
1552
1579
1823
2064
2356
2389
2371
2377
2683
2912
2817
2396
1979
1890
2291
2442
2211
2101
1761
1484
1528
1657
1941
1990
1738
1725
2138
2341
2356
2177
1814
1291
844
775
269
179
691
937
984
1010
1439
1671
1636
2091
2309
2186
2351
2440
2415
2022
1828
1885
1656
1848
1978
1521
1243
1642
1771
1612
2073
2635
2926
2722
2132
1811
1660
1509
1143
969
1091
1226
1093
836
1224
1567
1611
1338
804
885
937
755
1306
1980
1587
1129
986
1000
899
832
572
145
5
44
140
529
1070
1127
931
938
1326
1332
839
387
-356
-930
-921
-855
-710
-411
130
431
357
576
917
746
480
559
509
244
468
1007
950
946
1141
780
94
-110
289
103
106
641
726
608
512
589
24
-346
3
202
-406
-698
-186
-399
-1007
-1056
-977
-1293
-1598
-1180
-1023
-984
-490
110
-27
-61
576
362
-148
88
534
124
-419
-258
-397
-967
-786
-474
-888
-1080
-595
-625
-1297
-915
-344
-480
-589
-384
-449
-1296
-1885
-1272
-1284
-1932
-1800
-1629
-2012
-1882
-1120
-1203
-1193
-643
-437
-1187
-1726
-1455
-1467
-1861
-1873
-1772
-2372
-2649
-2095
-1945
-2270
-2420
-1963
-2258
-2740
-2043
-1870
-2743
-2667
-2315
-3007
-3527
-3252
-3075
-3758
-3491
-2691
-2632
-2413
-1725
-1849
-2929
-2950
-2486
-2858
-2941
-2283
-1803
-2202
-2141
-1689
-1805
-1756
-1570
-1553
-1983
-2043
-1543
-1737
-1656
-1356
-1365
-1426
-1426
-906
-857
-1498
-1793
-1478
-1847
-2187
-1817
-1651
-1915
-2127
-1913
-1710
-1533
-1155
-1067
-1492
-1441
-779
-799
-1225
-861
-742
-1107
-1134
-1093
-975
-1056
-649
-145
-95
345
856
862
825
876
635
-352
-669
-562
-699
-684
-702
-794
-857
-570
-478
-559
-254
-33
-75
-496
-389
-158
62
374
655
841
848
732
135
-104
-96
-459
-1079
-1348
-945
-980
-951
-146
372
464
886
872
506
189
-18
-558
-1055
-871
-939
-576
-279
161
282
-136
27
381
100
201
282
126
313
339
672
710
445
474
-22
-577
-616
-482
-478
-695
-454
-11
95
634
1069
872
492
411
420
-339
-774
-610
-394
-555
-352
19
-4
493
1096
1170
1430
1803
1571
1238
1150
1121
918
805
774
753
642
761
825
841
954
609
419
548
730
814
1043
1670
1471
913
822
634
297
302
604
232
-2
164
410
112
81
361
10
-266
-400
-582
-837
-899
-815
-880
-1206
-1111
-524
-265
-175
-117
143
290
163
276
119
-381
-854
-1022
-1166
-1266
-771
-549
-808
-711
-689
-1100
-1527
-1665
-1722
-1667
-1184
-641
-1067
-1567
-1548
-1589
-1633
-1518
-1424
-1697
-1908
-1789
-2012
-2184
-1893
-1450
-1507
-1104
-481
-178
-226
-746
-703
-475
-82
-4
-359
-872
-917
-422
-90
133
618
888
709
604
680
716
671
629
845
896
1235
1465
1210
1165
1004
832
708
361
366
833
1027
690
653
583
59
-293
-384
-90
-107
-305
-337
-630
-857
-800
-1003
-1273
-1033
-467
-489
-795
-747
-670
-722
-879
-979
-1153
-1185
-1321
-1378
-1468
-1492
-1363
-1597
-1650
-1387
-1583
-2009
-2168
-2009
-1762
-2140
-2186
-2026
-2134
-2266
-1977
-1846
-2024
-1659
-1311
-1467
-1634
-1300
-1206
-1800
-2568
-3120
-3427
-3623
-3232
-2947
-3074
-2907
-2377
-2129
-2231
-2060
-2096
-2574
-3397
-3532
-3489
-3881
-3841
-3503
-3493
-3560
-2466
-1636
-1524
-1234
-905
-1121
-1954
-2446
-2046
-2110
-2553
-2296
-2612
-3380
-2850
-1961
-2065
-2062
-1503
-1617
-2517
-2494
-1702
-2444
-3812
-3868
-3928
-4106
-3697
-2950
-2942
-3366
-3099
-2564
-2966
-3304
-2778
-3319
-4152
-3851
-3236
-3231
-3533
-2919
-2573
-3321
-3364
-3147
-3992
-4567
-4021
-3894
-4494
-4468
-4039
-4283
-4274
-3101
-2384
-2637
-2685
-2394
-2640
-3290
-3071
-3093
-3831
-4274
-3943
-3894
-4001
-3328
-2872
-3207
-3227
-2505
-2745
-3793
-3829
-3423
-3880
-4377
-4152
-4151
-5016
-5188
-4246
-3986
-4171
-3638
-3623
-4384
-4466
-4025
-4148
-4418
-4324
-4013
-4144
-4641
-4313
-4143
-4748
-4390
-3517
-3335
-3396
-3304
-3241
-3781
-3693
-3259
-3387
-3736
-3313
-2816
-2952
-2845
-2446
-2343
-2670
-2644
-2381
-2757
-3258
-3197
-3081
-3175
-3295
-2839
-3043
-3328
-2564
-2133
-2606
-2796
-2614
-2904
-3155
-3308
-3280
-3557
-3897
-3192
-2530
-2820
-2767
-2521
-2741
-2897
-2662
-2260
-2412
-2714
-2756
-2548
-2420
-2020
-1260
-1366
-1626
-1251
-966
-1238
-1305
-1406
-1937
-2302
-2378
-2325
-2359
-2731
-2497
-2031
-2074
-2119
-2203
-2164
-1949
-1450
-955
-901
-1008
-744
-540
-1163
-1217
-1191
-1848
-2451
-2394
-2119
-2173
-2021
-1580
-1462
-1385
-764
-253
-529
-920
-750
-899
-1333
-1579
-1263
-1188
-1498
-848
-275
-401
-415
-83
-80
-351
50
16
-778
-809
-391
-370
-620
-545
86
214
-390
-360
167
-282
-673
-206
-357
-811
-699
-227
-224
-180
844
1338
715
811
1456
1039
533
881
1155
594
351
905
1066
788
997
1308
1094
1139
1456
1602
1561
1727
1955
1432
940
1172
1195
741
779
1250
1267
997
1301
1630
1281
1605
2311
2321
2133
2084
2402
2499
2597
3091
3302
2815
2764
3611
3663
3018
2953
3234
2867
2300
2709
2763
2230
2361
2931
2990
2652
3427
4051
3629
3476
4218
4284
3178
2895
3334
3246
3060
3619
4003
3819
4401
5076
4840
4525
4664
4604
3493
3430
4280
4096
3577
3981
4654
4502
4435
4643
4571
4274
4484
4893
4516
4049
4207
3968
3370
3566
4217
4166
3840
3812
4069
3905
3811
4330
4531
4117
4080
4369
4283
4433
5011
5339
5309
5150
5274
5084
4703
4931
5122
4732
4665
4842
4615
4632
5056
5376
5114
4662
4417
4812
4964
4872
5033
4585
4048
3988
3984
4047
3896
3483
3407
3318
3268
3619
3721
3223
3161
3677
3810
3842
3991
4089
3992
3983
4473
4410
3695
4216
5112
4875
4577
5125
5227
4584
4525
4712
4229
3666
3805
3807
3327
3002
3547
3643
3390
4031
4789
4616
4262
4541
4173
3252
3032
3044
2343
1677
2200
2439
1872
2252
3080
2638
1485
1374
1625
558
-232
401
187
-599
199
1171
740
391
1317
1617
393
119
623
-132
-1011
-359
421
-584
-775
735
1106
682
1100
1420
545
-225
303
448
-422
-694
-33
-168
-757
24
502
-178
-380
-146
-564
-1088
-989
-612
-1163
-1465
-858
-740
-1521
-1775
-1265
-1365
-2028
-1936
-1607
-2015
-1765
-583
-297
-733
-523
-351
-860
-1214
-992
-1127
-1742
-1828
-1309
-1302
-1620
-943
-546
-1206
-1070
-263
-437
-1196
-1209
-1211
-2022
-2204
-1572
-1418
-1528
-1105
-577
-835
-1169
-1056
-950
-1147
-1293
-746
-1206
-2101
-2134
-1900
-1900
-1626
-971
-1005
-1775
-1917
-1575
-1990
-2900
-2925
-2939
-3223
-2955
-2424
-2265
-2587
-1853
-1258
-1335
-1278
-1248
-1376
-1730
-1641
-1563
-2103
-2497
-2216
-2082
-2431
-2088
-1596
-1769
-2077
-1849
-1670
-2114
-2053
-1496
-1794
-2409
-2351
-2496
-2655
-2436
-2095
-1646
-1472
-1292
-833
-868
-1265
-1050
-871
-1478
-1961
-1664
-1602
-1926
-1739
-1542
-2003
-2289
-1599
-1095
-1311
-1141
-703
-1036
-1470
-1038
-317
-492
-427
-170
-574
-391
60
14
-536
-623
-616
-1067
-1389
-967
-645
-819
-802
-754
-1006
-1233
-912
-1301
-1763
-1193
-1416
-2297
-2204
-1584
-1704
-1901
-1828
-1720
-1628
-1687
-1909
-2009
-1818
-1661
-1342
-777
-539
-446
-569
-710
-1052
-1084
-1258
-1551
-1463
-1558
-1890
-2035
-2022
-2010
-1677
-1565
-1554
-1203
-817
-651
-723
-987
-1362
-1823
-1710
-1311
-1283
-1058
-806
-871
-1061
-1098
-1059
-1344
-1266
-1153
-1329
-1157
-1146
-1328
-1688
-1904
-1678
-1673
-1928
-1603
-982
-729
-751
-417
-211
-96
394
462
161
-168
-156
-332
-632
-179
448
526
383
1202
1749
1471
1300
1296
980
642
705
939
1036
928
1203
1323
929
1088
1271
807
551
957
1281
1364
1567
2098
2252
1716
1765
1954
1217
662
992
1000
1127
1743
1994
1656
1216
1556
1505
981
1150
1637
1652
1664
2715
2986
2507
2474
2906
2935
2885
3301
3509
3227
3286
4268
4487
3796
4054
4402
4040
4120
4150
3917
3897
3944
3759
3492
3091
3527
4229
3852
3829
4410
4164
3974
4293
4989
4708
4007
4178
4678
4877
4809
5745
5734
4829
4494
4197
3612
3475
3712
3589
3700
4180
4407
4069
3930
4293
4358
3738
3838
4487
4645
4744
5147
5246
5107
5149
5020
4724
4748
5161
5025
4271
4269
4877
4785
4525
4700
4716
4279
4306
4579
4551
4544
4723
4844
4485
4528
4625
4264
3821
3861
4193
3791
3365
3979
4344
4188
4451
4145
3883
3681
3459
3301
2945
2946
2822
2487
2695
3067
3262
3248
2893
2657
2444
2298
2511
2545
2204
1691
1022
1055
1520
1760
1955
2067
2177
2521
2609
2666
2834
2597
1802
888
463
692
1107
1053
1206
1555
1568
1507
1430
973
731
888
594
175
-44
116
500
455
540
780
436
230
371
668
590
114
-96
175
426
227
31
-19
-75
-74
-143
-263
-234
56
315
276
-136
-339
-692
-1287
-1092
75
82
-62
203
-173
-429
-553
-668
-1053
-1489
-1163
-501
-347
-261
-307
-532
-517
-182
-404
-1081
-1342
-1680
-2188
-2278
-2037
-1809
-1614
-1496
-961
-674
-435
188
48
-263
-366
-639
-1310
-1791
-1565
-1531
-1560
-1418
-1251
-1187
-1087
-1090
-793
-728
-1119
-1202
-1021
-1162
-1035
-740
-1030
-1431
-1451
-1479
-1637
-1868
-1764
-2234
-2612
-2229
-1919
-1611
-1547
-1759
-1985
-1969
-1501
-1457
-1600
-1261
-1398
-1578
-1499
-1172
-1058
-1449
-1702
-1717
-1806
-2099
-2591
-2439
-1870
-1627
-1846
-2050
-1769
-1604
-1592
-1954
-2214
-2547
-2644
-2614
-2200
-1509
-1224
-1145
-1344
-1298
-1440
-1682
-1525
-1568
-1904
-1861
-1657
-1638
-1497
-1481
-2098
-2541
-2257
-2226
-2672
-2859
-2427
-2555
-3041
-2517
-2089
-2333
-2204
-1615
-1614
-2066
-1919
-1363
-1397
-1456
-819
-767
-1536
-1511
-847
-944
-1090
-915
-910
-1350
-1769
-1864
-2015
-2415
-2533
-2150
-2174
-2055
-1607
-1383
-1308
-1005
-1215
-1707
-1811
-1825
-1855
-2104
-2319
-1850
-1565
-1185
-603
-696
-1266
-1265
-1455
-1818
-1529
-1243
-1291
-1693
-1929
-1571
-1310
-1418
-1025
-676
-857
-699
-393
-607
-978
-898
-1249
-1838
-1889
-1466
-1275
-1494
-995
-773
-1294
-1680
-1490
-1445
-1812
-1861
-1906
-1872
-1683
-1423
-1085
-1043
-1114
-1044
-891
-626
-363
-393
-503
-500
-148
67
-57
-317
-501
-712
-854
-836
-1337
-1335
-1089
-1160
-694
-235
-5
-83
-163
-53
383
675
503
369
392
670
888
1020
1298
1247
1144
1341
1645
1662
942
574
820
1158
1429
1752
2051
2085
2393
2827
3147
3285
3126
3212
3089
2618
2679
2490
2161
2478
2734
2735
2795
2474
2457
2689
2686
2640
2529
2557
3031
3283
3666
4040
3747
3639
4020
4005
3899
4232
3977
3728
3668
3578
3762
3585
3241
3229
3055
2593
2663
2564
2186
1857
2273
2660
2478
2416
2673
2655
2323
2575
3079
3000
2977
3033
3066
2952
2725
2770
2884
2810
2876
2684
2590
2521
2383
2103
2221
2593
2399
2673
3225
3208
2907
2686
2378
2133
1958
2292
2536
2501
2707
2513
2311
2601
2728
2404
2082
2044
1858
1842
1750
1957
2267
2320
2685
2613
2488
2717
2707
2226
1924
2213
2211
1610
1691
1941
2013
2154
2353
2377
2003
1899
1785
1281
1343
1888
1994
1753
2195
2595
2620
2435
2433
2433
2107
1450
1350
1479
1161
1155
775
47
118
493
716
1227
1236
838
531
70
161
341
-82
-137
170
136
260
-269
-920
-356
-220
-291
-167
44
-181
-703
-1186
-1521
-1630
-1807
-2070
-2320
-2361
-2586
-2710
-2899
-2607
-1991
-1886
-2121
-2143
-1876
-2350
-3047
-3414
-3550
-3444
-3226
-3412
-3492
-2727
-2318
-2996
-3796
-3565
-3219
-3424
-3552
-3157
-3269
-3364
-3310
-3545
-3672
-3575
-3798
-4209
-3859
-3030
-2809
-2654
-2498
-2662
-2503
-2770
-3160
-3138
-3369
-3353
-3740
-4133
-3815
-3441
-3673
-3559
-2861
-3256
-3578
-3914
-4275
-4515
-4799
-5068
-5519
-5104
-4691
-4151
-3619
-3593
-3529
-3509
-3624
-3919
-3945
-3978
-4332
-4648
-4323
-4024
-4440
-4717
-4754
-4825
-4628
-4831
-5082
-4823
-4368
-4080
-4189
-4036
-4249
-4584
-4593
-5003
-5373
-5506
-5855
-6093
-6039
-5762
-5321
-4830
-4775
-5005
-4920
-5155
-5342
-5179
-5120
-5527
-5673
-5296
-5239
-5247
-4967
-4623
-4767
-5085
-4956
-5100
-5338
-5183
-5148
-5370
-5221
-5269
-5353
-5252
-5467
-5301
-5202
-5246
-5119
-5453
-5756
-5572
-5030
-5089
-4998
-4476
-4342
-4310
-4097
-4055
-4134
-4027
-3440
-2727
-3153
-3776
-3895
-4350
-4702
-4782
-4502
-4339
-4597
-4879
-4729
-4100
-3670
-3799
-4060
-4099
-4107
-3884
-3850
-3718
-3333
-3510
-3850
-4004
-3696
-3243
-3051
-3187
-3142
-3273
-3823
-3973
-3572
-3235
-3441
-3743
-3859
-4192
-4280
-3822
-3534
-3719
-3476
-3128
-3279
-3236
-2731
-2761
-3274
-3321
-3152
-3187
-3441
-3012
-2942
-3484
-3757
-3795
-3780
-3299
-2786
-3248
-3725
-3294
-2826
-2484
-2479
-2348
-2108
-2749
-3329
-3400
-3139
-3248
-3029
-2753
-2865
-2866
-2711
-2252
-2600
-3082
-2891
-2974
-3331
-3120
-2577
-2388
-2321
-1950
-1432
-1616
-1874
-1572
-1438
-1931
-2087
-2110
-2439
-2263
-2090
-2300
-2247
-1931
-1671
-1562
-2024
-1880
-1565
-1663
-1332
-905
-992
-1058
-788
-882
-975
-816
-530
-176
-237
-15
185
93
104
-50
4
0
131
149
-553
-643
-690
-558
-496
-456
265
771
1237
1396
1616
1164
478
447
238
-19
-126
-126
-270
-176
89
-130
84
263
201
74
-85
-163
-318
32
615
899
811
879
1342
1022
970
1405
1392
1352
1264
1462
1478
1221
1202
992
481
512
930
945
1177
1470
1682
1588
1542
2124
2135
1549
1974
2352
2249
2729
3648
3579
3531
4421
4199
3972
4192
4245
3780
3488
3874
3874
3280
3203
3922
3799
3755
4534
4272
4102
4524
4678
4787
4705
5233
5515
5008
4834
5292
5232
4831
5420
5814
5581
5790
5999
5707
5456
5437
5624
5401
5414
6096
5992
5188
5327
6094
6071
6089
6901
7082
6722
6993
7007
6409
6192
6303
5977
5665
6042
6294
6102
6272
6854
6638
5754
5326
5438
5145
5108
5870
5785
5266
5742
6305
6695
7194
7117
6286
5567
5491
5736
5461
5084
5120
5171
5200
5385
5833
6034
5904
5740
5453
4982
5050
5295
5365
5256
5410
5739
5810
5736
5717
5466
5722
6250
6010
5827
5858
5477
4586
4244
4287
4078
4075
4639
4925
4429
4198
4007
4084
4253
4175
3989
3574
3562
3786
3764
3518
3806
4207
4130
3859
3777
3557
3118
2800
2826
3055
2902
2682
2706
2808
2628
2338
2224
2341
2085
1607
1482
1522
1362
1416
1609
1543
1109
1284
1155
710
909
980
699
902
1929
2016
1438
1370
1295
800
627
728
19
-527
-334
-452
-924
-859
-83
136
-128
207
303
-231
-364
-326
-1062
-2040
-1900
-1963
-2280
-1779
-1387
-1887
-2195
-2004
-2199
-2208
-1908
-2012
-2405
-2630
-2371
-2268
-2190
-1634
-1961
-2386
-2126
-1943
-1928
-1607
-1350
-1502
-1957
-2088
-1667
-1436
-1677
-2162
-2025
-1815
-1922
-1591
-1765
-2046
-1896
-1862
-1866
-1898
-1939
-1890
-2453
-2881
-2440
-2081
-2110
-1685
-1039
-1264
-1780
-1923
-2110
-2456
-2400
-2754
-3737
-3400
-2574
-2197
-2096
-1649
-1727
-2127
-1859
-1272
-1116
-1219
-1275
-1870
-2796
-2770
-2273
-2570
-2714
-2270
-2231
-2236
-1693
-1155
-798
-799
-715
-691
-1054
-1369
-1386
-1561
-1825
-1665
-1317
-1127
-863
-294
-353
-642
-558
-1150
-1990
-2229
-1717
-1357
-1549
-1498
-1271
-1098
-1149
-892
-1336
-1811
-1544
-1567
-1926
-1801
-1246
-1151
-817
-529
-518
-604
-1225
-1604
-1620
-1625
-1083
-1021
-1201
-1030
-1089
-852
-614
-753
-778
-341
-177
-522
-336
-37
-127
-271
342
785
418
407
410
-461
-614
-32
-360
-687
-186
269
253
348
432
21
-392
160
337
-92
87
608
-23
-717
-450
-416
-791
-712
-437
-673
-1118
-925
-1020
-1062
-820
-433
-37
-565
-802
-817
-1271
-1706
-1644
-1441
-1421
-1163
-1194
-1311
-1503
-1574
-1629
-1924
-1761
-1311
-1496
-1894
-1554
-1275
-1594
-1865
-1676
-1777
-2236
-2132
-1951
-2468
-2232
-1851
-2292
-2244
-1633
-1469
-1849
-1838
-1898
-2517
-2469
-2073
-2074
-2288
-1833
-1334
-1594
-1710
-1172
-867
-1355
-1841
-2065
-1926
-1666
-1169
-311
-45
-230
-126
-99
-70
152
122
-219
-775
-1319
-1455
-1838
-1513
-846
-721
-416
135
57
-253
-428
-504
-772
-751
-692
-707
-516
-414
-632
-952
-994
-766
-709
-777
-802
-874
-776
-550
-415
-268
270
387
395
607
646
532
294
588
745
559
547
619
246
-22
419
212
-453
68
738
614
982
1191
773
585
866
1032
1002
1455
1621
1043
964
2026
2453
2211
2595
2650
2195
2334
2592
2495
2396
2351
2412
2189
2687
3323
2651
2569
3193
3354
2875
2599
3128
3230
2777
2908
3169
2769
2279
2396
2621
2527
2636
2846
3113
3087
3649
4029
3235
3438
3957
3569
3355
3913
3865
3160
3416
3954
3977
3828
4311
4448
3592
3646
4203
4036
3676
3754
3656
2853
2836
3489
3422
3403
4145
4380
4164
4711
5209
5059
4669
4557
4297
3289
3451
3973
4029
3893
3583
3298
2979
3391
3964
4199
4169
4004
3623
3100
2885
2906
2695
2279
2431
2528
2278
2409
2853
3038
2536
2006
1909
1213
1047
1601
1071
372
802
1003
704
885
1436
1522
731
176
-291
-566
80
635
509
453
928
976
585
821
1107
605
-47
-339
-387
-492
-833
-568
-477
-1058
-1385
-1448
-1639
-1833
-1782
-1583
-1811
-1785
-1289
-1284
-1552
-1371
-1304
-2151
-2810
-2823
-3166
-3382
-2873
-2037
-1700
-1841
-1469
-1148
-1692
-2232
-2125
-2763
-3181
-2683
-2940
-3524
-3290
-2776
-2961
-2784
-2312
-2788
-3233
-3273
-3032
-2849
-2792
-2894
-3362
-3708
-3648
-3385
-3559
-3775
-3449
-3551
-3672
-3293
-2483
-2140
-2882
-3051
-3182
-3743
-3592
-2924
-2795
-3459
-3088
-2848
-3250
-3370
-3089
-2509
-3214
-4045
-4008
-4156
-4083
-3119
-2319
-2547
-2457
-1809
-2129
-2546
-1701
-1748
-3341
-3725
-2995
-3247
-3523
-2692
-2055
-2560
-2152
-1043
-897
-1178
-966
-763
-1444
-2424
-2259
-2002
-2008
-1188
-665
-1041
-1324
-894
-930
-1430
-1078
-597
-937
-1403
-864
-290
-672
-795
-908
-1662
-2015
-934
-547
-1063
-1189
-655
-129
-237
128
457
-514
-1332
-1228
-1284
-1525
-1276
-730
-1006
-1371
-949
-823
-1375
-1179
-418
-933
-1455
-1005
-838
-598
-329
-210
-592
-681
-445
-552
-618
-639
-774
-1115
-1301
-866
-243
-333
-509
-367
-429
-4
434
652
751
541
752
585
-11
610
1227
357
-198
404
594
18
322
799
304
243
917
618
-218
4
-64
-728
-691
93
271
86
522
904
528
-182
273
391
-547
-492
-574
-1275
-1427
-1217
-1076
-811
-523
11
336
145
4
-219
-1152
-1598
-1514
-2032
-2261
-1642
-961
-928
-562
52
-124
-564
-602
-339
-871
-1459
-903
-639
-566
-91
-28
-380
-762
-484
-259
-1211
-1229
-399
-698
-1174
-345
-449
-1229
-874
-293
-559
-1081
-536
-326
-859
-325
461
-12
-735
-594
-489
-901
-569
-204
-1129
-1427
-471
-161
-951
-737
82
-468
-923
-354
-262
-1188
-1214
-825
-1130
-1580
-1384
-1203
-1753
-1305
47
195
-427
-24
118
-572
-348
393
130
-173
418
856
326
146
607
284
-108
797
1248
476
282
744
898
440
593
789
-70
-582
235
736
309
729
977
176
-30
574
590
336
707
1178
1423
1534
2050
2215
1396
1443
1840
1287
919
991
962
889
901
1536
1788
1483
1901
2352
2155
1766
1414
820
353
700
1354
1102
1036
1746
1916
1584
1583
1623
1168
614
607
920
661
844
1214
870
447
557
406
244
624
814
565
440
726
1076
1058
1066
1502
1819
1144
671
553
372
230
515
1202
1124
1220
1828
1640
739
262
620
280
-204
90
368
329
322
965
1011
827
1181
1034
495
524
853
365
308
678
782
494
394
731
531
200
374
19
-884
-1068
-971
-1267
-1332
-895
-526
-834
-727
-263
-715
-1204
-643
-591
-1284
-1060
-1027
-1490
-1470
-1148
-1208
-1671
-1768
-1844
-2225
-2621
-2633
-2767
-3027
-2886
-2573
-2435
-2757
-2998
-2824
-2938
-3131
-2948
-3014
-3883
-3857
-3641
-3701
-3420
-3407
-3582
-4080
-3998
-3407
-3510
-4250
-4419
-4329
-5041
-4928
-4193
-4012
-4182
-3774
-3645
-4213
-4398
-4095
-4349
-4928
-4710
-4658
-5018
-4889
-4528
-4429
-4539
-4637
-4681
-4999
-5268
-5033
-5162
-5441
-5376
-5404
-5561
-5430
-5358
-5062
-4845
-5471
-5594
-5701
-6005
-5996
-6032
-6031
-6353
-6540
-6240
-5774
-5891
-5392
-4954
-5348
-5237
-4909
-5120
-5410
-5065
-5118
-5467
-5230
-4621
-4610
-4645
-4140
-4414
-4920
-4543
-4379
-4693
-4581
-4581
-5025
-5038
-4864
-4310
-3957
-3997
-3598
-3622
-4369
-4396
-4165
-4529
-4589
-4303
-4520
-4731
-4281
-4016
-4409
-4596
-4654
-4829
-5054
-4989
-4440
-3870
-3847
-3462
-3220
-3408
-3156
-3017
-3381
-3466
-3417
-3611
-3695
-3468
-3188
-3295
-3530
-3023
-2887
-3345
-3269
-2903
-3163
-3310
-2712
-2864
-3560
-3563
-3116
-3470
-3731
-3111
-2951
-3307
-2871
-2688
-3495
-3501
-2648
-2449
-2643
-2173
-1961
-2551
-2300
-1727
-1655
-1620
-1427
-1256
-1148
-957
-945
-1419
-1563
-1281
-1259
-1488
-1358
-1090
-1151
-1125
-1291
-1340
-1225
-1022
-834
-914
-1090
-974
-1036
-1007
-481
-129
269
694
708
989
1443
1555
1949
2012
1516
1275
1584
1558
1690
1915
1636
1260
1454
1978
2056
2156
2885
2842
2140
2046
2203
2005
2058
2376
2405
2299
2207
2140
2045
2176
2355
2267
1858
1767
2042
1925
2124
2595
2472
2532
2822
3098
2791
2499
2121
1423
1364
1807
1916
1605
1890
2442
2649
3034
3795
3736
2836
2558
2272
2110
2407
2673
2675
2710
2758
2876
3525
3792
3541
3320
3069
2938
2775
2737
2901
2608
2757
3191
2916
2848
3496
3802
3575
3622
3460
3058
3382
3899
3754
3231
3067
3153
3238
3898
4460
4104
3899
3719
3588
3420
3341
3391
3222
3075
3117
3554
3570
3575
4023
4383
4467
4337
4781
4930
4318
4247
5057
5157
4923
5494
5587
5090
5137
5325
4835
4005
4403
5076
5385
5255
5043
4822
4696
5218
5294
5227
5446
5664
5381
5017
5104
5301
4958
4441
4520
4312
4016
4390
4342
4147
4534
4443
4003
3874
4460
4839
4387
3938
4214
4268
4079
4204
4363
4451
3995
3709
3990
4255
4716
5318
4709
4335
4971
4969
4586
4549
4658
4068
3595
4004
4577
4707
4544
4465
3918
3730
4085
3720
3126
3283
3160
2563
2368
2981
3624
3468
2928
3031
3465
3344
3250
3670
3806
3527
3204
2791
2749
3054
3063
2773
2266
2385
2923
3415
3806
4496
4900
4615
4088
3802
4172
4117
3902
3955
3766
3565
3893
4305
4578
4698
4820
4544
4294
4749
4664
4055
3755
3697
3404
2799
2586
3191
3415
3477
4007
3619
3252
3609
3431
2741
3039
3490
3017
2604
3021
3781
3539
3229
3668
3626
3085
3130
3081
2617
2450
2638
2522
2459
2905
3145
2542
1938
2117
1964
1304
1221
1525
1770
2039
2300
2540
2366
2038
2218
1675
858
1238
1223
619
726
1462
1276
765
1494
1767
1217
1238
1248
105
-457
266
257
-424
-159
626
440
453
1165
1276
884
486
525
8
-743
-626
-468
-616
-674
-300
-201
-579
-207
370
-254
-619
529
520
-333
-277
-125
-808
-1584
-727
-29
-294
497
1342
535
414
1081
603
384
614
381
-314
-598
-324
174
61
82
117
-509
-677
-719
-1498
-2179
-2045
-2509
-2797
-2399
-1911
-1442
-1318
-1318
-1233
-1068
-1486
-1934
-1884
-1819
-1596
-1738
-2258
-2364
-1996
-1911
-2159
-2250
-1871
-1855
-2579
-2673
-2142
-2128
-2417
-2721
-2765
-2310
-2137
-2392
-2446
-2042
-1807
-1942
-1961
-1974
-1842
-1844
-2331
-2621
-2303
-2580
-3075
-2844
-2112
-1895
-2131
-2074
-1954
-1911
-1812
-1784
-2206
-2342
-2033
-2088
-2087
-1645
-1387
-1707
-2141
-1268
-901
-1644
-1734
-1626
-1848
-1994
-1810
-1990
-2189
-1679
-1335
-1440
-1238
-188
58
-932
-857
-176
-816
-1668
-1440
-1165
-1184
-619
-231
-667
-360
331
282
13
633
1185
500
110
885
1039
181
364
750
766
695
572
126
-302
128
751
610
484
1161
1323
433
422
1200
1265
663
531
883
387
92
524
477
142
849
1004
117
78
1021
999
192
789
1348
504
471
1479
1652
1093
1231
1264
817
832
1344
1179
828
1066
1164
749
843
1801
1572
649
440
599
414
359
667
739
470
218
378
455
728
1364
1249
717
661
567
529
653
793
655
325
-375
-410
-121
-593
-1051
-1609
-1666
-1207
-1220
-1246
-964
-606
-859
-918
-429
123
450
162
86
-154
-471
48
315
437
892
1157
613
392
792
1268
1260
974
1030
548
-224
7
24
-52
462
718
337
-240
-267
-149
-455
-672
-457
-360
-431
-483
-774
-1020
-1380
-1314
-1131
-1470
-1299
-758
-461
-968
-982
-441
-1226
-1560
-1000
-1093
-1954
-1864
-1193
-1289
-1416
-831
-1088
-2397
-2538
-2128
-2646
-2780
-1923
-1933
-2335
-1699
-1612
-1971
-1448
-1120
-1657
-2350
-1981
-1649
-2095
-1805
-1265
-1576
-2176
-1972
-1523
-1041
-704
-640
-404
-164
-280
-387
-703
-1077
-1183
-1392
-1804
-1917
-1416
-1111
-1513
-1633
-1257
-763
-442
51
287
-55
-260
-321
-350
-286
-313
-414
-341
-81
293
760
1037
1572
1487
604
621
865
542
630
938
952
661
930
1554
1375
1607
2543
2103
1274
2161
2673
2055
1976
2528
2161
1433
1929
2435
2033
1898
1755
1253
909
1280
1787
1204
775
925
764
353
467
876
868
968
1268
1226
550
457
927
482
-28
-64
-217
-486
-283
275
152
-43
306
313
44
-192
-427
-604
-1139
-1513
-1487
-1233
-692
90
143
186
440
145
-86
-468
-745
-945
-967
-795
-354
320
395
127
483
506
16
-392
-855
-814
-526
-447
-379
-306
175
748
433
-280
-441
-949
-1576
-1907
-1922
-2205
-2690
-2480
-2172
-2192
-1981
-1490
-2142
-2581
-1540
-1212
-1609
-1346
-1122
-1805
-2192
-2013
-2265
-2299
-1915
-1722
-1754
-1873
-1687
-1661
-2529
-2644
-2339
-2711
-2808
-2479
-2240
-2120
-2629
-2900
-2792
-3066
-2882
-2571
-3005
-3175
-2878
-3196
-3335
-2590
-2155
-2886
-3679
-3654
-3725
-3724
-3804
-3835
-4237
-4838
-4585
-4417
-4662
-4887
-4975
-5267
-5403
-5355
-5268
-4994
-5220
-4779
-4162
-4856
-5230
-5085
-4921
-4655
-4634
-4924
-4926
-4651
-4588
-4763
-4724
-4654
-4978
-5538
-5227
-4495
-4648
-4679
-4490
-4296
-4137
-3755
-3775
-4168
-4128
-4235
-4020
-3882
-3487
-2772
-3366
-4200
-3934
-3433
-3418
-3393
-3174
-2814
-2815
-3007
-2714
-2738
-2664
-2169
-2505
-3044
-2647
-2230
-2599
-2596
-2236
-2818
-3331
-3569
-3479
-2769
-2902
-3206
-3242
-3687
-3332
-2439
-2416
-2009
-1373
-1375
-1269
-704
217
303
-100
10
246
100
-59
-332
-576
-201
100
338
701
1303
1426
675
89
-405
-577
-573
-409
-288
-316
-517
-756
-441
-407
-260
264
54
-161
156
454
761
1247
1337
914
135
123
950
783
955
1605
1275
1079
1509
1308
1154
773
-7
-301
151
875
990
1176
1472
1378
1534
1391
957
1140
1457
1439
790
1121
1721
1542
1881
2842
2851
2313
2447
2187
1927
1986
2161
2070
1720
2273
2566
1981
1709
1773
1597
1851
2559
2998
3193
3291
3208
2985
2730
2503
2231
1651
1482
1555
1642
2034
2217
2307
2468
2531
2193
2034
1968
2002
1845
1293
1370
1360
1341
1728
2499
3184
3070
2864
2937
2839
2475
2473
2075
1349
1289
1386
1195
988
1318
1759
1331
1205
1873
2263
2304
2299
2407
1542
988
1074
1361
1417
1460
1832
1272
978
1719
1895
1417
1297
1387
1034
620
1169
1451
1055
885
944
925
831
932
1066
1198
818
918
1164
1405
2252
2507
2162
1992
2181
2230
1729
1720
2114
1712
1174
1334
1850
1993
2475
2986
2694
2532
2586
2593
2457
2499
2770
2701
1782
1636
2894
3057
2758
3151
3105
2650
2559
2678
2497
2133
2226
2926
2834
2989
4421
4930
4304
4533
4645
3881
3552
3816
3738
3135
3174
3548
3854
3964
4540
4869
4413
3883
3422
3024
2642
3084
3335
3300
3491
3783
4106
4063
4288
4734
4272
4145
4325
3938
3459
3707
3920
3576
3481
3835
4365
4271
4570
4812
4232
4224
4406
4631
4256
3669
3838
3689
3445
3818
3765
3302
3207
3494
3679
3716
4067
3859
3334
3353
3817
3843
3724
3660
3422
3511
3288
3374
3849
4049
4192
4077
4368
4519
4505
4282
3485
2840
2626
2440
2366
2809
3123
3138
3098
2988
3009
2894
2806
3069
2879
2291
1827
1607
1627
1533
1301
1149
979
893
1610
1922
1640
2149
2067
1158
1048
1148
853
945
1171
1396
1352
1113
1205
960
113
10
-54
-856
-1222
-1155
-1485
-1686
-1033
-675
-541
-160
-160
-851
-1271
-1275
-1636
-2130
-2234
-1478
-1158
-1454
-1473
-1169
-1041
-1379
-1698
-1983
-2209
-2165
-1640
-1889
-2513
-2107
-2233
-2594
-2036
-1562
-1439
-1219
-1090
-1109
-826
-837
-1063
-1567
-2118
-2335
-2585
-2815
-2554
-2478
-3168
-3246
-2998
-2814
-2586
-2066
-1729
-2007
-2343
-2238
-2119
-2589
-2972
-2866
-3251
-3444
-3475
-3791
-3668
-3032
-2785
-3368
-3487
-2850
-2649
-3577
-4266
-3853
-3882
-3865
-3388
-3213
-3136
-2742
-2592
-3064
-3438
-3157
-2987
-3466
-3295
-2676
-2872
-3344
-3159
-2820
-2927
-2920
-2693
-2794
-3051
-2862
-2934
-3606
-3891
-3589
-3817
-3643
-2787
-2615
-2986
-2927
-2557
-2550
-2494
-2137
-2199
-2441
-1950
-1368
-1220
-1159
-1136
-1075
-1129
-1271
-1033
-855
-679
-562
-390
-301
-467
-179
-350
-770
-759
-1011
-1655
-1794
-1464
-1703
-1627
-1211
-979
-662
-245
-124
-287
-147
-454
-940
-870
-662
-789
-1048
-893
-759
-325
239
-55
-314
36
128
-169
156
569
246
56
386
381
312
623
554
-103
-11
-39
-491
-247
312
434
73
241
586
394
209
701
853
563
887
857
299
217
644
773
86
539
1015
791
1135
1039
690
770
980
727
447
198
-87
363
1019
1094
516
204
387
-51
-103
109
-299
-175
246
-64
-382
-34
405
423
-116
-212
126
-243
-654
-751
-536
-322
-330
-28
125
110
456
528
-78
-466
-229
-172
-114
440
484
51
-33
280
908
1115
1044
792
401
148
206
60
-391
-660
-1056
-1592
-1474
-832
-335
36
178
745
777
501
863
1166
1040
487
267
259
194
681
1465
1715
1698
1959
1889
1871
1657
1470
1100
451
134
147
159
231
599
865
647
505
915
1089
958
1018
883
936
1240
950
637
690
1148
1400
1214
1219
1252
1280
1392
1344
1398
1465
1118
914
991
1346
1639
1899
2045
2287
2632
2450
1490
1388
2060
1962
1521
1359
1473
1672
1853
2519
3119
3039
3083
3529
3585
3678
3529
3188
3018
2752
2802
2620
2337
3035
3677
3278
3317
3857
3684
3520
4140
4422
3831
3575
3908
4074
4154
4541
4390
3205
2796
3330
3060
3177
4322
4340
3360
3331
3979
4185
4120
4784
4873
3916
3775
3980
3456
2854
3146
3367
3045
3206
3662
3605
3504
4319
4618
3423
3013
3376
3158
2930
2918
2878
2591
2608
3439
3348
2858
3161
2984
2240
2239
2811
2840
2284
2311
2683
2788
2628
2709
2213
1550
1630
1399
1049
1157
1215
875
658
812
1316
924
660
1030
667
218
34
-439
-603
-886
-1415
-1116
-264
168
160
350
369
303
307
-61
-236
-590
-1030
-1763
-2386
-2034
-1476
-1737
-1728
-969
-966
-1137
-742
-828
-1118
-1357
-1788
-1917
-2150
-1942
-1366
-1489
-1781
-1509
-1534
-2022
-2160
-2018
-2311
-2602
-2378
-2330
-2512
-2336
-1910
-2035
-2456
-2349
-2601
-3415
-3600
-3562
-4525
-5529
-5679
-5655
-5535
-5210
-4653
-4671
-4928
-4439
-4367
-4808
-4055
-3525
-4438
-5325
-5358
-5370
-5992
-5893
-5508
-5983
-6063
-5426
-4947
-5028
-4987
-5009
-5599
-5942
-5912
-5604
-5510
-5455
-5237
-5337
-5743
-5646
-5644
-5732
-5071
-4933
-5585
-6125
-5853
-5431
-5605
-5371
-4684
-4851
-5553
-5230
-4925
-5337
-5234
-5123
-5821
-5992
-5280
-5006
-5186
-4835
-4045
-4289
-5000
-4956
-5001
-5392
-5221
-5132
-5636
-5877
-5436
-5113
-5154
-5110
-4786
-4662
-4911
-4667
-4325
-4496
-4510
-4499
-4480
-4844
-4858
-4380
-4115
-4077
-3869
-4399
-4921
-4403
-4137
-3925
-3942
-3723
-3727
-3876
-3822
-3649
-2964
-2804
-3127
-3154
-3234
-3297
-3435
-3921
-3794
-3565
-3692
-3231
-2838
-2824
-2698
-2268
-2370
-2584
-2528
-2448
-2462
-2090
-1220
-1377
-2211
-2092
-2207
-2626
-2083
-1761
-1907
-2088
-1911
-1750
-1998
-1950
-1723
-1712
-2064
-1638
-1626
-2403
-2459
-1634
-1102
-1587
-1874
-2079
-2374
-2339
-1824
-1544
-2173
-2422
-2294
-2235
-2385
-1763
-1859
-3058
-3327
-3150
-3396
-3424
-2737
-2526
-2478
-2293
-2357
-2341
-2394
-1759
-2089
-2869
-3207
-3447
-3239
-2590
-1670
-1137
-1697
-2408
-1953
-1742
-2179
-1932
-1698
-2418
-2952
-2712
-1901
-1832
-1880
-1347
-1792
-1964
-1068
-781
-1331
-994
-482
-1152
-1252
-432
312
415
310
479
34
-619
-569
-569
-656
97
497
52
34
460
650
362
388
692
154
-749
-735
-308
-772
-621
-72
-516
-614
-99
-216
-563
-145
435
156
-68
746
1374
1363
1808
2511
2075
1659
2100
1911
1593
1779
1852
945
483
1329
1656
1574
1902
2503
2458
2282
2321
2242
2061
2191
2414
2044
1698
2177
2480
2313
2767
3643
3404
2702
2783
3105
2933
2684
3086
3685
3311
3563
4167
3903
3996
4049
3683
3384
3685
3928
3828
3792
4298
4766
4528
4580
4765
4823
4840
4987
4890
4239
4018
4300
4718
4943
5039
5096
4502
4461
5024
5270
5228
5119
5065
4884
4760
4829
5139
4956
4576
5107
5060
4495
4907
5674
5602
5649
6042
6083
5635
5805
6313
5960
5336
5507
5021
4230
4653
5512
5665
5900
6521
6660
5982
5519
6002
5701
4912
5107
5506
5037
5126
5633
5760
5772
5968
6130
5542
5372
6016
5895
5611
6103
6057
5005
4898
5656
5478
5039
5404
5364
4709
4207
3670
3368
3350
3752
3628
2781
2948
3408
2866
2624
3038
2720
1899
2070
2756
3024
2643
2484
2412
1868
2061
2882
2706
2470
2914
2981
2543
2717
3369
2776
2381
2684
2748
2468
2477
2660
2692
2577
2837
3252
2965
3015
3207
3062
2420
2307
2366
1809
2041
2650
2245
2005
2178
2243
2022
1693
2030
1772
983
912
1070
945
988
1236
1728
2226
2296
2198
1941
1765
1955
1492
749
854
955
540
439
1182
1132
685
627
1093
1122
864
765
117
-287
-565
-414
-249
-488
-300
-54
261
593
1142
971
308
271
164
-422
-467
-557
-1039
-642
312
654
672
699
377
-223
-737
-561
-804
-1327
-1636
-2003
-2290
-2059
-1815
-1881
-1120
-524
-182
-173
-335
-168
-574
-987
-1048
-1481
-1640
-1568
-1457
-1361
-1335
-1251
-1018
-1062
-1371
-1157
-1443
-2055
-2475
-3080
-2900
-2154
-2113
-1689
-1184
-1283
-1059
-898
-1167
-1244
-1399
-1359
-1112
-1726
-1614
-1266
-1905
-1734
-919
-664
-892
-788
-396
-347
-712
-1064
-1492
-2212
-1942
-1427
-1962
-2222
-1651
-1767
-1444
-490
-197
-604
-1127
-1636
-2020
-2426
-2596
-2448
-2498
-2168
-1249
-800
-697
-435
-846
-1215
-992
-1147
-1591
-1449
-999
-659
-736
-184
463
364
401
594
-35
-960
-1295
-1352
-1062
-973
-679
-731
-846
-356
231
141
-717
-1142
-1082
-1471
-1648
-1611
-2324
-2614
-1946
-1600
-1612
-740
-508
-1489
-1888
-1718
-2059
-2540
-2550
-2854
-2933
-2389
-1808
-1894
-1759
-491
-415
-1453
-1629
-1523
-1847
-1738
-1598
-1899
-1829
-1745
-1811
-1577
-1284
-791
-718
-971
-467
193
60
-156
-229
-248
-235
-310
-65
60
-131
-26
-84
-210
-65
-265
-532
-462
-381
-627
-1084
-448
-5
-301
-244
157
-14
-679
-657
-590
-936
-548
171
-149
-542
-1
-242
-1562
-1712
-955
-454
-472
-169
-68
-149
227
384
319
111
161
12
-122
129
342
-25
-41
117
155
684
580
676
726
390
117
-468
-876
-875
-430
-104
-304
-197
-139
3
501
1260
902
128
343
156
-432
-330
126
-437
-846
-308
54
364
668
478
190
-154
185
582
305
722
1213
873
783
1183
1256
1349
1648
1947
1755
1408
1185
1231
1568
1700
2030
2208
2094
2179
2316
1897
1427
1173
979
700
620
783
636
502
1042
1395
1763
2146
1929
1456
883
802
1063
898
945
1111
1097
1877
2555
2291
2139
2050
2073
2333
2218
2689
2829
2381
2667
3054
2676
2567
2861
2661
2507
2361
2487
2778
2498
2678
2968
2160
1649
1880
1731
1892
2164
1874
1624
1699
2331
2981
3270
3217
3258
2884
2156
1895
1314
978
1140
857
868
1081
1542
2538
2372
2107
2632
1906
1246
1283
1055
1059
1053
856
949
1030
1365
1751
1591
1464
1410
1008
542
523
457
386
192
172
559
613
632
1013
1139
645
680
714
-10
-43
164
26
-192
-116
50
-530
-439
395
316
-457
-419
-246
-640
-685
-550
-1262
-1495
-770
-37
-154
-349
18
-350
-552
158
397
-520
-1041
-867
-1234
-1584
-957
-232
-835
-1319
-841
-984
-1797
-1702
-1431
-2385
-2461
-2153
-2642
-2921
-2237
-1568
-2345
-2363
-1499
-1587
-1923
-1628
-2065
-3016
-3296
-3111
-2927
-2616
-2237
-2645
-3707
-3615
-2490
-2366
-2573
-2519
-2746
-3700
-4212
-3916
-3834
-4039
-4153
-3893
-4196
-4193
-3791
-3951
-4449
-4340
-4214
-4954
-5059
-4482
-4769
-5305
-5019
-4570
-4593
-4394
-3718
-3812
-4509
-4538
-4804
-5074
-4972
-4841
-5644
-6519
-6091
-5721
-6096
-6226
-5630
-5616
-6345
-6403
-5981
-5752
-6044
-6594
-6760
-6491
-6554
-6781
-6965
-6882
-6449
-6741
-7564
-7453
-7093
-7553
-8264
-8312
-7883
-7771
-7997
-7765
-7276
-6793
-6798
-7244
-7279
-7001
-7254
-8077
-8218
-7666
-7426
-7687
-7538
-7251
-7152
-7338
-7207
-6579
-6426
-6585
-6712
-6579
-6310
-6357
-6689
-7190
-7578
-7586
-7280
-6970
-6783
-6482
-6695
-7226
-7276
-6748
-6656
-6967
-6875
-6824
-6867
-6878
-6229
-5446
-5785
-6415
-6533
-6381
-6464
-6486
-6333
-6490
-6186
-5764
-6160
-6094
-5176
-5230
-6466
-6841
-6700
-6801
-7039
-6756
-6498
-6950
-6833
-6579
-6796
-6264
-5558
-5611
-5847
-5461
-5073
-5592
-6257
-6219
-6330
-7019
-6850
-6054
-5736
-5594
-5321
-5254
-5443
-5301
-5235
-5788
-6200
-5796
-5384
-5682
-5207
-4654
-5125
-5107
-4402
-4111
-4860
-5065
-4554
-4929
-5425
-5285
-5160
-5112
-4768
-4575
-4712
-4558
-3915
-3936
-4279
-3996
-3827
-4292
-4095
-3331
-3626
-4002
-4010
-3340
-2674
-2567
-2538
-2806
-3575
-3594
-3822
-4125
-3484
-2891
-3217
-3469
-2508
-2239
-2593
-2817
-2766
-2710
-2518
-2104
-2411
-2025
-1396
-1833
-2204
-2204
-2060
-2426
-2641
-2113
-1775
-2112
-2607
-2019
-1526
-1270
-1198
-1436
-1288
-919
-1141
-1333
-1361
-1139
-1296
-1757
-1339
-1192
-1464
-923
-158
-199
-343
-751
-1496
-1552
-1468
-1616
-1510
-1526
-1451
-1593
-1621
-1492
-1735
-2121
-2498
-2350
-1803
-1324
-1814
-2221
-1539
-1354
-2042
-2567
-2071
-1629
-1459
-1303
-1605
-2164
-2151
-2061
-1484
-541
-115
-396
-905
-438
148
303
420
956
872
101
-36
-223
-412
-304
274
713
974
1105
966
407
349
809
466
104
627
1005
1373
1612
1870
1836
1782
1996
2019
2099
2550
2471
1708
1698
2120
1765
1675
2623
3145
2787
2843
3276
3136
2839
3221
3541
3411
3526
3659
3668
4010
4092
3858
3500
3806
4270
4127
4300
4917
4766
4551
4888
5007
4559
4202
4312
4230
3968
4057
4416
4487
4709
5092
4976
5240
5701
5463
4849
4943
5256
5033
5093
4879
4496
4759
5126
4871
4631
5096
5030
4285
4153
4230
4100
4327
4803
4746
4906
5745
6034
5547
5554
5902
5465
5121
5377
5148
4891
4706
4659
5270
5676
6134
6426
6647
6468
5617
5226
5666
5782
5517
5904
6587
6776
6668
6841
6850
6432
6011
5453
4911
5622
6291
6083
6147
6875
7033
6667
7041
7208
6540
6049
5910
5717
5671
6033
6415
6659
7117
7727
7807
7382
7280
7124
6794
6432
6260
5907
5530
5811
6024
5622
5875
6631
6935
6886
6664
6166
5632
5748
5629
5356
5604
5762
5633
5166
5430
5778
5051
4932
5268
4998
4618
5104
4798
4182
4851
5110
4596
4717
5622
5193
4799
5176
4699
3779
3482
3899
3672
3294
3689
3655
2974
2859
3709
3579
3096
3398
3384
2639
2182
2197
2028
1919
2652
3182
2374
1874
2506
2555
2392
2873
2972
2993
3165
3871
3109
1943
2534
2601
1449
1447
2167
1727
1444
2531
3088
2373
3242
4013
3200
2986
3825
3788
2801
2810
3160
2907
2593
2720
2423
1722
2279
2884
2276
2477
3544
3578
2983
3418
3472
3127
3002
3485
3683
2998
3218
2747
1797
1861
2015
1396
1383
2222
2333
1931
2443
2857
2029
2436
3353
2587
1931
2759
2851
2481
2537
2473
2013
1752
1744
1595
1656
1291
956
1454
1684
1745
2540
2755
2175
2006
2289
2259
2064
1784
1560
1219
1288
1826
1637
1844
2150
2373
2785
2997
3535
3843
3498
2822
2609
2290
2021
2072
2158
2195
2381
2660
2615
2602
2843
2590
2011
2514
2675
2000
1819
2080
2262
1950
1928
2466
2542
2330
3144
3240
3088
3477
3354
3019
3007
2941
2863
2513
2847
4219
4272
3893
4211
4595
4562
4648
4823
4702
4267
3687
3671
3725
3912
4514
4672
4829
5042
5262
5477
5030
4166
4137
3786
3664
4175
4022
3889
4329
4666
4511
4617
4798
4953
4299
4130
4554
4239
4005
3571
3244
3594
3723
4105
4350
4299
4183
4168
3595
3281
3555
3308
2891
2652
2668
2856
3292
3904
4200
3555
3501
3935
3952
3927
3961
3664
3149
2906
3349
3490
3459
3710
3768
3220
2993
3112
2794
2880
2718
2444
2563
2513
2407
2668
2200
2193
2634
2741
2926
2625
2766
2295
1296
1965
2559
1971
2141
3202
3114
2459
3079
3191
2595
2665
2890
1863
1780
2842
2869
2284
3259
3947
2770
2536
2868
2331
2095
2704
2681
2707
3649
4337
3799
2830
3091
3019
2133
1796
1882
1820
1347
1549
2007
2218
2729
3061
2745
2699
2884
1986
1384
1572
1320
973
912
704
334
1017
1872
2170
2524
2892
2824
2057
1751
1617
788
505
958
1104
1044
1530
2294
1909
1677
2372
2202
1570
1317
972
392
678
1417
1239
1105
1736
1822
1264
1674
2310
1887
1436
1728
1570
1272
1469
1217
636
1347
1924
1014
843
2022
1502
485
931
1388
836
477
664
384
-358
-63
267
-131
691
1791
1097
1009
1826
1582
151
-464
-210
-793
-546
685
591
46
797
897
-198
333
891
-229
-885
-373
-340
-1058
-497
48
-380
59
1271
561
146
895
314
-573
-224
534
450
-1
730
1038
-188
163
1450
864
-73
96
-502
-1937
-2090
-1059
-1418
-2142
-1025
-736
-1301
-758
-203
-1175
-1919
-1327
-1437
-1956
-1680
-1575
-2474
-2123
-696
-1302
-1361
158
-76
-1200
-811
-716
-1638
-1704
-1298
-1552
-2134
-1916
-1798
-2241
-1657
-819
-980
-879
-468
-436
-729
-1476
-1751
-1756
-1633
-1215
-1495
-1983
-1450
-1629
-2935
-2584
-2074
-2804
-3404
-2889
-2271
-3495
-3577
-2116
-2728
-3006
-1708
-2187
-3450
-3172
-2877
-3868
-4910
-4683
-4851
-5324
-4054
-3210
-4207
-3786
-2344
-2471
-2639
-2356
-3127
-4199
-4408
-4281
-4788
-4597
-3569
-4127
-4472
-3062
-2349
-3085
-3162
-2747
-3048
-3625
-3738
-3642
-4595
-4327
-3513
-4643
-4550
-2949
-2796
-3677
-3770
-3924
-5378
-5500
-4148
-4438
-5408
-4035
-4005
-5535
-4490
-3381
-4409
-4312
-3052
-4023
-5400
-4722
-4589
-5825
-4881
-3193
-3979
-4507
-3159
-2690
-3117
-2141
-1657
-3265
-3754
-2659
-2860
-3811
-2516
-2089
-3288
-2907
-1555
-1701
-2290
-1343
-1219
-2598
-2709
-2007
-2883
-2727
-1585
-2253
-2956
-1703
-1136
-2444
-2394
-1453
-2357
-3237
-1843
-1204
-2305
-2009
-1879
-3109
-2739
-1177
-1640
-2329
-1295
-1299
-3001
-3149
-2098
-2767
-3080
-2164
-3030
-4064
-2688
-2090
-3016
-1879
-629
-1885
-2571
-1131
-1037
-2633
-2310
-1621
-2855
-3075
-1867
-2169
-2630
-1192
-490
-1914
-2366
-1011
-1109
-2047
-1279
-1047
-2568
-1993
-744
-1763
-1706
-286
-318
-1318
-586
148
-813
-636
274
-644
-1390
-15
-163
-921
375
1056
178
-62
758
94
-283
493
188
-1079
-337
1216
304
151
955
447
-843
-421
189
-754
-474
570
127
-351
1181
1399
507
1523
1955
202
-532
524
-191
-500
1150
997
-681
-34
1599
773
229
1650
1026
-1098
-324
763
-561
-379
993
557
-129
625
451
-744
124
574
-852
-885
753
-102
-1509
-609
-190
-1382
-1381
25
-838
-1665
-1024
-1259
-2107
-1012
-234
-1688
-1610
-478
-1207
-2494
-1889
-1391
-1977
-1088
-172
-712
-1010
-347
-1171
-1995
-991
-781
-1925
-1629
-91
-727
-1550
-582
-911
-2331
-1788
-1046
-2155
-2106
-1060
-1568
-2944
-1889
-1168
-2309
-1813
-736
-1220
-2149
-1462
-1195
-2111
-2319
-1623
-1963
-2045
-987
-1176
-1411
-928
-895
-1967
-1459
-639
-1640
-1718
-430
-772
-2128
-1467
-803
-1580
-1642
-97
-839
-2257
-487
168
-694
-206
224
-1193
-1671
-392
-899
-1695
-548
-432
-1923
-1277
39
-750
-1052
-309
-966
-2792
-2133
-1337
-2693
-2677
-1287
-1930
-3287
-1825
-1154
-2529
-2696
-1905
-2702
-3463
-1919
-1577
-2615
-1449
-453
-1992
-2370
-1296
-1759
-2537
-1677
-1600
-3635
-3448
-2084
-3340
-3915
-1941
-2163
-3326
-1861
-721
-1519
-1394
-562
-1920
-3298
-2306
-2267
-3556
-2604
-1731
-3586
-3769
-1930
-2032
-2795
-1366
-684
-2551
-2812
-1481
-2064
-1876
-535
-1524
-2886
-2205
-1672
-2137
-1572
-802
-2056
-2355
-1039
-1180
-1195
-35
-405
-1551
-1359
-1446
-2109
-2050
-1490
-1943
-2511
-1956
-1784
-2228
-1425
-781
-1451
-1923
-1598
-1705
-2153
-1757
-1666
-2385
-2557
-2028
-2108
-2198
-1823
-2096
-2768
-2856
-2972
-2836
-2708
-2362
-2053
-2428
-2282
-1858
-2249
-2822
-2579
-2410
-2925
-3238
-2826
-2574
-2485
-2074
-2204
-2448
-1619
-1509
-1997
-1332
-1222
-2382
-2513
-1754
-2409
-2895
-1814
-2345
-4101
-4015
-3008
-3475
-3600
-2227
-2499
-3691
-2637
-2524
-4009
-3858
-3462
-4799
-5073
-3907
-3944
-4450
-3880
-3465
-4415
-4180
-3150
-4014
-4768
-4177
-4214
-5124
-4644
-3385
-3779
-4310
-4054
-4282
-5123
-4468
-3552
-3725
-3356
-3272
-3827
-3892
-3410
-3182
-3344
-2984
-2162
-2831
-3373
-2660
-2503
-2885
-2881
-2882
-4073
-4261
-3126
-3248
-3419
-2999
-3084
-3532
-3236
-2929
-2968
-3395
-2936
-3498
-4479
-4108
-4165
-5024
-4669
-3778
-4787
-4677
-3561
-3205
-3695
-3392
-3236
-4554
-3863
-3314
-4600
-4895
-3852
-4328
-5219
-4501
-3956
-4202
-3958
-3118
-3880
-4737
-4410
-4948
-5652
-4560
-3877
-4911
-4774
-3671
-4199
-4679
-3543
-3585
-4520
-3526
-2842
-3730
-3482
-2421
-3393
-4163
-3385
-3605
-4682
-3945
-2863
-3897
-3462
-2618
-3155
-3387
-2784
-3365
-4369
-4088
-3932
-4111
-3748
-2682
-2964
-3333
-2387
-2685
-3260
-2352
-1895
-3046
-2884
-1520
-2109
-2621
-1080
-280
-1728
-1765
-771
-1323
-1409
-672
-840
-1052
-86
96
-889
-174
997
-444
-981
-201
-919
-1913
-1281
-323
-622
54
882
280
-57
619
-276
-1695
-794
296
-538
-131
1662
1417
707
1528
1660
913
931
1002
11
-142
135
-1047
-1529
-433
-132
-587
185
1326
737
306
1149
497
-644
-392
-3
-166
335
775
271
295
1234
1783
1179
1087
1218
597
506
927
483
236
1013
1385
1079
985
1110
467
554
553
-301
-368
41
-259
-789
228
1016
679
554
1029
888
-127
-266
-113
-854
-703
25
-523
-631
573
726
562
1194
1155
423
524
747
-384
-744
274
285
275
1075
628
-262
227
482
27
144
921
462
282
1934
2047
1133
2176
2604
1688
1701
1956
1429
1223
1892
1603
1292
2695
3146
2058
2279
3041
2021
1939
2790
2222
1178
1683
2202
1350
1945
2567
1518
1416
2396
2084
2256
3206
3162
2800
3398
4060
2946
2807
3501
2720
2385
3211
3090
2544
3254
3540
2628
2613
3385
2593
2009
2384
2068
1602
2269
3164
2623
2953
3892
3396
3151
4149
3715
2079
2245
2791
1896
2020
3824
3916
3289
4186
4481
3882
4508
5280
3860
2770
3729
3656
3096
4217
4626
3618
4002
4910
4243
3793
4638
4506
3202
3356
3916
3123
3179
4011
3434
3235
4293
4424
3620
4231
4684
2883
2538
3768
3410
2547
2989
3473
3262
3624
4496
4668
4567
4525
3226
2656
3344
3042
2178
2884
3874
3533
3112
3873
4666
3940
3986
4550
3987
3419
3167
2750
2675
3176
3558
3214
3482
4463
3915
3224
3565
3142
1871
1898
2928
2633
2034
2614
2910
2406
2720
3148
2700
2774
2584
1171
339
1433
1891
1295
2057
2262
1266
1059
2005
1780
1247
1615
1463
1152
1889
2894
2037
1890
2722
1570
308
1593
2067
1192
1578
1557
674
910
1426
1603
1496
1366
1159
388
1084
2627
2094
1494
2076
1322
1
319
823
-60
-295
63
-356
313
1924
1563
1505
2243
1110
-898
-281
800
-573
-802
788
144
-1008
383
644
347
1110
596
-762
-902
25
-928
-1795
-607
-298
-1326
-300
934
337
276
294
-229
-306
175
127
225
1118
775
-628
-463
581
329
85
849
1224
344
135
348
193
187
239
-23
-325
-350
-110
854
1941
2087
1318
1142
1349
1435
1424
1147
750
718
825
1320
1657
2266
2593
1645
1389
1535
1088
1072
1484
1839
1592
1297
1514
1387
1548
1590
970
1173
2066
2027
1339
1577
1663
930
1415
2602
2205
1996
2433
2302
1844
1516
1436
1520
1987
1746
1042
1191
1376
664
887
1510
1197
958
1064
874
585
1030
1246
546
767
1416
714
431
1092
839
200
83
-22
-232
98
497
395
296
741
357
482
1787
1318
340
331
413
481
1045
1310
764
610
982
884
824
1237
955
261
408
127
-313
215
1295
1440
1201
1815
1540
1663
2060
1661
885
1301
836
-76
517
1527
1809
1628
2410
2124
1996
2192
1630
1306
1266
469
-432
485
956
1070
1712
2358
2021
1642
1818
1320
268
-199
-609
-1318
-467
311
-10
399
1086
261
-411
96
-835
-1634
-1097
-900
-1441
-300
1269
899
1068
2263
1693
612
1808
1676
237
1076
2105
1485
1688
3321
3167
2423
2664
2468
1171
1122
1521
305
-31
1081
872
-263
1018
1938
791
1002
2196
1433
775
2423
1830
431
1199
1350
-135
205
1498
739
460
1890
1756
-44
931
1136
-473
56
1400
450
76
1683
1977
1796
2848
2725
1302
1621
1577
104
277
1229
776
563
2095
2870
2171
2845
3364
1628
1507
2261
1293
526
1205
1118
299
1459
3377
3030
2819
3957
3521
2668
3160
2945
1862
2109
2798
2007
1668
3254
3323
2247
3172
3574
2730
3252
3954
3382
2747
2242
1994
2120
2796
3795
3232
2873
3260
2774
2263
2833
3514
2845
2155
2787
2469
1548
1695
2322
2223
2126
2421
2421
2578
2634
1803
782
866
1279
953
1096
2109
1890
945
1173
1738
1538
921
926
874
1015
1032
315
512
1585
1033
-145
529
917
-164
-34
646
-263
-662
315
118
135
1036
765
137
813
1451
44
-326
1001
386
-1041
-418
354
-687
-484
903
-323
-1496
-739
-1353
-2704
-1698
-476
-1316
-1298
540
265
-1015
107
426
-1537
-1706
-294
-847
-1459
-837
-777
-1742
-1596
-1405
-2249
-1612
-711
-1965
-2161
-714
-1754
-3098
-1823
-1225
-3210
-3842
-2510
-3144
-3832
-2371
-2344
-3589
-2413
-1841
-3006
-2579
-2009
-3441
-4506
-3753
-3928
-4995
-4527
-3773
-4819
-4424
-3316
-4266
-4673
-3142
-2952
-5102
-4497
-3077
-4781
-5233
-3402
-3653
-5031
-3771
-2476
-4046
-4842
-4043
-5236
-6153
-5122
-4764
-4886
-3649
-3165
-4802
-4652
-3420
-4838
-6105
-4620
-5232
-6913
-5851
-4719
-5484
-4672
-3507
-4443
-5243
-4075
-4299
-5831
-4572
-3808
-5322
-5489
-3768
-4262
-5114
-3948
-3968
-5454
-4965
-3660
-5055
-5096
-3496
-3941
-4451
-3355
-2891
-4870
-4919
-3298
-4572
-5918
-4878
-4447
-5561
-4827
-3498
-3939
-3617
-2181
-2490
-3016
-2016
-2374
-3896
-4118
-4010
-4848
-5220
-3860
-2835
-3358
-3477
-2846
-3787
-4190
-3200
-3285
-3939
-3669
-3044
-3083
-2507
-1845
-2228
-2633
-2124
-2708
-3614
-3583
-3478
-4138
-4265
-2801
-2967
-3684
-2825
-2108
-2569
-2737
-2456
-3312
-3822
-3091
-2881
-3693
-2906
-1780
-1950
-1815
-517
-265
-1364
-1266
-1044
-2336
-2969
-2199
-2447
-2855
-2042
-1809
-2560
-2289
-1651
-2635
-2331
-1035
-1922
-2495
-641
-498
-2003
-1690
-533
-1113
-2259
-1633
-1761
-2610
-1823
-1815
-2766
-2430
-1362
-1778
-2460
-1093
-856
-1764
-1072
-467
-1576
-1972
-956
-1562
-2171
-1599
-1603
-2456
-2147
-1065
-2082
-2733
-1298
-1404
-2880
-2007
-886
-2372
-2638
-1032
-1579
-2480
-1306
-1411
-3114
-2656
-1518
-2277
-1941
-452
-759
-1234
-255
-542
-2011
-1338
-621
-2074
-2276
-543
-778
-1649
-457
-347
-2039
-1706
-913
-1941
-2210
-1219
-1377
-2246
-1049
-768
-1648
-877
125
-783
-564
637
-770
-1973
-1304
-1546
-3097
-2364
-1156
-2285
-2588
-627
-410
-1499
-91
324
-1301
-1130
-734
-2587
-3298
-1963
-2498
-2843
-1194
-499
-1376
-807
-161
-1341
-1753
-593
-690
-2173
-1497
-722
-956
-302
542
29
-181
541
-331
-1414
-1134
-956
-1862
-1380
-303
-629
-151
1297
1534
833
1452
1263
-23
392
997
-351
-790
-52
-620
-301
829
713
-72
377
687
-308
201
1495
809
416
1235
423
-274
651
1334
1055
1486
1462
306
1247
2976
2306
1355
2804
2859
1185
1809
3000
1997
1703
2550
1901
1864
3153
2624
1662
2780
2411
710
1953
3554
2192
1492
3141
3049
1668
2601
3254
2543
2787
2871
2195
2748
3567
2890
2601
3373
3451
2626
2382
3202
2921
2527
2754
2452
2587
3093
3230
3926
4651
3654
3117
3958
4168
3054
2443
2603
2442
2312
2406
3294
4221
4148
3936
3882
3855
3685
3436
3879
4289
3841
3441
3459
3647
3535
2653
1892
1825
2097
2250
1683
2069
2492
1824
2093
2739
2251
1677
1471
909
206
607
1052
577
1301
2530
1743
1352
1990
1475
841
1766
1855
433
694
1661
680
491
1596
1137
498
1077
1049
496
863
1431
1286
959
939
9
-602
47
-166
-1197
-1366
-1147
-1314
-997
-497
-493
-827
-990
-1149
-1325
-1037
-568
-757
-850
-127
-396
-877
114
320
-685
-778
-679
-1280
-1108
-408
-431
-1219
-1115
-700
-825
-251
-598
-1831
-1680
-853
-1573
-1783
-512
-611
-1315
-973
-274
-305
-535
-807
-1306
-1811
-2513
-3265
-2988
-1583
-1563
-2815
-2019
-599
-1247
-1539
-1001
-1337
-1710
-1738
-1695
-1661
-1565
-2167
-2671
-2445
-1824
-2057
-1992
-1389
-909
-1289
-1855
-1559
-2106
-2687
-2506
-2288
-2765
-3024
-2669
-2571
-2131
-1695
-2287
-2806
-2348
-2390
-2500
-2347
-2023
-2302
-2119
-1248
-1393
-1752
-1508
-1091
-1848
-2514
-2435
-2458
-2250
-1613
-1278
-1104
-571
-430
-690
-338
-269
-1544
-2265
-1442
-1400
-2107
-1678
-753
-975
-1138
-470
-541
-1322
-716
-595
-1780
-785
616
-153
-95
1500
936
-576
-73
585
-386
-589
137
-635
-215
1097
425
-156
1168
1883
815
1408
2306
633
129
1249
490
233
1181
466
-62
1098
1921
1097
929
1995
1466
-138
778
839
-118
603
642
-197
862
2372
1387
973
1884
1159
-225
992
1629
-117
213
896
-19
-133
641
226
305
957
592
230
1074
1459
516
1369
1964
1250
983
1753
1522
-187
0
73
-1194
-850
130
-1143
-1139
410
-409
-1048
227
615
-1159
-750
85
-1545
-1534
-132
-419
-285
1181
629
0
1357
2248
278
136
1709
367
-182
1422
1659
787
1652
2363
1941
2114
2412
1152
982
2310
1206
537
2426
2796
1827
2840
3326
1898
2078
3603
2782
1778
2817
2192
2117
3656
3743
3067
4146
5679
4383
3517
4379
3855
2074
2713
3568
2460
2360
3082
3017
3201
3792
2813
2525
3836
3179
1710
2615
3498
2556
2310
3663
4257
4305
5098
5400
4805
4513
4447
4322
4190
4562
4232
3777
4453
5190
5311
5027
5217
5441
4906
4676
5114
4583
3588
2995
2920
2905
2665
2740
2682
2968
3648
3686
3066
3762
4451
3674
3216
4042
3673
2616
3944
4956
4314
4561
5733
5736
4941
5198
5142
4886
5811
6140
5007
5761
7050
5816
5490
6538
5976
4769
5404
6060
5172
4999
5459
5095
5110
5802
5606
5570
6712
7044
5854
5934
6578
5899
5374
6255
5983
4567
5204
6154
5543
6096
6621
5741
6464
8238
7378
5503
6839
7196
5565
6439
7067
5786
5771
7093
6473
6124
7280
6269
5231
6460
6835
5050
5823
7413
5927
5581
6795
5845
4943
6867
6618
4253
5329
6698
5149
5297
6782
5538
5189
6493
5990
5195
6221
5527
3595
4893
5154
2583
2804
4370
3843
3745
4960
4804
3842
4665
4455
2945
2877
2752
1640
2013
3087
2861
3016
3688
3736
2992
2632
2162
2491
2862
1646
1093
1681
1256
1162
2552
3316
2927
3099
3860
3187
3345
3707
2782
2596
3538
3458
2433
3603
3774
2447
2910
3329
2868
2761
3356
2535
1196
1121
1330
631
1187
1935
564
-12
1449
2288
801
822
1193
-426
-944
631
401
-500
707
1831
1366
1256
1981
1264
1247
1890
602
-495
15
-417
-1094
-170
646
-3
61
1494
1368
659
603
70
-72
162
-356
-1210
-399
16
-712
-475
568
187
8
476
75
-529
-241
-404
-751
31
26
-969
-442
1159
236
-650
363
-65
-1810
-1434
-690
-1863
-1965
-571
-1035
-1611
97
-659
-1556
574
136
-2777
-1995
-756
-2896
-2960
-417
-1003
-3064
-1288
-491
-2559
-1410
-489
-2824
-2365
-868
-2459
-3008
-583
-301
-1837
-195
1133
-731
-36
1837
600
-158
1258
702
-535
1096
429
-2093
-996
305
-1586
-1647
-273
-1025
-923
716
279
-664
237
-370
-1729
-860
-392
-2055
-1448
211
-664
-1004
-112
-517
-1489
-690
-566
-1255
-410
715
153
941
1625
-56
-551
651
450
-1131
-756
-272
-1315
-1258
-553
-1162
-919
307
55
-454
-277
-779
-1830
-2073
-1975
-2256
-2173
-1208
-967
-764
90
-288
-579
-750
-1441
-1992
-2709
-2700
-2453
-3218
-3324
-2670
-2597
-2220
-1846
-1896
-2120
-2679
-2295
-2014
-2483
-2123
-1795
-1808
-1922
-1911
-2631
-3603
-3118
-2738
-3037
-2563
-1788
-2302
-2509
-1608
-1529
-2010
-1838
-1078
-1422
-1362
-1141
-1800
-2042
-1102
-967
-1499
-996
-331
-179
-616
-424
-670
-1440
-1436
-1680
-1743
-1585
-2274
-2246
-1329
-1126
-1247
-1812
-864
457
-79
-383
-38
-268
-1430
-2148
-2324
-2949
-3257
-2807
-2663
-1890
-1192
-1288
-1110
-610
-760
-1492
-1027
-817
-1651
-1899
-1390
-1721
-1403
-629
-925
-897
-448
-1240
-1380
100
137
-1600
-1806
-804
-1529
-1774
-650
-657
-1306
-366
244
-530
106
1221
214
415
1092
-381
-1333
-421
-555
-2315
-2014
-926
-1880
-1440
307
-524
-1595
-486
-762
-2180
-1294
-1145
-2468
-2301
-1107
-1926
-2604
-906
-685
-2054
-1429
-1048
-2759
-2271
-554
-1513
-1982
-447
-583
-1442
-204
809
-305
-774
-167
-864
-1490
-1015
-1263
-1708
-826
-768
-1673
-912
-196
-1347
-1527
-556
-1248
-1861
-566
-925
-2498
-2278
-1760
-2217
-993
171
-1521
-1346
538
-132
-911
701
142
-1741
-400
-149
-2310
-1808
518
-414
-1202
106
-934
-2083
-335
-454
-2801
-1514
-66
-1991
-2054
-65
-1205
-2524
-859
-1091
-2826
-2162
-1635
-2606
-1780
-1191
-2960
-2937
-1104
-1839
-2987
-1336
-1611
-3573
-2945
-2092
-3818
-3765
-1965
-2386
-2414
-689
-1692
-3047
-1783
-1882
-3355
-2867
-2117
-3422
-3299
-1963
-2618
-3147
-1924
-1878
-2572
-1753
-2740
-4253
-3450
-2584
-3435
-3229
-2206
-3017
-2884
-1519
-2258
-3625
-3002
-3572
-4655
-3517
-3462
-4253
-3595
-2490
-3650
-3968
-2109
-2561
-3632
-3181
-4073
-5429
-5185
-5324
-5904
-4747
-3780
-4419
-3889
-2215
-3149
-3897
-2854
-3481
-4393
-3573
-3638
-4205
-3004
-2451
-3689
-3460
-3040
-3884
-3585
-2967
-3912
-5247
-4656
-4340
-4922
-4632
-3976
-4050
-3036
-1756
-1966
-2443
-2832
-3532
-4348
-4147
-3732
-3953
-3773
-3805
-4371
-4280
-3409
-3593
-3556
-3240
-3924
-4885
-5116
-4900
-4733
-4650
-4832
-5376
-5059
-4114
-4685
-5436
-5220
-5067
-5262
-5168
-5016
-4973
-4665
-4078
-4128
-4496
-4067
-4240
-4516
-4224
-4128
-4830
-4917
-4195
-3765
-3965
-4437
-4363
-4411
-4636
-4703
-4725
-4606
-5073
-5722
-5493
-4617
-4639
-5301
-4695
-4181
-5027
-5469
-4503
-4301
-4035
-3786
-4568
-4713
-4052
-3618
-3821
-3222
-2890
-4021
-4451
-3163
-3396
-4159
-3671
-3843
-4786
-5139
-4542
-4641
-4225
-3014
-3746
-4298
-3574
-4027
-3937
-2764
-2812
-4391
-4825
-3718
-3537
-4081
-3578
-3518
-3487
-2311
-2272
-2709
-2494
-2246
-2773
-3128
-2450
-2868
-3755
-3091
-3048
-4511
-4175
-2830
-2632
-2703
-2298
-2391
-2786
-2328
-2268
-2748
-2875
-3150
-3509
-2659
-1875
-2363
-2749
-2569
-2434
-2972
-2925
-2300
-2244
-1680
-1953
-2575
-2144
-1760
-1810
-1337
-725
-1581
-2383
-1882
-1435
-1976
-2317
-2232
-2667
-2617
-2177
-2065
-2281
-1776
-1153
-1672
-1680
-1461
-1595
-1643
-1250
-1634
-2313
-2219
-2084
-1816
-1215
-542
-741
-1002
-302
-437
-994
-1187
-1459
-1260
-1187
-1514
-1997
-1982
-894
-800
-1933
-2232
-2064
-2654
-2631
-2809
-3198
-3761
-4204
-3871
-3269
-3031
-3160
-2976
-2167
-1970
-2838
-2177
-2238
-3021
-2776
-2425
-2150
-2129
-1319
-1143
-1174
-678
-1182
-1540
-120
206
-1577
-1947
-1203
-1668
-2550
-1547
-830
-1796
-1461
-549
-891
-795
-15
-365
-775
-203
-735
-2168
-1445
-685
-2028
-1902
-386
-598
-880
-195
-440
-1547
-1398
-985
-1507
-1359
-642
-970
-1664
-1120
-1040
-1364
-1142
-1487
-1789
-1449
-1160
-1367
-1768
-1702
-1393
-1146
-591
-211
535
681
507
697
287
64
511
1076
963
149
-157
132
577
745
872
1371
1336
1054
1273
1746
1447
814
621
-144
-166
448
-347
-357
880
920
556
1392
1511
734
821
1542
831
496
2190
1563
501
1779
1708
569
1453
2999
2133
1541
2348
1351
1154
2225
1498
818
1989
2319
986
1943
3254
2029
1086
1922
2128
1870
2524
3117
3050
3414
2819
1543
2339
2958
1984
951
1348
1675
1291
1792
1734
1756
2296
1982
1666
2488
2542
1973
2823
3586
2276
2255
3230
2398
2578
3536
2967
2698
3503
2665
1991
2824
2539
1288
2456
3844
2014
1178
2504
2416
1548
2487
2967
2254
2628
3358
2648
2425
3612
3557
2511
3147
3034
1463
3197
4596
3302
3192
3358
2240
1597
2184
2686
2273
2601
3161
2936
3189
2691
2554
3363
2998
1635
1042
1788
1965
1147
1720
2499
2002
1727
1944
2508
2573
1541
1309
2254
2148
708
1107
2114
1329
535
1325
1421
356
792
783
-150
169
375
318
1101
1934
978
252
1631
1496
444
765
541
-589
-312
60
-692
-389
-78
-206
-496
242
1156
994
1494
1591
610
407
712
936
1058
1701
2017
1366
1648
2127
1349
1313
2168
1959
738
993
1706
834
1379
1949
1222
1570
2026
1727
1326
2110
2734
1590
1989
2615
1213
305
1550
1364
140
758
243
-470
649
1078
-284
211
1529
837
407
1145
460
-168
1297
1172
212
1340
1602
609
1121
1099
-106
875
2134
-98
-608
1367
800
499
2016
2251
1502
1570
1680
1596
2255
2132
790
971
1991
982
409
1684
2060
496
459
1813
1019
234
1178
971
84
817
1379
794
1416
1812
531
1195
2306
1341
948
1971
1879
842
1901
2420
729
864
1935
618
11
860
1131
1276
1750
1396
601
1195
2082
1530
1818
2413
902
1080
2042
933
1396
2519
2139
1902
2791
2375
1726
2880
2932
1764
3008
2909
1462
2512
2906
1249
1087
2791
2283
785
1500
1445
955
1679
1048
814
2237
2310
1696
2634
3197
1751
2019
3256
1910
914
2129
1473
531
2265
2657
1165
1485
3015
2203
1843
3813
3613
1801
2978
3067
1162
2101
2681
753
1316
2801
703
628
3449
2261
40
1936
2354
146
804
2431
706
532
1963
1090
1149
2520
1622
121
1876
1685
-649
1169
3225
1166
746
2197
1942
985
1612
2260
778
674
833
-142
705
2179
998
747
2667
2367
707
1740
2844
984
486
1620
1114
1059
2000
1441
1806
2414
1197
449
1707
1939
1346
1832
1243
-188
501
1669
1185
1494
2003
1110
1192
2685
1707
889
2541
2627
1568
1836
2498
1849
1575
1258
879
2198
2758
1892
2412
3422
2989
2441
3232
3700
3228
2756
2156
2067
2468
2432
2084
2702
4107
3654
2510
3327
4315
3589
3161
2969
2836
2340
1820
2198
2896
1911
1252
2280
2698
1985
1971
2040
1971
2487
2013
1864
2941
3149
2130
2605
3440
2714
1704
2469
3513
2794
2670
3291
3911
3618
2659
2411
3133
3418
2602
2628
3872
3277
2458
3487
3884
2930
2383
3609
4264
4240
4443
4719
5603
5633
4425
5038
5233
4507
4521
4670
4245
3899
5185
4640
3625
5577
5470
4181
5512
6196
4660
3747
4941
4509
4162
5275
4316
4465
5916
5278
4566
6100
6255
4238
4401
5130
3206
2446
3349
2179
1901
3243
2499
1954
3906
3585
631
1794
3611
1989
2288
3645
2552
2206
3473
2916
2716
3485
2713
2363
4293
3618
2065
3006
3050
1156
1318
3031
3368
3229
2921
2732
3129
3858
2600
2088
3206
2405
1310
2922
3244
1721
2101
2897
2315
2126
2481
1246
1868
3250
979
97
2594
2254
727
2400
2603
942
1740
2655
1545
2125
1844
-44
1189
3211
953
560
3244
1684
-585
1661
2047
170
1641
2252
577
2211
4328
2430
2248
4522
3021
1783
3916
3206
630
1184
2022
1375
2360
2631
480
1590
2949
616
544
2871
1416
-568
1560
1467
128
1892
2470
873
2043
2219
-348
780
1636
-1816
-2092
556
-521
-1372
1132
181
-1754
292
47
-1601
-67
887
-657
-221
1231
8
808
3265
1445
-381
1041
843
-246
1584
2267
369
1315
3531
1587
1583
4386
2422
386
2239
1327
-734
999
2417
413
1336
3016
886
1087
2986
1471
-165
644
1170
237
377
-53
-1323
-174
-599
-1481
62
892
-627
-51
1533
505
172
1664
1817
666
-185
-565
578
1447
353
199
1294
1649
1673
1977
2107
2041
1914
2481
2316
1865
2271
2393
2161
1911
1374
618
1291
1821
534
-36
1032
774
619
2004
1925
1195
1894
1630
363
902
908
27
443
182
-1376
-321
1423
621
393
1408
744
-288
896
1276
600
662
1201
703
374
854
