-1368
-428
367
3642
6189
5276
4847
4263
3656
4060
4251
1548
-4462
-7755
-6918
-3940
321
2123
1567
-746
-1597
-2012
-3377
-3876
-4022
-3904
-1406
2976
4635
3854
2398
864
402
2371
5276
6962
6524
5755
2447
-1994
-5599
-8262
-7747
-5570
-2009
-764
-999
-631
-2041
-3029
-2122
-1351
-586
833
3258
4258
3588
3004
1290
772
2818
5034
6591
7263
5853
1094
-3938
-6805
-7966
-8343
-6982
-5341
-4693
-3001
-1292
653
2218
3167
1976
614
1834
2712
2071
1568
492
100
2068
5639
9011
9092
6118
-315
-5495
-8141
-8891
-7722
-6070
-4025
-2269
-361
-28
-908
-2018
-2467
-1172
2882
6472
6511
4716
3383
1251
-133
174
-302
265
2245
4809
4736
2883
-309
-5489
-7375
-5626
-3321
-2230
-2806
-4211
-4734
-3835
-1024
909
2181
3873
5554
7001
6445
3975
277
-4209
-5213
-1591
2682
5982
6203
3830
37
-2735
-3352
-5045
-5182
-3132
-2805
-2537
-1077
227
-2218
-4266
-2914
-2020
1050
5813
7334
5911
5103
3315
-610
-2190
-367
-769
-422
2198
4071
2278
298
-908
-3697
-3762
-1664
-1986
-5211
-5119
-4565
-4757
-1752
2610
2511
955
1612
2450
3191
4984
5278
1642
1412
4184
5773
4324
2267
-2332
-8052
-9116
-6011
-2682
-212
1581
106
-379
-44
-948
-4582
-6617
-4940
-1345
2183
5034
5692
4794
3773
4022
5793
5277
4003
1264
-1006
-1003
-721
-2905
-6482
-6938
-4263
-2047
468
1366
-2257
-5699
-6523
-3567
657
4103
4656
2841
2584
4484
3661
1851
-46
-1077
351
4235
8489
8488
4665
-1927
-7693
-8882
-6977
-5501
-4197
-4206
-3642
-1857
386
793
-222
-1289
-1831
1081
5145
7678
5965
3575
1013
-557
582
2840
2666
1875
2237
2330
632
-1589
-3328
-6377
-6054
-3793
-2250
-3124
-4122
-5899
-5853
-2060
2612
3732
3081
3716
4005
5271
6486
5763
2452
199
396
2850
4204
3207
-1624
-6026
-6761
-4804
-1947
-729
-1230
-3197
-4041
-3545
-2134
-2646
-3993
-3996
-412
3517
5947
6625
5360
3551
4581
6560
6372
4535
1107
-2379
-4198
-2621
-3086
-5256
-5377
-2780
-175
1891
1598
-2781
-7606
-8520
-5620
-1317
2514
3171
2160
2638
5544
6107
5169
2692
911
2182
5551
8399
6861
1128
-6494
-10680
-9250
-5724
-3249
-1568
-1636
-958
554
1211
-1883
-5486
-6951
-6042
-601
6413
9759
8340
7101
5972
3877
2073
584
-2428
-2984
86
3031
2287
582
-1784
-4927
-4992
-3422
-4236
-7768
-8385
-6988
-3263
2556
6676
5758
3758
3419
3777
3023
2847
1249
-814
927
4212
7168
6710
4102
-740
-5273
-6878
-7159
-7361
-6496
-5198
-2796
-830
424
1733
490
-355
-305
1596
1943
1167
1483
2318
3404
5911
6940
5910
4360
2397
-1111
-4318
-4897
-6381
-6866
-4267
-54
1610
1856
607
-2514
-5046
-5721
-4958
-3020
-64
2739
4084
5461
6568
5644
4755
3110
2416
1480
1211
1855
1233
-1443
-5478
-6916
-5479
-2948
403
2359
730
-1988
-4107
-4191
-4514
-2975
-2881
-2773
866
6483
9588
9050
7485
3428
-881
-1100
264
94
-122
192
405
-288
733
-903
-4075
-5365
-5086
-4952
-4901
-3205
-3557
-2892
1369
4926
5143
3282
1406
112
461
4063
5130
4994
4623
4247
4903
4243
1759
-4857
-10223
-10541
-8211
-4425
-1433
-356
-491
-1350
1001
2330
1518
-796
-2147
-992
353
2233
2835
2612
4174
6416
7421
6961
5239
925
-4212
-5148
-4881
-5419
-5539
-4156
-2701
-1713
-317
-2169
-4205
-3569
-1791
778
3826
5407
3305
1570
2690
2292
2366
2947
3076
3575
4161
4848
1323
-2640
-5731
-7849
-6027
-2526
-154
-120
-1067
-1785
-4167
-4075
-2699
-2490
-684
1965
5160
5410
5127
4265
1751
974
1284
2329
3921
5040
3990
400
-2227
-4629
-7215
-6251
-3784
-2038
-2653
-1726
-1041
-1227
-906
-1707
-2553
-2059
767
3451
5106
6378
4808
2640
2705
3515
4447
2975
1855
-736
-3019
-3721
-4227
-2969
-2319
-1875
-1994
-2792
-2997
-4414
-4709
-3012
-1336
797
1894
3598
4117
4258
4448
3479
2999
2409
3304
4562
5025
3172
-940
-4599
-6616
-6349
-4020
-2038
-1044
-1995
-2263
-2431
-2547
-1897
-2458
-2319
-1194
1169
2884
4150
5318
4526
3458
4133
5030
5897
5386
3678
-367
-4952
-7334
-8619
-6815
-3434
-343
554
416
384
-851
-2906
-3463
-3993
-4134
-1902
2185
5505
6558
7203
5791
3422
2120
2044
1358
1528
2001
920
-1499
-2912
-4431
-5485
-4116
-2781
-3681
-4673
-2968
-1929
-440
1949
2712
779
-297
593
1552
3120
4555
3427
2227
3757
5705
5829
3650
360
-4747
-7671
-7189
-5011
-2673
-1122
-392
-363
643
861
-679
-2211
-2419
-1952
-805
368
1334
1407
2070
2729
3514
4719
5167
4882
4063
3199
712
-2983
-6236
-7469
-5937
-2532
281
1285
639
-907
-1975
-2021
-1040
-840
-1316
-1082
29
913
1394
1313
1075
1152
2533
4260
5724
6538
5780
3472
-80
-3162
-5437
-5638
-3783
-2388
-2439
-3238
-3295
-2795
-2517
-989
-591
-1189
-1266
313
3005
4233
4519
3007
1359
1727
2716
4057
4308
3657
2113
102
3
-313
-1182
-2891
-4756
-5785
-6689
-6459
-6411
-5147
-2587
257
2598
3381
3147
2244
1856
3120
4615
6011
6057
5415
4818
3644
1988
-1347
-4449
-6756
-5702
-2186
328
557
-2015
-5210
-7336
-7029
-4490
-2666
-1370
321
2073
4353
5776
5905
3932
3060
4514
6129
7494
6998
4100
-1178
-5578
-7708
-7813
-5920
-3275
-1428
-23
722
-623
-3781
-6324
-6791
-5058
-1342
2237
4608
4940
5100
5289
5479
4971
3244
2463
2446
3464
4190
3031
-992
-5808
-7784
-6638
-3897
-1096
-1648
-4246
-5409
-3921
-1971
-483
665
-676
-814
2181
6377
7178
5188
2826
690
1822
4454
5170
3298
653
-1252
-3254
-3440
-2629
-3938
-4327
-3185
-1034
-1019
-2592
-4147
-6321
-4505
-286
3074
3917
3346
2937
2243
3641
5254
3914
2349
2022
3433
4524
4182
557
-5578
-7832
-6361
-2855
-180
198
-1650
-4090
-3839
-3428
-2929
-2381
-2577
-1044
2266
5715
6244
4615
2746
680
1729
3865
5100
5327
3895
1573
-1770
-3883
-5581
-6651
-4461
-1567
426
303
-1424
-4299
-6548
-5565
-4112
-2330
117
3111
5686
7314
8183
6219
2882
1031
492
1454
2916
4367
2782
-442
-2328
-3859
-3949
-3487
-3716
-6174
-7645
-5979
-4339
-2283
-376
195
509
2177
4898
5985
6568
5947
3401
2725
3238
4427
4081
2756
160
-3343
-4280
-4760
-4045
-3344
-3274
-3546
-3872
-3305
-3697
-4091
-3637
-2899
-95
2507
4167
4834
5475
6546
6484
7246
6060
4254
2109
-89
-2027
-4464
-5147
-5914
-5113
-1652
1165
1752
-781
-4196
-6481
-7361
-4673
-2099
153
2090
4145
5958
6487
6765
4556
1626
860
2539
4607
5599
4896
860
-4387
-7080
-7461
-5889
-3480
-1842
-2214
-2559
-473
84
-755
-1647
-2617
-2993
-1056
3493
5940
5836
5509
4348
3236
3589
3305
1362
-282
309
-149
-1435
-1485
-1946
-3153
-3327
-2471
-3488
-4950
-5580
-5499
-3539
608
4286
4219
2939
2554
2213
2936
3484
2825
2063
2341
4532
5434
4947
1821
-3425
-6858
-7012
-3825
-1132
-254
-649
-1581
-2449
-3106
-3194
-3765
-3767
-2026
293
2840
4321
4709
3347
3045
5946
7753
7903
6157
2709
-1563
-5299
-6596
-7663
-6896
-3352
440
3690
4861
2234
-3024
-7619
-8690
-7135
-3813
166
3234
5126
6727
7343
6414
4047
1152
184
810
3147
5385
4772
1788
-1945
-3911
-4256
-3357
-2952
-5132
-7864
-7397
-5157
-2509
552
2101
1653
1375
3272
5037
5190
4562
2563
848
3347
6405
7145
4491
656
-3210
-6449
-6185
-5340
-4904
-3124
-157
2304
3532
2418
-1242
-6697
-8468
-5935
-2492
508
2918
4444
5620
7319
8092
6289
2979
1390
671
2477
4863
3382
-2382
-7540
-8953
-7111
-3775
-975
-1314
-2967
-1647
811
2401
1496
-1573
-4804
-4497
326
5504
6894
6268
4487
3317
4264
4676
3647
81
-2730
-2826
-1435
254
207
-1488
-3258
-4183
-4133
-4981
-7060
-7075
-5473
-1367
4212
7744
6898
4071
2155
2081
1869
2581
2362
1196
3227
5491
6161
3973
-545
-5768
-8959
-6305
-2430
-1973
-2581
-3429
-4113
-2699
-204
734
-1067
-1845
-1307
106
2289
4525
3524
3410
5843
8370
9262
7962
4542
-1647
-6805
-7987
-7767
-6290
-3015
-483
828
809
226
-2596
-6078
-6393
-5847
-3587
496
4209
5238
5798
6477
5818
3614
3225
2865
1751
2551
3686
2618
130
-1816
-3327
-3524
-2475
-2918
-7232
-9632
-9389
-7773
-3489
1793
4909
4213
3406
3713
3823
4212
3455
1250
2373
5232
8074
7812
5114
314
-6284
-9423
-7962
-4632
-1544
-197
-96
-437
-1650
-3229
-6279
-7249
-5933
-2663
1538
4980
5794
5010
4321
4813
6121
6570
6857
5997
4923
3152
-1224
-6750
-11251
-12126
-8173
-2315
2918
4064
1349
-1762
-4718
-5011
-4369
-4358
-3519
-848
3915
8125
9552
8222
4596
1622
1428
2247
3530
3095
1089
-641
-1354
-742
-994
-2672
-4979
-7927
-9818
-9464
-8130
-5045
-1639
2939
6827
8434
7776
5099
2214
369
-522
693
3350
5868
7483
6999
4765
220
-4940
-9308
-10378
-7930
-3797
-557
824
598
-1246
-3337
-4460
-4017
-2829
-1052
713
2590
3804
5367
5636
5652
6276
7419
8255
7652
5956
1330
-5871
-12166
-14767
-12674
-7261
-1730
2199
2942
2617
1734
-1117
-2668
-4143
-5622
-4679
-66
6140
9090
9552
8630
5654
4116
2893
1060
-524
-1902
-1952
-2421
-1163
-44
-2025
-4185
-5701
-7107
-8671
-9738
-7538
-3563
1855
7747
10126
9490
6575
2910
153
-721
420
1659
2455
5646
8076
7642
4447
-839
-7074
-11791
-11155
-8317
-5981
-3808
-2905
-3436
-1402
1019
2112
1888
3204
3922
3158
3665
2771
877
1623
4315
6802
7950
7894
5009
-249
-4132
-8079
-10565
-10353
-8072
-4730
-1584
895
-116
-2468
-3470
-2889
-424
2675
5348
5862
4905
3973
2727
2388
1798
1922
3339
5746
7605
5642
972
-4453
-8764
-10256
-9218
-6974
-5098
-3817
-2195
-1155
216
468
-825
-1055
1505
4683
6157
6647
5220
3678
3395
3858
3921
3959
3212
241
-2528
-4116
-6215
-7616
-7253
-4691
-1082
1350
1655
-1711
-4269
-5517
-5757
-3409
-315
3003
5029
6932
8513
7565
5949
4023
3170
4114
4482
3515
-1163
-6388
-9843
-10512
-7886
-4163
-801
777
1359
1951
-636
-4114
-6245
-7026
-4059
2098
8398
9795
8702
6419
2688
449
258
379
1840
4474
5958
3823
197
-4195
-9289
-10905
-9391
-6887
-4958
-2628
-827
620
1929
2552
1562
1162
2317
3480
4537
4951
3390
1736
1594
3566
5765
5590
3510
-1114
-5350
-8221
-9000
-8168
-6390
-2663
1587
4426
4875
1697
-2780
-5903
-6620
-4542
-1384
2668
5040
6672
7758
7631
5898
4202
3472
3765
3276
375
-4805
-9867
-11968
-11000
-6984
-1663
2997
5534
6327
5183
2354
-2534
-7269
-8981
-5525
359
5613
7686
7160
5348
3036
1050
-300
-796
-562
690
2981
3845
1924
-1540
-4855
-4961
-3145
-1835
-3012
-4846
-4951
-4442
-1763
1733
3031
2921
3176
4652
4955
3616
894
-2946
-2320
2893
7475
8489
5596
177
-6014
-8786
-7973
-6690
-4375
-737
4282
8264
9049
4850
-3295
-10667
-11876
-8019
-2706
1532
3836
4333
5107
6400
6280
4128
1743
868
2225
5860
6812
2763
-4093
-9001
-8871
-5411
-2266
-1341
-2689
-2560
-1375
516
2011
569
-2236
-3408
-271
3614
4964
3840
797
639
4999
7857
8394
5352
695
-4248
-6466
-5321
-4553
-3420
-2281
415
4190
5539
2049
-5478
-11727
-11661
-7500
-836
4304
6972
6488
6160
7074
6168
3896
463
-1411
682
5404
7283
3143
-2971
-7437
-8784
-5685
-1664
644
-747
-2175
-1816
-2089
-1878
-2947
-4802
-3452
1876
7280
8707
7593
4367
186
-51
1649
3629
4273
3533
2530
1342
441
-2039
-5720
-7559
-6478
-3588
-1679
-1119
-1500
-3316
-3087
-934
1627
2651
2940
2593
3375
5410
5709
4191
2476
2070
3336
4340
4178
1222
-2939
-5750
-6219
-3647
-1189
314
-788
-2182
-2582
-3755
-4091
-4407
-4063
-1521
2576
6750
8191
7856
5654
2713
2739
2993
3610
3771
2544
549
-1593
-2751
-4329
-5360
-4863
-3109
21
2334
2051
-331
-4388
-6600
-6041
-3502
-79
2872
5056
6485
7577
7636
5706
2991
1024
570
2447
4293
3628
536
-3100
-5073
-4972
-3447
-2613
-3591
-4841
-4317
-3473
-1833
-335
-485
-735
866
4815
7499
7883
5953
2238
1649
2570
3360
3854
2106
219
-2049
-2231
-1661
-2243
-2628
-3593
-2510
-551
-282
-2246
-6690
-7943
-6197
-2627
1693
4593
6473
6480
7616
7926
6550
4591
1499
-21
996
2982
2247
-1757
-5067
-7496
-6778
-3431
-497
498
-1133
-1729
-2849
-3223
-2771
-3855
-4156
-1924
2847
7355
9235
9222
6102
3708
2869
2680
2891
1368
-180
-2533
-3912
-4189
-4564
-4036
-3318
-1773
-626
-860
-1064
-3451
-5246
-5207
-3383
-294
2630
6006
7148
7845
7585
5444
3036
499
-638
-629
530
1904
691
-1246
-3597
-4302
-3113
-2563
-2463
-4159
-4992
-5203
-4251
-1998
-398
1042
2012
3351
5348
6463
6585
4254
2419
1449
1778
3496
3376
1573
-2119
-4884
-6141
-5926
-3894
-2280
-605
636
702
267
-2230
-4658
-6599
-6223
-2868
1278
5023
6764
7918
7988
6627
4788
2545
521
-649
-916
-1270
-2787
-4261
-5889
-5624
-2645
965
2759
1707
-227
-2326
-4214
-5220
-5602
-5230
-2954
952
5934
9148
10008
7645
3412
193
-1227
-1664
-1471
-592
600
1081
1271
1070
-257
-2040
-4244
-6133
-6985
-5983
-5225
-4157
-1402
1982
3541
3747
3492
3010
2846
2991
2332
2251
3286
3957
3989
3256
1248
-3116
-6957
-8150
-6504
-2750
1200
3674
4310
3065
219
-4264
-7954
-9344
-8691
-5677
-963
4361
7976
9505
9136
7304
4903
2793
1001
-312
-1001
-1461
-3356
-5084
-5354
-4104
-1661
981
2534
1764
439
-1276
-3763
-5811
-6799
-6810
-4452
227
5628
8423
8752
6916
3864
1431
-352
-1321
-1736
-633
1533
3129
3913
3343
963
-1567
-3889
-6167
-8721
-9809
-9177
-7319
-3083
1919
5322
5694
4960
4152
3682
3441
2232
474
646
3517
6290
6186
3924
-728
-5936
-8797
-8064
-4739
-1816
650
2405
4054
4468
1536
-4108
-9374
-10841
-8371
-4254
810
5025
7157
7947
8475
8015
5661
2642
-376
-1236
497
2336
1529
-978
-2672
-3020
-2731
-3483
-5885
-8507
-9004
-6854
-2422
1474
3154
2244
1802
3635
5927
6384
4236
1352
1372
3772
5744
4893
1737
-2176
-5177
-4625
-2706
-1757
-2300
-2583
-1428
630
1297
-1237
-6179
-8869
-7451
-3494
385
2998
4193
4818
6741
8388
7900
5192
1883
-904
-490
2121
3105
707
-2549
-4029
-3253
-1864
-2859
-5896
-8624
-8157
-5567
-1173
1946
2219
505
525
3135
6069
6155
3934
1597
3112
6059
6891
4873
631
-3346
-6255
-5612
-3658
-2573
-2189
-1198
632
2525
1481
-2723
-8212
-9892
-7286
-3170
578
3442
4987
5847
7709
8884
7474
4195
1328
-375
660
2805
2104
-2126
-5649
-6511
-4872
-2425
-860
-1919
-3679
-2961
-1637
-1204
-1752
-3330
-4656
-3222
2039
7399
8584
7829
5802
4527
3886
2736
555
-1851
-2119
-1026
28
1359
746
-1484
-4325
-5884
-6388
-7503
-7922
-6584
-3522
1057
5015
6462
5660
4304
3425
2448
2661
3397
3222
2822
3806
4444
3319
569
-2680
-6011
-6739
-4643
-3020
-2594
-2444
-3419
-4539
-2999
-1172
-1391
-2072
-992
136
2440
5839
6826
6339
6716
6558
5877
4872
3166
-1550
-5846
-6751
-6150
-4263
-2024
-228
-466
-1160
-1936
-3717
-5339
-5420
-5132
-3222
405
4626
5790
5759
5931
5524
4342
3201
2835
1957
1883
2612
2340
1075
-870
-3680
-5530
-5227
-4391
-6050
-7384
-7078
-5435
-2175
1337
3186
3096
2295
2007
3283
5082
5670
4690
4203
4687
5701
5212
2409
-2539
-6897
-9337
-8336
-4605
-591
1737
1845
1160
-453
-2395
-4516
-6640
-7112
-4876
-1161
2852
5461
6866
6827
6807
7053
6716
5815
4241
1873
-833
-4194
-6846
-8336
-8256
-5721
-1490
2032
2870
1321
-1378
-4161
-5109
-4886
-4504
-2595
776
4285
6523
8308
8181
5686
2716
1123
925
1549
1435
342
-1163
-1702
-2086
-2589
-2393
-2942
-4431
-6530
-6656
-5352
-3324
-1218
984
2779
4263
4247
3729
2937
2280
1445
1384
3584
6021
7103
5838
2982
-1277
-5650
-9090
-9745
-7686
-3480
378
3206
4691
3331
-582
-4442
-6600
-6880
-5607
-3204
100
3548
7235
8856
8984
8679
7425
5277
3359
1528
-1550
-6364
-9742
-10133
-7927
-3644
475
3155
3457
2633
719
-2119
-4555
-6373
-7311
-5195
-242
5397
8868
9850
8482
5638
2895
794
-850
-1850
-1579
-211
1558
2505
1817
-94
-2311
-4461
-6595
-8234
-8614
-8135
-5250
-520
4624
7367
6919
4962
2763
1659
1141
942
1632
2845
4873
6596
6612
4429
-904
-6342
-10344
-10198
-6782
-2408
1235
2942
3558
2412
-161
-2904
-5428
-6432
-5453
-2635
1260
4304
6521
6634
7032
7259
6751
5380
3860
2400
169
-2717
-5112
-6638
-6541
-5449
-3640
-2127
-1838
-2125
-2808
-1732
-445
274
-93
396
1483
2588
3707
4856
5003
5446
5837
5832
4861
2560
-860
-4969
-6613
-6250
-4438
-2186
885
2944
3370
1282
-2520
-7275
-9923
-9058
-5436
-291
4710
7674
7802
7640
6914
5385
2573
732
383
2230
4295
4589
1485
-2912
-6827
-7837
-5778
-3257
-2067
-3214
-2986
-2458
-859
398
46
-1235
-1209
1076
4320
5720
5642
3538
3337
4988
6396
7332
5572
1927
-3234
-5922
-6748
-6734
-5792
-4409
-2003
895
2487
979
-2506
-4658
-5466
-3609
163
3086
4169
3723
5061
5599
6385
6433
5248
4797
4672
4645
2008
-2566
-7212
-10983
-9891
-5567
-1113
1571
1535
772
-1482
-2254
-2865
-3736
-3446
-1428
2485
6100
8402
8263
6029
4287
3467
3822
4247
3569
1175
-2437
-4802
-6537
-6532
-5459
-4084
-2335
-1289
-8
-459
-1231
-2612
-3765
-2696
-397
2459
4755
5960
6319
5511
5279
4616
4061
4030
3049
1345
-1423
-3302
-5659
-6446
-5620
-4128
-2537
-1091
-687
-2040
-3146
-3363
-3536
-1895
1075
3192
4411
5220
5715
4359
3848
2866
2472
3282
4623
4602
2284
-1008
-5242
-8015
-7616
-5879
-4337
-2687
-1533
-716
-732
305
-706
-1843
-2283
-948
1130
3297
4306
3358
2918
3689
5130
6849
7873
6506
2757
-1669
-4801
-7930
-8880
-9055
-7527
-5106
-1559
1372
1906
1716
-70
-2200
-2598
-1624
-890
-193
1693
3771
5039
7538
8151
8068
7403
6277
2832
-2077
-6468
-10607
-11450
-8717
-4711
-1295
1240
2541
1723
-76
-1916
-5179
-6681
-5948
-2342
1640
6130
9235
9010
8298
7209
6240
4931
2984
151
-4203
-6522
-6903
-6509
-4600
-3211
-1822
-1996
-1427
-1368
-3310
-4837
-6029
-5266
-2514
2070
5856
6923
7275
6571
5162
4486
4071
4135
3597
3865
2371
-530
-4302
-8312
-10209
-10913
-9063
-6781
-4270
-1592
208
1868
1818
1100
346
-607
471
2064
3951
4919
4971
5144
4383
5343
5939
5058
1882
-2762
-6822
-9818
-9749
-9111
-8562
-7265
-5017
-2161
435
2534
2129
-417
-1209
-553
1627
3389
3998
3510
3049
4849
5841
6582
6143
3886
272
-4188
-7292
-10505
-12421
-11859
-9575
-5306
-756
2761
3692
2370
703
-1968
-2867
-2119
-616
1078
3326
5847
6554
6286
4775
2608
1366
846
727
-1255
-4090
-7157
-9538
-9090
-8002
-6555
-5749
-4092
-833
2123
4774
4497
1873
-273
-1508
-317
1158
2406
2333
2150
3721
4532
5315
3994
1039
-2854
-6246
-8020
-8872
-7756
-6152
-4388
-1483
1153
2929
1900
-218
-2467
-4510
-3423
-1596
1166
3053
4618
5317
4906
5081
3401
1381
140
-380
-705
-2581
-4580
-6975
-7779
-5708
-3290
-950
-277
54
-231
-846
-600
-1821
-2992
-2688
-389
2481
4250
4968
3307
1521
790
711
1708
2401
2810
1494
-496
-2203
-4485
-6025
-7279
-7432
-6675
-4897
-1662
420
1946
2340
1546
1085
675
987
407
7
100
573
2414
3515
4627
4703
3795
1940
-1398
-4867
-8102
-8930
-7335
-4663
-1365
830
1905
1443
-104
-1702
-4026
-4693
-4075
-2068
710
3630
5428
5472
5657
4967
3950
3391
2329
268
-2862
-5776
-7927
-8169
-5944
-3189
-464
1104
1746
1842
155
-1936
-4483
-6073
-5075
-1771
2490
5534
6938
6010
3862
2021
629
-573
-932
-323
1031
1777
1604
315
-2060
-4265
-5736
-6556
-6966
-5623
-4047
-2076
583
2874
3655
3456
2994
2117
1489
1348
463
176
1028
2030
3565
4297
4082
1376
-2012
-4517
-5799
-5167
-3707
-2407
-1214
-50
848
-75
-1251
-2343
-3802
-3276
-888
1695
3014
3919
3607
3334
3832
4281
4437
3864
2935
1230
-1108
-3475
-5822
-6747
-5917
-3212
-38
1124
1944
1372
-825
-2603
-3629
-3800
-3286
-946
2507
4875
6264
5828
3893
1903
920
905
1153
2138
2970
2381
1305
447
-1591
-4692
-6633
-8180
-8352
-6318
-2948
483
2658
5015
5296
4283
2632
607
-855
-2190
-652
2445
4705
7180
8238
7102
4058
561
-4024
-8986
-9632
-7855
-5006
-1399
1819
2838
1715
1204
-203
-2342
-3173
-2897
-2238
-240
3888
5792
5453
6304
6369
5568
5174
4987
2301
-1757
-4174
-6755
-7405
-5524
-3821
-3094
-2458
-419
315
250
985
336
-1050
-1080
1136
2650
3465
4583
3892
3518
4200
4515
3593
2498
1487
-587
-1763
-2086
-2808
-3898
-4916
-4588
-4071
-4176
-3474
-2088
-660
1079
3505
4641
4047
3452
2598
1461
1686
2740
2681
2757
4141
5018
3709
2254
-283
-4487
-7094
-6947
-6367
-5314
-2652
-1737
-988
1442
3267
2901
1932
1293
-233
-820
1074
2224
3054
3451
4098
5350
6062
6620
4480
1020
-2601
-5017
-6491
-7118
-6604
-5727
-4809
-2522
514
2610
3561
3614
2818
1467
1031
961
400
-188
1631
2961
4366
5865
6406
4938
2688
1061
-1677
-4124
-4937
-5506
-5536
-3771
-2125
-1601
-1763
-826
-485
242
1884
2749
1467
1012
1935
2544
3264
4242
4638
3847
4712
5398
4024
1797
-1239
-4740
-5929
-5270
-4185
-4628
-4604
-3827
-2759
-34
1908
2575
1875
1114
1220
1746
2149
2050
1368
2108
3733
5847
7225
6876
4731
1812
-1069
-3564
-5029
-6539
-7550
-7553
-5842
-3681
-1447
225
608
984
2258
2812
2847
2527
1938
1230
1428
3241
4404
4988
5213
5203
4477
3174
1140
-2305
-5811
-7278
-7304
-6775
-5516
-4379
-3794
-2403
-264
1239
2244
2624
2678
2286
3165
3950
3891
3672
3143
2910
3379
4685
5228
3873
1521
-1547
-3932
-5510
-6759
-8204
-9313
-8872
-6864
-2861
1182
3594
4444
4123
3721
3742
4080
2882
1211
686
1428
3634
6122
6895
5327
3136
1134
-1432
-3704
-6228
-8907
-10758
-10240
-7362
-4015
-746
1329
2165
3331
4623
4778
3375
1718
505
826
3159
5362
6007
5359
4815
4308
3397
1436
-2442
-6815
-9652
-9675
-8074
-6312
-4942
-4406
-2498
935
3904
4848
3400
897
-438
1324
4227
5217
5039
4645
4376
5002
5563
3875
-228
-4344
-6530
-6557
-4470
-3289
-4804
-6399
-5951
-4362
-2220
-512
-198
-615
897
3952
6295
7027
5902
3453
2787
3420
3806
2754
633
-1068
-1902
-1255
-483
-1369
-3597
-5734
-6371
-5787
-5399
-5608
-5437
-3940
-380
3912
6566
6731
5235
4366
3677
3296
3218
1102
-628
-642
1128
2965
3252
1556
-1899
-4338
-4629
-5337
-6772
-7999
-8881
-7512
-2974
2414
5442
5984
5414
3971
3046
3423
1779
-701
-1477
-111
2654
5507
7133
4955
836
-1967
-4347
-6120
-7157
-8457
-9054
-7161
-3433
-99
1948
3028
2742
2047
2397
2502
1430
541
-115
1287
3666
5980
6871
5441
3568
1044
-1483
-3907
-6388
-8042
-8596
-7107
-3973
-1616
-790
-350
-331
308
965
1678
1122
-240
93
1739
3762
6620
6913
5881
4595
3709
2349
-424
-2991
-6782
-8814
-7708
-4973
-3028
-1850
-2215
-2733
-2103
-373
372
-305
-531
-321
628
4008
6656
6782
5934
4161
4199
3441
2895
773
-2481
-4324
-5082
-4415
-3876
-4444
-5232
-5602
-4923
-2474
-1390
-746
-1002
-105
1228
3373
4736
5138
3756
4134
4575
4717
4553
2615
755
-682
-305
-627
-2142
-4229
-6131
-7799
-6419
-5332
-4716
-4344
-3081
-758
1969
5152
5733
3785
1879
1416
2178
3994
3605
2959
2230
3411
4595
4809
2900
-1143
-5400
-8070
-8947
-8552
-8116
-8358
-6032
-2183
3008
6622
7482
4821
1629
-455
-494
-3
1610
2279
3286
6118
8670
9463
7266
3231
-1981
-6132
-8354
-9887
-11213
-10664
-9446
-5676
325
5179
6971
6129
3845
1575
-382
-2228
-3180
-2071
1436
5472
10316
12612
11403
7625
2438
-2370
-6473
-10507
-13709
-14139
-10871
-5921
-741
3273
4247
3423
2841
2590
861
-1141
-3844
-4270
-711
5309
10438
12394
11739
8958
5465
2396
-2111
-7619
-13223
-15482
-12442
-6608
-457
2093
1566
454
883
2483
1268
-1284
-3913
-4936
-1175
6082
11464
11999
10315
8091
5718
4935
1837
-5434
-12325
-15261
-12420
-6523
122
2433
304
-1146
-484
696
-614
-3908
-6623
-6205
764
9620
14230
13232
9433
6003
3239
2973
318
-6252
-12172
-12099
-7242
-1448
3239
2323
-1859
-3111
-1379
-1083
-3053
-5968
-8812
-6576
4074
13282
15885
13533
9845
5335
2943
1495
-3977
-11372
-14237
-10436
-2590
6309
8882
4412
-1378
-2653
-2846
-4600
-7402
-10468
-11382
-4060
8486
17008
16988
13434
8637
4077
2334
-1762
-9506
-16285
-15116
-8274
3109
12402
12704
5672
279
-2035
-5252
-9109
-12480
-14937
-10971
1218
14073
19563
16964
11761
4884
1994
-514
-5877
-13917
-16637
-12434
-2781
8830
14386
10656
3854
295
-2242
-5228
-9473
-14376
-15902
-7693
6139
16718
17555
14329
7751
2688
1068
-1894
-8651
-15393
-15012
-8915
2819
12739
12732
5965
1413
-683
-2539
-4921
-8236
-14196
-12731
-2570
10411
16057
14294
9641
3058
1427
437
-3498
-11333
-15098
-12362
-4913
7271
13981
9189
2618
-162
-557
-2865
-4303
-8642
-13878
-8169
3523
13178
13953
11356
5170
221
1187
628
-5575
-12969
-13855
-9721
-1195
10755
12736
5361
297
-391
-1272
-3629
-4308
-10783
-12934
-3841
8647
14865
13569
9924
2852
-711
850
-1854
-9894
-15336
-13003
-7356
3093
14157
12313
3987
402
145
-2770
-4908
-7067
-13794
-11979
249
12191
15836
14053
9370
1835
-29
1028
-4138
-13021
-17014
-13091
-6273
6045
15344
11037
3565
1730
1357
-2407
-4697
-9086
-15792
-11488
2083
13185
15489
13863
8816
2085
1656
1620
-5451
-15165
-17527
-13204
-5408
8139
15028
9160
3178
2776
1799
-2112
-4682
-11171
-16455
-9462
4089
13427
14961
12632
6476
1320
2340
1384
-6803
-15464
-15862
-11065
-2329
10250
13522
6270
1547
1826
815
-1865
-4704
-12275
-14769
-5796
6529
13066
13456
10288
3834
839
2753
701
-7847
-14963
-14055
-8797
1488
12238
11482
4006
657
1092
-258
-1910
-5382
-12782
-12269
-2048
9095
13326
11912
6992
790
-462
1360
-1873
-9929
-14128
-11275
-4836
6579
14321
10099
2520
83
-71
-2103
-3349
-7911
-13546
-9545
2068
12049
14287
11977
5816
-736
-1649
-1137
-5868
-13395
-14901
-10187
-1951
10493
16158
10395
3633
1453
-205
-2720
-4286
-10591
-14919
-8404
4023
13177
14507
11949
5281
-631
-1244
-2359
-8416
-15402
-15517
-10506
-365
12909
16117
9345
4071
2699
617
-1961
-4634
-12009
-14245
-6307
5992
13096
13763
10605
3507
-587
-510
-2884
-10630
-16836
-15538
-10124
1636
13812
14520
8130
4487
3519
1028
-820
-5421
-13521
-12798
-2829
8911
13556
12697
8217
1548
-887
-633
-4222
-12563
-16810
-14660
-7869
4970
13924
11128
5234
3618
3267
1280
-156
-6406
-13001
-9729
1152
11108
13432
11587
6000
222
-592
-1039
-6758
-14938
-16769
-13322
-4554
8580
13408
8152
3259
2421
1809
761
-1188
-8437
-11681
-4882
6564
13399
13371
9897
3510
-659
-625
-2465
-9903
-16469
-15771
-10412
859
11851
11603
5182
1659
1096
-462
-1544
-4907
-11010
-9391
830
11780
15555
13789
8661
2170
-398
-736
-5131
-13322
-17003
-14246
-6781
5597
12406
8883
3321
1288
338
-1724
-3142
-8671
-12313
-6723
5201
13991
15456
12563
6667
1763
764
-1019
-7554
-14884
-15634
-10815
-1010
9591
10809
4730
561
183
-987
-2353
-4949
-10935
-11360
-2645
9012
14557
14025
9964
4466
2135
1889
-1756
-9798
-15564
-13959
-7256
4097
11574
8654
2826
397
-23
-1893
-3726
-8256
-13410
-9728
1653
11972
14833
12302
7103
2620
2221
1176
-4246
-11912
-14645
-10750
-1722
9402
12016
6091
1098
-111
-924
-2899
-5531
-11524
-13810
-6374
6113
13929
14143
9892
4259
1841
2508
-281
-7246
-13664
-13502
-7533
3310
12163
10690
4388
1125
610
-843
-3007
-7657
-14004
-13129
-2905
8795
13858
12415
7170
2214
1919
2100
-2429
-9750
-14064
-11827
-3789
8033
13320
8799
3256
1519
1046
-766
-3805
-10305
-14829
-10333
1139
10682
13136
9985
4062
790
1836
722
-5042
-11637
-13445
-9426
405
10894
12209
6531
2306
1799
1463
-71
-3939
-11031
-13297
-6356
4729
11206
11222
6507
609
-722
801
-1349
-7383
-12273
-11851
-5998
5055
12726
10337
4218
1406
1341
841
-299
-5257
-11453
-10299
-1190
8691
12219
9972
3767
-1759
-1782
-927
-4571
-10485
-13257
-10824
-2619
9070
13639
8847
3000
968
771
186
-1134
-6566
-10944
-6792
3534
11552
12683
8767
1469
-3169
-2469
-2709
-7085
-12312
-13371
-9629
21
10997
12596
6863
2074
1004
759
268
-1520
-7555
-10280
-4212
6386
12780
12614
8003
606
-2727
-1815
-3425
-8966
-13685
-13688
-8933
1799
11491
10852
4611
1047
740
613
471
-1842
-7810
-8518
-818
8945
12988
11426
5986
-926
-2664
-1350
-3460
-8987
-13176
-12780
-7548
3189
10870
8303
2455
98
238
394
463
-2434
-8208
-7412
1220
10258
12974
10807
4980
-1393
-2080
-919
-4102
-9751
-12755
-11361
-5310
5113
10579
6118
359
-1302
-632
-36
135
-3277
-8358
-5628
3517
11262
12530
9382
2966
-2443
-1656
-591
-4122
-9717
-12297
-10083
-3138
7009
10274
4704
-346
-1437
-854
-561
-631
-4987
-9433
-5056
4884
11745
12097
8661
2215
-2114
-688
-621
-5398
-10911
-12203
-9031
-948
8916
10112
3871
-289
-780
-653
-598
-1616
-7104
-9802
-3398
6329
11599
11084
6856
294
-2060
423
-431
-5752
-11086
-11649
-7728
1195
9436
8461
2720
62
490
707
655
-1910
-8554
-10015
-2575
6748
10742
9649
5269
-379
-1119
905
-1370
-7323
-11358
-10471
-5637
4044
10328
7128
1529
-39
584
758
877
-2941
-8735
-7295
835
8281
10046
7890
2490
-2164
-915
551
-2900
-8722
-11094
-8869
-2298
7114
10006
5364
920
188
661
781
175
-4856
-8585
-4566
4169
10015
9804
6309
359
-2873
-1241
-1144
-5256
-9811
-9996
-6552
1210
9317
9173
3732
150
-86
139
200
-1390
-6426
-7141
-755
7320
10749
9275
4642
-1466
-2905
-1442
-3269
-7837
-10856
-9431
-4008
5025
10134
7302
2464
391
333
438
-52
-3550
-7780
-5462
2174
9178
10693
7916
2500
-1932
-2001
-1996
-5180
-9444
-10866
-7833
-543
7679
9420
4856
796
-263
-84
198
-852
-4877
-6478
-1579
5861
10167
9525
5473
-61
-2333
-1374
-2498
-6675
-10162
-10077
-5755
2404
8591
7109
2602
334
352
775
724
-2257
-6585
-5322
1441
8383
10753
8359
3037
-1561
-1823
-1507
-4219
-8105
-9821
-7787
-1498
6577
8820
4427
-30
-1548
-1074
-133
-235
-3657
-5566
-1111
5917
10460
10117
6054
376
-2484
-1175
-1529
-5513
-9051
-9395
-5947
1463
8149
7216
2159
-265
-316
447
894
-1197
-6035
-6262
355
7675
10818
9270
4552
-467
-1533
-263
-2505
-7197
-9532
-8264
-2859
5542
9832
5685
385
-1514
-1538
-728
-304
-3091
-6301
-3005
4900
10135
10311
6901
1429
-2205
-1120
259
-3209
-7908
-9248
-7079
-579
7034
8087
2911
-321
-221
859
1730
190
-5111
-7949
-3131
5115
9912
9569
5741
530
-1769
-254
-606
-5532
-9797
-9564
-5107
3311
10096
8388
2010
-1372
-1520
-969
-314
-1843
-6114
-6088
1109
8947
11018
8371
3398
-1736
-2440
-188
-1548
-7243
-10659
-9374
-4219
4269
9389
6086
898
9
1066
1767
1461
-2692
-8417
-7136
1128
8696
10685
8051
2836
-1573
-1550
-325
-3474
-9422
-11982
-9362
-2089
7400
10914
5785
223
-1263
-903
-495
-931
-4729
-8020
-3873
5142
11306
11058
6843
1213
-2312
-1059
-146
-4641
-10666
-12172
-9245
-1759
6928
8360
3156
35
774
1793
1966
-248
-6144
-9359
-4224
4954
10460
10282
6418
1102
-1337
-173
-896
-6263
-11372
-11600
-7090
1628
9130
8347
2018
-1727
-1796
-1222
-910
-2487
-6567
-6861
134
8767
11844
9637
4681
-522
-1838
-115
-1112
-6872
-11172
-10566
-6166
2053
7885
5752
381
-973
368
828
625
-2760
-8036
-7617
-44
8247
11035
9225
4304
-494
-1170
-291
-2726
-8417
-11173
-9102
-2839
6001
10046
5937
-93
-2431
-2482
-2671
-2884
-5531
-8046
-4593
4179
11300
11783
8423
3054
-1069
-994
-407
-3725
-9525
-11162
-8565
-2498
5797
8555
4263
155
178
878
252
-1132
-5992
-9637
-6020
2503
9305
10297
7675
3013
-126
297
-521
-5064
-10058
-10690
-7065
309
8198
9130
4002
73
-718
-1146
-2201
-3788
-7467
-8007
-2054
6323
10767
9468
5896
1528
-406
452
-885
-5856
-10397
-10044
-6427
487
7047
6358
2132
830
1890
2058
946
-1989
-7419
-8602
-2897
4659
8982
8266
4966
1246
96
387
-2325
-7361
-10417
-9000
-3651
4130
9209
6990
2292
-20
-643
-1498
-2754
-5139
-7367
-4863
2094
8511
10187
7425
3524
239
-467
-428
-3525
-8505
-10595
-8460
-3208
3983
7546
4840
1875
1894
2166
1463
-581
-4913
-8239
-5848
1056
7383
9693
7238
3153
417
-412
-1891
-5803
-9674
-10335
-7121
-101
7144
9018
5566
1975
243
-781
-1800
-3771
-6671
-6424
-1804
4854
9570
9372
5911
2302
373
-205
-1929
-6309
-10387
-10535
-7253
-803
5265
5970
3429
2214
2678
2637
1830
-1433
-6141
-7028
-3148
3312
8298
8777
5348
1781
556
-394
-3126
-7200
-10020
-9608
-5253
2467
7704
6906
3564
668
-922
-1494
-2215
-4461
-5804
-3144
2013
7509
9910
7945
3989
723
-105
-648
-3069
-7135
-9675
-8981
-5027
1631
4984
3627
2138
1698
2079
2426
1196
-3270
-6916
-5322
-400
5715
9318
8046
4151
1208
570
-1034
-4515
-8038
-9676
-8088
-2078
5344
7850
5510
2291
-655
-2069
-2367
-3438
-5543
-5264
-1244
4061
8384
9214
6610
2923
730
483
-858
-4226
-7701
-9217
-7804
-2390
3466
4318
2989
2684
2191
2351
2439
-559
-5632
-7523
-4359
1244
6552
8451
6074
2771
1292
788
-1353
-4988
-7900
-8853
-5968
883
6435
6693
4275
1693
-719
-1805
-2071
-3901
-5506
-3984
513
5099
7644
7314
4332
1225
323
32
-2033
-5193
-7347
-7981
-5381
656
3910
2874
2349
2772
2583
2987
2625
-1622
-5971
-5993
-2092
3117
6643
6582
3463
1085
477
-679
-3087
-5998
-7866
-7632
-3137
3788
6708
5305
3007
744
-1281
-2020
-2196
-4021
-4148
-1183
3605
7126
7801
6091
2339
-148
-465
-1561
-4181
-6492
-7544
-7422
-3254
2479
3141
1643
2090
2957
2990
3292
1884
-3143
-6027
-4187
377
4990
7040
5605
2519
1491
1286
-963
-4149
-6822
-8251
-7126
-1395
4316
4422
2509
1442
497
-474
-708
-1665
-4013
-3344
301
4369
6612
6343
4253
1467
1454
2033
-565
-4304
-6413
-7514
-6861
-1865
1846
170
-553
1790
3605
4144
3901
571
-4594
-5402
-2221
1801
4532
4868
2983
1628
2869
2943
-520
-4107
-5900
-6588
-4418
1117
3667
1146
-396
333
644
197
-357
-2682
-4476
-1893
2649
5335
5426
4028
1782
771
2706
2794
-1510
-5433
-6112
-5902
-3828
871
1472
-1616
-1004
2817
4854
4786
2905
-2392
-6488
-4570
-152
2762
3516
2782
1312
2102
4487
3187
-2094
-6117
-6657
-5387
-1260
3614
3163
-448
-712
1474
2023
1036
-993
-4702
-5111
-339
4559
5436
3562
1527
193
1653
4420
2793
-3416
-7369
-7030
-5268
-1336
2153
29
-2710
279
5443
7196
5749
1064
-5681
-7634
-3029
2300
3963
2532
683
423
3160
5297
2083
-4684
-8476
-7184
-3246
2417
5142
1427
-2572
-1081
2412
3159
1631
-2298
-6158
-4233
2568
7046
5638
1697
-1089
-659
3161
5532
1754
-5798
-9077
-7371
-3187
2009
2615
-2261
-4085
1031
6657
8185
5289
-2061
-8221
-6510
736
5637
4873
924
-2003
-332
4278
5583
358
-6922
-9475
-6315
331
6433
5324
-1206
-4380
-1344
2664
3496
702
-4947
-7203
-2063
6272
9326
5504
-303
-3446
-968
4448
5508
-535
-7898
-9500
-6168
724
5687
2175
-4314
-4345
2037
7335
8382
3272
-6144
-9985
-4448
4241
7934
4800
-967
-3967
-139
5420
4988
-2069
-8909
-9821
-4598
4505
9423
4269
-3459
-4873
-739
3338
3986
-605
-7502
-7490
328
8632
9672
4254
-2349
-4863
0
6075
4776
-3117
-9465
-9938
-4807
4187
7492
670
-5466
-3313
3300
7976
8048
467
-9378
-10179
-1515
7161
8745
3752
-2988
-4928
902
6542
3764
-4405
-9962
-9677
-2524
7934
10368
2307
-5084
-4324
146
3857
3560
-2958
-9614
-6987
2994
10282
9389
3355
-3387
-4711
1682
6870
2723
-5892
-10395
-9659
-2469
7091
7583
-953
-5305
-1285
4639
8352
6563
-3156
-11777
-9574
560
8019
7826
2360
-3629
-3428
3352
7378
1914
-6426
-10415
-8924
-307
9848
9522
437
-4909
-2368
1711
4464
2302
-5770
-11025
-6018
4286
9740
8025
2130
-3884
-3099
3966
6947
687
-7438
-10685
-8850
-174
8255
6411
-1457
-3537
1128
6190
8542
4142
-6517
-12756
-8276
1764
7515
6276
694
-3953
-1560
4901
6565
-266
-7760
-10384
-7259
2567
10581
7911
-294
-3527
-516
2916
4548
298
-8004
-10831
-4452
4904
8845
6899
1067
-3650
-1346
4487
4697
-2322
-8821
-10760
-6972
2552
8409
5082
-982
-1476
2572
6805
7740
1278
-8041
-11203
-5726
2943
6733
4534
-815
-3354
195
4749
4276
-2592
-8872
-10043
-5046
4699
9754
6028
-44
-1736
609
3083
3287
-2302
-8964
-8885
-2014
5966
8749
6272
613
-2461
347
3650
1869
-4456
-9531
-10093
-4620
3607
6501
3416
-337
92
3550
6717
5734
-1388
-8260
-8932
-3473
3482
5938
3580
-404
-944
2296
4060
1918
-4064
-9197
-8956
-2720
5219
7425
3973
224
-902
977
2765
1307
-4261
-8576
-6577
-456
5634
7652
5060
887
-10
2539
3290
547
-4674
-8923
-8364
-2616
3093
3725
1726
185
908
3934
6075
3388
-3209
-7589
-6753
-2475
2322
3844
1865
219
1536
4276
4238
1407
-3680
-8174
-7014
-969
4204
4793
2810
1213
462
1464
2131
-860
-6002
-8228
-5345
-603
3979
5741
3847
1711
2245
3768
2690
-186
-4411
-7910
-6167
-956
2373
2126
1571
1671
2220
4340
4945
953
-4918
-7537
-5886
-2782
699
2268
1362
1754
3692
4896
3054
-153
-4596
-8083
-5554
305
3944
4384
3718
3274
2166
1847
1057
-2901
-7385
-7994
-4741
-1017
2425
4244
3841
3263
4164
4165
1458
-1698
-5596
-8299
-5743
-991
1543
2203
3610
4871
4935
5141
3664
-1135
-6497
-7687
-5647
-3094
-260
1716
2572
3809
5013
4459
1407
-2131
-6053
-8030
-4917
244
3229
4161
4839
5005
3501
1915
202
-3486
-7095
-6983
-4028
-1006
1734
3817
4645
4373
4404
3031
-178
-3219
-6247
-7430
-4963
-1280
978
2203
4413
5770
5041
4043
2220
-1732
-6000
-6271
-4328
-2501
-579
1778
3840
4626
4742
3387
99
-3291
-6200
-6877
-4047
258
3065
3837
4778
4678
2564
346
-875
-3348
-6034
-5132
-2352
-193
1683
3810
4944
4156
3637
2201
-512
-3223
-5593
-6309
-4732
-1814
513
2158
4574
5702
4649
3021
1370
-2027
-5738
-5620
-3862
-2523
-919
2226
4677
4743
4447
3035
83
-3112
-5220
-5520
-3720
-253
2189
2973
4269
4002
1662
-307
-658
-2514
-4993
-4320
-2307
-1194
278
3406
5055
4321
3850
2686
280
-2594
-4737
-5829
-5266
-2712
-256
2194
4837
5732
4478
2834
1837
-1706
-5393
-5776
-4921
-3884
-1708
2474
5200
4968
4722
3582
925
-2469
-4675
-5355
-4211
-631
1920
3330
4743
3850
1237
-377
-457
-2623
-5009
-4479
-3048
-1802
158
3784
5416
4559
3943
2849
737
-2384
-4960
-6453
-6137
-3084
-48
3305
5993
6221
4926
3402
1925
-2464
-6381
-7056
-6440
-4419
-1036
3852
6465
5776
5030
3054
289
-3197
-5783
-6194
-4512
-139
2667
4903
6124
4151
1275
-294
-947
-4004
-6033
-5379
-4042
-1591
1317
5290
6556
5465
4525
2554
190
-3427
-6577
-7973
-6789
-2722
775
5095
7622
6987
5443
3402
803
-4406
-7847
-8173
-6912
-3478
937
5914
7521
6421
4872
1910
-1066
-4723
-7162
-6944
-3902
1078
3984
6552
6838
3959
876
-959
-2500
-5749
-6968
-5684
-3546
-315
3240
6661
6987
5815
4429
1916
-697
-4515
-7975
-9065
-6445
-1703
2190
6342
8084
6783
4923
2905
-608
-6028
-8875
-8823
-6793
-1976
3466
7540
8177
6718
4417
1031
-2132
-5784
-8511
-7574
-2965
2253
5396
7590
6796
3094
136
-1317
-3580
-6989
-7805
-6218
-3274
1110
5249
7729
7422
5915
4344
1684
-1219
-5245
-9374
-9665
-5667
-298
3669
6978
7716
5638
4106
2369
-1883
-7256
-9758
-8849
-5811
109
5884
8294
7897
5919
3423
262
-2808
-6195
-8905
-6980
-1247
3944
6662
7870
5719
1267
-1197
-2235
-4749
-7971
-8113
-5706
-1982
3155
7240
8376
7096
5277
3680
954
-1958
-6110
-10303
-9293
-3831
1692
5202
7588
7195
4352
2989
1431
-3366
-8820
-10734
-8967
-4635
2429
8134
9270
7763
5393
2879
-276
-3528
-7163
-9680
-6621
322
5555
7744
8296
5273
357
-1724
-2628
-5893
-9524
-9162
-5776
-1092
4669
8634
8693
6769
5169
3696
916
-2538
-7109
-11136
-8860
-2071
3289
5941
7579
6516
3427
2616
1292
-4433
-10154
-11404
-8767
-3457
3997
9001
8846
6880
4988
2673
-343
-3716
-7836
-10054
-5741
2156
6772
8054
8012
4278
-499
-1800
-2595
-6744
-10586
-9531
-5327
85
5935
9041
7832
5890
4920
3498
702
-3250
-8189
-11414
-7542
299
4743
6390
7154
5416
2578
2295
929
-5703
-11184
-11414
-7949
-1530
5853
9535
8147
6075
4574
2042
-1004
-4853
-9282
-10681
-4659
4057
7878
8797
8161
3772
-572
-1374
-2804
-8163
-11745
-10055
-5035
1535
7476
9640
7476
5733
4954
3120
160
-4587
-9869
-11992
-6515
2021
5650
6913
7111
4713
2545
2763
679
-6901
-12059
-11636
-7529
-84
7295
9861
7725
6032
4954
2094
-1515
-6242
-11038
-11469
-3651
5505
8677
9438
7929
3005
-562
-1085
-3465
-9480
-12341
-9845
-4126
3293
8963
10016
7208
5492
4781
2662
-671
-5966
-11147
-11924
-5008
3514
6432
7397
6759
3664
2079
2426
-662
-8394
-12576
-11274
-6115
2332
9099
10252
7362
5335
4192
1208
-2346
-7161
-11671
-10646
-1887
6831
9277
9567
6883
1396
-1140
-1295
-4177
-10360
-12742
-9631
-3445
4715
10240
10332
7102
5292
4640
2279
-1254
-6774
-11803
-11299
-3575
4637
7037
7570
5840
2171
1652
2318
-1482
-8933
-12560
-10834
-5188
3633
9501
9456
6378
4562
3968
1585
-2010
-7194
-11826
-9653
-462
7475
9577
9212
5397
175
-1123
-1280
-4837
-10777
-12865
-9083
-1983
6466
10981
9482
5747
3946
3828
2115
-1540
-7149
-11666
-9698
-1571
5680
7403
6751
3936
890
2014
2691
-1802
-8998
-12554
-10437
-4051
4876
9508
8349
5368
3961
4081
1844
-2224
-8020
-12364
-8706
723
8158
10150
8713
4046
-268
-378
-1129
-5460
-11245
-13075
-8712
-766
7761
11248
8984
5296
3814
3936
2072
-2265
-8472
-12308
-9251
-722
6524
8270
6720
2962
1039
2702
2365
-2661
-9738
-13098
-10347
-2715
6217
9764
8201
5164
4080
4471
2133
-2769
-9273
-12811
-8365
1082
8592
10702
8103
2850
84
270
-1500
-6314
-12017
-13443
-8267
946
9444
11719
8701
4783
3328
3650
1633
-3404
-9628
-12058
-7810
765
7549
8651
5557
1592
1048
2612
1287
-3761
-10339
-13098
-9333
-725
7482
10037
8100
4964
4042
4179
1279
-4310
-10559
-12409
-6836
2625
9994
11510
7510
1961
-303
-885
-3604
-8023
-12415
-12376
-6102
3218
10713
11871
8214
4116
2534
2669
465
-4614
-9816
-10861
-6104
1881
8177
9052
5043
1055
763
1651
-263
-4916
-10362
-12348
-7901
714
8102
10244
7918
4550
3327
3016
184
-4963
-10040
-10724
-5151
3382
10237
11358
6449
1106
-1079
-1898
-4441
-8220
-11356
-10809
-4879
3879
10643
11399
7477
3444
1698
1718
-252
-4758
-8972
-9504
-4636
2723
8407
9005
4321
427
99
970
-816
-5209
-9759
-11484
-6926
1386
8363
10403
7316
3901
2478
1954
-492
-5348
-9734
-10047
-4133
4301
10922
11699
6113
781
-1674
-2682
-4911
-8486
-11006
-10221
-4085
4800
11241
11536
7003
2975
1305
1186
-912
-5482
-9432
-9795
-4474
3085
8938
9368
4685
1293
1009
1338
-1165
-6269
-11183
-12302
-6657
2294
9398
11153
7669
4168
2681
1654
-1574
-6911
-11043
-10410
-3588
5390
11850
11704
5887
951
-1261
-2667
-5273
-9212
-11888
-10028
-2884
6173
11708
11224
6717
3123
2097
1386
-1800
-7088
-10798
-10104
-4116
4090
9480
8863
4419
2000
2284
1396
-2155
-7859
-12659
-12020
-5034
4212
10211
11033
7678
4441
3302
1376
-3109
-9060
-12215
-9774
-2309
7012
12599
10941
5148
1125
-872
-3422
-6820
-10856
-12570
-8853
-519
8266
12224
10922
6672
3476
2603
658
-3799
-9406
-11736
-8900
-2180
5682
9828
8168
4172
2779
2913
338
-4610
-10584
-13990
-10891
-2501
6379
10834
10704
7871
5408
3974
513
-5452
-11498
-12597
-7709
331
8518
12158
9315
4192
1444
-339
-4103
-8801
-12629
-12613
-6925
1841
9120
11330
9294
6228
4518
3646
377
-5538
-10924
-11440
-6610
359
6249
8497
6436
3801
3820
3703
-405
-6897
-12387
-13365
-8363
56
6953
9269
8224
6715
5900
4421
-8
-6742
-11740
-10699
-4095
3371
8618
9904
6438
2689
1549
93
-4236
-9891
-12939
-10739
-3872
4022
8656
8799
6255
4753
4891
3986
36
-6440
-11027
-9541
-3229
3141
6392
6630
4237
2764
4211
4021
-952
-8380
-13002
-11836
-5574
2387
7052
7403
5622
5209
5932
4413
-566
-7833
-12100
-8957
-1080
5943
9012
8306
4218
1396
1635
455
-4211
-10483
-13040
-9294
-1681
5690
8608
7114
4216
3710
5009
4122
-554
-7668
-11698
-8514
-1130
4918
6859
5899
3123
2361
4678
4254
-1409
-9369
-13529
-10966
-3807
3875
7385
6533
4456
4440
5584
4174
-1292
-8851
-12526
-8044
684
7424
9563
7318
2733
624
1468
585
-4107
-10449
-12715
-8334
-172
6655
8789
6351
3084
2877
4318
3796
-1065
-8379
-11981
-7952
222
6040
7641
5454
2014
1796
4378
4184
-1769
-9782
-13733
-10708
-2406
5256
8358
6491
3743
3682
4521
3513
-2026
-9745
-12765
-7349
2287
8880
10715
7057
1541
-238
552
-94
-4744
-10740
-12503
-7584
1562
8482
9887
6108
2284
1961
2970
2621
-2217
-9214
-12044
-6995
2097
7820
8989
5604
1356
1072
3181
2543
-3443
-10603
-13457
-9415
-151
7669
9869
6578
3199
2571
2615
1389
-3799
-10498
-12266
-5537
4735
11042
11919
6868
764
-1596
-1376
-2153
-6461
-11099
-11380
-5496
3732
10461
11070
6026
1817
990
1218
138
-4268
-9849
-11491
-5249
4096
9756
10296
5950
1449
264
1505
209
-5592
-11345
-12782
-7543
1713
9429
11166
6797
3016
1863
1132
-964
-5716
-10809
-11359
-3878
6360
12690
12680
6779
575
-2671
-3082
-4084
-7695
-10960
-9970
-3365
5118
11416
11552
5906
1335
-6
-280
-2051
-5708
-9535
-9920
-3360
5500
10978
10588
5639
1093
-747
-499
-2198
-6770
-10875
-10938
-4988
3476
10466
11437
6606
2122
183
-751
-3259
-7093
-10099
-8890
-1379
7692
13440
12172
5674
-447
-4125
-5074
-6022
-8174
-9678
-7391
-431
6935
11977
11075
5303
141
-1945
-2188
-4033
-6832
-8681
-7064
-558
7076
11949
10473
4823
137
-2031
-2934
-5126
-8109
-10382
-8856
-1928
6027
11752
11520
6559
1360
-1795
-2782
-5251
-8517
-9628
-6225
1371
9303
14298
11963
4817
-1377
-5080
-6836
-8407
-9338
-9246
-5897
1744
8782
12447
10740
5570
204
-2939
-3417
-5398
-8169
-8793
-5254
1543
8096
12232
10232
4487
115
-2014
-4026
-7259
-9690
-10522
-7735
-91
7710
11684
10506
6355
1445
-2223
-3696
-6185
-9301
-9296
-3996
3868
10509
13987
10997
4055
-1717
-4970
-7405
-9913
-10480
-8994
-4546
3281
9913
11765
9347
5139
582
-2917
-4325
-6318
-8765
-8407
-3355
3837
9264
11717
9689
4499
342
-1816
-4824
-9042
-11186
-10365
-6263
1386
8886
11321
9351
5988
1761
-2604
-5540
-8063
-10174
-8817
-2109
6238
11778
13534
10732
4705
-1019
-4676
-8111
-11573
-12076
-9095
-3295
4106
10167
11314
8728
5422
1543
-2858
-6514
-8847
-9959
-8292
-1904
5662
10090
11209
9666
6029
1880
-1236
-5641
-10920
-12597
-10291
-4760
2358
8766
10766
8805
6553
3033
-2253
-7371
-10664
-11330
-8605
-893
7237
11433
12238
10266
6248
858
-3527
-7973
-12397
-12425
-8430
-1873
4442
9025
10205
7763
5741
2744
-2425
-7792
-10701
-10271
-7639
-794
6140
9011
9800
8934
6819
3106
-935
-6026
-11568
-12231
-8754
-2882
3266
7998
9880
8078
6401
3416
-2386
-8659
-12195
-11162
-7104
561
7674
10281
10512
8792
5805
1300
-3445
-8116
-12205
-11420
-6500
-104
5236
8350
9335
7335
5360
2791
-2490
-8487
-11679
-10406
-6261
476
6453
8562
8923
8137
6233
3275
-1265
-7067
-11810
-11806
-7579
-1733
3986
7925
9410
8260
6415
3575
-2013
-8685
-12440
-11210
-5892
1409
7173
9421
9521
8059
4934
1263
-3187
-8584
-11831
-10712
-5688
219
4839
7756
8369
7370
5412
2608
-1918
-7844
-11035
-10133
-5161
1414
5725
7674
8074
7650
5691
2838
-1241
-7416
-11178
-10746
-6882
-1514
3164
6736
7882
7707
6170
3048
-1628
-7691
-10925
-9792
-4104
2681
6278
8088
8136
7074
4361
920
-2714
-8157
-10718
-9103
-4641
509
3616
5969
6408
6248
4965
1864
-2022
-6981
-9445
-8481
-3417
2795
5158
6305
6900
6868
5324
2619
-1066
-6961
-10093
-8976
-5439
-869
2359
5041
5890
6231
5367
1926
-2353
-7352
-9745
-8142
-2509
3930
6127
6901
7086
6279
4080
905
-2580
-7438
-9562
-7234
-3120
810
2845
4409
4887
4956
4220
1091
-2826
-6832
-8719
-7222
-2214
3243
4910
5376
6157
6280
5013
2558
-1076
-6123
-8718
-7095
-3869
-504
1865
3748
4822
5276
4771
1430
-2977
-6900
-8937
-7183
-2084
3125
5146
5729
6311
5721
3967
1521
-1851
-5929
-7895
-5773
-2391
209
2061
3373
4229
4369
3825
1137
-2676
-5714
-7678
-6554
-2312
1878
3678
4197
5193
5156
4009
2427
-470
-4203
-6536
-5380
-2753
-850
1057
2606
3691
4027
3726
1699
-1962
-4776
-6567
-5827
-2168
1497
3501
3912
4282
3877
2365
941
-995
-3501
-5048
-3609
-1042
36
1070
2154
2797
2608
2143
1146
-1369
-3395
-4571
-4149
-1612
924
2703
3072
2988
2776
1577
522
-715
-2447
-3801
-3364
-1203
7
753
1971
2586
2285
1461
774
-895
-2998
-3786
-3059
-1014
1335
3311
3751
2567
1472
-70
-1395
-1921
-2510
-2956
-2308
-210
1150
1268
1844
2018
1228
146
-22
-408
-1970
-2641
-1841
-478
1054
2823
3564
2138
778
-261
-1359
-1854
-2096
-2319
-2210
-840
754
981
1296
1618
980
-96
-365
-124
-1303
-2121
-969
328
1446
3147
3984
2341
113
-1226
-2318
-2818
-2448
-1853
-1299
-77
1393
1522
1072
922
-48
-1250
-1233
-163
-301
-1015
30
1102
1449
2595
3326
2009
-420
-1632
-2095
-2431
-1791
-966
-528
110
1033
1282
564
181
-825
-2096
-2074
-744
-54
-253
859
2088
2224
3051
3632
2383
-587
-2810
-3360
-3414
-2216
-426
826
1579
1834
1796
715
-321
-1829
-3517
-3420
-1642
194
976
2034
2885
2305
2432
2915
2056
-572
-3016
-3702
-3482
-1933
321
1787
2369
2086
1677
809
-174
-1804
-3909
-4419
-2848
-707
960
2574
3363
2671
2395
2955
2427
-179
-2984
-4326
-4308
-2464
578
2845
3487
2781
1778
666
-397
-1998
-4227
-5059
-3261
-464
1795
3581
3828
2251
916
1247
1372
-356
-2495
-3759
-3850
-1874
1288
3602
3896
2831
1398
119
-693
-1980
-3940
-5070
-3713
-586
2134
4209
4313
2513
563
130
442
-988
-2971
-4003
-4011
-1703
2000
4816
5198
3676
1671
-231
-1477
-2792
-4516
-5260
-3795
-228
3100
5163
5035
2850
175
-1262
-1136
-1827
-3307
-3806
-3583
-1465
2097
4966
5687
4197
2066
-112
-1732
-2974
-4560
-5082
-3922
-646
3073
5230
5438
3556
840
-1337
-2089
-2445
-3771
-4123
-3597
-1656
2010
4777
5914
4867
2636
253
-2006
-3424
-4881
-4935
-3327
-375
3407
5394
5321
3534
984
-1362
-2927
-3087
-3715
-3886
-2875
-1220
1753
3905
4983
4562
2835
941
-1431
-3182
-4697
-4870
-3168
-596
2918
4938
5035
3820
1677
-488
-2844
-3699
-3956
-4086
-2744
-916
1814
3516
4160
4215
2749
993
-1311
-3312
-4600
-4511
-2305
198
3185
4935
4535
3263
1240
-492
-2750
-4121
-3869
-3617
-2248
-302
2045
3429
3406
3587
2617
979
-1072
-3388
-4810
-4777
-2501
364
3131
5059
4701
3474
1670
-147
-2342
-4333
-4286
-3701
-2411
-200
2201
3676
3295
3201
2641
849
-1157
-3376
-4894
-4805
-2490
619
3100
5015
4825
3389
1751
-79
-2026
-4059
-4341
-3574
-2521
-535
1725
3449
3401
3139
3102
1426
-791
-3030
-4867
-5195
-3372
-241
2322
4540
5136
3802
2383
517
-1668
-3770
-4366
-3533
-2609
-694
1568
3215
3647
3105
2841
1268
-1148
-3147
-4654
-4796
-3130
-79
2319
4072
5047
3750
2235
482
-1747
-3613
-4119
-3091
-2359
-1056
1042
2565
3538
3431
3319
1996
-734
-2996
-4619
-4866
-3534
-771
1750
3379
5020
4382
2741
979
-1586
-3771
-4495
-3101
-1880
-836
1063
2295
3238
3480
3388
2122
-849
-3361
-4897
-4755
-3204
-583
1856
2994
4552
4605
3149
1397
-1390
-3838
-4931
-3566
-1708
-849
589
1663
2659
3645
4239
3442
94
-3191
-5268
-5305
-3601
-1141
1211
2313
3916
4983
4179
2604
-601
-3752
-5356
-4241
-1730
-477
390
1055
1872
3238
4304
4018
791
-3047
-5397
-5404
-3391
-841
1162
1810
2916
4565
4651
3600
582
-3172
-5304
-4595
-2011
-378
22
55
604
2492
4522
5083
2240
-2213
-5331
-5736
-3649
-1081
627
1054
1936
3971
5079
4589
1740
-2589
-5436
-4934
-2031
144
428
-268
-452
1249
3947
5258
2779
-1764
-5085
-5667
-3522
-705
711
416
750
2956
4999
5278
3006
-1359
-4937
-4861
-2021
217
318
-908
-1461
187
3403
5593
3704
-1014
-4719
-5655
-3808
-1006
546
37
-58
2225
4849
5561
3635
-525
-4490
-4787
-1869
653
776
-810
-1971
-778
2504
5191
4044
-386
-4191
-5113
-3603
-1159
280
-344
-881
1251
4553
5850
4223
567
-3566
-4568
-1929
507
517
-1098
-2192
-1098
2220
5367
4832
529
-3693
-5083
-4033
-2100
-707
-1037
-1424
849
4633
6464
4826
1310
-2653
-4373
-2188
405
480
-1304
-2515
-1554
1556
4876
5095
1442
-2640
-4153
-3496
-2291
-1378
-1790
-2384
-381
3835
6567
5488
2152
-1511
-3715
-2372
154
343
-1603
-2869
-1792
1338
4743
5663
2527
-1807
-3848
-3443
-2622
-2004
-2339
-2909
-1131
3159
6608
6174
2808
-788
-3297
-2688
-153
645
-1214
-2962
-2260
659
3985
5588
3396
-729
-3205
-3081
-2452
-2237
-2653
-3449
-2235
1951
6123
6762
3729
82
-2621
-2987
-947
450
-849
-2829
-2531
271
3497
5424
4128
282
-2764
-3166
-2568
-2417
-2665
-3400
-2695
925
5372
7018
4590
792
-2182
-3101
-1508
231
-273
-2283
-2807
-756
2365
4701
4460
1506
-1657
-2696
-2265
-2295
-2614
-3414
-3301
-472
3997
6798
5498
2056
-1191
-3027
-2202
-362
122
-1429
-2452
-1143
1524
3965
4366
2201
-972
-2890
-2546
-2315
-2406
-2773
-3042
-1269
2560
6153
6110
3048
-118
-2490
-2601
-1052
66
-771
-2262
-1892
138
2776
4152
3030
550
-1878
-2315
-2085
-2416
-2880
-3301
-2152
824
4667
6435
4364
1230
-1460
-2482
-1608
-249
-204
-1595
-1889
-579
1567
3351
3014
1190
-1241
-2429
-2217
-2078
-2317
-2877
-2339
-152
2992
5630
5062
2209
-613
-1914
-1559
-382
382
-722
-1880
-1465
125
2216
2797
1823
-104
-1680
-1882
-1802
-1907
-2545
-2710
-1110
1468
4282
5215
3296
296
-1655
-1674
-818
425
330
-1035
-1385
-376
1343
2306
1978
395
-1623
-2244
-1953
-1774
-1981
-2361
-1630
410
2956
4705
4040
1469
-965
-1464
-878
85
590
-433
-1536
-1126
608
1939
2199
1421
-618
-2017
-2003
-1803
-2013
-2374
-2093
-590
1767
3781
3987
2346
-116
-1298
-957
-126
575
87
-940
-1133
196
1677
1952
1652
163
-1572
-1861
-1648
-1833
-2273
-2240
-1355
502
2675
3412
2541
880
-487
-703
-208
495
104
-863
-1157
-396
1118
1922
2012
1189
-622
-1463
-1530
-1779
-2269
-2370
-1849
-569
1379
2484
2108
1220
220
-427
-318
619
681
-306
-724
-372
519
1235
1619
1535
211
-895
-1169
-1323
-1651
-1808
-1712
-1286
-51
1055
1054
819
677
265
-197
517
1097
293
-291
-247
24
438
1083
1654
1003
-66
-653
-941
-1055
-1054
-977
-1370
-1136
-320
-212
-196
371
503
-127
259
1520
1262
466
264
62
-114
367
1275
1256
322
-293
-517
-493
-379
-100
-863
-1707
-1323
-1022
-1248
-630
448
105
-111
1355
1871
922
368
315
-144
78
1130
1345
649
4
-299
-22
92
403
-52
-1383
-1823
-1525
-1566
-1686
-544
189
-411
645
2089
1451
318
391
328
-73
942
1657
916
369
29
166
361
429
210
-908
-1779
-1866
-1577
-1806
-1608
-177
-52
-86
1397
1674
81
-322
611
484
753
1922
1474
456
346
471
462
375
150
-644
-1403
-1813
-1804
-1616
-1961
-1150
198
176
450
1348
502
-1094
-93
1004
709
1471
2081
1022
503
1013
784
286
270
-430
-1036
-1221
-1742
-1785
-1848
-1868
-595
478
50
-46
540
-677
-823
1330
1726
1170
1965
1927
625
636
1053
-21
-170
147
-411
-577
-1109
-1956
-2038
-1768
-1009
166
445
-680
-520
-95
-945
318
1948
1308
1233
2394
1881
534
866
276
-793
175
601
18
-507
-1482
-2247
-1902
-1056
-595
-240
-812
-1533
-388
138
147
1610
2076
1181
1787
2641
1000
-275
-82
-906
-627
1123
1171
-11
-832
-1689
-2012
-1027
-507
-967
-1179
-1721
-1300
197
645
840
1830
1880
1633
2723
2264
-196
-1006
-895
-1106
265
1818
976
-311
-681
-1369
-1328
-594
-1423
-2258
-2066
-1631
-409
1131
1526
1689
2415
2333
2115
2304
373
-1941
-1870
-1248
-568
1128
1834
607
-38
-178
-940
-777
-1148
-2719
-2822
-1954
-1118
158
1400
1690
2064
2955
2667
2178
1336
-1059
-2273
-1650
-956
25
1406
1516
601
439
-207
-1217
-1552
-2707
-3397
-2420
-1316
-199
1398
2588
2760
3109
3083
1759
779
-518
-2092
-2178
-1498
-796
489
1809
1841
1285
657
-749
-1729
-2493
-3357
-2963
-2006
-1175
426
2474
3415
3508
3413
2113
415
-311
-1114
-1907
-1871
-1407
-409
1374
2701
2579
1396
-450
-2072
-2894
-3487
-3511
-2807
-2001
-489
2367
4637
4687
3923
2431
234
-780
-712
-1200
-2053
-2242
-1529
294
2609
3456
2504
380
-1724
-2564
-2902
-3370
-3579
-3157
-2071
677
4606
5970
4698
3059
824
-955
-903
-573
-1655
-2881
-2350
-447
2325
4039
3485
1406
-1213
-2572
-2547
-2901
-3954
-4262
-3023
-600
3461
6727
5831
3282
1455
-262
-1051
-484
-875
-2843
-3316
-1402
1481
3849
3949
2301
23
-1763
-2115
-2183
-3837
-5781
-4928
-1997
1756
6205
7589
4727
2087
909
-455
-1182
-1227
-2767
-4091
-2366
906
3414
3939
2665
980
-578
-1436
-1564
-2676
-5683
-6565
-3282
419
3906
6976
6108
2873
1742
1359
-571
-1793
-2403
-3859
-3344
-67
2618
3264
2479
1541
755
-43
-967
-1954
-4405
-7144
-5355
-701
2142
4681
6523
4734
2435
2503
1252
-1963
-3117
-3226
-3384
-1216
1905
2642
1675
1268
1275
1079
160
-1474
-3177
-5613
-6329
-2614
1081
2309
4204
5686
4285
3174
3132
127
-3484
-3593
-2862
-2106
361
2020
1065
619
1560
1808
1191
-558
-2756
-4210
-5285
-4108
-499
1463
1830
3873
5572
4357
3253
2033
-1794
-4130
-2673
-1407
-613
846
758
-317
690
2167
1900
615
-1669
-3659
-4128
-3965
-2561
-119
896
1598
4474
6351
4887
3051
629
-3048
-3835
-1684
-628
-365
169
-350
-193
1695
2408
1256
-580
-2878
-3941
-3158
-2438
-1646
-73
758
2076
5232
6357
4145
1753
-837
-3279
-2857
-794
-306
-537
-504
-363
858
2374
2035
191
-1951
-3857
-3950
-2508
-2032
-1483
217
1413
3231
6006
6172
3319
503
-1772
-3142
-2292
-559
-261
-670
-527
205
1472
2183
1105
-1017
-2961
-4115
-3201
-1528
-1384
-747
906
2014
3677
5741
5237
2064
-638
-2082
-2705
-1722
-141
-8
-458
-5
1070
1879
1753
-40
-2475
-4140
-4447
-2666
-952
-700
299
1904
2927
4320
5705
4342
608
-1791
-2532
-2654
-1301
264
241
-194
607
1683
1912
1052
-1295
-3596
-4497
-3770
-1501
-43
124
767
2012
2997
4156
5097
3078
-731
-2331
-2266
-1899
-400
936
548
204
1159
1764
1259
-429
-3086
-4754
-4373
-2600
-261
978
825
1237
2519
3365
4056
4230
1464
-2044
-2646
-1959
-1246
121
1036
577
650
1577
1622
493
-1718
-4030
-4473
-2908
-1010
744
1334
628
954
2368
2976
3138
2728
82
-2263
-1852
-820
-288
675
1310
1005
1129
1364
448
-1399
-3536
-4670
-3473
-1322
8
1476
1978
1057
1541
2695
2362
1656
1071
-814
-2192
-1302
-451
-231
685
1548
1425
1077
465
-963
-2622
-3786
-3435
-1284
63
490
1694
1766
760
1186
1721
669
35
311
-481
-1112
-178
322
310
1368
2270
1515
169
-1257
-2826
-3745
-3550
-1889
214
864
1310
2448
2233
1057
974
530
-959
-999
76
-143
-476
221
458
620
1935
2329
791
-976
-2544
-3532
-3343
-2048
-152
1160
1312
1587
2434
1897
549
-37
-922
-1942
-1130
443
556
327
644
794
1297
2342
1870
-286
-2295
-3623
-3839
-2623
-620
1097
1766
1807
2073
2469
1530
-266
-1375
-2141
-2384
-738
1049
1217
874
807
1028
1541
2123
1108
-1370
-3057
-3665
-3067
-1253
664
1574
1746
1804
1900
2100
959
-1186
-2278
-2568
-1927
166
1768
1662
807
768
1231
1508
1560
60
-2444
-3614
-3281
-1871
122
1432
1748
1865
1900
1888
1795
34
-2423
-3213
-2620
-1251
817
2161
1342
308
889
1592
1576
1213
-597
-3011
-3381
-2152
-691
608
1156
1216
1519
1822
1888
1261
-1086
-3505
-3400
-1636
-56
1656
2364
888
70
1140
1503
721
-29
-1800
-3425
-2371
-379
527
845
935
1069
1538
2011
1689
176
-2530
-4089
-2660
-467
647
1772
1879
502
659
2099
1580
-12
-967
-2537
-3108
-1148
458
294
239
792
1372
2183
2287
964
-1358
-3701
-3971
-1650
240
642
1424
1683
988
1760
2622
933
-1051
-1686
-2295
-1846
71
456
-598
-313
824
1718
2418
1806
-170
-2218
-3399
-2801
-813
182
85
1069
1956
2000
2688
2317
-214
-2033
-1914
-1790
-1010
261
-228
-790
411
1738
2366
2247
611
-1637
-2891
-3079
-2341
-887
-180
74
1677
3006
3055
2921
1592
-969
-2068
-1469
-1291
-977
-503
-1100
-791
1009
2289
2544
1982
113
-1900
-2698
-2897
-2660
-1490
-405
522
2666
3996
3554
2659
773
-1524
-2203
-1562
-1459
-1148
-515
-617
30
1563
2265
2151
1337
-472
-2169
-2967
-3274
-3124
-1625
22
1350
3342
4324
3747
2674
706
-1452
-2262
-1997
-1910
-1460
-604
-449
156
1512
2190
2165
1209
-684
-2475
-3372
-3489
-2760
-772
908
1925
3494
4076
3322
2026
-101
-2106
-2579
-1746
-1101
-350
338
-24
75
1247
1876
1649
441
-1501
-3131
-3726
-3242
-2013
-52
1370
2306
3883
4394
3381
1596
-967
-2972
-3034
-1763
-624
206
656
300
468
1504
1789
895
-719
-2434
-3269
-3112
-2063
-723
663
1604
2419
3715
3627
2166
327
-1893
-2981
-2180
-714
219
681
834
541
805
1537
1127
-140
-1726
-2907
-3040
-2583
-1520
-274
1022
2034
2976
3825
2999
1109
-638
-2374
-2766
-1609
-182
762
1219
1371
1103
814
608
-167
-1227
-2186
-2489
-1957
-1358
-523
516
1335
1829
2264
2435
1331
-78
-972
-1979
-1986
-601
717
1514
1914
1946
1312
301
-450
-1240
-1953
-2671
-2610
-1486
-601
398
1566
1966
1640
1458
1253
138
-854
-1158
-1826
-1471
344
1775
2368
2334
1774
417
-909
-1353
-1544
-1872
-2276
-1708
-271
449
1042
1484
925
62
41
281
-319
-883
-960
-1327
-523
1639
2926
2976
2410
1264
-449
-1576
-1859
-2135
-2303
-2155
-882
1042
1699
1597
1154
-33
-1115
-969
-460
-868
-1292
-898
-425
990
3003
3484
2741
1633
303
-1069
-1792
-2010
-2283
-2013
-1182
420
2084
1906
772
-282
-1297
-1847
-1375
-825
-1207
-1287
-165
1066
2603
3890
3433
2184
992
-160
-1424
-2293
-2623
-2570
-1450
228
1856
2705
1511
-225
-1296
-1920
-2096
-1723
-1350
-1406
-682
1071
2406
3367
3559
2537
1490
773
-9
-1195
-2253
-2516
-1832
-190
1357
2178
1863
-25
-1613
-2043
-2184
-2344
-2159
-1641
-868
765
2798
3836
3968
3212
1940
1122
443
-636
-1987
-2782
-2372
-781
1232
2279
2075
868
-1070
-2190
-2188
-2332
-2734
-2524
-1521
-26
1816
3428
3824
3367
2477
1758
1425
613
-619
-1789
-2223
-1371
432
1834
1792
917
-442
-2113
-2778
-2582
-2819
-3194
-2412
-636
1229
3031
4223
4074
3246
2332
1702
1100
-96
-1219
-1871
-1694
-507
1114
1914
1200
151
-1077
-2514
-2987
-2812
-2962
-3111
-1854
172
1765
3144
4041
3835
3120
2384
1775
959
-232
-975
-1264
-986
-47
1090
1467
578
-503
-1727
-3123
-3627
-3314
-3029
-2872
-1432
671
2051
3358
4396
4201
3283
2418
1663
766
-151
-647
-961
-893
-227
638
1083
233
-1031
-2207
-3525
-3875
-3138
-2579
-2464
-1227
733
2144
3585
4752
4450
3311
2349
1597
884
151
-541
-1124
-1245
-655
334
1009
205
-1211
-2358
-3605
-3684
-2703
-2385
-2621
-1528
474
2042
3796
5107
4605
3419
2731
2185
1620
790
-544
-1674
-1933
-1359
-248
567
-381
-1870
-2639
-3413
-3201
-2025
-2036
-2650
-1483
705
2426
4140
5014
4107
3028
2833
2656
2080
954
-904
-2135
-2193
-1587
-396
195
-1022
-2312
-2494
-2836
-2640
-1708
-2226
-3083
-1536
959
2694
4333
4963
3976
3358
3758
3535
2390
610
-1799
-3044
-2696
-1958
-908
-528
-1631
-2219
-1651
-1718
-1787
-1388
-2384
-3256
-1355
1099
2321
3539
4031
3438
3794
4834
4436
2807
711
-1844
-2985
-2513
-2346
-2071
-1919
-2751
-2670
-1407
-1221
-1637
-1420
-2081
-2500
-413
1721
2294
3094
3593
3377
4162
4937
3857
1858
-163
-2293
-2990
-2306
-2389
-2356
-1908
-2167
-1819
-808
-1128
-2003
-1900
-2210
-2412
-682
989
1310
2403
3771
4189
5090
5616
4160
2136
287
-1817
-3063
-3082
-3547
-3441
-2471
-2283
-1887
-1085
-1399
-1795
-1034
-970
-1416
-437
624
946
2311
3863
3929
4241
4577
3430
1970
511
-1504
-3030
-3207
-3228
-2734
-1578
-1620
-1991
-1690
-1818
-1785
-982
-1182
-2184
-1685
-356
679
2542
4334
4343
4460
5020
4256
2826
850
-1840
-3838
-4079
-3676
-2767
-1609
-1851
-2214
-1622
-1199
-763
-259
-1047
-2499
-2194
-880
346
2199
3715
3756
4178
5206
4849
3402
1107
-1872
-3776
-3810
-3271
-2564
-1690
-2031
-2271
-1285
-732
-496
-404
-1480
-2874
-2545
-1392
-143
1787
3213
3652
4561
5677
5215
3627
1305
-1627
-3425
-3680
-3405
-2782
-1855
-1906
-1856
-809
-492
-461
-573
-1796
-3155
-3042
-2290
-1200
1094
2983
3979
5297
6196
5543
4017
1752
-1300
-3312
-3976
-4003
-3171
-1839
-1508
-1378
-516
-465
-407
-361
-1652
-3063
-3373
-3111
-2021
659
2731
3705
5063
5822
5362
4420
2614
-434
-2773
-3669
-3738
-2839
-1505
-1294
-1500
-854
-696
-287
-32
-1587
-3283
-3922
-3830
-2579
323
2533
3383
4912
6007
5858
5226
3328
-53
-2646
-3512
-3449
-2575
-1557
-1605
-1897
-1224
-780
-116
245
-1566
-3316
-3815
-3706
-2533
30
2019
2746
4468
6005
6006
5307
3343
132
-2289
-2974
-2723
-2079
-1483
-1637
-1778
-1074
-602
-124
-64
-2081
-3676
-3827
-3842
-2879
-455
1721
2837
4853
6602
6291
5334
3392
389
-1853
-2527
-2443
-2251
-1900
-1829
-1689
-955
-533
-280
-200
-1808
-3233
-3472
-3855
-3355
-1198
1280
2946
4932
6673
6415
5453
3741
1047
-1121
-2291
-2588
-2394
-2021
-1805
-1559
-1066
-931
-733
-436
-1691
-3131
-3403
-3783
-3288
-1062
1592
3411
4911
6380
6172
5197
3847
1399
-907
-2324
-2611
-2177
-1719
-1432
-1274
-1066
-1022
-817
-530
-1759
-3439
-3913
-4254
-3661
-1240
1510
3533
5068
6556
6725
5851
4436
1851
-667
-2298
-2841
-2439
-2124
-1977
-1728
-1344
-993
-607
-326
-1470
-3181
-3641
-3776
-3311
-1282
1231
3348
4939
6383
6785
5811
4190
1736
-537
-1993
-2672
-2186
-1835
-1802
-1331
-841
-870
-1050
-1175
-2241
-3731
-3895
-3683
-3143
-1096
1531
3944
5725
6863
6991
5713
3780
1399
-746
-2160
-3101
-2638
-1873
-1589
-866
-237
-409
-944
-1328
-2247
-3738
-4071
-3924
-3479
-1480
1255
3957
5996
6874
6877
5749
3934
1707
-358
-1769
-2966
-2674
-1694
-1533
-1245
-821
-1043
-1567
-1867
-2264
-3306
-3688
-3313
-2613
-750
1681
3983
5723
6270
6191
5360
3592
1318
-680
-1867
-2694
-2279
-1017
-842
-936
-599
-734
-1321
-1883
-2487
-3722
-4233
-3584
-2569
-800
1346
3428
5309
6184
6426
5865
4152
1851
-203
-1399
-2226
-2296
-1628
-1806
-2201
-1707
-1075
-1081
-1531
-1960
-2810
-3271
-2592
-1574
-473
785
2340
4246
5459
5853
5485
3882
1631
-23
-744
-1293
-1791
-1636
-1835
-2323
-1832
-905
-927
-1801
-2342
-2809
-3166
-2466
-1349
-623
155
1797
4130
5687
6117
5740
4160
1956
326
-561
-1343
-2385
-2646
-2520
-2547
-1859
-575
-228
-1145
-1785
-1981
-2467
-2290
-1531
-1190
-701
940
3418
5190
5809
5781
4684
2773
1193
8
-1150
-2533
-3250
-3010
-2823
-2306
-991
-361
-1044
-1538
-1411
-1979
-2225
-1555
-1159
-687
925
3319
4959
5556
5640
4650
2794
953
-572
-1663
-2682
-3121
-2437
-1973
-1788
-709
48
-623
-1463
-1626
-2493
-3093
-2259
-1478
-846
824
3215
4955
5887
6354
5433
3352
1087
-975
-2274
-3094
-3500
-2843
-2152
-1861
-685
571
243
-909
-1443
-2405
-3281
-2432
-1457
-959
490
2765
4663
5849
6447
5515
3295
876
-1188
-2227
-2634
-3049
-2661
-1976
-1835
-894
438
155
-1237
-1947
-2547
-3209
-2313
-1137
-749
408
2547
4536
5846
6342
5316
3027
728
-1046
-1890
-2144
-2664
-2574
-1869
-1701
-1120
115
-100
-1546
-2260
-2519
-3025
-2305
-974
-590
320
2403
4433
5692
6142
5214
3116
1042
-590
-1508
-1887
-2516
-2787
-2259
-2073
-1634
-274
-5
-1106
-1744
-1833
-2276
-2039
-1053
-847
-427
1377
3421
4809
5559
5210
3739
2005
545
-379
-966
-1880
-2673
-2699
-2777
-2681
-1455
-731
-1316
-1769
-1609
-1733
-1568
-588
-228
-147
1006
2759
4155
4980
4891
3860
2360
969
172
-451
-1543
-2743
-3216
-3320
-3183
-1808
-559
-758
-1210
-1116
-1199
-1263
-760
-639
-956
-238
1602
3406
4710
5174
4724
3599
2274
1363
350
-1289
-3029
-3969
-4195
-3967
-2526
-976
-704
-969
-930
-826
-783
-640
-679
-1040
-680
1004
2991
4425
5107
5090
4329
3029
1915
654
-1315
-3327
-4493
-4697
-4253
-2775
-953
-186
-222
-337
-413
-603
-974
-1315
-1567
-1426
24
2347
4163
5252
5788
5477
4055
2568
1053
-1313
-3599
-4853
-5197
-4750
-3191
-1207
22
171
-197
-539
-830
-1296
-1639
-1654
-1527
-248
2292
4439
5684
6362
6008
4340
2502
787
-1540
-3783
-4981
-5303
-4741
-3102
-1095
223
452
-232
-920
-1193
-1626
-1979
-1778
-1497
-415
2256
4745
6032
6613
6201
4401
2356
699
-1393
-3522
-4731
-5022
-4397
-2836
-1049
151
261
-761
-1633
-1752
-1974
-2308
-1919
-1290
-169
2524
5280
6465
6685
6178
4407
2293
655
-1199
-3345
-4579
-4834
-4296
-2928
-1431
-456
-278
-1101
-1836
-1648
-1649
-2044
-1651
-910
18
2398
5092
6056
6088
5771
4354
2454
1048
-583
-2652
-3985
-4277
-3898
-3027
-1995
-1390
-1194
-1618
-2046
-1604
-1351
-1686
-1330
-472
356
2286
4733
5526
5411
5474
4502
2781
1444
-134
-2187
-3527
-3842
-3708
-3168
-2452
-1963
-1573
-1630
-1937
-1525
-1297
-1711
-1346
-433
344
1839
4123
5148
5206
5677
5146
3408
1995
428
-1715
-3234
-3923
-4227
-4119
-3576
-2858
-2023
-1365
-1300
-808
-343
-796
-731
-171
-73
691
2599
3852
4385
5366
5437
4056
2772
1336
-721
-2429
-3480
-4185
-4362
-3927
-3194
-2329
-1689
-1757
-1375
-628
-746
-566
27
0
491
2464
4092
4659
5563
5704
4262
2924
1574
-613
-2662
-4024
-4885
-4882
-4060
-2909
-1779
-978
-925
-576
133
-259
-802
-793
-1237
-933
1237
3406
4409
5545
6234
5198
3902
2621
248
-2341
-4088
-5050
-5081
-4278
-3237
-2241
-1436
-1105
-534
416
105
-761
-917
-1282
-1005
1093
3305
4273
5274
6137
5399
4106
2682
51
-2704
-4355
-5029
-4653
-3638
-2679
-1793
-952
-620
-397
198
-326
-1629
-1785
-1708
-1353
696
3073
4221
5271
6479
6077
4531
2951
349
-2509
-4098
-4765
-4584
-3761
-2985
-2109
-1050
-452
-284
190
-308
-1748
-1817
-1519
-1390
381
2777
4103
5134
6351
6042
4266
2580
287
-2312
-3695
-4167
-4076
-3380
-2633
-1838
-910
-477
-616
-314
-592
-1960
-2033
-1660
-1803
-329
2254
3967
5163
6519
6413
4699
3098
913
-1857
-3531
-4414
-4555
-3826
-2956
-1864
-750
-231
-382
-114
-103
-1561
-2127
-1922
-2331
-1163
1488
3414
4677
6073
6424
5025
3630
1784
-1010
-2878
-3990
-4449
-3804
-2987
-2048
-1020
-424
-369
-95
100
-1432
-2503
-2381
-2833
-1751
1056
3320
4827
6252
6891
5701
4067
2021
-1058
-3301
-4464
-4771
-3811
-2687
-1621
-542
128
223
228
193
-1519
-3058
-3051
-3400
-2470
274
2737
4589
6180
7211
6347
4548
2411
-789
-3123
-4275
-4615
-3603
-2525
-1546
-418
180
129
-111
-294
-1785
-3396
-3275
-3372
-2601
51
2625
4595
6233
7374
6618
4657
2475
-662
-3087
-4183
-4511
-3474
-2257
-1252
-234
226
194
-269
-572
-1808
-3568
-3580
-3433
-2843
-393
2299
4521
6178
7309
6884
4898
2690
-301
-2781
-3859
-4145
-3102
-1919
-1086
-323
-72
-164
-656
-956
-1775
-3487
-3671
-3297
-2878
-944
1546
3844
5595
6964
7194
5523
3342
524
-2078
-3328
-3749
-3013
-2112
-1680
-1105
-747
-641
-1063
-1302
-1670
-3022
-3158
-2566
-2371
-1052
1101
3212
4903
6400
7004
5509
3393
901
-1553
-2633
-3098
-2738
-2024
-1704
-1244
-963
-812
-1189
-1595
-1707
-2840
-3234
-2656
-2637
-1822
223
2759
4924
6674
7642
6352
4173
1842
-680
-2203
-3133
-3315
-2857
-2547
-1928
-1480
-1142
-1151
-1290
-969
-1673
-2276
-2153
-2745
-2568
-873
1655
4159
6129
7369
6746
5023
2976
437
-1487
-2849
-3488
-3148
-2829
-2376
-2034
-1753
-1569
-1493
-840
-1238
-2077
-2184
-2756
-2578
-959
1507
4095
6008
7403
7235
5665
3518
678
-1609
-3140
-3947
-3501
-3093
-2766
-2265
-1638
-948
-561
-77
-667
-2117
-2804
-3472
-3431
-2024
476
3525
6016
8091
8623
7091
4568
1297
-1418
-3249
-4264
-4104
-3900
-3662
-2950
-1942
-795
-153
202
-369
-1695
-2305
-2832
-2962
-2106
-144
2792
5466
7671
8478
7030
4343
1212
-1217
-2895
-3977
-3999
-3925
-3621
-2612
-1356
-253
77
-48
-821
-2247
-3005
-3476
-3514
-2482
-239
3237
6367
8495
9175
7478
4381
952
-1592
-3373
-4605
-4703
-4333
-3616
-2360
-941
106
263
69
-578
-1823
-2735
-3374
-3550
-2805
-736
2745
5859
8003
8868
7590
4806
1641
-879
-2889
-4412
-4717
-4441
-3728
-2529
-1317
-250
-67
-212
-565
-1545
-2378
-3005
-3071
-2318
-471
2678
5534
7339
8183
7231
4621
1491
-995
-2926
-4383
-4432
-3857
-3053
-1955
-858
103
173
-261
-846
-2013
-3117
-3658
-3397
-2417
-436
2840
5717
7588
8396
7408
4787
1357
-1307
-3142
-4391
-4272
-3589
-2805
-1945
-1121
-185
-139
-525
-798
-1610
-2310
-2616
-2365
-1809
-645
1835
4327
6180
7301
6903
4798
1743
-761
-2417
-3600
-3665
-3196
-2601
-1882
-1208
-288
-259
-824
-1107
-1746
-2337
-2533
-2242
-1688
-680
1600
4070
5968
7129
6801
4935
1920
-610
-2159
-3417
-3694
-3284
-2655
-2063
-1501
-527
-299
-761
-902
-1267
-1701
-1958
-1863
-1478
-868
1070
3429
5228
6368
6224
4817
2113
-389
-1751
-2897
-3321
-2935
-2328
-1878
-1551
-599
-239
-652
-720
-1044
-1605
-2056
-2133
-2023
-1610
168
2717
4930
6542
6962
5970
3397
519
-1348
-2881
-3751
-3788
-3307
-2644
-2091
-904
26
-47
-104
-260
-773
-1505
-1940
-1984
-1995
-724
1640
3960
5825
6510
6025
3996
1339
-479
-2031
-3227
-3595
-3297
-2601
-2103
-1117
-10
55
-278
-590
-1060
-1865
-2374
-2244
-1995
-752
1709
4065
5828
6657
6260
4409
1798
-222
-1889
-3118
-3636
-3645
-3050
-2437
-1420
-39
514
285
-71
-525
-1460
-2309
-2471
-2496
-1547
861
3415
5418
6648
6587
4907
2447
353
-1551
-2962
-3653
-3924
-3307
-2305
-1349
-119
544
238
-237
-582
-1434
-2497
-2703
-2591
-1869
417
3107
5196
6595
6887
5553
3230
1034
-1274
-3230
-4244
-4703
-4109
-2783
-1574
-159
1058
1067
298
-286
-1298
-2671
-3148
-2950
-2223
-121
2659
4791
6245
6791
5801
3676
1588
-668
-2713
-3859
-4599
-4468
-3315
-2110
-829
527
955
423
-95
-942
-2274
-2971
-2821
-2046
-185
2437
4565
5867
6488
5666
3682
1641
-656
-2777
-3843
-4307
-4200
-3175
-2016
-876
402
1126
787
-26
-1143
-2604
-3484
-3337
-2350
-491
2076
4489
6194
7082
6535
4480
1866
-757
-3123
-4444
-4662
-4384
-3500
-2093
-611
703
1453
1049
-171
-1553
-2738
-3284
-2991
-1890
-148
2075
4303
5751
6420
5895
3915
1571
-433
-2204
-3534
-3953
-3860
-3494
-2337
-708
418
927
891
-179
-1522
-2411
-3045
-3165
-2136
-268
1967
4491
6233
6661
6105
4310
1778
-397
-2217
-3766
-4420
-4096
-3469
-2318
-683
410
846
817
20
-1221
-2150
-2637
-2683
-1668
147
2157
4298
5658
5733
5105
3596
1408
-480
-1887
-2991
-3455
-2937
-2411
-1885
-784
-33
153
184
-495
-1768
-2619
-2881
-2614
-1455
287
2099
4074
5609
6001
5738
4501
2183
131
-1393
-2689
-3567
-3652
-3460
-3364
-2265
-797
36
458
306
-573
-1544
-1694
-1492
-1067
61
1460
3037
4544
5087
4671
3444
1564
163
-487
-1027
-1701
-2209
-2598
-2991
-2596
-1551
-1031
-901
-845
-934
-1059
-1097
-1148
-1418
-970
393
2336
4534
5706
5750
4886
3314
1776
330
-1130
-2867
-4320
-4607
-4238
-3212
-1612
-473
2
119
191
10
-627
-1213
-1642
-1541
-351
1631
3571
4393
4353
4019
3113
2406
1902
801
-784
-2400
-3446
-4075
-4155
-3485
-2596
-1482
-445
456
982
344
-717
-1649
-2103
-1326
574
2812
4135
4910
5268
4584
3758
2735
836
-1341
-3275
-4631
-5208
-4935
-4067
-2770
-796
1025
2151
2697
1634
-695
-2595
-3634
-3357
-1568
1010
3278
5078
6570
6704
5729
3995
1078
-1748
-3836
-5098
-5411
-5162
-4345
-2875
-482
1552
2376
2492
1026
-1385
-2826
-3261
-3023
-1439
1142
3188
4900
6434
6208
4683
3045
882
-1193
-2380
-3229
-3989
-4470
-4182
-3292
-1771
43
942
1325
844
-594
-1676
-2267
-2291
-1243
820
3016
4809
6315
6247
4611
2925
880
-1152
-2466
-3424
-4387
-4976
-4370
-3123
-1306
908
2082
2232
1695
-48
-2342
-4090
-4754
-3852
-885
3229
6689
8969
9151
6834
3637
371
-2836
-5049
-5724
-5199
-4223
-2541
-619
243
704
655
-77
-744
-1555
-2337
-2737
-2390
-1140
1037
3614
5274
6154
6124
4666
2968
1534
-237
-1908
-2750
-3317
-3972
-3833
-3088
-2611
-1765
-603
-27
397
170
-1044
-2130
-2421
-1669
346
3216
5215
6169
6629
5467
3278
1291
-920
-2920
-3417
-2822
-2476
-2233
-1740
-1866
-1953
-1554
-1490
-1476
-1665
-2094
-2007
-1351
-294
1293
3382
4839
5452
5879
5056
3116
1419
-95
-1662
-2314
-1936
-2024
-2587
-2727
-2697
-2660
-2110
-1510
-1361
-1661
-1923
-1531
-979
-169
1131
2544
3844
4796
5527
4993
3149
1411
100
-599
-816
-803
-1299
-2466
-2988
-2865
-2690
-2644
-2588
-2339
-2105
-1526
-806
-645
-560
309
1773
3440
4885
5411
4933
3764
2524
1495
565
-698
-2078
-2750
-3292
-3464
-2767
-2075
-1756
-1427
-831
-768
-1287
-1726
-2246
-2247
-986
1152
3172
4578
5077
4843
4275
3327
2328
1361
142
-1085
-1677
-2434
-3826
-4519
-4418
-3924
-2686
-713
624
640
382
-70
-688
-801
-293
464
1539
2929
4156
4990
4779
3778
2669
1207
-520
-1946
-3254
-4828
-5253
-4207
-2817
-1266
291
1006
248
-731
-1582
-2742
-2875
-1632
410
3035
5754
7216
7153
6012
3510
645
-1608
-3373
-4424
-4137
-3258
-2485
-1156
-63
17
-279
-726
-1874
-3036
-3113
-2862
-1957
0
1797
3356
4862
5362
4903
4505
3465
2091
1502
559
-1116
-2424
-3561
-5142
-5777
-4901
-3840
-2168
377
1950
1682
945
-275
-1924
-2232
-1513
-370
1684
4137
6040
6878
6369
4116
1374
-1069
-3172
-4142
-4161
-3950
-3254
-1591
-59
594
584
-736
-2938
-4493
-5082
-4736
-2860
220
3303
6329
8569
8975
7577
4737
1078
-2197
-3988
-4402
-3580
-2138
-1153
-721
-549
-707
-1126
-1892
-2928
-3741
-3739
-2708
-986
856
2014
2416
2912
3647
4003
3706
2959
1805
991
1139
1234
442
-953
-2571
-4023
-4268
-3322
-2458
-1739
-1042
-879
-1049
-1109
-1415
-1922
-1597
-410
1697
4324
5939
6045
5179
3755
1651
45
-1084
-2624
-3475
-3293
-2628
-1642
-429
-35
-784
-1352
-1996
-2745
-2934
-2776
-2458
-1151
1494
3932
5671
6345
5182
3054
1329
76
-1027
-1294
-1504
-1783
-1086
-172
127
-568
-1837
-3105
-3791
-3532
-2804
-1723
-916
13
1557
2739
3269
3405
2835
1714
1256
1574
1903
2182
2056
999
-302
-1303
-2221
-2955
-3421
-3550
-3121
-2496
-2027
-1550
-1274
-1280
-778
643
1813
2661
3410
3268
2774
2862
2961
2587
1943
1144
80
-939
-1689
-2860
-3885
-3814
-3067
-1889
-599
-62
-863
-1788
-2171
-2281
-1490
-290
708
1848
3216
4503
5042
4792
4049
2743
1285
285
-742
-2149
-3086
-3257
-3332
-3086
-2186
-1707
-1914
-2093
-2577
-2728
-1827
-241
1130
2199
2814
2725
2886
3040
2880
2878
2744
2270
1909
1349
-142
-1915
-3301
-4494
-4463
-3068
-1962
-1412
-974
-1140
-1508
-1609
-1448
-1021
-220
1052
2304
3354
4078
4466
4358
3714
2856
1455
-215
-1469
-2303
-3011
-3281
-2557
-1872
-1436
-711
-805
-1817
-2489
-2686
-2787
-1769
-140
1029
2443
3944
4362
3990
3969
3296
2373
2005
994
-190
-578
-966
-1764
-2180
-2838
-4098
-3864
-2908
-2551
-1754
-996
-871
-415
1048
1885
2065
2625
2500
2599
3853
4405
3536
1911
-177
-2042
-2500
-1819
-934
-158
377
396
-63
-995
-2546
-4225
-5497
-5429
-3749
-1045
1951
4078
4658
4357
3859
3211
2491
2308
1728
533
392
528
459
531
-157
-1654
-2702
-2854
-3350
-3972
-3866
-4020
-3526
-1194
1284
2934
4084
4267
3542
2912
2412
1149
62
-400
-783
-300
608
1069
1001
817
932
957
408
-1108
-3031
-4581
-5541
-5164
-3769
-2435
-545
1822
3810
5456
5890
4614
2647
887
-318
-736
-143
346
620
1217
1102
694
65
-1778
-4037
-5272
-5526
-4926
-2373
439
1775
3087
3799
3107
2522
1892
185
-879
-287
279
976
2245
2094
745
573
669
102
376
267
-1116
-2384
-3033
-4121
-5251
-4750
-3715
-2003
1186
4124
5460
5692
5485
4144
2231
893
-460
-1712
-2125
-1800
-1274
-543
528
970
818
516
-385
-1948
-3069
-4010
-4532
-3425
-1108
1544
3863
4969
4118
2372
1000
-605
-1649
-1382
-909
180
2528
4622
4914
3993
1633
-1941
-4571
-5920
-6975
-6695
-5132
-3106
-225
2761
4594
4844
4275
2936
1443
991
736
585
688
509
175
-436
-902
-1242
-1649
-1474
-709
21
26
112
30
-866
-1499
-1731
-2371
-2566
-1528
-672
5
1629
3003
3523
4462
4984
3365
1415
-562
-2994
-3660
-2393
-782
473
1479
1071
-1086
-2866
-4931
-6880
-6547
-4458
-1269
3083
7451
9064
7829
5280
1419
-1916
-3321
-3945
-3883
-2427
-399
1342
2928
3640
2511
424
-1308
-2896
-3676
-3316
-3202
-3165
-2623
-1444
-471
359
1429
1091
677
1584
2577
3283
4265
4902
3739
2285
1381
-652
-2665
-3728
-5039
-5686
-4546
-2735
-1126
331
1073
440
0
22
-265
92
578
854
1822
3176
3716
2819
1198
-1035
-2997
-2983
-1725
-139
1963
3834
4516
3920
2244
-682
-4580
-7611
-8980
-8525
-5818
-1736
2241
5021
6434
7038
6083
4434
2412
-398
-2396
-2705
-1595
-355
1122
1781
532
10
-107
-1217
-2657
-3744
-4634
-4176
-864
2544
4223
5107
4408
1992
41
-1363
-3735
-5207
-4492
-1959
2243
6609
8732
7135
4278
697
-2720
-4177
-5072
-5281
-4174
-1782
246
1092
1186
-854
-2846
-2704
-978
1896
5043
7151
7067
6219
4313
531
-3424
-6260
-7736
-6915
-3360
374
3083
4660
4456
2682
552
-1135
-3440
-4559
-3668
-2111
410
3166
4824
4131
2852
1651
-609
-2224
-2949
-3265
-2456
489
4375
6611
7605
6063
1156
-4282
-8256
-11350
-11924
-9194
-4491
1512
7645
11912
11919
8654
3883
-1344
-4296
-4721
-3349
-983
1290
2692
2191
1093
-1072
-3815
-5586
-6008
-4209
-760
3149
6029
6876
5465
2220
-1506
-4574
-6696
-7693
-6288
-2605
2554
7484
10118
9774
5962
1700
-1784
-4323
-4836
-4312
-3052
-1368
811
1126
-960
-2614
-4568
-5623
-3934
-1087
1158
3492
6481
7558
7332
6495
3014
-1635
-4293
-6119
-7596
-6268
-3568
-692
3125
6668
6963
4396
1239
-3026
-5893
-5785
-4762
-2775
-58
2382
3101
2747
1681
-1063
-2807
-2955
-1508
1438
4381
6578
6878
5609
2982
-934
-5082
-8386
-10202
-9863
-6743
-1695
3321
6921
8756
7492
4275
1311
-2071
-4624
-5021
-3508
-648
2994
5511
4523
1892
-868
-4116
-5515
-5050
-4189
-2008
1616
5138
6977
7319
4383
-1094
-5054
-7603
-8577
-7196
-4218
-503
4265
9303
11329
9604
5472
-329
-5175
-6741
-6071
-4461
-2215
-146
1034
1311
855
-1017
-3807
-5062
-4050
-943
3129
6662
7920
6081
3835
1137
-2175
-4385
-5287
-5673
-4079
245
3911
5391
5568
3032
-789
-2891
-3676
-4250
-3607
-2335
-1096
1068
2995
2398
24
-1915
-3475
-3170
-612
1891
3628
5133
5921
5663
5082
3058
-1212
-4839
-6870
-7773
-7112
-4947
-2345
160
3212
5393
5885
4886
2711
-378
-2757
-3724
-3547
-2074
-8
1992
2700
2385
1900
606
-815
-1894
-2117
-1306
709
3410
4503
4123
1971
-1726
-4983
-6837
-7640
-7072
-4035
83
4271
7796
9263
7819
4704
1280
-2058
-3895
-4201
-3540
-1652
673
2046
1626
507
-1401
-3829
-4777
-4315
-2460
768
4326
6758
7228
6548
3385
-1068
-4949
-7927
-9154
-7119
-2300
2774
6909
9663
9429
6714
2889
-1335
-5330
-7120
-6709
-4961
-1718
1505
2523
1408
70
-1727
-3266
-3198
-1885
265
3650
7109
8773
8220
5624
881
-4080
-7394
-8915
-8417
-5228
-661
3602
6884
7832
5826
1968
-1989
-4878
-6065
-5014
-2556
513
3338
4512
3301
533
-2500
-4734
-4815
-2512
1272
4594
7607
9060
8308
5715
917
-4978
-9400
-11035
-10727
-7576
-2553
1980
5536
7722
7531
4975
1467
-1725
-4231
-4197
-2439
-145
2314
4126
3741
1771
-315
-2555
-4009
-3986
-2782
-670
1833
4296
5042
4256
1976
-1049
-3940
-5661
-6224
-6192
-4226
-826
2721
5657
7001
6168
3467
1297
-257
-1323
-1272
-1343
-1287
-807
-70
-741
-2629
-3971
-4880
-4063
-1327
1459
3160
4282
4864
4078
3025
1579
-1012
-3574
-4644
-4629
-3665
-741
1860
3565
4771
4749
3336
837
-1509
-4089
-5645
-5090
-3322
-575
1983
2583
1045
-1247
-2463
-3002
-1942
-213
1555
3751
5886
6881
5876
3371
-219
-3746
-5298
-5379
-5053
-4270
-2705
-999
900
2616
2988
1955
454
-208
-754
-893
-446
-494
92
1114
1565
630
-569
-1379
-1910
-828
930
2159
2932
3436
3167
1702
-231
-2733
-5378
-6440
-6096
-4870
-2864
-151
2325
4190
5551
5359
3813
1907
145
-1036
-1251
-802
-337
734
1271
487
-1177
-2955
-4303
-4524
-3149
-1773
217
2758
4301
4533
3681
1927
-1099
-3174
-3753
-3748
-2965
-1244
765
2407
4102
4800
3640
2234
840
-314
-1272
-1627
-2429
-2959
-2540
-2287
-2397
-2698
-2364
-1689
-402
1593
3155
4043
4532
4519
3755
2446
782
-1473
-2981
-3257
-2930
-2456
-1433
-152
762
1282
1131
263
-1062
-1777
-1397
-645
104
629
1289
1738
1226
-22
-1257
-2143
-2067
-609
1045
2352
3347
3890
3676
3148
1950
-708
-3539
-5108
-5618
-5462
-4304
-2428
-527
1687
3749
4334
3429
1925
913
72
33
596
809
1185
1238
295
-1482
-2553
-2979
-2605
-1140
608
1819
2318
2532
1950
809
-416
-2044
-3154
-3362
-2771
-1693
-615
857
2129
3146
3326
2756
1851
722
151
-192
-139
78
291
833
23
-1649
-3507
-4908
-4801
-3119
-782
1420
3095
4306
4706
4292
3258
974
-1895
-3388
-3433
-2599
-1525
-310
351
800
1850
2279
1885
824
-498
-1224
-1235
-329
205
489
414
-400
-1365
-2431
-2879
-2465
-1250
630
2614
3932
4410
4141
2882
1003
-773
-2423
-3637
-3631
-2665
-1825
-504
572
1044
1402
1140
568
-120
-74
233
508
1204
1669
1933
1855
-9
-2541
-4097
-3966
-2622
-245
1880
2903
3434
3259
2250
1002
-327
-2127
-3128
-2636
-1488
-383
296
463
184
401
666
670
946
838
704
963
1444
1488
1057
486
-730
-2185
-3469
-4025
-3129
-1355
620
2462
3691
3842
3210
1762
-117
-1332
-2121
-2227
-1263
244
889
906
796
5
-486
-547
-654
-732
-16
958
1178
1264
894
202
-131
-772
-1672
-2628
-2784
-2064
-361
1854
3259
3831
3307
2261
864
-244
-1417
-2366
-2515
-2025
-874
165
606
584
127
-192
-456
-233
-2
227
688
631
577
763
942
897
148
-798
-1773
-1605
-790
111
1052
1397
1235
1091
751
13
-717
-1506
-2270
-2201
-1288
-521
130
824
1096
965
1119
912
745
656
822
636
362
519
467
201
-154
-973
-2089
-2585
-1730
-943
337
1365
1520
1248
725
-118
-1013
-1572
-1656
-1158
-150
1136
2002
2388
2236
1556
654
-271
-839
-1060
-933
-443
-49
479
707
399
-59
-1038
-2238
-3022
-2752
-1468
252
1960
2921
2825
2283
1176
-6
-1031
-1407
-1439
-1164
-386
515
931
1168
1123
525
53
-371
-635
-976
-1124
-1021
-917
-336
259
373
565
331
-349
-1135
-939
-187
790
2129
2643
2093
1106
-211
-1590
-2547
-2705
-2232
-961
505
1382
1775
1605
735
-489
-1292
-1612
-1394
-770
169
1119
1612
1929
1576
1101
464
-767
-1834
-2270
-1787
-818
417
1518
1772
1290
428
-760
