5744
-15352
4605
12836
-17818
14496
-7110
9714
1672
-18170
18755
-7253
-4524
7092
-9821
12588
-17094
-1380
18419
-16195
8498
-8689
4807
10102
-21905
16639
1814
-1761
5995
-14874
20028
-7909
-8496
15892
-11511
7149
-9837
-3133
18288
-19701
8067
2713
-6655
10368
-18931
15790
3122
-14236
11572
-9916
11701
-2620
-9724
21463
-14107
607
2796
-5106
13639
-19084
7148
9906
-13663
9216
-9627
9743
3818
-18708
17554
-6815
-1776
1125
-9112
19139
-14749
-4289
10481
-10734
8629
-10332
5104
10080
-18914
11491
-2224
2243
5431
-14086
17883
-6644
-8534
9741
-5853
11824
-11174
-4580
16297
-12740
5881
-410
-1652
7054
-17594
11535
4168
-7572
5539
-11032
12903
-4213
-9665
16802
-9402
3904
-4645
-2749
14982
-17771
6163
5032
-9005
10114
-12709
10667
4494
-14260
11993
-5991
6489
76
-10791
14281
-12253
-3259
8344
-5540
8726
-14055
6214
11502
-11972
9615
-6355
4920
4140
-17090
15295
-5351
-6258
3634
-7966
16875
-13257
-3024
12902
-8695
8130
-7034
2086
10279
-18430
7866
1560
-1489
4982
-16891
14859
-3776
-11607
13355
-5208
8537
-6941
-4710
17062
-12159
6505
2510
-2578
7129
-18153
10358
5157
-10230
7442
-9519
9835
-4154
-11165
20969
-7675
1547
-2086
-4237
14588
-17239
3509
8292
-9853
4679
-13363
9371
5566
-14629
14277
-3896
2281
-1201
-9276
18381
-9760
-4081
6849
-8448
7761
-12708
6333
13572
-15976
7277
-2403
4534
5022
-14453
16308
-3093
-9681
4275
-6767
13279
-8920
-5633
13876
-10072
3075
-1840
3685
11583
-16967
7298
3760
-6831
4180
-9610
13057
-4857
-13836
11949
-5714
4372
-3481
-2573
16761
-14971
1294
6696
-2913
7480
-14150
8005
3565
-14602
8010
-2189
6399
-2184
-10171
16908
-6287
-2377
5143
-2379
9723
-15120
1459
9952
-11503
4837
-4493
5233
3688
-15770
13757
909
-3718
2857
-6957
14296
-10089
-6577
12645
-7159
3876
-8191
1415
11801
-17028
6708
3344
-2736
4662
-12710
14281
-274
-11188
9589
-5309
6367
-6989
-4906
15841
-12490
1312
1947
-686
9504
-14280
8783
5450
-10496
6797
-6922
8744
-1631
-14223
13999
-6163
1459
773
-4965
14338
-12790
107
9428
-5919
6926
-10552
4549
5484
-14450
9597
-2840
1022
403
-10530
14178
-5418
-3143
8956
-5722
7677
-9807
341
11439
-11346
4682
-1976
-407
3684
-13359
12602
2424
-6880
5237
-7531
10929
-5305
-5928
14035
-8294
1304
-4007
-2575
12125
-13872
5535
4170
-7097
5735
-10556
12165
2679
-11020
9987
-6442
3280
-2417
-5917
16161
-10730
-3117
3561
-3519
9047
-10176
5759
7813
-13567
4606
-3206
6574
1751
-12771
12969
-5619
-3790
2759
-3060
12703
-10967
-3350
10421
-8353
5356
-3956
4581
7674
-17621
7926
2287
-1972
2801
-7906
12657
-6492
-9032
10195
-2833
5992
-7824
-2027
11956
-13041
3098
4113
16
4483
-14992
9676
5314
-9428
6977
-2937
4810
-6828
-6903
12801
-3083
239
-1930
-1148
9219
-12583
1097
14122
-12832
5411
-1947
-2333
6843
-14204
12753
1083
-7399
882
-10053
13547
-3510
-14154
17839
-8162
1247
2106
-9985
26283
-21462
1012
16766
-14559
16120
-15380
10367
10162
-20964
12933
-5249
-1179
660
-13572
19741
-9365
-7704
13368
-7081
14500
-13805
2048
15004
-17640
6078
-4325
988
6299
-18248
14336
1538
-9984
7810
-6779
15171
-9654
-9397
18713
-11581
1727
-5188
1143
15556
-18893
6902
7656
-5199
6122
-11644
15066
-312
-16070
11647
-8404
4678
-5174
-6477
17853
-15646
-843
7646
-2920
11411
-15463
8125
8625
-16560
8067
-4463
8433
-890
-16169
16165
-6646
-4880
4093
-3885
15288
-16528
-2472
13263
-9647
7330
-6662
5894
6147
-19791
11947
2407
-328
2294
-10878
17089
-8643
-7334
14167
-3494
8313
-12872
-2397
14827
-17616
4934
2083
-141
3586
-19679
13593
2636
-9370
7833
-5571
10027
-10759
-9431
20411
-7399
-268
-1920
-28
11786
-17701
6801
12571
-7175
2443
-10933
11424
934
-16375
16772
-5298
-1020
-4171
-7610
21336
-13652
-1217
11342
-6771
6458
-13580
8707
12236
-15946
6631
-3836
3498
-465
-13452
18121
-3634
-6869
3865
-3354
11910
-11654
54
15443
-13330
833
-5119
5088
6297
-19317
11694
1881
-6275
1903
-6618
16280
-5061
-10196
14288
-5973
2773
-6593
490
14171
-18340
3392
4336
-1775
3621
-11886
14842
1910
-12520
9052
-2548
7464
-6897
-7997
17208
-11136
-2955
2426
-704
8229
-14813
6910
9903
-10241
4661
-4778
9781
-922
-16186
15138
-4951
-1560
-2338
-5644
16309
-12404
-2674
13148
-8807
6627
-6742
5268
10306
-21057
10447
-1560
3024
-2900
-12627
15893
-5373
-6256
5169
843
7101
-8877
2405
14907
-15780
2436
1969
2853
3494
-17521
7645
1544
-6234
5311
-4515
11087
-4447
-8957
15381
-3580
-202
-3733
393
8847
-17894
2251
9289
-4896
4433
-8755
10360
2220
-11486
12054
-2675
4103
-5219
-9607
14049
-10131
-3541
6835
-3060
6011
-14774
6937
11836
-11069
8535
-4407
4402
-862
-14727
16692
-3361
-5757
1823
-6992
13647
-11711
-1381
15718
-8317
1473
-7256
5453
8345
-15989
10496
1377
-4910
545
-10514
16618
-2900
-7945
9570
-5442
4156
-7658
1426
16323
-14604
-469
2126
-2072
5377
-13736
13640
3544
-13674
6378
-4327
10512
-2387
-8735
15132
-8308
-2904
1094
-955
11078
-16054
2873
8793
-10328
4034
-5252
11948
1716
-16073
12284
-1356
-84
167
-5902
14451
-11835
-6763
9401
-4268
5689
-9713
4711
11249
-16418
7025
2557
2596
1575
-15477
14198
-3008
-9223
6753
-4565
9472
-9984
-4577
16649
-10900
3359
-157
1781
8298
-18747
9332
4804
-8495
3788
-7601
11420
-4141
-11308
16358
-4013
1780
-3059
-1743
13867
-15550
1034
7357
-5680
3940
-11275
9342
5011
-14682
10374
-1036
4415
-1525
-9322
15280
-8102
-4862
5448
-3922
7803
-12935
1231
12417
-11254
4316
-2270
4741
2136
-14659
12445
600
-3412
2206
-5634
11348
-8646
-5274
13005
-5262
2119
-4492
301
8858
-12753
4697
5941
-2468
-1015
-10567
11252
-482
-9101
8750
-2085
1044
-4122
-3571
14343
-4697
-3964
5415
-3848
4453
-9737
3965
9934
-11923
1213
-1854
3507
1057
-8314
10644
1405
-8690
1193
-253
8341
-3637
-5055
11316
-6481
-2334
-1533
5248
6410
-11303
3029
1905
-1690
-1883
-2112
11140
-4340
-8992
4779
-642
3862
-4985
801
10178
-10648
-1099
1985
3850
2187
-9640
7203
950
-8275
2225
1318
6789
-5487
-8197
10677
-3529
-1720
610
3147
7737
-12630
329
8199
-2812
869
-3442
6641
-89
-12414
6060
2400
-47
-3036
-4462
8654
-6744
-3364
7728
414
2483
-8774
4187
7113
-9060
1893
2414
3346
-2893
-8964
9750
702
-5178
3099
-357
5299
-8507
-2492
10948
-5083
-2058
-2845
2604
2826
-11694
6565
4521
-4057
-815
-2323
10367
-3478
-8390
10363
-1174
297
-5760
-351
10017
-9072
599
3932
170
-1667
-6519
9176
3865
-9772
3972
394
3339
-5051
-3908
10869
-3312
-5087
2056
1178
5714
-6948
1183
9114
-8304
-664
-3089
7399
-4212
-6268
5029
1484
-2564
-815
4302
4072
-3545
-2381
7483
-269
-4710
-7862
6495
-518
-4965
-879
5640
2499
-9544
4491
6405
486
-3123
-1091
4554
-2252
-3407
3443
5086
-3664
-7888
3513
3603
-2783
-3529
4696
4280
-5492
-3936
6636
1931
-5630
-2222
758
2586
-4090
-1411
6906
-199
-5846
-1016
4218
1808
-6255
1302
5835
-586
-5001
809
6719
-321
-4621
755
3629
-1937
-6107
2697
6515
-4244
-2270
884
5844
-4973
-3622
9292
531
-5055
-7473
4257
4518
-5161
-288
6012
1130
-2950
-1909
6012
4412
-6310
1444
2091
-1475
-5162
-1844
7492
-1972
-9666
56
7272
-2852
-3090
2231
7880
-1801
-5691
6894
1151
-671
-6583
4074
3493
-8313
-194
3715
3889
-2360
-5701
6957
2182
-7455
499
1439
4304
-7990
-2195
5264
-2542
-2582
-753
6194
-353
-6405
3623
5905
-1821
-3946
255
7553
-4373
-4652
3114
2175
-1703
-5755
4866
5128
-5731
31
4166
2836
-3119
-5747
10202
-1359
-6124
-1117
2362
4758
-7800
-188
7976
-1423
-2914
1546
4661
385
-8176
4200
4292
-5169
-3994
36
6236
-2596
-7198
6425
2653
-3199
-2002
2952
5527
-7217
-3333
5235
-207
-2930
-4867
5390
2511
-8447
3525
4392
3198
-5318
-2022
9494
-1714
-5290
2911
2561
-665
-7752
976
7119
-4264
-2705
456
5324
-944
-6656
6356
3870
-4268
-3308
753
5776
-6504
-3912
6376
873
-3834
-3441
4617
4416
-4638
1889
5776
-856
-7403
-203
6159
1607
-8244
-621
5574
-2291
-3205
-1009
9053
-2264
-3994
1017
1553
1646
-4514
3081
6151
-8107
-4178
1876
6306
-1685
-6316
6646
59
-4994
-246
4979
5091
-6592
-2176
6409
-3294
-1498
-4560
7359
2105
-9151
-391
3749
3767
-3692
217
6849
-3828
-6010
2826
2752
1568
-7304
1095
5373
-6108
-1022
2395
6728
-414
-8406
7266
321
-3941
424
2380
4553
-8890
-3686
7916
-1221
-632
-2395
4274
4160
-10762
4067
5823
892
-4016
-4799
6745
-2998
-6093
6311
1830
-1074
-7572
2036
8584
-5379
-179
1991
3085
-1609
-8103
5818
3572
-7003
548
-270
4663
-5818
-4420
13393
-742
-3737
-1456
2072
6616
-9264
610
5123
-7310
-1434
-2270
7416
327
-8656
7350
3212
560
-3415
-868
10865
-7308
-6046
4166
-789
-420
-7008
6108
5787
-10011
1941
3624
4203
-1425
-5381
6896
-1181
-6195
1202
2005
3173
-7841
-4136
9487
-2728
-1834
1781
3402
2278
-9297
4528
5686
-5641
-430
-3300
5805
-2713
-7079
8447
-300
-183
-2616
-598
9700
-7841
-1661
7574
-3198
-347
-6772
6133
3909
-10204
4875
1835
301
-1497
-3459
11213
-2125
-5957
3448
-475
3671
-7839
845
7918
-8943
-2094
396
4917
1549
-9289
8279
2361
-5671
1240
-824
6900
-6006
-6419
6646
-2856
-1556
-2468
2926
5938
-10325
1215
6470
686
1943
-5324
8044
405
-9321
4964
1560
1376
-5631
-2279
6863
-4088
-3124
6143
2916
672
-6432
1078
7713
-6284
-1666
447
975
-3999
-5619
3484
6885
-5188
-166
6038
-2140
2261
-5881
10327
444
-11864
2418
-1493
5117
-7317
-3542
10389
-7029
-3433
3814
546
10707
-10695
5933
7915
-11262
5429
-4802
8273
-3915
-10830
6882
-399
-1203
-428
2758
8252
-9233
-3272
6941
-2785
2399
-7839
5961
3677
-12110
5619
3095
1499
-2802
-6341
10641
-1769
-7421
7713
1215
1840
-10532
-120
9905
-8542
134
-248
5368
-477
-10222
11922
3633
-4746
871
-1829
8783
-7990
-5077
11052
-4006
-4450
-4463
1988
7862
-11499
2805
6987
-3877
430
-5649
11689
314
-10195
5468
1198
-431
-4565
-1031
12158
-7299
-4281
5781
-451
2829
-9043
7481
4878
-11226
179
-522
6297
-3895
-8805
11026
-3312
-4961
2159
2470
8185
-12215
1006
9850
-5162
1083
-4370
7476
2373
-13590
7006
3275
-1235
-3159
-2612
11336
-5860
-5738
7828
1166
-439
-7154
1844
9761
-12112
1140
2462
2270
-180
-10358
13551
184
-5473
2128
1054
3525
-6943
-1282
9324
-6768
-2323
-637
3154
3601
-12459
5938
6386
49
-5005
-2415
10331
-3033
-5020
1383
928
-1356
-8213
3800
4908
-3107
-617
2275
6440
-3408
-2082
9184
-400
-5617
-3749
2562
5555
-8053
-74
5210
-2069
-3434
-2803
8522
1006
-6758
2322
1241
1265
-5737
1007
9036
-7415
-4078
799
1596
2426
-7114
5582
5099
-6702
381
2118
6860
-1780
-7976
6017
-1241
-5283
-1237
2528
7463
-8458
-2443
7089
2448
-3511
-2159
7182
1443
-8578
-330
2318
-1342
-1916
-2079
9565
-5933
-4099
5611
4391
3124
-6041
519
6066
-6152
-4049
4837
-1231
-497
-11794
6197
3443
-6478
4685
-1027
6572
-4947
-1504
10046
-911
-3111
-2903
1846
3134
-11017
3446
5568
-1630
-336
-4522
10282
-764
-7854
6960
77
-2419
-6710
-1346
9989
-8165
-2602
4577
731
980
-6817
7297
6448
-7593
395
1015
4638
-3825
-7068
8714
-2628
-6943
1574
1536
5634
-6556
1480
10128
-5066
-704
-1599
6306
1330
-11514
4860
1030
-3594
-2469
-2716
11586
-5385
-5260
9526
248
2109
-4089
2951
6341
-12160
227
1626
-64
-3075
-7792
9410
683
-5332
4301
1678
5591
-5860
-2906
10100
-8881
-207
-1923
1256
1933
-11554
6084
7392
-4391
454
-1964
7938
1009
-6678
9149
-2737
-2705
-3932
567
5456
-10008
-1570
5856
-1391
2020
-6754
8885
6234
-7621
5437
-1969
1390
-3054
-4315
9092
-6150
-7487
3328
241
5214
-5742
2538
10560
-7784
154
1144
3796
1221
-11234
6314
-1592
-6266
1009
-1450
9284
-4950
-5120
8860
-2216
2185
-1137
2937
5458
-13671
949
4601
-2056
758
-6889
7165
579
-8548
6444
2251
5193
-5610
-4057
8399
-7155
-1019
3588
-30
709
-10388
3989
6770
-4939
2810
-140
5476
-2058
-8758
9457
-120
-2903
-2136
-1569
5417
-9055
1340
9704
-1510
-678
-4994
5762
5907
-9195
5140
1351
-900
-4381
-7314
10524
-3381
-5411
5703
-1242
1294
-5191
3557
11664
-8356
-2579
687
140
2000
-8547
5501
3460
-8919
1679
-363
6739
-2969
-4443
12208
-3952
-3676
-584
1370
9496
-11073
-1628
6109
-7007
1710
-3174
8597
482
-10475
8286
1861
27
-1669
-1794
8542
-7693
-5713
5542
-226
2305
-9186
4041
7281
-9410
2507
3099
4088
-2498
-6491
8488
-1077
-5703
2338
1
2941
-8240
-2059
10226
-4160
-980
-1880
4829
3224
-10490
6544
4369
-3810
-2036
-3741
7732
-3536
-5745
8138
-2072
1101
-4009
1587
10960
-8329
395
1948
-1431
1891
-8005
7641
863
-9032
3431
-714
5062
-3013
-3674
10282
-4442
-3854
1234
990
4828
-9079
1568
4041
-5060
1516
-2148
7988
-214
-8918
6533
1029
443
-1865
-1423
7855
-8509
-2831
5131
-789
1396
-5712
3734
3142
-7245
4262
2384
2450
-1540
-6521
7268
-2580
-3813
1893
-112
2612
-7687
-746
7861
-1949
1069
977
2794
536
-7546
5438
4398
-5840
-2038
-1973
3074
-1523
-4789
7709
1833
-1235
-3452
2490
6470
-6224
-2618
6708
-5602
-3329
-3124
2031
8087
-10481
5256
128
250
2784
-5448
13393
-1882
-11006
7757
-4914
1222
-2242
-7708
12902
-13769
789
4753
-883
12122
-11816
11232
4208
-12509
9051
-5056
4796
-1103
-14227
13664
-6841
-1535
5663
-3322
11953
-13639
785
9618
-7569
5457
-4782
3037
1435
-13381
9524
-207
-2035
1198
-7521
11863
-6243
-3480
10329
-2707
3538
-10326
1625
8106
-10465
2887
197
396
-149
-9195
13373
1275
-5509
7425
-3599
6628
-5766
-2833
11875
-10259
-1277
-3313
-810
5780
-12210
8767
3767
-4975
2112
-2787
9331
-1549
-8552
9640
-4649
-2180
-1088
-1403
11173
-9576
-176
4381
-1607
1827
-5428
6580
4039
-10391
3639
-855
1543
-1716
-7675
7901
-5869
-1953
2897
1914
5797
-8471
4248
8160
-6353
2146
-1128
3924
-1364
-9895
7453
-2295
-2014
2471
-2485
7688
-5447
-2105
10345
-4378
1873
-4833
-714
6218
-9783
4655
-375
-1813
1892
-4599
7871
-108
-4418
6418
-2474
1955
-3012
-3190
9573
-7568
-152
-39
-2146
3649
-5660
4311
3540
-4888
2241
-80
2298
1102
-4631
4082
-2310
-3820
-1541
425
3926
-4477
216
3558
-716
-454
988
4748
1707
-5087
-410
1643
581
-1356
-2566
2820
-3155
-3237
1054
2249
1900
-824
686
1945
-1772
-755
3010
2268
-2258
-6433
1442
677
-1016
1099
1559
1733
-3463
495
4819
1153
-2421
-1412
1388
-252
-5274
272
3853
-1679
-725
-3712
3949
581
-2329
2758
743
169
-4772
1365
3098
-1944
-2243
3310
-717
-1797
-2978
3452
4581
-2343
-369
227
3950
-4513
-812
5685
-1212
-5988
-4316
2256
1797
-3098
968
3262
-511
-1376
2223
5848
-1285
-2686
940
346
-2005
-2572
1111
4326
-269
-4953
1648
3347
-197
-2449
3644
1191
-5031
-2594
2554
2015
-2186
-1479
1039
-1227
-3384
1569
3529
2857
-5082
107
5792
-1040
-3546
333
3177
-2054
-4916
1655
2248
-1921
-1909
4145
4412
-4509
-1658
3094
2575
-198
-3556
713
670
-3789
-466
1427
2439
-3421
-1118
5789
636
-1184
396
3758
1159
-5914
-226
1964
-1549
-1231
-2390
3730
-1732
-2956
5108
992
123
-2538
-95
4212
-3032
-2009
1283
-482
-2253
-3026
3943
270
-2572
917
3037
3422
-3038
1446
4702
-1263
-2751
-2192
524
678
-4601
1293
1526
-2155
-1726
-212
6673
-278
-1710
2067
998
-221
-2979
1247
2484
-4911
-2899
2138
-721
-594
-446
3998
2110
-2737
-146
2565
2209
-1331
-2600
916
-1899
-4500
1043
1967
2158
-3215
171
3773
-784
-217
3174
1912
-854
-4266
-1685
2651
-1963
-467
-60
456
-2436
-1295
4061
4322
-1331
-1024
1754
-635
-1651
-1923
2093
785
-3739
-4062
2094
2687
-1975
1511
2564
403
-3385
1067
4381
-1102
-1026
-2166
538
-753
-3644
170
4271
322
-2326
557
3074
1342
-83
4294
1504
-3050
-3707
-571
4088
-2398
-4187
995
364
-387
-2286
2608
4255
-2004
-1910
1128
1649
-2053
-2471
4149
-457
-5494
-1468
1583
2120
-573
-713
5407
-1258
-2552
1638
2174
3462
-6375
240
1697
-4362
-1102
810
2803
-720
-2457
2309
2536
43
-438
2221
4231
-5140
-3992
3240
539
-2090
-2917
1730
515
-3047
478
3115
1726
-829
-2080
3751
514
-5133
2065
1882
-2055
-3004
481
940
-964
-1294
3030
2680
-1918
-960
2989
3362
-2080
-1275
896
4
-2732
-1389
873
860
-2391
-322
2765
1345
-449
-385
3420
492
-2818
-342
874
-1274
-2675
-2135
2288
-318
-1419
1839
893
2048
-1032
-634
2568
-1068
-1502
-129
-910
-2716
-538
2287
14
582
-143
1465
2955
-1814
991
2653
-1656
-1060
-801
800
194
-741
43
-694
97
-342
-541
2906
186
-1866
1234
-345
-452
799
284
-1907
-1543
-2142
828
1078
349
31
657
-300
-102
508
-369
1043
-1170
-719
-1206
468
-1056
1437
338
1743
-1779
839
1294
871
1343
-2559
3909
-5247
306
-381
-2305
4805
-3946
486
3768
-3674
4516
-83
1164
2152
-5148
3226
-4495
1108
-488
-3837
4542
-7106
2173
2647
-3974
6919
-2268
757
4315
-5459
5922
-3275
-318
4088
-9042
7010
-3354
-761
3860
-5063
6155
-3734
-2307
5676
-5047
4555
-2373
-3949
6397
-9185
5330
496
-2917
6257
-8263
7267
989
-5511
8804
-5316
3254
-1521
-5863
7984
-7504
1465
1268
-5853
8326
-8598
2541
8073
-6465
6321
-4633
3429
2525
-8022
6770
-3160
-2406
1316
-7487
8651
-2158
-3138
7891
-4761
4980
-4675
86
6728
-6908
2279
-1400
-1777
3062
-4821
5478
-830
-2489
4769
-5530
8024
-2105
-4785
6766
-3492
1793
-2841
-3359
5048
-6961
973
2028
-4571
4216
-5178
6583
1668
-2761
5193
-4001
4342
-2980
-1887
6904
-7354
-914
2792
-5090
7043
-6677
1862
4954
-5990
7284
-6403
3808
2704
-7739
7663
-4318
-1738
4987
-6895
7431
-3955
-1853
10289
-8780
5240
-2570
-892
6789
-10728
5708
-1547
-5383
3829
-6571
8029
-1412
-6680
11321
-7026
3658
-928
-3806
10398
-13362
2134
3163
-5609
7045
-6098
3924
2367
-8838
8201
-3031
4328
980
-7142
9520
-4716
-239
2682
-3560
5987
-5950
-2276
3982
-4780
3507
-3118
2987
1015
-6897
8473
-1678
383
1298
-4446
6437
-5421
-1761
4228
-2392
2819
-3993
1023
4556
-6760
4476
2766
-2932
272
-6574
6868
-1095
-5782
5823
-1977
1375
-3387
1630
7104
-7201
1329
4419
-1341
2198
-5277
4143
2760
-6055
1758
-3201
3511
-2090
-3656
8620
-3350
-2917
1309
504
4403
-5656
-69
3391
-3606
-891
-2403
6105
587
-6519
3107
241
895
-360
-2410
8171
-4220
-2149
5378
-3934
2453
-4113
2573
3048
-8076
2885
-283
997
2575
-4926
7323
-1740
-4122
4587
-4220
6137
-4602
-2789
8767
-7447
1722
316
661
4171
-8809
3762
628
-2237
2671
-4828
4013
-1616
-5594
5985
-2193
1147
-560
-2055
8035
-5945
-426
2435
-1491
3155
-5852
2273
3263
-6991
5439
-304
405
1564
-5092
6152
-2406
-92
-154
-1957
4376
-4814
196
3765
-4253
2188
-2482
2650
3925
-7169
4940
-1025
827
1172
-5215
5865
-3349
-3645
3596
-1718
2104
-2432
-413
5735
-3799
622
2103
135
2984
-6301
2563
537
-3701
2131
-2538
4075
-2385
-4965
5480
-712
1163
532
-1268
5717
-7032
1136
951
-1349
2913
-5446
2653
-810
-3193
3795
1024
2762
-590
-4210
4941
-1559
476
-591
-1077
1791
-6079
-194
3993
-3590
1777
757
-1170
2551
-4615
6039
1364
-835
153
-3782
4048
-3008
-1817
5162
-2280
260
-1561
-1161
6273
-3652
1303
3029
-4216
-1217
-3384
5809
635
-5784
2275
-2328
1483
-1307
205
7038
-3777
-2273
2426
24
1112
-3410
2777
1651
-4983
-583
31
1962
1221
-3449
3198
1108
-4720
2642
1295
4816
-5029
-1882
6118
-5630
1191
1079
1223
1310
-6823
1247
3097
-472
723
-1460
4820
-2003
-3890
3658
-312
433
-4012
734
2815
-4578
64
1787
1732
-1174
-1804
3580
-266
-1825
445
690
934
-4350
-326
3894
-1961
-1360
284
2299
-81
-3793
1775
2887
-317
-1628
-1145
3511
-304
-2470
1515
-934
-482
-1363
769
2631
-2183
421
1889
236
914
-2632
2471
868
-4576
1091
-1664
-108
-800
-654
3018
-652
-1027
465
1960
1018
-2104
-256
1493
-2270
-1597
525
3502
-676
-4578
2971
3232
-1226
-1657
653
3799
-2727
-3191
3055
-264
-750
-1206
1455
1125
-2260
-1539
2459
1289
-2669
-920
471
2296
-1905
-1035
3766
-622
-1707
-293
3184
937
-3907
1997
-305
-52
-1220
-1364
4362
-1413
-2023
412
712
2088
-4488
2192
3401
-5381
1620
-333
1899
2047
-6014
5622
-419
-3166
1597
-2261
6953
-6469
-570
5510
-4428
3566
-3541
2158
4156
-9563
3728
828
-854
453
-6422
9657
-4256
-4848
6873
-1726
3820
-3148
520
5717
-5912
422
2166
-1280
2379
-6882
4889
2080
-8632
6188
-2003
2400
-588
-5731
9264
-3315
-3372
7177
-5100
3317
-5947
-59
10020
-10637
3292
-509
86
2850
-9456
8417
1818
-7158
3732
-3327
4895
-2202
-5744
10487
-4927
-566
-558
14
8412
-9529
4171
4328
-5082
2905
-5452
5527
1354
-9398
6238
-2284
1288
-2809
-3564
9701
-9412
877
3697
-1052
4538
-7427
7149
5106
-9214
4045
-1226
3876
-1446
-8098
9653
-4191
-2132
3375
-1887
5605
-7829
-922
6996
-4966
-255
-3504
4083
1469
-8625
6538
1271
-3524
3459
-1915
7338
-3487
-5855
9285
-2723
1614
-4312
-964
4832
-6374
461
3505
-1818
-667
-1492
5501
1259
-6615
5389
557
3660
-4811
-2571
5945
-4505
448
572
-899
1789
-4922
3450
5662
-7402
1761
-734
4729
-3029
-6093
8829
-1824
-1960
-555
-46
6937
-6887
-1496
5968
-4846
3797
-5284
4775
3478
-11343
7917
-2407
364
969
-8278
12709
-8515
-1272
7619
-6198
10582
-10574
1231
10048
-10119
5653
-5003
2211
4246
-13489
10664
-1662
-3478
2465
-6339
12095
-6303
-2925
9870
-7536
4201
-4884
1138
8449
-13720
3922
139
-3189
5647
-7491
9619
-1709
-9303
10449
-4915
5697
-1318
-8492
10377
-8897
995
3540
-3873
7825
-9965
4352
5483
-6870
6036
-5422
3721
-654
-9293
10637
-3667
-549
1202
-3080
8668
-7776
76
7448
-4217
1861
-3813
1439
4995
-10781
5911
1152
-2949
1693
-9006
9564
-3908
-4870
8426
-3686
5010
-4765
-163
10848
-10618
1000
2101
-701
2991
-11509
9736
1049
-4639
4779
-5218
7316
-3651
-3850
9547
-4910
-3148
-1673
346
6877
-7908
1499
2149
-3611
3172
-3464
6812
-789
-6927
5915
-2588
497
-2700
-3364
8273
-5704
297
4281
-2253
5076
-5606
5075
3946
-8822
5626
-2542
912
-271
-5979
9208
-4252
-2277
2251
-2940
7704
-6496
1180
7390
-6069
3947
-2170
2882
2086
-9516
6260
-1040
-2658
1642
-4279
7647
-3323
-4849
7164
-4323
3717
-4265
19
7252
-10512
3878
419
-496
2146
-6704
6278
2874
-6014
4381
-2765
3683
-1827
-4187
8823
-8872
1073
-159
-1276
6469
-9044
3150
4726
-3750
4773
-5949
5472
763
-7443
8533
-5031
607
339
-4088
8028
-6179
-1314
6137
-5241
5131
-5028
1956
5522
-8936
5324
-2590
2103
973
-5634
6255
-2992
-2518
2272
-1083
5188
-4298
-1973
6001
-5412
3697
-1072
333
3750
-8360
3826
-132
-2293
2676
-2977
3166
-2520
-2884
3943
370
146
-1156
-772
3415
-4143
1125
3537
-2858
1962
-6170
3746
2752
-6593
3864
-2000
3339
-1284
-5615
9074
-4690
457
1731
-3645
4858
-8194
1978
6398
-4523
4067
-4059
4513
3150
-7398
7796
-1767
977
-2024
-4038
7004
-5278
-948
3891
-1112
-218
-4977
3877
5114
-4853
975
251
-84
665
-4229
4616
-372
-4895
2348
-1065
2981
-3633
-317
7454
-5147
-1016
372
697
5433
-8644
1099
4420
-5697
3227
-3990
4094
-44
-6020
8247
-2566
85
665
-640
5212
-5868
122
3041
-2551
397
-3702
4864
-326
-5492
4184
602
2860
-1894
-2112
6591
-4718
-1590
1194
-2019
2629
-7090
2881
3259
-3456
3039
-990
3708
160
-4585
5373
-1402
-1639
408
-2860
4606
-5298
-328
5061
-4477
2573
-1419
2309
3859
-6675
4082
1036
-1750
452
-3547
4807
-2948
-4465
3845
-1366
1069
-2552
-681
5295
-2627
-48
259
-422
1989
-4194
872
353
-4634
1373
199
2814
-969
-3120
6622
-235
-232
1187
-1921
3392
-4332
-1298
4756
-3780
-514
145
1109
2555
-3345
3678
1514
-1756
562
-1527
2557
-1936
-2885
2498
8
-1125
-953
-94
3093
-1123
-575
1568
203
73
-2127
3263
-78
-3569
899
-628
-216
-146
-1210
3429
-1287
-2482
1841
587
1853
-3518
-747
5103
-4355
454
368
-715
4592
-5769
3737
1860
-3801
4864
-1555
3540
2500
-10071
8337
-4014
-2621
3517
-10291
11211
-7245
-2235
8395
-6240
6550
-3393
1725
6000
-10506
6678
-590
-2501
2811
-8653
8700
-2340
-5632
6892
-4038
2307
-2913
-2476
9119
-6734
-878
3299
-3406
3041
-5869
4025
5931
-6601
2728
454
2108
2094
-5394
6295
-1249
-6205
1612
-4519
4843
-5313
-2025
6645
-6891
4063
-932
3459
5683
-6689
6152
-255
-3694
2212
-4289
5550
-4562
-5210
5702
-4285
2684
-1567
285
7625
-7108
928
2695
-1148
3438
-5245
4560
344
-6106
4712
-594
175
1445
-3684
5776
-1748
-2415
4734
-2337
3946
-4860
-158
3293
-5886
1778
-641
1928
-1418
-4855
6507
-948
-797
669
-120
5355
-4012
-924
2559
-597
-259
-2255
2800
-318
-5243
3678
160
2283
-16
-1544
6040
-5127
-4
3659
-1681
932
-4923
-1563
8003
-5383
-69
2525
-2627
6180
-7579
4088
4402
-8422
5746
-5083
2490
1475
-10464
9521
-3904
-734
4366
-7235
9191
-5481
-220
8440
-9398
6662
-5303
-1051
3728
-10807
7902
-2781
-1573
3211
-8631
8026
-510
-3475
7317
-7458
4775
-1907
-3271
10809
-6697
2917
-351
-5004
5497
-7318
4906
2167
-5432
4454
-3694
3825
-113
-3399
7329
-5415
-2252
378
-2155
6814
-7142
2569
670
-4966
4509
-4704
7124
789
-5327
5244
-3031
1701
-482
-4229
7856
-5827
-1017
1523
-1715
7122
-4559
2249
4206
-7123
3083
-2873
1830
2902
-10535
7551
-5609
206
4439
-3318
8409
-5057
-1709
5915
-3091
2446
69
-1071
3701
-11264
2610
1579
-2812
5933
-5726
3879
-534
-6356
9691
-986
1286
-1094
-4909
8036
-7771
979
3211
-2777
3921
-9339
3829
3794
-6479
7923
-2028
3268
916
-8197
11267
-4902
-448
2449
-6121
6454
-8528
1187
6227
-4722
3987
-3439
2479
3126
-8885
8305
-1270
-2247
1620
-6349
6947
-4476
-654
8041
-5096
2407
-2868
-702
7280
-7901
4071
-397
-3266
3041
-6782
6320
-299
-4897
7338
-4094
2653
-2093
-3588
11035
-7133
579
1557
-4249
6118
-6473
2737
3194
-7631
4917
-4692
4248
3051
-6757
9262
-5605
-1293
2439
-5022
8908
-6733
-1120
5932
-7827
7042
-4635
1844
6786
-10276
7368
-3347
-2774
4743
-7222
7664
-3889
-5358
6844
-6508
5989
-1897
-849
8888
-9425
4661
867
-1781
5857
-9103
5832
-994
-7834
6461
-5875
7250
-1323
-4947
8230
-6298
2561
528
-2185
6286
-8985
1307
1916
-4897
5760
-6030
6023
-117
-6187
7783
-3838
3683
69
-4258
7599
-8789
1212
3411
-5526
8063
-6320
1397
3953
-8579
8802
-2241
1522
2186
-9749
8442
-4646
-1712
4870
-5526
7202
-6833
-2116
9333
-4982
7121
-4416
790
4327
-9322
7578
-888
-2676
2454
-6767
5449
-1837
-3446
7993
-4657
3761
-3110
-3540
5982
-5381
3455
445
-3715
3433
-6473
4518
2378
-5760
6095
-3830
2565
-1324
-5206
10604
-3941
86
2598
-6001
7521
-6343
1168
6235
-8585
2531
-3030
2962
1546
-5716
6997
-2193
-1017
1180
-3998
7523
-4479
-337
3599
-6434
4543
-4471
4501
3816
-7054
5107
-2212
334
-439
-4455
8221
-4116
-3911
3040
-3040
4847
-4256
2016
6295
-8049
1523
-1431
1758
3616
-6592
5573
-1331
-2533
4164
-4070
5768
-2456
-4931
6537
-5076
2099
-1671
-778
5284
-8154
3587
733
-2730
3302
-4245
5646
-1817
-5441
5080
-2818
4252
-2776
-1971
5758
-5773
2508
-879
-1265
4344
-5778
4782
-38
-4418
5479
-2023
1371
-606
-3832
6479
-4632
-1773
5294
-4921
4912
-4939
134
5208
-4571
5274
-2136
1300
1607
-6880
6059
-1071
-2189
2885
-6745
5990
-3510
-1746
6784
-5039
2991
-2526
-402
5496
-6282
4521
1477
-2782
4116
-6342
5427
935
-3973
6913
-4673
477
359
-3496
7240
-4440
-1994
4268
-4115
2696
-3273
-468
6737
-9056
3090
286
-3771
6690
-5768
5429
3813
-7021
5229
-2949
299
2909
-10993
9379
-4406
-4494
6788
-7469
8765
-3793
-313
7954
-7410
4805
-1373
-1366
6186
-10043
6635
-1875
-5633
7050
-8819
7973
-1987
-5451
8339
-5721
3885
891
-4334
7879
-8255
2087
955
-5104
7059
-8083
5753
-628
-5299
7029
-4179
4615
-187
-5832
7526
-5549
-525
2498
-6283
6771
-7488
1639
5307
-6222
7748
-3872
3169
2422
-7258
7149
-2407
-956
683
-4390
6612
-4556
-1511
6237
-3034
3586
-2318
428
5709
-5623
4224
396
-1471
1333
-5880
5574
-952
-3974
3733
-1966
2601
-893
-2269
7020
-2406
684
-1009
-2324
1348
-4877
3973
359
-3144
-61
-2106
3600
-555
-1561
6555
-1992
879
-2560
84
5310
-5066
2703
-1735
-2847
-2421
-2323
5902
127
-2495
3436
-1158
1071
2232
-262
3754
-3411
-1427
503
-756
-175
-1244
-200
1407
-3578
-1723
2893
-532
-240
285
267
490
-5506
686
4375
-1301
3034
-3802
1137
1721
-3381
4879
420
-614
-531
-6095
4376
-713
-1863
4459
-4392
-861
-3456
-618
7462
-4680
1322
17
-1999
3764
-5992
6721
1751
-3065
2035
-4826
2961
-551
-3215
3974
-4938
138
-1002
1672
5240
-4236
4028
-1122
-1058
2528
-5587
4908
355
-3481
3502
-6754
4230
1011
-928
5614
-5333
1630
977
-2692
4974
-6209
1497
2165
-6157
5091
-3312
2867
3306
-5078
4173
-898
-2044
4338
-3551
3737
-5471
-2533
3756
-3509
3564
-3426
1328
1453
-3696
2518
2290
-1810
4494
-4789
2819
806
-4976
6085
-4811
3178
-1392
-4618
5683
-3497
3185
2327
-6095
7154
-5680
992
3414
-6180
6276
-6451
3168
1749
-4796
7728
-3899
1603
1408
-4231
8189
-6771
737
3359
-7629
6850
-5896
988
2765
-6588
6759
-2043
-786
3724
-3700
6457
-4314
-2082
3845
-5339
5411
-5438
-347
3232
-5454
6006
-98
-685
4900
-6227
4907
-139
-2377
5189
-5538
3001
-4152
-3744
5735
-2032
1804
1257
-2571
4670
-4912
3468
3217
-2878
1463
-5964
2004
1225
-2156
4791
-2325
-2817
1060
-4239
5790
-1002
2171
1289
-3692
2498
-3692
2101
1906
-3984
2210
-2909
-2008
1775
-2190
7294
-1424
-1448
2555
-3117
2215
359
-1733
3919
-4525
-3174
-1292
-1118
5129
-1584
2175
-216
-2582
3210
1480
1252
1425
-4531
1312
-4058
-1911
3806
-1899
3634
-3998
117
2834
-1231
4173
-505
736
681
-4272
3301
-2519
408
1098
-4024
3739
-5763
-265
3478
-3037
5432
-2212
209
1346
-3755
7306
-4690
-348
1646
-5392
4557
-2746
486
4036
-3839
4025
-3045
-833
6275
-6464
3775
-1348
-2129
3453
-6373
6095
-2051
-2467
5064
-5144
5405
-3078
-1308
6584
-5171
3051
-1539
-1802
4991
-7402
5158
273
-5306
5361
-4975
4821
-1507
-2956
6751
-3232
2207
-1669
-826
4725
-7152
-416
2059
-2023
1671
-7442
3790
4935
-4994
6133
-2131
1497
822
-4140
6566
-1471
-2762
2726
-3837
587
-2017
-125
5929
-4307
805
-850
1541
1876
-3477
4670
-549
-4126
-541
-2916
4528
-110
-3513
6251
-2389
93
368
-547
6974
-4654
-533
407
-3304
1193
-3453
3855
851
-5844
1042
-962
2346
1735
-675
5936
-5063
-908
3169
-1657
2851
-6383
1492
1903
-8498
3769
-451
3988
2231
-6901
6947
-1255
-1470
4554
-3004
6499
-5870
-5581
5135
-5679
5037
-1822
-333
3029
-7979
5416
1758
-55
2699
-7509
5376
-2776
-2581
6021
-4761
5561
-5701
-2576
6660
-6871
7224
798
-2527
2445
-9312
8154
265
-5046
5061
-6014
3658
-1915
-2971
9667
-5584
3664
-411
-3516
6909
-7682
5278
1118
-5261
3273
-5522
4009
824
-7382
9597
-2502
-1248
1924
-5497
8787
-5723
636
4365
-7196
3351
-3637
2136
6383
-8412
2490
1013
-1009
4133
-5887
7495
-2472
-4861
6330
-7230
6332
-4100
-940
7559
-9955
4194
563
-1561
6061
-8288
5760
1886
-6913
6786
-4569
5506
-3987
-5923
8260
-4980
-633
75
-2053
7939
-8227
2298
5026
-6361
6409
-7770
5216
2417
-8773
7041
-2565
-839
1743
-4297
9895
-4171
-2923
4381
-4940
6544
-7816
1522
6420
-9937
5102
-4287
2567
6030
-9037
8753
-1015
-3713
4874
-5284
7024
-4588
-4611
6240
-9161
3702
-2394
422
6426
-10293
4819
1937
-2417
7020
-5393
8207
-949
-8653
7436
-4078
5072
-4339
-3757
7907
-10600
2109
4326
-170
6950
-12294
6433
3470
-7952
9227
-6271
5198
-1636
-8887
10607
-4717
2674
2219
-5005
8793
-11031
2922
7577
-4681
3768
-8708
4453
2542
-10220
8554
-1223
-1292
2041
-7862
10138
-3869
-943
5498
-5435
5052
-7051
860
7210
-9177
4290
-1454
-490
4579
-11686
11444
-1094
-4879
5552
-7611
8764
-4657
-1715
10079
-7320
2275
-4494
367
7388
-10454
10867
-2771
-3747
4467
-9813
15196
-3958
-5120
7149
-10782
6995
-4336
-1766
8440
-13056
7200
-2248
-920
8923
-11372
12857
-3481
-7839
9040
-10252
10877
-7720
-6100
13190
-13929
7214
-1688
-1597
10143
-15610
10605
1824
-6506
7636
-11150
11732
-3911
-9595
14169
-8969
6579
-3367
-6248
15027
-13227
5383
2710
-6706
8827
-10909
8604
2904
-10017
9510
-9048
6649
-1302
-9028
13743
-8006
2542
-343
-4720
11246
-9916
2932
5363
-10832
8093
-9271
5805
2281
-11337
13077
-7288
4487
813
-6263
12511
-7060
-1422
6218
-8504
7092
-6001
171
8029
-16310
8001
-1132
-943
5940
-9134
11339
-2713
-7917
10339
-6767
8990
-3461
-8022
12716
-15755
7123
-911
-2510
11735
-16384
8596
1729
-5392
11705
-9367
8250
-3200
-10869
14943
-11160
5648
-2834
-4654
12315
-15060
8468
1298
-3981
9257
-12484
9588
629
-10857
14786
-8117
4841
-1702
-9562
14209
-10056
1961
6161
-7031
6740
-10230
4989
6551
-12441
10535
-7255
404
954
-10081
13116
-3273
-813
5583
-8871
11510
-6531
-1611
11837
-12219
5672
-7036
642
7447
-12903
10078
-278
-5778
8137
-8479
11267
-1573
-6842
10124
-10752
6565
-3482
-2817
11184
-11083
4592
306
-5308
8254
-10072
8326
1951
-10838
9803
-6900
5183
-232
-7171
11062
-10944
2769
3369
-5742
10412
-10727
4044
7678
-9525
7884
-5297
1918
2650
-12140
10610
-3468
-3084
3787
-7393
11483
-6427
-2512
9392
-5219
6038
-5823
-203
7110
-11480
6702
121
-4168
4907
-10392
8795
-585
-3771
9685
-6860
4874
-2768
-4145
10981
-9390
2798
-352
-4611
6682
-10307
7774
1260
-7271
7205
-6795
7534
1095
-7909
10329
-7924
3224
389
-7700
11155
-9645
3021
4946
-8062
9728
-9308
5821
4606
-12151
10618
-5924
2270
2024
-10961
12390
-7154
8
6494
-9710
10207
-6708
1313
7154
-10192
8729
-4364
-907
5479
-13653
10676
-3040
-3101
6995
-9352
9471
-4891
-2031
9637
-6832
4558
-1891
-2946
8036
-10658
6259
-407
-5672
7489
-11423
8555
-1860
-5919
12003
-6397
5060
-1977
-5732
11318
-6796
1959
1906
-7491
8354
-8611
1838
7332
-8032
6895
-6379
2196
4164
-6686
8139
-5288
-1380
1046
-5787
8092
-4185
-926
6857
-7357
7118
-2695
1100
6861
-9721
7178
-4215
-3302
4287
-8208
8948
-3195
-6571
7942
-7621
7612
-1875
-1969
8843
-9761
5645
-574
-3802
7679
-9925
4133
-1854
-8126
10599
-9113
7384
-1142
-4562
9987
-8454
6262
2093
-5374
6482
-9224
3819
2627
-8351
8114
-7291
4827
437
-6669
10880
-5189
2019
1687
-6803
9582
-8444
2670
4129
-6417
7982
-8351
2334
5195
-7947
9022
-5199
-921
7406
-10964
9725
-5930
-78
3425
-9769
8312
-5959
377
6560
-7532
6690
-3202
-436
7841
-8696
7758
-5052
-643
5007
-8903
7684
-2982
-2907
7227
-7827
6302
248
-3993
10339
-9206
3650
-505
-5298
8694
-10272
1719
2231
-7394
9362
-7089
1221
6015
-8857
12333
-6001
-370
4531
-8073
11250
-9071
-178
4925
-7519
9003
-5315
-2554
8520
-9215
7601
-2412
-2547
9123
-11832
6823
-2810
-2636
5862
-8605
7304
-3453
-5514
8278
-4886
5983
-696
-4061
7903
-9055
5847
355
-5863
9377
-11604
5358
330
-7304
13282
-7039
4273
843
-7266
11256
-9985
4176
2663
-8707
7112
-9995
6600
1508
-6720
9321
-5482
3788
2177
-5962
10154
-7798
582
3427
-7465
7173
-10516
3409
4248
-8771
6953
-4671
2416
3382
-5255
8653
-3727
-970
4497
-6960
7579
-4700
-2464
4986
-9691
7200
-5044
258
5798
-9245
8649
-3160
-694
6351
-7203
8166
-4836
-2942
9205
-9802
7989
-2810
-3128
9068
-10553
7569
-892
-2534
7407
-10401
6056
-1422
-4188
8715
-8948
5349
-1381
-5249
10047
-8245
4860
853
-6504
9640
-10531
3090
3859
-6877
8757
-8789
2967
1802
-5732
11602
-7159
1345
3402
-9074
9442
-6232
1996
4061
-8995
6655
-5253
3188
3975
-6513
6603
-2677
1799
1679
-6442
9181
-6351
1646
1961
-5555
8589
-8944
2597
2559
-8650
5950
-5657
4318
3412
-7192
9257
-6273
1324
2833
-6191
6598
-6737
960
2352
-5966
7630
-4843
3672
3331
-7227
6817
-5122
2206
2862
-8472
6433
-5509
-1194
4504
-7383
11193
-5096
60
5804
-8230
8447
-4369
147
4690
-9351
5732
-341
-2427
5012
-7017
6985
-3893
-3272
6892
-5563
5692
-4022
-90
4622
-9691
5281
494
-2153
2432
-8479
7730
-306
-3542
5685
-4896
6103
-1193
-3630
6543
-5046
944
2239
-5531
5049
-6069
1698
5072
-5827
5305
-7369
2691
2787
-3823
6208
-2332
623
762
-5510
8449
-3632
-1552
5359
-9154
7111
-8021
2716
5745
-7566
7281
-4290
2134
747
-6304
10274
-4262
-3582
5067
-5260
8189
-7863
-813
5771
-6337
4632
-4908
2929
2279
-7801
6173
0
-335
3139
-5414
9341
-4195
-2409
6258
-6532
5656
-5235
-504
5890
-8941
3267
1535
-1969
1609
-7070
5996
-96
-4575
5924
-5131
5228
-1224
-2959
9611
-6306
1279
55
-4276
4516
-7707
5531
1201
-7922
6913
-5920
5066
1897
-6543
10115
-4745
-808
1761
-4795
8503
-7617
1800
5278
-7108
6760
-5370
6412
3569
-8846
4141
-2763
272
815
-4377
6943
-5223
-3722
3858
-5286
7901
-5695
2203
6622
-9117
3350
-1320
2802
5075
-8360
5228
-1847
-6433
7428
-4644
6578
-1844
-5518
7002
-5878
2839
964
-1638
6305
-8177
591
3279
-5077
5230
-3812
3953
640
-8103
6915
-2410
1775
1602
-6039
8362
-5244
-2474
5317
-3193
4203
-6554
-217
5183
-6678
4749
-980
198
1532
-7451
8156
-1978
-279
3126
-4828
6848
-6456
357
6925
-7464
4439
-3198
1557
3526
-9541
8088
-446
-3007
2418
-5784
7822
-2097
-5705
7892
-4415
2692
-4444
521
9538
-10466
3069
1009
-673
3404
-7734
7430
-341
-6380
5667
-4380
5273
-1044
-5343
9930
-6294
-209
2270
-4001
6221
-8515
3263
3486
-5210
4302
-4607
4987
488
-7658
7013
-1530
-1502
1740
-6752
10222
-6327
-2509
7383
-4370
4623
-5100
2538
4733
-7081
3674
1999
-2344
1965
-7068
6816
-543
-6944
4348
-1844
1781
-3988
-1175
8759
-4522
-444
3202
-1372
4143
-7540
5210
2527
-7032
2117
-532
4196
-87
-5903
5622
-2788
-2905
2647
-1770
6620
-7323
-252
3589
-3819
2707
-1379
2168
1660
-7678
3220
1960
-961
1144
-3240
8666
-5133
-3582
4945
-132
2283
-4063
402
4874
-7148
1491
3375
748
2169
-9359
6672
628
-5516
5525
-2298
1596
-2555
-4915
6542
-1967
-813
1396
-1165
2697
-5680
3975
4250
-5299
1883
-3507
3913
-1405
-4713
6973
-1999
-597
-2787
-1619
6351
-5598
232
4982
-4484
1933
-5626
4858
4266
-7078
3673
-1786
2069
-2301
-2346
9011
-2957
-2468
1650
-1356
4328
-4078
1965
7522
-9240
2286
-1129
1341
3293
-9999
8741
-2305
-5478
4946
-2109
8901
-6418
-6776
10370
-6468
4598
-3047
-348
9023
-13833
7648
819
-3301
6552
-10290
11472
-3632
-9799
11753
-7407
6643
-5282
-4876
12684
-12886
5287
1833
-4131
9875
-14734
6991
5617
-10883
12077
-8089
5258
329
-11909
14930
-8347
3338
1053
-9152
12701
-11171
1652
6910
-8756
8588
-7957
2179
6639
-11936
12119
-6141
486
3362
-11966
15517
-7393
-1396
5997
-7901
11099
-7018
-1580
9588
-10985
5976
-3737
-2704
8890
-12711
9241
-2221
-4773
6771
-7808
9981
-3430
-4593
8144
-6908
5102
551
-4650
10805
-11572
4147
2662
-7747
9783
-10341
6450
1669
-9097
9298
-5235
2941
2196
-8195
11968
-7900
16
5093
-5610
9444
-12151
3195
6364
-8479
9035
-4971
1593
3755
-12731
11766
-2352
-3683
3483
-9187
9445
-6066
-117
9738
-8028
6175
-5974
-1406
10290
-12733
9358
-2858
-4610
8010
-12986
11471
-1703
-5889
11064
-9597
5238
-2620
-3956
14485
-13469
5980
-1132
-6688
12700
-12674
9086
2680
-11031
8706
-8297
7671
1294
-10577
14248
-9881
161
2995
-5775
13369
-9889
-923
6030
-8960
7819
-7251
4719
6097
-14167
9477
-4201
1712
4647
-9597
12011
-8857
-4041
6982
-7365
10710
-7556
1150
7474
-9731
8001
-4856
1103
5101
-10984
8150
-2854
-3683
7472
-6535
6514
-5858
-2403
9650
-8055
6482
-3174
-1526
5927
-10864
7135
323
-2632
4426
-9254
8161
-1229
-3959
8441
-5308
3848
-3364
-3250
9345
-7581
1501
1810
-3308
5445
-9398
5445
2685
-5720
4982
-3929
2558
-1763
-3008
9609
-5411
-2483
1942
-4769
9155
-7227
1448
5523
-8892
7142
-3801
2201
4799
-8309
6252
-3062
-1600
3722
-5801
8732
-5989
-2001
4877
-5765
8107
-4478
-512
5656
-9199
5489
-1210
-1197
4655
-8737
5261
-1657
-2753
5203
-3745
4886
-2836
-2625
6657
-7557
4453
-1736
-1271
5463
-8267
4708
1742
-885
3086
-4322
5025
-607
-4992
8051
-4974
4246
-2490
-5405
8368
-6135
2095
1614
-3764
2226
-5862
2884
2803
-4173
4791
-4878
2559
1295
-4205
8197
-3212
-885
1531
-4418
4185
-4783
1366
3015
-5543
1697
-3312
3267
3407
-3691
4077
-872
18
1149
-2199
5611
-2324
-2869
2069
-3430
1310
401
360
4768
-4366
592
-321
-1098
2965
-3604
3600
-2384
-5398
1410
-821
4768
-1704
-2178
4735
-3852
1459
296
1817
2492
-7320
464
1156
-722
1448
-2562
3533
-1699
-3692
4589
-596
2912
-1597
-648
4591
-5652
1565
2866
-2893
1945
-5295
2435
2678
-3961
4174
-585
3427
-1144
-5237
5414
-2951
-504
681
-4146
3111
-4403
443
5181
-1899
1627
-1723
533
4533
-5121
3695
613
-3944
1490
-5793
4934
-520
-3135
5090
-3865
1244
-527
-900
7758
-4993
1456
209
-2787
4677
-5357
3139
1198
-6357
2180
-1185
3072
592
-3669
7664
-5110
1277
881
-2501
4426
-7072
1423
1259
-3180
2188
-1159
4279
1560
-3753
5227
-4809
3005
756
-3230
6002
-8225
934
1548
-2224
5071
-6533
861
1349
-4351
6384
-2835
2924
1258
-5451
6350
-3328
-283
2265
-3961
5450
-6717
137
5053
-4179
5816
-3245
827
2889
-6885
5883
-484
-2097
2497
-8169
7383
-3790
-1481
5553
-6981
6704
-4320
906
7303
-6761
4037
-1261
-2862
5384
-8367
4743
-683
-3838
4962
-6907
5010
-2377
-592
6808
-6520
2286
-460
-3088
8889
-6029
2150
692
-6434
7223
-5569
5457
460
-5631
7083
-7209
3642
1473
-4474
7815
-7680
1084
509
-4937
7199
-3834
1233
1999
-7303
4988
-728
1266
2798
-5996
4375
-4336
-255
4759
-3167
4520
-4811
-1583
6145
-5859
5610
-2724
-178
4760
-7633
5483
-523
-960
3004
-4169
2581
-1910
-2849
5771
-2474
2801
-2310
-1064
5863
-4736
2554
1052
-924
960
-5136
1700
1010
-3898
1791
-381
-613
-1109
-2338
6493
-36
-2572
2881
-3731
2420
-931
-2220
4663
-3946
-1225
1163
-1458
4881
-1811
2612
2629
-5542
2675
-259
322
-113
-3826
2941
-286
-2714
1694
119
3370
-2940
-1240
6960
-4037
-8
342
-5
2017
-6073
3797
1054
-2161
968
855
4404
-2973
-3847
4613
-1350
-134
-2420
-711
3248
-6957
2998
921
725
-1428
-3206
4607
-657
-26
1564
428
2022
-4962
1237
3045
-4768
1675
-3588
2846
162
-5629
6175
732
-121
203
-831
4159
-3778
-1037
2331
-2982
-614
-1972
2346
1410
-4694
3013
1477
306
1619
-2168
4124
-1551
-2395
2678
-1680
160
-2305
-194
2641
-3733
1268
1648
136
1100
-1296
2883
-1652
-2171
2217
-764
1550
-270
-2725
2135
-1113
-91
1546
-862
219
-1933
171
4180
-1693
1493
-76
225
-38
-5125
3177
1237
-1224
-1539
-2341
2627
794
-1564
6447
-1794
233
-2877
427
4386
-5141
4271
-849
-4081
881
-3184
4115
2677
-3618
5399
-3388
1118
-867
-207
6457
-5804
-1253
-31
-2273
3167
-4138
5294
3118
-7240
3101
-3832
4280
-634
-5886
6885
-4644
-2085
1285
-737
8764
-6582
-6
3336
-4508
5735
-2768
4310
444
-8997
5929
-2658
418
3200
-8292
8262
-4452
-3370
5679
-3501
7255
-4116
-1228
5449
-9009
5348
-4
-1806
4550
-11363
6571
-1513
-3996
7175
-6827
6396
-2070
-6650
10943
-7182
2911
581
-5850
7158
-10012
6063
2021
-5967
7482
-6621
4607
2631
-8733
10074
-4052
981
-216
-7735
12349
-6635
270
4441
-7170
6876
-6409
4156
6125
-9806
7861
-5350
2984
1637
-10717
13685
-5344
-3676
3485
-7485
10783
-8527
-851
8217
-9840
6757
-2980
2871
5766
-11233
7959
-426
-1631
3547
-9685
11228
-5521
-5524
7921
-6846
7053
-3834
-1637
6987
-8875
4017
1183
-3362
6101
-7992
6075
1138
-7651
7724
-5457
6726
-2469
-6957
11127
-7887
2061
1482
-6193
8257
-10178
2382
6430
-8146
6120
-6238
5154
3222
-9841
10360
-1868
-480
218
-7802
11018
-6555
518
6715
-9733
7044
-7831
3860
7700
-11689
8086
-4501
-950
4359
-8426
11194
-4182
-3881
6316
-6756
9455
-4610
-143
7805
-11257
6332
-1919
905
6510
-9825
6846
-1883
-5201
4875
-5401
7617
-4319
-6421
7555
-6592
4676
106
-1336
7426
-12001
3170
2889
-5114
5893
-7700
6687
-348
-9024
9687
-884
3798
-296
-7087
8309
-6921
69
5106
-4646
5548
-10580
3311
6251
-7395
8519
-1958
2086
252
-9340
10402
-2625
-1458
3912
-7729
5785
-8320
-1229
11567
-6440
4205
-5001
-43
5543
-9907
8929
-220
-2279
1482
-8204
7598
-1791
-4184
7519
-4409
4193
-2762
-1532
10117
-7653
2163
-133
-3000
3009
-7664
4956
2375
-6017
4167
-4194
4456
1071
-4170
9278
-4626
-407
493
-2703
7819
-8171
2271
4711
-8269
6762
-6397
3914
3884
-10499
8314
-3144
-2011
1281
-7515
10145
-4963
-4693
8108
-6484
6020
-3450
967
8917
-11201
6093
333
-2008
4413
-11490
9750
-1870
-7622
7582
-5982
6413
-4261
-4408
13381
-7632
2834
1682
-3520
9118
-11377
5860
2383
-8980
6909
-7180
6628
-901
-8018
11133
-5027
1848
-629
-4783
10904
-8375
-249
3503
-7373
5860
-6379
4929
5399
-9805
7095
-2155
2429
1566
-5650
10846
-4945
-4606
2556
-2027
6844
-7106
-1816
6599
-7924
3328
-1109
1332
6058
-8933
7079
-1277
-3609
5259
-4319
7127
-5870
-6292
8092
-3824
3840
-599
-1530
4638
-10032
4943
3629
-2928
2952
-8291
5422
-1449
-7116
7271
-2059
4574
-5091
-5927
8662
-5193
2399
1890
-2448
3673
-10000
2851
5984
-4370
5722
-6138
3164
827
-8315
11407
-2452
-508
-1012
-4373
8041
-7910
600
6052
-4852
2683
-5840
2598
5567
-6614
7321
-766
-508
-309
-5577
10858
-3511
-3618
3994
-4704
5065
-5948
1858
8787
-9818
2927
-1536
-676
4573
-7690
6125
179
-7374
4189
-4078
6104
-2879
-4322
10374
-8270
2177
478
644
7765
-8405
2357
1537
-4825
5887
-4709
4537
925
-10722
8835
-3568
116
382
-5803
9018
-7224
-1177
7096
-3611
5043
-4782
706
6618
-9557
6093
363
-1181
3036
-9465
10025
-2104
-4517
6684
-5897
4484
-6178
-3781
10563
-8193
2002
-104
-2709
8202
-9717
5787
3284
-5867
5565
-8384
6272
2244
-8819
11245
-5153
256
2242
-6010
10918
-8054
635
4594
-8826
7612
-5920
1779
6848
-11119
7363
-1140
-2289
6416
-9354
9678
-2513
-4905
7887
-7611
7536
-4051
-2780
7223
-8751
6277
-1050
-3913
8138
-10373
4804
-22
-6120
9109
-7474
4988
-3195
-7228
9515
-6020
3707
-301
-4837
6323
-7825
6561
4275
-4679
6964
-7434
4130
1368
-7668
9563
-6393
-157
165
-6972
10312
-5039
2086
4405
-6264
7405
-6055
3386
5321
-8320
7730
-7185
-96
5246
-6691
11312
-4867
-3800
4985
-6907
10099
-2898
-2826
7104
-10165
4690
-2501
-267
7330
-9186
5714
-3562
-5444
7818
-4648
7883
-3698
-6547
8580
-7535
7890
333
-3714
7570
-10284
2522
386
-2863
8407
-7299
3246
-1375
-5234
11465
-6274
4911
-592
-7980
9064
-8224
5391
1625
-6254
8631
-11607
5353
3755
-6726
10306
-7360
2409
-3006
-7968
12309
-7283
4106
1058
-9926
10652
-8150
4713
4772
-8409
8828
-12039
4204
3961
-10443
12924
-8732
933
2777
-8505
13717
-8717
1723
5505
-9738
11676
-9172
1942
9068
-10847
8345
-8570
3199
5220
-11267
12376
-9038
-1536
6961
-7356
11717
-7282
-1063
6253
-12554
9903
-5544
-937
8347
-12454
9757
-4082
-3252
8190
-8430
10389
-6108
-3899
10946
-10387
7674
-4253
-2912
10070
-12348
6728
-1911
-2584
9112
-12298
7344
428
-6389
10961
-8885
5769
-640
-8086
12532
-9502
4337
2652
-7953
9416
-10307
5227
6811
-9576
8058
-8093
2683
2322
-9854
12995
-7976
-859
4178
-7947
12192
-8994
2248
8938
-11701
8104
-6216
3087
8146
-13292
8852
-5085
-631
4163
-10577
13211
-8873
-2468
7514
-10119
11799
-6682
1094
10676
-13989
8045
-3680
1050
9380
-13193
9466
-3035
-3703
8197
-7618
9247
-6050
-6031
8642
-9911
5950
-2591
-4157
9816
-12467
6182
2532
-4057
9531
-9527
6749
-190
-8211
11003
-7179
4129
855
-9344
11146
-10171
3564
5220
-6802
8538
-12080
4952
5629
-8119
10004
-7902
379
3836
-8905
12158
-5965
774
4420
-9038
10765
-8034
2699
7794
-10289
7509
-6882
-1196
7318
-10124
9673
-4070
-4435
6443
-10506
11639
-1814
-4821
7330
-9463
6270
-3744
-1131
10535
-10225
5015
-1668
-4719
8534
-9757
6973
-647
-6330
8470
-8686
7249
1132
-5100
8833
-9435
2188
2095
-4359
8716
-9511
2950
3925
-6944
9990
-4842
4344
1887
-10231
9267
-6071
2062
2497
-9103
10337
-8694
-812
6075
-6434
10152
-6492
-537
5926
-9362
11013
-4253
-1944
5744
-11556
10239
-6956
-987
8832
-10584
8381
-7654
-624
9824
-10284
8145
-3825
-2756
7569
-11388
10109
-718
-7431
7426
-8588
8920
-1876
-4048
11158
-9682
5674
-2027
-3622
9597
-9972
5534
523
-6938
8342
-9475
7062
1083
-9296
10054
-9093
5928
1651
-6678
11787
-10679
-279
3934
-6632
10314
-9097
1650
6463
-9372
10400
-5049
3483
4288
-10962
9989
-6673
377
6707
-9610
8770
-7171
-2410
7859
-11226
9042
-1981
-1790
6016
-11552
11068
-117
-3694
7489
-10562
7677
-1945
-4944
11568
-9352
6163
-3009
-5066
12568
-11655
6532
130
-8808
6731
-11433
7569
2016
-7560
8652
-9615
4249
1498
-4312
12874
-8338
844
2402
-7274
10483
-8444
3540
5260
-12891
7735
-6171
4559
5578
-11368
10967
-5034
-1560
4578
-9333
13762
-7314
-3710
6723
-11621
9478
-3936
220
7578
-11252
7837
-2894
-1038
9901
-10986
9325
-4806
-5321
9899
-10026
7691
-5070
-3638
10148
-12635
7718
2023
-3101
10087
-12565
5917
379
-4894
8732
-10604
6350
-2639
-6626
12356
-7299
5503
906
-7362
9400
-10230
5837
4043
-8531
7533
-10378
4861
2391
-8039
10123
-5840
1711
2889
-6034
11833
-5744
51
5274
-10696
7949
-5540
1007
7923
-13031
7426
-3382
-2632
9324
-11008
10702
-3823
-4753
8448
-10415
10639
-4648
-5076
9811
-12723
5152
421
-1657
11152
-14208
8169
1823
-6136
11967
-11177
7755
18
-12714
11931
-8300
4622
2155
-9522
12657
-11631
3155
7484
-10111
13250
-11233
452
7988
-14137
13649
-6301
817
4553
-13699
14778
-4825
-1024
9322
-12328
11670
-9471
-2931
14392
-14192
9836
-7971
-1831
10476
-15222
13774
-2102
-4995
7558
-13310
11468
-1834
-4383
10627
-12622
6458
-4237
-4090
14165
-15187
7427
611
-6835
11130
-12538
11348
2836
-11304
11210
-10722
5080
1649
-11533
14831
-12244
1795
3006
-7662
15826
-12676
4368
6198
-12590
12437
-7702
5494
5388
-16192
13384
-7202
1858
7596
-11282
13504
-9231
-2495
10491
-10357
10266
-9162
-603
9882
-16376
12181
-1804
-1366
8298
-15165
11022
-3039
-4449
11807
-13525
10923
-5839
-6244
15065
-13004
9322
-2593
-4898
10474
-15694
12583
1408
-9185
11605
-15464
11757
-1130
-9591
15234
-14082
7948
-3809
-6507
17755
-15398
7517
2082
-9283
12128
-14371
10759
3388
-12324
12464
-12425
6480
84
-11097
17098
-12380
3527
2732
-9117
16276
-12618
5703
5546
-15006
12293
-10782
6510
4488
-15303
15794
-9860
1787
4379
-10648
16797
-11847
-692
7289
-10824
14216
-10163
3278
6009
-17827
13747
-5421
2598
6737
-14494
14807
-8089
-1407
9133
-10717
13035
-10316
-2844
10031
-13071
10761
-4792
-1392
8151
-15254
12120
-2131
-3927
9313
-11983
9885
-5939
-7449
13833
-9532
6303
-4052
-5156
12223
-12580
9893
2410
-8462
8831
-13141
9779
2546
-11531
14274
-11051
3137
685
-10858
17308
-10302
2341
3320
-9941
14000
-10782
7557
7597
-14130
10569
-9590
5030
5308
-13305
15088
-9563
-256
3718
-10430
14673
-9951
-866
6050
-11569
11091
-7472
4567
7638
-13420
12893
-8123
-59
7938
-9409
12475
-8777
-4722
9989
-9646
10469
-6723
-2009
9609
-14822
11195
-1055
-1608
7380
-13583
10948
-2061
-5788
10602
-9451
8295
-4937
-7545
12704
-12440
6794
2085
-6611
9791
-13692
8303
4846
-7536
9882
-11565
5994
1777
-10395
12963
-8458
1141
-344
-8361
14399
-9934
3575
5170
-10115
11820
-9034
4916
5832
-12301
9581
-9104
1419
3323
-8664
14178
-6263
-581
6504
-9056
11070
-7570
461
8462
-14287
7952
-5055
1670
9485
-12324
9406
-2185
-5228
7212
-8232
10131
-4525
-7898
9438
-9858
8930
-1721
-3713
10474
-13720
6220
478
-4951
9191
-11467
6763
-414
-8808
11470
-6697
6103
-1866
-7634
11955
-8513
3764
2711
-5195
9264
-11300
4212
4417
-7945
10744
-8567
3947
508
-10629
13475
-4925
1270
2250
-8932
12373
-10841
493
8002
-8554
8373
-11346
2710
7279
-9557
9450
-3978
-229
4233
-11626
14583
-3572
-5425
7325
-11754
9923
-6935
-2625
10942
-12332
7394
-4832
-900
10981
-11870
10081
-772
-4896
6152
-9351
9615
-2771
-6962
11890
-10650
3610
-1196
-2765
13135
-12905
4051
2528
-5296
8441
-8203
4991
203
-11453
10539
-5388
3307
1208
-9029
12518
-9382
706
6440
-5128
10410
-11281
1069
6966
-13266
9538
-4871
1165
4121
-14283
13185
-3059
52
6998
-8934
11236
-8847
-1860
9932
-9939
6805
-5720
-762
8462
-12762
9662
300
-4480
5265
-12134
9916
-717
-4884
10099
-9038
4235
-2761
-3724
13015
-9490
3432
-570
-6601
9607
-8765
7913
2945
-10265
7689
-8019
4976
2323
-7985
11465
-10073
82
2919
-6099
12538
-8807
1555
5320
-11210
9993
-5312
4889
4129
-12440
9806
-7446
1265
4773
-6914
11609
-8128
-1604
7238
-7004
9283
-7200
790
6084
-12260
8672
-2696
-782
5379
-11955
9554
-2480
-3562
8873
-8801
8560
-5497
-4520
9961
-9154
7357
-1695
-2876
7431
-12369
8016
1481
-6196
7353
-9819
6426
-809
-5465
12024
-7840
3265
-2361
-5332
11002
-8177
2379
2696
-5831
7079
-7421
4909
5891
-10074
7564
-5256
800
4376
-10051
10960
-4284
-4057
5862
-7916
9985
-5022
-4372
9574
-10071
5939
-1881
-3272
11324
-13859
6619
1347
-5893
9258
-11120
10789
-2025
-7680
11263
-9655
7938
-719
-5778
11594
-12918
5359
3309
-7558
10892
-13107
6741
3460
-12054
14168
-10058
4924
483
-12400
16299
-10069
2211
3628
-11189
13842
-12939
2062
9745
-12377
14912
-10981
2935
7801
-16037
19408
-8388
-1498
6369
-16869
16867
-10436
-2708
12992
-15915
11672
-7854
-686
15662
-16557
13262
-4762
-5791
12106
-16405
15731
-3234
-7505
13163
-13666
9320
-1472
-6298
14870
-15409
5168
918
-7889
14976
-14114
9892
3303
-11835
12142
-11287
8713
402
-12410
16654
-14068
3931
4582
-9053
17698
-14030
1157
5776
-10549
14980
-11678
3696
6476
-15710
16640
-9504
3256
6332
-13833
14539
-12477
2074
8066
-12966
13891
-10807
692
9736
-16168
16635
-6933
-474
8543
-16763
16669
-7836
-3040
9499
-13335
12028
-8057
-2381
13747
-13391
11120
-5907
-3649
11088
-17787
12588
-3177
-5092
9222
-14075
12523
-2320
-6017
12278
-12120
8407
-4511
-5525
15003
-13066
6129
-2902
-4015
11407
-13980
7567
1478
-8013
11951
-11256
7539
878
-7214
11165
-11826
7524
-1211
-5450
10200
-12225
5478
806
-8654
10212
-9774
7368
629
-10029
12550
-8932
5199
1365
-8858
10314
-10023
1967
5257
-7860
10295
-8824
3471
6773
-10734
10457
-5454
2928
4761
-12667
10608
-4286
-1867
7020
-10601
8939
-6566
-2707
11092
-9932
9062
-4596
-1459
9830
-13181
10209
-888
-4276
6121
-14723
11063
-2460
-5544
10946
-12301
7741
-2821
-4169
12240
-12186
8930
-400
-6475
9043
-13117
12376
140
-10318
7492
-10517
8812
427
-6611
13173
-10206
2222
1985
-5807
11799
-10237
3328
3865
-9888
6116
-6971
6354
6189
-9861
9262
-5784
131
4098
-6001
10633
-9982
-3116
5672
-7275
8294
-4618
582
5334
-9486
7554
-1324
1013
5403
-10336
6732
-4706
-3479
7444
-7223
7334
-5630
-1865
8113
-9683
7506
567
-1960
5371
-12145
6310
851
-3467
6501
-6893
7193
-2428
-4651
9714
-6031
3096
-98
-4391
6363
-8894
5566
2589
-5787
5680
-8122
4572
3205
-8605
7572
-4158
845
1379
-6388
9942
-5691
823
2664
-6165
6595
-5687
718
3724
-7508
5563
-4039
1916
4259
-7838
9682
-3118
-2031
5301
-5297
7394
-3667
-3071
6528
-8187
6082
-2569
-1053
6652
-10050
7709
-611
-2091
4884
-9141
7185
-2262
-5905
7374
-8234
7456
-2108
-4036
8742
-9312
6834
28
-3865
6437
-10881
5313
-30
-5651
8635
-9009
5313
-821
-4701
9759
-6855
2824
112
-5008
7182
-7439
3129
1847
-6085
6852
-6685
3337
1432
-5147
9591
-4119
1408
385
-4905
9255
-5679
1519
1880
-6206
4745
-4552
2372
4757
-6084
4988
-2267
-623
3322
-6313
7639
-1998
-3640
2089
-6154
6241
-1837
-2751
5157
-6457
3999
-1786
63
7810
-7344
1877
-1496
-2187
5989
-4557
3715
-1189
-4048
6531
-4200
5262
422
-3515
6317
-6885
2212
1058
-3057
7291
-6934
1749
424
-6742
7065
-4626
3272
595
-6202
6583
-3175
2573
2579
-3956
4896
-6303
1477
1846
-5551
5544
-6597
2894
1916
-6161
6634
-2301
3097
2128
-6392
6842
-5462
425
4301
-7257
6189
-7178
1649
4166
-7201
8926
-3290
1380
3051
-7070
9633
-4054
-3149
3810
-7013
6577
-5305
-1257
6958
-6380
5454
-3489
-526
5350
-6699
6810
-2648
-4780
3743
-7489
5221
-963
-3412
6087
-6411
4913
-279
-2216
7667
-5675
4387
342
-3594
4311
-6111
4234
-291
-5322
5170
-6578
3019
2456
-2739
6240
-6307
2688
1532
-3764
4128
-5226
2075
65
-5440
5339
-2003
1089
979
-3311
6303
-2104
-105
2036
-2755
3848
-3270
-1581
3140
-4693
2814
-1469
-2822
2391
-2780
5144
-558
-1676
4255
-3524
3306
33
-3229
6121
-6311
644
323
-3287
7465
-6535
4358
1921
-4561
5368
-4984
4412
1611
-6688
4343
-3745
251
1561
-4943
6664
-5036
-1236
4134
-3512
5619
-3129
21
3202
-5440
3698
-736
555
2495
-5964
5251
-2046
-1044
5138
-5002
6810
-3925
-3117
6339
-6554
7407
-4961
-3501
4072
-10324
8889
-2256
584
4776
-8412
8954
-4656
587
7296
-7758
7224
-6998
-1800
7650
-9253
7621
-2898
-961
3527
-10057
7982
-1209
-2128
5472
-7329
4855
-2253
-3436
8084
-5986
3034
-1890
-4647
7140
-6005
6063
2840
-4872
4750
-6037
4639
42
-3268
5924
-7274
226
-2230
-1410
8819
-5907
3331
-219
-1423
4540
-4898
8147
-1918
-3668
551
-4212
4769
-2488
-1636
4736
-3855
1805
-1069
-2786
6860
-4553
3089
-79
-5902
3427
-3749
5627
1573
-6386
5764
-5326
673
4506
-5379
7414
-7680
75
3510
-6419
8515
-5798
1579
4925
-8256
6296
-1554
-308
5100
-7277
7061
-4000
-3215
6898
-4579
3218
-4194
-2814
5722
-3154
74
1712
701
2960
-5951
2507
3351
-3103
1121
-2300
1013
-158
-4299
2878
800
-1443
1044
-597
2062
-86
-233
2963
183
-2545
716
-632
-1020
-561
-1052
883
-1520
-585
3131
-280
1532
-363
241
2878
-3840
1616
-434
-1827
252
-3317
2533
387
-4356
3102
-803
1901
1914
-1246
5085
-3887
1162
560
-2775
2008
-4313
-377
566
-2668
1351
-1646
3094
2080
-3797
3147
-2006
1543
-161
-659
3102
-4482
56
-1056
-897
2003
-1340
3489
-191
-2666
2770
-35
2544
-1496
-1312
521
-1468
-1390
484
1550
20
476
-2903
1993
1885
377
1830
-687
-756
-1859
-1119
3152
-2428
309
-1389
-1368
611
-5226
5710
-379
1711
1303
-3210
3285
-3350
1700
3119
-1172
1282
-5275
1285
1319
-1429
4670
-4979
2595
-2548
-1275
5489
-3990
2701
-1371
-699
1433
-2344
3779
26
-726
440
-3275
3263
-402
-364
3773
-2369
990
-3211
-1454
3270
-2301
2412
-2523
-473
-222
-1738
4853
-633
1571
-355
-1010
2615
-2642
-390
2900
-1605
-946
-4053
1957
1692
-1704
3598
-938
916
-2393
1436
2548
-1888
336
-522
-423
-1906
-2342
2252
1923
-926
-1039
915
2053
-1271
-695
2066
541
-2159
-1054
-72
59
-2848
1717
1487
-372
-313
-2307
4225
193
-2975
1678
-660
1002
-1025
-1514
4732
-4510
1756
1659
-1562
2403
-5135
3319
1199
-3698
1504
-1798
2122
-558
-4694
7684
-2127
-663
3070
-2977
4299
-4720
61
4764
-3771
1586
-2107
-1021
3401
-4196
3683
1426
-3227
1357
-3383
4057
-414
-3628
3462
-2897
49
-807
-253
4066
-1992
-2195
2583
-1132
868
-955
1356
3403
-3561
761
1198
1070
679
-1999
903
669
-4794
1821
-741
377
8
-2351
4258
-2591
-30
2209
168
2874
-3837
-849
2922
-3576
987
1115
1470
-1431
-5304
3918
895
-889
2780
-1771
3297
-4767
-889
4945
-2903
1669
-3701
1216
743
-5314
2574
2423
1498
-1995
-3529
5685
-2258
191
3093
-3115
1818
-5080
39
3932
-3204
1096
181
750
181
-3097
5670
1518
-2551
732
-2090
447
-2779
-965
6111
-2319
-520
-2378
1200
5182
-3761
3980
1553
-2704
-365
-2392
3248
99
-3898
2867
-4806
678
-1656
558
5315
-5358
2705
-1193
1145
1706
-3285
3790
941
-4547
-881
330
2304
-1187
-1147
2481
-1643
-601
-483
2032
2834
-1867
-1597
3586
-2218
-1288
382
307
1273
-3919
1024
1830
-1030
1009
-659
4765
-928
-4413
4390
-811
3031
-4104
-1063
4429
-6828
969
1394
-1172
2445
-4963
2747
2005
-3855
3764
-2424
4198
-2648
-4626
7760
-4146
-1408
1969
-1428
3932
-4867
-567
6254
-4687
1834
-1805
2872
3275
-8134
4378
228
-1639
794
-3153
5051
-2917
-3782
5268
-2968
1947
-2054
1491
4120
-4611
885
1653
1365
-1554
-1750
2154
-552
-2887
-983
3630
2035
-4351
-349
1132
3248
-3607
492
4471
-4767
-114
-2126
3645
814
-5720
5866
-2481
-816
1347
-2985
10404
-6972
-1615
7443
-7105
5614
-6181
1365
7431
-12686
6428
-2862
-1208
7553
-10869
11774
-2791
-8545
10360
-8642
9988
-3775
-6435
11914
-12829
5779
787
-2135
10082
-13852
5902
2885
-8544
11865
-8631
6268
-3496
-11559
15427
-9695
2881
1255
-6837
11263
-11140
3101
7687
-6955
7145
-7689
3858
2299
-9337
10141
-3045
-1300
1572
-6940
10569
-4217
-2578
7247
-5482
4573
-5028
-230
8156
-8646
4553
-311
-4289
4203
-7887
9686
643
-6573
5587
-5162
5943
-1104
-5076
11184
-7933
817
547
-5128
9764
-8951
4733
3761
-7588
4708
-5385
7248
1127
-9083
9047
-6081
-405
1152
-4789
9501
-7128
639
5332
-6099
7116
-5550
2720
5496
-11090
6147
-2153
15
1982
-6749
8793
-3346
-2986
4515
-5315
6041
-4625
-1346
6284
-6447
4481
-2095
3835
3801
-9859
7530
-1176
-2414
2679
-5406
7884
-4016
-3931
5486
-4465
3569
-3865
-679
5991
-8604
4000
478
-745
3455
-6182
7877
-4193
-3030
5889
-4228
6348
-6365
-899
5155
-7994
4211
-2942
1971
3230
-8278
8131
-331
-1149
966
-3356
7290
-6967
-1442
3304
-3870
3022
-4301
3115
3576
-5860
3985
-45
2593
166
-3885
5229
-3015
-4999
2949
-774
1602
-3326
-3524
8019
-3958
1581
2217
1173
4304
-8562
3627
2397
-5099
2820
-4797
3176
-2781
-5722
8714
-4222
2540
124
-1330
7715
-9146
2811
4619
-3378
3613
-8207
3824
1465
-5670
5942
-1188
3209
-2898
-3415
8204
-2836
-1918
1466
-371
651
-6645
2095
3059
-2955
1073
-911
2106
-662
-2182
4742
1465
-2418
-831
-1216
2222
-4363
-1558
4168
-3406
-2626
-1456
3389
3145
-2153
4082
2500
-1561
-318
-2782
6709
-1729
-5012
3467
-4415
574
-1632
2415
6965
-5621
-128
419
1695
2367
-6100
4842
-533
-6160
3141
-1844
4072
-2476
-4596
6954
-5304
1612
-815
1151
7000
-9124
2944
1366
-2489
1817
-5526
6525
-2112
-4774
4268
-4272
5957
-2167
480
5237
-6796
427
-130
2005
1015
-5801
5667
368
-4622
2715
269
5807
-2309
-2943
4008
-1515
896
-986
-159
3118
-8093
23
3937
-2542
1046
-3449
3915
426
-3517
3221
272
2096
-2825
-921
4544
-4968
-2370
1115
-554
1254
-5284
4242
3250
-4235
2009
281
4517
-1295
-3873
4777
-2130
-2900
479
202
5568
-5058
729
3909
-1586
2381
-2666
3853
486
-7452
2437
-10
-399
-424
-4772
6402
-4047
-1358
3434
-186
3420
-6800
2568
2744
-6432
1578
-387
1972
389
-7081
5109
1996
-2971
979
-238
2884
-2026
-2610
4425
-748
-2003
-162
-1462
3481
-5454
-617
5130
-806
1
-2166
4146
893
-1744
4761
1797
-1403
-2852
-3082
5578
-2420
-3068
3467
-2039
1617
-3770
2659
5805
-4198
1252
184
-2301
1077
-5743
4482
1220
-7780
3971
-2936
3977
-32
-3244
8179
-3573
-83
74
-1672
5455
-7677
2962
3783
-7391
3549
-4514
3997
2585
-7334
6505
-2435
-299
675
-1822
9622
-6321
-3154
4434
-2513
3181
-4927
2820
6462
-9648
3142
605
1338
3797
-7578
6098
-3330
-5475
4607
-3643
5075
-4823
-4021
8260
-6754
2336
1523
763
5381
-7991
4254
2096
-5391
2266
-4073
4788
-1771
-8484
6799
-1234
1583
810
-1873
7542
-5258
-250
4372
-3082
1972
-4856
517
2751
-8841
4455
2072
-680
1577
-4719
9292
-1069
-3831
5776
-2951
2139
-6095
-2513
7170
-6825
1790
-673
-419
4686
-8153
7721
3855
-4343
3477
-4338
5766
-2996
-4865
5283
-5847
2145
-3874
-198
6697
-7956
4590
4552
-2351
1712
-5996
7219
228
-6555
5402
-5010
2850
-4191
-3532
8675
-5410
-201
2238
633
4673
-5620
4250
4125
-5428
966
-4552
3006
-1469
-6583
7028
-1365
-1909
1406
-1014
7177
-4245
381
5195
-4257
1325
-5400
1845
3439
-7168
4839
-1084
-2250
2225
-3812
8931
-2503
-1881
4501
-5368
4204
-3410
-2715
7130
-6411
-1193
1984
-1357
4683
-5112
4164
2888
-5988
3957
-2781
1823
938
-5234
5363
-1792
-4470
151
2895
4365
-3865
782
3570
-1695
2900
-60
1510
-1009
-4845
1362
-956
-25
-1391
1022
4207
-2920
-2401
4546
2380
441
-2335
107
608
-3189
279
1010
1161
-2259
-2662
2794
520
-1431
1005
1654
2465
-3269
-3161
5815
-1305
-3249
1951
-3484
810
-3838
-433
6658
-3899
637
886
1197
2820
-5648
5180
2909
-5178
1386
-2908
3667
-837
-4881
7348
-1596
-1029
827
-1799
5996
-4197
69
3282
-4792
-704
-4578
5334
2778
-5540
3747
-1455
-268
1414
-2030
6806
-4190
-5601
5181
-3697
2764
-2680
893
5029
-7784
1926
-337
1956
3129
-7530
6768
1466
-5368
4673
-3897
6383
-3679
-3729
7790
-7277
3694
-1951
29
6046
-8193
4337
1985
-3668
2151
-3735
5804
-2643
-6392
5649
-3928
195
-133
-154
5114
-5215
1331
2940
471
2918
-4483
1876
746
-7898
2641
1526
130
-343
-5227
5736
509
-1487
5307
-221
-47
-3496
-1050
6419
-4989
-2066
-626
-442
1414
-5258
6258
3304
-3745
1838
-139
4559
-1763
-5144
5677
-3886
-740
-2027
-636
5757
-8755
2941
5149
-1145
3462
-5187
5666
1626
-6720
5374
-4408
-491
-1726
-5682
7614
-5192
-1555
3846
-3874
5638
-4059
4050
6510
-7282
4675
-3265
2148
550
-8506
6701
-1383
-2342
1860
-1883
6767
-5310
-48
7511
-4292
2853
-5866
1070
4193
-8378
4195
-1091
-2118
1679
-4020
8608
-3533
-2603
5805
-4681
3415
-3129
-886
5547
-7286
407
-65
-119
3144
-5792
6148
4152
-5247
2490
-558
2513
444
-5563
6411
-3737
-2157
-1314
-1000
6815
-6403
805
3827
-3041
3001
-1146
2893
3565
-6251
975
-234
-916
-852
-1064
2709
-3439
-2718
3811
2601
2275
-1870
826
3207
-4070
222
845
769
-282
-5069
786
1226
-2938
664
1018
1537
-922
-1824
3472
-335
781
623
1078
785
-4861
758
2929
-1443
-1066
-170
896
194
-5410
4206
1015
-1444
474
-3481
4150
-3486
34
4535
-997
674
-3568
1250
5462
-5712
3835
829
-1511
1062
-5352
6097
-1962
-1900
1201
-2609
2780
-4488
-219
5623
-6115
1547
-633
754
3250
-7436
6708
1270
-3341
3266
-4234
4525
-1359
-3134
6120
-4425
388
-1753
891
6104
-7019
2394
2146
-1688
2435
-5041
5140
-404
-3499
4536
-2403
-136
-1224
301
5105
-2550
-1601
-119
11
1233
-3268
3839
936
-3701
2035
-1114
3403
-464
-3212
5275
-4213
-978
-912
-449
5353
-6424
1546
3145
-3042
4878
-2887
3088
1315
-5654
5206
-1573
907
-4128
-1057
4919
-5033
3237
-1474
-554
4190
-3930
3379
331
-3014
354
-2516
3104
-2216
-2471
4094
-3245
386
527
30
3492
-2481
-469
915
-371
291
-34
1796
474
-4732
2270
-948
68
560
-3845
5855
-2890
-280
2999
-1602
4542
-3768
994
3624
-6240
3525
-2587
1978
1620
-6150
5495
-3918
192
3112
-4000
7201
-5655
-2751
4521
-4355
4382
-4056
314
1588
-7628
7244
86
-553
4719
-7426
7313
-2409
-2792
6278
-5407
4060
-5778
-1216
5768
-7103
4892
-448
-322
4538
-7032
6633
400
-2323
3052
-4876
3842
-4221
-2231
5157
-3467
1957
-2890
-477
4536
-4745
3033
3651
-1142
-794
-2013
1490
229
-1470
649
693
-2569
-992
153
3244
1736
-3727
3127
430
-3170
2740
-1752
2981
-174
-5742
7113
-4912
2004
2097
-5009
9022
-9055
-5
5683
-5643
5656
-5493
1620
4909
-11777
8892
-2789
-937
6549
-11012
10702
-3500
-4222
8865
-6826
6954
-4965
-4005
10277
-11565
6284
-1040
-3477
8036
-11345
7679
-1443
-5692
8788
-8594
6032
-2010
-5695
12266
-8180
3783
490
-3665
6844
-8610
3154
3232
-6261
5934
-5260
1102
3727
-6224
8109
-3930
-250
3366
-5478
6726
-5065
-1879
6763
-6912
4447
-3186
-2106
6513
-5464
4320
-370
-2870
4045
-6580
6086
-11
-5522
7004
-4351
2763
-862
-2224
6114
-4482
398
2035
-2874
2968
-3351
2097
1589
-2387
3099
-4761
2175
-1109
-2040
5758
-3538
656
-984
-961
4955
-2115
918
-6
-2788
2694
-1349
928
1765
-2409
1210
-2441
2058
-698
-3729
3347
-3068
381
-557
-1944
3824
-2818
1758
2015
-2533
2732
-803
509
1899
-3279
2954
-1280
-2002
1175
-535
3073
-2040
-100
1875
-2361
850
-168
312
875
-2401
465
-2515
1621
1491
-182
2504
-1054
-1713
494
1064
1044
-1489
-430
-417
-1728
420
-518
4078
-3488
360
85
-1617
2528
-3433
4043
-968
-2025
1279
-3181
4308
-806
-907
3528
-4338
1978
-1014
1293
2277
-4477
2766
-1390
929
702
-2290
3047
-1052
-1056
167
309
-161
-1985
418
1848
-555
-1477
-22
623
244
987
1114
521
-1921
-1308
1249
-95
-223
-1732
1706
-46
-1471
1465
164
1856
-2036
-638
4348
-2901
-15
-443
-456
2334
-5782
3911
668
-1424
2218
-4568
4894
-1225
-2628
4086
-3363
1912
-2290
688
3392
-6332
4759
-1532
1250
1219
-6864
7839
-3987
-618
3118
-3839
6208
-5745
168
3784
-6399
3932
-2727
841
2941
-6077
5040
-94
419
4268
-3018
4160
-3438
-3567
5847
-3434
-419
-1697
-3396
5167
-3272
754
4268
-3323
3639
-2733
937
3791
-4863
3388
-755
-1606
490
-4696
4093
-1514
-1846
4122
-4260
4588
-2821
-948
7619
-6287
3214
-932
-1792
3349
-7876
6452
-1315
-3630
5495
-7981
6999
-396
-3321
9015
-7690
5447
-1716
-2682
9506
-10337
5024
-620
-5505
5286
-8291
7841
94
-6394
7280
-7840
3874
1152
-4680
9546
-7492
309
3074
-6135
8271
-6622
1179
5248
-9020
6306
-2491
1462
6440
-7777
6271
-2731
-5772
7214
-7191
6103
-4470
-4815
8991
-7281
7334
-1010
-348
7863
-10171
5765
-201
-5612
7571
-8357
4938
-1234
-6563
10010
-6769
6353
-605
-5913
8846
-9901
3893
1277
-4759
6126
-9638
2879
2583
-5256
7525
-3806
4110
-283
-5973
8417
-3096
1352
790
-3584
3971
-6151
1809
3675
-4723
3442
-4748
2208
636
-4084
5132
-2144
2025
-142
-3670
6696
-4303
-1160
4895
-3730
874
-3296
1436
3818
-4505
2998
2805
-218
675
-3354
5139
-123
-4762
1808
-1166
-1475
-1419
-2125
4881
-2545
-1986
4297
-2050
3983
-3500
510
5784
-7608
1896
1634
-1059
2874
-6288
4953
1239
-3852
3338
-2745
3227
-2911
-3441
8233
-6423
-1131
1635
-370
4647
-7540
3368
4013
-5157
2826
419
2588
582
-6357
6908
-1113
-2104
185
-3644
6679
-4856
-3619
5606
-3899
2322
-1134
-514
6534
-9053
3994
275
-2966
3657
-7590
7909
-1082
-6373
7974
-2778
3804
-2311
-3078
9806
-8001
293
2626
-3927
4228
-7975
3271
4988
-7679
5876
-573
1460
2009
-8080
9191
-1303
-3785
3712
-5644
4055
-5751
-1232
8444
-5888
2068
148
-840
7483
-8657
4692
3520
-5137
2522
-7929
6306
-757
-6187
6217
-4375
1869
-478
-1913
10444
-6114
1043
3456
-4562
4661
-6910
4212
2890
-8347
3620
-3410
2014
1953
-4843
9816
-2109
-4104
3644
-3229
6187
-5738
-1726
5836
-7884
2275
-1725
2228
4589
-8806
6792
53
-1903
4460
-4538
7134
-4298
-3509
4259
-4409
3181
-3916
-867
5003
-6309
2213
588
2049
3706
-4244
5657
-2564
-3017
1041
-1151
2896
-7153
1046
1710
-2721
3447
-3062
6428
-178
-5236
6062
-2791
3754
-2599
-4948
8310
-8813
3519
1078
-3774
7301
-10170
9097
2999
-9232
9782
-7611
5346
1267
-11397
12341
-8989
-643
2110
-5436
11925
-11044
1975
8928
-7473
8383
-7038
2557
4605
-11977
11147
-5628
-2905
4039
-7976
12226
-6887
-3567
8306
-6193
7844
-5066
-450
9444
-11356
2743
2256
-2931
4034
-9701
6516
1422
-9775
8857
-2812
3686
1056
-9164
12982
-5624
-2420
5078
-7656
9197
-9670
281
9069
-10382
9019
-3626
2254
5367
-12660
13080
-2484
-4291
4328
-10432
8952
-5781
-5226
10457
-7012
5856
-3356
-290
10047
-12139
9189
-64
-5505
5122
-11884
9697
-2080
-7512
9736
-7884
4058
-681
-3925
12336
-9071
3105
4177
-5585
7388
-10137
6528
2491
-9786
6660
-7895
4413
2106
-8031
11485
-5205
365
4053
-6264
11110
-8486
-220
5827
-9961
6745
-5809
3308
5311
-10929
9961
-3453
-640
3962
-6160
9681
-8028
-2062
5247
-7573
5702
-5423
1241
5478
-10090
5812
-1682
1949
4543
-8176
8414
-3411
-2636
5086
-3645
5338
-5540
-2114
6162
-4138
1462
699
-675
3174
-5241
2839
2891
-5312
1687
-1855
949
-24
-4735
4220
417
-1017
3281
-2301
4609
-3871
-1280
5140
-4475
1879
-3476
1313
2942
-4387
3557
380
-1217
112
-3208
5299
-896
-3602
2849
-2000
1501
-2480
23
3728
-4083
1258
-295
522
2143
-4079
4248
1910
-2810
711
-318
1889
-1396
-2412
3357
-1070
-1600
-591
440
3860
-5992
-698
5156
-1358
-267
-2310
1724
2046
-6333
3698
1340
-1891
763
-4358
7298
-2888
-3164
4997
-1711
1939
-3436
1070
5662
-7696
1693
2226
-2013
2268
-6295
6605
2464
-5516
2516
-575
4088
-2236
-3246
6327
-4313
-670
-1088
718
3496
-6422
1344
3670
-2132
-938
-61
3140
1631
-3798
2840
934
-2642
-1495
972
2210
-2921
-3867
2124
2181
431
-954
1060
4766
-4076
-1619
3297
-454
-563
-4294
1742
1293
-5838
3062
1408
1249
-172
-3423
6758
-2009
-2645
5351
-2489
2586
-5366
-1448
7387
-6237
1416
-697
717
3161
-7214
4516
2484
-3236
2561
-3605
3073
-634
-4688
6429
-3827
565
-728
-1198
5711
-4866
2523
3353
-3265
1932
-3035
1254
3848
-7368
4839
-2909
-1123
1348
-4700
7708
-5978
-671
3704
-2370
4961
-3390
939
6335
-6791
4977
-2813
-2966
5742
-8425
5428
-3790
-2593
5837
-5824
8799
-2332
-3048
8994
-6861
4029
-1949
-2597
5129
-9774
4902
-2114
-3813
5655
-4726
6002
-1176
-1258
6742
-4096
4674
-424
-4642
3796
-5666
1574
-223
-4758
3451
-4282
3039
1021
-2165
2978
-3393
4226
710
-3595
4143
-2816
494
1193
-2462
4170
-3016
-337
2160
-2066
921
-339
-616
1426
-1560
280
1549
-854
594
-2910
1268
1583
-3014
1726
855
-521
2398
-2850
3076
1491
-4517
4371
-3228
1953
-1030
-5269
7674
-5483
822
2274
-3903
7216
-5796
871
3254
-4875
5358
-4618
1981
767
-6954
8327
-3553
-123
2067
-4924
7358
-5224
268
4923
-6336
5738
-5219
468
5259
-8487
6183
-3133
480
3707
-7477
8245
-2516
-527
6437
-8124
5081
-2792
-3107
7095
-8587
5195
-2088
-5275
8550
-8009
7367
2801
-8133
8557
-6971
3980
2650
-10147
9956
-7683
-411
3848
-9138
9848
-7191
2132
6871
-10929
10259
-4015
1687
6506
-12356
8906
-4344
-3694
8667
-9777
6444
-3640
-3751
10136
-9632
9901
-2680
-2397
9319
-12435
8051
-2786
-2860
7585
-10454
7958
-2463
-4743
9837
-7868
7558
-1969
-5230
9003
-9862
6555
-1036
-4790
6259
-11089
7347
290
-3127
6817
-6199
5750
-1558
-3211
7660
-5596
1833
133
-5541
5679
-6817
1584
2704
-2509
5276
-6229
3781
1016
-3513
4949
-3370
2478
-1662
-3568
4676
-4636
2152
1492
-2397
2985
-4024
3835
545
-1908
2695
-4353
4310
-2437
-2779
3157
-4174
3343
-938
-3319
4990
-2879
850
2418
-1546
5146
-4786
2014
1459
-5866
3445
-3119
1533
820
-5856
6091
-785
284
2967
-2754
6121
-5590
-225
4238
-5552
3039
-3872
160
3576
-7910
5449
1571
27
3751
-7475
5723
-465
-3561
6105
-5247
3557
-2396
-4368
6700
-6419
5414
-425
-2825
4143
-6166
5119
-191
-3150
4642
-4204
2338
-1653
-5507
8883
-5161
386
932
-4680
7949
-3184
489
7192
-5740
3286
-3199
-1322
6464
-9718
5044
-2679
-2037
3728
-5324
8759
-3471
-1380
7763
-6918
4569
-3512
-1258
8746
-11272
3240
336
-3827
4932
-7233
7134
-652
-5798
7152
-5267
6675
-1738
-4492
7058
-7637
4487
-1762
-3292
6330
-8846
4818
2145
-5421
7500
-3216
3176
2259
-8174
7468
-4176
-2034
3084
-6628
6229
-6357
-1458
7877
-4403
5823
-2498
-98
6371
-7884
6933
-2184
-4500
4967
-8496
5570
-1232
-5843
7274
-5233
4335
-1243
-3465
10354
-8858
2718
1045
-3408
4728
-7648
5594
263
-5154
5796
-5872
6458
-904
-6063
10676
-6884
2764
7
-1600
7042
-10949
3753
2463
-4792
4951
-5089
3888
1274
-6228
6133
-2329
2886
-968
-4638
8264
-6984
-896
2891
-2492
2579
-6306
2482
3899
-5588
5039
-1611
2010
2889
-6928
7750
-2343
-1892
2431
-4067
4501
-5786
-923
6501
-4413
2150
-1781
629
5148
-6475
4114
1089
-3687
3686
-8137
5203
326
-6185
6996
-5353
2741
-2349
-1705
10471
-6188
227
2911
-4398
5623
-6732
2999
5338
-9009
5198
-3611
2055
3120
-7333
9091
-4325
-3966
4858
-4312
7918
-4824
-2871
8391
-6682
2186
-639
194
5222
-9760
5006
1225
-3949
5017
-4686
6770
-2064
-7551
9574
-4804
1071
861
-4659
8743
-8691
1718
4860
-5594
5472
-7548
2801
1909
-8691
8549
-3933
2022
1243
-6374
9625
-4563
896
5161
-4902
4138
-5464
576
6638
-7930
4262
-2275
120
3689
-9264
9174
-1770
-2918
3031
-6080
7354
-4629
-506
6986
-7616
3243
-1443
-1395
6105
-8168
5573
48
-5463
5912
-6541
8301
-2288
-6906
8455
-5846
4445
-1288
-2996
8630
-9300
1966
4101
-4859
5774
-6500
3139
3371
-8332
6751
-2984
3578
161
-6872
10514
-7125
-524
5691
-4368
5368
-6639
1632
5696
-7157
5448
-3176
430
2159
-7974
7980
-2480
-2711
1661
-5124
6302
-7179
-653
7505
-5784
3093
-2141
730
6235
-5042
5905
545
-5345
2050
-5649
6679
-1518
-5885
4929
-3768
2481
-1974
675
6854
-5934
1158
-243
-915
3279
-5236
4516
-37
-3168
2841
-2387
4270
399
-4108
3928
-2804
-871
2134
-1453
3632
-4370
-59
1638
-2659
3679
-2575
1214
1400
-4465
3102
1149
-435
2488
-3192
1675
-742
-3198
5380
-4515
781
1668
-3714
5271
-3254
656
3698
-2291
1353
-2433
-33
1083
-3436
2125
-1088
-950
1093
-3766
3881
891
-1091
2073
-1415
1363
1310
-2129
3315
-2405
-1183
2332
-4589
2417
-1017
-174
2752
-3717
1126
2512
-990
2037
-4027
1940
649
-4987
2728
-2181
1953
-903
-2635
6440
-3335
895
4264
-3819
3278
-2969
753
2349
-5613
2646
-4212
1567
1878
-6239
6287
-2239
738
2865
-4038
6860
-1233
-1555
4357
-4863
3894
-4148
-1804
5893
-8363
3593
-2496
-1305
5211
-6062
6065
-86
-2048
4895
-3948
4911
-2640
-2942
5593
-6982
1797
346
-2199
4054
-5738
3507
2710
-2798
3849
-3607
2765
2042
-8154
3736
-1992
-1493
1852
-2258
4144
-3102
1579
3498
-540
3006
-3136
580
627
-3789
2042
-1811
194
-1810
-408
4115
-2623
1881
3553
-2413
2055
-1694
-4
2571
-4605
625
-1693
456
-905
-2956
3486
158
425
383
-188
1738
-1825
1288
1244
-2897
-54
-2601
1382
1873
-4501
2933
2
-770
764
-365
3745
-1675
-29
2216
-1309
499
-1890
1329
1453
-3871
2221
-2104
1151
1530
-3299
5456
-2306
-960
2014
-2501
3629
-3319
252
1629
-5195
1803
-676
723
2120
-4678
4788
-402
-2256
3428
-2018
5642
-3798
-3685
4385
-2979
282
-536
-2270
4026
-3626
1484
3245
-3343
4260
-3156
2492
1302
-4805
3797
-3831
357
1484
-3956
4978
-3575
395
5080
-3613
4199
-2804
-127
4364
-6446
2795
-2864
-987
2051
-5685
7631
-2940
-1257
5196
-4394
6418
-2028
-1820
3637
-6014
4968
-3303
-523
5307
-7464
3140
551
-3876
4974
-3246
2106
285
-4529
3823
-3845
6088
-1354
-4573
5283
-4622
1372
1161
-2096
4618
-5830
-699
3761
-3492
4736
-4462
391
4500
-6968
6045
-600
-1633
3250
-5963
5155
-2617
-635
4824
-5399
5509
-2915
-1533
6483
-5285
4826
-1915
-1008
3789
-6616
4015
-1377
-1389
3898
-6737
4537
-534
-4538
6053
-4815
4265
-943
-3957
4329
-5817
3086
804
-376
3183
-5658
3886
957
-956
3337
-5276
2290
-1797
-2213
4881
-3745
930
-1618
-1725
6076
-4347
2321
2926
-4519
3577
-2334
499
1936
-2456
2483
-3258
1199
2183
-4877
4612
-1928
-766
3066
-3126
2969
-2454
484
1977
-5057
4754
-2327
-2099
4488
-6473
5065
-282
-2820
2895
-4603
5954
-1741
-2039
5901
-5592
3132
625
-3111
6181
-4752
152
1354
-1506
3434
-5256
2708
2576
-5268
5242
-3578
102
2588
-5908
6461
-3786
-1383
2552
-3123
5947
-4944
-1143
5573
-4421
3113
-1877
-1202
3686
-4430
3673
-1107
-1113
2337
-6241
5498
769
-3559
6661
-5287
3427
-188
-3081
6825
-5514
1547
-791
-3285
4431
-6513
3841
3680
-6601
5314
-3283
3084
1214
-3901
6727
-4719
841
82
-4244
7687
-5807
1033
4177
-6965
4443
-2909
2580
2628
-7111
2495
-2732
-551
1353
-5244
7221
-3695
-3098
5566
-2934
5306
-1885
805
4787
-6895
2976
117
262
3718
-7461
5065
-2042
-4936
6061
-2861
4398
-2743
-3284
6553
-6165
4367
1739
-3446
3562
-8142
3081
3326
-3411
4419
-4894
3235
-513
-6145
8434
-2402
1097
-752
-4700
5669
-6191
1666
5470
-4317
2117
-6079
3533
3999
-4295
7335
-3071
-571
-936
-3412
7714
-3901
-1921
810
-5277
3385
-4353
2108
3651
-4501
3262
-2762
3179
2201
-4020
6940
-1179
-2785
547
-4077
3806
-2699
-878
2499
-3208
1643
-2380
2830
5085
-3211
2912
834
-2063
985
-2128
1861
-231
-3732
1393
-1351
-643
1218
-638
3698
-1023
-1959
3039
-1913
1687
368
-3202
2964
-3472
603
2534
-2511
571
-2000
1262
1120
-1914
1077
-2291
2575
233
-4272
6025
-4239
718
1270
-1821
3752
-4195
1183
1999
-1834
2641
243
-790
1998
-4054
1788
1103
-2452
708
-1101
2367
11
-3039
3608
-1090
1149
2027
-3345
2841
-2796
-292
2350
-2875
977
-2210
629
2641
-3013
3392
426
-850
1595
-2261
1682
-665
-2563
1163
-1549
4
-3202
-1367
4924
-1573
552
1746
-1041
3036
-2177
2218
2395
-5446
-665
-2068
1408
-538
-2781
4462
-1734
635
2035
-242
6215
-3546
981
2043
-5075
1023
-3492
565
1603
-5431
3198
422
-448
2139
-2900
7423
-998
-3074
2763
-3894
1893
-2187
-1055
3711
-4831
328
1722
26
4411
-3689
2570
134
-5310
3774
-2020
2059
-256
-5527
4707
-2021
-812
3944
-1119
3612
-4098
232
3714
-2927
2094
-2135
2170
17
-4514
2816
-39
467
-1529
-613
2518
-2886
662
1587
307
-442
-2533
3146
-698
-3234
1178
-708
2214
-2823
-592
2550
-1908
2549
-264
2717
2186
-4694
3107
410
-1807
1752
-3752
2470
-3430
-2050
2590
-3080
4324
-3104
1265
4640
-4513
4470
-430
-689
2748
-5200
1831
-1951
-2761
3672
-2958
2409
-980
-915
6037
-3865
2054
-467
-213
3213
-6867
1492
-455
-1942
3603
-2577
1745
304
-2774
5168
-1268
441
819
-4003
2568
-2167
-1062
2243
-2847
2426
-1171
-2582
5923
-2753
2528
1573
-2705
2909
-5484
2946
849
-3332
4618
-3858
1321
532
-1884
5788
-3591
1634
133
-4425
4515
-3583
664
1696
-3624
3292
-2825
675
1659
-3097
5468
-2468
500
1049
-4631
6303
-3543
487
2285
-5105
2346
-3432
2476
3723
-6039
2541
-153
-148
3093
-5106
5453
631
-3542
2138
-2803
3745
-2774
-2156
3628
-4662
468
-961
646
5165
-4934
3554
613
-1868
3411
-3939
5314
5
-5144
2564
-2178
2055
-592
-2537
3988
-4102
227
1738
-707
2097
-4470
1780
549
-3895
2621
-2631
3698
-1489
-3090
6241
-1727
2004
1208
-634
3188
-4268
1038
2087
-3870
1696
-3153
1640
979
-3873
2717
1168
-1060
-421
377
2782
-2293
-2007
1981
-1362
-600
-776
754
1743
-3217
324
3343
415
1406
-2776
3864
315
-4872
2927
-168
-995
-3189
-1567
3928
-2476
-1194
1011
-523
3902
-2282
1780
4531
-3721
-153
1041
1453
-665
-5509
2783
-95
-1770
1508
-2403
2159
-866
-1579
4887
-1089
-735
737
-2590
4047
-3232
-1705
3619
-1585
307
-3602
1297
2365
-2822
4498
-1200
-1188
1858
-4237
5739
-1862
-2411
1655
-3890
4477
-3118
576
3988
-4489
3576
-1448
456
3303
-4579
4314
-1300
-1320
-27
-2666
5678
-1489
-2467
2777
-2677
991
102
1345
3151
-5741
796
1109
923
1245
-3419
1538
1026
-2834
1100
-1408
1689
909
-2945
3007
-3246
-2727
971
16
3633
-3140
-2986
2914
-90
2816
-203
1088
1031
-3873
1804
-72
-321
1219
-3410
3667
-3180
-3214
4547
-920
3719
-3411
-233
2618
-3840
3320
1847
-231
751
-5970
3259
3666
-4218
3067
-2709
1657
-1621
-4501
6663
-1800
-916
-643
-1338
4561
-3822
-218
4935
-2354
-191
-1860
2088
1479
-5692
5428
-412
-1342
982
-3999
5932
-1072
-2790
3286
-3406
40
-2149
-339
3631
-4205
1690
1212
-1500
2956
-1002
4680
1527
-3431
3422
-4774
2134
-1068
-3348
3873
-6440
608
2188
-581
4698
-4191
2909
4045
-6435
4276
-2454
1441
-1698
-5063
4748
-4656
1415
371
-1212
5430
-4105
1648
4664
-2158
3249
-2882
72
-975
-4360
4727
-3286
-790
-31
-3982
5813
-905
226
2923
-2432
3231
-1953
20
1701
-3887
1815
-566
-1580
1550
-2891
2209
1505
-3266
2591
-22
1080
-497
-432
2113
-2299
-212
-112
437
-108
-276
-147
1945
676
-527
2187
-38
1223
-1343
-601
1790
-2301
900
-2019
-657
1913
-3390
3222
-501
113
2499
-2401
2025
-552
-2476
2577
-464
6
-2840
-2582
3904
-3126
2466
-886
-1452
2572
-2583
4338
1207
-2316
1596
-2465
1483
-2221
-2628
2879
-4171
2376
-1542
-297
4648
-3577
3756
3078
-4016
1831
-3597
2770
1205
-5477
2098
-2334
1526
572
-1310
5631
-980
-2074
3097
-1415
3337
-3303
-1607
2951
-5435
1215
-1023
-1011
1733
-3737
5491
524
-5414
4691
-1101
4436
362
-5180
5538
-4942
-577
3015
-2371
950
-5343
1520
3159
-2162
2240
-2134
4257
804
-2750
5055
-3033
1280
-1372
-946
3738
-4935
435
1630
-392
931
-2717
3137
491
-3812
2834
-986
1138
-3610
-4214
5464
-3073
669
-100
398
3632
-3752
3666
3453
-2782
542
-1538
3095
35
-5759
3920
-3037
403
-389
-382
4370
-4214
1467
1874
616
283
-3671
4754
-414
-4491
2104
-821
1784
-2430
-970
3925
-1267
-378
-720
2105
2024
-6102
1748
1048
-3439
1192
-2262
2455
-1450
-3923
5268
331
1468
-1134
-376
5145
-3907
14
846
-2185
1052
-4626
1988
1857
-4108
5114
-2874
2939
4
-4625
7218
-3374
588
-865
-2452
3075
-5722
1221
2724
-2146
1488
-3153
3111
3174
-2458
3844
-15
393
1079
-4277
3369
-2190
-2815
2601
-4410
2113
-3332
1680
4781
-1240
1063
-1058
1919
754
-3619
2255
2718
-5483
460
-1366
1960
484
-2932
6562
224
-2765
1723
-488
2848
-2320
-2300
2036
-5039
-701
-1282
1786
4958
-6250
2558
3558
-2004
3830
-2073
5573
-2537
-5747
4828
-2019
862
-3071
-1141
5195
-4577
-1251
3135
1720
1881
-5084
3286
1223
-6791
3800
-2325
959
-631
-6252
6026
-1660
209
4070
-1118
3655
-4281
-101
6316
-4946
125
-297
-169
990
-7473
4825
1334
-3695
3456
-3609
5076
111
-1513
7035
-2968
283
-3245
-226
5985
-8827
2069
2902
-3969
1972
-5896
7906
1614
-4545
3735
-3209
2233
-1538
-2580
5646
-4738
-3495
2686
-2
1939
-6278
5731
2086
-1991
2846
-3082
4671
-1431
-3563
2750
-1792
-1719
-1363
25
4998
-5655
303
3321
34
719
-636
1560
-2770
-1689
494
1685
-346
-3543
-1842
5024
-420
-3107
4384
1097
-593
-2164
696
3105
-3147
-1425
1
-503
-1988
-2724
2790
2281
-827
-1317
1325
4223
-1552
-418
3316
-1228
-2859
-662
1397
605
-2244
-431
3748
-1760
-1697
1088
3836
2986
-4878
698
1410
-1846
243
-152
211
-604
-4807
3946
1917
-2903
934
714
4030
-4178
-1269
1737
2570
-1142
-3406
1235
460
-4049
774
3804
1209
-1149
-4237
4761
446
-718
2709
1486
-838
-2974
-2080
5209
419
-4507
668
984
-495
-3452
2759
4336
-3227
-1837
956
1137
-628
-2705
1789
1247
-2018
-3063
1277
4687
-1385
-1548
4998
-396
-3086
656
3533
2542
-5466
-2468
923
-2093
-674
-2802
4961
-741
-6351
4408
2871
624
-736
-1243
3832
-2300
-5219
2670
401
1559
-3647
3283
1525
-3262
2637
2422
4580
-3750
-3923
3822
369
-3998
1330
-579
881
-6230
-1499
7547
-2091
118
-798
3393
2256
-5153
2738
3447
-3838
-766
-1756
2885
-2218
-4526
7401
-469
95
-2474
889
7078
-5249
928
2527
-3898
286
-6003
6068
1419
-9220
5451
-2494
2402
-464
-1986
9041
-5719
-898
3046
-1685
5256
-7312
2834
5260
-7830
3148
-3737
6216
-873
-6998
6759
-3726
1233
-85
-847
4177
-6408
-159
6109
-3940
1101
-1056
2257
2386
-6363
5327
2626
-1036
-84
-3457
5855
-2238
-5089
6623
-3919
-177
-530
-2404
6676
-5725
520
4390
-1872
2537
-5910
4627
3665
-5939
2882
-3016
1104
379
-6647
7861
-3931
-1518
4074
-4865
8097
-5546
419
5315
-7322
3706
-651
-873
3618
-7577
5601
698
-5058
4253
-3265
5490
-2062
-4130
7937
-6917
3221
2304
-4973
8691
-10998
3359
2802
-6157
8474
-6311
4133
2092
-8343
9725
-4873
-339
4367
-8442
8887
-7162
379
5367
-7945
9526
-8339
1494
6425
-9781
9163
-3545
-623
4215
-10929
10088
-2474
-5315
7323
-9458
8824
-5976
-2825
9361
-9647
7460
-3796
-373
9208
-12328
8976
723
-9135
7908
-10520
8573
66
-9903
10685
-6064
3926
-253
-6713
14148
-9680
383
4043
-7307
10094
-11913
5312
5325
-11550
10822
-6080
2572
5031
-14140
14193
-5634
-3522
6775
-8377
11777
-10708
-342
11406
-10689
4146
-2716
1634
7085
-13539
10086
-604
-2693
7198
-10396
13504
-6960
-4222
11549
-9221
6914
-5989
-1093
10423
-14207
7457
-215
-3461
6924
-12434
11511
-3813
-6259
9894
-8048
8228
-6162
-3732
12803
-11456
4299
-964
-3155
9740
-13007
7633
4830
-8939
7457
-7718
7459
-769
-9926
11912
-9826
5005
-313
-5699
12911
-11177
3656
4545
-8540
8860
-10865
5083
3960
-12093
12667
-7824
4233
1692
-8120
12017
-6866
757
1018
-6355
9835
-9245
1486
3410
-9547
11263
-7429
2318
4101
-9336
10676
-5120
-401
3928
-6627
6439
-6692
-424
6947
-8598
6908
-3788
-83
6923
-10378
10958
-2870
-2114
6046
-8189
9704
-4942
-4300
10349
-6733
6152
-5538
-3045
10592
-12129
7459
-2871
-3347
6272
-10468
10903
-468
-6867
8586
-7821
6726
-414
-5953
10775
-11620
4313
557
-4036
8768
-12186
7495
1458
-9020
8199
-8700
8497
1534
-11335
11701
-7813
2542
1480
-5727
13775
-11402
936
5297
-4832
10091
-11047
5057
5124
-12197
9530
-5892
2676
2920
-13074
13819
-5247
-1297
5894
-8878
13003
-8792
-617
8805
-9967
8046
-6753
3736
5294
-14400
9490
-1922
1201
3164
-11528
12355
-4916
-4405
9063
-7964
8953
-8088
-2044
10781
-11423
6700
-3261
-881
6167
-13159
9247
1327
-5553
6559
-8469
8549
-2403
-6997
13146
-7900
3769
-49
-4749
9784
-9287
5414
1858
-7958
5926
-8186
5880
2687
-10863
9260
-6062
-320
3063
-6012
11858
-6055
-2571
7311
-6594
5990
-4104
716
6453
-12228
6255
-2002
149
1433
-7620
11567
-4456
-3997
7514
-5628
7567
-5365
-4643
10099
-11143
5846
196
449
5653
-11805
8464
3670
-5483
4987
-7698
8194
-3539
-7827
12763
-9288
4681
-3189
-5085
11268
-10833
1804
5080
-6068
6030
-7405
7908
2508
-9557
9366
-5337
4580
-1272
-6975
11545
-7260
899
3690
-8157
9597
-8312
4053
6383
-12196
8721
-4160
2331
4284
-10051
10169
-3823
-3217
5973
-7859
8189
-4467
-2225
7873
-10276
6338
-1103
-956
4565
-9515
6967
-1741
-3277
6314
-5925
6114
-3373
-5072
9736
-7547
4073
1023
-4585
6196
-10486
5058
4007
-7112
6543
-7925
4654
3025
-7038
10177
-4119
-509
705
-4970
7442
-6890
1938
5368
-8640
7782
-7754
2922
7455
-10940
9007
-3990
-812
3643
-6993
10633
-3891
-5600
6439
-6757
6225
-3486
-2837
10171
-9362
4688
-1220
-442
6810
-9677
6190
148
-5340
3669
-5041
6994
94
-6578
7854
-6030
4145
-164
-3078
9622
-11483
2209
2159
-5137
8853
-8330
4902
2385
-10915
10833
-4788
3417
1577
-9248
11100
-7120
-1303
6706
-6817
8167
-9251
1359
7925
-11427
9264
-5515
3847
2958
-11857
10534
-1267
-299
2930
-8542
10386
-4985
-4060
9684
-6963
6386
-6315
-595
8059
-10089
5090
-1797
-1106
4592
-10639
8618
664
-4490
6988
-6621
7287
-4527
-4534
9831
-7428
1852
-1052
-1315
7550
-10150
3920
3891
-6484
7294
-8568
4235
1100
-8730
9775
-5342
2328
856
-5153
11376
-5980
-880
5907
-6108
4961
-5940
1597
6645
-10112
5465
-1546
862
4387
-9711
10837
-2809
-4930
6571
-5561
8143
-5492
-3787
10799
-10046
3265
-905
-2073
8813
-14713
8634
1738
-7092
7699
-9710
7370
-5
-9417
10515
-5064
1370
1534
-4865
10080
-8895
3087
7075
-7206
5454
-6785
4025
5664
-10712
7208
-4565
200
2703
-7739
10997
-4630
-3170
7471
-6240
5339
-4809
-2247
8975
-11438
4812
-1785
-1274
5290
-9427
9447
-3075
-4780
6605
-7133
7809
-3007
-5717
11592
-10799
3142
1387
-4722
9362
-10964
4003
1771
-6791
9075
-6079
5823
585
-8629
11209
-6722
2854
2168
-7787
9510
-10554
3026
6679
-8699
8408
-7518
3470
4654
-10194
9222
-3210
490
1120
-7648
11620
-5353
-1697
7344
-5983
6488
-6077
-840
7356
-9123
3940
-2628
-2259
4915
-9583
8902
3
-5713
7653
-5265
4878
-1381
-2091
8793
-9857
2362
-466
-2208
8261
-10986
7786
-209
-5839
7281
-7193
9283
-2069
-8175
10135
-8149
4455
-451
-5672
11800
-10594
4267
1705
-5001
7349
-10324
6448
933
-9120
9189
-7950
4042
1753
-8448
13576
-9432
402
4960
-6131
9825
-8632
958
5446
-8893
8295
-5650
2760
4677
-12651
11085
-5356
696
4019
-8383
10497
-6969
-2770
6262
-5191
6116
-4531
-2088
8308
-8745
5531
65
-3126
3786
-8106
8235
-1275
-3416
4346
-6448
7101
-3968
-5180
10294
-7439
1200
-1242
-3362
9166
-9644
4527
2021
-6103
7212
-7091
5489
1635
-9639
10101
-4072
1927
904
-6173
11721
-7969
1932
2640
-4778
7324
-8133
5191
3008
-10156
8368
-4021
1941
1365
-9550
11788
-5581
-101
4445
-5258
8114
-8048
689
7444
-8726
4947
-3298
295
4083
-10721
9858
-4833
1178
4639
-8265
10878
-8322
-577
7295
-6884
4064
-5112
1310
5809
-10549
9245
-1766
-1417
3740
-7815
11021
-5813
-3927
6919
-5349
6063
-5551
-888
10806
-12114
6184
-309
-2737
5389
-11903
10371
594
-6520
5586
-5564
6433
-3106
-5175
10587
-8559
2290
-2166
-1062
9925
-12780
5898
1839
-5649
6734
-7263
7033
823
-7942
9156
-7018
3368
1498
-6955
11683
-7585
63
4611
-4633
5691
-8217
3571
3515
-9323
6099
-2948
1665
1993
-7473
9941
-3579
-1343
3280
-4158
7621
-7188
479
4190
-7163
2906
-1596
1709
3159
-9197
6988
1546
-2081
3090
-6913
8436
-3776
-4238
7290
-5258
348
-483
-1556
7045
-7588
2323
4729
-3341
5478
-8400
5219
2457
-8818
6472
-3932
465
116
-6114
11095
-6725
-1379
5049
-3150
6154
-10240
3065
4858
-6661
3812
-4855
4508
1138
-8285
9101
-2236
-1341
1982
-3405
8412
-6071
-1795
6237
-4736
3325
-5443
913
5404
-8830
4598
939
-1353
3841
-6604
8500
-1088
-6952
7953
-6500
5046
-5967
-3060
10488
-8613
2326
-70
-972
6329
-8616
4968
3757
-7809
5538
-7034
5330
-61
-6188
9946
-6910
473
2115
-2927
8292
-5594
222
4276
-4399
5035
-6866
4399
2914
-9572
6772
-4529
1967
2267
-7343
10594
-5271
-299
6379
-6206
7727
-5666
-500
7012
-9670
3318
-2292
1168
4903
-10909
6895
-484
-3155
6298
-6790
6172
-1906
-5052
7945
-5961
3209
-992
-2749
8335
-8879
1834
2375
-3726
6923
-6715
5607
1331
-7379
9488
-6026
2241
679
-6652
8494
-7854
731
5640
-5367
5896
-6444
383
7329
-8022
4575
-1516
-772
4333
-8348
7175
4
-4193
5307
-6141
5092
-1888
-3973
9904
-6403
1775
-237
-3642
6085
-9305
5341
1160
-7853
7801
-6138
4627
2526
-8478
9762
-6463
2058
2161
-7707
10993
-9993
2419
5424
-8347
6743
-6304
5247
4770
-11431
9774
-3536
296
3900
-10546
11602
-7705
-1823
5281
-7182
8534
-8625
1544
8449
-10055
4911
-2220
1634
5719
-10521
8261
-1551
-3284
4425
-7106
8841
-3479
-4930
8156
-6293
3778
-1144
-1778
7666
-9379
3733
1978
-3774
5870
-7811
5371
694
-6354
8827
-5340
2979
-1093
-4756
9904
-9133
1463
4036
-4330
5879
-7460
2914
4810
-7747
5074
-996
302
1654
-5807
8241
-3214
-3327
3445
-4209
5631
-5655
-3903
7382
-5092
616
880
-2214
6125
-6518
2309
4484
-5025
3878
-2545
3072
1620
-7036
6351
0
-1606
1443
-3963
5932
-4697
159
3129
-5625
5569
-5921
2371
5604
-10065
6079
-948
-856
4104
-8298
8412
-1344
-4792
5620
-5957
5779
-3410
-3487
7733
-7304
3228
-434
-3228
6268
-7074
5064
2980
-6050
4700
-5591
5362
-178
-6310
7095
-6032
2248
1106
-5748
7373
-4708
-152
3963
-5237
6106
-5308
1443
4305
-8272
6307
-2209
-2289
4170
-6829
5844
-1510
-4037
6309
-6006
5707
-2352
-1364
6585
-7321
3579
-695
-905
3493
-8137
5621
-270
-2296
5759
-7437
9068
-1763
-3091
6684
-6461
6013
-3221
-2319
6085
-7710
2895
99
-2192
3979
-6849
6035
-1571
-2733
4710
-7253
6496
-4038
-2726
7753
-8734
5193
-2325
-1406
7916
-9969
6015
508
-3855
6682
-6025
4797
-842
-6740
8070
-6663
2912
-419
-4596
8533
-7061
3517
1581
-3156
5267
-6511
3609
1341
-5267
7221
-5145
2228
486
-4308
8140
-5786
1526
128
-3599
7366
-7446
2117
2306
-5547
6014
-4744
838
2135
-6194
6037
-2422
-1233
3026
-4165
7140
-3737
-1832
4923
-4359
3560
-2474
-1660
4117
-7019
3712
312
-3052
4330
-5801
6760
-462
-4211
6644
-4711
3657
-1014
-5221
8027
-6211
635
1797
-3937
5791
-6217
3864
2930
-5197
4938
-3748
1761
1929
-6546
5085
-2704
-221
1359
-4166
6467
-4112
