-369
-925
-5095
-2799
-1480
-2171
-6170
-2654
244
-3575
-4598
-2131
-969
-2917
-3513
-1279
1276
-7166
-1976
5493
-2835
-1061
4492
3758
3033
1274
6481
4138
645
4429
3336
2245
238
3030
2537
-340
-552
2308
1614
-2185
1318
402
-1871
-946
308
-1883
-4609
-1552
205
-1522
-4046
-1263
-1006
-5823
-2792
1390
-1155
-2139
1769
5069
1540
1663
6353
2991
1549
4800
4073
2430
3556
2563
1858
4938
4770
249
2749
3918
46
1436
408
-1723
-773
-2422
-3922
-1947
-3176
-2737
-1976
-2161
-1521
-4663
-2653
628
-1555
-2377
-2840
-1652
-1405
-3140
164
1315
231
3676
1950
-190
4329
2235
2743
3174
3127
3118
758
2770
1267
-251
693
926
-809
-2141
-2263
-2127
-5248
-5276
-4380
-5098
-3674
-3446
-3063
-3387
-3633
-2389
-3145
-3642
-666
-1562
-2776
1862
1883
103
1527
1200
1024
2345
3122
1928
2703
3210
2889
1306
2935
5154
3298
3811
5441
4607
2244
2286
1540
-530
-817
-378
-1642
-2768
-1964
-2091
-2691
-4809
-6585
-5707
-4871
-5746
-4678
-4487
-4549
-3921
-4233
-892
-693
-515
732
-1967
-2144
1356
-1424
581
2129
1931
3681
3111
5602
3653
4146
3907
3164
2144
3114
2613
2692
3106
2649
2225
1117
2002
754
182
-605
1011
-2309
-800
-2412
-3620
-1245
-1253
659
-3401
-2545
-2635
-2744
-1381
-2143
-2099
-1045
-346
967
2141
19
828
2809
2386
1494
2044
2243
1680
3336
5186
2922
1765
3251
2801
2674
2229
-104
-958
-317
-1877
-1989
-2311
-2766
-2154
-2760
-3104
-3840
-2666
-2348
-2695
-2164
-2994
-2531
-3184
-3698
-2813
157
214
-986
882
24
2043
416
141
1825
1419
2733
4404
5400
3335
3438
3596
2190
-117
12
2238
2095
303
49
-534
-920
-804
-1582
-1973
-2461
-2047
-1613
-2622
-3200
-1884
-2235
-4813
-4140
-3403
-4316
-3195
-2941
-3530
-2239
-696
-645
413
1719
3486
3048
1628
2476
3481
2246
2013
3945
3720
2711
1459
1031
1455
1265
2768
2404
731
1614
871
1448
65
-472
73
-932
-2021
-871
-158
-1467
-859
-2195
-2022
-1971
-1542
-1882
-1711
-1761
-2422
-1379
-437
-1611
-1027
971
174
1133
3192
2886
893
2638
2635
2494
2333
2648
2673
1210
2207
1987
1893
1829
2010
723
-361
507
1314
-598
-78
1218
-215
-1007
-302
100
-1641
-614
-776
-684
-155
-394
-399
-167
-1060
-2265
-524
266
-577
-426
-1077
-1021
1134
-190
-651
-757
-937
-404
326
366
1868
2244
538
205
1086
623
-1541
170
36
-10
-634
91
-440
-1098
-230
-1028
-1809
-2419
-1555
-1698
-2079
-1188
-1448
-2519
-235
527
-720
-2440
-1252
-822
-1872
-282
1633
-63
-877
784
1843
2004
186
878
1490
1410
1995
1461
115
596
256
-667
-1270
-1936
-808
1632
1581
-100
-59
-656
-1680
-2713
-2482
-1356
-2832
-1821
-276
-1120
-743
210
-540
-1551
1073
1413
-1607
-2746
-478
950
1474
1774
1290
249
1653
2516
526
1583
2474
866
1475
2468
-521
-439
1732
2371
-153
-1827
-526
359
648
225
1653
-65
233
830
-375
701
-308
1201
1287
-146
-1322
-3161
-1650
-2190
-3982
-1834
-80
-1126
-44
-296
-176
57
-3227
-4111
-3768
-2851
-564
323
1997
2565
-1706
-964
-2996
-6530
-7257
-4724
-514
4974
5466
5902
9257
3051
-1232
-1136
835
-1055
-1870
3020
6132
5490
6375
-4745
-4142
-5054
-5559
5477
-516
2413
4317
568
4498
-3259
-6462
2228
-3691
-1854
1897
218
1959
-3078
-3560
-547
-2414
-936
2054
1667
2795
4632
-3343
-5615
-1508
-200
704
985
1361
924
1693
-1749
-4232
-1525
-825
-947
4017
-642
55
3283
985
1439
-2996
-1943
2304
2297
3606
5008
227
-773
1194
-628
1567
1110
-2549
-222
-374
-1795
-1920
-2662
431
945
1366
439
1347
3191
2061
3760
185
-965
-27
-562
-1764
-2217
-3022
-2415
-1333
-3452
-3034
-2098
-320
-949
-1070
2355
4805
792
-649
-77
-914
11
-920
-1934
-1679
-1843
-2507
493
2305
4410
3604
-1848
-2182
-270
-1793
-3057
727
2065
2379
4840
3756
1176
-11
-571
-1459
-1566
-550
624
2696
2382
222
410
1231
-1100
-3533
214
2355
-83
-1104
705
-1761
-982
-3712
-5867
-935
568
1997
330
717
-686
-3258
-3402
4551
6585
2481
1306
1731
2516
-1547
817
641
-633
-1527
-1758
273
-111
-122
965
-1200
-4633
-2981
-3560
-1265
3377
4699
1949
-785
-3072
-1613
793
-444
680
937
-520
-3525
-1669
-1523
-1117
1445
2418
909
2922
6282
5918
4160
-2121
2958
8147
5210
1263
1964
5436
3154
-1453
-1756
511
-1945
-612
538
-589
-722
-1979
-2968
-6250
-5460
-1175
-1923
-1580
-160
730
-2145
-5648
-5271
-4254
-2785
887
2402
-1089
-27
-257
-2629
-2115
2506
4394
3925
3507
3749
4036
726
-1002
862
3180
2256
2422
1899
1687
2243
1278
-231
-1141
-3841
-2400
-1455
-1973
-844
-1827
-3282
-4353
-3633
-3267
-379
-676
749
2287
524
-2434
-4380
-1335
2227
1799
-1795
-361
1963
707
70
1306
1203
765
1040
317
303
333
3123
3125
-108
496
1254
113
200
-254
-1700
-1351
-2951
-2123
-2061
-340
-726
-2812
-3905
-5029
-3214
-3314
-3816
-2483
1726
2924
3101
697
1010
126
-1018
1890
2304
1167
2127
2243
-430
1204
2286
3289
884
1028
5115
2524
-181
-469
-1361
821
1000
1209
2626
2742
2013
-1105
-3754
-4295
-2771
-3474
-3936
-1784
-32
-423
-607
-514
-444
-501
-1193
-1669
546
2902
3998
1861
-2062
-2664
-1558
1468
2587
2403
3889
2762
305
-14
1740
1392
232
-613
-1136
-1134
-121
2074
1036
-2479
-2744
3447
2954
-982
-3264
267
3077
-1045
-1629
-1941
-2827
-3148
-1887
-310
1582
2649
548
-3168
-2413
-2080
-1860
-2012
-261
1970
320
-1754
-2775
1396
2798
2939
1898
-1043
932
3625
-392
-1323
-310
899
-206
-3219
-1896
135
-343
-2735
-1599
-746
-258
586
1549
2499
3217
1515
-564
-2277
-94
2152
192
-192
1556
1058
-1065
-933
-1881
-902
2072
750
2250
1427
1611
3600
434
-317
1606
1084
1385
880
-4051
128
-774
-2804
-2484
-2433
-1132
-2257
-3343
-943
1945
1693
1978
638
-375
-1326
-756
-1729
1217
2044
-2307
-2928
-1552
-1903
-108
531
-119
926
-1443
-658
1100
-1458
169
4157
3564
2733
1617
1564
3279
543
-1366
639
4131
4011
-202
286
753
-3156
-3913
-1478
-1277
-759
-132
1862
1462
60
20
-1275
-1727
-589
99
1439
1720
-1477
-1043
-2897
-581
1375
-1470
876
2465
-648
-833
391
-1660
560
1234
3978
2639
-823
-1178
-327
-315
-1337
423
-235
-621
-1869
-1366
-397
-741
-1369
-2156
-1801
542
-2001
-625
113
-1288
593
-1318
-601
441
-1342
-110
211
2062
6720
2246
1711
2106
1391
3266
3260
3246
1019
651
-69
-1753
-343
-1028
1596
768
-1210
-1633
-1379
1754
-379
-1394
-2243
-2847
-2583
-1705
-883
577
-4127
-2849
-1459
-3589
-1792
-3777
-1452
-372
-2110
56
1803
747
2829
408
1434
3130
-183
2606
3221
524
2363
3850
356
1397
2888
1878
-178
-112
388
-327
-51
-1497
-1164
-1841
-1569
-271
1779
-181
1757
3423
-345
-4879
-3738
2576
429
-22
-740
-351
-1569
-2762
-2139
-1938
-468
-91
-3316
-5566
-502
2229
2608
-1608
-2183
327
-1735
-2947
-601
236
-122
-823
-3191
-619
1477
3970
2363
-18
1647
3108
-216
-1742
1159
3576
3629
552
562
2834
3691
3361
4487
4326
2759
-301
1735
340
1340
1896
-1476
-572
1076
-926
-4058
-3131
-4607
-2636
-577
-2359
-2465
-3694
-6790
-4054
-2806
-2089
-41
97
-2807
-1489
2714
2598
1595
158
-426
1037
2177
477
2122
2909
699
1170
754
3006
3374
1437
2901
2092
4258
-355
-4785
-4317
-1801
984
-1541
-1934
971
594
-851
-1938
-3277
-119
2372
3737
1296
-2119
-2883
2432
1207
-2037
-719
-94
2081
-1154
2072
4810
3489
579
-267
3684
4318
-821
923
4536
1135
1333
-2292
-3010
71
2679
-429
-3000
-8079
-4798
-2201
-4408
-2780
-6075
-4070
-4380
-3279
-3495
-1690
-2542
-1533
-2313
-2338
989
1628
1954
1977
5325
-765
-1058
2287
4960
6249
1660
357
2120
3911
4129
2693
3296
5778
6064
3451
479
2519
2997
895
-3740
-1015
365
-1289
-1607
-767
1286
-3644
-5952
-7998
-4824
-1762
-2997
-2642
-2605
-2149
0
-3827
-4052
-2729
-2439
267
-1765
-1952
109
522
2043
4237
1566
4270
1875
2133
4870
4667
4930
3797
3097
3357
2296
1328
3693
1377
3843
1527
-443
-872
-615
-1350
-1813
856
662
-1747
-2512
-2116
-2491
451
-1535
833
1666
-1442
-3539
-4607
-2584
1335
-425
-1678
-1016
-2990
-1277
-1102
-170
755
621
-257
-1513
-2917
1623
3777
204
-2217
-3608
-2045
-724
-1903
-106
1760
-3582
-4752
-1482
996
1703
-378
644
3509
1287
460
1408
1047
4489
4146
2109
3636
3478
3439
2988
1304
784
2303
4498
4732
943
-822
6
376
-260
-1469
-737
-996
-2789
-2505
-713
-1445
-3921
-5722
-3343
-3855
-4049
-2938
-3288
-2912
-4827
-3626
472
465
-330
-781
-203
2916
156
-1536
-1293
-1182
1101
96
-1178
2265
1459
1473
611
-2703
-758
1039
6054
4720
3965
2165
20
-952
1308
7477
2805
2866
244
-2030
1230
1612
3622
2792
1916
387
-2732
-1719
1207
2488
-494
-2330
-5972
-4422
2783
1005
-531
1126
-361
-7156
-5203
-2464
-1575
-1683
-5367
-3440
-3586
-3515
-2564
-814
-1325
-1309
930
-152
-1706
2104
2741
1928
1842
630
3521
2450
-1381
1157
4923
1682
1376
-2489
-319
4801
3581
2724
177
1158
2842
1882
-425
2096
4100
3757
2670
-201
-1010
1335
322
-1071
500
1279
-1133
-2337
-1665
-464
1562
-2125
-2602
-1809
-3035
-1091
-3663
-2614
765
-3121
-4869
-3132
-2669
976
523
-4504
-657
2692
2073
-764
-3662
642
3350
-390
-1111
1605
1701
-1069
2217
1693
39
-688
1147
3991
5092
7534
1564
-36
-330
4774
5633
1031
-575
1196
3823
656
-4480
-2210
2061
414
-2348
-5979
-3556
412
2522
-1796
-3877
-2630
-24
-1319
-3162
-405
1316
-990
-4086
-1749
-1652
-2201
-1614
-911
774
328
-3208
-1039
2109
392
93
1515
1145
297
-894
163
-429
135
2779
4976
1187
-1076
4499
1836
2031
3077
-1473
-2673
2468
2548
-285
-803
-1576
57
279
2387
3757
2308
1082
2980
1076
2289
4912
-2084
530
786
-3125
-715
-1410
-1980
254
-1117
-1023
1357
715
13
-75
-1249
-1372
943
-4986
-3104
-2689
-3447
-2714
-2328
-3823
-4509
-2224
-3475
-962
-2577
-1266
-1648
-1125
-669
1442
1292
245
2500
3042
832
2902
4052
4428
4026
3391
4691
5168
5499
3987
2905
1597
2806
1081
758
-2209
158
2947
2152
-909
-1955
-2746
-2905
-6656
-3680
-1034
-2730
-2510
-6205
-3000
-4098
-2424
-1903
-2488
-4085
-902
-1014
-1732
904
-1736
1089
3323
-909
1176
2683
868
2779
4150
4261
2534
783
321
1627
2030
1621
-3519
-328
1594
-301
-2847
-4766
282
2070
815
-2452
-3472
-737
426
-846
-295
864
1267
1248
1720
2191
2871
2943
323
-48
1377
2742
2176
737
5116
4864
592
873
3899
1591
3282
-1212
-5118
-2088
-4974
-4576
-4195
-1806
-1048
-998
-3499
-3359
-9306
-3814
-1641
-5625
-1312
-1219
957
4292
4321
-559
1550
-1976
43
-1279
-385
1899
2566
4234
5463
5355
3515
1352
-902
3763
1508
3797
5323
7204
3786
649
-137
-146
-1124
-2478
-1029
-4241
363
-537
-3607
-2358
-4655
-3200
-3583
-3847
-2809
-1424
-74
-1423
-2717
-3481
-3462
-366
1979
3453
4583
2689
3068
-891
494
638
403
-2007
289
6108
3694
1108
-615
-2018
-3902
-2169
-2627
-702
-2079
-900
-744
-1171
-2658
-4156
-3302
-3147
-1589
-2557
3073
3316
13
2656
-518
-1584
2089
4956
6211
3651
1787
2278
1151
-821
2426
587
641
4005
1265
-325
1345
-2156
-3935
-3606
-4044
-4950
-2737
-2998
-6410
-2985
-5995
-7336
-11440
-7516
-1900
-4069
-3008
-2488
-810
813
696
-426
-212
3123
4562
4168
3249
4163
6303
3658
3204
2556
6681
3765
2267
2249
3812
5108
-685
-1347
1875
6128
2443
1948
-285
1208
2728
-987
-1634
-2226
-1830
-3013
-4144
-5583
-4252
1515
222
-4489
-1987
-438
799
1389
119
2499
4670
2687
1512
2076
2722
3552
1587
843
2284
3123
2765
-4
1878
4948
1534
-1304
-1832
-2643
4441
-585
-5586
-2394
-5064
-3803
-5629
-4507
-4650
-1009
123
-2169
-3372
-661
-2026
-5159
-584
600
4191
3601
-942
272
5718
876
684
3782
1700
3724
4726
3806
3422
2271
3393
3075
1322
5152
2712
240
-399
-2753
-2298
-3748
-5927
-7327
-4100
-2781
-4852
-6416
-9659
-6797
-6751
-6331
-4345
-5437
-2654
141
-1620
-2414
-570
0
-519
1071
5235
5722
5997
2232
872
2067
2369
2299
3107
3489
843
-843
-727
2508
-404
-792
2234
-2158
-4160
1039
-1506
-2210
1448
-3473
-4540
-2378
-2924
3812
4639
-292
2896
1876
1072
-1494
-2433
4055
6725
6171
3502
528
-1482
1276
619
-2210
1627
-1327
-1209
481
-1497
-711
211
-5242
-4350
3722
-1169
-2320
1080
85
998
2022
-4200
-2380
3317
2213
5676
2600
-2293
-217
2165
1174
-512
3703
7623
6820
1499
793
3667
2516
-686
-925
1287
-345
1189
2098
678
42
-278
-1714
-1205
199
-1077
-943
-954
-682
-2045
-8205
-5858
-3232
-3507
1118
-471
-4096
-4638
-1072
-598
258
-216
3078
4979
2686
1927
-2825
-815
269
-857
1732
4857
3665
2089
1793
2075
-1209
-530
-154
-3318
1308
598
-2331
34
-3495
-3316
-3814
-8207
1654
2290
142
-1213
-5769
-3357
458
171
-1627
981
-1079
1290
1396
-2552
1997
202
1475
5077
1268
5999
7637
2325
4853
3559
905
2499
-154
2035
3285
76
-2280
-1628
-3750
-2367
-2791
-6435
-2691
-1320
-3646
-5137
-7517
-7666
-2458
-3139
-5253
-5397
-3613
-5038
-4066
-3441
-2030
3741
3227
2054
3878
3179
2258
6770
4131
3996
8705
3542
4560
8789
5604
2500
852
-159
129
3428
5572
3511
850
1007
-1645
-3948
-1995
83
-3148
-1381
-1186
-5596
-3261
-4150
-4902
-1842
-976
-1824
663
146
-770
1777
995
-3067
1520
4481
1255
3234
1508
-1455
989
201
-811
2645
4310
3843
1514
736
-1186
-3098
-3376
-2221
-1382
1968
4797
2385
-147
-2416
-2259
-2672
-1242
-623
981
1803
-1092
799
2593
-342
-1119
414
-563
3130
6082
3180
1753
1711
-41
-828
-756
2267
5348
3098
322
-2181
-1139
-1547
1404
3638
546
-1623
-1531
-165
-2555
-199
-1846
-5017
-5335
-5443
-4038
-1473
-1008
-1480
1600
-1539
-4709
-44
2507
-1963
-307
-791
-2566
-709
2234
3657
335
1338
2592
2123
81
-1293
2347
5822
1701
-186
2934
3719
-1142
-2256
3091
3525
2362
479
100
488
3518
2037
-1792
-1261
-1604
2004
-4436
-7853
-1099
-2934
-5689
-4244
-5314
-2439
2518
-348
329
1240
-3076
-5127
-3954
-1480
836
1261
2224
2832
317
168
2252
-1322
239
5580
3025
2195
2937
2682
2301
1262
-2308
-2156
1705
1945
1202
1255
1916
1698
2565
2426
3133
3051
1944
2951
649
-108
1277
-1392
-2141
3520
5583
635
-67
485
-670
-579
-4724
-4852
-1788
-1981
-3603
-3910
-1094
-433
-3219
-4053
-3419
-3268
-2222
-1525
1098
1230
-180
-701
-919
422
4287
4635
-1744
-2975
538
208
-223
2794
4373
4421
3390
2589
-953
452
3291
-626
-256
1573
1303
1889
4431
1264
-629
-433
-2651
-1379
727
2533
-200
-1269
-910
-1256
-2808
-2480
2358
425
-1565
128
-1397
-2451
-1252
607
-581
-2607
-299
-985
-649
-1194
-4311
-2041
818
-1376
-1898
1892
-764
-2372
-1947
-1091
-285
-2002
-1498
200
1028
-1214
-2006
-1497
-833
-428
440
2101
1297
483
463
-2976
-3307
724
2255
2851
873
968
3482
472
-331
937
1087
3882
3263
2934
2955
2774
1530
248
145
-1567
178
-72
379
1749
-490
-4008
-5373
-1591
-990
-904
1836
399
-1372
-1432
-4859
-5965
-5301
-5146
-2679
-896
-704
-564
-504
-2636
-2891
-1669
1761
3725
3155
2471
3832
4044
1122
678
-638
857
3049
2635
1517
4212
4906
983
-266
1963
5457
4164
4436
4889
1379
-1626
-1937
-2433
-3113
-689
761
625
-537
-1375
-3827
-4019
-2424
-3515
-3723
-582
445
-158
1194
-1531
-6383
-9926
-6019
-3248
-2607
-592
1063
-86
-2762
-733
-1509
-1092
-238
-543
395
2825
2165
-1340
-443
3567
3762
381
1347
6044
5093
2697
4178
1545
59
-148
-521
1329
2697
3204
3690
2047
-1069
-1185
-978
-3090
-1964
330
-752
-483
-1746
-1940
849
-1133
-2781
-734
84
-1294
-2727
-3567
-1280
1517
419
-171
-1313
-2015
-2312
-2669
-2441
-2570
-2249
-775
-1926
-2628
-725
-424
1123
361
-1438
-919
-2243
-2620
1472
3108
1991
2597
3327
1387
1694
1013
-917
-781
857
2083
1106
4019
4386
3397
3699
1544
-1233
920
2742
2218
3575
3675
3698
3199
2055
915
235
-49
1273
812
-2278
-2786
-2643
-3118
-310
-1411
-4081
-427
-680
-3692
-4455
-4063
-5844
-5295
-1571
-3213
-4260
-3176
-982
-849
-2426
-2827
-3915
-1560
-125
-1252
-88
1477
3920
4537
2301
1933
728
667
1416
2660
3839
3027
4092
5245
4948
3077
3588
3109
-156
186
1793
703
357
3787
4243
2762
3564
-13
-3223
-1135
-3949
-4790
-2041
51
700
-1510
-391
-1953
-4978
-4582
-2969
-2572
-1476
-1440
-1816
481
1913
-2863
-4022
729
-1942
-3987
-66
447
-4166
207
2492
-2268
-914
2812
3030
237
696
5019
985
-2440
1217
-1098
1470
4635
2077
1410
5224
4092
-995
143
868
-623
3410
5540
1178
1231
3572
2480
-1618
-1852
-2570
-4665
-2746
-1576
-3534
-2196
925
-1270
-6613
-6204
-1296
-252
-1134
-3991
-3375
-231
-2366
-5443
-3563
-1189
-1872
-1982
-722
-732
684
1952
895
1352
2045
3565
3543
1990
3552
4625
3586
112
-2122
773
2812
1367
901
4782
6802
3573
394
-771
-245
2368
16
-2834
533
3391
-244
-3064
1005
1420
-1035
983
2697
274
2460
1375
-3334
-1166
1605
664
2049
5188
1937
-331
2118
-574
-5308
-731
900
-2815
-2693
2039
2779
-566
-1615
-2600
-3582
-5948
-3388
398
1208
3296
1173
-5725
-4344
-939
-2959
-3185
-39
-422
-3090
-1463
-830
509
1680
407
2230
3577
2580
4158
6541
4398
-169
745
2740
1640
2524
4056
2960
1511
3676
2597
-3357
281
4834
223
54
3091
-410
-1531
-1089
-2845
-3384
-3839
-3263
-2426
-3406
-5137
-3307
-2191
-3178
-3809
-3623
-3968
-2818
-3999
-4715
-40
356
-3804
-3708
38
1699
1925
1155
1377
302
-110
2241
1602
-322
675
3225
2013
-180
2035
2952
1695
1111
1375
2344
1785
852
2435
2356
2142
2036
-1201
-658
2683
65
-1507
1694
649
521
1868
640
294
2900
3201
731
344
67
-1896
-1497
-865
-1320
-325
282
-774
-2113
-495
-407
-1783
-3429
-556
2396
5
-867
2212
2082
-1321
-184
-2220
-5036
-1605
977
-1415
-3036
-105
2712
221
-556
3011
2053
-2889
-1561
2314
1720
-74
1249
2384
1352
2189
2775
577
-1868
626
1739
-2179
-3479
2173
5215
3645
1526
-156
2447
2307
-2353
-944
1386
2441
1093
-1017
1970
3196
1642
-937
-1542
-4426
-3486
-681
-1982
-1051
1607
831
-357
-1041
-968
-1105
-4578
-3357
-1333
-2667
-3469
-1215
-1167
-2495
-1423
-1245
-3071
-1887
-1113
-2036
-1672
-194
2661
2841
2455
1831
1746
1082
987
3544
2151
1707
3746
1168
869
3619
3768
2337
2762
4018
1449
-1532
935
816
-1368
-366
-1188
-2734
-1337
-511
-2553
-4003
-4832
-5184
-4647
-1777
-1511
-2290
-605
-151
-2779
-2168
-422
-2814
-2364
-1209
-1517
-368
1151
-50
-90
2117
2384
41
576
2604
2436
2103
2978
1626
-799
1800
3478
2963
1842
1793
1379
274
1514
472
-1740
755
4104
2282
-892
1632
1322
-2423
-937
573
-1502
-3363
-518
1060
-192
-545
-164
-935
-895
1018
579
-1318
546
2035
-1506
-1547
1891
2617
2220
1299
-641
-1928
-2440
-2410
-1637
-1052
-629
360
1493
762
-225
-151
-1741
-3197
-1870
268
-1175
-3813
-621
4159
-141
-5711
-758
2849
-1465
367
2455
-2239
-786
3540
1879
594
2381
1578
2848
4044
721
-686
1272
2248
1559
3097
4075
3501
2412
839
55
-75
-1181
-2230
-2364
-2337
-1337
-1758
-2336
-2142
-2245
-1379
-2158
-4019
-3359
-3241
-3407
-5183
-3964
-1666
-3882
-3576
-903
-24
-2908
-1144
-340
-3711
-1122
2992
2143
-149
1267
1553
372
-160
-51
-54
139
1830
1213
0
1811
3303
1255
337
2299
3995
2201
836
2202
497
39
949
-735
-2714
-767
1484
-1039
-2690
-568
148
-2060
-1582
302
-1552
-2175
-319
658
1143
-899
-2475
-1173
1813
474
-1188
584
31
-7
903
-238
-1690
628
2947
919
-2575
-765
957
-964
281
3677
2466
-878
1437
2307
-1171
-2859
-1223
-323
412
1849
352
-469
2102
3843
1846
75
-50
1088
2251
1883
-1255
-1456
2015
1561
-657
-1529
-455
-2
-563
-783
-763
-441
-423
-581
735
586
1098
1523
-492
-1411
-2207
-1821
-1144
-1989
-2350
939
783
-1637
-1052
-1388
-2840
-1727
-79
-1337
255
2372
1883
1392
2082
1274
-1798
-2623
-759
942
2438
-47
-1398
2888
3158
481
246
2076
1137
-130
654
901
-257
-79
1756
-1389
-4335
-474
2401
375
-1727
-2713
-2630
-895
-356
-368
1057
1895
-420
-2297
-1463
-1895
-1970
-2912
-2581
-566
-1190
-2310
721
1523
-88
-286
-1236
-293
88
171
771
377
1264
2794
533
3
1732
1922
1617
1244
662
-288
1318
3684
2138
1459
3078
3021
1475
-373
-1107
-1034
813
2524
1859
601
78
1160
2220
-36
-1453
-235
1052
-458
-3130
-2099
-1345
-2139
-172
1206
-1491
-1326
34
-2188
-2074
601
-967
-3574
-992
1672
514
-1330
-540
-282
-1338
-1215
-2078
-2215
1338
4122
1629
-411
1491
1140
-199
843
1145
1400
2790
2201
207
142
2025
2990
1227
560
1680
1830
831
-232
-800
-347
768
710
-89
386
773
618
105
-904
-2515
-3717
-2139
-602
-613
-1157
-1012
-804
-566
284
-6
-1928
-2046
381
274
-1677
-1078
688
190
446
2482
675
-2032
-875
866
1372
907
1187
1696
2445
2629
162
-804
-403
-86
464
590
901
597
807
1889
956
-255
-172
436
-645
-2294
-1190
848
696
-839
-888
43
-200
-1750
-934
-447
-965
-100
208
-1088
-1544
471
1252
-319
-966
128
1188
484
-1916
-2151
389
641
-540
138
665
613
-118
128
85
-36
-198
-289
752
-223
315
706
-778
-218
1896
836
-1819
-453
306
485
1135
500
1034
931
1813
3785
1015
26
1992
795
-230
1212
1127
225
2597
1913
-563
340
455
-1495
-1424
-1027
-1875
-1273
-1057
-1704
-1101
-696
-1430
-1919
-1869
-2118
-2551
-1884
-1491
-1634
-2630
-2500
-1218
-1454
-582
1710
1319
-1831
-825
2578
2579
1465
1289
2357
3048
1923
236
728
1379
1738
1893
619
953
2831
2232
940
1233
877
881
1261
1323
470
488
-444
-1555
-255
129
-40
-71
-1607
-1674
495
-544
-2082
-2629
-1509
-458
-2357
-1289
865
750
-926
-1137
-1181
-2887
-1967
-1632
-1582
-984
-113
-445
-1635
167
993
267
274
72
-359
-217
256
1358
400
-927
-344
-264
-1036
-660
1668
2029
-296
-66
1470
159
54
1350
1018
294
538
1038
-266
-1378
1212
1936
-883
-199
1635
27
-1544
-863
443
938
216
-1276
-1184
570
947
165
60
339
-808
-1093
-1064
-1592
-1384
-2377
-1958
-1425
-1515
-567
1027
-137
-1530
490
-211
-2053
-1363
298
1805
1638
-359
-97
1368
1074
-48
-1087
-1291
914
1612
-251
863
2324
251
-1211
496
1609
1043
52
-670
831
1884
583
430
-37
-560
847
468
-867
-298
1101
144
-2201
-1192
201
802
464
203
1072
-125
-441
1012
-360
-1389
81
-1611
-4381
-1173
2385
280
-1041
1111
91
-2130
-1207
-585
-267
-335
831
647
-211
716
996
-520
-1401
-970
-1114
-733
-29
292
787
2159
1689
-88
1049
3459
673
-878
1299
1470
593
751
1220
252
-1179
-1700
-1334
-1656
-1118
-1193
-823
1053
650
1335
1601
-754
-2232
-1571
-647
-1952
-1783
-447
-578
-2017
-3160
-1212
-29
-1917
-2379
-1177
151
892
1338
1544
-40
-177
1184
1645
1748
1238
885
-202
-1244
483
296
-1846
737
2283
267
228
-141
-606
2064
2988
748
259
1251
1168
447
1467
853
-988
-964
-1089
-1860
-1685
-87
-157
-940
-1260
-1182
639
1057
818
1901
1855
69
-1742
-608
2038
457
-1305
732
1174
-1383
-3189
-3122
-2094
51
930
-755
-1277
190
590
2055
2780
415
-503
-892
-2313
-1258
254
837
1030
-350
-1933
-499
1661
1523
619
442
1242
-488
-249
2730
4182
2809
990
736
287
633
1275
925
485
1787
1865
-317
-1077
-266
599
742
-289
-1459
-800
919
291
-710
-339
49
-199
-448
-358
404
129
-2670
-2688
-77
-570
-2603
-2989
-2338
322
1272
-1632
-1614
104
-430
716
1073
-530
1132
2012
-1020
-1036
36
271
1409
-704
-1594
132
1354
-85
-1544
0
1541
1915
486
-324
110
1567
1398
6
-96
619
659
-306
-211
504
677
-412
-899
-964
-755
50
-1321
-2277
919
2001
-1167
-1842
333
1160
1595
1532
-1229
-2426
568
913
-1486
-814
663
1096
83
-498
-97
-1584
-1007
1688
655
-1107
-363
-42
451
1576
1315
-1090
-1531
593
-729
-487
89
240
1236
1559
2244
-324
-952
536
1602
1711
1128
465
-179
652
1440
1090
1126
1825
938
1211
1963
1186
331
651
971
-215
-2071
-2388
-261
799
-396
-2251
-1393
321
-1086
-1127
462
770
-223
-1717
-1371
-550
-1044
-1695
489
1148
-1178
-972
299
1268
2086
2167
298
720
1950
139
717
393
-1238
240
644
-780
-1270
1730
3165
664
-516
-718
-50
-127
978
664
-378
493
-51
-362
-458
1025
56
-2854
-1094
193
-675
-350
-699
-2054
-1707
-1828
-2747
-1059
-29
-663
-1477
-1974
-653
1197
-191
537
634
-723
585
-730
-1891
-1888
-1019
-30
118
-531
836
1992
330
-922
-403
2558
1860
-1268
624
1979
-219
-681
-312
-757
-404
1271
1797
-1
665
2652
1913
1007
953
1032
1294
1378
778
660
-782
-1292
322
564
379
-879
-1543
590
1276
-1138
-659
1068
1064
-126
-647
-185
1127
2722
-1084
-4312
-3437
-503
-325
-2025
-1656
-2095
-2019
-1451
-273
1041
1237
1994
2385
494
136
650
1160
2969
3138
1127
1399
1401
570
2274
1515
581
483
-733
326
1778
1670
444
1555
2837
106
-1663
-150
1664
329
-2281
-3600
-1847
534
181
166
-1674
-2874
-363
-452
75
268
-1155
-1035
-184
619
793
-487
-2622
-724
346
-391
-523
-1391
-2039
-598
437
-2363
-3599
-1988
-662
1037
1317
108
-1003
4
60
1237
3447
-269
-17
1417
668
1007
-73
-861
1450
2210
-1023
-2180
-712
587
1722
2249
-386
-1550
369
542
600
2107
247
-1031
-879
-1012
-1338
-3210
-2088
236
-340
-2343
-1922
-1112
-2677
-873
1209
-228
-972
-1108
-1651
-1653
402
740
-1702
-1219
413
-205
-141
1126
1216
325
1373
2184
2404
1020
189
2347
1989
2348
1842
-1753
-772
1819
1173
729
1113
1022
141
943
1216
360
1010
633
-79
-437
0
-549
-1414
-1038
-600
1129
-1130
-2068
970
474
-381
-459
302
-151
-923
106
1731
1290
-1070
-1275
-419
-574
-2285
-1216
305
-1750
-1765
-1093
-1360
-565
-1374
-1076
1162
268
-1024
882
603
-263
290
-1098
75
883
-1400
2029
4270
-348
-1630
-294
813
1620
999
1497
2406
2225
1453
-74
1433
3658
2351
-1098
-2250
-1117
-175
427
-499
-1065
-1326
-390
-1386
-2598
-665
-611
-2458
-3640
-3873
-1679
-1395
-2722
-2468
-2679
-2722
-1398
-1282
-2834
292
1715
227
1355
1138
8
-328
-1061
1239
2087
-1078
-1907
398
1933
706
-206
1315
1968
1176
611
-380
1509
1751
1063
1414
1150
533
-131
430
1201
1563
76
-307
-237
-971
-1014
144
440
-2870
-2040
-189
-2644
-2480
-985
-903
-1518
-1087
-1852
-1460
1193
1328
-195
-2174
-447
2126
265
-861
1298
2348
619
425
647
1175
2853
7
-869
2429
1821
-442
757
3358
1371
-919
1034
1078
-72
603
-386
-1014
-38
1047
57
-1181
704
1690
746
-988
-1516
193
2534
1767
-3207
-2026
2786
1232
-592
-1314
0
862
73
-49
-1620
-296
786
-154
269
965
-1634
-794
1854
688
1361
-303
-2217
-1699
-1445
491
164
-2250
-2496
-461
1522
-440
-1013
-336
742
1657
-409
-3441
-913
2770
1573
1938
966
366
1514
1848
2216
2623
1162
-1000
-811
551
1731
1810
722
1807
-318
-3122
0
-1831
-2349
777
75
-1686
-1372
984
1342
275
-2186
138
-38
-3948
-2779
-849
1115
-241
521
-218
-2391
-1964
-2090
-594
-1126
743
362
-2244
831
3408
1699
803
3788
1887
-1936
131
2024
2633
3313
506
-1027
-1298
-1227
1983
2114
654
1954
481
-491
2686
3724
2076
1264
3423
2404
-2230
-4768
-1747
3295
275
-3002
-2392
-2115
-538
433
-4
-1747
-3193
-501
1021
-2243
-114
-532
-1190
852
-2065
-749
-188
-2065
-1632
2159
3488
-499
-1492
-616
2358
6401
4329
566
2235
4057
1598
1157
375
1553
4546
739
-1115
715
889
1057
-337
-1504
-1262
-261
-555
-2176
62
-176
1196
1519
-3635
-3679
422
-829
-4331
-1617
1061
1582
-1454
-3401
-330
2703
80
-2960
214
995
106
-183
-1658
1346
2975
-535
-2068
-4
3728
1660
-2990
-2272
1026
2660
1953
-947
-1519
-710
-724
-231
-2440
-1714
2104
2163
-289
329
1923
985
-768
-62
2094
1621
-2023
-3684
2704
6152
104
-3498
-1697
554
2183
776
-822
76
965
-1577
-2521
-2038
-1665
1255
-2014
-5371
-1364
-1757
-2272
2510
-714
-1768
2455
1093
1110
1497
876
1168
8
-725
494
2198
-521
-2171
2312
1988
-1135
-556
-586
-456
1589
3122
2341
937
2863
3388
-201
-818
2603
2245
-2318
-2612
-1456
-1841
-1242
-1638
-3743
-4400
-2429
-654
-2518
-838
3131
183
-674
1314
1850
3414
3519
-1484
-3065
707
-70
-1925
371
4152
2202
-3102
-1092
2154
2219
2378
2140
-674
-2738
364
101
-846
1130
-278
-3316
-2689
-629
-74
308
31
-94
-101
-212
-730
-875
633
432
-284
-2167
-4002
-2035
43
451
-1171
-51
2029
1041
1073
1082
909
73
223
1081
-26
-23
1396
2534
-581
-166
73
-2227
1397
1229
-1531
-1558
832
1905
1378
-274
314
-119
-4339
-2642
-2174
-3159
-1343
402
-1790
-3310
-199
3
-2030
-1758
385
-690
-1406
2759
3379
262
1525
4861
3543
-360
626
1414
-199
500
1307
-484
-2561
-2972
28
3333
101
-2764
-1936
860
1275
-2507
-1232
570
-1641
-2538
-3884
-4051
-2187
-631
653
-1302
-1707
181
-934
-260
3888
2993
-819
1539
3472
2197
1815
2813
2538
3880
4278
1056
-391
-49
2666
2731
-1101
-4669
-3748
-97
904
-1696
-2180
562
-465
-4677
-3811
1466
-68
-3215
-2034
-3827
-2408
1284
-1557
-681
3480
1920
-2890
-1663
3097
1556
1505
4512
2714
1905
3586
1993
-55
673
2411
2926
-910
-1178
2491
2210
1912
52
-466
156
91
-2526
-2740
1314
221
-2135
-1828
-1052
-1383
80
-1024
-980
2813
1757
-3034
-4144
-68
1291
-945
-2899
-342
2032
356
-200
-158
65
1542
1760
-209
-1360
161
551
-871
1151
1438
-1089
-1129
14
376
2276
338
-3996
-1306
2302
1501
-2070
-2236
-1365
-976
39
-391
726
-52
-684
-196
-1360
700
3019
-319
-2273
1444
1848
1512
2261
1049
1016
376
-187
-844
-18
1896
528
516
1033
993
1346
-1370
-2675
-1030
754
-418
-3337
-1692
1137
-1213
-4019
-2106
253
-1006
-2999
-1535
-218
-58
257
-1032
-488
1755
1664
-669
-634
2843
2969
2269
3498
2794
1621
110
-286
119
-1090
-2324
-352
-524
-1639
618
-108
-1102
-2120
-490
2887
2092
-661
-1666
394
1971
1172
751
980
-81
865
1651
1047
2724
973
-1160
1356
1749
3181
2419
1180
882
-1000
263
1177
1250
-315
-1438
-934
-1739
-2367
-1182
-253
-334
-3063
-6013
-2737
733
-1283
-2108
-936
734
843
-1236
581
2621
-138
-1851
193
1230
1698
2610
2811
4408
4778
1536
-1060
-256
2172
1642
-836
-1062
1037
417
310
71
-1032
-1479
-935
-167
-3421
-1523
481
-230
314
-1587
-1069
984
-2854
-2193
1799
466
-1653
-2033
-1384
-605
1628
555
-1378
-1513
282
205
-1403
-1598
606
2212
-366
-33
2499
1078
-854
1521
3648
3399
1575
-377
-2078
31
1410
1461
1556
-1366
-2135
143
448
-1758
188
1947
494
-1472
496
734
-433
-2278
-2105
891
-999
-2555
-1948
-2103
-2483
768
-1320
-2129
-764
-1689
250
1050
-8
1938
3052
601
1152
1339
-1639
-1770
2465
-453
-4127
-1548
-1449
-1345
957
97
-12
467
-506
101
-36
557
895
-5
-1081
-900
-390
-554
1809
2870
188
-360
1992
2577
3319
4820
3344
1072
350
1395
3080
1498
-92
-1016
-1722
-2738
-4591
-2085
-862
-1823
-2652
-4680
-3501
215
1420
130
-1777
-554
722
-2028
-2041
986
1791
492
171
-151
-1737
-383
5269
5561
1856
1726
1313
210
1708
3688
2271
2213
-535
-2434
-75
-1010
-606
-304
444
762
-611
-3415
-4112
565
1517
-2033
-3462
-2868
-1628
-201
213
681
1612
1684
-470
-1024
211
1057
1120
43
-388
161
-716
-1855
-422
-257
342
2355
-775
-2431
-264
486
-1214
-2990
-1082
-1327
-3688
-3501
53
1230
-1631
-3032
-1721
-545
-263
-527
-1752
791
3493
3611
1434
82
1504
2698
2760
2434
3343
2979
2332
2342
3398
1944
2791
3899
575
-1967
-1499
-1461
-3358
-3308
-3079
-2036
-3226
-4983
-3311
-1848
-2068
-1361
-2687
-3173
-583
-548
-1549
-1212
-63
1448
-107
-1765
764
3790
1828
432
2014
1610
1674
2903
3996
2986
4802
5897
3769
4789
6304
4153
1941
735
1056
500
-1560
-1159
-667
-1139
-2672
-3813
-4608
-385
1437
-3293
-4352
-1541
664
-2077
-4236
-2734
-1518
-2415
-2762
-1876
-392
-102
-1347
-1885
-2945
-1317
2738
3619
2075
2387
3120
2007
901
3843
4887
2399
408
-211
286
-33
831
-52
-1511
109
845
-1665
-3267
-999
1748
1317
-366
-2392
-1566
455
-188
363
691
465
612
415
-819
-800
748
616
927
2833
2252
771
1219
2034
2140
1290
1612
1211
-1991
-624
3215
521
-598
406
-245
-2261
-2313
-501
-1861
-1582
-1894
-2299
-1364
-1948
-1378
396
147
-504
-2082
-2687
279
462
-876
-630
255
42
-1124
-2085
-725
541
-680
-230
3281
2831
-684
3054
4357
1470
1678
3258
1786
323
1560
1468
710
1059
1738
-617
-1228
384
1075
-176
-285
1137
785
-1263
-945
-1386
-2421
-1118
-1946
-2204
-1457
-1261
-2320
-2869
-2984
-565
412
101
1235
883
-564
-1400
-347
439
2393
2853
-952
-3003
816
2188
93
897
998
472
-95
-16
2086
1486
781
658
848
288
-1351
-1536
-380
711
-663
-1690
-508
751
-1396
-1730
618
2475
1059
1006
3204
1675
392
1408
2388
-1061
-903
-653
-2045
-2750
-2959
-1524
-1736
-1964
-3104
-552
-612
-4735
-3242
144
-1014
-3860
-1589
1014
-1741
-1348
993
497
2288
4138
908
-340
2348
4814
2094
549
3720
3385
705
-1057
740
1287
201
50
-158
-1917
-2706
-1669
-162
-438
-600
-2026
-5384
-5058
-2051
115
-1362
-5263
-4517
81
-181
-2621
-1875
289
-256
-1402
-648
1762
3481
3173
2314
2482
2450
401
-1646
-21
1815
1195
-662
-842
1239
2155
250
-2198
-756
-894
-3446
-3500
-1349
-737
1390
951
-2872
-3676
-2168
-1293
-2112
269
334
-1551
-897
1160
1434
1034
1933
1867
179
-328
2233
526
-1470
1489
3544
1529
-632
2619
3867
1227
2013
2428
840
-618
1574
1293
-1252
-1912
-1332
-951
-3905
-2184
76
-1307
-4757
-3299
618
-1939
-2413
481
-1131
-3265
-1259
-406
-760
51
1725
1137
113
1906
3425
3514
5159
6000
3739
2839
1686
496
2769
3853
-1009
-4730
-1991
742
357
-2588
-4460
-2977
-2678
-3022
-2675
-1589
-296
-3414
-5340
-2564
-416
-1616
-3132
-1206
996
263
-91
1964
1404
1474
2136
818
786
2319
3182
2601
2459
3079
4033
3811
1937
1155
2545
1305
-2166
-1575
1263
195
-853
-2127
-2685
-932
-1979
-3462
-2765
404
-1722
-5559
-3572
-646
1162
685
-1440
-612
772
-1006
-1076
1117
3308
1362
-791
1302
4477
2231
-319
759
577
1608
902
265
-67
-83
623
1967
1987
498
-1119
-1879
161
-423
-868
-974
-1679
404
567
-281
261
993
769
-742
-155
1766
1573
607
2212
1636
-941
50
1367
-677
133
2895
668
-2424
507
3589
1050
101
777
-19
-1634
-563
484
-451
467
1417
-2628
-3978
643
459
-2393
-2960
-1183
-2354
-3813
-2765
-1730
-233
-1083
-2882
-2311
780
1209
-1525
1308
3661
1693
1968
3924
5726
5385
5455
3641
2287
4425
5850
3418
2023
4014
3340
1200
2706
2525
-122
-1072
-2460
-4797
-4800
-2033
-4809
-6110
-3891
-2560
-4365
-4294
-2137
-4973
-5870
-2866
-1374
-1541
315
1054
-979
1237
6948
5395
3491
4575
5560
5059
5577
7601
5911
6378
7485
4412
3465
5723
4090
2194
1234
940
-1795
-2833
-667
-1755
-2842
-5309
-7024
-5809
-4965
-5666
-6262
-4737
-2291
-3919
-5044
-1834
-1165
-2503
-594
204
-1074
-876
1020
1098
427
2578
2913
901
1404
2835
2599
3570
3379
2517
2835
1466
338
-848
-1136
149
-2413
-4545
-4297
-1683
-1941
-3023
-660
197
-842
-1188
1041
453
1
739
1440
191
556
3223
1410
125
2118
2015
1244
2560
2123
485
1251
3423
3085
1828
3006
2115
-80
-712
-2551
-2292
-2435
-2481
-2373
-3179
-3697
-3398
-1765
-2519
-3373
-2846
-1821
-4237
-2940
1510
633
-1087
1102
1797
-565
-167
466
858
624
2339
1884
1334
4900
6084
2730
1949
3785
2559
-143
-212
1162
-559
899
1676
-1052
-1674
1538
925
-3447
-1836
-925
-3100
-1435
-1169
-2446
-1462
-1203
-2126
-902
1195
-384
-928
-731
-389
250
949
1119
-92
1049
736
-2801
-2655
1030
2779
-50
-1667
-896
-840
37
475
-1328
-2890
-993
-2784
-4185
-846
695
-699
-1925
-1140
-673
268
2065
1268
-1048
169
1730
-1234
-142
4875
3938
587
1416
2218
1857
3784
3019
1652
2978
5135
3529
2423
3455
2693
1743
-295
-1342
-12
410
-3719
-3795
-667
-760
-2863
-5241
-4895
-3040
-3519
-5205
-3978
-1487
-843
-3083
-3005
-2064
-2306
-2359
-995
-1276
-2036
344
951
-1104
2412
6832
3228
2684
5361
5298
4189
5543
4691
2792
3304
4941
1713
753
4259
1136
-1469
-854
-33
-776
-2127
-1564
-1997
-4121
-1789
-1813
-4882
-3404
-1818
-5343
-6408
-4276
-2682
-1762
-3246
-2793
-1248
-845
-2148
-1857
1933
1553
-973
507
820
666
1517
1018
-124
-568
-21
-595
-2023
-105
895
783
778
-59
881
386
-713
-1376
-828
-2099
-1777
440
-539
-646
1038
1599
-447
-442
3019
1831
-1159
1295
3571
4336
2096
1384
1822
1133
3467
3595
942
893
1702
224
1024
2355
2203
2249
95
-635
671
-698
-1061
-2167
-2720
-2147
-2272
-3164
-3132
501
-1020
-3704
-3643
-1533
128
-1490
-2996
-2845
-275
-1600
-2055
-743
-1483
-2088
-1724
-468
-599
2276
3247
1071
1448
2951
4848
4157
2956
3034
2001
1778
1270
3251
2697
1857
1551
-1360
-913
-703
-69
-1508
-170
-88
-1076
-1157
-2567
-150
203
-2591
-3280
-2451
-2246
-2214
-1320
76
-1043
-630
364
533
93
1422
1361
-1168
189
1737
632
-4
2391
2095
81
2004
771
-916
1367
154
-2676
-898
1747
-546
-2572
-1008
233
-1360
-1479
919
-349
-75
1225
729
604
517
2450
1561
2361
2990
902
566
1213
1119
-378
756
1522
-29
-929
-171
-1463
-1865
-983
-2429
-4073
-3961
-2797
-2488
-2291
-2482
-3064
-3612
-4214
-4007
-1613
-280
-657
-1513
-25
1676
259
2112
3275
2130
2825
3191
3748
2124
2991
4441
1315
1812
1974
980
309
-83
326
-1373
-1753
130
484
-733
-230
-1646
-3731
-2430
-3403
-3679
-2126
-538
-2056
-2329
1066
-293
419
2745
579
-1059
2062
3320
1797
1118
1856
1592
1396
1754
217
159
1807
-161
-2286
-774
448
-550
-774
1049
1020
776
-254
1091
1200
1782
2103
1422
2062
1814
3655
1973
122
1326
-123
-558
101
-1511
-1474
-2353
-2118
-2655
-3936
-2837
-3822
-3493
-3382
-2991
-2248
-3774
-2595
44
380
-436
-91
-203
1373
2501
2077
3340
3750
4115
3759
4080
6022
6424
4808
2465
3014
2769
-743
-519
-62
-1874
-3481
-4787
-6162
-6199
-5361
-4363
-5571
-7522
-4765
-2420
-2132
-3432
-1858
-527
-1451
-453
-888
-17
1014
1270
747
2051
3983
2730
2638
3856
2428
935
1294
1209
218
534
2654
793
-208
1090
1238
-55
-498
793
1650
318
767
2272
699
1353
2652
2067
779
2288
2306
-846
43
2128
617
1538
731
-562
1350
329
898
-562
-973
-7
-1592
-1199
-638
-2245
-3394
-1834
-1291
-2273
-2135
-752
-1216
580
1809
480
846
719
982
2028
232
-678
1085
198
-179
-416
-578
-350
-455
-1128
-903
-509
-1173
-331
-1010
-1214
-686
-1545
-810
-1248
-1732
-415
-1732
-828
-300
-1394
-955
-248
2527
2016
1527
2616
1801
1509
1993
906
690
1344
756
607
-621
287
1908
-722
-2066
219
-206
-1222
-790
-125
-1129
-886
1253
-648
-1631
884
182
-1479
-957
-102
-664
-2119
1728
874
-691
1007
453
2031
2757
2814
252
-189
877
834
1450
277
-125
-272
-386
197
-323
-339
-235
158
259
-404
553
343
1654
1817
1405
1734
1718
1371
1336
2740
1347
359
-308
416
-414
-1285
-1326
-3164
-3241
-2611
-1735
-2378
-4050
-2331
-1343
-3316
-3166
-2437
-1403
-769
-2333
-1266
87
34
143
-1028
1636
1480
272
2350
2126
2498
3072
2623
1376
1050
2450
2449
480
192
553
542
470
50
797
562
-23
901
608
514
735
374
107
-116
-1433
-1748
666
671
-116
-233
-1103
-1761
-364
743
-519
-216
-1126
-3207
-777
-343
-1263
-264
-2384
-2290
-10
-2008
-329
609
-2163
-115
-469
-1572
-1265
576
257
-1383
-498
-552
-1903
-1256
573
228
-298
-871
1891
3065
2911
4022
3846
3512
3560
3998
3744
3854
3296
2580
2056
731
1697
1764
-117
-723
-270
-2261
-3244
-919
-1974
-3045
-3157
-2638
-1794
-1903
-1546
-484
-1046
-1616
20
-378
-1327
-954
-306
-1020
-17
1098
-682
-366
1042
909
-179
-542
-1067
-743
-914
-1321
-356
-2579
-2702
-244
-2192
-2660
-1484
-2407
-1868
-537
-451
663
1328
-395
214
1350
2169
1551
1404
2852
3341
2317
2182
4060
1862
1162
3743
2110
234
1621
1770
1422
227
980
1546
-1142
-1472
863
376
390
97
-1150
-1411
-1841
-1505
-3031
-1864
-2719
-3777
-3065
-1670
-1712
-2444
-2540
-2908
-898
-1789
-1905
-761
-985
657
1103
408
1766
2634
2880
2878
3489
2765
2175
2895
3020
2224
1615
1947
1280
2134
3805
2624
1546
497
755
947
-971
-1852
-3251
-3312
-3365
-3287
-1821
-3817
-4027
-1151
-2513
-3092
-2827
-1829
-1726
-2309
-793
-1039
-1971
-733
1106
1193
1247
533
1305
1690
1583
2376
1985
2900
3234
808
1821
2135
380
854
635
615
-490
-780
832
135
-688
742
-851
-1859
-266
783
-382
-1023
475
-1824
-1382
1457
854
-111
444
825
1344
1374
738
799
-46
-8
-578
-782
-1337
-1306
-1064
-894
-397
-1578
-2245
-782
-221
-1064
-185
-2122
-408
1184
305
1154
220
-673
155
430
95
-31
-755
-918
-1364
-345
-612
-672
113
-513
-972
585
-1724
-1526
1172
-1091
130
-528
-647
225
-526
-1
293
-334
-295
1661
920
1729
3387
2603
1734
1673
2364
2372
1264
787
2069
2459
43
-1880
-55
691
-705
-1712
-1478
-2223
-3115
-2206
-304
-147
-2397
-1168
542
-70
777
1291
750
-402
853
1203
-1293
749
301
304
975
-652
-682
-478
502
925
1115
361
453
-600
733
1905
1452
1286
-605
45
1202
1309
788
411
387
568
557
1515
1702
1018
748
1109
-676
-1011
1236
1617
439
225
1893
-160
-1288
-927
-1223
-54
-533
-2321
-1334
-408
99
236
-1787
-1146
-336
-1205
-965
-1605
-1958
-1390
-1486
-1967
-1012
2
-1348
-1314
-191
-1240
-207
1416
-1285
-630
2202
1706
-172
-374
708
550
-145
-1504
857
1172
-689
201
832
1350
-575
-895
36
-169
978
416
-1614
-594
69
-152
-1496
-1001
292
-1153
-1844
-947
-489
-1409
563
512
-722
58
1492
144
-1126
1585
1882
96
1131
1449
2249
3541
1570
1657
2281
3474
2539
301
1337
3054
2791
445
-472
650
899
996
1467
-108
-1704
-1094
-221
-460
415
-393
-2572
-935
-998
-1079
-409
-3580
-2690
-463
-1898
-1619
468
340
-1136
-240
780
287
1382
1565
1212
2270
1462
2162
2311
63
1881
1951
44
291
-378
226
767
462
205
-547
-1135
-1472
-908
264
-1317
-2842
-2500
-2366
-971
-1538
-2068
-936
-2235
-2578
-818
-462
771
1226
-684
234
2753
1782
450
1384
1790
2042
1416
1906
1837
1039
2156
1230
-915
17
1550
215
-695
-1251
-366
-461
-2408
-944
103
-821
-2045
-2298
-899
-384
-1042
-3311
-1399
1978
225
-291
724
559
-27
116
-316
72
518
540
1719
1559
1113
1501
738
-499
179
-939
-2127
-831
-1515
-2082
-1963
-3587
-1701
204
-711
-931
-2334
-2388
-970
839
1069
-457
893
2814
2057
628
622
2580
1226
-589
1467
2294
961
741
1985
1420
-627
239
587
-1251
323
1131
-92
-851
-990
-948
-168
857
803
-771
-63
1277
-452
-415
1375
820
-185
136
1739
1465
-441
213
-628
-493
407
-700
-1759
-630
513
-1123
-2439
-2738
-3323
-1928
-1298
-2021
-1082
524
1067
1588
2382
1986
1146
1294
1816
105
1326
2983
668
471
1917
1177
-477
-450
988
-302
-2801
-2734
-1276
-1346
668
245
-2007
810
1239
-537
-1410
36
2437
1489
381
2160
2453
3552
2889
53
125
-258
-842
-121
-470
-183
-293
-1804
-806
-1591
-1480
-449
-883
-2061
-1641
-471
-3114
-2582
720
-2055
-3421
-1076
-1217
-2050
-1877
-501
-1214
-620
2117
1629
694
1280
1418
1004
979
930
-740
-63
921
1003
665
773
-268
-980
-405
-707
-695
-1908
-1270
-374
-777
-1883
-1260
841
448
-1190
-1
383
-650
-1421
879
820
-2143
-1303
518
314
-448
1850
1020
-2345
-1814
1646
1495
595
1143
908
451
1052
1224
-49
1017
25
-1172
1391
1115
1419
1179
-52
2546
1197
-1060
522
694
1210
301
-1991
-1322
22
3065
1756
-1838
-453
-114
-1762
-634
-50
626
-786
-1602
1005
1387
1387
483
-883
-1436
801
72
-1421
616
1655
2544
1998
-1974
-844
2955
2863
-1164
-2013
2020
2175
-278
-545
603
-1981
-2963
-3029
-1887
-607
-2410
-5336
-3841
443
1890
-22
-1857
-482
738
1542
815
-347
-69
2898
2571
93
1535
2590
-281
416
2693
949
238
242
1471
2268
2608
497
-2847
-2499
616
817
-1565
-2865
-1578
256
-1346
664
-745
-2343
-207
-2318
-1480
315
-557
-541
-2395
-1951
1663
1170
-122
618
-556
-1435
441
-356
-596
1038
-777
-2723
920
2104
-164
-520
-745
-1638
-1201
-231
-505
-752
-91
1374
156
-925
-419
-387
660
1422
-863
-1662
348
1169
755
1443
674
-556
-169
616
484
852
1441
-460
-271
430
312
1354
624
-1646
-927
-280
-1364
-1247
456
215
-1350
258
504
-1582
-1770
-1466
-2097
-1979
-418
307
-692
-288
2018
721
-1735
452
1067
1178
1340
467
1284
1708
998
-52
261
1223
1347
593
-18
-1367
-1034
1280
1546
-1883
-1498
1199
-405
-19
455
-2564
-2699
245
863
436
-1328
75
1837
885
293
-1883
-2325
74
2217
3377
1354
-779
-1404
-109
2882
2465
1106
-136
-120
1459
2746
1176
811
3089
1709
-1586
714
2578
-806
-2712
-1859
309
-161
-3293
-1871
-285
-2325
-1250
-2239
-3733
-2365
270
-153
-2103
-623
49
-1833
-2414
-525
-1125
-820
116
-53
632
848
30
327
545
1436
908
-1165
1283
3131
963
-2181
-2214
782
1465
676
602
-1368
-2696
-457
-28
-4730
-2055
2561
1
-1004
2481
2308
-4580
-2554
2859
1828
-2649
-2954
17
548
1148
657
-949
-2348
-176
887
-1585
-1284
663
141
665
891
323
694
2176
3086
1263
1227
1567
545
433
2144
4626
3513
396
458
1573
385
-1699
-1470
-500
-738
1513
2144
-1891
-1269
2029
1132
-2083
-2056
987
1832
-887
-926
467
-776
-590
-1200
-1234
438
359
-1097
-1194
1646
1825
778
1328
-52
2413
3565
-2423
-3485
1385
1179
574
-570
-2151
-76
2330
2618
-1866
6
2011
-1223
-366
616
2668
1030
-3315
253
2732
1429
-1478
-3910
-478
2049
151
-2918
-1568
2154
2132
-390
-309
-626
-1657
-1145
-3072
-3363
-593
-211
-1919
-1163
-379
1269
2382
-944
-2352
-1195
2898
4382
-1098
-582
2957
868
-767
870
3595
3294
-1015
-1298
-638
2105
4339
192
793
3124
469
-2337
-421
1189
17
-1442
-3475
-3620
69
1091
-2689
-3903
-1997
-1596
-1915
-3236
-799
2353
425
-371
216
1603
3706
1976
-27
2973
3887
1175
-787
1801
3886
2564
164
-2106
-1816
650
1220
-2689
-4939
-2702
1243
526
-2122
1406
2869
-90
-2426
-1578
3090
1758
-3006
-1423
1384
1511
569
-651
-975
-1076
1367
1373
320
1910
3460
3743
1579
541
629
2604
2687
-625
-1433
-398
-495
-1491
-989
1705
688
-2324
-3098
341
292
-3139
-3613
-2013
2156
1071
-1126
-1985
422
1813
-1330
-313
145
-511
1506
-1077
-3261
1265
3063
529
-1147
-142
3172
2356
-2407
-1209
2977
2402
-1001
-1075
-532
1596
2565
349
-1447
-1062
-260
-77
490
1378
3603
-1225
-2562
1671
2766
581
-361
-609
-1291
715
669
-2475
-1599
2051
327
-1029
-1717
-1199
-755
-151
-1883
-3244
-709
966
-1393
-1558
1794
-95
-3799
-2199
3336
2085
-740
-1319
-1252
-276
2169
976
-3198
-1488
2313
1223
-203
1772
624
2338
4186
1552
-500
-96
3157
-11
-2868
2282
4294
-240
-1780
2759
3754
329
-2546
-1457
346
-772
-2341
-2459
-1771
-2679
308
-412
-5034
-2403
-793
79
-674
-1403
876
387
-321
2097
2225
298
-461
-800
1943
3326
1707
-689
-1034
2906
4594
1086
436
348
1559
1998
602
1822
768
3090
3191
-862
-98
1222
-312
-2413
-1402
73
-2802
-4711
-3331
-259
927
-2056
-3614
-2292
-662
69
-322
-735
363
1646
422
-2891
-1468
3185
2527
-1098
-436
2320
2817
1665
1018
2702
3481
3654
2025
94
1266
313
-1052
-1047
-36
2359
382
-3740
-3665
-1153
330
-1506
-3699
-2715
-36
-714
-2019
-724
368
-848
-2976
-817
1248
2101
-1699
-2983
2146
2480
517
-647
1753
4014
1676
-92
-427
515
3129
1755
-1539
45
3726
2781
519
452
-362
325
348
-2150
-1034
2149
1548
-1014
-1127
327
1637
1464
-907
-371
2416
-76
-1472
710
242
159
-1941
-4051
-3077
-983
117
-2387
-5280
-2134
1236
-730
-754
1025
755
-1385
-1288
-679
-18
2475
1789
-1251
457
3260
2289
581
1633
3459
1301
34
1319
3295
2796
1081
574
-1154
-849
894
-343
-2254
-1887
-2448
-2896
-2276
-346
1726
-121
-5026
-4992
-848
2566
832
-2098
-1319
-2169
-459
414
1324
1997
-203
-3369
-3649
-342
2656
1256
-2152
-2655
-463
1716
1628
268
-823
548
695
459
827
1417
1381
2198
1868
729
-269
-1035
489
2033
1209
173
-346
-360
2912
5096
2054
-991
-185
1507
293
79
310
-2019
-2422
-2486
-1951
-1721
-2424
-2792
-2716
-2320
-1356
-2287
-334
63
-229
548
354
3619
1555
-1521
1235
2785
-1154
16
4412
3983
405
139
3529
2919
1103
1178
312
-2111
-1333
48
-936
-3986
-3911
-192
-2733
-4239
-1713
-1555
-2144
-3380
-2086
1589
1394
-1184
-1922
327
1571
630
-1747
-708
2228
699
749
1057
399
1150
2540
507
-1722
959
-85
-2113
834
-619
-2254
-3074
-3431
594
251
-2515
-3100
-1722
-134
-445
-1307
-968
-1042
385
932
-1868
-1816
-119
-554
-557
-853
-501
-144
-1073
1520
3361
1053
-1809
-103
2060
2485
3070
1550
-383
965
3483
1112
70
131
-541
644
-116
409
1344
98
-634
-515
-1341
1466
3137
-2139
-2506
15
276
-1382
-2450
193
1641
-465
-3871
-2085
1021
-1193
-934
-269
-1956
283
1790
841
607
817
1206
-540
-2633
383
1824
-223
-1143
-1236
1463
2683
2608
1730
-391
197
2347
886
-165
2824
1234
-1435
-1347
82
678
192
306
-906
-807
-654
-211
942
1267
2045
320
-2313
-1321
-192
-286
-2201
-2690
-930
-383
-1428
-2316
-2057
-1099
-607
-1085
-1431
-1678
1974
2093
257
1109
2269
1347
-730
877
2189
-182
-1830
-636
-849
421
550
-1260
-2760
-1301
1088
89
-1658
22
1186
-1464
1398
3437
18
-1530
-1674
-907
1112
-271
-3519
-2502
528
1037
-587
-2683
-2461
-228
-802
-1433
-82
-2221
-1770
1794
843
935
1413
916
552
224
1524
2227
2634
3210
2027
621
1048
1980
3453
2906
873
-480
-2530
-506
796
-41
-940
-3295
-2336
-1516
-1514
-666
-2170
-1792
-857
-1193
-701
-61
604
564
1154
-1020
-1407
440
996
-600
-863
-37
1398
937
-1568
1006
2729
1599
-181
-1625
312
3797
1866
94
1047
660
1152
3141
2580
1204
588
-205
-970
-505
1667
2544
740
-1707
-1461
-1064
-2489
-1797
1320
2534
-3363
-5796
-95
2849
2141
337
-751
-2353
-1526
-131
535
249
438
719
-1486
-2704
449
1429
-72
985
-1400
-2081
563
-276
-1219
858
2567
-260
-4126
-1552
1260
1378
640
1170
847
-734
1015
3625
3225
1813
877
-1638
-1493
-455
-1259
-460
-321
-1730
-1697
-2687
-3304
-1835
-154
-608
-2309
-2888
-623
2
813
3157
2773
-99
-2440
431
3038
1167
-598
-1303
-2354
-126
-212
-1787
-1975
-712
-740
-582
-1073
-459
3398
3698
2579
1323
2186
2453
2880
1674
1690
2427
-628
-2666
-1121
1696
2066
76
-3247
-1815
3534
2255
-1418
-281
59
36
58
-1120
-238
1078
365
-1453
-2885
-1211
983
353
-796
-1027
996
2600
746
1483
3594
3300
1080
-1283
623
2479
1960
-554
-700
784
-1218
-503
1722
632
-321
-192
-1037
-219
404
128
-586
-1804
-813
789
-1367
-2783
-873
872
1670
-140
-1372
1782
4315
2491
565
-554
556
1069
1696
113
-878
-624
-865
132
961
902
-1311
-1446
-347
1113
-395
-2216
-1111
0
-1977
-2977
-2297
-2121
-1415
-106
-1089
-1291
-26
848
2567
1354
1951
1456
1442
1899
509
1152
1103
74
4
1925
1975
-840
-1451
197
2084
965
-125
225
-536
1791
1547
591
2241
1393
-1256
-1612
1993
2676
1014
-1775
-3463
-1922
-866
-80
477
-595
-2505
-271
-617
-2042
1113
2174
-146
-2854
-1593
862
161
-616
921
372
-2352
-852
2489
2274
903
1118
424
-144
1466
1867
959
843
174
-385
245
452
1625
823
533
2289
1841
909
369
2027
2332
-1166
-1250
190
892
1855
-865
-2161
-696
-1032
-1672
-754
-2191
-3812
-2849
-3133
-1047
1010
-1245
-1975
-1669
50
1727
1040
645
-625
-2492
-3129
-609
870
-191
-1134
-1089
-2262
-1777
2563
2455
-197
1111
2045
1792
1467
1775
3041
3162
2022
185
1295
2192
1446
153
-1069
-1999
-546
1139
74
-770
-1063
-1011
-1389
-2193
-1495
321
-1935
-3251
-1011
-320
-1482
-2719
-3096
-1244
953
-393
-2410
-683
1388
1133
307
-710
974
3059
1003
-406
1151
2197
1012
233
972
1200
1445
2149
1580
-722
-548
-130
-580
-248
-398
-593
-1059
-535
122
-1184
-593
382
-315
-165
-1041
-909
628
405
801
-848
-2123
-174
-1300
-1452
-577
-2278
-2967
-2246
-1543
-1106
-281
1195
1669
2859
1067
56
2871
1967
-523
-1085
-822
427
-586
-1803
-554
-1305
-2592
-1417
1292
217
-533
-223
555
1203
1305
-156
-1527
201
1142
891
-1701
-2572
-1216
332
-414
-931
-1757
-2309
-326
683
636
-197
-439
578
1693
2535
2465
1243
187
-110
1282
118
-820
97
1360
891
-2024
-1169
1001
631
-652
-1218
-864
-352
-988
-1781
-1317
779
1251
-924
-1960
-791
549
591
89
-646
-86
-344
-742
1723
2355
1238
101
-251
1007
1591
1856
1961
1108
-42
-283
1775
1470
-154
-269
-1629
-1622
-793
-915
566
1408
-1140
-2377
-399
2297
237
-1417
444
1650
971
-839
-83
1502
2959
2936
478
-634
478
-334
756
1348
-635
-253
-939
-1149
440
984
-578
-3323
-2618
-1036
-2258
-2527
-1863
-2556
-2356
-1462
-316
-701
-1072
-376
-796
205
841
959
871
224
1748
3527
1603
2030
2314
1253
2057
3469
1722
-254
936
1376
846
-1067
-732
-372
-1434
-1881
-1416
-2102
-1779
-1624
-1509
-984
-852
-1399
-2394
-1399
-414
-910
-1766
-1126
-305
597
253
910
904
-493
379
1008
430
156
-404
-753
335
987
754
187
-938
-887
600
1383
650
530
1894
3003
2114
639
1612
1685
1196
-93
-2376
-955
-1674
-2616
-1498
-1286
-1462
-1222
182
1671
2878
652
337
3287
3767
2250
1246
835
848
726
-258
-1880
-1194
-107
-665
-378
889
2125
957
55
1649
1176
85
-228
-789
1123
-71
-2227
-2790
-2147
-578
-67
44
-1775
-1889
-443
-590
393
2026
2034
660
-266
829
2590
2501
370
-184
-126
-426
450
1055
603
-461
45
908
377
-697
-896
-376
-431
-1709
-2544
468
-118
-2167
-1044
229
-191
-799
248
631
621
230
-188
84
2129
1694
970
531
-1271
-1260
-462
111
-129
89
153
-1558
-2083
507
1504
-786
-2663
-2650
-2203
-1093
-308
-833
-673
-2160
-3221
-889
720
-362
-666
1269
2323
1364
1970
2520
1415
3397
3375
1285
1414
-43
-693
557
1013
1013
-388
245
1304
60
728
1843
330
-1020
50
84
-33
-173
-252
-321
-1790
-2867
-1839
-447
-1338
-2804
-4407
-2157
302
-1708
-1498
162
-123
1329
2375
1185
1391
3268
4778
3340
676
225
2769
3843
1988
776
1574
1765
26
1216
2338
258
-1036
-2409
-3247
-2157
-663
-668
-1913
-1937
-2049
-2016
-854
-595
-114
-1033
-2856
-4138
-1956
568
496
-39
-2039
-678
193
709
1661
1170
1332
1686
1475
306
1481
2895
1944
2181
2794
-58
-1719
963
2975
1244
-2324
-2928
-1342
-667
-2009
-1694
-787
-956
-220
-2095
-685
1711
-41
-119
1017
561
125
889
-55
168
-51
-1609
158
1119
488
-623
674
612
-585
-831
-2178
-965
341
-17
-1349
-663
428
86
-2042
-462
1434
-749
-2703
-1431
1255
-1340
-533
2013
350
-218
437
180
1655
1110
-517
370
1265
1588
-251
-1238
1256
1721
-1190
-1246
-780
-646
860
-344
-731
1808
1598
-325
-2164
288
2174
1013
677
414
-370
447
259
-887
1610
-761
-2027
176
-375
-1274
-1014
-303
79
-1878
-200
2973
2063
318
-1606
539
2176
-1547
-2917
1834
2224
453
-1569
-526
2829
255
-1956
-1102
1152
-672
-1462
-27
615
67
-994
1374
3224
1495
-556
593
989
157
-173
-602
-1380
-628
845
1183
-122
-876
395
-79
-784
1754
2607
636
-1474
-459
1462
1225
-694
-3018
-1705
-230
-1785
-3585
-2472
-4005
-4192
-1400
-2144
-4550
-3665
-2852
-195
478
-1928
-917
539
2695
2757
2373
2407
3577
3853
2722
2051
3978
3026
3795
5386
2705
1287
1648
3412
974
95
-343
-782
-564
-1654
-1588
-2158
-2914
-2092
-2045
-3611
-3713
-1754
-878
-2225
-3370
-1837
-976
-3750
-3685
-841
-642
-1914
-2294
-2859
272
1995
898
105
2287
4906
1681
1358
4361
3802
1831
1332
858
2077
522
-1685
1347
848
-2077
-123
-1047
-2004
-167
1849
3150
842
-184
973
1618
1301
-723
-1756
-191
-1174
-1805
-2251
-2286
-1291
-237
-1535
-1304
500
-534
313
192
215
2085
2306
-772
-744
1528
2526
1263
-1069
-1925
-1904
-230
489
-869
562
15
-1285
1806
2968
1052
-1411
-417
1710
1098
-787
-384
-155
-363
-1558
-1409
-2614
-2926
-330
-115
325
-1441
-1445
640
602
-807
-119
1133
1957
840
-911
2049
1597
2650
4873
678
93
828
1351
1890
439
-941
-1092
-206
254
-809
-387
276
-3043
-2874
-2007
-2075
-2498
-3628
-2453
-1663
-2282
-1930
-8
-594
-1763
-651
475
-522
-2382
-436
-109
-239
2594
1523
1219
787
1208
2534
2607
2446
1620
1832
1409
3018
2784
436
-459
98
1588
1279
-1401
-1883
515
1167
163
-2573
-2132
313
1609
-758
-3590
133
1145
-1379
-244
829
-711
-641
188
-738
-2337
-1494
481
-291
-659
517
803
1231
338
1429
2447
1335
394
351
1970
2091
619
-1075
-245
-305
-552
310
-191
-1560
258
1881
33
-1403
599
1368
592
1702
-1029
-553
1617
-406
-810
387
1196
558
-621
-1615
-1443
-158
-299
-253
-618
-2148
-2446
1087
779
-1292
-322
-1101
-557
118
482
945
1391
1055
1637
-904
-1754
1152
-241
-1410
-1903
-2967
-3194
-825
-273
-2146
-1725
1047
1134
707
452
-889
1217
2025
-150
368
273
-207
1209
1167
-111
-716
-320
584
1657
-458
1722
3187
1264
569
2061
3186
-597
-425
1478
2275
2632
-718
-1536
2095
1948
-821
-2247
-17
1469
-1008
-2931
-892
2297
1487
-1530
-1721
-454
67
-1730
-2717
-994
-1323
-610
-1253
-754
1061
104
420
1565
263
96
63
932
2270
36
-170
772
2542
2231
-529
-585
1883
1804
371
363
557
-69
-976
185
-587
-1437
-1256
-2533
-2582
-1057
-1219
-1967
-1494
81
645
-181
1013
719
-799
-44
1858
1876
389
1460
1770
-125
1861
2007
-1259
2171
2708
-1850
-1139
1371
602
-880
-325
-1713
-1620
-688
-3330
-3125
48
-1767
-6110
-3541
-1655
-2224
-1818
-2888
-1786
-265
-1856
-1771
721
-755
437
2045
1308
2011
1688
1072
2766
3866
1528
1618
3662
2581
2056
4191
3368
325
93
907
-433
-729
214
-557
-1056
417
-1308
-848
-198
2
-558
-2384
-1608
-2012
-2093
-2241
-3453
-3309
-1125
-1866
-2628
-2998
-1091
-685
-1715
-1163
1032
2341
1674
1857
3706
3777
1543
1347
676
3678
3427
1643
445
513
3121
2244
1185
-388
611
1984
-2371
-2882
2628
56
-3916
-3440
-2136
-72
-1592
-2030
-2513
-1863
-1428
-2076
-53
-1284
-2429
-1409
-511
1127
882
-1176
-317
2587
3228
3063
1894
4126
4474
1979
2423
1123
1026
847
-471
-814
-1452
-1802
-1525
-4737
-3177
-1269
-3756
-5487
-4277
-2235
-3474
-4216
-2969
92
-933
-2125
-2466
864
1784
-1584
-480
2030
979
70
3219
4135
2314
3785
4505
3018
3912
1679
2918
4747
2347
-278
-1781
166
2022
-1226
-3755
-2736
-1380
-2239
-3682
-2462
-1329
-1174
-2811
-250
300
-816
-574
-847
1131
1307
-167
-571
1126
2943
2909
953
1404
2788
2200
762
1063
1528
806
1245
1484
244
-1481
-15
1138
25
-1322
-800
-406
768
-123
-1984
-254
-139
223
327
-2162
-1085
715
-1535
-1570
-739
1404
128
-1426
-63
1064
-21
-1536
1489
1817
628
778
-812
457
1280
-383
-614
102
421
-1865
-1967
-1518
418
-1629
-1765
-1308
-1368
813
-1382
666
1918
107
-607
552
2692
3243
1130
1850
1997
1991
2516
-75
-1090
1091
2490
-693
-1231
544
-304
390
-551
-2925
-2152
-1841
-1960
-4178
-4674
-2312
-2332
-2027
-2661
-3267
-1338
-887
-932
-2814
-782
545
-803
1102
1485
1284
1690
3065
2513
2395
1693
2966
4216
3449
2795
2307
2888
2885
4187
1396
517
2511
27
596
1048
-935
-981
393
-1612
-2062
816
-1789
-2128
-1346
-3104
-3685
-2827
-2903
-3472
-3021
-2530
-1972
-1531
-631
-576
-1487
-1002
851
933
381
1288
2358
2233
3331
3771
2631
4078
4014
4044
4537
1685
2564
3538
3572
2334
-966
-1604
443
2383
-444
-2121
-163
-1169
-2828
-1165
-1239
-924
-2059
-2950
-248
-802
-1434
-675
299
-1210
-2676
632
166
60
1237
19
1158
1353
3
135
545
1218
1461
-495
-913
-1914
-1133
-1254
-4126
-3004
-2181
-3711
-4783
-3685
-1633
-2556
-3173
-2530
-1338
-479
-1043
-832
851
1476
536
1651
1037
3442
5051
3338
3527
3123
2773
4708
5494
3838
2206
2058
4153
3918
903
-356
1002
3209
930
-1364
-469
-700
-111
-3091
-3307
-2504
-2101
-4592
-4326
-3227
-3726
-2114
-3300
-2713
-1871
-918
-795
1417
-574
344
991
507
1694
321
590
702
1788
2346
1993
908
1844
3585
3798
2128
2017
2135
2041
2692
1336
-201
1532
812
-875
248
929
488
-1966
-1564
-609
-1776
-2017
-2518
-2501
-1275
-1522
-2447
-1979
309
690
-259
-1096
-1733
-1490
1844
165
-1536
-887
-1721
259
-1443
-1866
-1920
-467
216
383
-880
-567
116
-659
-743
-1919
-944
-2706
-1927
-1237
-853
-1156
-1940
-534
456
106
-485
373
1933
968
1611
1891
-986
1479
2470
3724
3010
556
1896
2785
1054
2637
2518
-711
1856
109
-413
-1177
-1483
-36
-1425
-2472
-2731
-709
-1795
902
-410
-2941
-1162
-959
1303
-1209
-430
599
-44
304
-1598
-1249
-80
1301
-414
-1587
-1214
-1061
76
-45
-664
-1029
-513
1327
716
839
4082
2212
-246
1409
3410
2034
1499
3589
2801
1619
984
878
-887
-253
1714
-1184
-2104
-1203
-375
1518
-1627
-3488
-1322
-720
-3032
-4332
-3165
-1261
-1156
-2510
-2120
-3391
-1053
-13
1046
-1461
-1379
1348
-7
2178
2818
2115
1897
4577
3712
2900
2318
2876
3365
1300
2696
109
-739
1175
39
-130
-2762
-1649
-1492
-2341
-977
-2107
-1235
-945
-1422
-2554
170
-918
-57
24
-1294
960
636
2840
1686
725
613
2268
1946
1033
1406
185
-1034
-1214
429
753
-248
-1992
-616
608
1206
-1623
-3925
-1035
549
261
-1140
-440
-348
-611
1533
-61
-2216
-21
1297
1129
-1169
-263
727
284
1191
-1561
903
-63
-395
-280
-3082
-1192
411
-570
-1755
-469
-524
166
-1136
-13
785
-83
-1109
1759
1738
-386
749
79
676
-254
1646
-465
-2571
1436
2084
-1720
-1658
81
620
420
-167
-442
-289
-722
402
-612
-714
823
791
1951
1976
1753
256
3907
3725
2769
3769
3507
2215
2978
2712
951
-1281
-3242
-1371
-192
-1918
-4037
-2289
-1009
-767
-2217
-845
-1249
738
-404
-1851
-3764
-3700
-1225
-1546
-3868
-3652
-395
-4463
-948
333
-291
1038
2949
2676
2453
4914
6100
4779
3823
4961
2207
2156
3034
1651
-193
-663
-261
-1179
-1384
-404
-2188
-1456
-88
-888
-895
-814
-1007
-3000
-2876
-921
-3514
-2575
-879
-2267
-2967
-431
324
-2915
482
1552
1670
1940
795
773
1572
368
729
2701
1854
1525
-885
680
2298
1592
1672
805
120
-85
2968
2654
-1679
564
2264
-790
-923
-1031
919
1454
-818
-940
-958
944
-1836
-223
3225
-715
-2421
-1447
-1376
-1327
-2416
-1989
-829
-4772
-2426
1382
-1169
-247
891
-453
1174
1764
2967
2442
3353
1781
35
1220
1479
2520
1039
-187
2254
1872
-2309
682
2683
2694
-2484
-730
2190
-451
276
51
1428
-980
430
1698
-1198
-482
-144
-753
-2038
-1478
-1361
-2636
417
-1148
-644
325
-3021
-2039
-2101
-1079
-810
-4610
-2752
-100
-2486
-1140
-776
-2810
-46
2693
636
-1467
1559
3329
-651
2053
4379
-345
-1149
1497
2315
979
-713
1534
924
-2172
3132
3214
1861
919
787
1598
-923
-1447
-2885
-544
-3115
-6067
-1541
-3035
-3743
-2850
-1669
-747
364
-829
-1887
1786
1522
1623
-517
219
39
-353
885
1407
-1209
-1935
576
49
-1481
-583
3454
-330
-1753
54
2003
259
-848
-200
1503
2958
1583
803
338
2130
3649
1573
-165
3314
2948
1446
2113
1484
-679
1882
1723
168
-630
720
3363
-432
-2357
-374
-109
-1399
-600
-1153
-274
109
-2309
-2222
-450
-877
-1928
-1476
-518
-2275
490
-1915
-2289
-290
-1801
-2903
-2130
190
-3333
551
-361
-304
-1079
1563
705
-1138
2761
2317
2627
-1253
2424
1532
2591
3544
1902
2041
-162
2177
1576
177
1054
2349
432
-867
-965
-556
269
-2622
-1821
-66
-3349
-4418
-1871
-2096
-3412
-3113
-3678
-5536
-2974
-444
-2515
-4753
-879
-334
-3797
-423
274
250
503
1612
-1496
-2530
1431
4852
985
-1569
3018
3054
3619
3217
4211
4535
3480
808
1310
3706
2542
2648
2072
337
373
515
3827
71
-1382
949
-86
-2721
-2791
1884
-1253
-1688
-2085
-1476
-3612
-2041
410
-1048
-2744
-2299
-1735
-2638
-685
-521
-2135
-5227
-847
306
-1622
441
185
-1450
773
1236
-1058
182
549
1812
4964
1570
-14
-871
3663
4804
872
1239
1204
2623
586
5330
3465
566
2235
2883
2667
1892
1056
754
519
-1991
108
-2157
-1635
-683
-1205
-543
-3289
-4398
-3557
-2847
-1645
-3788
-6691
-2452
-1561
-5011
-1717
642
-765
-4016
-3648
793
-926
-1798
137
-1794
-2499
2928
2465
-50
3295
5430
2527
2236
3678
2667
2506
4702
2737
-2058
2527
3240
-504
-124
2602
653
-1619
1251
3426
3633
2606
1818
1644
2567
2559
-65
-706
1744
-208
-4231
-1937
-1331
-4772
-1670
-2157
-3148
-4423
-2847
-197
-3748
-1370
-2568
-7552
-1165
2154
-4392
-4334
-1453
-1592
-1521
1990
-585
-3197
3371
5081
2247
3276
4367
3674
1806
4851
4028
889
4414
2792
206
542
899
-996
-2142
1634
1520
-2872
-1928
251
849
-1886
128
577
-1971
-337
-1356
-1006
-470
1404
90
-2209
-121
1396
638
-1136
1406
26
251
1496
-1459
-483
436
651
-2576
-775
-1561
-4348
-3032
-1328
1415
-3122
-2547
1247
187
-230
1008
-1540
-1327
3104
843
-2073
-1302
3426
3146
1794
2709
534
-1
1998
2888
1584
483
655
-426
233
3611
2496
391
662
-68
-3001
-1133
125
-1076
-806
-482
-3617
-3880
953
1128
1685
171
-2078
-482
-217
125
631
344
-9
-1857
-2069
206
-800
-1032
1692
-1595
-3394
-1406
838
2187
924
2058
-498
-3083
1358
3713
388
449
5182
3033
-3188
3107
6418
-162
200
2920
1133
-3589
1
826
165
-98
-3106
-3235
-639
1925
-790
-1610
-1680
1313
-1436
-2263
1331
804
-1769
-940
-741
-3772
-1314
-820
1750
696
-3523
992
1397
-1828
1533
1251
-1760
-2989
-1258
192
-1720
-2042
-2115
-736
1480
-1795
-611
3808
2658
2789
2415
1583
3194
2389
766
1716
0
679
357
-3436
-3234
1305
289
-3803
-2221
-2041
-2730
456
-556
-5023
-1372
-832
-1016
113
542
1774
-1557
-342
2432
2216
1691
721
1191
3880
3826
2166
2128
4414
6555
4217
2083
1600
3231
2423
415
979
-1967
-1622
-1514
-3033
-1662
-2753
-5759
-4364
-311
-2656
-3077
-40
-219
-2763
-1854
-2081
-1086
257
-2550
-1411
-3171
-4617
-1433
-95
-1329
-363
1435
201
-96
2878
3545
500
1800
2869
1734
-1394
222
6289
1776
1210
3282
1459
2046
2435
2294
820
1127
1084
-407
-346
664
2030
684
-828
1179
374
-952
363
-235
-1450
-965
-1341
-2858
-3177
-3919
-3142
-3365
-2530
-1819
-3402
-1444
-1381
-781
52
285
-515
-268
1847
863
-95
-839
-1994
-124
663
-743
75
263
552
1803
1352
2135
3044
1565
1745
2345
2632
1209
2479
1592
2363
4414
2099
1439
4414
2144
-3005
4129
4417
-2333
-1595
468
13
-5
-1248
-2241
-3652
-2764
-565
-5571
-8007
-2221
-1734
-7294
-5246
-1649
-1769
-1791
-119
-674
-912
548
235
2041
1556
2346
3626
844
264
4726
3880
680
1893
-823
1837
3259
-55
1089
2028
844
281
-1117
-1204
1481
-2117
-3957
-559
-324
-2158
-527
271
-1368
1195
-434
-996
2083
772
-846
-203
2385
68
449
-277
-1166
1226
1504
2046
-2335
1019
4545
-1156
-4469
-1387
1650
-992
-2153
-180
-2137
71
2218
-2164
765
2462
273
-236
-960
920
3031
1291
-1982
4
410
-467
3126
1001
8
1385
-1432
-1554
1801
784
71
-352
-2137
1087
1434
1253
812
545
1074
1158
716
-3891
-1808
2737
977
-1782
-1494
-2156
-1013
232
-2306
-3217
-2819
-878
-3948
-3137
1121
-1023
-3027
-1507
-1312
-3286
-1981
216
-74
-1207
1323
410
-75
2814
1873
2643
3505
1165
370
1642
827
1383
1424
837
1831
806
-799
496
87
-1029
390
-1561
-454
745
-2895
-3157
2065
-287
-3694
2156
497
-2409
2844
2249
-337
719
1055
-148
-1277
2846
860
-3331
-802
1588
-743
-3150
-414
1041
34
1315
932
-1975
-277
116
-844
-120
-350
-5
1524
2982
2167
-530
1868
3696
819
402
2905
442
-696
3735
-219
-2736
-19
1293
-1809
-411
358
-2692
1055
1042
-1450
-326
1273
401
-239
-1244
299
-591
-1805
88
-240
-2572
-2366
920
-2678
-3703
614
-2583
-3713
284
-2016
-1671
793
-1262
-221
1821
240
-157
1144
2268
3552
-111
-54
4052
1456
1820
1638
-869
870
5560
1793
-741
3721
2426
1900
2462
1221
-488
-862
-1457
-2659
-4275
-4484
-4752
-3902
-5983
-4701
-1721
-4870
-3162
-1494
-1774
-401
-442
-1177
435
2453
-25
-834
2030
890
794
1421
1157
1338
1371
2342
1886
2546
5024
4864
618
-482
2049
2449
1642
1214
271
-1076
-215
-601
-2903
-2496
1821
-1784
-4930
-39
484
-605
1501
1473
-141
1069
-292
-378
933
1824
-95
-573
1343
1425
609
-470
1731
3078
1399
-663
-110
922
640
548
-1144
-1427
-644
-1355
-103
-1411
-2804
-2018
-916
-352
-2251
-1681
-2004
-1147
-34
-3134
-1499
-1374
-2441
1144
1510
1016
116
-679
3032
2511
493
755
1165
4041
909
1177
3323
1614
2891
276
642
1933
-247
504
1018
118
736
-1375
-3295
-3553
-3243
-1422
-3691
-5256
-4338
-5510
-5237
-2117
-2582
-1277
-819
-852
-878
-157
2848
859
952
3871
3737
5419
3335
1554
7666
4359
714
2973
2894
2961
2805
1538
3623
2845
1773
1225
912
1054
179
-313
-3456
-2751
-4629
-4688
-3954
-4713
-4705
-2886
-3099
-5206
-951
-1051
-3263
-56
9
-91
1486
558
175
-527
992
2028
764
-572
133
3908
2665
2409
4192
217
-410
2538
1585
619
770
-1969
-730
-1083
-593
620
-1413
-299
1034
257
-610
1794
143
-608
2910
1078
-1240
1292
-994
-2212
756
832
-614
148
711
539
14
-231
826
-1644
-488
-439
-1534
-866
-1211
-1510
-3846
-498
294
-3754
-773
-1091
-3602
-2521
-648
-1709
-3916
392
-174
-2158
1653
1081
232
1078
990
2498
2823
2091
2921
3355
3562
4497
2461
1670
1331
176
2178
2840
336
-2243
591
520
-1345
58
-448
-866
-1412
-1372
-3328
-3260
-568
-3083
-3734
-679
-2539
-3445
-1579
-2319
-642
486
-1572
-749
1259
1110
1823
799
-1672
285
2184
197
-176
1825
117
-389
590
-65
2365
-240
-3144
1732
2654
-188
186
1574
120
1668
1528
-1434
1227
1818
-2206
-1709
-739
-2308
854
-2572
-4184
-25
-1218
-3937
-2428
1148
-676
-272
125
-818
2177
3568
1657
2585
1634
3361
3621
101
2289
3659
2936
1187
1498
1150
1786
1135
-37
-276
303
-1768
-3452
-1282
-2226
-2158
-2803
-4584
-4329
339
-1039
-3417
-1174
-224
924
264
-495
1197
1222
245
2098
1439
1887
2281
1258
2148
2663
2242
2608
2693
773
1681
2818
875
588
1133
1586
337
332
-524
-3315
-3235
-1751
-2024
-2646
-1784
-1636
-3195
-3901
-1211
-2186
-3587
-1158
-631
-2191
30
86
-1403
1189
2146
94
3426
881
-3480
1203
2013
115
-1230
-1030
1066
608
-2899
3333
2391
-1931
1333
90
-482
1910
1335
-2050
720
1094
-4080
-1843
1586
-2564
-1148
414
-1772
982
1280
650
2612
3549
1943
260
1158
2896
3508
707
390
2484
194
315
4010
860
-10
1872
-841
-1977
1959
2501
-1173
41
734
-1456
-1585
864
-432
430
331
-2281
-2854
-1364
716
-1604
-4261
-2362
-791
-3982
-2754
388
424
-880
-1454
220
-319
1850
3685
909
1147
650
-794
219
1408
1637
889
221
235
1195
1939
1274
2842
3132
1831
1346
996
-729
1088
2242
-250
-2230
-2609
68
655
525
-2163
-1021
-311
-1938
-821
123
-108
-1038
-862
-959
-1243
712
-1266
-2633
630
-1045
-2178
-1313
-865
-2042
-1253
115
-389
-279
-977
1084
399
-1507
-225
-989
-1461
-485
1659
787
-826
-1449
-1617
2322
2709
-583
417
2233
2207
1031
1597
973
1122
3224
1913
505
1071
1865
2708
1895
315
268
-1169
457
566
-1540
-2336
1228
-182
-2781
901
783
-1712
-2567
-996
882
-1128
-4941
-2580
-835
-871
-1813
-3036
-2925
-1358
-1822
-2839
-331
1919
331
-601
994
3365
3808
2135
4193
4518
2784
1349
1616
1454
-602
1370
751
-1969
-889
-1334
23
1200
-1125
-698
1290
-894
-43
3107
1986
-841
-1285
-194
615
-722
-2695
-1921
410
453
-1784
-200
-1369
1295
4595
624
-1875
-1250
582
2383
769
-994
348
-1962
-2495
1783
1445
-2550
-2576
-1504
-1387
803
639
-1635
-352
1938
2039
-538
-472
1371
1154
692
-1639
-709
781
-1782
194
742
-465
376
-1377
-1787
992
2351
248
-1041
994
1711
3373
4026
2099
1323
1825
1293
1274
2348
-1129
-644
-2121
-2967
-704
-1486
-3574
-3668
-3464
-3012
-1755
-3345
-4101
-1573
-81
-3205
-1720
-2242
-2332
386
-350
-728
-1388
-816
2482
91
-207
2427
992
1351
2276
4206
3059
2026
3906
2488
1539
2676
196
1062
2403
-23
-1343
-873
692
258
432
-2129
-1320
991
-1027
-706
-511
-1262
-1627
28
-929
-1395
-2314
-2160
-486
-3216
-3014
1045
166
-1860
256
2015
932
774
2006
-471
2826
2433
-358
2530
2662
189
-169
1475
-579
-397
1052
-323
475
1309
-181
-709
-386
36
1455
-615
-1588
1017
313
241
1610
-143
-2845
2896
1798
-2792
1401
-237
-2004
1301
1872
1962
1746
-593
1130
2160
-506
-499
1328
-770
-1908
-1135
-3256
-2271
-96
-653
-2156
-2738
-2927
-1395
914
-1642
-1624
876
-1235
-775
1647
-1565
116
1916
-2560
-2344
265
1509
2287
526
1221
4116
1193
-1148
1694
4094
-639
-2084
2474
381
852
745
-573
888
391
-518
-1483
-544
-824
-472
-5229
-3819
368
-1184
-1613
-1404
-978
-871
-66
-2465
-741
750
-1822
-1347
-1464
-4511
-210
1167
-2209
-2645
-322
996
-642
2647
3827
3856
869
802
4448
4603
3778
1407
427
2207
4210
2976
3221
1280
1865
2930
1481
33
-1292
1002
-77
-228
-813
-2523
-1527
-825
-2681
-2266
-3337
-3793
-1645
-4657
-1428
1580
-2930
-2401
337
708
8
-1483
723
1501
-716
760
989
1321
1728
41
1985
3291
-181
-897
1689
992
-496
1034
1294
-1586
-1636
462
459
-721
-508
31
-27
-1066
-802
-1600
-905
-676
-2223
-1101
-451
-804
-327
1612
289
-721
312
2329
881
657
1688
623
-2632
-1511
3512
-1177
-3163
398
409
-568
306
-718
-461
-1001
-860
815
-1252
-1531
253
595
-101
178
-419
741
962
987
2752
1732
-343
1325
3240
949
817
1545
1692
213
157
1894
-211
-58
1524
320
-338
-243
-643
-367
-848
1262
664
-1011
3505
639
-2257
1661
590
-2710
-2460
-1372
-321
-8
-2571
-3574
-48
-2734
-2812
783
-3867
-2228
1454
-560
-821
-4
-2284
79
2652
1174
2304
1649
-36
1345
3239
2135
510
-843
-1331
321
413
-1454
-1478
-425
-1243
-626
643
-1782
337
621
-2587
-496
-2020
-2996
-15
-1867
-2879
-794
806
-2434
-1463
2402
135
1008
454
854
1081
270
1884
719
-1355
1489
670
-158
1344
-119
194
-326
1913
2285
875
474
2546
2402
-273
557
1742
267
391
942
-794
504
1524
1043
-1026
-1127
-2696
-858
667
-1882
982
502
-2315
1225
3498
852
828
-1525
-482
1598
-2250
-1152
997
-1447
-344
-83
-2471
182
217
-1360
-417
-1900
-2824
1348
-9
-2152
2290
-167
-2961
1300
1511
-1658
665
857
-1504
2238
1653
-928
1971
1358
558
2203
758
1389
2432
-674
-789
2877
1001
-1317
1337
-2417
-765
1970
-2753
-769
51
-522
186
-952
-1493
-1082
-62
1217
600
-273
444
1988
1037
-1253
877
143
-1647
-235
-113
-2126
-1379
-1408
-3549
-69
1787
-2014
-1179
1789
-638
2288
-701
-1945
2108
-372
-513
-1335
-1570
1908
4406
-739
1208
3454
710
3457
4805
2064
2483
1489
-733
238
1048
-760
-2097
-1522
-5227
-4550
-3962
-3826
-4463
-5283
-3129
-1047
-3617
-6062
-623
2273
-2863
-2419
2272
-1262
1803
2629
882
3821
1738
2967
3399
1363
1986
3083
577
1423
1887
574
260
-1001
1391
1830
1725
-645
-2190
-501
1004
-707
-1125
-2269
-3104
-2374
-2914
-2562
-3145
-950
-1153
-2051
430
59
-1477
797
-684
-131
-715
-1040
495
-2193
288
2374
-98
-1491
2610
2637
-172
2733
2182
-2593
1397
2874
118
1535
1708
3233
3180
3902
3401
3001
3572
651
567
2392
1108
68
849
697
2394
651
1197
4368
-57
1151
4395
-975
-2742
1564
-1738
-3388
-516
-2902
-5481
-5182
-6387
-3916
-2499
-5843
-4416
-3913
-3274
-953
-2016
-5304
-1352
-315
-3459
-2071
1539
-1445
-1058
3753
396
1309
2691
2546
3060
3823
3623
3746
4994
5244
5619
5443
2870
2351
3062
2228
1881
-1461
-225
2212
-1677
178
1172
-3086
-2193
-494
-5676
-6080
-4664
-5402
-4832
-7004
-3374
-4161
-5826
-4969
-3525
-715
-1728
-3573
-1560
-246
1187
3732
2520
3037
1103
2989
6212
3425
1373
4646
5786
4064
3853
5142
4082
843
2507
3815
1610
-197
1368
21
1324
1624
-4216
-3225
-397
-1305
-1581
-2828
-2637
-617
-1230
-2162
-1182
97
343
189
1631
1606
-165
-815
684
-256
-625
2222
904
464
-624
1938
1057
-1036
1342
-1045
-2230
385
-2242
-3888
500
-3166
-5424
-3033
-545
394
-2135
-2835
638
999
-2513
-2074
1581
289
-486
585
-636
3345
1432
-334
4977
2552
440
5199
6088
1435
1181
3452
957
-979
3477
3535
1516
2606
-584
1025
765
-1293
-384
-1897
-1241
682
-3830
-2913
1746
-2962
-5019
-2119
-1795
-2183
0
-3425
-3031
1898
333
-2355
-1671
570
1023
-1657
-2071
1395
-62
-758
1150
-810
-1052
2781
534
-1522
2284
1984
-2282
30
2040
2048
3578
1000
2029
1533
3287
2965
-785
1094
1912
973
-1281
-2012
4931
4808
-1586
351
2452
2791
1445
-823
21
1195
-108
-2447
-3241
-130
-293
-2419
-2788
1291
2919
178
-853
394
-83
715
1000
-274
245
1480
544
-2332
215
575
705
604
-1132
-1647
2715
-284
-2843
-536
-1476
-1034
-2360
-4480
-729
329
-3355
-4008
-2626
-1815
-2025
161
-2553
37
3449
-2883
-2366
3172
-451
1404
1467
-2232
2892
5716
590
2972
5077
1939
4356
4366
2135
4022
5729
-1566
-924
980
-648
328
-567
-5198
-831
849
-4972
-1927
-2459
-3932
-434
-2877
-4379
1325
-2425
-3969
-1084
-2519
-3728
-2064
-2667
-3643
69
-2254
-3464
1228
-382
1516
4456
-1787
-210
2878
1321
2827
1427
3124
6250
3670
591
3001
5621
3084
1164
1467
3713
3703
537
-652
3609
2925
-2459
-2079
-649
46
1558
-2106
-3617
-807
-669
-875
-1476
-2101
-253
1057
-2383
-1250
805
-614
-1043
-2241
-3177
1556
383
-6070
-2690
-1310
-1588
-452
-2256
-3095
2813
3326
-2722
-942
2863
847
-922
1005
882
1543
13
-1013
1631
2773
2315
3427
463
3261
8478
2296
281
2584
2907
2834
-185
-2660
1477
2157
-1561
-772
904
1882
1728
484
1269
1785
1814
306
-1034
-2487
-1452
-673
-4103
-6603
-1956
-2154
-6966
-3795
-3997
-3795
-2597
-3476
-5547
-2713
-10
-2851
-4456
-1130
234
567
-1717
-3034
2067
1978
737
-1714
366
5411
4557
3272
4219
1936
6176
5131
-206
219
774
4158
754
-3256
451
2960
-1925
-1631
416
-1026
-61
-1179
-2878
-902
711
-1514
-3963
-1723
-223
-1124
-1053
-1955
-1490
2852
1055
-3317
-665
3203
1021
-221
65
-789
2030
-701
-1665
348
159
80
488
-1704
-246
1734
-434
-2312
-2843
-270
-63
-2531
-2935
-547
2195
22
-5993
-962
1190
-348
-958
-422
2934
549
-1279
1752
3310
16
1751
772
-1647
1396
2524
-355
-1234
1458
4301
3623
-451
1642
6469
3176
395
2206
242
1161
1602
-2113
538
2235
-2315
-3066
-814
-1578
-712
-511
-1504
-133
-179
112
-1634
-1021
31
-82
-3102
-3398
-531
-840
-710
-816
-1561
-508
3273
-1196
-2248
2068
1805
683
615
-1814
189
1520
-1953
-1689
-1942
-798
-844
-3219
-1810
306
-1336
-1653
-534
-647
-88
-188
-1168
-939
-27
-72
-279
881
739
2242
4038
2178
282
3394
3351
589
1228
1650
2353
1658
-707
1372
2747
-1238
-2391
-2464
-1693
-2339
-2931
-3562
-2964
-2898
-4584
-2555
-2468
-3789
-1474
305
-3918
-2980
760
-1252
-564
1434
2179
2832
296
1771
5635
2318
2664
3460
2446
3634
2880
-960
1513
3847
-859
-759
-1197
-1961
603
2205
-1519
-503
1351
-204
-253
471
1603
1010
759
920
1021
1213
839
2482
1470
140
47
-432
180
-2277
-694
-1220
-2731
-1135
-2933
-4345
-1850
-2391
-4070
-1661
-2796
-5823
-2009
-371
-4392
-1481
-69
-2858
1316
674
-1582
1557
2454
-416
1264
2931
1371
3055
2368
4157
4939
1506
1466
4682
3085
3562
4334
2736
1436
2323
3283
2283
-34
-1239
433
-237
-797
-342
1632
-79
-2389
-840
-821
-3009
-1179
-3314
-2049
-336
-5303
-2687
-1182
-3571
-3391
-3401
-2083
-2502
-3254
-1434
-1643
-468
1011
-104
-1473
1953
2292
426
1219
799
2138
179
-1895
2085
491
537
2206
-207
3166
3742
1766
2693
3202
3711
3017
1716
3156
1276
701
1281
-1282
-1236
82
428
1463
327
-134
1272
-473
-1544
-883
1322
668
-2357
-620
1222
-2710
-1641
802
-1144
-2694
-553
-30
-376
1435
-387
-710
-804
-660
848
-2454
-3119
1703
-169
-3984
-2017
-655
-2057
1070
77
-1041
1780
-589
325
1097
-224
2246
2269
-1392
-288
3764
2377
-714
890
2552
-121
-146
-503
900
3888
38
142
2168
1704
1986
2025
-794
-485
1059
-553
-1819
-677
1546
401
289
-1651
875
909
-3732
-692
-804
-3502
21
-795
-2321
919
-109
-1202
337
569
-186
1508
-2735
-2679
1853
-745
-4507
-2178
900
-94
-2299
-3696
-1460
-262
492
-2258
-630
3021
1229
916
3214
414
326
4377
216
-976
3012
1770
571
738
1408
1146
513
2599
-312
1780
4704
731
-20
1405
2871
1048
-3282
-562
1705
-874
-604
-762
-3721
-1012
725
-2936
-2023
1718
1743
953
-5
-2171
1486
595
-1759
-1030
778
2897
-509
-2710
-90
493
-988
-4148
-3305
-1049
-2567
163
-1527
-3350
761
1197
-2483
-25
1844
1385
1023
-1292
1671
3417
996
17
428
2894
3113
988
1831
2614
5830
5071
2972
4423
4591
5554
4247
-145
1647
3449
-320
-962
1287
1555
-1128
-2076
-2918
-1803
-2338
-5415
-5894
-4664
-5223
-5464
-5305
-5263
-6034
-7703
-4281
-3876
-8174
-6447
-1469
-3379
-4629
-1266
2267
889
-2268
3201
6165
1554
2725
5107
4623
7881
4414
3538
9958
6473
3553
5809
5830
3102
4496
5344
1921
1851
1145
-1399
603
-217
-1573
583
-4537
-5370
-3266
-4819
-2851
-3161
-8261
-3140
-447
-6200
-3757
-254
-3908
-3165
-1094
-5169
-737
1289
-3477
-1774
552
-2304
-1286
193
-243
751
1323
954
455
1850
3204
2400
222
2830
3126
38
1032
3700
369
983
3870
-1405
-555
2699
-114
-686
1580
93
2425
3467
1425
2695
2853
2734
992
590
2524
908
-2643
-1632
3184
850
-3376
-1411
653
-1166
-2441
-248
-1984
-1245
-1297
-2618
-975
-2687
-3490
-1510
-2848
-3908
-2459
-2914
-2280
-3132
-2911
-219
-596
-3062
-2434
440
-1904
-2576
-376
-518
1974
2759
809
2666
3330
1028
2848
3345
546
3281
4279
1226
3097
4177
4993
3219
2163
4419
3007
1228
2082
2184
-37
340
-624
-1322
-1773
-2089
-2439
-5588
-3784
-2811
-4936
-3996
-4310
-1882
-78
-3798
-3055
-187
-1455
-2496
-2792
-2501
-2406
-2420
-2051
-2363
-500
1461
-601
-224
2599
825
1357
2778
1503
2064
2076
1820
1986
-259
1014
3768
1610
-1620
2650
4474
1384
4944
3590
1931
5320
2695
-473
2571
1868
247
704
1099
1333
1210
-572
-3472
-462
440
-3556
-3310
-1153
-2788
-2345
-2086
-2322
-3724
-2835
-2715
-5036
-3721
-2158
-3008
-3924
-1613
-1618
-1552
-1431
-637
-1107
-1737
1146
281
-2195
2103
2764
792
2724
3696
3255
4025
1787
1485
4911
2163
-523
1737
3289
1581
1723
-1665
1441
3518
-2113
-397
1981
-250
2246
1636
-2204
396
1276
-330
-305
-705
-3061
-488
-2002
-3923
-1920
813
-1060
-2910
1748
-1691
-929
1879
-1788
-493
1016
-2459
-2790
-773
-1455
-3144
-1644
-1384
-3786
-1656
-1644
-2617
-2174
630
225
-788
1019
536
2041
1696
-773
2607
2880
182
2851
2874
3128
2439
3208
3104
3905
3673
683
3128
3456
576
2097
3981
246
2724
2745
1937
3393
179
-492
1500
-656
-4065
1042
-2658
-6162
-1054
-2570
-5291
-3144
-2981
-2099
-2185
-3863
-450
-2982
-5674
-2768
-2206
-4717
-2878
-1513
-2826
-1813
-142
-362
109
286
-419
1366
1472
2338
4966
3304
3055
5483
4201
3387
4769
3733
2324
5080
2198
376
4675
2778
112
2291
234
-878
2612
-528
-3089
1603
561
-2195
-770
-234
-1179
-2171
-2166
-3766
-1295
-2110
-2922
-2205
-5565
-2955
-933
-4835
-3281
-609
-1415
-2447
-2875
379
-112
-1943
-1810
166
1531
889
48
807
2148
818
-974
1445
818
816
5291
3733
3424
2345
3109
3766
3900
2188
828
3871
140
-1038
4683
774
-3368
852
-428
-1443
-931
-1663
-1672
-462
-1879
-1526
-2041
-2546
-1502
-720
-1164
-2300
-1104
-2064
-502
-2151
-1218
1321
187
-532
2116
1696
-1451
731
1139
-700
-1157
1812
808
-1103
780
-109
-1649
-1326
-773
-1781
-1545
-1157
-680
-136
-1108
704
1445
314
876
953
1139
2888
4675
3414
1189
1394
3019
2700
629
2769
3349
1215
833
2726
1429
-1695
1229
1143
-2774
-3202
-1388
-1352
-1673
720
-1388
-3355
-744
-1968
-1054
-2056
-4124
-2093
-1807
-2938
-3597
-2586
-1345
-1847
-1725
-1707
-770
1220
-248
-738
-72
4
-1333
-664
998
1899
2104
2386
2976
994
3561
5156
1677
3675
3995
2186
4521
1359
1037
2831
959
-931
455
1384
569
1086
-951
-772
-108
-327
-1828
-758
1620
-76
-2554
-1317
-1718
-2122
-2828
-656
-1950
-4924
-773
-2248
-2639
-439
170
-636
-785
-1482
1804
1323
-1565
800
1248
-2449
-396
938
-1900
2623
1567
-3050
108
3514
-1253
192
175
-1519
3091
687
-1937
2763
4022
185
1132
1173
916
2955
3670
1344
905
1630
416
771
-1008
171
-1287
-3494
-1560
-95
-967
-2629
-1143
-3111
-1360
1282
-2686
-4936
-65
1404
-300
-1087
-141
2201
1537
3559
4049
3036
4312
4013
1363
2759
3105
1524
1747
412
248
1303
1205
67
-1521
-1270
-1720
-3352
-3633
-2549
-2757
-3446
-3889
-3303
-2453
-3588
-3617
-3875
-1643
136
-3665
-3572
-238
-2225
24
1700
-386
332
3126
2123
2307
2335
1334
3196
2483
2357
4548
4283
3667
2492
320
3340
968
470
586
1079
429
-1960
-1796
625
-2089
-4991
-2673
-4031
-2037
-2586
-2541
-2009
-2158
-3649
-1302
-3397
-2450
1389
-1506
-1533
-1743
278
1735
1159
-835
3359
479
-136
3314
882
1445
1735
2426
1809
1440
2612
2153
-351
1120
-263
-115
-1346
-212
3222
740
2382
1367
-361
1180
-496
-1905
-1259
-1280
-1863
-1622
-344
-2100
-914
855
-928
399
-12
-2091
1594
872
-537
1713
111
2386
3492
-1243
705
3139
-1612
-1901
-1886
-2656
-569
-443
-2
-2273
-1388
689
-3449
-3267
-12
-1379
-1796
1184
-1547
-539
1229
-1888
-1564
-458
-859
-2510
-1780
499
-540
-897
2337
492
2034
4775
4387
3941
677
1570
4168
701
-887
2453
395
373
1202
415
1202
-73
-3708
-4133
-633
-1527
-3659
-1606
1215
-1318
-1604
840
-2790
-4653
-139
245
-3164
-3072
-46
1342
626
1407
2271
953
-718
442
-102
85
-442
-1438
-1384
223
551
-1147
204
-858
-1453
-590
-42
-592
1163
-328
56
971
-508
2762
2128
1596
972
1736
3843
2444
2451
2775
2940
3178
619
2577
3771
-542
742
547
-2628
-761
32
-1747
308
2862
-1091
-1592
625
-1323
-2260
-3268
-2877
-1415
-3877
-6104
-2555
-3879
-4559
-1938
-5372
-1847
-769
-2656
652
16
665
1090
1397
2424
1009
3196
3858
-828
2173
3741
1099
2327
4073
3725
1778
1443
937
20
767
4549
285
-2780
2090
2962
-6
647
1166
-810
-709
-441
1270
-590
-2337
958
1628
-3254
-2587
1551
-30
-930
-1907
-4629
-3753
-3152
-2728
-1020
-2681
-3547
5
-1480
-4177
-1451
-407
-1761
-1310
-586
685
3059
1822
681
2456
1608
-2811
2803
1830
-2100
2289
639
1812
2993
1592
2214
1944
511
2363
264
-188
1798
1890
2833
1978
1759
1862
3008
2521
538
-723
213
-1404
-284
1157
-2289
-3014
2090
-298
-3154
1433
-2913
-3686
-1611
-2394
-4258
-3384
-1235
-916
-860
-1898
-237
-382
-2171
-1089
-674
-2229
-992
716
-920
1241
3666
-177
483
3465
2895
1075
953
3059
3919
1520
-342
2536
2802
1675
2273
1990
1346
2326
3487
1674
1770
2245
4344
1680
-376
1976
1484
369
1054
683
-2428
-881
-1512
-2134
-1209
-2816
-6263
-3660
-2218
-5943
-6016
-4289
-4531
-4589
-2289
-4159
-2503
-885
-2871
-3386
-2778
-2630
-1219
1064
1757
252
2083
5444
3120
4003
3780
5193
5661
2375
5507
7932
7055
5103
4405
4138
714
-813
1189
2978
3431
560
-348
2158
570
-953
1263
-926
-5267
-3215
-3447
-5208
-3395
-1881
-4897
-6103
-2915
-4763
-3468
-683
-2446
-5217
-4302
-2156
-3052
-2725
396
626
635
3216
1741
1189
2714
5442
1557
-1183
3577
3396
711
4578
5600
-1337
135
2530
927
-791
563
1182
-341
557
2121
2834
308
-883
561
-765
-4436
-3414
-1175
222
317
-1872
-1114
2876
1083
-1941
1444
311
-1601
-1265
-1127
2617
275
-1564
3658
2167
-2791
199
1994
-376
-1578
-424
720
-1496
-2507
-154
2879
14
-1680
479
449
-1961
-2703
-2503
-1882
-1051
-3526
-1686
2178
1411
941
1758
2424
23
-1013
3223
1293
-1347
101
2950
3149
674
817
2859
3469
146
-457
1733
1540
-1670
-1684
-95
-1467
-3125
-1561
151
-207
-1686
-1652
237
-336
-1923
-1259
-98
-2409
-2004
1638
792
-873
3916
2508
-1313
1457
248
-1416
-944
-1578
-5032
-3576
-1327
-1752
36
571
-1014
-175
572
-3797
-2047
-1675
-2542
-1509
136
2327
1602
-200
1981
3579
-2649
-3358
838
3082
-289
3646
5078
2351
4868
4417
4373
2793
1598
1272
244
-1445
1251
109
76
1253
-883
17
1145
697
-2362
-2307
-1994
-5229
-4045
-538
-1204
-1525
-1296
-611
-573
-3226
-5186
-2688
-2225
-2847
-436
272
1410
1015
1444
5007
916
-1964
3621
4214
-157
1120
4799
5195
2553
1234
3454
2329
110
1537
2367
-177
-2351
-258
2666
1881
1036
-522
170
-578
474
-247
-3661
-2107
-895
-665
-1887
-1847
-2878
-377
533
-3768
-4696
-2405
-4036
-4836
-1617
-1711
-1228
1754
687
167
1975
176
110
-8
-2039
-626
3110
1588
1150
2511
-101
-453
-416
-2387
-1333
-760
-543
1827
3224
2859
-1207
-1589
1686
2910
-636
-2131
1866
1515
1088
1969
1866
-383
-443
1832
485
-773
-807
2389
1186
-2219
443
2479
-483
-300
2084
-421
-2779
-3271
-2180
-175
-1042
-2995
1102
2403
212
304
935
-846
-2337
-2337
-4787
-3787
-81
167
-1091
-1098
-510
989
1014
533
-672
-988
-1682
-2554
-680
358
699
1270
2194
2633
108
541
1804
-1150
248
840
-1333
420
3931
4448
3633
542
659
1404
-199
-1150
-3574
-790
497
437
273
690
2407
1354
-484
-817
-3228
-3609
-1386
-1780
-76
1013
1335
2155
1251
9
-798
-3420
-1703
-635
-2926
-2366
-1356
84
1602
1702
49
-1216
775
867
-1316
-1782
425
2067
1200
-404
1290
4894
2048
-465
-359
1901
-1960
-5419
-767
1925
-1714
-1292
2433
2019
621
-930
350
-1828
-859
1762
-22
-1621
1240
2497
2402
-423
-3225
-1749
-1095
-2603
-5522
-2604
-53
-1219
-1376
1608
733
172
1329
-529
224
1490
1243
1657
3213
3893
3064
1864
1576
1200
-1045
-3060
-1747
518
-1766
-2618
730
-182
-1119
1806
473
-3288
-2826
-362
83
-831
-1184
706
1227
158
783
145
-9
-534
1143
1699
535
1615
2323
2299
3206
1224
-2375
444
2180
-488
-744
1347
459
-1111
358
2599
-312
-1534
11
-1002
-2828
-1552
-105
-2237
-930
-172
-1451
301
1511
-497
-1563
-2138
-1451
-154
448
-461
-1018
779
1556
548
196
-303
-176
657
431
1343
911
2518
3658
911
814
2504
498
-1686
-567
-935
-3007
-3757
-1396
546
34
-209
661
1336
1632
721
-465
499
643
-216
1340
2045
1130
1982
633
-1598
-2003
-1248
-3252
-4664
-3218
-2777
-2808
-2029
-2263
-1454
199
-2652
-3158
-1274
-747
-1981
-648
1663
1994
3057
3653
2143
2497
4063
1677
-734
1230
5168
2503
-745
2924
3392
6
610
853
-959
-381
1901
103
-1661
-1338
-1308
-949
-2507
-1566
310
-652
-1271
-894
-2054
-1065
-1181
-2797
544
1663
-777
847
2997
997
227
-340
169
502
331
2160
2586
1668
1774
2771
411
-393
387
687
-528
-1912
-214
1464
1426
201
1449
623
-2298
-2707
-1071
-906
-1799
-1481
-925
752
719
185
606
-115
-1014
-93
-266
-1922
20
1990
92
-677
918
466
364
-293
-640
-685
-1601
-740
-319
-1118
-141
2330
653
77
1625
843
-1009
-255
180
-1144
-1696
238
1483
734
1274
792
1207
78
-1090
-547
-269
-1976
-2159
-190
103
-318
-765
-122
-531
-1593
