2100
2020
1943
1875
1805
1733
1668
1609
1555
1500
1451
1410
1366
1314
1258
1198
1137
1075
1012
950
886
822
746
664
580
502
432
358
277
197
133
79
28
-25
-91
-170
-251
-334
-414
-500
-588
-674
-762
-847
-923
-997
-1068
-1129
-1184
-1233
-1270
-1293
-1294
-1273
-1235
-1181
-1134
-1103
-1096
-1112
-1142
-1203
-1263
-1305
-1339
-1355
-1378
-1419
-1445
-1462
-1490
-1499
-1477
-1467
-1470
-1450
-1414
-1345
-1232
-1100
-960
-816
-665
-525
-399
-273
-143
-25
78
181
298
424
554
671
780
884
982
1070
1151
1234
1307
1376
1440
1497
1553
1604
1659
1727
1805
1898
2005
2115
2237
2356
2451
2519
2567
2608
2664
2741
2842
2933
2985
2997
2975
2940
2897
2866
2845
2832
2825
2821
2823
2837
2857
2884
2921
2952
2970
2958
2923
2877
2831
2799
2779
2769
2756
2738
2708
2663
2604
2535
2465
2396
2331
2275
2223
2170
2125
2086
2048
2015
1996
1983
1968
1956
1936
1915
1899
1876
1849
1828
1813
1797
1782
1772
1767
1776
1792
1805
1822
1846
1884
1931
1980
2033
2075
2097
2113
2134
2161
2182
2187
2175
2154
2133
2108
2073
2042
2016
2004
2007
2009
2014
2017
1997
1964
1908
1835
1753
1674
1621
1591
1583
1584
1573
1551
1560
1596
1623
1652
1697
1744
1798
1862
1921
1970
2017
2051
2061
2063
2056
2038
2026
2025
2021
2013
2010
2009
2014
2029
2056
2101
2170
2246
2325
2395
2454
2525
2591
2635
2618
2594
2621
2684
2760
2818
2852
2856
2822
2764
2689
2613
2557
2529
2525
2523
2503
2463
2430
2414
2400
2399
2396
2362
2337
2334
2374
2427
2473
2515
2539
2548
2517
2475
2446
2433
2412
2368
2310
2247
2202
2138
2075
2032
2020
2039
2049
2044
2036
2048
2091
2160
2237
2311
2355
2369
2345
2274
2181
2116
2068
2029
1967
1887
1847
1805
1748
1684
1638
1630
1654
1679
1708
1719
1736
1780
1836
1909
1969
2000
2013
2031
2028
2001
1949
1877
1780
1659
1554
1480
1425
1415
1453
1511
1556
1593
1579
1514
1450
1423
1443
1480
1545
1613
1674
1711
1726
1751
1785
1811
1822
1800
1787
1793
1789
1776
1743
1698
1666
1643
1614
1606
1616
1625
1624
1611
1587
1568
1565
1554
1506
1429
1340
1247
1163
1085
999
930
854
771
728
719
714
710
704
704
716
713
723
726
749
789
815
822
810
783
723
643
543
421
313
254
264
269
234
213
222
234
224
205
157
133
113
112
119
107
129
181
256
354
429
476
534
566
585
585
603
615
587
550
500
457
421
398
414
416
357
285
239
210
205
241
283
297
304
337
368
407
440
435
424
450
504
544
549
518
503
506
496
489
526
575
613
644
670
691
713
745
775
793
792
782
760
736
716
706
686
668
658
660
668
673
683
687
697
719
758
786
805
844
886
910
937
955
951
945
916
880
852
831
811
811
817
784
735
701
684
658
643
644
656
685
734
798
853
870
874
861
823
799
777
774
794
775
729
698
642
575
530
454
380
374
365
371
414
484
585
661
712
731
727
715
718
734
755
762
781
795
789
762
729
712
701
703
698
687
681
686
681
699
739
779
834
901
972
1038
1092
1136
1156
1164
1177
1169
1143
1084
998
890
781
692
617
552
520
526
553
601
643
672
667
628
572
520
461
396
373
389
428
488
548
591
607
598
565
526
493
436
384
349
327
312
319
345
364
394
429
457
472
472
456
429
412
406
393
391
394
399
394
374
349
314
251
177
106
26
-44
-114
-175
-224
-258
-275
-296
-342
-393
-425
-454
-494
-530
-566
-609
-642
-672
-704
-736
-782
-816
-828
-841
-853
-887
-929
-970
-1015
-1062
-1092
-1091
-1066
-1038
-1022
-1034
-1050
-1057
-1049
-1020
-997
-966
-939
-931
-936
-941
-947
-943
-931
-909
-876
-859
-845
-837
-835
-821
-811
-822
-830
-837
-841
-840
-859
-869
-862
-854
-848
-828
-805
-786
-756
-738
-713
-692
-684
-688
-707
-733
-751
-772
-811
-853
-903
-958
-1018
-1053
-1062
-1053
-1034
-1016
-1006
-982
-970
-993
-1009
-1010
-1009
-1017
-1031
-1037
-1027
-1016
-1000
-987
-964
-937
-931
-934
-942
-949
-949
-944
-940
-946
-969
-996
-1013
-1022
-1027
-1033
-1048
-1061
-1063
-1061
-1061
-1056
-1041
-1032
-1023
-1016
-1009
-1004
-1000
-1003
-1014
-1027
-1050
-1072
-1096
-1114
-1121
-1131
-1137
-1133
-1134
-1135
-1139
-1136
-1114
-1094
-1066
-1023
-971
-916
-854
-804
-761
-705
-644
-580
-520
-461
-402
-338
-271
-214
-166
-126
-96
-67
-32
-3
27
56
76
94
113
143
176
210
251
291
327
366
401
435
485
533
571
602
627
643
651
656
657
666
679
694
713
734
748
763
777
785
790
790
783
776
769
755
732
707
680
652
628
600
575
547
526
510
487
470
468
485
520
555
566
562
566
567
567
575
588
596
582
542
499
467
450
436
416
415
421
428
434
442
447
451
464
467
462
468
492
523
562
580
591
603
608
606
592
575
556
542
523
495
465
431
400
388
384
385
389
401
424
456
501
543
558
536
497
474
489
538
591
623
637
641
621
599
593
593
614
650
691
725
758
790
829
868
908
951
996
1041
1073
1100
1113
1124
1145
1181
1213
1233
1243
1246
1252
1256
1262
1271
1286
1317
1353
1397
1445
1469
1484
1489
1487
1489
1477
1453
1435
1419
1400
1387
1382
1382
1377
1373
1384
1400
1426
1451
1447
1426
1382
1330
1280
1226
1183
1147
1124
1124
1137
1166
1199
1233
1267
1301
1341
1384
1425
1463
1489
1503
1508
1487
1457
1436
1407
1376
1353
1331
1325
1330
1336
1356
1388
1425
1463
1496
1522
1544
1565
1584
1600
1603
1616
1638
1659
1671
1667
1663
1657
1657
1655
1646
1633
1613
1588
1566
1540
1509
1482
1460
1459
1474
1491
1509
1515
1508
1502
1488
1461
1434
1414
1398
1367
1350
1335
1324
1322
1307
1306
1310
1305
1298
1281
1246
1205
1155
1101
1042
976
912
858
816
787
758
734
717
700
688
679
644
586
535
485
438
388
352
321
294
290
304
333
354
357
361
359
349
327
274
195
96
15
-31
-54
-50
-52
-54
-24
19
58
77
101
110
108
105
90
82
83
85
52
8
-15
-32
-49
-54
-58
-73
-89
-109
-146
-198
-241
-265
-287
-286
-245
-193
-145
-108
-78
-39
7
32
25
6
-20
-67
-126
-192
-244
-278
-321
-369
-417
-460
-500
-536
-578
-628
-670
-714
-752
-781
-811
-807
-795
-785
-770
-760
-770
-798
-837
-888
-954
-1023
-1069
-1113
-1162
-1201
-1209
-1177
-1117
-1041
-946
-841
-737
-652
-580
-512
-457
-415
-390
-384
-395
-410
-427
-437
-439
-434
-418
-395
-382
-375
-372
-369
-347
-312
-257
-194
-132
-70
-13
34
71
99
110
111
105
99
96
91
86
76
58
35
13
4
11
16
48
105
140
181
253
321
372
413
440
444
416
358
287
214
142
86
41
-1
-52
-112
-161
-207
-268
-340
-406
-468
-515
-549
-554
-499
-449
-398
-317
-248
-207
-176
-158
-173
-207
-263
-327
-388
-459
-537
-596
-635
-642
-613
-559
-480
-408
-366
-338
-305
-276
-246
-231
-208
-174
-156
-151
-150
-153
-150
-153
-166
-175
-178
-151
-129
-100
-65
-29
20
69
107
154
212
265
314
363
437
518
587
634
662
682
705
734
772
819
867
913
962
1015
1076
1138
1188
1230
1268
1287
1284
1279
1267
1255
1244
1220
1176
1134
1109
1116
1159
1217
1292
1383
1496
1623
1766
1916
2062
2200
2325
2422
2488
2517
2506
2478
2451
2431
2394
2341
2293
2270
2279
2308
2321
2283
2188
2071
1992
1952
1945
1964
1974
1943
1886
1843
1811
1764
1702
1631
1554
1477
1388
1298
1228
1155
1074
990
921
869
821
770
721
666
605
556
514
461
396
330
260
200
154
109
63
11
-36
-79
-121
-163
-202
-230
-247
-262
-275
-291
-323
-354
-384
-407
-423
-447
-480
-511
-537
-563
-591
-631
-673
-730
-800
-868
-932
-990
-1041
-1087
-1120
-1145
-1162
-1162
-1149
-1128
-1091
-1027
-949
-862
-769
-676
-584
-495
-420
-365
-324
-304
-304
-330
-371
-414
-455
-502
-556
-615
-665
-703
-732
-742
-734
-712
-671
-620
-564
-527
-516
-504
-486
-444
-387
-330
-264
-215
-217
-271
-343
-398
-422
-411
-380
-352
-339
-340
-341
-337
-343
-367
-402
-428
-427
-412
-388
-360
-331
-289
-247
-202
-155
-108
-66
-29
-3
15
35
56
86
126
167
204
243
285
323
357
391
432
477
524
573
618
664
722
788
852
914
965
1015
1068
1120
1167
1209
1253
1295
1332
1362
1393
1424
1452
1470
1481
1486
1483
1479
1480
1473
1464
1453
1440
1421
1387
1341
1295
1246
1203
1165
1114
1059
1003
944
885
832
792
759
726
703
677
651
628
603
573
550
532
515
494
475
459
448
442
435
431
417
402
389
369
343
320
300
278
257
240
228
220
208
194
182
160
132
90
52
32
25
35
56
77
89
105
120
131
148
166
171
160
148
133
113
91
70
58
49
32
9
-12
-32
-51
-66
-72
-67
-50
-28
-13
10
29
37
44
45
40
32
32
32
31
24
15
6
-2
-8
-15
-21
-29
-37
-52
-68
-86
-121
-183
-256
-326
-414
-522
-647
-765
-869
-967
-1058
-1106
-1113
-1112
-1100
-1094
-1091
-1106
-1136
-1145
-1126
-1112
-1111
-1095
-1065
-1031
-985
-923
-880
-859
-853
-848
-851
-870
-889
-896
-880
-864
-843
-830
-829
-835
-847
-861
-872
-870
-858
-842
-804
-755
-713
-679
-655
-624
-588
-555
-535
-523
-515
-510
-502
-489
-467
-456
-458
-462
-473
-489
-506
-528
-541
-551
-573
-573
-559
-547
-545
-552
-569
-595
-615
-616
-582
-535
-480
-437
-418
-408
-398
-386
-368
-345
-320
-295
-274
-254
-240
-216
-187
-168
-151
-142
-130
-112
-108
-111
-114
-119
-117
-123
-151
-198
-260
-322
-385
-438
-498
-554
-594
-623
-643
-652
-664
-700
-753
-818
-888
-928
-953
-976
-1019
-1070
-1107
-1171
-1190
-1190
-1190
-1204
-1240
-1278
-1321
-1398
-1482
-1514
-1521
-1507
-1494
-1488
-1496
-1514
-1526
-1520
-1506
-1496
-1511
-1522
-1521
-1520
-1521
-1524
-1526
-1542
-1557
-1571
-1588
-1603
-1611
-1618
-1628
-1634
-1634
-1641
-1640
-1628
-1622
-1626
-1626
-1627
-1623
-1621
-1649
-1688
-1725
-1764
-1801
-1836
-1866
-1894
-1922
-1941
-1965
-1976
-1983
-1982
-1971
-1951
-1930
-1918
-1897
-1877
-1853
-1831
-1810
-1793
-1789
-1794
-1795
-1805
-1822
-1832
-1832
-1832
-1826
-1814
-1809
-1801
-1792
-1783
-1781
-1776
-1761
-1731
-1684
-1639
-1603
-1576
-1546
-1517
-1492
-1469
-1461
-1459
-1466
-1487
-1518
-1547
-1569
-1597
-1624
-1643
-1641
-1636
-1627
-1608
-1578
-1542
-1513
-1495
-1494
-1516
-1547
-1576
-1603
-1628
-1662
-1688
-1706
-1706
-1699
-1696
-1689
-1688
-1679
-1664
-1652
-1637
-1621
-1615
-1606
-1605
-1606
-1602
-1594
-1568
-1536
-1511
-1483
-1466
-1463
-1460
-1456
-1451
-1448
-1446
-1448
-1441
-1426
-1405
-1389
-1370
-1336
-1311
-1287
-1259
-1239
-1226
-1220
-1229
-1256
-1286
-1312
-1339
-1371
-1400
-1427
-1445
-1444
-1432
-1413
-1384
-1355
-1328
-1291
-1255
-1232
-1230
-1232
-1227
-1233
-1245
-1269
-1304
-1335
-1361
-1385
-1425
-1475
-1531
-1582
-1617
-1650
-1684
-1687
-1665
-1648
-1632
-1619
-1612
-1625
-1643
-1669
-1712
-1768
-1819
-1846
-1861
-1881
-1927
-2006
-2098
-2192
-2267
-2299
-2279
-2221
-2144
-2039
-1954
-1917
-1917
-1951
-1995
-2021
-2018
-1998
-1971
-1948
-1926
-1901
-1873
-1835
-1794
-1757
-1722
-1680
-1635
-1597
-1553
-1498
-1448
-1397
-1339
-1286
-1237
-1191
-1157
-1124
-1092
-1053
-1006
-953
-907
-889
-886
-885
-883
-888
-914
-970
-1041
-1093
-1093
-1051
-987
-939
-942
-989
-1034
-1039
-1008
-961
-914
-864
-813
-759
-682
-591
-493
-391
-304
-220
-136
-73
-39
-40
-56
-88
-132
-161
-159
-123
-79
-28
66
167
270
365
433
486
517
559
629
745
844
919
980
1021
1046
1057
1083
1110
1128
1145
1173
1198
1233
1294
1372
1443
1496
1540
1579
1613
1636
1645
1635
1600
1544
1480
1417
1380
1374
1387
1404
1456
1535
1582
1591
1576
1577
1606
1672
1764
1844
1885
1878
1855
1824
1782
1759
1739
1704
1682
1657
1614
1558
1515
1496
1497
1519
1555
1590
1607
1600
1574
1536
1496
1479
1476
1479
1492
1491
1466
1429
1394
1366
1335
1303
1284
1294
1305
1330
1385
1455
1511
1542
1575
1604
1634
1656
1675
1717
1790
1871
1939
1978
1995
1992
1962
1947
1982
2084
2205
2286
2284
2199
2057
1902
1793
1717
1693
1691
1669
1629
1563
1497
1442
1380
1309
1254
1224
1196
1179
1164
1120
1016
874
741
615
480
337
192
42
-103
-241
-360
-467
-579
-700
-830
-962
-1083
-1186
-1291
-1389
-1471
-1552
-1620
-1673
-1728
-1793
-1866
-1948
-2032
-2116
-2214
-2308
-2383
-2446
-2507
-2561
-2599
-2616
-2642
-2679
-2714
-2747
-2768
-2772
-2761
-2743
-2718
-2688
-2657
-2632
-2598
-2549
-2495
-2431
-2344
-2246
-2139
-2022
-1905
-1791
-1679
-1573
-1478
-1382
-1282
-1174
-1068
-959
-858
-766
-680
-598
-509
-418
-337
-260
-186
-117
-56
5
72
133
188
245
302
359
421
498
591
693
797
892
979
1055
1120
1167
1196
1229
1281
1345
1398
1447
1498
1538
1551
1564
1599
1659
1722
1773
1805
1798
1784
1781
1780
1782
1781
1765
1731
1700
1683
1667
1662
1655
1651
1658
1663
1659
1651
1649
1642
1639
1634
1623
1610
1595
1579
1563
1551
1542
1540
1546
1548
1558
1575
1573
1559
1539
1525
1511
1490
1476
1454
1428
1392
1353
1320
1297
1282
1257
1223
1181
1131
1068
996
921
844
773
729
694
657
602
540
504
486
490
523
542
555
595
640
674
711
757
805
854
863
825
786
762
741
741
762
792
835
871
906
943
988
1046
1118
1190
1246
1290
1331
1375
1390
1376
1365
1364
1371
1379
1387
1399
1421
1439
1432
1427
1447
1471
1485
1497
1513
1546
1601
1649
1673
1704
1729
1706
1654
1586
1536
1513
1481
1424
1361
1317
1291
1290
1297
1288
1278
1274
1261
1221
1176
1153
1116
1073
1044
1005
959
929
900
863
855
879
898
909
909
893
863
807
728
626
530
455
413
347
268
206
170
170
166
184
216
246
291
332
356
349
336
337
321
288
204
119
43
-60
-154
-232
-307
-366
-400
-422
-416
-404
-413
-451
-538
-644
-704
-745
-797
-816
-801
-803
-804
-772
-771
-843
-968
-1104
-1171
-1191
-1192
-1141
-1039
-926
-827
-747
-695
-704
-765
-865
-967
-1040
-1110
-1144
-1184
-1244
-1297
-1318
-1318
-1332
-1348
-1362
-1360
-1370
-1373
-1360
-1334
-1275
-1188
-1099
-1039
-989
-950
-926
-904
-894
-876
-852
-869
-908
-934
-976
-1034
-1103
-1161
-1201
-1246
-1278
-1312
-1359
-1410
-1455
-1492
-1518
-1542
-1560
-1560
-1545
-1523
-1483
-1443
-1443
-1452
-1500
-1586
-1657
-1712
-1756
-1790
-1842
-1900
-1931
-1952
-1970
-1998
-2020
-2050
-2096
-2150
-2198
-2228
-2246
-2258
-2284
-2302
-2296
-2290
-2295
-2307
-2332
-2368
-2397
-2425
-2452
-2468
-2473
-2465
-2441
-2408
-2364
-2322
-2281
-2248
-2224
-2208
-2183
-2142
-2090
-2032
-1995
-1950
-1919
-1917
-1928
-1951
-1976
-2012
-2050
-2095
-2135
-2160
-2181
-2207
-2227
-2237
-2239
-2233
-2235
-2244
-2259
-2280
-2300
-2322
-2346
-2351
-2331
-2301
-2275
-2251
-2217
-2189
-2165
-2144
-2129
-2109
-2086
-2072
-2063
-2051
-2026
-1987
-1956
-1926
-1886
-1854
-1820
-1773
-1718
-1658
-1599
-1547
-1502
-1460
-1421
-1379
-1333
-1277
-1234
-1214
-1200
-1181
-1163
-1148
-1140
-1143
-1161
-1205
-1271
-1348
-1419
-1466
-1493
-1507
-1502
-1496
-1499
-1517
-1536
-1533
-1512
-1482
-1445
-1394
-1340
-1288
-1233
-1182
-1138
-1108
-1096
-1099
-1104
-1109
-1106
-1097
-1082
-1068
-1060
-1052
-1046
-1033
-1024
-1027
-1036
-1051
-1055
-1054
-1056
-1058
-1052
-1027
-999
-967
-930
-899
-871
-838
-807
-774
-732
-687
-646
-609
-565
-511
-449
-401
-366
-343
-335
-332
-323
-322
-337
-362
-395
-421
-448
-462
-463
-459
-442
-400
-336
-269
-200
-134
-71
-7
56
119
179
240
300
355
414
473
518
548
571
579
582
594
616
637
645
638
617
583
550
517
483
476
489
501
511
506
504
503
510
509
498
507
517
525
531
550
558
548
530
512
491
464
447
446
460
478
490
502
508
497
491
505
531
556
576
600
630
663
693
722
740
753
760
765
760
748
736
710
671
618
554
483
426
376
334
303
280
274
275
274
283
304
322
340
362
394
430
460
479
499
513
541
585
627
654
670
678
676
666
655
643
625
610
609
615
621
642
655
647
626
599
578
582
612
640
657
683
720
764
818
875
924
955
974
993
1008
1014
1022
1037
1051
1070
1087
1101
1124
1149
1176
1200
1241
1292
1339
1372
1380
1371
1362
1354
1338
1323
1305
1280
1260
1236
1214
1212
1228
1260
1298
1343
1401
1459
1509
1566
1630
1684
1727
1766
1804
1840
1878
1907
1932
1958
1979
2000
2011
2026
2038
2042
2043
2051
2074
2089
2108
2123
2126
2124
2114
2093
2061
2029
2003
1978
1950
1924
1899
1882
1875
1882
1891
1890
1896
1919
1956
1995
2034
2077
2118
2144
2152
2153
2163
2178
2193
2197
2188
2162
2131
2097
2050
2018
1989
1956
1953
1985
2017
2038
2076
2121
2179
2250
2294
2312
2301
2267
2228
2185
2147
2114
2080
2054
2030
2006
1984
1952
1911
1879
1859
1850
1840
1825
1804
1776
1744
1730
1733
1743
1772
1802
1813
1796
1779
1764
1733
1705
1686
1677
1667
1654
1639
1633
1632
1644
1661
1665
1659
1650
1633
1607
1585
1580
1574
1563
1570
1574
1593
1616
1637
1652
1643
1621
1591
1548
1500
1442
1391
1353
1317
1284
1249
1233
1223
1215
1211
1213
1214
1212
1206
1205
1203
1195
1183
1161
1124
1087
1044
988
928
885
853
814
788
763
741
742
769
812
882
973
1049
1099
1134
1161
1173
1176
1170
1170
1166
1155
1140
1138
1134
1102
1065
1011
951
895
852
814
797
793
800
816
835
864
894
943
1007
1077
1142
1203
1247
1277
1286
1270
1221
1144
1054
952
844
726
598
453
312
179
68
-27
-111
-177
-199
-167
-117
-61
0
62
128
196
274
377
495
605
664
712
770
833
902
941
936
896
848
795
741
701
681
672
689
724
754
770
783
767
725
681
641
607
563
508
450
390
317
233
153
85
30
-25
-86
-153
-224
-294
-348
-383
-404
-411
-424
-443
-463
-482
-499
-521
-542
-567
-593
-620
-650
-688
-732
-773
-818
-853
-883
-911
-938
-967
-1002
-1044
-1110
-1183
-1238
-1288
-1325
-1354
-1364
-1363
-1377
-1406
-1422
-1429
-1441
-1447
-1462
-1480
-1513
-1550
-1581
-1599
-1604
-1593
-1574
-1551
-1518
-1487
-1458
-1445
-1437
-1415
-1380
-1327
-1258
-1187
-1127
-1083
-1042
-1002
-975
-959
-956
-953
-955
-960
-952
-937
-924
-912
-899
-881
-855
-814
-773
-741
-719
-710
-712
-722
-732
-741
-747
-762
-793
-837
-872
-900
-924
-947
-968
-976
-978
-957
-918
-871
-818
-773
-736
-699
-653
-597
-546
-495
-444
-396
-353
-321
-302
-287
-276
-269
-259
-240
-203
-165
-128
-91
-51
-13
17
41
67
106
156
203
247
292
331
371
411
449
489
531
570
606
646
678
708
739
760
784
800
813
831
844
843
829
816
807
795
790
797
810
829
841
824
778
698
607
527
478
449
426
429
453
487
521
560
595
637
676
711
734
745
750
751
751
742
733
716
697
689
689
679
656
637
628
625
637
652
672
696
727
769
823
883
938
996
1058
1122
1179
1228
1264
1293
1311
1303
1278
1236
1191
1147
1103
1060
1016
1002
1002
981
957
954
973
1033
1132
1261
1402
1531
1642
1726
1792
1850
1907
1959
2008
2047
2068
2059
2029
1976
1924
1872
1810
1771
1754
1757
1782
1824
1876
1930
1973
2031
2107
2172
2215
2229
2235
2250
2280
2297
2298
2278
2233
2179
2125
2081
2047
2032
2050
2084
2106
2141
2195
2247
2279
2288
2280
2260
2237
2220
2198
2168
2122
2040
1935
1819
1712
1612
1523
1462
1420
1400
1427
1500
1590
1680
1754
1812
1866
1936
2010
2067
2101
2115
2121
2140
2163
2150
2115
2096
2095
2094
2063
2029
2013
2005
2015
2009
1991
1994
2013
2032
2049
2059
2066
2079
2088
2095
2097
2090
2076
2059
2040
2008
1977
1950
1918
1888
1855
1828
1820
1830
1858
1891
1929
1975
2013
2040
2047
2039
2024
2000
1975
1938
1896
1849
1793
1746
1710
1691
1708
1738
1744
1743
1751
1769
1781
1787
1796
1790
1786
1800
1805
1792
1787
1776
1763
1739
1710
1676
1628
1580
1529
1501
1507
1544
1603
1671
1727
1768
1806
1812
1803
1799
1807
1828
1856
1894
1933
1957
1955
1951
1945
1942
1940
1932
1935
1946
1955
1959
1947
1929
1903
1855
1808
1767
1735
1708
1704
1719
1735
1749
1764
1765
1758
1766
1763
1744
1720
1695
1670
1638
1613
1591
1568
1546
1526
1509
1500
1505
1511
1510
1511
1516
1522
1529
1526
1519
1513
1525
1547
1554
1539
1508
1473
1442
1409
1389
1399
1412
1403
1379
1368
1358
1351
1355
1369
1372
1362
1341
1310
1282
1267
1246
1204
1144
1069
999
932
865
808
764
748
748
748
756
774
786
783
779
771
753
721
679
633
570
484
394
299
202
105
3
-100
-184
-233
-254
-253
-226
-173
-124
-80
-52
-50
-71
-116
-168
-224
-280
-319
-344
-366
-393
-417
-437
-456
-471
-485
-490
-489
-477
-469
-475
-489
-503
-519
-533
-539
-536
-521
-487
-443
-406
-360
-309
-258
-200
-134
-65
-2
61
127
191
250
315
383
449
510
566
621
675
722
764
796
833
871
905
929
941
956
969
972
973
983
1000
1019
1032
1045
1062
1091
1133
1169
1198
1220
1236
1245
1246
1254
1260
1267
1279
1291
1301
1304
1314
1320
1323
1326
1325
1328
1332
1334
1335
1340
1352
1359
1362
1367
1372
1381
1394
1407
1419
1432
1438
1449
1472
1489
1507
1532
1553
1560
1558
1548
1535
1520
1503
1486
1473
1463
1448
1431
1414
1396
1378
1361
1350
1348
1345
1338
1332
1332
1338
1344
1350
1356
1356
1360
1367
1370
1376
1384
1396
1391
1386
1390
1390
1392
1392
1387
1382
1390
1395
1390
1375
1349
1314
1271
1224
1169
1104
1041
979
918
866
821
788
762
737
727
721
703
675
628
572
524
479
426
376
322
273
237
199
156
122
112
123
123
103
79
48
24
-12
-61
-105
-147
-185
-226
-269
-312
-355
-401
-456
-504
-561
-621
-677
-731
-781
-826
-872
-906
-931
-964
-981
-986
-999
-1003
-994
-1007
-1051
-1108
-1156
-1199
-1254
-1308
-1357
-1433
-1508
-1565
-1614
-1671
-1742
-1795
-1803
-1797
-1774
-1714
-1675
-1661
-1645
-1617
-1601
-1597
-1619
-1653
-1684
-1700
-1717
-1741
-1759
-1781
-1799
-1828
-1871
-1935
-2006
-2051
-2085
-2120
-2147
-2168
-2173
-2159
-2147
-2139
-2116
-2107
-2111
-2107
-2080
-2047
-2028
-2001
-1989
-2021
-2067
-2109
-2158
-2201
-2241
-2271
-2308
-2344
-2376
-2407
-2426
-2432
-2423
-2405
-2376
-2329
-2278
-2250
-2222
-2199
-2178
-2155
-2142
-2147
-2177
-2219
-2261
-2288
-2319
-2359
-2412
-2472
-2542
-2610
-2670
-2740
-2803
-2849
-2887
-2930
-2950
-2936
-2912
-2880
-2853
-2830
-2805
-2789
-2776
-2771
-2784
-2807
-2839
-2869
-2897
-2930
-2960
-2988
-3010
-3044
-3072
-3097
-3120
-3114
-3086
-3049
-3004
-2958
-2913
-2867
-2832
-2810
-2801
-2800
-2815
-2840
-2888
-2948
-2991
-3024
-3044
-3061
-3089
-3125
-3160
-3220
-3314
-3433
-3541
-3594
-3607
-3596
-3585
-3602
-3644
-3694
-3730
-3758
-3789
-3813
-3868
-3943
-3981
-3975
-3951
-3955
-3988
-4015
-4027
-4043
-4068
-4084
-4098
-4145
-4198
-4247
-4281
-4300
-4294
-4280
-4269
-4244
-4214
-4192
-4178
-4153
-4124
-4101
-4086
-4077
-4070
-4060
-4048
-4020
-3973
-3931
-3886
-3833
-3789
-3741
-3692
-3659
-3650
-3666
-3689
-3708
-3735
-3753
-3757
-3760
-3771
-3784
-3781
-3760
-3733
-3723
-3722
-3725
-3722
-3723
-3688
-3617
-3540
-3457
-3399
-3357
-3326
-3306
-3272
-3219
-3183
-3169
-3196
-3264
-3341
-3414
-3467
-3495
-3516
-3534
-3550
-3552
-3549
-3553
-3563
-3574
-3571
-3555
-3525
-3500
-3464
-3413
-3360
-3312
-3257
-3182
-3096
-3011
-2944
-2875
-2795
-2704
-2598
-2485
-2354
-2205
-2054
-1920
-1820
-1740
-1666
-1609
-1571
-1548
-1543
-1549
-1577
-1629
-1693
-1770
-1855
-1936
-2015
-2091
-2163
-2231
-2273
-2281
-2262
-2243
-2252
-2293
-2332
-2334
-2303
-2246
-2195
-2174
-2157
-2140
-2139
-2154
-2171
-2180
-2181
-2179
-2183
-2198
-2222
-2252
-2278
-2310
-2342
-2365
-2382
-2397
-2429
-2481
-2545
-2608
-2669
-2713
-2724
-2717
-2700
-2674
-2636
-2603
-2573
-2544
-2517
-2503
-2497
-2494
-2507
-2528
-2553
-2581
-2622
-2666
-2716
-2779
-2840
-2880
-2902
-2932
-2972
-3021
-3047
-3024
-2969
-2879
-2755
-2625
-2526
-2466
-2418
-2357
-2266
-2145
-2001
-1860
-1726
-1574
-1413
-1259
-1138
-1048
-1003
-999
-1020
-1070
-1135
-1204
-1252
-1252
-1215
-1141
-1058
-994
-956
-938
-904
-851
-792
-735
-678
-612
-527
-430
-321
-229
-207
-280
-391
-454
-455
-416
-355
-291
-224
-130
-35
61
130
160
184
196
205
224
269
327
377
399
405
407
410
428
429
419
410
424
439
453
466
474
501
542
590
620
635
660
687
712
727
713
689
662
650
669
712
770
835
910
987
1047
1097
1131
1163
1192
1203
1215
1213
1205
1210
1211
1189
1138
1070
1007
949
890
830
765
727
704
685
706
715
676
613
522
409
310
228
168
112
28
-35
-91
-157
-224
-319
-413
-478
-516
-558
-623
-649
-647
-644
-647
-667
-686
-704
-721
-739
-772
-833
-911
-980
-1040
-1097
-1162
-1235
-1282
-1293
-1303
-1307
-1310
-1323
-1324
-1322
-1342
-1388
-1418
-1416
-1396
-1375
-1355
-1323
-1286
-1250
-1212
-1186
-1167
-1152
-1146
-1149
-1162
-1159
-1133
-1107
-1086
-1063
-1054
-1066
-1091
-1098
-1088
-1083
-1086
-1072
-1050
-1032
-1006
-964
-913
-870
-834
-792
-719
-634
-547
-461
-383
-335
-308
-282
-257
-226
-193
-155
-127
-114
-94
-61
-17
32
79
112
135
156
167
162
142
147
170
181
172
164
165
175
177
155
111
56
17
-14
-23
-22
-15
6
43
78
110
162
237
326
420
506
562
593
580
531
462
389
335
306
278
246
205
157
103
53
7
-23
-31
-40
-52
-64
-72
-78
-74
-69
-55
-42
-31
-31
-48
-75
-113
-150
-190
-231
-277
-326
-374
-414
-447
-467
-469
-464
-453
-440
-432
-424
-412
-398
-385
-375
-377
-389
-401
-412
-433
-460
-497
-537
-575
-618
-652
-689
-721
-743
-760
-773
-782
-791
-800
-805
-808
-813
-817
-819
-821
-822
-823
-818
-804
-780
-759
-740
-732
-725
-719
-725
-739
-755
-768
-780
-791
-802
-807
-803
-797
-790
-777
-767
-760
-756
-752
-755
-758
-762
-770
-777
-787
-790
-798
-816
-821
-800
-779
-730
-698
-705
-733
-747
-731
-724
-727
-741
-750
-761
-773
-796
-837
-873
-883
-883
-870
-840
-794
-741
-695
-656
-626
-601
-584
-564
-534
-488
-425
-339
-255
-169
-86
-23
34
94
155
210
254
274
282
274
259
240
216
186
148
100
50
-1
-46
-79
-111
-138
-163
-187
-216
-236
-253
-274
-300
-324
-343
-357
-377
-406
-427
-438
-445
-440
-429
-427
-416
-396
-360
-313
-270
-233
-197
-165
-137
-121
-111
-104
-99
-110
-145
-191
-242
-297
-359
-430
-515
-606
-692
-758
-794
-807
-799
-792
-795
-798
-810
-814
-800
-768
-729
-693
-660
-635
-626
-627
-641
-675
-718
-758
-788
-809
-836
-860
-882
-904
-917
-928
-929
-932
-946
-967
-969
-959
-933
-886
-844
-833
-840
-849
-860
-876
-910
-943
-972
-983
-989
-984
-983
-999
-1040
-1088
-1131
-1190
-1218
-1227
-1239
-1246
-1240
-1245
-1268
-1281
-1289
-1306
-1327
-1338
-1341
-1322
-1284
-1233
-1161
-1110
-1071
-1042
-1032
-1040
-1054
-1080
-1088
-1065
-1042
-1013
-967
-894
-827
-747
-664
-589
-501
-428
-363
-289
-226
-167
-116
-80
-55
-33
-16
-19
-23
-16
0
25
64
104
140
146
104
30
-55
-111
-156
-201
-234
-253
-258
-260
-250
-228
-204
-185
-179
-188
-211
-252
-296
-315
-313
-326
-358
-403
-485
-596
-741
-896
-1041
-1205
-1359
-1481
-1586
-1645
-1658
-1653
-1615
-1537
-1492
-1511
-1542
-1573
-1611
-1617
-1599
-1590
-1605
-1637
-1677
-1738
-1812
-1893
-1973
-2059
-2139
-2205
-2259
-2305
-2332
-2334
-2310
-2267
-2218
-2180
-2162
-2154
-2160
-2171
-2168
-2139
-2109
-2116
-2125
-2102
-2077
-2053
-2019
-1979
-1951
-1939
-1939
-1939
-1937
-1961
-2018
-2070
-2088
-2100
-2105
-2079
-2020
-1944
-1880
-1840
-1812
-1776
-1735
-1670
-1590
-1492
-1399
-1315
-1233
-1161
-1060
-948
-845
-745
-671
-643
-629
-628
-656
-713
-769
-808
-845
-883
-907
-910
-891
-862
-813
-743
-681
-598
-508
-405
-306
-231
-176
-154
-105
-30
21
60
108
172
224
260
277
266
227
161
104
31
-62
-140
-210
-278
-354
-446
-511
-547
-545
-497
-467
-447
-439
-415
-377
-345
-322
-318
-305
-291
-261
-218
-183
-152
-129
-117
-123
-140
-148
-157
-161
-160
-170
-180
-166
-131
-86
-42
-21
-4
35
96
187
292
380
454
501
523
541
556
572
577
589
599
590
565
528
495
470
450
440
436
425
406
379
344
299
241
180
133
107
99
102
129
164
178
196
230
280
345
416
487
566
638
678
699
716
738
775
821
862
906
952
997
1022
1055
1087
1090
1083
1075
1064
1046
1016
981
968
969
977
980
1012
1058
1095
1147
1211
1262
1295
1326
1361
1398
1432
1463
1491
1510
1518
1526
1540
1558
1572
1577
1560
1546
1529
1498
1472
1460
1433
1404
1407
1434
1495
1577
1683
1806
1953
2097
2180
2195
2182
2168
2158
2152
2127
2094
2064
2038
2013
1993
1989
1990
1985
1976
1964
1956
1969
2007
2075
2169
2271
2365
2440
2487
2499
2493
2474
2458
2450
2442
2434
2417
2391
2360
2345
2337
2308
2261
2204
2140
2070
1996
1921
1852
1805
1751
1715
1714
1718
1733
1742
1753
1768
1786
1807
1820
1824
1814
1805
1785
1752
1723
1709
1705
1702
1699
1679
1636
1588
1538
1485
1441
1395
1371
1383
1415
1458
1483
1497
1509
1518
1536
1566
1599
1624
1639
1635
1625
1624
1627
1626
1619
1610
1596
1570
1539
1509
1468
1411
1367
1352
1348
1341
1334
1329
1331
1345
1368
1400
1441
1476
1498
1507
1510
1515
1504
1474
1447
1413
1376
1340
1304
1281
1258
1241
1237
1236
1227
1206
1181
1158
1134
1114
1094
1076
1067
1060
1053
1041
1026
1002
971
948
934
929
926
920
922
935
950
973
999
1026
1058
1096
1130
1151
1165
1176
1200
1228
1250
1282
1333
1405
1484
1553
1596
1626
1672
1738
1817
1886
1926
1941
1945
1937
1914
1890
1873
1866
1857
1838
1814
1803
1826
1873
1930
1984
2031
2100
2192
2289
2370
2430
2490
2542
2573
2584
2579
2573
2570
2560
2558
2562
2588
2629
2656
2657
2639
2647
2647
2615
2600
2604
2595
2557
2483
2408
2396
2415
2424
2415
2384
2346
2287
2202
2170
2213
2300
2380
2366
2310
2265
2226
2191
2142
2094
2045
1994
1951
1920
1899
1849
1768
1669
1563
1480
1408
1315
1216
1169
1155
1139
1109
1090
1071
1040
1008
981
972
961
954
938
917
905
900
922
967
1014
1047
1064
1078
1076
1070
1053
1024
999
978
973
975
982
988
996
998
985
969
961
951
922
881
854
846
855
879
911
933
930
922
918
920
923
924
915
899
895
901
910
915
920
918
913
907
888
859
825
789
754
720
691
654
614
581
565
565
583
604
622
654
685
725
774
829
898
966
1031
1083
1115
1135
1148
1156
1153
1142
1128
1112
1103
1100
1102
1123
1169
1228
1281
1313
1337
1375
1429
1501
1586
1666
1731
1774
1793
1808
1825
1839
1843
1840
1838
1840
1851
1882
1922
1953
1945
1897
1838
1808
1824
1861
1898
1924
1938
1921
1885
1863
1875
1909
1953
1976
1950
1892
1828
1794
1794
1802
1803
1793
1792
1791
1753
1658
1563
1526
1534
1595
1671
1720
1742
1735
1699
1644
1600
1589
1587
1580
1549
1495
1450
1402
1362
1319
1277
1249
1225
1209
1200
1198
1178
1155
1137
1115
1101
1091
1061
1030
996
959
925
872
805
740
694
661
637
612
581
550
514
479
441
402
360
316
273
221
172
128
82
33
-12
-53
-88
-120
-152
-179
-206
-231
-263
-295
-314
-330
-336
-340
-343
-351
-364
-368
-373
-375
-381
-385
-386
-389
-395
-405
-411
-418
-424
-432
-438
-440
-433
-418
-410
-401
-388
-371
-347
-330
-313
-297
-280
-261
-249
-241
-239
-237
-242
-250
-253
-260
-267
-276
-286
-304
-322
-344
-368
-384
-394
-406
-417
-424
-429
-427
-421
-414
-407
-405
-406
-410
-412
-406
-410
-438
-474
-533
-608
-689
-780
-873
-969
-1058
-1152
-1247
-1335
-1414
-1485
-1541
-1586
-1625
-1660
-1724
-1803
-1901
-1993
-2069
-2162
-2271
-2389
-2515
-2651
-2747
-2826
-2890
-2912
-2893
-2857
-2827
-2788
-2753
-2708
-2662
-2608
-2544
-2474
-2399
-2331
-2261
-2195
-2138
-2088
-2048
-2007
-1956
-1907
-1866
-1830
-1788
-1732
-1674
-1628
-1582
-1550
-1524
-1501
-1515
-1539
-1552
-1557
-1561
-1571
-1582
-1593
-1599
-1606
-1611
-1608
-1589
-1551
-1496
-1438
-1391
-1361
-1342
-1328
-1315
-1296
-1277
-1256
-1232
-1207
-1180
-1152
-1113
-1056
-998
-938
-869
-800
-723
-634
-540
-447
-366
-292
-226
-154
-86
-6
100
213
331
444
558
666
765
844
907
960
998
1023
1052
1081
1116
1158
1186
1210
1233
1269
1317
1369
1424
1476
1527
1590
1676
1782
1883
1966
2041
2106
2175
2256
2337
2421
2514
2602
2681
2751
2798
2839
2869
2903
2950
2992
3022
3050
3070
3070
3066
3058
3063
3088
3116
3133
3143
3169
3209
3254
3295
3320
3330
3332
3337
3355
3384
3422
3459
3475
3469
3447
3412
3373
3326
3278
3233
3191
3152
3114
3094
3081
3075
3067
3033
2991
2962
2969
3005
3059
3120
3189
3257
3332
3411
3475
3516
3521
3510
3509
3521
3540
3550
3546
3519
3465
3412
3361
3303
3249
3191
3133
3093
3065
3042
3024
3006
2975
2935
2899
2871
2843
2811
2781
2745
2692
2623
2557
2481
2382
2271
2157
2043
1926
1800
1674
1568
1483
1402
1335
1290
1268
1263
1255
1241
1227
1214
1200
1183
1161
1134
1091
1027
936
815
686
570
493
474
476
475
464
432
385
341
319
312
276
192
101
24
-36
-106
-196
-307
-425
-533
-617
-687
-764
-846
-923
-991
-1043
-1077
-1096
-1107
-1127
-1150
-1186
-1217
-1247
-1280
-1317
-1355
-1383
-1397
-1395
-1387
-1378
-1368
-1359
-1345
-1321
-1304
-1287
-1274
-1263
-1255
-1240
-1220
-1209
-1198
-1184
-1165
-1161
-1179
-1210
-1251
-1293
-1336
-1375
-1406
-1431
-1452
-1471
-1486
-1498
-1501
-1496
-1483
-1472
-1463
-1457
-1451
-1433
-1397
-1346
-1292
-1235
-1184
-1142
-1102
-1063
-1026
-988
-947
-899
-854
-817
-781
-746
-723
-704
-676
-637
-586
-534
-493
-465
-448
-448
-461
-486
-542
-615
-694
-752
-762
-747
-742
-777
-837
-906
-984
-1057
-1083
-1062
-1005
-916
-809
-718
-640
-554
-486
-434
-391
-353
-329
-306
-271
-239
-208
-167
-107
-43
20
98
187
277
354
417
484
544
589
628
654
661
666
676
701
742
776
795
819
865
931
1033
1148
1229
1273
1296
1316
1351
1395
1433
1469
1483
1490
1494
1506
1526
1531
1532
1535
1537
1534
1533
1524
1519
1520
1524
1539
1556
1568
1570
1577
1585
1585
1582
1577
1577
1574
1568
1556
1541
1528
1519
1512
1513
1526
1543
1565
1584
1587
1580
1579
1587
1604
1617
1625
1633
1635
1644
1670
1700
1733
1767
1795
1812
1817
1821
1830
1833
1839
1851
1859
1866
1869
1862
1841
1813
1802
1806
1818
1826
1831
1849
1871
1885
1887
1896
1904
1906
1897
1881
1860
1831
1813
1815
1830
1840
1846
1849
1853
1864
1895
1948
2028
2112
2190
2269
2336
2387
2409
2408
2409
2406
2380
2334
2281
2242
2208
2179
2157
2148
2150
2154
2159
2149
2131
2119
2114
2108
2108
2098
2070
2027
1968
1905
1841
1779
1699
1592
1483
1408
1356
1308
1260
1212
1153
1105
1066
1028
984
943
893
824
743
642
531
425
349
287
246
225
215
238
290
344
381
409
429
436
440
431
388
328
263
195
130
53
-30
-103
-177
-264
-344
-396
-422
-425
-432
-450
-458
-445
-431
-417
-416
-431
-443
-470
-508
-539
-572
-615
-679
-755
-827
-905
-998
-1100
-1210
-1327
-1442
-1552
-1638
-1723
-1796
-1832
-1842
-1826
-1805
-1776
-1757
-1767
-1794
-1831
-1871
-1922
-1973
-2008
-2033
-2052
-2074
-2095
-2114
-2133
-2161
-2200
-2245
-2295
-2346
-2404
-2468
-2532
-2592
-2647
-2706
-2750
-2750
-2718
-2662
-2587
-2503
-2424
-2354
-2283
-2212
-2146
-2086
-2033
-1991
-1946
-1901
-1845
-1783
-1716
-1637
-1543
-1467
-1428
-1403
-1391
-1405
-1436
-1440
-1422
-1402
-1373
-1339
-1319
-1313
-1323
-1332
-1314
-1266
-1218
-1175
-1119
-1062
-1026
-1015
-1012
-1011
-988
-945
-912
-901
-905
-900
-908
-945
-972
-1005
-1055
-1116
-1169
-1217
-1260
-1271
-1260
-1222
-1183
-1166
-1159
-1140
-1097
-1030
-950
-856
-770
-694
-604
-527
-466
-415
-378
-378
-378
-362
-356
-344
-320
-315
-362
-445
-534
-600
-647
-677
-688
-690
-676
-640
-590
-534
-470
-401
-342
-317
-306
-306
-303
-281
-254
-223
-204
-190
-188
-197
-205
-220
-239
-265
-311
-369
-422
-483
-537
-576
-600
-612
-618
-623
-625
-625
-627
-635
-647
-658
-672
-678
-687
-699
-718
-749
-780
-809
-835
-860
-892
-924
-959
-1002
-1047
-1089
-1119
-1137
-1150
-1152
-1138
-1124
-1101
-1070
-1035
-989
-948
-913
-892
-882
-866
-851
-834
-811
-789
-764
-740
-725
-715
-703
-696
-687
-674
-657
-637
-617
-585
-543
-503
-470
-443
-418
-393
-367
-345
-331
-321
-310
-306
-299
-293
-283
-274
-269
-267
-262
-262
-269
-277
-295
-314
-338
-364
-392
-423
-469
-523
-584
-649
-711
-780
-846
-907
-972
-1040
-1114
-1182
-1230
-1265
-1309
-1370
-1433
-1489
-1525
-1552
-1573
-1599
-1628
-1660
-1698
-1732
-1768
-1813
-1868
-1931
-1998
-2057
-2116
-2178
-2230
-2268
-2298
-2326
-2349
-2373
-2391
-2398
-2398
-2393
-2391
-2395
-2409
-2434
-2452
-2467
-2479
-2488
-2488
-2468
-2437
-2385
-2319
-2246
-2186
-2145
-2124
-2107
-2066
-2011
-1953
-1893
-1828
-1759
-1675
-1583
-1493
-1416
-1357
-1300
-1248
-1211
-1180
-1133
-1082
-1034
-997
-953
-890
-823
-764
-697
-630
-576
-526
-480
-430
-384
-357
-345
-338
-318
-288
-270
-251
-230
-223
-221
-217
-200
-175
-151
-127
-103
-70
-22
11
20
18
10
8
32
89
159
229
292
354
415
460
500
525
540
538
528
523
537
578
613
626
629
633
622
589
541
492
440
383
319
252
181
119
74
32
3
6
17
20
14
4
5
6
27
52
45
15
-11
-45
-89
-147
-225
-336
-471
-606
-718
-798
-875
-955
-1031
-1090
-1127
-1150
-1183
-1233
-1285
-1333
-1353
-1323
-1277
-1238
-1214
-1217
-1233
-1276
-1348
-1417
-1465
-1526
-1596
-1657
-1738
-1821
-1871
-1883
-1885
-1885
-1872
-1875
-1910
-1950
-1971
-1981
-1983
-1975
-1965
-1959
-1948
-1914
-1872
-1816
-1741
-1654
-1562
-1483
-1412
-1350
-1309
-1270
-1225
-1171
-1114
-1058
-1026
-991
-974
-986
-1006
-1042
-1057
-1099
-1151
-1179
-1191
-1192
-1164
-1112
-1084
-1085
-1129
-1211
-1307
-1408
-1488
-1540
-1599
-1673
-1746
-1804
-1836
-1846
-1840
-1814
-1784
-1781
-1778
-1777
-1797
-1798
-1787
-1784
-1785
-1791
-1800
-1823
-1857
-1886
-1927
-1983
-2020
-2052
-2077
-2102
-2122
-2129
-2140
-2173
-2201
-2184
-2184
-2225
-2271
-2319
-2348
-2331
-2281
-2227
-2185
-2159
-2137
-2112
-2069
-2008
-1959
-1924
-1901
-1884
-1868
-1851
-1825
-1787
-1741
-1708
-1691
-1699
-1729
-1748
-1749
-1748
-1745
-1722
-1679
-1633
-1590
-1562
-1531
-1490
-1449
-1393
-1304
-1180
-1054
-951
-872
-801
-731
-678
-658
-660
-674
-699
-724
-749
-800
-849
-873
-884
-881
-857
-786
-675
-569
-479
-413
-364
-316
-276
-232
-188
-153
-132
-125
-115
-95
-69
-55
-57
-81
-125
-171
-221
-268
-310
-352
-381
-398
-403
-391
-371
-347
-322
-293
-254
-232
-224
-221
-223
-230
-246
-284
-329
-374
-434
-482
-514
-548
-572
-588
-611
-641
-676
-701
-723
-735
-741
-748
-754
-762
-771
-776
-775
-779
-779
-781
-808
-859
-898
-917
-919
-921
-929
-929
-924
-929
-950
-972
-992
-1008
-1019
-1038
-1069
-1098
-1118
-1118
-1119
-1125
-1118
-1113
-1113
-1111
-1141
-1181
-1216
-1269
-1327
-1389
-1441
-1492
-1538
-1585
-1610
-1616
-1628
-1649
-1677
-1712
-1742
-1772
-1811
-1841
-1869
-1883
-1888
-1903
-1929
-1961
-2002
-2031
-2038
-2038
-2040
-2057
-2087
-2114
-2124
-2132
-2141
-2153
-2155
-2155
-2160
-2167
-2175
-2180
-2176
-2165
-2154
-2152
-2157
-2155
-2148
-2132
-2116
-2099
-2080
-2063
-2047
-2022
-2001
-1978
-1965
-1961
-1960
-1971
-1985
-1990
-1987
-1972
-1951
-1928
-1896
-1863
-1830
-1804
-1785
-1769
-1751
-1727
-1695
-1661
-1624
-1592
-1566
-1547
-1536
-1523
-1505
-1486
-1474
-1465
-1450
-1438
-1434
-1440
-1442
-1442
-1451
-1452
-1460
-1477
-1510
-1540
-1559
-1562
-1553
-1556
-1572
-1597
-1632
-1685
-1733
-1772
-1810
-1844
-1878
-1907
-1932
-1962
-2005
-2058
-2120
-2191
-2266
-2343
-2407
-2448
-2465
-2471
-2464
-2458
-2465
-2474
-2474
-2465
-2465
-2479
-2511
-2542
-2567
-2589
-2608
-2622
-2638
-2654
-2668
-2690
-2710
-2725
-2727
-2717
-2701
-2694
-2698
-2700
-2708
-2715
-2719
-2741
-2801
-2871
-2944
-2996
-3012
-3012
-3012
-3007
-2946
-2851
-2766
-2717
-2678
-2639
-2608
-2588
-2576
-2571
-2591
-2615
-2627
-2633
-2636
-2632
-2639
-2658
-2686
-2722
-2780
-2853
-2937
-3011
-3076
-3141
-3193
-3234
-3249
-3252
-3250
-3252
-3255
-3242
-3217
-3184
-3133
-3065
-3005
-2955
-2896
-2838
-2783
-2738
-2712
-2681
-2647
-2612
-2570
-2530
-2502
-2463
-2402
-2337
-2274
-2217
-2155
-2079
-1993
-1924
-1883
-1847
-1817
-1802
-1794
-1781
-1767
-1753
-1743
-1742
-1740
-1738
-1752
-1759
-1755
-1739
-1724
-1710
-1697
-1688
-1664
-1643
-1623
-1599
-1571
-1544
-1523
-1509
-1490
-1472
-1452
-1433
-1415
-1395
-1382
-1368
-1340
-1304
-1272
-1224
-1175
-1119
-1060
-998
-943
-907
-882
-860
-835
-811
-787
-763
-737
-706
-671
-637
-615
-607
-613
-624
-636
-653
-665
-682
-698
-698
-699
-685
-658
-615
-558
-505
-455
-412
-368
-328
-292
-269
-265
-270
-273
-271
-288
-320
-362
-385
-431
-511
-573
-623
-654
-652
-624
-590
-545
-494
-424
-351
-298
-263
-221
-168
-130
-108
-104
-108
-127
-150
-159
-164
-163
-162
-160
-148
-138
-126
-110
-87
-51
-9
36
92
150
190
212
211
199
198
200
205
202
204
218
246
290
339
389
432
469
505
536
555
565
579
599
620
636
645
658
668
674
686
692
693
688
669
647
629
617
615
623
614
603
604
609
601
602
645
711
771
819
880
947
1006
1035
1050
1062
1074
1097
1128
1168
1203
1216
1198
1203
1220
1228
1232
1207
1172
1167
1186
1216
1251
1300
1351
1390
1420
1455
1489
1501
1500
1497
1505
1524
1551
1606
1682
1766
1838
1888
1925
1940
1945
1948
1968
1997
2029
2065
2100
2122
2143
2171
2195
2206
2217
2228
2218
2209
2209
2213
2220
2225
2206
2187
2177
2166
2156
2155
2158
2162
2172
2191
2201
2199
2185
2175
2169
2143
2122
2102
2080
2048
2001
1937
1891
1860
1830
1793
1756
1710
1653
1611
1580
1567
1589
1640
1696
1751
1806
1833
1818
1813
1795
1776
1770
1763
1741
1699
1660
1624
1569
1525
1483
1376
1314
1271
1195
1121
1049
1008
972
935
931
952
969
991
1011
1014
1029
1054
1092
1155
1223
1263
1273
1257
1237
1230
1221
1212
1190
1167
1150
1136
1121
1109
1100
1078
1037
1029
1031
1006
1033
1094
1148
1211
1283
1363
1433
1480
1534
1570
1585
1601
1615
1636
1661
1685
1720
1777
1847
1925
1972
1997
2022
2021
2021
2038
2061
2087
2125
2166
2211
2262
2337
2425
2496
2549
2589
2628
2656
2658
2650
2652
2645
2634
2613
2588
2581
2563
2549
2549
2561
2577
2588
2604
2625
2662
2748
2833
2893
2935
2950
2948
2921
2871
2825
2794
2746
2682
2623
2579
2563
2581
2608
2628
2630
2636
2653
2649
2628
2598
2566
2540
2506
2474
2461
2432
2392
2343
2298
2260
2216
2162
2097
2022
1936
1852
1779
1721
1666
1612
1561
1521
1513
1519
1525
1555
1584
1584
1555
1525
1487
1437
1407
1378
1340
1312
1290
1275
1278
1284
1283
1276
1262
1246
1232
1228
1239
1245
1243
1255
1277
1290
1308
1336
1373
1401
1405
1400
1386
1372
1361
1361
1375
1386
1378
1344
1290
1242
1202
1175
1178
1213
1277
1350
1435
1530
1612
1666
1705
1732
1759
1790
1822
1862
1902
1928
1944
1962
1964
1954
1930
1897
1863
1827
1789
1763
1745
1727
1717
1734
1783
1863
1975
2112
2261
2405
2531
2622
2693
2728
2740
2722
2680
2653
2645
2634
2604
2575
2528
2470
2408
2343
2334
2385
2466
2543
2636
2723
2756
2807
2856
2874
2883
2893
2907
2907
2891
2858
2817
2765
2712
2681
2674
2684
2708
2703
2689
2674
2644
2641
2666
2709
2710
2688
2643
2586
2542
2490
2449
2421
2393
2377
2381
2390
2400
2377
2344
2354
2378
2367
2364
2362
2342
2318
2280
2237
2187
2133
2073
2004
1923
1866
1849
1848
1838
1824
1812
1800
1810
1829
1866
1907
1904
1872
1831
1801
1795
1808
1816
1815
1807
1815
1829
1850
1880
1904
1910
1883
1845
1780
1702
1647
1629
1623
1606
1611
1646
1689
1723
1735
1736
1712
1681
1663
1674
1696
1718
1725
1715
1710
1714
1744
1806
1906
1968
1967
1942
1919
1895
1855
1827
1840
1882
1911
1935
1983
2018
2022
1995
1951
1928
1928
1941
1963
1979
1989
1991
1960
1932
1904
1844
1772
1719
1668
1616
1558
1506
1457
1393
1339
1298
1260
1238
1237
1249
1263
1234
1177
1123
1089
1073
1071
1060
994
906
831
770
727
713
689
673
670
670
667
648
627
604
582
555
542
537
532
535
542
548
556
556
542
522
493
477
483
491
498
500
507
502
506
512
506
523
528
522
520
519
508
485
456
423
389
347
322
339
382
435
491
513
508
521
531
523
512
502
491
467
442
429
437
455
460
453
440
414
394
402
410
414
436
462
510
572
614
646
683
719
738
747
755
770
802
851
905
954
995
1011
1023
1054
1088
1135
1228
1325
1420
1506
1586
1664
1726
1793
1843
1887
1950
2011
2052
2082
2096
2118
2146
2161
2167
2168
2152
2114
2060
2007
1959
1913
1870
1834
1822
1843
1896
1962
2053
2153
2230
2282
2309
2294
2244
2193
2158
2132
2112
2098
2062
2014
1958
1903
1842
1808
1802
1788
1756
1706
1665
1637
1613
1598
1601
1601
1594
1584
1579
1579
1571
1559
1531
1493
1462
1420
1367
1311
1253
1208
1192
1208
1225
1233
1219
1187
1179
1190
1191
1172
1159
1175
1200
1216
1240
1277
1328
1380
1427
1476
1518
1571
1607
1615
1596
1556
1523
1481
1436
1400
1373
1374
1378
1369
1391
1424
1465
1524
1561
1574
1607
1654
1692
1727
1729
1702
1662
1604
1533
1471
1406
1350
1322
1300
1270
1233
1204
1185
1161
1146
1129
1093
1048
997
954
929
905
870
825
750
669
604
574
572
583
609
650
691
724
757
782
802
810
814
815
810
810
800
782
776
763
747
729
721
714
705
700
716
745
767
789
799
798
775
746
724
709
705
693
656
613
589
531
428
344
295
264
257
298
352
341
293
267
264
292
349
391
395
363
331
325
305
282
279
287
279
256
235
218
205
173
139
96
26
-58
-120
-160
-189
-202
-209
-209
-180
-141
-128
-146
-206
-262
-307
-342
-371
-391
-419
-458
-467
-471
-471
-468
-461
-458
-460
-438
-419
-425
-438
-447
-453
-475
-509
-541
-570
-596
-610
-629
-650
-664
-660
-656
-662
-645
-639
-643
-633
-609
-579
-550
-536
-531
-523
-516
-520
-536
-555
-576
-595
-609
-613
-619
-600
-576
-563
-552
-530
-504
-501
-507
-527
-578
-640
-698
-754
-793
-828
-862
-903
-947
-981
-1003
-1013
-1013
-1029
-1054
-1071
-1081
-1063
-1031
-994
-974
-975
-965
-938
-899
-860
-837
-835
-818
-785
-744
-674
-593
-518
-452
-392
-357
-339
-325
-320
-321
-319
-313
-313
-308
-282
-219
-162
-122
-95
-76
-51
-18
29
69
112
155
182
222
262
285
294
294
291
290
300
314
333
354
380
410
435
467
515
569
622
678
722
753
777
785
784
793
793
774
748
699
640
604
603
628
666
687
671
649
608
593
606
639
673
662
636
624
637
638
637
655
677
690
702
729
755
766
769
773
778
779
755
728
716
696
674
647
622
605
591
586
583
577
583
595
604
609
606
591
574
566
562
555
537
505
470
453
445
433
420
416
410
401
398
405
419
431
449
466
490
514
529
538
533
513
478
435
387
339
284
223
177
151
130
121
123
128
126
133
152
158
152
138
116
106
106
103
94
81
59
31
11
-8
-29
-70
-127
-193
-259
-310
-347
-385
-428
-476
-529
-577
-622
-659
-673
-630
-545
-441
-329
-224
-121
-22
47
71
76
61
20
-45
-128
-211
-295
-356
-403
-439
-465
-486
-496
-497
-488
-491
-490
-472
-442
-411
-387
-386
-412
-448
-483
-518
-563
-607
-637
-648
-652
-656
-655
-634
-605
-579
-543
-500
-453
-403
-354
-309
-273
-227
-173
-138
-112
-89
-90
-107
-118
-128
-155
-183
-209
-244
-276
-287
-290
-290
-280
-262
-226
-178
-131
-93
-60
-30
-1
35
82
136
200
279
372
462
543
610
654
676
675
651
605
543
475
411
330
222
116
31
-49
-147
-262
-368
-387
-275
-76
138
289
344
332
318
337
393
446
455
437
410
380
342
283
222
167
128
99
68
31
20
37
67
97
114
154
169
160
162
141
105
77
58
36
20
25
37
51
68
86
83
48
-16
-101
-180
-251
-325
-387
-438
-475
-482
-485
-499
-518
-506
-478
-456
-436
-420
-411
-361
-272
-192
-123
-86
-62
-30
22
68
107
123
110
79
41
1
-49
-96
-149
-202
-259
-307
-346
-364
-372
-376
-377
-374
-372
-391
-416
-435
-445
-461
-474
-462
-417
-351
-304
-267
-210
-155
-123
-118
-124
-153
-192
-233
-253
-220
-131
-29
45
69
30
-13
-35
-15
42
102
136
120
54
-20
-73
-116
-155
-201
-252
-285
-289
-272
-231
-196
-170
-143
-113
-85
-52
-26
-22
-40
-88
-144
-190
-232
-270
-308
-342
-375
-415
-474
-544
-613
-664
-665
-616
-548
-494
-449
-406
-366
-334
-303
-281
-269
-271
-284
-312
-350
-385
-434
-492
-548
-601
-657
-710
-756
-786
-801
-819
-815
-767
-713
-666
-616
-555
-479
-406
-346
-305
-287
-277
-280
-290
-289
-297
-312
-326
-343
-357
-351
-336
-314
-296
-292
-281
-269
-245
-216
-170
-107
-56
-23
-12
-15
-35
-62
-91
-113
-121
-119
-108
-88
-58
-5
56
105
154
195
245
307
374
446
510
562
600
640
677
706
727
736
724
706
692
684
669
636
582
512
450
413
399
401
401
366
299
224
173
145
114
52
-59
-192
-341
-502
-670
-819
-960
-1129
-1300
-1439
-1543
-1612
-1645
-1653
-1636
-1613
-1596
-1580
-1574
-1603
-1647
-1667
-1669
-1652
-1628
-1604
-1592
-1592
-1606
-1626
-1648
-1665
-1686
-1699
-1699
-1717
-1727
-1730
-1732
-1737
-1739
-1746
-1760
-1786
-1833
-1880
-1930
-1972
-2004
-2026
-2039
-2052
-2073
-2091
-2105
-2120
-2127
-2130
-2141
-2149
-2137
-2110
-2075
-2058
-2060
-2069
-2088
-2113
-2133
-2149
-2160
-2160
-2161
-2176
-2231
-2315
-2399
-2477
-2538
-2591
-2648
-2723
-2820
-2927
-3025
-3081
-3077
-3018
-2923
-2815
-2716
-2642
-2586
-2493
-2331
-2139
-1973
-1892
-1881
-1905
-1931
-1940
-1960
-1984
-2001
-2011
-2005
-1984
-1955
-1898
-1818
-1726
-1616
-1497
-1417
-1399
-1395
-1352
-1257
-1164
-1140
-1175
-1233
-1272
-1294
-1345
-1441
-1573
-1720
-1828
-1862
-1847
-1812
-1757
-1695
-1638
-1585
-1541
-1474
-1379
-1276
-1208
-1189
-1177
-1153
-1140
-1138
-1166
-1231
-1288
-1323
-1344
-1365
-1398
-1456
-1517
-1555
-1573
-1583
-1588
-1573
-1540
-1529
-1545
-1570
-1597
-1609
-1591
-1551
-1518
-1491
-1476
-1478
-1489
-1492
-1479
-1455
-1415
-1377
-1340
-1299
-1261
-1236
-1225
-1219
-1204
-1189
-1174
-1158
-1130
-1089
-1036
-987
-950
-911
-874
-830
-791
-758
-733
-722
-721
-738
-764
-793
-828
-863
-879
-892
-915
-933
-937
-918
-890
-864
-842
-840
-846
-842
-834
-846
-864
-891
-942
-1001
-1064
-1125
-1183
-1251
-1310
-1369
-1447
-1520
-1591
-1670
-1767
-1869
-1949
-2007
-2061
-2110
-2124
-2114
-2140
-2200
-2251
-2273
-2269
-2279
-2284
-2275
-2266
-2259
-2227
-2157
-2077
-2000
-1939
-1933
-1996
-2094
-2212
-2333
-2441
-2531
-2606
-2662
-2711
-2755
-2802
-2874
-2938
-2996
-3056
-3123
-3204
-3246
-3253
-3263
-3271
-3280
-3292
-3323
-3359
-3401
-3462
-3522
-3583
-3635
-3671
-3703
-3737
-3786
-3840
-3893
-3943
-3995
-4050
-4109
-4172
-4232
-4295
-4351
-4404
-4466
-4520
-4573
-4625
-4660
-4715
-4787
-4863
-4939
-5002
-5053
-5098
-5144
-5185
-5217
-5252
-5319
-5412
-5521
-5613
-5674
-5731
-5788
-5851
-5915
-5980
-6035
-6080
-6117
-6158
-6213
-6291
-6364
-6422
-6460
-6467
-6477
-6495
-6517
-6542
-6564
-6578
-6578
-6561
-6532
-6493
-6466
-6442
-6416
-6389
-6348
-6303
-6273
-6259
-6241
-6208
-6159
-6106
-6059
-6042
-6043
-6041
-6040
-6041
-6039
-6040
-6045
-6047
-6034
-6023
-6014
-5993
-5989
-5982
-5969
-5966
-5959
-5940
-5924
-5904
-5872
-5837
-5810
-5777
-5732
-5683
-5642
-5604
-5552
-5497
-5441
-5381
-5321
-5258
-5196
-5138
-5080
-5036
-4997
-4966
-4948
-4954
-4987
-5028
-5076
-5127
-5170
-5205
-5240
-5277
-5332
-5385
-5414
-5397
-5325
-5253
-5221
-5237
-5270
-5283
-5266
-5224
-5163
-5107
-5068
-5033
-5006
-4999
-4977
-4962
-4971
-4961
-4925
-4896
-4899
-4920
-4941
-4934
-4907
-4879
-4875
-4888
-4905
-4904
-4887
-4872
-4865
-4869
-4849
-4814
-4773
-4713
-4639
-4571
-4502
-4429
-4370
-4327
-4296
-4268
-4234
-4214
-4204
-4194
-4184
-4150
-4114
-4069
-4034
-4024
-4024
-4044
-4076
-4102
-4097
-4060
-4017
-3976
-3920
-3837
-3736
-3637
-3549
-3486
-3458
-3459
-3472
-3470
-3463
-3477
-3506
-3540
-3559
-3575
-3614
-3684
-3771
-3828
-3835
-3806
-3799
-3833
-3900
-3989
-4066
-4088
-4056
-3998
-3947
-3923
-3911
-3892
-3854
-3804
-3735
-3662
-3597
-3550
-3512
-3480
-3467
-3447
-3419
-3398
-3405
-3436
-3479
-3534
-3603
-3681
-3758
-3831
-3925
-4038
-4144
-4216
-4249
-4265
-4268
-4260
-4220
-4141
-4018
-3867
-3709
-3543
-3386
-3270
-3227
-3234
-3259
-3263
-3258
-3257
-3251
-3254
-3295
-3347
-3359
-3346
-3324
-3299
-3259
-3222
-3182
-3123
-3058
-2999
-2938
-2867
-2789
-2699
-2612
-2524
-2452
-2406
-2382
-2369
-2359
-2346
-2337
-2352
-2385
-2410
-2431
-2465
-2502
-2547
-2574
-2584
-2587
-2582
-2583
-2586
-2600
-2621
-2625
-2618
-2584
-2527
-2477
-2427
-2400
-2381
-2364
-2350
-2330
-2355
-2405
-2424
-2425
-2437
-2428
-2411
-2415
-2417
-2403
-2376
-2353
-2337
-2332
-2333
-2338
-2361
-2395
-2428
-2492
-2579
-2645
-2711
-2764
-2795
-2808
-2809
-2791
-2743
-2697
-2653
-2614
-2607
-2604
-2588
-2526
-2383
-2192
-2008
-1877
-1795
-1747
-1690
-1621
-1568
-1554
-1570
-1579
-1566
-1538
-1500
-1447
-1398
-1359
-1340
-1336
-1332
-1318
-1287
-1226
-1132
-1006
-868
-735
-611
-514
-420
-317
-207
-124
-85
-79
-107
-140
-174
-215
-249
-267
-262
-235
-199
-164
-143
-144
-158
-181
-208
-239
-274
-299
-313
-321
-328
-323
-319
-323
-333
-343
-355
-374
-388
-400
-409
-418
-431
-444
-466
-496
-525
-568
-621
-670
-727
-796
-864
-929
-983
-1029
-1076
-1114
-1143
-1162
-1171
-1175
-1186
-1195
-1206
-1214
-1224
-1239
-1257
-1281
-1303
-1346
-1394
-1433
-1465
-1485
-1494
-1483
-1477
-1493
-1518
-1539
-1545
-1552
-1572
-1597
-1629
-1652
-1659
-1661
-1676
-1713
-1760
-1794
-1819
-1845
-1867
-1887
-1903
-1918
-1930
-1951
-1987
-2025
-2065
-2112
-2153
-2191
-2242
-2308
-2362
-2391
-2426
-2450
-2458
-2458
-2457
-2455
-2460
-2461
-2454
-2462
-2462
-2463
-2484
-2511
-2529
-2546
-2558
-2580
-2624
-2681
-2736
-2779
-2817
-2844
-2865
-2895
-2936
-2975
-2988
-2977
-2942
-2889
-2826
-2763
-2726
-2704
-2686
-2681
-2674
-2651
-2630
-2606
-2581
-2565
-2546
-2533
-2533
-2557
-2592
-2624
-2666
-2717
-2758
-2787
-2799
-2796
-2787
-2781
-2771
-2754
-2741
-2727
-2706
-2679
-2646
-2608
-2563
-2514
-2467
-2429
-2394
-2348
-2299
-2261
-2232
-2220
-2225
-2232
-2241
-2250
-2261
-2280
-2289
-2292
-2297
-2315
-2337
-2353
-2364
-2358
-2353
-2351
-2349
-2342
-2338
-2337
-2337
-2338
-2332
-2327
-2331
-2345
-2354
-2363
-2381
-2403
-2420
-2436
-2457
-2479
-2501
-2521
-2540
-2544
-2541
-2538
-2538
-2540
-2541
-2531
-2499
-2472
-2437
-2381
-2315
-2248
-2195
-2133
-2059
-1981
-1900
-1830
-1768
-1713
-1663
-1590
-1497
-1405
-1309
-1210
-1107
-999
-890
-776
-661
-554
-457
-362
-269
-173
-83
-2
68
123
162
191
215
230
235
241
252
256
270
295
329
359
381
409
427
434
435
431
426
428
432
444
464
484
506
526
542
562
572
584
585
576
560
535
507
467
432
392
345
299
253
201
150
99
61
40
43
63
82
112
137
164
191
223
259
278
289
297
299
302
300
285
267
246
213
183
163
147
139
135
143
155
160
164
163
166
175
181
190
192
194
192
186
182
177
173
168
156
147
138
126
107
86
76
70
62
53
48
48
48
52
60
72
89
100
112
125
139
146
153
165
172
176
177
177
174
169
167
164
165
172
181
193
212
237
265
299
341
384
428
477
522
557
586
611
630
650
674
690
705
718
724
729
732
737
748
754
755
758
757
746
725
700
676
652
622
584
549
523
495
465
442
417
381
357
338
311
285
265
243
224
203
173
151
124
92
64
43
16
-20
-63
-117
-187
-261
-327
-374
-394
-409
-429
-443
-443
-441
-446
-449
-448
-438
-420
-409
-398
-377
-361
-358
-367
-399
-436
-476
-514
-555
-607
-654
-699
-737
-762
-785
-806
-808
-797
-783
-766
-748
-731
-717
-713
-706
-688
-670
-657
-640
-620
-602
-594
-598
-609
-628
-650
-684
-721
-753
-782
-803
-821
-843
-871
-897
-906
-904
-898
-891
-898
-904
-908
-916
-914
-912
-910
-903
-891
-865
-829
-798
-764
-730
-693
-650
-610
-568
-525
-494
-475
-463
-449
-440
-448
-462
-483
-516
-559
-608
-652
-705
-766
-825
-899
-973
-1040
-1096
-1145
-1190
-1198
-1177
-1154
-1153
-1194
-1262
-1333
-1404
-1456
-1477
-1482
-1490
-1514
-1570
-1637
-1678
-1684
-1666
-1636
-1618
-1617
-1632
-1638
-1626
-1628
-1631
-1636
-1654
-1690
-1736
-1790
-1840
-1878
-1909
-1928
-1956
-1984
-2013
-2043
-2045
-2021
-1988
-1942
-1885
-1839
-1803
-1769
-1737
-1698
-1669
-1662
-1667
-1687
-1708
-1739
-1770
-1793
-1823
-1840
-1847
-1858
-1869
-1875
-1881
-1910
-1972
-2042
-2119
-2193
-2257
-2315
-2351
-2389
-2424
-2459
-2485
-2486
-2449
-2363
-2262
-2152
-2017
-1863
-1699
-1537
-1386
-1240
-1103
-965
-830
-710
-592
-491
-416
-383
-377
-381
-401
-439
-473
-496
-505
-498
-481
-436
-370
-284
-173
-32
145
335
514
670
800
925
1057
1206
1388
1570
1715
1809
1861
1888
1893
1882
1870
1869
1883
1912
1956
2019
2094
2185
2286
2405
2561
2760
2979
3193
3390
3576
3763
3933
4102
4266
4402
4485
4520
4527
4527
4522
4500
4492
4510
4558
4620
4687
4787
4899
5019
5149
5290
5447
5601
5763
5922
6052
6151
6204
6205
6205
6255
6300
6312
6316
6330
6378
6440
6485
6498
6502
6524
6550
6589
6648
6691
6708
6711
6701
6698
6687
6645
6596
6525
6426
6329
6243
6156
6062
5973
5884
5795
5724
5668
5623
5588
5535
5436
5288
5107
4925
4785
4689
4589
4454
4285
4092
3910
3728
3506
3286
3111
2978
2880
2799
2707
2596
2470
2313
2133
1980
1870
1741
1586
1458
1345
1234
1137
1045
955
876
805
743
695
652
615
582
544
510
498
509
511
494
469
453
451
462
481
483
448
403
386
402
453
511
557
558
508
434
372
342
337
335
314
279
253
263
298
338
368
382
388
392
394
400
417
439
456
470
485
504
529
567
604
626
649
680
712
756
785
796
811
827
840
834
820
812
805
796
790
779
759
737
715
697
678
658
644
640
655
680
713
753
784
825
866
883
900
927
950
973
997
1015
1031
1050
1080
1118
1165
1221
1271
1306
1326
1333
1337
1333
1330
1337
1347
1367
1394
1423
1439
1444
1453
1471
1500
1539
1582
1616
1653
1686
1716
1749
1794
1848
1899
1944
1965
1982
2003
2031
2062
2086
2102
2113
2120
2121
2113
2102
2084
2059
2041
2019
1999
1975
1950
1925
1893
1869
1851
1837
1827
1828
1832
1837
1835
1835
1840
1841
1847
1854
1856
1856
1857
1856
1852
1853
1857
1859
1874
1890
1913
1945
1977
2009
2038
2065
2085
2099
2106
2117
2126
2137
2157
2185
2211
2235
2264
2285
2304
2320
2334
2350
2363
2374
2387
2402
2412
2417
2429
2442
2453
2456
2461
2473
2484
2488
2487
2485
2483
2462
2440
2438
2438
2437
2428
2418
2421
2425
2424
2433
2448
2472
2496
2516
2536
2540
2531
2518
2504
2488
2471
2461
2455
2457
2464
2455
2439
2428
2432
2455
2497
2560
2621
2661
2696
2720
2747
2788
2833
2865
2871
2865
2853
2849
2858
2877
2898
2920
2939
2967
3004
3045
3090
3113
3117
3116
3119
3111
3096
3073
3055
3041
3033
3031
3037
3054
3083
3117
3153
3198
3250
3289
3309
3317
3308
3274
3224
3183
3148
3123
3104
3086
3062
3045
3035
3032
3030
3030
3032
3035
3054
3055
3062
3078
3074
3060
3041
3014
2973
2925
2883
2857
2825
2783
2758
2745
2722
2685
2633
2554
2473
2406
2339
2303
2298
2319
2363
2460
2602
2716
2774
2786
2766
2728
2698
2673
2648
2636
2652
2673
2688
2672
2645
2625
2599
2546
2479
2440
2408
2385
2361
2357
2369
2388
2426
2462
2495
2505
2503
2499
2499
2515
2533
2542
2531
2512
2485
2458
2436
2416
2401
2381
2342
2292
2239
2185
2136
2095
2069
2040
2005
1988
1995
2023
2063
2100
2144
2202
2259
2305
2336
2356
2379
2402
2417
2421
2429
2437
2436
2434
2435
2438
2447
2455
2468
2482
2492
2511
2538
2572
2603
2612
2606
2596
2586
2584
2572
2566
2549
2511
2470
2425
2387
2358
2338
2332
2330
2316
2301
2289
2283
2272
2256
2235
2223
2210
2194
2186
2170
2135
2096
2066
2034
1995
1948
1897
1839
1787
1738
1689
1636
1573
1509
1449
1392
1335
1279
1226
1176
1129
1085
1038
986
942
891
846
819
792
761
735
715
698
682
667
661
656
651
651
651
653
653
652
655
661
662
650
626
604
576
548
529
509
487
467
449
443
438
427
417
414
406
382
359
342
335
333
325
315
305
282
270
261
273
310
353
378
367
345
319
298
281
273
267
247
219
194
155
93
24
-44
-116
-197
-266
-292
-301
-311
-311
-278
-231
-201
-156
-113
-84
-71
-73
-69
-55
-38
-21
-11
-18
-32
-53
-75
-89
-104
-116
-129
-150
-178
-205
-230
-239
-219
-171
-114
-63
-7
39
64
78
92
101
116
142
166
183
197
221
243
253
253
242
237
242
252
266
277
295
312
322
323
311
291
272
272
285
301
336
374
396
404
415
428
426
413
398
390
378
367
354
335
320
317
309
302
298
282
261
232
197
155
99
30
-50
-125
-171
-183
-170
-149
-130
-108
-96
-89
-90
-98
-102
-102
-94
-86
-88
-104
-133
-161
-184
-206
-219
-228
-245
-266
-290
-323
-349
-375
-395
-409
-431
-458
-493
-516
-541
-563
-582
-611
-632
-648
-663
-675
-700
-730
-751
-775
-794
-817
-833
-840
-846
-851
-855
-853
-849
-844
-845
-856
-876
-894
-916
-945
-967
-976
-968
-948
-923
-890
-850
-804
-760
-720
-692
-669
-650
-631
-615
-609
-610
-610
-612
-608
-609
-617
-631
-651
-667
-687
-702
-721
-736
-746
-748
-747
-748
-747
-766
-793
-817
-831
-834
-834
-827
-805
-771
-725
-667
-614
-557
-508
-479
-472
-477
-491
-523
-562
-608
-654
-689
-714
-740
-764
-784
-777
-743
-695
-642
-592
-549
-524
-508
-487
-453
-409
-369
-350
-357
-394
-452
-522
-597
-678
-752
-814
-871
-913
-955
-1008
-1074
-1158
-1245
-1327
-1400
-1440
-1442
-1406
-1332
-1238
-1142
-1049
-982
-951
-963
-1018
-1084
-1127
-1148
-1167
-1192
-1234
-1293
-1349
-1396
-1424
-1437
-1444
-1446
-1441
-1432
-1413
-1380
-1340
-1304
-1273
-1239
-1194
-1138
-1074
-1014
-957
-904
-851
-801
-758
-714
-683
-670
-673
-688
-708
-732
-746
-752
-758
-759
-752
-734
-712
-698
-686
-682
-672
-635
-573
-487
-401
-323
-266
-230
-208
-193
-179
-177
-176
-170
-160
-136
-100
-61
-21
19
66
111
167
230
296
368
429
480
523
555
580
600
613
619
614
599
573
540
505
462
416
374
341
311
287
259
214
170
132
106
101
105
111
107
80
44
0
-49
-100
-154
-224
-294
-344
-393
-435
-473
-502
-524
-534
-527
-511
-487
-460
-430
-390
-351
-318
-291
-288
-290
-290
-292
-294
-312
-339
-365
-393
-410
-422
-426
-420
-410
-395
-382
-363
-342
-325
-312
-306
-294
-280
-263
-249
-237
-221
-212
-198
-181
-163
-137
-108
-88
-73
-61
-50
-42
-30
-12
6
19
34
60
84
108
132
158
190
227
269
307
348
391
431
472
512
562
621
681
742
810
880
960
1046
1131
1215
1298
1389
1479
1559
1628
1693
1744
1785
1815
1843
1859
1870
1878
1877
1882
1894
1914
1942
1979
2024
2076
2135
2203
2277
2353
2424
2492
2559
2634
2721
2816
2903
2977
3043
3099
3147
3180
3193
3197
3202
3209
3225
3254
3293
3341
3396
3448
3505
3559
3605
3642
3665
3686
3709
3731
3752
3766
3770
3767
3745
3719
3682
3640
3610
3588
3573
3553
3535
3523
3509
3495
3486
3473
3451
3421
3386
3354
3324
3294
3260
3222
3175
3114
3055
3006
2960
2920
2885
2852
2828
2803
2787
2778
2767
2748
2723
2696
2664
2635
2601
2553
2499
2446
2386
2330
2270
2208
2143
2069
1991
1899
1807
1710
1609
1503
1397
1301
1213
1125
1043
958
875
795
709
629
544
461
382
296
201
103
7
-81
-173
-272
-365
-460
-551
-634
-707
-767
-818
-858
-886
-925
-974
-1022
-1068
-1109
-1158
-1207
-1253
-1287
-1319
-1356
-1399
-1444
-1487
-1531
-1576
-1620
-1655
-1687
-1719
-1752
-1786
-1814
-1844
-1876
-1915
-1958
-2002
-2048
-2099
-2151
-2205
-2267
-2330
-2393
-2462
-2533
-2598
-2654
-2699
-2735
-2748
-2752
-2751
-2749
-2747
-2755
-2795
-2865
-2935
-2959
-2950
-2921
-2885
-2828
-2747
-2659
-2597
-2568
-2560
-2568
-2582
-2608
-2635
-2654
-2633
-2599
-2530
-2468
-2456
-2435
-2412
-2395
-2372
-2338
-2313
-2288
-2269
-2271
-2300
-2329
-2356
-2375
-2376
-2360
-2338
-2310
-2265
-2210
-2172
-2154
-2137
-2131
-2129
-2120
-2104
-2086
-2056
-2011
-1952
-1890
-1825
-1761
-1702
-1649
-1598
-1561
-1535
-1513
-1500
-1492
-1498
-1511
-1532
-1558
-1577
-1584
-1575
-1555
-1532
-1500
-1451
-1404
-1369
-1331
-1291
-1254
-1226
-1196
-1165
-1144
-1119
-1085
-1057
-1032
-1003
-989
-989
-969
-923
-866
-806
-764
-741
-734
-731
-725
-723
-714
-696
-679
-651
-604
-544
-487
-421
-353
-301
-264
-238
-217
-196
-184
-184
-186
-207
-230
-231
-220
-211
-207
-208
-185
-130
-65
-8
18
33
63
102
142
182
216
241
251
268
293
299
301
324
354
377
395
396
374
360
341
348
384
413
453
510
573
616
642
653
654
679
744
808
859
923
976
1001
994
957
924
911
935
953
944
930
928
923
900
881
864
851
852
844
819
780
762
773
785
797
815
842
872
908
942
969
993
1016
1026
1045
1081
1110
1162
1219
1247
1267
1274
1285
1314
1351
1387
1431
1481
1503
1525
1575
1642
1711
1750
1780
1810
1841
1889
1926
1944
1963
1995
2026
2050
2077
2087
2092
2083
2069
2058
2058
2072
2076
2098
2120
2149
2202
2271
2346
2422
2505
2586
2671
2761
2854
2941
3010
3045
3079
3118
3135
3132
3108
3080
3053
3012
2973
2950
2931
2921
2903
2865
2834
2812
2790
2776
2779
2776
2759
2745
2726
2688
2636
2592
2548
2502
2474
2442
2408
2382
2361
2336
2301
2254
2192
2140
2104
2075
2053
2022
1990
1989
1995
2003
2024
2029
2029
2014
1982
1954
1926
1891
1841
1786
1734
1699
1655
1591
1539
1502
1455
1394
1334
1284
1237
1204
1164
1112
1060
1004
967
931
895
881
869
871
901
936
954
933
911
884
836
794
740
666
582
508
465
449
435
412
351
292
253
199
169
168
159
164
192
213
224
225
232
233
244
254
254
253
270
297
313
340
344
332
324
326
337
354
368
377
377
360
348
324
296
257
222
221
253
308
389
510
656
806
943
1057
1149
1221
1288
1366
1450
1530
1623
1734
1855
1985
2111
2231
2331
2413
2487
2552
2607
2637
2662
2687
2718
2747
2776
2827
2871
2904
2936
2956
2976
3004
3044
3094
3169
3249
3325
3393
3428
3449
3455
3452
3462
3479
3485
3513
3558
3608
3657
3707
3766
3819
3852
3876
3893
3920
3965
3990
4002
4015
4039
4063
4065
4049
4020
3984
3951
3929
3904
3889
3889
3884
3896
3923
3958
3996
4019
4031
4036
4021
3999
3986
3979
3980
3985
4002
4018
4035
4023
3985
3934
3866
3800
3729
3675
3633
3552
3483
3438
3373
3309
3266
3261
3297
3355
3402
3430
3443
3448
3472
3524
3582
3628
3673
3686
3665
3639
3597
3577
3599
3637
3659
3667
3686
3721
3779
3846
3903
3920
3887
3822
3729
3635
3576
3551
3521
3483
3449
3415
3392
3376
3373
3388
3397
3387
3369
3345
3306
3264
3233
3226
3235
3245
3248
3247
3239
3213
3181
3148
3118
3093
3049
3002
2967
2944
2931
2910
2881
2857
2836
2824
2827
2846
2871
2882
2892
2898
2895
2896
2917
2934
2940
2958
2982
3014
3034
3043
3051
3043
3040
3044
3040
3036
3026
3011
2984
2945
2900
2837
2756
2687
2628
2589
2564
2540
2517
2481
2429
2362
2289
2221
2174
2148
2134
2126
2115
2100
2090
2108
2144
2179
2198
2207
2219
2236
2262
2310
2394
2515
2635
2695
2695
2677
2664
2665
2701
2767
2848
2934
3009
3047
3081
3121
3150
3197
3245
3267
3255
3224
3187
3153
3122
3080
3037
2987
2931
2875
2813
2771
2755
2753
2761
2775
2768
2751
2752
2771
2805
2844
2879
2885
2858
2827
2827
2853
2888
2916
2924
2948
2984
3014
3022
2997
2955
2912
2868
2835
2809
2794
2810
2799
2743
2718
2768
2853
2933
2950
2894
2853
2874
2947
3047
3122
3128
3072
3002
2949
2911
2884
2861
2837
2813
2791
2751
2692
2624
2553
2466
2379
2313
2240
2176
2132
2103
2082
2047
2000
1955
1918
1891
1857
1798
1741
1689
1631
1586
1562
1557
1589
1648
1734
1840
1934
1987
1979
1950
1942
1946
1993
2053
2085
2078
2050
2030
2018
2038
2048
2023
1980
1942
1920
1931
1994
2076
2144
2142
2081
2013
1989
2041
2113
2166
2158
2124
2094
2086
2110
2134
2142
2127
2101
2063
2026
1989
1962
1926
1863
1770
1647
1538
1458
1395
1358
1347
1370
1401
1406
1385
1334
1276
1215
1169
1120
1066
1014
1001
994
946
875
839
842
826
824
820
812
788
743
701
663
643
648
662
704
736
732
758
834
924
986
1054
1125
1155
1149
1169
1211
1222
1215
1192
1168
1127
1062
1025
1026
1048
1069
1100
1127
1144
1141
1135
1149
1163
1155
1131
1108
1100
1115
1129
1137
1121
1102
1069
1013
941
869
812
772
738
720
688
650
625
590
581
574
557
553
564
597
633
638
618
566
498
407
353
335
286
213
139
85
43
19
14
11
-3
2
25
41
57
86
122
158
198
226
211
193
172
128
68
25
11
-5
-13
-11
-2
29
59
87
154
223
291
351
393
436
489
502
476
446
404
362
296
229
172
113
48
-16
-77
-138
-203
-268
-314
-325
-262
-162
-75
-16
5
-18
-61
-84
-87
-119
-165
-166
-165
-175
-180
-192
-228
-288
-328
-351
-355
-330
-340
-388
-404
-372
-355
-331
-274
-221
-176
-134
-94
-63
-37
-17
26
47
68
114
176
272
347
395
429
490
585
675
752
821
879
911
926
916
915
916
908
920
916
907
886
860
820
762
710
637
536
428
340
294
289
289
285
285
299
325
349
368
370
354
321
280
234
172
79
-31
-129
-213
-290
-364
-422
-469
-502
-534
-560
-572
-591
-622
-645
-665
-680
-650
-609
-598
-582
-522
-471
-450
-440
-468
-520
-602
-719
-842
-958
-1085
-1238
-1383
-1528
-1672
-1770
-1842
-1908
-1974
-2026
-2055
-2063
-2045
-2010
-1962
-1906
-1827
-1729
-1622
-1515
-1413
-1327
-1282
-1288
-1314
-1337
-1355
-1366
-1382
-1411
-1444
-1479
-1509
-1538
-1580
-1640
-1702
-1738
-1746
-1739
-1701
-1623
-1541
-1467
-1418
-1390
-1362
-1320
-1262
-1193
-1133
-1084
-1045
-1036
-1059
-1110
-1180
-1244
-1276
-1279
-1259
-1237
-1244
-1287
-1330
-1356
-1362
-1349
-1316
-1283
-1258
-1235
-1221
-1220
-1226
-1234
-1248
-1267
-1303
-1342
-1376
-1417
-1471
-1521
-1555
-1589
-1620
-1657
-1696
-1729
-1769
-1795
-1803
-1809
-1819
-1837
-1869
-1909
-1954
-2002
-2031
-2064
-2092
-2117
-2151
-2178
-2206
-2233
-2247
-2257
-2265
-2266
-2258
-2240
-2225
-2220
-2222
-2223
-2221
-2218
-2225
-2241
-2250
-2238
-2232
-2227
-2221
-2207
-2171
-2150
-2151
-2146
-2136
-2137
-2142
-2145
-2147
-2166
-2186
-2196
-2208
-2211
-2202
-2187
-2175
-2155
-2117
-2062
-1991
-1918
-1839
-1760
-1690
-1636
-1607
-1580
-1544
-1502
-1455
-1395
-1322
-1256
-1209
-1180
-1164
-1162
-1157
-1130
-1082
-1018
-945
-873
-814
-765
-722
-682
-646
-616
-595
-575
-556
-532
-506
-482
-445
-408
-380
-358
-341
-326
-309
-272
-225
-193
-159
-111
-59
-17
14
34
37
19
-20
-83
-156
-244
-335
-421
-503
-572
-637
-689
-736
-783
-829
-880
-934
-977
-1019
-1053
-1098
-1158
-1203
-1243
-1292
-1353
-1404
-1413
-1411
-1442
-1475
-1513
-1555
-1595
-1624
-1647
-1664
-1705
-1781
-1833
-1860
-1889
-1930
-1965
-1994
-2012
-2028
-2044
-2047
-2036
-2003
-1952
-1902
-1869
-1851
-1839
-1822
-1812
-1798
-1746
-1693
-1650
-1604
-1564
-1540
-1531
-1524
-1526
-1536
-1565
-1603
-1649
-1687
-1704
-1706
-1700
-1696
-1697
-1707
-1739
-1800
-1857
-1909
-1959
-2019
-2070
-2095
-2108
-2105
-2090
-2066
-2053
-2068
-2085
-2111
-2153
-2194
-2249
-2310
-2367
-2419
-2487
-2572
-2667
-2750
-2807
-2859
-2906
-2943
-2982
-3011
-2998
-2972
-2934
-2889
-2827
-2770
-2722
-2683
-2668
-2670
-2671
-2664
-2667
-2671
-2701
-2731
-2769
-2832
-2905
-2982
-3072
-3171
-3237
-3261
-3237
-3175
-3115
-3084
-3079
-3085
-3092
-3085
-3060
-3028
-3001
-2982
-2966
-2965
-2971
-2975
-2978
-2997
-3016
-3047
-3107
-3173
-3239
-3317
-3405
-3477
-3548
-3601
-3625
-3627
-3611
-3576
-3524
-3466
-3405
-3338
-3276
-3226
-3178
-3154
-3165
-3197
-3232
-3247
-3224
-3192
-3187
-3209
-3236
-3280
-3343
-3404
-3464
-3526
-3567
-3558
-3495
-3395
-3284
-3184
-3095
-3020
-2964
-2934
-2922
-2904
-2894
-2908
-2960
-3058
-3153
-3209
-3247
-3293
-3343
-3402
-3466
-3514
-3558
-3586
-3598
-3616
-3653
-3684
-3696
-3692
-3671
-3635
-3587
-3547
-3545
-3555
-3565
-3589
-3603
-3609
-3615
-3623
-3629
-3635
-3638
-3641
-3643
-3637
-3623
-3622
-3619
-3601
-3577
-3538
-3495
-3449
-3415
-3387
-3366
-3354
-3333
-3314
-3295
-3281
-3278
-3290
-3320
-3351
-3385
-3418
-3457
-3500
-3546
-3608
-3643
-3659
-3676
-3683
-3658
-3589
-3501
-3419
-3350
-3289
-3237
-3209
-3206
-3189
-3196
-3214
-3209
-3229
-3251
-3265
-3287
-3324
-3382
-3443
-3515
-3591
-3668
-3754
-3861
-3958
-4024
-4069
-4104
-4126
-4119
-4105
-4098
-4093
-4084
-4070
-4046
-4006
-3959
-3919
-3885
-3856
-3827
-3796
-3773
-3749
-3709
-3673
-3641
-3607
-3582
-3556
-3530
-3514
-3515
-3530
-3535
-3521
-3494
-3458
-3426
-3399
-3367
-3335
-3311
-3274
-3209
-3122
-3016
-2898
-2772
-2641
-2504
-2369
-2244
-2126
-2023
-1930
-1838
-1754
-1680
-1621
-1588
-1580
-1589
-1613
-1653
-1697
-1735
-1769
-1785
-1783
-1779
-1776
-1773
-1747
-1680
-1590
-1510
-1476
-1476
-1492
-1503
-1490
-1455
-1417
-1393
-1402
-1440
-1467
-1486
-1488
-1458
-1391
-1300
-1220
-1152
-1091
-1033
-982
-966
-966
-960
-958
-972
-998
-1013
-1017
-1015
-1011
-1003
-986
-974
-981
-994
-991
-992
-996
-1003
-1012
-1013
-1001
-980
-960
-931
-895
-858
-818
-775
-726
-683
-654
-636
-613
-600
-596
-595
-595
-591
-596
-605
-607
-616
-646
-670
-675
-676
-692
-708
-721
-741
-750
-746
-725
-692
-655
-617
-565
-511
-463
-403
-341
-263
-173
-89
-13
56
116
148
149
132
102
62
36
28
4
-26
-38
-34
-2
46
81
118
200
293
371
447
515
592
683
765
833
891
948
992
1002
987
979
954
918
929
969
1015
1065
1119
1177
1234
1258
1278
1304
1336
1376
1406
1439
1486
1538
1564
1569
1555
1540
1533
1515
1475
1412
1337
1261
1184
1101
994
893
811
733
648
560
476
394
318
239
172
111
50
-23
-96
-171
-242
-310
-378
-433
-475
-505
-523
-535
-549
-561
-564
-557
-535
-496
-454
-399
-321
-249
-196
-131
-76
-47
-47
-38
0
43
56
37
20
1
-15
-37
-17
12
26
59
71
50
26
7
-29
-50
-47
-52
-66
-73
-89
-112
-110
-107
-122
-130
-127
-126
-115
-93
-67
-31
-5
6
4
6
19
22
28
48
73
81
72
65
71
88
93
76
29
-18
-62
-98
-122
-156
-180
-156
-93
-50
-2
73
131
148
136
128
146
148
114
100
137
214
299
365
391
407
422
425
400
314
221
151
75
9
-28
-47
-46
-29
10
49
62
62
70
94
123
153
188
215
217
221
237
245
226
194
113
-18
-151
-276
-387
-456
-460
-408
-300
-153
38
197
278
335
396
453
501
535
556
544
495
456
427
415
391
358
332
304
281
260
231
231
258
273
280
267
259
270
294
317
335
366
398
407
400
388
365
328
272
211
159
116
82
51
21
-1
-29
-85
-146
-186
-233
-288
-348
-423
-495
-522
-547
-584
-619
-663
-708
-766
-791
-832
-896
-948
-1025
-1111
-1147
-1134
-1146
-1177
-1206
-1234
-1261
-1300
-1345
-1390
-1445
-1499
-1529
-1533
-1533
-1554
-1602
-1652
-1674
-1687
-1695
-1695
-1694
-1691
-1690
-1712
-1747
-1782
-1809
-1821
-1829
-1831
-1819
-1829
-1853
-1869
-1895
-1912
-1918
-1912
-1898
-1867
-1835
-1816
-1797
-1774
-1744
-1705
-1660
-1623
-1586
-1550
-1507
-1453
-1394
-1320
-1256
-1202
-1143
-1096
-1046
-991
-943
-903
-866
-826
-808
-803
-812
-820
-810
-810
-820
-813
-801
-786
-752
-696
-633
-570
-497
-418
-323
-234
-151
-57
37
125
207
280
335
364
390
403
385
366
328
303
308
327
357
399
429
448
484
557
628
663
697
738
788
850
913
969
1015
1051
1076
1078
1090
1110
1121
1119
1112
1105
1085
1061
1047
1054
1069
1095
1139
1186
1217
1233
1245
1265
1285
1320
1363
1397
1421
1439
1462
1486
1513
1534
1556
1577
1582
1583
1587
1587
1582
1566
1542
1505
1456
1392
1316
1230
1136
1049
972
903
840
789
764
753
756
772
798
835
871
898
913
923
934
956
982
1007
1027
1045
1042
1019
998
977
967
957
933
921
925
948
972
991
1005
1002
988
965
947
939
936
936
948
960
974
985
980
974
965
964
989
1028
1070
1117
1169
1212
1238
1257
1264
1250
1237
1247
1264
1283
1296
1323
1350
1377
1413
1450
1470
1479
1516
1559
1583
1588
1584
1562
1544
1527
1504
1472
1428
1378
1318
1244
1151
1044
918
797
701
616
539
451
341
233
111
-21
-131
-218
-278
-328
-389
-404
-394
-418
-450
-480
-509
-553
-618
-699
-792
-878
-975
-1080
-1174
-1262
-1344
-1418
-1484
-1555
-1624
-1685
-1743
-1795
-1842
-1880
-1911
-1941
-1970
-1991
-2005
-2011
-2010
-1991
-1956
-1903
-1848
-1802
-1740
-1654
-1546
-1435
-1331
-1244
-1195
-1175
-1158
-1134
-1108
-1075
-1021
-953
-887
-819
-743
-667
-603
-550
-513
-499
-499
-506
-504
-507
-524
-538
-548
-561
-567
-572
-572
-563
-560
-562
-565
-566
-570
-569
-569
-564
-575
-592
-613
-649
-698
-762
-835
-910
-976
-1026
-1053
-1063
-1057
-1054
-1059
-1091
-1144
-1189
-1215
-1227
-1229
-1219
-1209
-1218
-1242
-1260
-1293
-1340
-1388
-1433
-1461
-1477
-1483
-1486
-1489
-1492
-1514
-1543
-1563
-1578
-1591
-1601
-1590
-1566
-1536
-1489
-1435
-1378
-1317
-1257
-1194
-1130
-1070
-1001
-921
-832
-734
-635
-527
-415
-311
-207
-109
-16
83
172
249
326
394
466
535
597
648
682
713
737
753
763
759
748
736
733
736
745
753
755
764
773
784
800
826
847
860
868
881
887
894
930
963
983
991
998
1018
1051
1096
1147
1198
1241
1287
1311
1317
1309
1278
1250
1223
1193
1171
1157
1142
1114
1070
1028
1005
1027
1098
1187
1284
1388
1493
1594
1697
1799
1885
1958
2027
2082
2113
2128
2124
2097
2059
2012
1950
1870
1785
1700
1607
1531
1462
1403
1373
1331
1258
1178
1123
1067
1020
1011
1022
1049
1114
1214
1330
1437
1528
1599
1645
1688
1719
1733
1730
1718
1702
1670
1640
1621
1626
1647
1663
1680
1701
1732
1762
1784
1797
1796
1789
1788
1783
1780
1771
1764
1764
1758
1753
1731
1701
1673
1646
1623
1607
1583
1562
1536
1518
1499
1479
1466
1438
1405
1371
1330
1286
1244
1203
1166
1126
1103
1088
1078
1070
1062
1065
1073
1096
1123
1149
1173
1187
1207
1240
1273
1302
1336
1385
1442
1503
1561
1615
1655
1684
1717
1751
1798
1864
1945
2033
2114
2202
2289
2373
2439
2480
2512
2524
2520
2513
2514
2537
2585
2622
2641
2648
2659
2696
2770
2857
2915
2970
3025
3082
3129
3174
3241
3285
3278
3249
3213
3181
3164
3142
3104
3079
3059
3041
3054
3089
3117
3130
3152
3187
3218
3251
3281
3294
3288
3268
3246
3224
3214
3216
3222
3216
3202
3187
3159
3115
3072
3033
2984
2942
2923
2891
2849
2810
2768
2729
2689
2652
2618
2562
2499
2431
2345
2279
2238
2206
2172
2118
2065
2012
1943
1900
1893
1875
1860
1843
1795
1736
1685
1638
1604
1582
1576
1601
1637
1678
1714
1751
1786
1817
1847
1885
1911
1917
1929
1953
1975
1992
2010
2039
2077
2115
2151
2182
2211
2229
2247
2269
2293
2320
2346
2367
2397
2437
2479
2531
2579
2626
2664
2700
2745
2785
2834
2878
2913
2944
2966
2981
2991
2993
2997
3005
3010
3038
3086
3136
3173
3212
3270
3320
3347
3358
3366
3374
3375
3359
3326
3281
3222
3150
3083
3024
2963
2899
2846
2798
2752
2714
2681
2641
2594
2547
2510
2476
2428
2375
2308
2236
2151
2060
1974
1881
1795
1718
1642
1571
1500
1422
1340
1266
1203
1153
1121
1094
1063
1036
1014
994
974
960
956
952
943
931
912
896
876
851
831
805
774
751
735
714
692
687
696
707
715
711
701
690
685
686
689
705
723
740
760
789
829
866
899
934
969
1005
1046
1089
1141
1196
1245
1284
1312
1336
1358
1378
1403
1435
1467
1500
1534
1561
1587
1620
1660
1708
1765
1823
1873
1918
1962
1999
2025
2038
2051
2044
2034
2044
2053
2059
2049
2056
2066
2060
2056
2063
2085
2105
2119
2119
2104
2089
2083
2085
2085
2081
2066
2045
2018
1986
1955
1922
1877
1814
1747
1693
1651
1615
1596
1580
1554
1514
1468
1445
1453
1478
1501
1503
1491
1466
1413
1356
1309
1238
1169
1147
1175
1218
1247
1268
1294
1326
1356
1387
1428
1462
1483
1507
1521
1535
1555
1584
1613
1624
1621
1607
1586
1572
1563
1564
1570
1573
1576
1569
1555
1554
1571
1589
1604
1628
1666
1712
1763
1819
1882
1932
1971
2002
2020
2022
2008
1994
1980
1963
1940
1926
1915
1908
1929
1978
2047
2115
2178
2224
2233
2228
2228
2250
2295
2346
2382
2382
2359
2343
2347
2362
2367
2350
2325
2309
2298
2278
2255
2241
2221
2190
2165
2139
2119
2102
2077
2057
2040
2019
1990
1961
1931
1908
1883
1849
1821
1802
1775
1738
1706
1669
1630
1585
1531
1470
1395
1313
1234
1154
1073
994
920
855
796
758
736
745
782
854
919
967
1029
1088
1139
1174
1196
1195
1182
1163
1130
1080
1015
944
872
817
793
790
799
793
775
777
812
900
1036
1196
1339
1429
1475
1502
1514
1522
1528
1509
1462
1389
1288
1169
1035
893
754
634
525
419
326
262
215
171
133
97
76
69
45
-5
-79
-158
-225
-273
-309
-343
-384
-440
-489
-551
-620
-687
-752
-814
-898
-982
-1060
-1143
-1224
-1299
-1383
-1457
-1511
-1557
-1590
-1612
-1627
-1639
-1654
-1668
-1668
-1649
-1622
-1599
-1583
-1574
-1554
-1526
-1489
-1441
-1388
-1341
-1292
-1238
-1183
-1137
-1082
-1020
-966
-921
-888
-864
-844
-821
-801
-785
-771
-755
-739
-715
-687
-663
-633
-606
-573
-537
-496
-454
-429
-412
-397
-381
-362
-335
-306
-269
-234
-203
-172
-145
-121
-102
-82
-54
-21
13
52
97
151
200
243
275
306
344
382
429
480
531
585
635
684
726
758
784
806
826
840
851
861
865
871
884
890
897
910
925
943
970
1002
1036
1073
1115
1154
1190
1218
1232
1244
1251
1255
1248
1250
1257
1260
1261
1252
1245
1245
1253
1261
1264
1262
1258
1251
1244
1231
1211
1191
1173
1155
1142
1131
1122
1115
1106
1100
1095
1092
1094
1094
1092
1088
1087
1087
1089
1086
1076
1068
1046
1014
979
936
893
858
832
805
789
786
790
797
806
823
842
862
877
892
919
945
960
973
980
992
1005
1018
1026
1020
1009
992
966
932
899
861
826
787
756
739
725
721
716
708
702
698
697
697
689
684
680
683
688
680
673
669
672
675
678
676
678
677
678
682
683
689
690
689
695
713
730
751
780
807
838
884
930
980
1031
1073
1094
1093
1082
1071
1065
1071
1080
1085
1083
1054
995
921
875
865
879
900
914
911
887
862
852
855
859
867
868
859
850
855
862
870
877
882
878
871
865
849
833
821
806
771
732
695
662
621
568
509
440
369
305
235
166
99
37
-18
-75
-134
-205
-285
-368
-444
-519
-590
-650
-718
-793
-875
-954
-1031
-1096
-1160
-1219
-1256
-1309
-1379
-1447
-1513
-1575
-1637
-1696
-1749
-1795
-1835
-1882
-1914
-1933
-1956
-1983
-2014
-2048
-2081
-2110
-2131
-2142
-2147
-2144
-2137
-2126
-2114
-2108
-2103
-2092
-2081
-2066
-2041
-2014
-1994
-1971
-1951
-1937
-1924
-1913
-1896
-1887
-1877
-1863
-1848
-1826
-1800
-1771
-1743
-1722
-1699
-1679
-1665
-1644
-1618
-1594
-1567
-1538
-1508
-1478
-1443
-1406
-1374
-1346
-1322
-1291
-1262
-1244
-1223
-1204
-1187
-1163
-1140
-1117
-1105
-1094
-1083
-1074
-1053
-1026
-1004
-991
-978
-969
-957
-949
-938
-920
-906
-889
-876
-867
-863
-868
-873
-878
-878
-872
-862
-844
-831
-822
-813
-803
-782
-755
-729
-692
-648
-605
-562
-523
-475
-425
-367
-311
-260
-208
-151
-96
-60
-26
5
38
66
94
116
141
176
208
236
250
264
275
280
285
297
313
329
341
351
360
368
381
389
395
403
409
418
425
428
428
439
457
460
453
444
432
416
396
373
344
318
295
270
244
220
205
181
156
128
99
76
53
24
-8
-40
-79
-106
-137
-174
-216
-263
-310
-348
-384
-420
-450
-482
-512
-531
-536
-538
-542
-547
-545
-543
-550
-554
-562
-568
-568
-568
-569
-577
-589
-597
-602
-605
-615
-631
-635
-634
-634
-634
-630
-629
-629
-624
-622
-620
-626
-623
-611
-600
-576
-546
-512
-472
-429
-393
-378
-381
-380
-375
-373
-374
-375
-372
-369
-356
-339
-322
-298
-276
-256
-235
-209
-183
-161
-133
-99
-77
-65
-60
-56
-56
-59
-60
-64
-79
-97
-101
-92
-80
-63
-50
-36
-21
-22
-25
-29
-35
-43
-54
-71
-94
-112
-118
-119
-114
-104
-98
-81
-59
-39
-31
-34
-33
-34
-39
-34
1
48
109
159
193
243
284
318
348
375
397
410
406
393
368
333
308
283
260
237
215
206
214
220
217
220
228
238
253
279
298
323
360
390
410
433
447
449
441
423
414
408
399
390
381
367
347
321
289
259
236
206
178
162
150
137
128
123
120
118
125
141
159
179
202
229
256
282
294
299
300
307
321
339
366
385
401
417
432
443
458
481
509
537
569
597
619
640
659
676
688
696
709
740
784
828
878
933
998
1075
1165
1255
1335
1395
1421
1436
1435
1422
1397
1372
1337
1282
1230
1181
1135
1090
1043
1000
956
915
879
844
814
774
717
655
593
519
439
360
279
193
112
39
-28
-82
-124
-161
-185
-210
-240
-257
-256
-225
-167
-117
-75
-44
-32
-27
-40
-65
-105
-134
-147
-181
-225
-254
-265
-231
-172
-114
-73
-49
-37
-53
-49
-28
2
48
114
174
231
274
300
342
372
371
345
311
284
256
238
222
197
180
160
147
137
128
123
131
146
179
220
273
347
403
437
468
516
574
625
660
674
694
723
756
790
812
833
856
869
874
884
878
853
807
744
675
617
562
482
388
291
197
118
65
49
83
137
177
201
241
308
356
376
391
405
428
453
456
424
384
369
400
448
450
412
358
302
249
204
136
62
6
-48
-104
-176
-246
-292
-305
-281
-222
-147
-72
-1
40
60
88
112
115
106
104
105
103
95
92
88
93
103
106
102
79
34
-23
-76
-107
-127
-150
-177
-181
-152
-108
-57
-18
9
40
66
85
105
113
104
71
15
-35
-77
-138
-217
-303
-376
-432
-476
-507
-531
-540
-555
-571
-576
-561
-533
-500
-461
-418
-374
-330
-304
-290
-280
-291
-320
-375
-439
-494
-529
-553
-581
-607
-629
-659
-702
-750
-788
-790
-772
-742
-703
-670
-649
-640
-639
-640
-636
-628
-625
-630
-648
-667
-692
-723
-738
-733
-709
-672
-601
-510
-415
-304
-168
-17
151
327
507
687
853
1002
1139
1263
1372
1472
1553
1610
1628
1623
1605
1576
1538
1486
1428
1369
1329
1326
1354
1388
1406
1418
1443
1486
1546
1610
1678
1739
1784
1844
1925
1984
2000
1979
1954
1957
1977
2008
2026
2036
2048
2054
2051
2034
1997
1951
1913
1873
1846
1847
1868
1913
1977
2059
2142
2221
2299
2379
2466
2554
2637
2706
2761
2799
2818
2813
2787
2754
2720
2688
2660
2630
2599
2572
2546
2517
2485
2455
2419
2369
2312
2274
2246
2221
2198
2170
2137
2098
2053
2003
1950
1894
1842
1798
1762
1718
1663
1609
1561
1511
1461
1412
1358
1298
1221
1136
1054
985
928
881
839
800
768
744
722
697
674
638
595
547
499
477
469
471
483
497
525
562
607
654
682
713
753
796
846
894
938
968
981
980
972
964
961
969
1005
1069
1135
1220
1313
1398
1465
1526
1585
1616
1614
1587
1559
1527
1484
1429
1366
1305
1234
1167
1113
1072
1038
1000
956
920
926
954
982
1010
1054
1113
1162
1182
1164
1129
1108
1104
1112
1107
1062
1008
967
928
880
825
773
729
693
654
622
592
561
533
498
467
443
422
414
420
435
444
459
467
466
470
469
457
427
387
348
314
280
250
219
175
124
72
15
-49
-127
-214
-303
-395
-476
-553
-618
-654
-674
-674
-659
-653
-669
-700
-723
-713
-672
-621
-595
-608
-646
-692
-724
-738
-746
-752
-768
-797
-812
-820
-833
-856
-882
-905
-929
-952
-973
-999
-1028
-1066
-1109
-1143
-1167
-1181
-1190
-1199
-1215
-1243
-1280
-1320
-1362
-1398
-1437
-1466
-1494
-1526
-1547
-1569
-1592
-1617
-1640
-1661
-1683
-1698
-1709
-1724
-1741
-1755
-1774
-1801
-1829
-1860
-1896
-1940
-1983
-2025
-2077
-2128
-2177
-2227
-2276
-2321
-2362
-2402
-2439
-2470
-2496
-2518
-2538
-2550
-2559
-2574
-2587
-2599
-2613
-2622
-2629
-2631
-2630
-2631
-2635
-2639
-2631
-2618
-2606
-2589
-2563
-2539
-2513
-2490
-2469
-2450
-2432
-2406
-2381
-2352
-2318
-2286
-2256
-2227
-2197
-2161
-2123
-2088
-2053
-2012
-1969
-1929
-1891
-1847
-1807
-1776
-1744
-1718
-1693
-1663
-1644
-1632
-1626
-1625
-1622
-1624
-1624
-1626
-1633
-1636
-1641
-1645
-1640
-1620
-1594
-1569
-1545
-1517
-1492
-1464
-1428
-1385
-1336
-1284
-1230
-1184
-1152
-1132
-1119
-1112
-1107
-1104
-1110
-1119
-1130
-1138
-1147
-1156
-1153
-1139
-1111
-1075
-1051
-1035
-1019
-994
-951
-893
-836
-793
-762
-746
-728
-707
-691
-678
-669
-671
-691
-723
-762
-800
-844
-888
-931
-983
-1040
-1093
-1143
-1189
-1227
-1258
-1282
-1302
-1315
