83
-285
-328
-299
-505
-677
-755
-841
-869
-780
-810
-484
-585
-385
33
354
564
671
689
977
1548
1477
1592
1448
1709
1701
1515
1677
1707
1391
1153
1117
901
1179
1453
1514
1505
1508
1702
1771
1835
2298
2658
2972
2970
2875
2646
2641
2715
2564
2570
2543
2640
2841
2811
2802
2966
2486
2214
1898
1300
1154
1224
1063
727
516
25
-369
-339
-572
-774
-644
-791
-874
-810
-830
-971
-863
-710
-815
-967
-1113
-1071
-1190
-1366
-1330
-1450
-1645
-1754
-1865
-1876
-1939
-2049
-1869
-1423
-1377
-1558
-1416
-1109
-1001
-941
-1131
-1060
-593
-438
-246
-142
-473
-763
-598
-643
-690
-599
-689
-844
-924
-950
-1014
-1096
-1174
-1280
-1231
-1312
-1557
-1478
-1414
-1412
-1276
-1404
-1311
-1250
-1508
-1532
-1763
-2230
-2329
-2226
-2457
-2308
-2220
-2264
-2433
-2282
-2095
-1849
-1412
-1420
-1338
-1236
-1160
-1289
-1256
-1071
-775
-625
-87
124
15
1
-32
114
0
-98
-176
41
200
113
101
220
133
214
323
400
351
158
242
518
566
509
804
744
795
943
1220
1661
1657
1449
1268
1305
1411
1372
1377
1379
1213
1156
1272
1311
1340
1324
1152
1157
1080
1144
1270
1098
842
621
507
537
770
764
734
668
577
560
330
410
547
395
516
723
811
1008
972
821
816
789
947
1139
997
852
965
987
947
903
959
1295
1338
1305
1161
1202
1585
1589
1792
1930
1785
1595
1243
1053
1000
723
348
382
362
237
309
393
660
621
520
609
642
561
532
646
683
662
394
289
406
525
378
269
23
-326
-267
-422
-695
-907
-1128
-1146
-978
-1098
-829
-400
-351
-136
-197
-527
-760
-763
-875
-731
-665
-838
-688
-680
-470
-141
-38
-19
158
342
490
454
308
435
435
415
663
811
691
369
363
453
227
74
-184
-464
-572
-358
-275
34
352
422
462
361
304
148
211
179
-210
-425
-405
-359
-225
-362
-319
-171
-190
-97
379
668
644
512
319
293
179
14
-29
39
-6
343
116
-283
-431
-491
-348
-361
-572
-760
-822
-1114
-828
-569
-707
-660
-273
-346
-411
-379
-477
-476
-818
-919
-927
-1454
-1554
-975
-747
-511
-484
-833
-1206
-1307
-1408
-1663
-1948
-2158
-2326
-2413
-2542
-2481
-2464
-2624
-2707
-2866
-2874
-2986
-3063
-3015
-2893
-2677
-2374
-2203
-2050
-1864
-1583
-1549
-1650
-1588
-1664
-1886
-1914
-1957
-2164
-2405
-2599
-2645
-2582
-2572
-2655
-2709
-2612
-2461
-2470
-2758
-2844
-2477
-2280
-1808
-1690
-1756
-1889
-2047
-1716
-1476
-1367
-1045
-984
-890
-682
-704
-375
-1
51
104
341
372
489
769
1272
1438
1383
1433
1338
1286
1446
1634
1691
1730
1803
2033
2039
1955
1986
1979
2131
2369
2466
2426
2374
2420
2311
2215
2076
2275
2389
2377
2580
2716
3141
3237
3162
3091
3041
2660
2471
2784
2798
2833
2619
2390
1950
1694
1847
1968
1810
1420
1434
1548
1590
1533
1584
1377
996
727
473
319
229
382
231
-28
169
387
214
-10
-43
-174
78
123
176
221
78
171
108
104
-74
120
312
331
446
785
983
950
1115
984
949
1000
696
649
674
510
505
446
321
56
-159
-197
-26
-90
30
92
-25
28
-66
73
272
190
1
17
112
80
-9
44
254
295
-18
-231
-314
-381
-353
-421
-747
-906
-974
-947
-929
-766
-738
-863
-591
-754
-797
-722
-790
-707
-658
-829
-680
-373
-514
-473
-349
-147
60
110
-2
132
211
97
111
-25
171
292
127
-56
-212
-348
-308
-355
-443
-336
-394
-270
-130
203
335
296
340
359
293
142
-2
-338
-360
-343
-449
-776
-865
-749
-837
-917
-1210
-1542
-1619
-1973
-1977
-1621
-1717
-1732
-1556
-1521
-1635
-1572
-1696
-1741
-1647
-1741
-1877
-1971
-1975
-1701
-1568
-1495
-1412
-1183
-610
-436
-498
-503
-337
-174
-185
-336
-288
55
8
-129
102
280
270
125
82
65
72
140
352
298
163
116
69
34
-13
-99
-262
-179
-408
-381
-255
-299
-312
-184
-194
-247
-79
38
188
156
80
25
167
308
286
230
34
-259
-403
-656
-808
-929
-824
-706
-776
-723
-738
-482
-226
-30
38
179
423
429
339
417
434
392
461
397
482
680
761
945
1213
1251
1246
1253
1316
1285
1393
1649
1596
1500
1544
1866
1663
1638
1714
1583
1687
1506
1543
1474
1387
1260
1159
1241
1228
1162
1066
1163
1016
888
996
964
1059
1141
1172
879
761
755
674
846
957
941
978
1005
1103
1485
1470
1503
1368
1193
1243
1283
1223
1202
1367
1324
1390
1339
1173
908
644
705
493
601
930
1026
1105
1116
1399
1463
1479
1232
1054
962
615
405
509
642
559
589
456
296
0
-296
-516
-680
-770
-861
-981
-1289
-1456
-1420
-1318
-1272
-1108
-872
-944
-1195
-1135
-951
-889
-837
-820
-917
-884
-861
-903
-852
-1099
-1060
-899
-903
-1000
-953
-934
-984
-993
-1210
-1092
-1060
-1226
-1334
-1321
-1091
-911
-875
-761
-679
-742
-658
-643
-553
-291
-287
-261
-286
-399
-621
-516
-420
-590
-531
-523
-464
-134
112
-67
100
208
380
418
292
352
340
477
604
723
696
674
630
584
529
465
349
230
96
120
198
350
438
264
186
255
349
460
525
567
854
853
799
666
440
562
691
638
660
730
661
516
223
65
-134
-395
-418
-488
-668
-764
-589
-596
-860
-956
-1188
-1297
-1341
-1311
-1195
-1097
-1001
-960
-890
-696
-545
-582
-569
-713
-792
-893
-981
-993
-957
-926
-1016
-1067
-985
-883
-1025
-1098
-1204
-1238
-911
-925
-1076
-1270
-1235
-942
-670
-555
-605
-547
-563
-510
-663
-575
-484
-460
-472
-598
-476
-231
-7
-75
-206
-233
-287
-424
-331
-63
120
309
345
286
373
532
533
530
613
689
746
620
669
656
505
599
825
937
780
692
643
667
915
1137
1109
802
674
572
453
279
107
68
-21
111
270
309
342
396
225
161
181
-82
-203
-145
-98
-97
2
95
240
300
216
384
559
613
512
447
465
372
345
363
300
313
156
-106
-273
-333
-250
-316
-468
-538
-602
-777
-784
-788
-818
-942
-1044
-1068
-1229
-1393
-1251
-1149
-1192
-955
-904
-850
-734
-603
-598
-507
-501
-776
-838
-1046
-1154
-1128
-1044
-1156
-1212
-1142
-1275
-1188
-1082
-987
-1020
-1052
-1094
-1119
-1004
-975
-945
-876
-784
-627
-590
-535
-382
-237
-190
-237
-320
-297
-179
-319
-310
-318
-320
-144
-18
-95
-140
-172
-265
-31
192
350
390
474
442
406
497
640
704
950
1292
1120
1115
1170
1096
863
748
615
623
610
488
463
328
263
281
408
458
558
628
692
664
835
921
960
1052
1083
1131
1269
1308
1336
1509
1602
1744
1802
1885
1952
2076
1996
1889
1626
1548
1694
1742
1691
1663
1738
1686
1558
1326
1460
1455
1327
1221
1155
1255
1132
1065
1032
1123
1322
1331
1146
958
1045
1061
922
562
513
416
219
336
298
326
422
285
3
-22
-276
-396
-339
-230
-262
-319
-202
-124
-85
-23
108
-26
-149
-223
-119
-177
-420
-652
-730
-806
-860
-939
-1043
-1045
-1003
-956
-1038
-945
-996
-1122
-1077
-1011
-1117
-1145
-1162
-1252
-1370
-1389
-1429
-1574
-1719
-1713
-1638
-1828
-2084
-2221
-2000
-1790
-1697
-1598
-1556
-1376
-1378
-1406
-1240
-1223
-1335
-1491
-1550
-1714
-1845
-1828
-1619
-1448
-1310
-1070
-777
-590
-613
-637
-769
-911
-986
-861
-537
-367
-177
212
232
227
486
466
373
392
392
522
682
673
543
489
445
304
228
436
367
27
147
253
274
268
202
321
264
202
290
400
229
177
351
545
664
840
1083
1027
1226
1445
1411
1426
1668
1551
1410
1395
1130
1096
1304
1314
1459
1485
1221
1158
1196
1393
1391
1288
1089
895
836
1043
1381
1451
1487
1305
1183
1230
1085
1042
1259
1301
1156
1056
1083
975
735
735
791
944
1023
1094
1008
883
741
520
413
363
354
149
83
259
253
55
139
119
-165
-388
-603
-641
-712
-590
-310
-343
-577
-657
-544
-482
-236
-256
-328
-241
16
234
382
504
508
674
658
692
710
751
897
1026
856
768
664
408
400
349
265
228
418
582
470
496
773
781
633
554
594
820
771
779
966
1196
1360
1313
1162
1065
965
942
925
655
575
444
387
519
703
670
648
718
792
796
722
613
584
707
752
810
648
604
485
331
307
178
122
139
-38
-88
55
180
280
308
175
45
69
46
148
166
-77
-367
-550
-581
-840
-964
-1084
-1335
-1270
-1109
-1065
-1046
-843
-946
-1028
-1136
-1245
-1264
-1201
-1342
-1428
-1351
-1257
-1108
-1182
-1148
-1222
-1150
-1114
-1013
-1065
-1235
-1187
-1093
-1067
-1098
-1108
-1281
-1588
-1782
-1910
-2103
-2051
-1897
-1885
-1962
-2041
-2266
-2449
-2476
-2574
-2633
-2680
-2660
-2716
-2848
-2800
-2701
-2563
-2568
-2621
-2538
-2453
-2440
-2363
-2226
-2037
-2001
-2181
-2275
-2282
-2204
-1963
-1663
-1475
-1294
-1254
-1167
-1137
-1088
-874
-967
-776
-741
-881
-759
-719
-539
-340
-250
-434
-534
-518
-441
-469
-352
-71
-117
-79
67
3
24
256
398
560
820
1070
1238
1326
1228
1341
1547
1582
1786
1846
1742
1811
1595
1514
1554
1402
1363
1506
1696
1683
1709
1663
1665
1494
1444
1367
1304
1249
1072
1086
1002
998
1091
1251
1204
1311
1381
1167
1059
1273
1376
1450
1593
1507
1398
1259
1212
1095
1039
1015
961
877
905
892
772
694
586
457
494
587
486
551
629
530
480
561
374
271
139
107
403
408
405
516
452
219
271
187
85
-16
-54
-78
-127
81
241
243
320
437
513
612
573
627
483
386
256
186
204
203
252
216
313
284
204
252
171
110
79
49
-63
-137
-82
-145
-171
-231
-180
-85
-54
-122
-199
-156
-124
-42
-232
-502
-434
-302
-234
-182
-74
-57
-159
-321
-312
-309
-277
-321
-335
-209
-177
-181
-80
-58
-239
-120
-224
-497
-610
-721
-973
-1073
-1198
-1155
-983
-1171
-1222
-1144
-1151
-1095
-1042
-1099
-1178
-1290
-1341
-1505
-1595
-1576
-1710
-1825
-1855
-1793
-1611
-1436
-1229
-975
-977
-1108
-964
-981
-952
-857
-775
-622
-538
-457
-524
-492
-543
-591
-722
-954
-1089
-1141
-1096
-1063
-1226
-1280
-1204
-1275
-1494
-1592
-1592
-1680
-1636
-1548
-1400
-1621
-1664
-1429
-1333
-1275
-1261
-1345
-1270
-1083
-1062
-784
-631
-635
-546
-342
-272
-144
38
190
335
373
381
270
168
4
81
196
387
580
542
712
687
650
826
764
754
809
794
900
850
727
746
691
623
502
439
509
464
434
615
754
835
892
948
1175
1285
1156
1072
1137
1230
1295
1240
1296
1297
1263
1320
1215
1171
1224
1204
1262
1406
1287
994
994
1363
1623
1647
1645
1671
1659
1661
1549
1428
1525
1593
1605
1767
1874
1883
1908
2051
2182
2148
2210
2257
2340
2426
2555
2675
2797
2841
2713
2429
2050
1756
1587
1544
1597
1681
1506
1292
1347
1393
1228
1111
1005
947
839
857
871
773
572
367
206
125
177
121
224
25
133
230
152
177
195
300
346
632
666
570
391
302
89
-22
-62
-75
25
-243
-264
-328
-482
-528
-666
-731
-659
-892
-1087
-964
-915
-740
-640
-633
-607
-676
-770
-743
-696
-774
-779
-704
-613
-736
-910
-1005
-1214
-1232
-1327
-1521
-1510
-1397
-1292
-1218
-1239
-1339
-1354
-1364
-1301
-1202
-1143
-914
-719
-579
-708
-773
-825
-1049
-1040
-1176
-1170
-1236
-1178
-976
-776
-665
-639
-692
-848
-951
-1056
-989
-1050
-989
-730
-647
-735
-744
-803
-782
-825
-793
-635
-589
-459
-321
-119
154
196
189
56
75
415
437
417
477
605
574
692
807
650
573
554
571
574
679
624
538
601
576
540
595
658
571
757
789
750
850
767
731
605
394
375
555
468
336
229
180
109
44
-147
-331
-196
-246
-467
-509
-440
-334
-371
-361
-246
-253
-262
-338
-296
-277
-303
-214
30
109
22
177
160
157
256
333
427
427
405
231
199
193
260
261
289
336
433
485
508
652
560
451
487
503
339
514
548
647
799
705
719
745
624
510
519
495
519
600
693
708
738
650
577
545
586
660
547
506
532
568
626
462
377
442
412
472
490
508
599
606
511
485
568
459
322
170
222
144
88
68
60
97
-28
-57
-135
-287
-520
-552
-874
-973
-1075
-1053
-860
-826
-711
-702
-649
-781
-864
-768
-558
-573
-567
-655
-722
-678
-752
-730
-730
-603
-545
-443
-369
-453
-548
-649
-691
-777
-827
-693
-692
-864
-758
-726
-697
-571
-582
-709
-641
-555
-561
-518
-436
-233
-123
-134
-191
-226
-380
-292
-173
-329
-476
-574
-793
-929
-1039
-1098
-1036
-1076
-1108
-1142
-1149
-1140
-1016
-1057
-1120
-1166
-1136
-1069
-1075
-932
-832
-741
-700
-679
-699
-551
-491
-673
-507
-344
-458
-514
-332
-189
-107
-92
-12
170
304
516
476
319
282
281
253
340
420
718
796
648
857
971
1079
1214
1142
1081
1132
1064
1031
1041
1011
880
820
730
590
447
379
200
33
20
-86
-191
-258
-249
-391
-469
-513
-725
-872
-779
-751
-749
-761
-828
-770
-692
-750
-781
-642
-586
-591
-460
-393
-354
-238
-213
-314
-306
-342
-245
-64
-135
-106
-141
-158
-21
196
249
218
100
165
126
1
29
51
70
-93
-63
-103
-117
33
145
217
346
458
577
462
364
541
626
721
743
765
617
513
445
393
552
434
320
299
266
326
280
283
382
507
706
729
677
527
391
394
406
215
151
288
214
279
215
14
-6
21
-125
-231
-216
-271
-415
-425
-405
-318
-56
48
75
183
212
298
245
170
328
161
62
-33
-116
-44
-78
-84
135
313
306
268
184
241
271
157
69
63
49
-5
-16
-106
-126
-142
-242
-178
-129
-79
-82
-62
-91
-190
-262
-209
-352
-508
-349
-237
-159
-59
-88
-158
-73
-83
122
244
169
84
72
134
218
254
249
415
290
197
163
14
-36
-146
-104
61
149
130
-96
-234
-288
-360
-418
-475
-498
-565
-668
-644
-508
-405
-371
-434
-393
-237
-137
-47
27
141
104
104
294
436
374
286
409
435
530
569
476
526
471
226
202
247
210
289
366
549
590
425
375
310
338
307
311
461
632
724
614
514
338
213
186
150
84
119
144
-31
-28
-97
-306
-374
-437
-439
-526
-565
-577
-517
-484
-450
-472
-467
-287
-421
-521
-612
-596
-584
-593
-609
-606
-433
-513
-475
-473
-353
-172
-143
-69
-65
-14
32
76
34
84
66
79
233
401
564
561
763
906
896
968
951
991
1128
1296
1408
1428
1420
1473
1693
1725
1758
1842
1901
2028
2107
2006
1812
1758
1475
1366
1313
1251
1154
964
757
556
519
440
345
155
259
235
155
249
243
89
32
141
10
158
165
125
195
197
239
161
94
-117
-198
-401
-366
-309
-302
-171
-307
-281
-225
-238
-208
-257
-424
-417
-421
-385
-281
-310
-352
-369
-533
-534
-465
-426
-285
-330
-327
-377
-379
-423
-412
-477
-550
-420
-571
-771
-897
-901
-1051
-1270
-1311
-1240
-1305
-1269
-1083
-1181
-1279
-1337
-1326
-1282
-1424
-1590
-1556
-1603
-1400
-1181
-1078
-927
-807
-729
-790
-758
-835
-780
-758
-804
-738
-571
-573
-728
-719
-659
-721
-596
-391
-410
-282
-291
-312
-350
-294
-360
-389
-179
-145
-75
40
178
302
348
349
538
492
463
418
277
428
688
777
822
824
649
530
508
698
680
652
772
934
934
803
776
662
574
597
630
529
675
887
973
1092
965
795
634
410
222
234
190
207
284
117
139
248
77
-26
-65
-260
-251
-186
-142
-155
-278
-432
-407
-479
-590
-570
-541
-530
-628
-652
-595
-683
-938
-749
-674
-813
-624
-554
-588
-568
-588
-603
-624
-810
-654
-484
-559
-439
-280
-107
30
275
269
224
214
279
311
313
505
505
585
669
727
806
821
778
821
811
918
954
830
637
434
366
277
345
498
709
737
756
722
728
797
598
368
174
22
-38
-61
-74
-72
-22
12
-109
-37
64
97
-18
-164
-115
-102
-98
-62
-41
-112
29
110
183
280
281
287
318
402
251
17
-96
-99
28
199
235
201
84
91
48
-10
-35
-97
-1
62
105
-45
-202
-269
-247
-223
-212
-362
-664
-685
-715
-1006
-1245
-1235
-1213
-1156
-1253
-1095
-978
-1029
-861
-820
-855
-948
-1057
-1240
-1184
-1241
-1384
-1395
-1379
-1383
-1463
-1437
-1537
-1503
-1507
-1741
-1832
-1882
-1974
-1827
-1767
-1680
-1522
-1474
-1197
-976
-871
-885
-901
-788
-762
-876
-752
-546
-521
-503
-407
-327
-228
-153
-164
0
-75
-105
-3
-114
-5
100
74
191
302
349
464
419
336
391
323
254
409
614
693
713
602
503
447
388
381
470
480
521
681
655
686
764
755
913
996
1050
1141
1157
1312
1271
1214
1131
1165
1249
1286
1126
888
883
771
839
879
866
1035
1220
1175
1191
1298
1329
1349
1297
1189
1225
1104
844
997
1016
956
1085
1041
939
1000
1068
1067
1108
987
830
945
1109
1219
1175
1175
1204
1172
1233
1346
1403
1469
1417
1207
1191
943
683
839
963
977
852
758
757
584
576
734
918
929
904
950
858
777
701
714
595
504
438
271
60
-51
-99
-267
-196
-138
-105
-82
-83
-136
-207
-225
-184
-64
-131
-230
-357
-489
-664
-818
-781
-838
-931
-945
-858
-761
-720
-598
-674
-766
-777
-790
-943
-872
-742
-689
-561
-440
-263
-237
-272
-313
-248
-365
-596
-664
-659
-716
-691
-670
-689
-737
-763
-832
-893
-832
-647
-659
-701
-650
-708
-866
-1039
-1052
-1140
-1127
-1144
-1064
-1137
-1221
-1202
-1276
-1422
-1440
-1286
-1355
-1272
-1190
-1042
-955
-1046
-1065
-1062
-1073
-1349
-1326
-1225
-1335
-1275
-1171
-1018
-811
-812
-709
-521
-616
-652
-773
-799
-569
-297
-155
-9
146
350
512
467
432
489
402
420
655
620
733
844
932
910
819
877
889
993
988
1031
1023
1028
1007
963
1003
970
1021
1062
943
841
871
639
651
645
535
533
476
558
593
581
382
325
258
222
207
155
159
88
37
-102
67
277
167
166
159
6
-157
-199
-230
-179
-41
-36
46
108
216
341
379
682
896
949
894
748
763
650
626
595
629
705
604
438
333
342
306
311
246
211
187
163
149
165
124
285
489
432
491
515
525
527
548
578
618
745
694
610
611
534
433
471
448
358
273
64
30
-23
-73
34
101
139
132
135
73
64
31
-131
-381
-333
-205
-238
-210
-311
-287
-316
-204
-9
-51
-165
-250
-385
-610
-637
-686
-736
-644
-593
-574
-553
-586
-625
-719
-741
-884
-957
-837
-915
-884
-814
-872
-905
-935
-1089
-1196
-1225
-1146
-1016
-1119
-1217
-1080
-1171
-1288
-1068
-868
-720
-742
-853
-816
-787
-838
-773
-682
-654
-524
-496
-487
-424
-407
-203
-97
-55
33
-4
-53
-99
-192
-149
-77
-122
-138
-260
-196
-56
-155
-173
-118
-180
-435
-591
-575
-482
-345
-402
-431
-385
-261
-178
-171
-190
-147
-105
-203
-275
-199
-70
-13
195
320
423
384
340
320
275
217
181
134
26
203
259
354
463
551
608
572
573
543
568
477
487
446
312
443
513
714
865
861
895
766
657
808
922
740
754
762
760
769
761
829
743
702
676
569
510
673
699
673
723
697
761
635
483
474
476
375
326
319
241
299
158
30
17
-60
-5
108
98
-33
-23
66
107
26
-32
-28
10
-39
-28
97
27
254
327
250
470
414
215
197
281
285
297
278
343
420
256
353
437
463
500
459
607
563
501
618
739
645
581
616
468
446
467
541
614
539
589
561
408
379
449
512
396
339
330
183
110
74
139
181
136
88
-106
-228
-285
-167
-98
-59
92
16
-76
92
221
163
230
216
167
57
61
195
114
21
-72
-168
-203
-243
-306
-399
-338
-345
-379
-366
-486
-469
-469
-495
-568
-591
-618
-645
-600
-547
-497
-359
-220
-408
-388
-241
-130
0
99
11
-38
36
-140
-344
-515
-519
-412
-454
-477
-258
-382
-472
-207
-332
-410
-495
-678
-701
-560
-324
-235
-186
-304
-315
-501
-676
-631
-627
-470
-491
-522
-572
-671
-673
-718
-813
-912
-1028
-980
-882
-930
-809
-717
-836
-891
-1118
-1211
-1226
-1215
-996
-943
-882
-768
-801
-935
-835
-760
-746
-693
-554
-465
-565
-441
-277
-349
-431
-280
-228
-264
-193
-131
140
295
293
342
369
335
277
290
216
235
316
384
429
375
219
270
344
342
488
576
534
552
672
627
564
588
495
280
265
393
375
252
407
560
514
541
742
868
688
553
508
395
275
271
256
135
144
164
138
172
156
367
483
488
388
365
447
538
567
517
670
627
586
639
901
977
1034
1087
929
857
824
828
816
988
962
1038
1050
989
986
968
1016
810
753
582
535
557
549
565
433
457
583
567
442
552
535
517
399
294
466
526
486
605
691
624
507
265
148
-35
-197
-178
-286
-302
-281
-424
-378
-276
-243
-234
-342
-519
-587
-511
-506
-628
-693
-805
-863
-864
-925
-954
-930
-774
-832
-866
-692
-666
-767
-923
-1070
-1061
-1135
-1103
-962
-871
-738
-666
-689
-901
-993
-1168
-1462
-1698
-1681
-1484
-1458
-1544
-1381
-1141
-1203
-1101
-1172
-1240
-1240
-1183
-971
-760
-588
-630
-642
-774
-743
-681
-524
-374
-279
-327
-445
-463
-695
-813
-884
-761
-755
-825
-706
-451
-328
-335
-177
-206
-394
-301
-149
-209
-229
-209
-119
45
125
195
219
218
199
61
14
88
190
229
289
210
188
169
-92
-105
-13
-68
-4
93
125
10
10
112
102
125
416
626
359
297
329
252
247
398
466
459
632
838
894
921
1014
903
861
950
942
998
1029
936
836
815
811
797
691
611
581
466
331
189
203
244
155
138
280
301
283
427
487
438
375
318
217
239
398
357
325
411
457
483
415
240
97
-6
56
178
109
-7
31
236
279
38
63
295
210
171
348
490
488
551
642
657
663
564
534
714
858
870
942
913
855
1035
1162
921
729
813
819
813
778
786
812
891
1061
1081
1079
1003
915
822
797
818
881
905
868
855
803
811
817
846
661
549
449
280
216
190
327
220
163
185
53
-43
-162
-160
-104
-65
-233
-509
-538
-666
-765
-729
-994
-1210
-1205
-1349
-1376
-1335
-1366
-1168
-1225
-1283
-1179
-1289
-1271
-1201
-1194
-1129
-1031
-1133
-1258
-1232
-1081
-1154
-1408
-1392
-1318
-1212
-1163
-1067
-952
-976
-1069
-969
-902
-971
-864
-901
-918
-922
-945
-919
-862
-704
-681
-750
-932
-1019
-1102
-1255
-1252
-1113
-1107
-1138
-966
-947
-830
-782
-824
-742
-672
-683
-652
-577
-640
-514
-376
-371
-381
-297
-159
-62
-22
-125
-212
-175
-52
-10
35
181
340
308
318
469
508
500
434
478
566
628
614
570
608
627
793
892
802
705
599
623
747
802
973
1202
1246
1187
1158
1181
1077
1000
952
956
1013
1054
1037
1027
1080
930
819
756
743
702
751
838
817
853
839
929
844
714
630
699
661
551
602
541
526
343
297
330
478
484
491
625
612
824
1073
1127
997
1024
1185
1128
1099
1303
1375
1336
1372
1443
1421
1390
1315
1276
1205
1152
1151
1191
1272
1156
1204
1274
1332
1293
1270
1192
1028
974
859
802
764
596
447
517
483
503
358
133
89
34
-51
-216
-288
-428
-646
-648
-455
-401
-460
-493
-550
-539
-522
-613
-605
-561
-570
-553
-636
-859
-921
-854
-788
-781
-819
-709
-641
-557
-470
-493
-452
-471
-641
-625
-434
-443
-572
-499
-524
-641
-674
-642
-816
-927
-850
-1013
-1071
-1042
-980
-857
-803
-892
-1021
-1077
-1103
-1191
-1120
-1121
-1058
-1037
-1177
-1090
-1162
-1142
-1042
-1035
-1184
-1332
-1550
-1809
-1735
-1688
-1712
-1818
-1791
-1788
-1791
-1650
-1624
-1472
-1377
-1435
-1405
-1152
-1116
-1195
-1071
-786
-551
-591
-556
-446
-437
-526
-535
-568
-522
-388
-162
45
44
131
149
133
147
269
339
263
269
281
330
298
383
324
104
189
265
292
276
388
463
344
390
479
503
400
409
306
172
218
360
454
432
533
560
458
367
400
186
82
176
208
315
315
286
448
259
132
164
-20
124
316
304
265
427
361
236
219
303
311
378
565
662
736
795
839
854
965
856
837
758
694
756
874
1068
1022
1017
962
884
862
802
792
860
919
894
840
632
453
395
356
294
283
274
311
333
411
561
680
629
400
361
392
582
558
627
730
675
564
571
645
481
397
286
303
310
319
201
26
-87
-131
-121
-60
51
3
88
111
126
203
94
51
-61
-111
-20
-5
38
181
156
77
123
208
289
82
-46
-194
-313
-375
-334
-211
-375
-413
-335
-457
-578
-570
-568
-639
-891
-1011
-1023
-1110
-1128
-1119
-1068
-1028
-1048
-1007
-1005
-975
-950
-984
-891
-817
-706
-571
-423
-294
-231
-338
-536
-409
-372
-506
-396
-331
-508
-750
-896
-988
-1127
-1163
-1104
-1177
-1398
-1514
-1362
-1245
-1154
-918
-934
-1123
-1165
-1113
-1006
-791
-667
-756
-797
-945
-1053
-1070
-1274
-1376
-1307
-1310
-1353
-1247
-1143
-1058
-984
-881
-806
-874
-876
-734
-542
-370
-319
-276
-122
7
116
349
371
187
252
375
418
406
635
795
765
842
1038
1189
1054
1015
956
910
928
1029
1150
1077
1113
1101
1006
982
1003
802
690
827
992
1002
850
955
980
938
925
1022
927
850
915
915
1122
1249
1266
1122
1007
854
781
675
536
521
500
518
519
545
526
443
246
205
147
109
143
167
174
247
294
203
374
548
526
585
839
865
957
1117
1116
1091
988
1032
1194
1110
817
837
849
920
943
931
995
820
775
776
674
422
285
259
220
229
265
270
335
542
406
224
250
189
171
129
193
281
127
188
422
481
594
809
854
926
974
971
971
778
746
841
965
1027
972
1104
1154
1069
1048
900
659
395
240
102
123
132
94
141
34
3
83
172
175
245
225
245
272
293
296
218
71
-32
34
62
138
166
130
93
49
-183
-250
-272
-449
-512
-637
-747
-708
-630
-603
-623
-789
-1041
-1046
-1118
-1225
-1230
-1222
-1176
-1176
-1190
-1145
-958
-939
-1024
-1097
-1021
-1087
-1208
-1047
-967
-1197
-1352
-1316
-1317
-1555
-1706
-1495
-1561
-1750
-1802
-1745
-1775
-1818
-1670
-1566
-1580
-1624
-1554
-1342
-1396
-1429
-1264
-1149
-1097
-1019
-855
-931
-998
-982
-1078
-1123
-1216
-1212
-1212
-1179
-890
-706
-628
-612
-573
-513
-459
-428
-292
-353
-250
-149
-293
-180
-229
-167
-1
25
150
478
565
555
817
999
1075
1094
1080
1042
1069
1112
1185
1323
1280
1224
1205
1067
937
987
1032
917
824
922
1132
1195
1135
1098
985
859
933
1035
1062
1116
1107
1215
1272
1112
954
997
1009
794
774
688
731
792
780
706
523
447
450
537
393
417
443
650
850
950
1014
970
971
836
898
1022
1156
1028
986
999
997
1066
979
898
898
923
898
849
933
1107
1109
1131
1182
1161
974
780
544
340
253
86
21
-17
-403
-529
-423
-451
-286
-228
-315
-305
-290
-435
-603
-447
-197
-142
-77
-61
11
107
56
-61
-110
-350
-531
-648
-679
-801
-1032
-1013
-1095
-1064
-1192
-1194
-1132
-1148
-1158
-1210
-1107
-1084
-1151
-1153
-1118
-1206
-1253
-1252
-1304
-1330
-1298
-1274
-1239
-1241
-1295
-1324
-1297
-1390
-1499
-1409
-1385
-1312
-1286
-1263
-1088
-1086
-1171
-1286
-1295
-1137
-937
-788
-791
-843
-1023
-989
-822
-805
-674
-739
-767
-638
-501
-458
-677
-920
-1030
-911
-867
-882
-804
-790
-737
-684
-708
-617
-509
-510
-630
-608
-512
-402
-380
-552
-588
-792
-896
-847
-777
-851
-972
-825
-650
-641
-614
-415
-516
-570
-420
-309
-195
-163
-149
-37
57
21
-10
-46
10
-12
34
152
230
238
237
338
369
442
442
606
609
701
767
848
904
823
826
704
703
641
702
710
666
704
805
682
672
718
760
778
773
958
965
981
1040
1100
1039
1044
1029
924
759
665
738
652
688
832
689
464
246
-16
-115
-176
-133
142
142
74
237
280
265
510
503
546
542
555
521
328
532
484
600
613
593
632
587
633
672
415
289
552
554
387
428
623
625
590
709
904
756
668
733
830
762
871
980
817
708
514
521
732
672
534
602
461
382
438
390
294
161
-68
-67
-31
-147
-127
92
169
321
446
449
437
309
155
33
209
279
231
170
185
265
386
467
799
974
760
724
651
649
560
401
260
182
124
7
106
110
102
36
-52
-155
-445
-554
-554
-562
-501
-384
-366
-305
-165
-127
-184
-232
-263
-334
-396
-320
-207
-277
-361
-338
-395
-492
-588
-685
-849
-1031
-1007
-891
-973
-1106
-1068
-1246
-1421
-1461
-1487
-1343
-1378
-1487
-1495
-1347
-1338
-1428
-1313
-1316
-1393
-1409
-1286
-1206
-1089
-982
-912
-621
-484
-311
-289
-557
-566
-507
-425
-266
-76
36
114
154
260
432
729
896
828
629
566
778
808
746
710
816
675
664
792
837
735
529
411
360
481
503
455
400
464
483
435
351
313
323
309
517
547
555
699
536
326
142
-13
37
266
172
251
325
232
378
369
272
64
104
234
336
520
593
425
184
195
367
405
394
336
461
593
572
757
890
702
541
377
51
-47
-86
37
20
42
109
96
62
8
35
-85
-52
109
289
397
499
615
669
652
731
793
601
409
268
351
570
749
735
776
824
516
509
629
584
373
280
229
233
280
298
369
245
212
251
423
494
459
386
498
620
645
434
307
307
235
288
306
673
795
895
1051
1078
976
936
1017
927
863
780
835
737
524
375
556
646
413
555
653
436
208
-23
-259
-274
-341
-416
-327
-276
-282
-284
-133
-169
-310
-580
-793
-837
-986
-1028
-1220
-1166
-1022
-1173
-1198
-1214
-1295
-1448
-1496
-1590
-1844
-2141
-2084
-1904
-1705
-1541
-1567
-1413
-1421
-1421
-1320
-1269
-1259
-1228
-1171
-1057
-1064
-1092
-1104
-1351
-1415
-1299
-1209
-1000
-876
-908
-1007
-1103
-1116
-1182
-1222
-1068
-942
-957
-993
-1055
-893
-544
-350
-387
-405
-455
-605
-668
-621
-551
-544
-560
-539
-351
-307
-468
-276
-55
-39
-195
-314
-176
-157
-74
67
185
235
316
413
457
337
266
338
307
595
800
886
847
767
765
772
858
805
797
714
792
1023
1118
1089
1202
1231
991
975
816
827
886
783
957
918
760
693
654
699
807
903
898
768
741
778
802
831
810
743
643
413
251
288
277
347
249
304
371
454
585
534
527
565
617
751
907
932
1012
820
725
774
906
886
888
888
889
1188
1324
1498
1539
1282
1123
1157
1082
906
683
588
426
283
141
207
176
263
394
305
207
66
161
41
193
301
294
339
393
288
174
185
110
-3
82
96
-74
-14
-167
-127
-42
-33
-132
-295
-292
-411
-570
-680
-670
-648
-737
-702
-732
-883
-864
-798
-692
-609
-581
-641
-829
-1059
-1193
-1242
-1164
-1200
-1223
-1134
-1205
-1155
-1199
-1072
-899
-1158
-1400
-1496
-1401
-1381
-1401
-1346
-1461
-1492
-1495
-1389
-1455
-1615
-1717
-1597
-1375
-1447
-1477
-1657
-1638
-1691
-1735
-1628
-1626
-1779
-1889
-1739
-1614
-1445
-1395
-1244
-1235
-1269
-1226
-1271
-1140
-895
-492
-370
-405
-408
-435
-618
-652
-677
-910
-745
-669
-611
-543
-510
-554
-609
-527
-366
-239
-146
-8
-86
-73
-75
11
49
36
327
391
374
525
720
1014
1301
1394
1609
1688
1414
1222
1201
1356
1482
1487
1312
1409
1514
1358
1295
1294
1237
1175
1208
1423
1630
1710
1694
1685
1851
1794
1746
1731
1942
1893
1606
1653
1601
1570
1370
1294
1241
1382
1586
1579
1729
1623
1433
1411
1563
1466
1437
1411
1220
1118
1178
1264
1100
1126
1076
1045
971
963
863
775
769
653
646
570
574
600
677
681
807
1036
1020
838
737
494
184
26
-8
-136
-309
-477
-764
-993
-960
-875
-1129
-1308
-1323
-1172
-998
-1084
-1148
-1017
-1073
-1040
-808
-734
-805
-839
-783
-746
-667
-570
-418
-363
-520
-392
-123
-56
-60
-112
-83
-188
-295
-377
-435
-497
-512
-614
-579
-437
-331
-112
14
129
223
427
255
108
6
21
91
51
22
-23
95
55
132
222
262
193
34
41
98
233
198
-20
-175
-280
-253
-226
-73
-82
-257
-63
30
-73
-85
-91
-44
-4
27
92
250
331
315
157
21
-202
-297
-255
-392
-357
-521
-629
-868
-1035
-1077
-1040
-1070
-1222
-1254
-1447
-1358
-1453
-1568
-1503
-1594
-1667
-1538
-1494
-1637
-1688
-1676
-1540
-1408
-1360
-1277
-1276
-1365
-1292
-1108
-1051
-1139
-1285
-1285
-988
-873
-858
-675
-586
-686
-698
-704
-649
-697
-895
-982
-986
-789
-860
-888
-771
-576
-185
95
216
209
157
178
253
297
385
391
525
729
698
750
1092
1202
1205
1314
1390
1530
1688
1813
1716
1852
1748
1481
1614
1779
1666
1549
1592
1455
1604
1660
1682
1636
1642
1613
1520
1709
1714
1652
1555
1444
1299
1407
1368
1535
1784
1635
1637
1637
1633
1544
1448
1448
1384
1173
1055
1133
1177
1298
1156
966
1050
1113
1147
1135
1264
1324
1261
1172
1067
969
754
456
399
293
170
143
217
84
-14
221
250
156
79
174
162
79
-205
-285
-422
-529
-607
-655
-579
-663
-731
-786
-648
-604
-505
-492
-473
-518
-591
-649
-637
-688
-621
-397
-341
-341
-282
-373
-338
-331
-644
-557
-444
-483
-422
-253
-493
-741
-832
-1047
-1160
-1295
-1549
-1631
-1540
-1587
-1475
-1236
-1332
-1352
-1236
-1363
-1541
-1563
-1335
-1222
-1224
-1309
-1418
-1493
-1407
-1492
-1655
-1541
-1393
-1214
-1030
-951
-1053
-1168
-1264
-1128
-1236
-1318
-1278
-1331
-1232
-1231
-1236
-1209
-1059
-955
-805
-781
-759
-710
-619
-324
-304
-204
-98
-33
134
257
422
402
365
393
396
396
465
397
323
360
380
273
101
238
249
249
205
-50
-38
122
48
194
356
288
378
251
140
96
-19
-115
-55
221
286
411
457
347
273
348
440
322
326
439
651
728
803
936
891
829
755
629
754
961
1054
1004
1042
1144
1245
1396
1463
1596
1665
1684
1586
1511
1437
1500
1614
1543
1525
1384
1247
1222
1105
1111
1048
784
682
568
352
335
354
434
398
270
210
208
87
-39
29
-158
-315
-352
-390
-517
-550
-668
-757
-887
-772
-668
-852
-723
-620
-509
-678
-827
-722
-532
-501
-502
-460
-460
-617
-839
-720
-676
-807
-898
-763
-742
-808
-851
-901
-815
-807
-597
-350
-148
-90
-66
81
38
216
328
402
615
541
357
358
449
399
285
261
161
42
49
-132
-64
-50
-191
-19
113
134
145
166
153
274
252
204
220
251
264
465
508
531
736
710
731
841
950
936
961
825
902
981
727
481
488
473
293
385
363
264
218
103
-71
-109
-206
-564
-628
-585
-674
-730
-618
-595
-612
-709
-950
-995
-1178
-1213
-1113
-1215
-1329
-1392
-1432
-1306
-1333
-1528
-1551
-1535
-1535
-1447
-1348
-1361
-1278
-1368
-1294
-1188
-1256
-1295
-1333
-1143
-951
-707
-658
-623
-543
-470
-468
-647
-760
-591
-398
-310
-48
39
76
87
329
313
142
307
447
451
478
543
397
320
278
257
31
9
98
110
224
106
82
124
65
-120
-27
54
10
178
302
421
442
545
552
453
429
632
830
838
869
852
906
1035
1061
932
843
887
1015
1191
1152
1057
1237
1259
1246
1130
1038
1059
1045
1110
1298
1429
1427
1685
1776
1598
1494
1423
1484
1607
1523
1616
1726
1713
1569
1507
1543
1492
1488
1329
1111
1017
992
853
782
655
558
353
235
330
451
430
398
354
327
278
206
228
124
-5
-50
260
187
21
-78
-96
-178
-194
-225
-383
-420
-594
-716
-794
-834
-991
-774
-540
-468
-553
-553
-612
-657
-665
-638
-475
-553
-645
-665
-433
-350
-455
-477
-348
-322
-489
-816
-878
-802
-960
-958
-1051
-1151
-1118
-1169
-1111
-1151
-1191
-1305
-1458
-1573
-1489
-1309
-1353
-1244
-1174
-1009
-827
-683
-689
-622
-581
-491
-327
-341
-385
-393
-319
-239
-95
-85
-96
-160
-109
67
66
-44
15
-39
20
58
-52
142
366
490
436
381
196
92
46
-49
-161
-418
-605
-615
-413
-441
-537
-586
-683
-566
-496
-613
-683
-643
-726
-806
-887
-816
-740
-808
-639
-439
-479
-636
-590
-779
-795
-620
-792
-946
-971
-890
-851
-819
-664
-562
-673
-636
-538
-399
-280
-168
103
263
373
457
378
389
480
534
719
777
640
679
779
753
883
1012
1079
1049
1048
949
803
877
885
816
803
748
708
714
577
733
741
623
612
567
431
184
174
201
147
157
254
191
244
203
-14
-189
-215
-172
-12
205
229
407
563
611
595
658
602
675
792
752
704
704
864
920
1052
1146
1194
1007
957
946
1032
1111
977
1107
1233
1316
1310
1316
1081
1080
1194
1145
1196
1148
1035
909
757
638
661
629
435
329
408
282
122
-51
-31
-77
-245
-193
-137
-212
-414
-231
-23
62
157
266
333
372
371
340
297
167
131
58
-2
12
159
139
-33
28
10
-70
71
36
-17
91
-31
-122
-132
-287
-378
-223
-215
-215
0
-95
-199
-208
-192
-319
-312
-276
-427
-293
-271
-280
-267
-302
-401
-374
-457
-672
-763
-910
-998
-1013
-958
-910
-952
-924
-790
-760
-851
-967
-1096
-1134
-1114
-1086
-996
-1095
-1129
-1062
-953
-839
-690
-671
-826
-841
-814
-826
-982
-971
-1040
-1067
-977
-1015
-1048
-1141
-1228
-1210
-1077
-1090
-1159
-1149
-1183
-1235
-1294
-1353
-1389
-1462
-1390
-1247
-1173
-1122
-1073
-1044
-960
-737
-704
-822
-940
-1015
-1034
-1089
-986
-745
-848
-962
-841
-816
-818
-881
-811
-741
-597
-570
-508
-250
-193
-67
18
143
176
342
380
315
275
210
192
281
635
788
1011
1182
1280
1218
1201
1170
1307
1529
1501
1610
1794
1901
1904
1965
1961
1905
1723
1827
2079
2189
2233
2361
2306
2232
2190
1962
2061
2006
1843
1866
1992
1876
1684
1644
1548
1426
1172
917
841
837
770
737
641
548
514
352
423
517
393
448
509
501
441
514
594
642
773
884
907
925
1091
1095
1005
956
912
819
826
830
688
780
962
998
1038
1141
1205
1062
870
647
632
645
546
469
391
450
470
517
549
451
215
157
126
83
38
2
34
-113
-223
-219
-267
-455
-481
-389
-460
-480
-347
-350
-601
-612
-443
-383
-189
-30
206
374
492
528
560
574
574
731
568
409
409
500
588
602
522
621
513
305
329
182
-12
-49
-90
-284
-273
-237
-135
-13
25
-155
-370
-439
-613
-639
-639
-782
-998
-1178
-1292
-1384
-1436
-1394
-1442
-1422
-1387
-1501
-1546
-1456
-1355
-1567
-1694
-1691
-1806
-1773
-1560
-1544
-1505
-1577
-1868
-1858
-1844
-1819
-1693
-1594
-1523
-1565
-1592
-1490
-1433
-1480
-1430
-1345
-1273
-1130
-1095
-1150
-1203
-1230
-1397
-1379
-1124
-1067
-1021
-941
-1062
-1056
-970
-1148
-1177
-1103
-1055
-1073
-1145
-1085
-957
-804
-826
-864
-895
-995
-936
-949
-905
-947
-975
-816
-788
-834
-649
-372
-290
-203
-134
31
236
459
739
837
859
836
809
833
823
851
940
1140
1274
1243
1301
1376
1417
1551
1581
1672
1825
1874
1970
2116
2204
2183
2174
2061
1924
2163
2264
2131
2161
2242
2179
2205
2268
2059
1928
1896
1934
1891
1769
1582
1481
1434
1355
1274
1283
1224
1105
1055
1001
998
809
663
642
633
657
676
506
432
408
410
560
501
378
277
180
243
226
132
15
-222
-384
-377
-474
-541
-438
-391
-224
-68
46
59
90
179
103
72
104
-64
-209
-212
-301
-389
-371
-280
-315
-361
-464
-559
-703
-888
-1007
-1021
-1016
-1180
-1212
-1114
-1074
-1149
-1100
-1067
-1156
-1351
-1286
-1182
-1307
-1428
-1591
-1642
-1713
-1627
-1695
-1668
-1514
-1516
-1413
-1139
-995
-1109
-1056
-945
-1043
-1083
-895
-762
-548
-554
-543
-334
-238
-176
-309
-336
-314
-343
-375
-373
-375
-335
-253
-144
47
-41
-15
38
33
23
66
46
-153
-176
-293
-464
-452
-405
-504
-454
-367
-458
-549
-772
-958
-885
-885
-946
-908
-829
-777
-708
-506
-233
-197
-185
-185
-210
-128
-89
-120
74
376
391
385
342
266
141
327
474
524
594
517
509
550
698
887
994
902
868
823
780
740
545
614
630
493
581
636
625
595
686
718
684
724
673
721
690
725
883
714
626
555
497
480
408
384
323
419
264
99
285
381
487
733
714
677
920
994
958
919
874
964
1223
1191
1226
1243
1093
1107
1135
1170
1061
1271
1313
1304
1118
939
921
841
738
741
790
705
838
654
560
502
410
288
183
74
55
-65
-310
-415
-380
-361
-509
-477
-407
-299
-377
-313
-161
-255
-373
-333
-474
-562
-651
-810
-544
-399
-311
16
37
-53
118
139
241
326
249
163
145
233
217
184
31
-15
-14
-153
-248
-392
-494
-623
-551
-439
-360
-221
-101
66
24
16
97
240
176
213
432
466
515
532
460
307
297
107
28
-81
-151
-64
-131
-102
-108
-196
-274
-147
-57
-124
-100
-18
-17
-142
-346
-358
-436
-572
-762
-852
-840
-780
-723
-849
-904
-954
-1069
-1091
-1144
-1246
-1195
-1045
-863
-999
-1197
-1340
-1362
-1337
-1388
-1457
-1538
-1418
-1274
-1320
-1061
-740
-786
-775
-669
-677
-818
-773
-733
-692
-507
-343
-310
-310
-224
-260
-279
-249
-199
-248
-514
-632
-653
-782
-858
-890
-786
-748
-801
-537
-315
-196
-162
-302
-485
-521
-592
-434
-168
-44
130
226
276
205
355
394
496
756
861
1176
1390
1397
1474
1356
1206
1258
1160
1122
1167
1410
1588
1653
1841
1880
1888
1801
1762
1785
1819
1828
1913
1996
2180
2372
2502
2545
2399
2302
2371
2496
2500
2490
2341
2146
2095
1899
1761
1720
1673
1684
1493
1525
1502
1342
1170
1048
1062
959
830
869
857
810
718
647
547
466
440
343
263
236
257
189
408
304
245
129
-21
89
152
137
122
73
6
150
92
81
-107
-367
-577
-570
-564
-623
-459
-373
-377
-450
-422
-446
-480
-404
-449
-617
-794
-846
-788
-683
-768
-919
-1040
-1364
-1428
-1396
-1394
-1398
-1270
-1237
-1310
-1248
-1228
-1121
-1177
-1271
-1156
-1033
-1228
-1172
-1018
-1072
-1004
-933
-969
-1092
-1123
-1131
-1049
-1069
-1009
-979
-1069
-1002
-938
-914
-945
-870
-798
-650
-652
-785
-842
-974
-1072
-1126
-1104
-1181
-1214
-1215
-1300
-1255
-1197
-1104
-991
-1169
-1295
-1261
-1244
-1419
-1396
-1303
-1455
-1320
-1309
-1278
-1249
-1142
-1131
-1168
-1259
-1459
-1389
-1523
-1649
-1613
-1524
-1646
-1540
-1366
-1256
-1059
-1105
-1109
-1111
-1103
-1118
-979
-952
-1159
-1113
-1006
-926
-891
-862
-863
-767
-694
-601
-395
-405
-303
-226
-114
-63
37
162
272
377
428
605
562
593
605
715
829
917
1014
1031
1080
1194
1378
1216
1067
1115
1239
1322
1200
1240
1225
1048
972
1088
1183
1152
1223
1089
967
914
831
806
781
642
698
929
1012
1233
1411
1456
1470
1493
1465
1393
1456
1696
1872
2045
2151
2215
2210
2209
2219
2150
2199
2204
2199
2242
2399
2332
2318
2239
2067
1936
1730
1681
1695
1627
1481
1552
1371
1274
1250
1094
1026
1027
966
803
893
956
928
706
670
696
717
714
654
604
448
360
159
194
138
-87
-162
-218
-205
-109
-233
-274
-127
-137
-142
-143
-228
-426
-403
-421
-582
-537
-559
-532
-261
-222
-361
-305
-416
-387
-339
-332
-399
-470
-331
-372
-504
-511
-241
-215
-230
-322
-358
-345
-418
-575
-727
-816
-1005
-893
-784
-772
-697
-714
-925
-969
-1138
-1226
-1151
-1237
-1133
-1024
-1105
-1139
-1102
-1208
-1140
-1053
-1184
-1116
-1011
-1107
-1182
-1269
-1446
-1352
-1169
-1222
-1256
-1133
-987
-907
-759
-763
-856
-959
-922
-830
-983
-1161
-1115
-1034
-1057
-1063
-1163
-1102
-1204
-1362
-1437
-1472
-1424
-1361
-1086
-953
-890
-810
-735
-752
-766
-838
-891
-802
-911
-1020
-1039
-1163
-1172
-1025
-977
-991
-1032
-932
-860
-841
-873
-881
-940
-1094
-1057
-1215
-1233
-1074
-971
-751
-585
-430
-282
-386
-528
-598
-531
-379
-404
-268
99
254
313
548
725
948
945
970
1064
1029
1132
1075
1045
974
843
749
710
783
740
799
851
974
1184
1170
1119
1016
1061
1077
1095
1122
994
1056
1016
1207
1265
1057
1029
888
889
885
876
958
1000
907
899
1077
1178
1250
1306
1175
1080
1100
1295
1365
1336
1385
1338
1432
1474
1424
1444
1560
1678
1754
1735
1709
1776
1831
1740
1678
1687
1696
1786
1833
1764
1546
1369
1321
1257
1114
1087
1078
963
986
930
776
653
614
507
440
369
433
552
445
415
294
132
-69
-158
-138
-84
-24
-82
-222
-222
-214
-308
-294
-287
-319
-444
-379
-213
-205
-86
-20
122
165
-30
-23
147
136
114
259
356
446
313
303
392
253
221
229
242
272
463
586
627
677
532
369
292
391
280
279
191
129
167
346
401
301
253
123
175
18
-75
-303
-376
-455
-438
-627
-794
-761
-912
-877
-780
-820
-951
-994
-1252
-1371
-1430
-1648
-1727
-1697
-1750
-1730
-1769
-1760
-1666
-1553
-1470
-1575
-1660
-1770
-1620
-1287
-1250
-1215
-1158
-1260
-1374
-1351
-1310
-1431
-1634
-1649
-1494
-1539
-1631
-1549
-1477
-1581
-1430
-1310
-1393
-1467
-1603
-1638
-1641
-1612
-1548
-1385
-1470
-1472
-1402
-1308
-1323
-1559
-1540
-1529
-1474
-1559
-1403
-1235
-1080
-942
-933
-860
-729
-501
-593
-539
-481
-386
-299
-262
-169
-159
-48
-6
158
255
164
355
664
717
743
719
742
1036
1099
1048
1226
1308
1308
1451
1551
1669
1759
1742
1744
1760
1654
1670
1568
1364
1395
1347
1307
1266
1189
1187
1308
1272
1275
1013
812
755
650
726
679
589
424
534
668
585
519
475
415
512
538
441
486
584
651
605
692
772
747
672
526
497
510
555
591
756
879
993
948
876
1064
1034
1132
1172
1114
1052
909
889
787
654
601
702
510
365
503
443
321
189
-25
-229
-291
-412
-510
-537
-512
-422
-364
-484
-635
-650
-658
-805
-934
-874
-774
-801
-914
-913
-905
-994
-1010
-969
-881
-871
-701
-419
-306
-103
11
74
170
189
134
144
144
232
265
158
252
451
460
379
289
425
305
3
-60
-126
-56
-3
-24
-197
-414
-619
-582
-504
-666
-713
-701
-825
-858
-895
-905
-1003
-1038
-1011
-902
-818
-682
-393
-360
-232
-131
8
168
139
100
175
153
103
-5
-150
-212
-145
-61
-150
46
176
93
157
162
70
138
72
30
221
269
387
394
306
183
117
-74
-282
-177
-134
-66
-46
27
27
105
78
-129
-238
-450
-335
-292
-216
-94
-174
-214
-169
-380
-613
-616
-711
-738
-803
-868
-1007
-1013
-1131
-1235
-1251
-1335
-1324
-1158
-1033
-1002
-1017
-1059
-1016
-1065
-1078
-1081
-1133
-1223
-1135
-1122
-1052
-947
-885
-719
-591
-534
-541
-474
-367
-70
22
152
169
149
314
169
213
196
239
219
304
311
272
355
261
381
161
38
133
333
327
341
323
109
63
80
124
128
225
237
438
478
667
719
535
436
236
191
-13
12
51
-9
137
166
111
125
235
402
593
768
786
785
912
866
782
844
719
782
968
979
1069
1184
1503
1652
1579
1562
1533
1642
1699
1659
1559
1503
1539
1574
1487
1370
1360
1238
1307
1297
1186
1061
924
738
634
640
492
545
450
542
437
416
453
314
172
48
84
-66
-84
-100
-11
49
92
52
-2
-40
19
124
106
108
41
-45
-14
41
-23
-98
-226
-451
-571
-565
-520
-413
-527
-561
-453
-521
-574
-671
-704
-678
-643
-537
-426
-322
-200
-367
-607
-598
-716
-805
-789
-813
-890
-912
-906
-987
-1054
-957
-898
-956
-1118
-1108
-1151
-1368
-1401
-1346
-1341
-1272
-1263
-1278
-1107
-1080
-1078
-1154
-1137
-1118
-1332
-1228
-1002
-1181
-1011
-766
-684
-479
-295
-238
-196
-89
-62
47
89
39
-49
50
74
-49
1
242
378
360
477
676
755
717
617
868
909
842
805
653
927
1015
1147
1326
1269
1107
1252
1299
1372
1519
1320
1247
1290
1316
1261
1271
1175
1089
1128
1167
967
898
901
693
565
567
625
712
658
706
861
918
984
869
803
812
823
782
834
783
770
764
921
1105
1035
1022
923
880
717
409
244
203
-70
-189
-96
-211
-254
-281
-418
-325
-141
-217
-448
-453
-457
-550
-455
-554
-886
-1053
-1073
-988
-907
-968
-1012
-1088
-1187
-1445
-1550
-1712
-1817
-1671
-1667
-1603
-1491
-1276
-1133
-937
-870
-791
-655
-701
-624
-543
-579
-515
-305
-287
-275
-70
122
147
153
174
192
65
79
147
74
-16
-173
-57
-72
-225
-212
44
87
-150
-308
-400
-468
-694
-766
-775
-757
-668
-683
-628
-530
-522
-490
-455
-485
-370
-571
-677
-711
-871
-895
-863
-755
-816
-679
-665
-583
-444
-433
-516
-512
-320
-322
-329
-281
-322
-305
-221
-51
25
-93
-48
93
86
73
137
43
-9
43
180
272
215
244
319
236
104
36
127
87
131
-26
-232
-145
-169
-64
49
111
112
416
575
537
583
598
580
433
306
291
476
599
679
479
358
428
320
145
20
-94
-226
-260
-226
-152
-331
-503
-523
-422
-342
-349
-214
-207
-263
7
25
50
20
-207
-55
100
190
444
644
603
740
823
713
484
296
188
203
257
11
64
306
180
189
212
49
43
323
464
400
462
467
431
334
351
333
208
315
578
709
725
731
626
429
479
536
360
406
381
410
601
606
401
162
181
19
-183
-183
-158
-142
161
265
72
34
59
136
191
267
354
534
695
779
687
659
614
544
432
465
542
559
657
717
731
753
846
832
811
710
709
724
806
789
768
801
640
642
557
380
378
259
281
395
150
78
159
211
247
181
220
323
237
2
-118
-70
-63
-177
-300
-347
-380
-268
-50
-130
-182
-148
-196
-352
-354
-403
-670
-755
-835
-715
-569
-554
-509
-559
-532
-540
-686
-868
-993
-910
-902
-1119
-1416
-1448
-1397
-1406
-1465
-1461
-1330
-1372
-1401
-1366
-1317
-1224
-1225
-1249
-1286
-1350
-1299
-1240
-1120
-1133
-1206
-1296
-1301
-1056
-921
-927
-952
-942
-944
-1029
-986
-931
-1041
-1019
-881
-731
-570
-447
-490
-661
-711
-676
-654
-691
-598
-523
-444
-351
-423
-285
-154
-24
6
7
22
-59
-13
121
350
511
559
597
641
548
576
547
425
393
432
341
354
531
487
468
302
385
515
596
692
850
995
994
932
843
764
889
1097
993
970
903
905
880
966
924
972
982
776
744
823
1096
1187
1098
1203
1351
1431
1559
1570
1539
1358
1304
1339
1364
1335
1260
1105
1054
1169
1162
1028
990
1009
1061
904
679
532
359
310
154
168
99
93
72
113
28
-43
-178
-150
47
61
119
-16
-41
-1
-33
-209
-147
-81
-74
36
193
191
171
91
5
-225
-449
-367
-314
-200
-78
4
99
191
121
174
287
327
291
410
373
349
570
629
441
233
207
191
171
201
364
207
208
267
111
156
92
128
307
409
299
325
593
724
806
899
805
649
660
778
894
1030
1172
1007
884
750
737
747
615
661
467
411
505
618
430
231
168
-50
-163
-219
-117
-167
-262
-288
-302
-184
-199
-278
-253
-255
-174
-8
93
36
168
124
106
1
-264
-430
-508
-505
-711
-842
-1117
-1187
-1318
-1473
-1778
-1962
-1867
-1962
-1954
-1979
-2021
-2163
-2240
-2193
-2273
-2172
-2119
-2156
-2180
-2151
-2004
-2002
-1992
-2076
-2114
-2235
-2197
-2109
-2113
-2033
-1923
-2018
-2082
-1983
-1983
-1923
-1732
-1445
-1367
-1235
-1059
-1047
-1286
-1324
-1098
-925
-729
-622
-584
-487
-449
-367
-344
-423
-265
-25
15
12
-66
-119
106
169
157
179
223
292
329
574
722
699
646
575
642
670
811
757
712
716
755
787
819
834
734
720
727
796
653
678
644
756
842
838
898
1044
970
977
1148
1300
1493
1453
1615
1729
1826
1706
1686
1673
1515
1451
1519
1682
1686
1734
1711
1641
1601
1397
1444
1497
1535
1537
1368
1214
1080
1035
859
600
451
447
304
266
390
462
515
641
591
575
518
358
353
160
-97
-286
-433
-669
-853
-975
-1190
-1326
-1375
-1400
-1279
-1254
-1248
-1179
-1137
-1156
-1197
-1189
-1255
-1141
-1089
-1045
-1071
-939
-808
-747
-597
-580
-413
-376
-415
-422
-267
-420
-434
-204
-143
-246
-123
200
232
370
407
468
486
563
393
228
162
-118
-189
-265
-282
-292
-358
-459
-485
-437
-469
-450
-538
-622
-882
-1085
-875
-765
-888
-849
-688
-733
-597
-452
-356
-274
-222
-8
-31
-93
-56
0
156
322
384
379
524
677
706
731
861
859
768
678
710
863
1008
861
692
912
752
551
667
864
929
828
812
814
755
668
701
575
435
334
243
338
126
-131
-276
-303
-438
-569
-513
-519
-335
-201
-184
-275
-422
-584
-689
-806
-894
-967
-992
-888
-740
-584
-598
-528
-326
-251
-265
-224
-209
-189
-137
-34
22
-129
-139
26
174
175
342
488
316
379
565
496
474
428
240
135
30
131
366
428
273
319
544
696
443
404
477
379
391
535
657
323
280
418
529
601
531
357
350
404
384
370
241
260
268
162
329
368
198
81
-37
-112
-143
-181
-59
0
-199
-264
-188
57
64
206
342
377
436
430
663
882
1019
1090
1111
951
926
953
964
969
873
848
854
741
608
551
392
248
190
286
342
278
305
424
273
172
275
320
357
234
185
234
386
312
158
174
143
275
451
574
758
811
768
925
829
733
727
380
122
127
125
79
210
124
-94
-140
-111
65
161
72
33
6
-11
-21
59
-14
-116
-30
-141
-241
-354
-396
-409
-429
-511
-554
-657
-906
-1161
-1376
-1438
-1497
-1454
-1355
-1312
-1312
-1293
-1330
-1285
-1283
-1377
-1515
-1453
-1429
-1583
-1678
-1631
-1400
-1479
-1682
-1703
-1586
-1563
-1523
-1418
-1407
-1405
-1236
-1158
-1194
-1114
-960
-713
-581
-653
-718
-675
-692
-684
-632
-559
-506
-525
-480
-369
-271
-183
-196
-241
-308
-378
-264
-242
-238
-75
-89
-57
131
211
237
225
222
146
96
167
292
380
379
387
393
385
326
444
461
395
423
514
463
372
429
279
204
340
501
493
610
724
970
1228
1351
1394
1416
1489
1516
1587
1583
1709
1742
1706
1749
1881
1892
1913
2045
2129
2382
2464
2247
2075
1949
1995
2008
1848
1814
1691
1664
1628
1427
1353
1346
1111
731
762
848
865
823
811
684
560
428
298
99
-111
-59
-151
-355
-613
-408
-523
-442
-310
-390
-334
-311
-330
-512
-553
-662
-601
-722
-623
-365
-357
-437
-390
-348
-235
-60
-189
-48
97
-106
-125
-146
-348
-488
-657
-799
-612
-572
-856
-864
-937
-1023
-902
-897
-951
-918
-802
-762
-718
-516
-507
-530
-334
-232
-230
-260
-311
-374
-682
-866
-947
-1152
-1185
-1269
-1293
-1327
-1433
-1585
-1490
-1329
-1309
-1211
-1226
-1188
-1170
-1097
-961
-833
-692
-479
-413
-301
-28
119
213
273
413
529
617
698
736
877
995
1071
1158
1169
1008
917
922
783
722
516
271
225
331
315
247
261
307
355
300
350
443
457
356
321
250
203
184
91
17
-331
-581
-629
-719
-837
-900
-1038
-1237
-1284
-1439
-1490
-1441
-1175
-992
-980
-968
-1075
-1027
-897
-927
-975
-1027
-1136
-1169
-1100
-933
-1004
-1134
-992
-880
-934
-692
-677
-817
-707
-570
-585
-624
-650
-719
-729
-845
-864
-864
-803
-764
-822
-849
-609
-465
-381
-280
-231
-223
-96
234
354
325
333
539
713
702
604
628
500
474
570
515
426
435
420
313
319
222
152
184
276
412
477
476
648
628
553
630
614
700
603
507
462
443
486
405
420
495
583
678
757
777
644
536
605
712
720
668
563
557
521
336
219
48
32
39
-120
-185
-130
-270
-274
-232
-304
-333
-425
-502
-572
-616
-543
-344
-421
-458
-398
-299
-237
-126
96
40
25
219
297
250
333
400
291
384
379
360
597
513
374
537
644
660
696
662
662
612
662
656
492
320
233
289
243
226
206
21
2
108
-46
-363
-408
-418
-378
-185
57
129
43
39
21
-9
-240
-441
-596
-538
-414
-118
145
117
79
52
-28
-124
-118
-83
-222
-489
-436
-452
-459
-542
-578
-520
-625
-650
-614
-701
-668
-575
-748
-850
-949
-889
-748
-729
-656
-517
-495
-442
-245
-111
37
32
-4
-172
-277
-312
-316
-237
-293
-325
-333
-417
-554
-397
-442
-433
-328
-197
70
160
232
353
452
514
608
492
441
503
603
718
756
787
904
957
915
927
946
1021
1127
1045
984
1110
1180
1230
1183
1227
1192
1136
1338
1382
1421
1418
1410
1461
1477
1389
1209
1274
1335
1376
1473
1525
1523
1489
1673
1777
1776
1648
1439
1355
1305
1123
1059
1152
1147
1102
1015
1028
908
888
850
796
845
925
672
425
295
203
131
107
-97
-419
-280
-341
-238
-127
-170
-382
-464
-440
-487
-627
-703
-629
-546
-560
-540
-432
-553
-630
-743
-668
-563
-570
-569
-478
-497
-403
-409
-619
-655
-589
-413
-354
-416
-417
-344
-494
-569
-563
-745
-894
-1056
-1120
-1091
-1369
-1469
-1083
-884
-995
-1070
-938
-943
-968
-1060
-1107
-1093
-1160
-1060
-963
-811
-732
-661
-554
-458
-489
-575
-558
-371
-378
-260
-6
5
27
11
73
24
34
107
169
171
293
453
433
537
759
882
946
901
875
871
828
864
733
653
573
359
150
67
23
-83
-245
-263
-218
-209
-125
-190
-406
-493
-512
-532
-437
-432
-513
-521
-631
-669
-510
-509
-380
-353
-350
-353
-477
-642
-707
-469
-409
-514
-493
-615
-731
-787
-879
-969
-1120
-1246
-1520
-1464
-1427
-1506
-1506
-1407
-1311
-1373
-1462
-1534
-1644
-1708
-1579
-1659
-1480
-1426
-1491
-1262
-1186
-1096
-1080
-993
-1076
-1163
-1093
-1061
-1053
-1067
-946
-959
-803
-734
-746
-894
-1078
-1045
-1090
-1022
-958
-927
-812
-659
-818
-861
-761
-738
-692
-640
-493
-475
-315
-39
163
321
439
648
883
942
1123
1306
1344
1363
1386
1415
1620
1671
1602
1812
1891
1998
2092
2316
2457
2344
2316
2333
2371
2444
2497
2334
2254
2346
2325
2257
2307
2365
2329
2241
2131
2293
2241
2123
2023
1907
1742
1687
1653
1332
1286
1224
1157
1194
1221
966
820
745
584
375
250
268
303
571
632
587
797
757
579
485
336
182
70
-155
-277
-373
-574
-606
-601
-945
-1326
-1272
-1228
-1155
-1198
-1069
-1099
-979
-905
-1035
-1001
-1103
-986
-873
-817
-695
-562
-610
-469
-328
-145
-99
-131
-76
-117
-22
-143
-240
-313
-535
-670
-778
-877
-736
-720
-684
-586
-597
-673
-831
-898
-1000
-945
-927
-863
-812
-643
-454
-258
14
-32
-85
-68
77
12
15
200
399
559
554
689
717
777
899
868
698
583
647
628
544
540
504
428
309
186
343
403
382
653
861
898
765
728
716
676
624
476
550
683
822
795
917
923
729
739
624
431
406
469
456
511
481
466
446
360
292
181
4
-119
-226
-474
-614
-508
-530
-602
-654
-679
-721
-776
-823
-719
-635
-789
-783
-887
-950
-936
-868
-678
-660
-822
-857
-925
-963
-946
-934
-1024
-1235
-1220
-1090
-1069
-1149
-1006
-875
-838
-720
-576
-569
-477
-293
-223
-133
131
76
-133
-132
-254
-192
-131
-48
33
112
230
331
426
426
335
352
520
564
527
501
560
627
635
539
500
413
272
288
150
86
192
244
318
297
399
484
406
444
491
470
507
495
514
290
148
274
420
489
380
270
259
243
220
528
588
583
529
495
474
381
343
338
331
270
432
447
528
460
477
496
339
224
8
164
207
175
209
244
340
390
316
213
158
182
113
-96
-12
-15
-68
-167
-291
-319
-293
-153
-34
-105
-197
-169
-116
-183
-197
-283
-444
-418
-506
-433
-328
-264
-274
-431
-527
-557
-587
-700
-804
-889
-779
-620
-538
-438
-521
-690
-624
-505
-518
-556
-569
-524
-441
-438
-450
-474
-699
-776
-604
-646
-718
-695
-761
-711
-725
-778
-929
-959
-1002
-926
-666
-620
-560
-595
-591
-651
-723
-853
-947
-982
-990
-1031
-1042
-917
-868
-1017
-1192
-1200
-1085
-1139
-1292
-1426
-1526
-1468
-1345
-1235
-1248
-1207
-1331
-1335
-1323
-1351
-1423
-1437
-1144
-1019
-1047
-826
-630
-745
-699
-611
-562
-540
-468
-275
-28
311
476
579
725
732
580
568
524
321
222
97
170
189
347
572
530
458
521
587
632
547
489
746
739
778
796
756
693
686
740
870
1015
994
924
947
1102
1072
1051
988
1027
966
832
908
1040
1162
1260
1200
1303
1412
1300
1149
1038
1030
1113
1251
1231
1189
1165
1212
1201
1365
1532
1582
1551
1621
1689
1636
1592
1575
1573
1506
1524
1486
1362
1114
967
920
877
715
503
462
269
-63
137
202
133
163
66
28
-112
-255
-501
-554
-511
-430
-352
-264
-404
-455
-322
-398
-274
-276
-459
-474
-485
-557
-631
-721
-716
-797
-912
-781
-813
-711
-488
-510
-465
-462
-343
-221
-47
-38
-119
-232
-126
-119
-320
-260
-146
9
-118
-166
-203
-231
-93
-70
-227
-282
-320
-329
-207
-141
-166
-248
-164
-140
-217
-41
-2
-46
-39
38
45
-95
-110
-183
-269
-368
-378
-461
-452
-468
-492
-377
-106
97
59
-90
-164
-232
-346
-280
-280
-373
-615
-669
-676
-730
-788
-689
-662
-844
-861
-1094
-1341
-1416
-1578
-1701
-1624
-1667
-1783
-1829
-1837
-1714
-1710
-1765
-1707
-1676
-1771
-1707
-1560
-1272
-1080
-1064
-931
-715
-526
-607
-594
-483
-136
-41
-83
-63
-118
-215
-211
-223
-383
-320
-343
-352
-402
-348
-421
-494
-425
-430
-454
-412
-320
-363
-314
-127
-66
-17
22
81
218
374
567
564
682
933
879
885
985
843
805
896
1009
1202
1281
1225
1348
1283
1162
1071
1060
1145
1164
1084
1114
1353
1367
1451
1379
1355
1368
1367
1378
1441
1500
1503
1568
1520
1434
1178
1216
1223
1140
1208
1215
1245
1191
1123
1110
1263
1264
1280
1472
1586
1546
1448
1492
1561
1608
1593
1625
1567
1537
1460
1504
1605
1508
1542
1535
1313
1050
1130
1338
1372
1172
859
505
439
473
331
319
367
380
324
188
100
193
98
-30
-131
-260
-178
-18
38
-51
-111
-146
-124
-157
-385
-384
-316
-306
-455
-471
-221
-288
-291
-117
-37
-25
-42
-101
37
0
-161
-254
-296
-451
-458
-429
-514
-235
-254
-239
-221
-274
-385
-388
-274
-352
-353
-369
-272
-151
-126
-213
-194
-216
-361
-469
-552
-644
-794
-710
-607
-703
-625
-500
-609
-623
-431
-428
-669
-706
-755
-937
-1003
-1143
-1080
-1021
-998
-1011
-1086
-1065
-1145
-1137
-1121
-1189
-1341
-1340
-1293
-1161
-912
-668
-564
-514
-385
-440
-331
-250
-426
-462
-306
-303
-192
-73
-220
-48
52
132
275
443
514
354
395
385
445
455
484
442
287
283
239
155
97
-56
-176
-167
-302
-420
-427
-480
-520
-495
-600
-794
-742
-781
-805
-735
-725
-708
-692
-558
-624
-681
-600
-647
-678
-620
-696
-586
-613
-582
-704
-822
-804
-903
-887
-651
-259
-256
-161
-81
160
230
337
434
464
655
867
998
1056
1093
1162
1351
1272
1109
1015
972
937
979
906
941
977
906
883
1060
1055
1005
983
772
512
424
457
407
309
160
71
164
421
340
252
197
70
-29
24
33
-181
-288
-336
-405
-369
-599
-804
-579
-461
-552
-694
-689
-624
-536
-506
-467
-548
-558
-536
-519
-418
-301
-162
-360
-266
-211
-305
-263
-169
-178
-174
-29
2
-23
-105
-179
-239
-180
-277
-255
-239
-187
-93
-55
36
48
172
182
137
212
149
125
125
37
27
-46
-5
11
-21
-35
-132
-140
-219
-415
-525
-688
-844
-787
-623
-557
-668
-661
-594
-835
-943
-981
-1068
-1121
-1017
-855
-847
-748
-633
-546
-466
-295
-274
-284
-256
-230
-299
-307
-230
-335
-437
-429
-463
-383
-261
-389
-466
-506
-442
-210
-120
-166
-245
-217
-153
-95
147
257
316
303
203
81
-103
-305
-375
-427
-454
-406
-570
-620
-731
-980
-930
-940
-1022
-959
-953
-909
-910
-995
-949
-941
-1172
-1121
-1013
-991
-812
-648
-547
-522
-554
-616
-618
-700
-676
-550
-424
-225
-358
-563
-478
-423
-490
-408
-348
-426
-319
-113
25
254
361
413
579
673
780
625
704
814
1029
1225
1061
960
834
798
797
705
515
538
497
568
578
497
542
563
623
555
424
398
451
330
213
215
214
247
298
306
191
120
39
30
128
-2
99
216
210
368
420
368
536
536
452
587
638
715
689
681
637
732
808
771
624
421
373
483
549
396
524
461
227
166
79
-83
-185
-301
-483
-525
-476
-459
-494
-464
-453
-584
-651
-595
-575
-490
-509
-493
-342
-340
-267
-160
-140
35
55
-7
101
21
154
432
408
288
158
240
177
37
28
16
-2
-114
-219
-347
-413
-399
-322
-260
-50
155
217
233
298
292
246
434
333
163
209
307
524
699
880
822
741
770
755
731
642
621
808
1045
1086
1102
991
1161
1044
911
897
542
439
389
375
215
272
442
517
561
460
346
389
521
577
512
443
477
464
522
625
589
560
644
700
707
564
501
445
555
605
404
207
151
309
324
263
203
245
136
-41
58
232
265
55
-38
-70
-148
-14
68
-36
-66
127
109
194
205
37
83
47
-203
-371
-418
-701
-700
-635
-759
-830
-766
-754
-871
-861
-788
-766
-831
-854
-935
-896
-800
-673
-400
-371
-469
-406
-268
-265
-227
-173
-134
56
87
-51
-116
-73
41
-109
-123
-96
-200
-361
-515
-450
-348
-163
-234
-237
-268
-243
-234
-309
-469
-602
-626
-627
-517
-527
-363
-426
-470
-339
-296
-318
-283
-312
-245
-48
-29
42
59
-7
-32
129
2
-238
-154
-78
69
51
-53
72
-29
-32
109
94
20
-4
191
206
173
236
295
295
345
442
537
730
779
761
795
827
889
977
867
711
668
552
540
578
578
565
685
579
396
230
30
-8
-152
-324
-480
-394
-531
-527
-612
-800
-764
-812
-707
-626
-667
-566
-488
-491
-461
-589
-617
-493
-384
-483
-321
-364
-478
-376
-337
-361
-545
-541
-594
-562
-411
-371
-326
-490
-670
-794
-774
-604
-351
-216
-304
-219
-125
64
190
399
596
775
849
822
741
590
609
649
686
713
672
427
421
347
270
258
201
199
-10
-288
-506
-683
-872
-923
-924
-820
-854
-923
-925
-994
-965
-1002
-974
-908
-1033
-1129
-984
-820
-777
-729
-879
-875
-733
-1101
-1170
-1068
-1250
-1270
-1180
-1194
-1304
-1313
-1222
-1123
-1132
-1000
-717
-668
-579
-422
-317
-364
-410
-344
-259
-204
-31
203
74
75
55
-7
41
247
306
53
-155
-134
-8
-15
-158
-264
-247
-180
-255
-263
-247
-373
-339
-375
-375
-483
-464
-539
-543
-495
-461
-282
-84
91
208
190
132
210
195
347
344
342
545
740
759
761
753
885
1013
995
877
955
909
1032
1290
1073
1034
980
878
889
1011
924
928
918
1027
971
932
933
705
690
696
695
416
206
122
48
-13
76
244
175
96
24
23
59
-225
-408
-472
-623
-715
-758
-834
-924
-923
-892
-855
-926
-1076
-1084
-1184
-1188
-913
-713
-531
-475
-338
-362
-444
-328
-424
-505
-491
-425
-333
-306
-344
-262
-80
1
115
165
-38
-124
-297
-502
-395
-447
-335
-402
-349
-199
-145
-6
-9
83
-5
-186
-361
-396
-589
-513
-272
1
236
361
490
472
432
417
340
92
124
11
-149
-214
-253
-353
-530
-542
-486
-435
-513
-806
-961
-1059
-1181
-1122
-1165
-1076
-1060
-1130
-1220
-1227
-1248
-1360
-1385
-1341
-1379
-1402
-1158
-1107
-943
-686
-462
-356
-293
-300
-333
-348
-370
-254
-218
-59
-176
-336
-352
-405
-306
-218
-190
-297
-401
-530
-553
-613
-642
-508
-648
-554
-414
-506
-471
-264
-301
-334
-280
-347
-449
-568
-568
-552
-625
-768
-522
-418
-445
-455
-437
-404
-464
-312
-198
-12
59
60
61
204
288
84
83
173
221
300
412
513
667
713
778
791
708
696
770
806
833
836
838
1031
1081
1180
1194
1059
1129
1175
1052
1091
1133
1142
1147
990
974
1078
1231
1491
1687
1907
2136
2237
2355
2475
2559
2391
2415
2372
2234
2354
2387
2324
2414
2565
2561
2648
2302
2033
2162
2052
1749
1773
1704
1535
1299
987
1017
1030
884
773
762
686
475
229
222
43
4
-2
-109
-305
-351
-305
-228
-162
-471
-527
-610
-631
-559
-516
-244
-14
45
9
67
54
-81
-21
62
-30
-116
3
-142
-209
-234
-337
-275
-269
-229
-263
-343
-352
-251
-209
-242
-182
10
7
-39
84
203
299
411
567
565
577
632
469
293
151
138
85
84
240
164
35
5
-82
-182
-363
-575
-638
-814
-896
-800
-772
-847
-915
-814
-913
-1078
-1164
-1029
-816
-887
-699
-806
-921
-797
-895
-983
-969
-833
-863
-892
-962
-895
-731
-776
-676
-635
-724
-783
-721
-541
-426
-344
-190
-144
-135
61
18
-5
-13
10
36
47
77
69
294
323
204
208
283
207
209
207
254
249
170
117
116
103
-119
-53
-269
-371
-339
-505
-484
-549
-641
-437
-342
-369
-345
-404
-194
-216
-218
24
88
-7
54
-17
-54
-53
-187
-197
-325
-347
-257
-339
-355
-135
-129
-15
67
-25
-31
-100
-29
263
399
634
827
737
864
897
727
779
1030
1195
1235
1224
1336
1514
1500
1633
1980
2037
2052
2269
2365
2398
2314
2017
1935
1762
1487
1284
1077
857
947
1176
1020
1028
1086
1015
883
857
937
1018
956
952
978
854
776
721
695
586
553
514
455
370
369
257
13
-153
-423
-494
-625
-680
-615
-815
-896
-663
-545
-624
-694
-935
-1011
-1045
-1275
-1399
-1231
-1120
-1019
-842
-804
-879
-864
-572
-540
-759
-698
-459
-346
-211
-162
-205
-222
-301
-339
-421
-798
-901
-956
-997
-927
-960
-948
-970
-920
-729
-747
-896
-916
-1207
-1304
-1349
-1390
-1594
-1655
-1785
-1799
-1621
-1515
-1297
-1460
-1478
-1577
-1673
-1643
-1573
-1550
-1407
-1339
-1409
-1376
-1202
-1121
-1146
-1026
-1110
-1206
-1184
-1136
-1125
-999
-907
-902
-931
-902
-834
-923
-998
-954
-956
-926
-852
-881
-1019
-926
-837
-803
-618
-658
-556
-578
-583
-399
-387
-372
-451
-363
-144
23
228
324
195
76
70
-16
-170
-353
-401
-528
-498
-392
-506
-474
-317
-266
-275
-68
-88
-63
193
311
361
285
255
536
668
426
516
736
883
854
778
742
792
840
715
767
761
756
816
892
846
957
1136
1138
1050
959
989
1152
1323
1381
1557
1734
1819
1676
1552
1630
1770
1703
1657
1777
1771
1842
1772
1758
1800
1622
1472
1523
1392
1208
1253
1103
1096
1157
1051
967
970
781
820
928
981
1083
873
723
614
404
302
262
202
216
241
282
134
-68
-266
-378
-493
-541
-719
-839
-1007
-1164
-1107
-1256
-1238
-1138
-1234
-1174
-1023
-1087
-1069
-1025
-908
-1005
-1008
-935
-1036
-941
-684
-614
-532
-415
-476
-346
-448
-544
-650
-764
-756
-812
-695
-715
-672
-569
-543
-503
-465
-463
-552
-741
-850
-935
-968
-943
-979
-847
-826
-837
-843
-935
-1034
-1149
-1228
-1122
-1066
-946
-747
-599
-432
-369
-316
-222
-60
-22
-198
-215
-197
-211
-233
-253
-92
-6
86
60
12
-135
-195
-274
-304
-211
-368
-315
-194
-313
-356
-306
-249
-207
-168
-37
7
-153
-193
-210
-290
-232
-319
-245
-55
14
74
218
338
530
660
620
624
648
599
635
727
608
523
428
380
349
412
296
188
213
80
8
-208
-236
-291
-424
-347
-463
-597
-548
-600
-761
-892
-902
-852
-867
-895
-881
-790
-798
-838
-943
-936
-855
-957
-1059
-954
-789
-747
-785
-861
-806
-867
-723
-572
-461
-197
-111
71
374
633
791
954
981
1163
1249
1302
1399
1385
1374
1352
1453
1488
1587
1493
1254
1004
791
735
702
641
726
637
742
860
942
1019
835
760
678
615
577
666
849
1070
987
953
987
1000
1019
1111
996
759
784
822
922
981
852
820
988
847
676
769
771
553
438
434
462
354
209
83
56
58
0
5
90
142
207
396
466
452
516
699
710
568
633
696
713
922
910
879
744
765
954
1111
1162
1070
938
845
784
553
432
254
212
41
-2
-36
-95
-227
-433
-473
-456
-459
-456
-416
-567
-763
-892
-804
-888
-990
-1031
-1249
-1356
-1161
-1134
-1210
-1165
-1036
-1071
-981
-782
-810
-869
-928
-880
-973
-968
-1020
-1008
-998
-1148
-1062
-942
-943
-1046
-1075
-974
-868
-900
-1045
-1019
-956
-945
-968
-1015
-1075
-1044
-1031
-984
-717
-616
-542
-424
-438
-639
-739
-741
-774
-684
-600
-657
-709
-668
-675
-566
-421
-494
-441
-406
-324
-210
-387
-384
-383
-283
-323
-316
-280
-294
-309
-330
-373
-387
-211
-149
-85
-92
92
53
188
242
193
313
324
291
152
240
304
269
156
252
407
287
171
15
-32
42
15
128
177
388
641
707
832
989
1053
1111
1048
975
1191
1068
1036
1065
987
1104
1147
1049
1050
1100
984
962
917
957
965
919
1036
921
767
771
864
894
837
982
1148
1174
1117
1154
1214
1228
1293
1342
1415
1407
1311
1385
1484
1403
1304
1186
1040
918
713
572
599
698
648
599
551
583
504
240
54
-118
-183
-372
-320
-196
-81
-26
-146
-207
-246
-350
-259
-150
-244
-187
-138
8
91
26
-13
54
-77
-189
-30
63
-135
-336
-258
-270
-275
-337
-238
-191
-196
-203
-224
-22
-102
-94
-92
-57
113
199
-9
42
257
153
160
18
-14
-8
-3
0
-161
-414
-609
-663
-564
-561
-693
-595
-581
-677
-792
-883
-866
-1032
-1103
-998
-910
-929
-910
-845
-776
-672
-675
-624
-613
-585
-474
-452
-568
-626
-539
-552
-475
-263
-184
-23
116
261
300
297
185
16
-71
-211
-248
-233
-144
-278
-334
-214
-200
-337
-298
-337
-538
-638
-786
-789
-644
-479
-435
-274
-237
-148
-23
-211
-361
-409
-520
-521
-556
-548
-445
-477
-381
-486
-532
-414
-384
-442
-363
-219
-339
-482
-498
-310
-125
-51
-45
-41
14
81
236
336
412
316
257
263
161
316
465
445
464
598
589
709
781
790
707
547
576
463
448
448
357
474
527
463
473
423
446
531
552
560
589
517
509
495
450
429
371
398
408
371
480
552
549
524
516
458
286
201
78
93
177
178
190
248
246
319
464
619
693
685
660
643
757
729
733
895
915
788
872
964
952
900
764
754
778
589
491
378
474
730
684
669
600
570
463
355
155
-28
-176
-61
-10
-186
-239
-181
-140
-314
-409
-535
-580
-472
-394
-531
-466
-431
-353
-271
-391
-371
-361
-286
-131
-174
-272
-255
-218
-280
-379
-515
-560
-618
-627
-406
-350
-220
-319
-392
-410
-383
-542
-586
-361
-340
-206
-137
42
-121
-251
-143
-89
-64
-125
-137
-147
-88
-190
-318
-261
-78
-77
-118
-36
-162
-353
-359
-373
-518
-626
-670
-522
-596
-637
-609
-652
-595
-549
-418
-407
-349
-228
-158
-258
-270
-166
-227
-308
-365
-494
-350
-359
-343
-152
-197
-343
-598
-589
-615
-716
-770
-608
-496
-420
-362
-484
-544
-515
-610
-809
-652
-709
-824
-767
-831
-795
-611
-393
-228
-180
-144
-116
-103
-174
-152
-14
-21
-124
-93
-8
-102
-127
-216
-364
-413
-320
-358
-371
-275
-258
-147
-87
-235
-220
-164
-128
104
255
356
459
664
630
638
821
823
709
599
571
526
499
558
511
442
458
398
381
420
441
446
568
653
747
718
717
771
693
791
830
806
844
797
691
684
689
551
435
453
595
664
596
723
940
1036
1244
1323
1245
1167
1120
1107
1037
969
872
888
854
866
819
807
961
949
1021
1188
1054
1068
1018
836
1015
1105
1181
1300
1275
1098
1048
1103
1261
1339
1251
1050
1010
869
666
499
399
451
236
199
214
256
244
387
370
282
289
112
-38
-139
-196
-287
-172
-54
-31
-164
-194
25
-73
-314
-410
-515
-529
-609
-727
-718
-598
-541
-628
-615
-633
-816
-777
-769
-958
-1109
-1283
-1299
-1439
-1528
-1408
-1221
-1384
-1616
-1556
-1619
-1751
-1927
-1928
-2040
-2003
-1976
-2007
-1964
-1939
-2044
-2073
-1956
-1918
-1997
-2145
-2144
-2267
-2099
-1987
-2009
-2099
-1947
-1933
-1940
-1904
-1978
-1763
-1838
-1904
-1927
-1963
-1986
-1893
-1952
-2062
-1835
-1663
-1651
-1440
-1405
-1460
-1372
-1379
-1285
-1159
-1107
-1023
-823
-746
-672
-677
-584
-428
-415
-289
-136
-124
7
275
332
549
787
761
657
766
874
826
952
1060
1028
1098
1102
1084
1201
1159
1160
1310
1154
1153
1343
1249
1258
1330
1250
1197
1296
1276
1267
1331
1440
1554
1572
1690
1760
1503
1361
1375
1377
1398
1305
1370
1450
1495
1430
1348
1569
1572
1504
1552
1434
1419
1544
1585
1525
1472
1232
1278
1411
1349
1382
1286
1185
1112
1053
942
926
840
795
966
869
959
1248
1167
1074
1185
1139
1145
1132
1080
1196
1177
1158
1218
1221
1092
1028
868
717
603
423
386
298
121
-34
60
178
-134
-353
-244
-394
-357
-376
-366
-302
-533
-608
-552
-485
-545
-564
-603
-537
-564
-471
-247
-73
-46
-80
-75
-68
-232
-358
-286
-358
-507
-663
-649
-802
-927
-896
-852
-936
-894
-1008
-1146
-1122
-1135
-1239
-1155
-944
-852
-785
-732
-591
-451
-375
-522
-503
-545
-520
-423
-375
-312
-198
-256
-231
-170
-103
-30
-5
37
0
-88
-254
-266
-423
-400
-439
-428
-459
-530
-494
-618
-585
-624
-697
-833
-953
-989
-1097
-948
-795
-778
-753
-547
-400
-380
-405
-523
-564
-652
-815
-918
-701
-755
-823
-576
-276
-179
-185
-126
-264
-333
-376
-434
-495
-447
-245
-89
49
105
221
142
84
292
167
266
389
203
183
281
371
465
381
192
202
33
-88
-47
-161
-329
-364
-459
-579
-535
-676
-708
-646
-839
-829
-668
-630
-594
-637
-589
-508
-673
-583
-358
-286
-160
-208
-133
-54
-51
-189
-159
-13
-99
-281
-271
-85
-244
-131
-89
-156
-158
-215
-222
-164
-263
-328
-192
-217
-139
-35
-56
0
69
-50
88
241
299
521
718
777
1024
1219
1142
1198
1204
1010
1006
1121
1058
1117
1220
1263
1213
1240
1302
1338
1299
1352
1330
1333
1595
1736
1884
1861
1774
1736
1709
1741
1717
1698
1700
1610
1598
1524
1614
1591
1487
1587
1651
1646
1551
1486
1342
1358
1339
1349
1254
1210
1178
1064
913
711
807
792
552
296
397
583
523
415
304
398
461
237
83
-17
-58
-72
-164
-144
-94
-131
-38
34
-152
-168
-297
-400
-288
-284
-396
-411
-243
-256
-379
-599
-581
-521
-628
-597
-621
-776
-759
-667
-775
-847
-982
-1012
-1142
-1233
-993
-1095
-1198
-1065
-1101
-1222
-1160
-1192
-1319
-1067
-972
-1132
-1054
-980
-1083
-1236
-1351
-1499
-1633
-1564
-1529
-1670
-1718
-1768
-1817
-1757
-1649
-1678
-1827
-1974
-2019
-2022
-2105
-2200
-2198
-1990
-1971
-2022
-2033
-1997
-1902
-1767
-1674
-1679
-1512
-1497
-1534
-1428
-1429
-1239
-1171
-1274
-1176
-1211
-1148
-1156
-1156
-1215
-1269
-1012
-1009
-1048
-939
-854
-883
-781
-812
-807
-776
-880
-841
-774
-752
-787
-650
-621
-536
-477
-450
-505
-387
-317
-384
-376
-579
-508
-412
-240
-174
-212
18
272
382
401
362
225
241
223
220
337
253
266
512
580
480
339
400
538
522
524
503
572
596
645
497
450
462
305
479
746
791
850
962
850
851
985
958
776
743
762
804
739
714
862
1021
1193
1089
973
963
905
837
911
1054
1030
1171
1214
1192
1211
1236
1305
1184
1138
1008
934
1016
1086
1050
1189
1160
939
1008
1037
1041
1190
1442
1476
1370
1291
1434
1395
1276
1397
1362
1528
1753
1799
1828
1842
1702
1441
1301
1377
1193
968
910
850
845
768
792
814
765
641
609
563
608
693
667
586
452
443
455
463
522
349
277
399
289
289
351
282
115
86
86
-4
-148
-183
25
24
-17
73
36
-16
-35
-77
-237
-409
-434
-414
-493
-629
-580
-470
-401
-402
-306
-125
-16
-59
-234
-320
-432
-413
-402
-490
-688
-834
-953
-1062
-994
-972
-1031
-1263
-1472
-1847
-2005
-1942
-1889
-1709
-1662
-1523
-1428
-1430
-1414
-1335
-1354
-1464
-1538
-1515
-1329
-1285
-1289
-1299
-1246
-1089
-1023
-1189
-1243
-1396
-1502
-1462
-1444
-1431
-1480
-1295
-1189
-1004
-1059
-1031
-939
-966
-967
-1050
-909
-975
-957
-743
-822
-922
-823
-685
-586
-429
-305
-227
-211
-189
-226
-290
-307
-428
-487
-357
-263
-187
-16
-72
-14
-62
-222
-308
-173
-70
-115
-20
15
48
120
233
332
454
526
624
604
642
680
876
1084
1184
1231
1221
1254
1299
1419
1450
1590
1617
1680
1717
1626
1641
1672
1703
1579
1435
1567
1676
1540
1454
1481
1406
1328
1130
935
876
1006
1130
1158
1327
1328
1209
1345
1416
1346
1488
1315
1203
1247
1116
995
987
1073
1138
1127
1025
975
976
1123
1314
1308
1225
1358
1338
1155
956
835
918
855
809
820
637
481
485
387
365
310
247
195
53
224
375
471
434
292
161
-31
-237
-360
-189
-144
-125
-193
-334
-465
-563
-636
-664
-494
-539
-571
-490
-319
-169
-2
-10
-123
-225
-395
-423
-454
-374
-306
-229
-240
-395
-400
-304
-295
-472
-425
-331
-305
-277
-258
-232
-242
-301
-393
-367
-430
-444
-513
-420
-469
-508
-413
-486
-540
-582
-581
-504
-422
-387
-334
-520
-653
-447
-198
-179
-192
-304
-320
-380
-333
-187
-333
-456
-514
-566
-740
-796
-833
-728
-786
-994
-951
-891
-752
-716
-802
-915
-797
-850
-921
-860
-929
-853
-738
-638
-579
-530
-628
-669
-410
-296
-366
-261
-228
-427
-499
-406
-312
-282
-333
-362
-544
-650
-563
-402
-356
-372
-374
-580
-666
-591
-507
-408
-401
-446
-354
-436
-668
-699
-631
-572
-426
-428
-318
-340
-434
-162
-73
-180
-378
-342
-138
-75
-58
8
147
248
149
100
39
48
228
299
359
327
330
590
860
917
903
870
837
978
1073
1038
1146
1292
1295
1406
1462
1475
1445
1404
1476
1367
1393
1319
1407
1559
1530
1529
1556
1496
1232
1207
1065
1065
1259
1263
1128
870
765
803
712
618
645
445
493
668
537
608
645
544
427
228
141
64
-36
-78
-22
122
200
242
132
52
85
6
-34
-35
-121
-163
-68
-11
39
114
-76
-143
31
57
35
94
25
-146
-139
-105
-213
-278
-189
-225
-231
-151
-133
-191
-111
-105
-129
-193
-384
-432
-510
-531
-383
-252
-322
-226
-140
-216
-321
-469
-545
-470
-530
-680
-758
-889
-906
-790
-830
-853
-688
-649
-755
-921
-1046
-1198
-1198
-1294
-1307
-1180
-1257
-1305
-1223
-1046
-1075
-1100
-1197
-1396
-1534
-1722
-1872
-1799
-1820
-1827
-1762
-1747
-1668
-1654
-1429
-1363
-1517
-1724
-1669
-1727
-1726
-1602
-1625
-1669
-1573
-1240
-1253
-1192
-1063
-914
-847
-784
-796
-728
-648
-746
-586
-508
-526
-295
-29
-23
-10
7
0
-48
-203
-292
-339
-120
-2
80
373
498
509
505
676
614
511
666
814
674
631
837
697
657
777
724
824
835
697
734
802
696
619
622
561
549
321
142
111
38
109
86
-89
-123
-94
-34
43
79
84
122
387
592
748
890
977
1208
1322
1335
1347
1270
1209
1233
1161
937
887
843
781
659
539
538
375
212
149
132
-42
-139
-152
-4
43
103
219
-58
-265
-338
-429
-478
-387
-625
-773
-684
-847
-825
-765
-772
-700
-561
-487
-509
-558
-530
-414
-393
-410
-505
-539
-537
-649
-651
-466
-547
-672
-731
-801
-722
-648
-839
-814
-497
-333
-294
-286
-142
-251
-259
-171
-138
-85
7
28
79
188
159
213
26
-93
-8
182
280
333
349
199
269
231
340
278
246
314
390
525
589
795
635
589
786
903
773
799
786
782
929
921
763
806
898
801
942
917
929
865
701
487
521
527
328
350
420
533
646
768
848
936
901
885
853
832
834
698
570
537
558
580
587
457
393
496
462
426
431
403
344
240
121
76
129
7
33
90
-96
-313
-413
-434
-564
-593
-552
-524
-532
-421
-428
-454
-272
-116
-150
-159
-56
-101
-141
-97
-82
-211
-129
-89
-189
-292
-284
-291
-255
-118
-42
-22
-199
-234
-99
33
-24
49
190
238
399
447
387
512
608
436
447
431
263
269
284
150
219
239
146
207
227
348
357
353
558
783
589
437
446
388
406
390
459
418
465
539
809
916
753
745
624
637
666
589
556
643
652
671
790
879
851
802
805
682
605
656
809
857
789
701
801
776
724
803
780
756
898
1254
1362
1380
1338
1125
935
766
801
941
890
915
931
738
652
550
361
297
174
25
-40
-63
-39
40
132
156
29
-42
-127
-292
-320
-215
-84
8
9
81
204
237
289
198
192
277
404
409
505
452
306
353
306
267
236
123
30
245
456
606
463
273
185
-101
-329
-442
-484
-429
-370
-433
-414
-464
-661
-780
-803
-889
-1057
-991
-941
-1004
-1117
-1175
-1242
-1346
-1388
-1402
-1258
-1087
-1000
-792
-638
-741
-920
-1201
-1343
-1254
-1163
-1189
-1080
-834
-715
-717
-658
-676
-750
-859
-997
-930
-793
-785
-763
-601
-550
-485
-513
-649
-681
-792
-877
-902
-785
-715
-605
-601
-707
-636
-600
-547
-659
-684
-635
-550
-592
-592
-487
-595
-839
-847
-739
-672
-533
-610
-529
-304
-370
-463
-619
-823
-667
-593
-475
-349
-333
-230
-120
-68
29
49
51
110
161
158
112
82
127
168
138
180
19
27
50
48
36
-161
-219
-214
-354
-292
-177
-166
-121
-104
-89
54
106
-108
-110
-74
-50
109
152
-15
9
25
42
177
272
360
315
176
284
533
405
331
262
74
102
104
137
229
236
299
369
252
223
269
159
215
440
540
400
443
450
565
626
525
502
454
554
453
616
667
696
639
438
392
186
149
107
27
-6
-8
-99
-78
6
-8
-52
-62
71
279
485
605
694
824
966
944
900
874
894
1041
1005
889
787
776
846
769
697
591
470
534
595
499
531
579
526
568
462
407
372
238
212
335
447
358
176
119
103
-32
-47
-62
4
42
-32
-120
-164
-45
-3
-154
-202
-124
-210
-282
-283
-336
-450
-538
-462
-500
-563
-635
-675
-635
-733
-765
-866
-996
-1252
-1527
-1611
-1536
-1413
-1439
-1423
-1338
-1232
-1272
-1304
-1383
-1571
-1584
-1665
-1619
-1599
-1598
-1530
-1312
-1193
-1229
-1274
-1269
-1114
-1200
-1247
-1213
-985
-820
-737
-620
-552
-541
-419
-381
-434
-512
-608
-622
-594
-657
-863
-840
-943
-983
-810
-737
-808
-853
-804
-809
-981
-1190
-1482
-1528
-1313
-1144
-1078
-1133
-970
-1003
-1106
-916
-881
-890
-780
-823
-1005
-829
-700
-831
-744
-806
-1015
-987
-831
-730
-609
-551
-558
-532
-438
-402
-491
-674
-658
-452
-206
-70
-230
-268
-41
5
-16
82
131
189
312
463
596
716
681
719
857
1025
1224
1368
1417
1385
1355
1476
1536
1473
1454
1466
1510
1579
1612
1498
1427
1477
1343
1187
1158
1097
1006
998
1073
1166
1405
1591
1595
1415
1332
1251
1310
1328
1323
1458
1468
1358
1267
1259
1253
1318
1287
1254
1326
1355
1319
1339
1325
1186
1015
961
980
894
835
731
542
567
537
520
407
207
194
238
199
314
220
-79
-6
-71
-140
-21
-82
-115
-141
-115
-75
60
226
96
-36
-90
-115
-67
118
183
236
98
114
217
201
70
-3
90
48
89
-2
-71
-182
-260
-271
-290
-411
-444
-473
-617
-750
-888
-913
-988
-1083
-1208
-1370
-1297
-1160
-1019
-755
-810
-928
-974
-930
-910
-910
-817
-765
-621
-441
-222
-231
-121
17
-75
-107
-35
66
53
-20
-174
-50
-50
-113
4
-3
-2
158
376
333
263
76
47
196
266
368
391
387
381
397
400
335
390
385
325
453
458
467
498
531
558
663
754
780
872
863
705
658
671
588
621
561
454
330
380
333
285
438
471
387
350
505
380
249
287
221
170
225
210
107
142
181
159
91
-21
-185
-339
-355
-418
-390
-216
-206
-303
-311
-276
-234
-282
-348
-379
-406
-248
-104
-117
-234
-326
-377
-263
-138
-59
133
251
380
548
576
501
487
609
599
348
422
487
546
776
795
633
605
649
495
472
505
615
667
769
917
871
860
999
1131
1144
1082
1056
1151
1194
1235
1203
1208
1229
1265
1283
1318
1325
1278
1369
1362
1249
1125
1047
907
773
657
620
565
516
654
752
840
791
637
539
520
539
566
586
559
666
804
832
757
663
667
552
441
430
355
359
490
532
469
481
378
338
368
180
24
-45
-50
-176
-295
-470
-770
-816
-667
-727
-837
-864
-906
-744
-846
-1078
-1119
-1064
-1075
-1101
-1116
-1080
-1038
-1051
-924
-879
-771
-749
-836
-858
-890
-862
-941
-942
-966
-1092
-1139
-1205
-1272
-1288
-1262
-1426
-1370
-1312
-1399
-1418
-1398
-1351
-1376
-1375
-1407
-1339
-1195
-1000
-989
-1040
-1008
-964
-913
-930
-818
-819
-863
-908
-931
-869
-882
-848
-937
-961
-1019
-917
-699
-564
-556
-658
-710
-752
-629
-486
-439
-427
-437
-416
-375
-378
-221
-166
-189
-244
-276
-188
-30
-50
-8
72
35
50
18
-66
-213
-105
-56
-117
-199
-265
-339
-466
-367
-301
-397
-462
-398
-349
-360
-304
-351
-464
-426
-350
-417
-270
-91
-144
-39
-51
-260
-349
-384
-435
-593
-632
-668
-832
-888
-867
-990
-1106
-972
-793
-773
-812
-703
-720
-798
-881
-913
-832
-871
-976
-925
-925
-763
-586
-618
-582
-420
-242
-296
-251
-243
-283
-314
-331
-346
-269
-273
-433
-365
-445
-547
-549
-539
-501
-479
-505
-549
-419
-348
-283
-195
2
108
50
85
61
2
-127
-186
-194
-197
-165
-93
119
283
339
383
443
486
455
488
505
544
514
463
427
450
405
347
304
159
155
161
168
150
169
197
189
157
229
232
276
342
367
437
469
437
601
623
462
525
514
461
537
591
647
688
771
1000
