-1471
-547
440
-309
-1059
-1835
-759
1483
1156
-484
930
-297
121
338
604
2209
621
644
1442
1087
-248
919
1032
793
1225
1438
773
-1595
-2327
-2037
-1446
-287
407
-208
-894
-1204
-375
384
-802
-2596
-882
622
1497
1168
297
823
-528
-137
627
561
792
378
220
145
697
1112
367
690
490
1095
1445
37
-2412
-2536
-1685
-902
-42
-879
-391
-1303
-332
116
-659
-2042
-1290
974
1295
413
-226
766
-135
-140
1008
1188
201
299
1568
1058
508
823
555
1134
662
791
1857
787
-2249
-3300
-1781
-291
463
438
-604
-1822
-1090
13
-148
-407
-618
-1118
79
1304
901
557
662
-828
-396
452
710
-10
393
1858
840
776
289
-34
126
506
1037
1285
-557
-3300
-2068
-480
-998
343
-265
-781
-1360
-829
-276
-578
226
-573
138
795
436
-454
357
42
865
969
-53
247
1151
1455
1449
1565
434
518
-415
424
1454
1291
373
-1609
-3090
-1616
338
266
-127
-1254
-1075
-806
-420
-354
212
530
-631
141
1005
-164
-353
484
150
-360
-81
507
607
561
1164
1176
461
521
226
-288
415
800
-36
-641
-1934
-1666
-887
-339
159
-1021
-1116
-1320
-961
955
709
-78
-741
-49
786
-334
-190
687
868
-632
-173
519
769
1009
1622
1207
-18
756
911
663
-480
-250
1376
1182
-961
-2384
-1330
-34
103
-243
-948
-1383
-1024
21
333
-187
373
791
33
-700
-692
511
-15
-215
-203
-427
505
545
1269
1708
785
10
-302
-270
278
-227
411
410
348
-1982
-2218
7
-194
575
-1082
-1657
-902
261
375
-552
-1101
617
1138
143
-44
642
667
-955
-371
-125
676
1224
704
1172
941
256
756
632
-154
-1302
160
1477
1527
-498
-2122
-1229
-156
231
-910
-970
-457
-143
-90
224
-431
-126
24
724
368
-195
-310
-210
-59
-283
75
326
1458
820
803
555
-354
24
-509
-1239
346
1258
283
118
-1130
-2158
-603
-426
215
-537
-1337
-313
468
270
-917
-386
-244
1135
1628
826
-1164
-566
710
-69
432
27
567
523
1643
1120
-240
432
-1234
-608
231
1515
2077
874
49
-1878
-1288
-1060
-468
-22
211
161
-826
163
417
-452
-489
-157
977
1109
-199
-569
-792
-12
-233
27
245
699
1474
811
-120
-83
-907
-2297
-332
-38
1690
1604
407
-52
-3062
-1484
-420
-553
787
545
-677
-313
743
101
-1081
-23
1337
736
429
-690
-608
629
173
285
146
165
1037
930
1090
-487
-901
-1224
-886
58
458
3029
2215
972
-1851
-2525
-729
-495
530
471
228
204
219
-208
-340
-855
12
378
880
-853
-1174
791
-480
-164
496
430
56
761
1298
-113
-2138
-1187
-1138
-525
-313
792
2466
1753
406
-3079
-2773
-784
1683
618
-536
132
-605
-206
836
883
420
-440
-235
807
153
55
-46
-205
-263
419
815
398
240
-135
-1001
-696
-935
-350
-22
919
2106
1825
1039
-950
-2504
-1330
1761
1443
786
-528
-400
-422
-953
811
178
-883
4
432
432
25
-635
-575
49
261
289
-110
184
-395
-820
-334
-1419
-1253
-640
797
1014
2067
508
-599
-2147
-1634
1295
1088
1030
-34
-491
-871
242
650
1283
-69
-886
699
1536
-624
-415
483
-529
-323
175
200
-708
-230
-239
-96
-808
-780
-619
809
1226
906
560
789
207
-952
382
1051
1252
800
276
-1385
-1342
399
469
-1037
-929
1222
1345
-771
-1355
114
428
-739
-366
-352
-551
-755
-422
392
-54
-1657
-1226
-52
791
1532
729
-24
2
911
-207
-332
560
1548
-100
-982
-155
574
244
-442
-312
424
1161
854
-295
-1033
86
-397
-317
-794
-1294
-748
214
271
351
-784
-806
-132
803
1299
878
801
-433
1113
1285
-146
791
1448
663
-551
-788
96
-1123
-346
63
-222
56
351
594
-631
-376
-566
-980
-1176
-1020
-874
-1041
129
510
-230
-653
-1174
231
1025
823
-494
-138
1767
1730
-90
-40
1391
136
-61
160
798
-1071
-1110
412
-270
270
854
1093
118
-828
-877
-734
-1445
-1355
-1509
-1033
928
1371
346
-527
-1075
-556
352
320
823
1237
2330
1833
293
409
515
504
316
516
-187
-1231
-1206
-517
-58
-344
24
602
834
-527
-776
-904
-1928
-1582
-1428
-388
0
497
1010
77
-777
-1149
-606
-273
324
1034
2304
1555
1217
1466
-865
-421
1068
1462
-278
-822
-219
-540
-439
64
598
370
796
222
-700
-1255
-1217
-1753
-1998
-196
393
-130
824
984
-423
-1352
-793
469
636
1394
2436
1922
1502
1364
73
-585
42
881
276
-511
-1182
-505
-299
-615
-95
289
605
-103
-23
-1309
-1891
-2858
-1900
-531
-264
477
628
905
418
-274
-2215
-1535
-57
2116
2756
765
1347
1471
449
121
396
820
94
106
31
-683
-1075
-143
122
-198
280
537
73
-1188
-1087
-2021
-1558
-749
-829
-63
1222
1033
-228
-400
-935
-1214
-193
2505
2692
896
1232
1498
1103
271
-262
343
-83
56
76
-371
-870
-784
-150
634
279
-33
209
-910
-2156
-2485
-1318
-1560
-895
-128
403
565
1218
298
-1636
-1916
-515
2218
1759
1164
1321
996
593
1277
1134
-114
-360
74
635
80
-1108
-530
-86
169
-31
-482
463
-286
-1459
-1933
-1804
-290
-510
-185
694
580
359
-526
-288
-760
0
1516
1291
1037
1662
1376
321
681
1457
18
-288
-76
19
356
-598
-788
-461
56
-457
-213
44
-311
-1506
-1822
-1249
-1201
-1316
-296
-172
624
1084
-162
-1081
-1388
464
1321
1483
806
1153
1122
718
838
1625
748
-393
-438
522
680
232
-294
-1310
-326
-490
30
-281
-993
-841
-1079
-716
-235
-758
-191
-713
-67
893
291
-571
-549
814
1087
674
720
1523
939
469
709
919
811
558
-369
-131
-23
196
75
-408
-638
-639
-384
-625
-1371
-1673
-965
-209
-503
-1372
-437
-392
192
211
-169
-407
-501
1160
1235
-111
505
1114
494
307
1056
1404
904
840
204
-304
-398
768
323
-372
-421
-1358
-1001
-492
-764
-1037
-377
-95
-370
-790
-62
357
-763
-316
-188
-365
400
1368
1235
275
210
967
1033
-328
239
411
873
1371
1191
-118
-993
-88
580
1201
-335
-1484
-1354
-1223
-1305
-655
-625
-564
-389
-230
-186
-575
-303
-1156
-1122
-94
596
1559
1106
415
652
358
320
694
594
229
846
1341
934
519
-161
-589
18
902
-130
-736
-1573
-2426
-1069
-488
273
364
-441
-142
214
-40
-390
-1475
-1650
63
819
1672
1448
689
791
487
-611
-148
1158
-339
235
1141
1583
960
-144
-390
89
731
748
-2
-2129
-3210
-2349
-537
6
411
-309
-71
-40
492
-396
-1917
-2081
-240
1405
1554
1164
345
1266
-9
-510
272
1171
77
-137
529
1659
1335
67
-24
-201
613
445
245
-1849
-2644
-2096
-1153
80
546
207
890
479
-766
-368
-1283
-1331
-719
1681
2124
822
377
946
441
-1093
-194
-147
962
51
559
1217
590
1173
-261
174
-113
777
-87
-1521
-2073
-2113
-1002
-694
51
285
408
622
70
-1529
-1688
-1556
240
932
1405
944
234
314
-195
161
920
226
133
-78
405
1559
234
1312
332
-203
-157
853
8
-1420
-1485
-1694
-1120
-1309
-107
466
1275
697
38
-611
-1043
-1134
81
1312
763
686
1132
731
-956
-561
809
48
-904
165
137
599
1537
1000
891
-195
393
745
-785
-1400
-928
-1486
-2095
-246
-623
-100
1082
651
-253
-729
-1608
-1225
849
1095
389
-310
818
755
13
-420
295
342
171
-62
920
257
117
1000
740
1699
440
-718
-1883
-1253
-564
386
-1041
-1743
-846
284
905
1111
784
-601
-1383
-989
1484
1293
302
-647
418
578
-681
-570
563
134
-117
222
-225
283
802
745
456
2062
1774
-1248
-2104
-1194
-568
-328
-147
-820
-1512
111
1038
604
-564
-1209
-1499
-39
1632
735
567
527
-123
-23
-275
-12
116
-304
413
617
-104
24
417
-265
1190
1849
920
-1186
-1895
-452
-112
-223
-236
-126
-988
-437
386
600
743
-818
-1039
325
826
1022
982
554
-693
-1030
-1114
24
797
-242
235
484
-169
-295
561
708
570
1614
1253
-495
-1862
-1132
-225
-466
-328
-235
-333
-934
718
248
-860
-942
-502
1172
138
230
1035
1234
257
-1968
-1713
258
1121
260
31
1158
-68
-577
211
473
-18
843
977
125
-424
-1667
-536
87
-205
-215
-205
-432
32
400
-529
-1021
326
1432
1544
-373
455
1786
107
-1999
-2005
-346
118
348
247
900
-19
-119
-282
275
962
815
141
-173
-476
-1580
-97
659
-415
-129
36
-33
205
-1411
-1371
-914
719
1548
729
321
-283
1060
461
-1375
-1008
80
-75
-218
964
1095
141
-384
-366
-295
1121
240
-632
146
-384
-171
-634
257
-49
141
798
317
-781
-1070
-518
-726
947
1962
1083
978
390
-337
150
-1038
-1043
-834
-919
-537
1255
1177
-411
-449
103
472
695
261
-364
262
-572
-496
-577
-123
539
591
486
217
-515
-2054
-1462
230
804
1060
872
703
685
-390
-330
-696
-715
20
-709
-304
849
898
290
-224
-294
111
-410
-92
241
-694
-687
-301
667
-293
11
1074
1045
595
-746
-950
-1624
-318
1039
1199
1756
895
132
73
-1224
-615
325
-1062
-1168
-33
359
-62
497
662
-78
318
226
-974
109
-338
-777
111
-372
95
-234
1179
1024
-216
-710
-1618
-753
-337
961
1276
629
733
587
-176
-514
-444
-524
-579
-472
309
1025
95
-654
277
545
-103
-414
-1069
-467
359
-634
50
169
859
127
-102
1296
-236
-1297
-1095
292
415
759
1197
286
221
675
791
-418
-893
-635
-710
-626
190
-156
-512
224
244
1049
-78
-120
-211
-1125
-870
-345
107
-45
771
1010
599
-202
479
-967
-1538
211
308
244
739
738
515
188
-185
228
-255
-877
-365
663
248
-265
-908
-223
500
1091
163
-720
-803
-1180
-405
383
-61
-528
937
647
198
-305
416
140
-111
296
158
661
774
514
342
65
-298
308
-377
-760
-1596
309
898
-900
-762
-332
700
17
205
150
-592
-1306
-637
-498
-26
1021
768
1469
-117
-735
-566
-760
399
1105
267
-50
128
787
234
-466
447
443
237
-498
-479
-155
965
287
-1332
-534
3
14
-91
-213
-322
-939
-988
-292
128
517
811
725
599
425
-604
-523
727
781
259
840
591
-162
424
-302
-180
547
-594
-861
-371
-649
250
518
-355
95
-511
-318
-61
-523
-831
-892
-391
-480
1153
597
-316
549
668
366
-1374
-790
1197
1325
459
543
423
-225
-185
-30
-413
-124
919
279
-451
-160
-330
-138
206
204
-322
-1221
-477
-297
-673
-713
-636
-411
636
948
670
-347
47
865
-803
174
1033
1000
1030
639
63
-356
-867
-42
386
-619
86
722
408
-259
-942
-696
214
63
-365
-615
-806
-974
-145
-101
-967
-248
737
972
421
-161
170
229
-158
-391
691
1328
1061
804
469
-230
-778
-273
-300
191
-369
640
960
386
-299
-708
367
-215
-819
-782
-402
-943
-693
-264
-347
4
402
612
-119
-166
-11
-113
799
795
724
553
772
934
420
-398
-260
165
-56
-340
-504
244
499
200
-1176
-382
93
-480
-195
-766
-838
-832
-956
-477
226
295
93
615
546
164
-486
-611
1019
1473
516
54
845
900
88
130
-194
-628
-208
49
217
493
956
-316
-82
143
-1196
-278
-252
-335
-412
-1020
-1504
-648
149
90
504
3
-190
157
-176
42
1198
1240
1210
187
132
1172
360
322
-147
-447
-1348
-631
772
-145
116
195
324
7
-815
-1050
-379
-114
-741
-1419
-1026
-411
2
715
1272
739
-529
-198
-961
-208
711
1353
1773
536
-18
505
601
-25
88
175
-678
-1116
832
1048
3
-72
697
84
-1231
-1798
-827
109
-647
-1076
-1237
-557
-220
677
791
232
-87
-225
181
236
684
783
1628
1099
339
-495
162
1330
14
-806
-769
-263
-367
172
-106
769
456
-450
-647
-1010
-700
-539
-1046
-1626
-1150
-144
916
623
224
117
-90
-693
109
769
518
768
1341
1482
834
-1097
-255
1177
154
-169
322
838
-474
-671
-299
358
138
184
377
-1030
-1335
-1561
-832
-781
-1084
-468
570
465
478
572
73
-68
-431
220
549
991
1227
1635
763
-446
69
482
-272
-58
519
-187
-153
-896
-429
330
-42
-36
460
55
-1600
-1973
-1327
-502
-1024
-564
628
879
53
514
640
-212
-508
-532
1364
1251
719
879
1189
136
-738
-261
342
491
968
1099
-828
-475
-15
-400
201
259
-301
-469
-1149
-1575
-838
-921
-483
-16
300
-51
-363
474
109
586
-35
-608
802
1181
1017
485
641
1228
401
-794
-472
378
343
628
-377
-847
-108
-779
-425
37
-149
-65
-708
-1714
-1275
-785
-252
470
-89
-798
332
827
241
101
-560
322
955
995
806
69
-27
1222
659
-463
94
910
1241
242
-331
-553
191
-429
-277
-107
-287
-166
-814
-1373
-1714
-717
-102
573
-16
-1225
-803
679
548
260
640
700
449
889
512
211
465
146
493
284
552
160
523
81
-314
-480
-567
-513
-222
161
-173
-345
-1146
-998
-1098
-1092
-265
559
-259
-290
-518
-394
332
694
668
483
830
326
484
297
358
38
691
1545
325
153
925
452
439
74
-716
-635
-522
-571
-336
-733
-836
-528
-1087
-458
-389
-121
-254
203
-550
-352
662
-407
666
829
938
273
18
298
611
141
326
919
73
484
-212
-13
633
392
-301
-101
-149
-979
-1209
-1331
-594
-169
-703
-484
-287
-142
128
-186
46
-387
-493
697
811
727
386
-74
537
303
416
442
850
830
668
882
-22
-72
574
536
79
-327
-467
-529
-1029
-1146
-1183
-522
139
-53
-765
-1249
-584
236
494
213
-360
55
427
847
687
-255
-231
630
607
712
630
98
1073
360
-11
-391
147
651
436
-28
-868
-769
-1343
-1653
-1170
52
79
199
63
-974
-900
154
354
63
-856
128
802
925
1245
-25
-185
-612
318
1497
716
131
992
996
358
-359
-199
664
1094
154
-363
-905
-1672
-1435
-983
-397
-393
301
-308
-593
-516
33
542
360
-873
-1057
625
862
444
486
208
278
919
318
99
143
1000
591
134
482
-947
200
1099
66
-520
-1394
-1426
-1283
-1115
-505
464
191
-238
-89
-248
12
-25
8
-106
-547
268
416
371
967
183
164
725
718
734
220
0
493
1101
251
-265
573
817
757
-353
-1742
-1735
-698
-659
-771
-594
-348
163
220
342
-391
-324
347
100
-345
-387
604
134
784
628
-35
516
448
316
277
287
294
711
-20
-124
-64
404
300
-211
-1435
-1755
-698
-526
-631
-547
-114
224
469
284
-606
-947
-105
318
354
149
-144
116
733
902
825
15
331
639
207
319
656
693
820
632
-378
-237
-332
-488
-458
-1033
-1190
-752
-415
-632
-319
442
549
799
-163
-963
-593
-222
694
292
-535
-240
476
1256
948
-295
-364
272
604
227
343
305
668
880
-85
-206
-991
-913
-318
-442
-1485
-945
-44
-521
-266
11
882
439
-417
-689
-399
-99
-22
269
300
206
580
1028
848
8
-215
658
510
1023
427
-555
727
591
391
-307
-1542
51
154
-245
-1274
-1269
-165
43
70
-328
503
-196
183
3
-736
-752
167
82
-138
536
63
586
875
307
-598
520
363
266
134
-444
581
1078
674
-379
-1468
-1500
-111
-163
-402
-796
-645
386
278
93
-105
-162
425
295
-596
-554
-134
222
676
306
125
199
227
625
514
503
937
91
-387
-148
-429
785
1381
463
-482
-1248
-1171
-367
202
-436
-482
-233
-206
387
67
-68
-51
-111
-77
173
-1062
-498
1048
451
270
-240
-240
191
992
453
290
-370
-171
377
-300
538
716
-279
-919
-823
-952
-262
204
-511
-146
390
639
960
-912
-903
-21
203
381
-340
-544
-148
673
306
427
-99
-288
510
587
973
-134
-242
243
307
341
-187
436
-47
-452
-711
-1216
-336
66
318
-150
131
953
536
-424
-1086
-62
-721
-326
476
159
-103
63
511
107
83
-683
-390
307
474
-288
-168
741
333
220
-42
-633
-213
73
-920
-851
-531
-127
997
265
776
729
-256
-438
-281
-144
-586
-200
442
586
-843
-56
402
471
1020
-248
-430
382
598
-57
170
464
214
586
-416
-1069
-610
-461
-689
51
-351
-437
1190
996
1065
218
-503
-543
-317
-1165
-401
318
510
1064
-246
-623
-542
769
359
-374
-484
-360
8
106
655
-77
341
774
-509
-626
-442
-927
-535
-215
-501
86
669
1536
1447
32
-458
-260
-141
-578
-504
-690
314
662
506
4
352
791
-729
313
-1
-267
-43
255
874
192
-216
-152
-213
-680
-1137
-604
99
-292
241
91
229
2109
1942
-385
-744
-460
-710
-244
-388
-149
456
42
447
441
-110
-137
-844
-448
-276
-645
-290
-41
1007
667
-106
-79
-423
-725
-1348
-237
38
368
732
304
633
1022
1062
21
-246
-396
-229
-185
-551
-287
224
143
742
812
0
-395
-125
287
-175
-373
-354
518
273
-7
-136
-643
-270
-502
-1167
-1054
212
814
496
1082
1361
396
78
-213
-6
-534
-95
697
-69
226
-37
-355
-186
495
-173
-1211
-680
-381
-400
-186
79
292
473
81
-795
-220
-237
-883
-637
-278
248
269
680
947
1224
704
395
87
-21
-541
-825
553
824
400
-177
-362
214
382
-421
-387
-123
211
-59
-329
476
-510
-771
288
-154
-529
-394
-783
-833
-326
126
499
1242
1571
710
437
361
-103
-129
147
-38
-207
247
144
-441
-227
101
-74
-326
-402
-449
-473
-218
-66
577
-560
-1384
-300
116
-563
-891
-22
136
79
-88
366
1532
1369
1297
517
-228
119
-283
187
-59
319
1007
-263
-547
-106
-165
-67
185
118
-233
-51
-265
270
-337
-777
-382
-1072
181
-536
-1264
-446
-177
160
14
575
1210
1525
1187
-48
-48
319
452
-90
691
444
-249
-101
-664
74
-223
-738
-97
75
-461
-174
-520
-266
-640
-793
-580
-799
20
182
-260
97
-422
-452
77
632
1746
1558
739
-193
254
91
495
-11
346
875
-19
-181
-325
93
104
5
469
105
-533
-575
-574
196
-626
-1084
-1177
-804
-396
-318
372
32
-609
74
827
312
853
1202
676
437
400
-305
-139
844
551
-183
-43
121
4
-268
-120
146
-478
-815
-785
-565
-116
508
-873
-1759
-449
-71
-741
-570
101
-18
224
835
744
377
879
990
967
62
36
415
40
737
302
-279
-406
-75
249
104
519
437
-533
-954
-462
130
-113
-255
-425
-740
-805
-809
-936
-608
21
382
339
661
711
219
-170
309
932
272
363
569
761
679
884
-703
-386
543
104
197
14
-738
-1316
-1002
-923
114
-51
-66
-343
-405
-696
-1169
-685
-839
-366
837
817
1087
738
1112
488
-47
1083
752
55
-654
336
607
156
-269
207
499
270
552
73
-654
-370
-37
-809
-137
135
-877
-195
-56
-1076
-1334
-732
-335
-219
-56
735
1173
695
325
7
-288
139
804
728
286
382
708
-431
229
909
513
236
-147
-461
-1241
-1225
-981
-719
454
361
-196
-22
-939
-1603
-985
-36
-238
93
377
1102
739
1112
1325
-200
189
-302
404
1129
500
-187
-324
546
690
-1
-158
821
312
-587
-10
-1143
-1232
412
-116
-396
-258
-372
-708
-995
-301
-729
-536
-283
162
1049
726
711
-56
-40
-54
-266
241
1211
1111
180
75
55
743
547
43
243
-880
-851
-600
-669
205
399
-456
-1084
-718
-1558
-531
252
-155
-277
-389
249
710
890
1200
643
398
593
-23
-716
128
1472
429
769
-7
-465
1339
319
-581
-265
-429
-430
-569
112
647
181
-349
-925
-1104
-1141
-348
516
-344
-956
-701
672
618
52
75
-76
-44
578
1136
-148
-307
387
770
586
897
891
742
-212
-527
-1410
-1290
56
177
709
468
-598
-1070
-941
-1210
-615
-1045
269
871
-336
-143
1122
392
145
24
-186
922
204
993
982
-286
-269
829
916
745
540
-553
-211
-122
-1410
-821
288
513
909
272
-1056
-953
-498
-958
-542
-370
-317
728
-189
-77
568
115
-251
-918
-515
298
634
1056
1356
-492
-1164
796
1872
1576
542
-657
-926
-1349
-434
135
492
701
8
-978
-1404
-1071
-874
-719
-652
308
428
707
675
399
-224
148
86
-1179
276
1257
905
1170
256
-482
-252
355
1353
1201
-736
-1177
-613
-20
-7
-536
367
592
857
-579
-1330
-1142
-1366
-291
33
300
97
147
890
360
-372
-973
-1081
-518
185
413
1106
1038
-343
98
668
-63
1060
844
-458
-352
-973
239
247
-210
18
407
-254
-1004
-676
-1179
-1224
-573
-103
804
915
285
1154
161
-444
-409
-417
521
333
392
435
391
580
850
1111
-229
-636
-756
-397
95
-29
-256
547
451
-464
414
-924
-358
148
-1140
-625
-490
126
947
618
421
-96
-370
-653
-590
78
-306
-406
464
441
352
1139
1223
612
-214
-1138
-703
427
-74
285
569
166
519
-373
-1465
-718
-518
-971
-629
-304
466
851
886
1044
231
-681
-519
-357
81
890
-59
-704
-42
594
1090
1277
1005
-170
-700
-1813
-943
466
248
724
582
60
289
-234
-1661
-495
-57
-432
58
502
644
777
-244
-191
120
-768
-281
64
118
-324
-659
-268
424
463
1131
342
112
423
-788
-1082
-533
177
330
757
1120
75
-243
-611
-1507
-889
-693
21
696
991
1083
99
-787
-157
-79
-104
200
668
599
-440
-105
44
767
597
845
96
-855
-191
-958
-563
-556
-508
568
1092
515
7
-786
-1027
-406
-332
-265
372
987
1336
411
-974
-435
-438
84
337
88
-174
156
-137
-280
386
295
274
186
-479
-794
-391
-154
712
-427
-736
107
653
217
285
-625
-1274
-236
-649
-305
683
1589
1389
120
-1113
-206
38
310
540
94
75
156
190
-72
659
730
524
-449
-1297
-994
-788
413
136
-219
0
-155
-132
-43
124
-465
202
-120
-657
102
645
806
524
-214
-324
264
583
93
-380
397
23
-725
-27
227
446
264
-881
-934
-488
-584
401
828
-236
-455
-336
-290
-307
140
-102
-476
510
507
140
178
572
1069
118
-28
538
130
-65
131
-358
433
191
-442
1407
1153
369
250
-1509
-2080
-1074
-439
783
1185
-620
-968
53
-953
-693
135
-145
30
914
693
296
83
-297
340
221
152
823
727
-141
-259
-21
-150
-446
-157
939
1131
-522
-927
-1339
-1749
-280
462
769
710
-631
-77
-229
-959
-685
-908
158
592
827
1146
950
857
20
-818
444
655
540
457
11
-146
-50
172
354
1025
785
601
-933
-1723
-875
-809
-1098
563
870
-443
-31
-666
-1105
-659
-70
-22
45
760
665
881
906
10
37
-892
-208
1706
912
155
-444
-359
107
165
189
574
15
254
-757
-2088
-524
-85
-1115
-30
846
-501
-255
-836
-930
-286
-501
-398
907
1115
750
1036
1057
524
57
5
-339
542
1251
231
-421
223
157
77
346
1266
-169
-986
96
-1074
-798
-833
-976
45
-46
-776
-572
-844
-781
682
14
-35
-139
499
926
277
787
217
-214
532
322
628
1456
473
-656
-322
471
289
-67
-450
-97
-1351
-622
-8
-916
-311
186
-442
-981
-678
-1273
-273
-205
12
692
531
-256
612
1345
405
515
1357
240
3
657
223
1044
525
516
425
553
313
-489
-1508
-478
-220
-997
-3
-467
-281
-32
-1516
-919
-639
-1334
116
628
284
243
121
-754
520
955
304
230
664
1040
345
608
-302
-121
441
728
1510
343
274
-369
-1477
-1521
-1050
-149
549
47
-169
-44
-1822
-2124
-1330
-852
493
1071
-187
809
678
-255
456
708
651
536
1016
1305
596
555
113
-83
1380
1214
621
145
-432
-1217
-1139
-1656
-620
148
110
648
-134
-334
-1613
-2297
-1590
-131
337
384
606
265
112
538
220
87
3
-349
904
1439
1422
527
-197
-587
914
2126
762
342
-694
-1726
-1354
-1297
-63
757
-198
760
-354
-1743
-1733
-1709
-1114
-246
160
214
1182
217
-5
1100
544
103
670
186
898
1626
1420
701
451
-75
-64
1219
380
-512
-1101
-624
-613
-632
-381
-369
-17
10
-997
-1876
-1292
-685
-439
-81
539
305
419
-181
-515
406
88
242
500
301
580
1709
1557
438
895
666
115
302
349
-760
-661
-61
-1185
-30
127
-350
-229
-963
-1724
-1895
-977
-888
438
405
-293
420
203
217
222
306
639
81
982
931
1
1338
2229
1685
792
317
-538
-860
8
-395
-690
-197
-121
-591
-963
-24
-176
-1450
-1422
-821
-1031
-65
225
331
-87
-239
-470
-477
572
13
886
575
54
564
393
727
2144
2741
1265
-221
-1266
-1284
-688
423
445
-482
218
-172
-1021
-645
-702
-1688
-1489
-714
-842
-94
-136
606
888
-484
-776
68
1063
243
1288
1135
-776
102
1361
1250
2000
2612
570
-780
-1320
-1240
-609
704
253
-316
-383
-720
-272
-641
-999
-1632
-1003
-209
-578
14
122
158
54
-1432
-754
238
992
872
556
285
-247
691
935
1461
1549
805
822
-46
-671
-642
-37
281
-310
727
-323
-1241
-999
-1369
-1524
-861
121
193
528
-769
-384
-144
-598
-368
-160
366
425
1502
753
1076
818
554
1039
1224
1162
-188
-522
-34
297
-282
-178
-490
699
206
-810
-1041
-1330
-1297
-1373
-27
-6
264
897
-235
-1041
-784
-1090
-681
270
464
-339
931
1197
96
1073
1597
1544
224
-472
-347
-299
1344
1424
-55
-624
-681
334
-57
-1049
-427
-838
-2244
-853
411
37
737
282
-315
-1255
-912
-311
-260
525
294
501
724
1547
1174
953
896
940
-206
-1697
-330
750
1231
791
794
-426
-1468
-406
-197
-1113
-490
35
-1386
-1087
389
285
147
-115
-418
-975
-1830
-413
711
561
-75
58
371
955
1716
1219
496
14
134
-970
-733
1152
1343
1992
800
-755
-1238
-1107
-211
-640
-160
-656
-705
-891
-347
929
137
-173
-936
-810
-991
-445
667
397
276
1110
1277
542
942
1371
1222
-774
-561
-1091
-560
1014
377
988
878
-435
-1210
-1610
-1319
798
35
-516
33
446
-1131
-376
36
-553
-505
-984
-275
-968
767
270
86
449
579
910
532
966
956
-113
-214
152
114
734
605
829
447
-887
-1478
-986
-893
-42
341
269
130
-178
-477
-187
-391
-301
-202
-1558
-263
256
135
151
1117
1760
720
558
275
66
120
-149
-615
178
1
249
986
518
-172
-645
-1390
-1246
-13
520
258
-311
-211
-457
-520
-690
-479
-158
23
-696
-290
453
-499
437
1040
929
1095
-362
-372
227
-209
499
498
759
814
305
548
-39
-782
-387
-279
-504
86
14
-509
-168
-61
0
-547
-866
-326
-637
-651
234
591
650
-421
382
1594
1409
958
-895
-600
15
375
-17
-480
-48
1042
-105
-701
-81
-438
-304
-472
535
324
201
-248
-628
-363
49
-487
-1142
-442
-224
-245
404
681
-69
-446
-224
1018
1231
241
40
-212
15
850
391
-333
270
866
212
-127
-867
-851
129
434
1242
681
-787
-1039
-518
-405
-140
-634
-860
-70
386
749
400
606
226
37
-442
500
606
-338
-160
-120
461
-444
525
85
-494
-23
-475
-955
-716
440
804
849
922
324
-1370
-881
-684
-653
-97
42
-249
-721
-104
126
1242
1005
251
211
-566
-230
113
-738
4
1150
814
610
-581
-17
696
-111
-613
-1262
-585
936
1307
1432
731
-672
-1294
-1023
-299
-41
119
-224
-211
-603
-410
787
1315
1207
877
569
-679
-1440
-941
-190
24
229
176
-306
-194
75
-82
-498
-821
-842
108
1026
1359
711
462
-857
-610
-368
-1149
-579
-173
655
-353
-511
15
488
1054
1604
-102
-155
281
-845
-987
-50
145
-4
463
115
656
-171
-546
-286
156
-976
593
1270
782
786
-168
-319
-641
-343
-419
-138
-74
792
-151
-864
138
1206
1127
1067
-369
-763
-222
-1076
-580
-336
117
-42
-742
-410
241
216
-298
-636
163
-193
521
1341
356
354
-115
-1121
-530
-792
-231
608
-203
346
24
-144
144
1387
1064
87
-330
-332
150
-663
-301
-103
528
228
-297
-720
-572
228
235
-471
-527
1226
893
561
367
-447
-569
-29
-232
81
-80
460
751
-488
163
324
820
1072
641
-1127
-562
-518
-352
257
-766
-516
-869
-503
-954
-603
234
226
350
-166
165
1549
680
-718
-511
-510
-580
-86
-681
687
220
163
1550
-345
161
358
258
846
497
-993
-70
299
206
422
-705
-390
-185
-589
-1199
-660
43
268
554
112
327
1151
546
10
-1067
-936
292
641
-132
24
915
984
914
102
296
564
-39
187
-351
-1135
-432
183
262
-144
-529
-1295
-1560
-799
-455
-554
400
752
-56
-265
502
1553
440
-1217
-1259
-1375
229
817
284
532
708
1114
154
87
118
1275
562
-1057
-449
-6
-83
340
722
-486
-284
-557
-1074
-803
-625
-184
354
726
224
91
169
533
-35
-1095
-695
17
418
561
852
808
1057
931
551
911
185
-734
-326
-870
135
578
-823
201
160
-1001
-826
-1097
-1552
-1226
-746
919
977
55
366
180
292
-521
-641
-683
-1055
376
342
1013
745
567
1042
511
372
154
-98
94
257
-808
-128
1151
709
14
180
-897
-1061
-890
-1854
-730
1002
955
664
-191
-213
84
6
92
-926
-1335
174
1036
609
516
826
1701
1606
1211
27
-598
-987
-117
316
-114
-411
-207
879
-55
-1593
-1675
-880
-1294
-1033
-88
558
331
-251
592
833
-534
-834
-955
-1023
-481
15
769
959
190
593
1917
1370
853
-173
-1308
259
486
-114
740
391
609
349
-313
-571
-1785
-1350
-380
-188
-294
61
378
-611
-432
569
387
-306
-757
-760
300
612
615
1010
687
1739
1327
254
694
-5
-1185
130
843
-20
-284
-1521
63
698
-355
-746
-1981
-1642
4
283
163
-88
-275
-333
-987
-282
88
-275
-919
89
1140
193
-195
589
1306
1508
619
70
-101
-44
446
1216
781
-109
-53
-783
146
272
-360
-1089
-1289
-218
3
195
-118
-531
-358
-212
-300
-313
-235
-241
-719
178
1450
658
578
1080
1408
968
-249
-185
-305
4
1093
1193
112
-1056
-771
-513
-426
-302
-722
-656
-529
-16
-116
-230
-94
-897
-791
-824
-256
-33
-519
39
-16
-229
230
829
876
591
1323
1091
-553
-1298
-306
1632
1760
1187
494
-199
-565
-542
-1295
-921
-35
185
332
75
-205
-648
-81
-813
-860
-823
-468
391
-229
-303
1159
728
145
1081
1166
1540
287
-775
33
-446
-454
604
1161
1377
259
-736
-817
-264
-1347
-1840
-109
1167
756
-407
-234
-237
-1150
-1507
-1031
-273
-338
-161
-350
-95
292
447
1085
740
1478
249
-115
-109
-613
350
516
1624
1175
258
117
226
513
-421
-1514
-2038
-226
1578
701
-197
-789
-136
-656
-1706
-646
-194
-140
-97
421
645
1011
902
575
279
1003
125
-664
0
-277
554
148
638
246
-47
132
76
-32
-988
-794
-831
-239
969
498
-310
-949
-1167
-343
-967
-1149
-462
-290
-18
115
-17
199
717
367
582
730
67
-498
-164
1235
1258
1013
351
521
60
134
406
-409
-188
-346
-658
-1044
1148
158
-531
-488
-1069
-834
-1482
-59
545
1235
318
418
245
67
692
449
328
-596
-424
-737
609
1254
659
453
-11
-254
-444
-338
157
-399
-381
1085
8
-833
-521
-68
-461
-656
-805
-930
-490
-561
-340
322
-41
18
494
86
95
208
569
-691
643
227
-109
1741
1137
707
-193
-649
-114
551
251
740
-17
383
-282
-1152
-953
-220
311
-494
-765
-1061
308
651
403
-79
-101
147
894
437
-179
266
21
-938
339
100
-274
616
599
623
-890
-989
290
992
8
700
616
-205
-192
-1271
-1500
-631
25
222
-922
-514
-60
31
-332
-331
-186
-125
345
30
86
-616
195
181
877
750
474
1081
377
583
-408
-906
649
214
442
592
-76
115
-119
-911
-1277
-785
-364
543
210
425
-109
632
-114
-795
784
152
116
-482
95
-243
-692
898
527
278
-259
-301
604
-128
-63
353
396
91
455
420
-227
-95
-377
-1234
-1751
-1039
-82
348
755
598
-295
59
-443
-991
-426
23
11
-186
-232
487
762
293
400
569
186
-716
541
294
196
1024
269
336
422
197
-380
-312
-175
-362
-1386
-809
694
375
1050
669
-408
14
346
-1069
-657
295
-241
-129
-155
461
795
-166
-556
397
-29
-407
-439
181
1171
1403
922
-261
-803
-845
-1177
-532
-77
200
-201
-875
460
203
869
998
-312
-455
-638
-1067
-1008
-564
294
332
-170
447
423
709
236
-16
468
-822
-576
1306
1584
879
451
-38
-1238
-885
-122
-515
-36
372
615
56
-296
1436
756
-49
-42
-624
-53
-412
-397
-456
142
134
-713
-302
-228
-161
-141
-325
580
322
-673
765
1637
653
-539
-543
-868
-558
41
-347
-142
340
744
15
244
815
77
-28
-875
-1059
-627
-745
-114
-81
156
612
138
-320
-826
-797
917
831
1358
555
-777
624
878
588
-425
-877
-927
-566
-206
675
572
455
261
430
1228
755
-21
-161
-682
-1272
-220
33
204
-405
25
201
-552
-988
-1192
-697
674
643
548
1211
551
579
71
-443
-629
-1479
-556
904
55
334
-254
304
961
480
207
-580
-729
-93
-164
-1199
384
178
-213
-805
-670
981
249
-916
-743
-129
520
1301
972
1044
274
-460
-511
-234
-585
-1247
-280
459
724
595
895
780
602
490
-153
-183
-420
155
-157
-535
-21
128
164
-925
-719
-386
-628
-721
-385
-47
784
1191
117
575
740
1
-990
-823
-823
-322
151
268
795
411
362
563
570
82
-235
-1019
-577
-555
-506
142
557
957
-235
-1370
-1141
-476
244
302
731
286
-33
1378
561
-169
83
-484
-898
-577
-364
-281
150
1295
1692
1181
269
-216
897
716
-470
-876
-1162
9
820
340
539
-218
-1103
-1678
-1367
-629
-845
544
960
1052
206
-409
644
256
223
-647
-1131
-892
-169
422
727
885
442
588
375
-78
276
77
-116
-1210
-1064
534
841
732
9
-106
-478
-1382
-1291
-1074
-972
1305
1620
737
-331
-497
371
-73
-44
-525
-849
-370
672
319
1001
1545
914
1349
318
-486
-171
-25
-153
-743
-1013
263
853
856
-162
-1199
-562
-1268
-1261
-884
132
1330
968
451
-386
-576
-348
-193
-47
-538
-709
-180
364
1194
1218
277
478
519
138
81
-374
-132
-128
-305
-461
168
992
550
-409
-1204
-471
-386
-710
-728
-173
773
963
-179
-236
-658
-863
208
-297
349
137
-356
720
2256
1447
128
-149
439
723
149
-111
-352
-704
-44
-248
-11
794
67
-726
-1573
-139
-271
-567
-510
149
283
84
-884
-128
243
-752
-201
-583
703
119
604
1237
1390
275
-348
-317
-59
690
-319
-263
-152
605
228
-134
-183
410
-311
-292
242
-796
-678
-753
25
28
-268
-147
-381
-407
-510
-759
155
657
309
349
838
1034
1412
642
9
-373
-217
423
151
309
-870
48
26
638
480
-758
-1053
-260
432
-796
-317
185
224
-1287
-902
-818
-495
664
303
-271
-264
-140
325
1272
1034
561
557
186
-484
-246
-68
173
298
22
-270
98
751
374
-358
-212
-696
1
184
-299
-216
241
-305
-1088
-1649
-1624
320
47
311
495
569
150
560
785
946
1040
988
500
-1263
273
169
68
416
-76
-409
98
498
84
-500
-1644
-422
512
404
-272
-582
-369
-207
-849
-1435
-601
19
943
462
-20
581
410
-7
792
910
-21
-606
-298
559
794
-348
-368
388
299
194
13
918
344
90
-877
-156
-23
-711
-204
-335
-199
-1117
-1191
-1469
-749
-210
800
1336
628
359
817
654
825
604
-159
127
255
619
492
28
-230
192
-308
-1079
-722
193
500
538
-237
-176
-935
-888
-122
-358
-275
-810
-653
-179
-211
-35
114
64
914
249
805
417
86
109
-507
-577
909
1395
1
226
-177
527
224
-350
-321
64
566
605
233
-426
-1068
-485
-210
-1281
-861
-282
-321
-158
204
-138
-309
435
586
704
935
692
299
-9
-299
-467
517
704
472
814
-3
-761
-577
-138
21
67
42
376
512
-439
-1088
-948
-320
-743
-609
-456
83
42
136
805
-105
-298
-91
512
571
257
66
228
-341
225
957
253
398
566
72
76
277
279
9
210
-140
178
313
-1381
-1181
-910
-123
-691
-955
-71
400
914
237
-294
-268
-144
-274
393
797
528
281
264
440
286
770
773
123
-440
-1257
-1095
522
1178
359
-171
-118
17
-726
-1100
-1329
-285
-100
-209
-481
41
1157
984
-82
-688
295
-379
-1118
-484
903
149
-141
266
1128
1221
403
243
635
114
-390
-552
32
1297
236
248
-351
-616
-1480
-1799
-527
222
425
-386
-143
329
446
590
-291
-461
-127
-674
-221
-74
141
484
1190
867
476
642
-734
178
555
-511
-1125
57
1207
1177
113
-1416
-473
-738
-470
-527
-802
-541
-1
580
114
381
270
473
-100
-634
-951
-814
-320
166
653
753
1065
1095
665
162
664
-292
100
-37
-463
682
613
742
-161
-474
-1637
-1781
-475
95
-311
-147
668
659
576
89
473
-305
-458
-922
-1126
-549
150
566
178
985
1167
1017
-120
-530
73
-198
-263
195
161
333
438
201
-460
-1268
-1473
-796
-655
-282
402
68
709
858
1125
1037
-195
-829
-795
-1647
-1172
41
536
1222
674
443
1015
294
-322
359
805
224
-450
114
450
631
596
-59
-334
-1328
-1966
-1522
-554
1068
554
386
851
1254
603
-638
-507
-863
-942
-930
-800
-402
1196
1801
825
363
263
-420
-428
54
-70
-323
-129
770
723
106
-473
-292
-734
-1258
-1736
-1219
897
991
381
313
770
1354
724
-341
-931
-1651
-1171
-830
-316
1282
1598
727
511
525
-37
-233
-422
201
562
625
669
680
58
-78
-958
-945
-662
-1145
-701
-517
1402
995
186
350
634
1092
565
-589
-1114
-1494
-1414
-566
283
1476
911
111
121
265
-530
-1418
-476
490
297
-94
165
1150
679
-147
-1190
-979
-800
-987
-261
281
904
1301
856
212
226
12
401
-759
-1517
-1463
-682
850
1665
1192
178
-249
41
53
-279
-374
234
927
631
549
-147
208
-269
-452
-563
-1139
-1270
-757
195
1312
1444
677
905
-30
445
-224
-1242
-751
-955
-749
271
947
916
675
-74
-554
-863
-788
-392
-745
-212
689
780
193
-96
71
222
106
-456
-1049
-1467
-169
987
1717
993
447
737
-113
-588
-443
-1051
-493
-344
-425
998
750
872
653
-218
-567
-784
-248
-87
59
170
333
839
402
-200
-1152
-373
261
-713
-560
-328
214
1221
1076
729
408
494
-248
-1262
-351
-790
-525
68
579
1029
341
127
-193
-758
-1177
-914
-1038
-106
721
-122
204
713
-1
-398
-104
-102
266
-498
-580
96
78
1711
1082
194
-15
34
430
-681
-1285
-431
153
351
1138
1564
438
-509
-309
-761
-1053
-1094
469
980
1016
-122
-776
247
-278
-414
67
-126
-828
-330
758
592
633
585
350
757
470
-256
-702
-305
-1024
-671
976
1029
-217
592
651
-507
-917
-1151
-1404
-1551
-201
350
720
225
-781
-204
197
-277
248
135
3
368
291
827
734
468
481
39
-774
-453
-437
-157
140
641
1214
680
437
-215
-176
-58
501
-468
-729
-967
-220
132
308
180
-959
41
-533
-46
-162
-846
92
1611
1248
1377
598
-296
-585
-94
-647
-848
-102
77
814
312
990
349
719
-640
-1079
-495
-739
-511
-777
-664
-185
-14
-302
-392
-434
-220
-731
658
571
-275
-109
671
1168
1060
888
-406
-1049
-564
-616
-135
515
656
1160
739
1098
120
-239
-554
-525
270
236
19
-596
-179
-442
-809
-452
-516
-414
-114
-8
785
-47
180
-77
764
1810
1402
921
-1078
-1233
-869
-147
-370
-121
877
1347
913
302
249
-712
-1485
-517
-148
-772
-327
-282
-504
-52
-680
-836
-127
-797
-901
96
1076
435
455
25
-11
1324
1267
704
-936
-1040
-206
-116
153
878
1479
1048
192
118
-129
-788
-514
359
290
-449
115
41
-764
-659
-378
-876
-491
-274
-398
607
874
665
371
-77
372
941
444
-431
-1292
-975
-495
458
1433
514
765
941
-90
122
137
-597
-1098
-1053
-172
83
-526
-480
-174
-566
-788
-743
-850
-471
4
418
533
496
642
348
485
844
-389
-353
-423
-349
198
292
1846
676
164
1243
302
-366
-409
77
297
-380
51
-430
-554
-291
-126
-616
-709
-282
-917
-229
64
1082
374
126
688
331
-221
92
-410
-640
-352
-172
881
220
1359
1021
3
232
150
-515
-848
-557
373
-113
-560
-11
-255
-1103
-738
-454
-1132
-1048
-827
1119
982
549
-102
-374
-35
678
441
-492
-116
264
84
105
1037
804
330
76
80
585
591
280
530
-26
131
-193
-485
-85
-582
-782
-487
656
136
-1448
-446
119
946
724
103
-542
-770
213
-157
-142
71
578
369
283
230
542
215
45
-345
255
478
-164
-73
-66
179
-105
-485
-873
-832
-1399
-1017
-9
232
-478
909
892
186
-136
-628
-214
-371
-376
-511
-84
381
1281
771
807
262
122
109
-417
-41
819
1671
1016
97
110
-561
-795
-442
-688
14
-377
-496
-445
514
171
880
839
375
-8
-1595
-940
-1287
-941
351
1208
697
804
438
206
-40
-568
155
-390
131
661
150
1339
573
-216
-1026
-1725
-233
-510
-830
-677
74
360
713
742
-47
-341
-367
-421
-1165
-533
-1043
-714
971
917
680
581
774
507
-252
-685
-226
702
753
702
1417
967
-104
-595
-116
-882
-772
141
-506
-749
-193
787
867
330
220
24
-138
-380
-1453
-979
-758
368
923
881
236
-1233
13
510
34
-108
-200
536
914
461
1166
615
-687
-1056
-1061
-886
-758
-206
-54
3
271
301
462
-446
-569
-227
-304
-415
-728
-892
-625
488
827
937
1356
-148
-637
744
286
-374
-204
1508
1526
1415
615
-73
139
-673
-1693
-1504
393
127
252
396
119
484
70
461
-150
-1211
-290
-115
-104
-522
-605
-116
365
58
-104
-486
148
550
342
19
-257
730
190
1124
1402
-63
-1059
-1331
-1235
-803
-341
374
307
544
94
-45
-1109
-352
609
-1040
-846
-183
368
-718
172
48
438
672
401
38
271
629
97
478
566
1112
169
741
849
521
-613
-1012
-659
-939
-260
658
1108
624
193
467
139
-959
-569
-699
-368
-242
80
-435
-1080
-660
-268
-30
-23
134
418
905
671
546
253
190
758
797
-422
-816
-625
-429
-499
-330
-726
201
861
-614
-457
-420
-2
-264
353
120
-781
-347
-71
1161
-509
-1054
-364
239
576
88
603
71
1524
1486
-129
-113
332
614
-167
54
184
117
-35
432
373
-223
-9
482
4
-353
-66
-392
-478
-888
423
-290
-877
-586
-585
-921
-968
454
914
468
299
449
1110
893
-350
-396
75
221
-995
-372
218
516
126
583
419
-1533
-861
565
-184
-458
39
639
-120
-811
48
-88
-401
-682
86
-714
-925
568
949
372
740
795
698
545
477
-977
-493
997
326
-314
397
1502
731
568
165
-169
-1113
164
168
-724
-285
-207
-431
-1116
-629
-90
69
-273
-96
-811
-701
248
647
347
-97
713
431
634
-439
-1566
-704
63
676
-443
1126
1338
821
861
-85
-44
-927
-1327
-535
463
-405
-465
-687
-630
-314
18
-60
-481
51
-314
-858
332
981
1362
533
-747
1281
1243
5
-831
-606
39
849
1159
1244
906
630
251
-152
259
-994
-1484
-228
232
-731
-702
-513
-489
-624
-474
93
289
-551
-340
-588
-338
665
1244
159
-1083
657
739
394
-931
-1294
-23
131
1214
2177
669
164
206
536
-1004
-1494
-841
-739
372
-611
-441
-527
108
-610
-458
277
290
295
-405
-660
-144
1149
1173
574
-322
644
1159
-311
-907
-668
626
1713
1620
1603
439
-436
-115
452
-707
-919
-1124
-419
-530
137
-317
-1312
316
-1302
-166
164
-295
-87
-397
-1041
-348
433
429
355
-177
633
803
223
-668
-1018
626
1962
1229
1365
631
228
-257
-557
-1039
-1599
-1180
-661
430
-370
-826
-1062
-33
241
251
118
-327
494
-15
-956
-216
1400
518
666
92
527
530
232
425
-333
760
1681
1908
802
-27
-238
-694
268
-65
-1431
-1042
-1481
213
517
-902
-1068
-700
-808
-137
336
-96
-165
-270
-802
-1084
911
-159
-74
1248
546
273
793
707
-361
519
928
1409
1203
55
231
-274
-1221
-261
-840
-1628
-663
-495
102
-430
-320
-568
-540
273
291
59
516
-144
-715
-377
118
653
118
535
1341
975
323
1162
487
636
632
735
731
166
590
-563
-1568
-66
29
-1347
-989
-809
92
-323
-1206
-1209
-328
-184
-576
-66
-130
68
-581
-812
280
466
756
534
619
1332
323
1195
1016
355
136
535
1114
-86
-500
-354
-1090
-875
131
-594
-406
-840
-234
-374
-297
-274
-324
-397
-316
513
135
-209
-185
-201
-571
317
584
1365
1713
1940
442
493
395
-135
533
-221
127
195
-176
-296
-44
-1758
-1110
65
-379
-455
-889
-110
-625
-508
-598
-1664
-212
708
-110
-39
483
-490
21
363
34
855
1353
1768
777
722
350
-204
-442
-282
407
483
102
-382
-303
-836
-854
-265
-634
-111
222
-517
67
-797
-464
-784
-683
-76
154
393
784
98
-548
1657
875
1037
1304
1747
1061
-133
-339
-1032
-507
-420
386
649
-133
83
-210
-1363
-1129
140
-548
-510
0
-1084
-481
307
-1279
-954
-166
-106
533
219
662
-515
-224
724
1348
574
467
2197
739
-746
-281
207
-579
-591
416
746
542
592
-682
-1234
-643
-532
-71
-161
-297
-83
-704
-757
-1063
-1328
-52
931
1306
361
595
504
447
675
683
1233
541
388
217
-532
-586
74
40
12
-20
579
58
-153
-405
-978
-343
-898
206
-116
-831
-564
-1668
-553
-341
-838
-607
842
1742
548
-292
-161
892
236
503
738
1104
516
33
-158
-608
-70
-146
1122
497
247
164
-212
-738
-568
253
-646
-723
-718
-615
-495
-753
-1157
-55
368
-130
418
1764
1186
277
835
267
62
331
483
-198
-528
-257
35
690
-535
-271
1062
656
208
466
310
-1025
-228
-210
-931
-1152
-137
-578
-1224
-1399
-922
30
118
378
323
798
681
1124
802
-48
-79
-166
-591
12
-197
324
1094
1275
115
892
218
-64
424
-355
99
-858
-148
-39
-735
-1690
-663
2
-556
-561
-237
-45
89
21
806
602
968
1620
283
-773
-580
-569
-881
5
382
878
875
1464
641
400
153
257
87
-804
-831
-384
-241
-1015
-1069
-1734
-518
-215
-354
499
-577
-270
212
-481
233
863
1325
870
482
-427
-751
-1054
-1110
-352
1322
2644
1281
1468
280
-781
183
377
-729
-338
17
-473
92
-589
-718
-359
-836
-601
-30
189
-86
-463
-441
117
656
1378
1067
385
-107
-1214
-923
-1320
-879
372
1161
1976
1899
1789
303
-452
-338
-880
-470
-647
-214
-292
-887
-877
-568
-100
-398
-50
-160
-57
172
49
-700
-450
406
946
1285
-349
-1073
-873
-738
-897
-359
1294
1886
2033
1954
1044
182
-245
-819
-1037
-293
-96
-79
-147
106
-49
13
-204
-957
130
-148
-28
-283
-897
-417
-647
375
818
226
-122
-937
-626
-720
-321
275
1000
2406
2297
1705
42
269
-343
-1536
-1266
-261
602
-625
-232
-882
-568
94
-71
381
-258
-458
-305
-183
-553
-544
14
-207
211
490
-657
-38
-720
-230
285
174
866
2204
3118
883
-12
206
-314
-1548
-1590
-452
845
1066
639
-472
-727
119
171
11
-667
-754
-210
-626
-752
-956
-327
-814
-252
744
-466
37
-187
108
964
1151
1121
1757
1404
-60
308
225
-706
-1523
-566
49
-626
401
440
-103
-635
-175
775
244
-519
-371
-262
-983
-1246
-577
-974
-831
-60
254
261
-57
1057
411
389
1499
403
1236
1746
653
862
-225
-969
-996
-291
-25
969
1136
-54
-321
-755
-180
4
-105
-590
-502
-577
-1510
-1199
-1146
-1446
-572
904
531
159
627
848
1049
556
791
964
655
450
805
51
-600
-911
-152
-370
-593
822
975
-106
-516
-299
-648
-146
266
-135
-588
-605
-1444
-800
-1852
-1431
73
533
747
390
1040
511
1308
1283
294
25
1052
272
432
1222
-196
243
-394
-827
78
920
735
5
-528
-739
-380
-177
-760
-617
-548
-1200
-899
-1007
-1461
-1202
936
1091
82
934
567
532
1555
739
-480
-448
724
740
442
813
354
-147
-935
-753
108
590
887
451
-555
-744
-587
-568
-914
-77
-140
-1798
-1309
-585
-482
-1206
534
1017
572
1447
413
792
1111
153
-1140
270
1340
1135
726
-125
373
602
-431
-325
345
256
781
4
-426
-809
-1061
-1058
-861
-157
-411
-890
-624
-664
-1052
-226
529
875
169
-251
601
1529
508
-385
-114
8
617
987
1085
0
413
601
-230
-93
-435
-564
591
579
-247
-1140
-1694
-800
-669
-323
393
-426
-733
-469
-640
30
435
281
107
-278
667
1974
765
-481
-267
757
840
1444
684
440
709
195
19
-1323
-48
109
571
336
-943
-1091
-2003
-1295
-509
-346
-334
623
540
-767
-489
-341
230
-254
-123
215
413
662
351
137
-7
1147
634
1072
1148
1034
85
-307
11
-1397
-666
858
426
-681
-1013
-797
-936
-1499
-15
-116
9
726
617
-902
-963
290
-558
0
41
573
720
491
891
484
396
481
526
1094
848
1085
428
-449
-152
-721
-204
-167
-143
-920
-1173
-800
-1082
-905
-231
695
480
462
-102
-755
-727
-606
-539
-281
-140
361
799
-181
1032
928
-13
664
1260
1596
-120
720
772
-583
-853
-808
-751
-195
-242
-658
-432
-1192
-704
-538
6
675
720
223
21
-50
-281
-712
-798
-137
-68
632
1205
834
700
514
189
605
974
455
476
-155
-37
7
-372
-176
-1504
-373
-387
-1198
-1239
-589
406
-117
437
937
618
105
-483
-270
-657
-664
-1106
-854
816
-29
553
833
1101
896
106
523
359
1062
830
-495
-657
-390
-253
-814
-980
164
-348
-538
-49
-232
119
19
-5
446
238
224
-162
-237
-562
-330
238
-502
-1096
-10
1414
1457
1722
613
497
-682
-287
700
224
349
-106
-186
-1107
-1061
-789
-303
-93
-477
-23
331
199
352
-348
136
395
381
-24
-786
-1641
-1011
-155
-1015
-141
868
1187
1184
1289
547
499
217
316
1029
-140
28
-27
-1006
-220
-1013
-554
434
0
286
-78
-531
142
89
-168
-385
124
439
-115
-10
-921
-430
-607
-1272
-328
947
1358
2394
1724
322
-92
-834
82
416
264
-99
-269
-962
-1286
-242
196
-39
-345
31
-142
-315
366
109
-3
13
-134
317
-547
-1029
-1126
-1237
-421
-327
-66
600
1458
2001
1142
191
-320
169
101
-65
618
-283
-780
-684
-221
919
1124
-314
-185
817
-48
-684
33
25
-786
-462
76
672
-221
-668
-745
-1034
-73
-134
70
383
1006
1878
1688
128
-299
-274
-1004
-428
109
-202
-396
610
535
642
469
786
151
-882
-469
-748
-29
145
-457
278
82
-596
-1023
-1584
-233
-894
-1104
-488
348
1475
1774
1935
1252
112
-652
-644
-578
-606
199
81
-313
492
472
1409
394
295
-132
-658
-667
22
277
-514
-48
-491
147
-249
-211
-880
-435
-112
-567
-441
461
994
1028
1443
476
53
-199
-1009
-503
-367
-1153
848
890
179
414
83
773
262
-677
-461
-614
341
-262
-937
-384
-239
-322
92
-73
-1149
-823
-364
-465
-408
1181
1916
2277
636
50
-93
-1137
-1341
-1006
-72
230
1140
483
566
466
-146
1036
659
-41
-801
-246
41
-464
-208
-186
-347
-581
788
-518
-272
450
-765
-348
-157
633
1654
929
839
-175
-1104
-1512
-1792
357
20
504
1317
694
402
-453
-369
968
731
-438
-855
-495
-664
-1031
-335
312
25
207
-118
-921
107
356
-366
-456
379
785
1484
1022
-403
-628
-1328
-1361
-106
254
241
879
1296
347
613
295
-16
898
587
-404
-167
-682
-1330
171
286
-114
-292
-70
-474
-223
519
-81
-169
455
-399
448
735
156
-629
-1151
-951
-535
421
259
586
773
1125
35
-289
304
-144
281
293
-692
-59
-816
-882
-463
302
-141
-31
547
-535
98
-256
-131
-9
199
444
540
51
-360
-1282
-1077
-586
381
577
70
1419
1070
1220
896
-220
-400
48
298
625
422
-601
-949
-789
75
-90
293
431
-277
-580
-705
443
829
958
-339
-528
-582
-1672
-365
-444
-536
-222
303
696
1176
1014
217
644
-68
-452
-445
255
606
70
-73
-778
-854
-128
650
510
-227
-419
-525
290
369
284
850
-231
-925
-507
-753
-676
-762
-691
-443
451
1592
537
769
982
560
335
-204
1021
460
-584
-325
-174
421
69
-121
164
351
-356
37
-258
-141
97
-1017
452
274
-488
-738
-1317
-1143
-1123
-49
336
-275
573
1047
962
559
204
662
-355
-661
14
-596
-181
416
459
-9
438
690
485
-121
-487
-71
-1145
171
369
191
1031
-695
-1023
-1349
-1568
-598
-383
721
113
-24
1342
1838
916
-197
241
-34
-301
179
-645
197
700
460
534
34
973
184
924
-385
-147
146
-1115
-240
-247
295
-65
-1272
-1826
-1007
-1396
-704
-289
877
1499
-94
467
1203
-151
-74
-442
-876
808
647
-423
-985
581
1036
635
669
199
778
373
-554
-26
-429
-239
-349
-321
274
-364
-856
-1656
-1041
-399
-324
321
1455
407
864
599
32
237
-703
66
164
579
-212
406
728
783
570
737
1150
593
514
-458
-232
-755
-982
-660
-563
-260
-215
-1652
-1874
-1324
-926
623
912
564
782
1069
-105
-251
-132
-60
195
-1225
-107
161
-144
622
68
1128
951
701
828
313
-370
-183
-64
94
-130
-787
-499
-1228
-915
-718
-531
-668
-448
272
1555
1152
920
4
-1720
-403
-14
382
53
452
748
192
128
163
784
1546
1295
960
922
226
-1181
-1125
-460
-489
-221
-1031
-1567
-1425
-1058
-698
-294
-487
809
1264
681
461
813
-633
-2024
-128
563
-424
-568
639
387
1115
453
-363
820
1247
1418
1752
1472
-178
-976
-1056
-870
-382
-952
-770
-420
-1013
-929
69
-185
-702
846
1339
68
-3
266
-930
-1011
-549
1001
556
113
1073
1374
744
31
465
356
1400
601
478
206
-589
-564
-861
-495
-806
-1555
-787
-1378
-1366
-4
-23
-6
112
871
597
86
-561
-603
-1342
-688
-501
-288
346
593
1338
584
955
1090
1345
589
273
1389
814
428
-477
-1169
-564
-1129
-472
-1168
-925
-593
-640
674
-24
1142
958
294
-52
-1366
-223
-304
-690
9
-77
934
1424
792
849
843
860
-99
-562
-41
846
1518
311
597
-717
-1991
-1444
-1168
-510
-136
-422
-781
-351
-58
85
186
-200
-293
-252
-702
-440
-422
-1326
-566
502
532
1820
927
973
571
217
535
579
289
287
1593
991
-135
-1590
-862
-940
-901
-941
-1180
291
776
320
431
-218
-428
-52
460
128
-809
119
52
-565
-318
935
1433
2044
739
-96
582
320
-272
-1146
-382
740
1867
197
-1161
-517
-1881
-1788
-882
21
433
138
710
-57
-1016
-620
-491
-179
727
-1069
-944
-48
-487
102
1330
910
532
1275
-200
828
366
671
496
-1048
121
79
676
177
-683
-437
-1377
-905
241
855
507
-436
546
415
174
-875
-678
201
3
677
-1172
-575
333
-288
1129
604
1402
1877
-705
-793
37
303
430
-290
-428
55
-169
-296
-595
-664
-778
-310
601
324
-258
-939
-315
362
-506
-626
-594
-491
505
-508
-250
-78
-241
655
1079
775
709
598
-535
-32
515
768
559
-399
-244
-355
-527
205
-157
-225
-444
398
586
780
-221
-421
-20
-803
118
69
292
-214
143
-191
-178
-28
359
1080
624
492
251
-217
-883
92
538
906
321
-1205
-425
-1254
-1053
646
171
363
235
-314
-283
8
-606
-930
-184
-259
-445
112
-89
-346
-383
-294
780
245
360
879
275
579
10
-538
-681
90
1072
895
390
-668
-821
-1416
-747
1289
800
698
225
-115
111
-316
-591
-582
850
740
492
39
-311
-423
-219
142
565
938
138
4
370
-443
-418
120
-864
24
-441
365
33
-1363
-24
-771
280
1334
505
655
-820
-1031
-1615
-536
838
-414
1074
296
76
-251
-951
-23
-50
282
476
906
488
501
532
-623
-935
-19
79
-19
-34
-392
16
-375
-198
-200
751
1303
-293
-504
-443
-578
-102
549
1543
1294
371
67
-76
-94
-567
-96
16
-412
802
398
276
734
-161
-457
-1787
-491
-34
-635
-382
248
234
-385
264
-368
99
908
-799
-1122
-596
-1105
48
767
1119
601
496
80
-464
-1129
-550
323
289
207
1044
1283
594
-316
-1242
-299
-558
236
279
-818
-881
288
256
558
236
-230
-569
127
135
-606
168
5
1357
514
923
1712
750
109
-904
-1005
-250
44
-365
-312
504
853
598
227
-691
-1593
-1051
-111
-142
-375
-219
519
509
-19
-846
-379
142
-71
-687
-963
-308
232
874
962
1288
881
560
-232
-1145
-871
-407
-101
506
327
221
902
645
-130
-635
-1002
-1300
-32
-35
-120
1139
709
-219
-102
-832
-1044
-551
241
557
597
712
1002
1526
1210
881
411
22
-805
-1499
-1534
-979
-157
1034
-158
186
312
219
550
-1151
-1310
-1179
367
1164
-413
-354
187
-550
-5
-424
-882
-750
225
-198
320
846
507
1051
571
1582
788
-248
-932
-1204
-964
-246
520
889
863
317
176
12
-613
-805
-758
-680
593
596
-482
-38
407
-567
-232
-285
-185
438
828
833
376
442
622
1713
699
-29
-177
-1055
-1252
-755
-723
-156
1069
44
296
-464
-348
-195
-370
-64
-81
584
316
-261
-1855
-193
-63
-544
-661
-941
225
-88
168
437
997
1085
715
526
277
837
84
-994
-397
-448
-592
-127
1108
232
-306
158
-619
241
76
301
411
-350
62
-600
-859
-92
-83
-440
528
-394
-298
664
447
1435
1153
611
398
409
-492
-385
-367
-624
-268
-491
-266
523
498
-1085
-1140
54
66
856
998
840
-704
-932
-157
-1419
-1225
-701
300
44
-360
-876
219
355
5
877
1342
959
594
-3
-559
458
46
-739
-810
-42
109
375
-6
-154
51
508
570
447
1167
486
-1034
-1001
-586
-410
-659
-120
222
-385
530
-176
-355
-547
840
1804
1131
605
-142
-725
-1191
-196
229
301
-530
164
-785
-228
382
-332
468
391
1064
605
275
-306
-1167
-1346
-334
-596
-789
-629
-551
16
316
-334
-102
-99
941
2507
613
567
-474
-1232
223
680
348
53
-439
-388
121
333
590
516
-30
695
1419
957
-1047
-1070
-994
-594
330
-211
161
-918
-724
-780
664
229
9
654
1001
1590
220
-308
-160
-286
-679
-90
-411
-319
-89
83
326
-191
508
327
-620
689
858
136
-1345
-1013
-1313
-428
370
-584
-657
-1398
-589
383
1184
-132
284
339
854
1536
1013
471
109
-500
-905
33
197
740
-175
-91
462
476
1278
373
-889
155
12
-664
-124
174
-390
-35
173
-513
-510
-1568
-1390
591
261
419
292
-683
1158
1802
997
-182
-532
-1684
-1401
742
1140
518
-156
527
737
316
-253
-497
-841
-853
-970
131
355
222
-72
-1425
-214
-255
-369
-2015
-1686
830
1741
636
309
602
404
1364
311
597
-281
-1064
-792
392
1199
865
569
641
971
-568
-767
-425
-234
108
-38
1105
824
369
-826
-1320
153
-711
-1110
-1613
-929
-8
192
141
746
638
798
998
300
220
-1154
-1056
-89
564
1088
925
-73
-387
-500
-400
-687
-470
-666
-183
1187
630
357
-113
-744
-933
-530
-692
-541
-1323
-1390
599
1633
1715
1204
286
908
975
253
276
-1329
-579
319
322
1487
448
-805
314
-447
-378
552
367
756
684
881
432
126
-263
-737
-1313
-1479
-1095
-1032
-1739
-855
386
696
1499
1291
307
827
822
51
-437
-929
-614
60
18
464
452
-216
-212
-746
-862
-398
774
716
953
-496
586
604
-604
-959
-2261
-1482
-448
194
-1542
-174
935
1460
1879
757
678
585
-110
-512
-612
104
551
354
-31
-104
637
186
-89
-491
666
1430
1352
267
-771
-344
292
42
-1094
-1450
-1451
-1278
-1015
-629
-2362
-177
1792
2174
1846
15
-105
-449
-75
518
442
-81
-223
-566
296
219
-836
-1156
194
-40
1085
1073
252
-440
-1222
617
878
-10
-1164
-968
-1453
-927
-574
-573
56
849
1584
1105
471
600
6
440
-209
343
627
-601
101
34
7
514
367
199
1818
916
417
115
-513
-375
-329
-219
-232
-1006
-1905
-1539
-967
-1126
-1577
166
929
543
819
1321
1167
-115
-439
22
386
464
-349
-471
-195
-638
-976
229
1552
1034
242
-263
-104
149
523
-446
120
33
-603
-54
-1589
-720
-1534
-1235
115
510
1593
356
990
1789
-147
-438
161
-56
317
380
83
-133
370
587
938
1430
632
664
475
128
938
50
-573
-1817
-1167
-586
-1313
-326
-744
-1475
-1642
-1412
-14
1151
773
847
656
1262
-165
-648
-215
-611
-143
-260
40
652
1158
783
-173
-164
716
-198
601
142
531
-2
-893
-136
-149
-130
-656
-953
-1922
-821
-803
130
643
660
908
431
292
1432
566
-735
-1273
-1218
801
1718
980
166
990
1047
1242
701
538
-660
-564
-1171
-61
-503
-37
630
-1271
-1281
-2310
-401
-1034
-1524
-1412
-143
1124
1455
901
-856
135
1362
-95
-643
169
-118
530
791
229
979
1099
444
355
-205
224
-12
-558
-570
169
563
201
-651
-830
-1214
-1199
-1124
-861
-381
-444
789
866
1183
708
255
524
561
452
-523
-23
575
961
1711
1700
1152
280
-395
-625
-551
-336
-101
-1136
-616
242
-73
53
-829
-1905
-2092
-1546
-1342
-915
-496
-90
735
140
154
1246
1173
836
468
-526
233
1222
190
451
674
411
1487
660
-688
-328
-944
642
339
-261
-609
-516
351
-624
-899
-1705
-970
-523
-410
-739
-308
542
1090
785
1368
1407
730
-128
-140
1036
1131
492
-546
-108
465
505
567
1043
-353
-1198
-469
478
-560
-844
-911
-835
-722
-1159
-1657
-2240
-884
-354
-944
-461
830
1004
1178
199
1459
1673
219
25
281
290
311
96
-348
710
523
655
575
46
-710
-306
218
104
-493
-910
235
-683
-1264
-772
-770
-705
-689
-91
834
1194
780
1321
810
448
925
76
798
127
-456
171
-7
342
-318
497
720
-66
56
181
-169
-807
-1241
-1412
-965
-743
-611
-2362
-1637
-681
-1023
-345
684
1609
1453
936
416
1170
646
253
698
907
174
-771
-475
787
793
-442
-365
428
400
79
383
329
-241
-773
-1325
-883
-139
-270
-165
-1009
-1742
433
1300
1666
1676
595
1019
108
-7
-109
514
1026
195
289
-123
-729
-452
278
388
676
418
-33
-631
-1287
-1011
-1271
-303
-1341
-1487
-295
-1040
-78
-989
-1668
613
2213
1896
817
-4
608
-376
-144
1171
677
914
297
-751
-912
-362
336
217
787
1446
-471
-948
-332
-717
-556
-645
648
513
-1388
-1247
344
1414
-79
259
1079
791
450
156
-82
-1258
-370
787
2027
794
520
487
-1227
46
-328
-278
59
187
-882
-1000
-554
-1723
-1012
-1344
-1207
73
368
-446
-733
-210
1470
1378
675
1312
144
-1065
-1405
107
826
8
494
1726
736
126
489
371
139
-749
-287
-91
-482
-970
-419
-365
-469
421
-106
-336
698
151
191
-74
-26
2215
1908
368
-650
13
-547
-1804
-577
335
586
157
582
2004
1330
699
-95
-664
-780
-1191
-1326
-1655
-1345
-1859
-1929
-862
710
668
60
174
70
-53
-305
951
2515
2081
985
691
-303
-1064
-2071
-1867
-643
336
382
421
2112
1299
1149
291
-265
87
-1120
-718
-724
-538
-1472
-1383
814
1375
1068
87
231
509
336
56
1325
1816
778
943
122
9
-1169
-1769
-1220
-1114
-1192
666
2125
1489
981
89
321
-649
-1580
-1814
-1693
-1581
-1408
-1354
-1315
-359
674
1518
1514
1161
1013
570
638
671
917
1163
889
121
-869
-1690
-2190
-1718
-1846
-900
650
928
662
1479
811
1002
1146
178
-481
-1471
-307
-370
-1070
-1323
56
1629
1320
649
1763
1718
-263
-570
-632
574
1278
1221
-185
-862
-558
-1699
-1240
-1355
-1659
-1186
-238
934
1671
-96
-716
1065
-95
-1162
-906
-1452
-1190
-529
-891
774
2284
1996
1536
1338
1096
-464
-589
1068
1072
114
-351
-572
-595
-1487
-2078
-1495
-815
-1271
-1683
-332
901
1635
1865
971
926
862
154
-201
-603
-423
276
1080
738
1769
1510
83
41
-229
330
91
520
315
-45
351
-300
-447
-990
-2021
-1756
-1826
-1624
-1575
-1142
226
580
406
100
-708
-193
249
-364
682
752
1309
1810
1230
1689
1956
323
-186
-851
-147
215
-497
-555
714
514
-1504
-385
-1479
-1329
-1219
-1358
-1103
-7
-372
-325
-884
407
1874
177
1486
894
1388
1094
1322
1937
1057
943
1109
315
-596
-1381
-1561
-1117
339
1048
35
831
735
-488
-1343
-2449
-2144
-1096
-1579
-311
-721
-1569
-1754
-1346
81
53
491
1438
2234
1435
783
1678
2902
2288
2033
1523
-377
-1708
-1381
-1934
-1079
-285
173
735
28
787
-609
-1182
-1428
-1038
-812
-893
-809
-1252
-1926
-1039
107
1567
2252
1025
1426
1620
1921
1650
1670
1290
1715
817
-563
-711
-850
-1825
-1599
-373
-637
-319
627
865
-672
-350
-754
-1098
-1444
-1851
-1122
-1569
-1552
-1438
-930
645
1529
857
732
1327
1813
2401
2194
1543
2048
992
140
-164
-693
-1486
-887
-1145
-1438
581
-36
-73
-456
-157
218
-250
-495
-1006
-1886
-1406
-1114
-457
-376
-557
1813
1464
735
1816
2571
565
-225
973
1437
880
391
-203
-158
-388
-240
-262
-621
-1146
-1724
-506
-822
-353
-228
308
-522
-882
-1067
-1549
-700
-415
-789
-601
531
1179
2156
2449
2433
752
18
-919
-625
307
967
1540
997
705
-276
-896
-731
-779
-602
-918
-1092
553
622
185
-823
-989
-170
-352
64
-765
-1712
-889
-144
693
2178
2664
1411
36
-726
-1381
-1001
710
666
1488
1350
227
-158
-488
-667
-1098
-60
-386
-951
-1338
-711
-629
-294
-313
-987
389
619
-862
-1130
264
537
1246
1612
2372
2253
-667
-1675
-1735
-1036
456
1216
1022
721
60
-129
448
-311
-500
520
681
-345
-376
-218
-652
-567
-91
-259
-225
-632
-284
111
-382
614
472
959
516
-1027
-457
-800
-215
657
-37
170
234
-87
-189
-265
236
968
28
-76
-348
-613
-22
-1025
-924
281
-14
-72
965
900
-721
-1015
1139
1827
1850
26
-771
-531
-970
-1642
210
1800
132
-760
-721
-196
-431
77
182
-17
892
2225
415
-116
295
-418
-781
-698
-107
849
1078
413
-53
-470
-496
-999
1052
519
-2374
-2483
-374
-85
141
350
-748
-36
146
-140
18
1445
-148
-970
-440
500
976
386
535
-229
-451
-829
872
1108
613
1132
1621
828
81
77
-9
-305
-1392
-1412
340
300
-328
-1128
-1573
122
-473
5
393
826
71
55
996
297
503
-156
-39
214
-16
330
52
-298
155
843
1433
425
-207
42
-1610
-2384
-1681
-906
-1022
-808
540
103
-1244
-1217
3
1314
645
41
-179
-164
1085
216
128
-48
168
669
198
1270
1133
419
-188
428
1318
1369
889
-352
-654
-806
127
-859
-1569
-1005
-764
-546
-427
375
-307
428
304
24
526
147
1095
1230
-239
-1425
-913
563
1090
553
289
537
-586
-348
110
408
986
-345
-413
-426
-923
-1029
-1459
-1443
-832
-252
-837
-523
30
-585
134
390
1127
1984
542
334
512
286
350
-435
745
1868
906
251
363
-222
-632
-192
579
578
-91
315
-144
5
-1758
-417
829
-1412
-1025
-838
-522
-756
77
1352
1162
-98
1393
648
49
432
-581
-841
-148
695
-13
480
707
-60
-1630
-396
-289
-166
-451
-744
889
413
-489
-434
-432
-1471
-1393
-1316
-1230
-751
158
1465
1733
2071
1926
1128
26
117
383
147
15
341
790
399
41
771
835
-939
-1449
-561
11
-396
295
-6
197
610
-201
-152
-686
-1167
-1348
-2094
128
1143
261
621
1906
2460
-727
-1394
-384
-230
-725
80
399
17
854
352
-530
-203
-195
-1610
-1350
-651
-90
-796
-908
-286
-683
496
-158
-917
-140
-252
134
1831
1416
1022
848
310
438
31
315
381
664
-388
632
866
729
1191
128
373
-1141
-1232
-1441
-1894
-712
-204
-471
356
473
36
529
607
265
290
-93
-133
1111
-553
-419
46
-726
-645
644
1047
529
726
266
-735
-1368
139
734
198
-645
-415
-1893
-2662
-1308
-1520
-949
161
1515
986
992
1741
1626
843
1071
876
-972
-453
-175
-1072
599
1564
808
1774
749
1394
1009
141
-124
-1108
-1563
-950
-376
-681
-873
-2051
-1618
-1180
-876
-713
674
1544
1654
2388
1614
-9
141
-61
-190
-824
-1034
-324
-377
500
821
1027
1173
389
-574
-294
-537
-1603
-1841
-1018
-829
-331
-150
-1014
-662
-749
-864
-293
239
1210
1789
1240
1253
1021
1460
1170
794
208
-234
60
-836
325
1390
2074
581
29
-614
-1475
-119
-923
-1800
-1452
-1086
-1230
-729
899
158
-778
-768
-504
144
-151
1476
854
-68
-310
422
1383
1436
1006
-16
-127
-175
58
-44
-159
-24
26
-1535
-1236
-207
-577
-1594
-2310
-863
305
-1329
236
2025
1037
589
327
-78
-339
899
734
-214
-221
215
1749
2767
1440
2748
1389
-115
-301
-1790
-1147
-1811
-700
632
-799
-1461
-1610
-1087
-11
-1314
-1911
-766
544
1595
1495
893
1439
691
-1332
-171
-250
-1895
-1017
-259
708
2594
2155
2364
2592
-334
-549
-1942
-1828
-614
-1282
-1402
-955
-149
-1166
-1424
-941
-270
-642
-249
196
1323
2187
2600
2220
43
-493
395
251
-1093
-833
348
605
1470
2504
1910
913
532
-675
-827
-1244
-1311
-2040
-2440
-1721
-1187
-456
-273
7
-508
-298
-1145
978
640
1064
2046
1959
1035
-415
121
-272
-1671
-1604
576
945
212
-175
2722
938
1
449
1118
-84
-2176
-1608
-2036
-2489
-1556
559
-245
113
663
-35
-172
168
724
1605
1185
887
1798
1854
1716
907
-1313
-1059
-260
-339
-348
-489
841
561
-309
716
557
-209
-964
-1394
-2156
-1654
-1254
-150
784
-471
-341
-1256
20
570
691
364
228
373
924
1063
842
825
-538
-461
87
-283
-1080
-388
130
277
1339
1531
-77
-606
-1425
-5
-392
-744
-404
-409
-28
635
229
-355
928
-20
227
815
920
-85
-91
349
1433
1077
530
1034
-72
-1728
-811
-353
-1251
-719
-247
775
-569
-41
1007
248
-406
-246
-421
-1059
-804
-874
-760
-269
1001
717
96
-42
-184
-694
-851
84
577
667
1695
1752
-243
-798
-486
236
-457
-1046
51
260
73
163
485
1423
1167
-193
-2023
-1468
693
-139
526
585
1322
1576
-1142
-83
-181
-1568
-481
-494
-131
655
438
869
1413
-713
-918
218
-1608
-742
691
-252
-369
504
642
249
-777
-571
-451
-1685
-739
1425
874
84
191
243
-124
-535
147
-1340
-1149
-459
80
-517
131
925
467
1549
737
307
-365
721
845
1071
-204
-469
225
-1637
-455
-280
-36
1396
922
335
1200
98
35
-316
-829
340
451
-462
-2191
-976
-1020
-729
-387
-850
1147
1167
-39
204
725
878
1193
-32
535
-89
-1474
-2053
-1750
-626
892
1872
509
995
164
-49
-837
-1230
203
-21
278
1372
-731
-861
-787
-657
-209
-365
296
24
1106
1112
1932
1194
1080
1092
400
-80
-747
-1930
-1517
-57
1155
1842
1328
508
284
-3
-67
-761
-1026
-513
-1108
-611
-127
503
-818
-628
-1091
-1730
-1240
766
672
147
2429
2101
422
-304
-513
-513
-871
-278
411
-633
-686
197
282
862
1163
-38
65
-1175
197
-45
-1624
-364
332
532
9
-796
-787
-1040
-305
70
-374
153
1039
2035
1200
1494
-157
-27
342
-776
-254
249
115
859
932
-475
680
1399
799
-1029
-2062
-1478
-659
-1227
-827
-222
-487
-382
-617
-752
-496
-125
-185
-597
-1322
-152
1471
2185
1121
269
315
521
75
-239
493
12
0
490
1498
1488
612
-990
-449
187
-441
-999
-2164
-82
-653
-593
389
-1228
-378
164
98
-483
-878
940
1412
1580
622
1051
1067
-544
89
1436
2159
541
55
-334
687
266
-773
-232
-1685
-1496
-908
-817
-1280
-1602
45
-133
255
-164
-1376
-1798
-848
-407
-529
1033
2075
1195
-993
337
801
831
389
2087
1947
947
569
639
1072
695
143
-908
-917
-2857
-629
-1348
-2361
282
694
18
254
-374
-404
-877
-799
548
626
879
1013
-249
-970
1545
725
880
1764
2096
2131
-581
490
1331
-686
-1092
-1448
-820
-1236
-2217
-2013
-676
317
-612
-479
250
-249
-1347
-1152
-823
732
387
-817
873
715
161
49
1018
1399
701
1912
1449
2104
2587
963
410
-281
-1903
-1460
-1393
-2774
-2373
-697
618
337
360
-163
0
-843
-1905
-1026
296
1116
404
421
929
502
826
1320
665
-205
660
950
691
1477
1688
2050
-968
-1188
-1123
-2101
-2087
-2932
-1986
-88
725
-255
120
-1532
704
-659
-1946
-656
-725
1074
74
593
301
1822
2440
2329
1526
-256
861
1949
1110
561
907
-249
-2030
-1135
-1028
-1429
-1172
-1683
-194
-261
-363
-573
-569
-123
29
-209
-561
-193
46
56
436
219
-82
523
2263
2281
493
1094
1319
1042
-337
-347
-530
-962
-1458
-1540
-1221
-1266
194
-191
-27
-1055
-1750
-1133
85
10
282
514
571
-71
-1593
282
377
1106
1656
1431
2166
2340
225
751
983
328
229
-1585
-1750
-1312
-1023
-957
-266
-48
242
-401
-826
-505
-121
-434
778
687
146
217
-236
-1142
-1404
-25
1125
897
1077
2371
1684
1449
38
453
-205
-1156
-1214
-1180
-513
-1323
-1038
-92
183
-589
-1139
-177
559
39
-495
181
620
328
839
592
-393
-979
-1
835
594
525
1335
1285
1431
98
-241
828
-358
-1075
-692
-300
-948
-1330
-539
-589
-429
84
-456
794
1152
193
-289
476
505
-338
-956
-1228
-348
189
977
1043
1015
1387
48
444
-405
-1084
-467
-484
-102
-333
202
-146
-211
-887
-821
-1004
-1144
-667
347
1295
1376
1034
1637
1511
1033
-942
-1797
-939
-802
-208
256
1198
1081
527
324
1740
-586
-331
-487
-459
-992
-1160
590
-139
81
-36
-147
-1152
-1121
-970
257
870
874
1560
981
748
1163
-643
-933
-1718
-800
-59
-527
-787
497
1844
-542
-225
-211
-449
319
-35
-1671
-246
-105
-57
429
-317
-35
252
-550
499
1956
677
885
1309
1060
244
690
-1088
-1788
-1014
-760
-595
-664
716
1714
1151
-101
-788
-1054
-366
96
-626
-853
367
162
-140
-281
-792
130
-260
-303
1215
1046
1650
2024
1376
464
-382
-254
-1013
-1716
-1819
-1624
-899
-541
107
1106
351
-410
90
-152
314
227
-951
-748
-257
259
506
721
463
72
768
1520
1823
1144
453
389
300
-216
-1080
-549
-853
-924
44
-834
-226
-479
-729
735
-290
-250
116
-185
1435
-715
-1195
-647
-1247
443
-572
-699
1136
1819
71
1543
2779
1619
156
-1294
-932
-1354
-1574
-835
-1569
-1479
589
421
-204
-628
-722
64
568
121
-5
1047
2085
-372
-961
643
739
773
-256
-286
-51
372
1845
1514
333
1345
116
-619
-625
-1056
-384
-1135
-1184
-486
-580
-688
705
749
716
662
-851
-837
-42
5
-445
-224
661
903
1276
437
-200
626
643
1259
474
-240
-69
448
79
-1341
-1180
-1087
-1754
-2176
-1072
-829
-10
806
467
1158
1341
133
158
-61
18
424
639
1072
699
1402
-177
-64
258
744
517
554
315
-177
837
67
-68
-563
-2047
-1644
-1497
-1836
-239
-1107
210
83
1373
162
-857
193
-1084
-140
767
1187
1889
2111
888
313
-1682
-950
-707
190
255
254
362
-339
-334
-265
-436
-2188
-2072
-1173
-738
-776
-328
-768
-13
1082
659
1514
946
-631
615
705
833
1863
1262
887
413
-53
-1
176
529
-5
-532
-725
32
1
-340
-140
-2464
-2007
-246
-1184
-276
-1044
-1426
-437
179
1360
697
565
268
1121
1349
2173
1334
956
696
122
478
-849
-117
707
-292
-2330
-1810
-75
-351
-1227
-248
-1121
-943
-794
-406
-407
-601
-458
118
891
82
1010
316
397
1570
1620
1084
1199
1735
2324
884
1005
228
-381
-401
-1082
-757
-1580
-1640
-986
706
-436
-1412
-2230
-1934
-540
-1069
-835
-362
476
-166
568
1711
1165
1164
-15
1351
2085
1295
1619
948
664
1136
1244
-323
-1437
-1744
-1744
-930
-551
-1190
-1015
-928
-77
-814
-2540
-1077
-1112
-389
1109
1019
168
233
374
815
625
1171
1819
2379
3020
943
1374
1109
610
513
-69
-629
-510
-840
-698
-1006
-1311
-1663
-1415
-936
-2324
-2361
-2421
-729
294
769
462
-258
362
236
-667
2215
1736
1215
2550
1483
969
324
504
837
481
-839
-206
-481
417
-122
-588
-1181
-2170
-1571
-1226
-1407
-1916
-2365
-671
589
473
281
-1394
-460
384
1736
3266
2603
1518
2416
1443
778
265
727
1021
-276
-279
-123
334
30
-755
-887
-1396
-2204
-2208
-2295
-528
-891
-1699
-520
-80
-512
-485
-1483
-375
148
1147
2647
2556
2749
1954
2502
279
-213
123
-617
-86
399
369
121
-190
58
-651
-1151
-1774
-1653
-1516
-1561
-248
-1601
-952
-630
-1140
-904
-73
-79
531
2045
2323
2476
2327
1883
2058
1534
257
-5
476
1473
-732
-1496
-905
-429
-812
-401
-232
-2023
-1495
-799
-1033
-724
-362
-1122
-1565
-1681
-1579
-478
-71
1075
2038
1024
2342
2419
1264
-34
1632
2186
-160
521
1050
-41
-383
-265
-531
-1417
-1430
-504
-318
-1213
-2398
176
243
-584
-1104
-2150
-2118
-392
230
654
1659
2291
1842
249
2164
1696
950
1664
834
81
-241
443
1334
-455
-1162
-191
146
-399
-344
-85
-1265
-1720
-938
-451
-978
-730
-2490
-2094
-439
-196
1324
752
1059
1130
1679
1589
194
431
970
1065
380
-353
230
874
591
-832
-836
544
383
-901
-2532
-985
-666
-354
-833
158
-39
-884
-1103
-1168
471
537
774
1017
1512
1813
1641
-135
-8
-464
1380
773
-762
-1695
97
1851
77
1229
829
211
-768
-745
-1205
-1782
-1543
-739
-343
-1205
-1168
-868
-1197
534
758
483
495
1386
1463
775
741
53
905
-80
302
97
-1770
-174
1448
-983
-100
553
-285
475
108
-334
-1007
-614
-135
-13
-1192
-1217
-568
-1101
59
290
902
1512
1076
935
-412
249
875
101
735
875
-49
-882
-238
606
1164
868
-822
-77
-135
-407
-491
56
46
-867
-620
-1275
-1128
-1739
-1797
-685
-171
910
743
1512
1588
308
930
514
548
-217
-98
-365
-910
167
1367
1520
-670
-1202
-768
485
782
160
364
640
1005
-207
-927
-1378
-1551
-1122
-836
-254
-423
-905
485
679
578
1568
674
901
489
481
574
-251
52
418
1238
434
-644
-483
-365
-56
-203
931
306
144
-142
-1043
203
-975
-1917
-2527
-1988
159
369
0
-1010
587
2375
1410
620
-696
-377
-528
358
-439
-466
1106
1284
47
90
946
794
651
-409
336
682
724
365
408
-1213
-1172
-1841
-929
-1094
-1565
-602
-960
458
1778
1725
599
329
-205
628
874
-474
-1376
793
116
606
603
-72
819
702
279
-46
997
725
-762
-1315
-367
-572
-1631
-1210
35
-599
-1105
-1051
-58
60
131
458
84
-1268
125
1297
-72
-407
-302
245
883
586
196
584
589
1116
2049
1965
511
-614
-240
-271
-1408
-310
-1648
-1639
235
-409
-308
403
-168
255
335
-388
-823
-209
1257
581
-625
-823
990
772
281
-360
-114
-5
390
1429
1168
489
318
549
-718
-235
-345
-1153
-1617
-947
-493
-958
34
283
553
-235
-958
-679
296
1216
317
271
-61
-972
-661
645
-261
-215
1244
839
675
913
1050
821
-256
269
54
-605
-256
-353
-1218
-1182
88
-1427
-601
330
717
100
-511
322
73
183
324
-41
-259
184
299
-1023
-766
1085
430
63
-88
821
487
285
1353
6
-1263
-603
-753
-1943
-1466
7
324
-444
7
54
-143
1142
397
-385
603
520
242
-198
172
-73
-1019
-181
219
84
128
761
1517
494
1476
2350
881
-468
-1450
-1115
-1300
-1513
-935
-927
458
587
-129
99
1093
227
-1671
-41
419
574
315
1145
1338
-184
-1173
-1381
-431
183
392
586
534
54
660
943
-389
-846
-604
-2733
-1261
-23
-851
353
-148
97
1490
1505
109
-957
-1009
-299
466
39
1081
1449
1063
485
-641
-417
-248
-169
637
1611
1447
380
75
281
-1037
-1255
-1567
-1643
-975
357
6
-641
-210
-193
645
276
115
38
-142
260
-33
-437
949
1452
1122
-265
-334
69
485
870
-49
-213
636
601
-379
-1848
-2546
-710
-1265
-813
412
224
-970
-928
-30
1245
806
357
-37
813
1654
-701
-161
-63
748
349
983
1115
1392
1600
1230
399
-92
349
-1269
-397
-967
-1270
-1460
-1508
-906
-248
284
-1196
-1413
-403
-86
257
-33
-56
1139
1807
433
-190
-674
-376
-12
-682
429
1835
3335
2324
314
-957
-5
124
-1459
-1105
-1988
-2094
-506
-798
-1137
-1298
-545
161
-785
-425
530
183
-366
387
1612
1238
603
46
336
972
357
543
1245
1693
1351
1246
818
1405
96
-64
-70
-2144
-2232
-1662
-133
-584
-680
-740
-1701
-1778
326
1364
-425
-1772
-982
663
381
214
111
175
430
-32
219
1361
1356
1526
1314
940
259
874
1460
-157
90
-1442
-2391
-2253
-1059
-1530
-1034
-264
-279
309
-212
1446
188
339
319
132
363
-188
60
456
-85
-181
703
1778
1687
1041
435
1095
2739
788
476
332
-412
-881
-1449
-1888
-1607
-1338
-452
-1197
-626
73
-382
362
241
-25
-720
-283
-274
-1255
-1933
-406
-538
75
1104
1406
787
868
1809
1290
843
744
490
587
486
-1506
-1867
-1492
-1052
-1171
-1022
-552
279
1528
1928
1348
828
1302
1226
-656
-974
-1433
-1258
-966
-702
62
-827
86
1505
2152
1250
1521
913
201
720
686
131
-1072
-1250
-1232
-2579
-2106
244
10
-68
770
534
651
834
909
-308
-1293
-1150
-1491
-652
-193
-851
-1615
-521
1517
1508
30
729
1281
633
518
457
148
-1295
-1129
-675
-869
-1016
-428
501
1289
2300
1146
546
1499
2059
751
664
103
-561
-783
-1660
-1913
-2686
-661
485
1162
477
1120
1743
178
74
739
26
-572
-606
-1373
-916
-1732
-1323
-1102
-93
1346
801
-398
-242
738
875
1388
1957
1374
-246
-845
-1424
-1682
-822
-497
-320
85
106
423
563
643
-22
-1487
-998
190
-316
-1660
-1386
-505
-444
-167
843
1353
826
1011
802
2014
1661
1243
1585
1672
2338
-124
-1442
-650
-118
-630
-997
-1093
-275
31
575
355
-118
-291
-891
33
-1380
-1409
-1589
-2393
-2463
-1939
-1069
-326
623
743
1077
1142
1665
1651
2442
1492
936
680
816
1353
567
-537
-1309
-73
-734
-876
-1135
-1063
161
422
-701
-1200
-1100
-1608
-1473
-1337
-905
-910
-1002
-530
564
829
1307
2789
2875
2191
1707
1111
1295
671
1173
2261
762
-267
444
-140
-693
-430
-702
-490
-1035
-961
-574
-873
-1799
-2848
-2365
-1245
-1136
-1431
-2084
-2406
-1318
710
1107
1080
1464
1900
2645
1819
1923
1163
835
1642
1669
2437
1454
657
136
35
-985
-1802
-1318
-1514
-1112
-1276
-1404
-2033
-2201
-1349
70
70
-642
-1557
-1127
2
-206
-72
1231
1989
1462
1093
1847
2391
2793
1582
1163
2606
1642
2193
1215
-704
-1771
-1116
-1532
-1404
-1057
-1945
-2515
-2610
-381
-811
-1819
-1251
-815
-1192
-717
-1107
-1844
-1327
-405
-257
667
1154
1740
2464
2866
3652
2184
2486
2397
1125
464
-456
-1102
-384
-399
-1614
-1240
-1580
-1286
-408
-111
-367
-418
-716
-1726
-317
-151
-866
-947
-821
-1513
-147
634
227
612
1770
3192
2279
3279
2743
1106
347
787
296
553
41
-1023
-1939
-1776
-999
-1150
-350
-489
338
-380
-862
-1027
-1264
-2347
-2330
-1354
-1403
-411
326
-37
126
482
65
625
906
1680
2452
1401
1182
1477
1036
1068
382
-553
5
205
216
97
-447
-346
-286
-489
-460
83
-233
-1072
-1515
-1938
-1199
-328
-432
294
990
231
-625
-471
-4
181
807
1591
1183
872
1248
518
-515
383
739
312
-222
621
1100
-147
-744
-512
-297
-584
-162
-815
-1524
-1445
-234
-673
-1137
-513
-642
-1185
-792
292
41
-572
-599
-56
-92
1056
1731
1285
705
875
1683
1889
1997
607
-59
164
-604
543
701
-690
-1005
-212
355
-477
-487
-1128
-1319
-524
-64
-225
-243
690
510
-76
-406
-1202
-1515
-2279
-1014
1426
1487
1586
984
1476
544
673
2086
1229
557
604
518
-632
-1416
-924
-162
-1066
-344
-215
-752
-1450
-1428
-653
-244
857
827
-795
-1411
-1467
-1867
-1742
-1190
691
804
933
2267
2403
1149
611
831
2008
1793
1019
873
-61
-261
-1099
-1419
-769
350
57
-194
425
205
187
-543
-58
305
-46
-285
-1485
-1864
-2728
-2471
-1527
-691
633
1002
1714
750
840
1901
1950
1854
312
-206
238
961
704
-727
-1606
-788
-639
-396
863
140
-205
-432
-1166
-536
205
-813
-2009
-1312
-905
-1741
-1696
-1025
-703
972
1249
2024
2430
1758
1656
975
4
-384
1118
1029
1027
205
915
71
-1061
-104
957
803
-149
627
177
-578
-981
-322
-1118
-1630
-2231
-1992
-1776
-977
-365
-406
402
402
1165
1156
1556
1323
583
124
581
373
620
854
623
503
349
179
-723
-4
-361
-454
-727
-970
12
-388
-998
-903
-2051
-1423
-1031
-1393
-354
-206
72
790
1136
297
294
1269
2381
1380
38
-146
738
970
1013
1162
207
579
936
623
-93
-346
-263
-75
426
227
-992
-883
-1036
-957
-770
-870
-1088
-855
-250
-588
-626
-24
269
-380
454
-20
636
1110
793
1153
1168
591
-205
289
466
444
-452
-590
-719
-762
-873
-1170
-618
-196
-517
-891
-324
-640
-528
424
628
-52
-738
39
690
516
-628
-1046
28
768
1226
1551
917
165
826
1517
506
343
1023
627
565
196
-849
-1137
-1805
-585
987
-178
246
312
1
-503
-433
-201
-713
-992
-1674
-86
-428
-875
-220
-133
389
700
1592
798
290
-59
664
783
410
-89
-706
-906
-1073
-85
-611
-247
-403
-194
914
313
210
909
425
-182
-918
-236
-357
-670
-51
-622
-772
-717
144
155
451
1539
1787
567
354
-200
199
448
281
541
-470
-177
-722
903
1736
326
-705
321
778
336
1056
-379
-876
-1072
-938
-459
-239
-853
-880
-246
-198
286
-133
-147
-378
-256
358
-75
-1083
-1077
-912
-585
204
189
764
785
468
470
1048
-98
56
807
485
530
554
682
-428
-705
-1013
-360
-984
-639
88
-484
-221
915
219
-258
-339
-238
690
-412
175
-351
-225
-377
-308
911
1044
1027
1110
1329
1633
942
677
881
385
-71
-1176
-886
-726
-676
-654
-1177
-1045
-143
-137
-1105
-1500
-828
-516
-340
-398
-1170
-985
-883
-273
459
648
696
-93
270
928
1217
1337
1474
1670
1627
1779
746
-370
-110
-586
-905
-26
-5
-242
-981
-1462
-1008
-665
80
-201
-304
-164
-1374
-347
-507
-341
-892
-971
895
1040
966
834
1374
1443
1911
1746
1496
791
1066
1270
829
-295
-837
-657
-1244
-866
-1184
-1552
-1642
-890
-1340
-609
349
-611
-700
-1717
-2211
-1349
-476
-447
-1200
-705
812
1634
1824
1882
2423
1523
897
651
720
1123
448
826
456
918
93
-839
-993
-1036
-977
-1841
-669
-69
-195
-1025
-783
206
-287
-740
-1284
-1229
-1021
-300
2
-56
1158
1468
1629
2126
2311
2561
1464
301
-55
318
377
342
528
313
-122
-634
-406
-1392
-2197
-1917
-1114
-743
-718
-973
-525
-1078
-1674
-535
-701
-345
-547
-420
-193
637
1131
1157
1180
1216
2105
1975
1222
915
28
-773
445
247
906
250
-388
-78
-398
0
-561
-1565
-1172
-388
-944
-1095
-787
203
-626
-244
-108
-565
-509
-382
314
574
562
938
1313
1397
1416
1235
1708
1650
1012
-678
-789
-456
79
797
-104
-967
-219
408
-817
-1345
-1201
-1949
-1178
-891
-257
19
-202
267
-891
-1145
-877
119
586
-553
-474
865
1051
1312
1162
1246
1010
1425
1168
798
269
-627
447
485
563
-261
-523
-426
-124
-1
-134
-934
-1732
-1185
-751
-586
-654
-15
-137
-33
-921
-1673
-281
556
464
571
990
1607
638
630
2437
1907
860
177
792
286
-89
289
-77
-113
-90
-161
-518
-718
-645
-224
-1255
-1517
-1487
-1530
-580
-179
-964
-1408
-1442
-343
-553
-715
904
1367
1318
618
1122
1820
1953
1339
1098
1224
1511
704
-249
-50
-282
159
43
323
-170
-1440
-362
-595
-1020
-993
-2353
-1330
-1569
-1811
-880
-527
-413
-440
-40
-501
232
869
1854
1718
689
976
1534
1817
2231
1513
190
-48
-155
77
-628
-780
-542
49
242
-1058
-1072
-611
-1592
-1994
-1285
-1546
-1992
-1580
-1514
-641
202
157
388
541
836
1434
2112
1916
1748
909
949
1724
1061
1654
1592
333
-334
-126
696
-21
-1110
-1269
-1068
-834
-1338
-1106
-1107
-1670
-1069
-1435
-1685
-1235
-629
-312
-30
261
588
1254
870
1693
2010
2003
1126
191
750
402
440
370
399
489
86
-577
-366
-316
-451
-922
-838
-906
-1276
-1327
-1165
-1719
-1305
-407
-1156
-548
-755
-150
478
878
1243
1314
981
490
1048
2647
1852
1071
590
69
1226
360
456
409
458
-259
-804
-838
-1229
-1114
-375
-205
-1130
-1313
-744
-663
-740
50
-665
-1218
-257
158
461
624
583
771
811
1077
391
459
1170
766
69
200
-143
-348
-200
118
177
-173
-378
-495
-841
-1029
-277
-494
-566
-1233
-778
-282
-847
-1114
-371
-341
-61
716
668
985
950
880
399
699
624
453
788
1027
578
583
919
71
-328
-349
-370
-68
364
-249
-1549
-1388
-5
0
-671
-779
-1237
-922
-837
87
86
-243
636
720
504
683
270
-70
914
1244
-21
-671
985
894
404
464
120
129
-468
-798
-529
-635
-355
-724
-1061
-453
233
126
-787
-512
-103
-668
-470
-492
-194
266
172
1004
1000
846
589
307
732
838
443
10
265
595
722
627
-314
-242
217
394
233
-329
-965
-414
-276
-596
-389
-752
-148
189
68
-529
-801
-611
-184
179
104
423
749
879
318
-32
551
515
-334
-118
-236
-214
-204
-542
-246
-351
147
68
425
889
414
-263
-678
-757
-279
-49
-292
275
632
296
-447
-817
-465
-67
8
16
608
527
142
401
371
585
86
300
103
-232
-9
-197
164
351
334
397
137
554
434
-346
211
-375
-1138
-1089
201
851
-204
133
195
-660
-752
-728
-325
-67
80
158
-121
-122
-187
204
-24
-28
420
135
-406
-383
38
-38
227
643
760
318
269
599
431
93
-116
-879
-819
593
371
-245
-53
-73
-118
-292
-870
-381
66
59
517
329
177
111
33
-110
266
380
-302
-37
116
-82
-132
121
596
832
412
582
814
514
111
-615
-668
-778
-464
-444
-527
360
603
-315
-184
92
-333
-653
-670
-179
-225
52
244
-407
-398
544
828
51
-272
-92
40
345
290
26
157
261
336
295
534
72
-802
-878
-672
-232
-162
159
583
903
-94
-336
0
