-3203
-3666
-4264
-4116
-3844
-3109
-2865
-3267
-4171
-4272
-4699
-6119
-8042
-8838
-8424
-6970
-6312
-6906
-6682
-6975
-7781
-6429
-6226
-6273
-5674
-6711
-7103
-5253
-4190
-4656
-3606
-1956
-1428
-1090
1064
1820
4098
4451
3473
4506
2881
1003
-925
-453
696
863
-221
-285
-356
-59
-446
-1938
-1004
-1457
-1522
-969
-111
2274
3542
3688
4012
4638
3806
2770
2440
4473
4946
5032
6946
9269
10099
11504
13416
13517
11365
7639
6810
4996
4928
5512
3833
2077
885
-362
-1974
-1501
-284
-701
-1385
-186
1424
1188
725
887
1529
1775
2294
3799
4839
4370
4924
6143
5122
3207
1744
959
871
912
886
879
512
-81
-1679
-2644
-1870
-3855
-5576
-8390
-11074
-9812
-8965
-8402
-6145
-5001
-2513
-2045
-2416
-4002
-5946
-6610
-7090
-7084
-6253
-4973
-5240
-5137
-2764
-2488
-2325
-3331
-3444
-2533
-3518
-3930
-4669
-5648
-4642
-3745
-4172
-4839
-5600
-4067
-3175
-2579
-2512
-3072
-1769
-1179
-1732
-3197
-3291
-1260
881
1409
1959
2542
1906
662
-843
395
1381
1984
2608
3589
3709
2278
2092
2634
3437
2768
1551
1576
1901
2531
2018
1892
2119
3477
4280
3654
3211
3085
4419
4958
6238
7078
6307
5198
4965
4734
3551
1340
659
2200
2953
3242
3349
4450
4513
4112
4410
4214
2491
2398
3604
5650
4501
4334
4422
2478
1679
1563
1308
1854
3587
4585
2612
-186
250
466
-911
-107
495
948
938
2308
2179
-372
-1121
-681
-380
-608
377
843
1337
2939
3803
2133
-46
-1592
-2635
-3218
-4860
-6405
-6118
-4701
-3790
-3274
-2659
-2644
-2779
-2129
-3278
-6201
-7168
-7548
-6710
-5439
-3973
-4437
-4829
-4126
-3131
-3234
-5530
-5331
-4344
-3400
-2425
-988
-721
-2099
-2863
-3120
-4557
-5103
-5303
-6365
-7472
-7415
-5996
-3998
-3889
-3931
-3840
-4000
-3713
-3533
-4924
-5529
-5456
-5420
-5064
-4826
-3911
-2709
-2101
-541
1448
2633
2875
2494
2537
1562
1732
1768
1783
1441
1290
-11
-1157
-741
-249
831
560
1387
2525
2060
3336
4714
5640
7174
7345
6749
5758
5492
4516
3344
5379
6062
7111
10055
12415
13398
12770
12797
10105
7007
6357
5305
4383
5206
5159
3886
3094
4105
5228
6105
6780
6280
5129
4748
4977
4776
3430
830
358
728
-54
-761
149
812
98
-648
-1408
-1723
-1133
-748
-776
-1550
-1974
-3177
-3233
-3115
-3293
-3879
-5678
-6961
-7894
-9142
-9878
-9977
-8369
-4797
-4801
-5573
-5129
-4481
-4882
-5719
-6088
-7251
-7536
-7369
-7366
-7419
-6876
-6516
-6718
-6056
-6572
-6961
-5905
-4488
-4254
-5375
-7077
-8545
-9221
-8571
-8043
-6229
-3038
-201
1351
2257
3099
3580
4309
4104
2212
743
-17
328
1348
3080
3346
3487
4445
5680
4904
2363
856
1283
1980
1864
1331
375
870
1927
1484
342
-1471
-2962
-2953
-1583
-760
-485
-896
-2331
-733
2845
4404
5383
7016
7325
7522
7350
6883
5950
5838
6156
5485
5658
6180
6372
8122
9351
10217
10105
8427
5875
4195
3617
4015
4389
4853
4598
4665
5863
5707
4234
1486
153
894
414
433
671
1458
2288
3387
4247
4056
1919
-421
-848
-967
-1073
-2117
-2553
-2858
-2637
-2166
-3245
-4301
-4019
-3323
-2350
-1507
-1391
-2518
-2519
-2828
-3665
-5008
-7847
-8518
-8272
-8547
-8929
-8797
-8074
-6336
-5644
-5405
-6274
-7629
-8321
-6748
-5557
-6196
-6462
-5912
-5458
-4398
-2272
-1716
-2409
-1979
-1298
-1582
-3020
-4065
-6349
-8096
-7126
-6617
-6157
-5694
-3192
-1404
-496
-194
-312
-315
-306
-170
894
1502
1684
1845
1444
2067
3017
4314
4328
3254
2810
1965
2218
2767
2784
3073
2995
2825
3219
3819
3593
4138
3802
4885
5710
5591
5041
3377
1737
1392
1117
1412
2021
1394
2741
4912
6565
6214
6526
6963
7923
7771
5843
5511
4201
4736
3924
3442
3521
4601
5706
5104
4202
2706
1457
962
2706
2669
823
473
1881
2503
1534
-9
-729
-1572
196
1842
797
-655
-1542
-2158
-1569
-533
-1267
-2459
-2908
-2595
-1094
-325
-458
775
882
-182
-2342
-4747
-4615
-3983
-4003
-5095
-6766
-7959
-9574
-10271
-10208
-8794
-8081
-5487
-4592
-5615
-6019
-7071
-6234
-5603
-5355
-4611
-4491
-4602
-4701
-4750
-3657
-3020
-2845
-3323
-3089
-2941
-3923
-3428
-2124
-2464
-2582
-2533
-1705
-1882
-3398
-4583
-4995
-4876
-4074
-3132
-2823
-3013
-3432
-1524
-200
-1378
-1653
229
3466
5745
7898
8811
7296
6751
8631
8660
7408
7579
7383
5164
4095
3663
3382
3466
3533
3887
2348
1221
1595
1654
1931
3313
4406
3598
1597
407
386
279
752
3241
5921
7051
6655
7443
7723
7986
8708
9006
7656
5346
4340
3210
3674
6022
7674
7532
7146
5745
2574
-178
-1236
-2129
-3587
-4157
-3952
-3290
-3397
-2889
-2011
-1963
-1915
-1140
-1587
-1291
236
1820
2718
1937
812
918
2304
4108
5003
3964
1207
-1011
-3854
-5149
-5353
-6532
-7028
-7660
-7455
-6480
-5692
-6182
-7153
-5543
-2585
-2914
-4604
-5704
-6835
-6809
-5699
-5018
-5349
-4890
-4333
-2961
-1503
288
1855
2893
2187
916
-892
-3262
-2574
-1743
-3788
-5708
-6398
-6577
-5823
-5727
-6003
-4075
-4048
-3634
-3035
-3169
-3283
-2827
-2176
-1644
-1404
-1622
-2207
-2280
-1010
566
1717
2822
4409
4346
3588
3795
4629
5235
4696
2809
-34
-1120
-738
-204
-94
-661
-1197
186
637
1269
1707
810
1619
2748
2841
2116
2037
3175
4786
5082
5062
5214
6477
7643
7312
7869
8818
8698
6720
5013
4527
2871
163
-75
869
1901
2534
978
665
1664
2468
3565
4584
4916
5591
4080
2704
4734
5767
3596
2320
2341
2080
1341
1884
1955
2060
2099
2308
2068
2364
2434
1587
402
-501
-1517
-3843
-6551
-8250
-8452
-7794
-6387
-5765
-6276
-5599
-4839
-4389
-5046
-5619
-6322
-6594
-6719
-7033
-7084
-7121
-7806
-8362
-8126
-7929
-7696
-6217
-4810
-2976
-1601
-795
578
-877
-1518
-730
-2906
-4532
-5063
-5301
-4935
-4567
-4621
-4036
-2516
-729
-254
-578
310
298
801
1648
1629
215
-1839
-2582
-3378
-3976
-3461
-1149
706
2081
3054
3737
4072
3529
1890
267
-575
-1901
-2944
-3322
-2202
-817
312
2216
3748
4980
6063
6518
5155
3578
3548
4805
5060
4695
5103
4837
4262
4609
4296
3703
3309
3529
4534
6228
6090
6495
7322
8141
8861
7981
7970
7889
6939
6497
4628
3367
3489
2594
2773
4348
6132
5979
4258
2358
2332
2249
2428
3383
1699
-402
-1468
-1612
-1186
-784
-588
-636
291
3007
3390
857
271
40
33
-614
-1263
-2004
-3262
-4481
-4818
-6002
-6354
-5827
-5845
-5755
-5991
-6216
-6590
-6572
-6148
-6943
-8148
-8306
-6975
-7014
-7073
-7094
-7369
-8316
-8767
-7162
-5224
-3702
-3225
-2370
-2102
-2053
-1941
-2060
-1725
-2725
-3665
-4174
-4718
-3008
-731
-934
-1300
-2965
-3947
-3105
-2239
-2055
-2246
-2248
-2269
-2698
-4041
-4498
-4145
-2581
-2359
-2688
-1513
293
2515
2978
3241
2961
3371
2764
1439
-736
-2082
-711
1364
4274
5480
5528
5868
6855
8224
7904
6878
5615
4375
3679
2947
2157
2189
3514
5255
5569
5033
5432
6122
6711
7440
6854
5359
4106
3428
3508
3604
4275
4495
4234
3631
3816
5240
5486
4617
4032
3504
1526
-81
367
1540
2496
2608
2250
1848
1104
-73
-896
-1565
-14
1641
2485
2476
2058
2155
1212
245
-454
-2093
-4516
-4876
-5027
-5686
-4525
-2810
-2257
-2014
-2159
-3938
-4852
-4177
-3626
-4951
-6597
-8560
-10081
-10089
-8347
-7765
-8260
-8355
-8550
-10423
-11348
-10786
-11488
-11469
-9909
-7277
-6820
-5833
-4045
-3451
-2098
-981
-1709
-2835
-3295
-2564
-2857
-3116
-2745
-2835
-2818
-2037
-1452
-834
-1608
-2528
-3065
-4063
-2724
-2063
-2175
-891
-185
-82
-500
-707
68
2162
5239
6700
6167
5636
6133
5854
7134
8241
8471
8666
8699
9723
9631
9564
9205
8306
7656
5911
5387
4632
3420
2386
2969
3304
2774
3301
2937
3042
4236
4855
4966
5172
4684
3100
1879
2366
2949
3186
1702
1363
3755
5281
6718
7004
8283
7756
6415
5938
5149
3824
2331
1682
2591
2635
1751
1398
1093
1563
1211
-1167
-4164
-5665
-6576
-6207
-4387
-2067
432
479
149
-196
-1283
-1548
-1979
-1592
-3016
-4184
-4150
-2669
-1138
402
222
254
1447
1104
-730
-3611
-6411
-7233
-7401
-7093
-5653
-5709
-5695
-5211
-3058
-2386
-2671
-3196
-3503
-4794
-6447
-6072
-6683
-8027
-8127
-7689
-7707
-6998
-5190
-3639
-3868
-4230
-4304
-5308
-5747
-5212
-5039
-4796
-4179
-4924
-5690
-4180
-3593
-3279
-2541
154
1872
1935
1360
1666
3570
3704
2631
1537
1303
560
-55
952
2835
4201
5594
5797
4052
2561
1420
1293
1190
927
752
749
1195
1600
1359
1126
1197
772
-200
-662
-280
298
3098
4415
6782
7242
5273
4404
4109
4403
4736
4869
5316
3555
2630
4123
5976
7472
8295
8302
8180
5990
4597
4464
3864
4601
4642
3572
2837
4107
6121
7084
6300
5438
4619
3294
1259
-557
-877
-321
-201
-1871
-2360
-1838
-2577
-3289
-1934
-1690
-3174
-4183
-5971
-6890
-6122
-5343
-4296
-3206
-3306
-5925
-8480
-9588
-9359
-8663
-7103
-6325
-5577
-4939
-3464
-1860
-497
1859
2171
1693
725
-51
-2723
-4869
-4359
-3737
-4371
-4306
-5786
-6352
-5222
-5519
-6056
-6321
-6095
-6837
-8370
-8541
-7736
-7101
-6149
-4930
-3582
-3053
-2540
-1224
-1065
-692
-308
428
1614
2253
2807
3521
4275
5127
6602
4287
2500
3249
3148
2933
4541
4643
5067
5876
5546
4849
2797
1262
644
-682
-1168
480
1681
1906
927
1536
1927
1553
1619
2466
3388
4896
5353
6732
7484
6739
7028
7454
7166
5867
4419
1686
1008
939
1368
2058
3350
4308
5006
6442
7878
8056
6240
6008
6572
6375
5984
4246
3004
2436
1852
1502
1126
1337
1251
1739
1496
1137
303
-1158
-3976
-5788
-5331
-3855
-2808
-1989
-1974
-1908
-745
-325
-1010
-2261
-3907
-4326
-4612
-5419
-6032
-6118
-4487
-2594
-651
-363
-714
-670
-963
72
-847
-2403
-2693
-3782
-4418
-3322
-4196
-6916
-7980
-7700
-8237
-10341
-10387
-10301
-9989
-8612
-7402
-7456
-6838
-5463
-5606
-5552
-4299
-3191
-2737
-2689
-2428
-1513
1277
1546
892
-777
-1253
-643
85
550
577
2213
2456
3172
2864
2062
1247
970
2310
2477
-143
-1555
-818
278
-94
1355
1843
1168
1241
1545
2041
2858
5092
6112
6324
7429
7544
5762
5073
5572
5072
4225
4584
4656
3941
3317
3007
3123
4855
6316
7708
8760
7515
7071
6850
6333
5044
3376
2184
1801
1328
1961
3089
3656
5469
6247
5491
5308
4120
3378
1257
231
336
-1130
-956
-1477
-1753
-2489
-1812
-311
632
288
-1281
-3009
-5288
-5201
-3859
-3620
-2631
-1816
-1578
-2275
-2491
-2219
-1252
-1177
-1100
-1080
-1743
-3844
-5400
-6355
-7673
-7965
-7828
-7999
-6290
-5273
-5164
-4419
-4190
-4908
-5854
-7324
-8315
-8100
-8155
-8219
-7091
-6310
-6584
-5995
-4432
-3812
-3899
-3456
-3446
-3834
-4417
-5025
-5674
-6228
-7414
-7838
-6965
-5252
-4033
-3274
-1588
-269
292
-240
-408
52
453
372
43
-315
-227
721
2240
5558
7763
8740
8949
8486
7941
7769
6753
6017
6748
7211
7051
5728
4165
4380
3537
3767
3852
4959
6065
6277
7101
7236
6139
5116
5975
6858
7320
7452
6319
4279
3405
4057
4326
3952
4518
4561
2533
831
1809
1743
720
618
2146
3299
3892
3904
3345
1816
2198
3215
2812
2089
1135
1289
1177
1522
2642
3596
2389
2631
3514
3899
2078
-6
-25
-342
-797
-1470
-1238
-2473
-2964
-2170
-3467
-4940
-5268
-5269
-5040
-5466
-4464
-4551
-5494
-4999
-4047
-4592
-5476
-4914
-3747
-2615
-4341
-4209
-3742
-4533
-4663
-5376
-7050
-6564
-5431
-4646
-3703
-2234
-1722
-2356
-3466
-4631
-7252
-7777
-7273
-6594
-5584
-4739
-3660
-3223
-2362
-1885
-2291
-3207
-2093
-3568
-5576
-7167
-6672
-4746
-3216
-1840
5
1108
2627
3536
3285
2830
1860
-5
-243
503
1431
2035
3189
4000
5086
6161
5926
5865
6219
7331
6384
5846
4808
3675
3282
3884
2565
526
-49
-102
-132
211
2090
3573
3529
3124
2526
2163
1691
1569
2344
3384
3694
2833
2350
3502
3946
2510
3380
5991
6966
6168
6845
7359
6714
5942
5711
4686
3094
1945
1085
341
1994
2243
2942
4636
5326
3884
2273
1370
1355
231
-1893
-2989
-2902
-2322
-1522
-188
315
1047
820
24
-1753
-2929
-3754
-4246
-5890
-7606
-9878
-10366
-9729
-8590
-8167
-7352
-5633
-5190
-4740
-6411
-7394
-6856
-5456
-4521
-4209
-3410
-3119
-3956
-3566
-1987
-1248
-1192
-902
-307
-603
-1447
-1753
-2185
-2721
-3476
-3683
-5520
-7181
-8268
-9526
-9260
-9851
-8857
-8791
-8736
-6183
-4402
-2184
-214
949
829
-64
-907
-1695
-2946
-2717
-1778
527
3414
5605
6635
7422
7863
8618
7680
6829
6032
4411
4000
2033
1519
1907
3639
4175
3356
3513
3570
2419
2139
1849
1445
236
-1805
-1724
636
3230
5696
6708
8808
10414
9871
8978
7377
6823
5334
3316
2895
3563
3897
4466
5099
5148
4889
4462
5583
5533
4676
3843
4628
4851
4228
2629
1406
580
1098
1316
1486
2785
4334
3952
2910
1416
-942
-1591
-2731
-3095
-3306
-3209
-3241
-2959
-3387
-2788
-1480
-942
239
1160
190
-2376
-3885
-4916
-6401
-6192
-5124
-4450
-4685
-4554
-4779
-3099
-991
-679
-1004
-2008
-3490
-6303
-7666
-7361
-5801
-5414
-5289
-4835
-4870
-5200
-6189
-8002
-6851
-4863
-5023
-5840
-6110
-5661
-5080
-4488
-3455
-3013
-3135
-3671
-3498
-4063
-4145
-4095
-3138
-2647
-1951
-883
-573
545
1809
2680
2336
1730
693
-674
-2537
-1917
-1236
-175
1833
2228
2607
3022
3594
5323
5192
3443
1633
708
937
1923
3028
3806
5517
6949
6623
6138
6117
5667
5453
4604
3438
1943
2249
3336
5008
6872
7511
7847
7334
6567
5846
4567
5155
7828
8205
8028
8021
7680
6668
5453
4741
3205
2151
1433
1098
1040
1873
3412
3022
2250
1987
755
-436
-990
-1102
-2293
-4763
-6636
-6525
-5280
-3940
-4526
-4133
-3961
-3970
-3052
-3342
-3543
-2534
-786
-540
-1213
-2628
-3493
-3891
-3457
-3317
-4476
-5481
-4706
-4332
-5785
-6658
-6641
-7081
-7636
-8717
-9579
-8866
-7940
-7148
-5735
-4505
-4015
-3258
-2866
-3376
-3799
-4520
-5152
-5408
-4932
-5844
-6313
-4644
-2402
-1329
-1138
-1551
-2492
-3145
-5031
-6427
-7380
-8111
-7224
-4129
-906
1096
2081
4077
4941
4389
3445
2351
2105
1704
867
139
451
1485
2819
4216
5191
6344
6802
6594
5548
4023
4557
6125
6117
5400
4540
3079
3084
4088
4976
5169
6172
6492
5866
4654
3848
3807
4799
5034
5575
6145
6550
7104
7312
8085
8075
8846
9471
9055
7734
6058
4585
2939
1317
49
-1035
-1229
-1009
-965
-397
397
1626
3334
5347
5758
3869
1444
1037
2075
1768
259
-2047
-3728
-4454
-4312
-4750
-5904
-5174
-3425
-2823
-2857
-2647
-1724
-980
-813
-562
-800
-1949
-3659
-5345
-7522
-8616
-8020
-7489
-8045
-8851
-8079
-8088
-7556
-6193
-5254
-4787
-4284
-4947
-5145
-5257
-5232
-4050
-2472
-1931
-2045
-2419
-1735
-1473
-1751
-1695
-1957
-1548
-1907
-2569
-3199
-5194
-6547
-6647
-5224
-2344
-822
-852
-113
1736
3146
2455
455
-1074
-1733
-3188
-3772
-3566
-2789
-369
1425
1755
1838
2818
2828
2953
2562
2176
2840
2659
3051
2912
2182
3209
3474
3934
5225
6169
7229
6595
5819
4032
2994
3121
3124
3859
4821
5320
4551
4432
4636
5452
4372
3385
3148
2353
2309
2230
3117
2720
3093
4594
4160
3242
3405
4020
4752
3897
2874
2853
1890
1757
2045
873
1440
3345
2173
895
681
-144
-834
-883
-526
-213
880
386
337
264
902
1895
2321
1753
101
-1458
-2362
-3118
-3322
-3180
-3736
-4835
-5766
-5760
-5912
-6931
-6177
-5492
-4796
-4530
-5996
-7600
-8097
-9357
-9955
-9388
-9010
-8594
-7943
-5750
-3315
-1626
-133
-69
888
1431
1011
265
-383
-1630
-4273
-7150
-7797
-7197
-6357
-5840
-4805
-4795
-5532
-5748
-5127
-3307
-2894
-3874
-4067
-3128
-2772
-3527
-2641
-910
656
1750
1499
708
339
532
64
-317
-237
-685
-531
-435
630
3526
5865
7256
8498
8358
6205
4233
2897
1628
1692
2212
2641
3152
2117
1070
2005
3820
4707
5349
5832
6452
7379
7954
8446
8797
8949
8431
7845
7162
7124
5713
4231
3337
2488
2246
2841
4242
5164
4389
3548
2161
1514
1814
1839
2357
2416
3520
3640
2561
2774
2322
1141
456
856
989
598
19
-535
-605
591
-814
-3183
-4066
-3707
-3295
-2811
-1651
-1382
-1058
-1301
-2121
-2237
-2028
-2262
-2902
-3708
-3925
-3480
-2916
-1624
-1564
-779
356
1328
893
49
-462
-663
-1354
-1868
-2256
-2653
-1743
-3264
-5991
-8145
-9146
-9531
-8788
-7172
-6303
-5185
-4174
-3975
-4830
-5159
-5439
-6696
-7599
-7167
-7100
-7723
-6830
-6321
-6209
-5835
-4898
-3359
-1591
-440
-62
586
767
175
1346
3385
3456
2666
2446
3202
814
-1119
-292
-81
-266
-898
-632
-1223
-913
1199
2639
2822
2848
3241
4465
5631
6130
5723
5597
4946
3763
3975
2969
2707
3509
3721
2756
1956
2583
3431
4177
6438
7355
6800
7135
8505
8445
7856
6984
6598
6130
5442
5312
4818
5276
5569
4476
3835
4218
4369
3509
2131
2066
2123
2073
1807
1016
405
-567
-1474
-575
653
564
-1183
-1406
-2419
-2473
-2588
-2754
-2281
-2175
-2704
-2221
-2628
-2971
-2608
-1932
-560
-717
-1529
-2612
-5003
-5662
-6482
-6361
-6357
-8284
-8463
-8894
-10058
-9633
-8809
-7957
-7882
-8245
-7428
-6930
-7485
-7570
-6204
-5817
-6114
-4792
-4463
-5485
-5145
-5176
-4865
-4086
-3499
-2967
-1676
-989
-922
-1665
-2655
-2939
-3163
-2963
-2095
-1940
-2175
-1904
-1956
-1383
-527
-233
324
780
1214
997
445
1603
2133
3524
5143
4994
4496
4078
3784
3682
4087
5748
6683
6656
6977
6781
6471
6947
6196
5499
6065
5989
4531
5030
5316
4544
5361
5305
5366
4288
3707
3269
2645
2607
2872
2955
3548
4463
4717
5624
6305
6204
5858
4281
4541
4438
4229
6159
5995
4564
5148
6553
5861
4750
3519
2519
1147
-240
-1361
-2401
-1990
-1156
-280
416
-259
-1051
-226
-558
-2487
-3386
-3851
-3493
-3849
-4709
-5426
-6021
-5768
-4828
-4381
-4152
-4476
-4797
-3904
-3874
-5796
-6837
-5066
-3721
-6006
-6867
-5287
-5604
-7007
-5978
-4679
-5870
-8348
-8493
-7812
-7420
-5725
-4480
-3654
-3848
-3858
-3295
-3005
-2539
-1877
-2009
-1741
621
2613
3045
2128
2178
852
-339
-71
523
-853
-2738
-3634
-3144
-2501
-2832
-2380
-1566
-612
-751
-619
-1310
-2154
-2440
-3027
-3225
-2941
-1768
-1104
235
2618
5843
7313
8377
9025
8374
6495
5882
6503
5681
5660
5446
4903
5194
4905
3111
2557
4114
5202
4066
3131
2999
2454
2285
818
-617
605
937
657
2181
4782
4882
3338
3280
4462
4136
4241
4941
6146
6781
6960
6358
7054
8262
7225
5958
5422
3769
2049
459
-742
-916
-541
213
-608
-820
-747
-2113
-2977
-1821
-633
-1922
-1992
-822
-1139
-2276
-2728
-2507
-1550
-1905
-2901
-4436
-5509
-6686
-7968
-9165
-8979
-8529
-9943
-11583
-10179
-7339
-6156
-6016
-5498
-4988
-6546
-6859
-6189
-4546
-3189
-4537
-6919
-6755
-6227
-4481
-3064
-2416
-283
-112
-345
598
706
173
-613
-359
-102
-1314
-2448
-3226
-4072
-3952
-3306
-3639
-4373
-5681
-6790
-6667
-5642
-3867
-3720
-3292
-2230
-1418
-1005
-980
671
1902
2528
3262
4042
3683
2568
2560
2527
2450
4596
5199
4382
4234
5209
6579
5167
4075
3665
3065
2328
2809
3070
3184
3227
4734
6838
7783
7529
7341
7391
6864
5549
4946
4417
4237
4792
4761
5237
7386
9391
9173
8659
6657
5596
5468
4774
4459
3211
1741
1398
2110
3226
3746
3904
4490
4723
4128
3264
2632
2107
172
-2276
-3109
-3589
-4573
-4100
-2744
-2400
-2278
-2360
-3660
-5681
-5994
-6553
-7008
-6734
-5600
-6808
-7141
-6111
-5423
-5672
-5677
-6598
-7537
-7618
-6288
-5865
-6548
-6178
-5286
-2357
-787
-1649
-1948
-1054
423
1221
2227
4328
6304
6490
5539
2823
799
-773
-2745
-4114
-5216
-5126
-5209
-6128
-6548
-6985
-6999
-7235
-6703
-4810
-3096
-3215
-3798
-4076
-4875
-5400
-5689
-4569
-3127
-3267
-4218
-4901
-5151
-4452
-2203
-89
-253
-668
713
2495
3055
3085
3996
4238
3624
3258
2822
3008
2797
2049
1865
2431
2658
2356
2360
3250
2412
1777
3337
3959
3394
3770
4073
4251
6020
6844
7877
7665
5411
4396
3971
5024
6041
5586
5875
5349
4073
3739
5229
6450
7317
8213
8213
7566
6495
5803
5676
5444
4749
4095
3142
4058
4798
4348
4204
3892
2253
392
-1438
-1313
-1090
-549
-957
-806
115
47
-1426
-3578
-3393
-2316
-2553
-2848
-4235
-5149
-5907
-6048
-5823
-5540
-5184
-4822
-4920
-5371
-4966
-4792
-4640
-5209
-6202
-7725
-7778
-8279
-8809
-7937
-7062
-7512
-8182
-6940
-6673
-6370
-5515
-5635
-7138
-7813
-7590
-8502
-8310
-7913
-7012
-6394
-7951
-7859
-6395
-5326
-5483
-5442
-3867
-2205
-1302
-1348
-1447
-1621
27
45
-371
77
1436
1816
866
507
120
-2059
-2542
-2071
-1933
-1599
-669
1425
3395
5207
5416
5944
7344
8675
8063
6951
6493
4298
3776
4579
5547
5822
5981
6556
6951
7994
8131
7754
9182
10375
10060
9436
10292
10064
9534
9723
9448
8487
7943
6868
6016
5296
5422
5117
5039
3988
3624
3194
2453
2901
2828
2413
2175
3482
4656
4195
3533
4049
4694
2978
1680
-526
-2019
-2808
-3205
-3500
-4556
-4289
-4039
-3771
-3149
-2112
-1171
-1562
-1735
-2848
-5114
-6804
-6468
-6190
-6633
-6917
-6491
-6741
-7619
-7719
-7337
-6587
-6603
-5966
-5656
-5662
-6890
-6210
-5218
-6189
-5778
-5403
-5448
-4756
-4083
-4253
-5095
-5663
-5880
-5328
-4877
-4875
-4005
-2717
-1807
-1808
-2511
-2878
-3345
-4038
-3628
-2491
-2468
-1987
-167
1624
1224
393
-356
-1227
-1925
-1674
-1952
-1743
13
744
964
1853
2323
2708
2687
3212
3433
1459
-394
-855
-423
-829
-967
593
1510
2195
3061
3847
4007
5118
7083
8787
9210
9277
9864
7894
6423
5825
4569
4573
3006
2587
2200
3214
4414
5922
7367
8018
8742
7891
5937
3380
1483
360
-125
-589
-321
808
791
1547
3244
4882
5387
5340
5691
6758
6779
6511
5654
4218
3439
3166
1937
2129
2739
3170
3290
2782
2851
1092
-1745
-3378
-4496
-4631
-4099
-3665
-2464
-2039
-2501
-2661
-4615
-5871
-6685
-7502
-8258
-8334
-6572
-6695
-7284
-7519
-7200
-7900
-8871
-7834
-6971
-6498
-7239
-6556
-5935
-5636
-5608
-5666
-5076
-5122
-4537
-4778
-5455
-5626
-5350
-5246
-5568
-5258
-5739
-6688
-7052
-6269
-6670
-8132
-6850
-4202
-2730
-1408
-286
895
1116
92
-1141
-1559
-2323
-2494
-3342
-3684
-3301
-2146
-1124
1441
4101
4601
3733
3730
4887
5228
4354
4452
5152
5856
6503
7571
8077
8322
8651
7972
6910
5587
5520
5493
6585
7374
6752
5303
4122
4016
3662
3270
3524
3892
3734
3141
2825
3427
4065
3747
3185
2850
2649
2261
1670
2367
1667
702
1445
2685
3428
4732
6603
6727
6326
5796
5227
2318
155
679
1019
950
749
1545
875
-517
-927
-1416
-1694
-2390
-1448
-1529
-2588
-3277
-3771
-4794
-5256
-5309
-5542
-5566
-5626
-4672
-5264
-5462
-3991
-3725
-4296
-4880
-4964
-4494
-4828
-4381
-4002
-3967
-2975
-559
1839
2267
2983
2796
2829
2242
1400
1104
-1427
-3604
-5379
-5574
-5022
-2842
-1326
-1977
-1870
-3290
-3963
-3849
-4985
-5688
-4660
-3775
-4436
-4555
-3972
-3194
-2953
-2713
-2057
-1263
-1487
-1462
-908
-1383
-506
623
940
1717
1477
472
-464
428
1393
830
23
-125
-381
248
-200
586
1038
904
1336
1424
1614
1629
1383
1328
754
1474
4544
6015
6005
5410
5388
6692
5977
6009
4367
2149
576
-401
-63
-837
-1904
-878
1767
3095
4436
4779
4315
3987
4074
4021
4114
4540
5029
6566
7552
7727
8439
8605
8136
8247
8272
7762
7381
7061
6619
6559
5818
3338
919
-1409
-2872
-1102
-2127
-2720
-2879
-3582
-4604
-4694
-3305
-4206
-5851
-7663
-7855
-7948
-8285
-7924
-7396
-7362
-6730
-3842
-1721
-2660
-3530
-3254
-3417
-4946
-5555
-4176
-3018
-3195
-3181
-2872
-3584
-3019
-1586
-1702
-3273
-4232
-4660
-6037
-7120
-8125
-9027
-8106
-6608
-6182
-8160
-6922
-5648
-5189
-4789
-5400
-5748
-6337
-7266
-7423
-6427
-4320
-4133
-3393
-2494
-2177
-2184
-968
624
444
1010
799
757
1543
2909
4139
4614
5696
6629
5759
5208
4166
4141
4887
4566
4041
3057
3587
5403
6167
6404
3905
1231
1514
2788
4146
4070
3987
4155
3721
5086
6086
6128
5280
3289
2472
1717
2597
2667
2610
3087
5154
8198
9098
9700
9164
8188
7942
7887
8026
6551
5226
5268
4269
3527
4048
4292
5273
5934
6138
4949
4020
2929
2627
2613
485
-1077
-1488
-1192
-1018
716
-337
-219
408
-105
-421
-1493
-2807
-4046
-5082
-5245
-5830
-6982
-7308
-7158
-8268
-8476
-7789
-8318
-9681
-9121
-7906
-6259
-5771
-4908
-4694
-4827
-4226
-4906
-3224
-2404
-2939
-4029
-3604
-3194
-3458
-4279
-3782
-3203
-4270
-5408
-5490
-4234
-4019
-3582
-3954
-5805
-7222
-8238
-8495
-6047
-4167
-4935
-5035
-3990
-2522
-2048
-2030
-1418
104
-549
-2411
-2966
-3341
-2551
-659
696
2776
3641
3340
3327
4523
4729
4473
3524
2487
2818
3556
3431
2063
1305
572
-1036
-130
1876
2986
3517
4402
4797
3948
3649
3746
3049
2553
5244
5502
4106
3890
5486
7154
8854
9363
10084
9665
8342
7933
7206
7094
7598
7886
7696
7095
5447
4939
4952
5986
8102
7541
6300
6899
6688
5155
3184
2871
1700
11
-274
-468
-216
506
1813
3050
2307
1778
1642
144
-1391
-1649
-196
-1036
-1552
-2111
-3056
-3728
-4680
-6486
-6739
-7004
-7268
-8615
-8918
-9091
-9584
-10120
-10385
-10227
-10492
-10811
-10336
-9491
-9577
-9040
-8524
-8197
-6143
-5456
-5098
-4627
-4426
-5322
-5875
-6333
-7038
-6904
-6722
-6017
-4685
-3128
-2974
-3253
-2808
-3205
-3764
-5302
-6706
-6088
-5929
-5645
-4552
-1588
151
822
1061
703
-1183
-2632
-1386
924
2543
2825
3956
5292
6554
7000
7697
7124
6345
6278
6361
6576
6494
6471
5158
4780
4733
4409
5423
5923
4706
2886
3610
4869
5272
5124
4943
4782
2158
1501
1812
2815
3767
5084
6410
6648
6475
6449
5530
4008
3760
4393
5155
3825
2766
3021
2338
2465
2718
2612
3226
4727
4373
2506
2470
3241
3295
3047
3254
3001
2256
1956
2919
3284
3936
3062
59
-2865
-2799
-2144
-3065
-4052
-5288
-4113
-3836
-4039
-4566
-5434
-5203
-5622
-7263
-9671
-10844
-11157
-11008
-10008
-7949
-7258
-5655
-4404
-4308
-3703
-3077
-2298
-1761
-2752
-3404
-3625
-2898
-1546
-982
-1394
-1366
-547
-730
-903
-315
-1683
-2765
-3495
-4042
-4786
-5595
-6869
-6167
-3399
-1847
-2297
-3077
-3303
-2973
-1586
-783
-469
-845
-70
66
299
-1072
-2327
-1054
-270
-269
-346
-887
-6
1499
1843
1189
606
86
-42
445
450
536
724
589
1119
2820
4193
4854
4204
3536
2391
2019
2489
3407
3689
3556
3985
4598
6059
6232
5039
5441
6554
6420
4507
3268
3609
4074
4920
5277
5232
6628
7281
7903
7869
6312
6864
8224
7241
6204
5728
4996
5052
5653
5214
3589
3275
2019
1812
944
40
54
-67
-380
589
619
-637
-1892
-2201
-1841
-1541
-1280
-2939
-3714
-4284
-5686
-5676
-4972
-4697
-4871
-5033
-4842
-4556
-4768
-4846
-4405
-2679
-1038
-1375
-2513
-3195
-3501
-3886
-3377
-3328
-4483
-5876
-6866
-6656
-6207
-5991
-6000
-5401
-4661
-4130
-5489
-7234
-6811
-6121
-7576
-9603
-9126
-8471
-7962
-7732
-7011
-6636
-6582
-6395
-4700
-2794
-1663
-719
-1417
-1817
-1696
-2651
-2395
-446
518
-704
-1084
-977
-1224
-863
379
853
716
1783
2961
3798
2962
3043
2652
2306
2711
2315
1553
1954
3807
4734
5492
5854
7603
7876
6571
4982
4189
4886
6103
5974
3735
2650
3750
5640
8406
9406
9182
8100
7931
8178
7545
6776
5171
3956
3897
3276
2227
1927
2075
2807
3564
3697
3191
3547
4507
5359
5414
5125
4088
3078
3268
3484
1252
999
2091
1299
646
1024
2305
1238
-399
-709
-1089
-1935
-2867
-4026
-4574
-5099
-4390
-3917
-4227
-4824
-5690
-7185
-7540
-4353
-1923
-2124
-3084
-3679
-4149
-4337
-4257
-4268
-4973
-4882
-4733
-5595
-5070
-4177
-3092
-2756
-2972
-2431
-3299
-5542
-7274
-7344
-7124
-7679
-7798
-7954
-7243
-6829
-4776
-4008
-4094
-4814
-4663
-4709
-6031
-6571
-7087
-6129
-4634
-3322
-3419
-3897
-2944
-1329
1075
2506
2962
2344
2106
3749
4359
4242
4108
3336
3088
2968
3090
2507
2049
2215
1691
1827
2256
846
196
803
1365
1503
1624
1452
886
419
1079
2798
3139
3085
3520
4134
3668
4720
5966
6503
6731
7433
8439
8762
8920
8658
8342
8726
9459
9189
7684
7222
8450
9085
8483
6627
4699
4307
6114
6367
5214
4647
3369
2612
2220
2193
1714
2389
2502
2339
2643
3451
4173
3834
3943
3964
2807
1253
-215
-2041
-4100
-5461
-4796
-3728
-2773
-3607
-4758
-5244
-5474
-5639
-6167
-6567
-6817
-8371
-9359
-9330
-7530
-7110
-6780
-7548
-9385
-9702
-10305
-10003
-9799
-8224
-7485
-7626
-7943
-7290
-6361
-5405
-4321
-3865
-4565
-5446
-6074
-5963
-5985
-5054
-4351
-3512
-3424
-3967
-4333
-4313
-3229
-2318
-2407
-3494
-3654
-4218
-5039
-3460
-1713
-559
-371
-658
-1082
-695
-459
-938
-353
208
940
1426
2297
3937
5787
7382
7631
7981
7603
6818
7213
7694
7697
7842
8249
7666
7335
8413
8062
6448
6096
6000
4836
2398
274
353
1899
3328
3534
2089
1169
1652
1777
2051
2548
3503
3050
3202
4167
5154
5480
6415
7490
8006
7189
5481
5054
5913
7759
6908
5827
3809
1537
1069
1652
1258
1557
1586
610
999
1512
1648
153
-1228
-2681
-4304
-6445
-8065
-9504
-8870
-6663
-5019
-5316
-6415
-7317
-7148
-5126
-3445
-3383
-4222
-4307
-5222
-5958
-6046
-6612
-7181
-6286
-4684
-3855
-3668
-4896
-5719
-4851
-5235
-5926
-7700
-8678
-7176
-5902
-5133
-4751
-4334
-3749
-2873
-1767
-1135
22
729
1763
2514
2350
1350
1024
1787
1429
-1384
-5286
-7465
-6750
-4105
-1882
-282
-818
-618
-432
524
2872
4450
4985
4641
3726
3621
2711
1823
1217
487
665
1890
2606
1937
1559
2617
3734
3835
3438
4133
4043
2825
2267
3027
3528
4329
4231
3188
1218
1520
2620
2032
3409
3782
3059
3022
3538
4164
5922
6849
5455
3730
2998
4283
6512
8580
8398
8079
7580
6317
5797
6322
6505
5753
4269
4277
4220
3372
2084
1059
1389
1362
409
-1526
-2714
-1715
-489
1011
1062
-849
-2566
-5280
-7168
-8179
-8996
-9083
-8247
-8785
-9506
-8292
-6938
-4719
-3261
-2596
-3629
-4771
-4321
-2990
-1216
-216
-894
-1876
-3801
-4602
-4582
-3975
-3457
-2679
-3301
-3762
-4077
-5116
-4876
-2425
-1909
-2453
-3116
-5206
-5570
-3994
-1666
-2286
-3954
-4770
-5831
-5023
-3864
-2120
-1363
-1057
-777
-1696
-848
-772
-2039
-2630
-1775
-654
-1173
-653
-327
-833
-951
-375
331
-207
-623
-1351
-1454
-1186
117
2832
2828
1271
-363
-971
-132
1712
3280
3996
4884
5724
5989
6141
6518
5943
4073
3612
2645
858
-1504
-1498
-426
101
713
1057
1129
1365
521
-662
1103
2169
3512
4251
3741
3927
4398
4558
4347
5077
6139
5231
5143
4386
4935
6487
6708
6705
6737
6324
6156
6264
4314
2267
1429
1459
664
90
-1758
-2831
-1772
-258
256
-434
-666
-1928
-2017
-1787
-2942
-2774
-2806
-3101
-3160
-2189
-1765
-1932
-920
232
574
-1119
-3392
-3639
-3285
-2296
-2963
-4283
-4509
-4199
-2920
-3887
-5159
-6648
-7356
-7805
-8034
-6493
-6593
-6476
-6198
-5492
-4476
-5397
-5127
-5277
-6309
-7157
-6712
-5096
-5358
-4862
-3714
-1393
883
2261
3093
2157
1464
1183
1001
1383
2009
2231
632
455
1828
1908
790
1569
1462
297
-589
-1751
-1910
-2014
-3157
-3700
-3896
-3245
-2994
-2186
-119
944
1228
1277
3071
4697
5810
6006
5594
5312
5729
6044
5375
4444
4730
5639
5748
6742
7418
7248
6868
5964
5063
4546
3725
3824
4718
4630
4507
4639
3351
2450
3164
2828
2152
848
729
1265
1014
1746
1168
-219
-541
-126
414
1980
3543
4830
4946
4768
5070
4822
3979
3330
3552
3346
925
-1016
-960
-869
-1105
-2677
-1878
-823
-862
-1902
-2548
-3614
-2630
-916
-1720
-2392
-3119
-4005
-4016
-4089
-3667
-3170
-2807
-2530
-3107
-2817
-2360
-2550
-3071
-2871
-4865
-6761
-7198
-5763
-4423
-4704
-4880
-4890
-5048
-4864
-4776
-5235
-5837
-6427
-6521
-7181
-6976
-6712
-6908
-7150
-6288
-6406
-8389
-8222
-6595
-5280
-4570
-4057
-2866
-1609
-616
-861
-165
710
1547
2216
2087
1467
61
-127
-718
-1022
-215
-30
-1105
-1128
-799
-73
70
153
688
688
1159
1481
724
1696
3168
4070
4022
5458
6351
6039
5921
6907
6969
7280
6905
6640
6459
7433
8980
8573
7836
7272
7909
7716
7258
7698
6577
6296
6748
6507
4140
2224
2001
2702
4117
4931
4575
4956
6205
7328
7867
7033
5500
3962
1578
-457
-814
-1296
-857
-679
0
565
33
-1571
-2315
-2389
-2649
-3811
-4801
-4908
-4394
-4138
-4704
-4636
-3842
-3826
-5719
-6334
-6871
-7761
-7499
-6916
-6359
-6936
-7620
-7157
-6867
-5890
-4894
-3462
-2424
-2636
-5455
-6077
-5468
-5053
-4151
-4842
-5426
-5908
-6874
-6561
-5509
-4933
-4098
-4098
-4855
-6148
-6710
-5432
-3853
-2472
-1702
-1254
-1031
-130
716
1877
1599
2246
3128
2420
336
-660
-850
-1062
848
1616
1425
938
-376
-794
-493
226
1629
1609
1959
2139
1725
1670
2303
1811
1584
516
-567
-430
437
1911
4724
6572
6969
8797
9310
8417
8118
7784
6473
4900
3961
3060
3715
6012
5839
4882
4979
4545
4016
3825
3867
4711
5971
5854
5749
5814
5515
5072
4478
3314
3757
2161
485
1196
2464
4118
5727
6902
6193
4475
2118
439
208
841
1491
1019
-246
-1889
-2618
-3375
-2160
-1962
-3377
-3721
-4046
-4244
-3767
-3435
-2925
-4264
-5354
-5711
-6530
-6153
-6773
-7494
-7326
-6473
-5141
-5006
-4425
-3185
-3364
-3021
-2913
-3386
-3000
-3565
-2515
-1362
-1564
-2078
-4136
-5692
-6928
-7869
-7513
-6102
-5247
-5411
-5324
-5681
-5892
-5711
-5282
-3673
-3212
-3446
-4881
-5302
-3300
-2060
-1733
-505
672
-1068
-1814
-2212
-1639
-968
-1480
-1485
-991
-1231
-480
-67
921
3179
3947
4387
3160
699
-144
197
1316
3604
4056
2708
1452
1061
2268
2560
3627
5527
5116
4348
4186
3337
3952
6352
7026
7313
7436
7316
6645
5591
6184
4934
2392
1509
1211
1141
1498
1512
721
49
-537
-514
391
1612
2625
3211
3017
2304
2118
2828
3187
5121
7444
8350
9108
7890
6616
5167
4421
3998
4069
3426
2034
110
-1502
-1291
-1305
-1361
-2149
-3112
-4286
-5077
-5078
-4518
-3850
-3776
-4017
-4831
-6247
-5983
-5139
-5062
-5638
-6766
-7215
-7266
-6858
-5278
-4036
-3504
-2279
-1881
-2402
-2578
-2483
-2689
-2097
-2483
-3408
-4340
-5016
-5314
-4975
-4574
-5265
-4840
-4571
-4320
-5162
-5297
-4690
-4650
-4720
-5214
-4712
-4634
-3034
-788
409
306
140
1123
1470
1496
1687
847
402
957
653
1223
1923
2480
2619
2746
2832
3066
3530
2999
2484
2710
2909
2294
3083
2602
1177
889
760
1287
2497
2910
3248
3551
3790
4715
5986
6721
7485
6813
5908
4939
3569
3480
2703
2374
2544
2191
1916
2757
3695
3976
3442
3319
3061
3046
3259
2964
2565
2411
3269
3295
4437
6303
6165
5619
5463
4947
4091
1943
294
-251
-1693
-1916
-1595
-1293
-1712
-1440
-331
-4
700
1590
1235
99
-486
-1061
-892
-632
237
728
340
-510
-1459
-1521
-1067
-812
-1094
-1765
-2618
-3171
-3750
-4987
-5093
-4619
-4525
-4868
-5399
-6179
-7142
-6755
-6319
-6197
-6548
-5959
-5861
-6762
-7597
-6809
-5898
-6798
-6616
-5629
-6316
-7250
-6662
-6161
-5290
-3987
-2710
-1928
-1828
-1547
-2359
-1630
-708
-617
-571
-1439
-1980
-1819
-2527
-2841
-2955
-4165
-4325
-3424
-2260
-867
475
910
1181
2173
2333
2390
2512
2825
2508
1535
1348
1380
1309
2274
2667
3371
3856
3901
3837
3711
3815
4536
5359
6485
6211
5126
3983
3885
4995
5854
6876
7494
7826
7007
6672
7517
7030
6676
5964
4673
4139
4114
4273
4541
5704
6254
6135
5719
5025
4520
3671
3490
3025
2059
1334
68
-1078
-1662
-1880
-856
93
723
798
878
1357
1331
1204
1079
524
142
-556
-2178
-2968
-3538
-4358
-4866
-5774
-6426
-6151
-7175
-7407
-7176
-7040
-7212
-6739
-5505
-4839
-4276
-4387
-4684
-5195
-6518
-8116
-8915
-8508
-7415
-6387
-5755
-5623
-5223
-4169
-3775
-3007
-2474
-2556
-2918
-3500
-3967
-4668
-5241
-4652
-4404
-3598
-2654
-3470
-4157
-3354
-3232
-3415
-3074
-1782
-927
-935
-1999
-2311
-2449
-1731
-371
-1199
-2348
-1670
-31
1763
4381
6051
6357
5635
4204
4035
4054
3823
3369
2464
2148
2328
2154
1732
1353
920
1027
1870
2770
3358
3549
3000
4216
5567
6654
7989
8014
7763
7407
6844
6372
6111
6960
8190
8239
8130
7527
7203
6027
4691
5011
4344
3838
3839
4678
4812
3234
2517
1865
1690
2308
3627
3504
3018
2596
3772
4014
2927
2439
675
-609
-817
-1002
-1715
-1427
393
1335
2402
1712
500
-65
-714
-1697
-3346
-4370
-4785
-5158
-6589
-7608
-7931
-8092
-8733
-8640
-7959
-7235
-7073
-7017
-5792
-5497
-4886
-4261
-5443
-6089
-6143
-5522
-4527
-3633
-3173
-2348
-1231
-429
-794
-1764
-2778
-3655
-4419
-5634
-5625
-5525
-5872
-5621
-5781
-5955
-5205
-5019
-4778
-3565
-3001
-3584
-4003
-4340
-4177
-3670
-4412
-4528
-4322
-3791
-3313
-2730
-1035
88
1295
2541
3439
4062
4775
4930
6013
6199
5513
4782
3899
4743
4209
3950
3737
3870
4683
5434
5630
5284
3864
3234
3544
3921
3888
3461
2992
2388
2548
2613
2312
3012
3609
3204
2830
3201
3684
2204
2313
3641
4804
5202
5214
5184
5403
5618
6421
6566
5380
5059
4570
3865
2833
2681
2072
1091
440
1694
1708
192
347
1615
1704
1142
402
-320
-523
-312
-27
-727
-611
-743
-1232
-1948
-2329
-3033
-4166
-5356
-6011
-7012
-7804
-7825
-7467
-7467
-8021
-8091
-7201
-6814
-6176
-3629
-2606
-2297
-1782
-2516
-3939
-4930
-4963
-5381
-6114
-5802
-4577
-3941
-4190
-3351
-3262
-3286
-1874
-1238
-1489
-2123
-2860
-3736
-5123
-5136
-4832
-5542
-4654
-3521
-3492
-2569
-2914
-2388
-759
-223
-924
-1935
-3953
-4580
-2086
21
1052
2191
3286
3736
4597
4798
4836
4792
4170
4135
3725
3317
3745
4525
4790
3628
2998
2119
2369
3473
3821
3689
4013
4905
4586
4155
3433
3096
2273
2145
2112
995
1184
1761
2788
3446
3240
3786
3017
2389
1951
1681
1405
2964
3172
2697
2733
3659
4941
5505
4664
3363
2567
2045
2011
1313
1606
2650
3424
3694
4406
4747
4642
4387
5207
5117
4382
3596
2579
2671
1545
543
-547
-1389
-1850
-2889
-3748
-3787
-2855
-1649
-1161
-1914
-3353
-3976
-4893
-6194
-6092
-5436
-4132
-2921
-2474
-2155
-2237
-2768
-3122
-3469
-3756
-3949
-4733
-4952
-4643
-3468
-2671
-2431
-3095
-4134
-4760
-4273
-4083
-4097
-3988
-4256
-4158
-4199
-4330
-4718
-5558
-6430
-6635
-7728
-7822
-8320
-8490
-8355
-8168
-6358
-5631
-4767
-2690
-1101
642
1816
2281
1937
1651
2107
2022
2252
2872
3391
3867
3891
3947
2941
2857
4234
4940
4456
2579
369
-1431
-2462
-2363
-2286
-2152
-1452
-375
185
1600
3155
3569
3053
2630
2941
2142
1503
1186
1342
2111
2051
3014
5186
5900
6127
6739
6351
6420
7190
7542
7814
8216
8650
8533
7360
6250
6503
5491
4547
3885
4705
4677
4613
4890
4237
3831
3720
2090
-144
-1088
-1682
-1687
-1461
-770
-71
941
777
-192
-1515
-2649
-3371
-3659
-3410
-3543
-4343
-4924
-5918
-5460
-4189
-4056
-3948
-3766
-2945
-1722
-784
-1536
-3614
-4927
-5377
-4752
-5190
-6475
-7920
-8084
-7112
-6685
-5802
-6061
-6559
-6540
-7176
-7327
-7600
-8030
-7371
-6335
-4473
-3613
-2902
-3094
-2265
-2136
-1778
-1683
-2409
-1597
-1580
-1469
-972
-1354
-1632
-2142
-2396
-1828
-1138
-442
792
1677
1754
855
-1196
-2375
-4153
-4413
-2718
-2379
-728
839
1586
2707
2556
2495
1605
1614
2678
4844
6860
7104
6148
5648
6159
6143
6104
6317
7515
7921
7270
6062
5039
4650
4759
5555
6252
5686
4094
3517
3565
3163
3200
4461
4541
4794
5011
5641
6101
5646
6232
6117
5214
4517
3255
2211
2301
2698
3783
3843
3978
5152
5688
5693
5623
5274
4775
3728
2337
666
-812
-914
-794
33
726
-431
-1555
-2543
-3249
-3340
-2928
-3120
-4650
-4743
-5360
-5644
-5226
-6449
-6318
-5248
-4075
-3068
-2917
-3179
-2531
-2563
-2939
-3906
-5842
-6180
-6789
-7085
-7654
-7226
-5582
-5811
-5860
-5747
-6267
-5183
-4574
-2917
-2232
-3017
-3804
-4329
-4758
-4837
-5024
-5963
-7119
-7199
-6446
-5292
-4369
-3523
-3320
-3131
-2805
-3370
-3580
-4837
-5586
-5741
-4965
-3173
-1072
-527
244
1926
2178
2173
1926
1363
1739
2991
3915
4112
3813
3315
3666
3182
2751
3397
3534
4341
5109
5393
5844
5716
5325
4986
4657
3912
4092
4312
3892
4701
3962
2824
3852
5158
5832
6284
6521
6283
5673
5223
4125
3489
3468
4140
4374
4364
4863
4790
4282
5651
7092
7621
8135
6282
4861
4408
2713
1063
-411
-744
-668
-1388
-753
-363
450
39
-946
-936
-1609
-2949
-4933
-5102
-4908
-4581
-4168
-3716
-3100
-4160
-4364
-5204
-5663
-5576
-6019
-6818
-6721
-6122
-5981
-6038
-5854
-5561
-5359
-5334
-4732
-4166
-3978
-4333
-3150
-1422
-2103
-1906
-1281
-1235
-2107
-2033
-2136
-2165
-2443
-3259
-3626
-4434
-4631
-4684
-5472
-5712
-5010
-5800
-6433
-6532
-4873
-4873
-5805
-5282
-4583
-3834
-4101
-4063
-3494
-2454
-2162
-1886
-1545
-248
1384
1888
3601
4677
5610
5891
5646
4916
5449
5885
5740
6968
7000
4912
3265
1863
2016
2282
2379
3262
4209
5045
5298
4571
4026
3878
2878
2839
1943
964
-211
-829
-263
1210
2218
3763
4346
5182
5658
5753
6230
5501
5974
5838
4884
4105
3257
2355
2250
3205
4258
5129
6359
6803
5581
5196
5930
5554
3800
1181
-624
-1139
-1031
-1319
-2333
-1180
1001
2373
2385
2869
4499
3914
1343
-447
-1836
-2319
-3245
-4173
-4794
-5370
-5200
-5133
-4812
-3781
-3677
-3561
-2355
-2401
-3312
-3596
-4146
-4213
-4062
-4101
-4527
-5059
-4698
-4020
-3887
-2775
-2445
-3611
-4376
-4256
-4033
-4462
-3978
-3854
-4722
-5456
-6285
-6937
-6967
-6778
-7185
-7238
-7652
-6823
-5493
-4510
-2013
-799
-692
-966
-1731
-2117
-3182
-3682
-3279
-1759
-1774
-2466
-2109
-924
866
986
2242
3105
2497
2281
2141
1790
761
496
154
-43
743
1949
2857
3009
2909
1926
1310
1446
1817
2407
2879
3582
4369
4333
4440
4279
4139
4580
5464
6235
6882
6354
5771
5437
4945
5198
4587
3817
3132
2425
2705
3815
4454
3930
3740
3969
3801
3870
4142
4351
4344
4058
3156
2183
2673
2805
2083
2538
4381
4683
3287
2838
2280
1329
-69
-1494
-2140
-2284
-2076
-1596
-1034
-1003
-891
-1148
-1903
-3520
-4537
-5985
-6996
-6431
-6701
-7089
-7325
-6941
-5750
-5781
-4930
-3526
-2976
-2836
-3600
-5210
-4676
-4004
-3836
-4802
-5709
-6038
-6233
-6363
-5230
-3983
-3026
-2419
-1760
-1445
-2058
-2312
-2296
-1888
-2675
-3901
-4694
-5909
-6795
-5905
-5831
-5354
-4779
-4509
-4124
-3573
-2159
-1872
-1783
-477
808
1019
566
266
1613
2935
3541
3509
3475
3333
2944
3076
3883
4328
4480
2808
843
1064
938
847
480
-441
218
1302
2318
3738
3379
2482
2204
3149
3633
2534
3023
5623
7723
7322
6771
6830
6892
6465
5464
5277
6180
7657
7767
6697
5565
4811
4836
4882
4899
4350
3250
2879
3647
3978
3313
3170
2569
1417
778
463
348
680
515
214
31
399
-415
-958
141
402
1203
1864
1419
1080
2170
2552
1298
1040
537
639
596
805
1325
326
-726
-1489
-2320
-3468
-3737
-5336
-6060
-6253
-5564
-5308
-6856
-6667
-5581
-4522
-4470
-4283
-5117
-6115
-6815
-7275
-8026
-9264
-9457
-9283
-9145
-8704
-7737
-6018
-5085
-4839
-4541
-4454
-5290
-5169
-3792
-3098
-2886
-3192
-3623
-3664
-3098
-2216
-2434
-3710
-4450
-5200
-5285
-4370
-3185
-2234
-1833
-755
120
-56
746
1654
1540
1961
2291
1558
935
910
2439
3632
3639
4294
3999
3946
3167
3315
3830
3845
4483
4634
4166
3566
3493
5120
5816
6381
7425
6300
4632
3753
4355
4515
4538
4213
5089
5539
5352
5169
5573
6608
7398
6329
5674
6229
6076
5903
6728
7725
6790
4875
2847
1931
1117
210
97
995
2200
2358
1352
642
555
-314
-337
-365
3
106
-186
-471
-1121
-292
-418
-1560
-1696
-1936
-2423
-2569
-3325
-3824
-4238
-4753
-4934
-4683
-5057
-6842
-8706
-8716
-7481
-6811
-6215
-6368
-5221
-4966
-5544
-4973
-5713
-6200
-5655
-5187
-6014
-5578
-4678
-3889
-3009
-2738
-3020
-3935
-4979
-4228
-4523
-5129
-3912
-3037
-2920
-3367
-3481
-3211
-4139
-5555
-5541
-5962
-7430
-8098
-6830
-5971
-4784
-2838
-398
1512
3087
3154
2033
1449
840
889
-433
-1189
3
961
1189
2292
4723
6127
6939
7992
8975
9855
9223
7914
5958
3905
2243
1342
996
1595
2920
3202
3369
4862
6754
7665
8145
8055
7044
6225
4969
4340
4118
2952
3698
4215
3642
3612
3552
4261
3875
3691
4202
5003
4852
4978
5282
4887
4364
3930
3298
1832
811
53
-567
653
2728
2675
1447
1004
1798
2463
1922
1137
1123
1145
-302
480
478
-789
-1933
-2593
-1637
-2637
-3211
-3818
-4391
-4067
-3625
-4123
-5291
-5393
-4309
-4369
-4918
-4274
-3628
-3741
-4735
-5118
-5625
-5327
-5153
-4905
-4958
-5234
-4767
-4873
-4520
-3034
-1805
-1426
-1342
-1966
-1843
-1539
-1677
-2625
-3665
-4912
-4416
-3942
-4152
-3396
-2871
-2722
-3949
-5174
-5275
-5703
-5935
-5701
-4989
-3944
-2821
-2203
-1018
-890
-687
690
1595
2785
3819
3909
3679
3164
3600
3316
2299
2530
1868
1076
457
850
1777
2085
1701
2251
3147
3465
3048
2167
1115
224
-532
-1196
-472
637
450
789
1855
3159
3745
4581
5055
4872
5134
4216
4359
4489
4364
5274
6234
6548
6785
7535
8263
8190
7439
6093
5152
4006
2972
1886
1624
2410
2067
2466
2431
1337
707
-943
-1330
-294
1216
2320
1181
27
18
-674
-2188
-2322
-1811
-2929
-3953
-4029
-3204
-2520
-2199
-1715
-1015
-860
-1315
-1390
-2635
-3467
-3111
-3828
-5151
-5926
-6298
-6537
-6679
-5225
-4005
-4706
-4658
-3868
-3572
-4034
-4906
-5837
-6687
-6868
-7056
-5998
-4571
-3140
-1574
-93
451
-94
-2002
-4384
-5740
-5888
-4950
-4326
-3701
-2814
-2996
-3446
-1504
-530
-1080
-2916
-4664
-5582
-6512
-5886
-4156
-2311
-1223
-803
-762
-279
-699
-317
1345
1688
1956
1713
1478
1629
1833
1306
1489
2079
2108
1627
1768
2495
2168
2586
3556
3984
4360
5209
5429
5219
5060
4189
3200
3245
4436
4855
3979
4751
6169
7029
7123
6804
6002
5629
6087
5636
6308
7834
7566
6804
6266
6520
6139
5092
4440
3692
2304
2417
3819
3919
3108
2698
1565
870
401
397
890
936
282
589
1332
1913
2711
2191
1628
983
1255
915
-651
-480
-315
-1154
-2842
-4486
-4560
-4399
-4002
-3154
-2952
-2191
-1616
-2049
-3281
-3968
-3518
-3825
-4883
-5022
-4727
-5715
-6010
-5156
-4780
-4686
-4137
-3228
-4066
-4943
-5383
-4940
-4567
-3781
-2876
-3293
-4561
-4431
-4635
-4580
-5260
-5781
-6694
-7753
-7311
-6530
-6495
-6452
-5222
-4706
-4981
-5078
-4922
-3647
-2499
-1273
-801
-1303
-2711
-4752
-4558
-3609
-2702
-1277
-1011
-666
-85
491
1571
2205
3254
3807
3464
2630
2493
2455
2710
4115
5106
4571
4037
5025
5587
5737
5039
4979
5153
4941
4242
3462
3359
3782
4839
5408
5278
5175
5352
6459
6427
6819
7512
6240
5819
5861
5021
4246
4167
4821
5001
5763
7089
7085
6958
5856
5855
5278
4570
3295
2085
783
-357
-453
-281
-53
-1000
-2360
-2751
-3314
-2140
-1304
-1884
-2061
-1844
-838
-567
-1055
-1483
-2587
-3827
-4976
-4820
-4884
-5380
-5132
-5397
-5457
-5451
-5307
-5141
-4708
-4726
-4073
-3871
-4563
-4825
-4723
-4611
-5115
-5137
-5608
-6260
-6537
-6712
-5358
-3548
-2665
-2334
-3497
-3694
-3388
-3859
-4644
-4192
-3481
-3407
-4764
-4696
-3525
-3270
-2466
-2239
-2794
-3931
-4587
-3567
-3617
-4068
-4659
-4986
-4578
-4338
-3544
-2153
-504
792
1168
468
864
1225
1239
1977
3174
3795
3575
2902
3941
4772
5206
6734
7444
6541
5859
6230
5759
5966
5443
4467
4026
3491
3635
4236
4346
5281
5823
5953
5428
4237
4466
4892
5288
6533
7570
7236
6406
5838
4944
4481
4919
5535
4977
4811
4292
4089
4470
4978
4553
3355
1742
1190
1151
421
-319
-275
-321
-643
-20
403
-244
-1883
-1963
-1751
-2099
-2461
-2395
-2303
-1544
-851
-701
-1131
-1424
-1178
-1685
-2243
-2577
-2306
-2711
-3658
-4544
-4823
-4856
-5372
-6098
-5907
-5776
-5710
-5222
-4416
-3616
-3957
-4293
-5532
-5644
-5458
-6092
-4904
-3934
-3964
-4275
-3580
-1535
-1528
-2985
-3591
-3612
-3804
-3814
-3904
-3820
-3492
-2711
-1506
-78
-408
-1119
-2638
-3032
-3733
-4924
-4834
-4032
-3270
-2648
-2307
-2105
-2358
-1892
-1961
-1597
-865
-366
-580
135
1920
2363
2456
2988
3753
3212
2019
1948
2599
2964
3530
3199
3464
3985
4090
4468
4753
4418
4295
3965
3557
3018
2344
2980
4131
5154
6484
6367
5992
5454
4557
3982
3259
3137
2749
3002
2111
1678
2501
4313
5544
5626
6431
7057
6521
6345
5198
4403
3584
2533
2175
1387
522
54
76
717
538
202
296
-665
-1611
-1995
-2022
-1817
-1929
-691
725
731
-239
-1547
-2497
-2925
-2833
-3233
-3902
-4097
-4966
-5448
-5476
-5231
-3901
-3370
-4073
-4392
-4264
-4755
-5121
-6026
-5578
-5487
-5393
-4331
-2684
-1424
-1253
-1554
-1928
-2806
-3175
-2773
-2084
-1650
-1539
-1380
-1375
-1885
-2848
-4143
-4858
-5247
-5813
-7452
-7738
-7219
-7630
-7889
-6679
-5165
-4886
-4131
-3566
-4186
-5378
-6625
-5820
-4535
-3245
-2552
-2604
-2312
-490
1378
1963
2273
1997
2255
2023
1799
3039
3804
3810
4712
5765
5015
4180
3008
2437
1790
1492
1406
2828
4695
6178
7684
8378
9361
8437
7500
7434
8187
7898
5877
4810
5555
7293
7836
6857
5212
4780
3540
2617
3732
4945
4612
3827
3614
3851
4592
4859
4403
4062
4090
4769
4736
4177
3600
2613
1306
1820
1895
719
62
679
1415
1613
1900
2453
2144
1166
190
-605
-722
-1281
-1084
-1721
-2769
-2457
-2237
-2285
-2561
-3797
-4713
-5613
-5672
-4166
-2310
-1176
-1236
-606
-1306
-2730
-3241
-2638
-2477
-2964
-3869
-4845
-5614
-6705
-6238
-5179
-4689
-4628
-5986
-8248
-8387
-7971
-7925
-8020
-8200
-7894
-6420
-4909
-3928
-3223
-1885
-234
254
-263
-2294
-3628
-3730
-4898
-5640
-6157
-6917
-7110
-6697
-4965
-3198
-1274
355
988
719
146
-942
-2314
-2343
-2069
-2219
-2910
-3080
-2093
-274
1471
3117
3779
3622
4151
4721
4795
4924
5180
5941
6143
6029
7224
8110
8080
7686
5628
4034
3260
3100
4383
5568
6098
6916
7038
7183
6891
6839
7559
7435
6202
5157
4522
4034
4333
4358
5417
6658
7549
7146
5749
6059
6827
7409
6708
5344
4291
1886
619
728
370
884
2221
2232
506
-913
-1599
-2696
-2652
-3175
-3860
-3750
-3833
-4270
-3730
-2728
-3347
-4243
-4127
-4633
-5514
-6061
-6621
-6256
-6654
-7353
-7662
-8221
-7768
-5975
-5484
-4958
-4982
-6229
-7115
-7041
-6069
-5772
-4727
-4360
-5362
-6917
-7780
-8069
-7808
-7896
-8119
-7257
-5504
-3129
-2016
-1465
-1340
-1221
-1457
-1675
-2970
-4184
-4379
-3962
-4239
-4131
-3427
-2270
-905
195
688
95
-583
-1487
-1895
-3457
-4112
-2877
-1073
718
2630
4211
4619
5308
5650
5396
4502
3970
4655
5127
4969
4944
4224
3992
4288
4422
3994
4390
5885
6354
7036
7281
6644
6733
7546
8390
8474
7563
5954
5617
5087
5201
6144
7102
6697
6300
5731
5178
4473
3989
4133
3275
2619
2381
2325
1940
2823
4173
5094
5248
4441
3566
2540
1446
403
-630
-1471
-1735
-2068
-1733
-1165
-196
-143
-790
-174
-162
-1504
-3201
-4416
-4782
-6190
-7484
-7590
-7899
-7879
-6937
-5927
-5346
-4622
-4023
-3773
-4055
-4593
-5468
-6796
-7203
-6749
-7054
-6713
-6295
-5830
-4988
-2826
-1255
-1193
-1781
-1787
-1644
-2263
-2339
-1440
-1809
-1719
-2110
-1972
-1135
-1130
-1712
-1581
-363
-127
-104
-315
588
508
381
-319
-1165
-2006
-3415
-4922
-5180
-4939
-4018
-3551
-2071
-1131
-990
-643
-1149
-488
-422
-910
-1888
-2686
-2685
-2392
-1388
766
2448
4334
5931
6796
7382
7880
8374
7570
5710
4688
3964
3663
3764
3199
2377
2596
2767
3163
3506
3334
3643
4030
4407
4434
4593
4364
3756
3680
3866
3192
2590
2808
3190
3211
3772
4488
5622
6468
6731
6904
6244
5427
4655
4508
3687
2616
1386
875
1527
1787
342
-1119
-373
1385
1992
1823
1274
423
-964
-1779
-2286
-2951
-3391
-3482
-4200
-5688
-6805
-7247
-6878
-6569
-5653
-4940
-3689
-3703
-3985
-4123
-4393
-4786
-5029
-5400
-5180
-5495
-6300
-6208
-5512
-3470
-2715
-1970
-1807
-2009
-1935
-2009
-1623
-2349
-3430
-3967
-4375
-3782
-2560
-2361
-2787
-2455
-2525
-2643
-2345
-1830
-2342
-4183
-5461
-5949
-6303
-7151
-7567
-7643
-6944
-5875
-3848
-2000
-1231
-1694
-919
552
1265
1118
566
290
-306
-382
161
1030
2197
2214
1592
2580
3328
3296
2565
2383
2104
2277
3102
3720
4695
5273
5813
5693
5330
5997
6297
5979
4922
3966
4031
3791
3474
3639
3243
3621
4668
5904
6438
6376
5874
5720
5152
4693
3983
3079
2309
2459
3244
3904
3907
4267
3720
2456
2030
1207
2316
2562
2469
2606
2073
1340
1180
1832
2913
4217
4301
3793
2843
1924
1861
1743
1064
395
-661
-983
-886
-1837
-2178
-1747
-1150
-620
-882
-1354
-1440
-2836
-3823
-3547
-4256
-4917
-5952
-5731
-5905
-6349
-6351
-5457
-4705
-4860
-4302
-3770
-3776
-3391
-3012
-2452
-1977
-2179
-2792
-3553
-3492
-3056
-3421
-3740
-2853
-2565
-3031
-4238
-4093
-3999
-4647
-5517
-6225
-6656
-6909
-6368
-4933
-3978
-3698
-3869
-4467
-4662
-5335
-6401
-7304
-7048
-6105
-5222
-3575
-1952
-1313
-369
-67
-466
198
411
593
1792
3091
3997
4092
3078
2687
2653
2228
1973
1476
1342
1689
2963
4747
5698
6513
6990
7196
6262
4806
3531
3205
4659
5373
5480
5584
6751
7463
7874
8754
8542
8404
8441
8068
7200
6103
5894
5734
5500
6023
6219
6315
6600
7378
7437
7155
5882
4405
3551
2917
2794
2494
2040
1478
1292
1174
1730
1975
906
109
-248
-70
-258
-918
-2749
-3952
-5088
-4984
-4396
-4489
-5108
-4986
-4339
-4137
-4257
-4563
-4480
-5443
-6763
-7118
-6885
-7731
-8372
-8370
-8446
-8469
-8815
-8986
-8558
-8499
-8686
-7113
-4573
-2268
-1379
-1312
-1840
-3248
-5854
-7759
-9083
-9250
-8650
-7636
-5951
-4515
-4125
-4035
-3368
-3285
-3704
-5211
-6338
-6312
-6194
-5978
-5055
-3216
-1751
-1332
-945
-31
625
959
-202
-815
-738
-95
608
665
1198
1907
2874
5035
6964
7865
8583
8666
7805
7413
7244
6010
4303
3648
3577
3640
3992
5176
6330
6703
6423
6434
6556
6398
7894
8698
8465
7400
7267
7979
8760
8039
6582
6599
6547
7340
6991
6556
5878
4919
4515
4280
3749
3003
2530
889
867
2097
2623
2992
3868
3627
3524
3132
1753
1038
-443
-604
-122
-275
-1375
-3392
-4711
-3667
-2896
-2791
-3249
-2683
-2137
-2365
-2555
-3828
-5024
-6363
-7305
-7069
-6600
-7421
-8169
-8513
-7507
-6312
-5951
-5595
-4474
-4214
-4430
-5367
-5928
-5471
-5781
-5224
-5426
-5746
-5554
-5951
-4739
-3780
-3220
-2846
-1617
-755
-1143
-1474
-1923
-1913
-2030
-2476
-2160
-2312
-2900
-3446
-4166
-4798
-4149
-3086
-1861
-1046
-61
199
342
663
504
-160
863
2121
2615
2159
1568
1718
1917
2009
2176
1527
581
-248
-370
-805
-556
99
114
1015
2060
3560
5131
5144
4540
4417
4370
4634
4875
4090
3264
4394
4738
4000
5060
5876
6458
6017
5860
7068
7498
8203
9439
9976
9773
7609
6303
6191
6881
7090
6070
5131
5159
5215
4080
2469
2405
2664
2521
1859
1536
2123
1861
1460
418
-23
-722
-1039
-1551
-1261
-1519
-2333
-3951
-4642
-3749
-3640
-3408
-3644
-4037
-3573
-3793
-4338
-4256
-4112
-3376
-3736
-3923
-5385
-6328
-7013
-7770
-6700
-5869
-5096
-5137
-5285
-5085
-5145
-4877
-4552
-5349
-5705
-5860
-5967
-5705
-4835
-5136
-4397
-4537
-5125
-4131
-3757
-3215
-1202
-611
-577
-1251
-2548
-2802
-2961
-2862
-3280
-3222
-1480
-398
-238
203
273
791
332
-1257
-3015
-4205
-3999
-3637
-3338
-1881
-413
470
838
1469
1737
1637
2577
2470
1893
1493
2045
3032
4935
5511
4866
4438
4585
4788
4640
4435
4640
5463
5613
5210
5045
4957
5325
5307
4528
3312
2539
1811
231
575
1110
1776
2962
3889
4135
3874
3283
2774
3436
4580
3982
2823
2688
3033
3253
3756
5112
4972
4428
4101
2871
1769
2152
3310
2723
1192
620
1264
1118
1147
2378
1124
315
1250
1212
934
-185
-692
-1103
-885
-1113
-2284
-3335
-3072
-1920
-1844
-2757
-3293
-3528
-3147
-2975
-2748
-2065
-1745
-1943
-2675
-4396
-5673
-5783
-5346
-4370
-4495
-5449
-6232
-5870
-3779
-1898
-1807
-2494
-3031
-2758
-3415
-4290
-4915
-5041
-4901
-4964
-4202
-3182
-1963
62
-58
260
655
-512
-1358
-2297
-2645
-2158
-1516
-976
-1266
-1860
-2142
-1694
-267
-228
-1292
-1777
-1653
-2453
-3352
-3888
-3527
-2788
-2000
-1812
-1755
-1693
-1296
-1559
-1396
-556
294
343
763
964
1575
2042
2277
2933
3740
3903
4600
5042
5174
5214
4829
4133
3098
3065
3372
4285
5917
5884
5064
4837
5082
5035
4276
4463
4636
4778
4736
5075
4760
4318
4823
4225
5294
7131
6842
6467
6698
7001
6860
6294
5502
3662
1915
1256
695
1762
3060
2916
3295
3244
2869
1804
7
-679
-958
-1831
-2068
-1938
-2159
-2037
-2315
-2216
-1632
-2088
-2786
-2429
-2224
-2548
-2801
-2354
-2818
-3903
-5361
-5950
-5739
-5405
-5639
-5472
-4076
-3709
-3792
-4174
-5768
-5740
-6392
-8041
-9192
-9569
-8548
-7619
-6922
-5916
-4758
-5773
-6823
-6929
-6047
-5469
-5543
-5375
-5326
-5601
-5771
-4801
-3351
-2502
-2883
-4310
-4765
-3821
-3304
-2982
-1781
-1207
-1114
-1618
-2358
-1758
-563
247
-4
238
96
239
411
500
929
809
991
1514
2374
2945
2962
3202
4304
5478
6544
6427
6050
5144
5138
7137
8423
7260
5772
5272
5004
4911
5391
5736
4725
3590
3705
4236
5014
5631
6699
7142
7813
8798
8958
8435
7933
7280
6594
5799
4856
5340
5395
5561
5839
6506
6046
5159
3761
1630
1543
2553
2252
2205
1739
723
370
227
381
0
-645
-1734
-3346
-3854
-4254
-4839
-4870
-4392
-3671
-3172
-3604
-4152
-3867
-3115
-2248
-2693
-3087
-4474
-6754
-7989
-7704
-7615
-7709
-6622
-6943
-7437
-6331
-5334
-5689
-5800
-6649
-5991
-5946
-5805
-4971
-4926
-3258
-2161
-2089
-2654
-2747
-2739
-2948
-3587
-4206
-4586
-4699
-4167
-2908
-2078
-2039
-2432
-2357
-2445
-3080
-3320
-3494
-3653
-3439
-3702
-3912
-3302
-2704
-2961
-2353
-1798
-1220
-429
-1105
-286
850
1540
1687
2085
2355
3093
2915
2794
3750
3703
2898
3104
4263
4575
5411
6390
6711
6660
6990
5700
4297
3900
4285
4895
4671
4363
4258
4913
6422
7437
7897
7803
8442
9789
10877
10985
9995
8044
7016
7179
6803
6296
5814
6568
8005
8562
7469
6459
5562
5279
4140
2758
1546
280
-588
-1713
-1301
-47
384
155
-183
136
-1117
-2683
-3242
-3637
-4435
-6511
-7638
-6777
-6498
-5529
-5112
-4792
-4749
-4776
-4450
-5190
-4581
-3770
-4287
-4656
-4928
-5376
-5690
-5271
-5752
-6751
-6220
-5786
-5801
-6627
-7559
-7716
-7486
-6724
-6420
-6422
-7512
-7316
-6593
-6089
-6187
-5775
-4937
-5141
-4170
-2866
-3491
-4546
-5264
-5279
-5670
-5827
-5428
-4647
-3774
-3249
-2114
-670
198
1310
1222
523
422
-52
-507
-499
-79
642
1842
3444
4255
5273
5311
5150
5591
5633
5541
4732
4194
3739
3767
4538
5927
7430
7862
7134
6910
6167
5546
4918
2855
1320
441
503
1794
2452
3011
3224
3663
5189
6075
5938
6724
7267
7486
7103
5798
4010
2666
2911
4083
5068
5031
4502
3802
2791
2494
2767
2727
3099
3083
2202
870
-251
-895
-97
36
-10
-617
-1009
-1586
-2643
-2231
-1507
-1164
-487
-54
-1263
-1926
-1562
-1446
-831
-906
-1898
-2238
-2751
-4013
-4243
-4207
-3925
-3789
-4603
-5507
-5335
-4543
-4149
-4653
-5661
-5791
-5184
-4191
-3682
-3950
-3854
-4647
-5304
-5064
-4939
-4398
-3761
-2849
-1940
-2143
-3816
-3998
-3891
-4011
-3489
-3918
-4259
-3115
-2579
-3233
-3546
-2159
-953
-342
-290
-103
-158
225
571
-27
-575
-1139
-903
-1177
-2164
-1793
-1508
-2099
-1489
-1183
-749
194
944
1077
1497
1530
891
728
2144
3372
2935
2717
2919
3571
3269
2606
2432
1748
1824
3136
3398
4499
5633
5642
5292
5386
5286
4497
3915
4061
4321
4897
5190
5990
6373
6091
5909
5551
5458
5009
5273
5581
6261
5383
4566
3351
2488
2472
3205
4906
5501
5862
5425
4634
4307
2735
1116
1071
464
1062
742
-191
159
-543
-865
-154
-93
-833
-1291
-2123
-2349
-2264
-2368
-1841
-1638
-1983
-2034
-1630
-1615
-1536
-1871
-3345
-4772
-5938
-6875
-7363
-7237
-7007
-6463
-6943
-7394
-7568
-7192
-6184
-5730
-6398
-6717
-6586
-6560
-6720
-6202
-6005
-5803
-5896
-6232
-6405
-6311
-5521
-4901
-3398
-1907
-1585
-1346
-1162
-1893
-2263
-2683
-2364
-1602
-2223
-3114
-2741
-1262
-918
-945
-939
-1190
-3046
-3813
-3947
-3682
-3253
-3294
-1953
-1586
-1012
206
1058
2397
4845
5251
4218
3755
3346
3697
3701
3895
4171
4222
4219
4966
6816
7983
7787
7370
7053
6311
5905
5830
4751
4912
5057
4860
5055
5247
5592
5389
4191
3811
2961
1267
301
488
829
2156
3842
4805
4737
4239
5558
7043
6221
6317
5422
3883
4018
3598
4376
4588
4829
4794
3496
2137
2205
1743
992
1457
414
-900
-3082
-4671
-3874
-3128
-2830
-3073
-3270
-2593
-2467
-2640
-3469
-2980
-3299
-4257
-5081
-5911
-5888
-5356
-5528
-4738
-2609
-2565
-3030
-3076
-4349
-4496
-4254
-4458
-4512
-5155
-5429
-5141
-4310
-3669
-3497
-4066
-5232
-6158
-5874
-5564
-4823
-4235
-4722
-5436
-5219
-4414
-4089
-5390
-5669
-5021
-5672
-5923
-4580
-2593
-565
768
1841
1770
1561
1429
968
849
172
1215
1421
1112
1442
1323
1424
103
293
1500
1900
1006
76
-786
-274
1042
1863
1781
0
-1336
-1396
212
1503
3055
3493
3497
4125
5036
5514
4730
4461
4973
4945
5372
6356
6576
6567
6073
6861
6652
6825
6283
5750
5728
5810
5614
5308
5565
5480
5968
6569
6003
5665
5421
5157
5729
5757
5221
4230
3452
3728
3375
2248
1637
555
-438
558
1312
681
-1373
-3152
-3626
-2916
-1978
-2673
-2973
-3376
-3780
-2822
-2683
-2793
-2942
-3444
-3871
-4254
-5455
-6546
-6713
-6500
-5743
-5685
-6134
-6286
-5076
-4243
-4289
-4102
-3867
-4105
-4827
-5950
-6750
-7291
-7006
-6559
-6887
-7260
-7922
-8781
-8917
-8492
-8653
-8287
-7712
-7288
-5580
-4102
-2968
-1043
-186
-326
-303
-1904
-2634
-2328
-3750
-3585
-2910
-3568
-2116
-659
278
371
342
1106
1551
1975
2342
2444
2596
4065
4799
4311
4929
4884
3708
3009
2500
2138
2729
2811
3396
3763
3864
4424
4329
5514
5783
5302
5502
5907
4785
3930
3752
3401
4281
4518
4404
4681
5840
5713
5269
4575
4286
4066
3256
2604
3223
3867
4527
4716
4855
4802
3942
2812
2174
2779
2124
624
-55
-753
354
426
308
971
888
556
1116
1856
2387
2714
2662
2364
1445
624
-105
-1474
-1882
-2743
-4061
-4766
-4729
-4033
-4538
-4579
-4116
-4600
-6071
-6020
-5252
-4886
-3628
-4132
-4783
-5444
-5895
-5191
-4721
-4584
-4343
-4078
-4412
-5020
-5609
-5391
-4624
-4736
-4062
-3259
-4003
-4616
-5210
-5270
-5072
-3644
-2612
-2666
-3428
-3675
-3204
-2730
-1973
-747
7
-1104
-777
314
184
402
943
1350
1713
1229
454
-760
-805
210
277
-23
-193
866
1808
2466
3106
3381
2419
622
968
904
-154
-1047
-1256
-388
775
1281
2094
3793
5140
5950
5864
4753
4216
4467
3773
3830
4624
5105
5520
5127
4941
5734
5595
5390
6989
6450
5147
4972
4229
3868
4499
4596
4051
4007
4234
4910
4244
4567
5927
5167
3900
3192
1738
1253
1910
2329
3026
2501
1759
1701
572
-483
-1631
-1836
-1577
-935
-796
-1204
-1244
-1393
-508
-522
-865
-1140
-2292
-2521
-3491
-3872
-4042
-5528
-6315
-6514
-5675
-4578
-3439
-2744
-1861
-1854
-3280
-4503
-5266
-4999
-4463
-5348
-5899
-6130
-5804
-5948
-5906
-5119
-4722
-4656
-5337
-5257
-4011
-2450
-1886
-2388
-3281
-3696
-4835
-5809
-5962
-6409
-6350
-4640
-4410
-4593
-4451
-4290
-4616
-4333
-4645
-3820
-1483
-714
-495
-1059
-795
-418
-322
-818
-92
375
1622
1921
2070
1871
1623
1369
97
505
1137
1996
2685
2616
2221
2274
1772
2665
3531
4250
3795
3409
4968
5411
5685
5834
4434
3873
3854
3243
3426
3455
3827
4035
4021
3920
3757
2650
3221
4956
6219
6570
6072
5289
5947
6180
5227
5276
6086
5712
4612
4089
4989
5092
5209
5184
4526
3971
2734
608
-740
-220
-132
-473
-836
-943
-772
-1169
-1979
-1390
-631
-188
-58
6
-491
-2052
-2681
-2857
-2760
-2895
-3889
-4439
-4281
-4537
-4456
-5086
-5836
-5348
-4686
-4282
-4153
-3521
-3955
-3915
-3387
-3956
-4679
-5603
-7284
-8489
-8867
-8509
-7078
-4916
-2790
-1516
-632
-854
-2178
-3293
-2952
-3027
-3499
-4218
-4553
-3792
-3825
-1885
-930
-1489
-263
-214
-1061
-2676
-2571
-2899
-3531
-3885
-3818
-3832
-3738
-2875
-2035
-1497
150
1754
1604
1483
1701
1487
1303
866
667
1178
784
824
947
1555
2580
3394
3951
4689
5332
5255
5954
5370
4414
4991
5524
5001
5302
6617
6674
5872
3770
2252
2564
3297
4507
4486
4574
4719
4457
4010
4439
5470
3811
3403
3828
4828
4666
3911
3669
3366
4401
4413
3823
3034
2861
2394
1039
1401
2397
2905
4019
4103
4904
5582
6019
6259
4623
2786
1142
-696
-2079
-2674
-3692
-3715
-3250
-4462
-4717
-4063
-3805
-3510
-3322
-3112
-3845
-3872
-3736
-4295
-4810
-4920
-5108
-5020
-4884
-5152
-5322
-5104
-4778
-4081
-4118
-4541
-4833
-4709
-5281
-5180
-5098
-5766
-5008
-4103
-3294
-3658
-3656
-3839
-4662
-6958
-8383
-8040
-8225
-8544
-8372
-7797
-8335
-7184
-6554
-5059
-3148
-2547
-1970
-1815
-1895
-652
-417
-118
1232
1442
600
-1036
-356
1262
1426
999
1720
2120
1674
2275
2893
3491
3143
2468
2654
2649
3052
3029
2941
3753
5135
4397
3266
2818
2499
2473
2916
3008
4697
4951
3939
4515
4673
5033
6068
6621
6114
6514
5248
5279
5767
5921
6489
6266
5352
4965
4663
4807
4809
4977
4840
4260
3995
3100
2689
2268
2235
1968
2563
2908
3318
3618
1675
448
143
-874
-353
211
-582
-851
-1214
-1384
-821
-891
-940
-1336
-2026
-2566
-2532
-2734
-4082
-4507
-4980
-4819
-3261
-3289
-2728
-3153
-4484
-4872
-4687
-4308
-4624
-6427
-7498
-7607
-7615
-7041
-5818
-4781
-5009
-5790
-6619
-7132
-7161
-7529
-7163
-6445
-5565
-5032
-5182
-4839
-4791
-4638
-5454
-5264
-3706
-2975
-3550
-3678
-2399
-1394
-683
200
820
617
50
721
1733
1974
3452
5531
5190
3619
3041
1237
368
429
542
59
-52
240
168
166
1077
2255
3065
3063
3577
3707
2551
2649
2894
3215
4133
4801
4320
3059
3030
2679
2767
3173
4487
5674
5492
4858
4654
5835
7308
9467
10081
9260
9233
9058
7594
6486
6008
4914
3366
1599
1968
2607
3914
3993
4455
4084
2950
2616
2342
1301
-2
-207
-327
-1421
-1664
-1730
-2097
-1135
322
488
437
869
695
339
-88
-1058
-2230
-3143
-1906
-826
-176
-59
-806
-1925
-2193
-2224
-3234
-3279
-3403
-3993
-5099
-6154
-6780
-7368
-6938
-5433
-4811
-5463
-6171
-6347
-7484
-7526
-6979
-7811
-8452
-8467
-7366
-6369
-5892
-5435
-5136
-4340
-3228
-3121
-3827
-4659
-4922
-4261
-3739
-3985
-3092
-3887
-4043
-3112
-2616
-2419
-2393
-2438
-2495
-2373
-3219
-2609
-1305
-1028
-625
-409
-619
404
839
1569
1991
2758
3173
1401
72
-709
-73
313
645
1309
2340
2832
4511
6667
7638
8515
8875
8316
6782
6401
5614
4757
3365
2426
2767
1784
1955
2967
3755
3971
4025
4823
4964
5951
6835
5670
5108
4332
4277
4858
4276
3432
2719
2849
3550
4146
3159
2293
3348
3602
2792
2038
2031
2120
1531
1122
1998
2751
3528
4252
3678
3425
2545
227
-1532
-2949
-4265
-4820
-5391
-5218
-4976
-4906
-5301
-5102
-4406
-3842
-3901
-5024
-5174
-4828
-4509
-4367
-4519
-5442
-6808
-7517
-8954
-9276
-8512
-7259
-7204
-7122
-6014
-4227
-3016
-2187
-1845
-1249
-558
-876
-73
600
776
623
-441
-1567
-2070
-2633
-3379
-3571
-3735
-4014
-3555
-2395
-2174
-1098
-1001
-955
-666
-1870
-2406
-2111
-1275
-1017
-1507
-2046
-1879
-2188
-4184
-4744
-3639
-2954
-2871
-3091
-2096
-161
1267
2790
3774
3740
4227
3332
2627
4129
5045
5762
6167
5560
4342
3944
3473
1942
2185
2991
3684
4599
5576
6496
6877
7752
7972
5835
4342
3971
3773
3572
3279
4010
4697
4348
3203
2758
3226
2961
2082
2412
2793
4287
4599
4617
4927
6057
5141
4483
5183
4724
4337
3064
2582
2741
2675
2956
3217
4092
4940
4753
3593
1473
294
54
-537
-1357
-581
217
-487
-1308
-1834
-1334
-2558
-3624
-3234
-4204
-5972
-7700
-8472
-8602
-7778
-6953
-7021
-6379
-5235
-4570
-4892
-4391
-3021
-3050
-4191
-5400
-5728
-5478
-5344
-4814
-3855
-4349
-4791
-4786
-4933
-4809
-3847
-3065
-2755
-3251
-4384
-5268
-6553
-6435
-5368
-5622
-5054
-5675
-5934
-5604
-5558
-5213
-5063
-3788
-2063
-222
-534
-2128
-3050
-2444
-2806
-1577
182
999
1933
1576
1664
2508
3834
4424
3424
2472
2165
1560
570
498
1191
2110
3937
3994
2721
1636
343
-190
864
2404
2533
2029
2961
5316
6508
6406
6218
6415
6085
4762
3835
3482
4569
5525
5406
5886
6805
6462
5297
4272
3393
4045
4665
4108
4238
4387
4573
5187
5540
5374
5002
4710
3978
2785
2638
3633
4034
3833
3932
2719
1611
1246
870
-294
-904
-2398
-4078
-5289
-5461
-3959
-3060
-4133
-5247
-4956
-3596
-3280
-3220
-3424
-3846
-4719
-5906
-6595
-6969
-5624
-3820
-2384
-1866
-2112
-1786
-2389
-3352
-3253
-4091
-4976
-6205
-7047
-7166
-5691
-4373
-4299
-3108
-2492
-2986
-3606
-3865
-4027
-4136
-4316
-4199
-4554
-4969
-5672
-6460
-6302
-5979
-5568
-4917
-5029
-4506
-3605
-3056
-1980
-1070
-454
-104
-22
189
657
287
81
1023
1451
2076
2570
3064
3079
2293
1166
1273
1272
2371
4062
4453
4605
5077
4405
3834
3541
3134
3286
3869
3672
2870
2867
2843
3944
4655
4251
3599
3629
3359
3444
4162
5042
5898
6377
6322
5897
5475
5007
5167
6041
7098
5893
4632
3920
3089
3370
4399
4152
4126
3848
3726
3895
4335
4896
4822
4306
4943
4785
2976
1987
1477
1629
1615
2065
812
-345
-1708
-3292
-4295
-4935
-4958
-4679
-4609
-3969
-2552
-1928
-2012
-1869
-2329
-2425
-4031
-5492
-5262
-5636
-5505
-6580
-5953
-4895
-4866
-3951
-2939
-2602
-1991
-2731
-4587
-5488
-4358
-4874
-5709
-5390
-5380
-5130
-5616
-7117
-8528
-10058
-10459
-9272
-9795
-9395
-6514
-5079
-5092
-4927
-5008
-3289
-2956
-3282
-2663
-2623
-2226
-1103
-759
333
2011
3854
4377
3566
2553
1680
340
-605
-327
19
1197
1989
3602
4445
4523
4645
4536
4467
3998
1861
-260
-809
-325
352
1642
2274
2267
2848
2628
3312
3831
4999
5812
4468
3123
2883
3503
3589
4327
5402
5515
4958
3570
2386
2032
2527
3009
3390
4291
4420
4521
5426
6277
7228
6829
6271
4849
3753
2471
1913
2123
1615
1092
2000
3904
3467
2100
1170
688
574
-424
-2086
-3396
-3010
-1974
-1184
-1257
-409
593
769
296
-1007
-2214
-3713
-5213
-5023
-5443
-6172
-6815
-7716
-7697
-5799
-3789
-2811
-1567
-1443
-871
-1047
-1971
-3383
-5094
-5424
-5763
-5780
-5719
-6700
-6467
-5586
-4601
-3373
-3874
-4668
-5861
-6182
-5587
-4266
-2730
-1342
-1153
-789
-1322
-3294
-4812
-5369
-4015
-3575
-3758
-2966
-3024
-2651
-2036
-2725
-2821
-3484
-2571
-1672
-1993
282
2010
2047
1144
1448
1926
1786
2389
2854
2753
2892
3692
3923
4484
3726
2316
655
499
2703
3165
3335
5019
5654
4703
4339
4426
5313
4901
5097
5766
4450
3437
3921
5064
5249
4916
4979
4311
3555
3564
4152
5125
4916
4703
5478
5179
5282
5962
5827
4681
4249
4038
2216
986
1513
2480
3558
4947
4916
5408
4812
3748
2961
2628
1106
-551
-1841
-2216
-153
280
-449
195
1538
2899
4041
2856
1619
1154
94
-494
-834
-1181
-1584
-2956
-5235
-6494
-7113
-7968
-8196
-7491
-6709
-5217
-4399
-4647
-4571
-4401
-5331
-5770
-5596
-6235
-5966
-7339
-7744
-6726
-5564
-4145
-3159
-4168
-4967
-4915
-4674
-5140
-5688
-5014
-5207
-4773
-5261
-5831
-5739
-5836
-4250
-3573
-4254
-3829
-3500
-2553
-2698
-3250
-4297
-4146
-4378
-3900
-2714
-1018
92
469
1320
832
1247
1037
-723
-980
-349
648
1475
3339
6334
8070
7497
5741
3568
1332
824
1025
1350
2203
3716
4192
3623
5043
5814
5792
6629
6098
4827
2769
2505
2542
2457
2041
946
1276
1491
2569
2657
1968
3339
5146
5491
5621
5166
4283
3971
4799
4733
3392
4025
4423
4675
4629
4751
5853
6180
5438
5675
5978
5931
5051
3361
2584
968
-1527
-2477
-2303
-2361
-2192
-2531
-3472
-3847
-3765
-4627
-4147
-3576
-2402
-2099
-3799
-3015
-2208
-2027
-2188
-2875
-3589
-3936
-4209
-4944
-5463
-3731
-2622
-2656
-2665
-3003
-4485
-6052
-5893
-5948
-5715
-5683
-5804
-5472
-5879
-6486
-5554
-4670
-3371
-2381
-3061
-3475
-3811
-3346
-3964
-3954
-3172
-3560
-3560
-3727
-4008
-3185
-2418
-1463
-1630
-2067
-3207
-5035
-6090
-5450
-4937
-3634
-2355
-2178
-799
543
1286
1826
2090
2758
2921
2672
1712
1012
1540
2654
3263
2889
2600
3298
3897
4644
5273
4191
3224
3707
4909
5945
6107
6576
6612
6192
5387
5953
5994
5695
5732
4169
2784
1792
1839
1962
2364
4079
5096
5296
5128
4515
5619
6698
6758
6459
5866
4950
4275
3825
3084
3342
3617
3832
2712
1228
735
1658
2656
3592
4488
4433
4198
4464
3098
2447
3037
3327
2777
1714
-197
-854
-2370
-4086
-5844
-6407
-6784
-8260
-8004
-8362
-7804
-5672
-3031
-1724
-1296
-2150
-2132
-3359
-5360
-5739
-6333
-7062
-7434
-6823
-5139
-4041
-3962
-3735
-4278
-5924
-6949
-7855
-8707
-7155
-6908
-6780
-6190
-5871
-4724
-3541
-3520
-4077
-4720
-4934
-5387
-5634
-5340
-4790
-3259
-2366
-2071
-2347
-1731
-780
-35
1157
1844
963
363
665
1342
3100
4690
4970
4935
3867
2179
-371
-2441
-1979
-747
393
-159
-270
-64
-148
1974
2435
3006
3527
3125
2561
2105
2580
4396
5646
5592
5567
5340
6337
6013
5102
5088
4924
4626
4886
4080
3690
4143
4558
5748
6842
6625
5143
5144
5184
3301
515
329
1351
2756
3583
3646
2978
4103
5532
4866
3601
1919
705
-1620
-2717
-1673
-1504
-1989
-578
1352
2638
2368
842
174
-21
-732
-1957
-2838
-2312
-1704
-1679
-1180
-1792
-2511
-2435
-2823
-3786
-3333
-3118
-3446
-3597
-4186
-4960
-5731
-6419
-7515
-8764
-8323
-6946
-5515
-4548
-3972
-4478
-4973
-3852
-2788
-2799
-3404
-3567
-4141
-4913
-5647
-7291
-8012
-6846
-5695
-3914
-2630
-1604
-628
-730
-1074
-2185
-2667
-1995
-3165
-5025
-4879
-3979
-3463
-2716
-836
963
2394
2059
1529
1030
680
159
187
-1083
-2100
-1974
-1778
-705
1837
3870
4974
5590
5169
5408
5420
5420
5644
6327
6622
5880
5220
3610
2425
3017
3514
3085
1980
1552
1702
2224
3158
4672
5161
5945
7185
5705
5186
6382
5961
5658
5497
4591
3299
2028
1428
1580
3180
4533
5337
4498
3931
3965
4180
4427
4009
2648
116
-631
-373
804
1854
2094
3677
4361
3318
3327
3098
2570
1819
2407
2165
140
-2747
-4649
-4829
-4254
-3162
-1047
576
306
440
-417
-1659
-1746
-2583
-3530
-5190
-5793
-6544
-8178
-7882
-7043
-6819
-7763
-8563
-8061
-5995
-4969
-3175
-1786
-2089
-2245
-2287
-2486
-2165
-2758
-4780
-6174
-6711
-6254
-6199
-5830
-5329
-4215
-4030
-4443
-3532
-3424
-4484
-4748
-4653
-4897
-4853
-4664
-4142
-3086
-1509
-686
-648
-678
-952
-651
-296
1010
1968
960
-365
-1073
-1296
-574
124
1031
1262
486
-203
-640
280
1884
3425
4110
4032
3667
2178
1152
1885
2902
3309
3017
3190
4456
5519
5847
7502
8290
8166
7637
5672
4196
3137
3389
2848
2668
3129
2452
2097
2015
2763
3524
3718
4202
4364
4188
4287
4730
5447
5426
5434
5391
3622
1964
1770
2172
2630
3060
3619
3966
3430
2989
2572
844
205
-128
-975
-1325
-2346
-3019
-3262
-3045
-4492
-5645
-6068
-5436
-4196
-3998
-2809
-2256
-2822
-2622
-2322
-2033
-1998
-2342
-3898
-3754
-2788
-3355
-4774
-5862
-3723
-1898
-3783
-5797
-6570
-7050
-7393
-6603
-6077
-4377
-3367
-3282
-3768
-4027
-2805
-3411
-4785
-6076
-5746
-5372
-6867
-7093
-6398
-5029
-4180
-4317
-3768
-4538
-4835
-4958
-4088
-2809
-1544
-1005
-1097
280
1209
1592
802
1162
1520
600
-15
-309
-460
612
1952
2199
1969
2542
2529
2394
3022
3150
4223
4737
5423
6981
7183
6730
5678
4463
3363
3220
2890
2855
3284
3192
4451
5460
5389
5705
5910
5629
6227
6630
5961
6452
6223
5301
6036
7191
7247
5818
4686
4766
4266
4177
3152
2033
1720
2140
3849
3652
2834
1929
1816
1669
2115
2870
2146
2405
2948
3600
3223
2515
1871
577
-1032
-2263
-2693
-3093
-2372
-692
-200
-347
-819
-1474
-1944
-2019
-2040
-2961
-3970
-5403
-6361
-6909
-6715
-5684
-3925
-2966
-3143
-4271
-4437
-3978
-3438
-3290
-3306
-3607
-3768
-3683
-5125
-6200
-5929
-5832
-6071
-6170
-6388
-5988
-6060
-5285
-4851
-5417
-6231
-6904
-6885
-7112
-7536
-7017
-6149
-5392
-4682
-3926
-3135
-3425
-3917
-3066
-1883
-1492
-1866
-3211
-2897
-2059
-747
447
1605
2029
1357
994
1671
1548
1780
1232
864
2176
3324
3336
3144
4013
4980
4796
4693
4987
6344
6717
7142
6975
6299
5785
5361
6085
7692
9883
9383
8271
7355
6604
5891
5000
4688
4645
4024
3434
2933
2753
3206
4300
6194
6284
6697
7141
6230
5715
5116
5379
3981
2133
1334
-15
227
552
928
1769
1468
793
444
102
-14
-410
-464
-1732
-2939
-3338
-4506
-5684
-5347
-4370
-3705
-4027
-4899
-4509
-3692
-2429
-2707
-4046
-4700
-5330
-5909
-7412
-6681
-5505
-5625
-5861
-6309
-6209
-4950
-3523
-3973
-4250
-4087
-4800
-5858
-6700
-6713
-5541
-4709
-4160
-4985
-5302
-5114
-4223
-2960
-2409
-2219
-2367
-3210
-3780
-3800
-2961
-2744
-3401
-2236
-2089
-2528
-2097
-1706
-205
637
529
-120
-1910
-2435
-2290
-2030
-943
346
84
-1278
-2085
-1894
-258
1036
2662
3644
3797
3826
5126
6179
7332
8149
7738
6160
5493
5013
4291
3893
4590
5718
5928
5312
4328
3494
3705
4005
2293
1712
1077
1076
2782
4152
4077
4001
4027
3440
3009
2692
1897
1493
2123
3282
4267
4457
4138
5324
6896
7580
7186
5783
3985
1841
-317
-548
474
802
1085
722
2135
3540
3455
2185
1031
-630
-1417
-1931
-1791
-592
762
1786
1946
1442
1070
-545
-1497
-1502
-1178
-1531
-1829
-2240
-2223
-1550
-1814
-2618
-3092
-3709
-4576
-5529
-5720
-4874
-4174
-3040
-2859
-3613
-4227
-4120
-5384
-5213
-4688
-4585
-4818
-5829
-4354
-3013
-3044
-2884
-2595
-2499
-3102
-3762
-4730
-4456
-4309
-5188
-5410
-4813
-4286
-4544
-4087
-4126
-4179
-4588
-4663
-4224
-4609
-5720
-5824
-5270
-5194
-4129
-3330
-2396
-1139
-816
-680
-317
907
1488
802
536
528
710
1724
2769
3366
4681
5284
4342
3587
3319
3689
3021
3095
3379
3141
4087
4732
4849
3705
4175
5312
5354
6011
6117
4895
4879
5437
6289
7528
7898
8186
7158
5248
4788
4333
3300
2581
1738
1846
2517
3100
4605
5789
5637
4474
4128
3432
3275
3070
2571
2515
2116
1416
-39
-892
-866
-996
-1526
-2000
-2559
-2721
-2864
-3001
-2041
-1751
-2029
-3029
-4162
-3876
-4277
-5160
-4766
-2988
-1888
-1983
-1978
-1618
-751
450
351
-1016
-3067
-5252
-5941
-5582
-4920
-3634
-3176
-2756
-1868
-1545
-2155
-1108
211
-294
-1721
-3425
-4725
-5071
-5447
-5663
-5877
-5374
-4565
-4099
-3249
-1543
371
242
-535
-2135
-4267
-6070
-7173
-7162
-6916
-5873
-4963
-5247
-5006
-4876
-4396
-3224
-1913
95
889
-260
-1172
-1248
-478
-79
96
-213
-1310
-1548
815
2845
3753
4072
3587
2924
1822
1039
943
1471
2185
2150
2021
2342
3285
4412
5108
6296
6372
5680
3524
1725
2709
3612
3246
3254
4121
5310
5252
5172
5921
7128
8491
8484
7252
6525
6643
6006
4977
4606
5325
5646
4428
3504
4440
5084
5198
4967
3816
1769
730
1364
3635
4628
5490
5050
3968
4126
4059
3181
984
858
835
-1155
-2574
-2754
-1961
-1471
-909
-1227
-1681
-1714
-2142
-1381
-1554
-1411
-1155
-2916
-3106
-3734
-5161
-6080
-6480
-6171
-6236
-6132
-5328
-4841
-3689
-3182
-2687
-2676
-2540
-1770
-2511
-3904
-4929
-5770
-6625
-7860
-9064
-9649
-9150
-7881
-7540
-8165
-9003
-9527
-8831
-7572
-6919
-6527
-6058
-6280
-5933
-5991
-6343
-5461
-3695
-3191
-3008
-3018
-3519
-3836
-3838
-3143
-2866
-2707
-3022
-4109
-4899
-4274
-2212
-1190
-326
1412
2485
2728
2695
3415
3569
2751
2763
3008
4021
4156
4534
6712
8496
9482
11095
11121
11143
11982
13044
13767
13210
12146
10934
9867
9836
8851
7607
7449
8133
7439
5954
5509
4595
4036
4656
4642
4498
4936
4854
5136
5772
7252
7424
6970
6356
4517
2265
-104
-1360
-2950
-4463
-4986
-3888
-2811
-1575
593
2051
2364
1065
-922
-2267
-3183
-4571
-6345
-7212
-6710
-6755
-6371
-5566
-4676
-4283
-4242
-5012
-6120
-6902
-8067
-7655
-6947
-5698
-4936
-5428
-5307
-5132
-5120
-5631
-6264
-6607
-5317
-4735
-4884
-5915
-6693
-6263
-6134
-5327
-4845
-4722
-4723
-4440
-3389
-1534
-887
-866
-1115
-1078
-855
-1004
-1290
-1376
-1306
-1219
-1233
-2180
-3258
-3334
-2815
-2998
-2740
-2534
-3000
-3732
-3735
-3209
-2735
-2806
-2812
-2072
-665
-771
79
892
1350
2393
3787
4839
4364
3864
4063
4787
5263
6422
6538
5388
5614
5490
5846
6252
6186
6609
6499
5921
6076
5733
4804
5044
4998
5466
6107
6171
6286
6834
7160
7434
6705
6040
4999
4692
4408
3537
4088
3731
3593
3110
3819
3819
3623
4480
4470
2737
935
762
90
-365
645
1909
1909
1716
687
527
755
118
466
-118
-1466
-1657
-1709
-2692
-3396
-3398
-2034
-1553
-1397
-1205
-1014
-359
-583
-1212
-2407
-4246
-5383
-6480
-7470
-8406
-10212
-10894
-9903
-8556
-7460
-5914
-5245
-5097
-4593
-4431
-4400
-4823
-4959
-5124
-4614
-4388
-3938
-3681
-3231
-2628
-1919
-1206
-1767
-1506
-2235
-2828
-3346
-3842
-4829
-5181
-5095
-4757
-4300
-3136
-2323
-2464
-1714
-792
-201
-513
-532
-693
-1574
-2317
-3138
-3663
-2602
-1701
-862
-897
-670
-86
395
417
195
1573
2365
3082
4081
4422
4874
5148
5348
4917
5087
4963
5607
6435
7205
8433
9287
9744
9704
8299
7222
5928
4654
4259
4928
5827
4906
3865
4397
4915
4926
4454
3419
3564
3275
2904
2879
2606
3769
5598
6030
4882
3677
3143
2968
2885
3607
4940
4103
3754
3351
3952
3686
2146
663
-1381
-3564
-4469
-4896
-5289
-5698
-5940
-6185
-6332
-5878
-6807
-6723
-6064
-5825
-5876
-6627
-6571
-5955
-5846
-5396
-5364
-6187
-6270
-5601
-5509
-6460
-6019
-4392
-4141
-3707
-2876
-2583
-2634
-2133
-1179
-952
-1304
-1400
-2240
-2627
-2670
-3223
-2894
-2171
-1860
-2318
-2459
-2263
-1341
664
2125
1269
17
36
693
1269
507
78
-1128
-1353
-394
33
-860
-2318
-3461
-3847
-4153
-3342
-2327
-2119
-2356
-2991
-2638
-1823
-1364
-730
-29
-276
448
951
966
2048
3127
4060
4354
3235
3030
3236
3373
4098
4693
5099
4796
4098
3868
4273
4263
3804
4053
4206
3463
2764
1896
1597
1859
2509
3075
2557
2212
1902
1975
3327
4686
5238
5285
5159
5127
5262
5596
6421
6103
5286
4756
4210
2866
2092
1564
1422
1996
3361
4733
4149
3477
3594
2970
2109
1830
1429
712
295
187
-99
-427
-767
-2198
-2564
-2062
-2218
-2254
-3167
-3386
-2744
-2698
-3136
-4391
-4665
-4381
-3831
-2787
-2335
-2223
-2532
-3566
-3468
-3661
-4795
-5836
-6588
-6309
-5060
-4861
-5246
-5194
-4678
-3781
-3285
-4199
-4984
-4962
-5012
-3631
-2193
-2806
-3756
-4022
-4138
-4752
-5039
-4961
-4569
-5202
-5514
-4989
-4111
-3443
-3979
-4601
-4129
-2815
-1888
-1803
-1466
-847
-880
-751
-1309
-1563
-1846
-2189
-2271
-2439
-2601
-2124
-1788
-1365
-1122
-1171
-997
-598
842
2392
3334
4575
4993
4701
4914
5124
4257
3412
2902
3651
5337
6465
8237
10237
11078
11310
11957
12348
11191
10209
8525
8112
8468
8843
8665
7350
7566
8696
8536
7829
7802
7570
7082
6403
4751
3101
3651
3931
4160
3863
2727
1264
839
652
603
-511
-1492
-1232
-2004
-2559
-2854
-3289
-3428
-4530
-5950
-6069
-5559
-5521
-6086
-6924
-7784
-8801
-8778
-6906
-5987
-6715
-7549
-9260
-9785
-9250
-8134
-7892
-8049
-6916
-6848
-6614
-5812
-5823
-5463
-4821
-2902
-1787
-1407
-1102
-1664
-2386
-2958
-2718
-2890
-2988
-2614
-3050
-4000
-4674
-5432
-6073
-5893
-4760
-2846
-1550
-1566
-850
-128
-251
-189
-613
-1351
-2585
-2425
-2204
-2256
-1690
-787
-388
40
58
620
569
-567
-133
60
-411
-486
-195
357
1734
3211
4396
5111
5843
6722
7081
6524
6876
7174
5725
4958
5406
4894
4084
4009
4784
5351
5969
5822
5540
6165
6997
6542
6015
5639
5262
4957
5060
4930
5265
4969
5434
5937
6670
7440
7005
7141
7455
7022
5317
3816
3213
3245
3548
3867
3881
3359
3062
2693
2267
1634
1037
194
-490
-942
-738
-101
-166
23
-1652
-3616
-4350
-4203
-3700
-3325
-3077
-3185
-2984
-2932
-3396
-4044
-5744
-5852
-5201
-5989
-6188
-6531
-7134
-7703
-7988
-8757
-9602
-9611
-10016
-10414
-10167
-8861
-7521
-5796
-4866
-3743
-3100
-2409
-1161
-1140
-912
-2157
-2970
-2894
-3135
-3073
-2459
-1181
-1093
-2456
-2943
-2771
-2656
-2503
-2630
-3939
-4952
-4887
-3974
-3958
-4948
-4845
-3820
-2388
-1710
-648
-854
-412
269
238
479
155
776
1543
2969
3541
3796
3805
3596
3929
4046
3686
4175
6039
7831
7127
5887
5482
4762
4700
5417
5637
6210
7476
7197
6429
5306
6098
7046
7842
7833
7478
6236
6113
6982
8263
8644
8377
7438
6072
5032
3872
2673
2632
2722
3373
4569
5633
5608
5394
6030
6159
3799
1633
289
-414
-915
-1817
-2501
-2739
-2004
-1205
-702
-1645
-2187
-1620
-1568
-2369
-3460
-5001
-6300
-6212
-5630
-5203
-6646
-7388
-8812
-8823
-8163
-7516
-7897
-8936
-9194
-8407
-6745
-5522
-4674
-5144
-5364
-5701
-5070
-4960
-5254
-4447
-4061
-4313
-4812
-5846
-5971
-5265
-3977
-2376
-2040
-2437
-2722
-2049
-1371
-700
-1063
-1603
-2504
-3791
-3284
-3396
-2547
-760
-35
9
-622
-1278
-772
-39
1017
2563
2015
1340
987
619
1288
2590
3624
4283
3629
3525
3237
2584
2205
1918
1587
942
780
-507
-124
1292
2803
4759
5744
5267
4421
4239
4622
4470
5152
5209
3616
1905
659
1464
2667
3885
4484
4758
5017
4847
4347
3063
3070
3998
4150
3247
1699
1798
2646
2875
2463
1948
1206
388
-1021
-1389
-535
-271
714
1506
1494
2378
2560
2198
1756
957
1277
594
545
637
814
943
1172
1763
1418
1906
1976
1213
1214
1770
1839
1775
331
-1177
-2202
-2324
-1151
-688
-753
-2478
-3850
-4838
-4472
-3538
-3453
-4420
-6116
-6728
-6251
-5281
-3203
-2013
-1511
-2737
-2281
-1702
-2025
-2275
-3222
-4345
-5337
-5293
-5908
-5645
-3778
-2176
-1761
-1192
-551
-1144
-1557
-1413
-1079
-1718
-1533
-1605
-2410
-3186
-3015
-3226
-2265
-1416
-434
-473
-1529
-1692
-1446
-1506
-2777
-3546
-3603
-2758
-2422
-1458
637
2024
3422
4376
4655
3691
2816
2522
3180
2971
2058
1063
547
994
1466
1569
1914
1925
2022
1744
1956
1929
2238
2714
3460
3632
3493
3808
3589
3710
3911
3888
3155
2257
2274
2021
1825
2438
2795
2776
2334
1534
1750
1683
1653
2064
2631
3285
3574
3609
3151
3120
3010
3433
3077
2213
1991
2007
2506
2509
2564
2542
1858
672
-387
-1562
-2130
-2283
-2467
-2438
-2882
-3199
-3242
-3228
-3496
-3193
-3778
-4402
-5354
-6172
-5813
-5803
-5943
-5571
-5007
-3928
-3752
-3941
-3410
-2686
-2314
-2863
-3197
-3190
-2840
-2830
-2773
-1730
-1423
-1987
-3259
-4229
-4722
-4416
-3180
-2102
-1562
-1271
-727
-467
190
165
-469
-1077
-1887
-2377
-3024
-2998
-1909
-1060
-874
-1186
-592
-26
-498
-969
-835
5
750
-15
-2021
-2856
-2093
-67
1573
1866
1753
1389
1155
1628
1795
1922
1709
987
-58
576
1335
1141
1403
2801
3309
3789
3923
4154
4661
6040
6326
5691
5154
4963
4061
3176
2575
3105
3373
2449
1760
1292
2433
3007
3378
3201
2414
1342
681
940
1384
2466
4126
4421
4143
3732
2931
2528
3084
3038
2213
787
-991
-1798
-1733
-1425
-741
-277
73
1201
1334
870
1367
2027
2530
1952
564
135
-691
-1683
-1664
-1291
-801
-1140
-1449
-1541
-1426
-1886
-2672
-2853
-3296
-3903
-4188
-4456
-4387
-3793
-3997
-4410
-4156
-3931
-4884
-5981
-5947
-5530
-4755
-3789
-4367
-4747
-4197
-3227
-3288
-2574
-2003
-1673
-1515
-1751
-1416
-940
-1006
-1517
-1573
-2115
-2314
-2631
-2594
-1740
-2149
-2787
-3112
-3301
-2935
-1893
-2241
-2370
-1338
-686
-1070
-1067
63
691
1121
860
-107
-348
653
1467
1902
3017
3206
3013
3169
3443
3311
2882
3067
2861
2380
2176
2391
1927
1285
1395
1270
813
691
1247
2130
2246
2954
3667
4133
4435
4876
5044
5292
5778
5028
3598
2806
2925
2794
2931
3188
3816
4179
4169
3769
3777
4204
4215
3906
3439
3349
2915
1976
1780
2061
2785
2279
1253
716
49
352
204
484
404
421
-184
-912
-1551
-2604
-2822
-3798
-4669
-4717
-4520
-4696
-5071
-4278
-3767
-3231
-3072
-3147
-3138
-3507
-4091
-4572
-4404
-4088
-3694
-3346
-3011
-2294
-1972
-1766
-2031
-2367
-2415
-2196
-2609
