150
382
74
231
-174
-909
-1286
-1267
-741
338
138
-22
-227
-439
-584
-163
-471
-700
287
642
133
-661
-327
-297
-365
-595
-149
-52
-453
-735
-412
-908
-795
-243
304
984
2049
2468
1471
1165
960
930
423
-240
202
293
-337
-40
828
-285
-628
117
-443
-730
252
-697
-1480
-1013
-875
-527
-354
-64
146
12
-386
-426
232
-162
-521
639
94
-119
729
1025
935
1166
1331
962
1198
958
270
1229
633
-437
690
985
261
570
1091
401
90
309
606
441
-87
99
-123
-1027
-1542
-587
-725
-1064
-267
-44
-432
-189
190
347
697
1764
1452
982
1088
903
906
333
959
989
-801
-1016
-1292
-970
-720
-140
566
1070
731
500
193
32
489
223
-75
-914
-906
-864
-1185
-954
-366
-246
-613
-251
39
371
277
493
1137
1172
772
881
2241
1727
1288
957
39
-704
526
476
76
391
-51
-188
-868
-1221
-400
561
-625
-411
164
-165
-306
-881
-868
5
6
-548
-436
-629
-1248
-307
62
-163
-614
-438
654
861
599
27
-95
53
-35
90
1359
1524
933
-28
246
-452
91
245
-96
-249
-1606
-775
-867
-831
-629
-585
-173
692
872
-350
-122
-11
98
715
392
534
1253
596
292
1799
1398
-449
-1055
-264
-356
-568
-763
-879
-423
-1498
-1507
-764
-38
-932
-487
-351
-1334
619
-52
-521
-199
480
30
564
497
-843
-1320
-1215
-392
-326
-1311
-1044
799
1066
130
165
-126
-2
195
-27
-756
179
-103
-102
269
-1129
-797
340
1172
-458
-492
-620
181
1431
716
25
237
994
21
-32
-540
-296
330
-777
-1465
-745
-1474
-1429
-280
-1620
-2765
-2414
-605
-822
490
1282
-507
189
599
1693
599
-83
1505
1943
507
-194
939
455
236
1033
60
-601
101
1184
-81
-1721
-1213
55
-130
-575
-798
-1458
-931
-646
-867
-1030
-596
-260
828
1604
610
575
1617
1946
488
-985
-682
92
181
-356
-551
-1051
334
1531
826
-176
-426
572
-763
-679
23
114
527
667
-447
-215
1401
1113
914
1250
804
248
910
-339
-71
1511
1123
499
149
424
435
-382
-1632
-1065
-203
-542
131
-4
-1753
-1025
671
944
450
1807
1264
526
1110
1312
2572
2640
1545
653
1476
1183
493
684
-1447
-2279
-1857
-1142
-1340
-1511
-1576
-792
-904
-1516
722
762
-194
-1068
1192
416
-1528
692
1140
2152
530
1847
1862
1186
722
167
602
-775
-272
824
483
-88
199
-119
-788
-254
-860
-127
-755
-997
-874
-257
23
-394
642
1001
282
862
2129
370
-624
-462
1183
922
-1231
217
1116
302
-843
-767
-429
-1415
344
1333
-341
-315
103
973
626
13
-1135
-1637
-1296
-735
705
-1485
-1831
-1262
-906
-1101
-1462
-812
-1056
-64
-764
-772
195
86
1392
1367
225
-30
112
662
-63
116
573
847
1460
482
119
-2127
-285
1292
-217
-1175
-1446
46
362
865
833
-415
-972
-920
881
-195
439
734
83
-948
-1011
-374
-815
-468
-868
171
608
-1562
-1850
-1088
-2353
-1039
429
-1111
321
191
261
331
315
1210
1026
1006
316
1757
694
808
1189
364
301
-1344
-1444
-1931
-1086
-1224
-845
-862
-1140
-294
-392
158
-392
-645
-333
1008
1388
2253
724
188
1065
946
-834
-466
415
-54
-42
854
653
-101
1549
1484
923
240
341
48
-1564
-355
829
-108
-1029
-444
-983
-1824
31
133
-1147
-1132
-365
394
319
650
-363
-133
217
-159
916
246
-848
-876
307
855
859
-479
-2032
369
1166
1790
1893
496
-1003
-588
955
488
1480
771
196
-311
-328
584
1016
372
-473
1707
709
-970
1572
1459
-414
-1668
-740
102
-292
-213
-774
-989
-1379
481
1052
-1581
-1204
1107
1662
1013
1274
1306
24
-200
112
1624
1233
316
64
-637
-400
-328
854
146
-323
-687
-1219
-86
599
-368
-1702
-1218
45
584
-1198
-1797
99
837
694
-1259
-1188
-303
708
2450
1339
686
8
660
1493
1018
504
306
800
37
560
-436
-967
-346
121
271
-1118
-738
-1278
-83
-127
-776
1081
351
-754
-954
-793
-131
-841
-288
349
-1054
-2524
-270
1773
641
-1308
-592
-218
356
852
1228
-193
-1235
67
117
1159
189
-133
336
992
-1014
-576
-486
-882
468
196
217
-928
-1926
29
346
-398
-600
-268
1601
903
692
-202
-278
1607
643
-87
132
-785
-1081
-229
-374
-607
766
1569
1316
-1472
-906
255
788
-33
-967
988
1040
460
1480
-252
-2279
-2814
-703
898
-1373
-1509
-1449
-1203
-211
1393
1496
-386
-689
162
504
-348
-1153
-1117
104
-125
1066
1985
885
-543
-372
709
-640
-683
-962
141
1149
267
428
789
716
1783
654
-105
1083
994
1095
273
-94
-839
-1557
18
1698
977
-205
-543
-752
-1222
-1711
-855
410
811
754
991
1347
779
-445
-297
-1747
-1294
1423
387
-966
-1800
-645
649
854
1774
995
-377
525
566
-707
-1833
-838
1690
1013
540
273
341
305
354
-518
-996
-310
333
1175
-1301
-2674
-1191
1460
963
-347
520
1662
1882
1357
-995
-272
-412
-90
1627
443
72
1756
960
-1005
-982
-855
21
-463
-823
-1270
-1211
-662
255
-529
-1010
190
3243
1137
-1522
-310
49
1100
1390
-489
-676
1110
2019
-317
-2350
-1973
-1950
800
1277
-1569
-1083
536
1532
1387
1819
1510
1141
-199
625
189
-1844
-1754
308
-715
-1370
1359
1818
-778
34
131
-1212
189
2476
3053
1692
-203
94
-94
-1795
-1929
-461
-616
-2198
-1846
-864
-1297
-2024
-1295
1549
673
421
2111
1462
-541
66
108
969
1636
686
888
-402
-1903
-2217
-3093
-1432
-503
-374
918
21
-40
-173
966
688
-217
385
1198
-354
-1382
-1970
-2504
-2946
-623
1581
64
-1142
545
981
21
1190
2448
3125
3514
1438
458
-2530
-2653
-38
-1372
-1951
-2138
-122
-398
-1618
-842
-768
-718
841
261
553
1811
717
148
-1896
-215
885
34
247
12
-1363
-1844
-1584
-1065
-233
-181
1165
1059
568
1818
-650
-706
-92
-285
324
897
94
-2053
-1012
-494
-949
-20
819
568
1027
335
-55
-276
2014
4438
2360
1057
474
559
-1989
-2470
-1589
-2157
-1308
-208
1006
-2453
-1104
470
876
-794
-359
2085
3137
1701
-2296
313
-91
477
482
420
-2655
-2715
-557
-640
-912
186
2330
1739
1870
-397
1288
1442
1180
453
-391
-561
816
-607
-1672
592
-329
-1170
1494
639
-1687
-151
417
1822
2598
3358
2320
1642
159
-190
-311
322
-587
-1361
-1710
-2172
-122
-2780
-221
890
-377
279
588
2752
37
1343
1055
2255
-110
60
596
-1850
-2533
-1161
-123
-1923
291
956
-565
-459
1046
609
199
2276
803
56
778
-148
-809
-614
180
-2086
-1407
-203
219
-1280
-1723
-394
2867
2688
995
2662
1942
420
-552
1040
-49
557
188
-1087
-2812
-595
-1822
-2081
540
-1679
764
2207
-233
-1548
12
3173
1079
-313
1191
277
-207
-991
-1989
-1726
-2360
-26
1199
-794
-1223
2716
173
-258
1042
1631
-263
-2184
1650
538
187
-2803
-536
332
-1014
-1605
-523
-746
-606
1997
1465
2020
610
2426
1377
791
35
1061
692
-912
-4120
-2439
-2536
-1600
1105
-2555
853
-171
2619
1783
463
-648
2050
3506
793
170
-47
-1567
-4568
-2458
-1583
-637
-1549
-1587
-117
-1120
903
-492
2986
1601
1769
1423
-143
338
670
-2363
-3828
-518
-636
-768
-2886
-3520
-2771
1173
2228
2404
4342
2683
1058
2240
1364
583
373
1352
-957
-3096
-3102
-2440
-1217
-1430
-2497
-435
1613
1189
2629
921
1796
1008
2737
3194
1190
-914
-1612
-2546
-2068
-2668
-4204
-2089
-3123
-1350
-1067
882
2315
2811
1630
2321
2296
-378
1392
1048
-1869
-1546
-790
-1870
-1049
-1599
-2637
-3485
-1813
2888
3989
1665
3094
5401
2228
446
2547
642
-1920
-1612
-2616
-2268
-1819
-3450
-2542
-2082
376
1609
1959
1902
745
1780
429
2444
1463
888
756
-688
-4541
-1506
139
-1112
-3840
-2649
508
-241
1453
842
2530
2084
3178
3600
1422
-63
800
-1631
-2481
-1091
-2007
-1455
-2325
-2108
-1724
-65
2068
1889
2712
800
1817
3679
3165
2080
1526
-234
-540
-1545
-1704
-828
-4524
-4078
-1052
966
-413
1938
3799
1386
2768
2269
1865
2204
2153
-922
-2497
-3227
-868
143
-3039
-2621
-1272
215
240
-994
76
1673
2658
1635
3233
2952
1104
-642
-2037
-1016
-1785
-1368
-3747
-3401
-1367
-309
1210
440
2101
1993
1350
1395
3960
3296
2581
758
-2393
-2492
-1036
-2441
-2784
-3207
-963
-275
-1976
403
1402
1869
406
2101
3895
1740
-250
-362
-1607
-347
-120
-1632
-2584
-3730
-1616
-1018
-2687
-846
2371
1998
-353
2032
2979
2000
1480
202
-1326
-131
-493
-2785
-2759
-3193
-1723
-1217
-1788
-831
3398
2235
1308
1945
3506
3353
1716
-272
-1934
-440
-2490
-2645
-2592
-989
-1160
-512
-883
851
2335
2611
3073
2088
3288
1281
572
-943
-2287
-1410
-2067
-1055
-973
-2409
-2648
-1422
-2088
-1470
920
2501
1222
2549
2876
1975
1000
510
1617
-1781
-3161
-102
-2007
-3960
-4332
-1948
-548
-587
1788
453
1004
3011
2676
3269
2178
1341
1662
-256
-1304
-967
-1844
-2712
-3398
-1520
95
-1038
-88
1428
3338
3472
3193
2889
2280
838
-498
-1019
-1398
-1183
-1720
-2778
-4879
-3309
-610
-272
-389
63
1650
3581
3233
1660
2248
1822
1112
-755
-2038
-1651
-1579
-1797
-3648
-4447
-1808
195
767
657
400
-137
953
2819
2492
2118
2357
404
37
-909
-1393
-2442
-3684
-2324
-291
577
-618
1770
3049
852
3360
4113
1273
1312
508
763
-1823
-2720
-1467
-103
-2035
-5393
-1976
-603
16
1635
1452
686
2283
2689
2146
2160
34
826
1785
-2661
-2894
-857
-2890
-3557
-2388
-1896
444
2436
1223
-34
1061
-372
1224
3386
375
357
1210
2059
77
-2231
-2785
-1317
-555
-2690
475
2248
556
966
2043
2908
4263
3097
720
-68
-126
-1135
-2331
-2221
-2144
-73
-617
-2812
-3882
-865
2302
1060
68
183
2339
423
109
2609
1503
-1563
-121
1027
-1317
-3542
-4143
-3043
-2610
-1145
3348
4127
-1251
-987
2370
1685
-1304
81
1387
106
-68
1037
525
-2021
-3694
157
1312
-1250
-1826
169
2161
1224
2466
4207
3528
988
421
450
-2752
-2771
-254
-1458
-2443
-1533
605
-219
-3646
-1244
1889
1599
38
-165
1520
1665
1446
622
-1067
63
-494
166
-129
-4093
-4056
-1903
-545
-497
882
2084
125
498
2125
712
490
1167
-833
-1251
-100
-1420
-1715
-2670
-1696
1916
1262
-906
-1043
21
1611
2500
4098
2325
2513
2662
-888
-2708
-2406
-1080
-232
-1227
-2896
-346
526
-2161
-1755
-86
440
2081
1081
-1337
1279
2878
2411
-191
-2064
-979
913
1168
-2707
-2731
-916
-91
1526
797
-308
658
1291
488
1132
810
1943
2845
-448
-1815
-683
-1359
-2687
-2226
-864
1497
365
-1173
-1465
718
2746
2163
2837
1867
1935
1815
180
-2853
-1881
1089
515
-1162
-1314
-298
-145
-749
-1421
-1380
448
3023
972
739
1481
1175
1012
286
-1406
-1696
607
-57
-2516
-2050
-1519
261
1505
666
731
766
674
317
1068
3
-199
44
499
427
122
-2233
-485
767
-472
-1026
-270
-56
-1318
703
1976
2759
1900
1779
2547
-231
-2452
-2126
-1214
46
458
314
565
418
372
-1694
-2288
-1836
-1544
2555
3323
2213
3026
1192
-1858
-2116
-1179
-1333
-1006
-1048
-138
-269
-746
-100
1745
111
259
1974
599
45
-396
-369
-916
284
-1239
-2089
-874
-1005
-95
-263
-275
119
816
515
714
1442
543
1038
1896
987
254
1273
-530
-1554
-2089
-2170
-496
1167
420
-158
1055
1088
-55
-1127
-390
229
885
1235
985
1045
-1262
-668
-1003
-2678
-2075
-721
100
-191
1177
1799
478
-876
-626
-320
252
360
1445
847
-270
-585
-2028
-2046
-2980
-3371
-930
-348
1
903
611
907
1915
2364
1235
-1371
207
1925
572
-387
899
1034
-650
-1806
-2118
-1645
-916
589
519
441
3241
2822
1657
-5
-2375
-1455
-696
-578
-704
512
-261
-1053
-1129
-1126
-1360
-1522
858
1391
1088
2007
1535
966
259
-1017
777
-193
-924
1044
324
-268
-1893
-2008
-892
-50
-859
-416
1831
138
311
2027
-250
63
2110
630
-421
-1088
-1292
-456
455
58
-1172
-45
-43
751
445
-848
1329
1817
1798
1198
1191
1511
229
-761
-1583
-962
-1314
-1906
-35
340
140
1338
-848
-2204
-1061
370
1511
923
311
893
2537
550
-1318
-1230
-2144
-1329
-487
-132
1064
2122
1781
442
-1465
-2377
-810
191
1365
1342
642
-503
-646
-297
-618
-315
624
510
-99
171
114
1020
1906
1538
-258
-881
-169
827
1380
1237
-94
-1745
-1837
-568
500
279
312
-521
-1711
-651
-236
171
259
950
786
-310
-1157
-520
1321
1195
708
18
-1230
-1759
-862
-658
-180
208
186
1183
130
164
-507
-536
-144
-511
-907
-1431
-97
1388
950
12
-50
-1160
-792
-464
-1795
-307
1754
2625
3325
2334
-918
-1748
-1028
-480
-308
-498
-469
403
375
784
-155
-1638
-1021
-707
-1518
-2480
-1401
521
1545
2795
1207
759
1772
406
-2580
-3020
-2099
-922
621
547
-200
481
886
-846
-420
-152
-1451
-1013
-644
100
1166
1659
2565
2905
324
-1475
-3696
-3314
0
267
393
-63
421
1275
2678
-62
-1423
430
-6
-58
549
155
-58
394
688
1015
263
-1135
-2319
-742
-1349
-1618
718
1123
1381
1192
-28
-2195
-441
975
383
-16
-721
-1032
-177
759
443
640
1434
27
-629
-688
-941
-322
612
1155
973
-103
-402
-523
130
-451
-1437
-859
-935
324
1204
1445
1228
1380
1126
904
136
-987
192
-578
-816
-553
-381
-1041
-1052
238
434
-866
-567
1673
1658
1144
1147
1302
-62
801
1121
87
356
-1335
-1069
-1574
-1416
-210
1208
165
-836
665
621
165
481
358
676
1455
1259
854
15
-358
-578
-1005
-1257
-1268
-98
-376
-909
-1033
-432
1286
2047
1979
1049
777
428
-162
176
195
849
1020
848
841
1146
783
-148
-175
-1043
-1236
-157
-195
95
771
257
251
-414
-650
29
-755
-1149
-1254
-303
-211
-52
727
846
1569
1281
-37
-665
-834
-1152
397
403
187
391
14
-360
-517
-1083
-1392
-91
-462
-120
1122
800
473
910
1033
774
1135
278
-109
-241
-761
-1063
-799
-1135
-1285
287
454
147
321
568
-270
77
270
487
794
-560
-875
-921
-762
-1186
-767
-1065
-1511
-537
-2
350
1131
1225
343
872
504
288
1079
-116
-925
-172
-481
-1331
-1264
-1311
-1282
-1019
-843
-480
23
-87
70
785
-188
79
635
85
383
628
191
-66
-590
-1107
-1018
-1556
-1573
-1640
-1163
-586
-356
-135
186
250
295
731
518
147
391
697
95
-3
99
-155
-497
-1019
-577
266
239
-206
-12
-69
-83
371
99
-396
-773
-331
226
74
-257
-578
-283
142
717
1334
1420
1168
960
822
-323
-840
-368
-237
-278
-824
-987
-671
-170
-120
-255
-353
-125
289
-416
-110
545
984
587
416
357
63
482
-255
-57
16
-543
-552
-456
-1003
-597
192
27
178
780
1135
618
914
226
315
256
-273
-169
-272
-106
-692
-766
-992
-39
227
-558
314
1089
1080
1006
761
554
1570
1298
693
481
-258
-169
-273
-359
-140
349
99
565
509
6
132
718
1112
778
775
-66
94
449
395
-200
-70
-311
-948
-227
48
-854
-464
-16
-453
-41
-113
6
650
592
777
440
440
239
-263
-651
-231
66
-522
-142
467
349
272
679
604
58
224
-204
-312
199
-63
79
734
-64
-279
624
833
-397
-743
382
636
260
854
1512
1144
210
347
118
-478
-269
-966
-116
-124
-1054
-1368
-682
484
16
340
960
432
653
181
-46
539
-324
-368
-278
-1055
100
-158
-855
-193
-263
-79
-122
-348
381
997
1015
960
553
1126
-337
-1349
-631
-736
-598
-722
-290
-232
-417
-412
-464
-150
63
102
108
133
638
1076
643
336
-212
-53
247
-268
-560
-780
-1000
-1036
-827
-275
-30
-475
-461
-244
-191
-47
76
407
158
-231
-187
-433
-682
-267
-923
-953
-1047
-1133
-464
-583
-876
-645
34
-113
178
602
851
672
174
-82
-83
-20
-685
-313
-337
-579
-59
-52
-234
48
358
614
837
378
-159
-154
-235
-685
-664
-939
-917
-509
-966
-919
-641
-452
-351
234
565
146
174
-231
-407
-573
-595
-707
-693
-717
-909
-255
-115
-137
-127
-303
1
310
114
561
252
208
262
27
87
-4
96
-10
233
473
364
96
294
-59
-74
446
172
307
273
307
334
179
334
285
351
65
27
83
324
564
377
121
198
431
114
-88
-172
-301
-462
-516
-449
-305
-333
-189
-399
-450
-111
-232
-176
104
4
-199
89
302
289
162
415
450
577
387
-101
217
177
16
337
854
958
850
922
734
943
710
842
729
562
772
602
188
-32
-47
-389
-247
-108
-171
-162
235
412
636
727
439
137
91
-191
-146
-247
-356
-148
-470
-437
-475
-407
-334
-87
138
188
234
80
79
282
433
335
321
336
175
530
183
-124
-120
-110
28
-109
-119
-125
316
342
257
430
392
358
203
-124
-127
73
-149
25
87
-123
0
0
-194
-8
196
228
560
312
-33
99
173
-97
-211
-193
-340
-281
-352
-511
-521
-616
-629
-314
-334
-251
-50
-84
-84
91
35
-288
-208
-311
-372
-383
-588
-611
-474
-617
-557
-252
-81
198
498
474
626
859
739
477
276
95
91
3
-206
-337
-87
-237
-90
100
171
351
395
532
656
672
540
510
391
-5
-426
-544
-509
-414
-370
-524
-430
-522
-568
-255
-163
-115
-29
93
389
513
309
188
27
0
-81
-349
-385
-449
-248
-115
-100
34
44
108
316
223
257
530
344
450
543
375
334
329
333
222
167
-11
6
-60
-6
-45
-197
-17
275
502
409
318
301
179
107
35
-116
-20
53
14
37
-4
172
-9
-168
-105
40
78
156
98
-13
10
-120
-184
-368
-337
-245
-190
33
71
196
149
51
89
47
-42
190
414
239
180
44
98
127
100
94
99
-50
14
188
124
49
9
-51
-102
43
39
10
1
-171
-176
-166
-254
-300
-368
-409
-467
-338
-151
-113
-140
-134
-57
-77
-154
-64
78
51
83
86
-95
-226
-106
-144
-112
-12
-21
13
5
76
240
298
274
407
245
116
211
311
198
87
36
-136
-274
-400
-260
-205
-122
-105
-99
-248
-313
-158
-270
-224
20
143
116
41
-70
-282
-417
-541
-432
-249
-184
-208
-29
-29
-286
-247
-143
-77
-37
-124
-319
-383
-261
-141
-217
-366
-311
-317
-369
-233
-135
-77
-55
-1
23
-22
13
69
96
15
-103
-76
-245
-323
-236
-165
16
-58
-55
73
-115
-319
-314
-236
-50
0
-15
-82
-209
-257
-284
-349
-409
-303
-198
-167
-191
-335
-339
-340
-261
-263
-414
-426
-331
-339
-424
-506
-436
-353
-344
-318
-317
-360
-332
-184
-104
-91
-62
-70
-93
-128
-69
-104
-124
-37
-26
-93
-201
-187
-111
-46
-45
12
108
72
53
-15
-43
-80
-8
34
-6
-136
-150
-177
-208
-148
-30
29
42
120
83
223
180
184
227
250
310
137
137
166
294
204
106
-17
-175
-176
-131
-76
-24
50
7
169
176
181
79
133
141
201
404
405
425
309
198
88
77
68
142
222
298
348
243
262
219
188
83
-19
166
279
191
188
126
127
166
34
-88
-201
-180
-61
133
297
319
421
281
337
354
226
368
407
381
210
243
19
-130
103
220
198
230
215
263
393
401
379
468
423
522
549
310
239
254
371
332
253
252
264
367
505
236
266
130
48
95
88
95
28
145
136
5
-83
-25
-51
-72
-65
20
-96
52
300
233
61
99
260
171
164
-29
-13
57
21
-198
-273
-282
-262
-133
-135
-84
103
205
-13
133
279
376
306
264
100
-151
40
46
-65
-204
-94
-142
-2
84
148
226
416
669
541
374
267
320
188
75
71
55
92
247
231
231
271
195
202
115
-2
-85
-236
-172
-75
122
-3
-128
109
-102
-191
-365
-308
-541
-458
-310
-240
-464
-435
-226
-454
133
128
-294
-352
-101
-173
-240
23
19
-6
-284
-572
-646
-306
-167
-118
-93
-171
-204
-184
-91
-366
-243
-99
-468
-269
94
-111
-239
97
103
-120
-328
-275
-233
-230
49
112
-137
-16
113
-153
-125
207
172
-39
118
233
64
-54
-119
-205
-120
-168
-286
-289
-96
-102
-230
-252
-175
-124
-422
-275
-300
-286
-163
-19
121
-200
44
-167
-200
95
-5
-113
25
224
106
-206
-211
-281
-403
-442
-429
-398
-353
-178
-215
-489
-325
-102
-164
84
170
295
190
151
206
92
176
224
235
74
237
-18
-102
97
248
132
-121
31
220
69
-419
-320
-96
-121
203
152
125
-133
93
21
-436
-480
76
185
-326
53
232
144
-126
155
-294
-45
175
-326
-350
-221
-170
-67
455
86
-110
406
237
-67
-198
112
106
-287
-56
76
-434
-362
256
82
-289
-124
-105
-326
-411
-140
177
116
31
422
178
-317
-106
168
-140
-210
104
-157
40
256
408
466
47
-103
-277
-110
-245
-270
-271
188
142
73
-280
-71
-62
-144
29
-441
-40
187
-34
-166
143
148
414
474
-88
105
416
83
48
-161
-382
-271
224
-57
-237
176
-639
-984
-453
-409
-671
-155
-274
68
125
-120
199
143
20
-570
16
604
297
432
257
584
409
92
-521
-379
41
181
-96
-829
268
199
-189
305
176
-522
-58
705
-323
-64
562
123
5
606
-228
-473
143
-418
218
320
502
593
747
121
-356
393
72
-144
-422
-5
245
292
-13
-110
-81
-110
77
-21
-356
-187
295
40
103
33
121
632
1044
874
479
533
92
-110
314
550
718
684
587
367
553
-63
-846
-281
61
567
424
188
471
762
328
-295
-407
-671
-256
52
136
-11
232
-141
-378
304
149
-153
-95
112
-319
54
-221
-329
-206
-678
-113
147
-302
-262
-331
-349
9
68
287
996
877
709
830
818
746
391
283
257
403
316
405
383
-89
175
495
285
48
428
648
227
334
971
229
101
-53
-362
-193
-868
-460
-126
-868
-1108
-418
-614
-934
-54
23
-509
-378
-174
-264
-726
-388
-239
-607
-454
-55
175
198
-115
193
214
-206
609
712
297
282
535
454
839
538
209
396
151
340
567
215
-9
465
933
343
239
579
852
242
-71
438
422
284
-115
-677
-925
-497
278
-403
-762
124
31
-420
-573
-118
-241
-1016
-523
-229
-1221
-827
448
-572
-660
-664
-895
-1100
-304
183
89
56
-512
-432
-144
358
4
298
-181
46
552
199
-48
-352
-15
304
569
1421
1044
-119
232
373
213
532
592
689
190
51
-798
-393
221
-1015
-1269
-1263
-613
-999
-1219
-449
-842
-76
499
212
19
-386
-317
-435
-947
-677
31
481
-407
-540
364
33
-693
353
1536
-462
-122
388
492
1690
751
2107
1573
1476
1583
-193
-187
1476
1924
911
470
454
560
-819
-307
289
451
-156
92
-52
-1379
-708
-269
-614
-1360
-1287
-923
-925
-1982
-1284
-354
-900
-476
-390
-1161
-922
-544
-592
-1240
-833
178
597
732
882
670
154
-215
-152
281
465
465
-392
73
-1299
-562
583
750
942
655
235
-685
269
1131
-5
107
848
-534
-435
530
-62
280
725
623
1100
494
63
-206
-118
350
-11
-662
-514
204
429
-213
-313
-583
-1295
-955
-1074
-678
160
418
-336
-808
200
-274
230
79
-939
-1483
-1695
-2097
-1523
-549
-927
-335
-260
120
407
154
454
718
904
305
213
-256
151
1539
677
270
389
146
-135
287
1449
1591
2015
2185
1013
742
1208
646
367
363
380
597
717
34
-97
404
-804
-892
11
245
-291
-905
-850
-309
-864
-1529
180
86
-1260
-433
740
-850
-1288
-841
-1486
-979
-45
933
243
-596
-289
604
-730
-1428
-1287
-853
-871
914
888
-1554
-1089
114
-244
-298
919
407
1210
1313
66
129
1097
1345
1837
2245
1737
2406
1706
285
433
471
977
1419
842
205
50
-112
-344
-434
-130
-790
-920
-1323
-1487
-660
-854
-1055
-503
415
-6
-769
-1243
-629
1166
-409
-540
728
-165
-537
-1041
-675
-1669
-1573
-961
-2911
-1727
203
737
361
223
-205
188
1669
1492
73
1429
2082
-490
-552
667
1102
1496
1745
-983
-1270
-1185
-56
-318
-1105
440
23
-328
-784
460
154
-552
1671
1256
-1151
-2162
-1226
-1466
-35
2451
396
-555
110
-50
341
-94
-46
1390
593
-1682
228
1446
-346
-1134
-683
-542
466
1716
36
-335
-832
136
-365
-923
621
280
180
293
776
567
599
1260
1335
1544
595
6
-473
-1085
-2013
-103
1048
-1371
-2308
-1605
-547
342
1905
1421
-17
776
-441
-554
-259
376
1483
541
-948
66
538
-1297
-1456
1014
-623
-2714
-1552
-2869
-2314
446
1324
416
-155
189
-800
-612
90
1810
2552
2108
2010
1134
962
1514
1419
1125
988
4
1756
626
-1161
-688
-765
-1464
-1472
-1191
-311
1309
1960
1917
1015
-601
-2456
-848
528
278
555
-829
101
248
-1327
-333
50
306
133
-2224
-3617
-2881
-2390
-92
1488
1756
1214
1264
333
322
-11
-773
737
287
-264
1419
2190
1096
1490
-643
-1513
-264
-137
-901
-1277
208
-353
-859
1083
1066
1582
1866
2030
1039
204
-908
-1951
1611
1979
2677
1879
1102
1239
-705
-2148
-3156
-637
73
844
1499
-291
-1875
-1680
-951
-1567
-712
-1357
41
1883
800
1497
776
866
-287
-1288
508
-90
-441
-1222
-923
495
-1847
-2729
-228
199
-354
849
-1066
-1639
1471
2029
3213
3932
2405
912
-389
-3173
-2701
116
-1034
-1145
1093
1322
1277
3208
2005
-184
348
-877
-2064
-1989
-880
328
2695
1346
-412
477
-791
-2868
-1251
1149
-752
81
-203
-1935
975
877
-599
-458
-1450
-1924
-900
-1481
-866
1538
2559
175
1811
493
-1641
1342
420
-544
-718
-102
2019
2708
833
-1920
-85
-831
-1592
-1455
-1290
-565
1336
2132
2945
5833
3807
222
-1811
-4078
-4429
-3809
-3049
-812
2041
2823
2848
296
-282
-1148
-613
-2910
-1788
1749
1946
2490
2380
221
-1139
-1823
-3733
-3985
-1151
-845
-1217
-156
-348
960
1446
858
-549
-1603
-472
109
-567
384
2537
1507
-416
-1037
-1017
-756
574
282
913
1476
-125
-155
1554
1667
-1010
-1810
-2731
-2274
2075
4324
3809
3490
453
-2203
-401
960
-1348
-2711
-1067
-1253
-316
1785
1352
-119
354
-897
-3888
-2036
-203
86
1433
1644
997
-888
-3541
-1621
1493
1049
-886
-1324
-1078
-1454
613
573
570
642
-988
-1555
146
991
329
1282
-1917
-2477
-716
-85
-108
1195
4577
2586
2730
695
-740
-535
-930
-1496
-584
105
-483
542
155
1125
1912
1207
-2076
-1760
995
1973
1447
1275
85
-2580
-4089
-2087
1149
-371
1703
2603
1966
-367
-696
-75
-910
374
-766
-322
-253
-1626
-2393
-1730
-850
140
2198
474
-412
-1055
-1328
452
726
-384
-877
-6
162
-693
752
1407
1475
904
1326
2220
-565
-448
-825
754
1524
-1155
-2854
-2301
228
2737
2866
-1406
-2636
78
1961
-90
-143
-1597
-1932
-799
-1698
2805
3262
364
-653
-1490
-2910
59
2231
3849
1337
-2539
324
701
-1519
-1335
-819
592
234
-3046
-555
-1140
-365
2376
2009
-810
-50
-261
-2500
-96
2902
3074
558
-1355
-1956
-340
-307
760
4993
3633
-2040
-4447
-2728
-487
628
1687
-105
1615
-246
-2149
47
-1048
2340
594
577
2870
931
561
-698
-1422
-1521
-87
1896
-268
-2970
-897
3244
-887
-1350
-898
-638
-573
482
2576
239
862
-32
-115
-724
226
1797
601
1596
1354
1519
-1312
-2484
-1209
-1337
-372
1534
2886
-1342
-2328
-1237
1358
1866
-301
-548
-417
1410
-1575
-1000
2156
526
-105
3
-766
842
-222
-258
3069
511
138
1418
-1313
-2050
-450
1084
-2709
-3431
-80
-722
-1004
-224
3110
2548
-1254
36
-145
-1170
-437
1271
-371
230
-516
-1051
-1713
-342
2725
2485
2003
610
-661
37
124
358
1325
452
93
-934
-707
-144
-1578
-2057
-716
3379
2399
2106
2819
-1222
122
-629
-2329
-1945
469
2511
1805
-410
-375
2055
-1663
-968
184
-137
-2566
-87
1391
-3712
-552
1345
1252
1701
160
3040
86
-2113
-961
-859
-3650
-1606
2776
803
-32
702
-601
549
254
-1486
840
1575
50
-826
-1268
-540
-800
-1317
1062
1860
3098
3619
1781
-713
-2641
-2433
-2041
1465
2429
1959
199
-1713
477
533
-554
-906
276
1503
1036
1179
1206
-619
16
2108
-1076
-1137
345
1305
1721
-3851
-3742
-1678
-2156
363
1680
320
-947
714
-942
-3786
146
166
-1345
1062
-191
178
-372
-2219
-71
2283
-290
-492
2733
2597
2591
1313
-2528
-2297
-643
876
1082
2964
93
-2540
154
-1435
-3170
-1972
2211
2938
1211
354
298
786
443
1579
1043
210
-718
-2199
-1248
383
-1257
-2507
-2488
-994
1296
-26
422
403
1376
1548
1230
-1418
-1789
-319
-1547
-2573
-2378
-2212
-1434
-287
172
2522
2498
192
-504
63
-84
-58
1081
-1662
-2162
441
1346
642
2119
3029
-1198
-818
-1690
-295
1080
902
-1688
-645
682
607
1733
297
252
242
-1779
-3973
-1015
-2614
-2601
1447
3208
1205
-15
1034
990
4403
3082
-1108
-456
-354
-4431
-5563
-3417
-1937
-452
-1355
2094
4706
2836
-313
-1229
-708
-1951
286
578
-360
785
339
-2124
-1731
-2487
-3800
-891
1215
1429
2600
3292
741
-305
1125
2992
397
-348
-313
-71
-326
-4335
-2800
263
-60
-651
2982
-430
-710
2103
-69
417
3516
4298
-2973
-4681
-3597
-3075
-584
2334
867
-1517
-934
450
3672
1046
849
981
-1982
9
1389
-1373
-2985
-1436
-49
-1231
-2283
-1932
-1533
205
227
1222
2520
409
560
1724
413
657
640
765
-683
-2668
-1838
873
-659
226
2718
1301
-526
-986
-382
481
1225
972
330
-666
624
-599
-119
-873
-876
-327
-1851
516
274
-339
-471
694
486
2096
2496
3325
-11
-3750
-1075
947
333
-459
92
-798
1061
1752
-1325
-1889
679
1499
341
621
1386
4420
3586
-1312
-2334
-1128
-1656
240
-1127
-4923
222
2348
-1233
-380
1843
192
2639
740
-1461
965
227
-321
94
-1041
-73
3261
3092
-1680
-3043
-11
-3540
104
4559
1868
3136
1203
912
1482
-2494
-2433
-2147
-1102
1955
4292
1736
-1794
-1239
229
-1216
-870
1748
3209
3651
3
645
-94
1012
-3305
-2264
1487
205
-1698
-2823
-395
1652
3227
1421
1719
2322
785
-3172
-5685
-868
244
171
-1959
-1359
4549
3314
210
-584
-2991
-1575
1889
1055
1295
1268
471
267
208
-605
-475
1716
660
-268
-2145
-2599
-625
2143
-1662
-1291
1523
1623
1782
368
-1839
-1696
-559
-1206
124
147
-6
-235
-1629
482
194
644
562
893
2142
-3386
-3087
488
1703
2
-2952
-2411
1325
2896
-404
-2454
-1599
1039
1587
3076
1559
-1223
-76
-2103
-35
-674
142
382
136
2129
746
1914
-1695
-1694
440
2576
106
-1752
35
1714
1793
-2636
-657
-2865
-2023
2111
1096
-1946
-1525
2108
2534
133
-2178
-795
-397
-674
-1263
-2104
-2737
467
2881
92
-384
2579
3872
-961
-1889
-1458
1225
1024
-1289
476
1411
2982
2506
1451
-2350
-1068
-350
-931
253
629
1518
216
573
1469
1125
-1154
-655
-1348
-2686
-2176
120
363
-522
2016
1683
-1096
-1982
408
1068
-554
1057
834
1260
-533
-1568
253
-262
-328
-768
83
-2232
735
521
-786
-3246
-781
4294
0
-2756
-2069
1043
221
-907
-930
771
1556
2836
2616
-1324
-153
966
201
-1679
-2657
721
1055
1307
114
644
1711
94
-1065
-935
-2156
-1129
-518
-848
2319
2353
-747
-2019
1
1475
-164
-790
-194
243
-375
-1525
-858
-1321
-1934
968
-77
-1802
741
1107
-1992
-2526
1645
267
-447
1462
-1006
-1684
242
-1176
-2328
287
-1317
1419
4377
1089
350
2320
722
-1759
857
1352
1257
2506
123
-1602
-1029
217
448
-584
-3746
-1358
1770
717
756
96
-1510
-3236
873
1806
-1118
-925
1036
-413
-3593
-1583
1574
2393
-1145
55
1264
932
1908
1664
-2106
-2875
897
1691
-216
649
-1710
-2903
1730
1421
-1154
224
-1441
-1507
953
436
43
1683
919
-3117
-1256
1421
386
983
-1331
-1414
1607
1125
-1684
2247
2140
-205
-375
-724
626
1725
1147
-262
584
899
-360
1895
1117
-1672
-1633
-2995
-2743
-1148
-3063
-760
2176
2940
1559
1015
-1114
-2263
52
1633
360
513
1723
-13
870
110
-536
-1059
-3405
-2545
1356
2961
1772
1326
2004
-693
-1161
-801
-1310
-765
2100
2767
-354
-1238
-1352
38
-1800
-1398
-1152
1208
465
1380
1148
-1411
-1401
-12
2298
357
-984
-763
247
52
-2307
-1869
-2371
42
851
1775
1221
908
3402
2413
2212
-2218
-5315
-3480
516
83
-739
1180
137
-815
-457
79
-479
-277
753
1385
1922
1159
1655
2626
-375
-2106
-2063
-670
46
2263
1273
328
-1988
-3410
373
662
-1427
-631
1614
1155
1721
1917
-32
539
141
-707
-886
-380
-1659
-2292
462
931
1710
4134
2125
-431
-1040
641
343
334
-1124
-1318
744
-933
-1759
-2077
-1158
-690
-314
996
376
263
710
1548
964
1311
1205
-1473
-2004
11
-639
-861
438
482
-277
529
1324
520
726
1295
-491
-920
1056
-293
-487
637
2379
2007
-563
-1741
-1674
-819
-31
651
189
-331
685
1917
2240
2564
-217
-1168
-1053
-720
-351
646
753
-404
-1912
-2213
-874
-400
-1405
-612
815
887
13
-1654
862
2257
1593
1745
-2001
-3891
-2525
95
1833
1292
368
-303
613
857
823
163
546
-737
518
3091
913
24
-526
1049
-464
1524
576
-2148
-3009
-1779
345
-187
1513
-283
359
476
2047
2828
818
-611
-1498
-1896
-3226
-1618
-378
96
884
295
-753
-2024
-692
-1165
-619
-268
1039
1944
1328
1309
-2006
355
-622
-1363
-1074
-237
841
-209
780
1150
1193
227
518
-1417
25
473
-1241
574
1630
2013
-673
-1580
-1102
758
1154
-103
278
-882
1003
1004
2292
1586
950
-517
-1834
-381
-2345
-1738
-753
-938
-468
566
1400
837
-1162
-2143
806
1802
-83
767
-344
-860
171
1603
51
86
-1678
-3437
-1755
-1911
-1922
-1136
142
-381
877
455
572
1272
-69
95
1088
-830
-2217
1394
2749
2108
1761
2729
2254
549
-465
-1990
818
2271
1712
1254
626
1383
751
-1042
-3042
-1594
-2601
-3559
-2994
-1426
-234
-944
1977
474
-82
-862
-260
1524
337
-1039
-815
726
-122
1250
830
-436
774
-400
-942
-1881
-638
-420
-527
39
21
-277
734
-432
-1659
-721
-451
691
152
50
1227
2049
496
-703
228
620
807
415
-251
-1190
842
1007
-728
-1384
-982
918
-297
-1567
-1052
-504
18
62
203
344
1509
1037
-559
-281
2117
879
204
748
525
341
36
-674
-482
973
512
-197
-2761
-2318
-2014
-1152
-1358
-852
-388
-773
794
1063
142
-1567
946
2145
2147
-83
-28
971
-517
-677
91
462
448
2075
1989
-78
-940
-36
-408
-923
-288
-532
-133
-581
-707
-530
-911
-1025
-155
351
-143
204
664
978
1289
1459
430
37
1213
-371
-523
-1031
-2145
-1266
-1577
-1913
-1217
20
-149
1116
1428
518
377
-246
-1060
151
781
323
262
565
328
1125
1593
-134
382
1092
818
-87
177
-1045
-553
186
780
1172
176
-87
-171
-552
-1930
-1436
-1663
-1863
-1304
-149
-1019
-57
295
1197
2059
1531
1492
421
1024
-750
-242
-311
-717
-1024
-598
-85
290
437
-669
900
864
634
22
-408
-17
235
-433
-746
-251
-28
-1024
-2341
-1587
-431
113
1032
1114
1345
1352
1575
2276
1938
973
-511
253
-81
-542
522
560
251
-104
323
151
767
570
321
1208
1179
-144
-1177
-758
-821
-982
-1034
-1022
-557
-497
-84
-483
-612
303
990
830
506
787
174
294
-386
-256
295
1016
-33
-815
279
183
233
1
47
302
842
1047
1024
300
512
1019
472
735
706
261
-1286
-1958
-1428
-925
-1050
-1100
-300
-423
-602
-600
250
-349
-566
919
1683
1539
1182
961
742
1047
844
687
268
-63
-67
403
46
-292
-82
-246
-103
341
320
16
250
82
-300
263
-352
-248
-391
-626
-1341
-1075
2
-387
47
89
-26
363
150
-7
36
200
-48
536
72
228
1455
1050
748
927
642
-273
-343
-405
-118
501
80
-127
1037
1249
258
-219
-960
-1449
-942
-841
-725
-438
-340
86
305
-585
-511
79
417
49
-151
-672
-1301
-385
-848
-798
-367
293
214
17
537
296
556
336
953
1043
637
567
475
737
224
623
-572
-499
-195
-89
-417
-361
-372
-681
-52
-569
-9
204
211
16
235
370
-48
38
-135
-401
-20
-36
-392
-151
251
524
-2
-715
-369
-43
420
14
-110
-430
-306
-242
-621
-728
-681
-357
-717
-634
-771
-634
-862
-1432
-1235
-518
128
371
372
154
10
-103
-387
-566
-794
-280
173
387
769
864
444
-192
-170
35
454
256
582
565
616
1134
1329
657
-68
-163
-224
-419
-1072
-934
-354
-643
-567
-46
656
369
393
458
-359
-556
-181
5
-95
-104
-240
-57
-440
-226
-206
-128
-729
-969
-198
176
67
209
621
446
730
264
256
59
-158
-246
-788
-879
-430
347
-36
239
342
519
73
68
406
-120
-336
-852
-399
-328
-115
-73
-449
-591
-602
-26
69
321
617
1003
1031
821
790
223
-112
-326
-106
-236
-239
-249
-298
-122
-66
318
257
19
324
654
557
638
539
72
-418
-382
-590
-700
-521
-856
-720
-733
-514
-101
-45
-196
-148
285
234
357
601
840
506
556
424
111
54
-148
-154
-653
-545
-230
-211
-444
-397
-97
-211
-74
-16
-47
18
80
-17
-120
-284
-319
-66
-372
-387
-336
-590
-454
-376
-131
90
67
245
294
294
459
170
101
113
360
385
614
677
501
423
242
69
-103
285
326
348
148
28
186
-40
-12
-182
-166
-119
-133
-177
-8
49
-57
-154
-77
71
-225
-140
-69
-41
222
462
196
146
50
-1
-3
-213
-115
-207
188
226
358
386
-132
-70
-332
-198
204
417
434
435
387
248
20
-112
23
-43
4
22
283
407
250
277
243
204
154
427
276
-233
-278
-99
71
268
479
336
304
362
297
110
120
-12
-41
-77
-137
-68
-9
-54
19
121
240
57
-244
-306
-453
-366
-386
-298
-102
-59
-97
-12
65
164
116
-135
-78
12
165
264
402
353
275
338
298
286
202
221
161
274
119
219
190
-229
-138
-115
42
5
8
138
163
72
77
-45
-154
-76
93
-66
-289
-246
-110
286
500
333
306
452
530
426
275
102
145
96
-40
103
-15
29
104
321
129
-229
-117
68
315
272
148
161
135
85
121
81
-115
-246
-405
-285
-260
-83
-8
128
202
119
93
85
47
-201
-139
-103
-23
-49
-23
-22
79
-151
-272
6
147
59
-60
-8
-170
-235
-141
-110
-229
-320
-230
-293
-193
-248
-151
-73
-196
-155
-326
-220
-64
22
-9
11
42
-2
163
173
-35
-111
174
43
-42
-85
-257
-239
-81
108
200
417
363
306
148
-46
-102
199
170
-2
248
363
212
77
83
-167
-241
-213
17
206
114
12
-72
58
-155
-161
-351
-554
-566
-589
-479
-438
-385
-397
-201
-123
-281
-135
-4
-22
-90
50
7
-37
80
17
-69
-238
-504
-466
-471
-430
-184
-30
5
-63
-87
-195
-166
-284
-307
-121
97
220
36
91
103
16
-43
-27
74
186
344
492
424
241
191
103
-67
-306
-206
-96
-124
-61
-35
-117
-102
-29
75
112
-128
-365
-393
-356
-257
-200
-142
-326
-206
-22
63
170
103
165
-88
-141
-131
34
101
19
2
-108
-267
-355
-161
-341
-253
-128
-129
76
72
36
196
-34
-98
-27
8
-23
-7
170
99
-7
-40
162
18
46
14
4
54
30
231
122
55
-48
120
57
4
57
-88
-12
138
54
-59
-129
-296
-282
142
-20
-59
5
-102
-163
-260
-302
-325
-502
-103
-10
43
-206
-294
-24
19
-52
367
400
73
161
221
416
189
230
188
152
278
135
191
179
230
274
223
422
474
245
191
168
-23
5
218
-175
-427
-117
-137
-497
-669
-39
39
50
126
-87
-29
-41
-315
-462
-346
-105
-81
-162
-507
-211
-357
-186
-51
-294
-142
299
456
222
442
55
-143
-9
349
277
-233
72
-19
36
60
299
244
113
261
-148
-425
-327
-46
-520
-455
29
-104
-265
-214
-138
-104
240
387
527
703
682
466
430
106
-180
-131
-188
-412
-197
49
-314
-110
-39
-235
-16
167
195
178
38
-141
-20
-317
-189
106
-344
-461
-122
-131
-565
-462
-181
-169
167
289
181
-93
-452
-517
-162
-512
-605
254
639
360
567
772
307
172
210
402
509
364
718
539
102
121
609
196
-338
-341
-263
-257
-351
-76
-141
21
-73
391
608
9
-69
491
685
590
266
285
572
601
583
404
432
-303
119
34
-465
-74
-154
-699
-960
-510
-368
13
-216
-187
128
-175
-479
-142
162
-241
-48
324
145
292
315
316
87
112
203
31
186
-191
-21
-254
-473
-234
174
-213
-334
-34
166
674
547
398
580
833
1091
1144
609
172
449
617
199
277
602
445
69
-12
142
-84
-11
-22
-308
-619
-358
-377
-404
-642
-547
-303
-419
210
416
233
-97
301
266
-262
-358
-279
-373
-574
-504
-504
-426
-450
-220
192
310
94
-89
-170
241
389
133
11
189
416
94
182
303
607
295
480
770
1028
909
-5
-2
-89
532
481
74
-927
-966
-420
-697
-841
-1420
-943
-638
-326
-236
-252
-434
-975
-192
-28
-421
-550
-97
-532
-428
272
-199
-367
-271
-455
-317
-281
-482
16
66
-275
277
123
-17
373
178
-117
493
155
68
499
100
675
766
-73
288
237
0
41
453
252
-492
7
-146
336
200
74
-626
-967
-297
-478
-344
-816
-478
-667
-539
-29
183
115
-686
2
210
439
-11
-181
-497
-228
-449
-764
-10
-90
105
-190
37
214
208
427
640
741
-214
106
590
243
128
416
-96
-339
233
194
-248
-390
-191
584
185
-110
-95
536
2
-412
-57
-419
42
-25
226
252
541
151
398
867
281
87
43
-275
-848
-410
-560
-635
-547
-919
-145
-660
-551
-478
89
309
77
329
-209
-547
-741
-757
-699
-686
-720
-638
-178
-356
-157
500
387
183
195
759
980
1095
885
200
-176
-539
-226
454
614
882
-106
419
947
912
805
299
108
-466
-46
-62
-82
-233
-279
-88
-523
-225
-740
-951
-1489
-1119
-966
-925
-610
-438
-458
-871
-641
-355
235
-311
-764
-589
-260
-18
-442
-130
-212
217
338
350
538
151
369
466
768
123
595
652
274
408
275
119
238
51
-195
45
705
523
539
785
-48
416
776
317
8
-661
-1053
-346
439
-151
363
141
-528
185
-191
-153
201
-103
-1141
-375
699
-184
-522
-460
-206
-91
404
-137
-555
-296
-623
76
260
443
58
-133
821
1744
1028
-413
174
-15
120
545
582
18
77
1093
631
718
233
461
716
-62
14
325
146
445
776
-212
-269
818
565
374
147
-673
-95
425
-272
-521
-136
-73
71
-509
-757
-294
-127
-555
-212
172
-751
70
382
41
32
634
494
-311
-95
350
233
-807
-618
791
373
-819
-52
857
708
58
228
-19
-641
-324
409
403
-40
848
812
320
74
-91
565
264
-359
-293
366
-668
-63
447
-327
199
919
546
-329
-490
-1001
453
-167
-1090
53
528
-169
-1163
-482
-625
-416
-871
-953
-584
-254
-183
53
-484
-295
981
306
108
-363
-47
40
303
1086
469
828
865
788
1144
923
333
-144
93
382
968
16
40
-20
209
64
162
158
-438
326
-63
64
307
-9
563
835
1082
442
198
400
-493
-456
-500
-371
-496
-384
-664
-188
-414
-849
109
-634
-559
-232
-117
-299
-163
226
952
1549
1193
-85
254
976
266
426
-245
-194
549
574
305
190
122
430
47
354
94
-520
-341
579
826
-132
255
-4
179
-219
617
661
-343
196
-163
951
1592
769
-87
-204
45
-391
-978
-1539
-897
-49
200
-230
-639
-1222
-1161
-942
-1318
-1119
-835
-1198
-540
527
40
310
796
695
786
592
113
7
-5
307
956
254
-563
339
40
-684
-856
-1269
-934
111
-720
-348
11
791
613
460
728
-298
422
303
293
-1000
-289
958
921
838
708
-53
-1130
-255
-273
-883
-1160
-526
-697
-1687
-1505
-502
-628
-1402
-728
-367
361
35
-166
-33
676
1543
395
358
-739
-994
-160
-354
-536
-728
-571
-866
656
352
885
1139
477
298
-335
-1912
-1202
1169
56
-378
-303
924
1244
1074
-276
429
1956
-45
-28
1362
1150
-180
59
-575
-1931
-650
-1220
-551
-876
-1454
-1061
201
62
11
1517
723
-574
-1328
-237
-811
-749
-1069
-455
1027
442
-105
-379
-485
-1126
-170
167
521
529
359
423
-437
-424
113
1088
-77
-146
955
953
158
32
1531
842
724
1146
1428
517
-1658
-1153
-1183
-1586
-522
482
677
-276
-1593
-1865
-628
-886
-1037
-298
-485
-733
314
-97
-414
-123
-524
929
1562
1684
-204
112
460
-870
-338
-269
-735
-1244
-1597
-2327
-1345
7
-267
223
1351
418
784
1759
274
-997
-1003
5
1252
1203
365
-126
140
-267
1176
1529
1442
1338
680
-102
-1463
-796
-390
-1394
-795
187
-854
-593
-858
-456
708
54
1546
2346
371
-657
372
-729
-1085
552
-315
-418
-117
-1754
-2528
814
1325
-1522
-852
899
197
-437
-617
-704
1236
1836
995
1488
-488
-570
122
-438
-664
659
-364
-203
629
792
493
-1335
-294
1724
802
754
638
-1037
-1323
203
920
1550
635
-470
-122
212
-326
-776
428
-150
23
617
1362
863
-1161
-553
1180
1169
77
-102
-1111
-1791
-857
938
236
-490
941
967
242
-515
-520
961
198
-1959
403
2653
735
-717
-1047
7
739
454
822
-12
644
656
363
406
-485
-914
1098
1881
326
-1984
-1470
125
-301
870
254
164
570
219
-117
-834
-903
221
1529
1288
-65
-133
-366
-1453
-1266
-303
-1060
-815
-551
-32
1441
1148
191
1059
1173
-608
126
1512
338
-160
873
1161
-1519
-1014
457
11
-928
-544
259
-1172
-2352
-1304
1019
2070
666
349
1974
1188
233
-818
-456
-246
-92
680
-396
-518
-144
-637
-398
100
-94
-843
-968
-191
103
-1014
-1154
174
882
-484
-575
861
664
-215
-837
-152
1821
1631
51
126
899
-108
-1041
-150
691
1744
685
-578
685
1219
252
-1733
411
1508
60
502
-1410
-447
-62
-1187
580
-74
-721
-916
-903
-1011
-571
891
557
325
519
1113
713
-558
103
1681
506
-993
396
142
-1213
-938
-51
870
-821
-1760
-1056
484
-285
-850
179
443
206
178
86
531
1305
470
981
164
-190
-795
-884
232
-124
-449
-995
594
23
441
1106
1015
1830
2225
1295
-898
45
-194
1885
789
-2145
-1013
136
-654
-1987
83
-526
-837
-2088
-1785
-103
482
1247
350
814
603
2050
1271
549
-536
-501
1160
-485
-613
-1363
-309
-698
-817
-146
-1276
-1727
-1335
189
-400
809
647
1198
241
62
434
926
722
-131
1266
-510
-369
171
-218
-164
-598
-460
608
392
-1206
285
467
548
1133
301
187
271
1289
-789
-1291
-616
-1011
-421
-525
-445
-222
300
-1410
-340
344
505
338
-669
-121
1048
878
403
1391
113
-870
177
33
-1619
-2282
501
-598
-2114
-2178
-2077
-420
-550
549
-384
6
-159
926
1537
1207
3220
2092
2197
-628
194
104
-640
-96
-2467
-1207
427
-317
-823
208
-119
488
87
-531
594
-377
627
858
256
677
155
442
-715
-773
74
900
-1558
-2433
-734
37
129
-534
-64
-573
-946
111
-352
-1039
75
791
1414
415
-92
356
395
-1197
-1084
129
-873
-976
-517
412
-34
-614
872
1624
657
-976
925
-1083
-1810
1703
732
127
-349
583
1159
-326
-1871
-1065
2084
917
-1298
-923
715
259
-12
-113
556
96
-137
64
-471
-214
377
-37
-1739
-766
-265
-636
-373
-689
-1118
-419
1083
1207
2226
1137
-312
-841
-1267
-854
2131
1273
-1081
-659
271
64
576
-403
-1434
-627
-1561
-1441
-159
-280
-124
862
297
674
2036
885
101
-609
-1386
-141
2371
631
-1373
956
1842
433
-240
-427
-959
-1685
-2326
-1104
807
-135
-1175
-1100
449
-13
1068
362
40
-516
-989
-964
-434
935
1581
897
984
1282
1695
1001
-933
96
-348
-741
500
-412
-1416
-2442
-1820
-121
252
-154
-1281
160
303
-634
1233
2588
1761
275
352
1403
1235
-26
376
-446
-1664
72
2073
-153
727
748
280
1653
562
734
962
-966
-2624
-2670
-1670
-835
-530
-1658
-883
1273
738
834
318
166
1300
495
-548
601
1765
406
-636
-648
-292
1914
1652
-2223
-1051
983
361
511
279
-807
-1155
-701
-718
-1406
-1229
-655
-208
-1505
-658
1877
1924
1535
767
1018
1817
2404
562
-1097
1236
1662
224
921
1276
1592
1478
-1095
-560
829
-718
-2208
-1120
-162
-251
-162
-1416
-483
1200
402
1230
426
528
971
-1323
-1895
1563
2118
-829
-1682
-1340
-513
374
-437
-963
1338
2197
1475
1188
844
-422
-838
-2257
-2568
-563
-349
-161
44
-1585
-104
2121
721
-91
2218
2174
1292
1457
-150
115
1081
1699
798
68
1220
258
-496
-1148
-876
1101
202
-2085
-1276
-241
-201
-1481
-1529
-469
798
1015
1989
1292
-15
198
1414
411
-1909
-797
-165
-662
-1236
-509
130
-546
-910
822
820
255
1327
-16
-866
-865
130
-1201
-2186
-503
-369
-534
-2165
-530
479
-181
-502
1162
1438
1862
1412
-219
588
1040
646
810
1732
-591
-701
-484
-1003
711
-597
-1491
-195
-100
-1788
-611
-4
-1123
1173
1986
303
1379
1259
-1686
-1241
-753
-2551
-900
1115
586
-210
-103
429
1409
-278
-1564
524
273
-1822
228
-150
-1771
845
183
-2016
-1208
-64
102
-1216
-1511
783
2649
397
-341
2417
2244
-107
-266
-1909
-163
1718
-867
-520
1568
1098
-1336
-391
4
10
360
-1725
-2013
-1450
-1508
-536
-376
-1672
15
1515
-49
-947
-82
-42
417
-395
-1352
655
2004
700
548
923
147
-227
245
-2418
-1329
48
768
-92
294
-949
-1
877
-2010
-154
524
-1181
-258
-185
-243
1844
2897
607
905
285
705
-199
-2222
-1552
1830
1483
-669
1038
148
-389
1339
428
-1689
-829
-458
-661
-764
-1312
-77
1919
278
-1820
-1648
-116
1237
-149
-878
1200
1089
136
2312
513
-2366
-116
-394
-1160
-933
-685
-981
-498
-441
-1169
943
1602
1432
-49
-1107
-44
1267
-15
-666
1255
443
-149
610
599
78
668
-137
-13
-8
-304
868
-602
-1654
995
1351
-555
-1026
-467
-615
1026
1688
-1024
-1972
1145
2567
282
-1457
-485
1314
-894
-1979
-132
1494
604
572
894
479
-457
-908
-16
-935
-2545
-1350
553
932
1717
1416
-1460
-1466
1418
1411
-829
-882
868
1378
-946
-2037
-51
1873
80
-203
904
-1066
-2301
-1622
1956
3234
1673
-360
-12
131
-419
-437
-1994
-1274
872
2368
-1854
-2184
43
1436
1796
-476
-1846
-935
2880
2077
-1019
-2048
185
2206
573
-363
643
-238
-1529
-1430
-1063
-858
-1428
-1154
-621
-268
-2358
-1424
1192
947
1185
994
1568
1239
1666
759
-420
429
1348
-108
-794
-1083
-1449
-227
-1148
-242
532
-1397
-1336
1769
2989
657
234
521
1048
401
-624
-40
-730
-1179
-825
-196
-2418
-1638
9
931
1314
734
723
1581
1900
253
756
918
1427
916
-505
-453
-124
-1538
-1066
-874
-762
184
-2218
-1950
486
651
21
567
2689
3269
1974
37
-525
970
-146
-1115
346
771
-564
-674
-577
-371
-194
-737
-351
-537
-570
-1403
-642
-12
3722
4276
1162
-471
598
1865
-1063
-238
-1478
-304
675
-539
-1340
-1966
-714
-905
421
-292
42
406
1596
811
494
509
413
1542
1385
-363
-2434
-1764
-2000
-2883
-753
1712
2101
705
45
2288
204
-190
1954
2373
13
-946
93
-63
729
1484
1303
61
-1736
-1938
-1151
-671
-447
1260
1063
-2788
-2243
-278
675
1092
270
1901
948
665
805
1505
1839
2284
2035
-795
-2367
-1349
203
-190
-579
-624
28
-404
451
671
-208
-533
-24
2970
614
532
846
835
60
-423
-1156
-2714
-1363
110
350
-378
-69
1390
2481
1708
755
1211
502
283
84
207
-880
144
1776
308
96
-1484
-1213
-1504
-1184
512
-261
544
329
1230
154
-763
804
1987
232
-2067
-2343
-535
1466
1961
865
-298
146
-597
-657
78
-1544
-567
67
-445
-238
299
1561
264
-458
-757
-1252
-504
-1030
1116
2476
2174
1660
538
71
-637
-463
-926
-2120
-2273
-1676
-317
-88
625
408
-869
-1835
-423
-54
-651
-347
-760
1052
1577
1014
460
-1447
-144
238
-942
-1141
-881
-255
-96
851
785
-82
-1110
-1746
-2333
-2442
-2627
-1391
-480
608
2350
1592
1367
697
1332
39
-1701
-1402
-1615
-1340
-747
170
599
80
98
1116
-227
-764
-539
-1099
-1454
-781
1104
1636
1578
797
-104
-465
-1424
-514
-852
-2614
-1892
718
-133
-130
930
1709
2558
2341
465
-2193
-2902
-3037
-1737
857
804
-589
64
-988
-235
1152
-532
-1443
-1031
-72
307
735
-609
-406
577
187
-398
-2222
-2173
-924
1346
228
-194
188
209
1028
170
106
-158
552
-115
-768
-532
454
305
429
1078
-135
461
-324
-1989
-3036
-2087
-530
580
1251
806
851
219
-648
299
36
655
507
-124
617
342
-22
524
792
889
1068
172
-374
-990
-1341
-775
-1493
-693
397
1274
2112
-106
261
1146
701
1133
997
-366
-1393
228
-68
-789
-1535
-725
6
-466
157
-257
129
164
-571
-620
-241
651
856
920
446
-363
-337
-35
606
553
-363
-150
200
91
707
-542
141
1126
755
1305
1239
8
-1149
-301
380
1736
2069
408
-1330
-753
-1273
-1270
787
-207
-906
710
937
-300
177
-169
-940
709
1668
1837
1560
574
314
932
241
807
1290
287
81
-33
75
-1203
-498
-391
-1229
-716
-448
335
-260
-1124
-610
145
930
290
220
1373
2133
2201
1005
-238
73
542
118
-120
-788
-1464
-694
90
-27
825
364
538
1000
949
310
-288
227
-1064
-856
-591
-825
474
1284
722
99
760
609
174
1068
1268
1004
1335
679
264
-789
-1892
-1329
-946
-860
-298
201
823
973
1116
-643
-907
432
944
920
469
704
820
845
-4
689
695
-64
472
470
-468
-581
117
-135
-858
-39
176
367
273
-194
-1062
-1513
-1925
-1170
-740
-1432
529
1068
771
2069
2528
825
4
-203
17
-25
130
153
-1041
-550
-287
-777
-1354
-1151
-359
115
-277
-893
-1229
-1435
-479
-60
-21
265
1403
1613
1514
1074
-151
517
1008
407
301
911
-371
-1986
-1716
-1515
-1400
-688
504
1187
1154
659
-376
-778
-792
-898
-667
-232
-464
230
473
51
-113
527
505
941
1750
509
140
28
625
643
-634
-1087
-940
-216
-80
-511
-33
-692
-1930
-2305
-1792
-469
344
303
234
-635
-940
586
1312
815
1037
1127
46
319
291
405
270
-233
634
431
294
41
-302
-113
-77
-308
-290
-157
-467
-705
-615
-1311
-1768
-1062
101
1318
945
876
1149
598
1036
2180
1648
297
395
615
528
-403
-1486
-1738
-1005
-138
-313
-535
-455
72
463
-742
-1061
364
666
215
-646
-951
-524
-1427
-2271
-1733
-1529
-641
935
1705
1272
1637
808
128
-118
-209
754
487
-85
-287
132
-369
-614
-138
-813
-1034
-1172
-733
-498
-49
-66
492
374
-427
-71
-1260
-1086
281
961
1116
560
-289
-97
-552
-1140
483
540
88
-502
-988
-398
-350
335
623
552
51
-321
-1437
-677
132
693
58
-419
-132
-405
126
530
1775
1586
886
188
-452
479
832
135
-419
-315
-481
-467
-410
-811
20
136
-205
-469
-1592
-930
358
160
-95
178
223
1142
146
-969
200
29
443
258
-101
-51
-127
107
-172
455
255
31
-365
-336
198
181
-34
-897
-1545
-1033
-46
-216
58
112
-136
610
805
1242
1215
1663
1000
-1323
-370
145
428
722
-331
-302
317
611
44
-522
-609
-369
-10
314
-188
-683
156
-324
-429
-22
174
605
0
-207
-431
-351
123
-215
132
608
414
204
101
267
319
-13
479
605
-150
126
-227
-704
263
-204
-204
-340
-688
-1
399
-141
-157
1202
1331
148
-479
128
1116
790
375
415
-465
-379
106
909
1207
791
72
-650
-1037
-528
152
-214
-794
-855
372
217
-343
408
693
916
-5
-261
-46
382
889
1432
1059
307
51
22
-658
-1357
-475
-344
-609
-466
-110
69
-424
-756
90
701
56
15
-448
-646
-494
16
330
138
-67
-536
-217
-24
366
294
-554
-1242
-489
222
353
494
392
726
164
-247
275
1222
886
617
334
-1053
-498
364
1134
455
-543
-219
-1016
-674
22
237
708
-193
-587
29
88
474
522
337
-192
-803
-51
500
788
515
-556
-454
122
435
503
276
104
462
587
395
35
-406
264
176
34
210
-323
-744
-866
-409
-114
122
414
353
63
125
240
-615
-657
-425
-427
-373
-303
-142
-302
-403
-617
-77
548
963
1181
817
449
368
518
476
381
306
-112
-602
-1157
-1181
-972
-417
431
610
528
283
-78
309
362
-48
540
0
-442
28
33
44
-217
-213
-187
-243
-414
-589
-255
-314
-254
155
288
-100
-115
-55
-926
-1094
-449
-63
-252
-200
-319
-85
116
216
468
254
-225
-626
-403
278
724
799
560
-265
-539
-399
40
-30
-292
-533
-283
341
633
577
331
71
-174
-249
-357
-325
-397
-170
-499
-387
-324
51
780
391
376
747
455
188
795
778
327
159
-21
-190
116
-241
-606
-463
-537
-912
-743
-396
59
468
187
139
87
2
218
338
235
509
402
550
585
212
-181
-189
-328
-326
-144
-31
94
-131
-55
185
440
313
289
5
48
260
256
212
-177
-262
-126
-2
82
347
399
-16
-303
-319
318
587
428
266
239
470
632
341
-98
-58
-99
-62
-142
-181
156
171
258
140
-149
-543
-862
-400
-131
167
203
-307
-224
-206
-424
-414
-515
-165
103
-16
363
-389
539
766
325
-26
865
2069
-1448
-656
607
-462
633
-547
-1313
-187
-458
-179
-776
-616
481
-292
247
1112
351
32
-976
-1375
-540
70
343
-134
-630
-954
-731
-296
-438
3
232
-88
183
6
-361
-62
-807
-707
-157
-213
560
303
536
-50
-153
398
-179
67
-226
-170
-188
-593
-847
-1013
-1401
-755
-391
-269
550
495
412
296
-15
1
206
315
-140
-18
154
-340
-714
-440
91
235
34
-160
-20
130
164
143
392
542
364
-108
-421
57
240
61
-101
18
444
435
82
-99
15
52
-169
-42
69
-30
-475
-1003
-824
-410
54
287
98
-139
76
81
42
343
505
312
-119
-519
-215
148
-275
-624
-784
-437
268
482
579
657
482
214
-44
-44
240
311
-246
-604
-477
-197
-65
-49
194
174
146
3
-76
304
370
104
25
312
257
348
290
158
104
209
308
32
50
231
396
316
227
317
247
166
190
195
213
149
-7
-110
-79
-229
-452
-447
-444
-397
-336
-167
132
465
429
301
137
-102
163
410
393
113
-196
-368
1
226
258
474
271
16
191
472
521
651
560
415
328
242
114
235
295
14
-98
-98
179
605
633
495
228
59
169
302
313
254
109
-18
-69
-145
-38
13
239
-156
-216
45
157
351
332
278
-165
-240
187
388
366
-13
-226
33
262
293
223
122
-92
-53
-152
-82
-16
-164
-79
-185
0
303
132
-67
-285
-301
-119
-41
40
86
36
-67
-158
97
510
608
376
212
100
173
166
74
90
-142
-375
-310
-174
-144
-161
-297
-320
-160
184
286
73
-122
-34
-106
-78
-50
-147
-208
-341
-134
70
61
-88
-120
81
135
228
192
234
258
162
153
179
436
558
393
99
-105
-71
8
189
301
236
-7
-107
55
178
53
-210
-311
-170
-130
-102
-12
-69
-145
-45
-29
-158
-215
-258
-384
-545
-373
-307
-244
-130
-144
-184
-285
-317
-101
229
120
-95
-145
-118
-103
-190
-137
-269
-202
-57
-72
-68
-144
52
16
117
253
251
86
-169
-115
-93
-76
-35
182
256
216
115
24
138
93
-94
-259
-342
-185
-5
-16
-125
-278
-226
-223
-373
-295
-124
-161
-326
-278
6
25
-68
-112
-117
-158
-224
-174
-154
-62
103
153
-170
-194
102
204
-69
-266
-228
-106
-95
-44
70
5
97
184
238
194
131
86
-203
-220
-112
70
111
-178
-435
-405
-87
0
192
367
112
-340
-465
-413
-350
-40
69
-216
-580
-602
-482
-306
-209
-186
-241
-316
-410
-162
230
204
156
62
90
147
273
171
87
170
234
-342
-564
-324
-50
140
-59
-67
-10
168
133
170
173
162
73
-329
-288
204
249
171
179
88
106
195
137
39
190
363
165
-95
-110
53
120
223
-170
-279
-363
-474
-361
-177
76
154
83
-91
-17
39
245
385
127
-185
-323
-410
-334
3
180
202
149
42
66
181
269
55
-66
-60
163
185
-2
-124
-9
382
407
233
369
495
336
219
183
222
154
28
-212
-350
-156
272
188
80
-21
-359
-274
-158
-68
11
-30
-304
-334
-113
154
134
219
-118
-438
-129
-106
7
-113
-167
-216
-216
-151
37
106
175
137
69
107
-172
67
302
405
175
188
268
407
433
294
257
420
283
320
189
86
192
361
99
175
344
-72
-397
-415
-375
-325
-283
-433
-649
-439
-302
-602
-478
-273
-567
-638
-487
-636
-339
-118
-447
-530
-433
-9
442
307
-10
147
80
-360
-563
-390
-82
-363
-450
-97
-38
133
348
19
-176
153
202
-189
-322
426
327
11
130
106
104
379
26
-188
-3
-130
231
347
385
562
692
457
314
456
76
63
76
-599
-597
-8
61
92
311
490
557
447
349
123
104
-260
-292
-55
-217
-275
-27
-270
-66
402
494
132
-155
264
246
-119
207
121
109
420
206
53
-358
-305
-242
-538
-207
-29
145
116
-87
86
595
225
6
-112
-161
-105
-1
-7
-29
268
674
788
557
367
91
-134
-174
7
5
-137
-273
-334
88
288
403
325
333
269
-36
-213
-154
-149
155
416
214
171
462
62
-205
-858
-405
257
-438
-169
108
-174
120
233
-546
-614
-281
-414
-538
-223
117
-178
-57
-151
-44
-92
-39
-256
-103
39
217
321
91
266
517
241
-407
-516
-863
-419
-305
-396
53
-20
-63
49
-200
-256
158
423
401
397
564
294
99
-123
182
520
-178
-315
-152
-398
127
204
168
183
351
-95
-909
-1028
-720
-681
-779
-744
-421
156
163
429
-74
-176
360
107
217
877
576
172
333
-418
-757
-350
-609
-871
-433
259
-401
-97
180
-158
349
889
685
705
552
342
206
-71
-18
538
537
536
815
290
90
-79
13
628
941
777
487
481
242
208
428
377
491
696
702
681
767
457
397
670
96
206
1014
667
526
569
-84
-255
-401
-606
-199
-318
-453
-156
-434
-175
1157
-677
-3274
-441
144
-221
-649
-1573
374
-1387
-1679
-404
-1582
-177
981
-416
-1002
-578
2083
787
-1576
314
354
478
1025
1586
467
271
534
835
921
65
75
853
609
650
943
-122
-282
384
335
424
620
-376
-1217
-749
-672
-439
816
643
-518
-261
12
-1814
269
-521
-1153
-641
-818
-873
-919
-322
-349
177
-161
-343
-666
-1145
-607
-343
-445
-683
-352
-32
238
1153
796
34
82
-261
-761
377
254
103
314
-275
-230
331
-207
-524
231
-131
-776
-1145
-512
-252
-107
93
469
415
335
967
166
-10
-34
-102
-2
-631
-493
220
-461
-225
320
260
-405
-261
-131
-425
-434
-379
-596
-600
-292
-73
247
-500
-213
210
-208
302
770
431
672
967
776
647
527
960
886
382
330
583
947
74
501
-35
-620
-716
-690
-552
-103
-379
-67
-66
-764
-408
-918
-924
-732
-877
-1439
-735
-321
410
483
647
1440
558
1044
491
631
1004
710
1015
1007
445
517
539
-83
683
97
-253
179
-263
354
554
-176
-542
-147
-463
-959
-1736
-2144
-1938
-927
-687
-852
327
-77
265
-89
-507
-1119
-1482
-546
-309
155
1151
1714
1309
559
825
1136
270
338
854
343
587
829
-212
116
7
-497
336
158
-988
-530
-655
-405
142
987
2088
2078
832
-170
-466
-1960
-1526
-897
-740
-654
123
832
-945
-1213
-779
-448
-663
-922
-451
-514
-315
60
751
341
173
914
1151
1399
1654
843
191
255
304
977
306
-126
192
-565
-1349
-1026
-1605
-941
-254
-166
-654
-1355
-1334
-1189
-1013
-1146
-113
917
773
595
-899
-707
1227
1042
713
625
2140
1749
638
-596
236
1699
1713
1412
624
193
-849
-225
-344
131
315
509
-256
-882
-333
-966
-1198
-2157
-1188
22
-358
117
214
-425
-759
-479
-135
-315
478
1097
1053
289
135
685
1507
501
634
1115
727
1081
62
525
1054
789
413
43
-378
-771
-829
-724
-1435
-1194
-3
-64
-394
-1063
-866
-69
-74
241
951
863
420
855
1168
749
514
-151
-1155
-918
85
-588
-1001
-262
255
-967
-874
716
578
240
-657
-449
-453
-668
-600
-307
788
988
1633
844
-666
263
1058
-250
-833
513
1530
198
-1209
-1528
-2820
-683
448
-867
-683
292
884
-964
-1957
-375
158
-371
317
644
747
456
1313
1089
-303
838
547
-119
-430
105
488
-228
-1736
-1029
-686
-1462
-1621
-977
-626
-1046
702
1125
-709
51
1160
488
1024
1374
2400
780
-297
984
1043
1475
1439
1436
1360
58
-1150
-839
-642
-474
-249
-115
-391
-961
-208
-332
-404
-269
466
271
-382
-135
1137
1129
25
292
502
266
137
-673
-707
-567
-209
-622
-1361
-1918
-1828
1
432
674
1013
-233
-713
-246
-204
724
2393
2326
2342
1174
-173
-487
-538
-357
234
1163
1334
580
-96
-531
-1330
-1429
-1011
-593
-976
-1791
-719
407
-1269
-1295
-539
-242
297
2251
2674
899
1483
-51
42
526
2376
2416
1929
1135
-376
247
-749
-1361
-1569
-745
-473
2486
1462
-106
-159
-1495
-1895
-1730
347
-6
-8
401
163
150
118
581
1006
732
-204
-534
-538
-525
1509
2209
-295
-1185
-613
-1641
-2052
-545
-149
-710
-1243
-833
1043
2073
2133
655
-903
-1242
199
662
-527
195
1303
1115
-1176
-1053
545
-234
-266
-152
-502
-289
-346
123
-579
-455
1186
2545
-913
-3944
-1705
-1173
-585
1060
1161
748
1038
1621
-463
-1808
-44
1575
534
-571
487
1855
758
-2537
-1913
75
105
270
615
1162
661
166
-1104
-2874
-2436
-18
1361
-1260
-1608
288
-715
-1099
290
1041
620
375
334
-728
-477
1072
38
-871
-124
2019
2333
506
-1097
-1124
274
54
-1852
-1475
1193
2347
1274
375
-1320
-928
-27
-1026
-1544
-1301
244
219
-406
-334
-296
1954
-550
80
1202
343
-1290
-1413
562
591
864
-192
510
1907
553
-651
-2012
-1160
525
1371
-30
-1489
766
-544
-573
-813
-59
1597
1187
-116
-1777
-436
-764
846
1964
-1141
-958
1049
708
-198
748
-656
-2674
-349
1171
-1301
-1118
450
652
-672
1740
2078
353
1102
-1019
-1171
-1050
-518
511
874
1450
959
177
-193
-99
-1431
-2978
-855
1091
-344
-2177
-1374
457
1327
2169
-802
-146
2070
-411
-788
-1627
-2463
-968
826
728
-768
1957
85
-320
-657
-450
2020
1781
2210
705
-444
-448
761
-324
-1566
-422
1059
918
583
805
-1474
-869
708
-2519
-2749
-109
1968
1599
-1737
-2304
1483
2111
-932
-1159
586
1880
144
-1297
-591
2139
2246
-227
-609
-245
-159
-625
-2026
-3439
-901
458
205
983
1479
2169
866
-836
-554
1196
1994
1752
551
-49
-134
-1947
-3539
-2220
1158
2075
1586
2382
1068
-1590
-420
-937
-3446
-3160
-1470
2149
2535
1381
721
656
2059
-646
-1591
-268
789
523
-158
2116
1033
4
890
1155
-476
-1396
-184
21
909
884
1284
-653
-1998
-1076
-1365
-2053
-1882
586
863
66
-802
-939
212
-5
169
-7
-816
1851
4018
2030
1791
322
-115
-911
-2006
-738
156
3263
1580
-1097
-2596
-996
857
-2770
-3681
891
3524
1002
1085
1621
913
-1125
-1434
-705
-141
983
1056
2137
1110
-560
481
86
-1138
-1141
269
1581
2629
1249
-187
-1264
-2743
-1311
225
1034
-594
1691
2651
715
-1667
-2119
277
-12
-789
-1333
52
59
2454
2310
-2058
-2048
-1696
-996
-35
2586
2555
1395
827
385
-1259
-2971
-3140
-2961
1243
1580
1078
824
104
-33
-2010
-2120
-100
1425
1709
2514
2634
1937
-692
-1506
-792
-1364
53
1313
2086
2001
600
-1170
-2599
-3018
-1820
-1028
-456
1278
2083
1710
-972
-3172
-2091
-599
1108
1916
1882
1422
2344
1187
-653
-1316
-2200
-554
1863
3504
1231
240
1720
288
-366
-2121
-1812
-1414
-103
271
-358
-217
-900
-985
-660
-79
824
762
1239
1836
57
-1227
-1378
-1724
-2268
-1762
720
1826
3356
2894
811
-744
-1841
-1639
-1392
-2213
-509
1176
-76
-959
-1494
-1034
-630
838
671
2069
2247
915
1849
551
-2265
-2257
111
-1343
257
4815
1342
-2343
-1487
-715
-758
-1738
-3785
-1205
845
286
1170
1827
-124
-1436
-241
-1388
-767
1267
1413
2632
1359
-125
892
368
-452
-169
22
621
1496
1544
-448
-795
-741
-1419
-2175
-2695
-1894
817
781
589
882
-1322
-1143
640
1772
1494
1423
-99
-133
1019
-718
-1759
-652
-2323
-2424
365
1778
-123
-137
-92
-112
-746
-2693
-2038
-165
1856
1926
2196
1464
254
-1996
-1181
-485
-1033
1296
408
-96
803
-301
-2153
99
379
-542
2138
1899
456
1220
599
-1673
-425
-499
-4515
-2396
-485
826
3482
793
-3163
-839
-364
-1270
2126
1181
-212
3673
1493
-2376
-161
-1660
-4358
-1096
2940
1541
1486
643
595
2780
-802
-3895
-3469
-1826
1188
2384
1664
-247
496
-2249
-3787
529
-1229
-2022
2399
2993
2374
1959
-1421
-1458
877
1600
1802
892
222
2352
771
-3075
-2337
-315
-1123
-2701
-1464
574
3456
2341
-1138
-1016
722
-666
-914
998
2381
2629
1199
364
-872
-2036
-2274
-1651
188
2141
2352
1047
895
535
-1535
-3157
-1900
175
2670
1910
-992
237
299
-149
-247
-652
-2774
-92
2631
686
1581
530
51
1573
1274
143
154
-1729
-3197
315
80
-1862
1120
272
-2202
-461
-313
601
3386
2537
20
-168
1818
625
-692
-2330
-913
5046
3211
-3163
-4162
-1670
-2351
-158
1935
1759
2962
1952
897
-1743
-2555
-2049
-2436
-463
1662
3675
-198
-2522
-946
-521
582
804
2450
2050
3468
1365
-978
-857
-2131
-2208
-1073
1278
-689
-926
-1220
338
1069
747
428
-1010
453
-325
-444
622
203
314
-467
153
2717
157
-1743
-2065
-433
1753
-2147
-3797
-2230
-1012
-2425
-1746
1715
-455
839
2609
-107
-107
1392
1269
515
554
2145
1313
-1078
-2330
-1098
-65
-2361
-719
406
-658
1905
2416
1540
1865
1901
507
-132
775
-1184
-982
-1536
-1992
826
784
350
-431
-1228
-509
78
-1953
-203
1981
983
733
1165
971
1012
450
-1079
670
1750
-290
-618
-1587
-1566
595
820
-600
97
1321
-209
156
-92
-610
763
68
-2892
-2214
1400
-393
908
1358
-1050
1491
1269
3
1239
699
442
1638
-255
254
892
-808
-541
-493
734
-171
806
-2217
-4396
-944
-1094
406
1774
1684
1463
2444
1726
1435
2633
-741
-2276
-2304
-1499
-681
-160
-1165
-1321
1317
-656
-350
1267
367
1338
1237
267
1379
1534
-865
-120
-663
-1870
-741
132
-1151
-1437
597
-902
1442
3615
1139
2379
568
-107
-151
-698
-2321
-2498
-1576
-500
3433
391
-1350
-86
-883
-1908
-1176
-754
-2266
-53
822
1617
2467
3542
480
-1532
-909
-290
2049
-982
-3419
-1125
-19
-616
703
1219
1559
1585
352
993
-189
1019
2170
243
-898
-976
102
-1916
-2840
-1589
-2023
-1299
-578
-738
1406
1396
290
1257
1761
362
2516
2609
358
-489
-1823
-303
-1514
-1546
-695
381
622
-1719
-1622
-2012
-1412
399
1225
961
1481
555
1900
-1033
-1937
1466
1625
-159
-1944
-1832
-1384
-998
-1057
983
330
1037
1979
-1325
-2433
-471
2356
-323
-2149
542
1652
-877
-1496
1454
987
282
939
949
636
-228
794
693
-832
1318
2608
2835
405
-1364
-536
-2902
-1557
-1156
-2432
-321
1114
445
-2035
-2226
-1026
1476
1844
-345
-372
1743
2617
2276
-40
-2261
-1044
-1358
-478
-2021
-1991
-1811
-1431
-243
1472
1964
626
2097
539
40
-1203
898
869
-2361
-173
773
1979
1340
-609
-952
-362
-9
63
585
-326
157
3176
236
210
1385
182
357
-1658
-509
-1259
-2339
-95
111
1431
-501
1881
1369
-1042
-1429
-1434
-966
10
-646
-1370
2021
3097
2365
-852
-2461
-2035
105
-363
-1253
-1905
-2390
707
398
1050
-461
341
-704
-478
999
-554
1127
281
1152
-524
-411
-689
-2131
-101
780
71
-1048
1638
3670
996
-2355
-456
978
312
-225
1281
-230
-319
954
708
607
-2375
-445
866
165
65
1154
1780
37
147
-1646
-1391
-508
-860
-729
1494
774
-375
992
-978
-1247
-69
-2
709
2028
-745
-1211
148
1050
-32
-925
1247
275
1044
-707
-994
-324
-998
-291
-102
722
620
-362
-1157
235
2029
603
-252
701
1120
1099
367
-156
228
-75
-289
-599
-142
-833
523
140
-1127
643
818
655
-604
53
807
-217
-654
-2266
-533
821
-600
-1127
-200
656
1116
607
-1294
-1327
103
723
885
1046
-406
603
169
44
-439
-840
-835
-1221
468
298
746
-375
-809
1546
1796
134
-1107
226
1063
558
-1133
-454
1593
2141
961
-76
-1038
-478
201
-1119
-101
198
-680
-1188
-753
-445
78
1297
667
242
-442
856
475
-653
-1124
-2369
-776
-326
-160
-929
1305
2183
176
-1159
-2063
-898
-1299
-1890
-338
1843
206
-361
708
-1188
905
1179
-1734
-2146
1127
971
2353
2488
-531
306
1335
1550
-1196
-1502
-804
-646
457
-1773
-886
1674
1386
-65
-1339
-3127
-1511
1111
1170
340
-388
590
-555
590
1011
1761
3273
1683
491
439
-29
-1325
-1180
-1431
-2470
-2940
-1679
-820
-1311
-91
507
827
1888
1984
629
153
1088
1519
288
28
623
269
206
-290
-645
-1411
-1729
-2514
-724
620
-633
1245
2450
1752
204
1104
440
-517
-718
-1723
271
1206
703
333
1803
2039
1888
3
-1748
-1875
-2567
-3389
-3005
-645
561
1336
330
-1651
-554
700
675
82
944
1719
2281
2322
1470
-1056
-3144
-2344
461
161
-1268
-896
-322
-308
-24
535
311
25
-314
1039
458
-961
-747
1226
-68
-1251
583
1508
845
-496
-688
-972
583
684
-305
283
-121
1433
1180
-80
-2178
-1420
566
692
478
-626
91
1063
-242
-674
363
364
-1509
-190
378
-1563
-444
-1077
-1275
489
3352
1510
29
-1888
-467
828
-253
-539
-305
-23
-2271
782
1345
1159
1491
-362
-1574
-191
487
-1093
-362
781
1815
1867
3225
2644
117
-2301
-2561
83
436
-362
-663
-723
107
2498
1810
-614
-224
-471
-1115
-965
906
1592
564
-1617
-170
1585
1245
-1546
-1892
-776
16
1403
259
-148
288
41
-207
1319
1012
-874
-863
-1524
-1514
-575
-767
-1123
-1138
1466
2900
2060
-159
-1515
-1199
-1548
-1187
908
1614
-1592
416
1996
1859
505
646
1333
641
737
-96
0
-1401
-335
594
234
1739
2498
1038
-923
86
-418
-793
-644
-2329
-1345
-137
599
-894
-3081
-3091
-1092
-514
-1023
945
316
618
1425
2350
1725
347
1571
839
1223
442
-258
-1115
-1514
-1009
388
2394
672
-309
-344
40
-1517
-1847
-929
78
446
-1947
-943
-597
-431
-1556
312
899
1255
3593
1881
378
-310
674
-1048
-1357
-1816
-1051
2109
740
-910
-124
756
-1221
-1339
-1680
-2161
-318
556
-363
468
63
-341
912
1008
49
471
-501
18
2085
2173
1129
630
654
-882
-792
-1198
-876
-582
-2864
-2306
-794
842
1403
1029
222
-337
51
160
279
501
576
860
537
1636
780
703
1124
397
1905
435
681
1202
1829
1332
-633
-1082
-1144
-226
-3468
-4498
-3484
-1638
-539
-522
1286
1383
2129
1803
-89
-426
-82
225
816
350
862
2559
1288
312
720
279
314
497
-229
-18
912
-1190
-717
933
645
-1534
-2218
-1429
-47
-260
-1982
-1585
141
720
1356
1614
240
-707
257
599
-112
-436
223
405
70
-319
1063
2222
17
922
1648
717
289
-328
-1771
-3290
-847
-93
-55
-503
-1202
-423
-725
-332
-26
-270
-1135
-831
-239
-1176
-1355
-1351
-411
328
697
540
170
304
236
1002
928
687
242
1153
1036
487
-26
80
298
-809
-966
-1544
-837
-792
-256
15
148
368
1012
237
-318
-362
362
187
-419
-653
-623
-268
-1068
-931
-370
54
-291
334
305
21
220
473
764
529
381
340
339
27
-736
-497
-309
-764
233
425
7
165
-9
-103
619
360
493
-279
286
-304
-1101
-423
-586
-205
-575
-421
-631
-283
-169
124
56
-1601
-858
-215
614
514
924
386
586
1646
1168
1202
951
859
414
453
25
-36
-321
-1240
14
163
-539
-753
-954
-1047
-477
71
-1309
-1133
-463
-582
-381
-576
-470
502
944
49
407
544
289
1557
1892
928
1457
1504
934
451
358
11
-642
-1039
-1294
76
-86
-997
-405
-177
-75
398
1008
620
1056
549
264
777
727
331
232
79
-583
-623
-854
-627
-883
-996
-1219
-761
-486
-262
-139
-1675
-1538
-718
270
-279
-512
269
490
401
-204
184
815
976
1504
866
458
323
458
751
114
333
234
121
156
72
-48
-168
-22
204
414
142
190
424
-276
-812
-536
-50
839
414
383
-50
-753
74
242
-4
190
321
-3
713
535
500
110
191
35
189
281
-617
-595
-699
-131
-488
-648
-960
-598
-445
-747
-295
-551
-290
-207
143
399
89
322
-189
-497
-734
-1171
-692
-640
-254
395
156
95
402
542
1239
1150
544
584
1015
490
145
99
-71
638
327
349
72
85
-253
-408
-121
-488
-31
-420
-401
-522
-262
-264
38
-170
-317
4
-186
-174
-27
78
-35
125
-357
-354
118
201
-351
-542
-647
-275
742
406
389
187
-117
141
-123
-246
-719
-233
-631
-546
-334
-621
57
65
-134
579
793
464
450
153
-368
-76
131
38
312
857
575
963
875
778
488
427
209
318
447
-69
344
272
-164
-541
-226
-358
-246
-98
-520
-341
-259
2
86
-446
-833
-353
-411
-772
-363
-316
-450
-212
-229
-485
-213
-218
-102
220
324
469
719
837
269
344
250
142
275
20
114
197
217
-10
-59
-28
10
110
-20
-74
-13
-41
-183
182
159
312
356
75
84
127
190
-306
-764
-1104
-888
-546
-459
-190
-215
-43
75
565
465
126
34
-200
342
451
427
250
166
129
155
94
54
107
21
200
36
-206
-319
-111
49
35
-265
-526
-513
-86
11
-81
197
-60
98
225
308
485
360
444
455
540
443
422
177
56
68
-58
94
53
73
212
239
261
440
411
291
-3
-336
-527
-502
-418
-560
-586
-736
-479
-551
-442
-466
-593
-399
-443
-268
-234
-323
-219
167
242
-27
-345
-295
101
212
27
-233
-227
-203
-21
75
37
232
431
284
283
180
-18
248
270
358
428
366
395
326
73
-171
-286
-359
-459
-492
-410
-259
-384
-296
-68
-22
-89
-113
-8
0
-121
-79
-195
-440
-366
-173
-173
-332
-200
-206
-260
-284
-190
14
-162
-276
-179
-260
-229
-86
-47
-43
95
192
257
205
53
-138
-189
-134
141
212
6
21
140
275
537
440
237
346
231
333
338
11
-85
5
82
193
162
72
-126
-292
-311
-407
-369
-407
-290
-225
-220
-180
-186
-200
-171
-107
-93
-8
13
42
97
222
166
167
-50
-163
-96
-93
-199
-259
-177
-220
-72
-61
-175
-153
-79
46
215
259
188
368
275
103
246
271
235
250
339
310
257
99
129
233
101
28
206
393
300
385
262
183
138
-59
-97
-239
-159
-129
-81
-78
-131
-5
12
32
42
145
75
186
293
317
425
328
384
284
313
161
50
61
182
289
141
74
34
-16
67
205
41
74
171
366
551
563
462
449
545
670
748
565
346
219
170
193
27
-42
29
-61
-85
-134
-120
-179
-272
-359
-541
-755
-753
-564
-347
-182
-147
-105
-33
-19
-14
-110
-72
47
-4
63
46
290
232
35
-70
-161
-103
-87
-13
-32
28
68
104
73
-10
166
355
367
406
451
420
412
299
7
-45
23
126
27
126
57
-9
-7
18
38
129
93
-11
-91
-171
-189
-171
-103
-286
-380
-472
-423
-274
-261
-286
-265
-82
-163
-375
-456
-501
-549
-539
-467
-384
-347
-143
-152
-80
-36
-22
36
54
46
61
206
261
112
37
61
88
87
60
161
260
219
192
156
170
-50
-240
-337
-600
-396
-350
-342
-280
-303
-197
-126
-105
-156
-192
-128
64
218
231
223
120
41
133
226
303
207
152
-29
-83
-215
-273
46
2
-159
-79
-195
-230
-254
-298
-430
-256
-171
-149
-103
-127
-225
-222
-18
3
-32
-182
38
249
131
272
200
111
86
202
158
113
-16
186
517
420
273
367
423
314
349
213
-131
-154
-185
-401
-199
-166
-259
-325
-455
-213
-18
-458
-420
-133
-592
-648
-310
-238
-495
-176
-177
-182
165
149
348
358
130
139
377
346
270
346
-1
-75
-44
30
274
166
32
-36
23
67
-82
-419
-626
-115
179
-437
-481
-300
-475
-197
114
-240
-480
-524
163
190
70
-147
-211
-416
-498
136
-8
-25
-44
-249
172
455
230
9
271
-35
52
613
560
161
-45
396
361
63
-70
260
-127
-586
-87
164
273
-146
174
360
263
-140
-254
-32
-168
317
294
-91
-228
356
472
222
463
495
416
770
602
830
269
210
610
51
308
61
-404
-486
-437
-908
-1167
-112
-132
-422
-363
-270
-279
-254
78
-534
-22
-288
-394
-86
-643
-636
-438
520
566
702
285
149
516
393
625
632
57
-134
955
153
177
763
620
119
-163
639
642
219
-269
-96
78
-411
-326
260
126
-150
689
550
19
514
1468
595
238
923
362
100
298
206
0
-712
-668
-314
-762
-895
-96
71
-780
-62
648
558
95
377
717
546
563
-15
102
-123
-171
400
276
-11
-185
286
-62
-257
-370
-493
47
-191
-302
131
112
222
216
-505
-632
-360
197
641
611
254
335
604
759
698
413
-100
227
-467
-919
-735
-670
-770
-693
-361
-690
-243
-943
-845
-303
-437
-153
-502
65
-143
26
-10
238
34
-409
529
-206
-256
586
985
331
70
-110
-240
-415
-733
49
-221
-998
-450
412
136
-15
41
-112
-239
-119
158
489
549
46
125
423
-168
-554
396
300
66
149
-665
-331
-219
-547
-338
-199
-411
-25
60
-1063
-139
-285
-122
1069
564
-58
433
1342
806
510
-35
-426
184
-183
-425
-761
-1141
-1103
-124
413
-184
-418
-480
-40
610
324
453
563
55
201
751
-81
-110
273
225
-122
-742
-1157
-772
-785
-1176
420
638
86
520
633
108
-451
-741
-373
290
-512
-313
1207
398
-243
-70
389
21
397
-488
-575
177
-333
254
160
-30
-777
490
599
-479
-538
-1051
-456
-320
375
1022
488
-350
-192
1196
-366
-683
-211
211
815
751
1104
-157
-46
177
526
481
-82
198
204
-377
-954
-402
-580
-328
93
49
146
-605
-667
-332
-241
-927
125
402
-1043
-108
290
-40
291
-45
484
558
1230
536
-573
-288
-151
-47
-65
800
-187
-188
883
1026
375
-495
-184
-35
-80
-94
0
-863
-354
31
-71
-572
-875
-286
-141
-649
-621
-296
-367
-499
-244
442
-332
-191
761
325
-158
824
1360
925
766
867
578
32
-778
-173
181
-295
-758
-691
390
-510
227
195
-16
81
163
-93
-1152
198
342
565
70
765
544
-3
181
-163
148
-465
242
355
1275
1724
1203
1564
556
237
-20
493
371
-747
-337
-72
757
-14
-632
-951
-713
79
229
214
-1632
-977
807
1184
657
177
88
-162
260
454
212
-781
-1676
-736
953
968
891
762
18
550
443
737
63
-612
-445
820
1170
435
341
-170
-109
-451
-239
-148
185
-1197
-2169
116
-581
-511
440
-315
-1018
157
1804
823
970
718
2169
1084
-350
1487
1094
-683
-1372
244
-209
-734
-590
-37
87
321
512
686
396
9
670
1229
123
-1149
-1483
-1942
-1328
-375
-1307
-1435
-261
317
94
930
1132
359
1131
460
1047
346
401
224
-945
225
647
540
-784
-447
708
451
-594
118
1034
-371
-1519
51
160
-600
-1672
-626
461
-709
-435
-335
-694
-607
79
816
636
423
521
-565
-406
-24
-1006
-538
-667
-1373
-2184
-1332
-207
-355
-9
1484
729
874
1603
303
-1176
-456
1036
473
-812
0
335
319
-12
1079
859
-250
41
637
-415
-863
-1391
-601
977
427
654
694
5
-1230
-978
-19
87
-1139
-1693
-269
688
-4
-35
-22
-578
-459
-192
1155
1112
166
-304
97
-197
118
537
-268
106
473
-522
-864
-805
-520
-418
939
1484
966
1049
-177
580
1772
143
-443
41
-760
-1604
-966
-134
-610
-934
-868
235
600
1223
-667
-1171
-2
322
389
-58
357
-191
-572
163
929
48
417
-156
-771
184
810
891
0
185
233
344
615
66
38
-1454
-1168
895
646
-2362
-1996
314
543
-782
-143
1161
-835
-1054
936
1010
-663
-471
1178
1463
-121
-494
-125
-717
-412
-158
458
216
-1487
-1187
635
1136
-65
892
1801
-585
-812
987
992
-1430
-1058
0
216
-664
-786
-207
-453
257
1666
2527
904
354
829
666
-470
-858
-414
-809
-2506
-1603
547
503
1086
185
-974
-321
637
-201
1200
1832
-127
285
673
994
733
-95
-529
-1411
-898
-2283
-2227
-1918
-1621
383
1661
200
899
1924
-78
436
628
1114
1334
238
31
-392
295
-1094
-829
-233
-869
1051
-528
-1611
-575
-241
-942
-1529
-1017
-1537
401
413
-694
-461
-67
11
847
820
-661
-1130
-629
812
2279
1219
1381
1493
596
38
1020
-539
-871
-406
-1186
-1612
-947
8
-1075
1002
1481
1101
-720
-494
806
912
357
183
2928
2598
191
-627
-8
-1557
-2677
-854
-1932
-1018
96
389
117
1357
1755
1756
2185
-719
-1357
384
630
-1540
-238
971
-526
-297
-1675
-242
-424
-205
1028
1335
1146
698
1494
940
252
58
-841
-1702
-2405
-2856
-1398
-691
-2140
386
1061
556
298
1168
2013
1731
2333
1830
-107
-488
-191
199
188
-1560
37
391
-2694
-1710
336
1097
1367
1046
944
-26
-1103
-1163
-1135
-1032
-346
889
625
-991
1154
2078
-175
488
-523
374
1060
-415
-765
-238
1125
1621
26
-58
-439
-1600
-642
-148
637
-566
-1061
1012
1505
1645
512
-873
-2124
-1791
842
664
-736
-1330
1238
1606
-697
-1820
-850
-610
-2729
-2754
-919
-153
-253
1481
1747
1327
1674
2018
2219
210
183
372
1268
600
409
-824
-1229
531
-2326
-1871
-2305
-1496
203
874
976
819
3253
4453
2275
-133
-1163
-2036
-1625
-2893
-665
-1123
-1261
197
-341
-216
-657
999
1248
247
-103
921
737
-242
-789
-2495
-1391
-765
-914
-1207
0
1179
-278
-161
1798
1990
1095
1296
-213
421
-858
-1716
-732
-1279
-478
-610
-369
1113
502
-2004
-2563
71
2012
2275
528
-767
-1049
168
-688
-1489
-581
-703
1410
-138
939
1945
1357
2370
686
656
1055
71
-1673
-2219
-709
1763
535
-1370
-770
-623
268
1051
1194
769
-1539
-106
1041
-901
-1002
-377
-80
1093
59
-1175
-1421
375
690
1485
605
-1956
-1907
350
1281
184
-282
-336
1951
1982
2080
1497
-100
549
538
1357
660
-621
376
-1464
-2549
-111
264
-2046
-89
713
2930
753
-930
178
-968
-373
-1581
-1651
-3301
-2729
-824
-608
-427
161
1969
1371
3608
3937
2783
1420
-1088
216
190
-1558
-1626
-2822
-2945
-1930
-1925
-1812
-839
652
1134
1467
2154
1261
1429
1301
907
518
323
-48
-1480
-579
-1206
-339
-1070
62
30
152
653
-312
451
1250
1717
240
2204
3084
445
489
1092
-630
-1167
-994
-349
-2042
-1033
-938
-2163
-1243
-65
1037
154
1148
2521
1260
1288
714
1007
722
-460
-2082
-1106
-307
-4004
-3575
-2483
-237
-131
573
-338
288
1378
769
1436
-255
585
-249
2339
375
-2110
-686
-768
977
-83
-791
52
-297
585
1940
1131
-446
2019
2017
1320
537
1728
708
-1609
-1105
-1832
-1425
-263
-1051
-1901
-928
1937
1925
884
1803
176
121
2393
1245
-303
-387
-271
874
194
-927
-2847
-2432
395
-499
-873
306
730
1488
676
1124
1577
-856
-1443
-1716
-2259
-2792
-2665
-1756
-1110
136
674
1665
1869
1689
1511
1816
-404
409
3253
1975
2759
1213
-729
366
225
-2360
-1236
-471
-1054
-77
-480
-1497
-158
894
544
729
1070
-27
-951
-195
1336
1668
212
596
115
-3423
-3002
-616
-736
-1135
60
1372
436
1314
2516
1783
340
656
1103
-90
-2202
-2057
850
-880
-2384
-1108
521
808
214
-2072
-1173
20
1179
1898
364
882
392
1378
-860
-2838
-1349
-896
-517
-1276
-1340
-869
819
1273
679
467
1492
1701
-501
-812
-979
-1355
-719
273
-1617
-2288
-890
-901
-1463
412
2913
372
-1015
372
2209
2110
1290
764
706
-59
-219
-936
-1982
-1763
-1464
-376
996
-593
-1566
386
1408
2477
2931
1733
-522
-372
1384
-1820
-4152
-2136
2004
2451
1671
767
166
-462
-824
342
20
-1344
-6
2684
101
692
199
102
-550
-1700
-842
-1023
-1988
-4280
-2235
-1439
-696
785
1556
823
1537
1922
2036
1602
748
8
-961
-174
345
-98
-2078
-2322
-367
-441
-996
-896
845
1620
1898
1068
1037
-211
-1462
-218
-489
424
-184
797
584
-830
-20
829
1006
271
2144
-170
-1222
-146
-111
-713
-880
-686
247
-25
-363
-252
-2
-2583
-3139
-678
-1283
-1790
-548
410
388
-901
-716
1035
510
1181
969
-187
-157
-466
-286
-249
-440
1582
-184
-1969
-700
200
-992
-1149
-42
-84
2627
1168
765
1743
3226
690
-352
1109
-3066
-1066
96
-1602
-662
181
7
-66
2429
1355
-383
-160
1351
2284
95
-1593
270
875
-1608
-1422
-2716
-2521
-595
-2096
-1226
1035
120
587
1896
2471
731
1146
2491
228
8
-1490
-2880
-468
-84
-1842
-903
-858
788
127
-1005
652
1391
1805
301
325
834
2117
2893
-1796
239
4136
-103
-4689
-1561
1279
-6
488
-109
924
1652
1148
131
-743
1374
667
-2122
-1281
-612
214
-576
-544
2166
-213
-206
-80
26
846
-418
-486
1063
1125
-438
219
-829
26
483
-1728
-138
1037
-2345
-1945
1495
1198
462
60
610
1609
1975
-2746
-690
2532
494
1521
-204
-1463
2695
3286
-1554
-765
3104
144
-2369
-1330
2300
1382
-947
-598
2026
67
-2452
1816
900
-3029
-1802
693
992
2266
1029
1173
39
-2403
-1905
-1293
-703
-911
701
-1391
-945
1430
-1727
-2284
1326
3353
946
665
-890
-650
-2148
-3597
-528
188
1576
1825
-1750
-1435
1285
450
-882
1644
3368
808
-1287
-547
84
-1999
-2145
837
715
-1487
-100
2334
1503
-2210
-1812
931
3259
2932
2572
2662
-139
-2485
-2577
-1904
-1015
271
1823
698
-2354
-2396
-1759
3
2970
3333
1727
-933
-2447
-2694
-2232
-3154
283
2592
147
-8
-175
-369
-1052
-2420
-479
3160
1470
615
1287
-273
-1691
-1679
324
-359
-1147
-844
385
1349
-1972
-3503
-108
2866
4372
3914
1207
257
32
-1432
-1612
-531
833
624
1132
-1307
-3395
-1546
-243
-14
467
252
691
1180
-1126
-1248
-109
212
267
1905
497
-2115
-1442
-3102
-2653
200
962
1618
1805
2095
1992
-217
-858
1837
779
-2410
-1415
-968
-1538
-2839
-3085
-1068
1926
3991
