-6
-5
-4
-6
-7
-6
-4
-5
-4
-4
-3
-6
-5
-4
-4
-6
-6
-4
-3
-4
-4
-4
-1
-5
-3
-3
-5
-4
-3
-3
-6
-3
-3
-4
-2
-3
-4
-2
-5
-4
-4
-4
-1
-6
-4
-4
-5
-3
-2
-3
-3
0
-4
-2
-4
-3
-4
-8
-6
-6
-2
-5
-6
-2
-4
-5
-4
-4
-3
-2
-2
-5
-4
-4
-3
-2
-3
-1
-3
-3
-2
-2
0
0
-1
-4
-1
-3
-1
-1
-1
-1
-3
-4
-3
-4
-4
-2
-4
-3
-3
-3
-6
-4
-4
-2
-2
-3
-2
-4
0
-3
-2
-4
-5
0
-4
-5
-2
-3
-1
-2
-5
-4
-2
-1
-2
-3
-3
-3
-4
-5
-3
-6
-2
-2
-3
-3
-4
-1
-4
-4
-3
-2
-1
-1
-2
-2
-2
-4
-2
-4
-4
-2
-3
-2
0
0
-4
-1
-1
-3
0
-3
-3
-2
-3
-2
-4
-1
-2
-3
-2
-4
-4
-2
-2
-1
-4
-4
-4
-2
-4
-2
-1
-2
0
-2
-2
-4
-2
-2
0
0
-1
-2
-2
-2
-1
-1
-2
-4
-1
0
-3
0
-3
-2
-5
-3
-2
-4
-2
-2
-1
0
-4
-1
0
-3
-1
-1
0
-2
-3
-3
-1
-2
-2
0
-1
-2
-3
-1
0
0
0
0
-1
0
-1
-3
-2
-2
-2
-4
0
-1
-6
-3
-2
-2
-1
-2
-3
-2
0
-2
-3
0
0
-1
-2
-2
-1
-2
-1
-2
0
0
-3
0
-2
0
0
-1
-1
-1
-1
-1
-2
-3
-1
-5
-1
-3
-1
0
-1
-2
-2
0
-1
-2
-1
-1
-4
-3
-4
-2
-2
-1
-1
-5
-1
-2
-1
0
0
0
-3
-2
-3
-2
-1
-1
0
-3
-3
0
-1
-1
-1
-2
-2
-2
-2
-1
-2
-1
-1
-1
0
0
0
1
-1
0
0
0
0
-1
0
0
0
-1
0
2
2
-1
0
-1
-2
3
0
0
0
0
0
-3
0
-2
0
-3
-1
-3
-2
-2
-1
0
-1
0
-1
0
1
-1
0
-1
-1
-1
-2
-2
-1
0
0
0
0
1
-2
-2
0
0
-1
-2
-1
0
-2
1
0
-1
0
-2
0
-3
-2
1
0
0
0
0
0
0
3
0
0
-1
0
0
0
0
0
0
-1
-3
-1
-1
-3
-1
-1
-2
0
0
0
0
0
1
0
0
-1
0
0
1
0
-1
-1
0
0
0
0
0
0
1
0
-1
0
-1
0
0
-1
-1
-3
0
0
-1
-1
0
0
1
0
2
0
0
0
-2
0
-1
0
0
0
0
2
0
1
1
1
0
1
0
1
0
-2
0
0
0
-1
-1
-1
-2
-2
-1
-1
-1
-2
-2
0
-3
-1
-2
0
0
0
1
-1
-1
0
0
0
2
0
0
3
0
-1
0
2
0
0
0
-1
-2
-2
0
0
0
-2
-1
-1
-2
-1
1
-1
0
-2
-1
0
-1
-1
-1
0
-2
0
-2
-1
-2
-2
-1
-4
-2
-1
-3
-1
-1
0
0
0
0
-2
0
-1
0
-1
-1
-3
-2
-1
-4
-3
-1
-3
-3
-2
0
0
-1
-3
0
-1
-1
1
-1
-2
-2
1
0
0
1
-1
0
-2
-1
0
-1
-1
0
1
1
0
-1
-1
0
-1
0
0
-1
0
0
1
0
-2
-1
-1
0
-3
-4
0
-1
-1
-1
-2
-1
0
-2
0
-3
-1
-1
-3
0
-2
0
-1
0
-2
-3
-2
0
0
-1
0
-1
-3
-6
0
0
-2
-4
0
0
0
-1
-3
-4
-1
-4
-4
-4
-4
-1
-3
0
0
0
-1
-1
-1
-1
0
-1
0
2
-1
0
0
0
-1
-3
0
-3
-2
0
-4
-3
-2
-1
-3
-2
-3
-2
-4
-2
-2
0
0
-1
-1
0
-1
0
-1
-2
0
0
0
2
0
-1
0
0
-1
-1
-1
-2
0
-1
-1
-2
0
0
-2
-1
-3
-3
-2
-2
-2
0
-2
-1
-1
0
-1
-2
0
-1
-3
-1
0
0
0
0
-1
-2
-2
-1
0
-2
-1
-1
0
-2
-1
-2
-1
-3
-4
-2
-3
0
-1
-2
-3
-2
-3
0
-2
-2
-2
-1
-2
-2
0
-2
-2
-3
-1
-1
-1
0
-2
-4
-4
-4
-3
-5
-5
-3
-2
-3
-3
-1
0
-1
-1
-1
-1
-1
0
0
0
2
2
0
0
-1
-2
-2
-2
1
-1
-2
-2
-1
0
0
0
-2
0
0
0
-1
0
-2
-2
-2
-2
-2
-1
-2
0
-1
-4
-2
-2
-1
-2
0
-1
-2
-1
-2
-3
-3
-1
-1
-1
-3
-4
-3
-2
0
-1
-2
-2
-2
0
0
0
-3
-1
0
-2
-3
-3
-2
-1
-2
-2
-2
-3
-3
-1
-2
-2
0
-1
-3
0
-1
-1
0
-1
-1
-3
-3
-5
-3
-3
-1
-2
-4
-2
-2
-5
-1
-2
-2
-4
-3
-2
-2
-2
0
0
0
-1
-1
0
-1
0
1
-2
-3
0
-1
-1
-1
0
-3
-2
-3
-3
-1
0
-1
-1
-1
-3
-1
-1
0
-1
-1
-2
-2
-1
-2
-2
-2
-1
-1
-1
-3
-2
0
0
0
1
1
-1
0
0
-1
0
-1
-1
-2
0
0
0
-1
0
-2
0
0
0
-1
-1
0
0
-3
-4
-1
-2
-4
-3
-3
-5
-1
-4
-1
0
0
0
-1
2
0
2
0
-1
1
1
-1
-2
1
0
-1
-1
-2
-4
0
-1
-2
0
0
0
-1
0
0
0
0
0
-2
1
0
-2
0
0
-3
-3
-3
0
0
-2
0
-3
-1
-1
-2
-2
-4
-2
-3
-3
-2
-3
-4
-4
-1
-4
-3
0
0
-3
-4
-1
-1
0
-1
-3
-3
-4
-1
-1
-1
-1
-2
-3
0
-2
-4
-2
-3
-1
-1
0
-1
-1
0
-1
0
-1
-6
-3
-3
0
-3
-3
-1
0
0
-2
-3
0
-1
0
0
-2
-1
-1
0
-1
-4
-2
0
-1
-2
-1
-2
-3
-3
-3
-1
-1
-2
-3
0
-1
-1
-1
-2
-1
-2
-2
-1
-1
0
0
-2
0
-1
-1
0
-1
0
0
-2
-1
0
0
-1
-1
0
-3
-1
0
-2
-1
-2
-2
-2
-1
-1
0
-1
-1
-1
0
0
-1
-3
-2
-2
-4
-3
-3
-3
-3
-2
-4
-2
-1
-6
-1
0
-1
0
-2
-2
-1
0
-1
0
0
-1
-1
-2
-1
-2
-1
-2
-4
-3
-2
-3
-2
-2
-5
0
-1
-4
-5
-1
-4
-2
0
-1
-1
-1
0
0
0
0
0
0
0
-2
0
-2
-1
-2
0
0
-1
-3
-3
-1
-2
-4
-1
-3
-1
0
-1
-2
-5
0
-1
0
0
-2
-2
-1
-1
-1
-1
0
1
1
0
-1
0
0
0
1
-1
0
-3
-3
1
0
-1
-1
2
0
-2
0
0
-1
0
-2
-3
-2
-1
1
-1
0
0
-2
0
-2
-1
0
-1
1
3
1
2
1
0
0
-1
0
1
1
-2
-4
-2
-3
-2
0
-3
0
0
-2
-3
-2
0
-2
0
0
-2
0
0
-2
0
-1
-3
-3
-1
-4
-2
0
0
-3
-1
-1
-3
-1
1
0
0
0
0
-1
-2
-1
0
0
0
-1
-3
-2
-3
-4
0
-1
-1
-2
-3
-1
-3
0
-3
-1
-1
-4
-2
-4
0
-1
0
-2
0
-2
-4
0
-6
-1
-1
0
-4
-4
-2
-1
-1
-1
1
0
-3
-3
-2
-2
-2
-2
-2
1
0
-1
0
-2
1
-1
1
0
0
-1
0
-3
-2
0
0
1
0
0
-2
-1
-2
-4
0
-3
-1
-2
-1
0
-2
-1
0
-3
1
0
0
0
0
0
-2
2
-2
-3
-3
0
-1
-4
-4
-4
-2
-3
0
-1
0
0
0
0
-1
0
0
0
-2
-1
-1
0
-1
0
-2
-2
-1
-1
-2
-1
-1
-2
0
-1
-2
0
-1
-1
-3
-1
-2
0
-1
-3
0
-2
-3
-2
-2
0
-3
-1
-2
-2
-1
-2
-1
-1
-1
-2
-1
0
0
-3
-2
-1
-2
0
-1
0
0
0
1
0
0
-1
-2
0
-1
-1
-2
-3
0
-1
-2
-1
-2
-1
-3
-1
0
-2
-2
-1
-1
0
-2
-1
1
-2
-2
0
0
1
0
-1
-1
0
0
0
0
-1
1
0
1
-1
0
1
4
1
0
-1
0
0
2
0
-2
0
0
0
-3
-3
-2
-1
-1
-2
0
0
-2
-1
-1
-1
-1
0
0
-2
0
1
-2
-2
0
0
-2
0
-2
-1
-2
0
-3
-2
-3
-3
-1
-2
-1
-2
-2
-2
-4
0
-1
0
-3
-2
0
-3
-2
-1
-2
-1
0
0
1
0
-1
-2
0
0
0
0
0
-1
0
-2
-2
-3
-2
-2
-3
-2
-2
-1
-1
-3
-1
-1
0
0
-1
-1
0
0
-1
-3
-4
-4
-2
-2
-4
-2
-6
-2
-3
-3
0
0
-1
0
-2
0
-4
-1
0
-2
0
-2
0
-2
-2
-1
-1
0
0
-2
-1
-2
-3
-2
0
-1
0
2
2
0
0
0
-1
0
1
0
-2
0
-2
-3
0
-1
-1
2
0
-2
-2
-2
-1
0
0
-1
1
0
-1
-1
-1
-1
-2
1
-1
-3
0
0
0
-4
-4
-6
-5
-4
-3
0
-1
-2
-5
-6
-6
-2
3
1
5
1
2
5
0
1
3
1
2
0
1
2
0
2
-6
-3
0
-7
6
7
0
9
0
-6
-1
-5
5
3
3
-3
-22
-10
-17
-16
2
-6
-8
-1
-11
0
14
12
23
8
-2
-16
-20
8
9
27
23
-21
-14
-40
-41
-1
-3
14
21
9
-7
-11
10
11
27
41
25
22
21
-2
-20
-25
-48
-37
-19
-27
-31
-60
-90
-119
-115
-110
-81
-20
-17
11
13
-9
20
27
41
55
64
92
91
136
125
61
82
-9
-41
-11
-61
-25
-18
-42
-55
-70
-34
-46
-44
-35
-136
-135
-93
-90
25
96
56
33
-53
-151
-131
-81
53
154
205
212
76
53
27
-2
130
111
133
164
52
47
-20
-56
-43
-57
-18
-37
25
87
66
110
69
6
81
141
178
239
229
112
45
-11
-104
-79
-39
-56
-89
-120
-215
-285
-212
-206
-191
-105
-109
-88
-11
-8
-44
-47
-41
-65
12
58
54
82
13
-41
-118
-134
-78
-24
86
73
46
28
-68
-28
-65
-123
-56
-85
-7
92
90
75
-12
-135
-248
-274
-168
-19
168
325
219
72
-40
-215
-152
-3
76
244
299
246
148
12
-79
-166
-138
-95
-81
29
113
80
70
-80
-281
-288
-283
-104
138
261
331
213
38
-123
-193
-52
105
321
440
322
220
48
-108
-107
-58
-8
120
235
186
143
33
-150
-238
-244
-189
-89
107
207
108
67
-127
-304
-189
-131
-2
156
201
185
140
112
-20
-69
-28
-72
2
85
92
112
70
-65
-270
-299
-310
-179
67
84
132
28
-100
-119
-163
-50
24
125
205
122
159
55
1
0
-178
-243
-279
-212
-87
62
52
-142
-280
-542
-613
-520
-376
-81
49
155
13
-215
-230
-403
-206
-39
-8
264
236
311
284
84
23
-156
-101
-22
72
305
331
367
254
25
-100
-91
49
241
489
456
453
407
204
236
152
233
361
422
592
419
450
336
78
198
30
124
298
311
362
131
-1
-291
-376
-236
-298
-82
-31
-76
-74
-204
-275
-421
-312
-259
-213
84
88
219
220
-39
-277
-538
-546
-471
-160
35
-24
-99
-482
-777
-942
-891
-636
-350
14
-109
-210
-379
-781
-613
-662
-515
-195
-136
144
-27
-68
-218
-523
-245
-318
-97
336
369
662
540
274
62
-160
-38
65
303
458
506
438
291
91
-61
84
164
482
688
674
1005
908
1044
1255
971
1247
1065
1142
1196
918
1078
671
833
776
384
364
-119
-299
-355
-440
-402
-437
-208
-365
-537
-696
-1068
-862
-626
-325
-218
-152
-146
-282
-110
-253
-244
8
17
112
28
-124
-222
-211
-236
-671
-679
-1124
-1255
-996
-1393
-1368
-1718
-1811
-1854
-1838
-1324
-1693
-1388
-989
-1769
-1098
-985
-893
239
495
815
402
651
458
430
1508
1706
1689
2465
2140
1174
1294
313
-23
644
997
756
980
811
366
109
-24
-475
-696
413
-14
568
1354
1057
1471
1083
0
-71
-441
117
716
876
1560
901
1521
1002
569
449
-734
-158
592
1264
2228
2037
1156
204
-832
-1309
-1123
203
650
828
768
-386
-429
-569
-891
-1284
-1523
-1567
-904
376
619
293
-1032
-2275
-3460
-3344
-2980
-2388
-1198
-1296
-2163
-3076
-4819
-5244
-4187
-3872
-1846
-1523
-844
-758
-923
-618
-1187
205
1920
2999
4838
5154
4108
5364
4393
4122
3944
3877
4742
4651
4975
3384
1352
1078
-404
-1243
-20
-1160
-1312
-1611
-2524
-3260
-3762
-3718
-4101
-3145
-2082
-2666
-2459
-1249
-1393
-553
-130
-629
505
2291
3039
3731
4636
4940
5076
5423
4935
3934
4509
3919
3177
3203
1495
263
-516
-1211
-1876
-2414
-3286
-4678
-4612
-4385
-4669
-3778
-3697
-4053
-3630
-4358
-4308
-3828
-3153
-3058
-3664
-4431
-4504
-3589
-1352
-745
-1336
-1640
-3283
-1268
259
3121
6001
6413
6590
4358
2685
3360
4616
6830
8080
7550
6524
4285
3411
1660
1412
1168
177
-274
-27
-181
-1359
-1739
-3982
-5035
-5413
-6009
-5882
-4707
-3393
-3461
-3634
-3257
-3446
-2243
-870
-884
723
2317
4034
5057
6007
6344
4973
5213
4660
4347
4944
4866
4527
3873
3177
1037
-1276
-2042
-2948
-3493
-2962
-4045
-4468
-4892
-5696
-6624
-6892
-6059
-5593
-5360
-5048
-5658
-6142
-3463
-3159
-1316
-13
34
1411
2522
4274
3754
4445
4665
3569
4775
5517
5092
6514
6269
4642
3559
2896
1280
2080
3525
2478
2287
615
-996
-1538
-497
-1570
-2619
-1922
-3767
-3756
-3388
-4343
-3012
-2217
-3181
-4363
-4092
-2544
-474
2482
2142
761
505
-506
1137
3771
5092
5256
3695
1761
612
710
1135
1294
1584
531
-768
-1400
-2809
-2419
-2433
-3615
-3775
-3405
-3445
-2185
-2108
-3799
-4321
-4519
-3478
-2508
-748
-925
-995
724
1003
1303
2325
2286
2779
3981
4184
3857
3751
3908
2449
2331
2544
2848
3309
4070
2557
786
801
-663
-101
380
64
-783
-666
-247
-771
-191
-920
-2329
-1677
-1697
-1848
-760
-544
-382
-381
-442
-880
-221
874
873
1485
992
-289
-711
-1184
-1865
-1489
-2042
-2238
-1114
-1200
-1162
-2117
-2793
-3535
-2946
-2064
-1413
579
1863
1982
1414
263
-1165
-737
-366
629
958
1668
1803
1702
1730
912
-93
-833
-663
-701
772
1840
2683
2729
1946
414
-1034
-1266
-914
-460
1102
1496
1179
2133
993
401
-1
-1521
-1570
-474
800
1703
2718
2750
2095
2545
1573
281
896
1009
1128
2026
1171
622
175
-415
-1245
-1763
-1432
-2142
-2593
-3007
-4380
-4735
-4431
-5138
-4468
-3855
-2763
-1641
-1246
-1194
-1553
-1968
-1489
-1169
-518
1530
2116
2695
3029
2603
2371
2457
1890
1298
1703
3132
3506
4040
3525
1819
1933
1478
905
743
269
217
108
-505
-888
-2001
-1931
-1964
-2227
-1346
-1043
-80
569
64
268
-28
510
1696
1528
1952
1996
1665
1848
1561
625
-264
-1026
-1970
-2791
-3075
-3599
-3048
-2474
-2143
-2231
-2608
-3115
-3332
-2370
-1609
184
1736
2926
3639
3259
1862
95
-1520
-1792
-901
2135
4756
5670
5236
1330
-2137
-4709
-5399
-4137
-2426
-998
-121
270
811
688
-35
-937
-2674
-3601
-3007
-1091
1504
4424
5890
5481
4454
3294
1824
1735
1999
1919
2998
3999
4622
5016
4935
3952
1990
893
-842
-2134
-2032
-2659
-2937
-2952
-3302
-4472
-5219
-6362
-7050
-6303
-5286
-4528
-4005
-3875
-3274
-2620
-785
866
1531
2179
435
-645
-974
1074
4084
6715
7823
5479
2568
-304
-2482
-1904
-207
2037
3901
3754
2681
-35
-1778
-3575
-4677
-4049
-3048
-1416
581
1243
431
-704
-2785
-4176
-3962
-2816
-390
2076
3882
4700
4324
3756
2178
1013
526
894
2623
5238
7838
9041
8172
5513
1104
-2489
-4008
-3745
-1727
828
1995
1618
705
-1978
-4142
-5873
-6480
-6686
-6018
-4284
-3893
-2439
-1334
-1813
-872
-274
-130
106
-925
-2032
-3102
-1697
23
1750
3820
3991
3260
1763
-500
-2903
-3688
-2499
-734
1863
4100
4584
4097
2136
-964
-3969
-4207
-2938
-737
1810
2102
1486
566
-584
-1568
-1815
-1197
-810
143
1295
1737
3583
4942
4496
2894
43
-2482
-2552
-523
2121
4448
5284
3959
1655
-133
-1566
-1598
-239
258
402
500
-342
-388
-414
-592
-1010
-973
-663
-893
-639
-955
-1699
-1856
-2010
-2487
-2560
-1897
-956
-202
802
146
-640
-1011
-1450
-1550
-1039
-199
-326
63
-172
-596
547
2101
2921
2606
963
-1234
-2937
-2419
-1428
19
1987
2051
1547
529
-810
-1830
-2303
-2561
-3089
-2592
-1091
1173
3999
5493
4995
2650
-148
-1954
-2019
67
2623
4081
4458
3207
1427
488
82
-366
-781
-1446
-2036
-1248
76
1453
2050
1615
-281
-2427
-3733
-4313
-3561
-1946
-729
-115
359
-126
-814
-1218
-1875
-2204
-1428
-514
738
2328
3553
4010
3787
3038
1370
246
-516
-900
-472
298
1208
1457
1547
820
-747
-1948
-3413
-4594
-4559
-3531
-1825
-52
1261
1277
379
-465
-1481
-1502
-562
781
1956
2755
2997
2360
2058
1607
900
446
226
451
1151
2105
2476
1887
656
-1016
-2403
-2779
-2155
-1166
-229
314
-96
-658
-863
-1113
-1284
-1485
-1989
-2496
-2181
-1199
195
1766
2370
1509
-267
-2022
-3091
-2408
-337
1571
2851
3017
2086
1002
406
191
8
-155
-753
-1473
-1373
-602
619
1791
2084
1086
-468
-1538
-1872
-1060
375
1329
1611
1498
1276
1196
1444
1325
500
-428
-1264
-1531
-777
525
1463
1608
849
-796
-2227
-2611
-1993
-563
897
1557
1281
657
60
-254
-87
-30
-373
-784
-921
-567
441
1740
2434
2263
1198
-490
-1946
-2508
-1962
-504
1285
2324
2092
916
-751
-2061
-2535
-2477
-2350
-2387
-2512
-2469
-1858
-925
-220
30
-378
-1131
-1477
-1002
44
1269
2178
2243
1916
1759
1928
2484
3030
2990
2349
1681
1189
1079
1489
1707
1351
613
-307
-1088
-1192
-662
-203
-53
-443
-1504
-2494
-2847
-2631
-1905
-862
-291
-354
-535
-810
-877
-366
280
555
505
180
-316
-253
527
1526
2493
2889
2243
952
-121
-682
-623
10
369
110
-357
-786
-1016
-939
-902
-1405
-2148
-2767
-3076
-2638
-1589
-534
69
179
-149
-508
-221
648
1662
2403
2595
2284
1936
1993
2186
2229
1928
1191
520
507
1157
1883
2183
1640
137
-1557
-2707
-2998
-2443
-1312
-305
-11
-275
-972
-1755
-2058
-1926
-1726
-1474
-1118
-825
-206
913
1888
2432
2423
1666
503
-258
-372
-38
790
1525
1628
1305
640
-299
-1080
-1416
-1727
-1953
-1761
-1460
-981
-287
65
-246
-836
-1380
-1689
-1234
-282
531
1060
1141
712
237
222
398
624
982
1120
1106
1233
1367
1211
831
292
-422
-787
-654
-279
279
693
600
46
-547
-1018
-1157
-766
-201
259
548
715
850
1084
1390
1417
1120
597
96
11
358
782
811
388
-320
-882
-883
-506
-118
-218
-930
-1911
-2746
-3005
-2594
-1738
-951
-590
-765
-1373
-1877
-1914
-1352
-389
495
968
994
972
1075
1360
1783
1990
1954
1926
2088
2342
2576
2514
1827
790
-353
-1270
-1522
-1139
-484
20
135
-389
-1268
-1977
-2417
-2362
-1850
-1125
-355
419
1086
1459
1677
1548
1092
711
524
572
929
1515
1893
2003
1823
1107
285
-380
-882
-1150
-1316
-1663
-2156
-2326
-2256
-2006
-1572
-1430
-1706
-2093
-2292
-2212
-1689
-879
-302
66
237
207
293
712
1220
1644
2038
2078
1880
1790
1762
1815
1911
1965
1747
1342
892
362
172
276
429
403
-44
-779
-1559
-1828
-1536
-996
-475
-373
-671
-1129
-1318
-1091
-528
160
546
582
289
2
-20
230
762
1086
1193
1146
1026
1054
1113
1150
844
302
-199
-581
-443
3
411
479
-32
-848
-1628
-1887
-1644
-1233
-961
-1168
-1732
-2242
-2243
-1696
-791
5
274
98
-281
-448
-262
131
513
632
650
670
833
1183
1400
1366
958
320
-222
-447
-195
371
920
1076
700
1
-584
-755
-373
274
679
774
549
347
503
924
1341
1297
814
78
-500
-395
91
666
953
683
162
-232
-180
19
115
-111
-734
-1216
-1245
-877
-397
-64
-191
-709
-1142
-1442
-1435
-1122
-745
-398
-114
303
551
639
527
-93
-715
-1158
-1274
-998
-488
156
595
934
965
559
92
-363
-601
-481
-98
320
682
1004
1078
954
684
292
-55
-151
15
201
434
451
168
-139
-372
-306
24
458
647
394
-2
-410
-514
-182
241
616
846
955
1035
1132
1126
800
208
-509
-1142
-1419
-1226
-810
-306
93
171
124
17
-85
-230
-486
-810
-1112
-1026
-598
-56
480
655
449
57
-394
-754
-843
-611
-303
13
212
199
134
161
162
11
-135
-403
-575
-413
-109
312
689
912
777
355
-83
-542
-613
-312
-30
193
246
222
264
484
666
555
280
-162
-561
-576
-201
288
679
760
364
-128
-406
-396
-105
261
526
551
612
732
767
880
855
723
634
567
415
87
-255
-657
-941
-931
-838
-706
-520
-456
-589
-789
-1008
-1165
-1074
-868
-732
-725
-747
-774
-653
-183
300
750
1011
802
343
-143
-340
-183
261
684
696
497
235
54
149
291
272
122
-22
-98
43
411
745
948
957
766
435
216
47
-182
-260
-297
-171
207
589
791
660
331
-117
-459
-481
-467
-422
-415
-621
-863
-980
-875
-511
125
706
882
617
43
-583
-879
-739
-556
-431
-417
-536
-451
-100
344
585
532
186
-356
-578
-471
-259
12
65
-106
-224
-94
140
361
452
234
-86
-210
-126
59
433
738
873
1058
1033
820
567
323
205
212
469
666
787
936
731
435
45
-516
-1068
-1490
-1596
-1432
-878
-327
-99
-82
-270
-458
-424
-94
184
367
411
237
257
447
637
694
540
407
273
468
709
645
438
-218
-912
-1404
-1522
-1192
-687
-70
250
138
-291
-1015
-1748
-2104
-2087
-1806
-1248
-674
-331
-81
80
183
357
562
583
430
478
521
617
863
879
780
817
901
865
1047
1223
1179
1281
1227
946
820
668
388
253
239
226
321
520
575
585
652
541
244
192
65
-221
-335
-744
-1001
-964
-912
-837
-832
-707
-809
-1003
-1064
-1182
-894
-380
-23
125
34
-325
-963
-1375
-1535
-1389
-1000
-642
-451
-301
-38
-14
35
110
-35
-282
-695
-901
-681
-105
770
1357
1744
1912
1581
1155
855
737
836
834
501
164
38
327
702
867
853
438
-4
-320
-614
-716
-733
-856
-909
-751
-436
25
529
865
1002
985
690
247
-165
-354
-415
-467
-519
-616
-475
-97
345
635
707
468
-46
-483
-620
-408
5
260
128
-150
-247
-243
-224
-83
-310
-495
-541
-753
-562
-374
-448
-685
-1004
-1225
-1144
-836
-598
-402
-187
-195
-375
-282
80
501
919
1042
799
882
1094
1026
954
745
335
181
176
232
710
1129
1293
1156
755
451
144
-99
-181
-370
-481
-531
-663
-464
-90
179
190
-118
-404
-414
-277
23
155
103
114
-50
-155
-77
31
-40
-259
-388
-393
-185
-66
-551
-1039
-1395
-1545
-1308
-1097
-679
-473
-311
-166
-162
221
439
256
15
-39
36
330
568
572
826
977
700
410
103
148
360
315
323
304
505
628
641
681
913
1192
1218
1269
1136
1083
563
-353
-1043
-1587
-1444
-1044
-891
-417
-128
-283
-515
-1028
-1156
-979
-689
-292
-72
220
348
77
-92
-53
-105
13
-134
-280
-140
-18
146
112
83
74
-239
-632
-793
-757
-258
399
811
984
992
667
249
160
162
330
419
397
256
363
456
106
-217
-788
-1196
-1310
-1185
-651
58
878
1180
1059
670
38
-349
-637
-680
-578
-458
-356
-368
-90
176
610
1041
1041
1115
791
314
-63
-298
-76
320
752
656
350
64
-70
279
805
996
708
210
-316
-277
95
186
-247
-966
-1433
-1197
-299
517
907
479
-462
-1176
-1460
-1217
-1115
-1759
-2757
-3473
-3142
-1954
-647
436
542
69
-395
-738
-306
934
1856
2069
2052
1403
1277
1634
1903
2178
2322
2196
1579
1041
596
164
-229
-392
-734
-513
-27
-77
-342
-532
-579
-370
95
-34
-204
-456
-757
-805
-533
170
1021
1567
1690
1557
874
443
-56
-263
189
591
562
138
-606
-1131
-1176
-813
-315
-254
-20
-554
-1171
-1283
-1315
-1058
-889
-883
-1254
-1282
-1422
-1655
-1165
-441
231
283
18
-416
-654
-340
-355
-187
23
-203
-214
-305
3
620
756
685
693
1049
1619
2365
2548
2496
1944
780
-308
-680
183
919
1279
659
-254
-500
-158
942
1829
1841
691
-1007
-1827
-1255
330
1385
1873
1699
1321
1344
886
1110
965
509
401
-693
-544
-564
-1241
-1588
-2401
-2389
-2233
-2213
-2186
-1386
-603
-215
-199
-564
-521
-387
-691
-882
-1441
-1305
-1414
-1685
-1181
-773
-84
610
758
510
-89
-761
-1237
-1015
-167
450
456
305
43
119
851
2073
3016
3255
2912
2232
2113
2933
3301
3292
2845
2390
2062
1691
1440
654
-32
-443
-800
-1073
-926
-951
-980
-1036
-1195
-1431
-1335
-1490
-1489
-1491
-1267
-1277
-1921
-2018
-1845
-1174
-415
-305
-433
-398
-369
-624
-834
-472
-68
392
567
698
868
770
264
-768
-500
206
571
631
477
762
1069
811
-33
-872
-904
-993
-891
-531
111
695
657
707
509
779
459
-18
-319
-171
340
237
39
33
-250
-337
-853
-714
-8
601
1250
1275
1600
1438
670
115
645
1033
1378
1227
440
1493
2714
3346
3466
2689
1928
874
471
205
-421
-590
-1765
-2203
-2361
-1828
-1811
-2258
-1873
-2150
-1807
-1669
-1645
-778
-641
-176
-1055
-1509
-1797
-1792
-987
-632
350
-100
-604
-608
-823
589
1227
1503
1132
-34
-44
-519
82
471
845
1230
709
-71
-1017
-1199
-888
-1028
-1042
-1374
-123
1025
2404
2646
2277
2305
1992
2459
3098
3599
3811
3117
1810
1026
925
807
280
-28
-430
-555
-921
-1230
-1945
-2126
-2165
-2408
-1920
-1324
-1076
-1021
-647
5
496
741
200
-305
-443
-405
-507
-690
-275
-192
-166
-249
-629
-774
-1136
-1384
-1559
-1180
-499
-416
-312
-274
-162
125
550
733
618
581
467
763
1416
1956
1771
1320
1007
264
140
327
516
1060
1460
1349
721
339
-223
-571
-603
-411
-280
245
738
922
1236
1207
708
150
-875
-1514
-1821
-840
865
2234
3292
2905
2021
572
-1175
-1901
-2384
-1520
-1075
-1166
-1004
-1123
-463
-360
-515
-1720
-3000
-3400
-3597
-3030
-2182
-2179
-2627
-3410
-3826
-4308
-2820
-1912
-770
619
1285
2752
3820
4995
6229
5662
5847
4786
4041
4342
4349
4965
4511
4035
2911
1332
491
-277
-802
-763
-927
-1230
-1510
-1395
-2094
-2455
-2882
-3132
-3025
-2442
-1559
-1187
-608
-756
-1528
-1848
-2676
-2691
-1923
-1059
-26
213
622
984
1083
1254
1027
922
747
506
331
449
806
908
1186
1283
1316
803
316
123
459
1438
1822
1285
515
-57
-539
-761
-168
-191
-240
-271
-949
-697
-449
-729
-1004
-1887
-2349
-3483
-4000
-3502
-2607
-636
726
1431
1084
579
-116
-462
500
1668
2569
3216
3761
4406
4764
6019
6705
5938
3104
-247
-2850
-3986
-2812
-2566
-1437
-883
-3061
-4701
-5278
-3329
-903
-2061
-4726
-7102
-6717
-4027
-3123
-2262
-725
-637
-155
-724
518
3275
4076
3969
4491
5121
6007
5376
3968
3999
3948
3739
3095
2395
2485
2233
1843
1329
1184
1154
29
-1433
-2479
-2666
-2608
-2909
-3672
-4166
-3556
-2641
-2954
-2648
-2193
-1675
-1158
-1426
-1636
-1225
-829
-1081
-971
181
1837
2924
2380
1738
1357
1218
1326
1364
2313
2510
2166
1402
893
1892
2343
2227
1910
1404
1856
1665
1756
2047
2972
3578
2758
951
-1038
-1993
-2181
-2644
-2879
-2574
-2013
-3470
-5545
-5877
-3954
-1731
-2697
-5201
-7172
-6981
-5147
-3923
-875
2120
2700
913
-1233
-482
-8
-13
-1218
-2292
-1645
-1515
-218
1207
3373
4780
2611
553
-408
-708
416
428
894
2876
3361
4868
5466
5044
6381
5981
5820
6173
5170
4602
4100
2980
2192
-156
-1383
-2008
-2790
-2198
-1309
-20
209
-1159
-2099
-3028
-3907
-5522
-6948
-7441
-7034
-6503
-6430
-5647
-3924
-2608
-1774
-560
-101
31
227
199
934
2325
2846
2663
1800
1226
1670
2185
3219
4215
3850
2705
1463
1335
1823
2156
1639
264
-948
-1182
-228
746
1583
1334
-256
-538
-1732
-1935
-630
-371
148
-897
-1179
-1009
-1350
-1965
-2571
-2432
-2008
-1363
-758
-228
232
-331
-1325
-2348
-2582
-2280
-2228
-474
1362
2601
4071
3294
2830
1739
660
1063
952
120
-1961
-3189
-2129
-1021
-1177
-1439
-3024
-3268
-2861
-2183
664
1460
1189
636
-197
1101
1874
1984
1840
1502
1458
1020
784
1965
2736
2351
1461
818
619
-47
-1311
-1499
-670
273
1306
1116
1308
1214
1183
1362
644
-920
-2983
-3966
-4074
-4092
-3320
-3023
-3104
-3191
-2858
-940
827
2188
2390
1484
1418
1090
1854
2133
1602
698
-399
-477
538
2126
3072
3858
2909
1595
708
316
1360
1393
717
-465
-2666
-3259
-2599
-1027
1414
1613
172
-1674
-3888
-2999
-2526
-2185
-2302
-4765
-6433
-7822
-7085
-4840
-2610
-1222
-208
283
-29
-479
-730
-610
-252
-942
-1794
-2248
-1968
-488
1213
3466
4410
3712
2647
1575
2451
3380
5343
6032
5436
5375
4617
4993
5160
5095
5187
3836
3415
2753
1766
1014
-535
-1420
-2289
-1942
-2550
-3408
-3463
-3998
-3519
-3371
-3338
-3639
-5073
-6008
-6106
-4429
-2926
-1635
-710
-910
-1400
-1939
-2041
-1210
-284
821
1018
1493
1418
377
790
814
1961
2795
2357
1760
1126
1628
2816
3439
4079
4015
3087
2358
651
674
577
-655
-509
-2612
-3302
-4235
-4748
-4066
-3650
-1567
-655
419
-679
-3088
-3670
-3539
-1569
-1054
-1018
-2290
-4154
-2640
-1899
549
1723
1317
2025
1314
2075
2651
2993
3092
1584
1871
1116
913
1180
1790
3940
3715
3283
2544
1501
1577
1339
1316
269
-1472
-3078
-4322
-4162
-3436
-2997
-3258
-2622
-2595
-2752
-2403
-2902
-3215
-2800
-3032
-3251
-2689
-1537
-589
-249
683
2513
3199
2931
2490
2927
3909
3796
3940
3641
4561
4568
3558
3802
3728
4042
2877
1266
454
-684
-526
-895
-974
-1483
-3613
-4874
-5872
-5145
-3860
-2621
-1815
-2033
-1399
-1645
-1340
-1040
-1341
-1353
-1791
-1352
-838
277
181
768
1089
953
975
833
2895
3487
3938
4163
3305
2732
966
-115
-852
-1387
-1686
-2825
-2753
-3448
-3094
-3124
-2613
-1782
-2468
-2127
-2988
-3462
-4198
-4485
-3711
-4621
-3574
-4342
-3562
-2041
-1240
1001
592
1446
2730
3885
5913
5870
5887
5743
5937
6979
7030
7876
7214
6564
5998
4580
3263
831
250
-807
-992
-679
-1387
-927
-1497
-1978
-2902
-3189
-3810
-4633
-4191
-4079
-4299
-5471
-6270
-5742
-5125
-3822
-3359
-2540
-2494
-1891
-78
234
941
688
652
1096
341
-285
-1059
353
1060
2385
4247
4391
4396
2835
2638
2861
3731
3465
2027
2500
1752
1702
1573
2140
4932
5480
5823
2782
1650
1029
-1610
-1680
-3379
-2776
-5628
-8870
-10035
-9829
-5752
-6109
-5412
-5767
-5573
-3441
-2587
1118
1411
-343
-3250
-5558
-4136
-2661
-161
1484
2956
3750
2077
1260
1870
5859
8460
10355
9540
5252
4156
290
-261
-319
125
2312
998
1140
154
531
1948
2195
2796
1547
-288
-1502
-1996
-744
-649
-1149
-2584
-2658
-2263
-1582
-819
-1840
-2370
-3531
-3681
-3954
-4335
-3423
-3807
-2557
-2346
-1672
-422
-440
297
756
2537
3477
3995
3717
2222
2021
2119
3670
4802
4100
3262
1636
2031
2138
2496
2378
431
-1168
-2918
-2493
-2477
-2673
-2204
-2828
-1881
-2031
-2705
-4623
-5658
-4361
-3265
-13
2205
2002
637
-877
-1313
-885
1556
3507
3856
5132
3815
2377
1276
761
1509
2025
3076
3088
3029
3562
2669
2783
3059
3978
4915
1923
-1311
-5452
-9407
-12572
-14218
-12268
-12857
-11226
-11346
-10399
-4624
636
4826
5985
4461
1341
103
1704
3815
5125
4624
4639
4192
4601
6715
6830
6615
6266
5811
5375
4522
3839
2216
2067
3991
4569
5537
6052
5573
3868
3245
3245
1757
-636
-4200
-6442
-7606
-7816
-8192
-7988
-7992
-8378
-5861
-6576
-5029
-4726
-4729
-2399
-3892
-4352
-6644
-7683
-6382
-5616
-1044
1030
1030
2094
1936
1840
4652
11004
12972
16256
17076
16260
17300
10275
8154
8083
8503
5608
-3289
-6019
-7434
-5511
-6153
-5442
-2770
-3701
-8372
-12209
-13273
-18609
-24035
-23911
-23415
-18170
-14981
-14403
-8093
-106
6290
4930
4380
9208
10593
15243
16342
19223
19995
20069
16389
11155
11314
13719
14161
13786
14298
10633
4517
1704
3028
4363
4152
773
-2296
-2789
-1761
-5156
-8492
-8770
-8326
-9264
-10660
-12839
-14455
-14477
-12086
-9262
-8811
-7538
-5864
-7728
-9518
-8739
-4891
663
201
182
-1079
-74
2739
3557
6078
6334
5521
6258
5808
7921
5828
9025
14034
17697
24338
21529
22252
16813
12684
14782
13905
11837
7350
1936
-3404
-9025
-8550
-12963
-15926
-20775
-31602
-31231
-32201
-31183
-31638
-30217
-25619
-29992
-27166
-28866
-13413
2867
10495
15836
5123
9784
10865
13996
27246
27191
31711
28328
29204
31661
30520
32157
29612
26678
25509
23735
23228
17637
16168
9977
6898
4143
-2369
-1765
-3581
-8409
-8583
-13332
-14605
-22345
-26835
-25259
-29153
-23401
-26897
-23678
-22108
-23713
-12991
-20056
-15671
-24299
-24506
-15760
-21638
-7628
-8193
-4393
827
-1573
10205
10602
25008
31472
29601
32596
31007
32128
30781
32132
29452
29600
23192
10009
2026
-9244
-18411
-25551
-30172
-30566
-32076
-31359
-31698
-26441
-25751
-19515
-25358
-25823
-29488
-25130
-15482
-7252
4227
-1598
2795
5505
7104
13499
16655
24255
25547
25950
27435
26315
30541
22624
24096
21066
25422
26033
16238
22534
19126
26289
24389
17772
18343
6858
11811
2741
-93
-6336
-9110
-9548
-25683
-29348
-32069
-31588
-31987
-31896
-31949
-32218
-32033
-32478
-31823
-32392
-31277
-31135
-21411
-17377
5732
3818
8504
23875
14645
32766
29782
32099
31296
31977
32115
30875
31690
31030
32110
29986
27631
25359
9261
3427
-21962
-28979
-31206
-31907
-31188
-32067
-31967
-32290
-32136
-31836
-32458
-31309
-32539
-28610
-29876
-15497
-4821
4502
10173
10295
16350
15797
22712
28644
30103
31031
30496
31437
27792
29759
26933
22038
24082
28719
29511
29153
26806
26649
25179
25341
18690
23581
18023
19554
16025
4957
-437
-9333
-25757
-32723
-31167
-32701
-31831
-31993
-31585
-32225
-31822
-32089
-31918
-32562
-31784
-32225
-31894
-31282
-29460
-17477
-14313
6101
23389
26922
31055
30392
31260
31286
31368
31415
30850
31178
30814
31412
31048
31054
31119
29714
31197
16203
11048
-10212
-28480
-30881
-32768
-31886
-32658
-32142
-32221
-31948
-32155
-31799
-32146
-31200
-32768
-30391
-32768
-19913
-24170
-14207
-4471
607
16089
22231
32168
25234
29839
31509
30702
31451
30932
30210
31061
31427
31257
32457
30279
31592
22631
20766
16518
15308
22891
11215
13435
1761
3718
-7971
-5218
4741
-4368
-12254
-13488
-25868
-28434
-30508
-32307
-31653
-31978
-31699
-32314
-31100
-32104
-30909
-31501
-31276
-31612
-30103
-31652
-25305
-14933
-9147
16707
26176
30136
30694
31664
31920
31929
31985
31891
32351
30994
32310
30634
32767
28752
32766
12880
-6543
13632
-27024
-25487
-25233
-32422
-30464
-32025
-30965
-31912
-31587
-32161
-31712
-32425
-31122
-32767
-29714
-32768
-15463
-27781
1923
9710
5838
27646
11911
23934
8358
24670
30944
27948
30736
32229
27180
23685
30693
32767
26919
32766
15517
6335
22769
4777
14235
14171
12795
12404
5832
16561
-1475
17609
16845
-13735
-705
-32320
-10234
-15665
-23108
-18401
-27670
-19371
-20454
-27772
-27649
-24902
-26085
-23981
-32767
-26945
-30816
-19295
-16586
-12435
-18349
359
-8713
-1772
28023
6592
29285
7832
29232
22291
26310
30505
20988
32652
22055
28600
28997
18003
12604
8442
9565
-8226
9474
-8764
-30370
-18934
-31359
-20054
-32768
-20430
-23279
-27302
-26010
-32767
-15366
-16772
-15223
2253
-14911
-726
17691
8030
18220
11931
17675
25318
32766
11608
18881
32766
28511
13718
14533
8991
15771
-6680
-3038
-16558
-14878
6567
-12488
-11422
-8266
10900
-14327
-2843
1930
-19959
4504
890
-17354
-3982
5457
9433
4926
12281
1887
-3191
12799
6470
12890
-10241
-1298
-4372
-10070
3569
2681
-6257
781
1526
228
7839
-6809
8831
-8053
-9763
-16017
-771
14122
-616
9124
-32768
-4296
4382
-5689
12066
-18254
13815
-19208
-15789
-5025
-7094
2359
-10351
-20366
-26347
-17138
4381
-16559
-3433
16364
-9652
12023
7628
9064
11148
21019
21897
1712
6089
7137
22303
9551
27802
6474
4837
26456
18560
7637
25766
1474
-6632
-12138
8117
685
-16139
9856
-19573
-11071
-18484
-11904
-11940
-4444
3118
-30446
-14689
-7588
-27557
-15053
-13439
-3533
-19364
-17
1941
-13378
27738
-9704
-4692
4195
6942
11557
5920
32767
23644
27181
27262
9831
28380
22287
19721
2324
-859
1692
-16004
-1932
-3041
-398
-23896
-12586
-9446
-20473
4817
-13565
-32767
-22803
-13008
-11417
-16086
-2266
-12858
-9476
-4692
12905
-8968
-657
6251
-9140
5037
-11003
4846
-17888
11596
-3347
-6722
-12550
5842
8917
9893
22980
4677
20207
18598
32069
12762
17780
31567
22530
8118
11541
8349
209
19094
161
-6670
1482
8741
-807
-13530
-3516
-28707
-12230
-29098
-16469
-27262
-24217
-16931
-13518
-22805
-28857
-14098
-25267
-5879
7550
-9164
-4898
1263
2873
3536
-1462
22412
16335
17052
22127
7541
19952
25400
19746
6152
14815
15405
-4778
2712
-7854
1058
5877
7516
-7057
-16086
-9435
-2867
-6134
-4900
2192
-10718
-7648
1228
4192
11209
12956
-2988
-1870
9130
22512
8913
7902
-1427
-4707
-3954
1245
-2849
-3274
-9797
4241
-6641
1491
8255
-10595
5530
-13224
-2254
-4591
-9194
3524
-1551
2328
-1158
7086
10200
3217
19130
4128
5524
-2511
-16830
-5270
-7579
640
-5084
-3551
-9351
-15094
-5327
-12015
-9373
-11998
-23546
-13376
-14877
-6050
8392
-11633
5507
-1386
1715
13713
9908
6764
5039
23165
21606
30896
18874
9238
16948
2869
15486
-1342
-6086
-13878
-12309
-23711
-16513
-13742
-16770
-5497
-6527
-12240
-6566
3068
-3864
4265
4151
6290
6926
5519
7834
3806
18486
23982
11796
9439
3059
8695
15577
8578
-2166
-5720
-16713
-9163
-13222
-6689
3745
-5228
-9694
-5229
-2914
-3812
5519
-3838
-7697
-11056
-7119
3120
13517
10253
8061
14850
16194
17295
13378
8452
11718
-340
4424
-14731
-11164
-14788
-17089
-13110
-17145
-14870
-13133
-10835
-8515
-12259
-15129
-2297
-10049
186
-2105
-5284
7310
11164
8361
15611
11471
19675
18501
12684
13239
26035
15471
13489
9459
2879
6980
-462
-9341
-7141
-2475
-10759
-10227
-17271
-4935
-2651
-14092
-16504
-15926
-10044
-6943
-7599
-16207
-9569
117
-4179
-3772
5103
8528
4270
14942
5594
3280
8917
6304
8144
2405
19941
7131
11143
4012
-4973
-638
-1880
5523
-2193
-6244
-11465
-13720
-10099
-3127
-423
-6066
-1039
806
-4038
-227
2104
4938
156
4110
-2868
8039
13150
3073
-2270
3789
3915
5143
-2881
-4314
-12429
4297
-3832
-25134
-14678
-16688
-7751
-10863
-12423
-13000
-6071
-1535
309
-7619
-3065
8082
10153
6734
6993
6038
12162
15935
23180
13645
19022
18991
6385
2856
15043
3511
6604
9263
-11222
-6436
-2920
-5141
-6141
-1131
-6668
-14143
-7480
-13462
-5469
-1547
-14204
-9012
-17893
-6878
-5613
-5541
-782
6810
30
-1037
3035
-862
6053
15930
9022
8042
11672
4691
1857
6092
138
-4042
-2004
982
6877
5488
13579
2141
4217
6119
5652
-3657
8857
4597
-6044
-2675
-11788
-5405
-2055
-3039
-11876
-9450
-9719
-10246
-3118
-9123
353
-7270
-12362
-5488
-4028
-3275
-658
-6867
-16678
-6788
-3534
-6591
-7171
-4814
-5277
-3002
8987
7201
176
3572
1014
2985
5560
1139
-7778
-4751
361
1229
3857
12344
9629
14343
9721
13545
14166
15448
13513
6490
2677
4748
1188
540
-3372
1799
-6238
-8472
-6478
-10350
-2641
7424
-3640
-9657
-3044
-3149
-3747
-7204
-9192
-15954
-7169
-13873
-12775
-4229
4843
9546
9913
7123
9295
20425
12326
14047
9030
-5850
1180
-331
-6269
-5016
-6934
-10876
-3171
1748
1068
1754
5698
2058
-3212
-1587
-3370
-2045
-10958
-8301
-13150
-4656
4251
109
52
-4596
2486
-575
-2113
12146
6401
10810
2806
-3566
-4253
-4280
4507
-2783
-6808
-11123
-9348
-6406
-173
2883
-9907
-3910
2921
3142
6997
3770
-787
760
1237
9725
8898
7417
8471
4134
3654
11074
11268
5821
1044
354
-763
-3137
3143
-2536
-4391
-4258
-3699
-4099
-4606
-15045
-10813
-6150
-367
-2510
-10396
-3821
-4805
-805
594
5315
10493
1821
1455
-4639
-346
7003
2982
7917
5499
7244
5351
-2305
-589
1026
1722
-6318
-10722
-12405
-12622
-8439
-6454
-4877
-5452
-5229
485
352
2589
6352
9175
5345
6245
9326
98
-1039
2379
-4765
-1642
2837
-3150
1314
-2790
2952
5545
-612
3884
3624
4432
-2893
-6635
-9919
-13610
-5159
-8176
-3709
-5236
-4619
-6709
-4634
7874
4575
1416
4428
2812
5829
17771
11307
2265
1945
3090
852
-126
-1202
-4586
-6289
-4814
-2418
-2315
379
3532
4810
7875
1905
4778
1811
-5631
-77
2230
-4940
-916
6551
5707
6673
8806
6537
9437
13923
12692
6139
3653
2987
-5410
-10838
-15570
-16519
-11842
-14511
-18972
-18246
-6338
-1691
-766
-1404
-6720
1367
3953
7325
3959
2704
3286
-6463
-4301
-94
-4044
-203
-2083
-2173
3306
10339
9478
4588
8305
9090
7765
3352
5042
-3376
338
-6032
-12466
-3572
-4944
-8121
-5927
-1330
2444
5749
4706
4442
7215
8895
-3115
-7647
-5229
462
-4456
-9655
-8112
-10267
-6854
-2882
-3190
1857
6444
2962
-2394
-291
1498
7375
-506
-2160
-2384
-3607
5466
-5950
-5144
5774
10182
2608
15187
13657
4816
11209
11071
9382
10246
9192
-405
-4343
3815
127
-9061
-5113
-1588
-4341
-2742
-4201
-1638
4987
3980
-3355
-8843
-3760
-3156
-7834
-9279
-7663
-11625
-6174
-7764
-8963
-2673
-1425
756
2754
5749
6497
1973
-1193
2870
2191
4560
5711
-1383
-3605
397
1490
1641
4239
5476
12331
9615
6649
17311
9661
7284
5470
-88
-642
1891
-2416
-10833
-4709
-9694
-10971
-3393
-9518
-9950
-9746
-8433
-6008
-3290
3497
-1142
-3723
-5739
-9189
-1389
-1253
-1272
-3875
-9054
-6845
-4484
5755
13225
15940
14991
10710
16091
15783
19900
16019
8552
7803
-1083
-63
2173
-3658
-3594
-5388
-4119
-1979
2625
6414
45
-6571
-962
229
-2723
-5130
-16875
-18980
-14146
-12056
-10947
-12113
-6235
-7499
-4455
5589
5833
1928
-490
1404
7834
8790
6125
-2405
-519
1805
783
3625
7940
8175
8944
13407
11302
10952
11814
5287
6130
12589
12296
3583
-4303
-8065
-4709
-3078
-3490
-5414
-6984
-8637
-8736
-716
-2786
-4138
-2730
-6972
-4285
-4542
1792
-993
-5600
-6987
-1824
-6412
-10098
-6436
-6008
813
6657
3303
3470
7441
9916
10511
14278
15075
8972
1743
281
-635
1067
2853
-3452
-2345
7009
5388
5546
10721
8974
4287
1974
1694
-1603
-796
-10115
-20715
-12473
-8407
-9528
-18066
-17317
-10341
-7492
882
-1034
572
4765
1908
3173
5380
9795
1396
-4699
-5553
-406
7810
11057
4624
3295
14162
14817
17528
19563
13633
10326
12387
10285
5415
-2243
-6525
-15347
-13408
-774
-2868
-16706
-19677
-12981
-2693
11697
13421
-2020
-7220
-8395
-2547
-1421
1194
-3648
-12742
-17893
-12447
3746
8600
1754
-13528
-9163
6307
12571
11259
-38
892
4050
6569
13130
10564
8678
-3630
-7434
8644
15032
9181
3750
-3516
1367
13482
21201
10508
2365
-5234
-10341
-1972
7255
2730
-10379
-10321
-18270
-14570
785
-3623
-13749
-20140
-21677
-8936
5448
1727
-863
-4250
-8212
-1768
3963
13937
11611
-3431
-8636
2795
11386
8618
4462
-4677
-2040
8426
13766
17655
13631
8820
4823
4342
18973
11064
6130
-4147
-14549
-334
3444
-933
-11192
-14805
-12127
-4280
-500
-1111
2375
-2957
-3773
-5554
-2119
-2502
-5849
-8570
-7345
5514
-3192
-8091
-12667
-12309
275
4896
5495
1234
5546
7639
8486
12934
10883
4491
6639
4393
8015
7675
871
-1665
-2498
-1970
1182
6366
4189
3635
10913
12651
6395
7307
2658
4436
5986
-4593
-12799
-7794
-5031
-17283
-17448
-18687
-16401
-12939
-12292
-2410
389
3718
-3030
-9484
-249
10090
7489
-1188
-3116
-2415
2447
-262
-121
-1172
2249
6926
4170
15585
17913
19137
14096
11273
20821
19244
10543
-1635
-10461
-9511
-10151
-13459
-11516
-8747
-14040
-13645
-13915
-4451
17156
18340
4584
-588
-1636
3748
8087
2681
-9348
-16702
-20975
-23675
-13075
1359
-358
-10000
-3920
-496
18223
24628
14556
12988
3972
9589
5501
811
-4391
-12816
-12507
-2737
1713
2766
7279
-1008
-2020
7405
18272
22222
11604
3443
-1973
-7241
-3073
-849
-13167
-15491
-15407
-14702
-3954
4388
-6458
-6190
-8918
1299
7134
12057
4756
-6447
1171
-6250
1255
-72
-8376
-10384
-5837
-6592
2510
8680
2245
-671
1309
9800
10743
9870
4215
-64
-559
1306
317
-3170
1501
-2644
-3562
-844
9530
6804
-1488
-7509
-4190
-2238
8777
6849
-9681
-6462
-7600
-2672
4834
2180
-1901
-237
-5856
-7503
5054
4888
5700
-3986
-12572
-7327
-2159
8407
13051
4063
3136
-119
6477
6474
4989
1062
-13222
-10910
-6204
-11233
-8344
-176
-4926
-581
4009
28
-1003
7010
7777
-1571
9927
4918
1940
6980
-4932
-6514
8921
11436
-940
-3923
-4067
-5213
8391
8425
-3506
3443
100
-9733
-2610
-777
673
-223
-11525
129
3763
9036
3054
-17695
-17066
-20618
-8626
-2772
-2236
1261
7912
6333
7875
20523
7244
5788
6144
-4509
-5933
-663
3933
2071
4627
6956
-9198
-15729
-3280
7571
15026
26084
19614
-72
-3257
-2122
-7587
-5742
1687
-17883
-17953
-8561
863
8879
-1174
-3997
-21393
-9167
7229
-1030
3359
-3730
2922
11154
5493
6344
-5634
-16391
-1160
-6120
5525
21837
3043
-11363
-14885
-8090
4414
12925
18755
2905
3790
15996
5730
-3397
692
-6427
-19908
-14256
-654
891
2430
4119
88
1160
7063
7042
-5330
-6169
4180
-1884
-202
-1468
-12023
-17708
-9848
-654
7423
5496
7718
1542
-2294
6898
7275
-1787
-7757
-1798
-261
1789
5791
-111
-15377
-8269
10799
11250
14547
5199
-4775
-13952
-8661
-2446
-16910
-14526
-11894
-91
12388
28695
16896
-6642
-14588
-5659
-1204
8076
18462
-2603
-3209
4772
3157
-1587
-586
-5898
-8572
7939
16422
14763
9606
-2236
-12945
-13104
-4123
-6914
-7526
4103
-292
5062
4219
112
-15126
-16893
-4862
-6929
-1718
3619
1506
-6950
11606
3555
-12943
5270
-7882
-1350
15362
17285
4154
-11541
-12058
-15199
-16124
-390
11631
58
9501
7841
4828
11803
9198
6655
-5007
-4386
8215
2879
15783
8436
-17610
-15454
-15411
-16482
10182
3907
3232
12156
-5875
5535
-12354
-19604
-4480
-13907
7861
10923
384
4444
1918
100
-8094
-1597
-6978
-8714
9483
16391
6039
3819
5839
-7534
-3846
6342
5825
5702
5844
-7053
-14320
-2517
-1564
-6028
-14158
-6763
6108
6895
18523
13700
-1884
-7242
-2622
-4274
-5041
7507
-5198
-5061
3491
1200
-8666
-16148
-17701
1937
6170
10191
17285
872
-7584
1994
5282
-5232
-839
4186
-7568
-2829
15664
10627
-3865
-3660
-10163
-16673
3937
2401
5005
601
-9772
-3193
-13406
289
19486
2284
-1152
-1917
-5771
7808
17742
-1249
-23302
-20382
-6544
-5259
15029
25877
2494
7074
5143
-3444
1086
6455
-7257
-24572
5062
8959
-5252
11874
-2050
-14675
-3597
5899
12179
-2218
7807
-253
-20702
-3912
3233
-10073
-8196
-8341
-5293
109
14289
4114
-11541
-14039
-10259
-4023
4234
15610
15015
109
-1695
-4890
-7148
15985
7756
196
-383
-4152
4210
6104
-6333
-3490
-2366
-4251
-1053
21953
17851
5500
-3847
-28353
-18457
-570
4321
2893
-11629
8665
5687
1195
7418
-11220
-14036
-12180
-8764
4517
5726
17717
13859
-11755
1246
13137
-6307
-1225
-7824
-14849
2055
3179
3188
-5141
-9462
-5579
3892
5073
14168
18790
3573
-6706
-4489
-3103
-3882
-5354
-3639
-7784
-1336
9263
-2788
-1411
8690
-2457
343
-506
1402
7920
-2318
-4115
-3014
-3288
5283
-1792
-5439
-11249
1727
1015
-6675
660
-3852
-5963
469
2738
14362
15418
-1728
1527
-5327
-9017
12540
2304
-12778
-7112
-7665
-750
626
9009
11959
-2281
-1780
-1142
-1900
14023
17010
-6235
-4693
-8004
-3429
8844
-9542
-5127
-4347
-12108
9859
5842
6602
9090
-15911
1867
8065
7382
18138
109
-13601
-2057
-1023
-1039
-16965
-22333
-14003
-15314
4916
16177
9217
9640
4121
-5677
815
1814
5834
-6120
-5064
5581
5415
5500
-3426
-10347
-6458
1764
4952
2303
7299
10544
7131
-4590
-2531
176
6104
1202
-7170
-1835
-11112
-2081
84
-9486
7245
2476
-18046
-11533
-12180
606
20655
11564
3042
4902
3459
3160
13399
3917
-7003
-8125
-7987
-12886
6271
651
-392
-355
-2679
12626
12793
4367
1412
-7909
-8626
-2937
6048
-1399
-15732
-508
-8229
-7558
6325
-1392
-10435
2889
768
4203
7251
9953
4423
28
-8101
-3025
-4565
1689
4262
-1202
4195
-5220
-501
-6206
-22017
-7662
569
3153
15518
11499
10644
-1895
-174
8876
4649
4263
15636
-8968
-4472
1209
-8926
6545
1177
-7154
2349
-5481
7046
311
-10735
2387
-7976
-3846
-17
-1552
3175
5745
-483
-12005
-15396
-3832
640
-4579
2940
652
6111
9096
14105
5403
1821
-9614
-6929
7309
5458
18816
12066
-12272
-9915
6736
-2442
-3482
-10667
-18424
-9228
10387
12295
3932
-10525
-5141
-3056
-8074
4668
-1487
-1877
4260
-242
10022
5944
-3071
1697
-14168
1695
15845
-6393
13363
11536
-5447
10372
-2367
-15509
-13187
-673
9694
6584
12069
7744
-12381
-7631
-10522
-5382
6015
975
-2133
-6317
-11678
-4845
-9870
4292
13033
12808
17957
5457
911
6073
-2990
-11976
-6286
-5267
-275
13093
15819
10259
1924
-10210
-19834
-10924
1785
13381
1560
-294
4296
-1399
11519
3852
-20241
-11968
-8211
-2046
11397
9376
9839
-5610
-9976
-3404
1753
-7481
11813
588
-5486
23700
8646
-6565
-2240
-17095
-8815
2817
372
11908
8338
7541
-782
-16219
-3883
-6622
-7120
6373
-13724
2859
14842
7658
25143
5948
-11852
2705
-8580
-410
9359
-6874
-10713
-17720
-9149
13723
12525
2540
-7186
-12583
6531
15072
12737
6114
-1123
667
2347
198
7102
-7057
-21306
-9933
-4339
5243
19543
10204
-3598
-4274
1962
6190
-528
3693
-3484
-8259
9389
4726
-4522
2489
-7374
-14027
-9584
5071
7286
-8890
3371
7266
4602
20227
10739
-15336
-11750
-11054
-729
4146
9329
15967
6062
-1232
5709
1462
-3378
8836
-9917
-18707
2674
6453
7105
10245
743
-8693
-12196
-5829
4038
9747
7579
4481
-7169
-5298
4283
-1703
-9971
-9274
-5941
7654
14797
18158
3443
-6679
-2038
-9347
-10753
3844
12323
1509
10240
2006
-535
6736
-5495
-9432
-4395
-1024
13544
6532
-6960
1631
-13940
-8299
4408
5236
2604
6107
-136
3959
4849
10364
2137
-14060
-9176
-6455
5162
13670
10346
3089
1879
-15374
-4317
829
-3544
-170
-14701
-15488
903
-1756
1832
1559
4727
10630
13966
9987
-4952
-76
-645
-1315
5884
6847
10354
3298
-1573
-9210
-2359
2198
-1440
-4778
-1525
3296
8717
8069
-2334
-12985
-7422
-8160
-8163
2065
2575
4106
-2128
-6377
-11746
-3698
-2198
-6702
107
4854
6969
14091
9849
7234
5224
10222
6320
-5814
-9645
-3594
-3826
4595
7090
5674
5195
-438
396
695
-7993
-8110
242
-3365
632
6014
3501
3024
-3229
-12263
-1819
-10160
2282
7093
-777
3588
-2830
-994
-5523
-4310
11576
4285
4066
3073
-5941
-2362
5073
3596
-2730
-4834
-7166
-7240
7030
6923
-136
7104
3929
-9537
-8441
9675
-2274
-1899
13504
1394
180
3618
2872
1085
-12258
1086
-1501
-11386
5909
-6408
-4735
4829
8384
4887
4410
5991
-12574
-15629
-13030
1723
3769
2410
7237
-229
2181
13383
-990
-3769
-7522
-11753
-1171
10168
9730
2336
5797
2297
-7375
-9450
9282
8137
4427
8503
4391
8396
-4978
-10717
-21234
-21145
-9263
4203
6873
13478
13450
-7323
-1581
1276
-793
839
-3152
-5340
8001
1557
9541
-7541
-9648
-9077
-11204
5276
-158
-2734
2539
342
260
7357
2557
5660
-1095
-2559
-2806
9534
9722
1038
524
-1852
-3035
-11490
-6251
-11887
-11322
453
4970
16281
13952
729
565
-13662
-12524
8535
4095
3132
363
-655
-1578
703
-8688
-8205
-820
-3674
2273
12085
11315
6118
-1133
-3034
-1782
-4374
6653
-301
3062
6597
-9888
1526
4483
-1022
5685
604
1845
6676
-6033
-8096
-1440
-7371
-409
4403
5889
-3913
-12110
-4416
-5517
-14909
-9469
-7874
902
12197
10392
12459
4498
-11018
-11939
1433
-4248
9624
15981
4716
12742
5743
-3182
-10824
-17722
304
3637
10737
6233
395
3937
-4710
-2759
-3135
-9976
-5653
-5105
6642
2068
4486
5704
-8467
-9145
-10155
-7087
-2460
-6961
-412
-178
-280
4303
7116
10571
-433
7605
9152
3753
2075
-927
-9549
-3972
6613
11010
8079
1653
-7784
-1946
-3605
-5135
2768
313
4534
10202
1600
-895
-14004
-7327
-1573
-5622
8795
4470
-7239
-2157
-2349
-4925
-7712
-10933
-5540
371
8683
9275
7
-4517
732
-838
3765
5187
-2526
-4573
1016
-4971
10910
10576
-5458
-2646
-10604
456
13757
2188
9925
-8674
-20207
11146
8732
9323
-66
-4583
-6267
-11583
2166
10424
-1948
-7087
-3944
-6325
-1296
660
-10675
-4708
-439
-4939
15536
6084
-4885
1045
-11391
-3077
2937
1623
13768
895
-5583
-816
-4421
10981
6858
-3665
6376
-3156
2960
9038
2125
-5580
-7941
-10085
1876
7841
6485
9708
-5118
-6721
201
-4611
3023
381
-2073
7382
-1543
7325
-4175
-6565
-1057
-14619
-6090
-944
-1689
-679
1597
-3344
-6386
-8847
-2420
749
3193
9126
6108
5778
2231
-10668
-11429
-1248
2176
14780
7193
-1072
1712
-3325
-940
5328
-3557
247
2260
-3379
14213
5162
-2629
-6620
-17255
-4836
-4757
-3289
11996
4875
-2046
-10002
-16696
-1977
2960
-2671
2831
6497
-1121
635
-675
-406
1911
-6454
-4315
3349
4809
10849
3688
4245
4710
349
-461
55
-6209
-3395
-3966
-3859
14313
11167
-197
5670
-2585
-9427
5204
-1309
9217
-312
-16069
-5279
5441
4280
840
-10099
-10096
-9893
-4056
12454
-621
-9143
-4841
-3877
-428
10813
7174
1336
-377
-5399
1194
4062
-8529
653
-1363
-7599
13946
11240
5769
-40
-12892
-8090
-455
5399
-2056
-6978
2135
2485
4591
9813
-391
-6712
-11152
-9545
550
12688
6816
-7247
-2647
-8108
-6905
3809
-6119
-11262
-592
-6776
1017
7612
-1395
-6841
-3408
-3187
802
4656
9470
14763
3185
-8178
-3216
1251
5240
1326
2120
2171
-12116
-844
671
1729
9802
3188
-1939
5658
-3325
-4689
-1548
-3526
-6965
-4601
2511
783
4981
2241
-5175
-11209
-6271
612
-2710
-1700
5703
-3883
-1365
3598
7840
2865
-12058
-8134
-6541
-681
12386
7514
-6372
-7581
3790
-5871
-1609
10085
-11342
-8648
2770
1967
2676
1555
4826
-4281
-4398
6033
-1350
464
5387
873
-2784
3324
4032
-8651
-13678
-14635
-10981
3537
1446
4337
1799
620
8628
573
2203
1273
-16824
-7674
684
6263
10004
-4161
-8636
-3392
3387
6076
7349
1151
-9230
-7572
-6050
1628
9573
1173
-1425
-6413
-1479
4997
-1581
4141
4663
-6178
-2706
606
1968
2214
1949
-512
-6593
-1602
11711
6398
2959
11913
4194
-4692
1829
3451
-3534
2481
-4026
-4485
3545
-3518
6239
4201
-7047
2519
-8772
-6748
1240
-4502
-4637
-4981
-4401
268
2462
-965
-12451
-10000
-2152
1340
7433
13202
8162
-11235
951
2548
-2122
5609
3588
-122
5673
1803
7671
4924
-3341
2704
-1566
-4005
2700
6308
2214
-73
-5338
-187
3328
-965
-3296
-129
-6337
397
1591
-261
-3616
-11968
-216
8826
2306
5012
-4136
-8434
-2742
-1016
8402
9608
2789
-891
2395
1387
2640
-3328
-5126
-3242
-3023
4944
7673
9878
8220
724
-2429
-1308
-4400
-7089
2319
6093
-6071
3866
11813
8217
7105
-1430
-3658
-10703
321
6544
5829
6973
-1281
-3000
-2750
770
4359
-1391
-2548
-3131
-433
13377
7406
3909
-2647
-8231
-8689
-8278
-1299
-392
-4600
-5930
-3035
4763
10311
1077
-4859
-3503
-10300
-4509
7036
8014
14012
7222
-2157
4728
1068
-880
5464
6914
7804
-1825
586
2573
-2823
-474
5155
3594
-114
-3858
-4477
-5329
-2605
-520
-3124
1586
-6470
-1392
-1722
-685
2800
-85
6343
-1279
-6939
2131
3064
2679
-1550
-6261
-210
-1983
6245
9289
6494
-1719
-6202
-5108
2232
12403
2127
-3485
1854
-660
2317
7206
4259
-3305
-6195
-922
7344
12365
3252
-6795
-5281
-3847
5669
14149
8820
-2483
-4778
-878
3058
10798
9288
-1900
-11259
-10745
1004
6029
1694
-1157
-3355
-1194
1851
2223
3062
-562
-2968
-6984
-3527
7979
5219
2539
2135
-6461
-3932
-965
2343
7271
-1467
-279
439
897
8241
4540
107
1459
-3306
-2515
2633
7469
3728
-5413
-5042
2550
-2775
3618
5447
-8318
-9142
-5592
-1657
4699
4160
-1962
-7076
-3202
6524
2484
-1271
-1915
-5885
-392
9303
15204
7219
-5233
-9115
-9112
-2983
6912
9170
4177
-2247
1038
-7601
-5004
4883
-3111
546
-3091
-3211
-1766
-3547
1457
-3841
-746
3692
-997
5773
2300
1009
-935
-1641
11308
2907
-4061
4513
1310
7430
1321
4426
6777
-3434
1830
-715
-165
10015
-2549
406
1215
449
6235
270
2620
-7972
-11856
-9464
-2899
2849
3474
6891
-4096
-8503
-4596
-2311
2001
-5374
-2408
3091
1345
13833
5182
-7232
-11863
-11721
8407
10082
11150
9273
-3886
-6426
-7179
-3931
9285
-1220
-975
3672
-4710
729
-1666
-5811
-2633
-2278
2876
7748
4237
2540
-3686
-9727
-6534
-3127
-1018
5257
5023
1544
3414
-9374
-7858
-7300
-7342
4490
2703
9628
7914
-7860
-5649
-7227
-6191
3455
4001
1190
-1615
3286
3417
644
7084
322
-4755
-4946
-1952
3386
1910
3751
2772
-2887
-2488
2865
652
3102
1024
-4792
-706
5968
5206
6397
-160
-6240
-6392
-5022
6947
9089
3702
5112
-1044
-5584
2403
2171
3739
-279
-11329
-5118
638
5530
3762
-4446
-821
-4577
-5594
3094
4128
-3946
-9381
-3143
2518
4689
5684
-1690
-4768
-8275
-8350
2071
8319
8097
4023
-1139
1178
-4547
-8195
-2396
-2921
-3187
1996
3609
5781
1997
2503
2952
-1924
-4454
-3395
-947
444
2420
4304
2631
-2817
-5068
-1923
266
2350
6114
-4001
-5175
-2944
-3640
2973
-1458
-671
-344
669
838
-4373
-1392
2631
3286
5564
1829
-2302
-2837
-4911
-3446
-185
5445
673
3432
6347
3708
3601
-3032
-3667
-4439
-1301
4990
8884
107
-4304
-1982
-3756
-2379
10259
5039
-553
-1243
-3587
-1207
-2233
6783
2485
-5370
3887
2045
2157
6138
-5146
-2577
-2027
-6766
2530
7473
8109
2538
-7077
-9740
-10009
-5857
434
5608
8613
125
-4820
-5385
-3443
-206
-42
2714
301
-593
1701
-2394
-390
-4192
-1098
3745
4293
6925
4108
-36
-894
-470
-2460
-1175
2263
599
-2534
1103
550
673
5106
3667
-1438
-2624
-5055
-7575
-4445
4504
8253
-1142
-5343
-4305
-6770
-1637
3714
2005
2741
-5157
-6161
2006
2224
6165
4790
-4875
896
403
1608
5341
1251
3831
-2555
-3122
2780
12
1083
-1018
-4235
93
3955
1820
5922
3735
-1928
-4160
-2109
1012
3906
3471
5379
-3212
-5789
1186
-1700
2920
2814
444
1325
-3133
1587
1963
1626
4998
-2730
-3321
-70
-251
60
106
507
-2287
-5765
-4088
-2959
2707
6573
2769
-1951
-3569
-6670
-1398
6860
1808
2614
1651
-2319
-563
-617
5415
6106
1360
-1937
-4926
625
1228
-1411
6319
3205
-5284
-1708
588
2032
1350
1716
3167
-5086
-5874
-1844
2773
3799
-2804
-2203
751
834
732
99
2000
2943
-3121
-3663
6107
8279
2080
2353
-5527
-13265
-6927
1646
9761
9667
2600
13
-5156
-6934
-5933
-1861
3503
-863
964
6620
3343
517
1798
1900
2190
-2823
-3034
1166
1428
1086
6
4012
8763
863
-1064
2818
-1127
-3002
-6778
1121
9066
-3441
-2507
1088
-2499
-15
-4042
-4136
-3001
-821
5164
6410
5304
801
-5659
-2523
146
-1488
7119
8179
6277
6993
4970
-2622
-6448
-2705
5631
3994
2981
8774
-294
-6866
-5139
-2040
3682
4447
3461
2113
-2715
-1079
-6746
-4447
2248
-3275
-185
912
-506
2430
-2859
-4693
-5820
-2076
2972
3864
3502
2242
1602
-2488
-1757
-169
-934
6125
8678
4326
2133
-2671
-2165
-161
-524
1293
795
2828
5062
3848
1589
-2004
-6842
-11369
-8370
-2151
4079
7281
4222
-561
-5624
-8172
-5135
-1991
1021
2742
123
-891
-4155
-2754
4776
3720
3964
4925
-1335
-1304
2371
1007
713
1266
2284
1909
2173
3557
5075
4690
-1563
-6162
-4342
1022
1669
2036
905
-4770
-5395
-3414
-2886
-81
4208
7235
-1142
-1369
1768
-3826
-3259
-2665
134
1619
2241
6663
483
659
3414
-2511
1565
3791
947
-524
-674
4014
977
-2726
4303
1518
-837
2119
3924
545
-788
-2063
-6162
-1953
2214
3022
6055
776
-3553
-4087
-4420
-692
-1734
-30
-146
-1543
1248
-138
-1570
-1482
-4015
-3868
-1585
-229
2141
2894
1546
2017
-2551
-5413
-813
-2485
2286
8823
5809
3076
-915
-5369
-8364
-6476
2801
5508
7739
3763
-2868
-1172
-4595
-5316
-1565
-2647
612
-3169
-1694
3988
-1574
-3093
-3982
-3913
-1939
-305
4128
177
-1845
-464
-2008
-159
2184
974
2084
4911
3078
-2347
-222
43
-2838
-2746
3368
6179
1584
1404
783
-3419
-4317
-977
-419
322
1515
1146
-457
-1864
-6752
-7790
-2482
-1150
-762
751
2485
271
-5168
-4282
-17
986
322
3374
4531
1394
801
1740
2980
4589
1712
987
-2268
-5363
-2540
-1158
2482
3357
4114
1681
-341
29
-3525
-6959
-4039
-3386
250
5037
780
-3044
-2412
-3924
-1260
2678
1035
-204
-1878
-4029
-3448
-935
1763
550
-1905
-1248
1086
67
1193
-710
-5712
-5084
-2261
759
358
2923
1323
-2694
-741
-1680
-44
-481
-2244
755
-2221
1676
-660
-3952
-808
-2737
-225
-1600
-710
2086
-1139
-688
-226
-1198
-1243
-4898
-2814
-3865
-998
-153
-1575
2597
-2501
-4547
-3475
-2816
420
1232
-15
-83
-774
1388
658
368
-1484
41
-2637
-7486
-1250
2297
2388
-738
-2453
-89
-3832
-1929
3213
3657
3833
-822
-1544
-3458
-3265
318
-2612
787
2934
-3732
-3642
-2022
-516
-1534
1348
5067
-1845
-2049
-2145
-4888
-3562
-1038
300
-229
-1631
95
-1361
-299
1759
-912
-4454
-4768
-2258
2000
3016
1514
-1385
-1634
-484
-757
832
3100
2102
-2667
-3174
528
-2045
-3528
-627
-306
1507
1086
572
-2542
-3431
898
-63
1073
1302
-4644
-6127
-6131
-3274
-530
-1702
1256
2375
-3509
-2830
1228
-3989
-6329
-4271
-3022
-690
760
3468
4564
-915
-2871
-3253
-4055
-520
829
-437
934
284
-1667
-1224
-572
438
-823
-947
-1128
-3619
-2011
787
61
-2923
-741
81
-4744
-2259
-1719
-2125
111
-2532
1487
-880
-3517
-568
-4167
216
-15
-4848
-1836
-326
1552
897
36
3322
-5
-766
-579
-586
-2496
-2837
1377
657
2785
654
60
433
-4705
-3169
-4019
-2201
2003
1565
6861
2890
-2707
-4836
-7308
-2111
-4306
-824
3968
76
3622
-833
-2665
-3034
-6546
440
-1185
-1167
2404
-984
-318
-2742
-2466
90
-278
699
-1268
589
-725
-280
717
922
3441
-1333
109
944
-1359
2177
-3942
-2033
-643
-3115
2810
259
308
-1857
-6763
-5850
-5089
-1081
-812
611
4468
693
-1942
-2553
-151
-1575
-4371
-604
-59
-435
1704
2484
-94
-1681
-2602
-2210
-1876
-504
1878
813
-867
380
-1437
-3852
-1386
686
1538
1332
705
-1730
-1384
-3453
-72
1050
1775
4480
-3088
-2192
-1350
-3121
2918
2152
3286
2167
-3210
-1333
-2099
-1041
-1643
-5556
-2910
-687
2135
1395
1256
3
-2326
-4196
-5273
-2377
-1826
2519
5493
5479
5185
-1069
-7825
-9078
-4509
573
5146
8520
5344
1801
-1333
-3739
-2672
-3437
-383
853
1637
4456
80
-1689
-3108
-4441
-4010
-379
1817
547
2406
-321
616
952
-756
1190
-1342
260
189
-3344
-721
-2274
533
422
-2126
-594
-2776
317
1055
260
2715
1005
362
-871
-1654
-1910
-1670
1293
3813
4671
3739
577
-2748
-3132
3
-510
1998
3839
2056
2558
607
-326
-1651
-6177
-4077
-795
2199
5854
3306
961
-1677
-6714
-5681
-3867
-509
3323
2962
4725
2706
-2360
-3471
-4037
-4300
-575
3562
4598
4200
2297
2656
985
-1419
-2088
-1391
1089
2112
2503
1265
-517
-763
-3386
-74
1129
330
1621
-800
-402
195
-1285
-346
-1625
304
2306
1980
1363
2125
1602
26
-912
-1908
-916
138
1279
3116
2565
1364
-166
-2878
-2827
-1595
173
2660
1857
3479
2807
-214
-1480
-5292
-6220
-1026
916
4933
5320
3929
856
-5875
-3425
-2211
-823
3830
1763
3569
2061
510
1163
-2103
-677
-521
-465
3590
1869
-94
-196
422
1066
777
307
333
1303
-68
1134
2245
130
1150
-241
2082
3618
-1546
-1876
-1033
-1786
124
108
2543
3336
1521
-77
-2133
-2323
-1755
-477
1839
5067
2935
0
-585
-3456
-3471
-64
1791
1924
3039
3015
1396
-1776
-2990
798
275
516
3204
393
364
-904
-1052
1586
-367
658
-856
-1123
-195
-1664
241
-130
1206
1834
4579
5789
790
344
-4301
-4482
-2527
-2184
3209
2154
2760
4655
761
1313
-2682
-2278
167
-1631
2654
950
710
1667
-840
1167
-1372
1065
1641
1902
3347
249
862
-1780
-1369
-113
1161
4928
871
1356
994
-1907
-2844
-2059
2827
4479
2052
1074
-2486
-4879
-4067
-1550
2713
8307
6370
2571
2076
-2645
-2701
-5280
-2945
2530
437
5174
5620
4521
1596
-4011
-2498
-2965
2323
4467
3004
2685
-11
1305
-1156
-697
189
-5319
-58
771
2802
7095
1491
1927
-1252
-2834
1737
-2100
3145
4408
1827
4275
932
-675
-2130
-1575
671
2089
4772
2328
1645
-697
-1729
925
-1773
139
2663
1852
3276
955
-98
-1943
-4465
-118
-540
1820
4421
1307
-142
-3021
-1352
1029
1687
5528
2705
2312
1220
-2682
-1731
-526
1838
2499
2335
4445
1765
1943
2668
-672
-1440
-1297
-1043
16
3426
3708
1807
2049
1389
2206
-475
-1253
414
-3479
-1649
2166
2383
4643
2900
724
-204
-1683
-599
-1936
-1601
2777
2085
3132
4148
1390
-469
-1735
-1442
451
634
3329
5704
4087
4066
1192
-1816
-2056
-2204
-478
1368
4519
5290
2656
1596
-1131
-2085
-2097
89
361
2110
2952
898
1409
-1430
-3660
-927
-1217
2814
4293
1823
1944
-1058
-1205
1739
1717
3053
2299
-306
-216
357
974
3237
4249
2800
1872
574
-388
-1131
-2312
-3503
-469
1680
3406
3903
2561
1550
-3452
-5837
-3564
-2643
-37
2107
5320
4175
2119
1161
-1177
-259
-381
816
4131
2369
3786
2334
-1110
2500
252
1503
2039
674
427
-144
1468
384
2458
3211
-500
-984
-1294
1126
-1861
-2491
448
-297
1417
1110
764
2515
-1666
-1392
-921
-2400
322
-900
2083
3950
3294
3495
1155
1166
-2510
-2799
-902
-746
3400
3810
4930
3646
-633
-61
-2219
-740
2975
1871
2219
352
93
487
-1598
-1754
-493
559
1097
2935
1965
-713
588
-2984
-1510
3716
193
568
1377
427
1166
124
650
1631
-1310
693
3217
1437
2517
152
-696
1435
-202
843
619
758
1403
-500
332
-196
-1269
-623
1238
1517
1543
2212
-2861
-3324
-750
-1490
2736
2264
758
489
-3050
-928
-67
1491
3032
2190
2274
606
1414
-990
-2211
-942
-1976
732
1917
4402
3304
-243
753
-2639
-1688
-144
16
2070
-123
-374
188
-646
1349
1404
1273
647
-337
-116
45
-444
413
-1333
-106
178
1284
3172
1575
-530
-1376
-1282
-1828
-1038
2138
2725
2777
47
326
399
-1917
-1044
-154
1971
2936
1015
769
517
294
1246
807
2164
-345
-2355
-1293
-1471
929
-538
358
1496
951
3560
14
16
-1060
-4102
-1200
-1588
346
1610
-588
881
805
-28
-757
-867
-9
1197
1611
1639
3306
1855
65
-1293
-1413
348
2067
3645
2663
1329
-265
-1041
-2465
336
2408
1928
2330
-596
-909
-1052
-2397
-1383
189
433
-81
77
272
-1283
-870
-1162
-1898
-312
367
-1436
1535
213
161
596
-1860
482
-1932
-339
2208
1519
2045
918
1242
60
-1094
138
-273
664
79
2130
1952
-189
1478
-3643
-848
238
-3429
1326
-688
1172
1112
-723
1851
-1432
-1219
-621
416
400
-569
1554
-1168
442
393
-1227
985
-1907
2590
1289
-1049
3535
-1217
-174
-194
-3387
1406
263
-87
1778
717
1360
-419
-3101
-2776
-754
-381
530
1073
426
2246
-1629
-2081
1097
-940
749
212
-1676
2116
440
362
3094
-1837
-1544
-464
-2716
1124
847
-45
2549
-471
-559
175
-2941
-32
987
-399
289
-1370
-1358
-914
-2455
1423
1201
-261
1253
-266
-1016
-1989
-2693
-1506
991
1546
3573
3179
163
566
-1647
-3139
-1079
-2549
-196
1766
262
2194
1360
-1832
-1077
-1815
-1248
-745
-782
838
579
363
320
-35
-1821
-1686
-2215
-2024
1077
18
707
815
-2191
578
-1299
-1192
1210
-388
960
-199
-2
-30
-517
134
439
1824
999
269
-149
-1359
-1223
-1962
-955
122
511
1737
-214
-364
-375
-2025
-524
-1575
-1315
411
-2464
-1181
-972
-1316
-269
-2159
445
568
981
623
-881
-148
-846
-640
197
665
-55
330
1159
334
1414
108
-1071
63
-2241
241
841
-482
176
-1646
-250
-505
-2336
-23
-368
-1043
705
-1089
-2083
-727
-2736
-2133
-508
-797
787
723
-272
704
-1074
-1230
484
-1797
-1860
466
-585
230
756
-527
618
-20
-1472
-589
-1217
236
1042
-1591
782
-305
-2186
-1098
-1903
-21
454
-115
370
-574
-2526
-2251
-2046
-2837
222
239
460
1347
-2369
-2069
-2281
-2343
-704
-685
930
1044
-454
1345
-159
-1657
-1599
-3204
-1545
-296
34
1954
875
-246
-270
-1241
-1577
-247
-209
339
1966
796
-632
-1423
-1520
-2139
-2427
970
2271
207
761
-630
-1802
-2153
-3435
-1500
-647
-1101
280
-910
352
142
-3112
-1881
-1788
-911
-590
86
32
-958
-589
-1469
-1094
-2001
-723
92
-1130
-30
-283
472
944
-429
-466
-1184
-1103
-1179
-822
346
57
73
-319
-809
-1392
-1832
-1073
-512
-801
60
138
-249
-1034
-2115
-2377
-1998
-1635
121
1209
1257
434
-1950
-1477
-1127
-1640
175
908
752
777
-862
-22
112
-986
-1841
-1987
-945
-226
-914
-772
173
-1052
-1580
-1525
-834
404
-359
-1166
-1039
-1883
-1706
-2837
-2419
-129
935
999
221
-199
-927
-963
-428
-572
-109
-842
-1373
-949
-945
484
-271
-1040
441
338
138
-893
-2457
-2493
-1724
-1573
237
1775
1121
1255
723
-283
-1014
-2157
-1991
-292
389
1679
1167
-619
-1846
-2457
-1097
240
-239
151
-606
-2361
-1690
-2152
-747
-104
-255
482
695
-336
-386
-1194
-2657
-2153
-1114
-891
1245
1157
761
1148
-270
-471
-997
-1651
-669
-963
-722
130
-762
111
72
-534
-676
-684
-129
-567
-913
-1851
-1307
-2271
-2423
-943
-562
1868
2194
668
608
-634
-2254
-3061
-3065
-753
257
-229
359
224
890
-38
-661
-805
-1547
-1151
-2043
-1356
-563
-258
-452
-914
86
1126
322
-184
160
-130
-447
-1623
-951
84
-225
493
814
-125
-305
-79
-1211
-1104
-151
530
256
-848
-699
-691
-1146
-1573
-2742
-2200
-524
-462
-82
501
94
179
-744
-1346
-310
-506
166
-33
-360
-35
-144
-1148
-89
-12
-1005
1040
1594
1456
2156
1546
161
-478
-2378
-3279
-2497
-1568
-553
159
1520
2033
1074
1036
-589
-2229
-2047
-2039
-1447
132
771
1209
1254
134
-722
-656
-1643
-1674
-1202
-598
815
1262
355
491
-145
-1151
-1021
-729
432
195
584
460
495
-617
-1232
11
942
1524
1428
937
-666
-2362
-1403
-817
-705
643
1190
1956
981
-276
133
-23
-840
-748
117
-426
-2024
-2720
-2227
-1534
123
1688
1587
1490
1396
172
-814
-987
-1212
-871
-272
489
1105
742
496
986
591
1255
1862
812
6
-1311
-1115
-516
6
595
453
767
-85
-227
213
-81
-297
-354
-624
-1074
-1039
-1189
-1138
-477
302
359
718
478
-523
-298
-371
1
258
154
1290
1369
588
451
612
642
151
838
888
1024
1399
714
891
1035
272
-112
195
1060
212
524
610
27
199
-211
-78
-47
-719
-272
-791
-748
7
4
459
79
253
9
-186
287
382
16
-458
-402
-1132
-512
471
595
2610
3280
2824
2329
1217
912
-383
-979
79
-132
695
1566
939
1094
356
-5
-54
-817
-831
-358
-261
-492
-692
-491
852
698
-48
452
-301
-1479
-1663
-2007
-645
843
1400
2877
3713
3207
2128
229
-1274
-883
-1100
-397
973
1299
1225
1047
640
899
1411
1458
1242
217
173
-298
-1323
-785
-642
-869
-660
-106
981
1462
687
586
630
157
-279
-569
-402
-405
-520
-325
-54
359
657
1547
1585
1540
1428
1215
1129
327
-8
265
474
730
634
1061
1350
327
782
1342
1101
884
298
386
233
-236
-591
-437
-333
-715
-52
797
908
1419
1060
490
181
-358
271
33
-572
-438
-535
-263
705
1534
2257
2196
475
177
522
-85
41
-229
526
1535
833
1333
1493
509
420
307
-69
378
579
136
-108
-462
-249
372
366
365
1262
1275
550
-423
-1203
-533
-177
-5
1209
1433
1521
1455
319
496
435
245
312
700
770
1606
1768
1886
1553
463
-135
-928
-590
-194
10
139
993
1354
1264
936
517
282
-260
-373
-488
-460
-706
-982
-1013
-403
738
1656
1989
1896
1651
1419
445
-492
-687
-717
-829
-988
-1030
54
1079
1032
1390
2454
3195
2809
1978
927
-327
-1433
-2161
-1482
-486
21
626
1224
1230
1507
1752
1414
1340
402
-383
-1505
-1982
-1866
-2041
-1516
-440
1191
2251
2779
2518
2286
1307
121
-644
-1530
-1866
-1188
-197
664
1828
3091
3705
3795
3262
2120
542
-1223
-2719
-3419
-2592
-2164
-959
704
1364
2618
2734
2282
2212
949
-405
-2119
-3538
-3471
-3184
-2063
-501
1200
2443
2483
2839
2752
1993
800
-406
-1122
-1563
-1122
-422
388
2117
2531
2234
1844
1874
1678
490
-430
-938
-1448
-1682
-1755
-1410
-761
-288
297
918
2346
2022
637
-305
-1313
-1508
-1245
-1098
-248
320
76
-346
-402
-20
499
819
1392
2279
2014
951
669
-40
-1077
-995
-761
-535
-459
299
930
1074
2221
2168
1150
661
-472
-880
-1159
-1353
-1478
-1508
-401
59
822
1769
1627
1490
876
558
-945
-2009
-2177
-2732
-1735
-515
760
1925
1855
1977
1701
466
-349
-782
-746
-566
-73
450
418
940
1294
1209
1480
1023
881
-117
-921
-349
-893
-941
-981
-875
-309
192
970
626
259
198
-401
-685
-835
-731
-769
-558
-600
-940
-533
146
204
452
1066
1326
1221
910
1072
1130
245
68
-376
-1039
-718
-287
94
525
622
921
858
499
344
-40
-952
-845
-983
-1542
-1658
-1850
-1612
-930
-390
92
611
1097
919
217
225
-99
-665
-844
-977
-675
369
433
910
1007
593
34
35
966
934
1169
655
122
-395
-799
-625
-553
-492
-480
-455
99
166
-105
187
382
-180
-973
-519
-53
-154
28
-339
-569
-338
-538
-400
277
102
175
-21
428
1008
811
651
-78
-851
-1701
-1867
-1146
-260
658
853
1572
1336
783
135
-544
-1121
-1162
-166
345
281
599
534
-267
-1023
-1263
-1157
-1013
-656
348
1005
1113
1041
582
-58
-79
-837
-1535
-790
-1100
-802
-266
-225
410
813
751
1036
1015
903
227
-180
-240
-312
-558
-297
-261
-194
303
56
346
-77
-194
-403
-765
-143
-170
-32
-181
-384
-637
-920
-1299
-1072
-983
-924
-761
-543
-33
280
1006
1120
698
181
-100
-165
-184
-38
-5
-125
-155
-249
312
536
634
465
526
394
363
277
-527
-929
-1062
-1296
-719
-520
-23
583
-118
-635
-584
-1017
-752
-334
-184
374
396
-321
-554
-661
-500
-340
-207
-255
-284
212
652
508
344
41
-371
-191
14
239
423
-92
-417
-830
-1352
-1376
-1050
267
629
469
1032
587
335
321
-492
-630
-520
-1046
-1042
-747
-571
-195
-427
-263
141
295
619
242
131
57
-483
-932
-725
-794
-463
-415
-608
199
307
261
168
-45
436
36
154
449
-110
-292
-524
-593
-653
-363
-257
212
492
671
602
-68
-643
-1264
-803
-781
-903
-727
-330
14
-600
-343
48
-87
-110
-573
-686
-706
-811
-885
-859
-569
-352
238
590
855
788
551
279
76
365
645
442
486
588
-170
-653
-974
-1245
-988
-601
-396
189
488
543
337
265
-323
-1260
-1184
-1361
-1329
-687
-503
-226
14
44
84
-5
122
-115
-27
-228
-139
-253
-180
262
43
128
389
493
564
337
331
349
184
125
-450
-443
-257
-172
-84
390
536
-569
-839
-972
-862
-476
-500
-132
22
99
62
-214
-281
-478
-1090
-749
-398
-828
-837
-940
-623
35
511
1118
1385
1095
881
509
-72
-698
-600
-973
-633
-250
367
567
869
1071
991
1002
692
171
-242
-674
-1681
-1772
-1230
-944
-463
100
105
550
785
450
129
-441
-946
-1161
-1473
-1449
-1173
-473
187
638
994
837
496
-111
-553
-131
-34
129
492
527
393
251
367
614
700
988
844
584
349
-57
-167
-392
-443
-577
-603
-588
-464
-507
-456
-173
-484
-248
-174
-382
-389
-570
-662
-751
-757
-750
-245
-179
102
684
786
700
496
270
71
-216
-685
-477
-408
-380
90
739
851
796
958
800
578
207
451
-95
-622
-651
-776
-669
-384
154
741
1131
988
1190
660
66
-488
-1259
-1099
-1054
-821
-341
209
494
408
398
121
211
29
-203
52
144
-124
-200
-385
-279
-344
71
728
843
939
983
873
784
459
346
-6
-400
-241
-281
-29
-10
478
553
295
428
117
39
-81
-90
-170
15
-524
-1025
-1126
-927
-727
-412
174
651
544
455
359
30
-114
-133
-256
-134
-116
179
233
477
925
911
883
784
679
365
367
350
-137
245
62
73
579
706
613
289
223
16
174
229
-171
-146
-841
-438
-330
-464
81
-173
211
191
230
203
173
239
78
-45
112
323
87
3
348
427
392
157
350
233
53
474
309
648
728
753
753
825
491
339
-164
-216
-80
-319
-201
-130
253
155
-103
212
171
358
479
299
241
-82
-428
-662
-506
-304
-103
350
639
1037
942
1118
849
343
160
-84
142
17
-267
-50
199
-107
254
914
790
950
753
752
274
-573
-363
-562
-301
-88
-19
158
276
258
96
12
-236
-135
-138
-23
325
337
194
183
66
101
-39
160
351
459
632
583
158
-60
304
315
399
531
520
463
56
-136
225
282
175
269
-78
-268
-340
-587
-467
-229
-20
127
152
269
118
-229
-263
-98
-141
123
240
22
451
602
455
378
356
672
234
186
433
341
405
254
491
479
405
258
117
141
-3
-75
-80
-62
-191
-159
8
-259
-349
-494
-986
-553
-127
286
443
111
-12
-111
-237
-123
-41
91
238
30
477
820
627
226
-107
-407
30
309
606
1032
743
485
494
405
346
534
342
158
228
-117
-243
-185
-388
-480
-264
-80
-299
33
115
33
-273
-392
-171
-191
-86
-283
-156
-29
207
-56
-56
136
37
-80
-79
93
322
406
565
838
731
349
-115
-341
-357
-207
-122
210
113
170
478
378
289
230
157
-321
-398
-334
-447
-494
-474
-113
-132
-21
-227
-128
-85
-255
-537
-546
-165
-120
494
380
414
306
59
103
-46
-147
114
-105
99
295
362
590
544
399
153
95
-303
-167
83
-90
-96
-158
-269
-358
-161
3
18
158
10
-144
-70
-282
-576
-362
-708
-103
132
172
570
13
119
-365
-598
-417
-163
258
158
123
-30
-39
-11
407
256
232
52
-353
-283
-290
-130
32
232
612
802
784
597
90
-279
-463
-608
-326
4
244
117
-56
-58
-8
-20
-117
44
-136
-436
-253
-585
-630
-313
-61
-3
118
202
231
175
-17
-62
-428
-322
-108
-9
-111
181
-22
-199
134
238
268
-21
219
412
96
190
6
-107
-437
-256
-292
-257
21
-108
-290
-213
-35
152
112
-32
-25
-76
-168
-473
-582
-574
-796
-297
28
392
569
576
553
105
-52
-402
-585
-839
-958
-391
-284
77
337
366
265
188
253
127
157
9
-402
-514
-564
-364
-153
-124
72
121
250
615
408
299
45
-474
-818
-912
-708
-521
-427
-286
-16
456
626
355
43
-107
-236
-508
-388
-89
-293
-120
154
233
326
130
181
-9
159
0
39
-119
-125
-34
-257
-353
-372
-490
-298
-197
-40
190
144
90
-215
-220
-277
-362
-288
-323
102
329
146
228
282
168
5
-108
-120
-143
-492
-135
-114
-53
-235
-261
-164
-45
-134
-350
-174
-265
-170
-403
-270
-313
-615
-514
-471
-43
177
135
120
4
83
-30
-135
-151
-482
-457
-226
34
60
92
44
-137
21
46
216
244
159
259
35
-64
-117
-255
-437
-415
-490
-415
-248
-95
-162
-341
-250
-73
59
37
-33
-29
-532
-597
-501
-560
-212
103
212
299
266
-30
-100
19
-95
-10
-1
-125
-325
-614
-393
-372
-234
-24
36
67
144
-42
-131
-139
-255
-468
-404
-356
-210
-374
-508
-306
-507
-410
-91
28
364
514
512
208
6
-202
-507
-668
-380
-411
-196
136
-233
169
161
-13
113
1
134
-7
-272
-502
-587
-667
-714
-403
-190
63
114
-221
-143
-51
-244
-266
-105
-118
-125
-186
-15
-83
-206
-453
-724
-583
-487
-312
-27
-73
1
-10
95
-73
-353
-348
-336
-307
-172
-165
-390
-202
-407
-32
64
97
354
284
211
57
-122
-165
-275
-420
-411
-385
-233
-173
-367
-465
-120
-271
-218
-168
-345
-51
-245
-493
-590
-538
-422
-334
-167
-290
-219
-135
-149
-35
35
-74
-219
-148
-69
63
263
6
-465
-640
-709
-974
-771
-561
-378
-84
-109
83
-16
-36
-195
-292
-360
-493
-339
-317
-393
-489
-329
-437
-535
-334
61
-39
1
-88
-558
-277
-469
-420
-182
-295
-376
-361
-424
-227
-11
-109
63
-21
-263
-76
-149
-157
-151
-478
-334
-326
-57
-6
-280
-268
-233
-417
-226
-229
-178
-138
-206
-229
-251
-187
-490
-660
-635
-533
-579
-431
-612
-455
-500
-437
-122
-402
-262
-337
-487
-506
-645
-902
-603
-661
-724
-541
-243
-237
-139
-147
-43
-187
-487
-564
-665
-555
-632
-465
-269
-15
102
-106
-280
-285
-382
-347
-287
-377
-425
-709
-856
-833
-797
-734
-768
-442
-181
-157
-55
-19
-378
-398
-730
-528
-608
-655
-474
-621
-336
-339
-196
-200
-306
-233
-285
-345
-558
-610
-536
-460
-587
-612
-619
-355
-480
-365
-227
-185
3
-245
-240
-333
-536
-582
-765
-797
-427
-708
-1039
-853
-604
-460
-271
-57
-127
-153
-510
-525
-586
-699
-560
-509
-406
-310
-148
-222
-350
-404
-315
-166
-329
-384
-445
-262
-126
-417
-536
-594
-653
-413
-448
-501
-573
-490
-356
-374
-406
-461
-427
-436
-459
-610
-696
-591
-640
-678
-508
-484
-339
-275
-100
-107
-457
-402
-413
-438
-526
-681
-538
-582
-412
-519
-414
-109
-122
-201
-60
-329
-515
-607
-616
-411
-657
-581
-582
-549
-346
-379
-282
-145
-258
-503
-469
-363
-435
-368
-357
-341
-437
-513
-253
-382
-274
-210
-497
-294
-52
63
-158
-264
-366
-496
-369
-402
-366
-374
-569
-287
-310
-445
-271
-180
-68
-222
-236
-189
-414
-429
-560
-569
-438
-106
-158
-51
-30
-475
-255
-428
-356
-207
-367
-363
-63
-24
-191
-233
-199
-162
-266
-108
17
-220
-222
-181
-210
-128
-321
-247
-152
-166
-22
97
-5
-228
4
-183
-212
-263
-514
-117
-192
-136
-151
-74
-35
-155
-50
-348
84
-35
-269
-198
-350
-416
-368
-221
-116
-201
36
-116
-26
128
-15
-102
-194
-319
-448
-194
-303
-336
132
96
149
390
180
246
131
-58
-69
10
-208
-85
-214
-142
-43
-15
205
-124
284
157
-91
0
-260
-132
-153
45
2
-45
310
307
370
475
81
240
114
-107
-103
-151
-44
-20
148
19
84
160
268
233
281
290
216
309
99
-22
81
138
305
208
148
114
163
97
124
261
143
182
139
203
271
-1
-27
-147
-4
-150
318
329
257
303
275
374
10
-38
111
165
177
273
244
437
436
331
472
296
386
246
300
312
268
161
432
141
192
259
141
310
69
67
106
95
220
363
100
286
39
-6
206
99
108
85
103
53
25
186
140
354
482
568
456
382
348
301
260
286
355
92
262
173
375
696
510
562
572
519
390
94
-45
123
191
42
327
322
318
497
397
286
193
250
243
390
479
236
248
126
189
439
538
343
455
522
528
256
382
139
47
257
198
552
497
489
452
372
384
150
-5
137
180
430
551
431
495
461
615
475
463
380
427
270
300
291
31
155
138
357
465
589
643
546
502
521
531
364
323
285
236
293
435
456
665
843
619
738
634
664
713
540
430
386
470
604
717
560
571
580
401
571
467
647
433
474
603
531
741
583
329
628
734
608
679
773
750
694
454
570
649
645
455
707
689
863
982
814
834
483
537
692
752
577
595
508
581
755
761
793
571
524
703
834
816
760
745
679
503
519
768
710
648
640
694
409
666
740
642
551
471
457
636
590
673
632
507
810
771
938
828
730
823
762
639
746
770
699
598
805
724
642
846
914
1015
839
817
650
653
768
863
774
762
810
666
735
902
799
884
752
754
746
780
871
808
842
568
769
731
831
756
691
722
772
921
809
811
741
701
674
758
761
781
609
784
727
619
703
849
868
833
857
789
740
544
558
568
776
763
759
871
803
737
598
679
807
772
810
813
791
627
791
656
464
644
630
704
887
848
826
746
481
581
519
603
617
547
594
719
635
637
755
879
738
825
704
447
555
584
667
335
692
743
634
627
510
686
633
686
580
505
769
521
489
523
358
370
438
572
549
636
576
442
815
819
726
808
853
746
775
643
310
399
351
331
381
400
455
266
431
509
506
532
465
507
477
458
259
381
368
542
604
689
720
410
577
276
358
615
614
460
516
611
303
462
456
419
722
530
564
745
488
577
653
567
523
467
509
412
344
388
311
681
493
306
239
150
221
228
140
287
268
285
152
71
317
182
213
245
251
188
425
302
369
547
510
589
401
463
378
337
171
120
257
239
176
204
231
214
189
70
119
249
200
89
67
113
224
117
-20
68
38
193
303
326
356
408
301
271
238
269
257
331
122
295
56
143
66
164
222
242
269
234
505
385
320
196
166
196
323
297
56
174
115
18
188
195
331
359
213
165
400
284
137
195
139
9
80
62
48
201
136
33
58
-9
-145
-155
-6
27
76
-69
368
423
148
156
211
98
210
140
188
258
108
200
160
64
105
101
61
239
217
137
415
210
126
114
-12
168
33
-20
-32
-60
-79
-156
-53
79
-67
-24
62
-1
-126
-88
-262
-247
-128
-41
-80
-63
92
-90
-221
64
227
123
150
-176
-80
-40
-39
62
-106
63
-30
-240
23
37
8
-62
19
-87
-161
-111
-83
-182
-118
-193
-245
-72
-228
-206
-174
25
-50
56
57
-202
4
-183
-40
-215
-113
-182
-229
0
-58
-289
-114
-212
-60
-138
-190
-262
-297
-54
-184
-144
-262
-272
-356
-444
-489
-407
-167
-219
-141
-67
-39
-186
-323
-154
-225
-219
-285
-378
-523
-232
-373
-307
-364
-437
-272
-257
-248
-263
-189
-261
-304
-366
-487
-615
-348
-510
-227
-145
-215
-128
-147
-172
-294
-163
-182
-216
-354
-469
-429
-376
-353
-553
-445
-326
-287
-488
-280
-131
-355
-353
-398
-373
-218
-57
-443
-314
-279
-152
-152
-278
-437
-348
-439
-660
-552
-612
-472
-403
-422
-337
-323
-383
-309
-341
-539
-516
-512
-638
-396
-305
-495
-303
-406
-252
-365
-503
-363
-439
-460
-447
-512
-348
-233
-670
-461
-460
-409
-239
-287
-441
-477
-337
-443
-528
-614
-312
-481
-506
-341
-403
-272
-360
-379
-410
-309
-219
-315
-480
-377
-432
-394
-406
-401
-586
-611
-342
-417
-559
-457
-574
-487
-282
-494
-542
-577
-718
-676
-583
-641
-507
-439
-321
-272
-613
-700
-581
-532
-583
-584
-477
-500
-543
-300
-463
-314
-484
-468
-418
-456
-375
-557
-456
-636
-537
-443
-351
-274
-461
-348
-497
-507
-220
-328
-360
-311
-411
-356
-484
-491
-393
-338
-438
-585
-379
-588
-575
-327
-397
-560
-426
-358
-423
-371
-232
-332
-301
-440
-429
-323
-508
-431
-644
-448
-411
-479
-408
-553
-531
-572
-459
-515
-428
-530
-306
-418
-592
-540
-567
-517
-531
-417
-466
-368
-379
-379
-352
-482
-455
-555
-536
-382
-277
-285
-442
-360
-407
-305
-363
-499
-632
-481
-490
-667
-572
-503
-449
-496
-414
-268
-562
-457
-302
-381
-364
-294
-334
-384
-393
-667
-557
-385
-320
-313
-328
-261
-199
-386
-340
-406
-554
-133
-491
-596
-451
-481
-465
-369
-319
-293
-442
-277
-336
-356
-345
-325
-386
-419
-464
-470
-333
-320
-289
-432
-365
-618
-463
-352
-327
-384
-309
-432
-469
-325
-416
-276
-80
-199
-297
-287
-382
-311
-459
-500
-322
-442
-345
-362
-454
-356
-338
-278
-354
-263
-166
-342
-291
-284
-258
-215
-96
-440
-371
-387
-375
-267
-334
-450
-502
-414
-509
-429
-550
-468
-537
-425
-308
-371
-361
-427
-566
-402
-381
-311
-210
-316
-458
-324
-316
-388
-152
-166
-72
-62
-36
-39
-59
-339
-310
-288
-512
-503
-370
-443
-354
-212
-369
-303
-277
-403
-322
-301
-489
-198
-299
-183
-360
-536
-184
-466
-200
-244
-419
-380
-341
-460
-301
-287
-381
-374
-287
-442
-360
-75
-368
-333
-179
-373
-122
-112
-172
-255
-430
-420
-371
-165
-174
-276
-311
-257
-286
-313
-280
-321
-229
-229
-218
-107
-201
-244
-233
-432
-308
-327
-463
-367
-267
-216
-39
38
-161
-162
-380
-234
-107
-134
-118
-271
-116
-152
-302
-386
-487
-554
-351
-312
-244
-440
-345
-321
-285
-43
-179
-154
-75
-251
-251
-220
-288
-232
-305
-369
-306
-323
-245
-159
-357
-257
-254
-350
-388
-266
-319
-487
-326
-274
-189
-219
-246
-344
-258
-313
-314
-432
-365
-208
-376
-167
-108
-191
-44
-128
-201
-91
-224
-144
-194
-232
-292
-270
-193
-173
-19
-189
-128
-114
-145
-236
-383
-326
-295
-395
-281
-276
-207
-295
-147
-157
-188
-257
-351
-240
-137
-75
-219
-220
-48
-120
-138
-252
-95
-157
-236
-8
-235
-57
-149
-113
-75
-85
-24
-46
-166
-74
-59
-156
-126
-338
-55
-88
-166
-116
-229
-214
-259
-203
-94
-98
-71
-110
-130
-255
-196
-68
-99
-92
-55
105
-48
-65
-174
-276
-139
-348
-362
-246
-183
-64
81
211
-90
237
190
-185
-196
-35
40
-98
-150
-82
-31
-83
-123
-112
-189
-120
60
-136
-93
-53
16
-33
-217
-68
-195
-146
-63
-127
31
37
59
-10
-220
-223
-31
-125
-208
-155
22
-19
-97
-53
-115
8
147
100
79
203
-50
50
6
144
79
1
33
-28
-33
-114
-68
-92
50
67
54
129
-65
98
14
-382
83
-122
-261
-30
-166
-186
-193
-225
-50
-68
42
62
56
-115
27
83
88
233
274
143
74
169
30
-59
98
-118
-61
-41
158
110
228
375
124
86
194
57
19
97
116
133
103
70
135
61
-46
179
225
169
185
218
64
229
196
185
122
113
140
52
-67
23
-40
-151
-150
63
104
70
116
22
266
161
96
270
200
331
178
30
131
80
69
136
230
196
173
78
197
354
48
34
178
153
156
114
14
227
247
220
311
149
45
28
200
84
112
249
205
314
218
164
335
230
281
363
351
152
176
325
398
462
141
214
126
-36
191
179
112
226
181
310
201
263
416
348
197
345
277
431
280
-4
183
241
200
120
246
287
278
338
306
324
331
308
225
328
401
372
463
447
418
421
353
443
313
312
336
365
372
500
397
364
355
382
591
476
414
466
422
494
405
378
375
249
454
415
474
514
486
551
482
397
362
338
190
239
291
448
403
296
484
674
554
491
459
350
411
472
385
667
550
418
364
395
489
274
416
403
193
393
495
456
464
440
653
387
351
321
290
467
401
363
465
478
449
489
578
627
515
526
635
657
677
706
510
622
706
496
479
507
492
494
459
606
589
598
509
475
387
445
627
423
435
423
471
377
510
437
420
450
503
538
534
428
517
563
620
534
549
430
309
358
405
641
495
505
643
432
500
551
345
548
613
519
512
483
539
386
433
658
653
513
580
456
455
526
568
637
549
440
358
355
296
410
272
238
278
394
597
647
628
505
618
426
306
557
333
162
369
676
636
465
550
381
258
327
403
467
432
553
503
550
664
505
514
398
532
331
363
542
269
513
447
302
329
221
245
334
398
427
334
504
450
502
628
549
623
545
673
454
366
482
269
436
412
343
454
384
552
492
478
578
426
463
361
371
460
329
227
179
360
289
266
435
266
185
109
230
153
249
188
240
174
264
442
216
317
323
190
337
237
337
327
232
364
275
213
181
227
326
190
128
359
365
448
440
318
477
263
405
435
155
196
195
364
250
227
138
108
74
112
481
384
377
390
377
239
301
242
235
357
339
212
130
197
146
195
251
188
98
375
374
285
513
158
182
269
256
188
251
344
284
184
336
229
104
144
255
356
127
171
11
124
250
182
84
183
21
46
79
160
184
53
292
266
167
170
43
133
260
274
407
283
210
242
108
28
131
257
329
194
188
164
181
306
214
5
31
108
-42
115
217
62
-15
181
200
253
185
293
189
43
179
180
175
322
195
245
238
168
108
180
144
72
158
33
40
-1
-3
132
109
34
98
72
66
-23
125
267
120
200
282
229
188
354
189
92
173
61
187
44
-11
-48
-2
318
182
248
289
348
473
253
55
-48
150
92
34
11
8
201
154
167
150
109
88
120
84
148
129
193
75
82
190
85
-66
-89
-42
-31
32
-3
-52
45
-132
-84
-45
23
-34
-41
-119
-223
-16
-62
-92
10
120
-10
-26
43
19
20
-93
-19
-95
-250
-148
-9
141
40
-134
82
