1754
1213
-3636
-3556
-1497
-2887
-2134
-3146
-958
388
-2377
-3131
-3216
-4996
-7191
-5279
-6570
-6628
-5200
-9266
-9229
-8923
-10118
-10690
-4335
-420
-1259
-1416
3025
3477
764
6097
10837
8881
8908
9591
10031
8736
10102
10047
9249
10288
9261
9640
8799
6867
7304
5805
3467
3712
2380
2148
2431
1021
-2364
-6507
-5988
-3985
-5856
-5409
-6457
-5044
-6249
-8530
-2920
-2937
-1136
-170
425
1772
3193
6216
4754
4834
6593
6472
5634
7042
8316
9683
8495
10427
12669
5940
6134
12100
9573
9853
8309
11426
11261
9601
9381
8726
8162
8028
6598
5694
6699
6687
6321
4327
5236
2768
4095
1857
1045
-945
-5498
-3100
-3948
-5322
-8403
-4702
-4685
-7852
-6795
-6328
-8327
-7916
-5977
-9148
-10088
-6524
-4998
-6701
-2850
-1790
-1541
-2114
-510
3398
3048
3201
9057
4220
4292
14923
10314
10274
10902
9972
9812
9251
9998
8966
9653
9561
9012
7880
7985
6953
6672
5690
6055
4840
3387
4105
2562
-49
-5411
-3475
-317
-1654
-4260
-3304
-3915
-5508
-3119
-3884
-4593
-5767
-6110
-5225
-7487
-8491
-6667
-6539
-8803
-10523
-6290
-3242
-3497
-1441
3023
1763
3942
10499
4583
5309
14321
14421
12932
13418
14457
14407
12089
13909
12000
11450
11168
8106
9175
7437
7176
5676
3531
3718
1703
-1230
824
-64
-3631
-4435
-5461
-7363
-4127
-3369
-6854
-4830
-6063
-3732
-5246
-6776
-5221
-5682
-4891
-8302
-3292
-3443
-11746
-12147
-11174
-10335
-11550
-13188
-11314
-5235
-5150
-585
-7542
-2849
6033
6441
6554
8159
8005
8907
9408
9908
8731
9696
8374
7635
7384
6890
5382
3193
1933
-440
-1700
-2514
-1384
-6752
-1713
-2211
2297
3903
-3931
-3700
-2621
-2178
-1885
-760
-1775
-2331
-1377
-88
-1951
-3429
-3462
-4541
-4447
-7027
-7208
-7849
-8807
-7580
-11037
-9150
-9008
-8024
-3950
-10271
-8111
413
-1184
1786
4546
6851
8849
10013
12116
11175
13138
11914
10163
10814
14398
13946
13812
12928
10491
14785
12152
12530
11896
7597
9379
10431
9935
9683
7734
7404
8149
6005
5459
3861
3157
1154
778
2036
-765
-1249
-2822
-4915
-5396
-5967
-7051
-7211
-7099
-7588
-5902
-7400
-3151
-7333
-10474
-688
-3363
-3364
-3848
-4635
-5565
-8926
-7346
-9373
-6034
-2544
844
-3091
3552
2312
5082
5082
5729
5967
5087
8039
8951
5575
3688
5559
8121
7329
6605
6504
5228
2
-585
51
-1517
-2806
-2529
-4151
-4156
-4144
-6325
-6290
-6179
-6262
-9484
-8468
-7575
-9799
-8356
-7781
-5788
-3033
-5989
-8418
1247
1427
-1383
-1360
-4941
-1619
27
-2168
-2192
-5677
-4318
-1540
-3650
490
2763
5393
8612
10035
10828
11788
13804
14656
11502
14332
14581
15229
15981
14384
15539
13526
13102
12068
12327
10196
9192
8243
6837
5890
5186
4335
2580
2055
-970
-705
-893
-754
-3291
-1461
-2393
475
-406
-7977
1692
402
1755
2479
-723
598
89
2612
-518
-809
208
-158
-1266
1782
496
-312
373
-3767
-3396
-2997
-2387
1363
229
-5363
-1275
-292
-412
451
-632
1942
231
-520
-82
-824
-1862
-2347
-4163
1365
225
-6528
-1756
-2963
-3166
-9280
-9390
-9534
-10013
-11073
-10312
-12209
-9008
-6846
-9807
-4327
-1328
-3831
1332
827
-805
1297
1409
1838
3357
2230
403
2129
1244
831
-635
-207
-774
-3581
-3554
-3289
-4670
-8632
-6028
-1877
2390
1740
4290
5736
6070
7814
7205
7074
8553
8410
8625
8620
8618
8069
6382
5920
4353
4797
2844
944
-454
945
1786
-540
4502
2850
-1827
5724
8954
5363
6903
6661
4373
5234
4732
5533
5209
5263
2765
4867
4692
3009
3237
2022
2017
1202
1400
3599
1003
1333
-2942
-6203
-2375
-3593
-4253
-9083
-7919
-6121
-7149
-4781
-6427
-5686
-5505
-5712
-4725
-3819
-3377
-3928
-6692
-6105
-5994
-6518
-4129
-6545
-5310
-3788
-5227
-973
940
-4154
3101
9663
6993
8355
9188
10506
9481
8944
11175
11004
9836
10771
9853
11072
11169
9163
9340
8585
6951
7296
6300
5241
5189
-798
-734
915
-659
-1540
-3202
-3230
-4676
-6343
-7271
-8599
-11651
-10870
-8056
-10651
-8082
-5548
-5811
-3464
-3495
-2414
-2152
-1071
1871
2843
2008
4813
10025
4197
7118
14185
11063
12613
13777
11625
11669
12848
13410
13023
10982
10361
8022
8533
8957
6931
6655
5636
3684
4086
3120
1390
2349
-3367
-4098
-1896
-3274
-5214
-5440
-5350
-7255
-7699
-7817
-10097
-11545
-10608
-11714
-13039
-14130
-13725
-15050
-16132
-14300
-12683
-13132
-10430
-9267
-7131
-5131
-5170
778
2042
214
3104
9521
10526
9188
9840
10638
11537
10109
9244
10015
10094
9894
9866
9250
9953
9842
7363
7537
7146
5340
4871
4920
3064
-3355
-1717
547
-1905
-2793
-3434
-5568
-7994
-5766
-8051
-9586
-7942
-11422
-13064
-13161
-8833
-14141
-14035
-9208
-10491
-10769
-11217
-9599
-9420
-6710
-4105
-1889
6127
4112
4488
11839
15279
13128
15060
16365
16932
19652
19042
19249
16922
17561
18311
17942
17040
15713
15219
13655
12352
13412
11837
10155
9121
5426
1489
1462
-2490
-4521
-2926
-6098
-5408
-2752
-6820
-7212
-7949
-8102
-7992
-7289
-7947
-6906
-5095
-6112
-6450
-6820
-7169
-7725
-6995
-6647
-4761
-6677
-6771
-1861
-3892
-4052
1495
4008
1525
2808
6892
8145
7197
8212
9834
9931
9777
9965
10058
9052
8877
7423
6549
7494
4850
4727
2949
2027
3437
-4839
-1711
2254
-1044
921
1201
258
1500
834
1227
1562
-822
1118
208
-94
-533
-1758
-245
-774
-1363
-1997
-2136
-3815
-1772
-3315
-5440
-940
-1766
-7010
-2912
-621
-4072
-400
-669
2159
1708
4896
5520
5785
8330
7100
10203
11356
12338
11224
11118
8220
8309
9764
6814
4615
8667
5992
1504
5501
5621
3936
3610
4693
2950
3035
1883
1839
311
-770
3117
1767
1418
1576
-1339
-879
-665
-2636
-3685
-5586
-4830
-7433
-5183
-7206
-6029
496
-5972
-5692
-1644
1753
-360
202
142
-3975
-5668
-5940
-2301
-3834
-3126
-3497
-5784
-4342
-3595
-4829
-3577
3632
-3005
-2701
4212
303
-3466
-5157
-2738
-1441
52
254
369
72
768
-45
5101
-1084
-1670
-2618
3218
3319
-3302
969
202
1659
854
-1331
-6617
-7365
-2037
-1672
-8281
-5498
2116
-2545
-3657
6828
4826
-2040
-2848
-1609
-1042
-3786
1258
-6858
-8025
-8980
-7859
-10530
-8738
-4781
-6968
-2071
-143
1196
3349
4998
8129
5057
5132
8967
12280
12296
11399
12893
13231
12831
9099
10189
9628
9074
10372
7007
8477
8493
6863
5932
5198
3821
2619
969
588
675
160
-2076
-2485
4109
-183
-2594
4502
4146
5079
1540
1347
3014
-766
998
1980
1075
-4
2514
3203
1431
750
2097
908
-8
-1678
-163
1213
430
3392
-3250
-1018
1913
610
3072
823
2158
1956
-466
-629
-1180
-2233
-2147
-2572
-1901
-2336
-4393
-3970
-4900
-5562
-6793
-8713
-8091
-9929
-9967
-10399
-8917
1856
-2521
-4509
3455
4573
-3073
-1933
140
-1921
-83
6367
-1756
-993
-447
-825
-153
1943
-511
1953
1581
-431
-110
38
-1186
-3506
-5384
-8900
-6578
-7815
-5359
-2626
-4152
82
-934
-803
1150
2254
2163
3904
5057
4541
4250
3170
4351
2403
1454
1878
1600
1015
632
-665
-3665
-3087
1686
-628
-1312
1348
5824
6200
3025
6261
5958
5827
6449
7090
5881
7189
7071
5658
7239
6238
6907
6886
5525
5385
4813
3250
4677
3031
-2724
-444
-1455
-3920
-6039
-6700
-4768
-7546
-7304
-8162
-6671
-5193
-7404
-7087
-7045
-7638
-5860
-7459
-8917
-7911
-9359
-9183
-10111
-10305
-7486
-9047
-5923
-80
-6208
-4714
3822
3559
2868
4073
5646
6057
8726
10974
9795
9288
9092
8457
10125
10112
8990
10649
8285
7979
7528
7291
6320
4408
4072
-1023
-858
329
-564
-1474
-2807
-2058
-4625
-6218
-8961
-11097
-11680
-12940
-11038
-12904
-9693
-9808
-11613
-7886
-8320
-7847
-5949
-4015
-3761
-1658
-279
641
4865
5504
4616
10825
13448
11210
12066
14059
15110
14684
14047
13866
13411
11358
13340
14388
12914
13459
11532
9965
10388
9319
9060
8595
6034
6139
-286
-1580
3006
270
-1201
-2240
-3276
-3220
-4436
-5800
-5342
-7594
-10996
-13732
-11912
-15407
-15644
-14650
-18537
-16103
-17883
-16989
-13102
-12868
-12311
-12929
-10222
-3441
-7417
-4483
5645
3147
2454
4890
4994
6093
7130
6266
12419
11661
5333
5866
11132
10512
8865
9091
2499
2949
2914
9186
8550
8689
492
-6123
-2525
-1631
-1814
-2109
-2962
-3059
-5348
-5782
-7450
-8664
-9824
-9999
-8565
-13055
-13033
-11746
-14571
-14788
-15372
-13735
-13498
-14064
-14618
-8840
-12853
-8348
-3023
-6869
-633
4457
8012
7945
8791
10895
13257
14802
15909
15094
16630
17048
16951
15229
15062
15423
15045
14772
14466
13056
10948
9982
10004
6728
2065
3902
3680
658
239
345
-691
18
-1591
-1736
-2465
-4380
-4191
-2547
-4928
-5948
-5078
-6045
-4344
-4551
-3506
-5586
-4793
-6365
-8217
-6483
-1546
-3161
-8784
31
4514
4070
1278
3736
6846
4683
6107
5830
7386
7100
8121
8725
8084
8615
7350
7111
6558
6334
6323
4551
3487
3311
-2896
-2428
-988
-828
-2911
251
3368
-1651
-3022
-1050
-2552
-3545
-1619
-4616
-4561
-5140
-4094
-3583
-4239
-4838
-4302
-4211
-5189
-4778
-6037
-6575
-7354
-2026
-4783
-9442
-2168
-1008
-1577
263
-2768
-2064
-2627
-1239
647
-1516
1645
2318
3911
5204
6242
5902
5092
8690
8949
8340
5415
6591
5760
2041
6033
4677
5464
6679
6642
4582
2819
3421
2336
3524
3828
2976
254
1105
-76
-337
-679
-1009
-1466
-2218
-2154
-3315
-2898
-3586
-3681
-4582
-216
-4998
-4789
4109
1425
-1004
-1769
-183
614
-285
-2801
-3883
-2697
-3030
-3876
-2975
-4843
-6841
-6304
-5761
-4375
-5500
-3893
-3630
-3948
-3762
-4306
-4209
-3265
-305
-1022
-215
227
322
521
1487
2738
77
-958
-2412
-2738
-1727
-1466
-1735
-3745
-3304
-4008
-5061
-3088
-5437
-5680
-6201
-5182
339
-4074
-3049
4349
4557
3367
2355
4029
3573
2151
2146
526
-2476
-5517
-6360
-7085
-6742
-7077
-6025
-6487
-9869
-8132
-5344
-7343
-4819
-2990
-4117
-613
794
3536
4963
5940
8142
8099
8789
10457
10250
10209
10072
8784
8512
7964
8092
8460
6831
3450
3271
4427
2418
1434
2088
508
6181
4992
-1141
7933
9768
5263
7316
7869
6596
5623
3603
1215
426
1062
1423
2091
440
-3032
-642
-1647
-3381
-3528
-4034
-4755
-4161
-1650
-7508
-7891
-5803
-5054
-4311
-3830
-3080
-3965
-4071
-3213
-3089
-4019
-3122
-2512
-1567
-2125
-1565
-3359
-2316
-2064
-2971
-4131
-5027
-3855
-4134
-4555
-3922
-1000
-5948
-4943
-108
-34
218
734
-493
130
1367
266
4628
551
2357
-292
3056
2137
-362
-635
-24
2738
2406
1024
-899
-2141
-2457
-6061
-6214
-5108
-5741
-5884
-5587
-5708
-5512
-3724
-5141
-3843
-1794
136
132
229
3048
3759
3928
3580
3107
4541
5542
4689
5133
5569
4598
7739
5724
5378
9046
8838
10185
8346
9557
9376
8476
9143
8838
9831
8842
6680
7249
7364
6369
8262
5703
6192
6164
6303
5921
5035
4043
250
-570
132
365
-4107
-3392
-1351
-3736
-6081
-4227
-5759
-7088
-7039
-6901
-5658
-7397
-8214
-10705
-8875
-10287
-10706
-10076
-12259
-9928
-9353
-8036
-10095
-6635
-3750
-8356
-170
1447
1050
1580
2353
5193
2693
4062
4201
5705
7242
7773
6750
7989
7658
7766
7121
7756
6842
5331
6613
5848
6409
-188
1386
4169
1564
1491
2036
637
-798
-4379
-8053
-7289
-9237
-9279
-9827
-11340
-13840
-14223
-15214
-15798
-14109
-14518
-14045
-15332
-10296
-7262
-7900
-1658
-2321
-5080
2756
7471
5707
6501
8897
10527
9777
12321
13131
12361
13291
13315
13779
14364
13398
11167
10864
11650
10572
10011
10576
7844
7403
4838
2799
3309
4341
4884
2624
2104
380
-955
-781
-2831
-5038
-5746
-7558
-9611
-12928
-11610
-12046
-13664
-14826
-17763
-18363
-17250
-14836
-15271
-14336
-13712
-8253
-12064
-10053
-873
-3608
1840
2992
3358
7157
7946
8806
8673
9876
10795
11181
11926
11680
11163
10730
9581
9838
9711
8810
8436
7790
5593
2804
2974
4916
4368
2922
2866
2592
1123
39
-935
-2994
-3430
-4887
-4361
-3755
-7218
-8867
-10044
-10535
-12470
-14549
-11779
-14731
-12922
-8653
-13959
-8511
-10930
-10675
-2628
-5058
-709
-1200
873
6670
6837
8047
8892
10195
11390
13401
14140
13799
13906
14260
13162
14094
14486
14090
11238
10197
12656
5831
6540
7280
6114
5876
3131
4966
3209
1698
925
-1948
-3605
-5046
-5838
-5845
-6271
-7452
-7078
-8456
-14430
-9395
-10958
-12710
-10687
-12639
-11031
-8894
-9112
-9498
-4612
5709
3247
2753
4368
2165
4394
3841
4287
-925
4097
5274
-276
47
760
1644
1644
3047
3539
3345
4298
2430
587
1739
-2335
-3744
-1161
-2763
-2951
2337
-2743
-3917
-6862
-7480
-7341
-1009
-8875
-5959
-8516
-12255
-7018
-7805
-9964
-7765
-6519
-6561
-7246
-5338
-3372
-5441
-494
1822
-4793
2046
4904
2181
506
1492
2891
1197
2390
579
1041
915
2130
1291
926
2939
2161
4870
6954
8255
8488
8918
9366
9141
9235
6641
8883
10073
8935
7971
5690
7918
7606
6612
4893
5997
1641
2903
9390
1748
2423
3285
101
2013
1239
-265
1531
403
1064
3336
970
4749
5791
911
7668
11159
9399
10367
8379
9654
5835
3370
5433
4881
4063
3840
3889
2091
2872
1859
-1190
-121
-1399
-1281
-2567
-3272
-4350
-7259
-6779
-6111
-2932
-2338
-1658
-1574
-1658
-3652
-1911
791
-2552
-3554
-1995
-2629
-2856
-2415
-3305
-2671
-2562
-3064
-2458
-2976
-1642
-379
-2481
1702
2602
-4737
965
7016
3977
5298
4440
6516
5370
4521
5563
3229
2998
426
-329
-3377
-5937
54
452
-36
-6054
-2406
-4128
-5577
-7078
-5670
-16161
-10556
-10721
-3806
132
-7365
-1008
-1700
3235
-414
-150
-878
900
1525
4155
4104
3483
3387
2617
4688
3062
2089
2373
1403
-264
2196
4927
5095
1183
5493
11990
9305
9347
9492
8987
6929
6813
5926
4956
6026
4001
1830
718
2253
630
-2603
-4370
-6458
-6667
-4646
-5466
-7362
-2953
-14099
-13321
-8954
-8675
-10778
-11202
-9491
-7622
-8461
-8288
-7208
-6710
-5364
-3797
-3334
-5057
-4122
-4404
-4046
-3465
-3614
-4197
-4262
-4290
-5137
-838
-59
-7098
-3160
6228
2471
831
3592
4360
4521
4104
4675
5513
4705
3211
1466
561
1207
150
-870
726
2604
3
-1514
-2196
-2217
-2677
-5539
-6185
-3752
-2999
-3990
-2893
-2162
-3897
-5144
-4864
-5506
-5139
-4739
-3842
-34
-297
-249
2388
1737
4248
3871
2865
3974
4156
6416
5762
9074
12914
6775
7783
15819
14574
13212
14122
14382
14518
11911
12331
10010
9252
10808
7740
9626
8641
6464
8013
6207
4512
7104
6020
4958
4735
3195
516
904
2213
1547
943
-1705
-1355
-1463
-3288
-4682
-4239
-5433
-8220
-8743
-10594
-6145
-6090
-6587
-6128
-6923
-8019
-6874
-7500
-6302
-4417
-5775
494
-1988
-6862
6611
6460
3817
7728
5664
5067
3364
6195
6379
6723
7227
4701
6110
4351
6459
9276
5999
7035
7338
6646
7364
7134
8702
3814
3555
7183
7054
1025
1175
1351
-631
-919
-1904
-2765
-5313
-4074
-4563
-6300
-7061
-6883
-7035
-8111
-9933
-13794
-14382
-15623
-12684
-12099
-11127
-7503
-2205
-2839
-5589
4141
4760
3077
4498
4500
7474
7939
7073
6409
7151
10216
10651
8797
11585
11768
10363
11028
11256
9747
9686
10310
9062
9834
4190
5252
7951
5772
5576
4051
5104
5017
3483
1448
997
-646
-719
-2291
-3998
-5191
-6740
-5663
-7779
-9773
-9441
-9197
-10895
-12828
-12236
-11951
-9666
-9920
-16163
-6766
-922
-5388
-1250
-1299
-1604
749
2643
3776
4071
6474
7356
8382
9216
8433
8751
9215
10458
11324
10506
11048
10251
10172
9265
4998
6475
8257
7586
6753
6663
6740
5097
5499
3625
2452
2508
1118
993
-1090
-3553
-4614
-5794
-6551
-7989
-9763
-10423
-13763
-14126
-14390
-12877
-9209
-9685
-16672
-13849
-4674
-10518
-7602
-7557
-5670
-3630
-3168
2822
2820
4626
6027
8040
9035
11603
12206
11547
12761
14414
14442
14783
13618
14171
15454
10800
12102
12262
11559
12683
10376
10499
8197
7607
7257
4492
3287
2095
1644
-378
-3203
-3519
-3580
-4874
-5628
-9113
-7043
-6411
-9192
-10537
-10229
-3479
-9018
-7430
2275
-1386
-2184
270
257
-205
-481
-2318
184
20
-915
-579
-2333
-1446
-1722
5117
861
2624
6967
7307
8215
1497
7863
-2565
-1899
5074
-2136
-182
175
-668
-1756
3230
-3429
2886
249
-52
-218
-1214
-3149
-3522
-5441
-4490
-4285
-4655
-2182
-5405
-5925
-4216
-1272
-2577
426
-586
-3790
2579
6106
4841
5499
6529
7427
6906
6396
-770
-938
-631
-3051
-2098
-4366
-4725
-2147
-3302
-3798
-2216
1704
4267
4326
4986
2023
3553
6056
6722
7124
6209
6732
4897
4550
5679
5865
2904
1890
773
1294
1230
-646
-172
-3089
-4536
-2719
-1673
-1670
-3444
-3878
-1158
1399
2355
-748
2500
9977
7022
5868
7097
5051
6914
6537
5756
4238
4255
3582
1423
2228
705
-25
-1165
-1701
-3111
-5077
-4035
-5143
-5716
-6336
-10095
-8500
-6242
-7353
-7935
-6076
-5640
-6760
-5452
-5751
-5588
-4527
-4358
-4412
-2913
-1915
-24
-188
-2481
-2139
-2428
-2173
-852
-1635
-95
313
2717
8124
2441
5305
13267
11888
10411
11012
11033
11440
11971
9983
8680
6785
8223
8914
7653
7391
5966
5909
4035
3641
1862
431
-328
-3008
-4973
-9511
-8307
-7067
-8650
-8610
-5811
-6541
-4092
-1313
-1782
1055
341
341
986
2191
1413
2458
3405
3468
3903
3167
5574
4923
5082
6023
4620
9771
6587
2901
13172
11633
9987
9951
14088
18192
10387
9745
8787
12146
12164
10349
9769
7424
5412
4875
4426
4611
3003
2576
2103
799
-1258
-8169
-6613
-4098
-7662
-5389
-7908
-8859
-9616
-11008
-7223
-8654
-8920
-7283
-6366
-5275
-5851
-4275
-4154
-4009
-2888
-3542
-1361
-1014
819
1544
1804
4183
6227
1810
4472
13580
3835
5796
6566
7323
6640
6469
8701
6573
7288
5877
6163
5929
5457
3605
2815
3322
1670
-1369
-3326
-1533
-2894
-3925
-3597
-3511
-3685
-4004
-5517
-4846
-3831
-6459
-5223
-6336
-8086
-8529
-8503
-10090
-11209
-9084
-10260
-7929
-4959
-4372
-4859
-3912
-579
368
743
1885
6842
1312
1101
15830
12217
9915
10382
17445
19146
16454
18873
16848
16578
15037
13464
13931
11329
10675
8161
6931
8709
-137
7439
7839
1553
-2789
-9061
-3869
-2475
-2590
-2218
-2212
-2016
-3327
-3674
-2588
-3443
-3517
-2663
-4855
-5260
-5594
-6376
-8345
-8292
-7834
-9098
-8697
-9433
-7753
-7161
-6334
-3023
-243
-4740
-1008
8891
4337
5920
7938
6947
8108
8044
7825
7929
8352
7949
6972
6800
8182
5923
7175
8424
6844
5502
6205
6999
5164
3148
2198
5999
6193
2518
2911
4937
5082
4379
5360
4572
2868
1545
701
485
-1315
-2666
-3674
-6855
-8330
-8219
-11598
-11156
-12492
-12279
-13987
-12039
-11820
-10704
-7425
-6401
777
4550
3006
6103
7767
8582
8891
7800
10784
11011
10498
14201
12861
12374
12172
13344
15187
13188
12606
12454
12338
9555
7608
10792
11552
12200
12011
11043
11068
9229
6009
4705
4757
4497
3997
3303
2506
1059
1207
-295
-2300
-3099
-4098
-4760
-5767
-12851
-11524
-12775
-11056
-6590
-13989
-8227
-4439
-9295
-5623
-7882
-8033
-5273
-4547
-6494
-4128
-2331
-5537
-3338
-868
3759
3967
2070
5373
5344
5137
5860
5991
4935
3786
5854
8442
7918
7404
6898
7612
7377
6497
6018
3721
4128
2965
172
-1270
-570
-419
-1373
-1606
-2937
-3326
-3502
-4728
-4694
-3868
-6461
-2848
-1515
-8221
-3438
361
-3597
-2286
-2927
-4872
-2190
-4313
-5990
-5496
-3689
-1525
-2431
-2303
-235
4074
4737
7507
9243
8609
12737
11918
10534
10961
13046
15997
15429
15198
16158
16059
14907
14526
13201
12748
11314
10484
9738
8735
9612
5975
5968
3301
372
525
-882
-900
-2985
-2885
-2313
-3262
-1185
-3107
-5678
184
2099
451
336
-776
288
2116
2405
1878
435
-422
-613
-302
-1020
-272
-1394
-3354
-2436
-2823
-1007
-1871
-3745
-3925
-4032
-1340
-615
4038
5678
6667
7197
5856
4687
5829
5282
4358
2801
2195
2503
2446
818
-119
-1332
-1308
-2482
-2850
-3913
-5248
-5617
-4826
-1000
-601
-3826
-3085
7494
4726
4627
8135
3963
6286
6736
6978
6832
6696
6027
5316
4757
4720
4503
3195
2077
2073
354
-772
-864
-4199
-4641
-2028
-1436
-2601
2076
4694
3952
6342
6319
6047
-2
814
2260
2150
1508
1922
7116
6039
5746
4795
-73
-3241
-242
-838
-3939
-1075
-3825
83
410
-1283
6057
6111
3793
5508
5128
8977
8911
7686
9901
9097
8648
8029
8371
5736
5201
6200
6526
5372
3206
3358
2470
3664
-629
-3730
-2745
-4128
-3484
-4655
-4666
-6270
-7258
-6857
-6973
-5958
-6713
-6871
-5273
-5167
-6546
-5970
-6056
-5253
-5251
-4615
-5850
-4551
-3472
-3953
1339
1690
2159
-609
2816
12248
9380
10684
9640
8142
14061
12919
13447
12738
11795
12193
10729
10600
10998
9414
10064
9758
8089
6788
5754
6347
-137
-2350
-806
-883
-1616
-4252
-3366
-5307
-7568
-8085
-10349
-11350
-12798
-14068
-15268
-12979
-11394
-12745
-7079
-6604
-9030
-9551
-5633
-2688
-6334
-2086
205
522
5504
6335
3508
10555
15310
14027
15843
15356
14664
14874
15714
17046
16031
11858
11845
12275
11244
11510
10562
9213
7976
6419
6299
5910
2903
-2280
-3269
-1366
-1503
-3831
-5291
-7291
-7761
-8916
-10837
-13834
-15625
-13630
-16213
-9557
-10930
-11535
-13723
-12581
-11035
-14218
-11874
-17071
-10565
-12389
-11345
-5785
-4031
-4479
-7904
671
7056
5440
6117
6637
6854
8345
9512
9938
8839
8264
8503
8604
7112
7495
5739
4566
4704
5975
5704
4008
1850
-1979
-1608
84
-1166
-1602
-2683
-2114
-5231
-8157
-4392
-9052
-7941
-7688
-10699
-11715
-8462
-8577
-13726
-11552
-13320
-13156
-13274
-14927
-14260
-14365
-13149
-13494
-11683
-4444
-8687
-8461
3865
4323
2822
7422
9035
10394
12796
14228
13590
14287
17126
17106
17536
18342
17323
17109
16396
16652
16721
13940
10365
5652
6026
7760
6926
4198
5322
4490
1592
3947
2928
-2427
-2288
1724
-1714
-1707
-2219
-3668
-3143
-4938
-4986
-5070
-5548
-5674
-5596
-5838
-5560
-5908
-3893
-1080
-8432
-1550
4287
-1820
3198
2377
3258
4723
2794
5449
4018
3857
4526
4182
6039
5679
6386
6236
6987
6912
5510
6005
7875
38
-4452
2749
915
-1989
-394
1747
-1234
-1701
396
1876
983
135
27
-1018
230
23
-1030
-3519
-2293
-2099
-3818
-3189
-3228
-2906
-4062
-2679
-1117
2785
-3081
-3434
6463
1472
646
1074
-270
-530
-1385
-2736
-3453
-3159
-825
-2807
-1545
-2873
691
5117
1149
5064
1492
3015
4607
1135
-468
5517
3721
7826
5340
11145
14952
12045
11215
9497
8777
9498
8949
8027
7798
7320
6665
5436
4069
3673
2394
2883
2524
2581
3390
1753
3836
5125
-3241
3263
9801
1986
5237
5845
2796
4483
3286
3073
1601
-673
561
-727
-273
-596
-2092
-2814
-5561
-3939
-4024
-11291
-5775
-10194
-13561
-9675
-5839
1917
-1691
-618
2229
1052
2322
2398
263
1668
3924
1084
2415
-338
1076
2640
2003
2383
1197
2273
2009
2343
1885
1017
1491
5207
894
1452
9185
7185
7853
8665
7110
5263
5114
5469
4071
3831
4029
3159
1029
-388
520
-2733
-2967
-369
-5642
-7219
-6802
-4562
-7800
-8891
-3541
-3916
-1651
-4009
238
4631
4690
6332
8150
9647
8054
10719
9822
10143
12245
9974
9827
8750
7180
5329
3711
5392
7160
6849
6161
10428
5221
4594
11930
9158
7685
8677
9054
8520
8387
7397
6152
2757
1075
968
-3631
-2615
91
-4298
-4627
-3469
-2172
1824
422
-3320
-9622
-8898
-7321
-6729
-6361
-7742
-5362
-7400
-5710
-5284
-5237
-4351
-4407
-3453
-2573
-2161
-1987
-1849
-3397
-3023
-4088
-5472
-5186
-2941
-2123
-1399
-3596
-1289
384
-3161
4749
8301
6563
4483
6399
6934
2976
4687
225
1564
4669
2876
2646
2306
3227
4309
7631
7960
5008
4672
5783
1861
-558
-3467
-1762
-2174
-1925
-3788
-4469
-2838
-6841
-5392
-5920
-6265
-7939
-10154
-10076
-9302
-8290
-8914
-9773
-9028
-7045
-6185
-5166
-3712
-2444
-1081
1404
3975
6101
3777
6745
10569
9478
6191
6385
13124
7039
9933
8505
8715
6002
6497
8104
9841
8716
6524
6122
4892
5614
9871
8995
9839
7341
3734
-1815
-112
873
-2115
-2934
-2930
1360
524
-6454
-6553
-8432
-8625
-4439
-4439
-10521
-12039
-10267
-12446
-13181
-13091
-14626
-14668
-13055
-13279
-13712
-10740
-4692
-9108
-8483
461
-1299
2015
2015
3613
3025
4652
4796
377
6905
5553
5538
8954
8265
8614
9276
8398
7855
8226
8478
7707
6118
914
-51
3799
3893
3434
3007
2605
2253
1156
155
-1666
-4824
-4179
-4772
-6308
-8001
-9596
-10331
-12207
-12911
-13268
-13872
-16143
-15751
-17271
-17135
-14861
-15596
-13405
-8844
-4104
-4245
-1635
1975
3507
5531
11679
13316
9347
13162
13013
14679
15238
14066
15600
13723
17007
16451
15930
17929
15915
14491
9622
9923
11978
11865
11030
7217
7419
7249
4833
3731
2457
867
-333
-876
-1845
-4575
-6152
-6901
-7785
-9285
-11703
-12181
-13870
-16480
-16164
-12644
-8295
-10100
-10889
-12366
-6885
-1428
-6129
-367
-1822
-3601
534
1106
2928
3531
5461
5618
6960
7876
9248
9579
9744
10092
10072
9434
5802
7055
4148
3508
5733
4717
5358
4107
4607
3661
2177
1648
651
-933
-1704
-3700
-4485
-4570
-5838
-6245
-6560
-7634
-11607
-13043
-13064
-11917
-11594
-12454
-6418
-6480
-11859
-3194
814
-3370
-2055
894
648
-1568
-2452
-2115
-983
-1962
1382
3751
1232
1706
7325
9591
9534
10531
11439
12806
13165
13326
10408
11544
12382
13369
13428
9533
9790
8605
6945
7058
3975
3572
3657
1540
1285
-1257
-3130
-6354
-6910
-4653
-8746
-7619
-10092
-7277
-9946
-9191
-6031
-3879
-9866
-8474
81
-3603
-1076
62
-471
2233
-154
1643
858
1370
85
-2457
-2189
-760
-1827
-1549
-991
-1904
-1458
-1750
-1745
-350
-2695
-7747
-3413
-329
1187
265
-1827
1602
2025
1359
263
-2140
-1307
-2362
-4902
-3551
-3612
-3339
-4350
-5480
-5524
-6578
-4091
-4718
-3644
-2837
-145
2761
-1964
2793
7975
7647
7887
7982
8602
8597
7618
8413
8713
8115
7689
6001
4767
3470
4214
2328
1220
-571
-1085
-3327
-3339
-3808
-4403
-5289
-1757
-1714
-668
1533
455
4194
2776
4168
3702
3159
2484
5478
5036
4707
5539
3979
3451
1074
2452
688
196
-1202
663
552
6620
11042
8113
6738
12578
14351
12073
12813
12863
11991
10394
11964
10551
9364
9436
7450
6898
6360
6403
5422
4523
3277
894
1014
1320
-960
-3524
-6826
-8192
-6212
-5111
-7871
-7021
-7144
-7571
-8195
-6691
-4796
-12704
-10080
-10480
-8727
-5783
-8312
-9471
-7027
-5287
-5112
-5977
-5441
-3099
-3781
-2963
5883
2583
303
11462
11305
8924
8690
7890
9308
9687
10450
10143
8782
8462
7583
8037
7349
5668
4363
2508
2658
1350
-427
-589
-2703
-3288
-6968
-9335
-8969
-9875
-10558
-12898
-11848
-11447
-13098
-12932
-9666
-9310
-8353
-9814
-6195
-2648
-3128
-977
-1675
-312
1026
3206
2379
5042
6695
7687
10379
13359
10668
10736
18590
16504
15842
16818
17734
16856
15338
15894
15256
15300
14509
12778
12077
10882
9736
8358
6934
6025
3453
3689
-215
-1458
-4845
-7993
-5756
-5006
-4455
-7670
-6337
-6719
-6153
-5245
-7024
-8262
-8280
-8416
-7928
-8470
-5291
-5028
-8777
-7360
-10697
-4358
-1942
-5257
-4916
-805
4459
2297
-590
7765
13961
9058
11740
9734
9159
8378
6338
7489
7149
8003
7330
8351
8170
7139
7238
4858
2662
1311
1863
-44
-1900
-816
-6433
-5061
-1818
-5261
-6683
-3820
-4192
-5773
-5077
-6611
-5641
-5686
-6156
-6700
-8395
-8219
-8156
-10242
-10225
-10579
-9657
-9096
-7514
-8104
-4805
-35
-985
5063
2284
3838
12356
13440
13212
15814
18010
17885
17884
17125
16948
15578
16349
15849
13262
10762
8923
8960
9771
5374
4141
5739
2049
5197
-2184
-8278
4297
888
-3683
-1283
-3595
-4111
-5196
910
-5512
-404
-344
-1049
-2633
-3121
-3575
-4609
-6524
-7208
-8877
-8059
-7466
-8482
-7693
-7197
-2537
-1710
-6350
-2009
4448
1244
2906
4399
4373
6506
5297
7993
8019
8230
9429
4488
3683
1090
704
6355
1043
-1146
1772
-3844
-4350
1537
-4774
-2287
828
286
-240
2369
2781
1019
2307
2236
2362
-359
-1325
-822
-3494
-3304
-4059
-5487
-6279
-7229
-7222
-9230
-9294
-10155
-9623
-9758
-7812
-5343
-11433
-6324
-671
-4580
-2140
-486
-930
609
4344
5664
7951
9066
7573
10761
10180
10481
12013
12192
13440
12636
18175
16160
15657
16145
9701
13491
14054
12183
10202
10209
12422
10110
10686
10854
9518
7171
6457
7087
4925
2450
583
-211
-1267
-2112
-4232
-4341
-5485
-6566
-5254
-6596
-3527
-7535
-9083
-1008
-3644
-5532
-5299
-6037
-7381
-7862
-8144
-8460
-8663
-3374
214
-1186
-2288
-537
698
5363
5745
5483
7884
6070
9312
7710
3626
6710
7831
8162
8074
8415
8088
8365
7718
4769
4814
4794
3972
2607
3165
3710
2293
1692
-334
-1055
-1991
-2211
-2967
-3345
-2722
-4686
-1987
-3513
-4699
1461
148
-619
-300
-821
-2135
-4823
-2732
-1611
-9556
-11568
-9779
-8536
-7041
-5651
-5912
-3620
-1052
2318
5357
5140
8031
9236
7888
10965
13213
13815
13799
14557
14323
14303
13705
14092
11826
13612
14567
11754
9545
5912
5733
5986
4893
2471
849
680
1634
1431
1235
913
2497
-59
-1534
5211
1729
-2074
24
1785
1763
-250
-91
-1915
423
3817
156
258
-589
-1264
-487
-1062
-252
-2395
-277
-588
1258
-75
-4280
-702
342
3378
4039
3066
4568
4301
3848
4279
3559
4794
4973
4168
3308
2106
2516
1921
1085
9
-1087
-3893
-5861
-5489
-2811
-3597
-450
-2047
-7628
1241
6453
3315
2318
3031
173
2958
5835
2164
2082
1648
1699
2403
2874
1735
1391
708
-1198
-1457
-2208
-3455
-3842
-7187
-10079
-8433
-4697
-3736
-4157
-1725
-463
3009
2512
1730
2672
4388
6843
4869
4345
5203
5988
5666
3889
2065
1520
1200
85
1231
-1876
-1876
5751
420
-5473
5173
4592
1156
10578
7752
5596
6590
6840
7646
5522
5841
5153
5067
4507
3591
1987
2190
1307
73
-492
-2479
-1950
-5775
-9562
-8686
-8220
-8125
-10055
-10153
-4443
-4493
-4087
-4758
-4514
-4693
-3768
-3364
-3799
-3720
-3938
-4568
-2846
-4790
-4470
-7309
-5987
-1789
-2785
-1248
-1685
2814
-5638
3030
5935
185
3985
2226
3677
2009
5641
7847
6476
8263
8903
8606
9505
8864
8339
7028
6630
6796
5507
5680
4019
4268
-889
-1573
-664
-1471
-2598
-5546
-4026
-6443
-7538
-7419
-10005
-10586
-9410
-8931
-10660
-8625
-4666
-3893
-7725
-5863
-2356
-2605
-58
532
1248
1029
9258
10887
5906
10708
17032
16552
18116
17933
18180
20275
19673
19801
18374
17854
15249
14177
13620
14131
13122
12869
13487
12865
11246
9719
9403
8275
1988
-316
1073
451
-768
-3049
-1583
-3253
-5965
-6760
-8181
-9903
-10725
-13201
-14239
-14607
-18294
-16741
-16360
-18431
-19735
-22282
-18190
-10617
-9278
-4891
-10636
-5182
3190
-175
8390
12124
9626
11392
10216
12682
13290
13662
14523
13767
15068
14878
14595
13260
12251
12027
9888
8918
6871
6945
8215
8108
4485
2770
5197
4404
3558
2068
1167
-392
-555
-2105
-3801
-5637
-6737
-8249
-11100
-7423
-11513
-19600
-17401
-18845
-16992
-17009
-16928
-16249
-14416
-10669
-3982
691
-1817
518
10594
11751
12163
14361
14430
17368
17626
19676
20086
19794
20308
19775
20180
19783
19082
19012
17595
16987
15415
15284
14112
13960
10858
4996
7263
5617
3076
3068
2829
2223
-1198
-619
-3064
-3770
-3171
-6706
-7130
-8681
-4467
-7842
-9373
-8482
-11506
-11638
-8106
-7326
-11810
-9784
-11054
-4860
-7780
-10885
-2506
-2364
-133
549
2607
3546
4169
4624
4836
4593
3977
5434
6372
7141
5505
11478
10558
6060
6509
5271
7535
9295
2150
-1825
-760
3238
2214
1781
241
758
-2368
-3395
-3320
-5113
-621
-4314
-9152
-426
-1639
-9331
-5890
-6455
-10179
-8312
-11149
-3346
-10762
-9273
-9585
-6248
-6749
-11824
-262
-2916
-4177
-2402
-3667
-12
-1533
70
2085
6511
7920
9467
11322
9593
12074
13424
13668
14511
13288
15036
14360
14641
12313
7663
9432
6172
9443
10388
8337
7063
7858
4576
6853
8117
2106
4627
3452
4440
1904
-1257
-1166
334
-1099
-1134
-2209
-4573
-4907
-2301
-4077
-3745
-2130
-8785
591
2
-2629
-798
3248
5075
2790
2831
1859
368
-197
-220
-752
285
100
966
919
1897
2408
829
1884
27
1364
-1150
-1074
500
293
2368
-730
4940
5848
1131
4915
5761
2695
2872
3460
2408
3095
2626
2497
2068
2226
328
239
-487
-51
-4820
557
5469
-7965
-3172
4511
-741
474
1442
2878
811
2518
1877
768
-887
-2824
-1944
-3651
-4976
-7008
-5696
-6281
-7313
-8114
-9293
-3459
1318
-3464
-2836
-1140
1368
7247
6267
7624
10969
10947
10015
10897
10082
10705
10893
11279
10957
10524
9244
8239
8477
6311
6704
5428
3884
4627
8049
4225
6318
6257
276
6119
6729
3547
6691
7587
6571
6533
5903
7173
5567
3943
1859
-145
-1275
-1341
-2232
-4984
-3861
-4380
-6158
-6783
-8669
-5589
-9976
-11567
-5274
-5257
-4742
-5682
-2590
-1930
-997
831
15
207
1476
622
-180
-221
-2308
-384
-2054
-1017
-771
-1636
-646
-900
1423
936
2185
-1426
-1032
6697
5002
3923
6191
6498
6430
6187
5945
4118
3790
1543
1488
-1913
-1431
2651
-1031
454
-1315
217
743
-1526
840
-2292
-8236
-7818
-7608
-8033
-7437
-8257
-6763
-6447
-6016
-4687
-3766
-3367
-1851
-977
-262
978
1882
2246
2749
3622
3281
3099
4812
4720
5867
4202
8286
9030
4690
11279
10952
10361
10060
9289
10799
8782
8151
5397
5381
7063
7294
6309
3350
-400
-1221
4131
1969
1303
2974
1602
-279
1582
-1712
-4010
-1054
-2726
-2012
-3386
-2738
-3031
-3107
-3726
-5524
-7561
-7590
-7359
-9357
-9799
-10879
-9237
-8874
-9304
-8683
-8671
-6954
-5540
-4473
-5753
-81
-3799
-5108
5538
2949
3913
3484
3512
2543
2184
4888
4478
2502
2258
2808
1001
7613
6920
5550
5470
6097
6686
4895
5259
4041
3946
-2347
-560
2245
1225
1167
-170
38
-1186
-2516
-3906
-4963
-7937
-8789
-8693
-9977
-10444
-11726
-14219
-15414
-13311
-15450
-13627
-6905
-8589
-5985
-4468
1028
2344
-4724
4812
10024
4682
8593
10994
10262
10910
9212
8924
11225
16333
15497
13169
12549
12289
10496
10291
9889
9496
11400
10081
7553
7852
5155
894
3219
8720
8787
5763
3082
4053
-1718
2643
972
-977
-2280
-7986
-4395
-4935
-6125
-13019
-9283
-9416
-9561
-11385
-10676
-13127
-11590
-13520
-7678
-9790
-14993
-2048
-2601
-843
1492
-2210
1659
5155
8630
9910
7706
3224
5009
5031
6545
5649
5138
7020
7407
8573
7267
6590
6763
7843
4964
2262
4150
4716
5688
5344
4565
4516
2630
2645
2109
341
-1746
-2679
-2557
-4485
-3332
-5847
-6731
-6737
-8261
-8862
-10655
-10867
-12966
-12635
-7477
-8996
-14383
-9910
-4522
-4265
-4389
965
6506
4842
6698
10073
10960
12132
14209
14720
15119
17306
17824
18204
18180
18018
16913
18269
17336
16909
15922
10423
12427
13906
10403
9784
8846
7735
5488
1765
2217
898
-970
-1747
-4405
-4373
-5657
-7557
-9896
-7289
-8428
-19584
-10703
-7622
-11187
-9345
-4398
-6613
-12045
-2130
4816
-808
122
1012
1014
404
1647
3475
2054
3083
4374
5090
5740
6413
7433
8072
7602
9416
8727
9626
8774
8899
7772
3814
6449
5519
5520
4846
4585
5032
3305
-2932
2241
1458
622
-170
296
-2031
-3885
-3054
-14421
-7066
-9172
-11218
-10754
-9991
-10002
-11277
-4329
-1974
-9783
-2753
2958
2198
2338
3174
3160
2012
2727
980
862
-1258
857
1536
-68
797
1509
2917
4481
8022
5838
6971
8605
11499
8656
6379
10767
9658
13039
12119
12327
11779
9477
9518
7923
6999
5776
4800
2155
672
-546
1567
-428
-2483
-3198
-1638
-1725
-4727
2793
1999
4459
2589
-205
9232
8666
10080
8085
7525
7060
4908
7421
6508
7934
7189
6229
5502
4781
4262
1562
-227
370
-1490
-1144
-978
-2476
-1798
-6328
-5823
-2394
-4032
-3769
-2479
-1612
-2688
-3384
-4214
-4596
-6759
-9456
-6438
-5580
-3988
-9460
-9134
-5763
-8008
-4594
-4850
-5177
-5464
-3921
-6228
2076
-1052
-5070
8443
6995
7417
6981
7526
7520
6060
5363
4401
5261
4774
3870
974
2036
964
846
2355
727
-1155
-3234
-4841
-6633
-6201
-11231
-13124
-9276
-8577
-8240
-8421
-5854
-4103
-5775
-5530
-1600
-472
-482
-1717
154
949
694
3990
3234
1811
1031
1814
2519
3652
4231
5087
9856
4643
4490
13092
11013
11244
12219
12226
13139
11807
11415
11777
11718
9938
9253
8116
7780
6749
3733
3694
2075
908
-1808
-748
-2642
-2078
-3369
-10194
-7927
-7329
-8938
-14917
-10865
-10034
-11478
-11951
-13091
-10234
-11334
-9292
-6563
-4910
-7292
-7594
-6365
-7135
-5947
-4349
-5232
-2235
-1092
-2720
1401
6525
801
2013
10717
8073
8140
8420
7754
7649
8586
9704
9366
8548
8942
9381
9220
8472
6878
7106
6646
6158
5126
4295
2352
1083
2326
-5423
-9069
-2402
-7027
-6505
-6531
-8809
-5093
-8281
-10077
-7818
-8234
-11321
-10391
-9826
-9504
-11120
-7909
-6224
-6918
1401
1678
-1562
1250
1640
2147
12998
1208
14069
20955
16593
18913
17607
18208
17151
16834
17435
16312
15089
13322
13215
13622
12711
11839
9862
9075
7218
6803
4531
610
4283
3792
-1067
-3911
-2101
-2386
-1629
909
-750
202
-2943
-5154
-4671
-4889
-5319
-6077
-5310
-5750
-4863
-5516
-7073
-7716
-8122
-6831
-7552
-5565
-4194
-4933
-3602
-8002
-2444
3555
1573
3668
5510
3011
4968
4403
5093
5274
4575
5610
5675
6252
5647
3916
5113
3295
-1545
2493
5142
1858
735
130
-5236
-1709
3152
784
2851
3360
3034
2736
3281
1544
823
270
465
435
-1360
-2652
-4400
-4407
-7291
-6154
-7153
-7584
-7923
-8593
-5897
-5221
-2298
-7281
-2565
7810
5926
7897
10148
9821
11007
11704
11700
12664
11965
14821
14103
14525
13518
9743
14004
12809
10743
11714
8278
7311
9707
8323
6848
6536
5439
8338
8302
5981
7408
6955
6387
5459
4184
3028
1787
1790
1442
1297
1456
-358
-1498
-2141
-4020
-5125
-5222
-7973
-7436
-7732
-2944
-4079
-11349
1027
1781
-411
2856
-373
935
-182
808
639
163
769
-1075
1941
3402
3376
2931
1338
1314
1567
4028
4082
3796
5415
2340
838
2702
2913
3153
1918
3109
3629
3230
991
-29
-426
-2264
-1357
-4528
-5293
-5430
-340
-6264
-6980
-8981
-9432
-3400
-2713
-1845
-2460
1809
-7252
-2758
4253
-3623
-581
-608
-1032
-1372
-2595
-2634
-2918
-3290
-976
588
1328
3219
1906
7139
11367
10212
10705
12178
7446
8107
9710
5862
6540
10048
10350
10422
10381
10275
8390
8319
6993
6288
3346
2242
4625
1300
1617
645
-2022
-3102
-4361
-5341
-6369
-5623
-5110
-5159
-4809
-312
-7603
-3080
5539
-1154
634
1395
-1501
-759
54
-1489
-1929
-3579
-4184
-3627
-469
883
-590
-1439
-679
-601
3
1849
2451
5250
1917
943
3988
3110
4070
3028
4002
3808
2209
2999
3014
3027
1061
-285
-1581
-1918
-3321
-3049
-3649
-5528
-5363
-7336
-7687
-8325
-6153
-4136
-2932
-3757
-8021
-886
-66
-3626
-228
932
3090
1852
1190
-974
21
4690
839
778
1052
-5
309
-726
-230
-2749
-2234
-1893
-2062
-2362
-414
-2253
-2661
2421
2824
5102
4256
5609
6584
6310
7181
6342
6288
5244
6181
6709
5839
6103
4639
3158
3145
413
-1681
-2181
-2717
-2757
-2805
-2238
-2856
-1816
2994
3488
3290
654
-487
7961
5650
2556
2263
1919
3555
5265
6346
3705
4339
2912
3201
3153
3146
2039
-464
-3221
-4133
-6741
-8296
-6097
-8739
-6008
-7597
-5711
-4779
-7983
-6169
-7435
-7027
-8523
-7657
-6444
-6909
-7911
-6887
-6307
-6762
-8881
-11376
-10583
-9629
-11184
-7480
-3668
-10909
-3998
-3578
-3998
4956
1246
2005
4611
4803
5195
4881
4162
9808
5358
5087
3961
3732
3094
3705
3358
2211
7850
8098
994
-874
-4569
-5934
1257
-912
-7901
-10722
-10984
-11920
-12841
-11116
-12061
-11010
-10809
-9910
-8559
-6760
-5324
-5266
-5614
-4088
-6369
-4423
-1523
-1349
-722
512
4484
-1371
9911
10568
6642
14130
11825
13645
14448
14389
13743
13517
13064
13664
13319
13993
13576
12706
12035
11300
11684
10055
10027
9159
7205
6904
1943
1859
4107
2041
1361
-790
-706
-1940
-2271
-2787
-5951
-7005
-8717
-9288
-11095
-14223
-14076
-14431
-13408
-12819
-12168
-11701
-9611
-9472
-3990
3971
-2991
-1418
6158
4906
6051
7741
8309
9679
10231
12189
11572
11061
11044
10312
10153
9518
9268
7587
6053
6701
6263
5247
6120
4993
5057
1036
-61
1137
256
492
-2027
-653
-2230
-3450
-3574
-4537
-6267
-9277
-9289
-12774
-13708
-13832
-15166
-13191
-14471
-16951
-21108
-17062
-15241
-15069
-10088
-8293
-4034
-8479
2604
10734
6990
12350
11166
12205
13328
15619
17399
16756
15957
15276
15200
15269
15431
14106
13971
12622
13038
11099
9454
9144
5936
5085
1532
380
991
1481
171
-1864
-1268
-3527
-4054
-5881
-7614
-9808
-9087
-8184
-11088
-10590
-13951
-14154
-9170
-11307
-11400
-11793
-10178
-8258
-7742
-1946
-14303
-9022
2737
-4313
394
1872
2354
2942
4471
5164
6092
5345
5471
7307
5365
7003
5328
5816
3774
4095
4436
2577
3034
1667
3682
-2060
-2819
-27
-2295
-2630
-3062
-2184
-5465
-7374
-7747
-7832
-6089
-9326
-8515
-10801
-8271
-5719
-10063
-8337
-10417
-9135
-8049
-6561
-7057
-5177
-5654
-942
-6269
-8834
3696
-2718
-1571
289
-958
-4375
-3753
-370
1251
-268
1549
6274
5829
7507
6329
8395
8550
11025
8959
9117
9505
9419
8542
4311
2434
8648
9112
199
472
-508
304
-676
-744
-2807
-4999
-2897
-2237
-4029
-5047
-4581
-6069
-4925
-4776
-6562
-6187
-6111
-2865
-2784
1182
562
-4423
6991
5443
2491
5167
4343
3548
2082
3154
2245
1240
559
544
-2706
-2576
-2583
-2152
-1732
-2754
-499
-1373
-2106
224
876
-897
-5260
-4281
-2553
-3705
-2609
-1718
36
-4064
-3967
-1529
-1142
-2307
-3963
-2621
-3073
-3655
-3532
-3804
-4973
-4547
-4700
-3328
-3685
-1435
-1737
3486
2728
-4090
6809
7782
5715
7751
7425
6029
5598
6175
6570
4223
1726
2115
814
983
-56
-2271
-5766
-5150
-5275
-7040
-6272
-6334
-6060
-6248
-5452
-1231
4207
3993
1168
2614
6213
7989
6256
6499
8215
8721
8379
8625
8499
5699
6091
6228
4988
4442
3873
2373
4429
4345
8293
8813
47
9600
12620
7917
10123
7206
8179
8136
6786
8072
6273
4858
4456
3502
2103
1877
-63
-575
-2751
-3413
-3055
-6549
-3531
-5927
-6749
-9450
-10764
-10834
-16011
-11190
-6925
-6321
-6471
-4633
-2733
-1662
-3414
-2203
-1745
-2349
-1164
-2830
-2294
-2289
-2871
-3312
-2857
-2875
-2111
-1399
4543
-2097
-4652
8763
4844
3356
7238
5981
4688
3094
4015
4307
4595
4221
1964
1770
1293
-1199
-2142
-4249
2576
-3117
-4338
-2517
-4713
-5401
-8482
-10059
-6578
-6360
-7880
-8209
-7082
-9473
-8546
-9042
-9993
-9870
-10482
-5393
-2655
-2377
660
1394
402
1823
2002
3114
2989
7037
5799
8692
12532
2106
9781
14331
10646
12623
13029
11175
11591
11553
9259
9684
8514
8496
3113
3000
2919
2252
2732
1573
3850
-514
-765
-1379
-2939
-1304
-4556
-4997
-2241
-2174
-2095
-3516
-3524
-3440
-4020
-2638
-4673
-5210
-7010
-7511
-7762
-8228
-9167
-10727
-11226
-11552
-9822
-7452
-7114
-4638
-1891
322
2073
-6490
2434
7034
5151
8871
4055
6384
6022
5178
4762
3258
3735
2748
1826
4674
4479
1964
2358
1729
-119
303
3982
4966
2600
849
-1067
578
1930
1784
2052
2337
3221
1555
-8
-1735
-1923
-3455
-5346
-6044
-9029
-10150
-8463
-11193
-10537
-11684
-11599
-13054
-11497
-7770
-7769
-347
-5774
-1162
6320
6528
10599
10641
11068
10353
10299
11004
10753
10384
12023
12452
12054
11734
10389
8960
10810
10252
9210
11175
9857
8698
7348
4042
3084
2762
1212
1766
2805
1261
865
658
-745
-560
-1070
-2806
-2425
-3157
-6059
-9313
-8821
-8760
-9664
-11083
-12072
-12344
-10693
-8684
-9627
-4247
-12349
-11518
-1285
-5154
-6423
-4305
-2987
-2762
-1236
1801
4723
4312
6397
6269
4669
6490
9348
8586
6947
7501
6865
7091
7055
6738
5763
2527
2171
4614
4333
3836
2634
2762
2306
926
746
692
-2436
-3654
-3825
-5745
-5607
-7961
-7484
-9729
-9359
-10617
-10957
-11525
-11524
-10645
-8531
-6302
-14700
-5376
-6842
-3989
-6286
-9433
-6172
-7220
-4892
1701
-5770
-6519
-3847
1681
3921
4131
7623
9108
8379
11947
11559
12174
13454
11770
16276
14216
8313
9038
8299
7665
8008
6115
4726
4769
3794
2239
398
-1675
-2374
-4167
-5112
-5464
-6886
-7858
-9108
-9964
-10768
-11315
-9752
-8876
-5558
-9437
-13132
-3449
-2859
-2949
-1954
-3399
-1804
-2012
-2597
-2610
-1662
-974
491
-777
-906
-785
-761
229
-2189
802
1816
2762
2947
2948
2318
-1128
1520
1489
3181
1211
1424
3063
-82
714
-961
-2363
-2525
-3935
-4175
-6097
-6993
-7613
-7970
-8008
-9579
-9713
-10641
-9366
-10984
-4093
-5596
-14732
-2263
-697
-2914
320
1575
1241
-1477
3001
4245
2193
2816
2943
2803
2668
2203
2571
1400
2801
1991
1553
1967
4252
5032
4525
3606
2360
6188
6393
7850
8356
10536
9276
10948
12947
10848
10378
9305
9513
7039
5097
4446
2945
2128
-20
-986
316
-1224
-1797
-1252
5018
331
-2752
5118
4526
5133
6921
7787
8230
6316
6567
7521
6481
7562
6648
4890
5060
4483
3847
2799
1542
1225
1399
1595
318
-652
-1718
-6649
-4676
-3237
-4603
-5312
-6243
-6918
-9117
-8087
-8544
-5123
-5458
-4986
-4833
-7349
-5366
-7964
-8344
-9764
-9433
-10425
-7960
-6544
-7060
-932
-4174
-6579
-2858
3720
5010
2944
3350
3436
5722
5901
7255
7656
6779
8578
8133
7187
7095
5817
6321
5601
5068
4170
3281
3253
2436
1495
-3509
-4135
-4149
-5877
-6066
-7840
-8811
-10079
-11660
-12294
-11669
-11641
-11110
-10966
-11249
-10149
-10341
-10889
-8593
-5421
-5611
-3346
-2645
-2525
88
4444
7157
47
3649
9879
10911
11093
10540
17469
9875
11510
15988
15512
15430
14508
8179
6816
7221
12205
11145
10722
10633
9080
7795
6490
5045
6184
222
-1584
-5427
-6984
-5849
-7357
-6679
-7219
-8644
-10079
-11429
-12201
-11715
-14358
-15537
-12267
-12765
-12674
-15043
-16149
-14711
-13801
-9535
-7159
-6243
3782
2626
-5068
6780
10628
9065
10693
9471
12281
11520
12842
14017
12482
12090
11321
11034
10149
8660
8112
7298
6013
5380
4925
4399
4293
4516
2293
-1136
-518
256
-1187
-3263
-3449
-3285
-6305
-7104
-7577
-8872
-11065
-9557
-9190
-11842
-12278
-14886
-16353
-13813
-12138
-13147
-11293
-12122
-9060
-7693
-5023
-2341
-6048
4440
4929
6542
11130
10921
14330
12947
16385
16065
17340
18262
17164
17208
15334
15052
14199
12954
12661
10452
9210
8394
7046
6675
2990
647
232
159
-2033
-2575
-4622
-5056
-6123
-10085
-5847
-6468
-9136
-7862
-10519
-13794
-11703
-11340
-12274
-11266
-11332
-11846
-11444
-8137
-8030
-4941
-5564
-11723
-1573
1031
-3778
1198
1034
1509
1841
1421
2670
2735
4641
4762
4017
4769
4768
5110
4698
4343
5723
5031
4152
4707
3486
3459
-1437
-2430
-1023
-3439
-4700
-5091
-484
-370
-1321
-1991
-3062
-4446
-6297
-3357
-2822
-3825
-3945
-6306
-4572
-4523
-4593
-3190
-5092
-438
-157
3120
-319
-5553
6052
2761
2387
4689
1661
5212
1727
3378
3890
4751
5220
4967
7145
3313
6201
8523
8568
10270
10629
10553
12272
12264
13713
11596
5790
7039
5721
7584
8698
7417
5454
6187
3889
1642
7431
4286
2015
1894
-1573
-1274
-1060
-2297
-2773
-4216
-3083
-3072
-2589
-723
3914
-1533
-6372
6173
4704
427
3363
2794
3495
4496
3507
3403
2066
-229
236
-744
-2674
-2831
-4038
-3118
-3314
-4415
-3429
-5433
-6687
-7750
-8763
-10749
-7075
-4366
-4514
-4857
-6135
-6714
-1997
-51
-4700
-1950
-3259
-3835
-2985
1257
-536
15
128
-97
-863
-1240
-914
-679
1690
4189
7097
-1197
1900
9764
4709
1534
8370
8332
8080
6564
7507
7061
7373
5932
4475
4377
2657
2382
-4277
-4526
-4900
-8214
-10376
-8811
-10274
-8459
-6363
-9847
-6479
-6694
-9395
-1123
1467
265
4505
2659
4495
6835
9151
9097
7847
7630
5320
5423
4432
6370
5851
5721
6754
7866
10893
12230
3024
10855
16463
8052
11466
9344
9241
10219
10160
7416
6711
4908
5493
6839
4590
2294
1661
1889
-677
-437
-3995
-3888
-2199
-1873
-2423
-7734
-10085
-8685
-4071
-4906
-7297
-4026
-6266
-6470
-6546
-6602
-7130
-8396
-5094
-6299
-3995
-3468
-6020
-4456
-5296
-3371
-2416
-5300
-3618
-1653
5094
4437
-5223
4472
7832
3748
7324
7548
5987
4875
6030
5169
5899
5678
5126
5431
5320
1194
2016
2030
-240
3108
1688
107
265
-1582
-4241
-3419
-3532
-1738
-994
-3790
-3380
-1714
-3940
-4318
-4801
-7466
-8318
-9301
-8335
-8493
-6762
-7561
-9516
-5707
-7633
-5597
-4407
-743
3202
7262
8776
-1
15007
17254
12638
17967
15318
13897
14291
13912
12786
10538
10314
8234
5390
6919
2597
6030
4243
3080
4413
1265
-894
-135
1054
-1991
-3392
-3538
-1867
2970
-2760
4604
3450
2109
1928
-33
-101
-1296
-1896
-1125
-2677
-4157
-4135
-6446
-7442
-7161
-8337
-7653
-8867
-6105
-4827
-2417
-7929
-6800
6092
1683
3176
6524
4849
6659
5017
7411
4322
4702
7759
3852
7100
7302
6297
6208
4637
5794
3779
5200
9482
6171
4622
1998
3276
6339
5190
-1413
-911
1184
-1498
-122
591
315
-1318
-2781
-4047
-4314
-2411
-2977
-4266
-7179
-5509
-6819
-7174
-7452
-7557
-1914
-1890
-9355
-6636
1305
-1737
-476
1766
-2566
1126
2789
4814
6145
4888
11149
9999
10908
12587
10969
12390
13182
16678
17965
15734
15544
15154
15259
9849
10043
13262
10015
11777
9962
9930
9935
8272
7129
5898
3884
2371
3911
3133
800
458
-837
-3300
-4068
-5384
-5592
-6578
-6463
-5813
-72
-739
-10683
-495
4880
-2317
663
-2336
-1646
-4700
-4464
-1065
-4502
-2252
-5907
-5567
-6031
-4489
-1682
-1565
944
10
933
3628
2354
7509
5777
3506
7340
8964
8627
6961
6980
7432
5837
5417
5126
4254
1781
1566
-221
188
-292
-2763
-3654
-4496
-3964
-4481
-4379
-4662
-3830
-1306
2194
-6645
-3006
6104
-965
1411
2884
920
3155
4052
1658
2512
919
745
2631
1587
1118
497
1451
1693
2361
88
1914
6673
6916
6331
5496
8280
11278
12662
11518
11177
14426
13440
12513
13290
1754
1213
-3636
-3556
-1497
-2887
-2134
-3146
-958
388
-2377
-3131
-3216
-4996
-7191
-5279
-6570
-6628
-5200
-9266
-9229
-8923
-10118
-10690
-4335
-420
-1259
-1416
3025
3477
764
6097
10837
8881
8908
9591
10031
8736
10102
10047
9249
10288
9261
9640
8799
6867
7304
5805
3467
3712
2380
2148
2431
1021
-2364
-6507
-5988
-3985
-5856
-5409
-6457
-5044
-6249
-8530
-2920
-2937
-1136
-170
425
1772
3193
6216
4754
4834
6593
6472
5634
7042
8316
9683
8495
10427
12669
5940
6134
12100
9573
9853
8309
11426
11261
9601
9381
8726
8162
8028
6598
5694
6699
6687
6321
4327
5236
2768
4095
1857
1045
-945
-5498
-3100
-3948
-5322
-8403
-4702
-4685
-7852
-6795
-6328
-8327
-7916
-5977
-9148
-10088
-6524
-4998
-6701
-2850
-1790
-1541
-2114
-510
3398
3048
3201
9057
4220
4292
14923
10314
10274
10902
9972
9812
9251
9998
8966
9653
9561
9012
7880
7985
6953
6672
5690
6055
4840
3387
4105
2562
-49
-5411
-3475
-317
-1654
-4260
-3304
-3915
-5508
-3119
-3884
-4593
-5767
-6110
-5225
-7487
-8491
-6667
-6539
-8803
-10523
-6290
-3242
-3497
-1441
3023
1763
3942
10499
4583
5309
14321
14421
12932
13418
14457
14407
12089
13909
12000
11450
11168
8106
9175
7437
7176
5676
3531
3718
1703
-1230
824
-64
-3631
-4435
-5461
-7363
-4127
-3369
-6854
-4830
-6063
-3732
-5246
-6776
-5221
-5682
-4891
-8302
-3292
-3443
-11746
-12147
-11174
-10335
-11550
-13188
-11314
-5235
-5150
-585
-7542
-2849
6033
6441
6554
8159
8005
8907
9408
9908
8731
9696
8374
7635
7384
6890
5382
3193
1933
-440
-1700
-2514
-1384
-6752
-1713
-2211
2297
3903
-3931
-3700
-2621
-2178
-1885
-760
-1775
-2331
-1377
-88
-1951
-3429
-3462
-4541
-4447
-7027
-7208
-7849
-8807
-7580
-11037
-9150
-9008
-8024
-3950
-10271
-8111
413
-1184
1786
4546
6851
8849
10013
12116
11175
13138
11914
10163
10814
14398
13946
13812
12928
10491
14785
12152
12530
11896
7597
9379
10431
9935
9683
7734
7404
8149
6005
5459
3861
3157
1154
778
2036
-765
-1249
-2822
-4915
-5396
-5967
-7051
-7211
-7099
-7588
-5902
-7400
-3151
-7333
-10474
-688
-3363
-3364
-3848
-4635
-5565
-8926
-7346
-9373
-6034
-2544
844
-3091
3552
2312
5082
5082
5729
5967
5087
8039
8951
5575
3688
5559
8121
7329
6605
6504
5228
2
-585
51
-1517
-2806
-2529
-4151
-4156
-4144
-6325
-6290
-6179
-6262
-9484
-8468
-7575
-9799
-8356
-7781
-5788
-3033
-5989
-8418
1247
1427
-1383
-1360
-4941
-1619
27
-2168
-2192
-5677
-4318
-1540
-3650
490
2763
5393
8612
10035
10828
11788
13804
14656
11502
14332
14581
15229
15981
14384
15539
13526
13102
12068
12327
10196
9192
8243
6837
5890
5186
4335
2580
2055
-970
-705
-893
-754
-3291
-1461
-2393
475
-406
-7977
1692
402
1755
2479
-723
598
89
2612
-518
-809
208
-158
-1266
1782
496
-312
373
-3767
-3396
-2997
-2387
1363
229
-5363
-1275
-292
-412
451
-632
1942
231
-520
-82
-824
-1862
-2347
-4163
1365
225
-6528
-1756
-2963
-3166
-9280
-9390
-9534
-10013
-11073
-10312
-12209
-9008
-6846
-9807
-4327
-1328
-3831
1332
827
-805
1297
1409
1838
3357
2230
403
2129
1244
831
-635
-207
-774
-3581
-3554
-3289
-4670
-8632
-6028
-1877
2390
1740
4290
5736
6070
7814
7205
7074
8553
8410
8625
8620
8618
8069
6382
5920
4353
4797
2844
944
-454
945
1786
-540
4502
2850
-1827
5724
8954
5363
6903
6661
4373
5234
4732
5533
5209
5263
2765
4867
4692
3009
3237
2022
2017
1202
1400
3599
1003
1333
-2942
-6203
-2375
-3593
-4253
-9083
-7919
-6121
-7149
-4781
-6427
-5686
-5505
-5712
-4725
-3819
-3377
-3928
-6692
-6105
-5994
-6518
-4129
-6545
-5310
-3788
-5227
-973
940
-4154
3101
9663
6993
8355
9188
10506
9481
8944
11175
11004
9836
10771
9853
11072
11169
9163
9340
8585
6951
7296
6300
5241
5189
-798
-734
915
-659
-1540
-3202
-3230
-4676
-6343
-7271
-8599
-11651
-10870
-8056
-10651
-8082
-5548
-5811
-3464
-3495
-2414
-2152
-1071
1871
2843
2008
4813
10025
4197
7118
14185
11063
12613
13777
11625
11669
12848
13410
13023
10982
10361
8022
8533
8957
6931
6655
5636
3684
4086
3120
1390
2349
-3367
-4098
-1896
-3274
-5214
-5440
-5350
-7255
-7699
-7817
-10097
-11545
-10608
-11714
-13039
-14130
-13725
-15050
-16132
-14300
-12683
-13132
-10430
-9267
-7131
-5131
-5170
778
2042
214
3104
9521
10526
9188
9840
10638
11537
10109
9244
10015
10094
9894
9866
9250
9953
9842
7363
7537
7146
5340
4871
4920
3064
-3355
-1717
547
-1905
-2793
-3434
-5568
-7994
-5766
-8051
-9586
-7942
-11422
-13064
-13161
-8833
-14141
-14035
-9208
-10491
-10769
-11217
-9599
-9420
-6710
-4105
-1889
6127
4112
4488
11839
15279
13128
15060
16365
16932
19652
19042
19249
16922
17561
18311
17942
17040
15713
15219
13655
12352
13412
11837
10155
9121
5426
1489
1462
-2490
-4521
-2926
-6098
-5408
-2752
-6820
-7212
-7949
-8102
-7992
-7289
-7947
-6906
-5095
-6112
-6450
-6820
-7169
-7725
-6995
-6647
-4761
-6677
-6771
-1861
-3892
-4052
1495
4008
1525
2808
6892
8145
7197
8212
9834
9931
9777
9965
10058
9052
8877
7423
6549
7494
4850
4727
2949
2027
3437
-4839
-1711
2254
-1044
921
1201
258
1500
834
1227
1562
-822
1118
208
-94
-533
-1758
-245
-774
-1363
-1997
-2136
-3815
-1772
-3315
-5440
-940
-1766
-7010
-2912
-621
-4072
-400
-669
2159
1708
4896
5520
5785
8330
7100
10203
11356
12338
11224
11118
8220
8309
9764
6814
4615
8667
5992
1504
5501
5621
3936
3610
4693
2950
3035
1883
1839
311
-770
3117
1767
1418
1576
-1339
-879
-665
-2636
-3685
-5586
-4830
-7433
-5183
-7206
-6029
496
-5972
-5692
-1644
1753
-360
202
142
-3975
-5668
-5940
-2301
-3834
-3126
-3497
-5784
-4342
-3595
-4829
-3577
3632
-3005
-2701
4212
303
-3466
-5157
-2738
-1441
52
254
369
72
768
-45
5101
-1084
-1670
-2618
3218
3319
-3302
969
202
1659
854
-1331
-6617
-7365
-2037
-1672
-8281
-5498
2116
-2545
-3657
6828
4826
-2040
-2848
-1609
-1042
-3786
1258
-6858
-8025
-8980
-7859
-10530
-8738
-4781
-6968
-2071
-143
1196
3349
4998
8129
5057
5132
8967
12280
12296
11399
12893
13231
12831
9099
10189
9628
9074
10372
7007
8477
8493
6863
5932
5198
3821
2619
969
588
675
160
-2076
-2485
4109
-183
-2594
4502
4146
5079
1540
1347
3014
-766
998
1980
1075
-4
2514
3203
1431
750
2097
908
-8
-1678
-163
1213
430
3392
-3250
-1018
1913
610
3072
823
2158
1956
-466
-629
-1180
-2233
-2147
-2572
-1901
-2336
-4393
-3970
-4900
-5562
-6793
-8713
-8091
-9929
-9967
-10399
-8917
1856
-2521
-4509
3455
4573
-3073
-1933
140
-1921
-83
6367
-1756
-993
-447
-825
-153
1943
-511
1953
1581
-431
-110
38
-1186
-3506
-5384
-8900
-6578
-7815
-5359
-2626
-4152
82
-934
-803
1150
2254
2163
3904
5057
4541
4250
3170
4351
2403
1454
1878
1600
1015
632
-665
-3665
-3087
1686
-628
-1312
1348
5824
6200
3025
6261
5958
5827
6449
7090
5881
7189
7071
5658
7239
6238
6907
6886
5525
5385
4813
3250
4677
3031
-2724
-444
-1455
-3920
-6039
-6700
-4768
-7546
-7304
-8162
-6671
-5193
-7404
-7087
-7045
-7638
-5860
-7459
-8917
-7911
-9359
-9183
-10111
-10305
-7486
-9047
-5923
-80
-6208
-4714
3822
3559
2868
4073
5646
6057
8726
10974
9795
9288
9092
8457
10125
10112
8990
10649
8285
7979
7528
7291
6320
4408
4072
-1023
-858
329
-564
-1474
-2807
-2058
-4625
-6218
-8961
-11097
-11680
-12940
-11038
-12904
-9693
-9808
-11613
-7886
-8320
-7847
-5949
-4015
-3761
-1658
-279
641
4865
5504
4616
10825
13448
11210
12066
14059
15110
14684
14047
13866
13411
11358
13340
14388
12914
13459
11532
9965
10388
9319
9060
8595
6034
6139
-286
-1580
3006
270
-1201
-2240
-3276
-3220
-4436
-5800
-5342
-7594
-10996
-13732
-11912
-15407
-15644
-14650
-18537
-16103
-17883
-16989
-13102
-12868
-12311
-12929
-10222
-3441
-7417
-4483
5645
3147
2454
4890
4994
6093
7130
6266
12419
11661
5333
5866
11132
10512
8865
9091
2499
2949
2914
9186
8550
8689
492
-6123
-2525
-1631
-1814
-2109
-2962
-3059
-5348
-5782
-7450
-8664
-9824
-9999
-8565
-13055
-13033
-11746
-14571
-14788
-15372
-13735
-13498
-14064
-14618
-8840
-12853
-8348
-3023
-6869
-633
4457
8012
7945
8791
10895
13257
14802
15909
15094
16630
17048
16951
15229
15062
15423
15045
14772
14466
13056
10948
9982
10004
6728
2065
3902
3680
658
239
345
-691
18
-1591
-1736
-2465
-4380
-4191
-2547
-4928
-5948
-5078
-6045
-4344
-4551
-3506
-5586
-4793
-6365
-8217
-6483
-1546
-3161
-8784
31
4514
4070
1278
3736
6846
4683
6107
5830
7386
7100
8121
8725
8084
8615
7350
7111
6558
6334
6323
4551
3487
3311
-2896
-2428
-988
-828
-2911
251
3368
-1651
-3022
-1050
-2552
-3545
-1619
-4616
-4561
-5140
-4094
-3583
-4239
-4838
-4302
-4211
-5189
-4778
-6037
-6575
-7354
-2026
-4783
-9442
-2168
-1008
-1577
263
-2768
-2064
-2627
-1239
647
-1516
1645
2318
3911
5204
6242
5902
5092
8690
8949
8340
5415
6591
5760
2041
6033
4677
5464
6679
6642
4582
2819
3421
2336
3524
3828
2976
254
1105
-76
-337
-679
-1009
-1466
-2218
-2154
-3315
-2898
-3586
-3681
-4582
-216
-4998
-4789
4109
1425
-1004
-1769
-183
614
-285
-2801
-3883
-2697
-3030
-3876
-2975
-4843
-6841
-6304
-5761
-4375
-5500
-3893
-3630
-3948
-3762
-4306
-4209
-3265
-305
-1022
-215
227
322
521
1487
2738
77
-958
-2412
-2738
-1727
-1466
-1735
-3745
-3304
-4008
-5061
-3088
-5437
-5680
-6201
-5182
339
-4074
-3049
4349
4557
3367
2355
4029
3573
2151
2146
526
-2476
-5517
-6360
-7085
-6742
-7077
-6025
-6487
-9869
-8132
-5344
-7343
-4819
-2990
-4117
-613
794
3536
4963
5940
8142
8099
8789
10457
10250
10209
10072
8784
8512
7964
8092
8460
6831
3450
3271
4427
2418
1434
2088
508
6181
4992
-1141
7933
9768
5263
7316
7869
6596
5623
3603
1215
426
1062
1423
2091
440
-3032
-642
-1647
-3381
-3528
-4034
-4755
-4161
-1650
-7508
-7891
-5803
-5054
-4311
-3830
-3080
-3965
-4071
-3213
-3089
-4019
-3122
-2512
-1567
-2125
-1565
-3359
-2316
-2064
-2971
-4131
-5027
-3855
-4134
-4555
-3922
-1000
-5948
-4943
-108
-34
218
734
-493
130
1367
266
4628
551
2357
-292
3056
2137
-362
-635
-24
2738
2406
1024
-899
-2141
-2457
-6061
-6214
-5108
-5741
-5884
-5587
-5708
-5512
-3724
-5141
-3843
-1794
136
132
229
3048
3759
3928
3580
3107
4541
5542
4689
5133
5569
4598
7739
5724
5378
9046
8838
10185
8346
9557
9376
8476
9143
8838
9831
8842
6680
7249
7364
6369
8262
5703
6192
6164
6303
5921
5035
4043
250
-570
132
365
-4107
-3392
-1351
-3736
-6081
-4227
-5759
-7088
-7039
-6901
-5658
-7397
-8214
-10705
-8875
-10287
-10706
-10076
-12259
-9928
-9353
-8036
-10095
-6635
-3750
-8356
-170
1447
1050
1580
2353
5193
2693
4062
4201
5705
7242
7773
6750
7989
7658
7766
7121
7756
6842
5331
6613
5848
6409
-188
1386
4169
1564
1491
2036
637
-798
-4379
-8053
-7289
-9237
-9279
-9827
-11340
-13840
-14223
-15214
-15798
-14109
-14518
-14045
-15332
-10296
-7262
-7900
-1658
-2321
-5080
2756
7471
5707
6501
8897
10527
9777
12321
13131
12361
13291
13315
13779
14364
13398
11167
10864
11650
10572
10011
10576
7844
7403
4838
2799
3309
4341
4884
2624
2104
380
-955
-781
-2831
-5038
-5746
-7558
-9611
-12928
-11610
-12046
-13664
-14826
-17763
-18363
-17250
-14836
-15271
-14336
-13712
-8253
-12064
-10053
-873
-3608
1840
2992
3358
7157
7946
8806
8673
9876
10795
11181
11926
11680
11163
10730
9581
9838
9711
8810
8436
7790
5593
2804
2974
4916
4368
2922
2866
2592
1123
39
-935
-2994
-3430
-4887
-4361
-3755
-7218
-8867
-10044
-10535
-12470
-14549
-11779
-14731
-12922
-8653
-13959
-8511
-10930
-10675
-2628
-5058
-709
-1200
873
6670
6837
8047
8892
10195
11390
13401
14140
13799
13906
14260
13162
14094
14486
14090
11238
10197
12656
5831
6540
7280
6114
5876
3131
4966
3209
1698
925
-1948
-3605
-5046
-5838
-5845
-6271
-7452
-7078
-8456
-14430
-9395
-10958
-12710
-10687
-12639
-11031
-8894
-9112
-9498
-4612
5709
3247
2753
4368
2165
4394
3841
4287
-925
4097
5274
-276
47
760
1644
1644
3047
3539
3345
4298
2430
587
1739
-2335
-3744
-1161
-2763
-2951
2337
-2743
-3917
-6862
-7480
-7341
-1009
-8875
-5959
-8516
-12255
-7018
-7805
-9964
-7765
-6519
-6561
-7246
-5338
-3372
-5441
-494
1822
-4793
2046
4904
2181
506
1492
2891
1197
2390
579
1041
915
2130
1291
926
2939
2161
4870
6954
8255
8488
8918
9366
9141
9235
6641
8883
10073
8935
7971
5690
7918
7606
6612
4893
5997
1641
2903
9390
1748
2423
3285
101
2013
1239
-265
1531
403
1064
3336
970
4749
5791
911
7668
11159
9399
10367
8379
9654
5835
3370
5433
4881
4063
3840
3889
2091
2872
1859
-1190
-121
-1399
-1281
-2567
-3272
-4350
-7259
-6779
-6111
-2932
-2338
-1658
-1574
-1658
-3652
-1911
791
-2552
-3554
-1995
-2629
-2856
-2415
-3305
-2671
-2562
-3064
-2458
-2976
-1642
-379
-2481
1702
2602
-4737
965
7016
3977
5298
4440
6516
5370
4521
5563
3229
2998
426
-329
-3377
-5937
54
452
-36
-6054
-2406
-4128
-5577
-7078
-5670
-16161
-10556
-10721
-3806
132
-7365
-1008
-1700
3235
-414
-150
-878
900
1525
4155
4104
3483
3387
2617
4688
3062
2089
2373
1403
-264
2196
4927
5095
1183
5493
11990
9305
9347
9492
8987
6929
6813
5926
4956
6026
4001
1830
718
2253
630
-2603
-4370
-6458
-6667
-4646
-5466
-7362
-2953
-14099
-13321
-8954
-8675
-10778
-11202
-9491
-7622
-8461
-8288
-7208
-6710
-5364
-3797
-3334
-5057
-4122
-4404
-4046
-3465
-3614
-4197
-4262
-4290
-5137
-838
-59
-7098
-3160
6228
2471
831
3592
4360
4521
4104
4675
5513
4705
3211
1466
561
1207
150
-870
726
2604
3
-1514
-2196
-2217
-2677
-5539
-6185
-3752
-2999
-3990
-2893
-2162
-3897
-5144
-4864
-5506
-5139
-4739
-3842
-34
-297
-249
2388
1737
4248
3871
2865
3974
4156
6416
5762
9074
12914
6775
7783
15819
14574
13212
14122
14382
14518
11911
12331
10010
9252
10808
7740
9626
8641
6464
8013
6207
4512
7104
6020
4958
4735
3195
516
904
2213
1547
943
-1705
-1355
-1463
-3288
-4682
-4239
-5433
-8220
-8743
-10594
-6145
-6090
-6587
-6128
-6923
-8019
-6874
-7500
-6302
-4417
-5775
494
-1988
-6862
6611
6460
3817
7728
5664
5067
3364
6195
6379
6723
7227
4701
6110
4351
6459
9276
5999
7035
7338
6646
7364
7134
8702
3814
3555
7183
7054
1025
1175
1351
-631
-919
-1904
-2765
-5313
-4074
-4563
-6300
-7061
-6883
-7035
-8111
-9933
-13794
-14382
-15623
-12684
-12099
-11127
-7503
-2205
-2839
-5589
4141
4760
3077
4498
4500
7474
7939
7073
6409
7151
10216
10651
8797
11585
11768
10363
11028
11256
9747
9686
10310
9062
9834
4190
5252
7951
5772
5576
4051
5104
5017
3483
1448
997
-646
-719
-2291
-3998
-5191
-6740
-5663
-7779
-9773
-9441
-9197
-10895
-12828
-12236
-11951
-9666
-9920
-16163
-6766
-922
-5388
-1250
-1299
-1604
749
2643
3776
4071
6474
7356
8382
9216
8433
8751
9215
10458
11324
10506
11048
10251
10172
9265
4998
6475
8257
7586
6753
6663
6740
5097
5499
3625
2452
2508
1118
993
-1090
-3553
-4614
-5794
-6551
-7989
-9763
-10423
-13763
-14126
-14390
-12877
-9209
-9685
-16672
-13849
-4674
-10518
-7602
-7557
-5670
-3630
-3168
2822
2820
4626
6027
8040
9035
11603
12206
11547
12761
14414
14442
14783
13618
14171
15454
10800
12102
12262
11559
12683
10376
10499
8197
7607
7257
4492
3287
2095
1644
-378
-3203
-3519
-3580
-4874
-5628
-9113
-7043
-6411
-9192
-10537
-10229
-3479
-9018
-7430
2275
-1386
-2184
270
257
-205
-481
-2318
184
20
-915
-579
-2333
-1446
-1722
5117
861
2624
6967
7307
8215
1497
7863
-2565
-1899
5074
-2136
-182
175
-668
-1756
3230
-3429
2886
249
-52
-218
-1214
-3149
-3522
-5441
-4490
-4285
-4655
-2182
-5405
-5925
-4216
-1272
-2577
426
-586
-3790
2579
6106
4841
5499
6529
7427
6906
6396
-770
-938
-631
-3051
-2098
-4366
-4725
-2147
-3302
-3798
-2216
1704
4267
4326
4986
2023
3553
6056
6722
7124
6209
6732
4897
4550
5679
5865
2904
1890
773
1294
1230
-646
-172
-3089
-4536
-2719
-1673
-1670
-3444
-3878
-1158
1399
2355
-748
2500
9977
7022
5868
7097
5051
6914
6537
5756
4238
4255
3582
1423
2228
705
-25
-1165
-1701
-3111
-5077
-4035
-5143
-5716
-6336
-10095
-8500
-6242
-7353
-7935
-6076
-5640
-6760
-5452
-5751
-5588
-4527
-4358
-4412
-2913
-1915
-24
-188
-2481
-2139
-2428
-2173
-852
-1635
-95
313
2717
8124
2441
5305
13267
11888
10411
11012
11033
11440
11971
9983
8680
6785
8223
8914
7653
7391
5966
5909
4035
3641
1862
431
-328
-3008
-4973
-9511
-8307
-7067
-8650
-8610
-5811
-6541
-4092
-1313
-1782
1055
341
341
986
2191
1413
2458
3405
3468
3903
3167
5574
4923
5082
6023
4620
9771
6587
2901
13172
11633
9987
9951
14088
18192
10387
9745
8787
12146
12164
10349
9769
7424
5412
4875
4426
4611
3003
2576
2103
799
-1258
-8169
-6613
-4098
-7662
-5389
-7908
-8859
-9616
-11008
-7223
-8654
-8920
-7283
-6366
-5275
-5851
-4275
-4154
-4009
-2888
-3542
-1361
-1014
819
1544
1804
4183
6227
1810
4472
13580
3835
5796
6566
7323
6640
6469
8701
6573
7288
5877
6163
5929
5457
3605
2815
3322
1670
-1369
-3326
-1533
-2894
-3925
-3597
-3511
-3685
-4004
-5517
-4846
-3831
-6459
-5223
-6336
-8086
-8529
-8503
-10090
-11209
-9084
-10260
-7929
-4959
-4372
-4859
-3912
-579
368
743
1885
6842
1312
1101
15830
12217
9915
10382
17445
19146
16454
18873
16848
16578
15037
13464
13931
11329
10675
8161
6931
8709
-137
7439
7839
1553
-2789
-9061
-3869
-2475
-2590
-2218
-2212
-2016
-3327
-3674
-2588
-3443
-3517
-2663
-4855
-5260
-5594
-6376
-8345
-8292
-7834
-9098
-8697
-9433
-7753
-7161
-6334
-3023
-243
-4740
-1008
8891
4337
5920
7938
6947
8108
8044
7825
7929
8352
7949
6972
6800
8182
5923
7175
8424
6844
5502
6205
6999
5164
3148
2198
5999
6193
2518
2911
4937
5082
4379
5360
4572
2868
1545
701
485
-1315
-2666
-3674
-6855
-8330
-8219
-11598
-11156
-12492
-12279
-13987
-12039
-11820
-10704
-7425
-6401
777
4550
3006
6103
7767
8582
8891
7800
10784
11011
10498
14201
12861
12374
12172
13344
15187
13188
12606
12454
12338
9555
7608
10792
11552
12200
12011
11043
11068
9229
6009
4705
4757
4497
3997
3303
2506
1059
1207
-295
-2300
-3099
-4098
-4760
-5767
-12851
-11524
-12775
-11056
-6590
-13989
-8227
-4439
-9295
-5623
-7882
-8033
-5273
-4547
-6494
-4128
-2331
-5537
-3338
-868
3759
3967
2070
5373
5344
5137
5860
5991
4935
3786
5854
8442
7918
7404
6898
7612
7377
6497
6018
3721
4128
2965
172
-1270
-570
-419
-1373
-1606
-2937
-3326
-3502
-4728
-4694
-3868
-6461
-2848
-1515
-8221
-3438
361
-3597
-2286
-2927
-4872
-2190
-4313
-5990
-5496
-3689
-1525
-2431
-2303
-235
4074
4737
7507
9243
8609
12737
11918
10534
10961
13046
15997
15429
15198
16158
16059
14907
14526
13201
12748
11314
10484
9738
8735
9612
5975
5968
3301
372
525
-882
-900
-2985
-2885
-2313
-3262
-1185
-3107
-5678
184
2099
451
336
-776
288
2116
2405
1878
435
-422
-613
-302
-1020
-272
-1394
-3354
-2436
-2823
-1007
-1871
-3745
-3925
-4032
-1340
-615
4038
5678
6667
7197
5856
4687
5829
5282
4358
2801
2195
2503
2446
818
-119
-1332
-1308
-2482
-2850
-3913
-5248
-5617
-4826
-1000
-601
-3826
-3085
7494
4726
4627
8135
3963
6286
6736
6978
6832
6696
6027
5316
4757
4720
4503
3195
2077
2073
354
-772
-864
-4199
-4641
-2028
-1436
-2601
2076
4694
3952
6342
6319
6047
-2
814
2260
2150
1508
1922
7116
6039
5746
4795
-73
-3241
-242
-838
-3939
-1075
-3825
83
410
-1283
6057
6111
3793
5508
5128
8977
8911
7686
9901
9097
8648
8029
8371
5736
5201
6200
6526
5372
3206
3358
2470
3664
-629
-3730
-2745
-4128
-3484
-4655
-4666
-6270
-7258
-6857
-6973
-5958
-6713
-6871
-5273
-5167
-6546
-5970
-6056
-5253
-5251
-4615
-5850
-4551
-3472
-3953
1339
1690
2159
-609
2816
12248
9380
10684
9640
8142
14061
12919
13447
12738
11795
12193
10729
10600
10998
9414
10064
9758
8089
6788
5754
6347
-137
-2350
-806
-883
-1616
-4252
-3366
-5307
-7568
-8085
-10349
-11350
-12798
-14068
-15268
-12979
-11394
-12745
-7079
-6604
-9030
-9551
-5633
-2688
-6334
-2086
205
522
5504
6335
3508
10555
15310
14027
15843
15356
14664
14874
15714
17046
16031
11858
11845
12275
11244
11510
10562
9213
7976
6419
6299
5910
2903
-2280
-3269
-1366
-1503
-3831
-5291
-7291
-7761
-8916
-10837
-13834
-15625
-13630
-16213
-9557
-10930
-11535
-13723
-12581
-11035
-14218
-11874
-17071
-10565
-12389
-11345
-5785
-4031
-4479
-7904
671
7056
5440
6117
6637
6854
8345
9512
9938
8839
8264
8503
8604
7112
7495
5739
4566
4704
5975
5704
4008
1850
-1979
-1608
84
-1166
-1602
-2683
-2114
-5231
-8157
-4392
-9052
-7941
-7688
-10699
-11715
-8462
-8577
-13726
-11552
-13320
-13156
-13274
-14927
-14260
-14365
-13149
-13494
-11683
-4444
-8687
-8461
3865
4323
2822
7422
9035
10394
12796
14228
13590
14287
17126
17106
17536
18342
17323
17109
16396
16652
16721
13940
10365
5652
6026
7760
6926
4198
5322
4490
1592
3947
2928
-2427
-2288
1724
-1714
-1707
-2219
-3668
-3143
-4938
-4986
-5070
-5548
-5674
-5596
-5838
-5560
-5908
-3893
-1080
-8432
-1550
4287
-1820
3198
2377
3258
4723
2794
5449
4018
3857
4526
4182
6039
5679
6386
6236
6987
6912
5510
6005
7875
38
-4452
2749
915
-1989
-394
1747
-1234
-1701
396
1876
983
135
27
-1018
230
23
-1030
-3519
-2293
-2099
-3818
-3189
-3228
-2906
-4062
-2679
-1117
2785
-3081
-3434
6463
1472
646
1074
-270
-530
-1385
-2736
-3453
-3159
-825
-2807
-1545
-2873
691
5117
1149
5064
1492
3015
4607
1135
-468
5517
3721
7826
5340
11145
14952
12045
11215
9497
8777
9498
8949
8027
7798
7320
6665
5436
4069
3673
2394
2883
2524
2581
3390
1753
3836
5125
-3241
3263
9801
1986
5237
5845
2796
4483
3286
3073
1601
-673
561
-727
-273
-596
-2092
-2814
-5561
-3939
-4024
-11291
-5775
-10194
-13561
-9675
-5839
1917
-1691
-618
2229
1052
2322
2398
263
1668
3924
1084
2415
-338
1076
2640
2003
2383
1197
2273
2009
2343
1885
1017
1491
5207
894
1452
9185
7185
7853
8665
7110
5263
5114
5469
4071
3831
4029
3159
1029
-388
520
-2733
-2967
-369
-5642
-7219
-6802
-4562
-7800
-8891
-3541
-3916
-1651
-4009
238
4631
4690
6332
8150
9647
8054
10719
9822
10143
12245
9974
9827
8750
7180
5329
3711
5392
7160
6849
6161
10428
5221
4594
11930
9158
7685
8677
9054
8520
8387
7397
6152
2757
1075
968
-3631
-2615
91
-4298
-4627
-3469
-2172
1824
422
-3320
-9622
-8898
-7321
-6729
-6361
-7742
-5362
-7400
-5710
-5284
-5237
-4351
-4407
-3453
-2573
-2161
-1987
-1849
-3397
-3023
-4088
-5472
-5186
-2941
-2123
-1399
-3596
-1289
384
-3161
4749
8301
6563
4483
6399
6934
2976
4687
225
1564
4669
2876
2646
2306
3227
4309
7631
7960
5008
4672
5783
1861
-558
-3467
-1762
-2174
-1925
-3788
-4469
-2838
-6841
-5392
-5920
-6265
-7939
-10154
-10076
-9302
-8290
-8914
-9773
-9028
-7045
-6185
-5166
-3712
-2444
-1081
1404
3975
6101
3777
6745
10569
9478
6191
6385
13124
7039
9933
8505
8715
6002
6497
8104
9841
8716
6524
6122
4892
5614
9871
8995
9839
7341
3734
-1815
-112
873
-2115
-2934
-2930
1360
524
-6454
-6553
-8432
-8625
-4439
-4439
-10521
-12039
-10267
-12446
-13181
-13091
-14626
-14668
-13055
-13279
-13712
-10740
-4692
-9108
-8483
461
-1299
2015
2015
3613
3025
4652
4796
377
6905
5553
5538
8954
8265
8614
9276
8398
7855
8226
8478
7707
6118
914
-51
3799
3893
3434
3007
2605
2253
1156
155
-1666
-4824
-4179
-4772
-6308
-8001
-9596
-10331
-12207
-12911
-13268
-13872
-16143
-15751
-17271
-17135
-14861
-15596
-13405
-8844
-4104
-4245
-1635
1975
3507
5531
11679
13316
9347
13162
13013
14679
15238
14066
15600
13723
17007
16451
15930
17929
15915
14491
9622
9923
11978
11865
11030
7217
7419
7249
4833
3731
2457
867
-333
-876
-1845
-4575
-6152
-6901
-7785
-9285
-11703
-12181
-13870
-16480
-16164
-12644
-8295
-10100
-10889
-12366
-6885
-1428
-6129
-367
-1822
-3601
534
1106
2928
3531
5461
5618
6960
7876
9248
9579
9744
10092
10072
9434
5802
7055
4148
3508
5733
4717
5358
4107
4607
3661
2177
1648
651
-933
-1704
-3700
-4485
-4570
-5838
-6245
-6560
-7634
-11607
-13043
-13064
-11917
-11594
-12454
-6418
-6480
-11859
-3194
814
-3370
-2055
894
648
-1568
-2452
-2115
-983
-1962
1382
3751
1232
1706
7325
9591
9534
10531
11439
12806
13165
13326
10408
11544
12382
13369
13428
9533
9790
8605
6945
7058
3975
3572
3657
1540
1285
-1257
-3130
-6354
-6910
-4653
-8746
-7619
-10092
-7277
-9946
-9191
-6031
-3879
-9866
-8474
81
-3603
-1076
62
-471
2233
-154
1643
858
1370
85
-2457
-2189
-760
-1827
-1549
-991
-1904
-1458
-1750
-1745
-350
-2695
-7747
-3413
-329
1187
265
-1827
1602
2025
1359
263
-2140
-1307
-2362
-4902
-3551
-3612
-3339
-4350
-5480
-5524
-6578
-4091
-4718
-3644
-2837
-145
2761
-1964
2793
7975
7647
7887
7982
8602
8597
7618
8413
8713
8115
7689
6001
4767
3470
4214
2328
1220
-571
-1085
-3327
-3339
-3808
-4403
-5289
-1757
-1714
-668
1533
455
4194
2776
4168
3702
3159
2484
5478
5036
4707
5539
3979
3451
1074
2452
688
196
-1202
663
552
6620
11042
8113
6738
12578
14351
12073
12813
12863
11991
10394
11964
10551
9364
9436
7450
6898
6360
6403
5422
4523
3277
894
1014
1320
-960
-3524
-6826
-8192
-6212
-5111
-7871
-7021
-7144
-7571
-8195
-6691
-4796
-12704
-10080
-10480
-8727
-5783
-8312
-9471
-7027
-5287
-5112
-5977
-5441
-3099
-3781
-2963
5883
2583
303
11462
11305
8924
8690
7890
9308
9687
10450
10143
8782
8462
7583
8037
7349
5668
4363
2508
2658
1350
-427
-589
-2703
-3288
-6968
-9335
-8969
-9875
-10558
-12898
-11848
-11447
-13098
-12932
-9666
-9310
-8353
-9814
-6195
-2648
-3128
-977
-1675
-312
1026
3206
2379
5042
6695
7687
10379
13359
10668
10736
18590
16504
15842
16818
17734
16856
15338
15894
15256
15300
14509
12778
12077
10882
9736
8358
6934
6025
3453
3689
-215
-1458
-4845
-7993
-5756
-5006
-4455
-7670
-6337
-6719
-6153
-5245
-7024
-8262
-8280
-8416
-7928
-8470
-5291
-5028
-8777
-7360
-10697
-4358
-1942
-5257
-4916
-805
4459
2297
-590
7765
13961
9058
11740
9734
9159
8378
6338
7489
7149
8003
7330
8351
8170
7139
7238
4858
2662
1311
1863
-44
-1900
-816
-6433
-5061
-1818
-5261
-6683
-3820
-4192
-5773
-5077
-6611
-5641
-5686
-6156
-6700
-8395
-8219
-8156
-10242
-10225
-10579
-9657
-9096
-7514
-8104
-4805
-35
-985
5063
2284
3838
12356
13440
13212
15814
18010
17885
17884
17125
16948
15578
16349
15849
13262
10762
8923
8960
9771
5374
4141
5739
2049
5197
-2184
-8278
4297
888
-3683
-1283
-3595
-4111
-5196
910
-5512
-404
-344
-1049
-2633
-3121
-3575
-4609
-6524
-7208
-8877
-8059
-7466
-8482
-7693
-7197
-2537
-1710
-6350
-2009
4448
1244
2906
4399
4373
6506
5297
7993
8019
8230
9429
4488
3683
1090
704
6355
1043
-1146
1772
-3844
-4350
1537
-4774
-2287
828
286
-240
2369
2781
1019
2307
2236
2362
-359
-1325
-822
-3494
-3304
-4059
-5487
-6279
-7229
-7222
-9230
-9294
-10155
-9623
-9758
-7812
-5343
-11433
-6324
-671
-4580
-2140
-486
-930
609
4344
5664
7951
9066
7573
10761
10180
10481
12013
12192
13440
12636
18175
16160
15657
16145
9701
13491
14054
12183
10202
10209
12422
10110
10686
10854
9518
7171
6457
7087
4925
2450
583
-211
-1267
-2112
-4232
-4341
-5485
-6566
-5254
-6596
-3527
-7535
-9083
-1008
-3644
-5532
-5299
-6037
-7381
-7862
-8144
-8460
-8663
-3374
214
-1186
-2288
-537
698
5363
5745
5483
7884
6070
9312
7710
3626
6710
7831
8162
8074
8415
8088
8365
7718
4769
4814
4794
3972
2607
3165
3710
2293
1692
-334
-1055
-1991
-2211
-2967
-3345
-2722
-4686
-1987
-3513
-4699
1461
148
-619
-300
-821
-2135
-4823
-2732
-1611
-9556
-11568
-9779
-8536
-7041
-5651
-5912
-3620
-1052
2318
5357
5140
8031
9236
7888
10965
13213
13815
13799
14557
14323
14303
13705
14092
11826
13612
14567
11754
9545
5912
5733
5986
4893
2471
849
680
1634
1431
1235
913
2497
-59
-1534
5211
1729
-2074
24
1785
1763
-250
-91
-1915
423
3817
156
258
-589
-1264
-487
-1062
-252
-2395
-277
-588
1258
-75
-4280
-702
342
3378
4039
3066
4568
4301
3848
4279
3559
4794
4973
4168
3308
2106
2516
1921
1085
9
-1087
-3893
-5861
-5489
-2811
-3597
-450
-2047
-7628
1241
6453
3315
2318
3031
173
2958
5835
2164
2082
1648
1699
2403
2874
1735
1391
708
-1198
-1457
-2208
-3455
-3842
-7187
-10079
-8433
-4697
-3736
-4157
-1725
-463
3009
2512
1730
2672
4388
6843
4869
4345
5203
5988
5666
3889
2065
1520
1200
85
1231
-1876
-1876
5751
420
-5473
5173
4592
1156
10578
7752
5596
6590
6840
7646
5522
5841
5153
5067
4507
3591
1987
2190
1307
73
-492
-2479
-1950
-5775
-9562
-8686
-8220
-8125
-10055
-10153
-4443
-4493
-4087
-4758
-4514
-4693
-3768
-3364
-3799
-3720
-3938
-4568
-2846
-4790
-4470
-7309
-5987
-1789
-2785
-1248
-1685
2814
-5638
3030
5935
185
3985
2226
3677
2009
5641
7847
6476
8263
8903
8606
9505
8864
8339
7028
6630
6796
5507
5680
4019
4268
-889
-1573
-664
-1471
-2598
-5546
-4026
-6443
-7538
-7419
-10005
-10586
-9410
-8931
-10660
-8625
-4666
-3893
-7725
-5863
-2356
-2605
-58
532
1248
1029
9258
10887
5906
10708
17032
16552
18116
17933
18180
20275
19673
19801
18374
17854
15249
14177
13620
14131
13122
12869
13487
12865
11246
9719
9403
8275
1988
-316
1073
451
-768
-3049
-1583
-3253
-5965
-6760
-8181
-9903
-10725
-13201
-14239
-14607
-18294
-16741
-16360
-18431
-19735
-22282
-18190
-10617
-9278
-4891
-10636
-5182
3190
-175
8390
12124
9626
11392
10216
12682
13290
13662
14523
13767
15068
14878
14595
13260
12251
12027
9888
8918
6871
6945
8215
8108
4485
2770
5197
4404
3558
2068
1167
-392
-555
-2105
-3801
-5637
-6737
-8249
-11100
-7423
-11513
-19600
-17401
-18845
-16992
-17009
-16928
-16249
-14416
-10669
-3982
691
-1817
518
10594
11751
12163
14361
14430
17368
17626
19676
20086
19794
20308
19775
20180
19783
19082
19012
17595
16987
15415
15284
14112
13960
10858
4996
7263
5617
3076
3068
2829
2223
-1198
-619
-3064
-3770
-3171
-6706
-7130
-8681
-4467
-7842
-9373
-8482
-11506
-11638
-8106
-7326
-11810
-9784
-11054
-4860
-7780
-10885
-2506
-2364
-133
549
2607
3546
4169
4624
4836
4593
3977
5434
6372
7141
5505
11478
10558
6060
6509
5271
7535
9295
2150
-1825
-760
3238
2214
1781
241
758
-2368
-3395
-3320
-5113
-621
-4314
-9152
-426
-1639
-9331
-5890
-6455
-10179
-8312
-11149
-3346
-10762
-9273
-9585
-6248
-6749
-11824
-262
-2916
-4177
-2402
-3667
-12
-1533
70
2085
6511
7920
9467
11322
9593
12074
13424
13668
14511
13288
15036
14360
14641
12313
7663
9432
6172
9443
10388
8337
7063
7858
4576
6853
8117
2106
4627
3452
4440
1904
-1257
-1166
334
-1099
-1134
-2209
-4573
-4907
-2301
-4077
-3745
-2130
-8785
591
2
-2629
-798
3248
5075
2790
2831
1859
368
-197
-220
-752
285
100
966
919
1897
2408
829
1884
27
1364
-1150
-1074
500
293
2368
-730
4940
5848
1131
4915
5761
2695
2872
3460
2408
3095
2626
2497
2068
2226
328
239
-487
-51
-4820
557
5469
-7965
-3172
4511
-741
474
1442
2878
811
2518
1877
768
-887
-2824
-1944
-3651
-4976
-7008
-5696
-6281
-7313
-8114
-9293
-3459
1318
-3464
-2836
-1140
1368
7247
6267
7624
10969
10947
10015
10897
10082
10705
10893
11279
10957
10524
9244
8239
8477
6311
6704
5428
3884
4627
8049
4225
6318
6257
276
6119
6729
3547
6691
7587
6571
6533
5903
7173
5567
3943
1859
-145
-1275
-1341
-2232
-4984
-3861
-4380
-6158
-6783
-8669
-5589
-9976
-11567
-5274
-5257
-4742
-5682
-2590
-1930
-997
831
15
207
1476
622
-180
-221
-2308
-384
-2054
-1017
-771
-1636
-646
-900
1423
936
2185
-1426
-1032
6697
5002
3923
6191
6498
6430
6187
5945
4118
3790
1543
1488
-1913
-1431
2651
-1031
454
-1315
217
743
-1526
840
-2292
-8236
-7818
-7608
-8033
-7437
-8257
-6763
-6447
-6016
-4687
-3766
-3367
-1851
-977
-262
978
1882
2246
2749
3622
3281
3099
4812
4720
5867
4202
8286
9030
4690
11279
10952
10361
10060
9289
10799
8782
8151
5397
5381
7063
7294
6309
3350
-400
-1221
4131
1969
1303
2974
1602
-279
1582
-1712
-4010
-1054
-2726
-2012
-3386
-2738
-3031
-3107
-3726
-5524
-7561
-7590
-7359
-9357
-9799
-10879
-9237
-8874
-9304
-8683
-8671
-6954
-5540
-4473
-5753
-81
-3799
-5108
5538
2949
3913
3484
3512
2543
2184
4888
4478
2502
2258
2808
1001
7613
6920
5550
5470
6097
6686
4895
5259
4041
3946
-2347
-560
2245
1225
1167
-170
38
-1186
-2516
-3906
-4963
-7937
-8789
-8693
-9977
-10444
-11726
-14219
-15414
-13311
-15450
-13627
-6905
-8589
-5985
-4468
1028
2344
-4724
4812
10024
4682
8593
10994
10262
10910
9212
8924
11225
16333
15497
13169
12549
12289
10496
10291
9889
9496
11400
10081
7553
7852
5155
894
3219
8720
8787
5763
3082
4053
-1718
2643
972
-977
-2280
-7986
-4395
-4935
-6125
-13019
-9283
-9416
-9561
-11385
-10676
-13127
-11590
-13520
-7678
-9790
-14993
-2048
-2601
-843
1492
-2210
1659
5155
8630
9910
7706
3224
5009
5031
6545
5649
5138
7020
7407
8573
7267
6590
6763
7843
4964
2262
4150
4716
5688
5344
4565
4516
2630
2645
2109
341
-1746
-2679
-2557
-4485
-3332
-5847
-6731
-6737
-8261
-8862
-10655
-10867
-12966
-12635
-7477
-8996
-14383
-9910
-4522
-4265
-4389
965
6506
4842
6698
10073
10960
12132
14209
14720
15119
17306
17824
18204
18180
18018
16913
18269
17336
16909
15922
10423
12427
13906
10403
9784
8846
7735
5488
1765
2217
898
-970
-1747
-4405
-4373
-5657
-7557
-9896
-7289
-8428
-19584
-10703
-7622
-11187
-9345
-4398
-6613
-12045
-2130
4816
-808
122
1012
1014
404
1647
3475
2054
3083
4374
5090
5740
6413
7433
8072
7602
9416
8727
9626
8774
8899
7772
3814
6449
5519
5520
4846
4585
5032
3305
-2932
2241
1458
622
-170
296
-2031
-3885
-3054
-14421
-7066
-9172
-11218
-10754
-9991
-10002
-11277
-4329
-1974
-9783
-2753
2958
2198
2338
3174
3160
2012
2727
980
862
-1258
857
1536
-68
797
1509
2917
4481
8022
5838
6971
8605
11499
8656
6379
10767
9658
13039
12119
12327
11779
9477
9518
7923
6999
5776
4800
2155
672
-546
1567
-428
-2483
-3198
-1638
-1725
-4727
2793
1999
4459
2589
-205
9232
8666
10080
8085
7525
7060
4908
7421
6508
7934
7189
6229
5502
4781
4262
1562
-227
370
-1490
-1144
-978
-2476
-1798
-6328
-5823
-2394
-4032
-3769
-2479
-1612
-2688
-3384
-4214
-4596
-6759
-9456
-6438
-5580
-3988
-9460
-9134
-5763
-8008
-4594
-4850
-5177
-5464
-3921
-6228
2076
-1052
-5070
8443
6995
7417
6981
7526
7520
6060
5363
4401
5261
4774
3870
974
2036
964
846
2355
727
-1155
-3234
-4841
-6633
-6201
-11231
-13124
-9276
-8577
-8240
-8421
-5854
-4103
-5775
-5530
-1600
-472
-482
-1717
154
949
694
3990
3234
1811
1031
1814
2519
3652
4231
5087
9856
4643
4490
13092
11013
11244
12219
12226
13139
11807
11415
11777
11718
9938
9253
8116
7780
6749
3733
3694
2075
908
-1808
-748
-2642
-2078
-3369
-10194
-7927
-7329
-8938
-14917
-10865
-10034
-11478
-11951
-13091
-10234
-11334
-9292
-6563
-4910
-7292
-7594
-6365
-7135
-5947
-4349
-5232
-2235
-1092
-2720
1401
6525
801
2013
10717
8073
8140
8420
7754
7649
8586
9704
9366
8548
8942
9381
9220
8472
6878
7106
6646
6158
5126
4295
2352
1083
2326
-5423
-9069
-2402
-7027
-6505
-6531
-8809
-5093
-8281
-10077
-7818
-8234
-11321
-10391
-9826
-9504
-11120
-7909
-6224
-6918
1401
1678
-1562
1250
1640
2147
12998
1208
14069
20955
16593
18913
17607
18208
17151
16834
17435
16312
15089
13322
13215
13622
12711
11839
9862
9075
7218
6803
4531
610
4283
3792
-1067
-3911
-2101
-2386
-1629
909
-750
202
-2943
-5154
-4671
-4889
-5319
-6077
-5310
-5750
-4863
-5516
-7073
-7716
-8122
-6831
-7552
-5565
-4194
-4933
-3602
-8002
-2444
3555
1573
3668
5510
3011
4968
4403
5093
5274
4575
5610
5675
6252
5647
3916
5113
3295
-1545
2493
5142
1858
735
130
-5236
-1709
3152
784
2851
3360
3034
2736
3281
1544
823
270
465
435
-1360
-2652
-4400
-4407
-7291
-6154
-7153
-7584
-7923
-8593
-5897
-5221
-2298
-7281
-2565
7810
5926
7897
10148
9821
11007
11704
11700
12664
11965
14821
14103
14525
13518
9743
14004
12809
10743
11714
8278
7311
9707
8323
6848
6536
5439
8338
8302
5981
7408
6955
6387
5459
4184
3028
1787
1790
1442
1297
1456
-358
-1498
-2141
-4020
-5125
-5222
-7973
-7436
-7732
-2944
-4079
-11349
1027
1781
-411
2856
-373
935
-182
808
639
163
769
-1075
1941
3402
3376
2931
1338
1314
1567
4028
4082
3796
5415
2340
838
2702
2913
3153
1918
3109
3629
3230
991
-29
-426
-2264
-1357
-4528
-5293
-5430
-340
-6264
-6980
-8981
-9432
-3400
-2713
-1845
-2460
1809
-7252
-2758
4253
-3623
-581
-608
-1032
-1372
-2595
-2634
-2918
-3290
-976
588
1328
3219
1906
7139
11367
10212
10705
12178
7446
8107
9710
5862
6540
10048
10350
10422
10381
10275
8390
8319
6993
6288
3346
2242
4625
1300
1617
645
-2022
-3102
-4361
-5341
-6369
-5623
-5110
-5159
-4809
-312
-7603
-3080
5539
-1154
634
1395
-1501
-759
54
-1489
-1929
-3579
-4184
-3627
-469
883
-590
-1439
-679
-601
3
1849
2451
5250
1917
943
3988
3110
4070
3028
4002
3808
2209
2999
3014
3027
1061
-285
-1581
-1918
-3321
-3049
-3649
-5528
-5363
-7336
-7687
-8325
-6153
-4136
-2932
-3757
-8021
-886
-66
-3626
-228
932
3090
1852
1190
-974
21
4690
839
778
1052
-5
309
-726
-230
-2749
-2234
-1893
-2062
-2362
-414
-2253
-2661
2421
2824
5102
4256
5609
6584
6310
7181
6342
6288
5244
6181
6709
5839
6103
4639
3158
3145
413
-1681
-2181
-2717
-2757
-2805
-2238
-2856
-1816
2994
3488
3290
654
-487
7961
5650
2556
2263
1919
3555
5265
6346
3705
4339
2912
3201
3153
3146
2039
-464
-3221
-4133
-6741
-8296
-6097
-8739
-6008
-7597
-5711
-4779
-7983
-6169
-7435
-7027
-8523
-7657
-6444
-6909
-7911
-6887
-6307
-6762
-8881
-11376
-10583
-9629
-11184
-7480
-3668
-10909
-3998
-3578
-3998
4956
1246
2005
4611
4803
5195
4881
4162
9808
5358
5087
3961
3732
3094
3705
3358
2211
7850
8098
994
-874
-4569
-5934
1257
-912
-7901
-10722
-10984
-11920
-12841
-11116
-12061
-11010
-10809
-9910
-8559
-6760
-5324
-5266
-5614
-4088
-6369
-4423
-1523
-1349
-722
512
4484
-1371
9911
10568
6642
14130
11825
13645
14448
14389
13743
13517
13064
13664
13319
13993
13576
12706
12035
11300
11684
10055
10027
9159
7205
6904
1943
1859
4107
2041
1361
-790
-706
-1940
-2271
-2787
-5951
-7005
-8717
-9288
-11095
-14223
-14076
-14431
-13408
-12819
-12168
-11701
-9611
-9472
-3990
3971
-2991
-1418
6158
4906
6051
7741
8309
9679
10231
12189
11572
11061
11044
10312
10153
9518
9268
7587
6053
6701
6263
5247
6120
4993
5057
1036
-61
1137
256
492
-2027
-653
-2230
-3450
-3574
-4537
-6267
-9277
-9289
-12774
-13708
-13832
-15166
-13191
-14471
-16951
-21108
-17062
-15241
-15069
-10088
-8293
-4034
-8479
2604
10734
6990
12350
11166
12205
13328
15619
17399
16756
15957
15276
15200
15269
15431
14106
13971
12622
13038
11099
9454
9144
5936
5085
1532
380
991
1481
171
-1864
-1268
-3527
-4054
-5881
-7614
-9808
-9087
-8184
-11088
-10590
-13951
-14154
-9170
-11307
-11400
-11793
-10178
-8258
-7742
-1946
-14303
-9022
2737
-4313
394
1872
2354
2942
4471
5164
6092
5345
5471
7307
5365
7003
5328
5816
3774
4095
4436
2577
3034
1667
3682
-2060
-2819
-27
-2295
-2630
-3062
-2184
-5465
-7374
-7747
-7832
-6089
-9326
-8515
-10801
-8271
-5719
-10063
-8337
-10417
-9135
-8049
-6561
-7057
-5177
-5654
-942
-6269
-8834
3696
-2718
-1571
289
-958
-4375
-3753
-370
1251
-268
1549
6274
5829
7507
6329
8395
8550
11025
8959
9117
9505
9419
8542
4311
2434
8648
9112
199
472
-508
304
-676
-744
-2807
-4999
-2897
-2237
-4029
-5047
-4581
-6069
-4925
-4776
-6562
-6187
-6111
-2865
-2784
1182
562
-4423
6991
5443
2491
5167
4343
3548
2082
3154
2245
1240
559
544
-2706
-2576
-2583
-2152
-1732
-2754
-499
-1373
-2106
224
876
-897
-5260
-4281
-2553
-3705
-2609
-1718
36
-4064
-3967
-1529
-1142
-2307
-3963
-2621
-3073
-3655
-3532
-3804
-4973
-4547
-4700
-3328
-3685
-1435
-1737
3486
2728
-4090
6809
7782
5715
7751
7425
6029
5598
6175
6570
4223
1726
2115
814
983
-56
-2271
-5766
-5150
-5275
-7040
-6272
-6334
-6060
-6248
-5452
-1231
4207
3993
1168
2614
6213
7989
6256
6499
8215
8721
8379
8625
8499
5699
6091
6228
4988
4442
3873
2373
4429
4345
8293
8813
47
9600
12620
7917
10123
7206
8179
8136
6786
8072
6273
4858
4456
3502
2103
1877
-63
-575
-2751
-3413
-3055
-6549
-3531
-5927
-6749
-9450
-10764
-10834
-16011
-11190
-6925
-6321
-6471
-4633
-2733
-1662
-3414
-2203
-1745
-2349
-1164
-2830
-2294
-2289
-2871
-3312
-2857
-2875
-2111
-1399
4543
-2097
-4652
8763
4844
3356
7238
5981
4688
3094
4015
4307
4595
4221
1964
1770
1293
-1199
-2142
-4249
2576
-3117
-4338
-2517
-4713
-5401
-8482
-10059
-6578
-6360
-7880
-8209
-7082
-9473
-8546
-9042
-9993
-9870
-10482
-5393
-2655
-2377
660
1394
402
1823
2002
3114
2989
7037
5799
8692
12532
2106
9781
14331
10646
12623
13029
11175
11591
11553
9259
9684
8514
8496
3113
3000
2919
2252
2732
1573
3850
-514
-765
-1379
-2939
-1304
-4556
-4997
-2241
-2174
-2095
-3516
-3524
-3440
-4020
-2638
-4673
-5210
-7010
-7511
-7762
-8228
-9167
-10727
-11226
-11552
-9822
-7452
-7114
-4638
-1891
322
2073
-6490
2434
7034
5151
8871
4055
6384
6022
5178
4762
3258
3735
2748
1826
4674
4479
1964
2358
1729
-119
303
3982
4966
2600
849
-1067
578
1930
1784
2052
2337
3221
1555
-8
-1735
-1923
-3455
-5346
-6044
-9029
-10150
-8463
-11193
-10537
-11684
-11599
-13054
-11497
-7770
-7769
-347
-5774
-1162
6320
6528
10599
10641
11068
10353
10299
11004
10753
10384
12023
12452
12054
11734
10389
8960
10810
10252
9210
11175
9857
8698
7348
4042
3084
2762
1212
1766
2805
1261
865
658
-745
-560
-1070
-2806
-2425
-3157
-6059
-9313
-8821
-8760
-9664
-11083
-12072
-12344
-10693
-8684
-9627
-4247
-12349
-11518
-1285
-5154
-6423
-4305
-2987
-2762
-1236
1801
4723
4312
6397
6269
4669
6490
9348
8586
6947
7501
6865
7091
7055
6738
5763
2527
2171
4614
4333
3836
2634
2762
2306
926
746
692
-2436
-3654
-3825
-5745
-5607
-7961
-7484
-9729
-9359
-10617
-10957
-11525
-11524
-10645
-8531
-6302
-14700
-5376
-6842
-3989
-6286
-9433
-6172
-7220
-4892
1701
-5770
-6519
-3847
1681
3921
4131
7623
9108
8379
11947
11559
12174
13454
11770
16276
14216
8313
9038
8299
7665
8008
6115
4726
4769
3794
2239
398
-1675
-2374
-4167
-5112
-5464
-6886
-7858
-9108
-9964
-10768
-11315
-9752
-8876
-5558
-9437
-13132
-3449
-2859
-2949
-1954
-3399
-1804
-2012
-2597
-2610
-1662
-974
491
-777
-906
-785
-761
229
-2189
802
1816
2762
2947
2948
2318
-1128
1520
1489
3181
1211
1424
3063
-82
714
-961
-2363
-2525
-3935
-4175
-6097
-6993
-7613
-7970
-8008
-9579
-9713
-10641
-9366
-10984
-4093
-5596
-14732
-2263
-697
-2914
320
1575
1241
-1477
3001
4245
2193
2816
2943
2803
2668
2203
2571
1400
2801
1991
1553
1967
4252
5032
4525
3606
2360
6188
6393
7850
8356
10536
9276
10948
12947
10848
10378
9305
9513
7039
5097
4446
2945
2128
-20
-986
316
-1224
-1797
-1252
5018
331
-2752
5118
4526
5133
6921
7787
8230
6316
6567
7521
6481
7562
6648
4890
5060
4483
3847
2799
1542
1225
1399
1595
318
-652
-1718
-6649
-4676
-3237
-4603
-5312
-6243
-6918
-9117
-8087
-8544
-5123
-5458
-4986
-4833
-7349
-5366
-7964
-8344
-9764
-9433
-10425
-7960
-6544
-7060
-932
-4174
-6579
-2858
3720
5010
2944
3350
3436
5722
5901
7255
7656
6779
8578
8133
7187
7095
5817
6321
5601
5068
4170
3281
3253
2436
1495
-3509
-4135
-4149
-5877
-6066
-7840
-8811
-10079
-11660
-12294
-11669
-11641
-11110
-10966
-11249
-10149
-10341
-10889
-8593
-5421
-5611
-3346
-2645
-2525
88
4444
7157
47
3649
9879
10911
11093
10540
17469
9875
11510
15988
15512
15430
14508
8179
6816
7221
12205
11145
10722
10633
9080
7795
6490
5045
6184
222
-1584
-5427
-6984
-5849
-7357
-6679
-7219
-8644
-10079
-11429
-12201
-11715
-14358
-15537
-12267
-12765
-12674
-15043
-16149
-14711
-13801
-9535
-7159
-6243
3782
2626
-5068
6780
10628
9065
10693
9471
12281
11520
12842
14017
12482
12090
11321
11034
10149
8660
8112
7298
6013
5380
4925
4399
4293
4516
2293
-1136
-518
256
-1187
-3263
-3449
-3285
-6305
-7104
-7577
-8872
-11065
-9557
-9190
-11842
-12278
-14886
-16353
-13813
-12138
-13147
-11293
-12122
-9060
-7693
-5023
-2341
-6048
4440
4929
6542
11130
10921
14330
12947
16385
16065
17340
18262
17164
17208
15334
15052
14199
12954
12661
10452
9210
8394
7046
6675
2990
647
232
159
-2033
-2575
-4622
-5056
-6123
-10085
-5847
-6468
-9136
-7862
-10519
-13794
-11703
-11340
-12274
-11266
-11332
-11846
-11444
-8137
-8030
-4941
-5564
-11723
-1573
1031
-3778
1198
1034
1509
1841
1421
2670
2735
4641
4762
4017
4769
4768
5110
4698
4343
5723
5031
4152
4707
3486
3459
-1437
-2430
-1023
-3439
-4700
-5091
-484
-370
-1321
-1991
-3062
-4446
-6297
-3357
-2822
-3825
-3945
-6306
-4572
-4523
-4593
-3190
-5092
-438
-157
3120
-319
-5553
6052
2761
2387
4689
1661
5212
1727
3378
3890
4751
5220
4967
7145
3313
6201
8523
8568
10270
10629
10553
12272
12264
13713
11596
5790
7039
5721
7584
8698
7417
5454
6187
3889
1642
7431
4286
2015
1894
-1573
-1274
-1060
-2297
-2773
-4216
-3083
-3072
-2589
-723
3914
-1533
-6372
6173
4704
427
3363
2794
3495
4496
3507
3403
2066
-229
236
-744
-2674
-2831
-4038
-3118
-3314
-4415
-3429
-5433
-6687
-7750
-8763
-10749
-7075
-4366
-4514
-4857
-6135
-6714
-1997
-51
-4700
-1950
-3259
-3835
-2985
1257
-536
15
128
-97
-863
-1240
-914
-679
1690
4189
7097
-1197
1900
9764
4709
1534
8370
8332
8080
6564
7507
7061
7373
5932
4475
4377
2657
2382
-4277
-4526
-4900
-8214
-10376
-8811
-10274
-8459
-6363
-9847
-6479
-6694
-9395
-1123
1467
265
4505
2659
4495
6835
9151
9097
7847
7630
5320
5423
4432
6370
5851
5721
6754
7866
10893
12230
3024
10855
16463
8052
11466
9344
9241
10219
10160
7416
6711
4908
5493
6839
4590
2294
1661
1889
-677
-437
-3995
-3888
-2199
-1873
-2423
-7734
-10085
-8685
-4071
-4906
-7297
-4026
-6266
-6470
-6546
-6602
-7130
-8396
-5094
-6299
-3995
-3468
-6020
-4456
-5296
-3371
-2416
-5300
-3618
-1653
5094
4437
-5223
4472
7832
3748
7324
7548
5987
4875
6030
5169
5899
5678
5126
5431
5320
1194
2016
2030
-240
3108
1688
107
265
-1582
-4241
-3419
-3532
-1738
-994
-3790
-3380
-1714
-3940
-4318
-4801
-7466
-8318
-9301
-8335
-8493
-6762
-7561
-9516
-5707
-7633
-5597
-4407
-743
3202
7262
8776
-1
15007
17254
12638
17967
15318
13897
14291
13912
12786
10538
10314
8234
5390
6919
2597
6030
4243
3080
4413
1265
-894
-135
1054
-1991
-3392
-3538
-1867
2970
-2760
4604
3450
2109
1928
-33
-101
-1296
-1896
-1125
-2677
-4157
-4135
-6446
-7442
-7161
-8337
-7653
-8867
-6105
-4827
-2417
-7929
-6800
6092
1683
3176
6524
4849
6659
5017
7411
4322
4702
7759
3852
7100
7302
6297
6208
4637
5794
3779
5200
9482
6171
4622
1998
3276
6339
5190
-1413
-911
1184
-1498
-122
591
315
-1318
-2781
-4047
-4314
-2411
-2977
-4266
-7179
-5509
-6819
-7174
-7452
-7557
-1914
-1890
-9355
-6636
1305
-1737
-476
1766
-2566
1126
2789
4814
6145
4888
11149
9999
10908
12587
10969
12390
13182
16678
17965
15734
15544
15154
15259
9849
10043
13262
10015
11777
9962
9930
9935
8272
7129
5898
3884
2371
3911
3133
800
458
-837
-3300
-4068
-5384
-5592
-6578
-6463
-5813
-72
-739
-10683
-495
4880
-2317
663
-2336
-1646
-4700
-4464
-1065
-4502
-2252
-5907
-5567
-6031
-4489
-1682
-1565
944
10
933
3628
2354
7509
5777
3506
7340
8964
8627
6961
6980
7432
5837
5417
5126
4254
1781
1566
-221
188
-292
-2763
-3654
-4496
-3964
-4481
-4379
-4662
-3830
-1306
2194
-6645
-3006
6104
-965
1411
2884
920
3155
4052
1658
2512
919
745
2631
1587
1118
497
1451
1693
2361
88
1914
6673
6916
6331
5496
8280
11278
12662
11518
11177
14426
13440
12513
13290
