8973
10722
9883
8400
7673
5095
6834
6381
2931
-577
-4057
-1996
-3091
-1011
-543
-143
1765
746
4137
5974
2987
3558
2896
1670
1128
18
821
4529
1103
-736
2378
61
508
80
-43
-1404
-256
-1203
-5406
-4586
-4644
-4034
-5943
-7123
-8625
-8520
-8066
-5864
-6858
-12790
-5989
-5199
-3095
-3581
-3315
440
-849
2746
1917
1604
1503
2219
712
679
674
-7
686
-2611
2051
2197
-592
1609
419
919
2053
-173
-2858
353
1783
2125
-915
-388
841
201
62
-3649
-1094
-679
-847
-191
-3389
-1800
-3161
-3575
-2781
-6209
-7540
-9500
-9007
-10278
-10739
-11616
-12806
-13860
-11220
-15506
-19410
-10903
-12644
-9454
-8350
-7090
-5825
-3168
-493
-3860
3998
8312
6131
9111
11945
11471
13072
8896
11949
16893
16562
16274
14795
17295
15911
15267
13235
14509
14971
14110
14400
12966
12166
10987
11502
9369
8074
6349
6258
4503
2919
2711
-1110
-1727
-4129
-4110
-6512
-8371
-10340
-14311
-13809
-16618
-16975
-16793
-18796
-10599
-15294
-15852
-7833
-5690
-6659
-6183
3056
-305
4684
6431
6802
9454
8434
9415
11565
13813
11990
10382
8294
13194
13315
15005
13032
12820
12128
11125
11122
10632
9240
8033
8604
4367
2635
4058
2270
-298
-1430
-731
-6356
-6471
-5364
-9548
-11710
-12200
-13718
-16569
-19029
-17878
-21312
-22554
-20736
-18081
-23235
-21334
-19030
-15380
-7551
-15795
-5846
-79
1968
3921
1813
9655
10742
11369
14281
17292
16190
16968
20674
16773
15117
16413
15076
12913
12357
12232
12402
11458
8436
12229
9603
5514
4251
1525
-52
-649
-2389
-4349
-5920
-6108
-6384
-8404
-10397
-8877
-12708
-10019
-9792
-17672
-8890
-10901
-15309
-9777
-15248
-12590
-10743
-12704
-9484
-12888
-11459
-11645
-6828
-4212
-7525
571
562
4739
5697
7611
11534
11723
13326
13650
14234
12936
13997
14330
13701
11443
11602
8177
7281
7900
7292
6127
4417
3940
1916
1971
-653
-1377
-3445
-3707
-3873
-6824
-9305
-8563
-7973
-11137
-13306
-13931
-12907
-12306
-11857
-11275
-8920
-5487
-5312
-6230
-2414
70
-1312
-2076
-2772
-1647
-2739
-1137
3009
3754
2482
-857
686
4658
4271
6895
6981
9587
10744
9128
10045
8234
8663
6753
8416
6485
5002
8429
2125
534
-282
1100
-409
-350
1352
-2785
-2159
-3231
-2744
-1916
-3624
-4240
-2458
-2103
864
214
-5486
-3114
-1661
-2011
-2298
-3034
-4209
-3888
-1436
-805
-3097
-4273
-6487
-6598
-6077
-8065
-8915
-10569
-11344
-12217
-9863
-5920
-10991
-5095
-6105
-6680
-712
-865
2966
3528
5728
2686
5665
4258
4013
11012
3257
3103
2758
3923
1582
16
1515
3163
3012
2444
2453
-1710
-2497
2322
6503
4307
6280
8023
7496
9067
9744
7571
6534
5863
6882
5308
4139
4515
4724
1971
-772
-385
-2270
-3231
-4910
-7243
-8107
-10387
-11103
-9386
-14151
-9850
-14599
-9530
-5536
-12227
-961
-2590
-5477
-1594
538
2678
7514
6634
5519
6540
6985
6522
752
7247
6246
3239
7115
6190
5060
5878
7746
4247
5665
4069
3688
4899
3088
5365
3935
4477
3882
2475
1162
-1256
-2650
-3872
-6257
-8153
-7651
-10144
-8699
-10267
-13576
-14394
-12490
-15274
-17339
-11494
-16993
-15020
-14109
-12819
-10533
-12631
-7151
-4942
-3554
-390
1338
-2576
4535
5766
4765
7501
8241
7900
8171
8544
6545
8834
10317
8539
8787
14745
16050
14466
14181
13168
12041
12562
13230
11703
11800
10052
8650
4593
3731
5619
4970
2682
1565
942
-680
-3890
599
-2454
-5903
-2959
-5184
-7501
-7390
-6053
-7378
-8326
-6615
-6807
-11581
-11740
-4100
-9737
-9486
-4397
-4280
-1159
-2403
2864
3845
5496
9107
7864
7835
8090
8155
7408
9921
10667
6755
6396
4508
2527
4341
4028
2527
1046
-211
-595
-1102
-2335
-2521
-693
-5768
-2919
-2948
-8214
-5437
-4760
-6031
-6143
-5685
-4363
-3240
-4467
318
-5271
-9896
-5610
-9656
-9519
-9635
-8286
-11378
-15666
-17766
-15297
-15073
-14587
-15026
-13603
-10168
-7286
-1183
-4876
1915
6865
7036
10883
9027
10660
11555
9783
10993
12699
12116
13723
11627
6789
8667
5428
12687
10296
2476
7278
4374
4282
5232
6156
4849
6085
4340
6659
5149
3071
5887
3398
5368
2519
1602
955
859
918
-4581
-4621
-5518
-8264
-9116
-9370
-8972
-11560
-11367
-12639
-13428
-10846
-10609
-13379
-10262
-8957
-10085
-3784
-1017
-1860
1982
2310
3700
5287
1096
5804
7834
2620
7338
5322
6157
9129
3031
5406
6633
4757
9793
9375
760
5770
8232
5965
5050
3721
4322
2899
5476
1596
1420
-254
-1345
-2466
-5556
-5205
-7793
-8568
-10497
-9408
-10720
-12189
-12079
-12646
-10984
-9065
-9125
-9814
-6883
-7494
-2330
-9674
-9153
-3478
-344
7813
634
5129
4191
5385
8904
11490
9794
10460
13674
13114
14982
10753
13862
14595
12154
8818
11535
10169
9980
9237
8517
6617
4993
3827
2977
3211
1199
-350
-2189
-1835
-4114
-4390
-6389
-6502
-8085
-9482
-5940
-9052
-8748
-12091
-11587
-11146
-13831
-12718
-14706
-10519
-11275
-14531
-11898
-13093
-11653
-12047
-11464
-4405
-4344
-5733
404
5168
-633
4497
10439
11364
13748
12435
11032
10757
13800
11821
14097
11245
14462
5896
4592
9920
5615
6134
3125
210
-3857
-241
-2933
-2979
-4724
-9492
-10069
-12209
-10311
-6317
-7533
-6800
-6314
-5995
-61
-4858
-2693
-2294
-4931
-2631
-1717
-1594
-182
-1424
-2972
-2063
1251
-4013
-6645
3237
-1077
893
6601
1298
10401
11969
11532
13988
8824
9647
12320
12837
14805
13284
14282
12695
12217
10939
9004
6947
3114
4958
3695
1815
3928
-3430
-689
533
-2297
-5041
-6641
321
-5339
-7526
-3301
-8346
-3805
-3206
-2966
-1236
-4194
-4513
-4148
-1342
-5725
-5576
-4040
-5259
-4670
-4317
-4834
-3767
-5652
-5228
-7131
-6620
-2530
-10673
636
331
-3377
5052
4325
2313
3413
4001
3011
6434
4288
4490
2054
-795
-1874
757
-4432
-4190
-5660
-10272
-4636
-4317
-3405
-3941
-879
1809
3155
3606
6124
5663
6606
4449
8137
5725
3186
10293
8949
10197
5823
4763
2225
3572
3630
1673
364
627
-1069
-3684
-4545
-7302
-9637
-9765
-10483
-11945
-7362
-14667
-7431
-6300
-8962
-1429
-3309
-2354
-825
-1022
-2315
32
-1906
1683
1712
2635
4050
3045
5169
4430
8096
4519
5411
9576
4857
11477
5724
4834
11254
6143
7743
6728
7578
4585
4574
5268
4879
3667
1175
1235
2232
547
-419
-2663
-2203
-2794
-2641
-4623
-8016
-7390
-10399
-12477
-16728
-16302
-16795
-18075
-19038
-20153
-21059
-17230
-13433
-14485
-9981
-9698
-9297
-6207
-6661
-7355
-890
873
7856
11389
11914
11140
7476
13860
15214
11040
9541
17880
15184
14816
16630
14130
13625
11863
12937
9767
11923
7848
6031
4402
3207
2237
982
-1263
-2370
-3161
-4262
-4032
-5941
-6629
-9602
-11137
-11426
-14791
-17595
-12506
-14920
-20938
-17513
-18149
-19234
-16017
-20306
-13677
-8777
-8482
-4612
-1719
1205
-2494
4551
6117
8075
8868
10716
12672
12191
13556
11432
13098
11366
12919
6689
8025
10954
6867
8284
4793
4867
5313
3278
995
845
-531
-1230
1028
-2302
-6654
-4768
-4365
-9687
-8387
-8550
-11026
-10653
-11821
-15313
-16125
-14357
-16442
-17678
-17005
-16360
-16259
-14682
-14002
-15620
-7011
-10512
-4681
5270
1124
5569
10215
13630
12318
14020
15455
21075
21631
22558
23710
21461
22025
20500
20151
17701
18254
14649
7930
13290
11736
11844
9065
7785
3415
6282
3399
302
5265
-1085
-1343
-2030
-3584
-4523
-2955
-4237
-6406
-5541
-5885
-5582
-5552
-3252
-9713
-9362
-4460
-9095
-11022
-7627
-13617
-12293
-9507
-10339
-6056
-9483
-3266
2393
-231
1370
4308
8204
8336
9289
4667
5984
8085
8691
11638
9180
10632
7197
6586
3788
8309
2227
-2815
5748
-2420
-661
-3117
-4077
-4321
-4799
-4520
-5414
-4818
-6374
-7412
-8633
-6957
-12598
-8995
-7501
-9984
-10059
-9773
-9514
-9007
-7955
-5721
-5006
-5061
-2738
-2603
427
-1615
-2421
1330
-746
1711
1662
-2690
1196
2842
4200
5811
8217
8279
8640
7856
9803
10004
9652
15053
7252
7949
8134
6954
7028
6650
6811
-918
2229
6095
4364
4328
4525
-506
-1132
960
-1366
-3106
-2820
-4335
-3352
-1718
-4299
-3499
-4906
-4775
-5653
-6940
-3775
-2352
-5910
-4702
-3775
-8304
-5375
-7186
-8237
-10540
-10518
-8882
-10095
-9314
-9507
-8565
-18764
-12162
-937
-3489
-1384
549
2804
-252
4477
6501
6915
8115
7502
4584
5454
7310
-1642
2442
6409
1977
-2973
-696
537
-996
153
1425
2302
-752
-3066
676
1527
2933
5495
8011
9632
7555
5407
5124
8172
5370
3804
428
589
1733
-973
-152
-6139
-7139
-8868
-8197
-8792
-10414
-8676
-11104
-6864
-5465
-9463
-2392
-2103
-4723
2940
5396
6537
4245
2517
6114
5117
7925
9410
6512
6340
6434
7302
8215
10069
8922
3717
4514
5511
8691
6966
7241
8972
6592
6337
4326
4613
4341
4384
3328
4291
2497
1264
593
-5215
-3998
-2442
-7116
-7839
-7921
-10504
-10567
-6853
-8805
-13151
-11471
-9411
-12278
-13412
-9887
-13060
-8942
-11397
-11897
-4730
-7573
-4971
52
1313
1814
1911
1664
4993
4274
825
3484
4886
5523
7802
11382
9564
10679
10418
9970
14090
9963
11283
14487
13365
12047
10846
9328
7998
11862
6800
6280
6589
3060
3365
2971
203
-4
254
-1105
-2706
-3662
-2442
-8773
-9347
-7499
-7904
-10161
-11193
-12284
-13179
-11661
-13674
-11081
-10265
-13533
-11974
-7082
-12545
-3555
409
-2115
1793
744
4041
5750
4199
5703
4659
5618
6582
4971
4794
6302
5029
-4241
5552
3547
1227
3015
-1463
551
435
-151
-611
2865
242
826
701
1483
-1976
-3321
-1475
-2829
-2371
-3962
-5154
-5118
-3580
-5197
-5426
-8317
-9318
-11814
-10098
-12046
-13822
-14565
-15496
-14324
-11324
-14130
-15290
-5744
-3918
-2045
4612
7969
9567
12652
9321
12752
10167
17088
19177
15256
19566
15142
16944
15978
18373
12305
13228
15939
14732
14487
12207
8087
4742
7275
4356
5497
6429
1722
1079
1543
534
200
-3059
-4515
-5555
-6501
-8063
-8241
-7943
-10938
-10891
-12472
-14548
-12118
-15085
-14946
-15963
-14121
-14857
-18021
-11894
-12845
-17011
-14988
-5063
-8253
-3705
1677
-87
4512
4476
5213
5755
8031
9908
9158
10089
12122
6826
8047
11970
7443
4826
5709
5239
2965
2048
1651
4163
3178
1921
710
-70
-430
-2862
-5435
-4282
-6118
-7549
-9435
-12403
-10748
-10360
-11582
-11576
-12915
-14839
-9721
-8591
-5648
-9617
-6756
-5267
-7727
-4475
-8014
-3833
100
2554
-3156
4722
4962
5764
15038
15064
9292
14042
17994
15112
16651
15359
16623
16733
17477
14005
12588
12546
11274
8520
8706
11500
7886
9100
7860
2739
4171
4944
546
-964
-472
-2469
-2459
-3722
-5496
-4638
-6859
-4552
-8542
-6292
-9510
-10409
-6899
-7028
-9115
-9537
-9876
-9156
-8745
-9921
-8116
-9717
-9233
-9335
-10200
-4044
-4451
-7877
2723
-2371
-1933
5962
8332
8765
4629
7588
6718
8423
10425
9249
8802
7539
7397
5745
5893
3846
-5590
-2118
-3440
-3383
-6088
-8841
-5896
-9015
-7045
-6687
-4667
-7371
-4089
-3897
-3056
92
2636
881
-198
-891
1091
2856
2047
4937
-901
-1328
1525
-1931
-2439
-2133
-2471
-5773
-5802
-5466
-6988
-3171
-7023
-10205
-4197
-5731
-2569
1687
3442
3439
5695
3892
4985
7778
4405
8270
2030
2654
3999
2117
2400
2056
-3060
-863
-294
-1454
1425
-2206
-78
3003
1684
4201
5077
3008
4584
6578
8285
1881
2866
6513
5067
3983
1469
3135
880
2016
49
-787
-4514
-3846
-4708
-7428
-7926
-7633
-12970
-15898
-13665
-13483
-9078
-15025
-16673
-10769
-13996
-10134
-2525
-4088
-2539
-2774
-6212
-2852
-3420
-4415
-3898
-2234
-1867
2138
4903
3355
9916
4509
6652
12837
10517
13131
12535
11946
17226
18087
15104
14444
13597
12183
11662
11531
9884
9042
7922
5508
4331
3363
2308
1386
278
-655
-1481
-3651
-6093
-6806
-8730
-10531
-11664
-11155
-13482
-11768
-11303
-10035
-12897
-11937
-6438
-7654
444
1268
2205
4502
4331
6482
9141
8670
12669
12058
14155
13328
11685
15417
15533
12897
5835
11757
10048
11796
10824
9067
8959
6774
6601
6777
6004
4682
2627
1155
1478
-305
-2328
-2486
-6187
-6488
-7530
-9592
-8303
-8405
-9156
-15858
-17265
-19378
-16878
-17606
-22318
-21066
-22047
-22875
-22075
-16669
-18635
-18293
-12800
-7345
-6745
5034
6149
4767
14261
13508
14484
14430
19101
18151
16598
17885
18226
16443
13926
16075
11386
5162
10244
9298
8731
6229
4074
3019
4207
4318
1224
-368
-229
-1109
-2775
-1739
-4433
-4195
-8349
-6370
-5395
-8820
-8819
-10037
-8565
-9321
-10138
-12195
-11809
-11115
-10452
-10791
-10102
-9535
-13298
-7295
-5115
-11325
-7393
93
-1401
5501
9335
5301
8204
8514
8421
8862
7946
8496
10271
8506
12172
10571
7579
7896
8284
1911
599
5895
1822
1150
114
246
-3848
-4305
-264
-2255
-4903
-5404
-5623
-6440
-6323
-6593
-5983
-4951
-7768
-7565
-8034
-7066
-7116
-11628
-7908
-7565
-7203
-5630
-2260
-4342
-3869
-3492
-1524
-1903
2631
2011
-1631
6232
1520
1054
6759
7770
7580
7798
8102
7518
8108
5793
5748
4961
5007
6411
6683
4771
3667
4902
-1329
97
2004
-154
-565
-4213
1822
33
1930
1437
-617
-1729
604
3406
-4090
2128
3499
1589
2206
1572
354
34
1678
-778
1070
802
-819
-1926
-3433
-3086
-4468
-7672
-7644
-7575
-9204
-5190
-7675
-9666
-7671
-9589
-1099
1244
-2394
583
3079
1274
5478
4954
880
1643
3951
4384
5117
5859
2704
5356
3940
-1449
1920
4407
2200
-6506
-4881
4
-1769
-226
1360
2858
3650
7659
7207
6247
5590
5563
4489
3647
4926
2099
1945
1285
1973
3229
932
-440
-5105
-6848
-8679
-9010
-12852
-13244
-13375
-13717
-8914
-14343
-8014
-10044
-10235
-3197
-4400
4175
2977
113
2422
2254
6026
7010
7142
9415
3011
4176
10680
6424
8899
6107
1291
6298
9209
8044
6768
4707
5289
6445
6684
7025
6760
4923
5432
4775
3558
2662
275
-516
-2111
-3085
-5093
-8554
-7536
-8412
-9520
-12551
-16098
-10894
-12758
-13182
-12529
-13511
-13060
-13308
-8592
-10733
-11201
-5995
-4933
-3939
4145
1431
1692
7365
4518
3326
3757
5374
5947
6619
7541
10427
13596
13254
15187
17175
10487
14072
17275
13305
14230
14546
14906
11315
9740
10184
9787
6497
7624
6650
2440
-435
683
146
2049
-828
-5148
-5378
-7887
-6932
-5420
-4855
-8371
-8649
-7413
-9204
-8375
-7746
-12578
-11556
-7378
-8404
-12358
-8369
-5680
-8734
-3024
838
4264
4782
5264
6076
5236
7831
6612
6533
7778
6546
7417
7710
6505
7497
5070
-1792
2398
776
871
-172
-2760
-995
-5560
-1549
-4483
-7070
-6448
-7308
-7376
-5651
-3014
-6680
-5434
-3973
-5072
-5955
-2757
-5781
-8388
-5867
-7026
-7974
-5776
-8270
-10722
-9707
-12537
-12779
-13510
-10160
-10105
-12948
-2525
362
-853
7988
5973
12046
14393
15008
16388
12584
15403
13885
17102
16802
15843
14339
14332
11003
15119
10124
4377
9876
6964
7769
4609
6932
7196
2790
4514
2494
-229
4559
-11
-3746
3110
1340
284
310
-2992
-2532
-3326
-5150
-6026
-7173
-7194
-10014
-10710
-11047
-11341
-13108
-9648
-11470
-12288
-14295
-8450
-10887
-13822
-5645
-8754
-3951
-4263
-562
146
-892
3797
3163
1767
805
3695
3368
2204
2589
2254
5659
7502
7228
1711
-1970
7606
2605
41
5548
2306
3401
2571
1484
2275
1077
1829
129
-1145
-3511
-5854
-5842
-6376
-4929
-5426
-6909
-5791
-2100
-3801
-3479
-1167
-4393
-422
-1606
-3394
-4442
-4268
-2418
-5037
1308
-2002
-2700
4752
2444
2756
7784
7894
8273
11945
11389
12849
14452
14064
16123
11876
6127
13179
12017
11025
12999
10636
3474
7399
9280
6051
6499
3731
6448
-280
-689
-1685
-2966
-2049
-3525
-4616
-4509
-2255
-3329
-5627
-5662
-5695
-6604
-4340
-5827
-6909
-11932
-10989
-9080
-12668
-10991
-13768
-14746
-15011
-15486
-13511
-11739
-12072
-12720
-5994
-5060
-1048
146
-1050
5616
4248
7429
6423
6169
9887
9148
9713
9576
9150
5064
4184
1719
5254
4164
-4142
-2343
-5252
-3998
-1695
-4344
-4110
1418
144
114
3372
1769
3312
3078
969
-1617
1111
3514
2905
2073
156
202
-1038
-1428
-3016
-3890
-4596
-5740
-3959
-2810
-1275
-9769
-4189
-2597
-3899
-5015
-3534
3386
-2515
7824
5173
3717
7874
6402
9921
9954
8844
10987
11472
7751
8243
9013
7418
7202
3573
4285
3040
719
2199
481
1941
-1271
2136
2012
-787
-498
-270
-1155
-813
-824
-2831
-4223
-3009
-2597
-3097
-3609
-3218
-497
-8033
-5738
-1881
-6456
-7130
-6121
-9523
-9559
-6573
-10948
-12148
-10277
-9347
-8626
-12698
-8248
-6737
-4049
-1849
-3872
-2193
-2901
154
-2591
-1179
230
2839
5728
6189
5653
3344
8670
11964
9716
11587
6852
4809
8816
7519
7744
7944
10204
8694
9463
9177
8329
7693
-726
3681
4663
2828
3373
1295
3565
1450
-1134
-2573
-3685
-2740
-4780
-5308
-8445
-10826
-9924
-13310
-11449
-15101
-15142
-16211
-15751
-14583
-17066
-11597
-12287
-6695
-7533
-5100
-2179
-1063
4216
2239
3190
4247
3788
5254
6498
6639
8455
8044
10324
8486
8305
2651
6508
2702
1356
7279
3373
3099
1491
2576
446
2757
2172
-75
-163
383
-1420
-2210
-1727
-3115
-3131
-5528
-7318
-7278
-8639
-10643
-11471
-13105
-13168
-16080
-13994
-15799
-17221
-17302
-14298
-5732
-11449
-6882
-3642
-1670
5824
8291
6184
9165
13718
14098
17129
18245
20823
22321
19746
16660
21239
19181
18781
18347
17875
14527
10259
13220
11807
12216
9480
8944
7394
6305
6030
6531
6453
1607
3777
108
201
-1004
-3681
-3310
-4922
-4705
-6783
-7213
-10513
-8838
-6950
-10126
-11694
-10484
-12497
-11466
-10454
-13082
-11543
-9042
-6400
-14112
-6767
-3011
493
-952
-3318
3826
3662
8079
5243
6990
7268
9084
8822
7999
8765
6398
8164
4992
3627
4574
-946
-1765
1710
-331
-779
-3438
-4143
-5748
-4858
-4272
-8812
-10858
-10620
-14349
-10438
-7357
-9990
-11077
-13649
-11138
-8479
-9156
-4469
771
-195
-3009
-3001
-3769
-1821
694
3511
-3336
-1783
-2781
-1879
-924
-2927
7382
3601
5747
8101
3662
8732
10984
8231
8133
8084
9055
9440
10456
8410
5237
8756
7490
7832
6001
4838
-3712
-4280
-184
-4604
-914
-1654
-4565
-4452
-5331
-6390
-5984
-5017
-5385
-4026
-4142
-2665
-3144
-2432
-2339
-1960
-2110
-8140
-4003
-3970
-5580
-3776
-6067
-7536
-8430
-8565
-9941
-12038
-13301
-13560
-9895
-14381
-14284
-6496
-8321
-1466
-4230
-6154
-2486
-2486
-699
-357
-660
1737
3127
323
-3584
1988
2293
2648
1663
-2177
632
-4984
-1762
1080
3937
6248
9450
8345
7144
14736
14998
13314
8301
12101
13347
13265
9907
10659
11433
7597
8349
6597
5146
5241
3993
3421
1052
-811
-2196
-3455
-4174
-6257
-8175
-9602
-10280
-9232
-12998
-5891
-5690
-7799
1542
-6863
-3599
662
-314
3093
3880
5626
4590
6528
4761
6631
9464
9267
9492
9984
11309
13042
7457
7233
10437
10019
9400
7697
7763
7402
7166
7046
6921
4463
3570
5609
2920
1180
1232
-1788
-2927
-4962
-3277
-4461
-5064
-6128
-9201
-9500
-10871
-12900
-12139
-12635
-17481
-13590
-18732
-21893
-12518
-18602
-19209
-9849
-12386
-10300
-8597
-4698
-398
1328
7805
7789
13170
15894
12275
18646
17502
18121
18022
16890
18465
18143
18344
12240
13488
13557
13599
11546
11512
10690
6567
6980
5932
4567
2320
2086
1063
-602
-1988
-3504
-7688
-8417
-10651
-15584
-8526
-9623
-15168
-12760
-16128
-16691
-15935
-17237
-17583
-14411
-13571
-14184
-14835
-8296
-12028
-10439
415
-4460
1025
4072
5291
9812
11298
14866
14845
14811
16383
14239
13768
14800
11737
12736
12737
6890
9668
5962
-1091
3413
5120
2432
1507
1833
-604
-2540
-2310
-1253
-7334
-5471
-2651
-5917
-5242
-7624
-9352
-9503
-12194
-14979
-12061
-12283
-10421
-11587
-10276
-11749
-12074
-7111
-13953
-6553
-4601
-7386
-6069
-1307
-941
-4786
6498
4782
6560
8477
10605
13017
10937
11759
13072
16102
15623
14575
11774
11517
9672
7279
6227
5590
4699
3720
-1092
-1643
-507
2578
-1041
-3243
-2421
-5058
703
-2246
-5076
-5107
-4737
-3568
-3908
-3192
-2792
-1994
-3047
-7850
-3786
-1071
-4862
-2256
-3606
-4936
-4342
-4680
-6316
-7791
-8618
-8780
-9232
-12615
-7616
-8230
-13009
-3224
-4491
-2673
-43
-3291
-2446
2919
2024
263
1916
719
540
-1067
3170
1135
-1788
-680
-1406
-4257
-4714
-8896
-5670
-4536
-5655
-4561
-6246
-5310
-5880
-4944
-8651
-5261
-1558
3206
5159
2036
6158
8627
10602
8785
6567
6352
6160
5141
5094
5942
5604
4117
2681
1390
-626
-741
-2955
-3685
-6313
-4283
-5183
-10050
-2818
-3539
-3706
1370
1808
1733
4229
5259
5363
6036
7530
7347
6060
9783
9462
7323
10453
10267
10148
5754
877
6480
6778
7366
8545
6299
3466
3646
5582
3817
7189
6944
4250
6393
4545
5076
3981
1983
2583
237
399
-2514
-3063
-4771
-6003
-7768
-9465
-10725
-10793
-12814
-12900
-11018
-12524
-16404
-12266
-13630
-19282
-7225
-9682
-5519
-4134
-6444
-1244
1025
396
2825
218
478
4232
3952
4597
1937
8647
14713
16198
11388
18554
12914
9556
15697
15256
17353
11109
14933
15501
11099
10684
11924
6147
6022
5361
1544
504
-280
-441
-3466
-5466
-5863
-3978
-7549
-10089
-9812
-13334
-13105
-12843
-13274
-14907
-13563
-13348
-15058
-15160
-13737
-8883
-19017
-12151
-3860
-7521
39
799
834
1768
8098
10034
10268
10687
7858
13245
9910
9088
8275
8747
9793
7863
11731
6162
6014
7663
6840
4554
2695
2992
-318
1646
-4211
-1590
1195
-3473
-4976
-5812
-7516
-9815
-6949
-8407
-9805
-10234
-8786
-9214
-9601
-8528
-7361
-12892
-14726
-9449
-14761
-14371
-12686
-12287
-19513
-11981
-10068
-10773
-861
736
3737
1544
6684
8878
12479
13174
12564
13465
15345
15589
14192
14273
12053
9991
8846
11361
10558
8860
1962
4777
6318
4905
4055
492
1583
1608
417
-1309
-2835
-2546
-3917
-3983
-4110
-2897
-7692
-7501
-4778
-9187
-4867
-5171
-7963
-8498
-8999
-9060
-8459
-7062
-9240
-9489
-7289
-7313
-5859
-7557
-2632
-6920
-6251
536
-1048
1466
-88
7232
4062
8044
8154
7266
7328
6174
13108
8786
8684
9466
8244
7224
10258
8201
9888
4023
1650
5048
3322
4772
5265
-1150
-2874
4003
-963
-525
-2620
-6964
-3230
-3410
-3717
-6124
-8320
-5262
-1314
-1548
1640
1472
429
4694
2424
3656
2891
233
-1533
-1000
-2704
-2548
-3454
-5156
-3321
-9945
-6384
1282
2284
2170
6687
5984
5625
8593
7804
7142
7855
8049
7044
7808
6468
9161
2817
1874
6621
8405
4514
-1755
3590
1603
1305
1870
28
1004
-2254
-3074
-2812
-2397
-2477
-1893
-2394
-3391
-3507
-2991
-1689
-2094
-4846
-6386
-7086
-7363
-8150
-11492
-11324
-14090
-10421
-12243
-15516
-12800
-15029
-16496
-14307
-11885
-18008
-10052
-3563
-5728
-3514
-4163
719
-1599
341
5983
2539
3920
5477
2099
3908
2227
1063
-1712
-1813
-1644
-1300
422
-6329
1237
65
787
5855
7599
7718
6561
9724
7968
9247
5376
7183
5899
4610
4477
2339
7272
6680
1653
-1077
-1803
-2810
-251
-1389
-5971
-4969
-2072
-6788
-5409
-4679
-3102
-7167
-10599
273
-7874
-3689
1389
-3503
1102
2970
4061
1898
6426
6915
8183
7509
7042
8549
10667
10282
8053
9007
8455
8611
9727
9521
4709
4045
7732
5778
3108
2982
1691
3849
4867
1912
58
-2666
-3222
-2739
-3686
-647
-997
203
-1839
-1543
-1588
-766
-6830
-7957
-4141
-8593
-8640
-10522
-8156
-11870
-12826
-15283
-14210
-16515
-11298
-13973
-20543
-13391
-11860
-4777
-10691
-7211
2342
3495
5951
9085
10773
11159
13601
15495
16528
12302
14694
14150
16521
15803
14758
9978
5333
9387
8300
9396
11014
10196
12644
11002
10482
11337
12736
6157
3742
7687
3055
4887
2236
316
-792
-2794
-2806
-6511
-8090
-9882
-12617
-13707
-14131
-14063
-13873
-16280
-17553
-15470
-17699
-17260
-14809
-18175
-10797
-10565
-7071
-3017
-7061
-4311
-539
5302
3285
3861
5394
5724
4464
4929
5169
6592
5772
7967
10180
9720
9964
3166
1955
2295
5105
4484
3010
1790
149
485
-177
-1144
-2236
-3829
-6565
-7749
-9519
-11824
-12533
-12148
-11786
-13131
-13176
-12837
-13052
-11827
-12330
-10340
-10357
-7277
-4254
-5449
-5573
-7972
-4476
-30
-7306
-809
3579
4709
8989
8780
11683
9674
14483
17712
18308
18746
19572
15349
17053
19032
16031
16910
16524
12945
13043
12900
3630
9168
7502
7347
8523
6138
6509
2456
2098
-595
-657
-3363
-4894
-7859
-9705
-7780
-7730
-8157
-9075
-8584
-9801
-9768
-7164
-2728
-7063
-10392
-7943
-7666
-9406
-9142
-4629
-9838
-7448
-9114
-3182
-9472
-7150
6350
-3374
5545
5916
5219
7003
10042
9189
12184
12390
8920
9470
7685
7228
4930
6898
6598
5232
2973
1846
-7143
-3638
-2666
-4922
-4594
-7304
-6884
-3007
-2140
-3411
442
-3445
-560
5652
3596
73
1490
2883
194
4990
5623
1564
2434
4805
683
2277
4522
3304
-4545
-5292
-20
-4671
-1138
-5362
-2182
-2249
-7698
-909
-2193
1835
1335
1164
3693
2834
4011
4526
5034
3496
2471
1234
1576
-532
-457
-889
156
-1164
-1008
-1759
-8867
-1107
445
-2158
-1
2407
5142
2804
-195
528
-1095
2563
4883
1856
349
789
1465
-3787
-76
3064
-2275
131
-2294
-4384
-6193
-5560
-6765
-8622
-8784
-7608
-10625
-7725
-9871
-12364
-9855
-15458
-10082
-9863
-9684
-9401
-10049
-9566
-7497
-3893
-2988
-2299
-2482
-2095
-1962
6723
3675
6158
7842
5500
6946
6085
8272
4298
6517
10701
14281
10975
12479
11123
4569
9656
10243
7056
6623
6850
7178
4099
4848
3930
1356
1591
950
876
-2248
-5176
-5726
-7526
-8590
-10173
-10595
-11321
-12877
-13927
-15974
-14125
-17517
-14358
-18707
-12606
-9857
-10287
253
-5427
-2382
1162
2054
6202
5390
7161
3530
7039
10126
13033
11199
12739
15534
8938
11426
13678
6529
11783
13530
10599
10683
9745
10363
9243
8170
7529
8004
5370
5471
3829
2568
2010
112
-1351
-4305
-4554
-7129
-9031
-9333
-11512
-13363
-15816
-17572
-19780
-18772
-13344
-13740
-15228
-12946
-12400
-11166
-8477
-7344
-3320
1543
4150
7201
6076
12036
16625
11139
15635
17402
17043
19586
17886
17529
17526
16734
17288
16893
15976
14587
4480
6120
9089
6979
9066
6241
4220
2669
1966
918
-1774
-3262
-5759
-5162
-7031
-8795
-10142
-13850
-13972
-11716
-11123
-13594
-12159
-10790
-13472
-11320
-11320
-11032
-9732
-10013
-9428
-12487
-9278
-10328
-13650
-7195
-8344
-4546
-2194
117
6529
2763
4055
6907
7214
10770
9976
8634
6664
7910
6908
6887
7217
5264
5243
2790
3092
-3385
-3065
-1946
-5245
-3031
-4482
-8352
-10124
-10942
-10786
-12487
-15753
-12000
-11424
-8706
-5016
-2325
-1134
-669
263
2447
3468
2785
3601
245
3655
4033
504
2774
1418
3958
3627
973
225
-1415
2631
-2088
239
5387
5825
7625
2302
4903
6245
5861
8684
8068
6235
7914
9736
7287
6714
7724
4850
5968
2514
7827
1231
-3337
3543
272
2802
2030
2922
2485
3821
2339
3122
3557
5908
3582
-570
4306
2881
3283
2427
1514
2073
-5
2515
1387
-2379
-2688
-5289
-6519
-7023
-7736
-8569
-8987
-8453
-10921
-12729
-9162
-13797
-11497
-7939
-10521
-4827
-6880
-7580
-6790
-7287
-5617
-800
-2062
-4828
-4222
-4710
-5063
-3399
-838
-924
2010
5073
6091
4098
11493
6966
5895
9621
7012
10818
8284
9813
8593
9803
8548
6469
6993
4694
6073
2973
56
2549
-1050
753
545
-3185
-1358
-372
-4522
-6918
-7956
-12708
-10827
-12361
-10707
-13696
-15334
-11305
-9296
-10195
-9878
-5678
-3334
-919
-2191
1001
3687
5020
6641
7723
7951
9432
7517
5611
10729
10829
10774
11647
11275
14123
7009
7819
9522
7825
11690
7670
5914
6508
6087
3507
2095
1032
1341
541
648
-783
-1163
-3784
-3849
-3661
-9825
-10457
-11323
-12360
-12773
-10618
-15661
-17129
-17385
-19072
-17529
-18165
-19962
-21480
-14857
-13572
-14252
-5083
330
-873
1957
7789
10136
11704
12508
12947
16611
17526
15800
16474
17962
16185
15415
15950
12963
11531
8872
4893
6721
8259
6322
3580
3104
3462
655
2015
739
241
-6
-2541
-4910
-3134
-4194
-6797
-6401
-5780
-5776
-7387
-8046
-8832
-9953
-8859
-9550
-10762
-10643
-9198
-13538
-11943
-8876
-8627
-10770
-3534
-5726
-8886
2905
-1205
2247
4324
5441
7085
7506
11186
9868
12016
12269
11251
11515
9472
9640
12183
8499
6822
7215
8226
920
294
3406
186
2465
6220
715
-3362
-1420
-3620
-3851
-4749
-5064
-5516
-4748
-6609
-6805
-8772
-4411
-3873
-7990
-2397
591
-2339
-668
1095
-1230
-2356
-2452
-2962
-2068
-3536
-7425
-5707
-3748
-6949
-4084
-822
-1238
623
1971
1447
-383
4491
3227
6820
8521
4024
6167
4699
2127
2550
6552
1728
5474
5826
3818
-602
-1569
1508
-345
3200
428
1774
1487
2956
-1328
-2144
6323
546
394
1381
3077
4035
1626
-1979
-2996
867
-1350
-3344
-5281
-7984
-7969
-8014
-8611
-9145
-11923
-11106
-11219
-14466
-15095
-11757
-13335
-13740
-8103
-7865
-3940
-5157
-4562
2615
827
1981
3849
2156
1505
4749
5356
3115
3985
83
2052
891
-219
-982
-7043
759
2809
2392
4814
7761
10779
10356
13406
12077
12295
9423
9897
9007
9169
10128
6935
6404
5079
6038
3355
2511
-588
-894
-1485
-3177
-4843
-9781
-8893
-11388
-11308
-11320
-8875
-8547
-10365
-10187
-7077
-4528
-3179
511
2000
3031
4450
8520
8488
11026
9121
7522
12190
12682
13066
13278
11979
13249
12437
13232
12739
7278
12765
11190
10953
5728
7876
6708
6798
2728
-902
4114
705
-1434
-2849
-4274
-3654
-8431
-6246
-6104
-10686
-11576
-7754
-5629
-9698
-14374
-10966
-9898
-11775
-12017
-12959
-18216
-14271
-13395
-12920
-10522
-12046
-13185
-9722
-5744
-5610
-1629
-613
686
6332
10826
13458
14540
14701
16183
16915
14153
14381
13505
13986
13059
16266
9503
7602
9982
6093
6785
3887
2655
906
1122
-131
-1780
-4914
-1313
-2012
-7174
-4015
-6069
-7421
-8255
-9505
-7887
-6787
-9085
-9592
-9329
-10399
-8583
-13634
-15602
-11243
-11174
-10737
-13696
-15261
-9532
-11893
-10904
-1886
-1375
1579
3333
4391
5598
4287
11083
10139
8447
8428
7827
8834
7451
7319
4396
4609
6397
4357
3901
-3754
-2002
3007
698
-191
-1684
-794
-301
684
-638
-2045
-3472
-3957
-3796
-1917
-2826
-4121
-6794
-11426
-8076
-10185
-11213
-10111
-10778
-9550
-7683
-7929
-3637
-3423
-3666
554
1044
2550
1766
4996
-3466
3654
8278
6872
10397
6201
8870
7076
8273
11484
11524
11469
11329
7909
13781
11546
7857
9840
7719
8410
10455
6134
723
4457
4895
5370
3954
2555
4570
2171
-2722
-485
-1007
-1598
-860
404
-2720
-3307
-1296
-3546
-2762
-3449
-4496
-5718
-4473
-3767
-4003
-4744
-6219
-5875
-8430
-6741
-7851
-7729
-8953
-6989
-7212
-9030
-5089
-4979
-5947
-2928
1308
-2033
453
2643
3295
3054
3401
7366
7608
7645
6707
8000
5104
9939
4487
4421
1734
-398
5018
1068
1024
-1613
-5120
-5846
-210
1884
3282
7199
6147
7780
7403
6363
8404
6798
6970
6451
4203
5439
4078
3000
2814
1232
-2442
-3301
-3573
-10328
-7229
-6129
-12249
-12347
-8281
-12947
-12888
-3636
-4792
-2924
-1781
-2402
1157
2613
8744
5536
2822
10013
7962
6593
5307
6462
6347
5117
5688
3839
6330
1183
3724
4531
4216
5098
4270
4636
831
3738
1272
3157
1142
-137
-2008
-4332
-2589
-5210
-3065
-6076
-6793
-9511
-7344
-10902
-11798
-9847
-12532
-13714
-14139
-13339
-15336
-13523
-14377
-15130
-17563
-9387
-15645
-20483
-8858
-10709
-6914
-5073
-4618
-7677
-3876
159
-2431
1232
606
3474
6031
7150
9350
11095
15586
14578
15146
11025
5192
13086
11983
10834
11987
13189
13272
11472
10717
8313
7205
11091
8033
4797
4788
2383
3024
1649
1589
-11
-1953
-870
-1351
-1869
-553
-7049
-9441
-4761
-9305
-7795
-8673
-8766
-12679
-10511
-5769
-13177
-6805
-4788
-5944
-3072
-3193
935
824
3389
7700
9628
8010
7687
9951
10708
10059
10131
6473
5993
6095
7955
3629
-2099
6100
84
-1675
-925
-1545
-720
-381
647
-620
2520
769
811
-2810
-3727
-7378
-10937
-5911
-6849
-9243
-12086
-12701
-13730
-13353
-14869
-16731
-18401
-19059
-17654
-15205
-12546
-10965
-11167
-3645
-559
-8957
919
2386
6290
10009
7943
9260
6671
9493
12174
15217
11471
17693
18537
10248
11582
13493
11391
13585
11476
11677
7457
2126
7142
8064
9043
8049
2678
-1668
7065
4898
2000
2307
-826
2082
983
-95
-2619
-4948
-6095
-5058
-5740
-3301
-4187
-6993
-7903
-7151
-5487
-6642
-6825
-8667
-10998
-12405
-6893
-8628
-6036
-11521
-11698
-3960
-7648
3754
3680
-1235
-56
455
4155
11148
11062
9880
9492
7943
11214
6563
8995
7088
3714
4802
8118
3516
215
2487
-233
-3501
-3789
-3454
-3138
-4880
-9115
-6722
-3626
-3059
-2219
-1054
-3982
1004
3122
2216
1571
-1713
-1677
-1546
5
-810
-4937
-5574
-6775
-6876
-1766
-7456
-8571
-8564
-11368
-4454
-7590
-8109
-2068
917
2791
6540
5873
7010
10166
6458
13195
12863
11394
11114
10625
10438
9877
8485
7040
7874
6775
8321
-1185
1318
4371
3093
4741
2346
2553
1684
2622
2797
1356
671
1156
-2760
-1284
-656
-2094
-4096
-3900
395
-2670
-3848
-1630
-4701
-6463
-7746
-7023
-8597
-7460
-5883
-4268
-6959
-10897
-9860
-9626
-11489
-7560
-4190
-6668
-3623
-4175
-5140
-1771
-1632
-4062
-1863
20
-2110
-1547
-56
1620
5654
4031
5255
7994
8985
13605
6133
6466
4106
8479
9419
8197
7336
3085
10222
6849
4688
3143
2628
1169
2553
2245
259
-2394
834
1801
-390
-1243
-2906
697
-6634
-6520
-6117
-10257
-9979
-9835
-9816
-9592
-10628
-11793
-10924
-15777
-7393
-9022
-7297
-4181
-4740
-581
-90
1014
-804
2751
8111
9925
7891
7879
6724
6324
3993
6855
128
4973
6188
-963
4945
-130
-13
-864
499
1910
2997
4414
1475
-6
-57
2197
1799
-5007
-5001
-1364
-5815
-6543
-6537
-7854
-9665
-9934
-12508
-15597
-15245
-17862
-18579
-21059
-19142
-16676
-15826
-12269
-7648
-12114
-10371
-1686
-2079
1987
1628
5508
6610
8494
13523
3661
12525
18235
13471
17900
15772
13283
13857
13841
13249
13071
13409
12882
10595
14797
13441
14329
9747
7999
11778
8199
7319
7525
6318
1590
4698
2562
651
1835
-198
-2922
-5475
-4319
-5000
-5271
-5621
-7965
-11852
-10372
-9849
-12151
-12786
-12744
-12803
-12672
-11663
-9026
-15018
-11812
-3635
-6438
-92
-1161
-3887
-2236
1512
1434
4163
7771
9028
11632
11969
13094
13867
12792
6682
10659
9670
10293
8144
3952
3700
1701
1911
966
1936
227
-3072
-5331
-5868
-3491
-1081
-1446
-5
549
82
4629
2937
-1347
-329
-2452
-2017
-3806
-5335
-8431
-8390
-422
-5329
-7105
-6792
-6942
-9182
-3491
-3799
-8869
-1463
-1276
2512
3701
6949
8562
7446
6681
9452
14093
13902
13626
11207
13520
14581
12872
12108
9692
9805
8239
10227
6464
1929
6483
4272
4828
5763
4144
4428
4423
2795
3706
-161
69
-552
-4080
-2829
-9774
-5256
-9659
-9329
-8649
-9195
-7764
-12344
-12706
-11350
-9899
-12494
-9585
-9632
-9890
-8958
-7986
-12979
-13328
-12008
-6880
-5384
-1255
1004
-1698
487
269
404
-1162
968
2762
3497
2834
4985
6417
7837
8885
5882
11861
11540
12271
7629
3670
8708
6598
3799
4161
3706
6632
6823
3010
3141
3308
3329
1150
-1210
4019
3137
764
-369
-3957
-2333
-2782
-2402
-6171
-3310
-2738
-8880
-9761
-10937
-11641
-11163
-8545
-8449
-5455
-9590
-8463
-8476
-7753
-3624
-1002
213
375
1794
1821
1526
5980
7395
7558
7430
7327
5922
5955
4716
3041
9465
6451
6036
3447
-1281
2626
872
-632
-3191
-2849
-2913
-3213
-1723
-1742
-2452
-1072
-8520
-6143
-4063
-7947
-5992
-7107
-8682
-9988
-9700
-11814
-13635
-15567
-15577
-17520
-18009
-18360
-16058
-15022
-13927
-10049
-6822
-8581
-4262
937
-350
917
4414
6056
3814
3044
3959
11041
10423
14355
19311
15473
16180
14433
13462
13936
14693
12497
13269
10524
5734
10684
11911
5801
6739
9666
4996
5386
5969
3568
4184
3526
-420
-1011
123
-2438
-4457
-5712
-4526
-3330
-4885
-5783
-4412
-5213
-5370
-5940
-8061
-7430
-7478
-7748
-9143
-10653
-8119
-9242
-8982
-3909
-2089
-494
1156
1372
833
2064
5150
2706
4418
7839
9476
8044
8972
11484
1137
3622
4226
3929
6605
3231
-2059
1310
3473
-581
-1366
-3189
-2378
-6700
-4798
-4427
-5711
-6146
-5651
-230
-364
-635
5477
6326
3861
3286
2287
3138
2530
-1258
-3552
926
2327
-3393
1428
898
-3428
-3051
-5259
-713
-4021
-1681
1952
3226
6655
7009
11188
6035
6108
9968
10263
11081
11687
12688
14978
14412
10606
10121
7743
8703
8760
4740
2499
1176
3743
4051
4439
3049
1313
1856
2831
2563
3024
-477
-2726
-1069
-4104
-7366
-4829
-176
-5910
-6244
-5571
-8738
-9431
-9748
-7843
-10539
-8408
-7652
-7160
-4138
-7834
-5803
-14557
-10129
-8040
-15868
-10803
-7020
-5744
-6280
-2877
-2474
-2988
-4131
-162
452
-332
1946
-3180
4001
3568
2988
6156
4355
10258
11602
9570
5985
5592
8479
10107
7448
3796
6991
10691
5348
3955
6307
4941
6499
3895
3399
4392
4098
3340
436
114
-402
1024
-4424
-3782
-656
-6689
-5156
-8316
-11509
-10370
-12539
-11996
-13901
-11406
-12251
-16596
-9372
-9042
-6313
-6257
-4078
-990
-4042
2391
6119
3982
4622
5433
7358
8317
7696
8324
2141
7313
9710
7574
4865
-1844
4034
3599
3022
3525
1985
541
1461
4293
3347
2092
4894
795
-3822
-84
-1806
-912
-3221
-4771
-7141
-7933
-7703
-11048
-11539
-12486
-12924
-16463
-17378
-18294
-17538
-13708
-14161
-10373
-11006
-13549
-5091
-473
-88
1643
2611
2984
6873
3736
10836
16028
12020
14784
11727
15290
17013
13339
11967
13976
13352
11438
11088
7401
4899
10819
8052
5608
10863
8972
8497
7169
4927
4150
4287
4353
1451
-403
-816
-4044
-4273
-7068
-6935
-7428
-9860
-10452
-8688
-8364
-11617
-10405
-11159
-15009
-14105
-14404
-16238
-13256
-13493
-13762
-10775
-7396
-6315
-817
1856
-83
3995
4600
6181
7364
11588
10706
14530
12440
13137
10297
9255
12806
8329
11750
9400
8416
3930
5820
7011
2942
2134
-290
-1281
-4768
-4935
-8121
-8929
-3903
-3545
-3378
-1383
-3593
-3108
-154
-814
-1550
-3057
-5601
-5105
-7292
-5261
-2362
-3548
-5019
-3588
-1337
-1597
-3712
-5764
-2786
-3363
-488
2512
3735
3479
6247
4657
3163
7821
6939
9134
8783
9353
8934
8509
9238
7378
7604
6017
6120
5380
3618
778
72
3028
409
1340
811
-691
-606
-717
1395
1494
-1453
-1934
-3081
-4293
-4345
-1592
-1515
-9386
-6725
-5089
-8394
-7209
-9322
-9370
-9203
-8199
-6036
-7901
-9016
-6526
-11684
-15420
-8109
-11906
-10175
-6671
-6274
-5803
-2803
729
-1492
-191
-2406
-2237
-2132
-223
2169
-1674
-807
2463
4742
5630
4484
6367
7581
5717
6282
4511
4038
3018
4722
684
5607
10835
2556
4675
3233
1411
2292
1806
2766
3011
3107
497
-1530
137
1502
2735
-2523
-655
751
-3637
-3867
-4109
-4991
-6318
-5570
-9013
-5843
-7120
-9327
-4336
-4485
-3999
-2441
-832
3412
6275
4243
3411
1136
4168
8367
10269
11084
5710
3549
3784
4341
3301
9964
3773
-2297
380
177
1438
-1048
1938
-513
-939
-232
956
1737
754
-220
-6485
-4053
-1410
-1748
-741
-2379
-7649
-6646
-3151
-5931
-7463
-11264
-13369
-12900
-13826
-14109
-14517
-15238
-14527
-12105
-5715
-8153
-2689
460
376
4190
4514
8570
6504
9271
9298
9712
14888
11674
10834
12802
10477
12969
13475
14107
10701
10728
9855
9371
11481
11483
14275
7107
9789
8972
8150
9891
6674
6401
4772
4905
1977
3192
1986
-61
423
-3227
-6497
-5718
-3426
-5238
-4930
-6535
-9216
-8928
-10201
-8788
-9940
-9117
-8517
-10196
-6620
-11140
-8151
-2442
-7765
-3660
-717
563
2596
4811
3927
2171
7469
9401
10057
10023
12241
14727
8144
9851
10152
8576
11120
4720
4588
5184
5575
5178
2583
669
870
-2247
-5673
-4742
-6529
-6885
-8677
-3859
-3728
-5255
-3130
-1420
1086
127
-2490
-4592
-5990
-5266
-5141
-7084
-3962
-6915
-9320
-9225
-9601
-9678
-7709
-8730
-10479
-1550
-3036
1093
3887
1731
4780
1889
4538
6422
11313
10587
8935
11408
10492
10663
12406
9945
7738
8093
6261
2765
4149
6712
5600
4856
3565
4480
2522
3976
2618
3917
2643
966
644
520
1079
-980
-2404
-3167
1414
-6136
-7993
-3860
-6628
-8072
-8326
-9774
-11634
-11515
-11840
-12800
-12630
-11354
-14898
-13252
-11252
-11214
-7031
-5447
-3376
-3188
-3488
-2134
-2351
-669
-1875
-1262
-1349
-3068
-1108
204
-499
2380
5733
3403
5893
4625
4756
6568
4625
7749
4923
4392
7161
1207
6122
10125
3364
4135
4072
1694
2039
1763
212
755
45
-638
-9
-2633
335
-3259
-8429
-6032
-9235
-10273
-9715
-9498
-8661
-9526
-11965
-9052
-12408
-8085
-3367
-4513
-538
-1632
1166
1181
-44
2268
3944
4878
4823
6701
6058
4204
6628
7218
6945
10417
5008
7129
9308
1242
4961
5959
4144
2495
1822
4136
1939
2809
2176
2696
4704
3640
3128
-3211
-1358
-1065
-4518
-3976
-5187
-6259
-8282
-8433
-11199
-11440
-12668
-14575
-16691
-16718
-18550
-17475
-16733
-13283
-9947
-10357
-3826
-2900
3253
5918
8097
9844
7809
9508
13696
11815
14967
22357
15851
16542
17512
15267
14948
14752
17063
14279
14689
12057
12774
14523
12321
11928
3900
7309
9081
6336
4954
1617
1028
830
562
-1708
-1016
-4775
-4441
-3582
-4941
-6379
-7058
-6533
-9961
-9011
-9966
-11801
-11140
-11017
-9954
-9584
-11240
-6678
-6983
-7747
-5524
-1312
3689
1690
1067
4755
6132
6813
8119
11672
9483
11643
13024
11008
12718
12520
13423
8888
6523
7039
6776
6871
2775
4076
1753
-742
-3260
-1729
-5360
-8085
-7929
-11163
-13321
-11448
-10509
-10488
-6644
-7957
-7491
-3680
-2318
-1228
-2001
-681
391
-5543
-4921
-6913
-5509
1094
-4889
-4743
-4483
-4530
-4615
-8754
-5054
176
1368
4786
4693
2824
7020
10942
10376
6212
9383
10500
11684
13872
12222
11194
10563
8039
6568
8532
6752
4544
-2558
-668
1084
1166
-241
-1054
-906
-1560
335
-2659
-1947
-3574
-3700
-6560
-6316
-5711
-10545
-8470
-5614
-9337
-9103
-8386
-12006
-11393
-12311
-11702
-12206
-13463
-10991
-10642
-10127
-8868
-6126
-11411
-10890
-4659
-3827
-324
-1587
-2455
-460
-370
2014
3601
1354
234
-646
-440
214
-3897
-3201
-39
-824
293
2161
4685
-653
4351
9169
4193
6838
3400
5978
4431
5157
12309
6841
5526
8418
7013
3152
5945
4381
2062
3485
3205
2963
1072
1404
2821
533
-7217
-5016
-2619
-4968
-2985
-7482
-5202
-6808
-7998
-2187
-919
-1853
1778
263
-905
2837
4897
7749
8800
9879
7727
7157
6621
5938
6359
6045
7170
5897
3484
2599
-1030
192
3056
-194
1967
818
-1586
-2110
-3505
-952
-655
-297
786
163
2073
3302
2148
-1263
-3315
-4938
-5622
-7213
-7994
-9334
-10663
-11359
-13869
-15701
-17920
-18369
-18369
-19095
-19646
-18757
-18628
-13442
-8608
-4099
-1798
-1392
1501
6502
10147
8712
10373
11607
12572
6858
12528
17752
12194
15561
14772
13098
12933
14790
12356
11178
13032
11247
9611
10231
9021
9939
7761
4253
7247
4317
4910
4643
4700
2594
1100
2914
-1063
-1203
-2940
-4095
-5812
-7390
-8170
-9716
-9169
-10345
-12865
-12644
-11870
-12984
-9769
-10837
-11895
-7557
-4444
-2098
-4420
-806
1953
1575
5337
7582
7742
7377
7708
8426
8254
8659
9889
7438
8626
9597
7862
8371
5590
3470
4786
3292
2220
1559
505
-503
-2729
-5438
-4433
-5535
-8773
-7361
-8064
-9301
-8378
-7992
-7995
-6894
-3344
-3287
-2483
-1876
-5047
-4010
-6375
-4485
-3081
-10133
-6475
-3960
-5115
-2948
-6500
-3862
1051
597
2121
2210
3399
5157
10020
11441
10540
13803
11452
14653
11980
10324
13023
11644
9484
10379
10530
7107
7533
10483
7109
1307
1541
161
-1154
-1627
-1852
-2199
-3346
737
-2087
-2709
-2210
-3024
-2900
-5244
-6464
-9931
-9929
-9502
-7001
-9493
-11018
-8998
-12210
-12592
-9674
-11917
-12969
-10974
-8939
-7377
-10750
-6779
-1834
-1906
2756
2154
646
5561
5829
5171
2520
4901
6315
2198
2132
2583
2114
-1537
-919
-3289
-3868
-672
1337
73
1068
3626
3461
7724
8224
7974
7985
5964
2176
1888
3240
6555
4784
-927
3264
2027
1073
702
-2589
-2324
-1864
-1629
-3112
-3330
-3848
-4502
-4759
-5696
-7997
-10755
-5891
-5390
-9737
-7912
-4056
-1842
1667
1757
1107
6019
3798
3591
4545
7893
7990
7945
9068
7109
7681
9375
10415
6116
7307
6000
5939
4056
2702
-1650
3450
4236
-3709
1387
-1680
-2082
-1917
-2929
-3549
-1970
-994
-3704
-4809
-5832
-5186
-4942
-6986
-8567
-9698
-10556
-10814
-12159
-13584
-14161
-15382
-15411
-16714
-16972
-17288
-14570
-19512
-18645
-9492
-9192
-2497
417
5141
7043
9641
9364
10804
12386
13414
15293
12088
17571
13949
16211
14929
9600
11850
9729
9804
7710
7179
6638
9290
4963
6312
5120
3716
7959
5310
5887
1548
4122
242
318
753
-2209
-1690
-4655
-3997
-7540
-7508
-6096
-7731
-9632
-10008
-11205
-11100
-10934
-9900
-10042
-9660
-5729
-11069
-5062
169
-773
2679
-895
4637
2931
5447
11815
7427
10154
10435
9722
10319
11044
11707
12253
12498
12285
9001
7589
8067
8137
8324
6790
6083
3819
2912
1243
780
-326
-3608
-4502
-6183
-8076
-10809
-11224
-9917
-6519
-5884
-8260
-4923
-2517
-958
434
228
-1960
-1931
-390
-3221
-2997
-4734
-4566
-5249
-5591
-4801
-4487
-30
-326
1352
3353
4055
5220
7557
9523
11082
12976
8990
7023
11547
9863
9282
9358
7376
6345
4036
4226
1707
1685
1426
-1511
-640
-1753
-2586
-2624
-3728
-5747
-5038
-5555
-4571
-4054
-5085
-5656
-4728
-6023
-7355
-6792
-7044
-8233
-10886
-11795
-13745
-9156
-9781
-15334
-13789
-16764
-13572
-13821
-13368
-8969
-13240
-7725
-3105
-5707
-6941
141
1268
-635
-305
2263
3325
2373
4158
2094
2183
2230
340
-2725
-2515
-2064
-651
244
1740
4085
1709
7720
7459
6835
7770
5456
8672
7058
9790
10460
7669
7630
6232
3837
6244
8175
-29
-23
100
703
1721
-77
-683
-50
-771
-1668
7
-6461
-5722
-2663
-4474
-1562
-5783
-2871
-1685
-804
2328
-533
3897
3495
3495
5381
7653
7588
8437
9520
7879
5863
8414
9349
9045
9626
7758
4658
5815
6542
6878
4968
4117
3489
-5
2911
6072
-46
621
-271
-3639
9
-605
288
443
-1112
-2348
625
-4856
-9841
-4334
-7953
-8501
-9506
-10701
-14025
-13250
-13487
-15408
-14903
-17574
-13830
-19712
-13061
-9687
-10753
-4745
-627
5175
5483
7891
9430
13258
11947
13744
15036
13891
12750
13542
13812
12664
11447
9719
13402
8849
8963
9403
8013
10804
8978
9630
8113
9945
8943
9783
11143
3387
3906
7506
4140
2335
1191
-992
-2571
-524
-3956
-7206
-8423
-8975
-11591
-11596
-12376
-14024
-13943
-15077
-13636
-16551
-10290
-16214
-12948
-7014
-9637
-3933
-3861
-1672
-1588
1065
272
5660
2595
8928
7441
2261
5206
3426
5774
8071
9973
9431
8089
1497
6586
8835
5915
-1089
3105
3638
1265
2593
-1644
-931
-4036
-2282
-4385
-6308
-7986
-8122
-8051
-6030
-5050
-4573
-4239
-5420
-2975
-4716
-2931
-3358
-4737
-5696
-5196
-5711
-6752
-7249
-6276
-8908
-12496
-3931
423
198
-1895
34
4033
6529
6821
8095
9467
11223
11842
13086
11448
12174
8465
5838
11376
8671
9793
2457
2220
4579
2943
3718
725
2136
196
412
-734
-454
-1225
-434
465
-1013
-1188
-2479
-2200
-3384
-4869
-8281
-7231
-8961
-10784
-12633
-12437
-14332
-17967
-13442
-16718
-18005
-14928
-12186
-16185
-13338
-10873
-9251
-7915
-2227
2821
-911
201
3014
-687
224
6038
5272
2557
2994
5994
2127
5352
3570
-1337
207
5144
3458
2770
11620
9613
13128
11093
10670
7541
7711
11289
10002
11444
9955
9721
2236
4305
2120
-997
-2048
1026
-1061
-3910
-1108
-3890
-5803
-6416
-4350
-7641
-6987
-5756
-3594
-8075
-5401
-7562
-8145
-8549
-6975
-1125
-3856
2107
2688
5259
5485
6997
5249
7801
10069
8828
8082
8862
11939
7963
8147
10851
7126
7785
6473
-259
4150
2811
3167
4478
1896
-339
545
-5116
-1637
2938
-6605
-3179
-4082
-4259
-3661
-3222
-4188
-4864
-3882
-4579
-3913
-3500
-7111
-11285
-9152
-9985
-9993
-13044
-15484
-15609
-13173
-13979
-12595
-13986
-15523
-5036
-3722
-1916
4426
9006
8200
9175
13896
12104
14891
15179
15826
16283
14828
16754
12524
13145
11635
9382
7979
1392
6341
7257
4629
4534
735
2560
4522
2605
3736
3343
1808
890
2339
-3353
-5811
-2926
-4642
-3007
-1337
-3773
-4321
-3898
-4151
-6214
-6391
-6868
-7097
-7373
-7807
-9132
-8104
-6209
-5299
-1472
-7069
-5319
914
2297
6512
5306
7147
9264
7265
7906
7982
7145
6573
8676
7029
5398
5683
6272
8019
8553
8432
1024
3793
3298
1445
3143
-3752
-4184
-2571
-3445
-3724
-6244
-8866
-9202
-8242
-10476
-10810
-8731
-8528
-5196
-5743
-3369
-2347
-2042
-837
-2210
-3470
-3426
-3285
-3655
-3794
-3664
-5420
-7568
-5642
-4743
-8434
-8067
-1853
-6362
-1863
3184
661
1863
1675
4695
5702
6487
9007
9879
8943
8506
8239
4829
7092
11317
7571
670
2260
4033
2690
633
-823
-449
-941
-784
-712
-1638
-1650
-90
843
-639
-1129
-1789
-849
-1581
-2325
-3181
-2408
-3626
-2234
-2681
-3895
-7602
-13145
-12624
-12670
-10738
-14307
-15105
-14029
-11888
-12548
-11415
-3190
-4756
-3271
763
1186
3074
725
-1709
2225
1792
1516
5531
3876
3090
3490
874
3006
6004
8096
6741
8585
9892
12532
12756
10855
10661
11009
13728
10629
11478
8993
9792
10444
9435
7657
7198
5171
4635
1972
-3121
3459
-2431
-2113
-2718
-5870
-5101
-5982
-7911
-8522
-8222
-8679
-10387
-7750
-6216
-12734
-8761
-4246
-5451
-2445
-37
205
3747
2735
3543
8359
8224
7679
10640
11012
12785
12742
10866
11155
9906
8506
3646
5361
8146
8193
6138
3054
7256
2831
4171
2905
1701
-621
2366
-930
-4010
249
-3418
-1197
-1675
-299
-2529
-5500
-4659
-4075
-2017
-7384
-13194
-9884
-10070
-10803
-13197
-13390
-14592
-12467
-12083
-13686
-12527
-4834
-183
2065
6269
7333
7143
9397
13979
14391
14585
15194
18005
17962
17803
17629
12518
14880
12721
12728
9134
3555
2380
5624
4020
2816
3078
496
3707
3418
1773
1767
-990
206
-323
565
-3366
-6141
-2517
-4532
-5673
-7531
-7442
-8529
-6026
-7199
-8579
-11033
-11717
-8602
-11211
-9221
-8963
-8309
-9542
-14059
-12289
-4658
-9098
-829
35
-2041
621
863
2364
850
3165
953
-645
3566
4235
2772
2854
3110
764
4278
1571
-679
3097
111
1204
611
1713
-3228
-5315
-1389
-3075
-5153
-5650
-8551
-9882
-8902
-12123
-7961
-8483
-6864
-5033
-4197
-793
-893
-370
-3813
-2979
-2170
-2143
-2694
-2030
-2873
-4770
-4467
-4729
-2497
-3460
-2153
-862
1467
-1726
1954
3941
2765
5715
5833
6944
9213
10911
11530
12821
14296
13863
14970
14545
9721
10187
4014
6675
7973
6862
6092
8973
10722
9883
8400
7673
5095
6834
6381
2931
-577
-4057
-1996
-3091
-1011
-543
-143
1765
746
4137
5974
2987
3558
2896
1670
1128
18
821
4529
1103
-736
2378
61
508
80
-43
-1404
-256
-1203
-5406
-4586
-4644
-4034
-5943
-7123
-8625
-8520
-8066
-5864
-6858
-12790
-5989
-5199
-3095
-3581
-3315
440
-849
2746
1917
1604
1503
2219
712
679
674
-7
686
-2611
2051
2197
-592
1609
419
919
2053
-173
-2858
353
1783
2125
-915
-388
841
201
62
-3649
-1094
-679
-847
-191
-3389
-1800
-3161
-3575
-2781
-6209
-7540
-9500
-9007
-10278
-10739
-11616
-12806
-13860
-11220
-15506
-19410
-10903
-12644
-9454
-8350
-7090
-5825
-3168
-493
-3860
3998
8312
6131
9111
11945
11471
13072
8896
11949
16893
16562
16274
14795
17295
15911
15267
13235
14509
14971
14110
14400
12966
12166
10987
11502
9369
8074
6349
6258
4503
2919
2711
-1110
-1727
-4129
-4110
-6512
-8371
-10340
-14311
-13809
-16618
-16975
-16793
-18796
-10599
-15294
-15852
-7833
-5690
-6659
-6183
3056
-305
4684
6431
6802
9454
8434
9415
11565
13813
11990
10382
8294
13194
13315
15005
13032
12820
12128
11125
11122
10632
9240
8033
8604
4367
2635
4058
2270
-298
-1430
-731
-6356
-6471
-5364
-9548
-11710
-12200
-13718
-16569
-19029
-17878
-21312
-22554
-20736
-18081
-23235
-21334
-19030
-15380
-7551
-15795
-5846
-79
1968
3921
1813
9655
10742
11369
14281
17292
16190
16968
20674
16773
15117
16413
15076
12913
12357
12232
12402
11458
8436
12229
9603
5514
4251
1525
-52
-649
-2389
-4349
-5920
-6108
-6384
-8404
-10397
-8877
-12708
-10019
-9792
-17672
-8890
-10901
-15309
-9777
-15248
-12590
-10743
-12704
-9484
-12888
-11459
-11645
-6828
-4212
-7525
571
562
4739
5697
7611
11534
11723
13326
13650
14234
12936
13997
14330
13701
11443
11602
8177
7281
7900
7292
6127
4417
3940
1916
1971
-653
-1377
-3445
-3707
-3873
-6824
-9305
-8563
-7973
-11137
-13306
-13931
-12907
-12306
-11857
-11275
-8920
-5487
-5312
-6230
-2414
70
-1312
-2076
-2772
-1647
-2739
-1137
3009
3754
2482
-857
686
4658
4271
6895
6981
9587
10744
9128
10045
8234
8663
6753
8416
6485
5002
8429
2125
534
-282
1100
-409
-350
1352
-2785
-2159
-3231
-2744
-1916
-3624
-4240
-2458
-2103
864
214
-5486
-3114
-1661
-2011
-2298
-3034
-4209
-3888
-1436
-805
-3097
-4273
-6487
-6598
-6077
-8065
-8915
-10569
-11344
-12217
-9863
-5920
-10991
-5095
-6105
-6680
-712
-865
2966
3528
5728
2686
5665
4258
4013
11012
3257
3103
2758
3923
1582
16
1515
3163
3012
2444
2453
-1710
-2497
2322
6503
4307
6280
8023
7496
9067
9744
7571
6534
5863
6882
5308
4139
4515
4724
1971
-772
-385
-2270
-3231
-4910
-7243
-8107
-10387
-11103
-9386
-14151
-9850
-14599
-9530
-5536
-12227
-961
-2590
-5477
-1594
538
2678
7514
6634
5519
6540
6985
6522
752
7247
6246
3239
7115
6190
5060
5878
7746
4247
5665
4069
3688
4899
3088
5365
3935
4477
3882
2475
1162
-1256
-2650
-3872
-6257
-8153
-7651
-10144
-8699
-10267
-13576
-14394
-12490
-15274
-17339
-11494
-16993
-15020
-14109
-12819
-10533
-12631
-7151
-4942
-3554
-390
1338
-2576
4535
5766
4765
7501
8241
7900
8171
8544
6545
8834
10317
8539
8787
14745
16050
14466
14181
13168
12041
12562
13230
11703
11800
10052
8650
4593
3731
5619
4970
2682
1565
942
-680
-3890
599
-2454
-5903
-2959
-5184
-7501
-7390
-6053
-7378
-8326
-6615
-6807
-11581
-11740
-4100
-9737
-9486
-4397
-4280
-1159
-2403
2864
3845
5496
9107
7864
7835
8090
8155
7408
9921
10667
6755
6396
4508
2527
4341
4028
2527
1046
-211
-595
-1102
-2335
-2521
-693
-5768
-2919
-2948
-8214
-5437
-4760
-6031
-6143
-5685
-4363
-3240
-4467
318
-5271
-9896
-5610
-9656
-9519
-9635
-8286
-11378
-15666
-17766
-15297
-15073
-14587
-15026
-13603
-10168
-7286
-1183
-4876
1915
6865
7036
10883
9027
10660
11555
9783
10993
12699
12116
13723
11627
6789
8667
5428
12687
10296
2476
7278
4374
4282
5232
6156
4849
6085
4340
6659
5149
3071
5887
3398
5368
2519
1602
955
859
918
-4581
-4621
-5518
-8264
-9116
-9370
-8972
-11560
-11367
-12639
-13428
-10846
-10609
-13379
-10262
-8957
-10085
-3784
-1017
-1860
1982
2310
3700
5287
1096
5804
7834
2620
7338
5322
6157
9129
3031
5406
6633
4757
9793
9375
760
5770
8232
5965
5050
3721
4322
2899
5476
1596
1420
-254
-1345
-2466
-5556
-5205
-7793
-8568
-10497
-9408
-10720
-12189
-12079
-12646
-10984
-9065
-9125
-9814
-6883
-7494
-2330
-9674
-9153
-3478
-344
7813
634
5129
4191
5385
8904
11490
9794
10460
13674
13114
14982
10753
13862
14595
12154
8818
11535
10169
9980
9237
8517
6617
4993
3827
2977
3211
1199
-350
-2189
-1835
-4114
-4390
-6389
-6502
-8085
-9482
-5940
-9052
-8748
-12091
-11587
-11146
-13831
-12718
-14706
-10519
-11275
-14531
-11898
-13093
-11653
-12047
-11464
-4405
-4344
-5733
404
5168
-633
4497
10439
11364
13748
12435
11032
10757
13800
11821
14097
11245
14462
5896
4592
9920
5615
6134
3125
210
-3857
-241
-2933
-2979
-4724
-9492
-10069
-12209
-10311
-6317
-7533
-6800
-6314
-5995
-61
-4858
-2693
-2294
-4931
-2631
-1717
-1594
-182
-1424
-2972
-2063
1251
-4013
-6645
3237
-1077
893
6601
1298
10401
11969
11532
13988
8824
9647
12320
12837
14805
13284
14282
12695
12217
10939
9004
6947
3114
4958
3695
1815
3928
-3430
-689
533
-2297
-5041
-6641
321
-5339
-7526
-3301
-8346
-3805
-3206
-2966
-1236
-4194
-4513
-4148
-1342
-5725
-5576
-4040
-5259
-4670
-4317
-4834
-3767
-5652
-5228
-7131
-6620
-2530
-10673
636
331
-3377
5052
4325
2313
3413
4001
3011
6434
4288
4490
2054
-795
-1874
757
-4432
-4190
-5660
-10272
-4636
-4317
-3405
-3941
-879
1809
3155
3606
6124
5663
6606
4449
8137
5725
3186
10293
8949
10197
5823
4763
2225
3572
3630
1673
364
627
-1069
-3684
-4545
-7302
-9637
-9765
-10483
-11945
-7362
-14667
-7431
-6300
-8962
-1429
-3309
-2354
-825
-1022
-2315
32
-1906
1683
1712
2635
4050
3045
5169
4430
8096
4519
5411
9576
4857
11477
5724
4834
11254
6143
7743
6728
7578
4585
4574
5268
4879
3667
1175
1235
2232
547
-419
-2663
-2203
-2794
-2641
-4623
-8016
-7390
-10399
-12477
-16728
-16302
-16795
-18075
-19038
-20153
-21059
-17230
-13433
-14485
-9981
-9698
-9297
-6207
-6661
-7355
-890
873
7856
11389
11914
11140
7476
13860
15214
11040
9541
17880
15184
14816
16630
14130
13625
11863
12937
9767
11923
7848
6031
4402
3207
2237
982
-1263
-2370
-3161
-4262
-4032
-5941
-6629
-9602
-11137
-11426
-14791
-17595
-12506
-14920
-20938
-17513
-18149
-19234
-16017
-20306
-13677
-8777
-8482
-4612
-1719
1205
-2494
4551
6117
8075
8868
10716
12672
12191
13556
11432
13098
11366
12919
6689
8025
10954
6867
8284
4793
4867
5313
3278
995
845
-531
-1230
1028
-2302
-6654
-4768
-4365
-9687
-8387
-8550
-11026
-10653
-11821
-15313
-16125
-14357
-16442
-17678
-17005
-16360
-16259
-14682
-14002
-15620
-7011
-10512
-4681
5270
1124
5569
10215
13630
12318
14020
15455
21075
21631
22558
23710
21461
22025
20500
20151
17701
18254
14649
7930
13290
11736
11844
9065
7785
3415
6282
3399
302
5265
-1085
-1343
-2030
-3584
-4523
-2955
-4237
-6406
-5541
-5885
-5582
-5552
-3252
-9713
-9362
-4460
-9095
-11022
-7627
-13617
-12293
-9507
-10339
-6056
-9483
-3266
2393
-231
1370
4308
8204
8336
9289
4667
5984
8085
8691
11638
9180
10632
7197
6586
3788
8309
2227
-2815
5748
-2420
-661
-3117
-4077
-4321
-4799
-4520
-5414
-4818
-6374
-7412
-8633
-6957
-12598
-8995
-7501
-9984
-10059
-9773
-9514
-9007
-7955
-5721
-5006
-5061
-2738
-2603
427
-1615
-2421
1330
-746
1711
1662
-2690
1196
2842
4200
5811
8217
8279
8640
7856
9803
10004
9652
15053
7252
7949
8134
6954
7028
6650
6811
-918
2229
6095
4364
4328
4525
-506
-1132
960
-1366
-3106
-2820
-4335
-3352
-1718
-4299
-3499
-4906
-4775
-5653
-6940
-3775
-2352
-5910
-4702
-3775
-8304
-5375
-7186
-8237
-10540
-10518
-8882
-10095
-9314
-9507
-8565
-18764
-12162
-937
-3489
-1384
549
2804
-252
4477
6501
6915
8115
7502
4584
5454
7310
-1642
2442
6409
1977
-2973
-696
537
-996
153
1425
2302
-752
-3066
676
1527
2933
5495
8011
9632
7555
5407
5124
8172
5370
3804
428
589
1733
-973
-152
-6139
-7139
-8868
-8197
-8792
-10414
-8676
-11104
-6864
-5465
-9463
-2392
-2103
-4723
2940
5396
6537
4245
2517
6114
5117
7925
9410
6512
6340
6434
7302
8215
10069
8922
3717
4514
5511
8691
6966
7241
8972
6592
6337
4326
4613
4341
4384
3328
4291
2497
1264
593
-5215
-3998
-2442
-7116
-7839
-7921
-10504
-10567
-6853
-8805
-13151
-11471
-9411
-12278
-13412
-9887
-13060
-8942
-11397
-11897
-4730
-7573
-4971
52
1313
1814
1911
1664
4993
4274
825
3484
4886
5523
7802
11382
9564
10679
10418
9970
14090
9963
11283
14487
13365
12047
10846
9328
7998
11862
6800
6280
6589
3060
3365
2971
203
-4
254
-1105
-2706
-3662
-2442
-8773
-9347
-7499
-7904
-10161
-11193
-12284
-13179
-11661
-13674
-11081
-10265
-13533
-11974
-7082
-12545
-3555
409
-2115
1793
744
4041
5750
4199
5703
4659
5618
6582
4971
4794
6302
5029
-4241
5552
3547
1227
3015
-1463
551
435
-151
-611
2865
242
826
701
1483
-1976
-3321
-1475
-2829
-2371
-3962
-5154
-5118
-3580
-5197
-5426
-8317
-9318
-11814
-10098
-12046
-13822
-14565
-15496
-14324
-11324
-14130
-15290
-5744
-3918
-2045
4612
7969
9567
12652
9321
12752
10167
17088
19177
15256
19566
15142
16944
15978
18373
12305
13228
15939
14732
14487
12207
8087
4742
7275
4356
5497
6429
1722
1079
1543
534
200
-3059
-4515
-5555
-6501
-8063
-8241
-7943
-10938
-10891
-12472
-14548
-12118
-15085
-14946
-15963
-14121
-14857
-18021
-11894
-12845
-17011
-14988
-5063
-8253
-3705
1677
-87
4512
4476
5213
5755
8031
9908
9158
10089
12122
6826
8047
11970
7443
4826
5709
5239
2965
2048
1651
4163
3178
1921
710
-70
-430
-2862
-5435
-4282
-6118
-7549
-9435
-12403
-10748
-10360
-11582
-11576
-12915
-14839
-9721
-8591
-5648
-9617
-6756
-5267
-7727
-4475
-8014
-3833
100
2554
-3156
4722
4962
5764
15038
15064
9292
14042
17994
15112
16651
15359
16623
16733
17477
14005
12588
12546
11274
8520
8706
11500
7886
9100
7860
2739
4171
4944
546
-964
-472
-2469
-2459
-3722
-5496
-4638
-6859
-4552
-8542
-6292
-9510
-10409
-6899
-7028
-9115
-9537
-9876
-9156
-8745
-9921
-8116
-9717
-9233
-9335
-10200
-4044
-4451
-7877
2723
-2371
-1933
5962
8332
8765
4629
7588
6718
8423
10425
9249
8802
7539
7397
5745
5893
3846
-5590
-2118
-3440
-3383
-6088
-8841
-5896
-9015
-7045
-6687
-4667
-7371
-4089
-3897
-3056
92
2636
881
-198
-891
1091
2856
2047
4937
-901
-1328
1525
-1931
-2439
-2133
-2471
-5773
-5802
-5466
-6988
-3171
-7023
-10205
-4197
-5731
-2569
1687
3442
3439
5695
3892
4985
7778
4405
8270
2030
2654
3999
2117
2400
2056
-3060
-863
-294
-1454
1425
-2206
-78
3003
1684
4201
5077
3008
4584
6578
8285
1881
2866
6513
5067
3983
1469
3135
880
2016
49
-787
-4514
-3846
-4708
-7428
-7926
-7633
-12970
-15898
-13665
-13483
-9078
-15025
-16673
-10769
-13996
-10134
-2525
-4088
-2539
-2774
-6212
-2852
-3420
-4415
-3898
-2234
-1867
2138
4903
3355
9916
4509
6652
12837
10517
13131
12535
11946
17226
18087
15104
14444
13597
12183
11662
11531
9884
9042
7922
5508
4331
3363
2308
1386
278
-655
-1481
-3651
-6093
-6806
-8730
-10531
-11664
-11155
-13482
-11768
-11303
-10035
-12897
-11937
-6438
-7654
444
1268
2205
4502
4331
6482
9141
8670
12669
12058
14155
13328
11685
15417
15533
12897
5835
11757
10048
11796
10824
9067
8959
6774
6601
6777
6004
4682
2627
1155
1478
-305
-2328
-2486
-6187
-6488
-7530
-9592
-8303
-8405
-9156
-15858
-17265
-19378
-16878
-17606
-22318
-21066
-22047
-22875
-22075
-16669
-18635
-18293
-12800
-7345
-6745
5034
6149
4767
14261
13508
14484
14430
19101
18151
16598
17885
18226
16443
13926
16075
11386
5162
10244
9298
8731
6229
4074
3019
4207
4318
1224
-368
-229
-1109
-2775
-1739
-4433
-4195
-8349
-6370
-5395
-8820
-8819
-10037
-8565
-9321
-10138
-12195
-11809
-11115
-10452
-10791
-10102
-9535
-13298
-7295
-5115
-11325
-7393
93
-1401
5501
9335
5301
8204
8514
8421
8862
7946
8496
10271
8506
12172
10571
7579
7896
8284
1911
599
5895
1822
1150
114
246
-3848
-4305
-264
-2255
-4903
-5404
-5623
-6440
-6323
-6593
-5983
-4951
-7768
-7565
-8034
-7066
-7116
-11628
-7908
-7565
-7203
-5630
-2260
-4342
-3869
-3492
-1524
-1903
2631
2011
-1631
6232
1520
1054
6759
7770
7580
7798
8102
7518
8108
5793
5748
4961
5007
6411
6683
4771
3667
4902
-1329
97
2004
-154
-565
-4213
1822
33
1930
1437
-617
-1729
604
3406
-4090
2128
3499
1589
2206
1572
354
34
1678
-778
1070
802
-819
-1926
-3433
-3086
-4468
-7672
-7644
-7575
-9204
-5190
-7675
-9666
-7671
-9589
-1099
1244
-2394
583
3079
1274
5478
4954
880
1643
3951
4384
5117
5859
2704
5356
3940
-1449
1920
4407
2200
-6506
-4881
4
-1769
-226
1360
2858
3650
7659
7207
6247
5590
5563
4489
3647
4926
2099
1945
1285
1973
3229
932
-440
-5105
-6848
-8679
-9010
-12852
-13244
-13375
-13717
-8914
-14343
-8014
-10044
-10235
-3197
-4400
4175
2977
113
2422
2254
6026
7010
7142
9415
3011
4176
10680
6424
8899
6107
1291
6298
9209
8044
6768
4707
5289
6445
6684
7025
6760
4923
5432
4775
3558
2662
275
-516
-2111
-3085
-5093
-8554
-7536
-8412
-9520
-12551
-16098
-10894
-12758
-13182
-12529
-13511
-13060
-13308
-8592
-10733
-11201
-5995
-4933
-3939
4145
1431
1692
7365
4518
3326
3757
5374
5947
6619
7541
10427
13596
13254
15187
17175
10487
14072
17275
13305
14230
14546
14906
11315
9740
10184
9787
6497
7624
6650
2440
-435
683
146
2049
-828
-5148
-5378
-7887
-6932
-5420
-4855
-8371
-8649
-7413
-9204
-8375
-7746
-12578
-11556
-7378
-8404
-12358
-8369
-5680
-8734
-3024
838
4264
4782
5264
6076
5236
7831
6612
6533
7778
6546
7417
7710
6505
7497
5070
-1792
2398
776
871
-172
-2760
-995
-5560
-1549
-4483
-7070
-6448
-7308
-7376
-5651
-3014
-6680
-5434
-3973
-5072
-5955
-2757
-5781
-8388
-5867
-7026
-7974
-5776
-8270
-10722
-9707
-12537
-12779
-13510
-10160
-10105
-12948
-2525
362
-853
7988
5973
12046
14393
15008
16388
12584
15403
13885
17102
16802
15843
14339
14332
11003
15119
10124
4377
9876
6964
7769
4609
6932
7196
2790
4514
2494
-229
4559
-11
-3746
3110
1340
284
310
-2992
-2532
-3326
-5150
-6026
-7173
-7194
-10014
-10710
-11047
-11341
-13108
-9648
-11470
-12288
-14295
-8450
-10887
-13822
-5645
-8754
-3951
-4263
-562
146
-892
3797
3163
1767
805
3695
3368
2204
2589
2254
5659
7502
7228
1711
-1970
7606
2605
41
5548
2306
3401
2571
1484
2275
1077
1829
129
-1145
-3511
-5854
-5842
-6376
-4929
-5426
-6909
-5791
-2100
-3801
-3479
-1167
-4393
-422
-1606
-3394
-4442
-4268
-2418
-5037
1308
-2002
-2700
4752
2444
2756
7784
7894
8273
11945
11389
12849
14452
14064
16123
11876
6127
13179
12017
11025
12999
10636
3474
7399
9280
6051
6499
3731
6448
-280
-689
-1685
-2966
-2049
-3525
-4616
-4509
-2255
-3329
-5627
-5662
-5695
-6604
-4340
-5827
-6909
-11932
-10989
-9080
-12668
-10991
-13768
-14746
-15011
-15486
-13511
-11739
-12072
-12720
-5994
-5060
-1048
146
-1050
5616
4248
7429
6423
6169
9887
9148
9713
9576
9150
5064
4184
1719
5254
4164
-4142
-2343
-5252
-3998
-1695
-4344
-4110
1418
144
114
3372
1769
3312
3078
969
-1617
1111
3514
2905
2073
156
202
-1038
-1428
-3016
-3890
-4596
-5740
-3959
-2810
-1275
-9769
-4189
-2597
-3899
-5015
-3534
3386
-2515
7824
5173
3717
7874
6402
9921
9954
8844
10987
11472
7751
8243
9013
7418
7202
3573
4285
3040
719
2199
481
1941
-1271
2136
2012
-787
-498
-270
-1155
-813
-824
-2831
-4223
-3009
-2597
-3097
-3609
-3218
-497
-8033
-5738
-1881
-6456
-7130
-6121
-9523
-9559
-6573
-10948
-12148
-10277
-9347
-8626
-12698
-8248
-6737
-4049
-1849
-3872
-2193
-2901
154
-2591
-1179
230
2839
5728
6189
5653
3344
8670
11964
9716
11587
6852
4809
8816
7519
7744
7944
10204
8694
9463
9177
8329
7693
-726
3681
4663
2828
3373
1295
3565
1450
-1134
-2573
-3685
-2740
-4780
-5308
-8445
-10826
-9924
-13310
-11449
-15101
-15142
-16211
-15751
-14583
-17066
-11597
-12287
-6695
-7533
-5100
-2179
-1063
4216
2239
3190
4247
3788
5254
6498
6639
8455
8044
10324
8486
8305
2651
6508
2702
1356
7279
3373
3099
1491
2576
446
2757
2172
-75
-163
383
-1420
-2210
-1727
-3115
-3131
-5528
-7318
-7278
-8639
-10643
-11471
-13105
-13168
-16080
-13994
-15799
-17221
-17302
-14298
-5732
-11449
-6882
-3642
-1670
5824
8291
6184
9165
13718
14098
17129
18245
20823
22321
19746
16660
21239
19181
18781
18347
17875
14527
10259
13220
11807
12216
9480
8944
7394
6305
6030
6531
6453
1607
3777
108
201
-1004
-3681
-3310
-4922
-4705
-6783
-7213
-10513
-8838
-6950
-10126
-11694
-10484
-12497
-11466
-10454
-13082
-11543
-9042
-6400
-14112
-6767
-3011
493
-952
-3318
3826
3662
8079
5243
6990
7268
9084
8822
7999
8765
6398
8164
4992
3627
4574
-946
-1765
1710
-331
-779
-3438
-4143
-5748
-4858
-4272
-8812
-10858
-10620
-14349
-10438
-7357
-9990
-11077
-13649
-11138
-8479
-9156
-4469
771
-195
-3009
-3001
-3769
-1821
694
3511
-3336
-1783
-2781
-1879
-924
-2927
7382
3601
5747
8101
3662
8732
10984
8231
8133
8084
9055
9440
10456
8410
5237
8756
7490
7832
6001
4838
-3712
-4280
-184
-4604
-914
-1654
-4565
-4452
-5331
-6390
-5984
-5017
-5385
-4026
-4142
-2665
-3144
-2432
-2339
-1960
-2110
-8140
-4003
-3970
-5580
-3776
-6067
-7536
-8430
-8565
-9941
-12038
-13301
-13560
-9895
-14381
-14284
-6496
-8321
-1466
-4230
-6154
-2486
-2486
-699
-357
-660
1737
3127
323
-3584
1988
2293
2648
1663
-2177
632
-4984
-1762
1080
3937
6248
9450
8345
7144
14736
14998
13314
8301
12101
13347
13265
9907
10659
11433
7597
8349
6597
5146
5241
3993
3421
1052
-811
-2196
-3455
-4174
-6257
-8175
-9602
-10280
-9232
-12998
-5891
-5690
-7799
1542
-6863
-3599
662
-314
3093
3880
5626
4590
6528
4761
6631
9464
9267
9492
9984
11309
13042
7457
7233
10437
10019
9400
7697
7763
7402
7166
7046
6921
4463
3570
5609
2920
1180
1232
-1788
-2927
-4962
-3277
-4461
-5064
-6128
-9201
-9500
-10871
-12900
-12139
-12635
-17481
-13590
-18732
-21893
-12518
-18602
-19209
-9849
-12386
-10300
-8597
-4698
-398
1328
7805
7789
13170
15894
12275
18646
17502
18121
18022
16890
18465
18143
18344
12240
13488
13557
13599
11546
11512
10690
6567
6980
5932
4567
2320
2086
1063
-602
-1988
-3504
-7688
-8417
-10651
-15584
-8526
-9623
-15168
-12760
-16128
-16691
-15935
-17237
-17583
-14411
-13571
-14184
-14835
-8296
-12028
-10439
415
-4460
1025
4072
5291
9812
11298
14866
14845
14811
16383
14239
13768
14800
11737
12736
12737
6890
9668
5962
-1091
3413
5120
2432
1507
1833
-604
-2540
-2310
-1253
-7334
-5471
-2651
-5917
-5242
-7624
-9352
-9503
-12194
-14979
-12061
-12283
-10421
-11587
-10276
-11749
-12074
-7111
-13953
-6553
-4601
-7386
-6069
-1307
-941
-4786
6498
4782
6560
8477
10605
13017
10937
11759
13072
16102
15623
14575
11774
11517
9672
7279
6227
5590
4699
3720
-1092
-1643
-507
2578
-1041
-3243
-2421
-5058
703
-2246
-5076
-5107
-4737
-3568
-3908
-3192
-2792
-1994
-3047
-7850
-3786
-1071
-4862
-2256
-3606
-4936
-4342
-4680
-6316
-7791
-8618
-8780
-9232
-12615
-7616
-8230
-13009
-3224
-4491
-2673
-43
-3291
-2446
2919
2024
263
1916
719
540
-1067
3170
1135
-1788
-680
-1406
-4257
-4714
-8896
-5670
-4536
-5655
-4561
-6246
-5310
-5880
-4944
-8651
-5261
-1558
3206
5159
2036
6158
8627
10602
8785
6567
6352
6160
5141
5094
5942
5604
4117
2681
1390
-626
-741
-2955
-3685
-6313
-4283
-5183
-10050
-2818
-3539
-3706
1370
1808
1733
4229
5259
5363
6036
7530
7347
6060
9783
9462
7323
10453
10267
10148
5754
877
6480
6778
7366
8545
6299
3466
3646
5582
3817
7189
6944
4250
6393
4545
5076
3981
1983
2583
237
399
-2514
-3063
-4771
-6003
-7768
-9465
-10725
-10793
-12814
-12900
-11018
-12524
-16404
-12266
-13630
-19282
-7225
-9682
-5519
-4134
-6444
-1244
1025
396
2825
218
478
4232
3952
4597
1937
8647
14713
16198
11388
18554
12914
9556
15697
15256
17353
11109
14933
15501
11099
10684
11924
6147
6022
5361
1544
504
-280
-441
-3466
-5466
-5863
-3978
-7549
-10089
-9812
-13334
-13105
-12843
-13274
-14907
-13563
-13348
-15058
-15160
-13737
-8883
-19017
-12151
-3860
-7521
39
799
834
1768
8098
10034
10268
10687
7858
13245
9910
9088
8275
8747
9793
7863
11731
6162
6014
7663
6840
4554
2695
2992
-318
1646
-4211
-1590
1195
-3473
-4976
-5812
-7516
-9815
-6949
-8407
-9805
-10234
-8786
-9214
-9601
-8528
-7361
-12892
-14726
-9449
-14761
-14371
-12686
-12287
-19513
-11981
-10068
-10773
-861
736
3737
1544
6684
8878
12479
13174
12564
13465
15345
15589
14192
14273
12053
9991
8846
11361
10558
8860
1962
4777
6318
4905
4055
492
1583
1608
417
-1309
-2835
-2546
-3917
-3983
-4110
-2897
-7692
-7501
-4778
-9187
-4867
-5171
-7963
-8498
-8999
-9060
-8459
-7062
-9240
-9489
-7289
-7313
-5859
-7557
-2632
-6920
-6251
536
-1048
1466
-88
7232
4062
8044
8154
7266
7328
6174
13108
8786
8684
9466
8244
7224
10258
8201
9888
4023
1650
5048
3322
4772
5265
-1150
-2874
4003
-963
-525
-2620
-6964
-3230
-3410
-3717
-6124
-8320
-5262
-1314
-1548
1640
1472
429
4694
2424
3656
2891
233
-1533
-1000
-2704
-2548
-3454
-5156
-3321
-9945
-6384
1282
2284
2170
6687
5984
5625
8593
7804
7142
7855
8049
7044
7808
6468
9161
2817
1874
6621
8405
4514
-1755
3590
1603
1305
1870
28
1004
-2254
-3074
-2812
-2397
-2477
-1893
-2394
-3391
-3507
-2991
-1689
-2094
-4846
-6386
-7086
-7363
-8150
-11492
-11324
-14090
-10421
-12243
-15516
-12800
-15029
-16496
-14307
-11885
-18008
-10052
-3563
-5728
-3514
-4163
719
-1599
341
5983
2539
3920
5477
2099
3908
2227
1063
-1712
-1813
-1644
-1300
422
-6329
1237
65
787
5855
7599
7718
6561
9724
7968
9247
5376
7183
5899
4610
4477
2339
7272
6680
1653
-1077
-1803
-2810
-251
-1389
-5971
-4969
-2072
-6788
-5409
-4679
-3102
-7167
-10599
273
-7874
-3689
1389
-3503
1102
2970
4061
1898
6426
6915
8183
7509
7042
8549
10667
10282
8053
9007
8455
8611
9727
9521
4709
4045
7732
5778
3108
2982
1691
3849
4867
1912
58
-2666
-3222
-2739
-3686
-647
-997
203
-1839
-1543
-1588
-766
-6830
-7957
-4141
-8593
-8640
-10522
-8156
-11870
-12826
-15283
-14210
-16515
-11298
-13973
-20543
-13391
-11860
-4777
-10691
-7211
2342
3495
5951
9085
10773
11159
13601
15495
16528
12302
14694
14150
16521
15803
14758
9978
5333
9387
8300
9396
11014
10196
12644
11002
10482
11337
12736
6157
3742
7687
3055
4887
2236
316
-792
-2794
-2806
-6511
-8090
-9882
-12617
-13707
-14131
-14063
-13873
-16280
-17553
-15470
-17699
-17260
-14809
-18175
-10797
-10565
-7071
-3017
-7061
-4311
-539
5302
3285
3861
5394
5724
4464
4929
5169
6592
5772
7967
10180
9720
9964
3166
1955
2295
5105
4484
3010
1790
149
485
-177
-1144
-2236
-3829
-6565
-7749
-9519
-11824
-12533
-12148
-11786
-13131
-13176
-12837
-13052
-11827
-12330
-10340
-10357
-7277
-4254
-5449
-5573
-7972
-4476
-30
-7306
-809
3579
4709
8989
8780
11683
9674
14483
17712
18308
18746
19572
15349
17053
19032
16031
16910
16524
12945
13043
12900
3630
9168
7502
7347
8523
6138
6509
2456
2098
-595
-657
-3363
-4894
-7859
-9705
-7780
-7730
-8157
-9075
-8584
-9801
-9768
-7164
-2728
-7063
-10392
-7943
-7666
-9406
-9142
-4629
-9838
-7448
-9114
-3182
-9472
-7150
6350
-3374
5545
5916
5219
7003
10042
9189
12184
12390
8920
9470
7685
7228
4930
6898
6598
5232
2973
1846
-7143
-3638
-2666
-4922
-4594
-7304
-6884
-3007
-2140
-3411
442
-3445
-560
5652
3596
73
1490
2883
194
4990
5623
1564
2434
4805
683
2277
4522
3304
-4545
-5292
-20
-4671
-1138
-5362
-2182
-2249
-7698
-909
-2193
1835
1335
1164
3693
2834
4011
4526
5034
3496
2471
1234
1576
-532
-457
-889
156
-1164
-1008
-1759
-8867
-1107
445
-2158
-1
2407
5142
2804
-195
528
-1095
2563
4883
1856
349
789
1465
-3787
-76
3064
-2275
131
-2294
-4384
-6193
-5560
-6765
-8622
-8784
-7608
-10625
-7725
-9871
-12364
-9855
-15458
-10082
-9863
-9684
-9401
-10049
-9566
-7497
-3893
-2988
-2299
-2482
-2095
-1962
6723
3675
6158
7842
5500
6946
6085
8272
4298
6517
10701
14281
10975
12479
11123
4569
9656
10243
7056
6623
6850
7178
4099
4848
3930
1356
1591
950
876
-2248
-5176
-5726
-7526
-8590
-10173
-10595
-11321
-12877
-13927
-15974
-14125
-17517
-14358
-18707
-12606
-9857
-10287
253
-5427
-2382
1162
2054
6202
5390
7161
3530
7039
10126
13033
11199
12739
15534
8938
11426
13678
6529
11783
13530
10599
10683
9745
10363
9243
8170
7529
8004
5370
5471
3829
2568
2010
112
-1351
-4305
-4554
-7129
-9031
-9333
-11512
-13363
-15816
-17572
-19780
-18772
-13344
-13740
-15228
-12946
-12400
-11166
-8477
-7344
-3320
1543
4150
7201
6076
12036
16625
11139
15635
17402
17043
19586
17886
17529
17526
16734
17288
16893
15976
14587
4480
6120
9089
6979
9066
6241
4220
2669
1966
918
-1774
-3262
-5759
-5162
-7031
-8795
-10142
-13850
-13972
-11716
-11123
-13594
-12159
-10790
-13472
-11320
-11320
-11032
-9732
-10013
-9428
-12487
-9278
-10328
-13650
-7195
-8344
-4546
-2194
117
6529
2763
4055
6907
7214
10770
9976
8634
6664
7910
6908
6887
7217
5264
5243
2790
3092
-3385
-3065
-1946
-5245
-3031
-4482
-8352
-10124
-10942
-10786
-12487
-15753
-12000
-11424
-8706
-5016
-2325
-1134
-669
263
2447
3468
2785
3601
245
3655
4033
504
2774
1418
3958
3627
973
225
-1415
2631
-2088
239
5387
5825
7625
2302
4903
6245
5861
8684
8068
6235
7914
9736
7287
6714
7724
4850
5968
2514
7827
1231
-3337
3543
272
2802
2030
2922
2485
3821
2339
3122
3557
5908
3582
-570
4306
2881
3283
2427
1514
2073
-5
2515
1387
-2379
-2688
-5289
-6519
-7023
-7736
-8569
-8987
-8453
-10921
-12729
-9162
-13797
-11497
-7939
-10521
-4827
-6880
-7580
-6790
-7287
-5617
-800
-2062
-4828
-4222
-4710
-5063
-3399
-838
-924
2010
5073
6091
4098
11493
6966
5895
9621
7012
10818
8284
9813
8593
9803
8548
6469
6993
4694
6073
2973
56
2549
-1050
753
545
-3185
-1358
-372
-4522
-6918
-7956
-12708
-10827
-12361
-10707
-13696
-15334
-11305
-9296
-10195
-9878
-5678
-3334
-919
-2191
1001
3687
5020
6641
7723
7951
9432
7517
5611
10729
10829
10774
11647
11275
14123
7009
7819
9522
7825
11690
7670
5914
6508
6087
3507
2095
1032
1341
541
648
-783
-1163
-3784
-3849
-3661
-9825
-10457
-11323
-12360
-12773
-10618
-15661
-17129
-17385
-19072
-17529
-18165
-19962
-21480
-14857
-13572
-14252
-5083
330
-873
1957
7789
10136
11704
12508
12947
16611
17526
15800
16474
17962
16185
15415
15950
12963
11531
8872
4893
6721
8259
6322
3580
3104
3462
655
2015
739
241
-6
-2541
-4910
-3134
-4194
-6797
-6401
-5780
-5776
-7387
-8046
-8832
-9953
-8859
-9550
-10762
-10643
-9198
-13538
-11943
-8876
-8627
-10770
-3534
-5726
-8886
2905
-1205
2247
4324
5441
7085
7506
11186
9868
12016
12269
11251
11515
9472
9640
12183
8499
6822
7215
8226
920
294
3406
186
2465
6220
715
-3362
-1420
-3620
-3851
-4749
-5064
-5516
-4748
-6609
-6805
-8772
-4411
-3873
-7990
-2397
591
-2339
-668
1095
-1230
-2356
-2452
-2962
-2068
-3536
-7425
-5707
-3748
-6949
-4084
-822
-1238
623
1971
1447
-383
4491
3227
6820
8521
4024
6167
4699
2127
2550
6552
1728
5474
5826
3818
-602
-1569
1508
-345
3200
428
1774
1487
2956
-1328
-2144
6323
546
394
1381
3077
4035
1626
-1979
-2996
867
-1350
-3344
-5281
-7984
-7969
-8014
-8611
-9145
-11923
-11106
-11219
-14466
-15095
-11757
-13335
-13740
-8103
-7865
-3940
-5157
-4562
2615
827
1981
3849
2156
1505
4749
5356
3115
3985
83
2052
891
-219
-982
-7043
759
2809
2392
4814
7761
10779
10356
13406
12077
12295
9423
9897
9007
9169
10128
6935
6404
5079
6038
3355
2511
-588
-894
-1485
-3177
-4843
-9781
-8893
-11388
-11308
-11320
-8875
-8547
-10365
-10187
-7077
-4528
-3179
511
2000
3031
4450
8520
8488
11026
9121
7522
12190
12682
13066
13278
11979
13249
12437
13232
12739
7278
12765
11190
10953
5728
7876
6708
6798
2728
-902
4114
705
-1434
-2849
-4274
-3654
-8431
-6246
-6104
-10686
-11576
-7754
-5629
-9698
-14374
-10966
-9898
-11775
-12017
-12959
-18216
-14271
-13395
-12920
-10522
-12046
-13185
-9722
-5744
-5610
-1629
-613
686
6332
10826
13458
14540
14701
16183
16915
14153
14381
13505
13986
13059
16266
9503
7602
9982
6093
6785
3887
2655
906
1122
-131
-1780
-4914
-1313
-2012
-7174
-4015
-6069
-7421
-8255
-9505
-7887
-6787
-9085
-9592
-9329
-10399
-8583
-13634
-15602
-11243
-11174
-10737
-13696
-15261
-9532
-11893
-10904
-1886
-1375
1579
3333
4391
5598
4287
11083
10139
8447
8428
7827
8834
7451
7319
4396
4609
6397
4357
3901
-3754
-2002
3007
698
-191
-1684
-794
-301
684
-638
-2045
-3472
-3957
-3796
-1917
-2826
-4121
-6794
-11426
-8076
-10185
-11213
-10111
-10778
-9550
-7683
-7929
-3637
-3423
-3666
554
1044
2550
1766
4996
-3466
3654
8278
6872
10397
6201
8870
7076
8273
11484
11524
11469
11329
7909
13781
11546
7857
9840
7719
8410
10455
6134
723
4457
4895
5370
3954
2555
4570
2171
-2722
-485
-1007
-1598
-860
404
-2720
-3307
-1296
-3546
-2762
-3449
-4496
-5718
-4473
-3767
-4003
-4744
-6219
-5875
-8430
-6741
-7851
-7729
-8953
-6989
-7212
-9030
-5089
-4979
-5947
-2928
1308
-2033
453
2643
3295
3054
3401
7366
7608
7645
6707
8000
5104
9939
4487
4421
1734
-398
5018
1068
1024
-1613
-5120
-5846
-210
1884
3282
7199
6147
7780
7403
6363
8404
6798
6970
6451
4203
5439
4078
3000
2814
1232
-2442
-3301
-3573
-10328
-7229
-6129
-12249
-12347
-8281
-12947
-12888
-3636
-4792
-2924
-1781
-2402
1157
2613
8744
5536
2822
10013
7962
6593
5307
6462
6347
5117
5688
3839
6330
1183
3724
4531
4216
5098
4270
4636
831
3738
1272
3157
1142
-137
-2008
-4332
-2589
-5210
-3065
-6076
-6793
-9511
-7344
-10902
-11798
-9847
-12532
-13714
-14139
-13339
-15336
-13523
-14377
-15130
-17563
-9387
-15645
-20483
-8858
-10709
-6914
-5073
-4618
-7677
-3876
159
-2431
1232
606
3474
6031
7150
9350
11095
15586
14578
15146
11025
5192
13086
11983
10834
11987
13189
13272
11472
10717
8313
7205
11091
8033
4797
4788
2383
3024
1649
1589
-11
-1953
-870
-1351
-1869
-553
-7049
-9441
-4761
-9305
-7795
-8673
-8766
-12679
-10511
-5769
-13177
-6805
-4788
-5944
-3072
-3193
935
824
3389
7700
9628
8010
7687
9951
10708
10059
10131
6473
5993
6095
7955
3629
-2099
6100
84
-1675
-925
-1545
-720
-381
647
-620
2520
769
811
-2810
-3727
-7378
-10937
-5911
-6849
-9243
-12086
-12701
-13730
-13353
-14869
-16731
-18401
-19059
-17654
-15205
-12546
-10965
-11167
-3645
-559
-8957
919
2386
6290
10009
7943
9260
6671
9493
12174
15217
11471
17693
18537
10248
11582
13493
11391
13585
11476
11677
7457
2126
7142
8064
9043
8049
2678
-1668
7065
4898
2000
2307
-826
2082
983
-95
-2619
-4948
-6095
-5058
-5740
-3301
-4187
-6993
-7903
-7151
-5487
-6642
-6825
-8667
-10998
-12405
-6893
-8628
-6036
-11521
-11698
-3960
-7648
3754
3680
-1235
-56
455
4155
11148
11062
9880
9492
7943
11214
6563
8995
7088
3714
4802
8118
3516
215
2487
-233
-3501
-3789
-3454
-3138
-4880
-9115
-6722
-3626
-3059
-2219
-1054
-3982
1004
3122
2216
1571
-1713
-1677
-1546
5
-810
-4937
-5574
-6775
-6876
-1766
-7456
-8571
-8564
-11368
-4454
-7590
-8109
-2068
917
2791
6540
5873
7010
10166
6458
13195
12863
11394
11114
10625
10438
9877
8485
7040
7874
6775
8321
-1185
1318
4371
3093
4741
2346
2553
1684
2622
2797
1356
671
1156
-2760
-1284
-656
-2094
-4096
-3900
395
-2670
-3848
-1630
-4701
-6463
-7746
-7023
-8597
-7460
-5883
-4268
-6959
-10897
-9860
-9626
-11489
-7560
-4190
-6668
-3623
-4175
-5140
-1771
-1632
-4062
-1863
20
-2110
-1547
-56
1620
5654
4031
5255
7994
8985
13605
6133
6466
4106
8479
9419
8197
7336
3085
10222
6849
4688
3143
2628
1169
2553
2245
259
-2394
834
1801
-390
-1243
-2906
697
-6634
-6520
-6117
-10257
-9979
-9835
-9816
-9592
-10628
-11793
-10924
-15777
-7393
-9022
-7297
-4181
-4740
-581
-90
1014
-804
2751
8111
9925
7891
7879
6724
6324
3993
6855
128
4973
6188
-963
4945
-130
-13
-864
499
1910
2997
4414
1475
-6
-57
2197
1799
-5007
-5001
-1364
-5815
-6543
-6537
-7854
-9665
-9934
-12508
-15597
-15245
-17862
-18579
-21059
-19142
-16676
-15826
-12269
-7648
-12114
-10371
-1686
-2079
1987
1628
5508
6610
8494
13523
3661
12525
18235
13471
17900
15772
13283
13857
13841
13249
13071
13409
12882
10595
14797
13441
14329
9747
7999
11778
8199
7319
7525
6318
1590
4698
2562
651
1835
-198
-2922
-5475
-4319
-5000
-5271
-5621
-7965
-11852
-10372
-9849
-12151
-12786
-12744
-12803
-12672
-11663
-9026
-15018
-11812
-3635
-6438
-92
-1161
-3887
-2236
1512
1434
4163
7771
9028
11632
11969
13094
13867
12792
6682
10659
9670
10293
8144
3952
3700
1701
1911
966
1936
227
-3072
-5331
-5868
-3491
-1081
-1446
-5
549
82
4629
2937
-1347
-329
-2452
-2017
-3806
-5335
-8431
-8390
-422
-5329
-7105
-6792
-6942
-9182
-3491
-3799
-8869
-1463
-1276
2512
3701
6949
8562
7446
6681
9452
14093
13902
13626
11207
13520
14581
12872
12108
9692
9805
8239
10227
6464
1929
6483
4272
4828
5763
4144
4428
4423
2795
3706
-161
69
-552
-4080
-2829
-9774
-5256
-9659
-9329
-8649
-9195
-7764
-12344
-12706
-11350
-9899
-12494
-9585
-9632
-9890
-8958
-7986
-12979
-13328
-12008
-6880
-5384
-1255
1004
-1698
487
269
404
-1162
968
2762
3497
2834
4985
6417
7837
8885
5882
11861
11540
12271
7629
3670
8708
6598
3799
4161
3706
6632
6823
3010
3141
3308
3329
1150
-1210
4019
3137
764
-369
-3957
-2333
-2782
-2402
-6171
-3310
-2738
-8880
-9761
-10937
-11641
-11163
-8545
-8449
-5455
-9590
-8463
-8476
-7753
-3624
-1002
213
375
1794
1821
1526
5980
7395
7558
7430
7327
5922
5955
4716
3041
9465
6451
6036
3447
-1281
2626
872
-632
-3191
-2849
-2913
-3213
-1723
-1742
-2452
-1072
-8520
-6143
-4063
-7947
-5992
-7107
-8682
-9988
-9700
-11814
-13635
-15567
-15577
-17520
-18009
-18360
-16058
-15022
-13927
-10049
-6822
-8581
-4262
937
-350
917
4414
6056
3814
3044
3959
11041
10423
14355
19311
15473
16180
14433
13462
13936
14693
12497
13269
10524
5734
10684
11911
5801
6739
9666
4996
5386
5969
3568
4184
3526
-420
-1011
123
-2438
-4457
-5712
-4526
-3330
-4885
-5783
-4412
-5213
-5370
-5940
-8061
-7430
-7478
-7748
-9143
-10653
-8119
-9242
-8982
-3909
-2089
-494
1156
1372
833
2064
5150
2706
4418
7839
9476
8044
8972
11484
1137
3622
4226
3929
6605
3231
-2059
1310
3473
-581
-1366
-3189
-2378
-6700
-4798
-4427
-5711
-6146
-5651
-230
-364
-635
5477
6326
3861
3286
2287
3138
2530
-1258
-3552
926
2327
-3393
1428
898
-3428
-3051
-5259
-713
-4021
-1681
1952
3226
6655
7009
11188
6035
6108
9968
10263
11081
11687
12688
14978
14412
10606
10121
7743
8703
8760
4740
2499
1176
3743
4051
4439
3049
1313
1856
2831
2563
3024
-477
-2726
-1069
-4104
-7366
-4829
-176
-5910
-6244
-5571
-8738
-9431
-9748
-7843
-10539
-8408
-7652
-7160
-4138
-7834
-5803
-14557
-10129
-8040
-15868
-10803
-7020
-5744
-6280
-2877
-2474
-2988
-4131
-162
452
-332
1946
-3180
4001
3568
2988
6156
4355
10258
11602
9570
5985
5592
8479
10107
7448
3796
6991
10691
5348
3955
6307
4941
6499
3895
3399
4392
4098
3340
436
114
-402
1024
-4424
-3782
-656
-6689
-5156
-8316
-11509
-10370
-12539
-11996
-13901
-11406
-12251
-16596
-9372
-9042
-6313
-6257
-4078
-990
-4042
2391
6119
3982
4622
5433
7358
8317
7696
8324
2141
7313
9710
7574
4865
-1844
4034
3599
3022
3525
1985
541
1461
4293
3347
2092
4894
795
-3822
-84
-1806
-912
-3221
-4771
-7141
-7933
-7703
-11048
-11539
-12486
-12924
-16463
-17378
-18294
-17538
-13708
-14161
-10373
-11006
-13549
-5091
-473
-88
1643
2611
2984
6873
3736
10836
16028
12020
14784
11727
15290
17013
13339
11967
13976
13352
11438
11088
7401
4899
10819
8052
5608
10863
8972
8497
7169
4927
4150
4287
4353
1451
-403
-816
-4044
-4273
-7068
-6935
-7428
-9860
-10452
-8688
-8364
-11617
-10405
-11159
-15009
-14105
-14404
-16238
-13256
-13493
-13762
-10775
-7396
-6315
-817
1856
-83
3995
4600
6181
7364
11588
10706
14530
12440
13137
10297
9255
12806
8329
11750
9400
8416
3930
5820
7011
2942
2134
-290
-1281
-4768
-4935
-8121
-8929
-3903
-3545
-3378
-1383
-3593
-3108
-154
-814
-1550
-3057
-5601
-5105
-7292
-5261
-2362
-3548
-5019
-3588
-1337
-1597
-3712
-5764
-2786
-3363
-488
2512
3735
3479
6247
4657
3163
7821
6939
9134
8783
9353
8934
8509
9238
7378
7604
6017
6120
5380
3618
778
72
3028
409
1340
811
-691
-606
-717
1395
1494
-1453
-1934
-3081
-4293
-4345
-1592
-1515
-9386
-6725
-5089
-8394
-7209
-9322
-9370
-9203
-8199
-6036
-7901
-9016
-6526
-11684
-15420
-8109
-11906
-10175
-6671
-6274
-5803
-2803
729
-1492
-191
-2406
-2237
-2132
-223
2169
-1674
-807
2463
4742
5630
4484
6367
7581
5717
6282
4511
4038
3018
4722
684
5607
10835
2556
4675
3233
1411
2292
1806
2766
3011
3107
497
-1530
137
1502
2735
-2523
-655
751
-3637
-3867
-4109
-4991
-6318
-5570
-9013
-5843
-7120
-9327
-4336
-4485
-3999
-2441
-832
3412
6275
4243
3411
1136
4168
8367
10269
11084
5710
3549
3784
4341
3301
9964
3773
-2297
380
177
1438
-1048
1938
-513
-939
-232
956
1737
754
-220
-6485
-4053
-1410
-1748
-741
-2379
-7649
-6646
-3151
-5931
-7463
-11264
-13369
-12900
-13826
-14109
-14517
-15238
-14527
-12105
-5715
-8153
-2689
460
376
4190
4514
8570
6504
9271
9298
9712
14888
11674
10834
12802
10477
12969
13475
14107
10701
10728
9855
9371
11481
11483
14275
7107
9789
8972
8150
9891
6674
6401
4772
4905
1977
3192
1986
-61
423
-3227
-6497
-5718
-3426
-5238
-4930
-6535
-9216
-8928
-10201
-8788
-9940
-9117
-8517
-10196
-6620
-11140
-8151
-2442
-7765
-3660
-717
563
2596
4811
3927
2171
7469
9401
10057
10023
12241
14727
8144
9851
10152
8576
11120
4720
4588
5184
5575
5178
2583
669
870
-2247
-5673
-4742
-6529
-6885
-8677
-3859
-3728
-5255
-3130
-1420
1086
127
-2490
-4592
-5990
-5266
-5141
-7084
-3962
-6915
-9320
-9225
-9601
-9678
-7709
-8730
-10479
-1550
-3036
1093
3887
1731
4780
1889
4538
6422
11313
10587
8935
11408
10492
10663
12406
9945
7738
8093
6261
2765
4149
6712
5600
4856
3565
4480
2522
3976
2618
3917
2643
966
644
520
1079
-980
-2404
-3167
1414
-6136
-7993
-3860
-6628
-8072
-8326
-9774
-11634
-11515
-11840
-12800
-12630
-11354
-14898
-13252
-11252
-11214
-7031
-5447
-3376
-3188
-3488
-2134
-2351
-669
-1875
-1262
-1349
-3068
-1108
204
-499
2380
5733
3403
5893
4625
4756
6568
4625
7749
4923
4392
7161
1207
6122
10125
3364
4135
4072
1694
2039
1763
212
755
45
-638
-9
-2633
335
-3259
-8429
-6032
-9235
-10273
-9715
-9498
-8661
-9526
-11965
-9052
-12408
-8085
-3367
-4513
-538
-1632
1166
1181
-44
2268
3944
4878
4823
6701
6058
4204
6628
7218
6945
10417
5008
7129
9308
1242
4961
5959
4144
2495
1822
4136
1939
2809
2176
2696
4704
3640
3128
-3211
-1358
-1065
-4518
-3976
-5187
-6259
-8282
-8433
-11199
-11440
-12668
-14575
-16691
-16718
-18550
-17475
-16733
-13283
-9947
-10357
-3826
-2900
3253
5918
8097
9844
7809
9508
13696
11815
14967
22357
15851
16542
17512
15267
14948
14752
17063
14279
14689
12057
12774
14523
12321
11928
3900
7309
9081
6336
4954
1617
1028
830
562
-1708
-1016
-4775
-4441
-3582
-4941
-6379
-7058
-6533
-9961
-9011
-9966
-11801
-11140
-11017
-9954
-9584
-11240
-6678
-6983
-7747
-5524
-1312
3689
1690
1067
4755
6132
6813
8119
11672
9483
11643
13024
11008
12718
12520
13423
8888
6523
7039
6776
6871
2775
4076
1753
-742
-3260
-1729
-5360
-8085
-7929
-11163
-13321
-11448
-10509
-10488
-6644
-7957
-7491
-3680
-2318
-1228
-2001
-681
391
-5543
-4921
-6913
-5509
1094
-4889
-4743
-4483
-4530
-4615
-8754
-5054
176
1368
4786
4693
2824
7020
10942
10376
6212
9383
10500
11684
13872
12222
11194
10563
8039
6568
8532
6752
4544
-2558
-668
1084
1166
-241
-1054
-906
-1560
335
-2659
-1947
-3574
-3700
-6560
-6316
-5711
-10545
-8470
-5614
-9337
-9103
-8386
-12006
-11393
-12311
-11702
-12206
-13463
-10991
-10642
-10127
-8868
-6126
-11411
-10890
-4659
-3827
-324
-1587
-2455
-460
-370
2014
3601
1354
234
-646
-440
214
-3897
-3201
-39
-824
293
2161
4685
-653
4351
9169
4193
6838
3400
5978
4431
5157
12309
6841
5526
8418
7013
3152
5945
4381
2062
3485
3205
2963
1072
1404
2821
533
-7217
-5016
-2619
-4968
-2985
-7482
-5202
-6808
-7998
-2187
-919
-1853
1778
263
-905
2837
4897
7749
8800
9879
7727
7157
6621
5938
6359
6045
7170
5897
3484
2599
-1030
192
3056
-194
1967
818
-1586
-2110
-3505
-952
-655
-297
786
163
2073
3302
2148
-1263
-3315
-4938
-5622
-7213
-7994
-9334
-10663
-11359
-13869
-15701
-17920
-18369
-18369
-19095
-19646
-18757
-18628
-13442
-8608
-4099
-1798
-1392
1501
6502
10147
8712
10373
11607
12572
6858
12528
17752
12194
15561
14772
13098
12933
14790
12356
11178
13032
11247
9611
10231
9021
9939
7761
4253
7247
4317
4910
4643
4700
2594
1100
2914
-1063
-1203
-2940
-4095
-5812
-7390
-8170
-9716
-9169
-10345
-12865
-12644
-11870
-12984
-9769
-10837
-11895
-7557
-4444
-2098
-4420
-806
1953
1575
5337
7582
7742
7377
7708
8426
8254
8659
9889
7438
8626
9597
7862
8371
5590
3470
4786
3292
2220
1559
505
-503
-2729
-5438
-4433
-5535
-8773
-7361
-8064
-9301
-8378
-7992
-7995
-6894
-3344
-3287
-2483
-1876
-5047
-4010
-6375
-4485
-3081
-10133
-6475
-3960
-5115
-2948
-6500
-3862
1051
597
2121
2210
3399
5157
10020
11441
10540
13803
11452
14653
11980
10324
13023
11644
9484
10379
10530
7107
7533
10483
7109
1307
1541
161
-1154
-1627
-1852
-2199
-3346
737
-2087
-2709
-2210
-3024
-2900
-5244
-6464
-9931
-9929
-9502
-7001
-9493
-11018
-8998
-12210
-12592
-9674
-11917
-12969
-10974
-8939
-7377
-10750
-6779
-1834
-1906
2756
2154
646
5561
5829
5171
2520
4901
6315
2198
2132
2583
2114
-1537
-919
-3289
-3868
-672
1337
73
1068
3626
3461
7724
8224
7974
7985
5964
2176
1888
3240
6555
4784
-927
3264
2027
1073
702
-2589
-2324
-1864
-1629
-3112
-3330
-3848
-4502
-4759
-5696
-7997
-10755
-5891
-5390
-9737
-7912
-4056
-1842
1667
1757
1107
6019
3798
3591
4545
7893
7990
7945
9068
7109
7681
9375
10415
6116
7307
6000
5939
4056
2702
-1650
3450
4236
-3709
1387
-1680
-2082
-1917
-2929
-3549
-1970
-994
-3704
-4809
-5832
-5186
-4942
-6986
-8567
-9698
-10556
-10814
-12159
-13584
-14161
-15382
-15411
-16714
-16972
-17288
-14570
-19512
-18645
-9492
-9192
-2497
417
5141
7043
9641
9364
10804
12386
13414
15293
12088
17571
13949
16211
14929
9600
11850
9729
9804
7710
7179
6638
9290
4963
6312
5120
3716
7959
5310
5887
1548
4122
242
318
753
-2209
-1690
-4655
-3997
-7540
-7508
-6096
-7731
-9632
-10008
-11205
-11100
-10934
-9900
-10042
-9660
-5729
-11069
-5062
169
-773
2679
-895
4637
2931
5447
11815
7427
10154
10435
9722
10319
11044
11707
12253
12498
12285
9001
7589
8067
8137
8324
6790
6083
3819
2912
1243
780
-326
-3608
-4502
-6183
-8076
-10809
-11224
-9917
-6519
-5884
-8260
-4923
-2517
-958
434
228
-1960
-1931
-390
-3221
-2997
-4734
-4566
-5249
-5591
-4801
-4487
-30
-326
1352
3353
4055
5220
7557
9523
11082
12976
8990
7023
11547
9863
9282
9358
7376
6345
4036
4226
1707
1685
1426
-1511
-640
-1753
-2586
-2624
-3728
-5747
-5038
-5555
-4571
-4054
-5085
-5656
-4728
-6023
-7355
-6792
-7044
-8233
-10886
-11795
-13745
-9156
-9781
-15334
-13789
-16764
-13572
-13821
-13368
-8969
-13240
-7725
-3105
-5707
-6941
141
1268
-635
-305
2263
3325
2373
4158
2094
2183
2230
340
-2725
-2515
-2064
-651
244
1740
4085
1709
7720
7459
6835
7770
5456
8672
7058
9790
10460
7669
7630
6232
3837
6244
8175
-29
-23
100
703
1721
-77
-683
-50
-771
-1668
7
-6461
-5722
-2663
-4474
-1562
-5783
-2871
-1685
-804
2328
-533
3897
3495
3495
5381
7653
7588
8437
9520
7879
5863
8414
9349
9045
9626
7758
4658
5815
6542
6878
4968
4117
3489
-5
2911
6072
-46
621
-271
-3639
9
-605
288
443
-1112
-2348
625
-4856
-9841
-4334
-7953
-8501
-9506
-10701
-14025
-13250
-13487
-15408
-14903
-17574
-13830
-19712
-13061
-9687
-10753
-4745
-627
5175
5483
7891
9430
13258
11947
13744
15036
13891
12750
13542
13812
12664
11447
9719
13402
8849
8963
9403
8013
10804
8978
9630
8113
9945
8943
9783
11143
3387
3906
7506
4140
2335
1191
-992
-2571
-524
-3956
-7206
-8423
-8975
-11591
-11596
-12376
-14024
-13943
-15077
-13636
-16551
-10290
-16214
-12948
-7014
-9637
-3933
-3861
-1672
-1588
1065
272
5660
2595
8928
7441
2261
5206
3426
5774
8071
9973
9431
8089
1497
6586
8835
5915
-1089
3105
3638
1265
2593
-1644
-931
-4036
-2282
-4385
-6308
-7986
-8122
-8051
-6030
-5050
-4573
-4239
-5420
-2975
-4716
-2931
-3358
-4737
-5696
-5196
-5711
-6752
-7249
-6276
-8908
-12496
-3931
423
198
-1895
34
4033
6529
6821
8095
9467
11223
11842
13086
11448
12174
8465
5838
11376
8671
9793
2457
2220
4579
2943
3718
725
2136
196
412
-734
-454
-1225
-434
465
-1013
-1188
-2479
-2200
-3384
-4869
-8281
-7231
-8961
-10784
-12633
-12437
-14332
-17967
-13442
-16718
-18005
-14928
-12186
-16185
-13338
-10873
-9251
-7915
-2227
2821
-911
201
3014
-687
224
6038
5272
2557
2994
5994
2127
5352
3570
-1337
207
5144
3458
2770
11620
9613
13128
11093
10670
7541
7711
11289
10002
11444
9955
9721
2236
4305
2120
-997
-2048
1026
-1061
-3910
-1108
-3890
-5803
-6416
-4350
-7641
-6987
-5756
-3594
-8075
-5401
-7562
-8145
-8549
-6975
-1125
-3856
2107
2688
5259
5485
6997
5249
7801
10069
8828
8082
8862
11939
7963
8147
10851
7126
7785
6473
-259
4150
2811
3167
4478
1896
-339
545
-5116
-1637
2938
-6605
-3179
-4082
-4259
-3661
-3222
-4188
-4864
-3882
-4579
-3913
-3500
-7111
-11285
-9152
-9985
-9993
-13044
-15484
-15609
-13173
-13979
-12595
-13986
-15523
-5036
-3722
-1916
4426
9006
8200
9175
13896
12104
14891
15179
15826
16283
14828
16754
12524
13145
11635
9382
7979
1392
6341
7257
4629
4534
735
2560
4522
2605
3736
3343
1808
890
2339
-3353
-5811
-2926
-4642
-3007
-1337
-3773
-4321
-3898
-4151
-6214
-6391
-6868
-7097
-7373
-7807
-9132
-8104
-6209
-5299
-1472
-7069
-5319
914
2297
6512
5306
7147
9264
7265
7906
7982
7145
6573
8676
7029
5398
5683
6272
8019
8553
8432
1024
3793
3298
1445
3143
-3752
-4184
-2571
-3445
-3724
-6244
-8866
-9202
-8242
-10476
-10810
-8731
-8528
-5196
-5743
-3369
-2347
-2042
-837
-2210
-3470
-3426
-3285
-3655
-3794
-3664
-5420
-7568
-5642
-4743
-8434
-8067
-1853
-6362
-1863
3184
661
1863
1675
4695
5702
6487
9007
9879
8943
8506
8239
4829
7092
11317
7571
670
2260
4033
2690
633
-823
-449
-941
-784
-712
-1638
-1650
-90
843
-639
-1129
-1789
-849
-1581
-2325
-3181
-2408
-3626
-2234
-2681
-3895
-7602
-13145
-12624
-12670
-10738
-14307
-15105
-14029
-11888
-12548
-11415
-3190
-4756
-3271
763
1186
3074
725
-1709
2225
1792
1516
5531
3876
3090
3490
874
3006
6004
8096
6741
8585
9892
12532
12756
10855
10661
11009
13728
10629
11478
8993
9792
10444
9435
7657
7198
5171
4635
1972
-3121
3459
-2431
-2113
-2718
-5870
-5101
-5982
-7911
-8522
-8222
-8679
-10387
-7750
-6216
-12734
-8761
-4246
-5451
-2445
-37
205
3747
2735
3543
8359
8224
7679
10640
11012
12785
12742
10866
11155
9906
8506
3646
5361
8146
8193
6138
3054
7256
2831
4171
2905
1701
-621
2366
-930
-4010
249
-3418
-1197
-1675
-299
-2529
-5500
-4659
-4075
-2017
-7384
-13194
-9884
-10070
-10803
-13197
-13390
-14592
-12467
-12083
-13686
-12527
-4834
-183
2065
6269
7333
7143
9397
13979
14391
14585
15194
18005
17962
17803
17629
12518
14880
12721
12728
9134
3555
2380
5624
4020
2816
3078
496
3707
3418
1773
1767
-990
206
-323
565
-3366
-6141
-2517
-4532
-5673
-7531
-7442
-8529
-6026
-7199
-8579
-11033
-11717
-8602
-11211
-9221
-8963
-8309
-9542
-14059
-12289
-4658
-9098
-829
35
-2041
621
863
2364
850
3165
953
-645
3566
4235
2772
2854
3110
764
4278
1571
-679
3097
111
1204
611
1713
-3228
-5315
-1389
-3075
-5153
-5650
-8551
-9882
-8902
-12123
-7961
-8483
-6864
-5033
-4197
-793
-893
-370
-3813
-2979
-2170
-2143
-2694
-2030
-2873
-4770
-4467
-4729
-2497
-3460
-2153
-862
1467
-1726
1954
3941
2765
5715
5833
6944
9213
10911
11530
12821
14296
13863
14970
14545
9721
10187
4014
6675
7973
6862
6092
