630
610
602
619
642
656
638
678
696
684
628
611
640
584
571
609
636
614
623
590
552
558
548
484
483
487
421
409
417
383
303
288
236
219
145
96
97
54
29
-69
-91
-132
-186
-167
-169
-201
-205
-200
-159
-186
-204
-186
-184
-118
-67
-63
-58
-19
-2
34
70
83
137
215
255
287
315
314
324
294
255
258
271
229
174
173
160
134
81
64
26
-40
-66
-109
-172
-197
-230
-313
-338
-365
-419
-459
-487
-530
-531
-552
-570
-577
-561
-536
-498
-504
-528
-501
-513
-508
-492
-487
-532
-516
-514
-499
-492
-483
-434
-443
-390
-368
-376
-374
-369
-342
-315
-321
-278
-197
-173
-143
-51
-11
13
73
126
179
231
284
306
365
379
393
439
477
510
508
508
519
546
537
449
353
280
193
82
-20
-116
-192
-232
-290
-347
-393
-468
-532
-560
-665
-786
-860
-896
-940
-997
-1033
-1049
-998
-969
-990
-977
-987
-996
-967
-968
-968
-954
-932
-921
-871
-840
-834
-834
-828
-839
-857
-804
-772
-775
-745
-754
-788
-805
-866
-888
-925
-974
-968
-933
-939
-977
-1002
-1040
-1051
-1064
-1098
-1120
-1140
-1149
-1121
-1043
-984
-944
-855
-809
-772
-721
-666
-599
-563
-501
-470
-479
-418
-323
-300
-255
-170
-142
-99
-48
-33
20
82
172
244
298
346
369
388
377
444
517
566
578
626
715
769
821
849
896
979
1039
1046
1025
1038
1063
1086
1050
1020
994
990
1010
984
1008
957
943
930
906
926
933
949
925
924
974
938
887
878
894
907
849
836
802
785
754
715
683
626
574
494
456
417
345
339
284
219
222
166
101
50
20
-26
-18
-57
-141
-181
-214
-228
-288
-335
-319
-333
-358
-351
-350
-356
-391
-388
-357
-342
-365
-372
-342
-364
-351
-246
-212
-168
-136
-126
-133
-169
-169
-225
-255
-266
-311
-328
-347
-421
-440
-474
-531
-562
-600
-636
-721
-797
-831
-857
-877
-872
-846
-831
-819
-846
-863
-834
-801
-765
-742
-697
-700
-721
-691
-629
-557
-518
-489
-426
-349
-337
-311
-225
-190
-165
-169
-171
-113
-141
-177
-159
-145
-157
-184
-227
-272
-287
-321
-380
-426
-410
-395
-446
-433
-453
-521
-538
-527
-475
-459
-475
-452
-399
-372
-298
-340
-385
-375
-394
-373
-414
-434
-442
-394
-381
-433
-491
-515
-514
-541
-589
-646
-656
-676
-681
-693
-732
-726
-728
-712
-729
-728
-666
-638
-641
-606
-553
-496
-387
-317
-230
-95
48
161
274
359
426
508
620
692
798
920
986
1033
1065
1143
1208
1287
1348
1385
1437
1493
1545
1550
1549
1567
1574
1560
1571
1591
1544
1551
1534
1459
1357
1308
1275
1236
1184
1143
1097
1084
1046
985
961
897
877
837
800
737
713
647
569
468
409
363
355
327
262
267
232
200
176
139
76
42
-4
-30
-83
-106
-172
-173
-178
-240
-238
-270
-291
-335
-344
-433
-507
-548
-611
-629
-678
-729
-754
-756
-751
-779
-799
-819
-832
-842
-855
-864
-913
-939
-971
-989
-981
-992
-997
-930
-934
-864
-781
-759
-709
-726
-685
-674
-693
-686
-638
-634
-614
-601
-562
-516
-527
-539
-545
-498
-507
-523
-516
-520
-512
-526
-569
-593
-602
-586
-575
-577
-584
-603
-576
-573
-593
-569
-567
-585
-618
-642
-605
-551
-581
-597
-579
-624
-640
-631
-651
-633
-599
-584
-545
-520
-470
-455
-433
-392
-361
-332
-321
-286
-252
-214
-218
-241
-226
-190
-215
-231
-166
-150
-157
-149
-116
-76
-33
8
14
76
122
202
282
354
449
482
542
636
706
748
806
866
954
1067
1138
1152
1145
1204
1228
1239
1236
1263
1330
1310
1349
1400
1457
1459
1423
1392
1366
1288
1247
1269
1250
1248
1202
1188
1159
1150
1152
1139
1147
1167
1200
1194
1213
1243
1246
1286
1303
1314
1379
1363
1404
1435
1462
1509
1503
1513
1501
1521
1489
1411
1332
1267
1144
1038
990
879
678
540
414
240
145
31
-91
-235
-332
-407
-535
-661
-757
-833
-871
-925
-970
-974
-960
-974
-984
-931
-936
-902
-839
-831
-824
-745
-764
-818
-790
-792
-780
-705
-664
-656
-615
-575
-553
-540
-587
-621
-588
-626
-643
-700
-726
-785
-906
-958
-980
-1005
-1060
-1104
-1186
-1266
-1330
-1413
-1549
-1694
-1786
-1832
-1874
-1896
-1852
-1810
-1763
-1692
-1678
-1639
-1621
-1618
-1545
-1452
-1387
-1347
-1246
-1155
-1043
-900
-803
-677
-578
-521
-445
-416
-342
-300
-284
-251
-278
-309
-264
-202
-194
-188
-146
-103
-60
38
48
78
40
56
48
-10
26
70
128
112
220
328
416
512
600
684
793
924
1010
1102
1225
1312
1359
1451
1521
1568
1591
1639
1676
1726
1800
1823
1844
1881
1864
1833
1792
1730
1693
1645
1618
1572
1565
1550
1519
1476
1412
1399
1355
1313
1268
1223
1205
1123
1062
1046
1005
966
939
874
823
737
648
652
607
539
559
560
536
508
451
491
516
537
557
604
641
622
625
654
681
695
670
546
536
491
432
401
353
265
205
169
70
53
-36
-135
-154
-198
-257
-273
-334
-385
-392
-387
-357
-376
-407
-361
-339
-333
-264
-229
-211
-208
-265
-276
-266
-303
-329
-354
-369
-393
-437
-496
-515
-577
-623
-688
-749
-815
-895
-921
-978
-1020
-1064
-1081
-1100
-1171
-1240
-1228
-1282
-1310
-1354
-1421
-1407
-1424
-1425
-1425
-1424
-1392
-1309
-1285
-1279
-1209
-1072
-980
-936
-838
-776
-679
-600
-566
-466
-363
-305
-241
-153
-82
7
64
120
163
200
228
190
279
367
432
524
569
608
671
684
700
761
794
883
923
982
1008
1045
1089
1133
1183
1221
1305
1314
1374
1402
1422
1422
1375
1379
1338
1242
1214
1187
1124
1089
1056
1019
936
914
880
805
727
613
494
391
344
280
196
187
171
159
154
151
126
114
89
33
11
-2
-28
-93
-47
-24
-73
-50
2
30
6
14
47
26
57
64
60
89
106
153
166
215
230
204
228
218
196
165
114
57
-32
-93
-116
-149
-235
-257
-292
-373
-443
-507
-559
-606
-654
-701
-760
-834
-904
-965
-1000
-1024
-1012
-1090
-1108
-1095
-1119
-1145
-1191
-1144
-1138
-1189
-1145
-1102
-1079
-1096
-1101
-1066
-1119
-1140
-1111
-1054
-1014
-989
-909
-768
-648
-579
-527
-500
-393
-281
-197
-90
-1
140
285
411
539
680
848
1010
1117
1196
1292
1339
1354
1411
1463
1459
1416
1409
1403
1380
1379
1344
1337
1293
1203
1108
1022
972
926
862
747
673
616
558
536
518
504
461
427
401
390
411
413
409
413
408
390
406
436
465
428
408
431
455
477
488
436
383
328
260
225
157
151
132
90
83
73
50
16
1
-18
-21
45
13
18
18
-9
-35
-88
-72
-44
-4
10
11
36
91
101
71
29
37
19
-1
-13
30
86
34
4
-11
8
47
48
42
62
79
43
20
-44
-118
-162
-233
-254
-279
-329
-381
-437
-469
-455
-472
-513
-525
-567
-579
-570
-575
-552
-528
-560
-563
-525
-520
-516
-520
-497
-449
-431
-451
-448
-445
-435
-425
-385
-402
-454
-461
-512
-498
-530
-576
-659
-744
-806
-878
-926
-948
-953
-1050
-1117
-1122
-1151
-1201
-1228
-1287
-1340
-1406
-1428
-1444
-1479
-1439
-1424
-1446
-1418
-1386
-1344
-1290
-1254
-1212
-1232
-1219
-1164
-1118
-1093
-1071
-1039
-985
-921
-853
-813
-768
-749
-731
-684
-692
-651
-621
-602
-570
-585
-572
-525
-478
-498
-522
-520
-571
-604
-635
-639
-670
-694
-631
-611
-644
-648
-693
-730
-715
-748
-769
-798
-833
-894
-885
-810
-813
-776
-742
-738
-641
-577
-511
-394
-328
-233
-102
-22
17
74
175
264
318
401
413
492
583
627
653
665
719
769
835
858
892
922
970
1021
1067
1070
1071
1091
1112
1131
1122
1093
1045
1035
1011
991
968
967
994
1005
999
951
903
893
867
840
809
749
676
639
570
484
497
469
446
478
498
523
598
635
659
675
637
608
593
586
549
550
531
466
441
504
536
498
484
493
537
559
565
565
536
498
489
483
464
411
369
359
339
344
311
258
229
210
181
146
38
-89
-135
-204
-350
-443
-504
-577
-661
-780
-873
-964
-1040
-1129
-1216
-1213
-1225
-1251
-1205
-1201
-1188
-1109
-1050
-989
-874
-782
-687
-550
-383
-279
-172
-29
38
116
215
332
446
521
580
605
601
654
679
660
576
459
360
266
196
103
1
-83
-180
-288
-331
-374
-407
-429
-469
-420
-395
-405
-352
-271
-198
-157
-114
-14
102
224
338
439
522
608
717
797
880
884
926
966
1015
1050
1042
1031
1044
1045
983
936
876
829
764
765
718
663
614
558
501
487
469
393
372
358
363
366
384
363
381
386
418
502
520
529
508
474
446
398
394
411
408
430
432
443
456
458
470
468
438
388
382
347
323
307
250
263
234
206
227
215
186
166
142
86
48
24
-4
-57
-129
-156
-199
-276
-326
-408
-497
-551
-598
-673
-703
-734
-788
-837
-916
-999
-1059
-1097
-1119
-1119
-1159
-1162
-1204
-1242
-1233
-1253
-1253
-1327
-1383
-1383
-1437
-1460
-1467
-1462
-1469
-1485
-1533
-1551
-1569
-1601
-1579
-1576
-1557
-1554
-1542
-1549
-1522
-1468
-1414
-1366
-1269
-1185
-1162
-1084
-993
-895
-722
-612
-550
-445
-383
-319
-266
-203
-164
-145
-68
-14
18
118
216
306
388
375
411
434
424
445
419
362
310
292
267
249
218
177
112
84
53
52
40
6
40
50
41
29
100
137
184
227
278
380
411
455
514
559
586
639
697
697
722
716
742
768
750
790
773
760
725
684
653
612
598
552
525
523
485
487
503
516
482
481
523
502
474
411
400
375
367
399
398
384
358
326
285
243
228
237
173
119
135
101
91
87
80
70
56
69
81
47
23
9
-23
-18
-57
-8
25
49
82
104
96
49
83
93
63
89
127
143
161
147
163
183
229
272
334
411
473
541
571
587
623
664
696
727
738
772
748
691
703
687
669
643
613
623
577
518
490
429
334
283
280
245
182
167
130
97
149
148
119
88
60
30
9
-5
-8
-10
-57
-99
-136
-162
-183
-216
-269
-287
-324
-410
-480
-515
-546
-586
-640
-724
-759
-774
-759
-767
-758
-756
-794
-717
-681
-681
-682
-650
-626
-588
-514
-490
-446
-406
-390
-355
-328
-340
-342
-341
-342
-357
-324
-299
-304
-335
-373
-362
-367
-399
-371
-363
-410
-438
-459
-471
-483
-437
-436
-383
-400
-381
-319
-367
-327
-314
-322
-370
-357
-372
-377
-344
-329
-326
-332
-296
-288
-321
-325
-296
-237
-183
-207
-207
-206
-184
-194
-196
-203
-200
-199
-265
-290
-304
-321
-345
-328
-307
-261
-229
-247
-221
-184
-115
-84
-124
-98
-74
-51
1
83
128
100
126
137
163
206
203
235
215
192
184
202
227
241
291
301
312
297
286
350
401
417
424
438
460
485
508
517
539
591
595
584
625
648
625
636
647
647
643
626
617
583
556
544
513
486
484
449
482
516
502
530
524
543
549
531
533
557
556
532
504
494
475
487
566
664
708
723
722
673
696
699
675
634
641
603
525
531
502
488
478
418
387
393
388
368
313
267
174
154
128
73
9
-69
-28
-80
-181
-227
-297
-363
-446
-572
-655
-711
-776
-822
-875
-918
-932
-926
-846
-845
-893
-886
-877
-847
-808
-692
-650
-606
-495
-403
-284
-204
-112
8
137
260
398
475
560
653
765
884
884
866
878
919
912
906
881
865
820
768
725
601
555
469
409
371
294
228
137
81
56
63
42
46
82
87
89
158
216
250
255
244
300
364
418
430
487
599
657
789
847
821
866
870
856
845
884
882
878
931
964
937
918
928
893
836
794
770
694
617
524
433
328
306
279
248
196
105
49
-53
-100
-130
-188
-289
-395
-507
-577
-631
-715
-726
-711
-711
-680
-647
-658
-655
-621
-615
-598
-627
-648
-639
-597
-541
-548
-548
-604
-587
-577
-639
-718
-831
-930
-1049
-1168
-1263
-1381
-1479
-1511
-1542
-1608
-1671
-1691
-1702
-1698
-1709
-1706
-1766
-1783
-1735
-1701
-1619
-1566
-1494
-1418
-1340
-1215
-1100
-927
-797
-670
-491
-385
-276
-167
-42
55
117
205
278
326
383
432
442
467
499
518
496
481
505
546
511
422
416
330
245
188
123
106
95
151
145
86
54
9
-7
31
44
64
77
110
142
180
238
235
281
313
364
441
469
494
541
554
580
623
645
623
627
693
696
750
828
904
896
889
892
824
755
673
652
678
672
664
662
674
682
638
655
684
657
624
581
559
546
500
462
445
429
450
461
452
431
410
405
399
372
321
272
213
179
181
149
122
83
47
13
-62
-84
-106
-123
-160
-170
-163
-198
-165
-163
-120
-126
-191
-197
-177
-101
-120
-114
-142
-166
-87
-43
-53
-80
-53
-57
-82
-62
-74
-131
-123
-131
-179
-223
-252
-251
-261
-262
-247
-247
-303
-332
-321
-357
-382
-436
-454
-482
-539
-527
-489
-475
-482
-475
-480
-478
-536
-596
-596
-559
-507
-437
-415
-426
-437
-431
-448
-529
-593
-668
-664
-647
-654
-649
-730
-832
-856
-886
-935
-960
-1018
-1073
-1114
-1137
-1132
-1160
-1145
-1122
-1131
-1120
-1010
-931
-886
-758
-683
-597
-538
-445
-311
-204
-76
-4
95
187
266
389
464
509
566
626
654
641
639
669
696
694
690
746
729
676
673
619
520
470
424
366
314
234
234
229
269
279
289
293
261
294
325
385
392
424
445
453
521
565
658
724
781
859
864
873
896
897
874
880
944
949
887
862
804
748
746
777
764
765
786
764
749
735
747
731
722
756
733
709
760
767
751
726
738
768
782
804
845
910
962
975
953
940
964
974
948
908
866
864
813
775
722
648
550
460
383
331
252
121
16
-124
-196
-305
-429
-487
-549
-585
-649
-759
-856
-938
-1025
-1096
-1143
-1178
-1184
-1220
-1300
-1350
-1375
-1444
-1489
-1506
-1556
-1608
-1626
-1640
-1676
-1683
-1736
-1759
-1768
-1794
-1812
-1853
-1903
-1942
-1943
-1906
-1907
-1853
-1738
-1668
-1571
-1511
-1407
-1314
-1270
-1134
-1030
-955
-808
-691
-600
-501
-391
-293
-232
-126
-37
43
143
204
316
408
447
471
461
459
468
447
397
343
325
309
243
172
99
42
31
19
23
10
-62
-45
-57
-28
-4
4
82
136
209
251
326
440
549
629
697
761
860
937
965
985
1027
1074
1077
1084
1083
1111
1141
1124
1086
1072
1006
960
904
812
762
711
641
598
548
460
450
468
482
473
510
508
503
509
499
523
467
426
434
436
421
439
454
470
465
432
452
470
500
503
481
526
520
505
523
465
445
485
513
566
625
620
618
657
687
737
785
784
778
791
778
763
732
725
713
680
652
595
564
498
461
352
236
159
57
-37
-185
-226
-266
-328
-399
-499
-562
-616
-672
-694
-725
-772
-779
-823
-849
-871
-926
-973
-1038
-1047
-1038
-1046
-1007
-1001
-1028
-1015
-996
-997
-998
-1004
-1028
-1030
-1033
-1035
-1026
-1024
-976
-956
-936
-945
-915
-852
-860
-862
-878
-874
-866
-822
-797
-757
-721
-724
-715
-697
-614
-541
-480
-445
-417
-381
-300
-238
-203
-127
-79
1
56
82
146
214
249
292
307
304
279
277
317
326
309
277
255
199
155
105
38
-22
-61
-88
-101
-118
-124
-143
-175
-229
-305
-335
-377
-377
-360
-367
-346
-292
-218
-140
-84
-34
-4
9
40
91
161
243
314
371
475
573
608
655
722
738
777
839
855
855
822
816
763
685
699
687
641
658
685
686
616
597
587
552
531
496
473
410
369
371
390
365
448
532
584
667
666
685
701
711
737
701
649
667
654
559
503
490
418
394
410
353
295
253
186
90
-7
-103
-146
-177
-239
-248
-284
-308
-295
-316
-333
-362
-372
-370
-417
-408
-373
-403
-468
-507
-509
-553
-583
-583
-582
-604
-588
-559
-574
-640
-661
-697
-764
-809
-862
-879
-888
-922
-972
-990
-1038
-1059
-1067
-1091
-1104
-1115
-1120
-1118
-1074
-1033
-1016
-951
-968
-1017
-959
-867
-775
-715
-632
-519
-383
-268
-226
-182
-138
-95
-1
72
141
160
181
234
297
308
319
345
358
398
400
436
458
466
476
457
433
383
345
279
140
77
11
-60
-123
-237
-353
-447
-573
-632
-703
-829
-904
-986
-1014
-1013
-971
-931
-832
-769
-727
-607
-523
-436
-287
-158
-34
115
283
424
540
669
805
929
1048
1179
1252
1385
1485
1574
1623
1671
1708
1716
1786
1805
1794
1830
1846
1775
1757
1716
1662
1612
1562
1505
1451
1369
1291
1227
1108
997
927
931
888
865
847
844
839
806
798
788
807
763
679
650
654
627
584
545
468
447
480
468
384
319
297
218
138
32
-45
-125
-266
-326
-388
-426
-472
-535
-575
-588
-563
-576
-583
-603
-636
-655
-682
-696
-679
-650
-642
-672
-687
-701
-648
-643
-662
-653
-721
-748
-811
-846
-850
-922
-994
-1048
-1054
-1085
-1198
-1233
-1224
-1248
-1240
-1250
-1244
-1196
-1209
-1213
-1186
-1222
-1248
-1234
-1206
-1220
-1198
-1108
-1075
-1064
-1041
-998
-958
-943
-947
-975
-964
-977
-993
-997
-1007
-1017
-989
-987
-977
-999
-1019
-972
-953
-879
-808
-739
-667
-577
-513
-458
-382
-305
-219
-111
-30
67
196
317
468
549
624
692
734
777
831
890
898
943
971
999
1012
1034
1055
1039
1058
1105
1178
1206
1245
1239
1214
1156
1115
1098
1098
1131
1145
1125
1108
1180
1203
1194
1152
1166
1138
1124
1122
1132
1107
1108
1071
1030
1063
1021
1027
1034
1028
968
1011
1061
1017
1017
989
1017
1096
1114
1163
1162
1251
1332
1386
1455
1492
1581
1619
1608
1599
1648
1602
1552
1572
1551
1456
1391
1323
1241
1110
1025
920
855
812
712
642
565
449
339
351
303
222
198
178
74
30
-7
-30
-76
-169
-250
-307
-322
-351
-345
-356
-414
-521
-577
-644
-717
-830
-890
-931
-1050
-1131
-1175
-1199
-1233
-1276
-1350
-1432
-1456
-1477
-1541
-1614
-1697
-1704
-1675
-1664
-1670
-1640
-1639
-1649
-1578
-1541
-1516
-1515
-1465
-1399
-1314
-1234
-1176
-1101
-1017
-959
-906
-868
-863
-849
-889
-911
-912
-912
-990
-1046
-1085
-1073
-1093
-1156
-1151
-1223
-1235
-1285
-1364
-1405
-1399
-1395
-1386
-1350
-1363
-1348
-1308
-1252
-1238
-1220
-1129
-1052
-991
-866
-750
-692
-572
-477
-468
-406
-348
-287
-246
-202
-118
-38
-3
39
91
133
178
213
239
264
295
317
341
324
351
339
333
306
254
243
232
255
278
294
313
292
257
277
272
249
292
343
361
377
396
466
520
573
603
641
716
747
764
796
818
783
755
751
767
787
775
823
880
931
989
1005
1041
1051
1089
1124
1123
1122
1143
1150
1123
1104
1068
999
890
823
771
685
639
596
480
382
343
306
261
223
162
141
136
124
58
-9
-8
-36
-81
-142
-176
-209
-249
-305
-394
-485
-542
-594
-672
-773
-903
-990
-1075
-1143
-1209
-1255
-1281
-1360
-1405
-1423
-1430
-1492
-1515
-1526
-1585
-1593
-1577
-1534
-1472
-1465
-1401
-1337
-1321
-1275
-1228
-1185
-1173
-1127
-1112
-1017
-955
-948
-884
-835
-757
-671
-645
-607
-497
-471
-440
-400
-374
-312
-241
-199
-152
-128
-80
-25
5
57
107
127
126
169
177
218
211
215
207
199
242
221
208
203
130
70
13
-46
-181
-314
-373
-473
-520
-628
-673
-725
-765
-799
-848
-885
-936
-911
-900
-900
-868
-861
-888
-787
-673
-554
-378
-245
-129
31
173
305
431
500
613
712
808
903
956
1011
1061
1089
1163
1216
1155
1180
1152
1133
1131
1112
1115
1082
1143
1156
1155
1115
1129
1175
1137
1129
1151
1178
1167
1116
1101
1074
1031
994
914
883
849
778
694
572
476
402
284
168
78
21
-104
-193
-310
-481
-553
-656
-723
-785
-849
-868
-896
-934
-969
-973
-971
-939
-898
-907
-885
-860
-858
-819
-803
-807
-785
-775
-754
-742
-701
-643
-583
-561
-522
-502
-507
-451
-452
-432
-457
-472
-494
-470
-458
-471
-448
-448
-447
-465
-437
-457
-501
-506
-547
-592
-614
-674
-700
-724
-699
-661
-708
-717
-716
-755
-795
-841
-829
-797
-780
-730
-673
-594
-509
-427
-365
-312
-243
-161
-68
52
142
220
312
428
506
596
691
816
924
975
1105
1221
1303
1339
1343
1344
1359
1406
1449
1432
1448
1447
1495
1493
1478
1441
1338
1309
1209
1110
1043
1029
962
900
908
920
858
810
788
814
852
890
910
885
939
949
955
906
892
897
913
970
1006
1093
1169
1235
1290
1305
1366
1418
1471
1491
1506
1564
1574
1568
1573
1541
1462
1448
1391
1339
1290
1271
1269
1177
1093
1035
987
918
861
765
698
687
665
664
682
675
711
735
780
788
757
753
720
768
754
707
694
700
730
755
728
715
700
685
673
678
590
468
389
231
188
97
39
5
-57
-90
-94
-89
-86
-56
-67
-69
-93
-58
-11
14
12
16
1
35
106
119
168
200
229
249
265
259
172
117
76
-35
-111
-157
-264
-295
-347
-441
-506
-606
-665
-767
-843
-899
-974
-993
-1032
-1032
-1037
-1062
-983
-905
-860
-758
-670
-598
-499
-391
-304
-278
-230
-147
-46
71
209
332
404
458
522
557
601
577
567
566
506
539
501
478
483
462
439
410
329
284
288
236
207
148
69
-29
-108
-166
-200
-269
-314
-353
-393
-412
-480
-473
-456
-496
-549
-492
-483
-504
-447
-426
-411
-391
-362
-274
-187
-82
45
130
257
322
434
574
637
746
877
971
987
1012
1046
1089
1126
1148
1122
1089
1068
1040
998
948
926
805
686
596
466
346
268
218
169
135
134
124
138
104
96
141
158
211
264
263
229
311
373
451
511
534
584
588
604
629
632
633
562
502
417
278
238
150
45
-42
-184
-357
-504
-665
-765
-866
-984
-1070
-1186
-1257
-1390
-1438
-1493
-1573
-1598
-1689
-1715
-1799
-1837
-1842
-1896
-1869
-1857
-1875
-1873
-1854
-1852
-1839
-1782
-1790
-1812
-1790
-1759
-1734
-1709
-1659
-1629
-1580
-1550
-1533
-1495
-1461
-1423
-1351
-1271
-1210
-1163
-1113
-1013
-952
-901
-787
-710
-698
-625
-554
-517
-415
-321
-234
-168
-74
8
87
189
249
294
340
373
399
413
418
413
395
389
349
306
291
284
221
209
200
203
228
218
134
92
84
15
64
56
12
-13
53
34
70
156
169
231
257
296
365
479
526
587
638
683
717
758
807
858
893
860
859
872
841
855
820
748
688
582
477
365
294
166
60
-20
-149
-213
-284
-412
-501
-548
-611
-640
-630
-628
-615
-625
-600
-553
-529
-445
-382
-295
-208
-166
-39
103
155
194
296
330
328
393
406
424
419
389
434
478
522
577
566
558
552
486
467
442
379
320
262
247
253
214
163
162
140
88
39
24
-60
-167
-202
-264
-334
-403
-409
-483
-579
-623
-692
-753
-785
-855
-936
-1014
-1065
-1130
-1216
-1215
-1255
-1254
-1291
-1306
-1331
-1350
-1328
-1343
-1321
-1334
-1345
-1341
-1332
-1283
-1231
-1239
-1224
-1236
-1282
-1297
-1314
-1275
-1227
-1246
-1217
-1124
-1042
-949
-856
-777
-648
-589
-529
-445
-392
-270
-169
-44
98
244
371
499
647
740
828
939
1058
1115
1129
1137
1159
1185
1166
1180
1220
1216
1210
1202
1154
1111
1072
1038
1035
996
975
941
899
896
888
927
908
879
852
847
863
847
823
760
686
626
621
558
513
456
399
433
436
398
358
290
228
215
176
101
71
57
89
105
120
197
186
217
216
205
269
316
388
397
426
435
454
473
486
529
531
497
499
563
580
594
564
514
479
421
328
306
295
278
250
219
222
250
224
181
157
142
145
81
10
-68
-81
-138
-202
-200
-182
-201
-240
-205
-219
-236
-211
-229
-247
-257
-297
-325
-257
-262
-272
-184
-228
-235
-166
-188
-146
-83
-106
-83
-83
-135
-162
-163
-178
-186
-210
-226
-240
-208
-226
-271
-256
-273
-301
-364
-388
-416
-417
-417
-431
-492
-521
-526
-577
-576
-605
-648
-694
-729
-755
-781
-850
-932
-940
-993
-1026
-1058
-1095
-1096
-1131
-1113
-1108
-1128
-1141
-1140
-1161
-1213
-1222
-1236
-1254
-1243
-1183
-1144
-1101
-1050
-1039
-970
-906
-858
-757
-670
-584
-484
-400
-286
-201
-85
87
227
379
509
658
783
859
952
1037
1071
1078
1115
1169
1194
1237
1259
1275
1321
1301
1290
1264
1211
1222
1218
1188
1164
1106
1082
1099
1112
1154
1197
1224
1271
1321
1426
1483
1542
1575
1516
1507
1446
1361
1324
1289
1241
1201
1126
991
857
748
639
560
432
332
282
186
119
72
66
103
138
182
234
335
522
754
874
1029
1195
1321
1501
1615
1745
1884
2035
2050
2098
2172
2159
2197
2136
2034
1921
1773
1664
1562
1382
1198
1023
847
667
447
218
-6
-197
-376
-555
-713
-865
-1013
-1151
-1298
-1431
-1554
-1645
-1688
-1765
-1781
-1810
-1819
-1804
-1817
-1775
-1762
-1721
-1691
-1659
-1616
-1560
-1519
-1512
-1529
-1513
-1477
-1489
-1499
-1504
-1495
-1494
-1468
-1449
-1471
-1473
-1460
-1489
-1528
-1555
-1562
-1554
-1551
-1581
-1595
-1599
-1565
-1531
-1547
-1547
-1551
-1553
-1564
-1514
-1459
-1414
-1348
-1298
-1264
-1268
-1208
-1117
-1067
-994
-961
-923
-837
-776
-713
-627
-520
-410
-349
-301
-236
-190
-146
-104
-58
-12
-7
7
49
40
12
32
44
-39
-72
-122
-162
-163
-226
-243
-265
-286
-294
-306
-334
-319
-287
-282
-256
-147
-105
-70
50
151
243
299
379
430
477
541
585
606
646
672
693
749
737
717
716
698
678
644
560
468
375
282
211
182
153
106
97
58
30
28
23
42
54
77
68
103
210
302
356
438
541
628
699
756
842
866
917
973
965
938
922
869
863
873
870
856
811
864
861
811
729
683
654
594
511
436
384
380
417
425
440
411
407
406
421
388
386
356
330
342
358
414
407
444
476
499
519
543
572
601
596
625
670
645
674
728
760
749
773
800
808
804
754
770
766
763
781
739
717
728
639
551
548
489
429
383
348
301
227
160
88
59
27
-37
-70
-128
-199
-242
-298
-297
-290
-308
-328
-354
-330
-304
-324
-286
-249
-266
-225
-191
-190
-215
-224
-245
-277
-291
-239
-207
-234
-177
-158
-173
-175
-218
-256
-309
-356
-391
-429
-459
-477
-403
-359
-352
-315
-291
-234
-142
-131
-107
-21
19
42
58
52
25
-1
-4
2
-2
17
29
34
84
33
-46
-58
-114
-164
-143
-138
-204
-271
-281
-328
-390
-362
-398
-444
-458
-473
-466
-439
-440
-412
-390
-389
-338
-326
-314
-290
-248
-221
-188
-181
-180
-163
-128
-66
-12
53
115
148
219
319
436
530
554
612
612
649
737
774
773
749
761
757
743
742
704
659
628
633
640
634
588
549
495
429
374
272
195
93
7
-18
-66
-91
-69
-59
-64
-77
-82
-135
-127
-129
-160
-108
-87
-60
-21
-45
-45
16
25
29
-4
-69
-57
-46
-59
-80
-148
-208
-299
-350
-343
-385
-411
-421
-521
-599
-641
-676
-686
-691
-690
-697
-710
-691
-651
-633
-566
-544
-470
-413
-351
-289
-231
-175
-157
-97
-37
-8
-9
24
28
32
9
-48
-92
-102
-151
-249
-331
-382
-494
-592
-686
-768
-820
-888
-971
-1095
-1159
-1172
-1162
-1171
-1176
-1178
-1107
-1061
-1009
-951
-912
-846
-799
-714
-649
-585
-494
-375
-347
-324
-272
-240
-198
-193
-178
-151
-145
-150
-146
-160
-137
-116
-129
-116
-137
-152
-171
-193
-175
-185
-180
-151
-132
-133
-119
-59
-24
13
66
98
120
163
187
173
203
225
232
272
305
306
322
352
327
337
334
291
299
306
274
200
165
137
67
27
-52
-136
-175
-251
-313
-393
-518
-641
-690
-716
-785
-855
-925
-983
-1060
-1120
-1165
-1240
-1329
-1340
-1321
-1298
-1297
-1327
-1294
-1247
-1264
-1254
-1197
-1203
-1179
-1137
-1045
-944
-870
-832
-784
-710
-654
-545
-451
-357
-312
-258
-243
-248
-205
-155
-131
-89
-71
-121
-101
-84
-57
-75
-114
-137
-168
-171
-171
-141
-106
-100
-120
-163
-156
-123
-113
-64
28
89
149
196
257
343
374
456
516
553
548
542
615
633
604
565
569
563
528
519
507
461
405
416
422
379
347
292
288
324
372
402
420
477
546
624
721
827
913
1006
1060
1134
1184
1246
1306
1391
1441
1483
1557
1508
1461
1418
1366
1300
1222
1114
969
808
663
491
370
223
96
-39
-186
-257
-345
-426
-483
-508
-529
-566
-614
-613
-610
-542
-487
-441
-351
-266
-232
-248
-249
-205
-189
-196
-212
-268
-310
-372
-356
-377
-406
-381
-427
-500
-499
-470
-500
-482
-475
-466
-451
-493
-496
-418
-373
-386
-346
-358
-347
-258
-200
-154
-111
-96
-129
-161
-136
-135
-136
-131
-147
-185
-208
-221
-265
-331
-410
-450
-506
-561
-626
-636
-698
-780
-786
-817
-847
-882
-911
-950
-1010
-1045
-1073
-1087
-1118
-1127
-1090
-1065
-1067
-1110
-1058
-1047
-1046
-1032
-1029
-1007
-969
-909
-903
-838
-736
-662
-597
-548
-490
-355
-210
-84
53
181
295
369
452
577
668
798
939
1030
1113
1188
1328
1455
1543
1613
1697
1740
1726
1729
1793
1832
1803
1815
1810
1791
1772
1813
1835
1844
1858
1872
1895
1868
1930
2000
2065
2118
2145
2178
2207
2239
2261
2308
2387
2433
2456
2490
2492
2492
2538
2599
2622
2631
2597
2573
2554
2533
2477
2404
2391
2362
2336
2283
2212
2151
2099
2066
1995
1933
1911
1897
1836
1766
1725
1627
1541
1485
1358
1239
1196
1148
1085
1040
979
924
881
811
749
657
574
513
423
358
335
313
289
297
281
303
299
264
284
302
323
345
347
297
276
260
257
259
228
204
145
70
-10
-54
-120
-168
-164
-164
-194
-236
-283
-376
-358
-344
-347
-279
-284
-306
-323
-302
-281
-266
-174
-167
-127
-84
-100
-84
-50
-38
-19
-35
-95
-131
-210
-220
-289
-361
-426
-511
-648
-774
-852
-971
-1033
-1132
-1211
-1279
-1317
-1353
-1387
-1415
-1475
-1465
-1484
-1451
-1375
-1336
-1235
-1136
-1062
-1031
-946
-821
-749
-684
-589
-498
-452
-359
-310
-209
-125
-80
23
70
119
193
263
266
316
389
443
488
522
549
581
581
600
620
623
641
634
633
623
607
520
501
468
377
294
277
231
171
141
53
9
10
-19
-87
-147
-183
-197
-207
-255
-266
-226
-197
-107
-80
-77
-82
-112
-80
-47
-45
-33
21
76
51
54
94
117
97
59
52
0
2
-28
-52
-46
-20
-36
-68
-46
-48
-1
35
101
195
260
266
351
415
436
528
601
658
736
782
802
902
963
976
993
981
946
921
906
864
810
711
630
553
397
279
150
78
-12
-97
-199
-313
-382
-502
-579
-646
-681
-707
-740
-763
-758
-749
-712
-656
-606
-561
-519
-505
-453
-408
-434
-407
-414
-450
-461
-481
-548
-593
-654
-699
-761
-859
-971
-1093
-1235
-1385
-1454
-1586
-1704
-1780
-1883
-1964
-2032
-2111
-2194
-2245
-2299
-2311
-2314
-2356
-2339
-2339
-2354
-2360
-2333
-2302
-2265
-2183
-2139
-2062
-1971
-1889
-1820
-1775
-1745
-1719
-1683
-1608
-1577
-1559
-1502
-1451
-1388
-1306
-1241
-1219
-1149
-1043
-942
-864
-810
-722
-645
-607
-480
-348
-267
-160
-82
-21
51
146
259
365
466
527
574
594
571
596
643
623
594
584
559
516
451
432
386
361
318
209
160
130
99
105
160
128
95
85
57
45
38
62
75
109
145
154
182
170
185
219
227
258
232
234
231
176
122
76
40
58
26
22
30
-40
-89
-111
-100
-136
-147
-129
-91
0
33
70
165
178
273
414
498
637
734
840
937
985
1075
1182
1208
1266
1356
1400
1429
1451
1427
1422
1409
1383
1318
1274
1293
1250
1204
1125
1066
1036
979
880
798
719
629
573
481
464
421
375
322
285
261
179
180
226
265
275
298
234
222
199
143
134
125
126
109
140
86
22
-6
6
-10
-101
-102
-120
-199
-308
-345
-326
-379
-432
-425
-531
-563
-530
-559
-536
-587
-544
-561
-622
-663
-702
-733
-810
-816
-822
-903
-1007
-1048
-1100
-1085
-1084
-1108
-1144
-1146
-1112
-1160
-1184
-1175
-1189
-1221
-1247
-1300
-1301
-1304
-1352
-1323
-1289
-1254
-1269
-1308
-1315
-1296
-1274
-1282
-1285
-1272
-1284
-1325
-1317
-1322
-1331
-1329
-1285
-1256
-1201
-1184
-1207
-1219
-1224
-1188
-1165
-1151
-1123
-1034
-987
-912
-802
-725
-627
-553
-562
-510
-400
-309
-228
-141
-60
-34
38
53
85
147
164
223
237
232
228
234
241
228
209
174
138
128
105
104
145
137
115
140
196
233
283
353
399
460
588
679
747
826
877
922
1008
1096
1137
1205
1267
1259
1292
1317
1313
1333
1324
1310
1299
1286
1232
1163
1085
1014
942
907
876
876
848
841
843
809
816
794
801
795
775
745
756
715
704
758
781
760
712
769
764
798
826
839
845
809
785
728
690
601
564
530
524
548
569
561
553
589
610
625
607
601
559
535
532
509
504
463
394
359
330
236
136
78
-23
-126
-168
-229
-344
-480
-623
-737
-839
-970
-1079
-1143
-1184
-1190
-1211
-1236
-1221
-1150
-1072
-1007
-982
-941
-820
-759
-669
-515
-379
-217
-21
102
246
416
572
668
776
920
1028
1122
1211
1284
1327
1357
1372
1405
1380
1395
1419
1453
1430
1406
1380
1292
1261
1212
1143
1004
906
854
791
790
752
727
733
695
713
721
745
811
842
891
969
1079
1155
1208
1283
1353
1442
1553
1676
1766
1856
1968
2092
2157
2121
2124
2186
2194
2186
2212
2224
2221
2179
2152
2154
2123
2070
2030
1953
1844
1731
1628
1503
1374
1257
1160
1071
985
943
894
856
798
750
738
725
665
596
568
549
519
489
499
515
528
543
508
466
445
460
492
473
454
437
379
323
273
165
64
6
-62
-72
-124
-201
-233
-295
-293
-358
-419
-505
-625
-728
-806
-868
-962
-1039
-1130
-1174
-1255
-1359
-1457
-1488
-1615
-1734
-1773
-1844
-1904
-1962
-1981
-2007
-2072
-2113
-2151
-2183
-2209
-2226
-2164
-2134
-2113
-2103
-2047
-2027
-1959
-1860
-1829
-1747
-1693
-1609
-1529
-1448
-1342
-1306
-1259
-1225
-1205
-1177
-1148
-1103
-1098
-1089
-1120
-1105
-1176
-1247
-1266
-1308
-1368
-1457
-1515
-1587
-1595
-1610
-1658
-1753
-1762
-1782
-1848
-1871
-1860
-1857
-1826
-1765
-1742
-1660
-1588
-1511
-1397
-1331
-1285
-1199
-1104
-1028
-932
-853
-746
-666
-642
-604
-597
-579
-511
-492
-510
-522
-561
-565
-620
-666
-743
-784
-851
-872
-893
-927
-933
-1020
-1038
-1018
-1005
-1000
-974
-1003
-936
-883
-866
-887
-892
-884
-867
-810
-815
-803
-802
-797
-780
-793
-806
-826
-878
-886
-912
-933
-927
-922
-936
-958
-988
-953
-933
-949
-979
-1000
-992
-1021
-1033
-1005
-986
-980
-933
-951
-917
-862
-859
-829
-781
-729
-664
-592
-538
-497
-443
-370
-306
-246
-201
-157
-176
-160
-110
-106
-49
7
52
104
178
258
325
402
464
484
491
569
604
625
706
787
823
843
852
894
966
960
972
946
905
896
908
858
793
755
623
531
429
319
297
285
211
136
78
71
72
39
23
5
-14
-16
10
43
114
172
218
267
327
401
445
505
562
651
690
686
721
747
703
623
598
566
578
550
482
414
294
167
32
-99
-230
-345
-479
-591
-652
-731
-815
-890
-959
-1015
-1053
-1074
-1083
-1064
-1029
-990
-965
-917
-875
-790
-692
-634
-490
-377
-325
-255
-162
-56
31
109
166
205
257
328
383
423
493
536
546
603
646
612
612
647
608
553
556
591
635
650
641
624
662
711
733
800
812
832
908
998
1090
1190
1265
1333
1402
1499
1606
1689
1761
1862
1935
1986
2049
2095
2190
2246
2343
2402
2494
2596
2623
2675
2755
2788
2785
2817
2747
2696
2664
2605
2562
2539
2549
2472
2369
2272
2180
2072
1958
1830
1649
1508
1354
1179
1050
913
758
628
497
381
252
196
153
89
87
61
60
77
78
118
176
193
231
246
234
272
282
249
316
348
384
406
405
418
367
344
254
198
147
76
15
12
-18
-94
-197
-313
-434
-575
-659
-761
-858
-910
-954
-1036
-1119
-1161
-1191
-1207
-1226
-1277
-1313
-1337
-1360
-1322
-1312
-1314
-1308
-1300
-1169
-1102
-1015
-912
-845
-804
-722
-623
-638
-632
-619
-615
-602
-560
-643
-675
-687
-738
-788
-795
-820
-910
-950
-973
-1045
-1117
-1152
-1233
-1266
-1319
-1318
-1297
-1281
-1257
-1197
-1163
-1138
-1097
-1056
-1012
-969
-879
-801
-657
-581
-532
-398
-284
-221
-137
-66
8
70
149
227
318
445
457
453
492
480
471
527
522
459
423
404
333
272
214
182
184
130
52
35
-49
-149
-205
-313
-414
-490
-549
-573
-598
-613
-607
-701
-709
-732
-782
-790
-823
-845
-860
-834
-816
-790
-797
-802
-789
-773
-775
-801
-776
-775
-797
-781
-789
-856
-891
-959
-991
-959
-938
-908
-959
-960
-933
-945
-953
-943
-992
-1034
-1054
-1061
-1067
-1073
-988
-950
-930
-912
-890
-831
-794
-776
-776
-756
-673
-649
-612
-563
-512
-448
-354
-268
-230
-154
-126
-77
-10
54
79
122
190
204
258
295
273
236
242
250
243
232
250
210
170
161
123
126
92
25
3
14
-37
-115
-160
-165
-205
-234
-211
-197
-180
-132
-74
-53
-36
10
49
74
127
226
308
397
440
473
554
577
561
565
611
609
601
568
565
596
577
508
485
490
414
336
290
240
197
144
43
7
-42
-136
-177
-200
-226
-238
-237
-273
-312
-311
-316
-319
-330
-386
-382
-352
-370
-399
-460
-478
-529
-634
-703
-804
-863
-884
-936
-1016
-1043
-1063
-1124
-1185
-1279
-1319
-1382
-1423
-1444
-1510
-1545
-1584
-1561
-1487
-1448
-1445
-1341
-1295
-1276
-1199
-1146
-1094
-1053
-1005
-979
-933
-885
-833
-761
-640
-540
-464
-405
-343
-291
-231
-150
-94
-47
-3
43
145
218
249
277
246
274
315
297
313
318
307
280
249
301
254
214
267
282
300
335
346
420
462
503
529
597
641
628
696
725
815
880
896
899
867
845
816
796
810
744
754
712
616
639
607
577
531
500
517
515
507
540
614
668
684
769
828
893
1009
1072
1170
1255
1326
1439
1547
1642
1704
1759
1828
1896
1950
1965
1975
1997
1986
1962
1961
1932
1882
1837
1843
1833
1813
1803
1765
1741
1738
1702
1641
1635
1641
1650
1661
1676
1645
1602
1594
1645
1706
1714
1668
1635
1574
1521
1500
1465
1442
1410
1382
1385
1427
1449
1469
1475
1454
1448
1458
1414
1464
1478
1427
1424
1431
1444
1434
1473
1494
1521
1528
1493
1433
1454
1475
1438
1422
1398
1337
1295
1262
1219
1150
1070
1009
911
876
867
849
820
772
732
684
671
649
658
666
617
595
556
502
483
485
424
402
458
416
367
332
303
231
179
96
9
-50
-154
-193
-273
-357
-490
-617
-766
-918
-997
-1039
-1115
-1185
-1279
-1347
-1342
-1406
-1435
-1451
-1429
-1440
-1441
-1382
-1312
-1292
-1282
-1257
-1270
-1222
-1156
-1088
-1042
-1058
-1000
-914
-897
-825
-737
-722
-689
-623
-566
-578
-567
-524
-552
-569
-561
-492
-467
-454
-454
-455
-380
-317
-270
-231
-196
-187
-170
-168
-140
-129
-139
-135
-118
-77
-104
-117
-144
-191
-174
-204
-238
-301
-368
-391
-487
-569
-630
-706
-732
-795
-810
-752
-774
-759
-749
-760
-723
-677
-677
-683
-692
-706
-695
-722
-631
-307
-126
-252
99
-2
-799
-1162
-880
-66
845
1087
349
-374
-682
-444
-246
66
46
-689
-1165
-789
285
919
651
-317
-1125
-611
310
154
-207
-336
-388
-279
266
592
-241
-1188
-1203
-541
-113
-249
-644
-1121
-1249
-879
-604
-836
-1083
-1318
-1305
-851
-689
-708
-726
-738
-661
-389
-351
-815
-1158
-1031
-685
-475
-408
-531
-615
-307
-33
64
-21
-191
-310
-580
-759
-853
-626
-290
-181
-334
-646
-647
-516
-466
-563
-644
-871
-1048
-929
-538
-225
-324
-445
-535
-633
-563
-310
-163
-224
-383
-427
-239
-34
-274
-568
-667
-750
-576
-296
-288
-633
-805
-770
-658
-564
-673
-769
-762
-716
-782
-722
-605
-674
-733
-640
-629
-571
-416
-309
-198
-174
-123
-13
185
296
365
370
405
610
819
837
808
802
815
965
1073
1117
1059
1078
1098
1085
1107
1103
1070
1057
1075
1132
1068
966
964
913
860
887
946
1001
1000
977
987
930
943
1068
1123
1100
1146
1227
1267
1306
1328
1293
1267
1201
1153
1157
1229
1248
1271
1299
1295
1292
1264
1255
1304
1427
1466
1443
1351
1339
1383
1426
1467
1479
1393
1382
1394
1386
1361
1336
1292
1139
1040
1012
961
886
882
815
779
795
828
796
755
733
726
681
603
637
634
603
615
569
576
614
609
577
614
736
750
744
746
747
732
775
802
793
721
717
747
702
727
768
745
698
643
608
655
629
595
595
607
554
531
508
524
599
582
561
523
522
541
543
552
567
522
508
520
520
519
477
494
479
495
517
480
472
479
498
521
518
526
548
519
543
498
481
522
530
560
589
614
667
775
798
800
905
998
1022
1066
1076
1082
1074
1047
1033
1056
1113
1128
1166
1199
1151
1119
1105
1074
1053
940
841
801
731
674
633
556
480
417
399
367
295
266
158
46
42
17
-8
-51
-132
-183
-272
-319
-354
-426
-516
-644
-694
-738
-832
-936
-1009
-1079
-1145
-1173
-1170
-1172
-1200
-1168
-1107
-1118
-1132
-1139
-1142
-1108
-1056
-1025
-999
-941
-870
-817
-794
-746
-679
-664
-659
-656
-687
-667
-645
-646
-671
-682
-703
-692
-679
-723
-755
-820
-823
-918
-970
-956
-977
-925
-876
-820
-796
-750
-669
-598
-567
-505
-420
-387
-368
-370
-413
-425
-427
-428
-485
-492
-486
-489
-432
-404
-409
-460
-483
-561
-616
-726
-811
-897
-993
-1051
-1140
-1154
-1198
-1264
-1312
-1314
-1355
-1417
-1473
-1530
-1633
-1761
-1810
-1884
-1964
-2024
-2111
-2156
-2191
-2216
-2270
-2359
-2418
-2423
-2434
-2477
-2476
-2488
-2454
-2432
-2427
-2436
-2396
-2324
-2316
-2228
-2154
-2095
-1973
-1913
-1806
-1706
-1647
-1609
-1558
-1493
-1456
-1381
-1364
-1308
-1212
-1150
-1114
-1023
-912
-846
-775
-758
-709
-610
-598
-552
-463
-416
-393
-357
-329
-291
-264
-212
-151
-136
-97
-68
29
55
115
154
126
165
140
145
131
140
165
158
196
184
249
308
333
361
321
327
317
365
390
363
348
316
309
315
291
259
223
168
157
161
136
139
122
112
126
121
75
88
127
127
169
177
223
242
259
290
301
370
391
410
457
497
562
589
636
681
746
853
924
968
961
909
876
859
836
796
751
695
581
485
435
368
278
240
143
63
-15
-52
-104
-193
-227
-258
-269
-259
-221
-245
-224
-244
-255
-299
-315
-341
-357
-299
-303
-266
-286
-291
-281
-263
-270
-299
-341
-353
-384
-434
-452
-552
-574
-627
-693
-730
-770
-806
-816
-815
-865
-835
-818
-834
-850
-841
-830
-827
-811
-800
-785
-770
-785
-788
-816
-840
-806
-833
-823
-754
-695
-650
-566
-485
-454
-439
-420
-423
-406
-413
-409
-343
-344
-327
-253
-226
-175
-150
-144
-92
-77
-45
-13
48
110
95
111
138
146
160
158
160
170
252
298
316
350
363
385
395
410
438
410
447
458
444
462
502
564
562
626
627
618
631
642
637
643
656
687
662
649
671
663
679
687
660
571
562
532
517
534
522
535
519
487
448
405
419
435
441
445
472
501
498
471
509
558
607
643
645
645
595
594
612
610
583
610
579
623
669
623
624
597
575
541
564
515
437
413
399
442
480
508
499
509
596
625
664
697
724
726
703
740
766
789
788
799
741
711
712
706
713
715
684
656
669
644
605
590
569
474
391
295
246
176
140
140
73
28
-20
-25
-57
-94
-172
-240
-274
-337
-361
-443
-490
-507
-567
-609
-696
-740
-823
-925
-929
-995
-1026
-1034
-1009
-969
-942
-869
-814
-746
-719
-634
-533
-492
-395
-295
-170
-57
52
130
185
296
394
463
535
614
685
763
843
929
915
945
931
911
899
862
883
844
808
771
797
756
729
762
728
683
641
615
629
612
572
537
529
508
442
428
387
376
423
400
444
520
552
617
677
760
826
897
961
1051
1137
1195
1272
1394
1496
1563
1593
1652
1736
1786
1886
1905
1921
1917
1880
1848
1792
1727
1593
1468
1393
1344
1264
1182
1132
1068
1041
1039
1004
966
946
936
909
925
877
795
757
751
763
696
668
640
619
608
604
641
664
646
603
594
613
593
586
573
563
572
540
524
542
527
548
561
591
631
598
593
551
541
493
466
465
453
436
378
366
343
296
271
200
183
194
155
96
82
102
58
-3
-79
-103
-165
-220
-313
-349
-429
-560
-624
-752
-865
-967
-1048
-1161
-1328
-1440
-1513
-1662
-1759
-1871
-1999
-2065
-2162
-2257
-2317
-2376
-2428
-2412
-2398
-2419
-2398
-2316
-2263
-2247
-2193
-2135
-2123
-2023
-1961
-1929
-1812
-1721
-1661
-1594
-1503
-1441
-1365
-1307
-1309
-1289
-1250
-1221
-1233
-1263
-1230
-1258
-1263
-1318
-1319
-1273
-1306
-1330
-1332
-1326
-1372
-1384
-1445
-1452
-1457
-1496
-1487
-1482
-1430
-1376
-1367
-1269
-1175
-1090
-986
-926
-900
-841
-725
-707
-669
-656
-636
-577
-522
-485
-474
-470
-468
-438
-423
-385
-379
-395
-403
-434
-473
-503
-554
-618
-649
-674
-678
-647
-623
-557
-506
-464
-414
-346
-270
-280
-209
-193
-190
-149
-130
-95
-76
-58
-86
-116
-123
-151
-181
-199
-253
-334
-425
-519
-569
-627
-733
-783
-855
-926
-964
-1050
-1059
-1086
-1098
-1072
-1135
-1160
-1182
-1230
-1234
-1255
-1278
-1232
-1255
-1209
-1143
-1055
-988
-958
-879
-828
-742
-725
-631
-545
-424
-349
-273
-176
-118
-42
64
169
173
243
320
403
465
542
602
673
733
774
821
839
910
971
990
1065
1097
1072
1065
1063
1083
1052
1069
1082
1082
1090
1094
1094
1068
1109
1123
1146
1161
1175
1176
1157
1178
1155
1135
1136
1115
1084
1056
1064
1054
1033
1012
959
930
903
864
815
748
712
687
638
599
560
496
449
449
440
455
424
399
401
402
456
486
511
522
576
623
619
653
666
690
732
753
758
717
698
722
720
688
659
617
619
554
501
455
433
394
361
321
216
227
181
178
123
114
117
109
180
194
221
291
286
265
305
286
292
328
359
349
383
403
362
303
253
206
198
198
174
133
99
14
-75
-139
-243
-324
-405
-455
-495
-494
-487
-545
-592
-586
-579
-609
-681
-677
-694
-730
-718
-713
-728
-720
-709
-703
-705
-685
-661
-663
-639
-655
-646
-642
-636
-589
-547
-557
-508
-477
-448
-399
-356
-271
-236
-227
-231
-213
-227
-199
-183
-190
-190
-210
-232
-259
-269
-278
-303
-335
-365
-401
-452
-494
-508
-570
-593
-630
-630
-629
-668
-664
-693
-687
-639
-592
-549
-476
-413
-339
-253
-175
-141
-102
-57
-33
-4
-3
13
3
14
76
114
93
112
91
69
74
38
59
80
85
110
160
231
280
309
389
408
488
588
646
764
831
938
1046
1093
1153
1251
1317
1366
1442
1535
1601
1671
1706
1695
1727
1733
1697
1652
1621
1562
1471
1420
1390
1293
1210
1162
1075
995
937
868
822
739
681
648
587
541
459
395
372
363
339
289
242
214
194
181
123
59
92
85
54
69
83
115
133
158
140
136
105
115
132
118
134
124
157
167
148
128
169
201
203
191
219
271
331
371
383
380
439
452
426
498
516
544
544
541
563
566
536
539
554
575
564
537
528
508
500
463
432
405
416
433
460
498
508
501
504
542
555
577
613
628
613
570
527
441
355
279
209
123
29
-100
-236
-378
-559
-709
-878
-1101
-1296
-1415
-1598
-1778
-1885
-2019
-2149
-2190
-2235
-2263
-2314
-2352
-2333
-2302
-2237
-2179
-2078
-2008
-1946
-1853
-1768
-1699
-1643
-1569
-1501
-1387
-1281
-1167
-1080
-1053
-1002
-917
-807
-737
-699
-672
-617
-553
-498
-446
-383
-349
-274
-153
-87
-3
115
220
323
424
549
626
697
798
868
944
1001
1121
1200
1219
1257
1284
1300
1341
1317
1312
1322
1291
1283
1225
1231
1177
1109
1092
1066
1076
1130
1173
1214
1280
1362
1433
1518
1572
1661
1750
1787
1880
1910
1937
1999
2057
2050
2089
2090
2064
2073
2067
2064
2004
2002
1955
1919
1886
1846
1827
1774
1701
1613
1575
1494
1409
1384
1337
1274
1233
1195
1185
1146
1099
1066
999
940
920
864
805
785
695
649
636
575
514
503
438
375
367
349
322
287
263
237
230
153
89
88
126
88
67
29
-42
-78
-139
-162
-157
-180
-259
-296
-349
-401
-450
-520
-639
-740
-835
-884
-952
-1041
-1083
-1098
-1071
-1130
-1141
-1150
-1178
-1173
-1120
-1042
-972
-924
-889
-849
-800
-733
-636
-574
-527
-448
-376
-315
-281
-188
-165
-156
-124
-122
-127
-116
-51
-38
-16
-31
-31
45
36
74
115
152
179
186
195
199
307
356
389
407
413
442
427
402
439
442
402
394
374
351
309
281
178
98
25
-70
-122
-229
-324
-371
-447
-542
-605
-627
-643
-700
-774
-866
-943
-1038
-1111
-1127
-1149
-1186
-1203
-1241
-1239
-1236
-1263
-1238
-1231
-1198
-1165
-1140
-1166
-1121
-1082
-1089
-1015
-1011
-964
-863
-791
-664
-547
-470
-342
-250
-160
-29
90
169
195
300
422
476
521
568
613
648
689
703
702
667
643
603
558
492
385
306
185
77
-13
-86
-168
-247
-367
-495
-564
-667
-708
-722
-784
-815
-848
-884
-870
-899
-900
-839
-807
-770
-722
-677
-594
-471
-424
-369
-296
-268
-220
-183
-134
-150
-133
-90
-107
-99
-83
-91
-112
-158
-232
-284
-361
-395
-436
-508
-573
-641
-729
-788
-871
-956
-986
-1071
-1099
-1129
-1178
-1214
-1238
-1273
-1284
-1246
-1251
-1233
-1254
-1251
-1254
-1322
-1322
-1309
-1296
-1330
-1317
-1303
-1303
-1253
-1243
-1169
-1133
-1097
-1034
-976
-933
-907
-874
-858
-854
-846
-839
-835
-809
-854
-820
-838
-850
-858
-926
-949
-961
-1002
-1042
-1065
-1110
-1129
-1159
-1126
-1138
-1150
-1157
-1106
-1032
-980
-910
-851
-759
-667
-559
-444
-352
-252
-132
-39
53
170
271
348
457
544
648
705
799
885
910
974
988
936
882
871
810
746
663
592
518
480
424
346
288
191
178
159
94
39
9
-35
-71
-117
-129
-130
-177
-146
-125
-110
-102
-94
-46
17
12
13
20
-20
-59
-101
-95
-122
-119
-150
-173
-203
-215
-218
-300
-350
-375
-381
-407
-378
-375
-366
-301
-299
-314
-297
-265
-264
-280
-261
-232
-224
-210
-216
-249
-286
-343
-376
-408
-455
-493
-491
-528
-582
-609
-650
-672
-714
-744
-767
-809
-880
-912
-970
-1028
-1042
-1075
-1098
-1051
-995
-1000
-1018
-1010
-992
-1021
-1001
-975
-943
-876
-795
-794
-789
-724
-710
-640
-533
-482
-453
-383
-324
-253
-168
-112
-53
-4
32
65
81
151
163
147
169
166
185
168
174
151
124
112
15
-24
-21
-36
-57
-123
-149
-144
-191
-226
-184
-188
-208
-206
-189
-161
-117
-85
-89
-47
-34
26
42
66
141
253
329
343
409
489
537
575
649
663
746
803
850
902
993
1049
1037
1074
1061
1051
1052
1043
1038
1040
981
930
844
824
781
699
699
675
637
576
545
545
573
561
601
647
689
730
779
850
826
903
980
1027
1100
1177
1205
1246
1326
1336
1361
1401
1429
1425
1420
1430
1419
1396
1375
1348
1326
1330
1337
1251
1144
1090
1031
979
916
849
827
796
770
735
683
669
625
609
556
511
465
394
418
399
353
279
239
253
275
272
274
262
166
49
-8
-13
-39
-81
-135
-173
-243
-325
-389
-434
-502
-546
-609
-691
-787
-864
-917
-937
-933
-952
-983
-1016
-1034
-1069
-1038
-1047
-1000
-978
-977
-939
-910
-907
-895
-843
-805
-734
-650
-538
-454
-401
-330
-248
-180
-81
4
124
233
344
429
493
545
588
658
705
743
800
866
892
911
940
983
948
976
1029
1017
1026
1023
1024
995
969
945
919
891
811
812
804
821
836
814
793
767
768
745
739
699
711
682
633
637
660
654
618
632
640
595
587
611
645
649
625
595
559
567
519
476
466
440
384
352
282
189
143
35
-69
-162
-264
-349
-424
-485
-524
-570
-622
-669
-706
-718
-717
-686
-626
-542
-503
-501
-442
-369
-317
-229
-161
-126
-26
55
133
220
266
344
390
457
523
552
629
705
728
707
732
758
794
803
832
838
840
841
844
865
850
833
795
845
818
776
776
731
671
625
606
570
530
517
514
486
441
425
411
430
422
384
444
456
484
511
516
525
474
437
475
486
478
478
493
530
531
584
549
139
-280
-340
-448
-68
689
1070
1026
307
-927
-1598
-949
-226
-57
-369
-342
-364
-459
423
1070
634
-539
-1427
-1159
101
545
-199
-1150
-1086
-500
-245
-101
-360
-694
-1042
-813
-168
-5
-349
-762
-631
-193
42
39
-131
-337
-357
-44
431
612
421
369
426
393
27
-382
-567
-340
204
535
743
549
283
540
786
711
504
286
246
312
292
444
857
1094
1138
1049
880
822
985
1069
945
944
1030
970
945
1193
1422
1345
1085
1023
1132
1237
1254
1327
1337
1118
822
728
870
958
793
482
501
758
988
927
542
148
46
222
368
349
190
15
-47
-36
-46
-126
-117
-93
-194
-161
-24
-10
-106
-173
-254
-370
-477
-499
-429
-441
-611
-798
-893
-903
-982
-1098
-1208
-1242
-1261
-1253
-1219
-1297
-1388
-1472
-1425
-1364
-1335
-1332
-1376
-1400
-1379
-1311
-1243
-1165
-1021
-923
-783
-654
-583
-529
-574
-604
-615
-543
-506
-475
-432
-407
-393
-390
-361
-368
-359
-407
-534
-591
-579
-487
-370
-428
-463
-540
-553
-483
-447
-352
-326
-292
-357
-413
-372
-301
-218
-133
-73
23
97
133
221
368
500
575
688
740
789
799
852
894
934
1011
1056
1049
1004
959
856
807
772
688
606
589
507
407
396
389
372
336
297
255
190
145
158
122
58
39
38
19
62
122
163
264
349
394
408
462
499
526
570
653
763
812
847
887
932
1008
1054
1075
1088
1100
1100
1067
1034
1032
1008
985
933
830
783
721
677
643
591
516
455
394
353
316
275
235
186
94
46
61
18
36
29
-2
-49
-100
-107
-70
-34
9
63
88
118
138
136
165
181
104
93
83
50
4
-79
-128
-174
-210
-260
-348
-410
-437
-529
-642
-763
-881
-963
-1060
-1179
-1299
-1373
-1436
-1526
-1641
-1727
-1807
-1869
-1905
-1986
-2088
-2106
-2154
-2201
-2220
-2270
-2301
-2339
-2311
-2315
-2319
-2251
-2216
-2214
-2159
-2082
-2030
-1966
-1881
-1827
-1785
-1711
-1650
-1636
-1578
-1506
-1476
-1449
-1408
-1363
-1378
-1377
-1429
-1462
-1491
-1562
-1602
-1643
-1652
-1667
-1691
-1699
-1696
-1682
-1706
-1707
-1649
-1606
-1559
-1512
-1467
-1420
-1375
-1264
-1134
-1062
-969
-907
-814
-713
-656
-551
-430
-317
-210
-113
-41
14
108
198
257
325
393
484
535
599
654
682
757
783
798
834
893
926
891
916
949
888
797
734
653
588
509
406
389
371
328
285
267
264
280
307
300
266
219
190
217
180
136
154
139
173
136
160
156
151
168
107
125
114
93
105
112
68
102
99
53
29
37
55
49
44
10
-3
-23
-34
-12
-36
-12
-1
-32
-30
-17
50
54
90
79
80
96
95
129
95
69
35
26
-1
-72
-132
-176
-227
-317
-349
-405
-485
-508
-575
-623
-671
-667
-702
-806
-813
-816
-810
-806
-826
-820
-843
-855
-847
-816
-746
-698
-683
-629
-588
-573
-501
-436
-409
-367
-392
-377
-320
-315
-272
-274
-282
-276
-264
-257
-279
-315
-315
-349
-378
-354
-366
-407
-460
-474
-492
-476
-486
-489
-461
-503
-507
-467
-420
-370
-340
-308
-265
-250
-244
-233
-221
-203
-219
-177
-135
-142
-77
-14
-10
12
-1
-25
1
-16
0
-31
-74
-92
-151
-126
-83
-94
-77
-86
-94
-60
-97
-50
-21
-56
-59
-48
-32
-40
14
70
74
98
139
153
227
254
256
273
244
281
342
353
375
405
415
470
502
541
622
684
723
788
883
940
951
1013
1091
1070
1047
1062
1123
1188
1234
1270
1299
1328
1364
1415
1435
1473
1479
1493
1492
1473
1435
1384
1356
1279
1243
1233
1180
1126
1072
1030
981
923
877
825
752
705
689
642
640
621
579
564
568
562
520
494
526
518
511
572
594
629
648
631
664
709
679
660
613
578
571
562
555
552
563
545
503
490
514
500
475
487
490
459
494
519
513
537
579
630
722
767
837
888
883
940
941
911
892
894
889
902
902
915
905
883
904
880
857
851
861
862
838
855
833
788
775
746
706
727
775
763
808
806
804
847
847
866
894
853
796
802
805
769
743
733
666
645
605
554
483
408
376
323
257
169
117
90
76
66
-1
-77
-102
-124
-158
-182
-147
-159
-179
-173
-150
-171
-152
-115
-134
-132
-175
-222
-242
-246
-359
-391
-436
-472
-480
-564
-577
-610
-652
-706
-759
-823
-818
-834
-849
-844
-806
-756
-738
-701
-707
-735
-735
-683
-681
-634
-604
-546
-501
-419
-322
-228
-120
-114
-56
-1
22
38
85
142
217
277
339
350
427
492
561
676
719
805
859
933
967
1036
1102
1153
1191
1234
1262
1262
1340
1419
1486
1465
1454
1487
1516
1541
1563
1577
1558
1559
1496
1471
1470
1432
1424
1381
1385
1368
1356
1313
1316
1321
1255
1236
1189
1124
1125
1099
1035
987
942
895
849
830
737
734
702
638
613
564
520
470
385
331
340
286
245
225
211
181
199
139
83
55
21
2
7
-50
-209
-283
-395
-480
-540
-637
-713
-764
-893
-952
-1030
-1109
-1173
-1255
-1308
-1412
-1421
-1470
-1558
-1610
-1593
-1592
-1605
-1621
-1623
-1632
-1673
-1654
-1623
-1551
-1466
-1377
-1303
-1173
-1064
-930
-814
-673
-537
-516
-455
-379
-292
-246
-158
-109
-33
-13
11
78
146
180
180
193
132
117
124
175
130
97
105
92
119
116
131
161
179
207
250
241
254
293
332
371
411
476
516
559
605
622
673
775
853
918
942
974
1029
1091
1145
1136
1126
1132
1137
1124
1097
1066
1040
1006
989
958
908
846
797
703
630
528
366
263
166
40
-90
-172
-245
-328
-378
-383
-436
-479
-486
-469
-432
-407
-354
-293
-255
-189
-92
-5
74
100
123
178
236
315
368
373
419
442
438
421
398
358
294
295
235
169
129
38
-59
-114
-211
-376
-509
-605
-645
-754
-840
-918
-1041
-1130
-1223
-1301
-1348
-1392
-1439
-1448
-1474
-1493
-1432
-1373
-1379
-1377
-1319
-1271
-1263
-1181
-1088
-1015
-934
-904
-847
-766
-717
-711
-692
-619
-560
-531
-462
-400
-371
-338
-327
-345
-320
-295
-293
-260
-264
-254
-220
-214
-231
-183
-154
-161
-111
-97
-50
-38
34
81
83
99
150
244
245
278
320
301
266
301
302
334
361
331
360
321
320
295
253
239
152
98
32
-18
-47
-117
-181
-217
-293
-365
-414
-432
-455
-502
-536
-587
-634
-660
-621
-625
-613
-591
-559
-537
-495
-466
-441
-356
-352
-363
-375
-357
-341
-284
-253
-242
-229
-269
-298
-311
-309
-336
-332
-351
-375
-402
-493
-575
-620
-683
-760
-782
-826
-909
-963
-1000
-1051
-1088
-1072
-1092
-1089
-1064
-1101
-1150
-1189
-1156
-1173
-1215
-1204
-1215
-1235
-1204
-1179
-1129
-1117
-1141
-1056
-1026
-1011
-1013
-999
-983
-1016
-1012
-1020
-1000
-1015
-1049
-1042
-1039
-1070
-1095
-1059
-1102
-1133
-1123
-1081
-1079
-1122
-1102
-1097
-1100
-1108
-1093
-1129
-1184
-1234
-1226
-1233
-1276
-1327
-1389
-1410
-1449
-1477
-1501
-1518
-1517
-1475
-1486
-1532
-1517
-1456
-1408
-1408
-1359
-1275
-1135
-1020
-955
-816
-707
-629
-566
-493
-415
-317
-234
-143
-70
-30
59
115
181
233
293
324
372
415
467
547
597
661
732
812
845
861
923
996
1020
1023
1090
1128
1170
1241
1282
1377
1431
1472
1524
1510
1460
1467
1511
1496
1432
1372
1320
1225
1131
1008
919
840
689
580
505
398
297
204
142
59
-42
-151
-261
-305
-366
-410
-424
-437
-451
-462
-396
-366
-338
-242
-208
-148
-56
39
137
221
349
465
601
710
756
914
1033
1104
1220
1286
1338
1378
1436
1444
1455
1448
1371
1326
1310
1282
1193
1156
1085
1027
969
878
781
610
480
363
214
65
-96
-292
-446
-585
-709
-853
-999
-1152
-1245
-1343
-1461
-1498
-1589
-1672
-1734
-1763
-1812
-1822
-1851
-1893
-1852
-1808
-1785
-1736
-1676
-1636
-1561
-1524
-1475
-1391
-1341
-1325
-1262
-1158
-1137
-1110
-1077
-1081
-1054
-1094
-1139
-1125
-1128
-1185
-1204
-1215
-1262
-1279
-1298
-1304
-1350
-1388
-1380
-1383
-1400
-1386
-1354
-1359
-1314
-1250
-1198
-1151
-1109
-1015
-932
-899
-844
-730
-641
-540
-398
-258
-141
1
121
196
278
418
530
582
662
717
779
807
872
822
801
877
900
892
916
1001
980
989
966
977
1005
951
961
997
1031
1070
1113
1177
1209
1246
1319
1355
1392
1474
1548
1594
1680
1760
1846
1915
2010
2075
2106
2090
2075
2081
2050
2037
1986
1931
1875
1804
1758
1722
1667
1612
1542
1500
1430
1302
1155
1080
995
920
842
778
739
639
646
595
479
420
354
307
213
129
95
8
-17
-33
-92
-103
-110
-104
-149
-154
-105
-135
-183
-248
-283
-323
-398
-436
-384
-392
-405
-369
-381
-402
-395
-384
-409
-419
-451
-546
-645
-716
-761
-796
-824
-825
-876
-924
-927
-936
-940
-885
-902
-961
-1000
-1060
-1091
-1104
-1075
-1050
-1007
-951
-868
-823
-716
-613
-515
-390
-317
-246
-151
-78
-50
32
111
174
214
295
338
327
390
440
438
455
499
514
507
519
475
418
382
342
292
251
237
191
186
151
145
165
114
56
92
138
119
106
78
34
38
114
164
183
202
222
221
228
323
342
370
471
568
636
657
715
735
720
684
708
675
629
644
642
547
488
473
438
417
370
367
261
165
122
95
75
24
-16
-86
-147
-132
-183
-233
-182
-199
-252
-245
-216
-184
-209
-226
-171
-145
-136
-79
-23
-10
32
64
91
44
68
113
88
119
144
170
169
171
168
105
45
5
-46
-92
-137
-214
-275
-324
-386
-490
-617
-677
-751
-869
-980
-1040
-1098
-1204
-1243
-1281
-1387
-1438
-1429
-1459
-1496
-1506
-1504
-1485
-1508
-1466
-1431
-1471
-1512
-1519
-1495
-1511
-1517
-1560
-1609
-1600
-1568
-1549
-1503
-1479
-1437
-1388
-1349
-1340
-1322
-1255
-1200
-1162
-1081
-975
-913
-821
-688
-621
-554
-428
-387
-285
-168
-100
0
140
293
385
527
685
797
848
933
1036
1052
1061
1103
1059
1057
1106
1077
1042
1015
1047
1079
1120
1099
1128
1115
1052
1013
970
979
930
882
816
786
774
787
791
830
843
837
855
831
859
825
838
815
778
725
621
560
443
406
380
323
262
236
192
168
151
92
46
-37
-143
-218
-252
-320
-352
-414
-463
-489
-492
-460
-467
-483
-496
-546
-568
-538
-531
-527
-502
-453
-466
-420
-325
-290
-261
-216
-178
-115
-77
8
71
72
120
164
246
325
404
483
580
688
778
836
886
984
1072
1086
1146
1210
1212
1283
1313
1360
1411
1429
1431
1432
1446
1420
1398
1368
1302
1221
1205
1140
1075
1059
1022
1027
1028
1009
949
886
819
744
680
587
505
404
365
341
299
281
203
115
56
-40
-137
-208
-284
-335
-394
-468
-556
-613
-660
-656
-685
-733
-754
-808
-806
-842
-894
-931
-922
-893
-903
-890
-890
-893
-914
-919
-910
-915
-911
-934
-960
-950
-944
-930
-913
-917
-880
-851
-834
-820
-791
-753
-717
-673
-606
-535
-505
-488
-419
-341
-272
-226
-208
-170
-140
-108
-55
-45
12
70
51
52
55
95
96
108
96
102
106
99
67
80
119
76
101
115
156
169
187
234
277
321
372
469
558
608
703
795
802
869
1017
1129
1217
1347
1429
1435
1548
1678
1763
1853
1940
2033
2082
2154
2216
2332
2383
2399
2443
2423
2393
2409
2405
2300
2238
2150
2042
1976
1950
1895
1815
1677
1547
1404
1236
1128
1040
903
743
617
406
296
170
29
-115
-256
-358
-494
-582
-685
-772
-836
-868
-944
-993
-1083
-1164
-1249
-1295
-1320
-1442
-1491
-1493
-1544
-1600
-1652
-1766
-1788
-1845
-1911
-1931
-1996
-2070
-2097
-2137
-2182
-2197
-2278
-2336
-2428
-2493
-2508
-2519
-2527
-2561
-2570
-2573
-2565
-2483
-2427
-2382
-2331
-2308
-2219
-2190
-2107
-2007
-1985
-1927
-1817
-1736
-1640
-1494
-1379
-1279
-1168
-1092
-1043
-947
-864
-786
-750
-656
-585
-515
-452
-382
-263
-193
-140
-103
-47
-42
-28
27
67
73
98
119
77
62
77
65
54
33
-20
-92
-72
-90
-114
-57
-70
-65
-87
-107
-90
-92
-64
-49
-40
-12
-3
30
91
127
147
187
233
244
262
283
338
374
409
447
472
485
498
556
551
534
558
612
649
695
754
837
931
1003
1035
1107
1202
1296
1377
1434
1522
1601
1691
1724
1749
1836
1923
1979
2034
2011
2032
2023
1963
1951
1860
1751
1636
1558
1517
1387
1312
1226
1111
1102
977
912
867
814
802
731
676
601
548
492
501
472
403
381
360
363
367
398
428
420
413
417
412
370
375
372
320
314
306
292
268
243
225
238
213
190
193
160
147
152
175
177
166
189
183
161
184
215
263
301
344
421
489
552
617
613
621
642
641
639
636
625
645
657
697
718
758
799
798
841
842
947
1031
1046
1079
1124
1128
1168
1233
1259
1293
1331
1380
1399
1436
1449
1433
1423
1447
1475
1439
1440
1472
1447
1427
1365
1338
1342
1267
1203
1172
1105
1056
1033
967
882
885
885
830
785
749
762
753
764
757
750
694
657
621
546
495
441
408
386
403
339
261
215
189
118
28
-24
-107
-158
-199
-239
-278
-310
-330
-317
-285
-295
-300
-304
-316
-358
-442
-503
-516
-504
-548
-625
-659
-667
-735
-797
-801
-846
-891
-930
-992
-1112
-1219
-1284
-1339
-1356
-1415
-1462
-1505
-1588
-1605
-1624
-1685
-1695
-1728
-1752
-1755
-1748
-1740
-1764
-1754
-1761
-1752
-1737
-1713
-1670
-1641
-1580
-1592
-1569
-1543
-1502
-1454
-1448
-1402
-1360
-1297
-1290
-1255
-1207
-1176
-1170
-1185
-1181
-1164
-1161
-1173
-1174
-1169
-1202
-1202
-1196
-1207
-1196
-1211
-1190
-1178
-1115
-1075
-1047
-990
-947
-896
-844
-745
-649
-587
-519
-439
-332
-217
-104
-44
-16
38
98
109
156
218
244
276
261
281
267
239
240
240
192
171
204
180
186
177
189
195
218
286
278
293
365
407
450
484
544
609
665
807
873
948
1074
1143
1240
1307
1368
1451
1493
1494
1512
1539
1554
1595
1637
1686
1705
1708
1648
1585
1574
1508
1428
1370
1276
1193
1135
1051
994
907
811
755
658
589
536
406
309
220
138
75
9
-62
-81
-120
-116
-101
-129
-93
-84
-69
-27
52
50
49
63
120
145
152
191
250
297
317
336
362
401
440
496
493
532
553
609
653
718
771
796
826
831
916
993
1106
1243
1303
1353
1446
1516
1535
1600
1618
1660
1701
1675
1694
1699
1686
1643
1591
1487
1381
1275
1206
1070
930
827
670
513
368
208
67
-116
-329
-460
-635
-776
-944
-1091
-1228
-1363
-1443
-1590
-1731
-1842
-2009
-2118
-2233
-2354
-2451
-2607
-2723
-2797
-2890
-2998
-3092
-3201
-3203
-3263
-3378
-3429
-3493
-3560
-3607
-3657
-3703
-3757
-3783
-3738
-3709
-3673
-3650
-3644
-3616
-3602
-3496
-3383
-3354
-3247
-3155
-3027
-2858
-2742
-2635
-2504
-2403
-2236
-2081
-1987
-1876
-1777
-1657
-1578
-1482
-1410
-1376
-1326
-1264
-1220
-1177
-1192
-1205
-1187
-1179
-1220
-1284
-1357
-1408
-1440
-1493
-1509
-1497
-1462
-1461
-1435
-1385
-1321
-1291
-1215
-1163
-1142
-1100
-1050
-996
-930
-839
-781
-692
-616
-536
-455
-380
-300
-209
-183
-150
-125
-160
-123
-90
-83
-102
-93
-49
6
50
100
150
215
247
300
396
474
559
618
718
783
903
997
1091
1234
1336
1434
1483
1596
1686
1721
1734
1769
1828
1854
1889
1946
1998
2039
2047
2091
2080
2041
2032
1942
1882
1872
1816
1775
1769
1683
1665
1669
1681
1660
1603
1595
1532
1507
1423
1308
1263
1232
1195
1158
1092
1049
1034
1018
1011
1032
1024
1001
995
980
982
970
963
971
970
932
931
944
926
929
916
875
865
818
726
598
535
447
315
199
21
-118
-263
-361
-466
-564
-703
-821
-872
-934
-1002
-1071
-1116
-1149
-1165
-1184
-1108
-1076
-1067
-1046
-986
-943
-956
-885
-802
-720
-609
-469
-334
-174
-53
82
215
335
399
463
529
610
712
757
823
844
878
874
913
906
899
932
933
967
944
885
875
885
870
850
850
874
894
874
852
890
856
826
852
855
891
887
866
868
842
869
892
848
825
875
933
968
991
1031
1066
1112
1208
1230
1264
1276
1283
1342
1350
1372
1435
1513
1528
1516
1549
1613
1618
1613
1629
1624
1650
1586
1554
1516
1476
1407
1336
1313
1231
1159
1106
1030
946
881
780
698
637
573
515
472
436
417
427
423
442
496
485
520
552
574
601
586
585
558
558
505
494
485
453
411
332
260
178
64
-25
-97
-207
-271
-371
-469
-600
-714
-835
-976
-1058
-1161
-1240
-1257
-1295
-1381
-1438
-1480
-1483
-1482
-1471
-1505
-1488
-1430
-1344
-1251
-1202
-1114
-1008
-922
-836
-785
-759
-666
-594
-570
-554
-478
-424
-402
-370
-339
-311
-298
-325
-313
-299
-305
-269
-254
-241
-237
-222
-209
-195
-177
-138
-99
-107
-137
-155
-136
-145
-216
-258
-263
-278
-308
-303
-280
-254
-278
-271
-210
-196
-157
-113
-100
-64
-26
-9
50
70
99
150
168
214
286
304
288
281
284
260
213
193
106
29
-8
-44
-78
-166
-266
-304
-331
-349
-340
-372
-421
-466
-448
-451
-494
-444
-404
-362
-309
-234
-179
-111
-61
3
122
166
239
271
337
428
444
478
490
497
525
528
549
540
510
499
471
438
434
391
359
347
309
265
211
208
183
155
154
146
138
168
150
136
125
91
84
120
193
220
274
302
311
359
411
467
516
539
559
550
563
608
601
599
544
508
481
386
319
226
93
-43
-161
-325
-493
-637
-832
-1020
-1181
-1349
-1517
-1674
-1809
-1924
-2048
-2169
-2251
-2295
-2378
-2423
-2471
-2530
-2469
-2413
-2345
-2276
-2194
-2085
-2009
-1927
-1861
-1773
-1674
-1605
-1533
-1459
-1428
-1370
-1315
-1305
-1297
-1293
-1257
-1207
-1186
-1183
-1196
-1200
-1166
-1162
-1146
-1130
-1142
-1153
-1123
-1125
-1149
-1139
-1147
-1169
-1128
-1124
-1114
-1090
-1092
-1050
-1015
-945
-916
-888
-833
-734
-685
-659
-587
-547
-493
-418
-362
-270
-174
-78
19
97
168
227
316
368
422
430
444
457
481
488
509
515
491
509
562
563
538
532
551
621
660
704
746
816
862
905
956
995
1044
1175
1217
1273
1384
1441
1485
1509
1535
1597
1647
1657
1677
1680
1654
1604
1628
1606
1619
1620
1654
1657
1641
1635
1597
1539
1494
1448
1363
1323
1251
1189
1076
1022
921
879
843
720
675
641
613
587
560
520
507
468
461
489
452
451
484
521
599
677
758
795
816
883
902
891
934
938
913
912
894
842
784
721
628
537
365
194
66
-109
-289
-493
-691
-878
-1070
-1261
-1444
-1606
-1782
-1937
-2057
-2176
-2268
-2347
-2389
-2415
-2443
-2445
-2436
-2419
-2371
-2321
-2268
-2179
-2138
-2093
-2070
-2032
-1975
-1928
-1956
-1998
-1976
-1984
-2040
-2069
-2093
-2158
-2179
-2231
-2268
-2308
-2404
-2467
-2546
-2652
-2666
-2686
-2738
-2769
-2775
-2751
-2674
-2593
-2500
-2381
-2256
-2149
-2060
-1948
-1828
-1682
-1597
-1467
-1329
-1168
-1001
-796
-622
-473
-281
-126
69
206
362
483
634
811
928
1024
1126
1258
1301
1362
1425
1451
1529
1557
1547
1569
1595
1584
1592
1597
1561
1560
1530
1511
1524
1561
1568
1568
1598
1636
1641
1672
1728
1770
1823
1867
1961
2009
2072
2147
2164
2137
2150
2147
2128
2096
2060
2027
1935
1852
1800
1725
1573
1480
1403
1292
1143
1022
887
795
728
616
521
488
451
410
411
359
378
372
367
358
351
371
408
440
464
515
600
623
644
689
724
760
722
749
750
748
722
721
735
681
670
639
597
566
528
482
455
438
410
360
277
249
249
205
159
161
158
127
139
136
81
72
105
100
75
81
99
103
124
125
148
205
206
248
281
312
327
307
314
253
201
171
122
81
73
1
-66
-108
-121
-145
-192
-203
-226
-248
-260
-259
-288
-310
-352
-365
-419
-457
-459
-430
-361
-330
-251
-215
-182
-150
-122
-75
-38
-12
0
57
69
80
143
162
169
194
211
189
182
160
115
62
32
3
-88
-158
-195
-230
-252
-290
-332
-354
-369
-387
-412
-443
-420
-442
-472
-484
-505
-497
-526
-458
-384
-339
-245
-113
-14
121
263
376
510
633
760
851
971
1066
1145
1246
1331
1399
1430
1514
1534
1479
1514
1512
1439
1326
1271
1180
1079
1007
872
791
716
683
661
628
588
528
481
445
472
494
516
594
639
712
822
895
995
1079
1195
1254
1253
1255
1252
1295
1312
1298
1238
1170
1080
984
839
688
585
436
312
188
102
35
-49
-145
-213
-275
-292
-312
-414
-448
-416
-435
-470
-495
-517
-487
-446
-391
-399
-348
-239
-226
-188
-130
-166
-144
-160
-246
-259
-293
-307
-345
-411
-499
-605
-675
-710
-777
-853
-919
-990
-1043
-1060
-1097
-1160
-1180
-1189
-1202
-1174
-1142
-1100
-1065
-1038
-1002
-966
-948
-892
-834
-845
-810
-832
-867
-873
-862
-805
-817
-827
-825
-868
-858
-874
-853
-828
-883
-914
-939
-968
-967
-923
-891
-855
-829
-835
-833
-799
-748
-723
-701
-684
-653
-616
-590
-575
-560
-511
-511
-460
-408
-365
-287
-210
-139
-88
-66
1
63
80
164
223
260
284
274
276
273
263
291
295
248
220
208
211
228
185
176
152
161
177
176
179
175
195
232
280
281
342
422
514
608
721
792
897
980
1025
1100
1161
1255
1250
1248
1324
1313
1258
1268
1259
1213
1151
1118
1082
981
865
783
658
505
354
133
-61
-245
-428
-649
-796
-898
-1050
-1202
-1294
-1370
-1457
-1478
-1529
-1550
-1571
-1519
-1475
-1433
-1358
-1296
-1209
-1093
-993
-944
-817
-715
-647
-573
-474
-397
-320
-246
-200
-153
-149
-176
-191
-214
-269
-325
-400
-511
-636
-729
-838
-917
-1022
-1077
-1120
-1187
-1224
-1272
-1310
-1331
-1299
-1326
-1268
-1181
-1146
-1072
-948
-830
-705
-547
-403
-242
-67
118
289
455
555
676
759
876
992
1037
1104
1138
1135
1138
1134
1094
1030
938
827
742
680
575
469
402
317
266
256
171
117
88
105
136
205
268
292
357
427
556
686
815
921
1017
1146
1204
1278
1433
1486
1530
1560
1619
1642
1600
1594
1555
1528
1470
1395
1304
1261
1217
1141
1064
1002
930
776
637
567
452
355
258
129
16
-86
-166
-203
-208
-271
-339
-353
-352
-441
-448
-439
-469
-456
-433
-454
-460
-444
-410
-385
-413
-385
-373
-361
-345
-272
-233
-245
-266
-283
-305
-300
-290
-284
-303
-313
-287
-316
-299
-294
-286
-246
-219
-225
-221
-171
-144
-158
-164
-149
-137
-135
-128
-153
-148
-172
-231
-225
-246
-285
-325
-361
-431
-493
-527
-569
-599
-623
-670
-732
-804
-916
-961
-1035
-1116
-1154
-1218
-1264
-1274
-1263
-1312
-1343
-1294
-1287
-1247
-1214
-1266
-1266
-1230
-1228
-1241
-1268
-1293
-1346
-1335
-1293
-1322
-1309
-1287
-1271
-1237
-1085
-1058
-1059
-989
-974
-945
-931
-898
-874
-818
-792
-693
-576
-476
-431
-340
-270
-171
-41
-11
70
181
274
309
426
521
580
623
625
699
771
816
914
905
882
959
979
938
927
940
924
910
896
873
832
799
758
712
668
622
571
541
525
505
456
435
399
339
335
292
269
232
212
209
197
213
231
235
232
242
257
282
309
341
385
432
446
505
510
480
422
346
284
168
70
-80
-208
-295
-428
-593
-766
-891
-1010
-1139
-1243
-1329
-1449
-1560
-1626
-1713
-1766
-1806
-1801
-1781
-1744
-1668
-1629
-1530
-1428
-1333
-1218
-1122
-987
-873
-781
-709
-652
-617
-537
-458
-433
-363
-316
-261
-262
-271
-276
-344
-384
-450
-497
-522
-604
-669
-766
-808
-819
-889
-954
-991
-1003
-1026
-1017
-1028
-1034
-1032
-1014
-1032
-996
-976
-964
-889
-837
-711
-608
-527
-424
-367
-303
-217
-131
-47
-9
25
68
140
172
150
183
208
255
309
285
282
310
336
364
367
370
428
511
549
567
610
614
674
762
816
873
861
906
969
1013
1057
1114
1156
1182
1210
1237
1218
1195
1193
1166
1105
1073
1021
924
906
855
793
738
713
635
629
611
519
472
412
379
369
369
346
366
360
360
313
327
363
367
473
516
546
540
568
616
644
717
739
751
778
780
789
822
794
758
740
689
661
617
555
507
468
411
337
286
241
189
104
30
13
-64
-135
-151
-181
-190
-193
-221
-234
-257
-261
-320
-366
-362
-373
-391
-447
-447
-463
-452
-500
-503
-496
-555
-601
-627
-651
-690
-651
-663
-641
-633
-606
-578
-584
-527
-503
-436
-350
-342
-301
-253
-209
-188
-165
-87
-6
77
166
240
310
387
419
484
537
547
614
695
734
755
756
731
710
700
634
636
594
525
539
446
365
358
337
315
268
235
196
153
163
128
108
122
118
133
187
208
225
234
315
361
409
519
562
600
622
685
733
762
744
689
720
754
766
747
751
739
718
727
704
669
605
586
527
519
471
416
407
367
351
331
353
400
442
474
497
517
562
602
648
690
723
735
762
768
828
885
915
980
1045
1142
1224
1267
1326
1411
1441
1483
1579
1659
1681
1672
1706
1719
1739
1791
1844
1880
1891
1896
1896
1948
1917
1863
1837
1876
1852
1801
1822
1791
1729
1635
1581
1531
1455
1416
1434
1345
1210
1137
1094
1024
919
803
713
619
519
496
446
388
379
348
311
309
300
261
232
220
252
276
272
295
320
391
414
426
481
522
567
670
766
811
901
955
1004
1014
972
968
984
988
930
896
794
671
567
434
338
181
11
-121
-257
-455
-674
-848
-1017
-1249
-1486
-1695
-1900
-2116
-2391
-2612
-2792
-2984
-3126
-3278
-3376
-3484
-3576
-3639
-3684
-3716
-3750
-3753
-3774
-3753
-3750
-3728
-3687
-3604
-3544
-3444
-3353
-3304
-3186
-3072
-2972
-2898
-2838
-2796
-2718
-2656
-2591
-2501
-2401
-2336
-2266
-2136
-2038
-1926
-1802
-1674
-1582
-1460
-1367
-1319
-1203
-1104
-998
-926
-849
-762
-684
-591
-485
-372
-255
-153
-46
45
84
145
196
220
271
310
298
281
297
276
267
279
233
245
216
210
183
174
186
170
208
230
303
383
454
494
568
637
693
765
879
977
1037
1106
1147
1198
1247
1327
1406
1467
1504
1569
1618
1682
1755
1850
1906
1906
1933
1893
1905
1881
1801
1720
1677
1630
1538
1432
1320
1178
1025
924
765
609
501
418
327
259
213
139
86
58
-15
-100
-105
-102
-107
-60
-11
20
86
107
137
199
210
250
227
221
218
177
147
93
23
-89
-185
-304
-411
-528
-641
-766
-906
-1049
-1193
-1342
-1489
-1601
-1682
-1751
-1817
-1884
-1950
-1976
-2009
-2044
-2022
-1982
-1957
-1909
-1859
-1799
-1775
-1710
-1625
-1545
-1450
-1326
-1211
-1135
-998
-912
-794
-679
-560
-403
-287
-215
-109
41
165
230
295
431
544
639
726
833
929
1004
1077
1181
1258
1290
1323
1312
1347
1381
1421
1440
1426
1405
1373
1338
1295
1289
1262
1256
1275
1236
1144
1058
1012
992
966
973
926
891
892
875
886
842
840
869
880
896
881
853
829
866
945
932
902
914
955
980
960
894
842
819
751
695
630
523
416
328
233
141
54
-51
-139
-232
-310
-429
-560
-650
-749
-809
-865
-935
-999
-1020
-1091
-1128
-1133
-1116
-1104
-1130
-1089
-1039
-997
-922
-841
-790
-707
-634
-550
-432
-313
-244
-134
-12
94
179
259
350
394
377
382
395
361
342
320
310
275
230
165
62
-60
-156
-290
-376
-462
-584
-654
-782
-886
-975
-1062
-1122
-1196
-1274
-1360
-1407
-1417
-1483
-1512
-1508
-1559
-1543
-1495
-1498
-1527
-1542
-1496
-1492
-1517
-1511
-1558
-1643
-1674
-1709
-1756
-1806
-1843
-1840
-1854
-1887
-1900
-1884
-1927
-1960
-1934
-1951
-1963
-1946
-1951
-1924
-1811
-1741
-1662
-1509
-1430
-1305
-1136
-986
-806
-641
-488
-333
-164
13
169
349
511
639
794
938
1034
1095
1186
1276
1322
1384
1449
1462
1492
1471
1372
1320
1274
1244
1221
1168
1112
1067
998
912
845
806
808
766
728
696
705
642
578
605
568
575
570
553
542
561
599
593
608
635
618
600
636
649
654
629
572
578
547
521
508
510
511
495
488
469
465
513
554
565
592
627
658
695
805
913
944
1019
1096
1118
1244
1346
1475
1578
1667
1765
1844
1973
2022
2033
2074
2126
2173
2228
2234
2293
2320
2321
2312
2296
2256
2208
2195
2104
2001
1921
1864
1763
1635
1507
1402
1225
1082
955
775
640
553
436
274
171
54
-93
-253
-311
-350
-434
-461
-538
-596
-606
-607
-597
-560
-517
-477
-439
-409
-339
-273
-210
-232
-215
-155
-140
-161
-173
-170
-209
-251
-312
-339
-362
-453
-542
-595
-654
-766
-862
-910
-944
-986
-1055
-1066
-1090
-1147
-1196
-1229
-1242
-1266
-1292
-1335
-1317
-1285
-1277
-1257
-1226
-1176
-1161
-1108
-1091
-1060
-1040
-995
-924
-899
-825
-721
-641
-605
-513
-407
-307
-245
-176
-75
4
64
165
235
295
316
341
393
397
387
478
676
640
577
808
453
-425
-740
-274
305
968
988
47
-732
-1007
-675
-594
-529
-1020
-1899
-2112
-1493
-579
-277
-641
-1652
-2027
-1217
-396
-665
-1189
-1275
-1297
-965
-189
103
-601
-1176
-847
-86
331
150
-188
-412
-226
378
771
639
440
232
347
754
919
1019
1055
1109
1417
1783
1583
947
613
753
1097
1291
1203
977
923
1186
1348
1244
817
531
423
194
73
36
202
463
542
269
24
-26
64
51
-20
-104
-345
-394
-263
26
72
-46
-96
-182
-272
-214
-6
79
-1
-215
-298
-187
-204
-456
-683
-790
-745
-564
-371
-494
-856
-1018
-921
-782
-745
-831
-899
-823
-809
-905
-909
-852
-932
-999
-979
-917
-829
-724
-639
-638
-734
-745
-655
-612
-608
-586
-590
-604
-526
-494
-520
-625
-686
-672
-644
-586
-583
-655
-702
-687
-646
-612
-652
-671
-644
-644
-568
-506
-540
-538
-541
-511
-413
-311
-210
-125
-109
-42
36
146
312
373
461
585
762
902
1032
1137
1155
1184
1194
1194
1262
1353
1419
1443
1429
1382
1310
1291
1336
1390
1435
1416
1318
1250
1184
1145
1100
1001
910
863
823
764
740
707
648
579
556
546
514
495
482
520
504
568
697
741
890
979
964
979
1058
1116
1151
1233
1293
1290
1308
1343
1339
1346
1348
1367
1338
1294
1255
1225
1173
1107
1058
980
928
844
747
665
599
571
526
401
303
230
135
68
-12
-82
-176
-255
-315
-377
-459
-560
-691
-778
-883
-1006
-1076
-1136
-1185
-1303
-1383
-1430
-1490
-1517
-1548
-1662
-1746
-1799
-1825
-1862
-1900
-1891
-1952
-1996
-1971
-1956
-1919
-1894
-1893
-1801
-1711
-1645
-1626
-1535
-1431
-1396
-1301
-1202
-1139
-1069
-989
-955
-877
-788
-722
-649
-633
-664
-682
-681
-683
-723
-774
-830
-902
-924
-922
-1012
-1112
-1176
-1233
-1262
-1328
-1378
-1411
-1474
-1532
-1524
-1503
-1512
-1548
-1533
-1486
-1404
-1254
-1165
-1090
-991
-838
-722
-632
-484
-361
-246
-108
10
125
289
414
573
731
909
1055
1164
1288
1395
1522
1610
1675
1743
1797
1807
1848
1823
1806
1827
1795
1785
1736
1693
1679
1690
1677
1621
1579
1494
1411
1326
1254
1181
1104
975
895
891
827
799
799
737
650
655
657
651
646
648
638
622
642
699
727
755
777
787
835
874
868
872
855
784
777
723
690
654
617
577
527
487
421
400
370
348
343
300
294
277
228
223
165
133
123
61
47
73
88
105
122
125
142
183
218
236
248
240
256
279
319
307
250
252
241
201
155
145
142
82
36
-78
-189
-268
-314
-385
-517
-581
-637
-727
-831
-943
-1044
-1152
-1278
-1315
-1358
-1428
-1535
-1625
-1693
-1748
-1820
-1895
-1909
-1983
-2055
-2088
-2099
-2127
-2158
-2172
-2189
-2251
-2313
-2368
-2394
-2445
-2477
-2462
-2465
-2440
-2403
-2294
-2202
-2093
-1967
-1820
-1706
-1578
-1397
-1173
-931
-792
-615
-391
-169
-9
148
336
529
641
755
852
867
877
926
980
1044
1093
1062
1086
1087
1056
1027
996
926
850
806
768
670
644
556
450
433
413
463
472
431
414
420
403
391
360
362
361
378
350
376
430
454
493
515
519
533
540
543
540
494
532
539
574
594
583
644
665
674
747
803
842
874
928
954
976
1046
1036
990
992
1013
1044
1031
1027
1041
1067
1095
1087
1120
1115
1105
1104
1139
1142
1151
1135
1120
1119
1094
1073
1054
1024
942
910
854
789
744
695
629
625
597
541
489
447
444
375
350
301
232
190
95
32
-20
-71
-143
-233
-267
-337
-444
-523
-576
-618
-692
-777
-839
-909
-962
-1027
-1114
-1198
-1271
-1342
-1361
-1414
-1488
-1516
-1508
-1493
-1500
-1526
-1600
-1632
-1585
-1505
-1473
-1478
-1476
-1407
-1366
-1326
-1259
-1203
-1187
-1225
-1167
-1123
-1110
-1060
-998
-987
-925
-809
-749
-643
-561
-508
-428
-381
-311
-248
-172
-75
17
127
246
337
386
456
504
621
705
776
879
865
886
943
958
942
955
972
982
978
1026
1058
1081
1114
1104
1109
1092
1095
1046
1027
1053
1030
993
1011
1029
1010
1012
1003
1003
1023
1006
1033
1037
1000
990
982
970
960
969
990
1022
973
937
942
900
859
826
803
770
692
604
532
485
437
406
372
326
267
227
226
215
213
192
195
288
313
360
459
497
581
668
769
823
896
983
1055
1124
1181
1217
1220
1235
1275
1271
1214
1183
1122
1048
1041
1013
924
835
757
641
490
412
316
233
154
108
68
-8
-61
-66
-112
-166
-117
-85
-46
-15
50
97
202
301
298
357
424
477
528
566
560
620
562
556
530
414
446
214
105
97
-58
-207
-239
-376
-613
-700
-711
-888
-1114
-1148
-1293
-1405
-1469
-1484
-1492
-1585
-1579
-1598
-1704
-1587
-1492
-1559
-1594
-1509
-1559
-1622
-1547
-1358
-1277
-1303
-1171
-1280
-1288
-1155
-1043
-1029
-973
-908
-944
-882
-812
-728
-636
-523
-427
-339
-240
-52
33
125
287
358
471
562
624
712
766
796
873
860
843
866
872
893
856
843
752
614
533
526
476
343
269
154
17
-76
-136
-213
-253
-284
-323
-358
-349
-318
-278
-233
-206
-89
10
136
305
417
515
660
777
892
985
1101
1180
1272
1371
1425
1477
1467
1530
1577
1545
1490
1477
1409
1309
1218
1189
1142
1039
948
808
709
600
497
385
291
202
114
32
-30
-45
-74
-146
-144
-126
-148
-123
-99
-41
-13
-20
25
62
15
7
52
69
53
46
27
-16
-38
-125
-176
-233
-312
-370
-439
-508
-595
-684
-799
-857
-948
-1059
-1107
-1175
-1254
-1300
-1374
-1451
-1495
-1519
-1560
-1634
-1702
-1730
-1749
-1780
-1797
-1866
-1853
-1835
-1836
-1815
-1789
-1768
-1771
-1694
-1626
-1601
-1564
-1509
-1441
-1319
-1190
-1082
-959
-876
-760
-656
-537
-400
-284
-161
-68
32
162
259
334
442
475
533
580
638
689
720
736
710
727
692
645
592
586
583
544
559
531
478
471
480
461
447
418
376
362
373
411
382
376
428
437
450
478
465
496
533
589
606
580
601
649
665
634
630
626
691
683
696
673
657
664
628
656
677
680
639
592
608
632
620
650
645
641
689
728
753
744
758
819
849
915
939
940
1009
1011
1026
1071
1016
973
957
910
871
859
813
792
752
665
625
548
481
394
307
201
157
90
34
24
10
35
-3
-10
-21
-12
4
9
21
60
80
81
82
86
100
164
211
176
157
149
152
175
215
227
233
215
218
221
204
212
196
163
124
87
63
11
-72
-159
-195
-225
-264
-285
-360
-397
-405
-416
-448
-467
-496
-546
-556
-570
-584
-565
-551
-553
-540
-482
-439
-442
-438
-412
-368
-360
-339
-335
-373
-400
-369
-385
-392
-386
-419
-441
-452
-472
-492
-513
-545
-566
-579
-511
-553
-579
-521
-452
-440
-404
-311
-251
-161
-78
2
61
152
266
344
371
459
568
636
715
807
862
949
997
975
972
943
893
858
778
692
654
600
541
477
384
287
196
125
55
-54
-132
-203
-269
-381
-467
-547
-604
-660
-730
-746
-780
-788
-780
-770
-763
-753
-821
-829
-835
-842
-829
-823
-817
-862
-882
-939
-928
-928
-931
-950
-984
-1049
-1113
-1176
-1248
-1340
-1418
-1475
-1579
-1644
-1733
-1776
-1832
-1912
-1977
-2044
-2110
-2149
-2233
-2281
-2346
-2418
-2436
-2481
-2510
-2520
-2483
-2453
-2423
-2406
-2376
-2343
-2293
-2225
-2165
-2134
-2051
-1997
-1938
-1886
-1828
-1765
-1742
-1630
-1558
-1525
-1446
-1381
-1333
-1254
-1179
-1063
-1015
-942
-812
-712
-619
-539
-375
-251
-157
-52
59
173
243
361
487
574
721
834
890
1026
1140
1188
1231
1361
1404
1418
1507
1486
1560
1591
1599
1663
1651
1656
1615
1579
1568
1487
1416
1338
1262
1191
1100
1076
1055
1010
984
957
918
826
782
803
791
843
858
855
841
837
869
880
943
1000
991
975
1020
990
949
915
847
877
854
795
768
698
622
525
460
370
214
92
13
-75
-146
-244
-361
-425
-497
-571
-653
-710
-780
-843
-915
-984
-1071
-1116
-1151
-1234
-1269
-1302
-1336
-1378
-1411
-1485
-1552
-1618
-1641
-1649
-1663
-1697
-1741
-1701
-1699
-1714
-1680
-1640
-1582
-1509
-1481
-1435
-1385
-1347
-1258
