-963
-1161
-1296
-1376
-1381
-1406
-1494
-1585
-1624
-1581
-1523
-1535
-1623
-1765
-1901
-1937
-1858
-1676
-1447
-1239
-1073
-1020
-1089
-1198
-1361
-1572
-1761
-1876
-1912
-1866
-1742
-1566
-1347
-1093
-813
-524
-271
-66
81
206
353
455
498
513
493
400
285
188
117
18
-88
-127
-142
-150
-178
-212
-260
-370
-480
-521
-511
-464
-354
-150
86
274
362
357
285
177
135
129
104
78
6
-107
-229
-303
-319
-298
-267
-245
-195
-125
-39
-2
-41
-156
-338
-517
-654
-722
-758
-784
-794
-820
-821
-796
-742
-703
-743
-846
-984
-1159
-1353
-1506
-1577
-1563
-1475
-1283
-999
-657
-302
42
378
720
1048
1363
1666
1899
2010
1991
1829
1545
1154
732
383
112
-80
-215
-290
-313
-291
-246
-197
-132
-75
-76
-120
-171
-219
-240
-206
-124
-45
46
156
262
378
474
538
581
583
524
438
350
260
184
135
129
153
139
10
-224
-497
-792
-1088
-1306
-1401
-1348
-1159
-876
-531
-154
220
540
806
1042
1280
1526
1747
1912
1994
1914
1634
1221
759
319
-37
-298
-438
-462
-418
-347
-277
-194
-111
-4
143
321
514
716
900
999
1021
982
887
768
629
472
341
242
135
13
-92
-189
-289
-366
-423
-440
-414
-356
-295
-240
-139
33
247
475
718
987
1255
1491
1667
1793
1887
1927
1887
1763
1571
1338
1064
741
452
231
86
26
45
96
181
326
529
798
1095
1382
1611
1692
1602
1404
1056
568
5
-591
-1168
-1632
-1918
-1977
-1835
-1578
-1288
-1039
-854
-747
-669
-548
-368
-233
-179
-156
-125
-103
-91
-123
-243
-450
-752
-1090
-1423
-1731
-1985
-2191
-2353
-2438
-2416
-2275
-2024
-1642
-1201
-746
-248
227
597
857
1040
1198
1306
1326
1276
1119
816
365
-186
-795
-1361
-1775
-1952
-1880
-1664
-1376
-1092
-883
-723
-612
-565
-555
-609
-677
-697
-616
-455
-312
-203
-126
-60
32
232
564
945
1280
1480
1567
1555
1463
1311
1137
993
879
786
697
592
438
256
86
-33
-58
-8
47
89
148
206
227
203
85
-68
-216
-328
-313
-173
36
176
180
50
-237
-708
-1264
-1769
-2174
-2395
-2394
-2240
-1990
-1641
-1239
-857
-528
-305
-177
-104
-101
-128
-149
-146
-90
-12
93
217
329
413
454
443
412
354
274
218
183
206
212
163
96
6
-100
-180
-169
-44
173
420
627
775
810
712
510
240
-50
-344
-594
-782
-885
-955
-1014
-1030
-1041
-1054
-1034
-970
-883
-781
-656
-491
-291
-47
205
384
405
286
63
-226
-509
-753
-931
-1043
-1100
-1124
-1079
-1018
-958
-878
-795
-688
-612
-595
-607
-635
-699
-776
-882
-1010
-1109
-1159
-1145
-1121
-1099
-1079
-1083
-1115
-1151
-1227
-1355
-1494
-1616
-1666
-1617
-1513
-1379
-1210
-1036
-859
-684
-486
-305
-194
-208
-358
-564
-775
-923
-954
-867
-684
-444
-188
91
345
506
567
541
450
349
262
183
113
42
-12
-7
24
3
-81
-194
-331
-464
-565
-655
-775
-965
-1225
-1503
-1762
-2001
-2184
-2259
-2193
-1999
-1652
-1200
-700
-177
326
765
1091
1290
1369
1360
1226
959
616
271
-41
-300
-502
-617
-630
-588
-502
-384
-280
-263
-279
-312
-366
-422
-441
-444
-460
-486
-533
-557
-539
-448
-268
-16
297
633
894
1040
1111
1118
1039
893
714
534
377
242
132
28
-76
-174
-252
-278
-230
-160
-93
9
158
335
509
624
674
661
574
443
303
151
-18
-222
-455
-618
-688
-683
-568
-379
-165
89
359
629
848
981
1053
1087
1109
1147
1243
1400
1597
1812
2015
2168
2260
2259
2123
1855
1472
1010
509
30
-402
-782
-1083
-1252
-1285
-1219
-1068
-860
-644
-424
-219
-46
92
194
309
468
668
872
1069
1279
1471
1606
1669
1634
1466
1164
758
282
-234
-750
-1213
-1558
-1688
-1641
-1436
-1082
-637
-142
278
570
743
821
835
803
755
751
788
811
850
914
993
1018
930
710
368
-38
-449
-817
-1096
-1230
-1241
-1129
-886
-566
-214
152
531
889
1186
1408
1546
1644
1688
1647
1548
1385
1177
950
697
470
273
120
28
2
65
193
386
594
766
928
1051
1090
1029
851
565
225
-127
-439
-653
-744
-714
-602
-411
-197
-25
113
202
216
170
123
114
134
120
56
-44
-179
-335
-501
-638
-705
-691
-585
-385
-103
237
561
812
1004
1145
1258
1360
1514
1748
2012
2290
2530
2661
2677
2628
2495
2277
2015
1736
1495
1301
1153
995
828
702
578
427
266
97
-70
-229
-369
-447
-448
-374
-255
-135
1
176
406
622
795
932
960
901
785
645
467
266
41
-184
-332
-418
-388
-255
-82
90
230
293
281
217
146
81
55
55
79
182
344
580
793
955
1034
1022
976
906
777
602
402
153
-107
-388
-640
-866
-1066
-1214
-1300
-1313
-1271
-1181
-1067
-990
-980
-1010
-1015
-928
-756
-514
-227
75
359
564
702
776
780
717
545
270
-68
-422
-749
-999
-1174
-1298
-1361
-1338
-1225
-1076
-909
-725
-522
-293
-40
206
377
469
484
457
450
447
414
397
394
378
314
228
157
89
47
68
137
206
277
346
438
541
599
595
535
426
308
212
165
192
282
416
544
672
773
836
867
874
894
934
1017
1121
1235
1343
1441
1523
1546
1471
1302
1081
805
498
179
-118
-382
-629
-867
-1121
-1355
-1517
-1585
-1580
-1529
-1419
-1281
-1147
-958
-704
-452
-258
-125
-29
-18
-98
-268
-518
-840
-1211
-1579
-1934
-2206
-2319
-2234
-2001
-1634
-1222
-795
-359
37
375
606
741
800
781
702
643
610
592
544
430
268
69
-141
-317
-457
-556
-618
-656
-664
-657
-642
-588
-454
-285
-118
33
195
378
585
798
1004
1170
1253
1215
1048
813
542
264
10
-222
-444
-640
-807
-892
-847
-751
-647
-548
-491
-465
-481
-527
-563
-576
-597
-632
-687
-736
-794
-855
-882
-926
-987
-1045
-1096
-1122
-1066
-946
-763
-480
-144
226
565
844
1112
1315
1436
1475
1419
1284
1056
786
491
182
-113
-377
-590
-759
-859
-877
-800
-645
-436
-235
-80
20
93
121
86
53
4
-20
26
110
188
298
438
580
738
887
1042
1187
1295
1374
1411
1399
1358
1239
1026
739
387
14
-315
-574
-739
-764
-658
-449
-157
196
538
821
1014
1150
1236
1231
1141
995
825
623
410
212
38
-99
-204
-287
-350
-407
-463
-530
-607
-671
-719
-739
-718
-681
-621
-521
-361
-71
329
794
1293
1768
2186
2516
2695
2697
2514
2155
1654
1033
355
-295
-854
-1301
-1602
-1761
-1765
-1617
-1374
-1081
-799
-541
-320
-153
-33
34
40
38
75
145
197
208
159
49
-60
-111
-106
-57
7
46
65
36
-29
-114
-207
-331
-451
-539
-595
-624
-666
-696
-711
-715
-695
-640
-579
-498
-425
-370
-299
-206
-112
-28
69
177
318
454
553
607
626
609
590
607
636
661
707
808
893
894
790
554
197
-216
-622
-971
-1233
-1422
-1516
-1513
-1465
-1380
-1208
-968
-657
-286
62
359
595
784
909
982
1015
1017
949
828
693
560
439
284
57
-266
-633
-1054
-1457
-1761
-1949
-2043
-2051
-1926
-1704
-1479
-1274
-1058
-856
-671
-490
-317
-151
12
190
342
435
456
407
341
314
302
261
173
-23
-283
-556
-847
-1169
-1490
-1785
-2014
-2174
-2237
-2198
-2040
-1756
-1421
-1030
-650
-334
-86
86
176
197
142
18
-191
-440
-664
-822
-910
-869
-694
-446
-124
196
502
711
763
634
363
68
-160
-270
-252
-136
72
324
520
671
747
778
763
713
653
605
539
414
271
109
-83
-336
-596
-804
-915
-915
-822
-624
-366
-115
91
182
130
-39
-266
-510
-777
-1055
-1362
-1634
-1859
-2032
-2125
-2135
-2038
-1827
-1579
-1379
-1229
-1098
-921
-703
-443
-161
110
343
478
515
465
322
126
-81
-257
-388
-496
-580
-653
-721
-757
-766
-748
-690
-581
-443
-297
-155
-37
69
164
258
303
312
351
395
436
498
578
628
646
612
537
447
347
279
219
170
141
137
160
231
368
570
802
1039
1240
1351
1355
1292
1206
1064
942
886
859
852
860
832
745
598
366
45
-319
-694
-1059
-1346
-1499
-1511
-1415
-1222
-968
-733
-494
-277
-95
92
220
293
341
346
290
207
133
88
84
97
67
19
-51
-154
-259
-360
-460
-590
-722
-853
-958
-1021
-1027
-959
-840
-688
-519
-364
-223
-96
-29
-30
-79
-141
-209
-278
-352
-447
-566
-707
-790
-783
-738
-648
-549
-477
-471
-568
-733
-911
-1057
-1123
-1057
-887
-627
-265
149
591
1011
1325
1532
1642
1663
1617
1516
1381
1234
1061
920
895
1014
1256
1549
1881
2227
2510
2665
2766
2833
2828
2740
2529
2227
1875
1513
1175
878
615
396
126
-205
-520
-776
-945
-1018
-942
-729
-445
-194
18
260
553
897
1266
1613
1860
1993
2038
1967
1758
1425
1052
656
250
-148
-557
-990
-1418
-1781
-2040
-2130
-2025
-1735
-1308
-828
-346
110
482
792
1025
1194
1349
1504
1662
1790
1835
1773
1599
1339
1018
657
324
10
-260
-477
-633
-700
-690
-659
-637
-614
-608
-591
-590
-630
-695
-783
-895
-1021
-1106
-1147
-1139
-1109
-1060
-987
-919
-864
-840
-814
-732
-628
-551
-463
-397
-351
-328
-355
-442
-590
-799
-1010
-1156
-1218
-1174
-1082
-991
-881
-754
-641
-536
-444
-352
-270
-215
-186
-132
-37
121
316
470
567
600
538
394
226
16
-243
-534
-819
-1118
-1394
-1616
-1751
-1817
-1839
-1762
-1613
-1421
-1236
-1081
-946
-830
-762
-742
-788
-886
-1016
-1149
-1302
-1455
-1530
-1544
-1520
-1466
-1367
-1254
-1142
-1033
-950
-913
-963
-1132
-1371
-1608
-1857
-2113
-2336
-2541
-2704
-2818
-2883
-2884
-2839
-2690
-2398
-2016
-1575
-1132
-754
-495
-373
-375
-503
-720
-1027
-1385
-1710
-1924
-2068
-2201
-2345
-2505
-2680
-2878
-3041
-3128
-3101
-3029
-2943
-2830
-2727
-2636
-2545
-2384
-2153
-1932
-1712
-1526
-1437
-1407
-1403
-1368
-1304
-1208
-1106
-1025
-979
-1025
-1154
-1340
-1565
-1812
-2042
-2201
-2248
-2210
-2115
-1956
-1787
-1675
-1639
-1706
-1842
-1995
-2219
-2507
-2814
-3114
-3362
-3575
-3736
-3824
-3859
-3823
-3722
-3559
-3349
-3128
-2930
-2737
-2566
-2410
-2244
-2076
-1898
-1724
-1574
-1430
-1237
-992
-686
-308
58
380
687
907
1012
1021
969
871
766
687
645
644
669
698
656
555
410
213
-3
-218
-456
-663
-823
-922
-950
-913
-838
-732
-621
-552
-514
-535
-620
-812
-1070
-1275
-1394
-1452
-1419
-1300
-1144
-955
-788
-661
-555
-507
-566
-688
-817
-935
-1025
-1029
-988
-856
-589
-250
119
443
726
897
907
812
683
531
414
371
374
438
516
635
829
1039
1246
1469
1681
1840
1925
1959
1967
1941
1881
1793
1697
1610
1541
1527
1557
1547
1450
1295
1057
713
322
-35
-310
-484
-585
-614
-530
-365
-130
130
384
627
811
900
932
958
973
1025
1146
1311
1506
1632
1661
1614
1463
1220
912
540
121
-315
-768
-1168
-1452
-1596
-1480
-1098
-568
68
704
1268
1696
1984
2212
2411
2632
2851
2988
3038
3018
2922
2723
2461
2253
2102
2091
2148
2206
2260
2251
2192
1978
1694
1415
1105
811
563
394
323
314
321
337
381
438
529
695
884
1031
1169
1259
1254
1174
1035
881
737
649
663
710
774
882
1017
1186
1383
1601
1764
1832
1827
1760
1633
1525
1423
1301
1167
1057
1033
982
889
798
718
661
579
471
355
166
-51
-297
-549
-736
-830
-782
-586
-295
-19
227
448
607
681
716
730
768
814
845
887
902
886
845
809
796
793
791
828
905
1011
1114
1180
1172
1051
844
546
177
-187
-523
-852
-1152
-1408
-1609
-1739
-1741
-1606
-1433
-1273
-1136
-1045
-979
-845
-620
-284
165
660
1141
1604
2069
2448
2708
2847
2864
2768
2556
2236
1873
1494
1127
803
472
160
-108
-305
-408
-434
-357
-198
23
323
657
983
1307
1571
1757
1832
1795
1661
1406
1079
708
329
-32
-356
-636
-820
-914
-954
-867
-651
-329
-4
259
474
668
858
1059
1304
1546
1722
1793
1816
1771
1614
1360
1009
604
226
-110
-389
-591
-747
-840
-857
-821
-733
-611
-452
-251
-77
60
134
192
336
559
771
865
910
900
830
753
675
622
571
539
564
622
665
668
647
606
551
479
380
296
210
119
51
46
132
298
544
838
1202
1610
1968
2199
2274
2217
2050
1820
1550
1300
1117
986
865
731
562
362
164
-61
-342
-632
-886
-1125
-1317
-1452
-1502
-1413
-1198
-869
-475
-65
334
643
837
920
897
795
658
451
159
-212
-611
-941
-1174
-1254
-1155
-910
-598
-245
121
445
705
913
1096
1241
1352
1433
1501
1553
1595
1630
1615
1572
1515
1443
1341
1173
992
793
580
394
263
198
214
282
346
407
453
496
514
472
393
347
328
354
445
550
616
644
668
656
633
623
613
595
557
512
455
380
339
318
270
221
168
86
-34
-159
-248
-294
-283
-223
-129
-19
46
119
257
418
571
739
949
1178
1391
1568
1742
1889
1985
2024
2018
1947
1826
1729
1627
1488
1319
1164
1027
886
779
752
773
783
762
719
687
666
675
710
694
631
544
438
287
92
-82
-255
-470
-698
-917
-1150
-1353
-1524
-1714
-1978
-2270
-2492
-2616
-2625
-2543
-2398
-2167
-1829
-1441
-1011
-568
-159
164
432
680
876
1098
1320
1480
1551
1501
1358
1128
867
645
487
411
418
476
535
598
711
860
1009
1144
1221
1264
1296
1335
1389
1494
1664
1853
2041
2215
2339
2354
2275
2101
1843
1513
1126
735
360
16
-267
-500
-706
-867
-969
-1043
-1061
-1023
-986
-975
-980
-959
-899
-755
-488
-184
75
277
416
537
621
669
698
710
688
603
493
381
202
-64
-397
-792
-1204
-1579
-1846
-1989
-2053
-2049
-1961
-1784
-1506
-1141
-717
-281
108
397
578
624
578
488
351
208
145
156
169
211
235
240
271
343
487
711
1011
1361
1724
2075
2365
2558
2676
2724
2714
2660
2584
2496
2373
2214
2033
1819
1575
1325
1071
837
622
418
238
117
14
-104
-232
-382
-529
-637
-676
-659
-603
-522
-412
-296
-163
-10
163
340
513
700
872
1022
1120
1136
1049
899
731
540
330
132
-45
-189
-317
-443
-538
-605
-649
-658
-645
-616
-553
-523
-507
-508
-524
-548
-634
-734
-823
-875
-897
-881
-823
-761
-697
-638
-602
-589
-568
-518
-450
-363
-260
-142
-54
-18
-30
-96
-191
-316
-438
-513
-545
-577
-595
-585
-588
-643
-722
-743
-720
-665
-559
-408
-231
-92
-42
-114
-311
-617
-1023
-1423
-1727
-1905
-1943
-1842
-1656
-1431
-1154
-862
-577
-320
-83
107
199
145
-35
-318
-703
-1093
-1470
-1778
-1915
-1871
-1734
-1544
-1357
-1220
-1156
-1191
-1286
-1435
-1596
-1728
-1802
-1827
-1808
-1769
-1688
-1534
-1330
-1075
-823
-613
-441
-322
-253
-204
-183
-229
-336
-460
-518
-456
-321
-108
156
414
624
745
756
651
406
26
-389
-767
-1064
-1289
-1426
-1441
-1380
-1307
-1170
-962
-738
-521
-347
-223
-133
-100
-126
-168
-165
-135
-104
-50
20
97
98
-29
-255
-468
-636
-746
-733
-577
-370
-195
-59
67
164
163
120
41
-46
-90
-90
-79
-82
-108
-163
-241
-314
-349
-331
-250
-146
-31
51
90
77
-41
-260
-490
-712
-967
-1224
-1453
-1629
-1759
-1806
-1769
-1651
-1457
-1246
-1069
-961
-873
-800
-722
-593
-414
-230
-80
44
121
167
219
290
371
456
529
586
629
647
644
616
561
504
437
322
193
67
-106
-334
-628
-956
-1303
-1690
-2033
-2278
-2386
-2394
-2342
-2248
-2170
-2138
-2149
-2131
-2029
-1847
-1608
-1345
-1114
-926
-782
-684
-631
-616
-657
-742
-832
-935
-1029
-1072
-1049
-934
-712
-407
-29
389
772
1026
1144
1108
968
800
638
490
370
258
124
-4
-83
-106
-72
-14
17
35
31
23
12
11
21
52
140
258
388
538
670
755
790
748
609
434
299
182
93
30
-17
-52
-102
-149
-190
-236
-284
-344
-421
-494
-510
-487
-433
-356
-331
-366
-448
-570
-715
-850
-967
-1073
-1195
-1351
-1532
-1718
-1888
-2025
-2063
-1957
-1703
-1348
-917
-456
-11
385
745
1063
1345
1603
1795
1928
1952
1881
1731
1496
1176
803
403
13
-324
-534
-565
-444
-187
139
485
799
1093
1337
1597
1854
2080
2270
2366
2377
2318
2219
2061
1832
1518
1161
752
341
22
-207
-356
-410
-415
-375
-295
-201
-58
126
332
528
708
879
1040
1180
1268
1307
1288
1198
1053
880
732
627
556
485
369
181
-53
-286
-482
-596
-600
-491
-264
30
351
706
1039
1291
1470
1566
1561
1465
1277
1026
735
483
281
108
2
-71
-107
-60
9
72
116
144
174
193
215
210
127
-37
-246
-452
-637
-766
-801
-745
-576
-324
-72
120
293
459
569
631
641
617
616
643
674
670
586
458
300
146
12
-65
-35
121
370
666
978
1279
1574
1797
1938
2024
2064
2063
2057
2060
2116
2242
2413
2596
2790
2998
3158
3229
3200
3052
2776
2400
1954
1458
904
335
-236
-805
-1302
-1715
-1999
-2101
-2034
-1867
-1643
-1360
-1029
-639
-213
202
568
829
951
923
765
531
270
50
-109
-247
-375
-524
-733
-992
-1309
-1674
-2015
-2299
-2458
-2420
-2163
-1740
-1242
-756
-373
-111
-2
-37
-130
-237
-374
-513
-613
-700
-725
-685
-602
-461
-275
-71
119
258
333
347
288
166
6
-148
-237
-252
-250
-237
-174
-53
116
316
545
758
915
997
995
955
887
796
707
623
514
371
240
131
22
-80
-167
-225
-275
-316
-316
-323
-377
-489
-676
-909
-1150
-1325
-1370
-1333
-1258
-1170
-1075
-934
-718
-419
-49
362
777
1137
1420
1625
1763
1837
1850
1816
1749
1658
1543
1414
1263
1081
859
643
443
241
72
-103
-292
-441
-536
-625
-697
-712
-684
-628
-537
-415
-352
-332
-378
-513
-707
-925
-1095
-1237
-1321
-1330
-1304
-1293
-1284
-1284
-1323
-1368
-1384
-1368
-1305
-1217
-1128
-1078
-1053
-1038
-1073
-1143
-1196
-1171
-1066
-889
-663
-397
-138
69
234
371
467
496
498
530
602
662
718
785
860
917
891
745
516
216
-132
-501
-843
-1114
-1295
-1353
-1325
-1258
-1174
-1081
-1026
-995
-1006
-1035
-1031
-994
-935
-844
-705
-514
-282
-41
210
483
748
951
1048
1017
902
680
332
-98
-526
-905
-1203
-1404
-1507
-1483
-1354
-1158
-950
-763
-630
-556
-568
-643
-727
-817
-895
-957
-1015
-1053
-1066
-1057
-1020
-971
-932
-931
-938
-969
-976
-965
-1012
-1103
-1224
-1336
-1403
-1399
-1318
-1162
-973
-764
-539
-295
-32
269
607
943
1270
1556
1754
1881
1890
1745
1490
1139
712
251
-190
-580
-877
-1069
-1158
-1189
-1183
-1178
-1208
-1287
-1378
-1426
-1437
-1421
-1374
-1312
-1266
-1204
-1100
-969
-824
-656
-460
-228
25
209
262
203
66
-119
-283
-352
-311
-214
-95
69
233
328
334
274
169
52
-71
-184
-242
-266
-252
-177
-70
29
97
137
178
228
314
430
549
657
738
786
790
759
717
667
596
508
362
162
-43
-267
-510
-769
-1040
-1259
-1408
-1503
-1477
-1328
-1035
-623
-178
271
676
1037
1348
1620
1832
1978
2081
2107
2075
2054
2031
1958
1822
1617
1350
1036
721
460
243
79
-25
-78
-99
-79
-39
-29
-72
-186
-330
-503
-697
-898
-1072
-1197
-1257
-1261
-1199
-1096
-968
-810
-656
-470
-301
-149
-45
-44
-129
-265
-424
-591
-674
-648
-532
-308
32
402
758
1067
1263
1345
1350
1297
1167
1004
796
577
413
334
346
404
483
561
601
629
617
495
299
96
-127
-356
-516
-540
-452
-258
61
421
798
1158
1425
1566
1608
1499
1207
781
323
-79
-380
-539
-538
-396
-170
93
323
469
518
487
388
252
118
18
-53
-124
-179
-284
-468
-682
-850
-933
-988
-1023
-1009
-974
-950
-884
-780
-633
-409
-137
150
425
626
749
834
873
908
953
942
828
596
273
-100
-443
-718
-940
-1100
-1215
-1322
-1441
-1537
-1615
-1703
-1780
-1798
-1761
-1707
-1601
-1396
-1104
-745
-345
56
362
592
727
686
528
262
-102
-474
-796
-1054
-1140
-1030
-776
-447
-95
266
644
978
1245
1431
1514
1507
1383
1168
893
637
412
188
-36
-257
-501
-801
-1187
-1642
-2110
-2543
-2928
-3230
-3402
-3462
-3372
-3106
-2707
-2235
-1692
-1134
-627
-142
298
660
961
1174
1258
1214
1047
804
540
301
125
-1
-59
-76
-102
-164
-231
-275
-308
-280
-211
-156
-136
-141
-191
-369
-658
-976
-1253
-1463
-1611
-1685
-1693
-1645
-1515
-1311
-1032
-672
-267
143
511
803
1015
1161
1252
1307
1330
1340
1317
1245
1166
1097
1015
932
893
856
754
598
432
249
75
-64
-176
-291
-446
-637
-827
-1005
-1146
-1215
-1233
-1170
-1052
-940
-796
-623
-436
-271
-124
50
251
443
642
863
1021
1132
1192
1139
986
725
381
-39
-492
-902
-1286
-1619
-1837
-1927
-1897
-1732
-1462
-1123
-773
-432
-81
234
478
697
879
979
979
857
581
172
-287
-789
-1276
-1669
-1937
-2119
-2184
-2121
-1983
-1774
-1537
-1261
-951
-660
-421
-282
-201
-151
-140
-171
-236
-298
-370
-427
-438
-441
-432
-374
-280
-121
94
327
579
839
1100
1361
1590
1762
1840
1806
1662
1449
1191
869
484
34
-466
-1010
-1580
-2158
-2699
-3176
-3517
-3635
-3508
-3180
-2723
-2184
-1624
-1111
-708
-395
-132
69
227
377
520
616
703
745
709
649
569
511
495
519
575
674
746
750
693
603
490
345
235
146
51
-32
-88
-106
-88
-77
-81
-118
-226
-366
-491
-598
-705
-767
-768
-733
-664
-593
-519
-458
-416
-384
-319
-196
-23
178
390
610
815
1007
1161
1269
1352
1379
1330
1233
1112
964
820
706
600
491
372
269
203
177
188
229
293
360
425
491
482
359
186
-19
-251
-444
-544
-544
-470
-303
-73
165
364
486
511
467
409
329
266
196
155
175
249
390
602
870
1171
1496
1783
2004
2146
2176
2056
1811
1485
1128
749
381
29
-297
-540
-691
-781
-812
-787
-718
-604
-493
-389
-303
-243
-206
-233
-340
-445
-532
-649
-771
-850
-887
-865
-766
-569
-273
76
452
795
1081
1322
1522
1705
1884
2044
2157
2209
2205
2147
2024
1861
1683
1502
1342
1195
1085
992
887
809
711
566
423
298
201
158
189
255
343
490
674
883
1120
1397
1711
2050
2369
2562
2595
2485
2272
1959
1566
1120
669
252
-116
-432
-726
-957
-1113
-1175
-1112
-934
-696
-426
-149
81
238
340
414
490
617
748
862
951
960
907
824
720
582
432
271
62
-202
-464
-672
-813
-865
-823
-679
-435
-95
308
738
1142
1513
1848
2099
2247
2319
2305
2199
1968
1623
1207
732
255
-177
-509
-713
-818
-860
-860
-845
-791
-756
-764
-763
-762
-735
-662
-598
-539
-494
-453
-372
-229
-6
324
708
1076
1421
1619
1683
1622
1430
1134
734
261
-175
-478
-659
-731
-678
-527
-365
-228
-125
1
229
507
786
1024
1184
1241
1177
1031
757
386
-46
-462
-849
-1210
-1501
-1760
-2012
-2202
-2334
-2432
-2455
-2370
-2176
-1962
-1748
-1535
-1337
-1219
-1177
-1158
-1146
-1139
-1122
-1047
-898
-705
-454
-177
97
347
560
725
818
888
933
949
936
912
867
766
628
487
361
272
215
163
113
61
7
-15
11
34
39
14
-95
-233
-337
-409
-474
-524
-528
-509
-444
-298
-82
164
446
697
856
916
865
724
542
338
73
-179
-400
-596
-722
-800
-862
-893
-887
-869
-838
-764
-663
-513
-306
-78
146
374
595
797
1021
1190
1299
1350
1334
1290
1187
1018
797
553
355
271
258
305
397
493
550
519
446
387
330
280
244
233
200
163
182
253
411
583
714
836
943
984
981
914
710
407
65
-273
-584
-821
-948
-1019
-981
-831
-598
-347
-134
23
88
91
16
-110
-202
-248
-236
-145
22
292
604
911
1142
1301
1395
1427
1381
1222
963
634
316
64
-38
12
237
568
889
1125
1247
1265
1189
1044
839
616
425
245
71
-77
-231
-376
-474
-534
-523
-412
-210
83
453
822
1113
1347
1553
1743
1901
2025
2051
1955
1749
1425
1019
602
206
-123
-381
-602
-742
-786
-744
-659
-578
-560
-580
-651
-755
-825
-801
-659
-430
-167
78
289
478
629
715
741
655
498
285
46
-220
-520
-810
-1066
-1243
-1301
-1254
-1121
-883
-588
-333
-172
-103
-153
-290
-451
-587
-684
-722
-671
-573
-450
-351
-318
-295
-274
-251
-228
-159
-36
80
191
263
269
223
159
100
86
136
219
341
544
782
987
1162
1292
1367
1392
1370
1350
1327
1289
1201
1054
886
669
452
259
87
-61
-171
-245
-344
-453
-513
-514
-463
-347
-192
-58
26
5
-139
-366
-639
-952
-1269
-1513
-1643
-1666
-1665
-1688
-1720
-1727
-1698
-1616
-1482
-1320
-1147
-952
-739
-537
-338
-154
26
186
316
414
436
345
192
25
-170
-354
-513
-652
-780
-916
-1039
-1179
-1358
-1536
-1669
-1772
-1877
-1949
-1970
-1922
-1833
-1678
-1463
-1216
-907
-563
-240
30
256
421
515
504
405
302
197
61
-145
-350
-519
-698
-810
-803
-675
-491
-225
110
467
847
1194
1465
1650
1734
1699
1560
1338
1080
800
536
300
68
-172
-357
-421
-373
-239
-66
134
379
641
899
1137
1334
1483
1566
1592
1600
1585
1460
1199
838
424
62
-171
-295
-294
-174
32
283
496
645
720
708
599
415
175
-95
-394
-687
-934
-1109
-1187
-1154
-1014
-850
-687
-540
-463
-450
-444
-408
-346
-292
-215
-120
-80
-75
-88
-129
-198
-277
-324
-371
-423
-421
-351
-263
-120
88
281
449
562
587
508
375
207
22
-155
-327
-485
-603
-647
-624
-507
-286
-11
282
581
862
1141
1388
1588
1745
1812
1778
1661
1500
1279
1025
786
557
350
114
-100
-289
-476
-613
-732
-816
-853
-824
-749
-665
-556
-412
-229
-56
121
309
438
472
385
203
-83
-477
-923
-1399
-1848
-2223
-2488
-2594
-2555
-2366
-2027
-1602
-1148
-685
-243
160
510
823
1129
1423
1692
1936
2188
2431
2619
2715
2701
2575
2359
2072
1708
1307
866
407
-11
-396
-725
-963
-1129
-1191
-1177
-1120
-1020
-904
-806
-738
-691
-663
-649
-652
-615
-544
-465
-384
-313
-252
-208
-164
-100
28
240
498
790
1071
1310
1457
1494
1496
1468
1409
1334
1262
1183
1034
814
583
351
123
-67
-205
-288
-309
-226
-51
179
473
788
1065
1288
1433
1444
1314
1092
774
358
-97
-577
-1015
-1366
-1653
-1848
-1909
-1843
-1708
-1531
-1342
-1178
-1023
-851
-678
-491
-319
-184
-108
-120
-176
-234
-284
-287
-292
-341
-394
-462
-555
-654
-762
-897
-1030
-1152
-1241
-1247
-1115
-869
-561
-224
140
558
947
1262
1468
1560
1574
1487
1318
1092
796
460
110
-212
-513
-783
-966
-1016
-939
-755
-465
-124
234
543
742
846
866
799
658
464
269
107
-17
-82
-103
-107
-63
2
65
143
189
169
82
-49
-192
-328
-467
-588
-689
-762
-813
-847
-825
-739
-552
-255
102
436
725
972
1165
1299
1365
1358
1317
1275
1225
1166
1090
995
870
743
636
517
369
174
-63
-276
-402
-409
-309
-114
162
466
761
1027
1248
1452
1643
1828
1968
2015
2012
1944
1806
1598
1312
964
524
-7
-565
-1106
-1604
-2052
-2413
-2675
-2814
-2790
-2576
-2188
-1679
-1070
-430
162
676
1123
1518
1853
2111
2242
2246
2188
2056
1871
1637
1339
1016
687
385
108
-143
-305
-330
-243
-77
156
406
722
1126
1548
1949
2239
2410
2510
2512
2397
2198
1939
1674
1469
1325
1225
1151
1063
957
831
668
499
343
158
-31
-186
-327
-447
-518
-478
-358
-179
80
363
655
950
1212
1422
1548
1539
1377
1059
606
85
-427
-861
-1214
-1448
-1514
-1384
-1154
-858
-488
-136
180
437
600
659
619
480
293
110
-47
-228
-421
-568
-663
-700
-675
-641
-635
-653
-717
-784
-820
-802
-718
-610
-489
-302
-45
275
631
955
1169
1271
1292
1240
1115
926
721
511
348
222
121
35
-12
60
236
466
715
956
1180
1391
1559
1632
1594
1446
1190
820
358
-170
-694
-1084
-1313
-1383
-1299
-1081
-794
-459
-114
186
437
578
620
600
560
543
562
623
701
826
1020
1219
1413
1547
1562
1491
1341
1127
859
560
315
191
178
225
275
306
316
324
360
417
454
427
318
168
-2
-198
-381
-565
-703
-754
-760
-719
-663
-607
-545
-464
-387
-320
-263
-232
-234
-261
-319
-390
-414
-397
-364
-293
-161
9
215
493
835
1177
1491
1781
1999
2154
2253
2268
2193
1984
1617
1086
436
-278
-984
-1625
-2167
-2594
-2863
-3002
-3039
-2969
-2791
-2511
-2172
-1783
-1370
-979
-623
-312
-61
147
288
351
295
135
-49
-267
-499
-681
-817
-918
-991
-1072
-1159
-1274
-1409
-1500
-1495
-1375
-1164
-887
-562
-180
221
597
920
1159
1304
1363
1327
1202
996
685
363
96
-78
-154
-132
-33
94
275
431
549
634
610
497
311
93
-93
-234
-321
-334
-275
-187
-80
7
90
209
289
324
352
395
454
546
638
717
787
797
725
628
565
523
563
682
805
921
1019
1083
1087
975
770
515
245
-26
-293
-569
-831
-1008
-1150
-1278
-1332
-1335
-1263
-1122
-948
-735
-507
-273
-34
156
277
362
315
201
43
-184
-443
-741
-1054
-1354
-1594
-1760
-1851
-1893
-1890
-1855
-1805
-1748
-1657
-1547
-1459
-1373
-1244
-1046
-815
-597
-394
-218
-78
19
85
156
201
189
163
166
171
179
182
144
93
35
-18
-36
-24
1
81
221
387
571
750
910
1031
1084
1022
836
546
192
-198
-605
-988
-1285
-1442
-1480
-1399
-1210
-911
-565
-243
19
200
325
401
398
313
212
73
-99
-248
-320
-308
-245
-146
-29
75
188
315
417
489
512
506
482
392
265
148
27
-57
-129
-193
-248
-301
-352
-403
-423
-417
-418
-391
-301
-203
-62
137
353
541
681
805
886
896
857
803
766
718
639
508
333
154
-19
-179
-315
-410
-450
-448
-428
-393
-359
-278
-139
12
113
191
236
249
237
184
143
143
183
230
289
325
307
232
106
-59
-217
-345
-454
-565
-725
-886
-994
-1053
-1063
-1060
-1046
-1013
-977
-954
-927
-868
-773
-716
-746
-812
-846
-788
-698
-594
-467
-339
-270
-253
-294
-414
-595
-831
-1077
-1290
-1433
-1515
-1538
-1521
-1472
-1404
-1302
-1178
-1053
-900
-726
-546
-350
-171
13
208
370
502
637
780
898
967
999
1013
995
967
935
907
892
897
896
895
933
1008
1079
1088
1025
930
852
800
790
807
841
910
949
924
846
744
662
534
313
54
-211
-524
-878
-1264
-1607
-1808
-1862
-1776
-1611
-1371
-1078
-764
-455
-191
41
218
285
235
76
-140
-357
-542
-670
-781
-841
-808
-672
-433
-136
177
487
745
944
1070
1086
990
787
516
247
31
-142
-293
-442
-632
-866
-1119
-1339
-1510
-1643
-1752
-1824
-1788
-1650
-1370
-945
-438
109
641
1131
1560
1965
2356
2689
2923
3060
3063
2874
2543
2122
1632
1105
586
101
-330
-699
-999
-1151
-1133
-957
-658
-292
75
439
816
1114
1329
1486
1591
1640
1645
1621
1538
1446
1329
1134
896
664
433
204
0
-155
-249
-260
-157
45
332
640
903
1073
1138
1087
964
795
563
331
114
-124
-374
-606
-833
-1103
-1398
-1670
-1904
-2072
-2188
-2259
-2268
-2207
-2083
-1873
-1562
-1191
-778
-386
-39
261
507
751
975
1139
1219
1214
1164
1061
869
635
352
31
-269
-519
-652
-647
-493
-244
78
412
686
904
1041
1055
977
885
775
643
509
363
205
55
-54
-114
-120
-82
-89
-170
-301
-479
-681
-840
-966
-993
-873
-663
-392
-65
311
686
1017
1263
1446
1588
1662
1633
1511
1317
1099
892
691
520
396
325
252
200
181
195
246
306
384
494
608
701
790
865
955
1079
1257
1451
1608
1726
1802
1851
1842
1781
1690
1575
1411
1176
879
560
277
48
-83
-123
-65
106
312
474
557
576
498
346
195
52
-69
-161
-289
-468
-647
-783
-832
-806
-725
-632
-563
-507
-459
-443
-458
-421
-333
-235
-144
-98
-53
40
169
274
369
426
438
450
504
596
642
616
521
388
183
-57
-315
-572
-783
-926
-1016
-1038
-948
-765
-463
-77
375
823
1206
1470
1614
1670
1634
1472
1193
869
524
199
-127
-439
-683
-847
-957
-1030
-1061
-1004
-863
-662
-413
-169
64
276
461
632
781
914
1023
1092
1115
1108
1123
1149
1136
1079
967
849
724
577
448
357
313
304
331
401
542
731
947
1168
1330
1394
1419
1389
1269
1101
855
527
136
-284
-704
-1098
-1450
-1736
-1957
-2101
-2147
-2100
-2013
-1911
-1799
-1717
-1643
-1563
-1451
-1302
-1128
-943
-744
-491
-215
68
361
600
719
710
586
416
256
121
56
45
106
193
273
387
496
589
702
831
946
1032
1077
1018
835
596
348
90
-192
-445
-636
-701
-642
-464
-208
67
346
593
797
982
1164
1305
1427
1513
1557
1528
1427
1236
975
728
484
270
109
-9
-55
-42
-6
67
176
286
385
508
633
724
733
639
485
295
83
-139
-398
-645
-817
-934
-997
-980
-910
-811
-704
-607
-527
-478
-444
-426
-435
-466
-506
-512
-440
-380
-339
-301
-331
-393
-434
-435
-373
-221
20
299
555
802
1008
1171
1298
1364
1386
1367
1340
1320
1303
1250
1123
956
798
676
601
580
593
639
731
885
1092
1333
1535
1656
1689
1612
1473
1298
1103
937
792
646
482
342
272
263
355
498
636
788
896
918
877
761
585
394
242
139
76
50
52
67
110
196
336
522
728
923
1081
1123
1028
855
590
271
-67
-436
-842
-1244
-1621
-1927
-2127
-2252
-2313
-2325
-2336
-2342
-2332
-2328
-2294
-2197
-2037
-1809
-1520
-1145
-694
-235
219
654
960
1123
1144
1036
827
482
68
-398
-909
-1393
-1809
-2107
-2204
-2108
-1855
-1461
-990
-562
-256
-55
50
77
20
-126
-302
-450
-536
-541
-484
-382
-208
-11
151
288
360
345
295
261
231
213
197
202
213
157
35
-107
-228
-308
-337
-339
-290
-222
-146
-54
29
112
186
259
300
266
184
169
195
241
321
393
480
581
735
922
1119
1294
1428
1526
1549
1486
1304
1046
751
398
30
-303
-627
-944
-1199
-1365
-1470
-1501
-1484
-1458
-1405
-1315
-1217
-1100
-908
-657
-369
-55
260
567
856
1115
1298
1354
1274
1048
708
326
-63
-407
-638
-775
-844
-855
-806
-687
-515
-336
-208
-137
-46
88
240
434
684
987
1331
1669
1931
2137
2282
2355
2342
2271
2141
1937
1659
1299
837
340
-105
-491
-800
-1084
-1347
-1600
-1835
-2001
-2055
-1964
-1748
-1419
-1024
-664
-333
-22
232
415
520
533
437
277
72
-110
-237
-336
-409
-434
-404
-353
-302
-245
-219
-234
-276
-351
-442
-542
-618
-648
-616
-540
-434
-310
-186
-107
-69
-71
-123
-164
-148
-57
102
312
582
898
1234
1569
1873
2095
2204
2240
2235
2251
2290
2355
2389
2333
2204
2034
1863
1688
1504
1269
990
696
379
67
-203
-405
-505
-524
-464
-352
-185
-35
1
-96
-334
-665
-1048
-1490
-1953
-2329
-2616
-2806
-2871
-2838
-2742
-2540
-2269
-2022
-1830
-1700
-1627
-1544
-1415
-1284
-1164
-1093
-1011
-862
-684
-491
-284
-129
-30
38
47
-12
-118
-239
-378
-493
-540
-529
-500
-473
-451
-432
-415
-362
-270
-153
-28
123
276
366
410
398
335
314
322
297
248
126
-44
-244
-494
-742
-958
-1117
-1194
-1167
-1038
-802
-498
-162
189
488
714
893
1006
1013
960
897
828
721
555
334
68
-195
-401
-533
-562
-519
-450
-367
-316
-322
-409
-546
-667
-743
-799
-794
-709
-552
-332
-68
193
379
460
460
437
344
204
77
-40
-144
-188
-129
43
264
497
703
892
1077
1249
1401
1496
1529
1484
1368
1234
1160
1110
1041
946
849
753
687
603
501
429
357
339
370
405
396
348
259
114
-59
-227
-355
-429
-432
-347
-202
-39
130
311
474
587
640
634
563
421
200
-167
-649
-1155
-1656
-2112
-2462
-2680
-2745
-2609
-2280
-1773
-1137
-453
218
799
1198
1412
1512
1503
1387
1211
965
639
278
-125
-519
-843
-1108
-1300
-1423
-1516
-1594
-1625
-1585
-1468
-1297
-1081
-814
-512
-238
-42
88
165
247
306
295
247
208
193
191
184
168
144
75
-31
-139
-278
-452
-623
-812
-962
-1024
-985
-872
-753
-648
-533
-387
-210
-29
102
178
185
94
-63
-230
-388
-479
-479
-439
-379
-258
-116
31
174
348
521
694
891
1050
1174
1275
1351
1336
1243
1047
783
473
155
-106
-290
-384
-394
-300
-151
51
304
579
864
1125
1343
1499
1577
1585
1517
1408
1271
1088
842
567
283
-13
-288
-550
-783
-965
-1086
-1185
-1247
-1197
-1071
-899
-700
-529
-382
-300
-286
-306
-330
-376
-457
-569
-702
-774
-817
-813
-767
-662
-531
-377
-205
-80
33
113
147
136
24
-181
-366
-526
-651
-692
-603
-427
-206
47
274
468
679
923
1136
1289
1373
1368
1295
1174
947
629
266
-111
-433
-706
-934
-1112
-1220
-1222
-1129
-918
-595
-187
263
727
1151
1522
1853
2097
2253
2276
2109
1764
1329
880
444
33
-285
-504
-665
-776
-812
-815
-790
-684
-540
-339
-60
305
664
978
1245
1473
1623
1652
1587
1423
1200
930
635
285
-119
-542
-930
-1238
-1395
-1401
-1287
-1098
-874
-630
-370
-85
171
400
625
797
922
1014
1042
1075
1112
1127
1075
944
744
473
139
-241
-612
-942
-1195
-1375
-1458
-1392
-1170
-838
-435
31
494
913
1273
1532
1687
1735
1698
1595
1461
1297
1108
900
659
406
151
-93
-328
-547
-756
-915
-967
-961
-935
-845
-664
-443
-174
139
462
751
958
1038
998
860
630
373
115
-56
-127
-90
36
231
511
854
1186
1480
1738
1944
2115
2221
2257
2229
2161
2047
1896
1707
1449
1128
813
502
194
-64
-286
-478
-598
-650
-683
-684
-678
-660
-612
-551
-490
-418
-310
-169
2
145
226
309
381
425
460
470
462
484
482
405
281
144
38
-20
-26
20
97
190
315
461
610
744
812
856
890
867
787
636
491
385
313
317
411
584
807
1067
1294
1494
1667
1768
1801
1757
1593
1324
1020
638
215
-160
-461
-687
-814
-849
-812
-647
-360
-21
302
571
789
987
1121
1173
1156
1093
995
881
789
709
661
624
537
403
237
56
-147
-377
-593
-774
-870
-901
-887
-821
-692
-524
-355
-192
-20
208
478
773
1040
1254
1431
1581
1674
1656
1542
1391
1228
1030
837
660
452
214
-49
-333
-564
-721
-782
-732
-583
-411
-263
-130
-23
86
177
257
308
340
398
471
545
631
728
848
1017
1228
1426
1571
1645
1626
1513
1351
1201
1051
915
777
663
631
706
851
1032
1217
1379
1489
1501
1384
1119
762
359
-42
-450
-850
-1199
-1459
-1612
-1643
-1543
-1322
-1009
-696
-437
-205
-35
52
79
41
-28
-112
-207
-342
-477
-591
-720
-867
-983
-1083
-1193
-1244
-1211
-1126
-990
-804
-596
-367
-94
153
322
415
403
324
221
94
-41
-138
-214
-257
-234
-125
99
381
694
1032
1335
1598
1803
1922
1958
1913
1796
1624
1420
1226
1045
886
775
669
569
464
338
206
102
39
18
43
110
191
253
274
233
212
230
276
364
443
486
514
534
503
415
269
48
-173
-354
-509
-672
-807
-864
-879
-846
-767
-620
-443
-322
-293
-344
-466
-665
-938
-1247
-1538
-1781
-1926
-1975
-1947
-1784
-1485
-1087
-615
-96
399
812
1175
1430
1549
1525
1333
956
435
-110
-599
-1009
-1341
-1627
-1841
-1955
-1959
-1900
-1829
-1719
-1614
-1526
-1419
-1305
-1227
-1151
-1041
-920
-825
-771
-751
-757
-767
-749
-668
-538
-385
-242
-122
-7
71
141
206
206
109
-70
-325
-673
-1085
-1506
-1845
-2040
-2071
-1970
-1774
-1498
-1164
-807
-423
-93
146
343
492
573
612
653
660
691
754
807
828
836
843
803
664
415
56
-384
-771
-1063
-1248
-1343
-1379
-1334
-1224
-1076
-851
-566
-233
116
419
668
846
943
982
1001
989
951
843
635
405
203
41
-48
-75
-53
32
168
344
541
729
897
1056
1203
1330
1410
1433
1391
1259
1066
790
416
-18
-468
-872
-1164
-1293
-1291
-1195
-1009
-753
-488
-252
-56
88
177
225
254
260
221
136
-13
-222
-466
-672
-862
-1091
-1308
-1534
-1731
-1851
-1896
-1875
-1797
-1709
-1664
-1678
-1694
-1697
-1742
-1810
-1855
-1806
-1667
-1469
-1173
-786
-341
98
491
791
967
1033
970
800
544
246
-86
-397
-689
-976
-1239
-1483
-1663
-1761
-1741
-1562
-1223
-770
-251
266
715
1041
1248
1364
1455
1530
1543
1471
1308
1061
752
416
81
-173
-342
-402
-374
-272
-80
179
465
784
1106
1354
1554
1662
1672
1604
1454
1232
935
577
181
-168
-462
-706
-904
-1059
-1159
-1250
-1327
-1411
-1496
-1586
-1690
-1795
-1842
-1762
-1581
-1319
-1027
-755
-493
-194
115
338
474
515
486
432
338
206
26
-181
-403
-637
-873
-1066
-1219
-1329
-1376
-1376
-1282
-1098
-850
-571
-303
-80
62
98
50
-92
-274
-437
-569
-685
-810
-911
-984
-956
-833
-665
-455
-262
-121
-17
75
119
113
106
147
217
271
328
408
485
524
572
612
672
799
897
947
979
980
948
853
698
500
252
-43
-315
-573
-835
-1071
-1312
-1539
-1727
-1817
-1767
-1579
-1360
-1156
-956
-779
-599
-441
-364
-377
-510
-735
-989
-1271
-1547
-1793
-2027
-2229
-2371
-2424
-2363
-2166
-1851
-1460
-977
-458
31
451
785
1072
1288
1368
1354
1274
1119
851
477
40
-402
-817
-1230
-1614
-1931
-2180
-2349
-2437
-2450
-2400
-2295
-2086
-1819
-1477
-1024
-525
-23
445
837
1145
1347
1424
1371
1187
930
661
466
345
238
140
63
-17
-58
-40
29
135
236
295
294
214
61
-119
-310
-467
-606
-733
-791
-737
-585
-354
-98
152
387
591
738
831
889
947
990
998
1057
1153
1273
1402
1498
1510
1400
1167
898
663
464
239
-6
-185
-287
-289
-238
-205
-165
-70
24
100
178
257
349
438
492
560
672
790
877
901
822
654
428
156
-111
-340
-568
-837
-1121
-1428
-1684
-1831
-1817
-1645
-1372
-1062
-782
-536
-337
-210
-132
-69
-46
-86
-200
-345
-493
-607
-649
-658
-635
-515
-331
-136
95
351
578
737
809
782
680
567
476
391
281
150
24
-110
-212
-206
-95
73
263
443
594
740
926
1129
1263
1262
1160
1006
811
611
422
198
-67
-337
-636
-919
-1157
-1335
-1421
-1451
-1395
-1266
-1099
-927
-741
-539
-342
-142
46
208
325
388
407
384
319
240
129
-14
-134
-214
-270
-329
-437
-562
-637
-656
-657
-599
-507
-399
-249
-70
175
452
708
909
1006
977
868
632
316
8
-289
-547
-743
-870
-926
-857
-688
-480
-283
-125
-4
117
281
419
451
409
316
188
96
76
158
351
636
931
1162
1320
1393
1377
1293
1220
1151
1079
1031
990
974
961
915
812
637
411
173
-96
-386
-653
-850
-912
-827
-658
-427
-154
82
237
318
302
172
-48
-308
-564
-810
-1000
-1158
-1293
-1437
-1580
-1695
-1810
-1948
-2063
-2113
-2095
-1976
-1787
-1505
-1153
-733
-316
82
457
776
1080
1333
1529
1665
1758
1809
1813
1692
1484
1265
1027
772
526
293
69
-104
-224
-269
-274
-274
-287
-353
-429
-462
-454
-448
-443
-424
-415
-351
-177
93
421
777
1093
1293
1371
1391
1365
1287
1193
1099
1048
1014
976
943
913
888
886
855
761
646
504
388
310
225
118
13
-77
-170
-188
-119
-38
74
205
349
514
662
752
773
764
752
744
758
776
780
770
759
772
799
816
835
825
781
744
673
544
385
207
27
-87
-115
-63
67
248
457
665
834
930
957
925
789
594
417
277
197
177
189
204
243
286
346
403
442
515
620
758
894
989
1004
973
857
659
516
416
366
363
422
427
334
206
38
-96
-178
-159
-40
137
367
672
980
1200
1376
1514
1579
1567
1481
1343
1147
950
815
658
471
324
254
271
389
596
853
1167
1514
1855
2167
2461
2710
2891
2982
2994
2899
2671
2373
2017
1627
1220
848
498
170
-117
-380
-576
-616
-486
-258
39
339
619
853
1057
1208
1258
1274
1267
1172
1040
928
761
582
449
407
469
607
822
1059
1243
1368
1511
1646
1794
1981
2199
2381
2502
2592
2619
2625
2592
2444
2169
1788
1313
798
255
-251
-688
-1059
-1357
-1570
-1669
-1641
-1494
-1269
-967
-667
-419
-223
-110
-101
-145
-213
-313
-456
-611
-740
-842
-855
-775
-609
-368
-105
154
378
553
687
795
889
953
973
990
931
755
521
267
-26
-328
-599
-846
-1038
-1168
-1215
-1223
-1185
-1111
-980
-788
-511
-135
248
536
682
730
697
635
566
520
485
489
534
561
594
631
721
882
1077
1285
1458
1528
1480
1355
1174
987
826
681
570
447
296
169
46
-46
-18
144
364
617
865
1050
1152
1218
1235
1195
1151
1078
954
786
585
380
232
71
-64
-199
-378
-607
-876
-1165
-1500
-1845
-2234
-2620
-2973
-3251
-3429
-3498
-3443
-3276
-2985
-2581
-2073
-1470
-826
-197
394
910
1273
1463
1464
1296
1048
772
457
144
-155
-454
-691
-879
-1040
-1170
-1284
-1398
-1438
-1394
-1297
-1216
-1159
-1103
-1016
-860
-662
-470
-320
-198
-140
-111
-71
-33
-50
-55
33
184
387
586
678
694
675
590
492
415
378
355
324
296
331
447
648
923
1223
1529
1768
1887
1878
1720
1429
1092
702
278
-133
-482
-772
-989
-1076
-1062
-918
-660
-331
29
396
765
1119
1426
1671
1866
1998
2052
2041
1956
1798
1586
1328
1063
807
523
207
-123
-467
-757
-953
-1040
-1043
-986
-865
-726
-568
-400
-248
-116
38
246
466
681
852
1015
1168
1304
1413
1481
1524
1440
1197
851
391
-214
-885
-1568
-2215
-2773
-3210
-3418
-3344
-3009
-2431
-1716
-980
-267
374
921
1347
1609
1692
1583
1294
860
350
-156
-583
-872
-997
-1006
-937
-828
-745
-701
-693
-719
-802
-930
-1124
-1338
-1518
-1684
-1813
-1863
-1840
-1757
-1634
-1472
-1249
-1036
-811
-518
-176
143
446
743
978
1143
1261
1316
1266
1181
1145
1117
1033
901
709
478
232
-8
-198
-349
-503
-650
-733
-752
-681
-530
-396
-334
-391
-525
-667
-792
-838
-755
-563
-306
78
624
1240
1872
2467
2914
3152
3228
3139
2916
2657
2409
2218
2037
1780
1420
969
456
-71
-579
-994
-1285
-1429
-1380
-1179
-862
-470
-47
296
554
779
941
1069
1142
1072
852
565
293
52
-176
-372
-587
-780
-899
-963
-989
-993
-929
-881
-881
-889
-875
-867
-871
-868
-833
-771
-693
-546
-392
-266
-190
-152
-156
-216
-289
-330
-355
-333
-242
-103
88
330
615
907
1149
1311
1417
1429
1332
1135
872
553
188
-205
-575
-859
-1017
-1061
-1061
-1047
-988
-874
-736
-574
-408
-230
-47
81
152
185
181
179
184
236
361
519
692
839
982
1124
1227
1337
1458
1570
1677
1816
1970
2106
2217
2270
2226
2072
1870
1658
1459
1255
1020
731
366
-36
-443
-851
-1193
-1436
-1584
-1661
-1694
-1696
-1674
-1603
-1467
-1288
-1092
-852
-613
-413
-244
-119
-61
-20
49
95
73
-18
-165
-373
-626
-924
-1231
-1527
-1801
-1988
-2069
-2008
-1834
-1584
-1242
-845
-463
-102
217
438
586
694
732
677
527
354
203
122
181
355
580
809
1023
1205
1355
1439
1420
1305
1135
914
653
424
254
142
75
81
159
241
293
293
260
267
312
367
369
322
267
155
3
-197
-457
-724
-973
-1208
-1391
-1540
-1679
-1783
-1845
-1823
-1722
-1581
-1458
-1382
-1324
-1249
-1130
-962
-795
-635
-462
-277
-96
42
95
49
-68
-267
-554
-862
-1149
-1401
-1587
-1677
-1628
-1461
-1205
-923
-589
-153
315
774
1201
1550
1829
2064
2254
2398
2529
2641
2689
2701
2648
2512
2273
1924
1496
1008
558
199
-109
-389
-614
-766
-837
-806
-673
-438
-146
165
494
822
1184
1555
1882
2110
2227
2228
2093
1836
1456
996
510
20
-482
-952
-1309
-1532
-1590
-1484
-1247
-898
-494
-110
242
547
776
907
941
899
779
641
460
207
-108
-427
-702
-912
-1031
-1032
-926
-784
-645
-541
-454
-416
-456
-541
-610
-693
-799
-892
-953
-953
-946
-949
-1008
-1165
-1414
-1693
-1953
-2152
-2214
-2119
-1826
-1387
-884
-354
164
656
1125
1553
1903
2154
2291
2289
2175
1995
1734
1418
1033
594
176
-200
-586
-997
-1389
-1723
-1950
-2079
-2113
-2078
-1956
-1692
-1303
-788
-191
452
1093
1709
2264
2726
3082
3270
3296
3168
2918
2566
2086
1543
997
466
-15
-445
-793
-1050
-1238
-1331
-1350
-1328
-1317
-1331
-1327
-1308
-1235
-1098
-916
-665
-386
-162
17
120
105
45
-51
-157
-248
-340
-383
-427
-474
-566
-752
-990
-1312
-1702
-2082
-2366
-2550
-2548
-2369
-2018
-1482
-810
-86
614
1245
1722
2086
2331
2459
2444
2302
2079
1788
1478
1178
856
551
277
17
-179
-284
-252
-94
137
369
589
774
867
912
977
1018
1048
1103
1174
1166
1000
722
328
-156
-709
-1266
-1744
-2127
-2394
-2535
-2538
-2389
-2182
-1984
-1818
-1677
-1549
-1463
-1362
-1201
-1012
-861
-698
-570
-499
-442
-423
-421
-463
-534
-654
-816
-1012
-1209
-1380
-1453
-1387
-1198
-886
-514
-99
329
732
1043
1271
1417
1484
1519
1492
1419
1285
1102
876
613
350
92
-167
-439
-764
-1110
-1359
-1520
-1601
-1624
-1597
-1486
-1322
-1066
-752
-465
-218
-31
80
137
107
-27
-207
-408
-599
-762
-906
-972
-965
-922
-814
-675
-514
-300
-62
184
444
667
815
885
878
801
686
598
547
491
392
279
189
115
99
148
203
297
422
543
697
856
981
1066
1118
1140
1089
899
603
241
-177
-538
-784
-865
-783
-612
-390
-152
95
316
480
583
647
650
556
422
242
-38
-360
-676
-934
-1100
-1211
-1289
-1333
-1346
-1307
-1189
-1050
-904
-709
-515
-292
-15
277
568
847
1094
1291
1411
1427
1363
1197
945
666
401
149
-96
-353
-591
-778
-943
-1064
-1127
-1154
-1146
-1114
-1085
-1032
-931
-731
-430
-103
254
594
900
1181
1415
1582
1666
1627
1437
1164
817
407
-67
-580
-1072
-1545
-1954
-2264
-2479
-2590
-2644
-2662
-2680
-2722
-2751
-2807
-2849
-2806
-2621
-2265
-1739
-1074
-349
354
988
1470
1739
1786
1586
1172
593
-111
-828
-1439
-1907
-2173
-2249
-2165
-1936
-1633
-1338
-1093
-891
-727
-556
-338
-97
193
558
902
1198
1475
1687
1795
1810
1792
1788
1798
1811
1794
1717
1611
1472
1279
1079
916
781
683
637
610
573
545
514
488
455
435
447
465
503
497
407
308
285
310
392
530
702
936
1240
1590
1923
2206
2427
2544
2526
2393
2140
1786
1347
860
353
-146
-575
-940
-1229
-1407
-1518
-1610
-1660
-1649
-1603
-1503
-1336
-1136
-902
-654
-404
-173
28
153
205
222
220
181
60
-112
-336
-603
-882
-1149
-1404
-1667
-1869
-1958
-1950
-1843
-1629
-1323
-983
-645
-321
-20
256
530
805
1083
1386
1638
1844
2017
2135
2170
2117
2002
1798
1500
1131
729
281
-125
-447
-719
-916
-1023
-1076
-1084
-1046
-1012
-972
-880
-702
-449
-156
190
558
963
1356
1684
1921
2025
2023
1901
1688
1437
1177
898
607
316
11
-268
-503
-704
-805
-775
-677
-542
-433
-390
-397
-480
-584
-629
-573
-420
-241
-73
-4
-66
-210
-390
-588
-844
-1091
-1318
-1558
-1755
-1912
-2063
-2183
-2230
-2207
-2108
-1926
-1613
-1203
-739
-267
187
616
1018
1406
1691
1903
1977
1891
1705
1449
1063
596
135
-315
-693
-977
-1128
-1129
-1021
-864
-684
-501
-279
-10
264
502
733
901
1022
1132
1180
1205
1252
1319
1430
1554
1616
1639
1589
1503
1365
1161
937
708
506
416
397
363
305
201
51
-127
-302
-468
-541
-512
-428
-297
-81
216
551
859
1071
1167
1144
1025
854
631
415
243
57
-147
-311
-403
-413
-358
-274
-146
-1
141
248
298
303
264
201
112
-17
-146
-241
-294
-303
-293
-280
-252
-164
-43
132
312
417
443
393
294
113
-84
-264
-444
-624
-789
-976
-1176
-1329
-1418
-1387
-1214
-914
-507
-22
469
922
1290
1519
1611
1586
1480
1330
1172
1039
897
738
594
470
355
243
147
-6
-245
-510
-764
-937
-977
-919
-770
-505
-158
215
559
812
979
1079
1095
1012
842
580
237
-123
-501
-849
-1099
-1243
-1192
-964
-652
-336
-33
251
437
571
687
767
845
903
891
866
858
845
868
874
840
758
631
477
288
85
-102
-283
-428
-488
-476
-402
-265
-150
-89
-27
22
102
223
354
414
383
311
198
88
-36
-179
-277
-357
-430
-477
-496
-466
-439
-423
-432
-468
-492
-449
-297
-101
98
292
405
464
457
347
204
72
-69
-200
-326
-484
-608
-676
-698
-667
-578
-448
-299
-182
-111
-132
-253
-431
-655
-904
-1156
-1353
-1512
-1612
-1637
-1604
-1525
-1406
-1255
-1072
-847
-553
-171
241
615
918
1165
1360
1458
1452
1376
1222
961
624
266
-117
-492
-797
-1028
-1206
-1364
-1508
-1579
-1561
-1437
-1248
-1056
-882
-784
-785
-824
-806
-720
-612
-441
-176
104
349
527
623
661
719
828
949
1073
1214
1361
1444
1489
1472
1347
1178
958
735
570
479
450
424
350
219
86
-44
-160
-239
-258
-181
-56
75
217
399
601
802
1009
1152
1195
1136
992
788
532
294
93
-108
-303
-459
-589
-718
-814
-861
-854
-734
-506
-201
131
440
736
1005
1259
1489
1690
1839
1903
1864
1684
1329
837
308
-191
-623
-934
-1117
-1207
-1215
-1142
-956
-691
-380
-53
199
357
500
619
678
704
712
700
671
662
652
604
510
420
381
433
559
728
901
1081
1272
1414
1539
1661
1724
1717
1697
1660
1595
1526
1431
1255
979
640
241
-197
-591
-904
-1137
-1253
-1254
-1205
-1131
-1011
-850
-665
-522
-463
-509
-620
-712
-789
-828
-822
-788
-747
-721
-717
-714
-688
-628
-549
-454
-353
-298
-330
-364
-358
-333
-247
-91
129
357
534
655
717
726
685
604
487
271
4
-239
-447
-580
-567
-439
-233
13
289
649
1027
1410
1793
2122
2390
2592
2709
2759
2760
2744
2726
2712
2676
2665
2690
2686
2641
2512
2261
1922
1546
1161
808
509
264
89
-42
-105
-70
16
114
205
304
389
443
472
494
458
398
372
382
399
423
484
550
636
722
824
933
1018
1095
1124
1085
1031
963
892
824
748
674
605
529
438
355
254
116
-59
-183
-209
-225
-188
-82
53
219
387
566
743
882
1004
1125
1224
1295
1357
1391
1337
1227
1114
1014
916
800
694
575
429
270
133
18
-86
-126
-113
-56
45
148
228
306
391
487
585
683
748
713
612
458
283
79
-116
-253
-374
-450
-502
-514
-500
-514
-572
-667
-777
-875
-934
-1013
-1130
-1274
-1415
-1475
-1454
-1386
-1309
-1236
-1163
-1111
-1045
-947
-781
-508
-197
56
236
357
399
305
128
-55
-238
-362
-481
-609
-740
-865
-985
-1120
-1241
-1355
-1445
-1523
-1562
-1555
-1479
-1334
-1118
-818
-442
-20
364
643
790
844
827
767
715
652
566
456
333
214
97
13
-48
-84
-108
-112
-105
-75
-26
8
65
145
219
282
338
400
496
588
594
500
312
53
-240
-503
-726
-953
-1163
-1341
-1459
-1509
-1502
-1443
-1300
-1102
-869
-634
-440
-299
-248
-311
-436
-554
-662
-739
-782
-811
-866
-925
-983
-1062
-1169
-1261
-1351
-1479
-1583
-1659
-1680
-1617
-1461
-1297
-1161
-1019
-911
-875
-902
-968
-1093
-1217
-1277
-1300
-1295
-1220
-1054
-863
-710
-629
-630
-743
-959
-1183
-1341
-1374
-1302
-1189
-1105
-1074
-1130
-1234
-1303
-1354
-1397
-1433
-1455
-1435
-1360
-1233
-1037
-791
-529
-274
-85
47
123
143
134
91
8
-143
-357
-619
-913
-1191
-1433
-1606
-1679
-1631
-1453
-1168
-826
-501
-197
67
220
240
95
-219
-626
-1070
-1471
-1767
-1957
-2016
-1974
-1886
-1773
-1649
-1521
-1368
-1233
-1141
-1112
-1137
-1193
-1276
-1359
-1411
-1385
-1303
-1183
-1068
-982
-932
-903
-906
-917
-898
-850
-771
-650
-466
-216
93
451
860
1260
1591
1849
2016
2074
2012
1873
1669
1374
1014
614
205
-183
-475
-646
-695
-618
-447
-220
-2
167
287
362
389
399
348
283
298
383
478
551
620
669
713
693
563
368
139
-152
-459
-729
-970
-1141
-1241
-1286
-1253
-1132
-972
-792
-634
-522
-467
-409
-296
-162
5
177
312
391
444
465
490
531
605
719
850
973
1037
1020
946
862
771
681
599
524
454
426
431
429
396
360
293
156
-63
-367
-717
-1043
-1326
-1510
-1541
-1481
-1334
-1148
-940
-703
-463
-235
-79
-6
-10
-92
-223
-385
-566
-748
-929
-1091
-1185
-1230
-1225
-1163
-1066
-957
-842
-748
-651
-524
-366
-161
27
183
258
256
225
187
129
76
53
78
134
208
338
483
631
786
928
1023
1054
1041
1028
1059
1117
1186
1244
1280
1316
1313
1241
1109
915
649
355
59
-198
-392
-554
-691
-763
-740
-674
-615
-560
-480
-361
-205
-52
97
238
313
282
152
-50
-281
-481
-620
-687
-722
-709
-666
-658
-650
-623
-654
-715
-779
-878
-979
-1045
-1049
-1019
-897
-708
-509
-304
-108
95
296
483
631
755
877
1013
1165
1300
1363
1374
1325
1233
1155
1086
1008
867
663
432
208
7
-135
-184
-126
27
222
411
530
555
560
539
461
389
366
354
342
401
491
546
566
541
441
302
175
21
-153
-336
-498
-635
-758
-880
-1023
-1176
-1312
-1386
-1411
-1375
-1314
-1280
-1262
-1242
-1203
-1131
-1019
-885
-773
-705
-686
-704
-760
-793
-752
-696
-575
-396
-211
-11
201
459
735
1023
1274
1439
1514
1487
1350
1155
952
667
311
-107
-508
-861
-1151
-1292
-1278
-1115
-864
-588
-334
-125
-3
68
137
210
290
363
415
409
349
260
168
111
78
58
44
-40
-233
-487
-759
-1009
-1189
-1284
-1277
-1184
-1040
-857
-613
-378
-212
-117
-84
-84
-113
-114
-71
-7
90
261
507
787
1100
1437
1735
1956
2081
2108
2039
1866
1652
1412
1152
906
689
460
201
-48
-260
-413
-497
-518
-506
-483
-474
-505
-584
-709
-835
-925
-983
-1005
-986
-920
-828
-742
-652
-551
-468
-444
-485
-588
-726
-889
-1028
-1073
-1036
-927
-769
-600
-425
-272
-174
-115
-60
10
116
262
426
563
673
729
707
682
676
693
730
787
878
966
1003
982
923
817
674
507
337
223
168
164
230
328
465
671
947
1252
1544
1765
1865
1842
1695
1440
1101
699
233
-273
-794
-1332
-1834
-2221
-2417
-2472
-2387
-2147
-1834
-1491
-1128
-754
-406
-56
222
397
507
562
592
580
522
422
303
168
16
-165
-376
-590
-802
-986
-1097
-1108
-1028
-879
-663
-417
-195
-8
178
377
531
609
643
671
684
687
689
686
683
662
597
499
352
213
77
-64
-162
-221
-185
-55
109
231
334
447
548
629
683
688
642
565
473
355
210
90
7
-24
-4
72
196
362
552
725
855
905
902
892
852
834
861
934
1028
1081
1087
1038
955
808
594
313
-17
-393
-789
-1117
-1371
-1550
-1603
-1524
-1363
-1140
-830
-462
-63
324
676
967
1141
1191
1140
1028
866
696
531
381
210
34
-132
-274
-336
-344
-356
-351
-313
-327
-387
-444
-499
-543
-536
-483
-402
-308
-189
-39
111
253
415
558
683
799
862
918
997
1092
1197
1339
1493
1626
1742
1846
1965
2068
2088
2032
1916
1767
1652
1581
1544
1551
1618
1727
1846
1925
1959
1954
1933
1893
1806
1690
1553
1434
1335
1245
1176
1106
1004
857
663
399
37
-418
-921
-1423
-1844
-2144
-2324
-2349
-2209
-1898
-1470
-996
-537
-161
131
295
322
240
45
-256
-618
-1000
-1326
-1557
-1711
-1753
-1697
-1545
-1373
-1240
-1162
-1180
-1269
-1441
-1685
-1916
-2092
-2186
-2179
-2051
-1822
-1547
-1267
-1046
-890
-784
-714
-661
-625
-584
-468
-222
112
493
919
1331
1700
2024
2258
2404
2438
2351
2155
1849
1491
1135
788
493
321
272
326
443
597
786
980
1133
1225
1272
1246
1135
975
810
693
616
568
549
578
651
725
775
781
747
712
667
613
586
592
685
837
1024
1243
1516
1826
2086
2216
2208
2098
1907
1666
1421
1177
915
678
434
190
-10
-152
-228
-201
-99
12
112
210
263
198
59
-113
-275
-425
-529
-559
-536
-478
-393
-279
-162
-37
71
167
272
350
383
382
351
268
118
-69
-268
-440
-621
-811
-965
-1045
-1027
-935
-800
-645
-460
-267
-83
46
92
72
8
-57
-102
-141
-183
-251
-360
-488
-598
-625
-555
-410
-241
-95
37
128
146
126
109
95
63
37
51
108
187
264
317
358
406
454
489
509
527
517
470
390
289
161
9
-139
-281
-386
-447
-460
-425
-354
-253
-138
-9
120
241
336
397
435
435
403
374
396
485
634
871
1175
1499
1796
2054
2262
2391
2448
2417
2297
2099
1798
1396
921
425
-13
-321
-517
-611
-531
-344
-101
150
343
466
538
573
573
553
525
526
526
512
511
521
538
562
560
523
490
441
324
130
-119
-372
-631
-877
-1087
-1271
-1409
-1468
-1455
-1363
-1168
-898
-614
-378
-215
-153
-187
-281
-459
-681
-894
-1086
-1250
-1428
-1598
-1779
-1983
-2155
-2261
-2281
-2205
-2053
-1857
-1610
-1367
-1134
-924
-740
-585
-470
-366
-296
-238
-170
-139
-163
-245
-361
-457
-473
-384
-232
-6
261
528
821
1124
1396
1647
1828
1878
1826
1692
1454
1159
883
646
434
249
103
-64
-250
-428
-573
-679
-702
-644
-539
-382
-177
87
375
677
964
1197
1383
1537
1632
1665
1625
1502
1309
1058
787
490
192
-96
-399
-671
-843
-924
-896
-747
-553
-332
-111
113
318
454
526
552
550
563
558
484
373
240
110
3
-77
-152
-244
-387
-587
-819
-1007
-1142
-1242
-1333
-1437
-1518
-1509
-1390
-1216
-993
-741
-493
-248
-6
214
401
526
540
452
292
95
-96
-256
-348
-376
-364
-349
-343
-370
-395
-391
-403
-405
-389
-348
-294
-234
-171
-83
-29
0
93
170
268
384
486
592
647
631
573
503
412
333
308
343
404
468
567
702
854
1025
1189
1318
1335
1273
1195
1080
978
897
812
676
484
227
-77
-364
-596
-734
-769
-688
-509
-234
105
426
702
921
1060
1126
1103
950
680
321
-74
-477
-893
-1291
-1642
-1917
-2114
-2198
-2125
-1909
-1618
-1311
-994
-694
-387
-116
98
268
374
389
306
200
155
135
163
270
385
520
657
760
788
748
666
513
289
20
-257
-467
-613
-677
-670
-640
-619
-630
-644
-697
-770
-861
-965
-1058
-1154
-1231
-1308
-1359
-1351
-1261
-1079
-859
-639
-453
-305
-198
-84
72
247
401
524
630
721
791
823
816
758
633
458
293
149
7
-164
-330
-469
-625
-792
-932
-1019
-1043
-990
-895
-766
-644
-546
-427
-344
-321
-332
-321
-302
-294
-295
-315
-283
-215
-122
-23
26
11
-66
-166
-292
-399
-447
-433
-409
-416
-417
-416
-406
-371
-349
-336
-315
-279
-236
-223
-229
-245
-236
-188
-127
-62
-17
-33
-135
-278
-448
-668
-870
-1012
-1116
-1174
-1181
-1168
-1150
-1116
-1070
-1032
-977
-895
-820
-777
-781
-810
-827
-790
-696
-535
-332
-110
127
340
496
581
608
637
690
733
769
787
798
749
633
490
341
257
258
312
374
407
397
357
321
276
208
132
4
-191
-402
-589
-762
-918
-995
-957
-832
-645
-394
-157
13
108
143
115
77
68
119
216
306
398
458
475
427
330
195
77
4
-31
-15
2
8
33
66
112
181
238
288
290
251
191
114
1
-159
-357
-567
-755
-897
-984
-1006
-1008
-1040
-1078
-1132
-1177
-1196
-1149
-1051
-893
-637
-302
80
417
642
737
701
550
337
95
-171
-426
-649
-847
-1007
-1151
-1272
-1395
-1515
-1553
-1488
-1318
-1047
-689
-271
166
596
977
1267
1479
1600
1598
1518
1394
1218
1035
872
738
636
563
547
585
641
697
722
726
676
556
364
103
-212
-587
-979
-1370
-1695
-1894
-1964
-1942
-1850
-1711
-1546
-1410
-1326
-1308
-1367
-1428
-1467
-1472
-1411
-1301
-1168
-1007
-861
-766
-727
-734
-797
-868
-907
-919
-892
-818
-723
-603
-412
-182
93
405
720
986
1188
1301
1332
1323
1264
1165
1029
845
638
423
163
-116
-370
-589
-746
-837
-889
-883
-833
-741
-608
-468
-335
-250
-192
-139
-76
-26
-5
-11
-29
-31
-52
-66
-86
-132
-193
-267
-333
-372
-366
-315
-215
-87
53
161
189
152
32
-157
-328
-484
-630
-748
-809
-843
-886
-930
-970
-964
-904
-789
-592
-348
-109
88
214
273
270
214
112
14
-62
-128
-213
-356
-527
-700
-846
-906
-886
-820
-703
-521
-304
-64
184
408
585
699
798
846
865
858
799
667
469
267
67
-143
-334
-506
-708
-905
-1106
-1335
-1535
-1668
-1719
-1673
-1580
-1488
-1385
-1323
-1280
-1181
-1045
-870
-665
-442
-208
53
309
532
681
725
685
602
562
575
619
656
653
604
529
415
304
211
141
129
171
275
429
611
814
1015
1175
1280
1332
1352
1369
1447
1562
1673
1773
1873
1961
2026
2091
2137
2142
2103
2050
1928
1721
1472
1197
942
713
512
349
237
141
6
-127
-282
-444
-654
-865
-1014
-1135
-1136
-1040
-894
-718
-540
-398
-305
-264
-287
-362
-431
-453
-436
-351
-187
19
282
585
863
1078
1241
1326
1230
986
616
164
-276
-676
-1031
-1347
-1601
-1770
-1829
-1759
-1548
-1173
-682
-121
476
1078
1635
2084
2400
2512
2434
2244
1947
1534
1094
695
320
-1
-257
-451
-569
-611
-555
-460
-364
-285
-289
-351
-429
-530
-638
-673
-614
-457
-198
86
372
629
821
976
1135
1287
1439
1541
1622
1725
1787
1792
1734
1599
1362
1128
935
776
631
541
537
564
595
625
637
599
533
378
178
-33
-260
-493
-700
-847
-945
-990
-964
-860
-708
-468
-173
73
213
276
211
17
-251
-594
-973
-1288
-1492
-1638
-1711
-1662
-1517
-1333
-1098
-840
-586
-332
-128
-8
41
28
-28
-127
-223
-298
-342
-335
-230
-64
121
284
366
400
391
370
324
261
176
101
50
37
36
28
67
179
382
640
916
1137
1306
1384
1390
1370
1307
1209
1089
944
768
578
409
281
174
120
95
108
164
177
122
1
-186
-443
-747
-1064
-1363
-1631
-1820
-1932
-2013
-2031
-1987
-1873
-1681
-1429
-1163
-887
-628
-382
-133
68
213
273
279
240
177
92
-20
-121
-208
-273
-331
-360
-392
-465
-550
-615
-643
-648
-625
-580
-519
-418
-259
-61
133
318
522
746
956
1145
1337
1510
1617
1637
1638
1624
1540
1437
1313
1125
921
730
547
420
337
249
178
169
232
380
556
723
898
1033
1103
1085
982
818
639
465
295
184
134
101
95
118
91
9
-88
-214
-335
-359
-312
-285
-248
-193
-132
-43
50
136
204
244
295
367
436
535
661
757
806
794
745
676
549
402
274
171
96
0
-122
-261
-404
-499
-535
-574
-617
-679
-734
-738
-759
-800
-825
-840
-840
-793
-731
-662
-634
-647
-664
-687
-707
-730
-711
-667
-600
-518
-442
-338
-208
-100
15
155
255
327
355
301
123
-141
-449
-772
-1072
-1329
-1505
-1612
-1646
-1612
-1480
-1263
-1016
-796
-598
-438
-322
-237
-122
64
246
430
615
809
1000
1188
1348
1481
1571
1602
1561
1424
1208
924
596
231
-181
-615
-996
-1319
-1519
-1577
-1534
-1430
-1270
-1084
-915
-753
-597
-423
-244
-65
106
215
260
252
182
56
-86
-218
-383
-531
-590
-551
-430
-288
-184
-87
-12
6
-19
-69
-55
74
250
419
598
765
884
920
915
868
760
656
515
295
41
-192
-399
-578
-718
-775
-746
-658
-517
-404
-323
-271
-245
-236
-258
-274
-303
-368
-453
-518
-563
-580
-559
-524
-473
-406
-341
-257
-149
-28
111
232
343
456
559
637
688
707
703
697
688
710
759
865
976
1029
1026
1004
1003
986
989
1004
994
967
984
1050
1104
1133
1225
1270
1091
867
728
545
296
104
-52
-165
-190
-167
-153
-167
-206
-284
-365
-404
-436
-447
-454
-478
-552
-671
-804
-988
-1234
-1507
-1781
-2042
-2270
-2461
-2596
-2670
-2618
-2489
-2316
-2102
-1810
-1474
-1126
-727
-396
-174
-41
57
115
124
82
26
-33
-120
-222
-316
-404
-531
-678
-783
-788
-708
-579
-394
-210
-78
-3
27
32
5
-41
-73
-67
-12
69
165
239
243
195
136
92
46
18
39
89
146
193
251
316
336
317
298
314
347
376
414
429
400
352
298
248
212
177
137
69
7
-55
-138
-202
-228
-249
-301
-343
-346
-337
-354
-415
-469
-534
-617
-697
-751
-756
-723
-631
-447
-175
141
466
786
1084
1257
1298
1258
1153
981
787
647
548
480
434
407
413
396
335
221
36
-187
-456
-704
-907
-1078
-1187
-1222
-1148
-967
-746
-523
-303
-114
1
55
69
4
-122
-278
-493
-750
-1025
-1300
-1545
-1675
-1643
-1527
-1370
-1170
-947
-730
-503
-249
2
214
388
552
714
809
825
775
673
534
380
245
115
-49
-218
-375
-540
-703
-855
-951
-961
-874
-706
-468
-241
-56
76
149
193
219
241
268
325
415
519
666
826
930
986
1023
1073
1130
1172
1180
1138
1059
973
893
865
886
948
1064
1227
1368
1451
1494
1441
1335
1228
1102
1015
1034
1130
1263
1389
1435
1386
1292
1187
1069
916
730
524
337
224
211
321
538
786
1025
1215
1313
1338
1304
1202
1027
814
607
446
323
267
262
305
387
480
564
597
580
522
468
384
272
150
18
-63
-78
-3
172
404
685
980
1237
1402
1508
1591
1632
1649
1664
1691
1713
1721
1660
1522
1326
1068
798
550
366
252
222
270
332
421
537
674
813
943
1062
1197
1334
1436
1515
1542
1516
1440
1316
1169
999
796
580
346
101
-111
-288
-475
-623
-684
-675
-585
-399
-161
128
461
802
1138
1423
1656
1818
1886
1877
1820
1741
1633
1451
1208
920
539
147
-139
-302
-361
-330
-221
-71
98
302
511
707
894
1058
1184
1274
1328
1340
1339
1324
1308
1298
1314
1367
1411
1441
1438
1408
1357
1264
1182
1126
1022
891
776
630
466
316
212
202
235
281
317
317
272
206
153
74
0
-69
-130
-165
-168
-146
-85
14
137
252
343
409
403
329
239
149
99
129
253
457
683
932
1194
1400
1513
1569
1574
1575
1527
1433
1280
1076
847
609
421
263
142
13
-77
-170
-253
-300
-352
-372
-357
-308
-228
-110
31
144
229
292
291
201
25
-160
-324
-438
-485
-427
-291
-102
128
285
379
383
274
83
-170
-417
-636
-800
-917
-1014
-1078
-1108
-1074
-985
-848
-717
-641
-642
-746
-906
-1093
-1232
-1270
-1195
-1020
-761
-450
-145
90
268
390
433
436
392
329
280
264
253
231
171
64
-52
-187
-319
-425
-479
-545
-654
-805
-980
-1125
-1218
-1224
-1119
-901
-615
-301
22
361
661
887
1023
1070
1075
1060
1061
1059
1043
963
776
482
80
-331
-716
-1050
-1328
-1583
-1793
-1962
-2045
-2015
-1902
-1757
-1605
-1429
-1260
-1121
-1017
-968
-970
-1010
-1042
-1064
-1132
-1242
-1351
-1422
-1399
-1304
-1200
-1104
-1025
-939
-850
-746
-662
-625
-582
-518
-484
-489
-511
-559
-656
-805
-1004
-1229
-1447
-1627
-1701
-1707
-1719
-1745
-1789
-1858
-1957
-2073
-2178
-2246
-2245
-2147
-1957
-1707
-1417
-1141
-904
-690
-527
-421
-370
-359
-396
-429
-445
-443
-430
-429
-395
-373
-383
-411
-452
-507
-549
-561
-547
-465
-316
-107
132
341
463
486
420
283
90
-117
-339
-553
-718
-858
-942
-973
-973
-923
-842
-781
-738
-677
-621
-613
-635
-644
-650
-665
-689
-728
-779
-839
-881
-891
-902
-908
-891
-901
-914
-928
-955
-977
-1008
-1032
-1038
-1079
-1182
-1334
-1535
-1758
-1970
-2137
-2263
-2294
-2214
-2077
-1918
-1771
-1657
-1587
-1542
-1496
-1452
-1406
-1346
-1253
-1140
-1025
-956
-972
-1061
-1187
-1292
-1361
-1369
-1324
-1240
-1164
-1105
-1061
-1036
-993
-900
-766
-629
-482
-291
-70
150
368
552
689
744
683
559
438
324
204
86
9
-22
-27
-38
-76
-114
-122
-117
-135
-187
-273
-344
-408
-457
-437
-369
-227
-35
167
389
571
630
569
426
193
-93
-348
-542
-667
-673
-601
-492
-344
-231
-164
-168
-238
-353
-526
-668
-767
-827
-823
-793
-743
-678
-655
-695
-787
-933
-1151
-1417
-1650
-1856
-2031
-2117
-2133
-2109
-2029
-1882
-1719
-1560
-1429
-1363
-1322
-1264
-1186
-1105
-1006
-885
-745
-573
-364
-104
192
523
867
1193
1444
1603
1673
1605
1447
1222
968
724
470
219
-30
-249
-418
-523
-566
-567
-502
-415
-350
-314
-302
-311
-320
-325
-332
-391
-486
-572
-681
-786
-868
-936
-1005
-1074
-1160
-1292
-1459
-1591
-1680
-1718
-1666
-1515
-1318
-1139
-960
-798
-643
-460
-267
-71
83
199
247
225
186
138
90
33
-6
-49
-55
-33
-47
-81
-113
-155
-220
-302
-383
-429
-434
-392
-294
-214
-179
-107
-21
92
251
429
602
741
876
1003
1128
1253
1346
1414
1453
1468
1463
1386
1213
994
757
521
316
157
38
-33
-78
-102
-91
-60
-1
95
221
376
511
570
601
641
687
747
798
829
833
793
706
569
390
187
-36
-284
-535
-788
-1036
-1255
-1416
-1520
-1591
-1582
-1504
-1396
-1252
-1082
-910
-713
-480
-252
-49
158
364
532
691
795
827
787
664
517
317
59
-215
-484
-716
-900
-1035
-1094
-1102
-1078
-1018
-925
-822
-716
-564
-376
-161
60
253
385
408
336
214
105
45
30
67
178
330
469
609
774
961
1140
1289
1420
1488
1488
1437
1333
1191
1017
794
532
295
99
-28
-93
-132
-111
-69
-43
-1
82
201
333
427
492
563
645
718
725
724
715
702
681
610
544
502
479
454
423
410
363
279
164
-25
-270
-509
-715
-873
-967
-1002
-964
-833
-631
-366
-12
361
711
1012
1267
1475
1638
1733
1753
1755
1756
1753
1732
1712
1687
1652
1600
1489
1325
1169
1015
901
852
901
1013
1127
1237
1309
1351
1359
1321
1224
1089
931
806
745
684
620
578
571
590
623
679
724
719
666
602
532
509
557
654
800
927
1018
1019
909
726
502
313
154
32
-76
-196
-313
-438
-538
-574
-543
-449
-306
-180
-59
64
189
314
472
641
793
933
1001
1024
999
894
745
578
392
229
86
-67
-215
-289
-316
-401
-458
-432
-363
-243
-36
272
629
1016
1399
1702
1897
2000
2034
1961
1812
1659
1565
1527
1518
1570
1706
1828
1887
1879
1787
1636
1418
1194
957
758
630
543
486
451
424
388
350
296
221
154
149
159
150
146
106
31
-48
-127
-171
-182
-166
-141
-151
-200
-286
-388
-496
-596
-665
-719
-773
-799
-796
-782
-742
-638
-499
-371
-212
6
242
484
746
1006
1240
1445
1634
1794
1919
2029
2150
2261
2333
2334
2205
1965
1665
1325
934
503
81
-283
-557
-745
-853
-882
-816
-648
-378
-53
299
659
1000
1322
1595
1807
1907
1856
1662
1370
1064
803
609
418
195
-43
-282
-504
-701
-830
-918
-961
-955
-939
-909
-887
-870
-804
-661
-435
-183
-4
83
122
151
182
255
340
406
429
425
393
362
372
403
465
535
568
550
507
449
398
358
318
277
269
306
413
565
725
857
955
993
995
1020
1059
1137
1244
1340
1398
1434
1421
1316
1123
889
637
370
107
-144
-356
-526
-667
-803
-938
-1042
-1131
-1224
-1297
-1303
-1266
-1228
-1202
-1188
-1198
-1219
-1195
-1092
-905
-660
-386
-73
275
592
855
1024
1086
1051
923
727
504
263
22
-237
-464
-623
-743
-771
-758
-746
-715
-662
-609
-592
-653
-776
-885
-944
-930
-878
-838
-780
-705
-633
-603
-622
-623
-569
-463
-343
-223
-92
60
218
345
415
453
445
357
200
18
-172
-359
-496
-591
-613
-540
-408
-290
-242
-216
-184
-184
-216
-236
-250
-253
-264
-286
-271
-213
-138
-73
-7
48
85
117
140
138
111
117
117
77
83
105
78
40
-9
-70
-144
-245
-370
-525
-665
-759
-842
-877
-792
-640
-485
-363
-308
-352
-471
-608
-782
-954
-1011
-973
-890
-717
-446
-150
107
273
365
450
504
521
471
366
254
145
62
-10
-88
-130
-119
-79
16
146
285
411
489
507
473
386
288
187
94
28
-7
-18
-2
55
159
310
511
702
843
976
1056
1057
1014
925
774
599
425
288
181
115
86
78
91
160
276
377
434
463
440
346
254
167
70
-27
-126
-232
-297
-317
-313
-305
-255
-212
-183
-190
-258
-339
-386
-397
-395
-375
-324
-221
-108
9
86
118
105
47
-79
-293
-564
-841
-1066
-1231
-1340
-1380
-1324
-1201
-1059
-914
-765
-652
-577
-516
-492
-512
-545
-544
-505
-414
-273
-152
-135
-233
-354
-471
-599
-680
-658
-562
-423
-278
-142
-17
69
106
97
105
155
218
281
420
608
719
768
764
705
612
497
347
200
107
52
-22
-98
-179
-255
-318
-409
-539
-685
-766
-746
-623
-433
-206
64
345
570
765
957
1104
1188
1243
1252
1177
1082
983
836
642
431
186
-100
-392
-620
-764
-864
-907
-901
-893
-846
-746
-683
-628
-577
-558
-515
-467
-417
-445
-523
-591
-621
-645
-656
-668
-744
-830
-896
-934
-1035
-1154
-1241
-1284
-1286
-1218
-1048
-757
-355
95
537
920
1223
1378
1406
1353
1215
973
645
272
-95
-454
-763
-1005
-1200
-1326
-1287
-1130
-950
-697
-391
-90
141
277
284
240
206
195
175
145
102
75
85
94
93
53
28
37
73
97
147
235
282
279
294
323
352
371
347
324
285
205
133
33
-126
-324
-533
-692
-828
-962
-1042
-995
-876
-710
-513
-363
-274
-192
-53
103
243
349
426
568
780
979
1185
1396
1525
1577
1534
1377
1141
846
532
196
-166
-504
-771
-891
-820
-611
-298
70
438
799
1133
1429
1708
1891
2004
2064
1999
1804
1542
1280
1053
873
712
597
508
448
411
352
300
291
361
481
595
752
920
1049
1124
1134
1118
1054
927
720
467
265
101
-10
-56
-63
-51
14
98
212
341
404
485
543
551
502
415
306
248
215
185
169
132
107
90
51
-22
-91
-135
-186
-303
-458
-615
-725
-798
-843
-832
-771
-687
-537
-393
-256
-58
156
393
634
877
1081
1231
1288
1270
1227
1156
1076
1023
1000
962
899
806
714
632
541
464
410
376
365
363
403
417
388
383
385
412
496
633
803
972
1091
1180
1213
1208
1160
1078
986
881
809
797
771
671
527
347
159
-32
-195
-294
-318
-271
-208
-154
-115
-90
-81
-128
-183
-195
-156
-28
152
349
560
796
1084
1353
1599
1794
1906
1960
1943
1837
1648
1424
1209
970
721
529
347
214
99
-30
-131
-177
-156
-99
27
214
419
639
854
1070
1267
1430
1596
1693
1696
1648
1559
1431
1288
1154
1026
961
930
944
971
941
916
918
930
919
886
841
823
766
665
599
542
477
421
401
385
404
443
474
493
477
473
526
656
851
1049
1222
1361
1418
1351
1163
924
693
479
327
215
123
140
170
178
222
283
344
371
370
344
282
258
329
477
668
872
1052
1168
1272
1387
1521
1663
1819
1979
2091
2137
2124
2087
1999
1855
1665
1430
1190
971
781
588
398
258
110
-50
-205
-380
-537
-593
-587
-510
-377
-267
-135
18
97
145
183
176
174
150
105
26
-64
-134
-177
-177
-127
-82
-26
35
27
-37
-136
-228
-301
-323
-277
-238
-240
-307
-363
-377
-367
-306
-251
-172
-61
18
87
219
323
463
648
833
1050
1253
1435
1566
1676
1764
1830
1836
1819
1762
1644
1501
1325
1133
883
567
250
-79
-418
-730
-1011
-1223
-1384
-1485
-1546
-1594
-1572
-1495
-1380
-1253
-1097
-899
-765
-667
-604
-572
-558
-616
-686
-758
-853
-950
-1034
-1095
-1103
-1088
-1059
-998
-885
-727
-573
-425
-274
-70
131
285
409
517
651
824
1060
1359
1680
1981
2254
2443
2526
2518
2402
2180
1865
1525
1145
748
348
-55
-423
-739
-984
-1206
-1365
-1447
-1460
-1420
-1315
-1148
-959
-761
-592
-477
-381
-292
-257
-268
-311
-396
-498
-596
-706
-824
-974
-1124
-1272
-1393
-1485
-1579
-1670
-1766
-1874
-2003
-2053
-2034
-1926
-1741
-1562
-1372
-1179
-969
-765
-594
-445
-350
-280
-247
-259
-307
-429
-595
-792
-978
-1163
-1299
-1375
-1340
-1216
-1013
-759
-563
-381
-262
-201
-212
-243
-274
-284
-288
-309
-325
-353
-351
-335
-301
-262
-215
-189
-220
-291
-408
-557
-701
-839
-1003
-1176
-1316
-1399
-1436
-1437
-1431
-1398
-1333
-1284
-1264
-1259
-1268
-1263
-1253
-1251
-1201
-1153
-1151
-1198
-1267
-1332
-1397
-1479
-1602
-1768
-1945
-2124
-2305
-2433
-2449
-2334
-2107
-1829
-1560
-1319
-1100
-910
-794
-750
-745
-761
-763
-746
-694
-629
-588
-595
-673
-770
-911
-1082
-1236
-1369
-1450
-1460
-1393
-1292
-1185
-1082
-986
-897
-823
-762
-730
-708
-705
-727
-745
-771
-799
-823
-824
-819
-839
-876
-881
-895
-960
-1067
-1272
-1537
-1818
-2046
-2220
-2319
-2348
-2323
-2227
-2100
-1935
-1794
-1667
-1557
-1460
-1389
-1355
-1363
-1415
-1452
-1451
-1448
-1488
-1500
-1497
-1542
-1588
-1590
-1583
-1557
-1528
-1481
-1386
-1282
-1238
-1270
-1362
-1447
-1494
-1522
-1531
-1531
-1459
-1306
-1079
-824
-589
-361
-171
-25
58
76
62
6
-77
-181
-342
-555
-778
-975
-1126
-1222
-1236
-1173
-1070
-917
-741
-596
-462
-351
-253
-154
-43
114
302
500
700
907
1101
1225
1208
1079
872
584
242
-123
-509
-909
-1276
-1589
-1815
-1929
-1952
-1892
-1770
-1605
-1361
-1123
-939
-753
-565
-412
-320
-303
-338
-388
-463
-538
-614
-673
-683
-672
-649
-597
-550
-541
-562
-613
-684
-736
-743
-744
-722
-681
-622
-561
-539
-555
-611
-723
-868
-1034
-1188
-1295
-1377
-1415
-1439
-1460
-1492
-1556
-1643
-1716
-1737
-1685
-1559
-1362
-1137
-885
-581
-259
28
237
419
552
579
511
409
268
83
-124
-350
-565
-740
-866
-950
-989
-1021
-1030
-979
-879
-751
-638
-565
-550
-578
-626
-655
-680
-727
-781
-819
-797
-716
-583
-421
-222
8
185
291
326
271
145
-50
-264
-447
-634
-843
-1022
-1162
-1209
-1191
-1136
-1009
-832
-620
-413
-212
-60
32
86
77
-4
-102
-224
-340
-437
-511
-521
-468
-365
-240
-95
72
258
428
594
727
813
834
757
618
463
299
138
4
-101
-171
-202
-186
-115
9
193
405
589
733
824
867
858
849
880
942
1041
1156
1245
1260
1175
997
725
375
23
-271
-493
-641
-718
-756
-741
-688
-630
-564
-532
-560
-624
-677
-710
-717
-679
-594
-487
-388
-283
-192
-113
-68
-91
-218
-428
-707
-1079
-1485
-1879
-2217
-2480
-2650
-2720
-2669
-2511
-2279
-1957
-1606
-1244
-877
-512
-187
135
494
835
1118
1308
1417
1399
1293
1186
1086
989
906
889
933
989
1001
919
743
501
254
68
-82
-196
-220
-191
-140
-44
63
139
197
224
252
336
440
522
564
597
649
711
745
786
859
931
1014
1086
1158
1183
1096
937
750
586
454
311
142
-55
-248
-381
-434
-433
-405
-327
-211
-83
69
269
510
799
1114
1442
1732
1938
2084
2141
2126
2005
1755
1416
1023
592
162
-207
-462
-558
-594
-573
-492
-342
-154
11
165
343
591
887
1219
1530
1809
2042
2218
2306
2248
2048
1753
1390
986
587
207
-104
-333
-520
-689
-820
-942
-1050
-1071
-1024
-952
-914
-923
-916
-871
-795
-739
-684
-596
-486
-347
-163
19
161
285
364
388
385
401
449
524
598
660
684
694
733
765
803
815
834
836
833
840
854
867
860
888
884
869
862
848
824
796
780
776
747
667
560
456
372
319
331
413
598
870
1170
1449
1671
1804
1864
1845
1766
1671
1552
1429
1348
1323
1307
1323
1375
1382
1317
1246
1154
1024
873
703
550
406
258
106
-41
-166
-231
-267
-292
-303
-344
-391
-427
-435
-449
-514
-592
-640
-642
-596
-481
-323
-167
-57
14
96
176
279
388
475
563
636
690
719
744
732
678
620
565
505
448
441
472
519
610
764
962
1168
1344
1461
1538
1563
1537
1478
1383
1286
1220
1211
1258
1359
1510
1693
1896
2078
2219
2301
2337
2291
2163
1965
1683
1330
929
509
117
-225
-532
-773
-918
-922
-816
-638
-417
-222
-27
154
284
372
413
399
339
300
305
331
343
376
450
562
750
989
1289
1575
1774
1860
1833
1686
1405
1053
646
224
-169
-487
-697
-774
-706
-542
-325
-108
62
212
359
485
583
694
807
859
861
832
816
824
867
947
1044
1135
1166
1111
993
865
740
594
433
327
277
272
292
277
198
99
27
-1
34
74
136
210
304
440
578
668
695
642
532
411
286
173
53
-36
-59
-26
10
57
100
174
286
359
409
437
409
341
243
125
36
12
70
154
264
366
417
455
489
502
486
422
320
192
39
-115
-242
-316
-332
-305
-219
-81
98
294
466
638
805
931
992
1014
993
975
969
955
982
1031
1048
1012
928
769
573
367
178
27
-81
-169
-253
-319
-378
-427
-452
-434
-375
-261
-78
148
377
598
792
965
1091
1160
1160
1059
900
687
450
220
4
-169
-311
-433
-549
-652
-753
-874
-980
-1058
-1097
-1111
-1077
-984
-853
-647
-395
-123
156
398
585
714
794
795
719
616
478
300
78
-142
-347
-559
-795
-1068
-1299
-1461
-1548
-1569
-1520
-1364
-1127
-856
-576
-308
-3
346
663
929
1142
1282
1350
1349
1259
1058
789
502
198
-90
-364
-668
-985
-1232
-1379
-1451
-1437
-1387
-1325
-1203
-1019
-801
-594
-409
-293
-261
-279
-322
-354
-376
-380
-341
-287
-199
-102
-21
33
21
-32
-110
-230
-417
-581
-684
-740
-725
-645
-516
-346
-170
12
163
228
242
231
210
194
173
129
112
89
30
-50
-137
-181
-190
-161
-81
6
70
116
146
183
237
294
356
426
494
560
583
548
482
399
332
292
265
221
195
207
239
284
348
423
501
554
549
492
381
233
70
-89
-270
-468
-657
-822
-948
-992
-936
-835
-705
-530
-304
-23
293
583
810
954
1002
995
956
856
722
588
428
247
67
-119
-269
-376
-465
-529
-567
-566
-534
-493
-470
-461
-434
-402
-353
-278
-207
-113
-25
19
14
3
12
34
92
165
241
281
279
260
214
151
81
-9
-122
-238
-339
-418
-491
-559
-632
-721
-783
-821
-852
-853
-791
-698
-562
-334
-50
244
513
731
895
1022
1103
1140
1155
1149
1125
1083
1004
885
745
618
515
432
348
245
109
-27
-147
-225
-221
-171
-64
93
305
579
835
1014
1111
1144
1104
1000
833
644
456
288
173
79
44
95
213
385
604
814
972
1050
1032
958
857
705
481
195
-118
-411
-683
-860
-954
-1033
-1130
-1223
-1303
-1391
-1432
-1465
-1505
-1513
-1495
-1431
-1361
-1314
-1267
-1231
-1223
-1257
-1294
-1313
-1305
-1286
-1285
-1305
-1345
-1403
-1458
-1521
-1585
-1628
-1657
-1652
-1638
-1601
-1528
-1404
-1214
-1015
-832
-667
-540
-441
-359
-292
-263
-237
-224
-242
-235
-228
-207
-108
53
200
336
477
619
730
771
793
794
748
679
589
484
412
367
306
220
142
109
126
182
258
371
547
722
875
1027
1132
1188
1208
1193
1153
1104
1065
1055
1040
1000
948
892
830
755
667
555
428
307
196
105
15
-46
-99
-116
-62
-16
12
21
35
45
86
162
251
345
439
517
561
585
584
564
538
574
661
759
855
917
939
922
843
669
412
113
-197
-524
-871
-1185
-1428
-1608
-1696
-1669
-1532
-1308
-1046
-769
-520
-316
-161
-78
-81
-132
-242
-397
-572
-762
-913
-1028
-1131
-1226
-1284
-1305
-1278
-1195
-1041
-825
-588
-350
-165
-55
-6
-21
-109
-221
-297
-308
-259
-148
-9
97
168
206
188
89
-53
-195
-308
-385
-436
-420
-378
-326
-248
-137
1
147
297
462
660
879
1103
1287
1453
1603
1700
1763
1814
1854
1865
1850
1786
1647
1427
1153
850
512
187
-108
-415
-679
-900
-1108
-1253
-1344
-1373
-1358
-1301
-1183
-983
-729
-460
-205
10
157
212
233
199
147
126
137
189
281
399
521
591
579
475
270
21
-222
-474
-711
-887
-1010
-1061
-1047
-959
-809
-588
-298
35
384
706
982
1211
1371
1467
1529
1504
1348
1105
851
616
374
140
-57
-240
-414
-566
-686
-736
-685
-536
-293
23
379
734
1040
1264
1369
1368
1264
1051
783
516
278
84
-75
-204
-293
-313
-251
-156
-60
44
137
182
129
0
-172
-355
-536
-729
-900
-1032
-1092
-1067
-955
-781
-549
-296
-78
97
245
406
515
551
584
603
622
618
594
566
504
459
390
285
185
134
93
22
-79
-201
-353
-508
-577
-611
-594
-492
-357
-168
62
293
512
669
760
798
792
737
675
585
447
260
45
-145
-309
-438
-552
-616
-647
-674
-729
-870
-1064
-1266
-1422
-1520
-1546
-1472
-1271
-933
-525
-128
163
371
491
460
338
180
23
-122
-301
-534
-806
-1083
-1296
-1384
-1337
-1132
-790
-386
47
433
679
733
653
483
203
-127
-425
-658
-810
-868
-866
-822
-738
-599
-394
-168
46
226
376
468
481
442
415
436
497
584
656
669
644
606
531
434
309
196
68
-113
-299
-452
-544
-555
-473
-338
-196
-89
-42
-85
-227
-408
-545
-617
-645
-634
-552
-424
-264
-103
30
130
227
336
452
574
671
737
691
495
177
-224
-638
-996
-1277
-1450
-1528
-1543
-1481
-1381
-1298
-1231
-1156
-1049
-944
-864
-807
-788
-756
-695
-603
-504
-381
-220
-63
112
280
397
456
499
490
372
149
-145
-433
-699
-882
-964
-1027
-1053
-1021
-938
-855
-784
-702
-617
-555
-530
-507
-510
-504
-503
-508
-516
-549
-600
-640
-681
-721
-728
-696
-604
-510
-437
-387
-376
-400
-433
-495
-534
-506
-409
-255
-110
19
127
226
280
279
240
138
-25
-211
-383
-533
-659
-745
-767
-761
-739
-703
-668
-670
-723
-834
-984
-1149
-1321
-1465
-1617
-1758
-1834
-1836
-1826
-1770
-1662
-1534
-1407
-1321
-1251
-1208
-1153
-1072
-1001
-942
-867
-762
-646
-526
-385
-190
47
265
434
583
734
867
975
1043
1051
1046
1037
991
919
857
783
665
490
269
-27
-340
-601
-833
-977
-1017
-1040
-1076
-1085
-1068
-1049
-1060
-1093
-1174
-1298
-1408
-1487
-1510
-1458
-1339
-1183
-996
-786
-567
-401
-274
-174
-129
-150
-252
-412
-569
-708
-870
-1048
-1242
-1471
-1712
-1912
-2023
-2025
-1945
-1757
-1481
-1167
-876
-652
-539
-502
-547
-708
-932
-1182
-1426
-1653
-1832
-1962
-1997
-1960
-1847
-1684
-1493
-1299
-1132
-990
-878
-792
-759
-739
-697
-614
-500
-393
-349
-351
-363
-377
-430
-479
-505
-528
-543
-548
-548
-568
-608
-662
-710
-746
-731
-730
-735
-690
-599
-463
-289
-139
-74
-88
-181
-319
-485
-608
-680
-692
-619
-439
-149
227
616
925
1158
1282
1292
1204
1065
874
635
382
148
-54
-215
-326
-392
-421
-454
-477
-505
-511
-458
-351
-202
21
302
635
985
1314
1561
1665
1664
1595
1462
1295
1152
1025
893
733
571
422
316
246
198
183
126
-1
-168
-377
-620
-875
-1141
-1371
-1565
-1733
-1869
-1997
-2075
