-17343
-19737
-15651
-11609
-21071
-10499
-8366
-8246
-2308
-3040
-1606
841
-366
440
3920
2515
2617
3058
7629
14424
10448
5729
8665
9802
8382
9096
11991
10579
7460
4149
7310
6791
6045
4672
3495
4502
2935
3949
2382
2619
-1717
-4768
-5650
-3011
-2322
-8724
-12536
-13379
-12524
-14945
-18552
-14630
-16536
-12778
-9724
-21967
-12318
-10823
-9397
-3067
-7201
-4062
-2444
-138
-1698
3644
3722
353
922
5449
8661
3277
7164
3696
2485
10190
8583
10182
12083
10836
11173
9871
8413
5657
6680
6878
4607
4069
4057
4549
3055
2746
1732
1417
-753
-2348
-2510
-5466
-7753
-9643
-9548
-11055
-12214
-13540
-12608
-7885
-11985
-13305
-6187
-4079
-316
618
-303
4215
2712
2015
5965
7321
5173
3893
8383
9321
6845
6875
5198
4007
9981
12894
7622
10390
13568
10920
9508
9521
12233
11026
6089
7055
8898
9149
9348
5474
5985
6306
3899
1640
2133
1508
-4225
-6696
-7643
-4947
-6347
-13270
-14733
-13138
-6191
-10028
-16235
-9086
-6960
-1573
3642
808
2469
2451
3687
3304
5124
2737
3682
9683
7998
6470
8127
6841
2517
7960
8459
6421
11397
3601
4941
10778
10279
11008
11912
12040
9875
10190
9168
7805
7607
6560
4771
4214
4003
2579
703
352
-1817
-8600
-10197
-10140
-12236
-11945
-14137
-9612
-7257
-13880
-4822
-3509
1250
3965
133
1073
3534
5095
4010
7179
7131
5264
7428
7974
6016
7479
4897
448
4222
6353
3981
3795
3098
2822
5098
9141
4078
4679
10388
6084
5688
6603
8604
6399
489
1692
1995
3153
2069
-329
633
-2303
-2991
-4885
-4133
-5949
-9599
-10682
-6579
-808
-10276
-7567
-3727
1248
6961
2388
4726
6798
7967
8523
6267
6979
6849
7062
9543
4319
4952
4928
2998
3899
2937
3743
3201
5226
3443
249
3369
5055
5458
-239
-31
3941
2754
7014
4532
3512
4108
2309
-288
-1482
-1983
2082
346
-643
-3274
-4410
-5313
-5864
-7167
-5652
23
-8415
-3738
-126
1397
4874
4782
6445
6540
7446
8365
7104
5488
4888
8002
12725
7540
7470
-37
842
392
-761
-399
-1215
-1256
-5771
-5352
-954
852
-1760
-767
-404
2278
5479
1904
3016
4340
5459
3769
3900
6294
1719
-1686
-1501
-656
-2197
-1953
-5539
-3666
-6360
-2545
-1552
-5688
2333
-2933
1183
7442
8999
9658
5198
6770
8792
9306
5883
5525
12644
11892
10101
4639
2787
2949
1547
1102
-3649
-3006
-2778
-3992
-6380
-2626
-12
-76
-1429
1125
280
211
1067
2136
-2510
-1726
3249
2205
3187
2190
3456
1560
1126
-1574
-2232
-3871
-2904
-4738
-4669
-4153
-12853
-4319
-2464
-1520
4319
2236
7502
8000
7557
7213
5968
7213
5807
8984
15200
9731
8676
5378
3301
4457
2939
2929
1431
943
-767
-4667
-4557
-1060
-1498
-4013
-9733
-8400
-8068
-7643
-6502
-8561
-6724
-4003
-4132
-6587
-4186
-4053
-3912
-5548
-6331
-3200
-9304
-10717
-10320
-9479
-1323
-8395
-2791
-217
1310
9960
7479
9309
8658
6978
6277
10146
9968
7625
5917
10910
12476
8851
5395
5965
9064
7937
6166
2060
1372
1320
-314
-1666
-947
-2161
-1331
-3066
-5244
-4824
-7604
-6315
-5164
-5844
-3155
-3015
-2407
-3739
-4446
-7639
-5988
-2836
-5467
-5653
-6183
-3509
-7112
903
-3316
-2968
4776
2887
8266
9853
11689
10291
12882
12128
13562
12959
12887
13432
17248
18038
12680
11726
8648
10843
9824
8089
7128
4735
2843
1563
-148
2365
2145
-281
-90
-4281
-4589
-6204
-5211
-5758
-10807
-11886
-10836
-9363
-12624
-8558
-8574
-8205
-7578
-8485
-9213
-8614
-5646
-11630
-1020
-4508
-6356
-1135
-1201
6956
8448
9550
9117
11147
11402
12753
13149
12955
9253
15650
15800
14433
15077
10001
9910
8706
9921
9477
5771
1691
1351
5512
1363
3081
958
-199
-2639
-4234
-7263
-5471
-3267
-7014
-9383
-8845
-8967
-9724
-14201
-12943
-9230
-12357
-6455
-6297
-12776
-10346
-9580
455
-3957
-5549
5439
5327
10762
10128
12145
13196
15087
16594
16242
12154
16484
16790
12043
15477
10499
7980
9000
8422
6958
5197
5979
4880
2849
628
1775
3458
1102
-1908
-3414
-5975
-6447
-8980
-3386
-8599
-11433
-12913
-12584
-10578
-11709
-10883
-16916
-17298
-15595
-17950
-15946
-16096
-15571
-11343
-3569
-8238
-8014
1151
4556
7482
8924
13641
13974
11573
12987
15470
16916
17178
16304
18281
23689
18269
15484
16560
13787
12246
9705
13543
13090
6757
3952
6104
9700
5057
2500
3803
3273
3653
98
-1761
-1314
-5063
-6069
-8833
-10086
-9819
-11691
-13513
-16845
-16795
-16953
-18677
-19263
-16923
-18482
-7436
-7483
-11258
-297
-34
8013
7142
7352
11497
13679
13387
11399
12547
15377
16484
15254
19824
16586
14571
17138
15375
11604
12275
11846
10097
9165
6365
6796
5138
4070
3485
1543
2187
-57
-244
-110
-2883
-5642
-7696
-8961
-12063
-8091
-8888
-18652
-19346
-19731
-19180
-17484
-20527
-20912
-21891
-12283
-17848
-19564
-11395
-10423
2847
528
4520
10132
8889
11942
11876
15331
15858
13114
12568
15142
14200
14716
15011
12495
12148
10969
13116
10990
8587
8135
4438
4332
6041
6174
2396
-184
-3307
-712
-362
-3145
-2245
-4669
-4526
-6380
-8149
-9375
-13968
-15635
-17513
-20793
-20398
-18490
-22156
-21526
-14068
-20290
-15639
-10843
-10566
-3626
-4706
-157
2520
2357
5276
13079
17291
10187
10280
16220
17964
12819
9305
13048
13451
14486
12051
11899
11414
11563
11677
7904
7598
6425
5652
5104
3180
-517
-13
702
-1620
-2477
-4146
-5135
-5153
-8311
-12004
-14901
-15100
-16356
-16260
-17257
-16167
-19262
-19457
-13523
-18621
-12688
-11087
-11745
-6424
-5523
-2335
-4298
-3218
-1400
8124
11060
3255
11786
18896
17781
11033
12425
14893
12543
11162
10198
11666
12370
12597
12526
11061
8635
10334
7380
8139
4360
52
571
4051
3913
-938
-3028
-5096
-3527
-6107
-9052
-9946
-10596
-12031
-12615
-16549
-13688
-19283
-15818
-14785
-21500
-9745
-11411
-7190
-6768
-7054
-2830
-2115
-1893
-1462
4089
1408
5610
6759
6172
13187
10856
11983
15576
13923
13071
12196
9284
7778
10451
12582
10650
9768
9843
10538
8962
5624
4182
4909
5308
1753
2866
820
-2589
-3170
-4077
-7297
-8490
-9819
-13103
-12688
-14393
-15380
-18431
-13899
-15056
-15633
-7867
-9022
-5124
-5728
-3692
-618
769
1293
-1763
1404
2395
1391
-29
5993
4900
6130
7934
7647
11257
12413
14780
10363
12064
13304
11459
7380
8084
10210
10135
10072
7644
6247
7572
8474
6118
7267
2570
-1095
-1945
1020
-1451
-7666
-9844
-12256
-9536
-13476
-12932
-14474
-9468
-9184
-17472
-7392
-7167
-4255
-2897
-5426
-3112
-2186
788
-1811
-3645
-1246
57
-1713
2429
704
-1335
827
2407
5607
1402
3689
6174
6343
9289
10988
9836
6322
5458
3770
8918
8994
8799
8306
7869
7661
7907
4441
4799
-1362
-5551
-5825
-6149
-9331
-12727
-11736
-12981
-12192
-17165
-10583
-14490
-10075
-7255
-10826
-3755
-4706
-3943
-3213
48
6642
1504
-703
-1018
2989
1903
3354
-3185
-4950
-693
-631
-2976
-2088
-2346
1379
860
-1922
6417
6351
5466
8502
8660
6667
3829
2009
1468
4560
5761
4479
2040
2899
2015
-805
715
-996
-5015
-8795
-10440
-6763
-5509
-12355
-6896
-9854
-10625
-1156
-3406
1926
2473
3389
5341
5098
5111
4991
2769
549
3753
9261
9513
1486
-16
1207
1559
3072
-384
-209
1498
829
4279
6745
1632
581
5926
5646
6421
5599
10020
8201
5824
6111
3874
5167
3529
3672
1558
665
1010
-2981
-3026
-4764
-5441
-4589
-7861
0
-9018
-7696
902
-515
5086
2803
4959
6862
9012
6508
6615
7151
4959
6469
12904
11174
6191
4565
2611
6494
3091
1516
-4298
-6505
-258
-1609
-4720
-5003
-4883
-4399
-782
-3974
-5730
310
-1275
-3081
660
2828
1699
-2914
-4861
-3028
-3239
-2121
-5921
-8389
-9522
-7688
-6313
-9399
-1467
-12474
-10979
2818
2834
4808
2772
3263
7718
9343
7056
8256
9485
9893
6867
8059
9957
7681
3930
2306
2642
2605
2919
-529
-3761
-3510
-4558
-4448
-6910
-8312
-4144
-5182
-6255
-3248
-5249
-6771
-1553
-450
-248
-2368
-1963
-1358
-3988
-3620
-2591
-6938
-7736
-7926
-7667
-7163
-10013
-2938
-10393
-6434
740
427
7304
5180
3893
4091
7807
9543
8325
6457
9408
7680
7923
9378
7831
6139
3845
6060
3359
3853
1962
-3518
-4716
-2814
-1438
-4412
-8182
-6012
-4843
-4995
-6754
-8333
-6756
-6877
-5599
-4116
-4002
-4274
-7655
-10542
-7217
-4717
-8072
-10541
-13531
-7683
-10040
-7584
-1939
-11524
-2897
2743
7167
10186
7473
4377
6583
13646
16568
13058
7505
10333
12173
11507
10267
12554
10741
11522
11552
6971
7659
5060
1282
-661
-1168
363
1025
-1230
-3411
-5383
-5191
-5928
-8896
-9473
-7050
-8394
-9561
-6002
-9277
-10527
-9730
-7176
-5173
-10424
-8033
-7206
-5641
-8602
-4420
-2571
-7426
2036
1080
7199
9400
5844
7910
9699
13167
14169
13917
11006
11846
12378
11940
14289
13466
10367
10454
10607
9016
7760
5103
2225
3334
3166
2954
2629
1336
-1659
-4209
-4456
-4347
-4402
-8562
-10771
-11133
-10090
-12714
-14372
-14878
-12548
-7575
-13308
-12653
-10083
-11446
-9640
-14296
-4847
-3561
-11324
300
2059
7002
9432
8634
9783
9278
14279
15806
16965
15061
12234
12085
14537
19996
17120
8748
11346
13311
12653
10050
6573
7515
7965
6342
3165
2431
1663
-2234
-4914
-6019
-6538
-5260
-6035
-10051
-12733
-9908
-11513
-15972
-17967
-17843
-15925
-20309
-15719
-16602
-16193
-16045
-15494
-5091
-14291
-6656
-3624
-2392
6777
4388
5327
7275
11353
12334
14146
13300
14190
12976
13587
12834
14527
14077
10135
11998
9071
9450
8013
4973
4270
4214
5859
4493
2092
10
-546
-1947
-2174
-2532
-4236
-4341
-8207
-10974
-11309
-10601
-12413
-15109
-18490
-17879
-18531
-18370
-21968
-21564
-19215
-18472
-7063
-17301
-11606
-3762
-4219
1191
1506
3875
3126
6394
8642
12220
11037
14482
14883
13205
15719
15453
14895
14491
12515
8581
8947
12583
10869
6171
4523
7118
8704
4451
4579
3419
4228
3623
-1349
-645
-2888
-4347
-6447
-9395
-9466
-8843
-8990
-13200
-16499
-16598
-15119
-18145
-16384
-19580
-12507
-12228
-18276
-7272
-9686
-1108
5109
4060
6244
8643
12327
11759
9402
9645
12398
14698
13252
14110
18192
14851
15292
13283
10792
9855
9023
7032
4551
9394
9798
9213
3561
8988
5883
4470
4258
4611
2867
-4946
-8330
-3477
-8865
-10957
-5497
-7893
-9440
-17884
-18569
-16386
-20185
-18319
-26572
-20726
-16123
-22671
-13563
-13129
-7144
-1801
-1765
357
7802
10004
10140
11115
13370
14976
13081
11894
12277
15126
14212
15757
16683
16348
15767
14694
13659
13593
11147
8881
7467
10673
11532
6416
3180
3867
6335
3181
616
827
574
204
-2703
-4264
-7388
-8544
-10984
-14517
-14432
-14790
-10850
-19263
-12771
-14205
-18106
-8246
-12983
-6538
-1693
-2881
-1157
1366
-1959
2280
5912
7106
8357
8789
11114
8518
9485
6379
6795
9595
8712
8516
7425
13279
13349
13362
6269
9364
11167
9775
8763
5721
4547
4988
4945
4335
839
205
-31
-1428
-2363
-7112
-7904
-10135
-10806
-16248
-17047
-14662
-19792
-11265
-21301
-16240
-8046
-11151
-8915
-5638
254
-6438
-4211
-2253
1115
3046
8985
3706
12473
11750
10083
12592
6754
14227
10089
10059
6913
6108
9683
9693
10904
9883
10856
11408
9307
10768
8032
4112
2539
4729
6403
1512
-2497
-2011
320
-1100
-5034
-5135
-5853
-6393
-8960
-9874
-11293
-11185
-6252
-15884
-12413
-6296
-2254
156
-3332
242
1832
4138
1533
1950
3651
6969
8238
9987
7572
5840
7211
8175
12224
8556
10660
9290
6225
6814
7926
8970
5217
8740
7833
5735
6986
6274
4429
1609
2914
964
179
-912
-1793
-4769
-5876
-7172
-8408
-10979
-10449
-12606
-12394
-13363
-14741
-8754
-20989
-9861
-6495
-5193
483
-4450
-2258
-1983
2905
1687
-1442
-4859
-195
3122
3808
3082
-355
821
8329
3529
1419
6435
2936
3792
5090
6049
4976
3696
2537
2904
3190
2648
2253
1843
914
3644
4964
2695
1905
-3307
-6240
-6879
-4869
-6831
-12435
-14259
-13812
-9088
-15044
-9138
-9761
-12347
-2131
-5335
569
903
-670
-1393
-1861
915
1046
1999
351
1496
4320
5410
2832
-2400
-541
3424
675
3605
3664
-2166
1773
3785
2709
4327
3620
6331
4106
1554
3426
1583
2305
2577
-1081
-863
1937
1770
220
340
-3537
-4709
-5227
-6620
-8280
-11133
-8432
-11540
-3737
-8716
-8950
1753
-70
4565
4141
4256
4349
6995
7748
8976
7699
6901
8777
10702
13586
8408
4681
3815
3540
5034
3181
414
-349
-20
3612
5962
4818
5507
7089
4673
3765
4333
5543
1909
-1836
-1319
-1030
38
938
-3642
-6243
-5346
-4981
-4564
-3597
-8155
-15030
-12505
-10656
-4167
-9698
-12152
-3581
662
3350
3367
6659
6510
9074
8061
7810
7591
5792
6407
6629
7826
6322
5674
3602
703
2868
2876
168
-1807
-2248
-871
-1493
1604
944
-3420
-1183
1977
2014
268
8
-421
-1040
-3413
-3728
-3039
-4475
-5333
-8879
-7821
-9776
-10788
-11337
-11537
-13412
-8874
-2888
-11209
-7635
-5391
-285
1874
2228
4244
3623
7294
7075
10701
8402
4833
6516
10686
11478
8124
5013
4821
4147
2267
2819
59
-1987
-4802
-6189
-2828
-3735
-5451
-6222
-7717
-2400
2104
-5230
-2696
2783
-1367
-2213
-3807
-1215
-5380
-10111
-8294
-8456
-9527
-8632
-10964
-11971
-12371
-11640
-3283
-8262
-4697
-2036
-1404
5151
7070
6714
3198
5875
10099
10672
7992
9739
8810
15577
15619
9147
8242
8200
7888
2445
2610
3185
2481
1637
-1245
-1687
1141
-401
-2329
-3373
-1485
-3750
-3520
1785
-5836
-6191
-2467
-2443
-2374
-4209
-3059
-6991
-6014
-9263
-9860
-8125
-7789
-10393
-9866
-1939
-11605
-3652
-699
-522
7233
2523
7278
10611
8991
8577
10301
11062
9043
10941
12945
15130
16413
10945
9722
7951
5625
5591
4604
3105
3107
1765
-1624
128
-642
-2235
-4224
-6781
-5175
-4657
-6748
-7869
-8890
-6870
-1492
-7402
-8184
-5871
-7871
-8729
-11274
-7527
-10605
-10986
-13350
-10079
-4141
-7935
-3706
445
1700
4337
5803
6379
8776
7582
6732
7287
14734
15367
11164
9945
13074
16013
8523
11181
12075
10054
10275
7171
5431
6607
5084
66
-1257
-1136
849
90
-4250
-4067
-4202
-4597
-6544
-9245
-6906
-9924
-10065
-8439
-10234
-13987
-14767
-10193
-8561
-10483
-8924
-11773
-7040
-6192
-13487
-794
-1683
3037
6014
1728
5660
6407
8023
6355
8500
8587
11205
12540
9886
10911
12992
12463
11073
8120
6307
7851
6035
5982
3243
590
2543
2732
1403
95
815
-2541
-4572
-3491
-4843
-4643
-6970
-10221
-10694
-12762
-11989
-14525
-16021
-17113
-12464
-14249
-15272
-10536
-15310
-6939
-12120
-8799
-782
-1817
-727
-637
3894
4036
7968
8635
7835
8310
10715
12461
13994
9769
6308
9207
12714
13083
8267
6169
9100
9923
5364
3768
5694
6547
5956
2629
423
1314
-129
-1992
-5451
-6256
-4339
-4395
-10292
-12347
-11480
-11390
-13577
-15843
-15265
-15039
-16265
-12905
-14058
-17693
-8012
-13917
-7009
-1561
1089
5423
4373
5459
2446
7930
7720
10487
7921
10563
13797
12209
11640
10733
9709
7995
9982
7896
6736
8111
6914
6687
8520
7337
4884
4665
3902
2814
1776
-415
-426
-553
-1888
-1017
-598
-4001
-7374
-9898
-8418
-9434
-12240
-15751
-16506
-16241
-16741
-17358
-17528
-13017
-14749
-8274
-6817
-3455
4374
2513
3388
5841
9004
9475
10480
9361
9206
13283
13364
11110
12665
11242
10662
11857
11562
8589
7022
1598
3836
10274
3953
2553
3317
6955
5849
548
2310
2494
1601
-24
-3103
-2673
-3356
-5691
-9872
-12212
-10751
-11395
-15310
-18126
-18324
-15499
-17234
-16709
-11375
-15327
-9535
-4051
522
1694
-1108
5633
6145
9050
11006
11948
15298
12631
13140
13502
14662
15660
10006
10386
10672
8067
9059
6810
4686
5313
4877
4896
4074
941
-843
1652
788
-275
2352
1898
-1713
-3142
-3986
-7049
-9335
-8456
-11195
-13358
-11199
-14109
-15044
-18108
-15858
-17268
-13960
-14002
-21578
-12850
-9412
-6395
-3113
-3555
-649
4390
1593
3593
11307
11429
10937
10981
14843
16034
12284
10057
11001
13959
11958
10503
10131
6344
7609
8204
8685
8080
3852
1226
1641
5592
2862
-2735
-2801
-659
835
35
-3757
-4898
-3429
-5544
-7576
-10338
-10789
-12115
-14617
-16252
-17689
-9556
-11513
-18525
-11272
-5213
-3191
-2463
-3263
35
1024
1109
6168
2955
5992
11094
9747
11732
11177
13189
11313
10391
10064
8343
13230
9873
5949
7477
6626
5626
3325
3359
1031
138
1241
-148
-181
-1598
-3106
-4707
-4386
-4981
-7835
-5648
-5952
-9079
-12502
-14965
-15471
-14996
-15760
-16658
-9326
-13072
-14584
-6117
-2848
2188
2601
843
-819
65
3437
911
2565
4326
4084
12502
10346
8001
13629
12089
11763
8675
11460
14148
7339
4137
5044
9052
8785
6442
3864
2085
2887
2018
2852
3757
-449
-4416
-5194
-2790
-2073
-7862
-11849
-12295
-8001
-12222
-11549
-8018
-9836
-9888
-12885
-5894
-13804
-10043
-4995
-8985
54
-508
2491
462
-91
2668
1347
3671
4418
6212
9112
8511
8710
9003
6870
6226
7823
11891
10452
8863
9340
7387
7104
7064
7666
6782
5031
4015
4579
2327
2057
1822
-3155
-3144
-3854
-5488
-6850
-8850
-11503
-11193
-11477
-11860
-14862
-11855
-13927
-11034
-1462
-16248
-10842
-5477
-3252
1027
1378
3676
2824
3640
4270
7747
3689
7152
5250
5359
8651
6876
3127
2693
2354
4771
9615
3551
4857
6904
7599
6882
6451
8678
6723
1767
1178
4018
4980
3031
842
-370
-3785
-3360
-4400
-5835
-5245
-9908
-12908
-11494
-9903
-13569
-15287
-18376
-13397
-6638
-16509
-10886
-2374
1761
3252
1773
3415
3137
4073
4073
4176
3806
8080
7070
5307
9211
6458
4656
5383
2058
5784
4779
5156
5151
226
5929
4594
5782
7211
5581
6138
5644
4781
-533
2489
4633
1971
-723
-1569
-2440
-4060
-4650
-7873
-8753
-12603
-12471
-14012
-13558
-16838
-11053
-12818
-18535
-5397
-6610
-1848
-482
592
3603
5443
5257
5025
9116
9667
9723
6245
8861
7781
6648
7128
6373
4039
965
2605
1627
-198
593
-582
-1426
5976
2588
-778
4641
2085
2996
937
3907
4979
-497
-3043
-1539
-700
-2002
-4020
-6330
-7374
-9162
-8206
-10468
-7830
-14796
-6787
-12146
-13061
2928
-4857
387
1599
3810
5306
2276
4305
9515
10169
10640
11108
6713
10010
12791
8096
5023
8662
8899
4724
3667
2207
1637
3131
994
-760
504
-1290
3348
2598
-4052
1119
3265
3718
1938
2217
1445
-1360
-4245
-3180
-1791
-4269
-6896
-7557
-8752
-9884
-11254
-13551
-4749
-15104
-11721
-4435
-5078
2391
-2742
391
1963
2309
2700
3887
5235
3835
4484
4027
7155
9761
8233
5719
4216
6092
5492
1640
906
2870
1727
1565
-514
-4560
-3719
-1859
-1965
-4507
-6480
-1011
1837
-4870
-997
773
-3689
-3818
-3136
-3158
-5482
-9012
-6748
-6588
-7110
-9122
-12753
-3805
-12477
-7644
567
-1380
4079
1139
2226
3916
10643
7847
3571
5993
9076
12208
8523
9569
13855
8774
8293
7928
7830
10030
5037
1929
-679
3387
5233
1822
-1064
-2471
-1895
-1887
-4077
-5961
-4584
-5227
-2363
-2094
-8498
-8034
-4997
-2747
-4416
-4934
-5619
-7464
-9551
-8083
-8864
-7948
-1244
-10478
-4456
283
-469
4549
4787
3572
4426
6508
7179
6297
3680
6506
7631
8327
10183
13938
6568
5520
7466
4569
3173
2309
2119
2438
6819
4558
2244
1926
-1804
-1398
-14
-3808
-4553
-6659
-6761
-5719
-6129
-7821
-9742
-8829
-3619
-9038
-9565
-4325
-8732
-9124
-7618
-8201
-8576
-6061
-13323
-2859
1924
1518
5220
3129
4043
4393
9501
9162
10713
5305
3858
4897
7401
11627
10104
2937
2749
8993
4588
2606
3649
2275
1214
754
-120
-9
696
1660
-1297
-4588
-2869
-1284
-4894
-7587
-6417
-7070
-9301
-11134
-11178
-10291
-12351
-6693
-11395
-15435
-8327
-7545
-9295
-6876
-1475
-8577
-4383
-2195
315
7617
6572
6406
7526
9419
10640
11552
12338
10797
10209
11495
12104
14049
6082
3918
4450
4573
5422
2749
1218
470
2854
3473
752
-1091
-4668
-4291
-2896
-2556
2046
-1718
-6614
-6543
-4943
-6826
-9132
-13229
-14643
-14601
-13309
-15846
-15282
-16380
-12411
-10979
-13684
-3967
-11887
-1779
-1177
1017
11059
5500
5035
5682
10693
12547
13207
10241
11211
11336
12733
13647
18039
12364
7489
8094
6499
11335
5448
-622
406
3464
4625
896
-481
477
787
1359
-2216
-3547
-3777
-5444
-6967
-6622
-6276
-7753
-9892
-12675
-13026
-12899
-14994
-15532
-17891
-12339
-15250
-9381
-4988
-14883
-1176
-1982
3009
8505
7310
10188
11305
13963
14005
15184
14388
15378
15267
16324
14403
17624
14417
12836
12915
11068
11536
8398
8163
4400
3827
3873
2469
2440
2071
732
-111
-779
-1776
-4205
-5961
-6221
-8343
-8230
-7185
-7032
-10493
-8397
-9961
-14267
-11155
-15079
-16059
-20235
-10856
-13498
-18587
-6119
-9326
3223
2198
1525
8485
7529
11504
11072
14946
17138
12923
12939
13895
14542
20202
14622
10673
11647
10982
10671
10480
11601
6971
2739
3727
5258
5849
260
-4714
-4077
-984
-2022
-5522
-4511
-5160
-5757
-7370
-9943
-10271
-12020
-13770
-15857
-17665
-13625
-13190
-16322
-21389
-12811
-14591
-13244
-6500
-13370
-3752
-2640
-668
4325
2119
5424
12240
13554
11614
11187
13959
12005
14152
13704
10243
17221
9333
8680
7445
7274
7298
7114
4070
7135
3759
1253
2870
-637
-1455
-2432
-2234
-4819
-6002
-7913
-7906
-7577
-10026
-11894
-15516
-14752
-15266
-16271
-15397
-17159
-15414
-20309
-11315
-9359
-15159
-8910
-11506
-5363
-4808
-2782
-3081
-2453
1962
5363
14261
8076
10906
13957
12640
17265
13545
14406
13711
10669
11904
12640
12133
11074
8598
6827
9266
9359
7671
8212
6978
2001
1029
1167
3764
-410
-6009
-8683
-9437
-5775
-10926
-10795
-11624
-12984
-13285
-14103
-14676
-15001
-17821
-14336
-13462
-17843
-9010
-4717
491
-824
-1041
1646
113
301
3048
5757
8972
13369
9598
6377
14404
18184
15990
16281
13841
15710
12170
11643
14368
11391
10615
10614
9165
8145
7865
7161
6153
4785
4483
3876
2483
1032
-848
-2641
-4833
-6668
-9667
-12964
-14331
-14985
-13417
-16501
-16871
-20036
-12373
-12381
-19779
-9384
-6569
-3075
-4517
-4022
838
3708
540
-2522
2009
4635
3834
4100
2827
6234
12563
10641
10568
9645
12289
9227
6202
10687
9169
5625
4972
10669
12525
7134
2922
3142
2128
1928
2089
1215
2126
-2423
-6722
-9314
-6492
-6354
-11581
-16201
-16927
-15491
-16316
-17215
-19719
-10005
-15379
-18429
-8835
-9285
-5013
-6190
-5038
-3254
-1547
2263
505
2514
7925
4851
4476
5379
5994
5773
4112
7917
7834
8175
6204
8462
14125
11115
12192
12037
9311
10763
9860
9093
7688
5612
4407
4922
3570
2949
2121
866
-2058
-3618
-4484
-6080
-6950
-10156
-11101
-12627
-10914
-16279
-8174
-13792
-17576
-4997
-9488
-4926
-5736
-3211
-2989
-1931
1398
-873
-985
1331
5330
3042
5037
8616
2155
313
4122
710
83
-1048
-119
5249
5023
4500
7537
6790
4748
6728
6604
6299
2677
1423
4810
4535
3791
-672
-945
-2623
-2429
-2536
-2431
-4016
-8620
-10680
-11648
-7640
-10425
-5394
-15340
-14411
-1316
-4562
579
-232
1428
3642
5367
5180
3380
3969
5106
7317
3744
8594
10384
5122
5648
6960
9224
7039
2545
2430
4488
5591
9415
5713
2041
6608
9038
10876
8995
9687
9398
7824
6200
5646
5781
4574
1345
-536
-1629
-2238
-3555
-5240
-8447
-10607
-7970
-14900
-5521
-11468
-15103
-4295
-6272
1313
144
1129
-668
2099
4429
2974
1751
2204
4307
-131
6712
5625
1346
-1348
-2202
1670
5939
-1027
-3518
2837
3666
5089
-3733
-4050
1657
-2350
751
872
5314
7484
6265
4743
6777
7339
3611
-410
-1419
-4521
-396
-4174
-6885
-7725
-9253
-7168
-12621
-461
-12079
-14757
-6446
-6740
5126
-717
-1252
-2647
1776
8827
6071
3968
5271
6989
6916
10607
7894
2582
2011
229
264
57
-371
-2641
-3861
-311
1045
1180
578
-2101
-3423
-1358
-3975
-852
-3904
-4877
1121
-517
2412
506
744
772
-2215
-2054
-4952
-4555
-3782
-5866
-5191
-12088
-1266
-5584
-12590
-112
-2846
3373
3625
3840
3518
2310
6075
8547
7474
5895
5005
5420
10868
6931
1818
2636
1328
2849
3415
1155
252
-3960
-4057
-1739
-2111
-3321
-3783
-6699
-5690
-620
-252
-5497
-4353
-3847
-2130
-2330
-6387
-1048
-2036
-3499
-3958
-2314
-2360
-5011
-7514
-8055
-10164
1126
-2328
-10280
-444
-2655
6105
7556
8069
6695
2967
7330
10646
12248
10040
5298
6013
14672
11503
6743
6945
6970
6658
6256
3637
84
-1649
-295
440
-1805
-3307
-849
-957
-4607
-4067
-2941
-4318
-6193
-2940
-4460
-6050
-3980
-4147
-8093
-8807
-3116
-3422
-5244
-4509
-4908
-3085
-8795
-2225
-2039
-8712
5460
3082
7799
9416
7569
9449
8629
12420
13125
11933
10582
12674
9030
13689
13641
10729
9385
6638
7171
5865
5421
1631
-2430
-500
-534
-2420
-1704
-2814
-3432
-5744
-8932
-8557
-8524
-9513
-12115
-15078
-12256
-12755
-7470
-7027
-14567
-15070
-12480
-12480
-15526
-6394
-10415
-14661
-6018
-5644
-10713
-1741
-4237
1251
5897
5997
12302
12234
9615
11149
13248
9758
12795
9970
8808
15254
13806
12664
7377
4631
5967
7153
6738
1324
6037
6627
5100
4469
-123
-1611
-3044
-4097
-5746
-5093
-4886
-4757
-6620
-8416
-8887
-10104
-8676
-12004
-12479
-10245
-10297
-8353
-10674
-10742
-13327
-2565
-2616
-7050
2679
2003
8876
9086
9221
12153
13018
16433
16496
17089
15639
16485
15199
16927
21494
17833
14522
13485
12679
10791
9612
8423
7300
6946
6054
4374
3279
3020
1215
-1180
-1035
-3650
-5650
-4644
-6630
-7033
-10038
-12221
-12826
-12538
-12987
-18141
-20140
-18200
-15093
-18018
-17365
-17612
-11420
-10250
-15558
-4649
-3222
2123
3993
3751
8943
10806
9701
9956
12130
12133
19456
7680
11936
17275
14333
12773
16865
16173
12614
10718
10903
12838
13440
8468
3314
4320
7074
4907
1990
2500
1979
1290
762
-1089
-3739
-6690
-7830
-11918
-10191
-9685
-13410
-14009
-17633
-14472
-17418
-15518
-17913
-13387
-11433
-16407
-928
-2682
-2424
2404
7478
10193
10589
12966
13995
18344
17679
16725
15077
13153
17730
14189
12321
12676
12735
12268
11925
10136
8419
11225
9269
5134
3468
3564
4537
4559
3194
1803
-240
-237
-198
-3308
-5701
-7751
-7728
-10258
-10549
-11262
-12592
-15129
-16751
-15288
-14348
-18815
-14876
-16257
-19638
-8187
-9768
-6326
-3005
1750
8171
6499
8013
12116
15183
13199
14502
17785
16744
17306
16797
14540
17745
18366
16332
15112
14347
14592
13227
13406
10952
5887
2831
2843
6982
5994
1411
-3159
-1894
908
-1463
-6565
-7162
-8232
-9572
-10232
-13048
-13914
-17581
-17380
-20958
-16138
-20971
-16381
-14167
-23681
-11395
-11549
-7721
-4788
-3631
-62
2392
4183
11136
11348
8845
13945
15196
16159
17448
22546
16604
15488
17324
15249
16203
14746
16266
14865
12886
11848
9011
9274
9009
8501
7250
6190
3758
2769
1043
-300
-1019
-2808
-5592
-6851
-7704
-10136
-10311
-16139
-15183
-17787
-17414
-19644
-16931
-15584
-23709
-13276
-10958
-8049
-5447
-8262
-6882
-4749
-2331
679
130
1816
1766
8212
13017
9135
14364
11256
9325
11790
13011
12534
10281
8688
10999
12644
11211
7537
6152
6132
11932
11163
9931
9356
4125
1884
266
4337
2985
-3059
-5446
-5834
-4557
-5913
-10896
-9732
-11634
-8914
-12221
-14562
-6938
-19896
-11223
-7358
-6649
-689
-3936
-1426
-2354
654
4837
4970
3570
3184
4932
6689
7686
14375
11519
11410
7904
10305
11398
10625
14746
14882
14440
10548
12291
14125
11375
10396
10638
10279
9497
7588
6321
5837
2935
1077
1241
-2070
-2784
-5645
-5896
-7926
-10744
-11349
-9390
-11671
-12599
-4740
-18824
-10550
-3997
-4639
445
-438
1007
-1157
1695
2067
4706
4579
2430
377
3523
5212
7487
3946
3305
4642
10017
8235
7298
16858
10288
7747
10351
11382
8952
6161
4880
7191
10156
10406
5102
3287
3227
3444
2988
489
-823
-6077
-9785
-10283
-8108
-10233
-15151
-15476
-10650
-9754
-1884
-13404
-12472
-1596
94
3760
595
1469
1694
2664
3090
2955
5210
415
-3160
4288
5948
8886
6142
1855
3988
4455
5399
3456
8226
4232
5000
15106
12159
4346
4754
5308
6013
5378
4720
4508
2932
1708
949
-470
-46
-2020
-2729
-4538
-4039
-6673
-6791
-8773
-8960
-10201
-13116
-2415
-11548
-10821
-1588
-569
4041
3255
2006
3487
5210
6506
6748
7083
8516
5216
3994
6160
9201
6799
4222
915
-879
1629
2668
1887
529
588
2361
4315
3702
4396
8393
11527
7441
5958
10030
6610
2130
2500
3199
5794
4465
2286
1026
-821
-1345
-3778
-3739
-4452
-7674
-12890
-5039
-2988
-11719
-4216
-2143
296
4818
1733
2332
4293
6305
7104
5089
2966
4445
2063
3220
6515
1928
915
-1401
-4985
1013
4134
4226
139
-1370
123
727
-5057
-5479
-886
-4602
-6273
2102
2371
4127
601
-479
191
-1971
-2575
-3484
-4370
-5723
-7149
-7787
-8335
-9734
-7764
-11464
-5940
-7535
-12434
-4285
-3593
-465
1792
2658
4153
4396
7321
7092
6726
6794
4161
5203
7660
8592
6461
5435
4017
2910
727
-565
1637
-82
-2847
-7326
-7280
-6382
-6800
-8516
-8700
-9296
-6870
-3074
-5878
-5863
-2319
-2840
-5047
-255
-663
-4686
-8497
-9066
-7922
-6537
-7692
-7316
-8567
-6361
-1961
-10878
-2719
2946
-343
2140
3983
8397
7116
4834
4568
8039
10655
6498
7868
12867
13471
12145
7303
5202
5424
3710
3482
2655
1741
1333
-661
-3987
-4519
-5723
-6321
-6022
-8717
-6693
-7413
-8270
-7557
-6537
-10965
-9630
-4956
-5820
-2110
-5499
-2826
-5669
-9105
-10907
-7258
-7187
-6308
133
-9931
-1671
2538
4299
6775
6025
8225
9239
11601
9234
10584
8988
11252
10597
13123
14626
11041
9519
7349
7715
6867
7900
6033
3985
4187
3405
-107
-2022
-1847
-2823
-2850
-5853
-9001
-8691
-7192
-6853
-9260
-9676
-10089
-6689
-4757
-9272
-9595
-5199
-8242
-9262
-8094
-4102
-5050
-8660
-2103
-8033
1340
4888
4935
8624
6489
10119
13298
16335
10870
9842
10409
14076
15047
14382
13533
12018
11641
11844
10021
9485
11507
9379
8179
5177
3256
1177
-2033
-4693
-5799
-5130
-4857
-6049
-9536
-10383
-8776
-11590
-16333
-15565
-13338
-15491
-15801
-8518
-8161
-14180
-10665
-9417
-9283
-7004
-7934
1269
-8389
-1091
4099
3321
11524
8349
11785
11837
14312
15311
16428
14677
16538
16542
16630
14917
11004
10939
10276
10778
11634
10627
9867
10076
8464
5789
4225
2477
3284
1866
1294
1887
-541
-3361
-4922
-4328
-4909
-5998
-10365
-13330
-12830
-12511
-15374
-14332
-17320
-17377
-12215
-12816
-12997
-13587
-4892
-14079
-8275
2693
949
5845
2608
9711
10565
11675
13531
12500
12803
15766
15438
13704
19177
15898
10213
9307
13335
15331
10820
6676
9292
11961
7802
5501
5735
4599
5290
3610
593
520
-1088
-3958
-6121
-5739
-5920
-7337
-10947
-14570
-11328
-11798
-13335
-17928
-17521
-17143
-17795
-15619
-15328
-9536
-16016
-7148
-775
-858
4292
5541
9487
8288
10777
12637
15220
15703
16966
15203
14146
16825
18819
16056
14129
14235
14287
14601
10392
9258
8454
7678
6426
4427
3431
5363
2598
1235
516
-2552
-2630
-4238
-5405
-6327
-7733
-10584
-13317
-14230
-14110
-14722
-16753
-20723
-23675
-23415
-20490
-23486
-18887
-23956
-19517
-7123
-11150
-1980
-417
2090
2677
2451
8530
10320
8586
10160
12363
10066
14837
15716
13841
13314
14582
15997
15569
15369
11349
8673
8912
11885
9826
4650
4835
6210
7795
4112
2357
3990
3772
2284
187
-1936
-3547
-6922
-9103
-11686
-11161
-10753
-14941
-17996
-20586
-15615
-17800
-12708
-17402
-16976
-5061
-8757
61
-2383
-3227
7309
7483
9157
11369
12792
14624
13808
16061
14048
16401
17836
13962
15682
14940
12622
10767
9220
12741
13471
11793
7116
6631
3372
2881
1790
1873
5173
3722
3263
2419
852
-1401
-2737
-5676
-6692
-6849
-9956
-9557
-11228
-13042
-17910
-14607
-16814
-13907
-13610
-21826
-9693
-9422
-4006
-4032
-4179
-1078
1466
6810
2734
10989
15175
11985
10978
15176
15991
14576
12907
14172
16097
14937
16581
14821
15740
14548
13185
14110
13797
11415
7646
741
4733
5383
951
-2469
-3882
-738
-1480
-5043
-5131
-5719
-4066
-6766
-10031
-10924
-12138
-14776
-16002
-18616
-13966
-9663
-18446
-10751
-9179
-4669
-787
-3664
-1497
461
4444
1885
9163
8367
6479
12254
9833
14339
16240
14956
16434
13888
12595
12074
14288
13435
9887
9249
9521
12079
10593
7022
6332
5832
5107
4185
2973
12
-2861
-3660
302
-1089
-3060
-2999
-10402
-11214
-13165
-15734
-16305
-16243
-18877
-17478
-10297
-19036
-14151
-10467
-9429
-2659
-5114
-5737
-7183
-2905
-1139
191
1760
1351
4389
5984
4932
8929
10338
8094
9702
9935
9573
9208
7778
5290
4485
6042
8569
8264
6661
4338
7434
10215
6754
5756
1891
-2840
-2304
1493
42
-5420
-7590
-5394
-5729
-10403
-10704
-10996
-9466
-10597
-14270
-4740
-11794
-10795
-4294
-7341
-1099
-471
1998
-1415
-835
1467
4130
5014
3214
6192
8140
4996
9099
13880
9119
8301
8240
12208
11366
11102
10759
10746
10317
8202
9320
7475
6999
6192
7226
8207
6217
4532
5356
4402
1063
1380
-1121
-2650
-4599
-6291
-7191
-8852
-10257
-10606
-8547
-13909
-4914
-11574
-15197
-1637
-3722
518
479
1943
1779
1324
2890
5249
5792
5320
3104
-564
2270
5615
5063
3262
-378
3748
8334
2589
3940
4215
4007
2056
3535
7204
3865
62
-356
716
2032
984
1053
117
-4490
-1334
-1606
-4165
-2119
-7711
-11075
-9959
-8173
-10538
-16678
-13754
-16168
-7782
-14674
-15162
-2597
-4224
3257
-1150
-262
1915
2345
3290
3744
6608
7977
5429
1255
509
5954
10686
4522
1999
5244
3942
2620
6204
4623
1017
3087
6669
5965
4742
5481
5871
2791
2652
2903
2744
1096
-1482
-2771
-3077
-1622
-3571
-5836
-7640
-8136
-9404
-8786
-12441
-12494
-16186
-11336
-8407
-16845
-5387
-3052
834
3153
728
1557
1836
5638
6890
7713
8054
8795
6341
6156
4762
8756
10259
4212
2129
28
2736
3642
1355
-186
-1990
4208
2339
768
4388
2664
2008
-346
2008
1201
-1031
-2205
-4449
-3471
-3594
-3857
-6258
-9370
-7747
-6608
-6990
-8316
-7991
-15219
-9322
-3585
-10108
-4087
-6384
-578
6135
2504
4689
6226
9253
14172
12916
11263
11115
10729
9773
6371
6699
10900
9266
3556
452
2903
5612
5012
1708
628
1359
-703
2946
592
-4031
-881
2290
2723
2767
1446
340
-1160
-3271
-3433
-4168
-5484
-7648
-7919
-10018
-8942
-12249
-12108
-11782
-12776
-7401
-14864
-10270
-4913
-3154
7582
4964
3930
1980
1905
9978
9366
8667
7884
6659
7391
8216
7086
10325
10584
7867
6385
4187
7022
5522
4167
-675
-2346
-1168
-1806
-1862
-4607
-7054
-2798
938
-3415
-1423
-275
-1537
-3498
-4154
-3661
-5061
-8461
-9755
-10855
-9258
-10815
-10700
-11279
-14809
-3542
-12587
-9945
498
-2090
887
3043
6878
7187
7224
6463
11619
12052
10141
10597
11254
12525
12227
12018
11270
9362
6878
4395
1776
2337
5148
2477
-3724
-3789
-1077
-2738
-1070
-2724
-302
-205
-2884
-451
-1375
-9713
-8294
-4213
-6476
-6289
-7459
-8478
-10299
-12435
-12365
-13521
-11564
-16310
-7471
-12698
-14150
-4871
-3765
160
1008
3281
5004
8527
8769
10340
11157
14884
13048
12266
13728
14075
14033
13040
12641
11466
11415
9352
8830
9404
8238
4103
1283
560
1855
862
-1560
-3676
-4193
-3318
-4773
-5883
-6675
-10351
-5444
-7572
-13080
-6467
-5604
-9531
-10581
-10161
-8355
-9161
-13295
-9472
-9770
-5811
-1649
-1893
2251
3801
5429
7693
8677
6214
6468
7330
12449
13571
9525
9206
10492
14115
11336
9641
12853
13620
12284
9875
8737
7283
6021
2315
-1365
-378
1717
2807
-2055
-5167
-4914
-3379
-3760
-8806
-9925
-8525
-12283
-13010
-8655
-13287
-12187
-10516
-10236
-9823
-7881
-9782
-10241
-6057
-12009
-5563
-2244
-550
5084
5143
6301
6152
8221
9936
10319
11224
10299
10377
12668
13053
12997
13261
10312
11400
13545
12249
10366
8805
7111
3896
4813
5271
3923
3316
2768
278
-3455
-4314
-3982
-6048
-7394
-9860
-12367
-12615
-13268
-14872
-16228
-18380
-17067
-13836
-20448
-15759
-13607
-16580
-8348
-12743
-9954
256
-5678
193
-507
4309
5392
4655
7652
6282
10319
10674
11797
12039
9008
7022
8640
12386
9258
6136
6228
8777
7970
7150
6916
7862
8535
5491
3250
1146
1824
450
-3016
-3725
-3117
-2228
-4237
-9832
-10992
-11573
-11101
-13979
-16422
-14846
-14922
-15489
-13976
-11545
-17925
-6494
-6982
-10020
-1434
913
7628
5484
6979
7550
11354
13669
13025
12260
13066
13722
12725
13212
11892
13101
11404
11285
10320
8819
7772
6776
6733
5315
3377
3970
5120
4190
1915
-1523
-2969
-3088
-4740
475
-4690
-6473
-8821
-12265
-11271
-11631
-14219
-16115
-19406
-21215
-19556
-21171
-19914
-23399
-18045
-10275
-20479
-10030
-2432
-1406
3533
3552
6477
7275
6886
5767
5329
9991
11239
16779
10549
7912
12129
10841
12098
11413
7684
5946
5332
8885
6276
2817
1378
1844
3044
198
122
3730
4265
2148
-178
-1151
-393
-2447
-5924
-9324
-9436
-7337
-9972
-12533
-15927
-13371
-14143
-13581
-16864
-11844
-7408
-17465
-4452
-3010
-2167
6021
6693
9289
10054
12706
14465
13650
15114
15935
15964
17170
15110
20075
17395
15238
15341
10487
9864
9226
9055
8320
6489
5961
3495
1830
3506
2110
1169
247
-210
392
-1732
-5182
-5869
-7078
-8539
-10372
-11202
-13439
-14082
-17822
-18153
-17350
-17252
-20147
-21399
-14645
-16933
-9770
-6358
-6852
-61
6051
6891
5702
12915
9994
12615
14086
18539
19092
15108
14421
14101
19697
18073
17770
15821
13035
13168
13028
12945
10925
8578
-2162
-1557
1423
3415
-1240
-6079
-712
618
-165
-9621
-6049
-7348
-7118
-8601
-9738
-11744
-12561
-16604
-20041
-19980
-17242
-15885
-19664
-12597
-19378
-12991
-7520
-7619
-448
-248
-461
3325
5286
2345
4267
7948
12648
11918
13831
12875
12222
14390
13858
13112
12838
11208
11329
10423
9022
9213
7069
4844
2952
1879
3080
3585
915
-50
-3059
-1596
-1660
-4638
-6944
-7590
-6824
-7319
-8068
-12397
-13093
-13501
-13542
-12434
-12341
-16366
-10155
-13175
-13247
-3586
-6483
-2318
-844
2886
3743
3124
5170
5209
11920
15120
13124
15275
15380
15465
17001
18695
18937
15243
13513
12772
12761
14653
13869
12458
11096
8958
9342
9319
8445
3482
-1166
-3588
-296
175
-5515
-11313
-12448
-4353
-5714
-10153
-12215
-9256
-11248
-9215
-13630
-11256
-14458
-10678
-9609
-18703
-5555
-3809
-439
-1510
1494
3755
4650
7183
7654
9660
10524
15376
13546
10959
13060
16459
17650
18443
16226
17393
16946
15334
13512
14463
13497
11727
10911
4619
4327
3517
4481
1509
-329
-519
-1931
-4406
-5703
-7488
-8161
-8245
-8860
-10874
-11847
-14021
-12614
-15227
-15641
-16832
-14366
-11481
-17441
-6305
-2724
-1283
1382
564
4301
5254
6836
4889
5665
9410
10399
9820
7756
8181
12968
17599
15283
13109
14823
15992
13997
14227
15309
12370
9674
8168
9531
11253
10192
8434
6570
3974
4854
4898
4669
451
-4247
-5765
-5264
-4301
-8614
-11344
-14033
-13008
-13133
-16394
-14375
-16302
-9933
-11907
-16198
-4341
-3421
-783
208
-1411
2599
5033
5533
3383
5086
7712
6233
5898
5632
8430
9331
8102
10306
8923
8318
8042
10076
10182
8409
9707
8883
7080
5414
5780
4730
3191
3054
471
-286
-1071
-2528
-5077
-6435
-8431
-8909
-10220
-13280
-14511
-19598
-18240
-19389
-18326
-20994
-16443
-15586
-18257
-9935
-10593
-6657
-5972
-3870
-680
1637
2636
5340
5713
7221
7881
6177
5491
3050
8107
8268
6050
6107
4149
6033
11432
8656
10099
9196
8890
8989
8225
10646
6775
4472
1408
1783
1959
1348
-146
-1645
-3815
-6184
-7667
-807
-3407
-8419
-11396
-11400
-8777
-10188
-16827
-15475
-8619
-14246
-6965
-4756
-665
4223
1501
3188
4126
6263
6734
8806
6202
9061
10440
10730
8498
10376
11973
9759
9323
5818
9358
7576
3093
6039
4793
7108
7972
8107
8556
8351
9780
8544
6030
6672
5231
6300
3318
327
1614
-893
-2960
-4702
-4503
-7005
-7726
-12525
-10050
-12111
-12541
-5558
-15613
-6528
-4018
-3769
2260
1896
2781
4561
6377
6244
9231
7597
9065
9567
11106
9553
7661
10127
10461
9445
6175
4114
5146
5435
5691
5142
2435
1461
7125
3766
4276
5538
-264
2525
-241
2385
5892
1781
-393
234
790
97
-2757
-4566
-5396
-6459
-7180
-8268
-5356
-13647
-4915
-12458
-6642
2266
-3411
2811
596
5218
2636
6572
9575
11825
12239
10134
9652
9833
8931
7555
5920
5507
8280
8417
8611
5700
5934
5796
6222
3320
2986
4132
-3740
-805
-257
-1572
567
1570
2403
1700
2617
2089
716
-1282
-2569
-2478
-3079
-3615
-6430
-6205
-8478
-6124
-9798
-4004
-6192
-10290
1248
170
3609
3776
4934
6162
8497
9913
11225
10096
9822
11159
9026
9126
8772
9852
9121
9952
6350
5614
4448
4741
6460
5623
2640
-950
66
1488
1350
-294
-1509
-4156
1429
2990
130
1717
678
-291
-2484
-302
190
-3915
-4796
-6466
-4058
-6447
-5288
-9227
-5389
-1857
-9769
2811
3539
4435
4016
3029
9313
10498
8381
6174
7552
11078
12955
6979
9850
9679
10200
9031
5790
6450
1342
2268
959
-1315
-340
-1864
-2476
-2871
-2857
-1612
-2625
-5796
-5899
-4222
-5764
-5049
-5711
-6760
-5946
-6498
-3667
-2645
-5510
-5744
-6118
-6293
-9363
-8464
-8923
-7396
-600
-9202
-3951
117
782
4673
2247
5262
7956
9304
7929
7890
8176
9945
8388
13703
12608
11569
11922
11371
10127
5190
5475
1264
3910
1015
-237
-3946
-5180
-7874
-571
-667
-3484
-6233
-6269
-5150
-4755
-6324
-5310
-12508
-10351
-10658
-10456
-9541
-10957
-8997
-12260
-11492
-9194
-11445
-14171
-3161
-10025
-4888
3304
-747
7527
6225
7991
11037
15613
12696
11260
10386
13223
17682
13609
11575
9537
10521
13324
10674
7824
9058
8622
8178
7187
3026
1959
1586
-1571
-2605
-3089
-3107
-4791
-7403
-7550
-5663
-6532
-6892
-8659
-7203
-9907
-8430
-8388
-9230
-9939
-11240
-7887
-7964
-6843
-6052
1910
-9109
-1023
5959
3639
10744
9905
10093
9912
15654
14022
15514
14011
14353
13372
14292
15095
10944
10135
9778
9844
5100
5036
5532
4527
4556
1089
374
-1613
-2521
-5531
-2438
861
-9396
-10662
-12092
-11586
-12013
-14591
-12597
-13845
-11829
-11998
-13384
-13393
-12998
-13352
-10370
-11525
-9499
-11792
1378
-7653
-5792
8012
635
9429
7088
11688
14384
16396
17060
18840
19045
18371
20324
20801
21077
14917
9725
10088
14278
9729
6143
5165
4699
7959
4899
3906
2778
2161
2509
-510
-3633
-4219
-8081
-10828
-11434
-11900
-11281
-14205
-15995
-17425
-17602
-17937
-17801
-18758
-18556
-16714
-18727
-11844
-16214
-9655
-9628
-10901
3677
-630
7915
10862
10150
12995
14343
16921
17439
18902
18936
19117
19221
19723
19008
18001
16766
17694
15453
13249
12090
10069
9096
9324
8910
6611
5728
6114
3879
1769
-695
-3005
-3244
-4186
-5997
-7371
-8678
-10997
-12590
-13063
-12990
-14080
-16489
-20105
-19649
-20786
-16954
-20416
-15525
-10530
-14673
-5481
-3345
2471
8610
9954
9145
15527
17617
14060
13226
15277
18760
18972
19380
17085
17769
18054
18696
18263
14435
14015
12202
9949
13223
12244
7388
3596
2567
4645
3528
-915
-391
-898
-786
-2655
-6397
-6411
-11569
-12483
-15556
-18809
-17175
-18826
-20513
-20895
-22076
-19603
-21105
-18585
-12981
-18920
-12459
-6202
-3377
650
2053
4689
10634
14273
14821
14830
13594
17417
16746
16008
16141
15983
16149
15824
17174
11834
10526
12819
9818
9897
8179
6777
4793
2881
1023
1199
229
-2171
-2671
-5280
-5287
-7491
-9665
-13426
-8178
-9634
-11274
-10837
-12275
-16597
-23285
-23772
-23191
-20171
-23839
-15698
-25578
-20371
-11028
-14749
-58
-2717
5133
5032
5425
8145
9694
12309
13966
16008
16833
13687
12504
13624
13846
17671
13224
11665
14937
12387
14703
12211
12061
11609
5036
3518
4947
7184
2849
-3027
-5024
-2257
-2543
-7336
-8509
-8801
-9238
-9023
-13183
-13150
-16774
-19438
-18661
-21362
-19343
-18963
-14811
-21322
-18310
-9943
-8968
-5089
-4444
-1949
109
2757
4292
6682
7716
11272
16597
17844
15775
17296
18566
17990
17395
14326
15090
15563
13151
12983
11721
10619
11046
9385
7785
7052
5935
5499
2846
-201
-702
-925
-1882
-5357
-6095
-7690
-8286
-10240
-12350
-13998
-18000
-17968
-18379
-16919
-20477
-12023
-17387
-24396
-10275
-9029
-5243
-5686
-4747
-3059
-178
1087
0
1485
5016
10837
8203
11975
14307
14832
14240
14225
16532
12929
12129
10197
9354
12304
13003
10529
9328
7576
7958
8721
7201
4943
805
-2648
-2150
960
-4076
-6222
-11252
-10212
-6831
-12253
-13017
-15256
-13303
-14387
-15176
-20804
-14168
-17039
-19911
-11257
-12526
-3894
-4846
-2154
-3411
-2244
705
-2337
546
3181
2339
3702
4005
2729
5747
9165
14311
11878
10321
14412
14294
12496
11217
9411
11609
9156
7565
8296
6753
5401
4065
2726
1877
1206
-147
-2803
-5550
-6126
-8286
-7711
-9430
-10882
-12271
-13011
-15514
-12071
-17926
-14460
-12484
-22482
-9910
-8433
-2669
-2022
-1552
-1306
-693
2725
1644
2211
-3018
1287
2191
2354
1884
1839
1934
6771
6085
4117
9940
10144
8838
4809
9346
10178
7058
5041
4899
6569
4915
6062
3285
2471
2616
3049
1516
-611
-2659
-7078
-6699
-5600
-5641
-11125
-10700
-11931
-8267
-12896
-11234
-4272
-14206
-1189
-2444
-537
5247
2866
4670
3651
6109
6458
7524
5253
5115
6016
8173
3888
3499
5749
8016
6603
4327
9500
2904
5047
11767
9580
10346
10313
9522
7755
8507
8447
6084
5561
3161
1519
2904
4127
190
-2163
-5373
-5691
-7115
-8390
-9776
-11357
-13310
-12556
-14254
-15490
-5578
-17763
-8692
-294
-2714
3080
-428
2180
3444
5557
5730
6593
4990
4351
3366
6983
6117
3827
1016
712
2909
-2172
1151
-577
-2138
1493
3154
-820
572
5905
2199
1280
4524
4164
2927
-916
-1037
2642
3079
806
-3491
-2933
-4250
-4161
-3763
-6669
-7757
-10070
-10608
-8347
-11714
-4623
-11516
-13644
-988
-1955
1155
1987
3874
5988
7569
5580
7798
6472
4661
8675
7795
9921
8665
7183
4983
6087
1975
3868
3160
23
-399
-3483
-4582
777
-1736
-5508
-1717
987
-742
215
-440
666
1614
585
167
-1782
-2434
-1616
-1947
-4940
-5480
-6323
-4318
-7683
-5711
-11701
-4514
-5036
-12370
855
-1358
5345
5012
5011
6947
9182
10216
10635
10555
10063
12237
11552
13383
10881
10510
7382
7337
5881
6124
6102
-78
-713
-524
-1166
-2661
-4791
-4829
-4996
2295
-3533
-4932
1625
-2467
-2781
-3022
285
-1742
-3707
-5778
-4977
-5345
-5715
-5679
-3462
-8407
-5177
-6280
-4720
-24
-14354
-2049
1783
6285
9662
4628
6275
9325
12599
10939
12448
13506
14978
15379
14462
13783
12701
10172
9411
5586
5885
7492
3832
442
-704
-292
-294
-2731
-3056
-1605
-3338
-3882
-2727
-7688
-7529
-3673
-5037
-4939
-5447
-4189
-7334
-4906
-6323
-7016
-7134
-7463
-8935
-6579
-7973
-9021
-602
-13634
-3077
1838
2484
9196
5098
5200
5621
10025
10194
9970
10023
11541
11644
14184
11984
9726
9120
8512
5622
6014
6353
3969
1097
-1879
-1448
-2364
-2807
-8834
-5474
-10435
-9194
-9864
-12254
-15712
-7701
-3577
-8719
-6760
-3145
-6270
-12546
-12220
-7080
-6391
-8355
-9152
-8298
-4981
-9533
-943
-2211
-5439
2258
1309
7946
6952
3996
5527
11626
14675
12023
9261
7434
11480
13137
12091
10695
12096
12638
9085
6823
9611
6483
3751
1475
-868
-331
100
-946
-5828
-6979
-5055
-5641
-7855
-8899
-6964
-5919
-9595
-7115
-5845
-12658
-11317
-6990
-7440
-7287
-11241
-8525
-9844
-9894
-9440
-7150
-2088
-9377
1193
4844
7215
11546
8233
7632
10806
14798
14784
14714
12359
13269
14145
16333
13440
12806
14458
10603
10470
11807
7898
5055
4623
3651
1979
1633
-707
-3148
-4582
-4319
-3713
-6808
-9587
-13114
-12837
-12620
-14127
-15089
-16283
-16655
-10725
-14764
-15370
-11146
-13189
-13776
-12519
-12302
-11901
-2841
-13291
-5590
4114
2253
10104
9813
10628
10876
15222
18917
18236
15769
15829
16493
21231
18630
13007
13722
13216
15199
12616
11323
11543
11355
11544
7819
5481
3851
2068
273
-3469
-3393
-1691
-3432
-7137
-9415
-8751
-8639
-13067
-16159
-13865
-14455
-14808
-11063
-13829
-16873
-15104
-15418
-11105
-16710
-9856
-7927
-14779
-3010
-3635
6024
8998
10130
11449
12500
16322
17155
17326
16522
18326
17962
19296
18087
17584
13923
13991
16751
13363
12503
11296
11627
10769
8477
5333
4080
4326
1458
852
975
-121
-3031
-4393
-6398
-6027
-8147
-11004
-13278
-15251
-13557
-11961
-15435
-16230
-15297
-17896
-8523
-14715
-6341
-7105
-9876
1888
-612
7988
4551
4698
1905
8046
12176
14347
16928
14991
17502
19603
20752
19330
17660
12194
14345
18824
16098
12047
9759
11020
11962
8175
6933
7173
7180
7132
3225
2583
1532
-800
-3226
-5558
-6238
-5765
-6617
-11785
-14517
-11395
-11276
-13110
-16148
-15694
-16224
-14606
-11953
-14203
-5640
-11481
-5718
1143
-1220
4723
1967
4194
6431
8726
8665
8835
14782
16059
16993
17383
17948
17819
16239
16397
17044
15515
14536
12644
12071
11478
10579
8533
6861
6137
5699
4786
4706
909
-916
-1508
-3035
-3695
-5468
-4819
-7203
-10975
-8682
-10257
-11079
-13024
-19234
-18336
-17541
-12487
-18586
-11429
-16649
-13324
-5181
-8171
4508
4579
6212
4403
8443
8933
8082
10189
9931
11222
13617
14533
12614
12881
12375
14309
14556
15268
11004
8996
8018
9480
8756
4999
489
2968
4379
-676
-775
-404
38
-1169
-3665
-6311
-7073
-9456
-12472
-14022
-14261
-13031
-12144
-21236
-19712
-20808
-17658
-20099
-19559
-10931
-21327
-9392
-6903
-5113
-2487
-849
4050
4759
8776
13580
15462
14374
7903
9864
13185
11286
8277
11537
10948
8323
11007
8083
7290
7368
6557
5622
4301
2385
1802
3003
1707
319
-880
-441
-2103
-2712
-5314
-8059
-9055
-9031
-10166
-11010
-11188
-11178
-14248
-15724
-17701
-13737
-14450
-18238
-10034
-18936
-12460
-7795
-5932
-1372
-1712
8107
4429
8416
11673
11774
14052
13410
15805
16829
16456
10759
12116
15866
13713
11422
10678
9810
8619
11736
11758
10656
6157
3701
5694
8117
6856
661
-507
2252
2659
-942
-2342
-2802
-199
-401
-4705
-7140
-8130
-8403
-13058
-15603
-15555
-9921
-16199
-12800
-12591
-17127
-2090
-5334
-2865
2926
2422
3162
5210
7528
7188
7796
10973
14615
14935
16634
15912
15239
13686
14007
14657
11492
9412
8808
6329
5831
7882
4515
3896
4411
3891
4282
2394
2884
1371
1094
-56
-2215
-3083
-2792
-1321
-4423
-6344
-9102
-9868
-10796
-11451
-11981
-9531
-14194
-10617
-11676
-17977
-4476
-5657
-4508
-4323
-2692
-513
-775
2760
2891
4577
7646
6432
5461
17607
16223
15054
14564
16747
16651
11318
10603
8586
10614
10923
9272
9848
4220
5853
7718
6349
6893
1064
-212
1021
2247
2431
-2477
-5729
-1928
-2241
-5528
-7064
-6670
-6450
-6695
-6893
-9554
-8388
-13080
-5238
-11920
-12743
-12
-2994
-511
-1168
-1339
-501
1342
2034
6456
7587
9202
13165
9331
10865
11071
14352
14735
15515
14595
14103
11935
10468
11709
10121
10542
6514
4766
4146
6396
-17343
-19737
-15651
-11609
-21071
-10499
-8366
-8246
-2308
-3040
-1606
841
-366
440
3920
2515
2617
3058
7629
14424
10448
5729
8665
9802
8382
9096
11991
10579
7460
4149
7310
6791
6045
4672
3495
4502
2935
3949
2382
2619
-1717
-4768
-5650
-3011
-2322
-8724
-12536
-13379
-12524
-14945
-18552
-14630
-16536
-12778
-9724
-21967
-12318
-10823
-9397
-3067
-7201
-4062
-2444
-138
-1698
3644
3722
353
922
5449
8661
3277
7164
3696
2485
10190
8583
10182
12083
10836
11173
9871
8413
5657
6680
6878
4607
4069
4057
4549
3055
2746
1732
1417
-753
-2348
-2510
-5466
-7753
-9643
-9548
-11055
-12214
-13540
-12608
-7885
-11985
-13305
-6187
-4079
-316
618
-303
4215
2712
2015
5965
7321
5173
3893
8383
9321
6845
6875
5198
4007
9981
12894
7622
10390
13568
10920
9508
9521
12233
11026
6089
7055
8898
9149
9348
5474
5985
6306
3899
1640
2133
1508
-4225
-6696
-7643
-4947
-6347
-13270
-14733
-13138
-6191
-10028
-16235
-9086
-6960
-1573
3642
808
2469
2451
3687
3304
5124
2737
3682
9683
7998
6470
8127
6841
2517
7960
8459
6421
11397
3601
4941
10778
10279
11008
11912
12040
9875
10190
9168
7805
7607
6560
4771
4214
4003
2579
703
352
-1817
-8600
-10197
-10140
-12236
-11945
-14137
-9612
-7257
-13880
-4822
-3509
1250
3965
133
1073
3534
5095
4010
7179
7131
5264
7428
7974
6016
7479
4897
448
4222
6353
3981
3795
3098
2822
5098
9141
4078
4679
10388
6084
5688
6603
8604
6399
489
1692
1995
3153
2069
-329
633
-2303
-2991
-4885
-4133
-5949
-9599
-10682
-6579
-808
-10276
-7567
-3727
1248
6961
2388
4726
6798
7967
8523
6267
6979
6849
7062
9543
4319
4952
4928
2998
3899
2937
3743
3201
5226
3443
249
3369
5055
5458
-239
-31
3941
2754
7014
4532
3512
4108
2309
-288
-1482
-1983
2082
346
-643
-3274
-4410
-5313
-5864
-7167
-5652
23
-8415
-3738
-126
1397
4874
4782
6445
6540
7446
8365
7104
5488
4888
8002
12725
7540
7470
-37
842
392
-761
-399
-1215
-1256
-5771
-5352
-954
852
-1760
-767
-404
2278
5479
1904
3016
4340
5459
3769
3900
6294
1719
-1686
-1501
-656
-2197
-1953
-5539
-3666
-6360
-2545
-1552
-5688
2333
-2933
1183
7442
8999
9658
5198
6770
8792
9306
5883
5525
12644
11892
10101
4639
2787
2949
1547
1102
-3649
-3006
-2778
-3992
-6380
-2626
-12
-76
-1429
1125
280
211
1067
2136
-2510
-1726
3249
2205
3187
2190
3456
1560
1126
-1574
-2232
-3871
-2904
-4738
-4669
-4153
-12853
-4319
-2464
-1520
4319
2236
7502
8000
7557
7213
5968
7213
5807
8984
15200
9731
8676
5378
3301
4457
2939
2929
1431
943
-767
-4667
-4557
-1060
-1498
-4013
-9733
-8400
-8068
-7643
-6502
-8561
-6724
-4003
-4132
-6587
-4186
-4053
-3912
-5548
-6331
-3200
-9304
-10717
-10320
-9479
-1323
-8395
-2791
-217
1310
9960
7479
9309
8658
6978
6277
10146
9968
7625
5917
10910
12476
8851
5395
5965
9064
7937
6166
2060
1372
1320
-314
-1666
-947
-2161
-1331
-3066
-5244
-4824
-7604
-6315
-5164
-5844
-3155
-3015
-2407
-3739
-4446
-7639
-5988
-2836
-5467
-5653
-6183
-3509
-7112
903
-3316
-2968
4776
2887
8266
9853
11689
10291
12882
12128
13562
12959
12887
13432
17248
18038
12680
11726
8648
10843
9824
8089
7128
4735
2843
1563
-148
2365
2145
-281
-90
-4281
-4589
-6204
-5211
-5758
-10807
-11886
-10836
-9363
-12624
-8558
-8574
-8205
-7578
-8485
-9213
-8614
-5646
-11630
-1020
-4508
-6356
-1135
-1201
6956
8448
9550
9117
11147
11402
12753
13149
12955
9253
15650
15800
14433
15077
10001
9910
8706
9921
9477
5771
1691
1351
5512
1363
3081
958
-199
-2639
-4234
-7263
-5471
-3267
-7014
-9383
-8845
-8967
-9724
-14201
-12943
-9230
-12357
-6455
-6297
-12776
-10346
-9580
455
-3957
-5549
5439
5327
10762
10128
12145
13196
15087
16594
16242
12154
16484
16790
12043
15477
10499
7980
9000
8422
6958
5197
5979
4880
2849
628
1775
3458
1102
-1908
-3414
-5975
-6447
-8980
-3386
-8599
-11433
-12913
-12584
-10578
-11709
-10883
-16916
-17298
-15595
-17950
-15946
-16096
-15571
-11343
-3569
-8238
-8014
1151
4556
7482
8924
13641
13974
11573
12987
15470
16916
17178
16304
18281
23689
18269
15484
16560
13787
12246
9705
13543
13090
6757
3952
6104
9700
5057
2500
3803
3273
3653
98
-1761
-1314
-5063
-6069
-8833
-10086
-9819
-11691
-13513
-16845
-16795
-16953
-18677
-19263
-16923
-18482
-7436
-7483
-11258
-297
-34
8013
7142
7352
11497
13679
13387
11399
12547
15377
16484
15254
19824
16586
14571
17138
15375
11604
12275
11846
10097
9165
6365
6796
5138
4070
3485
1543
2187
-57
-244
-110
-2883
-5642
-7696
-8961
-12063
-8091
-8888
-18652
-19346
-19731
-19180
-17484
-20527
-20912
-21891
-12283
-17848
-19564
-11395
-10423
2847
528
4520
10132
8889
11942
11876
15331
15858
13114
12568
15142
14200
14716
15011
12495
12148
10969
13116
10990
8587
8135
4438
4332
6041
6174
2396
-184
-3307
-712
-362
-3145
-2245
-4669
-4526
-6380
-8149
-9375
-13968
-15635
-17513
-20793
-20398
-18490
-22156
-21526
-14068
-20290
-15639
-10843
-10566
-3626
-4706
-157
2520
2357
5276
13079
17291
10187
10280
16220
17964
12819
9305
13048
13451
14486
12051
11899
11414
11563
11677
7904
7598
6425
5652
5104
3180
-517
-13
702
-1620
-2477
-4146
-5135
-5153
-8311
-12004
-14901
-15100
-16356
-16260
-17257
-16167
-19262
-19457
-13523
-18621
-12688
-11087
-11745
-6424
-5523
-2335
-4298
-3218
-1400
8124
11060
3255
11786
18896
17781
11033
12425
14893
12543
11162
10198
11666
12370
12597
12526
11061
8635
10334
7380
8139
4360
52
571
4051
3913
-938
-3028
-5096
-3527
-6107
-9052
-9946
-10596
-12031
-12615
-16549
-13688
-19283
-15818
-14785
-21500
-9745
-11411
-7190
-6768
-7054
-2830
-2115
-1893
-1462
4089
1408
5610
6759
6172
13187
10856
11983
15576
13923
13071
12196
9284
7778
10451
12582
10650
9768
9843
10538
8962
5624
4182
4909
5308
1753
2866
820
-2589
-3170
-4077
-7297
-8490
-9819
-13103
-12688
-14393
-15380
-18431
-13899
-15056
-15633
-7867
-9022
-5124
-5728
-3692
-618
769
1293
-1763
1404
2395
1391
-29
5993
4900
6130
7934
7647
11257
12413
14780
10363
12064
13304
11459
7380
8084
10210
10135
10072
7644
6247
7572
8474
6118
7267
2570
-1095
-1945
1020
-1451
-7666
-9844
-12256
-9536
-13476
-12932
-14474
-9468
-9184
-17472
-7392
-7167
-4255
-2897
-5426
-3112
-2186
788
-1811
-3645
-1246
57
-1713
2429
704
-1335
827
2407
5607
1402
3689
6174
6343
9289
10988
9836
6322
5458
3770
8918
8994
8799
8306
7869
7661
7907
4441
4799
-1362
-5551
-5825
-6149
-9331
-12727
-11736
-12981
-12192
-17165
-10583
-14490
-10075
-7255
-10826
-3755
-4706
-3943
-3213
48
6642
1504
-703
-1018
2989
1903
3354
-3185
-4950
-693
-631
-2976
-2088
-2346
1379
860
-1922
6417
6351
5466
8502
8660
6667
3829
2009
1468
4560
5761
4479
2040
2899
2015
-805
715
-996
-5015
-8795
-10440
-6763
-5509
-12355
-6896
-9854
-10625
-1156
-3406
1926
2473
3389
5341
5098
5111
4991
2769
549
3753
9261
9513
1486
-16
1207
1559
3072
-384
-209
1498
829
4279
6745
1632
581
5926
5646
6421
5599
10020
8201
5824
6111
3874
5167
3529
3672
1558
665
1010
-2981
-3026
-4764
-5441
-4589
-7861
0
-9018
-7696
902
-515
5086
2803
4959
6862
9012
6508
6615
7151
4959
6469
12904
11174
6191
4565
2611
6494
3091
1516
-4298
-6505
-258
-1609
-4720
-5003
-4883
-4399
-782
-3974
-5730
310
-1275
-3081
660
2828
1699
-2914
-4861
-3028
-3239
-2121
-5921
-8389
-9522
-7688
-6313
-9399
-1467
-12474
-10979
2818
2834
4808
2772
3263
7718
9343
7056
8256
9485
9893
6867
8059
9957
7681
3930
2306
2642
2605
2919
-529
-3761
-3510
-4558
-4448
-6910
-8312
-4144
-5182
-6255
-3248
-5249
-6771
-1553
-450
-248
-2368
-1963
-1358
-3988
-3620
-2591
-6938
-7736
-7926
-7667
-7163
-10013
-2938
-10393
-6434
740
427
7304
5180
3893
4091
7807
9543
8325
6457
9408
7680
7923
9378
7831
6139
3845
6060
3359
3853
1962
-3518
-4716
-2814
-1438
-4412
-8182
-6012
-4843
-4995
-6754
-8333
-6756
-6877
-5599
-4116
-4002
-4274
-7655
-10542
-7217
-4717
-8072
-10541
-13531
-7683
-10040
-7584
-1939
-11524
-2897
2743
7167
10186
7473
4377
6583
13646
16568
13058
7505
10333
12173
11507
10267
12554
10741
11522
11552
6971
7659
5060
1282
-661
-1168
363
1025
-1230
-3411
-5383
-5191
-5928
-8896
-9473
-7050
-8394
-9561
-6002
-9277
-10527
-9730
-7176
-5173
-10424
-8033
-7206
-5641
-8602
-4420
-2571
-7426
2036
1080
7199
9400
5844
7910
9699
13167
14169
13917
11006
11846
12378
11940
14289
13466
10367
10454
10607
9016
7760
5103
2225
3334
3166
2954
2629
1336
-1659
-4209
-4456
-4347
-4402
-8562
-10771
-11133
-10090
-12714
-14372
-14878
-12548
-7575
-13308
-12653
-10083
-11446
-9640
-14296
-4847
-3561
-11324
300
2059
7002
9432
8634
9783
9278
14279
15806
16965
15061
12234
12085
14537
19996
17120
8748
11346
13311
12653
10050
6573
7515
7965
6342
3165
2431
1663
-2234
-4914
-6019
-6538
-5260
-6035
-10051
-12733
-9908
-11513
-15972
-17967
-17843
-15925
-20309
-15719
-16602
-16193
-16045
-15494
-5091
-14291
-6656
-3624
-2392
6777
4388
5327
7275
11353
12334
14146
13300
14190
12976
13587
12834
14527
14077
10135
11998
9071
9450
8013
4973
4270
4214
5859
4493
2092
10
-546
-1947
-2174
-2532
-4236
-4341
-8207
-10974
-11309
-10601
-12413
-15109
-18490
-17879
-18531
-18370
-21968
-21564
-19215
-18472
-7063
-17301
-11606
-3762
-4219
1191
1506
3875
3126
6394
8642
12220
11037
14482
14883
13205
15719
15453
14895
14491
12515
8581
8947
12583
10869
6171
4523
7118
8704
4451
4579
3419
4228
3623
-1349
-645
-2888
-4347
-6447
-9395
-9466
-8843
-8990
-13200
-16499
-16598
-15119
-18145
-16384
-19580
-12507
-12228
-18276
-7272
-9686
-1108
5109
4060
6244
8643
12327
11759
9402
9645
12398
14698
13252
14110
18192
14851
15292
13283
10792
9855
9023
7032
4551
9394
9798
9213
3561
8988
5883
4470
4258
4611
2867
-4946
-8330
-3477
-8865
-10957
-5497
-7893
-9440
-17884
-18569
-16386
-20185
-18319
-26572
-20726
-16123
-22671
-13563
-13129
-7144
-1801
-1765
357
7802
10004
10140
11115
13370
14976
13081
11894
12277
15126
14212
15757
16683
16348
15767
14694
13659
13593
11147
8881
7467
10673
11532
6416
3180
3867
6335
3181
616
827
574
204
-2703
-4264
-7388
-8544
-10984
-14517
-14432
-14790
-10850
-19263
-12771
-14205
-18106
-8246
-12983
-6538
-1693
-2881
-1157
1366
-1959
2280
5912
7106
8357
8789
11114
8518
9485
6379
6795
9595
8712
8516
7425
13279
13349
13362
6269
9364
11167
9775
8763
5721
4547
4988
4945
4335
839
205
-31
-1428
-2363
-7112
-7904
-10135
-10806
-16248
-17047
-14662
-19792
-11265
-21301
-16240
-8046
-11151
-8915
-5638
254
-6438
-4211
-2253
1115
3046
8985
3706
12473
11750
10083
12592
6754
14227
10089
10059
6913
6108
9683
9693
10904
9883
10856
11408
9307
10768
8032
4112
2539
4729
6403
1512
-2497
-2011
320
-1100
-5034
-5135
-5853
-6393
-8960
-9874
-11293
-11185
-6252
-15884
-12413
-6296
-2254
156
-3332
242
1832
4138
1533
1950
3651
6969
8238
9987
7572
5840
7211
8175
12224
8556
10660
9290
6225
6814
7926
8970
5217
8740
7833
5735
6986
6274
4429
1609
2914
964
179
-912
-1793
-4769
-5876
-7172
-8408
-10979
-10449
-12606
-12394
-13363
-14741
-8754
-20989
-9861
-6495
-5193
483
-4450
-2258
-1983
2905
1687
-1442
-4859
-195
3122
3808
3082
-355
821
8329
3529
1419
6435
2936
3792
5090
6049
4976
3696
2537
2904
3190
2648
2253
1843
914
3644
4964
2695
1905
-3307
-6240
-6879
-4869
-6831
-12435
-14259
-13812
-9088
-15044
-9138
-9761
-12347
-2131
-5335
569
903
-670
-1393
-1861
915
1046
1999
351
1496
4320
5410
2832
-2400
-541
3424
675
3605
3664
-2166
1773
3785
2709
4327
3620
6331
4106
1554
3426
1583
2305
2577
-1081
-863
1937
1770
220
340
-3537
-4709
-5227
-6620
-8280
-11133
-8432
-11540
-3737
-8716
-8950
1753
-70
4565
4141
4256
4349
6995
7748
8976
7699
6901
8777
10702
13586
8408
4681
3815
3540
5034
3181
414
-349
-20
3612
5962
4818
5507
7089
4673
3765
4333
5543
1909
-1836
-1319
-1030
38
938
-3642
-6243
-5346
-4981
-4564
-3597
-8155
-15030
-12505
-10656
-4167
-9698
-12152
-3581
662
3350
3367
6659
6510
9074
8061
7810
7591
5792
6407
6629
7826
6322
5674
3602
703
2868
2876
168
-1807
-2248
-871
-1493
1604
944
-3420
-1183
1977
2014
268
8
-421
-1040
-3413
-3728
-3039
-4475
-5333
-8879
-7821
-9776
-10788
-11337
-11537
-13412
-8874
-2888
-11209
-7635
-5391
-285
1874
2228
4244
3623
7294
7075
10701
8402
4833
6516
10686
11478
8124
5013
4821
4147
2267
2819
59
-1987
-4802
-6189
-2828
-3735
-5451
-6222
-7717
-2400
2104
-5230
-2696
2783
-1367
-2213
-3807
-1215
-5380
-10111
-8294
-8456
-9527
-8632
-10964
-11971
-12371
-11640
-3283
-8262
-4697
-2036
-1404
5151
7070
6714
3198
5875
10099
10672
7992
9739
8810
15577
15619
9147
8242
8200
7888
2445
2610
3185
2481
1637
-1245
-1687
1141
-401
-2329
-3373
-1485
-3750
-3520
1785
-5836
-6191
-2467
-2443
-2374
-4209
-3059
-6991
-6014
-9263
-9860
-8125
-7789
-10393
-9866
-1939
-11605
-3652
-699
-522
7233
2523
7278
10611
8991
8577
10301
11062
9043
10941
12945
15130
16413
10945
9722
7951
5625
5591
4604
3105
3107
1765
-1624
128
-642
-2235
-4224
-6781
-5175
-4657
-6748
-7869
-8890
-6870
-1492
-7402
-8184
-5871
-7871
-8729
-11274
-7527
-10605
-10986
-13350
-10079
-4141
-7935
-3706
445
1700
4337
5803
6379
8776
7582
6732
7287
14734
15367
11164
9945
13074
16013
8523
11181
12075
10054
10275
7171
5431
6607
5084
66
-1257
-1136
849
90
-4250
-4067
-4202
-4597
-6544
-9245
-6906
-9924
-10065
-8439
-10234
-13987
-14767
-10193
-8561
-10483
-8924
-11773
-7040
-6192
-13487
-794
-1683
3037
6014
1728
5660
6407
8023
6355
8500
8587
11205
12540
9886
10911
12992
12463
11073
8120
6307
7851
6035
5982
3243
590
2543
2732
1403
95
815
-2541
-4572
-3491
-4843
-4643
-6970
-10221
-10694
-12762
-11989
-14525
-16021
-17113
-12464
-14249
-15272
-10536
-15310
-6939
-12120
-8799
-782
-1817
-727
-637
3894
4036
7968
8635
7835
8310
10715
12461
13994
9769
6308
9207
12714
13083
8267
6169
9100
9923
5364
3768
5694
6547
5956
2629
423
1314
-129
-1992
-5451
-6256
-4339
-4395
-10292
-12347
-11480
-11390
-13577
-15843
-15265
-15039
-16265
-12905
-14058
-17693
-8012
-13917
-7009
-1561
1089
5423
4373
5459
2446
7930
7720
10487
7921
10563
13797
12209
11640
10733
9709
7995
9982
7896
6736
8111
6914
6687
8520
7337
4884
4665
3902
2814
1776
-415
-426
-553
-1888
-1017
-598
-4001
-7374
-9898
-8418
-9434
-12240
-15751
-16506
-16241
-16741
-17358
-17528
-13017
-14749
-8274
-6817
-3455
4374
2513
3388
5841
9004
9475
10480
9361
9206
13283
13364
11110
12665
11242
10662
11857
11562
8589
7022
1598
3836
10274
3953
2553
3317
6955
5849
548
2310
2494
1601
-24
-3103
-2673
-3356
-5691
-9872
-12212
-10751
-11395
-15310
-18126
-18324
-15499
-17234
-16709
-11375
-15327
-9535
-4051
522
1694
-1108
5633
6145
9050
11006
11948
15298
12631
13140
13502
14662
15660
10006
10386
10672
8067
9059
6810
4686
5313
4877
4896
4074
941
-843
1652
788
-275
2352
1898
-1713
-3142
-3986
-7049
-9335
-8456
-11195
-13358
-11199
-14109
-15044
-18108
-15858
-17268
-13960
-14002
-21578
-12850
-9412
-6395
-3113
-3555
-649
4390
1593
3593
11307
11429
10937
10981
14843
16034
12284
10057
11001
13959
11958
10503
10131
6344
7609
8204
8685
8080
3852
1226
1641
5592
2862
-2735
-2801
-659
835
35
-3757
-4898
-3429
-5544
-7576
-10338
-10789
-12115
-14617
-16252
-17689
-9556
-11513
-18525
-11272
-5213
-3191
-2463
-3263
35
1024
1109
6168
2955
5992
11094
9747
11732
11177
13189
11313
10391
10064
8343
13230
9873
5949
7477
6626
5626
3325
3359
1031
138
1241
-148
-181
-1598
-3106
-4707
-4386
-4981
-7835
-5648
-5952
-9079
-12502
-14965
-15471
-14996
-15760
-16658
-9326
-13072
-14584
-6117
-2848
2188
2601
843
-819
65
3437
911
2565
4326
4084
12502
10346
8001
13629
12089
11763
8675
11460
14148
7339
4137
5044
9052
8785
6442
3864
2085
2887
2018
2852
3757
-449
-4416
-5194
-2790
-2073
-7862
-11849
-12295
-8001
-12222
-11549
-8018
-9836
-9888
-12885
-5894
-13804
-10043
-4995
-8985
54
-508
2491
462
-91
2668
1347
3671
4418
6212
9112
8511
8710
9003
6870
6226
7823
11891
10452
8863
9340
7387
7104
7064
7666
6782
5031
4015
4579
2327
2057
1822
-3155
-3144
-3854
-5488
-6850
-8850
-11503
-11193
-11477
-11860
-14862
-11855
-13927
-11034
-1462
-16248
-10842
-5477
-3252
1027
1378
3676
2824
3640
4270
7747
3689
7152
5250
5359
8651
6876
3127
2693
2354
4771
9615
3551
4857
6904
7599
6882
6451
8678
6723
1767
1178
4018
4980
3031
842
-370
-3785
-3360
-4400
-5835
-5245
-9908
-12908
-11494
-9903
-13569
-15287
-18376
-13397
-6638
-16509
-10886
-2374
1761
3252
1773
3415
3137
4073
4073
4176
3806
8080
7070
5307
9211
6458
4656
5383
2058
5784
4779
5156
5151
226
5929
4594
5782
7211
5581
6138
5644
4781
-533
2489
4633
1971
-723
-1569
-2440
-4060
-4650
-7873
-8753
-12603
-12471
-14012
-13558
-16838
-11053
-12818
-18535
-5397
-6610
-1848
-482
592
3603
5443
5257
5025
9116
9667
9723
6245
8861
7781
6648
7128
6373
4039
965
2605
1627
-198
593
-582
-1426
5976
2588
-778
4641
2085
2996
937
3907
4979
-497
-3043
-1539
-700
-2002
-4020
-6330
-7374
-9162
-8206
-10468
-7830
-14796
-6787
-12146
-13061
2928
-4857
387
1599
3810
5306
2276
4305
9515
10169
10640
11108
6713
10010
12791
8096
5023
8662
8899
4724
3667
2207
1637
3131
994
-760
504
-1290
3348
2598
-4052
1119
3265
3718
1938
2217
1445
-1360
-4245
-3180
-1791
-4269
-6896
-7557
-8752
-9884
-11254
-13551
-4749
-15104
-11721
-4435
-5078
2391
-2742
391
1963
2309
2700
3887
5235
3835
4484
4027
7155
9761
8233
5719
4216
6092
5492
1640
906
2870
1727
1565
-514
-4560
-3719
-1859
-1965
-4507
-6480
-1011
1837
-4870
-997
773
-3689
-3818
-3136
-3158
-5482
-9012
-6748
-6588
-7110
-9122
-12753
-3805
-12477
-7644
567
-1380
4079
1139
2226
3916
10643
7847
3571
5993
9076
12208
8523
9569
13855
8774
8293
7928
7830
10030
5037
1929
-679
3387
5233
1822
-1064
-2471
-1895
-1887
-4077
-5961
-4584
-5227
-2363
-2094
-8498
-8034
-4997
-2747
-4416
-4934
-5619
-7464
-9551
-8083
-8864
-7948
-1244
-10478
-4456
283
-469
4549
4787
3572
4426
6508
7179
6297
3680
6506
7631
8327
10183
13938
6568
5520
7466
4569
3173
2309
2119
2438
6819
4558
2244
1926
-1804
-1398
-14
-3808
-4553
-6659
-6761
-5719
-6129
-7821
-9742
-8829
-3619
-9038
-9565
-4325
-8732
-9124
-7618
-8201
-8576
-6061
-13323
-2859
1924
1518
5220
3129
4043
4393
9501
9162
10713
5305
3858
4897
7401
11627
10104
2937
2749
8993
4588
2606
3649
2275
1214
754
-120
-9
696
1660
-1297
-4588
-2869
-1284
-4894
-7587
-6417
-7070
-9301
-11134
-11178
-10291
-12351
-6693
-11395
-15435
-8327
-7545
-9295
-6876
-1475
-8577
-4383
-2195
315
7617
6572
6406
7526
9419
10640
11552
12338
10797
10209
11495
12104
14049
6082
3918
4450
4573
5422
2749
1218
470
2854
3473
752
-1091
-4668
-4291
-2896
-2556
2046
-1718
-6614
-6543
-4943
-6826
-9132
-13229
-14643
-14601
-13309
-15846
-15282
-16380
-12411
-10979
-13684
-3967
-11887
-1779
-1177
1017
11059
5500
5035
5682
10693
12547
13207
10241
11211
11336
12733
13647
18039
12364
7489
8094
6499
11335
5448
-622
406
3464
4625
896
-481
477
787
1359
-2216
-3547
-3777
-5444
-6967
-6622
-6276
-7753
-9892
-12675
-13026
-12899
-14994
-15532
-17891
-12339
-15250
-9381
-4988
-14883
-1176
-1982
3009
8505
7310
10188
11305
13963
14005
15184
14388
15378
15267
16324
14403
17624
14417
12836
12915
11068
11536
8398
8163
4400
3827
3873
2469
2440
2071
732
-111
-779
-1776
-4205
-5961
-6221
-8343
-8230
-7185
-7032
-10493
-8397
-9961
-14267
-11155
-15079
-16059
-20235
-10856
-13498
-18587
-6119
-9326
3223
2198
1525
8485
7529
11504
11072
14946
17138
12923
12939
13895
14542
20202
14622
10673
11647
10982
10671
10480
11601
6971
2739
3727
5258
5849
260
-4714
-4077
-984
-2022
-5522
-4511
-5160
-5757
-7370
-9943
-10271
-12020
-13770
-15857
-17665
-13625
-13190
-16322
-21389
-12811
-14591
-13244
-6500
-13370
-3752
-2640
-668
4325
2119
5424
12240
13554
11614
11187
13959
12005
14152
13704
10243
17221
9333
8680
7445
7274
7298
7114
4070
7135
3759
1253
2870
-637
-1455
-2432
-2234
-4819
-6002
-7913
-7906
-7577
-10026
-11894
-15516
-14752
-15266
-16271
-15397
-17159
-15414
-20309
-11315
-9359
-15159
-8910
-11506
-5363
-4808
-2782
-3081
-2453
1962
5363
14261
8076
10906
13957
12640
17265
13545
14406
13711
10669
11904
12640
12133
11074
8598
6827
9266
9359
7671
8212
6978
2001
1029
1167
3764
-410
-6009
-8683
-9437
-5775
-10926
-10795
-11624
-12984
-13285
-14103
-14676
-15001
-17821
-14336
-13462
-17843
-9010
-4717
491
-824
-1041
1646
113
301
3048
5757
8972
13369
9598
6377
14404
18184
15990
16281
13841
15710
12170
11643
14368
11391
10615
10614
9165
8145
7865
7161
6153
4785
4483
3876
2483
1032
-848
-2641
-4833
-6668
-9667
-12964
-14331
-14985
-13417
-16501
-16871
-20036
-12373
-12381
-19779
-9384
-6569
-3075
-4517
-4022
838
3708
540
-2522
2009
4635
3834
4100
2827
6234
12563
10641
10568
9645
12289
9227
6202
10687
9169
5625
4972
10669
12525
7134
2922
3142
2128
1928
2089
1215
2126
-2423
-6722
-9314
-6492
-6354
-11581
-16201
-16927
-15491
-16316
-17215
-19719
-10005
-15379
-18429
-8835
-9285
-5013
-6190
-5038
-3254
-1547
2263
505
2514
7925
4851
4476
5379
5994
5773
4112
7917
7834
8175
6204
8462
14125
11115
12192
12037
9311
10763
9860
9093
7688
5612
4407
4922
3570
2949
2121
866
-2058
-3618
-4484
-6080
-6950
-10156
-11101
-12627
-10914
-16279
-8174
-13792
-17576
-4997
-9488
-4926
-5736
-3211
-2989
-1931
1398
-873
-985
1331
5330
3042
5037
8616
2155
313
4122
710
83
-1048
-119
5249
5023
4500
7537
6790
4748
6728
6604
6299
2677
1423
4810
4535
3791
-672
-945
-2623
-2429
-2536
-2431
-4016
-8620
-10680
-11648
-7640
-10425
-5394
-15340
-14411
-1316
-4562
579
-232
1428
3642
5367
5180
3380
3969
5106
7317
3744
8594
10384
5122
5648
6960
9224
7039
2545
2430
4488
5591
9415
5713
2041
6608
9038
10876
8995
9687
9398
7824
6200
5646
5781
4574
1345
-536
-1629
-2238
-3555
-5240
-8447
-10607
-7970
-14900
-5521
-11468
-15103
-4295
-6272
1313
144
1129
-668
2099
4429
2974
1751
2204
4307
-131
6712
5625
1346
-1348
-2202
1670
5939
-1027
-3518
2837
3666
5089
-3733
-4050
1657
-2350
751
872
5314
7484
6265
4743
6777
7339
3611
-410
-1419
-4521
-396
-4174
-6885
-7725
-9253
-7168
-12621
-461
-12079
-14757
-6446
-6740
5126
-717
-1252
-2647
1776
8827
6071
3968
5271
6989
6916
10607
7894
2582
2011
229
264
57
-371
-2641
-3861
-311
1045
1180
578
-2101
-3423
-1358
-3975
-852
-3904
-4877
1121
-517
2412
506
744
772
-2215
-2054
-4952
-4555
-3782
-5866
-5191
-12088
-1266
-5584
-12590
-112
-2846
3373
3625
3840
3518
2310
6075
8547
7474
5895
5005
5420
10868
6931
1818
2636
1328
2849
3415
1155
252
-3960
-4057
-1739
-2111
-3321
-3783
-6699
-5690
-620
-252
-5497
-4353
-3847
-2130
-2330
-6387
-1048
-2036
-3499
-3958
-2314
-2360
-5011
-7514
-8055
-10164
1126
-2328
-10280
-444
-2655
6105
7556
8069
6695
2967
7330
10646
12248
10040
5298
6013
14672
11503
6743
6945
6970
6658
6256
3637
84
-1649
-295
440
-1805
-3307
-849
-957
-4607
-4067
-2941
-4318
-6193
-2940
-4460
-6050
-3980
-4147
-8093
-8807
-3116
-3422
-5244
-4509
-4908
-3085
-8795
-2225
-2039
-8712
5460
3082
7799
9416
7569
9449
8629
12420
13125
11933
10582
12674
9030
13689
13641
10729
9385
6638
7171
5865
5421
1631
-2430
-500
-534
-2420
-1704
-2814
-3432
-5744
-8932
-8557
-8524
-9513
-12115
-15078
-12256
-12755
-7470
-7027
-14567
-15070
-12480
-12480
-15526
-6394
-10415
-14661
-6018
-5644
-10713
-1741
-4237
1251
5897
5997
12302
12234
9615
11149
13248
9758
12795
9970
8808
15254
13806
12664
7377
4631
5967
7153
6738
1324
6037
6627
5100
4469
-123
-1611
-3044
-4097
-5746
-5093
-4886
-4757
-6620
-8416
-8887
-10104
-8676
-12004
-12479
-10245
-10297
-8353
-10674
-10742
-13327
-2565
-2616
-7050
2679
2003
8876
9086
9221
12153
13018
16433
16496
17089
15639
16485
15199
16927
21494
17833
14522
13485
12679
10791
9612
8423
7300
6946
6054
4374
3279
3020
1215
-1180
-1035
-3650
-5650
-4644
-6630
-7033
-10038
-12221
-12826
-12538
-12987
-18141
-20140
-18200
-15093
-18018
-17365
-17612
-11420
-10250
-15558
-4649
-3222
2123
3993
3751
8943
10806
9701
9956
12130
12133
19456
7680
11936
17275
14333
12773
16865
16173
12614
10718
10903
12838
13440
8468
3314
4320
7074
4907
1990
2500
1979
1290
762
-1089
-3739
-6690
-7830
-11918
-10191
-9685
-13410
-14009
-17633
-14472
-17418
-15518
-17913
-13387
-11433
-16407
-928
-2682
-2424
2404
7478
10193
10589
12966
13995
18344
17679
16725
15077
13153
17730
14189
12321
12676
12735
12268
11925
10136
8419
11225
9269
5134
3468
3564
4537
4559
3194
1803
-240
-237
-198
-3308
-5701
-7751
-7728
-10258
-10549
-11262
-12592
-15129
-16751
-15288
-14348
-18815
-14876
-16257
-19638
-8187
-9768
-6326
-3005
1750
8171
6499
8013
12116
15183
13199
14502
17785
16744
17306
16797
14540
17745
18366
16332
15112
14347
14592
13227
13406
10952
5887
2831
2843
6982
5994
1411
-3159
-1894
908
-1463
-6565
-7162
-8232
-9572
-10232
-13048
-13914
-17581
-17380
-20958
-16138
-20971
-16381
-14167
-23681
-11395
-11549
-7721
-4788
-3631
-62
2392
4183
11136
11348
8845
13945
15196
16159
17448
22546
16604
15488
17324
15249
16203
14746
16266
14865
12886
11848
9011
9274
9009
8501
7250
6190
3758
2769
1043
-300
-1019
-2808
-5592
-6851
-7704
-10136
-10311
-16139
-15183
-17787
-17414
-19644
-16931
-15584
-23709
-13276
-10958
-8049
-5447
-8262
-6882
-4749
-2331
679
130
1816
1766
8212
13017
9135
14364
11256
9325
11790
13011
12534
10281
8688
10999
12644
11211
7537
6152
6132
11932
11163
9931
9356
4125
1884
266
4337
2985
-3059
-5446
-5834
-4557
-5913
-10896
-9732
-11634
-8914
-12221
-14562
-6938
-19896
-11223
-7358
-6649
-689
-3936
-1426
-2354
654
4837
4970
3570
3184
4932
6689
7686
14375
11519
11410
7904
10305
11398
10625
14746
14882
14440
10548
12291
14125
11375
10396
10638
10279
9497
7588
6321
5837
2935
1077
1241
-2070
-2784
-5645
-5896
-7926
-10744
-11349
-9390
-11671
-12599
-4740
-18824
-10550
-3997
-4639
445
-438
1007
-1157
1695
2067
4706
4579
2430
377
3523
5212
7487
3946
3305
4642
10017
8235
7298
16858
10288
7747
10351
11382
8952
6161
4880
7191
10156
10406
5102
3287
3227
3444
2988
489
-823
-6077
-9785
-10283
-8108
-10233
-15151
-15476
-10650
-9754
-1884
-13404
-12472
-1596
94
3760
595
1469
1694
2664
3090
2955
5210
415
-3160
4288
5948
8886
6142
1855
3988
4455
5399
3456
8226
4232
5000
15106
12159
4346
4754
5308
6013
5378
4720
4508
2932
1708
949
-470
-46
-2020
-2729
-4538
-4039
-6673
-6791
-8773
-8960
-10201
-13116
-2415
-11548
-10821
-1588
-569
4041
3255
2006
3487
5210
6506
6748
7083
8516
5216
3994
6160
9201
6799
4222
915
-879
1629
2668
1887
529
588
2361
4315
3702
4396
8393
11527
7441
5958
10030
6610
2130
2500
3199
5794
4465
2286
1026
-821
-1345
-3778
-3739
-4452
-7674
-12890
-5039
-2988
-11719
-4216
-2143
296
4818
1733
2332
4293
6305
7104
5089
2966
4445
2063
3220
6515
1928
915
-1401
-4985
1013
4134
4226
139
-1370
123
727
-5057
-5479
-886
-4602
-6273
2102
2371
4127
601
-479
191
-1971
-2575
-3484
-4370
-5723
-7149
-7787
-8335
-9734
-7764
-11464
-5940
-7535
-12434
-4285
-3593
-465
1792
2658
4153
4396
7321
7092
6726
6794
4161
5203
7660
8592
6461
5435
4017
2910
727
-565
1637
-82
-2847
-7326
-7280
-6382
-6800
-8516
-8700
-9296
-6870
-3074
-5878
-5863
-2319
-2840
-5047
-255
-663
-4686
-8497
-9066
-7922
-6537
-7692
-7316
-8567
-6361
-1961
-10878
-2719
2946
-343
2140
3983
8397
7116
4834
4568
8039
10655
6498
7868
12867
13471
12145
7303
5202
5424
3710
3482
2655
1741
1333
-661
-3987
-4519
-5723
-6321
-6022
-8717
-6693
-7413
-8270
-7557
-6537
-10965
-9630
-4956
-5820
-2110
-5499
-2826
-5669
-9105
-10907
-7258
-7187
-6308
133
-9931
-1671
2538
4299
6775
6025
8225
9239
11601
9234
10584
8988
11252
10597
13123
14626
11041
9519
7349
7715
6867
7900
6033
3985
4187
3405
-107
-2022
-1847
-2823
-2850
-5853
-9001
-8691
-7192
-6853
-9260
-9676
-10089
-6689
-4757
-9272
-9595
-5199
-8242
-9262
-8094
-4102
-5050
-8660
-2103
-8033
1340
4888
4935
8624
6489
10119
13298
16335
10870
9842
10409
14076
15047
14382
13533
12018
11641
11844
10021
9485
11507
9379
8179
5177
3256
1177
-2033
-4693
-5799
-5130
-4857
-6049
-9536
-10383
-8776
-11590
-16333
-15565
-13338
-15491
-15801
-8518
-8161
-14180
-10665
-9417
-9283
-7004
-7934
1269
-8389
-1091
4099
3321
11524
8349
11785
11837
14312
15311
16428
14677
16538
16542
16630
14917
11004
10939
10276
10778
11634
10627
9867
10076
8464
5789
4225
2477
3284
1866
1294
1887
-541
-3361
-4922
-4328
-4909
-5998
-10365
-13330
-12830
-12511
-15374
-14332
-17320
-17377
-12215
-12816
-12997
-13587
-4892
-14079
-8275
2693
949
5845
2608
9711
10565
11675
13531
12500
12803
15766
15438
13704
19177
15898
10213
9307
13335
15331
10820
6676
9292
11961
7802
5501
5735
4599
5290
3610
593
520
-1088
-3958
-6121
-5739
-5920
-7337
-10947
-14570
-11328
-11798
-13335
-17928
-17521
-17143
-17795
-15619
-15328
-9536
-16016
-7148
-775
-858
4292
5541
9487
8288
10777
12637
15220
15703
16966
15203
14146
16825
18819
16056
14129
14235
14287
14601
10392
9258
8454
7678
6426
4427
3431
5363
2598
1235
516
-2552
-2630
-4238
-5405
-6327
-7733
-10584
-13317
-14230
-14110
-14722
-16753
-20723
-23675
-23415
-20490
-23486
-18887
-23956
-19517
-7123
-11150
-1980
-417
2090
2677
2451
8530
10320
8586
10160
12363
10066
14837
15716
13841
13314
14582
15997
15569
15369
11349
8673
8912
11885
9826
4650
4835
6210
7795
4112
2357
3990
3772
2284
187
-1936
-3547
-6922
-9103
-11686
-11161
-10753
-14941
-17996
-20586
-15615
-17800
-12708
-17402
-16976
-5061
-8757
61
-2383
-3227
7309
7483
9157
11369
12792
14624
13808
16061
14048
16401
17836
13962
15682
14940
12622
10767
9220
12741
13471
11793
7116
6631
3372
2881
1790
1873
5173
3722
3263
2419
852
-1401
-2737
-5676
-6692
-6849
-9956
-9557
-11228
-13042
-17910
-14607
-16814
-13907
-13610
-21826
-9693
-9422
-4006
-4032
-4179
-1078
1466
6810
2734
10989
15175
11985
10978
15176
15991
14576
12907
14172
16097
14937
16581
14821
15740
14548
13185
14110
13797
11415
7646
741
4733
5383
951
-2469
-3882
-738
-1480
-5043
-5131
-5719
-4066
-6766
-10031
-10924
-12138
-14776
-16002
-18616
-13966
-9663
-18446
-10751
-9179
-4669
-787
-3664
-1497
461
4444
1885
9163
8367
6479
12254
9833
14339
16240
14956
16434
13888
12595
12074
14288
13435
9887
9249
9521
12079
10593
7022
6332
5832
5107
4185
2973
12
-2861
-3660
302
-1089
-3060
-2999
-10402
-11214
-13165
-15734
-16305
-16243
-18877
-17478
-10297
-19036
-14151
-10467
-9429
-2659
-5114
-5737
-7183
-2905
-1139
191
1760
1351
4389
5984
4932
8929
10338
8094
9702
9935
9573
9208
7778
5290
4485
6042
8569
8264
6661
4338
7434
10215
6754
5756
1891
-2840
-2304
1493
42
-5420
-7590
-5394
-5729
-10403
-10704
-10996
-9466
-10597
-14270
-4740
-11794
-10795
-4294
-7341
-1099
-471
1998
-1415
-835
1467
4130
5014
3214
6192
8140
4996
9099
13880
9119
8301
8240
12208
11366
11102
10759
10746
10317
8202
9320
7475
6999
6192
7226
8207
6217
4532
5356
4402
1063
1380
-1121
-2650
-4599
-6291
-7191
-8852
-10257
-10606
-8547
-13909
-4914
-11574
-15197
-1637
-3722
518
479
1943
1779
1324
2890
5249
5792
5320
3104
-564
2270
5615
5063
3262
-378
3748
8334
2589
3940
4215
4007
2056
3535
7204
3865
62
-356
716
2032
984
1053
117
-4490
-1334
-1606
-4165
-2119
-7711
-11075
-9959
-8173
-10538
-16678
-13754
-16168
-7782
-14674
-15162
-2597
-4224
3257
-1150
-262
1915
2345
3290
3744
6608
7977
5429
1255
509
5954
10686
4522
1999
5244
3942
2620
6204
4623
1017
3087
6669
5965
4742
5481
5871
2791
2652
2903
2744
1096
-1482
-2771
-3077
-1622
-3571
-5836
-7640
-8136
-9404
-8786
-12441
-12494
-16186
-11336
-8407
-16845
-5387
-3052
834
3153
728
1557
1836
5638
6890
7713
8054
8795
6341
6156
4762
8756
10259
4212
2129
28
2736
3642
1355
-186
-1990
4208
2339
768
4388
2664
2008
-346
2008
1201
-1031
-2205
-4449
-3471
-3594
-3857
-6258
-9370
-7747
-6608
-6990
-8316
-7991
-15219
-9322
-3585
-10108
-4087
-6384
-578
6135
2504
4689
6226
9253
14172
12916
11263
11115
10729
9773
6371
6699
10900
9266
3556
452
2903
5612
5012
1708
628
1359
-703
2946
592
-4031
-881
2290
2723
2767
1446
340
-1160
-3271
-3433
-4168
-5484
-7648
-7919
-10018
-8942
-12249
-12108
-11782
-12776
-7401
-14864
-10270
-4913
-3154
7582
4964
3930
1980
1905
9978
9366
8667
7884
6659
7391
8216
7086
10325
10584
7867
6385
4187
7022
5522
4167
-675
-2346
-1168
-1806
-1862
-4607
-7054
-2798
938
-3415
-1423
-275
-1537
-3498
-4154
-3661
-5061
-8461
-9755
-10855
-9258
-10815
-10700
-11279
-14809
-3542
-12587
-9945
498
-2090
887
3043
6878
7187
7224
6463
11619
12052
10141
10597
11254
12525
12227
12018
11270
9362
6878
4395
1776
2337
5148
2477
-3724
-3789
-1077
-2738
-1070
-2724
-302
-205
-2884
-451
-1375
-9713
-8294
-4213
-6476
-6289
-7459
-8478
-10299
-12435
-12365
-13521
-11564
-16310
-7471
-12698
-14150
-4871
-3765
160
1008
3281
5004
8527
8769
10340
11157
14884
13048
12266
13728
14075
14033
13040
12641
11466
11415
9352
8830
9404
8238
4103
1283
560
1855
862
-1560
-3676
-4193
-3318
-4773
-5883
-6675
-10351
-5444
-7572
-13080
-6467
-5604
-9531
-10581
-10161
-8355
-9161
-13295
-9472
-9770
-5811
-1649
-1893
2251
3801
5429
7693
8677
6214
6468
7330
12449
13571
9525
9206
10492
14115
11336
9641
12853
13620
12284
9875
8737
7283
6021
2315
-1365
-378
1717
2807
-2055
-5167
-4914
-3379
-3760
-8806
-9925
-8525
-12283
-13010
-8655
-13287
-12187
-10516
-10236
-9823
-7881
-9782
-10241
-6057
-12009
-5563
-2244
-550
5084
5143
6301
6152
8221
9936
10319
11224
10299
10377
12668
13053
12997
13261
10312
11400
13545
12249
10366
8805
7111
3896
4813
5271
3923
3316
2768
278
-3455
-4314
-3982
-6048
-7394
-9860
-12367
-12615
-13268
-14872
-16228
-18380
-17067
-13836
-20448
-15759
-13607
-16580
-8348
-12743
-9954
256
-5678
193
-507
4309
5392
4655
7652
6282
10319
10674
11797
12039
9008
7022
8640
12386
9258
6136
6228
8777
7970
7150
6916
7862
8535
5491
3250
1146
1824
450
-3016
-3725
-3117
-2228
-4237
-9832
-10992
-11573
-11101
-13979
-16422
-14846
-14922
-15489
-13976
-11545
-17925
-6494
-6982
-10020
-1434
913
7628
5484
6979
7550
11354
13669
13025
12260
13066
13722
12725
13212
11892
13101
11404
11285
10320
8819
7772
6776
6733
5315
3377
3970
5120
4190
1915
-1523
-2969
-3088
-4740
475
-4690
-6473
-8821
-12265
-11271
-11631
-14219
-16115
-19406
-21215
-19556
-21171
-19914
-23399
-18045
-10275
-20479
-10030
-2432
-1406
3533
3552
6477
7275
6886
5767
5329
9991
11239
16779
10549
7912
12129
10841
12098
11413
7684
5946
5332
8885
6276
2817
1378
1844
3044
198
122
3730
4265
2148
-178
-1151
-393
-2447
-5924
-9324
-9436
-7337
-9972
-12533
-15927
-13371
-14143
-13581
-16864
-11844
-7408
-17465
-4452
-3010
-2167
6021
6693
9289
10054
12706
14465
13650
15114
15935
15964
17170
15110
20075
17395
15238
15341
10487
9864
9226
9055
8320
6489
5961
3495
1830
3506
2110
1169
247
-210
392
-1732
-5182
-5869
-7078
-8539
-10372
-11202
-13439
-14082
-17822
-18153
-17350
-17252
-20147
-21399
-14645
-16933
-9770
-6358
-6852
-61
6051
6891
5702
12915
9994
12615
14086
18539
19092
15108
14421
14101
19697
18073
17770
15821
13035
13168
13028
12945
10925
8578
-2162
-1557
1423
3415
-1240
-6079
-712
618
-165
-9621
-6049
-7348
-7118
-8601
-9738
-11744
-12561
-16604
-20041
-19980
-17242
-15885
-19664
-12597
-19378
-12991
-7520
-7619
-448
-248
-461
3325
5286
2345
4267
7948
12648
11918
13831
12875
12222
14390
13858
13112
12838
11208
11329
10423
9022
9213
7069
4844
2952
1879
3080
3585
915
-50
-3059
-1596
-1660
-4638
-6944
-7590
-6824
-7319
-8068
-12397
-13093
-13501
-13542
-12434
-12341
-16366
-10155
-13175
-13247
-3586
-6483
-2318
-844
2886
3743
3124
5170
5209
11920
15120
13124
15275
15380
15465
17001
18695
18937
15243
13513
12772
12761
14653
13869
12458
11096
8958
9342
9319
8445
3482
-1166
-3588
-296
175
-5515
-11313
-12448
-4353
-5714
-10153
-12215
-9256
-11248
-9215
-13630
-11256
-14458
-10678
-9609
-18703
-5555
-3809
-439
-1510
1494
3755
4650
7183
7654
9660
10524
15376
13546
10959
13060
16459
17650
18443
16226
17393
16946
15334
13512
14463
13497
11727
10911
4619
4327
3517
4481
1509
-329
-519
-1931
-4406
-5703
-7488
-8161
-8245
-8860
-10874
-11847
-14021
-12614
-15227
-15641
-16832
-14366
-11481
-17441
-6305
-2724
-1283
1382
564
4301
5254
6836
4889
5665
9410
10399
9820
7756
8181
12968
17599
15283
13109
14823
15992
13997
14227
15309
12370
9674
8168
9531
11253
10192
8434
6570
3974
4854
4898
4669
451
-4247
-5765
-5264
-4301
-8614
-11344
-14033
-13008
-13133
-16394
-14375
-16302
-9933
-11907
-16198
-4341
-3421
-783
208
-1411
2599
5033
5533
3383
5086
7712
6233
5898
5632
8430
9331
8102
10306
8923
8318
8042
10076
10182
8409
9707
8883
7080
5414
5780
4730
3191
3054
471
-286
-1071
-2528
-5077
-6435
-8431
-8909
-10220
-13280
-14511
-19598
-18240
-19389
-18326
-20994
-16443
-15586
-18257
-9935
-10593
-6657
-5972
-3870
-680
1637
2636
5340
5713
7221
7881
6177
5491
3050
8107
8268
6050
6107
4149
6033
11432
8656
10099
9196
8890
8989
8225
10646
6775
4472
1408
1783
1959
1348
-146
-1645
-3815
-6184
-7667
-807
-3407
-8419
-11396
-11400
-8777
-10188
-16827
-15475
-8619
-14246
-6965
-4756
-665
4223
1501
3188
4126
6263
6734
8806
6202
9061
10440
10730
8498
10376
11973
9759
9323
5818
9358
7576
3093
6039
4793
7108
7972
8107
8556
8351
9780
8544
6030
6672
5231
6300
3318
327
1614
-893
-2960
-4702
-4503
-7005
-7726
-12525
-10050
-12111
-12541
-5558
-15613
-6528
-4018
-3769
2260
1896
2781
4561
6377
6244
9231
7597
9065
9567
11106
9553
7661
10127
10461
9445
6175
4114
5146
5435
5691
5142
2435
1461
7125
3766
4276
5538
-264
2525
-241
2385
5892
1781
-393
234
790
97
-2757
-4566
-5396
-6459
-7180
-8268
-5356
-13647
-4915
-12458
-6642
2266
-3411
2811
596
5218
2636
6572
9575
11825
12239
10134
9652
9833
8931
7555
5920
5507
8280
8417
8611
5700
5934
5796
6222
3320
2986
4132
-3740
-805
-257
-1572
567
1570
2403
1700
2617
2089
716
-1282
-2569
-2478
-3079
-3615
-6430
-6205
-8478
-6124
-9798
-4004
-6192
-10290
1248
170
3609
3776
4934
6162
8497
9913
11225
10096
9822
11159
9026
9126
8772
9852
9121
9952
6350
5614
4448
4741
6460
5623
2640
-950
66
1488
1350
-294
-1509
-4156
1429
2990
130
1717
678
-291
-2484
-302
190
-3915
-4796
-6466
-4058
-6447
-5288
-9227
-5389
-1857
-9769
2811
3539
4435
4016
3029
9313
10498
8381
6174
7552
11078
12955
6979
9850
9679
10200
9031
5790
6450
1342
2268
959
-1315
-340
-1864
-2476
-2871
-2857
-1612
-2625
-5796
-5899
-4222
-5764
-5049
-5711
-6760
-5946
-6498
-3667
-2645
-5510
-5744
-6118
-6293
-9363
-8464
-8923
-7396
-600
-9202
-3951
117
782
4673
2247
5262
7956
9304
7929
7890
8176
9945
8388
13703
12608
11569
11922
11371
10127
5190
5475
1264
3910
1015
-237
-3946
-5180
-7874
-571
-667
-3484
-6233
-6269
-5150
-4755
-6324
-5310
-12508
-10351
-10658
-10456
-9541
-10957
-8997
-12260
-11492
-9194
-11445
-14171
-3161
-10025
-4888
3304
-747
7527
6225
7991
11037
15613
12696
11260
10386
13223
17682
13609
11575
9537
10521
13324
10674
7824
9058
8622
8178
7187
3026
1959
1586
-1571
-2605
-3089
-3107
-4791
-7403
-7550
-5663
-6532
-6892
-8659
-7203
-9907
-8430
-8388
-9230
-9939
-11240
-7887
-7964
-6843
-6052
1910
-9109
-1023
5959
3639
10744
9905
10093
9912
15654
14022
15514
14011
14353
13372
14292
15095
10944
10135
9778
9844
5100
5036
5532
4527
4556
1089
374
-1613
-2521
-5531
-2438
861
-9396
-10662
-12092
-11586
-12013
-14591
-12597
-13845
-11829
-11998
-13384
-13393
-12998
-13352
-10370
-11525
-9499
-11792
1378
-7653
-5792
8012
635
9429
7088
11688
14384
16396
17060
18840
19045
18371
20324
20801
21077
14917
9725
10088
14278
9729
6143
5165
4699
7959
4899
3906
2778
2161
2509
-510
-3633
-4219
-8081
-10828
-11434
-11900
-11281
-14205
-15995
-17425
-17602
-17937
-17801
-18758
-18556
-16714
-18727
-11844
-16214
-9655
-9628
-10901
3677
-630
7915
10862
10150
12995
14343
16921
17439
18902
18936
19117
19221
19723
19008
18001
16766
17694
15453
13249
12090
10069
9096
9324
8910
6611
5728
6114
3879
1769
-695
-3005
-3244
-4186
-5997
-7371
-8678
-10997
-12590
-13063
-12990
-14080
-16489
-20105
-19649
-20786
-16954
-20416
-15525
-10530
-14673
-5481
-3345
2471
8610
9954
9145
15527
17617
14060
13226
15277
18760
18972
19380
17085
17769
18054
18696
18263
14435
14015
12202
9949
13223
12244
7388
3596
2567
4645
3528
-915
-391
-898
-786
-2655
-6397
-6411
-11569
-12483
-15556
-18809
-17175
-18826
-20513
-20895
-22076
-19603
-21105
-18585
-12981
-18920
-12459
-6202
-3377
650
2053
4689
10634
14273
14821
14830
13594
17417
16746
16008
16141
15983
16149
15824
17174
11834
10526
12819
9818
9897
8179
6777
4793
2881
1023
1199
229
-2171
-2671
-5280
-5287
-7491
-9665
-13426
-8178
-9634
-11274
-10837
-12275
-16597
-23285
-23772
-23191
-20171
-23839
-15698
-25578
-20371
-11028
-14749
-58
-2717
5133
5032
5425
8145
9694
12309
13966
16008
16833
13687
12504
13624
13846
17671
13224
11665
14937
12387
14703
12211
12061
11609
5036
3518
4947
7184
2849
-3027
-5024
-2257
-2543
-7336
-8509
-8801
-9238
-9023
-13183
-13150
-16774
-19438
-18661
-21362
-19343
-18963
-14811
-21322
-18310
-9943
-8968
-5089
-4444
-1949
109
2757
4292
6682
7716
11272
16597
17844
15775
17296
18566
17990
17395
14326
15090
15563
13151
12983
11721
10619
11046
9385
7785
7052
5935
5499
2846
-201
-702
-925
-1882
-5357
-6095
-7690
-8286
-10240
-12350
-13998
-18000
-17968
-18379
-16919
-20477
-12023
-17387
-24396
-10275
-9029
-5243
-5686
-4747
-3059
-178
1087
0
1485
5016
10837
8203
11975
14307
14832
14240
14225
16532
12929
12129
10197
9354
12304
13003
10529
9328
7576
7958
8721
7201
4943
805
-2648
-2150
960
-4076
-6222
-11252
-10212
-6831
-12253
-13017
-15256
-13303
-14387
-15176
-20804
-14168
-17039
-19911
-11257
-12526
-3894
-4846
-2154
-3411
-2244
705
-2337
546
3181
2339
3702
4005
2729
5747
9165
14311
11878
10321
14412
14294
12496
11217
9411
11609
9156
7565
8296
6753
5401
4065
2726
1877
1206
-147
-2803
-5550
-6126
-8286
-7711
-9430
-10882
-12271
-13011
-15514
-12071
-17926
-14460
-12484
-22482
-9910
-8433
-2669
-2022
-1552
-1306
-693
2725
1644
2211
-3018
1287
2191
2354
1884
1839
1934
6771
6085
4117
9940
10144
8838
4809
9346
10178
7058
5041
4899
6569
4915
6062
3285
2471
2616
3049
1516
-611
-2659
-7078
-6699
-5600
-5641
-11125
-10700
-11931
-8267
-12896
-11234
-4272
-14206
-1189
-2444
-537
5247
2866
4670
3651
6109
6458
7524
5253
5115
6016
8173
3888
3499
5749
8016
6603
4327
9500
2904
5047
11767
9580
10346
10313
9522
7755
8507
8447
6084
5561
3161
1519
2904
4127
190
-2163
-5373
-5691
-7115
-8390
-9776
-11357
-13310
-12556
-14254
-15490
-5578
-17763
-8692
-294
-2714
3080
-428
2180
3444
5557
5730
6593
4990
4351
3366
6983
6117
3827
1016
712
2909
-2172
1151
-577
-2138
1493
3154
-820
572
5905
2199
1280
4524
4164
2927
-916
-1037
2642
3079
806
-3491
-2933
-4250
-4161
-3763
-6669
-7757
-10070
-10608
-8347
-11714
-4623
-11516
-13644
-988
-1955
1155
1987
3874
5988
7569
5580
7798
6472
4661
8675
7795
9921
8665
7183
4983
6087
1975
3868
3160
23
-399
-3483
-4582
777
-1736
-5508
-1717
987
-742
215
-440
666
1614
585
167
-1782
-2434
-1616
-1947
-4940
-5480
-6323
-4318
-7683
-5711
-11701
-4514
-5036
-12370
855
-1358
5345
5012
5011
6947
9182
10216
10635
10555
10063
12237
11552
13383
10881
10510
7382
7337
5881
6124
6102
-78
-713
-524
-1166
-2661
-4791
-4829
-4996
2295
-3533
-4932
1625
-2467
-2781
-3022
285
-1742
-3707
-5778
-4977
-5345
-5715
-5679
-3462
-8407
-5177
-6280
-4720
-24
-14354
-2049
1783
6285
9662
4628
6275
9325
12599
10939
12448
13506
14978
15379
14462
13783
12701
10172
9411
5586
5885
7492
3832
442
-704
-292
-294
-2731
-3056
-1605
-3338
-3882
-2727
-7688
-7529
-3673
-5037
-4939
-5447
-4189
-7334
-4906
-6323
-7016
-7134
-7463
-8935
-6579
-7973
-9021
-602
-13634
-3077
1838
2484
9196
5098
5200
5621
10025
10194
9970
10023
11541
11644
14184
11984
9726
9120
8512
5622
6014
6353
3969
1097
-1879
-1448
-2364
-2807
-8834
-5474
-10435
-9194
-9864
-12254
-15712
-7701
-3577
-8719
-6760
-3145
-6270
-12546
-12220
-7080
-6391
-8355
-9152
-8298
-4981
-9533
-943
-2211
-5439
2258
1309
7946
6952
3996
5527
11626
14675
12023
9261
7434
11480
13137
12091
10695
12096
12638
9085
6823
9611
6483
3751
1475
-868
-331
100
-946
-5828
-6979
-5055
-5641
-7855
-8899
-6964
-5919
-9595
-7115
-5845
-12658
-11317
-6990
-7440
-7287
-11241
-8525
-9844
-9894
-9440
-7150
-2088
-9377
1193
4844
7215
11546
8233
7632
10806
14798
14784
14714
12359
13269
14145
16333
13440
12806
14458
10603
10470
11807
7898
5055
4623
3651
1979
1633
-707
-3148
-4582
-4319
-3713
-6808
-9587
-13114
-12837
-12620
-14127
-15089
-16283
-16655
-10725
-14764
-15370
-11146
-13189
-13776
-12519
-12302
-11901
-2841
-13291
-5590
4114
2253
10104
9813
10628
10876
15222
18917
18236
15769
15829
16493
21231
18630
13007
13722
13216
15199
12616
11323
11543
11355
11544
7819
5481
3851
2068
273
-3469
-3393
-1691
-3432
-7137
-9415
-8751
-8639
-13067
-16159
-13865
-14455
-14808
-11063
-13829
-16873
-15104
-15418
-11105
-16710
-9856
-7927
-14779
-3010
-3635
6024
8998
10130
11449
12500
16322
17155
17326
16522
18326
17962
19296
18087
17584
13923
13991
16751
13363
12503
11296
11627
10769
8477
5333
4080
4326
1458
852
975
-121
-3031
-4393
-6398
-6027
-8147
-11004
-13278
-15251
-13557
-11961
-15435
-16230
-15297
-17896
-8523
-14715
-6341
-7105
-9876
1888
-612
7988
4551
4698
1905
8046
12176
14347
16928
14991
17502
19603
20752
19330
17660
12194
14345
18824
16098
12047
9759
11020
11962
8175
6933
7173
7180
7132
3225
2583
1532
-800
-3226
-5558
-6238
-5765
-6617
-11785
-14517
-11395
-11276
-13110
-16148
-15694
-16224
-14606
-11953
-14203
-5640
-11481
-5718
1143
-1220
4723
1967
4194
6431
8726
8665
8835
14782
16059
16993
17383
17948
17819
16239
16397
17044
15515
14536
12644
12071
11478
10579
8533
6861
6137
5699
4786
4706
909
-916
-1508
-3035
-3695
-5468
-4819
-7203
-10975
-8682
-10257
-11079
-13024
-19234
-18336
-17541
-12487
-18586
-11429
-16649
-13324
-5181
-8171
4508
4579
6212
4403
8443
8933
8082
10189
9931
11222
13617
14533
12614
12881
12375
14309
14556
15268
11004
8996
8018
9480
8756
4999
489
2968
4379
-676
-775
-404
38
-1169
-3665
-6311
-7073
-9456
-12472
-14022
-14261
-13031
-12144
-21236
-19712
-20808
-17658
-20099
-19559
-10931
-21327
-9392
-6903
-5113
-2487
-849
4050
4759
8776
13580
15462
14374
7903
9864
13185
11286
8277
11537
10948
8323
11007
8083
7290
7368
6557
5622
4301
2385
1802
3003
1707
319
-880
-441
-2103
-2712
-5314
-8059
-9055
-9031
-10166
-11010
-11188
-11178
-14248
-15724
-17701
-13737
-14450
-18238
-10034
-18936
-12460
-7795
-5932
-1372
-1712
8107
4429
8416
11673
11774
14052
13410
15805
16829
16456
10759
12116
15866
13713
11422
10678
9810
8619
11736
11758
10656
6157
3701
5694
8117
6856
661
-507
2252
2659
-942
-2342
-2802
-199
-401
-4705
-7140
-8130
-8403
-13058
-15603
-15555
-9921
-16199
-12800
-12591
-17127
-2090
-5334
-2865
2926
2422
3162
5210
7528
7188
7796
10973
14615
14935
16634
15912
15239
13686
14007
14657
11492
9412
8808
6329
5831
7882
4515
3896
4411
3891
4282
2394
2884
1371
1094
-56
-2215
-3083
-2792
-1321
-4423
-6344
-9102
-9868
-10796
-11451
-11981
-9531
-14194
-10617
-11676
-17977
-4476
-5657
-4508
-4323
-2692
-513
-775
2760
2891
4577
7646
6432
5461
17607
16223
15054
14564
16747
16651
11318
10603
8586
10614
10923
9272
9848
4220
5853
7718
6349
6893
1064
-212
1021
2247
2431
-2477
-5729
-1928
-2241
-5528
-7064
-6670
-6450
-6695
-6893
-9554
-8388
-13080
-5238
-11920
-12743
-12
-2994
-511
-1168
-1339
-501
1342
2034
6456
7587
9202
13165
9331
10865
11071
14352
14735
15515
14595
14103
11935
10468
11709
10121
10542
6514
4766
4146
6396
