669
-3965
-5369
-731
-581
430
101
2862
2749
-471
-2473
-4581
-870
975
41
1029
-388
542
-1345
-1943
-643
-2400
-1023
-1506
-1342
-538
59
483
-950
-1397
12
218
-750
-3942
-5478
-1156
-580
-2509
-3164
-3294
-2645
-374
-1888
-4037
-4359
-4701
-3383
-4862
-5884
-4617
-6825
-7884
-7448
-8304
-6055
-5569
-7070
-7325
-5787
-247
-4763
-4709
-1486
-1555
1822
635
2776
2328
2449
5588
5355
3319
4798
5585
5383
6765
6397
5722
6226
8472
7166
7198
5052
796
3919
3541
2076
2482
2210
2517
2046
2223
241
-257
134
-312
-1748
-2447
-2779
-2666
-2281
-3538
-4394
-4729
-6116
-5897
-6194
-6743
-7636
-9898
-9718
-9827
-10770
-10020
-10172
-9013
-10046
-8640
-6050
-8193
-5680
-3160
383
311
1478
2460
3775
2832
2498
2095
2590
3141
2595
-434
-194
2463
2807
1533
-60
154
1336
787
-483
-1349
-1992
-865
-1747
-1966
-2491
-2335
-2107
-2611
-3123
-2670
-3885
-2300
-1834
-2489
-1711
-2200
-2251
-3271
-5567
-3340
-4186
-5108
-5335
-2662
-3910
-4699
-1333
-4914
-5343
-2378
-2865
-600
-2538
210
5894
1117
2796
8386
4342
1769
5208
5949
5467
5346
5235
5206
5957
5196
5275
5232
4374
5766
3641
2167
381
603
510
271
-305
-1357
-1764
-2587
-2761
-2573
-4439
-4992
-6948
-7269
-6644
-6627
-5842
-7396
-6785
-7114
-6398
-8926
-6197
-5378
-8671
-5878
-5458
-4913
-4939
-3969
-3592
-4289
-3683
-4358
-4585
-5841
-5507
-4499
-4855
-135
-1902
-4286
439
1463
1102
822
1082
2757
2962
1577
1036
79
1593
995
1712
2992
2508
1567
2317
3115
3275
3996
609
358
-719
-1496
693
-240
232
197
-1264
-242
220
1220
792
1324
1936
2208
2483
-5
449
1388
2689
1999
-1718
-2861
-1947
-1225
-2550
-2579
-3512
-4064
-3481
-4116
-4598
-3913
-2353
-5005
-1120
41
-3948
-1291
-857
2015
1149
888
-129
-1427
-231
-1768
-51
1198
-92
-1101
-2837
-2038
-2352
-3105
-3038
-3646
-3844
-4646
-3192
-783
-3681
-3600
-1350
-609
-254
-565
-653
-946
-5
-100
66
-2779
-4168
-1685
-1149
-2330
-2332
-2404
-3524
-2534
-3524
-2738
-2997
-3592
-4119
-5005
-4949
-4367
-4565
-5416
-4767
-4618
-4083
-4908
-339
-628
-4026
-783
1364
2902
561
945
3260
1073
2335
2990
547
1037
1931
1814
3535
4787
5109
5847
4307
5528
6373
6256
6481
5422
723
1110
4754
4347
3040
2379
3757
1570
1396
1655
1370
1106
387
-84
-2738
-1588
-2393
-3221
-5004
-4388
-5792
-5507
-6292
-7353
-6761
-7913
-9127
-9779
-10464
-10168
-10809
-11571
-12101
-9120
-6489
-7678
-7446
-6929
-1801
-1900
-1898
-1759
-642
-634
-1363
1978
3253
3327
1407
3003
3159
1804
2384
3370
1880
2407
2503
4483
4252
1798
268
139
2288
2005
1830
1613
1834
724
1025
1266
-622
1
-969
-1229
-1489
-2022
-2819
-2512
-3649
-4973
-4595
-6532
-5443
-5482
-5437
-5140
-8582
-7983
-6068
-6092
-5169
-4343
-4673
-449
923
128
-1800
1864
4281
4316
3035
215
6254
5758
6398
6386
4444
6268
5610
6411
5245
5992
6760
5596
5491
4332
4468
3733
4089
-474
-2624
861
148
-1894
-2706
-2267
-2904
-2735
-4556
-5543
-7268
-8365
-5994
-8092
-8693
-7131
-8027
-9687
-9212
-5785
-7350
-7955
-7569
-8517
-8222
-6461
-6219
-6988
-6856
-6747
-4597
-9132
-7503
-1161
-4375
-2360
-4309
-718
2599
1532
3296
4263
4678
5777
6389
5322
7136
5400
6225
5651
5550
6468
6299
5703
4641
4623
3446
3917
3063
741
-1852
-1648
80
-1962
-3283
-2885
-1570
-2020
-2729
-1694
-3720
-2490
-264
-2881
-2339
-1104
-2494
-2796
-2657
-2492
-3752
-6925
-5159
-4267
-3991
-4211
-5500
-5765
-6721
-6611
-4510
-4174
-2126
-1604
-1696
-4699
-4636
1890
1583
1109
2477
3103
3367
1972
566
1331
255
2155
2001
1051
-4070
-3901
-1742
-1351
-944
-2039
-1344
-2691
-2906
-5749
-4605
-2782
-2980
-2629
-1923
-90
-1397
-2440
-1458
896
-350
-2280
-1916
-198
-3184
-4289
-3567
-2934
-128
-2697
-1198
-1080
-2171
-1612
-2410
-3112
-3199
-3596
-4674
-4749
-3544
-3160
-3990
202
1094
-2151
-364
2948
4187
3505
3236
1879
3263
2982
763
1108
-689
1097
1865
2299
3636
2063
2011
1039
1327
4207
3821
2545
3195
4852
-2539
-472
4598
1849
1827
379
-647
-847
224
-867
-1092
-2153
-2142
-1996
-4093
-3178
-4994
-4719
-6864
-7604
-7986
-6996
-7756
-9578
-8868
-8035
-8369
-9317
-8811
-9137
-9688
-9177
-6355
-6897
-6374
-7878
-6388
-4589
-1607
-2779
167
-316
-2303
2913
3062
4872
5837
5075
5959
5263
582
2175
3251
2482
5159
6226
7941
5655
5850
7713
3427
5513
5329
4959
3704
2054
3558
1288
1717
396
118
-530
-2522
-1712
-2527
-2837
-3535
-4289
-5155
-3884
-6273
-7678
-6121
-8662
-9373
-8497
-9438
-9452
-10200
-8008
-7805
-6906
-4525
-1187
-474
-1394
-844
408
5131
262
-746
6209
4343
4951
4821
4980
5105
5058
5411
6092
5854
4610
4788
4148
3882
3193
1726
648
493
304
-2112
-3179
-2614
-2931
-3825
-5544
-5385
-5288
-6309
-6853
-7496
-9697
-8364
-7569
-9313
-8623
-9985
-9278
-6466
-6293
-6238
-6779
-7295
-4638
-3448
-3763
-3306
-4767
-5932
-6085
-5187
-2210
-575
4468
3556
378
5303
6817
5719
6090
7154
6663
5665
9526
10299
9630
6836
8513
9134
6783
5532
4489
5552
4240
4183
2310
1199
2298
678
-1251
-3569
-6898
-3047
-5189
-4185
-5591
-6725
-5569
-4660
-6086
-6605
-4310
-3422
-3660
-4292
-3188
-1992
-2328
-2313
-3368
-3842
-2953
-4300
-4570
-5778
-5854
-4402
-5076
-4445
-4290
-4516
-6688
-4180
-351
-54
-4777
-2277
540
154
-1
240
3149
2708
2744
1033
-3
-1269
-990
-1230
-1791
-2376
-2387
-2165
-3491
-3790
-5028
-5588
-5833
-4752
-6228
-6101
-3461
-2847
-2086
-1041
-1759
-1271
614
1968
2315
1429
3762
3244
2357
1760
2181
1407
912
1570
616
1332
404
2019
1624
114
-2239
-2333
-98
-2923
-2990
-4045
-2876
1484
737
-3578
-901
2862
1754
3306
1557
625
217
-10
1450
-855
-712
-1931
-1155
-550
-1030
-666
42
510
829
1471
178
483
2497
831
-2788
-3311
-886
-805
-864
-755
-1605
-700
-62
1019
328
-14
-1503
-1758
-3138
-4902
-4418
-4938
-5301
-6003
-6758
-5367
-5496
-6534
-9182
-9341
-9228
-10698
-10481
-9223
-10029
-11670
-9797
-5114
-4976
-8772
-7342
-2857
-2457
1295
-1325
-785
999
-574
-225
-155
2601
3546
4132
8478
6247
4758
7140
6013
8004
6134
5037
5546
6077
6122
4593
6286
6577
7700
6744
4009
3804
1807
3521
1448
-909
-175
-2032
-1606
-3575
-1266
-3096
-3905
-4016
-6394
-6795
-7805
-7185
-7251
-8516
-8042
-6790
-8160
-7026
-6186
-7895
-7781
-5870
-983
-3293
-4333
-544
3357
3680
1152
759
2100
4670
2555
4384
3566
2362
2648
1770
4569
3260
2430
1033
757
929
-107
-457
525
-462
-1006
-1218
-2945
-2467
-2992
-5048
-5759
-6033
-6049
-6824
-6280
-7627
-6835
-8178
-9197
-7523
-7587
-6236
-8239
-11732
-8797
-7984
-6923
-5671
-4189
-4599
-1970
-2541
-2595
-773
-3449
-2717
-2483
-2062
2158
3314
2951
2571
5453
7015
6565
5227
5165
6600
6032
6888
6728
4906
4387
3878
5442
5657
5370
4134
2575
4273
2839
1637
716
-291
-864
-589
-1256
-4506
-1869
-2641
-3717
-2034
-2863
-5596
-3866
-3727
-5209
-4690
-3802
-2922
-3653
-1946
-2052
-2376
-2369
-4506
-4639
-2427
-4012
-4339
-4039
-5433
-4685
-5223
-5067
-3794
-5980
-4167
-1161
-1938
-2787
-2271
989
694
-1242
-145
-288
-757
-733
-861
-281
-2301
-3325
-1900
-1837
-2568
-3997
-3740
-4203
-3206
-2135
-4340
-2209
-3674
-3906
-1936
-2759
498
375
414
1656
2387
2800
3207
3253
2952
3360
4406
3159
3112
3082
1863
2341
1380
1004
1510
-289
-2027
-2228
-1795
-2838
-3281
-3877
-3761
-5154
-4098
-6036
-4385
-1481
-3743
-6911
-6073
-1164
-464
-2220
-1239
-1155
-381
-720
-1323
-1072
-984
-3243
-1446
68
160
2075
1570
2294
3556
3615
3640
3648
3316
2205
-148
740
1319
1601
-9
-304
383
-376
2129
-141
-1301
-2003
-1290
-2603
-3264
-3770
-5389
-4889
-6516
-6192
-7059
-8176
-8527
-9190
-10242
-9498
-10097
-10526
-9790
-9003
-11088
-11667
-7359
-7255
-8010
-8089
-5639
-617
-964
-1573
1452
2065
3116
2948
4049
5101
6201
7582
5994
5676
6716
7468
6927
7313
7231
6021
4682
4483
4605
5488
4525
3385
4288
2856
3054
3378
55
474
-461
-553
-1410
-2340
-2127
-3382
-4631
-5276
-5790
-6817
-7034
-6581
-7234
-10107
-10339
-9728
-10220
-10707
-10829
-11197
-12070
-10326
-10278
-8530
-6916
-2207
-5219
-3899
2401
999
1781
2245
2381
2312
2885
3965
4435
4913
5125
4875
6508
5563
6690
4531
2645
4251
2222
1356
-711
-1092
-226
-613
-50
-983
-1462
-2506
-3448
-3640
-5222
-5831
-4684
-6079
-5007
-3820
-5419
-4571
-6278
-6192
-4864
-6019
-6911
-5060
-4404
-4658
-4093
-3450
-3621
-3119
-1362
-2118
-1127
-1691
-3483
-816
2668
1750
1638
2214
6796
7695
6740
7993
6540
7601
5506
5253
5588
5393
4779
4126
4771
4156
3633
3804
3382
2149
2822
562
-1770
-3584
-3089
-1517
-3927
-3332
-3950
-5162
-4011
-5711
-6549
-6728
-7259
-6877
-5653
-7132
-7172
-5972
-6311
-5772
-6026
-6411
-4727
-5348
-7094
-5899
-4296
-4196
-5149
-5071
-6183
-5476
-3293
-5415
-5416
-4996
-2005
526
-2103
1235
3701
1983
3228
959
1322
2124
2106
2357
2397
1856
701
3275
3641
2994
2992
1113
2218
410
956
-1388
-1152
776
-953
428
1673
1097
971
1126
2020
2518
1119
3606
2407
1779
744
-2918
1476
1200
75
596
-1353
-2363
-1721
-1216
-3382
-3646
-4985
-4765
-3861
-5588
-4888
-4858
-3787
-5754
-4261
-2188
-3046
-465
-4389
-583
2710
-729
1961
391
1390
514
-1324
403
-758
-1247
-1692
-1834
-1547
-1422
-1131
-2023
-1477
-328
260
-1707
104
1023
2380
156
-3021
-1544
-558
466
-1062
-1706
-2011
-2437
7
-1813
-3022
-3756
-4724
-3681
-4594
-6601
-7139
-6262
-5546
-5026
-5566
-6491
-8738
-6578
-7223
-5708
-4880
-5157
-3308
-4355
-1214
-640
296
-5876
260
1685
624
1689
1795
5171
3836
5867
6400
6577
6474
4100
4137
5919
8136
7442
1627
3737
7660
8079
6310
2304
5148
5737
4577
4116
2217
-36
-528
447
-999
-1916
-2477
-4246
-3449
-4668
-4878
-3471
-4621
-4931
-5851
-5406
-7925
-9695
-9369
-9104
-8893
-9756
-10240
-10286
-8708
-9060
-8911
-9507
-9623
-9019
-7841
-5190
-7258
-5723
-1418
335
1077
-70
5705
3535
-305
1975
2734
4451
3819
3780
4222
3046
1105
2748
4368
2549
-79
78
-260
-301
358
-321
-953
-4510
-2193
849
-863
-143
-2821
-974
-1769
-1600
-1983
-3511
-2674
-3849
-2997
-4354
-3149
-2692
-4778
-3716
-2815
-2920
-3388
-3837
-3922
-4588
-4190
-3294
-1091
-344
-1024
-934
-1458
4450
5148
2535
5512
4006
4334
6163
5386
5467
3319
6808
5981
3961
3546
5420
6408
4043
4024
1681
349
847
218
-1269
-1418
-1931
-2583
-2441
-4373
-4340
-4130
-6231
-6880
-6847
-6583
-7722
-8251
-9410
-8947
-6999
-7943
-5582
-6527
-6642
-5922
-4951
-3972
-4340
-4938
-7187
-7507
-6460
-6297
-6504
-7141
-6488
-4015
-3706
-4955
-2871
-1485
61
-3322
20
3376
2372
3713
4627
4838
3869
4037
5501
4911
4206
4542
4445
4314
3265
2378
2203
2105
2166
1800
-1242
-486
248
-1209
-1772
-1722
-1129
-1566
175
1287
159
500
957
2430
3640
2644
1654
-3433
-116
876
-883
906
-1708
-1300
-1313
1132
1957
-1778
-3455
-4065
-4253
-4782
-6965
-5328
-6505
-5645
-1737
-2587
-3182
-2339
762
2717
928
469
1969
-446
-261
-1846
-1336
-3264
-3332
-1491
-2652
-2068
-3920
-2404
-4196
-3797
-2736
-4106
-2631
-1720
-3997
-2175
-1565
-702
-272
-4913
-1063
143
-632
791
-1074
-1504
-1114
-965
-2774
-1832
-2866
-2482
-1925
-2311
-1630
-3559
-3109
-2435
-934
-2154
-2867
-2493
-3922
-5042
-3563
-2984
-4890
-401
488
-704
-1115
-1767
2066
2346
-274
2646
-29
374
2313
974
2257
1660
3204
2812
2409
2131
3986
4390
2422
-245
136
4594
5285
5801
3783
3313
3817
3673
2621
2695
2271
225
207
1142
423
-1572
-1964
-1971
-1298
-2429
-3353
-4694
-5034
-5577
-5623
-6701
-7488
-6733
-5920
-5711
-8213
-8208
-10306
-10554
-10318
-11076
-12034
-11154
-6424
-8672
-10046
-5221
-2592
-824
-2608
-1146
688
-810
223
-3853
510
3789
2238
4860
3528
3868
3277
1717
3331
3742
3330
2098
2916
4546
4506
4775
3296
3261
2774
1487
167
198
1350
-52
441
-152
1156
634
-937
565
-2761
-2865
-4690
-4809
-3978
-6997
-6316
-4862
-6744
-7351
-4438
-5653
-7442
-7926
-6305
-6623
-4522
-1970
535
-2655
-6810
994
3063
3910
2633
2362
4220
3412
4457
2621
4011
4839
3822
5727
5119
4254
5209
4271
2420
900
2145
1
-596
-111
-547
-850
-2208
-1507
-1851
-2945
-3613
-4880
-6407
-7427
-5153
-9445
-8094
-4516
-8293
-7280
-4130
-6117
-6947
-6488
-7404
-7667
-5624
-7128
-8689
-8135
-7806
-4811
-5555
-6527
-6405
-5450
-5370
-704
823
1428
-142
242
6437
4971
5602
4762
5480
8789
6428
6601
5493
6347
8075
5671
4455
4384
4058
3983
1070
1438
-362
-701
2207
-1570
992
-290
-3517
1793
-1297
-3872
-1691
-659
-1882
-2069
-760
-1213
-1402
-25
-402
-3185
-4669
-1179
-1959
-1910
-2510
-2888
-4522
-4775
-4982
-5447
-5693
-7040
-6765
-7587
-5216
-8034
-4164
-3322
-3985
-4253
-5761
-1726
603
-1001
-881
1216
1499
2048
878
1164
-662
-100
-522
-2526
-604
-2198
-3956
-1146
-2513
-4105
-2251
-318
-3192
-2284
-2496
-2563
1004
138
1583
-1841
-1845
655
918
1654
1115
519
1049
2887
1772
1760
1090
731
842
1552
223
-229
-1242
-1366
-2280
-3129
-2401
-4115
-4319
-4359
-2675
-5366
-2372
-833
-1445
-2595
-3762
-206
-435
-2182
134
1317
-1291
625
2724
-1073
10
2338
449
1896
1141
1820
1743
3132
3262
2287
900
1343
3886
3357
2107
1797
1907
1617
2314
944
938
-49
860
287
-2571
-2057
-3267
-3907
-5378
-5778
-7653
-7057
-7000
-7802
-8124
-7428
-8715
-7933
-10275
-10380
-9553
-11419
-12675
-9626
-8649
-12144
-5545
-8655
-8238
-8253
-6452
-742
-2901
465
1323
4548
4670
5137
5577
4177
4763
4260
5578
6956
6194
6748
7195
6417
7503
6253
6779
6421
5568
6273
5641
6131
5750
5897
4906
3119
1852
1883
388
-741
-1067
-2414
-2147
-3131
-3199
-3604
-4501
-7003
-6870
-7620
-7763
-6892
-9769
-11252
-10288
-9227
-11218
-7811
-7862
-8430
-6112
-8049
-4436
-1644
-1377
-4028
-4623
797
2340
4628
3317
2854
5468
5144
5826
4726
5406
4834
4116
4705
2580
3476
4148
2934
2285
2250
150
-722
-1827
-1326
-1007
-2167
-2649
-3204
-5882
-6356
-6333
-7322
-7707
-8765
-7434
-7234
-10362
-8868
-8561
-9946
-9014
-8242
-8071
-8495
-7999
-4620
-4270
-2643
-2575
-7107
-3563
-1342
-2194
-1963
378
-448
1147
6469
7217
5487
4203
6917
6507
7459
8207
6834
8730
8489
7557
7692
6098
6580
5673
4007
2965
2230
2766
1740
1755
1771
1586
1
-475
-1217
-1468
-1631
-4466
-4736
-2500
-3831
-6420
-3860
-3462
-3865
-2843
-3525
-3979
-2661
-2771
-6683
-5085
-2789
-1751
-1918
-3261
-3094
-4099
-4526
-4723
-5699
-6117
-5795
-5391
-5033
-4198
-4357
-5036
-2783
-3596
-1943
-3371
-3814
1087
-63
705
953
-1945
-1482
-1467
750
706
-1602
-1050
-2154
-2192
-2370
-5871
-4081
188
-5543
-3319
-1902
-3060
-544
-345
-792
1145
1547
911
-1566
-1394
3154
1451
2053
3534
1493
1939
4429
2383
3035
3205
425
2262
208
-49
-783
-1028
-389
-1256
-409
-691
-2971
-4604
-3544
-3887
-5570
-6398
-4853
-3168
-1591
-4277
-5800
-74
-1594
-581
1658
-4225
-1504
968
-1814
-1259
956
1678
1500
2561
2746
2423
1604
2198
-1376
-1495
587
-311
1154
397
609
-253
301
181
-922
121
-962
-2081
-2658
-2872
-2388
-3263
-3237
-3696
-4846
-4537
-5443
-5583
-6080
-7004
-7171
-7963
-7300
-7381
-8448
-7942
-10322
-9790
-13255
-10514
-6479
-11477
-8643
-10115
-6576
-8696
-3896
-1965
-1061
3090
2092
6169
5595
6366
3255
5740
7505
6917
8230
7581
6272
5867
6804
8064
5372
5959
4362
3941
3505
2699
3015
2373
2512
2817
959
1906
1849
-1433
-325
-564
-1730
-1406
-2586
-3370
-2388
-3007
-4000
-4903
-5729
-6821
-6458
-8075
-9202
-8375
-10135
-7651
-5305
-7101
-7768
-7001
-6005
-5034
-3883
-2518
-1826
-3556
-779
3106
2002
4368
3947
3500
5021
3901
4094
4259
3924
3408
3416
3774
2683
1682
1412
343
-22
-1011
-1432
-2137
-2410
-2904
-3516
-3229
-3734
-5570
-5799
-5838
-5468
-5904
-6641
-4323
-7058
-6257
-5034
-5158
-5620
-5974
-3974
-5444
-4178
-2735
-2548
-1326
-1454
-634
-2427
-3977
-620
-55
624
-375
1576
1940
-644
3711
3910
3936
340
1896
4667
5454
4490
3330
3701
5246
4088
4455
4717
3497
2812
2593
2096
711
1086
-387
-1592
-1214
-2262
-3038
-3611
-1857
-1874
-2079
-3648
-1506
-3899
-3307
-158
-3779
-4731
-3169
-2475
-2073
-2443
-807
-507
-3382
-50
-221
-3642
-4932
-2759
-3272
-5548
-3992
-3067
-4339
-4962
-5062
-4213
-4763
-4400
-3684
-6664
-4548
-1549
-3939
-5775
-4317
-1866
-639
-1532
-1054
-1712
-2288
-1220
-2192
-4840
-2561
-2525
-2014
-414
-3393
-781
-1183
242
1591
393
444
1454
4394
3285
5543
4207
5528
4296
1965
5264
3581
2685
2727
2864
2070
2185
3027
464
650
1570
737
-602
-1369
-1403
-1625
-1910
-2483
-2526
-3361
-3989
-3784
-5893
-5903
-6779
-6491
-7942
-8425
-7225
-4889
-9185
-6903
-4026
-5326
-702
-4593
-1370
-1948
-849
-2004
76
566
-1937
1893
1752
3256
2889
5176
3971
1690
4645
5906
3861
2731
2832
2757
1647
2967
1888
441
711
807
2095
-1479
-2435
-3116
-3596
-3420
-4598
-4315
-3506
-3420
-4018
-4660
-5065
-7186
-6754
-7667
-10419
-9152
-9902
-7902
-9791
-8605
-6639
-8461
-5469
-6732
-4841
-4679
-4170
-1515
39
3008
3989
5196
6782
3934
1818
7585
8180
7141
8201
9021
8795
8274
8239
7548
8579
6829
5602
2538
3065
3787
1511
1482
1144
1915
1163
1045
518
-960
-2120
-2230
-2445
-2432
-3186
-3670
-4066
-4204
-4993
-6931
-7682
-8658
-9013
-10534
-11512
-9425
-12190
-13304
-8650
-10870
-9288
-7161
-8521
-5276
-6514
-5199
-3867
-3615
-4395
-2140
245
1737
2027
2683
4175
3410
2780
3689
6247
5093
5628
3791
4442
2422
1193
1319
337
1730
253
998
646
-1467
-1074
-2882
-3334
-3052
-1680
-732
-1611
-270
-1069
-17
-1109
-4728
-2627
-2655
-5172
-3889
-3258
-4446
-2038
-624
-460
-218
-104
-431
-4435
-3333
-1022
-2981
-3336
-4064
-2212
-611
-548
-2263
2002
4901
-2482
696
3526
3717
5119
2737
5174
6623
3599
1398
1972
4174
4027
1894
1326
1103
-192
-135
-399
-159
-2945
-4274
-3458
-2400
-1256
-6301
-3458
-2040
-6224
-4683
-3870
-4621
-4498
-2798
-3102
-3378
-1531
-2701
-5948
-3427
-1816
-3985
-6151
-5832
-5344
-4783
-5403
-5224
-5361
-6803
-6235
-6765
-8589
-8293
-5420
-4260
-3788
-4667
-4443
-754
-5357
-6201
131
1594
1223
662
3001
2871
1956
3904
4172
4362
3545
4313
2181
776
2258
1947
1356
2501
6516
4381
6191
7807
5660
7047
5461
1141
113
1939
730
1652
2688
1296
2566
2006
960
2154
191
-1469
-1985
-2959
-3228
-2725
-3516
-4134
-3521
-3685
-3873
-4902
-5712
-6196
-8039
-8892
-6630
-5922
-7236
-4468
-3476
-5640
-5908
-3817
-1989
-5476
-5092
-4782
-3267
-2121
-2282
-2529
-608
2419
480
1510
725
3046
2203
3414
-1001
-2786
1956
1530
93
1279
1658
-759
1721
289
338
-678
-1665
-3513
-3997
-2684
-4771
-3235
-2758
-3237
-4462
-5719
-5551
-5874
-5972
-4486
-4453
-4364
-3095
-3614
-4801
-4169
-4626
-5603
-6010
-7196
-3107
-5205
-4990
-263
-3264
-4745
246
2555
4192
5585
4234
6265
6618
5747
3378
4059
8018
7890
6293
7274
5507
5384
7172
5742
6841
4828
4142
4581
3542
3920
2277
662
342
813
665
-442
-1468
-2688
-3389
-3873
-4698
-4854
-5063
-5946
-6276
-6999
-7417
-8647
-10438
-9615
-10283
-8847
-10977
-10739
-9981
-10614
-9746
-10621
-10046
-7458
-6809
-6051
-5362
-2872
-877
-6821
-1428
3753
2799
2896
1456
3541
3078
4595
3604
3850
4369
2760
3591
4132
2282
1592
1130
1276
1571
1535
988
302
291
-205
234
-1192
-2395
-1924
-353
-989
-1531
-1725
-1300
-2663
-499
-1633
-4069
-1491
-3877
-2691
-3071
-2952
-1785
-2598
-1169
-366
-765
843
-923
-3652
-2014
-302
-341
-916
-901
-1483
1249
2807
570
-659
3361
3766
4016
3956
1829
4490
3906
4843
3778
2924
3484
2398
2531
917
316
1461
560
-596
-1559
-1698
-1679
-2737
-5645
-5802
-4334
-4451
-7666
-7447
-6029
-6195
-7113
-6900
-6319
-5870
-4963
-4936
-4202
-4128
-4201
-7278
-6858
-4055
-3677
-3302
-4028
-4153
-6097
-4731
-2991
-3870
-4126
-5772
-5701
-3621
-5248
-4797
1551
-1398
-2213
1954
1211
4006
4887
4347
6104
4061
5024
5964
4761
4212
4327
3756
2775
-107
1522
580
-2246
-1269
982
-2284
-2250
1346
-1647
-543
643
307
191
3234
321
-2629
2661
1883
1903
711
1225
1636
-426
878
662
1241
846
450
-356
-1033
-2002
-3151
-3812
-5220
-5572
-5758
-5730
-6378
-5475
-5653
-6665
-5522
-3622
-6059
-7230
-5425
-4668
-1700
-2725
-2703
-503
-1274
-3023
-1917
765
-3490
-3534
-621
-2930
-709
-444
613
474
1768
1358
-2429
-37
30
477
236
-415
-1017
-499
-1562
-3949
-1149
-643
538
718
632
1364
585
-411
-1838
-181
-1477
-645
-160
-444
-1352
-1166
-1546
-905
-2933
-3234
-5360
-5913
-6374
-7336
-5944
-7369
-4891
-1728
-2769
-5314
-3735
1572
1075
-107
1826
1056
3269
4071
5032
1324
937
6114
4163
4673
3879
3121
3283
4901
5218
4572
4101
3033
2663
1177
924
254
-171
1256
2962
3109
1574
447
-592
-1691
-2112
-2611
-3610
-4875
-5481
-5622
-6245
-4928
-5887
-7726
-9187
-9939
-9015
-11250
-12806
-12758
-12200
-10447
-10294
-9979
-7929
-7507
-5072
-610
-2656
-6012
-4760
221
573
1079
1501
1819
162
3177
6328
4736
5428
4262
4775
4735
4589
4177
5051
5743
5943
6595
4320
3084
4240
4498
2315
1506
2824
3367
1418
1400
-407
-425
-369
-1473
-3139
-1126
-1725
-5406
-3136
-6683
-5913
-5724
-7034
-4744
-4749
-5833
-3883
-3808
-3977
-6118
-5525
-2350
-5597
-2843
-4165
-6839
-792
858
-2819
-1575
-477
2965
1596
-391
2946
1320
3035
3030
2695
3051
1612
2278
2098
676
-732
299
222
931
1840
1731
633
130
-1585
-2104
-3069
-5091
-4359
-4079
-5442
-6651
-5585
-5149
-5133
-5145
-3571
-4409
-2678
-3338
-3929
-4323
-9761
-4040
-3898
-6425
-3156
-1783
-1862
-1699
-2228
-1160
-2052
-1723
-2171
-2946
-2108
-2807
343
1568
859
-1399
1707
4000
3214
2855
3311
4556
3550
4456
4683
3364
2798
1751
1116
3018
2900
574
1556
578
-253
710
190
-1657
-1160
-180
359
535
757
-250
739
-655
-1287
484
43
-292
-829
-2249
-459
-766
-316
-593
-493
-1021
-2011
-2480
-3540
-3970
-5109
-5906
-6617
-6325
-7360
-6853
-7795
-7783
-6920
-9029
-5016
-3419
-9739
-6096
-3449
-2524
-1852
-4322
-712
-2326
-1624
-842
-2092
-2588
1821
202
-1212
335
-539
2165
728
1374
1007
-579
-311
2815
4350
3105
3722
2666
3393
4934
2931
2142
3770
4214
5013
2973
2167
4910
4603
3002
3165
880
-676
389
-366
-3148
-2787
-4660
-4927
-4442
-7894
-5705
-8322
-7958
-8051
-7653
-7849
-8633
-4934
-4672
-11179
-8131
-1589
-4638
-818
-181
1642
3563
4539
3977
4141
4765
2632
3084
3096
4032
4768
4302
4719
3805
3419
3124
732
2262
894
-370
312
-1193
1828
1259
116
-1649
-2626
-1324
-2825
-3600
-4817
-4662
-4255
-6164
-5338
-7549
-8408
-8850
-10951
-9847
-12185
-12063
-11022
-11274
-12665
-12103
-10426
-13105
-10270
-8304
-7773
-4373
-3846
-5030
-2605
1909
3461
4280
6699
6317
6412
9355
8046
8208
9843
9856
10840
11746
11589
10147
7440
7666
9215
7257
3766
1859
4579
4878
3148
1981
3943
3707
2228
1607
1056
700
-2047
-1572
-4179
-5714
-6949
-7300
-6808
-6548
-10171
-9239
-8617
-12063
-9189
-8627
-8283
-7261
-7872
-9222
-7386
-7033
-7025
-6305
-5648
-4635
-3872
-874
-356
-2715
946
1956
746
1766
2516
3758
1944
3474
3993
4155
3249
2547
1409
2500
2645
1170
264
-497
767
-881
553
-1784
-1960
-2656
-3168
-5333
-6525
-6499
-6265
-4608
-7654
-6790
-6301
-9054
-8137
-6716
-4504
-4368
-2863
-3534
-3894
-1745
-2034
-3600
-2115
-1590
-230
1976
442
587
-106
-881
-1111
-194
2346
-761
-1007
2749
3083
1655
7153
6801
5568
5974
5346
7848
2899
2796
4103
4180
4139
2871
2289
3214
3605
3382
1499
-114
2691
-512
-2764
-1331
-4285
-4739
-3377
-3378
-1552
-1137
-527
-1035
-1618
-2209
-3208
-4136
-3070
-2369
-2138
-1650
-3485
-3437
-3053
-2702
-3560
-5204
-5568
-5339
-4374
-4853
-4924
-4934
-5380
-5188
-5819
-6613
-5367
-7005
-8598
-6173
-4689
-10350
-5099
-2016
-3555
-2913
-2568
-2258
-2024
-3575
-1947
770
-2782
-1556
624
210
1874
-674
1118
3730
3671
4010
3231
2074
2928
4173
3323
4074
2799
2201
2971
2159
4144
4306
3512
3662
3074
1857
3527
2687
2294
3336
501
307
-1019
-3558
-2782
-1664
-3959
-3035
-2726
-3960
-4111
-4537
-5765
-4639
-5496
-8180
-4127
-6581
-8339
-5341
-3978
-775
-334
-1270
1380
3109
353
3330
4664
2716
3371
2408
3526
4105
3569
3413
4659
3700
2746
2479
1015
821
-509
126
-599
-1753
1284
761
195
3
-2133
-2361
-3526
-4145
-2284
-4040
-3523
-4634
-4880
-5841
-6018
-5982
-7377
-7478
-8120
-8488
-9382
-10710
-10012
-8962
-9945
-7259
-4843
-7546
-6333
-3829
-1050
534
-218
682
4758
8634
5749
7700
9222
8677
10214
10586
10312
10641
9981
9111
9820
8871
9087
8639
7678
6600
5869
6168
5418
4824
4302
2077
2489
1469
444
-225
-1300
-1305
-662
-855
-372
-1485
-1558
-1667
-3726
-3014
-3721
-5912
-6939
-4020
-5718
-8940
-5745
-6904
-7765
-7593
-5568
-5183
-4444
-5022
-3792
-3912
-5064
101
2821
-1228
-283
4768
3442
4999
3653
4363
5816
4462
4796
3414
4248
3678
3281
3781
3256
3149
2638
1455
844
-881
-1212
-539
-679
-2017
-2752
-2190
-2577
-1923
-3725
-3053
-2995
-2254
-3158
-3464
-545
-3615
-3284
-1919
-1241
619
751
1012
907
1077
1647
1910
375
539
2785
985
666
1369
1002
686
2006
1376
-1051
3759
6143
1303
-1865
3150
5785
5829
5806
5193
5723
3787
4607
5076
3574
1476
670
1202
1858
982
829
-1025
-2390
-1137
-1666
-1151
-2854
-3203
-1918
-2677
-2966
-3030
-706
-531
-572
952
411
775
2582
1785
1324
1044
435
1845
-802
-1442
-1846
-947
-697
-3480
-2027
-2544
-2867
-6135
-6613
-5288
-5045
-5189
-4150
-4226
-5080
-1538
-930
-5239
-2437
1211
-2040
210
700
-302
1772
2420
3381
2555
2811
3639
2604
2174
2180
3123
692
2356
4285
2655
5036
4520
5454
5217
5889
6179
3312
5602
6776
6316
6247
5168
4062
4814
5797
3926
4371
3540
3162
3411
1607
1729
-824
-1302
-1466
-2664
-3015
-3570
-4112
-3619
-5314
-4554
-3758
-6202
-4211
-8181
-6613
-1808
-5384
-8419
-6931
-1523
-1995
-2843
187
-3310
-3710
-318
-408
816
1496
1034
1918
2433
4005
3230
1744
4249
3118
3257
4804
3664
4002
4785
5679
4542
5477
4354
3336
2919
1079
49
67
-352
-1289
-1734
-1775
-3312
-3468
-3106
-3471
-2596
-4921
-3989
-4439
-4326
-3867
-4451
-4959
-7086
-5782
-4238
-4578
-4805
-3433
-6743
-3927
2651
-1961
-1799
2117
4752
5059
3664
6162
7146
2135
6562
8607
7470
7833
6966
7472
6365
7296
7430
7518
6928
6268
5492
6060
4500
2640
2460
2337
1244
1695
2090
592
1749
-43
-1417
-1771
-2185
-2303
-3757
-4397
-5363
-6337
-5205
-6344
-5745
-7163
-8547
-8177
-10157
-9075
-8922
-8754
-8743
-9795
-5550
-7464
-6514
-5709
-6130
-4838
-1622
-1984
-4634
-178
5121
3629
1967
2805
2332
4843
3783
4990
4321
4106
4212
5493
7118
5672
5655
5307
6294
5371
4717
4358
3462
4650
4087
2687
3378
3825
2769
1349
-813
-299
859
162
-1921
-3294
-4293
-691
-2121
-1272
244
-343
-116
-558
81
-680
-686
-3915
-2713
-119
-1710
-2548
-1166
-1240
-1833
-1450
-1968
1189
865
-3961
-2424
3433
4894
2823
1874
3587
2612
4649
2079
2846
3518
3534
3845
3849
2986
2121
2164
2301
2653
-213
-1225
-1276
458
-1268
-3361
-2965
-4640
-2679
-4556
-4748
-3301
-4584
-3803
-2505
-2637
-1241
-434
-3746
-1859
-1341
-2823
-3296
-3578
-3545
-4079
-3404
-4482
-4388
-4202
-4162
-4273
-5021
-5728
-3792
-4055
-3163
-2752
141
3229
-3149
891
3032
5208
5559
4327
7201
7088
6663
6043
8829
6959
5067
5748
5263
3644
3597
4404
3335
2931
5010
4037
5642
5315
2201
1092
1598
4749
3961
-275
975
5171
4797
3553
2521
1465
1891
2445
294
572
-601
-2228
-1147
-2228
-3070
-3471
-3637
-4202
-6028
-5584
-6031
-6578
-6846
-7227
-7187
-6660
-7437
-5206
-2146
-6905
-8343
-2788
-355
-2178
-280
-690
-95
-663
-1599
949
-186
1843
1597
1661
2099
2127
3533
5135
3947
-335
1612
2341
1622
1639
2024
2589
2618
2948
2940
2303
2149
2381
1838
1420
2596
1360
1594
1629
-230
1000
61
-258
-516
-1132
-1285
-1424
-3274
-2341
-3810
-4819
-3214
-5001
-5575
-4058
-999
-3964
-2189
741
-48
-771
-762
5744
5269
3852
5671
5101
5838
6986
8866
4876
7502
10952
8605
7371
3295
4273
7636
7193
4476
3493
4350
6615
5607
3307
4260
3761
3045
2139
750
-2619
-1234
-950
-1362
-3080
-3885
-5121
-5810
-6686
-6903
-8085
-7091
-9295
-9033
-7766
-8350
-8996
-7410
-10154
-11449
-10075
-8304
-7211
-7819
-6346
-7472
-865
392
171
-3947
-4260
3164
3121
3327
1991
3456
4215
4816
5153
4102
6951
8184
6981
7067
6360
8885
8195
8248
7888
5256
6208
4103
4877
2646
2779
5046
3057
2940
691
459
-29
-936
-1706
-3108
-1704
-1747
-3167
-4781
-5372
-5768
-7690
-5454
-3019
-4720
-2435
-2287
-2571
-2515
-1727
341
-2281
-2441
-2310
-2050
-1710
-1027
2025
2718
-710
310
6559
7111
5069
4885
3111
5152
5737
2958
2536
2769
4208
3277
2245
4014
4356
3678
2962
2768
1116
-522
-841
-2758
-4163
-6005
-4952
-4290
-6305
-7251
-6091
-6016
-7448
-5167
-4889
-6248
-4929
-5085
-4458
-3440
-3809
-2261
-4267
-3123
-2500
-2269
-220
-243
-336
-1243
1202
974
407
-598
890
-1364
-914
3809
2560
1371
215
4287
6744
5902
7172
7514
5887
6245
5788
6133
6266
5416
7037
6817
4589
1844
1821
3593
1861
352
252
-2356
-2452
-1371
-1793
-1151
-1047
-815
-941
-706
897
-494
-950
-1030
-196
1160
1248
1765
687
1014
87
410
505
-23
54
-1835
-1815
-1977
-2683
-3048
-2879
-4517
-5217
-4179
-2875
-4633
-5525
-1442
-2234
-4316
-4167
361
2717
1077
2450
1557
973
711
-37
-3908
-1320
-2740
-5188
-153
-995
-147
435
2176
2519
2707
1991
1326
-453
-3217
1889
2389
2196
3901
4563
4421
4545
3562
4839
4890
3628
2360
3528
3570
3177
3938
1263
2466
1424
-679
-1873
-2533
-3039
-2636
-3985
-3214
-2917
-3468
-5188
-3803
-5907
-7410
-3114
-1740
-2877
-5559
176
2673
641
1950
4292
3234
3488
5404
2349
3890
4741
4197
5676
1828
2740
5618
4112
5356
5327
4534
3083
2934
2703
1323
1990
2467
2512
3281
2242
2081
1496
1202
1326
-2094
-1571
-1883
-3077
-3857
-5257
-4509
-5594
-6490
-5765
-6775
-7782
-8647
-9010
-9167
-11840
-11411
-9462
-10639
-10012
-6181
-6259
-4202
274
-3215
-3128
-585
4450
5972
3125
1427
5614
8755
7933
9100
8177
8347
8733
7773
9373
8891
8587
8094
8650
8855
9627
6428
6008
6441
4954
4177
3572
2943
2958
2304
2001
809
247
734
-667
-1732
-2402
-4081
-4726
-3561
-4931
-7454
-5540
-5402
-7532
-6071
-5666
-5544
-6127
-5438
-5060
-5500
-3665
-2601
-1341
-8307
-2107
4325
40
112
-518
4728
5170
4196
3294
3474
3481
4019
2988
2586
3253
2164
3016
3099
3438
2894
2111
2061
1618
1297
955
-636
-1578
-1930
-1781
-753
-2356
-2813
-1848
-1578
-4164
-4386
-4402
-4921
-3927
-4243
-3578
-3485
-445
-615
-876
-731
671
2330
-1535
827
1949
1467
2481
2030
1421
-71
1954
2422
2445
1720
2800
5485
4162
3056
3919
7734
8143
5978
6380
5651
4393
4361
5058
5532
4388
4050
4532
3242
2381
2691
1849
1446
365
-1359
683
-1421
-2602
-1245
-2976
-1374
-710
-1003
-454
-798
-480
281
761
2926
-1268
-1527
3706
970
695
-108
-1370
-1628
-205
130
-571
-1172
-2376
-2638
-3260
-3509
-4016
-5760
-5290
-4076
-4437
-5544
-4752
-2941
-4779
-7190
-5407
-2586
-531
-2480
-2492
-1577
-1146
-114
-2975
-368
704
-3267
309
2081
-550
1678
3293
2424
5055
5211
6151
7222
7663
6598
5179
7986
7217
6545
6700
5372
5771
6093
5553
6147
5189
5989
5090
3203
3759
2720
1751
772
626
682
293
-1305
-1705
-2686
-4456
-4722
-6726
-5737
-6457
-6466
-5326
-6004
-2097
-3891
-7023
-4396
-4025
-3512
-2814
-3049
-2441
-3161
297
582
489
2411
1460
2300
3829
4193
443
3649
6735
4976
4741
4108
3414
3425
3633
2251
2165
2477
2172
2193
790
1147
1667
355
143
-608
-1193
-2514
-2340
-3865
-4370
-4470
-6137
-6422
-6165
-6704
-7573
-7440
-8662
-9901
-11771
-11078
-12163
-9049
-9017
-6061
-5179
-9079
-911
-1264
-4422
1452
3614
4511
6719
7252
5907
10109
10994
10400
10186
10702
11376
11558
11795
10845
11862
11669
9675
9751
8202
7623
6917
7114
5034
4454
4586
3982
3940
3757
1083
643
-393
-1225
-1891
-2573
-2367
-2448
-2883
-4163
-4136
-3960
-5873
-5822
-7959
-9092
-6500
-10767
-7672
-6021
-8499
-5074
-6416
-5374
-4926
-4150
-5077
-6902
-1716
515
-750
-1246
1885
3334
3191
4435
5468
6207
5792
5667
4725
4537
3791
2958
3473
2470
2674
3105
2162
2614
1784
115
-439
799
892
-1491
-1563
-2405
-3519
-1082
-1899
-560
-2833
-4323
-2597
-2324
-3740
-4140
-1000
-2583
-758
167
-411
1
4
1172
394
-3002
-353
-188
452
1124
-2879
-375
1292
3452
2226
2082
3830
5474
2100
2803
6680
5047
6268
4681
7783
6938
6656
7858
5180
5417
4307
4128
3914
1134
1556
2547
1007
110
-1951
-99
-2955
-3817
-3678
-4920
-2102
-4177
-2988
-1128
-1599
-1287
-1102
-1467
-594
-1940
-910
-2214
-4330
-1470
-2223
-2843
-2894
-2570
-3568
-2802
-3588
-3680
-4930
-5844
-5532
-6462
-5946
-8448
-6606
-5199
-5660
-5815
-2388
-544
-2984
-3578
-2587
-218
-692
552
1251
3091
3932
3130
4353
2953
2834
2360
3187
4153
1646
3446
4193
4210
5059
5631
5071
5466
7621
5998
6755
1916
3375
5498
3362
3446
4148
3649
3277
3716
3384
3400
2838
926
435
648
-268
-1270
-1620
-1151
-2055
-2629
-4069
-4802
-4548
-4090
-4814
-4583
-4101
-2404
-4399
-4431
99
-3436
-5421
-6483
-2891
555
-2589
-227
-556
-2886
2700
5362
3105
3068
1222
266
4464
5008
2178
1678
2572
5951
4085
2055
2856
3670
3561
3873
1952
1231
733
181
-929
-484
-1751
-2718
-1608
-2248
-2411
-3299
-4038
-5647
-5528
-5200
-3950
-2834
-3644
-4248
-4841
-4614
-4992
-5683
-4079
-6637
-2989
-3043
-6104
-2040
-4349
-6567
1139
2906
-1342
820
3727
5435
6571
6573
5308
4589
6779
7658
7995
9005
8783
7721
8670
8238
7452
6418
6895
6400
5077
4023
3071
3649
3246
2008
1796
1564
1004
1315
-724
-432
-1875
-2073
-2456
-5325
-3153
-3604
-4260
-4537
-5083
-8047
-4553
-4432
-5843
-5432
-6097
-6504
-6191
-4682
-6659
-6755
-6525
-5658
-2804
-4848
-2788
-3629
-1985
1676
-888
-1342
865
4114
1524
2933
2479
4431
6843
3785
4634
5976
7876
6333
5363
3959
3448
3734
3788
2919
3467
2539
1301
1907
918
2952
1471
2104
1300
481
-868
-96
258
-655
-1214
-3742
258
-3615
-603
1477
-1542
1830
2863
1238
2125
1253
826
-1303
-5547
803
-1592
-1836
-281
-666
-139
-972
1276
-1570
1641
4507
915
-2835
-1284
4695
6206
5466
4581
2148
3456
5126
4834
4153
1071
1596
823
1049
-783
173
369
-2378
-1107
-797
-1035
-3267
-4774
-5456
-5215
-7467
-4004
-1791
-1194
638
298
814
-199
830
53
-1774
-3075
-1579
-1163
-1578
-1302
-2027
-858
-508
-650
-1646
-3326
-2769
-3504
-5101
-6160
-5344
-2269
-2169
-682
182
596
4290
703
1092
4164
3599
5450
5337
5093
4117
5001
6307
3197
3638
2767
2278
2756
1129
3175
-564
747
2668
2994
4102
1881
4929
2882
3225
5985
138
1259
5312
3433
3061
2605
4635
3879
4136
3552
1376
784
-181
-1111
-1748
-1762
-800
-2550
-3126
-2709
-3958
-4489
-5544
-5649
-5737
-6730
-6776
-5592
-4018
-5668
-5635
-6198
-7120
-7747
-7302
-6528
-5032
-2059
-3294
-785
-3579
-1906
1014
-263
749
1532
2872
2070
3137
3167
2978
690
2959
3974
2551
3703
3324
2859
4047
3792
5036
5452
3233
3851
2223
4872
3372
3441
3850
1695
3898
2899
616
-201
-632
644
-315
124
421
1518
1212
-123
-363
-2038
-4502
-5407
-4087
-5342
-5902
-3695
-7249
-2208
614
-2276
-469
2899
3433
3142
2540
4065
1665
927
5075
5400
5292
5507
5930
5118
4848
5587
5812
6581
4414
4681
4837
2570
3219
2529
2387
2744
965
-87
-330
-857
-1116
-2823
-2558
-2031
-3051
-3297
-4207
-2709
-5798
-5526
-5977
-8196
-5012
-7390
-8034
-6544
-9207
-9401
-7334
-7765
-8460
-7156
-7116
-5510
-5072
-5888
-3251
-2692
-2895
-1613
732
2836
3435
2306
3427
4035
5132
6160
7495
9446
8156
7965
9178
9147
8929
9207
8541
8462
8784
8308
6333
5879
4590
5066
2759
2042
4732
3454
1612
-89
-1943
-1211
-834
-1586
-1833
-2280
-3165
-1536
-729
-3515
-1796
-2779
-4561
-2767
-3500
-4255
-2292
-4868
-3737
-735
-4105
-2414
-2080
-2994
-4276
-1325
2663
-1481
-3153
98
2818
2486
3401
2400
3056
4968
4733
4300
2527
4105
3569
2530
2909
2208
1996
72
-559
-182
-2112
-2287
-5620
-4657
-1190
-3031
-1959
-2664
-3697
-3829
-3751
-4826
-3842
-2293
-2250
-1526
-45
-93
397
-1122
-2775
-976
-1363
-2464
-1133
-1237
-1367
-239
-672
-142
-1326
482
-633
-1517
751
193
-1187
268
3444
3591
53
851
5392
5386
5614
4186
3121
4157
5810
6512
4923
5403
2336
2288
5432
3131
4492
980
-1845
3211
3756
1956
2261
1398
2521
1976
2182
3252
2896
2093
3002
4126
2100
2802
2573
1726
591
748
912
792
-167
-985
-796
-2263
-3282
-3262
-3440
-4368
-5606
-6029
-6901
-6296
-7408
-8894
-5604
-6569
-6893
-5368
-2632
-4000
-7668
-2911
-3894
-3411
-1140
-1636
-1881
-3130
-2250
-2773
-1527
1428
2302
3524
3176
2923
4645
5007
4596
3809
3316
5218
3712
4484
6414
7155
5881
6734
7293
6601
6388
5666
5751
4787
5081
3649
2715
2474
1218
620
-345
-706
-1033
-2962
-3925
-2356
-2957
-4074
-6200
-6430
-6873
-7725
-7036
-7878
-5524
-4505
-5707
-5515
-5195
-4588
-3792
-880
4064
4503
4726
4692
6885
7837
8458
6995
2122
6501
8655
7968
7797
7429
7462
7496
5428
6341
5976
5764
3367
1370
5203
3198
2149
1748
1256
-570
-348
-2594
-3522
-3171
-3934
-5068
-4567
-5073
-5439
-5765
-7164
-8925
-9387
-9441
-10068
-9578
-10363
-9593
-10790
-10387
-10355
-11001
-6307
-6448
-5158
-3989
-5317
-429
1984
1291
243
4705
9855
5122
6808
8166
7601
8553
10080
10050
8814
9058
10502
11125
9513
9268
8734
8083
7540
6986
6878
5848
3045
1539
1658
1941
921
288
534
-140
-2018
-3012
-2791
-5062
-3990
-3733
-4447
-3929
-6551
-5162
-4256
-4281
-4450
-3977
-3174
-3546
-679
-2202
-1763
-3698
-6265
-2198
-1563
-173
-116
-803
-1106
699
5304
3234
1565
3307
5136
5824
4454
4873
4497
5476
4205
4221
5067
2536
2917
1610
1798
1376
-286
-243
-86
1197
626
-111
-1537
-5159
-4348
-1928
-5360
-4355
-6402
-6925
-3794
-6121
-3181
-2320
-2022
-305
613
-474
746
-179
-2957
1659
1272
155
1152
1235
2313
2735
2594
2606
1850
873
1510
1220
1807
1088
1915
2565
4015
3134
412
4993
6550
4597
4294
3514
2315
2671
3753
2864
1112
1393
-414
1687
2284
-411
2288
-762
-1226
-455
554
170
1036
786
-1116
705
-626
2
613
-2893
-1664
-39
-869
165
127
-485
200
887
-972
-626
-992
-797
-677
-1770
-733
-1125
-2222
-2391
-2232
-3878
-5135
-5481
-5864
-6946
-5960
-6043
-6833
-6054
-3198
-2367
-5579
-4144
-2683
-1266
-2099
-3648
686
502
-3555
-1024
1835
1596
3099
5017
5643
6006
8328
8090
10260
6630
5457
9674
8247
4119
4265
5630
4841
4417
4462
4559
3634
4407
3147
2677
3784
3568
2053
1148
737
-1
-1050
-3096
-3352
-2568
-2907
-3034
-3368
-3653
-3257
-5287
-5807
-8146
-8640
-7491
-5386
-6321
-8261
-6058
-5294
-4014
-7023
-2516
1932
1943
2912
3858
5831
4237
4418
1018
3186
6088
4711
4253
4824
3864
4140
3304
3104
3417
2534
2845
2805
1138
96
-366
-969
-440
-832
-606
-682
-1636
-2202
-1605
-2342
-827
-2808
-4230
-3998
-4854
-4490
-6108
-5542
-6355
-6530
-7700
-6948
-7500
-6906
-4781
-4597
-5267
-2838
-1370
-2930
-404
-86
568
4060
3543
-703
6077
8054
8974
9600
7905
9682
8245
9040
8677
8652
8131
8663
6466
6065
5875
5278
5629
5260
5031
3051
2966
3431
1177
-916
218
120
-663
-1936
-1987
-1786
-3156
-3755
-2284
-2047
-3137
-1955
-4884
-5163
-3594
-7993
-6655
-2132
-3219
-4015
-4293
-3224
-3018
-2460
-3999
-6855
-3122
-2811
-2437
-2023
-1129
-1753
-1528
1873
1820
-821
-464
2402
2159
3533
1944
2323
2743
1285
1777
2246
2030
1570
1026
1264
1343
-1043
-1825
-590
135
-1422
1680
139
710
1472
1487
2902
3402
1739
1529
3808
-1790
1635
3556
3981
2681
1839
4220
5273
5831
999
2311
3505
4838
3735
-1328
-176
526
439
463
-1826
951
1252
-135
-399
-306
-545
-2803
-1616
80
-605
-2937
-1435
743
2203
1018
835
2713
1330
497
-267
-1403
-1918
-2068
-620
-1098
-1676
477
-1899
25
1134
-1546
1263
1842
-123
2119
2203
2187
3382
-493
322
2005
829
1068
810
221
-235
411
-540
-568
-346
-113
-1025
-892
-1691
-3462
-3542
-4555
-5935
-4317
-6222
-5132
-5710
-7285
-6044
-5173
-6518
-6687
-5039
-3475
-3546
-4870
-3392
-951
1254
2338
1836
4166
1478
1861
4143
3901
5898
8017
7758
8286
7970
8213
11130
6760
7281
10700
8658
7468
7137
5400
5795
7273
7525
6826
4441
4958
4216
2388
346
-506
1258
1081
501
411
986
562
-1242
-1223
-3280
-4519
-5297
-7013
-7492
-7704
-7089
-9299
-8961
-10183
-10619
-10372
-9965
-9336
-12108
-6978
-4114
-8931
-5262
-421
123
364
593
3580
5565
1229
1715
6194
5192
5889
5751
5163
5135
6333
5302
4264
4686
4181
3630
2356
3131
1525
1723
2674
-1057
1624
-457
-2078
1656
558
1120
80
591
-653
-409
-663
-1683
-1807
-3138
-2860
-2402
-3099
-5032
-4237
-7227
-6978
-4365
-7251
-4256
-879
-5837
-2374
-913
-2721
854
3056
-1538
-238
4947
9446
8829
5967
5689
6736
8643
7252
8518
7161
5853
7111
7339
7137
5869
5384
4079
5681
5224
4170
2628
245
-1854
-920
-459
-2694
-2349
753
632
-1275
-3082
-2996
-2796
-6148
-6310
-6573
-7669
-8413
-8155
-8550
-7604
-5307
-4276
-3551
-4597
-4356
-4386
-4932
-7600
-5688
-5016
-6061
-4392
-6500
-4531
-3779
-2864
227
601
-198
-72
4349
4626
4443
4505
4290
5818
5746
6612
5529
6170
5323
4917
3995
3942
4166
4149
5513
3118
4374
1938
2882
3630
1876
2652
1939
-80
-873
1001
-1035
956
-1173
-293
1237
-155
1137
1485
1828
-623
-1716
554
-172
-801
-1165
-912
-1358
-1371
-2828
-1919
-1145
-3166
-1440
-1436
-3974
-2622
-2367
-4155
1556
1934
-2325
-1643
3030
3264
2345
2092
747
2677
2075
1691
-725
-1902
-732
-252
-1481
-1042
-680
-1402
133
1508
297
1303
1875
683
2068
515
-427
1081
545
-3995
-536
568
-189
803
-870
-1311
-1437
-1627
-1257
823
-3215
-2036
-2710
-2159
-1611
333
-405
-3512
-1023
-2211
-2831
-2336
-2796
-2339
-1699
-2550
-2734
-2955
-2196
2197
-1131
-3224
-1373
2301
3812
3270
5496
4404
3427
3682
2472
3472
5054
5076
5592
6864
5607
7216
8800
2970
3563
6775
3736
4083
3864
3551
3685
5030
3922
2904
1904
435
1758
-99
275
68
-1435
-1992
-2690
-2041
-3829
-4427
-6075
-4311
-4467
-4114
-4037
-7384
-8230
-7607
-8969
-9963
-7776
-7834
-8297
-7564
-6608
-8704
-5848
-2988
-4517
-3049
-1995
2187
2630
1803
4463
5869
5873
2619
5649
6969
6368
7598
6133
6986
5526
6027
5895
6349
8790
7350
8403
7989
7958
8104
6237
5095
4211
2828
1639
1225
1751
2127
-372
931
-103
498
-527
-656
-2249
-4543
-3911
-5274
-6118
-6481
-5946
-6567
-6473
-6008
-7402
-5110
-4784
-5205
-3510
-3071
-714
-3201
-1318
842
-1575
2914
2022
2383
7629
6011
4504
8424
7111
6295
6429
6262
6112
5882
5700
4378
3796
2508
3200
756
-331
922
-352
-782
-2044
-3316
-3765
-3928
-3688
-4048
-5924
-5316
-5700
-4264
-5310
-5049
-4662
-8008
-6191
-7732
-7722
-3950
-4062
-4089
-2747
-1618
-634
849
-159
-3776
-3013
-1644
-1875
-2230
-2215
-354
3701
2134
1826
6360
5715
1928
3424
7662
7286
8611
8724
9022
9877
9581
8575
7504
7552
7165
6270
5661
4289
4650
4854
3544
2056
1050
1960
-48
-573
-2105
-2015
-2958
-3954
-2543
-4325
-271
-196
-2903
-138
-284
141
902
1059
-2270
-4143
43
-255
-757
-872
-944
-1804
-1687
-603
-1625
-2478
-3449
-4337
-4415
-3417
-3944
-3581
-3580
-3655
-4104
-269
-3200
-6074
-2313
-2174
59
85
1419
-963
60
-1065
-2252
-2835
-3757
-2518
-3201
-2341
-4357
-152
-1794
-3230
441
-970
75
2014
757
3746
5004
3400
1843
1593
5964
5361
5661
5870
5622
5903
6423
6375
5548
5816
4782
4536
3748
3674
2845
1068
152
-619
-1066
-1424
-2567
-3406
-4282
-5182
-5363
-3954
-4716
-4910
-2610
-1949
-4767
-5753
-1746
502
646
1280
683
-856
1029
527
-547
2642
838
2272
3338
3203
1477
2589
4024
171
2605
3702
3527
3046
2831
1451
2457
4026
1382
1410
1166
1309
430
-182
-959
-587
-2491
-2500
-1536
-3115
-3289
-4036
-5000
-6082
-6397
-7517
-7703
-8091
-7735
-9614
-9083
-9724
-10367
-9573
-9407
-9946
-7733
-8303
-10250
-5403
-879
-4368
-4147
1203
5166
6110
6979
5365
6063
5585
7156
9263
6546
8587
11408
8619
10032
10303
8677
10452
9166
7785
9282
9565
8925
7370
8418
7821
5952
5163
4875
2927
2562
1397
-51
499
-166
-435
-72
-1712
-4512
-4844
-6295
-4597
-7615
-7625
-6854
-8131
-6464
-6310
-4773
-4970
-5106
-4382
-3505
-4905
-4016
-2699
-28
-461
-807
-1649
-334
4378
2589
3368
2237
3162
4605
4092
4410
3911
4310
4391
3849
2234
1804
1542
1196
1131
1373
2147
1567
688
-133
-1776
-2336
-2251
-1230
-3988
-3784
-2541
-2808
-3044
-2851
-3528
-6413
-5057
-2959
-1380
-3440
-2262
-1233
-940
537
478
-268
1630
2098
-2504
-409
901
881
-555
182
-26
437
895
1774
3759
4991
1562
3285
6466
6497
5851
6788
6820
3790
4991
4936
3332
4288
4884
4510
4606
5221
4705
3178
2189
1261
158
-51
-628
-1395
-492
-1094
-3445
-2880
87
-740
-2806
-3264
-3719
-1314
-1455
-2984
-1130
1652
-31
-2345
-221
-442
-409
-2827
-2632
-3206
-3972
-4536
-4695
-4404
-5747
-5939
-5997
-5662
-6831
-5899
-6024
-6011
-3093
-5249
-6045
-2638
-967
-529
-1072
859
1444
1859
1712
279
390
-989
1231
1310
3349
4147
131
4200
5110
3724
6837
5118
6005
4575
4071
4195
6520
5369
940
5846
4517
5121
5511
6210
5617
5542
5371
3757
3261
1569
1999
-40
-7
-1036
-721
-1131
-2149
-3009
-3908
-4563
-6114
-5591
-6431
-7748
-8002
-6487
-6868
-4611
-4708
-5539
-5145
-7924
583
3997
1205
1877
-368
1401
3374
435
564
1235
2171
4042
4927
5661
5470
7798
3861
4149
5544
1415
1484
4007
3669
1229
1338
2029
3908
2106
-101
1250
1766
-596
-1759
-1789
-1937
-3923
-4204
-4578
-5320
-5932
-6683
-5695
-6933
-6495
-5870
-4798
-6621
-6354
-6481
-7803
-5886
-5848
-5282
-5518
-6151
-3641
907
441
-1859
2839
7112
7834
8868
6998
10864
8751
5235
7532
7932
8042
7768
7481
8211
7309
6893
6174
5895
4384
5010
4539
4315
5338
5102
3856
1137
295
600
214
-26
-104
-3245
-3096
-3964
-3263
-4529
-5413
-4329
-6958
-8435
-10659
-7740
-7906
-9534
-6651
-9077
-9494
-6500
-10188
-8897
-6350
-6597
-5087
-3995
-1846
-857
862
-195
-1127
-1953
464
2455
4103
4473
3846
8709
8120
7093
4620
3573
7282
5890
3216
3197
4273
4780
3444
2204
4143
2616
1459
3257
3232
3317
1038
1036
2197
752
-124
-3338
-2510
-1546
-2769
-2040
-3180
-2892
-3684
-2309
-1592
-52
-459
-1517
191
-1714
-3
686
739
-3003
-3180
2337
527
-1432
-613
-603
767
707
281
4200
-1305
-189
5474
4916
5427
4184
6412
4006
3821
4155
2322
2499
1503
2576
2820
1822
1099
267
47
-127
-1061
-2868
-3199
-1882
-2980
-4671
-4662
-5927
-5664
-5968
-7094
-3672
-4059
-3900
-3100
-2874
-1586
-1653
-1409
-239
-2741
-3295
883
-1456
-1549
-456
-1044
-962
-2246
-2515
-2903
-4862
-3411
-3527
-2306
-330
-1425
478
2484
5064
947
889
4938
4574
5408
4108
4400
7699
9149
9373
8064
5862
5566
4326
3981
2977
1005
-1034
293
2405
1243
1387
2382
2871
2657
2710
2235
1514
1725
2454
-1899
784
3184
476
2324
2586
1887
20
1598
1598
669
-3965
-5369
-731
-581
430
101
2862
2749
-471
-2473
-4581
-870
975
41
1029
-388
542
-1345
-1943
-643
-2400
-1023
-1506
-1342
-538
59
483
-950
-1397
12
218
-750
-3942
-5478
-1156
-580
-2509
-3164
-3294
-2645
-374
-1888
-4037
-4359
-4701
-3383
-4862
-5884
-4617
-6825
-7884
-7448
-8304
-6055
-5569
-7070
-7325
-5787
-247
-4763
-4709
-1486
-1555
1822
635
2776
2328
2449
5588
5355
3319
4798
5585
5383
6765
6397
5722
6226
8472
7166
7198
5052
796
3919
3541
2076
2482
2210
2517
2046
2223
241
-257
134
-312
-1748
-2447
-2779
-2666
-2281
-3538
-4394
-4729
-6116
-5897
-6194
-6743
-7636
-9898
-9718
-9827
-10770
-10020
-10172
-9013
-10046
-8640
-6050
-8193
-5680
-3160
383
311
1478
2460
3775
2832
2498
2095
2590
3141
2595
-434
-194
2463
2807
1533
-60
154
1336
787
-483
-1349
-1992
-865
-1747
-1966
-2491
-2335
-2107
-2611
-3123
-2670
-3885
-2300
-1834
-2489
-1711
-2200
-2251
-3271
-5567
-3340
-4186
-5108
-5335
-2662
-3910
-4699
-1333
-4914
-5343
-2378
-2865
-600
-2538
210
5894
1117
2796
8386
4342
1769
5208
5949
5467
5346
5235
5206
5957
5196
5275
5232
4374
5766
3641
2167
381
603
510
271
-305
-1357
-1764
-2587
-2761
-2573
-4439
-4992
-6948
-7269
-6644
-6627
-5842
-7396
-6785
-7114
-6398
-8926
-6197
-5378
-8671
-5878
-5458
-4913
-4939
-3969
-3592
-4289
-3683
-4358
-4585
-5841
-5507
-4499
-4855
-135
-1902
-4286
439
1463
1102
822
1082
2757
2962
1577
1036
79
1593
995
1712
2992
2508
1567
2317
3115
3275
3996
609
358
-719
-1496
693
-240
232
197
-1264
-242
220
1220
792
1324
1936
2208
2483
-5
449
1388
2689
1999
-1718
-2861
-1947
-1225
-2550
-2579
-3512
-4064
-3481
-4116
-4598
-3913
-2353
-5005
-1120
41
-3948
-1291
-857
2015
1149
888
-129
-1427
-231
-1768
-51
1198
-92
-1101
-2837
-2038
-2352
-3105
-3038
-3646
-3844
-4646
-3192
-783
-3681
-3600
-1350
-609
-254
-565
-653
-946
-5
-100
66
-2779
-4168
-1685
-1149
-2330
-2332
-2404
-3524
-2534
-3524
-2738
-2997
-3592
-4119
-5005
-4949
-4367
-4565
-5416
-4767
-4618
-4083
-4908
-339
-628
-4026
-783
1364
2902
561
945
3260
1073
2335
2990
547
1037
1931
1814
3535
4787
5109
5847
4307
5528
6373
6256
6481
5422
723
1110
4754
4347
3040
2379
3757
1570
1396
1655
1370
1106
387
-84
-2738
-1588
-2393
-3221
-5004
-4388
-5792
-5507
-6292
-7353
-6761
-7913
-9127
-9779
-10464
-10168
-10809
-11571
-12101
-9120
-6489
-7678
-7446
-6929
-1801
-1900
-1898
-1759
-642
-634
-1363
1978
3253
3327
1407
3003
3159
1804
2384
3370
1880
2407
2503
4483
4252
1798
268
139
2288
2005
1830
1613
1834
724
1025
1266
-622
1
-969
-1229
-1489
-2022
-2819
-2512
-3649
-4973
-4595
-6532
-5443
-5482
-5437
-5140
-8582
-7983
-6068
-6092
-5169
-4343
-4673
-449
923
128
-1800
1864
4281
4316
3035
215
6254
5758
6398
6386
4444
6268
5610
6411
5245
5992
6760
5596
5491
4332
4468
3733
4089
-474
-2624
861
148
-1894
-2706
-2267
-2904
-2735
-4556
-5543
-7268
-8365
-5994
-8092
-8693
-7131
-8027
-9687
-9212
-5785
-7350
-7955
-7569
-8517
-8222
-6461
-6219
-6988
-6856
-6747
-4597
-9132
-7503
-1161
-4375
-2360
-4309
-718
2599
1532
3296
4263
4678
5777
6389
5322
7136
5400
6225
5651
5550
6468
6299
5703
4641
4623
3446
3917
3063
741
-1852
-1648
80
-1962
-3283
-2885
-1570
-2020
-2729
-1694
-3720
-2490
-264
-2881
-2339
-1104
-2494
-2796
-2657
-2492
-3752
-6925
-5159
-4267
-3991
-4211
-5500
-5765
-6721
-6611
-4510
-4174
-2126
-1604
-1696
-4699
-4636
1890
1583
1109
2477
3103
3367
1972
566
1331
255
2155
2001
1051
-4070
-3901
-1742
-1351
-944
-2039
-1344
-2691
-2906
-5749
-4605
-2782
-2980
-2629
-1923
-90
-1397
-2440
-1458
896
-350
-2280
-1916
-198
-3184
-4289
-3567
-2934
-128
-2697
-1198
-1080
-2171
-1612
-2410
-3112
-3199
-3596
-4674
-4749
-3544
-3160
-3990
202
1094
-2151
-364
2948
4187
3505
3236
1879
3263
2982
763
1108
-689
1097
1865
2299
3636
2063
2011
1039
1327
4207
3821
2545
3195
4852
-2539
-472
4598
1849
1827
379
-647
-847
224
-867
-1092
-2153
-2142
-1996
-4093
-3178
-4994
-4719
-6864
-7604
-7986
-6996
-7756
-9578
-8868
-8035
-8369
-9317
-8811
-9137
-9688
-9177
-6355
-6897
-6374
-7878
-6388
-4589
-1607
-2779
167
-316
-2303
2913
3062
4872
5837
5075
5959
5263
582
2175
3251
2482
5159
6226
7941
5655
5850
7713
3427
5513
5329
4959
3704
2054
3558
1288
1717
396
118
-530
-2522
-1712
-2527
-2837
-3535
-4289
-5155
-3884
-6273
-7678
-6121
-8662
-9373
-8497
-9438
-9452
-10200
-8008
-7805
-6906
-4525
-1187
-474
-1394
-844
408
5131
262
-746
6209
4343
4951
4821
4980
5105
5058
5411
6092
5854
4610
4788
4148
3882
3193
1726
648
493
304
-2112
-3179
-2614
-2931
-3825
-5544
-5385
-5288
-6309
-6853
-7496
-9697
-8364
-7569
-9313
-8623
-9985
-9278
-6466
-6293
-6238
-6779
-7295
-4638
-3448
-3763
-3306
-4767
-5932
-6085
-5187
-2210
-575
4468
3556
378
5303
6817
5719
6090
7154
6663
5665
9526
10299
9630
6836
8513
9134
6783
5532
4489
5552
4240
4183
2310
1199
2298
678
-1251
-3569
-6898
-3047
-5189
-4185
-5591
-6725
-5569
-4660
-6086
-6605
-4310
-3422
-3660
-4292
-3188
-1992
-2328
-2313
-3368
-3842
-2953
-4300
-4570
-5778
-5854
-4402
-5076
-4445
-4290
-4516
-6688
-4180
-351
-54
-4777
-2277
540
154
-1
240
3149
2708
2744
1033
-3
-1269
-990
-1230
-1791
-2376
-2387
-2165
-3491
-3790
-5028
-5588
-5833
-4752
-6228
-6101
-3461
-2847
-2086
-1041
-1759
-1271
614
1968
2315
1429
3762
3244
2357
1760
2181
1407
912
1570
616
1332
404
2019
1624
114
-2239
-2333
-98
-2923
-2990
-4045
-2876
1484
737
-3578
-901
2862
1754
3306
1557
625
217
-10
1450
-855
-712
-1931
-1155
-550
-1030
-666
42
510
829
1471
178
483
2497
831
-2788
-3311
-886
-805
-864
-755
-1605
-700
-62
1019
328
-14
-1503
-1758
-3138
-4902
-4418
-4938
-5301
-6003
-6758
-5367
-5496
-6534
-9182
-9341
-9228
-10698
-10481
-9223
-10029
-11670
-9797
-5114
-4976
-8772
-7342
-2857
-2457
1295
-1325
-785
999
-574
-225
-155
2601
3546
4132
8478
6247
4758
7140
6013
8004
6134
5037
5546
6077
6122
4593
6286
6577
7700
6744
4009
3804
1807
3521
1448
-909
-175
-2032
-1606
-3575
-1266
-3096
-3905
-4016
-6394
-6795
-7805
-7185
-7251
-8516
-8042
-6790
-8160
-7026
-6186
-7895
-7781
-5870
-983
-3293
-4333
-544
3357
3680
1152
759
2100
4670
2555
4384
3566
2362
2648
1770
4569
3260
2430
1033
757
929
-107
-457
525
-462
-1006
-1218
-2945
-2467
-2992
-5048
-5759
-6033
-6049
-6824
-6280
-7627
-6835
-8178
-9197
-7523
-7587
-6236
-8239
-11732
-8797
-7984
-6923
-5671
-4189
-4599
-1970
-2541
-2595
-773
-3449
-2717
-2483
-2062
2158
3314
2951
2571
5453
7015
6565
5227
5165
6600
6032
6888
6728
4906
4387
3878
5442
5657
5370
4134
2575
4273
2839
1637
716
-291
-864
-589
-1256
-4506
-1869
-2641
-3717
-2034
-2863
-5596
-3866
-3727
-5209
-4690
-3802
-2922
-3653
-1946
-2052
-2376
-2369
-4506
-4639
-2427
-4012
-4339
-4039
-5433
-4685
-5223
-5067
-3794
-5980
-4167
-1161
-1938
-2787
-2271
989
694
-1242
-145
-288
-757
-733
-861
-281
-2301
-3325
-1900
-1837
-2568
-3997
-3740
-4203
-3206
-2135
-4340
-2209
-3674
-3906
-1936
-2759
498
375
414
1656
2387
2800
3207
3253
2952
3360
4406
3159
3112
3082
1863
2341
1380
1004
1510
-289
-2027
-2228
-1795
-2838
-3281
-3877
-3761
-5154
-4098
-6036
-4385
-1481
-3743
-6911
-6073
-1164
-464
-2220
-1239
-1155
-381
-720
-1323
-1072
-984
-3243
-1446
68
160
2075
1570
2294
3556
3615
3640
3648
3316
2205
-148
740
1319
1601
-9
-304
383
-376
2129
-141
-1301
-2003
-1290
-2603
-3264
-3770
-5389
-4889
-6516
-6192
-7059
-8176
-8527
-9190
-10242
-9498
-10097
-10526
-9790
-9003
-11088
-11667
-7359
-7255
-8010
-8089
-5639
-617
-964
-1573
1452
2065
3116
2948
4049
5101
6201
7582
5994
5676
6716
7468
6927
7313
7231
6021
4682
4483
4605
5488
4525
3385
4288
2856
3054
3378
55
474
-461
-553
-1410
-2340
-2127
-3382
-4631
-5276
-5790
-6817
-7034
-6581
-7234
-10107
-10339
-9728
-10220
-10707
-10829
-11197
-12070
-10326
-10278
-8530
-6916
-2207
-5219
-3899
2401
999
1781
2245
2381
2312
2885
3965
4435
4913
5125
4875
6508
5563
6690
4531
2645
4251
2222
1356
-711
-1092
-226
-613
-50
-983
-1462
-2506
-3448
-3640
-5222
-5831
-4684
-6079
-5007
-3820
-5419
-4571
-6278
-6192
-4864
-6019
-6911
-5060
-4404
-4658
-4093
-3450
-3621
-3119
-1362
-2118
-1127
-1691
-3483
-816
2668
1750
1638
2214
6796
7695
6740
7993
6540
7601
5506
5253
5588
5393
4779
4126
4771
4156
3633
3804
3382
2149
2822
562
-1770
-3584
-3089
-1517
-3927
-3332
-3950
-5162
-4011
-5711
-6549
-6728
-7259
-6877
-5653
-7132
-7172
-5972
-6311
-5772
-6026
-6411
-4727
-5348
-7094
-5899
-4296
-4196
-5149
-5071
-6183
-5476
-3293
-5415
-5416
-4996
-2005
526
-2103
1235
3701
1983
3228
959
1322
2124
2106
2357
2397
1856
701
3275
3641
2994
2992
1113
2218
410
956
-1388
-1152
776
-953
428
1673
1097
971
1126
2020
2518
1119
3606
2407
1779
744
-2918
1476
1200
75
596
-1353
-2363
-1721
-1216
-3382
-3646
-4985
-4765
-3861
-5588
-4888
-4858
-3787
-5754
-4261
-2188
-3046
-465
-4389
-583
2710
-729
1961
391
1390
514
-1324
403
-758
-1247
-1692
-1834
-1547
-1422
-1131
-2023
-1477
-328
260
-1707
104
1023
2380
156
-3021
-1544
-558
466
-1062
-1706
-2011
-2437
7
-1813
-3022
-3756
-4724
-3681
-4594
-6601
-7139
-6262
-5546
-5026
-5566
-6491
-8738
-6578
-7223
-5708
-4880
-5157
-3308
-4355
-1214
-640
296
-5876
260
1685
624
1689
1795
5171
3836
5867
6400
6577
6474
4100
4137
5919
8136
7442
1627
3737
7660
8079
6310
2304
5148
5737
4577
4116
2217
-36
-528
447
-999
-1916
-2477
-4246
-3449
-4668
-4878
-3471
-4621
-4931
-5851
-5406
-7925
-9695
-9369
-9104
-8893
-9756
-10240
-10286
-8708
-9060
-8911
-9507
-9623
-9019
-7841
-5190
-7258
-5723
-1418
335
1077
-70
5705
3535
-305
1975
2734
4451
3819
3780
4222
3046
1105
2748
4368
2549
-79
78
-260
-301
358
-321
-953
-4510
-2193
849
-863
-143
-2821
-974
-1769
-1600
-1983
-3511
-2674
-3849
-2997
-4354
-3149
-2692
-4778
-3716
-2815
-2920
-3388
-3837
-3922
-4588
-4190
-3294
-1091
-344
-1024
-934
-1458
4450
5148
2535
5512
4006
4334
6163
5386
5467
3319
6808
5981
3961
3546
5420
6408
4043
4024
1681
349
847
218
-1269
-1418
-1931
-2583
-2441
-4373
-4340
-4130
-6231
-6880
-6847
-6583
-7722
-8251
-9410
-8947
-6999
-7943
-5582
-6527
-6642
-5922
-4951
-3972
-4340
-4938
-7187
-7507
-6460
-6297
-6504
-7141
-6488
-4015
-3706
-4955
-2871
-1485
61
-3322
20
3376
2372
3713
4627
4838
3869
4037
5501
4911
4206
4542
4445
4314
3265
2378
2203
2105
2166
1800
-1242
-486
248
-1209
-1772
-1722
-1129
-1566
175
1287
159
500
957
2430
3640
2644
1654
-3433
-116
876
-883
906
-1708
-1300
-1313
1132
1957
-1778
-3455
-4065
-4253
-4782
-6965
-5328
-6505
-5645
-1737
-2587
-3182
-2339
762
2717
928
469
1969
-446
-261
-1846
-1336
-3264
-3332
-1491
-2652
-2068
-3920
-2404
-4196
-3797
-2736
-4106
-2631
-1720
-3997
-2175
-1565
-702
-272
-4913
-1063
143
-632
791
-1074
-1504
-1114
-965
-2774
-1832
-2866
-2482
-1925
-2311
-1630
-3559
-3109
-2435
-934
-2154
-2867
-2493
-3922
-5042
-3563
-2984
-4890
-401
488
-704
-1115
-1767
2066
2346
-274
2646
-29
374
2313
974
2257
1660
3204
2812
2409
2131
3986
4390
2422
-245
136
4594
5285
5801
3783
3313
3817
3673
2621
2695
2271
225
207
1142
423
-1572
-1964
-1971
-1298
-2429
-3353
-4694
-5034
-5577
-5623
-6701
-7488
-6733
-5920
-5711
-8213
-8208
-10306
-10554
-10318
-11076
-12034
-11154
-6424
-8672
-10046
-5221
-2592
-824
-2608
-1146
688
-810
223
-3853
510
3789
2238
4860
3528
3868
3277
1717
3331
3742
3330
2098
2916
4546
4506
4775
3296
3261
2774
1487
167
198
1350
-52
441
-152
1156
634
-937
565
-2761
-2865
-4690
-4809
-3978
-6997
-6316
-4862
-6744
-7351
-4438
-5653
-7442
-7926
-6305
-6623
-4522
-1970
535
-2655
-6810
994
3063
3910
2633
2362
4220
3412
4457
2621
4011
4839
3822
5727
5119
4254
5209
4271
2420
900
2145
1
-596
-111
-547
-850
-2208
-1507
-1851
-2945
-3613
-4880
-6407
-7427
-5153
-9445
-8094
-4516
-8293
-7280
-4130
-6117
-6947
-6488
-7404
-7667
-5624
-7128
-8689
-8135
-7806
-4811
-5555
-6527
-6405
-5450
-5370
-704
823
1428
-142
242
6437
4971
5602
4762
5480
8789
6428
6601
5493
6347
8075
5671
4455
4384
4058
3983
1070
1438
-362
-701
2207
-1570
992
-290
-3517
1793
-1297
-3872
-1691
-659
-1882
-2069
-760
-1213
-1402
-25
-402
-3185
-4669
-1179
-1959
-1910
-2510
-2888
-4522
-4775
-4982
-5447
-5693
-7040
-6765
-7587
-5216
-8034
-4164
-3322
-3985
-4253
-5761
-1726
603
-1001
-881
1216
1499
2048
878
1164
-662
-100
-522
-2526
-604
-2198
-3956
-1146
-2513
-4105
-2251
-318
-3192
-2284
-2496
-2563
1004
138
1583
-1841
-1845
655
918
1654
1115
519
1049
2887
1772
1760
1090
731
842
1552
223
-229
-1242
-1366
-2280
-3129
-2401
-4115
-4319
-4359
-2675
-5366
-2372
-833
-1445
-2595
-3762
-206
-435
-2182
134
1317
-1291
625
2724
-1073
10
2338
449
1896
1141
1820
1743
3132
3262
2287
900
1343
3886
3357
2107
1797
1907
1617
2314
944
938
-49
860
287
-2571
-2057
-3267
-3907
-5378
-5778
-7653
-7057
-7000
-7802
-8124
-7428
-8715
-7933
-10275
-10380
-9553
-11419
-12675
-9626
-8649
-12144
-5545
-8655
-8238
-8253
-6452
-742
-2901
465
1323
4548
4670
5137
5577
4177
4763
4260
5578
6956
6194
6748
7195
6417
7503
6253
6779
6421
5568
6273
5641
6131
5750
5897
4906
3119
1852
1883
388
-741
-1067
-2414
-2147
-3131
-3199
-3604
-4501
-7003
-6870
-7620
-7763
-6892
-9769
-11252
-10288
-9227
-11218
-7811
-7862
-8430
-6112
-8049
-4436
-1644
-1377
-4028
-4623
797
2340
4628
3317
2854
5468
5144
5826
4726
5406
4834
4116
4705
2580
3476
4148
2934
2285
2250
150
-722
-1827
-1326
-1007
-2167
-2649
-3204
-5882
-6356
-6333
-7322
-7707
-8765
-7434
-7234
-10362
-8868
-8561
-9946
-9014
-8242
-8071
-8495
-7999
-4620
-4270
-2643
-2575
-7107
-3563
-1342
-2194
-1963
378
-448
1147
6469
7217
5487
4203
6917
6507
7459
8207
6834
8730
8489
7557
7692
6098
6580
5673
4007
2965
2230
2766
1740
1755
1771
1586
1
-475
-1217
-1468
-1631
-4466
-4736
-2500
-3831
-6420
-3860
-3462
-3865
-2843
-3525
-3979
-2661
-2771
-6683
-5085
-2789
-1751
-1918
-3261
-3094
-4099
-4526
-4723
-5699
-6117
-5795
-5391
-5033
-4198
-4357
-5036
-2783
-3596
-1943
-3371
-3814
1087
-63
705
953
-1945
-1482
-1467
750
706
-1602
-1050
-2154
-2192
-2370
-5871
-4081
188
-5543
-3319
-1902
-3060
-544
-345
-792
1145
1547
911
-1566
-1394
3154
1451
2053
3534
1493
1939
4429
2383
3035
3205
425
2262
208
-49
-783
-1028
-389
-1256
-409
-691
-2971
-4604
-3544
-3887
-5570
-6398
-4853
-3168
-1591
-4277
-5800
-74
-1594
-581
1658
-4225
-1504
968
-1814
-1259
956
1678
1500
2561
2746
2423
1604
2198
-1376
-1495
587
-311
1154
397
609
-253
301
181
-922
121
-962
-2081
-2658
-2872
-2388
-3263
-3237
-3696
-4846
-4537
-5443
-5583
-6080
-7004
-7171
-7963
-7300
-7381
-8448
-7942
-10322
-9790
-13255
-10514
-6479
-11477
-8643
-10115
-6576
-8696
-3896
-1965
-1061
3090
2092
6169
5595
6366
3255
5740
7505
6917
8230
7581
6272
5867
6804
8064
5372
5959
4362
3941
3505
2699
3015
2373
2512
2817
959
1906
1849
-1433
-325
-564
-1730
-1406
-2586
-3370
-2388
-3007
-4000
-4903
-5729
-6821
-6458
-8075
-9202
-8375
-10135
-7651
-5305
-7101
-7768
-7001
-6005
-5034
-3883
-2518
-1826
-3556
-779
3106
2002
4368
3947
3500
5021
3901
4094
4259
3924
3408
3416
3774
2683
1682
1412
343
-22
-1011
-1432
-2137
-2410
-2904
-3516
-3229
-3734
-5570
-5799
-5838
-5468
-5904
-6641
-4323
-7058
-6257
-5034
-5158
-5620
-5974
-3974
-5444
-4178
-2735
-2548
-1326
-1454
-634
-2427
-3977
-620
-55
624
-375
1576
1940
-644
3711
3910
3936
340
1896
4667
5454
4490
3330
3701
5246
4088
4455
4717
3497
2812
2593
2096
711
1086
-387
-1592
-1214
-2262
-3038
-3611
-1857
-1874
-2079
-3648
-1506
-3899
-3307
-158
-3779
-4731
-3169
-2475
-2073
-2443
-807
-507
-3382
-50
-221
-3642
-4932
-2759
-3272
-5548
-3992
-3067
-4339
-4962
-5062
-4213
-4763
-4400
-3684
-6664
-4548
-1549
-3939
-5775
-4317
-1866
-639
-1532
-1054
-1712
-2288
-1220
-2192
-4840
-2561
-2525
-2014
-414
-3393
-781
-1183
242
1591
393
444
1454
4394
3285
5543
4207
5528
4296
1965
5264
3581
2685
2727
2864
2070
2185
3027
464
650
1570
737
-602
-1369
-1403
-1625
-1910
-2483
-2526
-3361
-3989
-3784
-5893
-5903
-6779
-6491
-7942
-8425
-7225
-4889
-9185
-6903
-4026
-5326
-702
-4593
-1370
-1948
-849
-2004
76
566
-1937
1893
1752
3256
2889
5176
3971
1690
4645
5906
3861
2731
2832
2757
1647
2967
1888
441
711
807
2095
-1479
-2435
-3116
-3596
-3420
-4598
-4315
-3506
-3420
-4018
-4660
-5065
-7186
-6754
-7667
-10419
-9152
-9902
-7902
-9791
-8605
-6639
-8461
-5469
-6732
-4841
-4679
-4170
-1515
39
3008
3989
5196
6782
3934
1818
7585
8180
7141
8201
9021
8795
8274
8239
7548
8579
6829
5602
2538
3065
3787
1511
1482
1144
1915
1163
1045
518
-960
-2120
-2230
-2445
-2432
-3186
-3670
-4066
-4204
-4993
-6931
-7682
-8658
-9013
-10534
-11512
-9425
-12190
-13304
-8650
-10870
-9288
-7161
-8521
-5276
-6514
-5199
-3867
-3615
-4395
-2140
245
1737
2027
2683
4175
3410
2780
3689
6247
5093
5628
3791
4442
2422
1193
1319
337
1730
253
998
646
-1467
-1074
-2882
-3334
-3052
-1680
-732
-1611
-270
-1069
-17
-1109
-4728
-2627
-2655
-5172
-3889
-3258
-4446
-2038
-624
-460
-218
-104
-431
-4435
-3333
-1022
-2981
-3336
-4064
-2212
-611
-548
-2263
2002
4901
-2482
696
3526
3717
5119
2737
5174
6623
3599
1398
1972
4174
4027
1894
1326
1103
-192
-135
-399
-159
-2945
-4274
-3458
-2400
-1256
-6301
-3458
-2040
-6224
-4683
-3870
-4621
-4498
-2798
-3102
-3378
-1531
-2701
-5948
-3427
-1816
-3985
-6151
-5832
-5344
-4783
-5403
-5224
-5361
-6803
-6235
-6765
-8589
-8293
-5420
-4260
-3788
-4667
-4443
-754
-5357
-6201
131
1594
1223
662
3001
2871
1956
3904
4172
4362
3545
4313
2181
776
2258
1947
1356
2501
6516
4381
6191
7807
5660
7047
5461
1141
113
1939
730
1652
2688
1296
2566
2006
960
2154
191
-1469
-1985
-2959
-3228
-2725
-3516
-4134
-3521
-3685
-3873
-4902
-5712
-6196
-8039
-8892
-6630
-5922
-7236
-4468
-3476
-5640
-5908
-3817
-1989
-5476
-5092
-4782
-3267
-2121
-2282
-2529
-608
2419
480
1510
725
3046
2203
3414
-1001
-2786
1956
1530
93
1279
1658
-759
1721
289
338
-678
-1665
-3513
-3997
-2684
-4771
-3235
-2758
-3237
-4462
-5719
-5551
-5874
-5972
-4486
-4453
-4364
-3095
-3614
-4801
-4169
-4626
-5603
-6010
-7196
-3107
-5205
-4990
-263
-3264
-4745
246
2555
4192
5585
4234
6265
6618
5747
3378
4059
8018
7890
6293
7274
5507
5384
7172
5742
6841
4828
4142
4581
3542
3920
2277
662
342
813
665
-442
-1468
-2688
-3389
-3873
-4698
-4854
-5063
-5946
-6276
-6999
-7417
-8647
-10438
-9615
-10283
-8847
-10977
-10739
-9981
-10614
-9746
-10621
-10046
-7458
-6809
-6051
-5362
-2872
-877
-6821
-1428
3753
2799
2896
1456
3541
3078
4595
3604
3850
4369
2760
3591
4132
2282
1592
1130
1276
1571
1535
988
302
291
-205
234
-1192
-2395
-1924
-353
-989
-1531
-1725
-1300
-2663
-499
-1633
-4069
-1491
-3877
-2691
-3071
-2952
-1785
-2598
-1169
-366
-765
843
-923
-3652
-2014
-302
-341
-916
-901
-1483
1249
2807
570
-659
3361
3766
4016
3956
1829
4490
3906
4843
3778
2924
3484
2398
2531
917
316
1461
560
-596
-1559
-1698
-1679
-2737
-5645
-5802
-4334
-4451
-7666
-7447
-6029
-6195
-7113
-6900
-6319
-5870
-4963
-4936
-4202
-4128
-4201
-7278
-6858
-4055
-3677
-3302
-4028
-4153
-6097
-4731
-2991
-3870
-4126
-5772
-5701
-3621
-5248
-4797
1551
-1398
-2213
1954
1211
4006
4887
4347
6104
4061
5024
5964
4761
4212
4327
3756
2775
-107
1522
580
-2246
-1269
982
-2284
-2250
1346
-1647
-543
643
307
191
3234
321
-2629
2661
1883
1903
711
1225
1636
-426
878
662
1241
846
450
-356
-1033
-2002
-3151
-3812
-5220
-5572
-5758
-5730
-6378
-5475
-5653
-6665
-5522
-3622
-6059
-7230
-5425
-4668
-1700
-2725
-2703
-503
-1274
-3023
-1917
765
-3490
-3534
-621
-2930
-709
-444
613
474
1768
1358
-2429
-37
30
477
236
-415
-1017
-499
-1562
-3949
-1149
-643
538
718
632
1364
585
-411
-1838
-181
-1477
-645
-160
-444
-1352
-1166
-1546
-905
-2933
-3234
-5360
-5913
-6374
-7336
-5944
-7369
-4891
-1728
-2769
-5314
-3735
1572
1075
-107
1826
1056
3269
4071
5032
1324
937
6114
4163
4673
3879
3121
3283
4901
5218
4572
4101
3033
2663
1177
924
254
-171
1256
2962
3109
1574
447
-592
-1691
-2112
-2611
-3610
-4875
-5481
-5622
-6245
-4928
-5887
-7726
-9187
-9939
-9015
-11250
-12806
-12758
-12200
-10447
-10294
-9979
-7929
-7507
-5072
-610
-2656
-6012
-4760
221
573
1079
1501
1819
162
3177
6328
4736
5428
4262
4775
4735
4589
4177
5051
5743
5943
6595
4320
3084
4240
4498
2315
1506
2824
3367
1418
1400
-407
-425
-369
-1473
-3139
-1126
-1725
-5406
-3136
-6683
-5913
-5724
-7034
-4744
-4749
-5833
-3883
-3808
-3977
-6118
-5525
-2350
-5597
-2843
-4165
-6839
-792
858
-2819
-1575
-477
2965
1596
-391
2946
1320
3035
3030
2695
3051
1612
2278
2098
676
-732
299
222
931
1840
1731
633
130
-1585
-2104
-3069
-5091
-4359
-4079
-5442
-6651
-5585
-5149
-5133
-5145
-3571
-4409
-2678
-3338
-3929
-4323
-9761
-4040
-3898
-6425
-3156
-1783
-1862
-1699
-2228
-1160
-2052
-1723
-2171
-2946
-2108
-2807
343
1568
859
-1399
1707
4000
3214
2855
3311
4556
3550
4456
4683
3364
2798
1751
1116
3018
2900
574
1556
578
-253
710
190
-1657
-1160
-180
359
535
757
-250
739
-655
-1287
484
43
-292
-829
-2249
-459
-766
-316
-593
-493
-1021
-2011
-2480
-3540
-3970
-5109
-5906
-6617
-6325
-7360
-6853
-7795
-7783
-6920
-9029
-5016
-3419
-9739
-6096
-3449
-2524
-1852
-4322
-712
-2326
-1624
-842
-2092
-2588
1821
202
-1212
335
-539
2165
728
1374
1007
-579
-311
2815
4350
3105
3722
2666
3393
4934
2931
2142
3770
4214
5013
2973
2167
4910
4603
3002
3165
880
-676
389
-366
-3148
-2787
-4660
-4927
-4442
-7894
-5705
-8322
-7958
-8051
-7653
-7849
-8633
-4934
-4672
-11179
-8131
-1589
-4638
-818
-181
1642
3563
4539
3977
4141
4765
2632
3084
3096
4032
4768
4302
4719
3805
3419
3124
732
2262
894
-370
312
-1193
1828
1259
116
-1649
-2626
-1324
-2825
-3600
-4817
-4662
-4255
-6164
-5338
-7549
-8408
-8850
-10951
-9847
-12185
-12063
-11022
-11274
-12665
-12103
-10426
-13105
-10270
-8304
-7773
-4373
-3846
-5030
-2605
1909
3461
4280
6699
6317
6412
9355
8046
8208
9843
9856
10840
11746
11589
10147
7440
7666
9215
7257
3766
1859
4579
4878
3148
1981
3943
3707
2228
1607
1056
700
-2047
-1572
-4179
-5714
-6949
-7300
-6808
-6548
-10171
-9239
-8617
-12063
-9189
-8627
-8283
-7261
-7872
-9222
-7386
-7033
-7025
-6305
-5648
-4635
-3872
-874
-356
-2715
946
1956
746
1766
2516
3758
1944
3474
3993
4155
3249
2547
1409
2500
2645
1170
264
-497
767
-881
553
-1784
-1960
-2656
-3168
-5333
-6525
-6499
-6265
-4608
-7654
-6790
-6301
-9054
-8137
-6716
-4504
-4368
-2863
-3534
-3894
-1745
-2034
-3600
-2115
-1590
-230
1976
442
587
-106
-881
-1111
-194
2346
-761
-1007
2749
3083
1655
7153
6801
5568
5974
5346
7848
2899
2796
4103
4180
4139
2871
2289
3214
3605
3382
1499
-114
2691
-512
-2764
-1331
-4285
-4739
-3377
-3378
-1552
-1137
-527
-1035
-1618
-2209
-3208
-4136
-3070
-2369
-2138
-1650
-3485
-3437
-3053
-2702
-3560
-5204
-5568
-5339
-4374
-4853
-4924
-4934
-5380
-5188
-5819
-6613
-5367
-7005
-8598
-6173
-4689
-10350
-5099
-2016
-3555
-2913
-2568
-2258
-2024
-3575
-1947
770
-2782
-1556
624
210
1874
-674
1118
3730
3671
4010
3231
2074
2928
4173
3323
4074
2799
2201
2971
2159
4144
4306
3512
3662
3074
1857
3527
2687
2294
3336
501
307
-1019
-3558
-2782
-1664
-3959
-3035
-2726
-3960
-4111
-4537
-5765
-4639
-5496
-8180
-4127
-6581
-8339
-5341
-3978
-775
-334
-1270
1380
3109
353
3330
4664
2716
3371
2408
3526
4105
3569
3413
4659
3700
2746
2479
1015
821
-509
126
-599
-1753
1284
761
195
3
-2133
-2361
-3526
-4145
-2284
-4040
-3523
-4634
-4880
-5841
-6018
-5982
-7377
-7478
-8120
-8488
-9382
-10710
-10012
-8962
-9945
-7259
-4843
-7546
-6333
-3829
-1050
534
-218
682
4758
8634
5749
7700
9222
8677
10214
10586
10312
10641
9981
9111
9820
8871
9087
8639
7678
6600
5869
6168
5418
4824
4302
2077
2489
1469
444
-225
-1300
-1305
-662
-855
-372
-1485
-1558
-1667
-3726
-3014
-3721
-5912
-6939
-4020
-5718
-8940
-5745
-6904
-7765
-7593
-5568
-5183
-4444
-5022
-3792
-3912
-5064
101
2821
-1228
-283
4768
3442
4999
3653
4363
5816
4462
4796
3414
4248
3678
3281
3781
3256
3149
2638
1455
844
-881
-1212
-539
-679
-2017
-2752
-2190
-2577
-1923
-3725
-3053
-2995
-2254
-3158
-3464
-545
-3615
-3284
-1919
-1241
619
751
1012
907
1077
1647
1910
375
539
2785
985
666
1369
1002
686
2006
1376
-1051
3759
6143
1303
-1865
3150
5785
5829
5806
5193
5723
3787
4607
5076
3574
1476
670
1202
1858
982
829
-1025
-2390
-1137
-1666
-1151
-2854
-3203
-1918
-2677
-2966
-3030
-706
-531
-572
952
411
775
2582
1785
1324
1044
435
1845
-802
-1442
-1846
-947
-697
-3480
-2027
-2544
-2867
-6135
-6613
-5288
-5045
-5189
-4150
-4226
-5080
-1538
-930
-5239
-2437
1211
-2040
210
700
-302
1772
2420
3381
2555
2811
3639
2604
2174
2180
3123
692
2356
4285
2655
5036
4520
5454
5217
5889
6179
3312
5602
6776
6316
6247
5168
4062
4814
5797
3926
4371
3540
3162
3411
1607
1729
-824
-1302
-1466
-2664
-3015
-3570
-4112
-3619
-5314
-4554
-3758
-6202
-4211
-8181
-6613
-1808
-5384
-8419
-6931
-1523
-1995
-2843
187
-3310
-3710
-318
-408
816
1496
1034
1918
2433
4005
3230
1744
4249
3118
3257
4804
3664
4002
4785
5679
4542
5477
4354
3336
2919
1079
49
67
-352
-1289
-1734
-1775
-3312
-3468
-3106
-3471
-2596
-4921
-3989
-4439
-4326
-3867
-4451
-4959
-7086
-5782
-4238
-4578
-4805
-3433
-6743
-3927
2651
-1961
-1799
2117
4752
5059
3664
6162
7146
2135
6562
8607
7470
7833
6966
7472
6365
7296
7430
7518
6928
6268
5492
6060
4500
2640
2460
2337
1244
1695
2090
592
1749
-43
-1417
-1771
-2185
-2303
-3757
-4397
-5363
-6337
-5205
-6344
-5745
-7163
-8547
-8177
-10157
-9075
-8922
-8754
-8743
-9795
-5550
-7464
-6514
-5709
-6130
-4838
-1622
-1984
-4634
-178
5121
3629
1967
2805
2332
4843
3783
4990
4321
4106
4212
5493
7118
5672
5655
5307
6294
5371
4717
4358
3462
4650
4087
2687
3378
3825
2769
1349
-813
-299
859
162
-1921
-3294
-4293
-691
-2121
-1272
244
-343
-116
-558
81
-680
-686
-3915
-2713
-119
-1710
-2548
-1166
-1240
-1833
-1450
-1968
1189
865
-3961
-2424
3433
4894
2823
1874
3587
2612
4649
2079
2846
3518
3534
3845
3849
2986
2121
2164
2301
2653
-213
-1225
-1276
458
-1268
-3361
-2965
-4640
-2679
-4556
-4748
-3301
-4584
-3803
-2505
-2637
-1241
-434
-3746
-1859
-1341
-2823
-3296
-3578
-3545
-4079
-3404
-4482
-4388
-4202
-4162
-4273
-5021
-5728
-3792
-4055
-3163
-2752
141
3229
-3149
891
3032
5208
5559
4327
7201
7088
6663
6043
8829
6959
5067
5748
5263
3644
3597
4404
3335
2931
5010
4037
5642
5315
2201
1092
1598
4749
3961
-275
975
5171
4797
3553
2521
1465
1891
2445
294
572
-601
-2228
-1147
-2228
-3070
-3471
-3637
-4202
-6028
-5584
-6031
-6578
-6846
-7227
-7187
-6660
-7437
-5206
-2146
-6905
-8343
-2788
-355
-2178
-280
-690
-95
-663
-1599
949
-186
1843
1597
1661
2099
2127
3533
5135
3947
-335
1612
2341
1622
1639
2024
2589
2618
2948
2940
2303
2149
2381
1838
1420
2596
1360
1594
1629
-230
1000
61
-258
-516
-1132
-1285
-1424
-3274
-2341
-3810
-4819
-3214
-5001
-5575
-4058
-999
-3964
-2189
741
-48
-771
-762
5744
5269
3852
5671
5101
5838
6986
8866
4876
7502
10952
8605
7371
3295
4273
7636
7193
4476
3493
4350
6615
5607
3307
4260
3761
3045
2139
750
-2619
-1234
-950
-1362
-3080
-3885
-5121
-5810
-6686
-6903
-8085
-7091
-9295
-9033
-7766
-8350
-8996
-7410
-10154
-11449
-10075
-8304
-7211
-7819
-6346
-7472
-865
392
171
-3947
-4260
3164
3121
3327
1991
3456
4215
4816
5153
4102
6951
8184
6981
7067
6360
8885
8195
8248
7888
5256
6208
4103
4877
2646
2779
5046
3057
2940
691
459
-29
-936
-1706
-3108
-1704
-1747
-3167
-4781
-5372
-5768
-7690
-5454
-3019
-4720
-2435
-2287
-2571
-2515
-1727
341
-2281
-2441
-2310
-2050
-1710
-1027
2025
2718
-710
310
6559
7111
5069
4885
3111
5152
5737
2958
2536
2769
4208
3277
2245
4014
4356
3678
2962
2768
1116
-522
-841
-2758
-4163
-6005
-4952
-4290
-6305
-7251
-6091
-6016
-7448
-5167
-4889
-6248
-4929
-5085
-4458
-3440
-3809
-2261
-4267
-3123
-2500
-2269
-220
-243
-336
-1243
1202
974
407
-598
890
-1364
-914
3809
2560
1371
215
4287
6744
5902
7172
7514
5887
6245
5788
6133
6266
5416
7037
6817
4589
1844
1821
3593
1861
352
252
-2356
-2452
-1371
-1793
-1151
-1047
-815
-941
-706
897
-494
-950
-1030
-196
1160
1248
1765
687
1014
87
410
505
-23
54
-1835
-1815
-1977
-2683
-3048
-2879
-4517
-5217
-4179
-2875
-4633
-5525
-1442
-2234
-4316
-4167
361
2717
1077
2450
1557
973
711
-37
-3908
-1320
-2740
-5188
-153
-995
-147
435
2176
2519
2707
1991
1326
-453
-3217
1889
2389
2196
3901
4563
4421
4545
3562
4839
4890
3628
2360
3528
3570
3177
3938
1263
2466
1424
-679
-1873
-2533
-3039
-2636
-3985
-3214
-2917
-3468
-5188
-3803
-5907
-7410
-3114
-1740
-2877
-5559
176
2673
641
1950
4292
3234
3488
5404
2349
3890
4741
4197
5676
1828
2740
5618
4112
5356
5327
4534
3083
2934
2703
1323
1990
2467
2512
3281
2242
2081
1496
1202
1326
-2094
-1571
-1883
-3077
-3857
-5257
-4509
-5594
-6490
-5765
-6775
-7782
-8647
-9010
-9167
-11840
-11411
-9462
-10639
-10012
-6181
-6259
-4202
274
-3215
-3128
-585
4450
5972
3125
1427
5614
8755
7933
9100
8177
8347
8733
7773
9373
8891
8587
8094
8650
8855
9627
6428
6008
6441
4954
4177
3572
2943
2958
2304
2001
809
247
734
-667
-1732
-2402
-4081
-4726
-3561
-4931
-7454
-5540
-5402
-7532
-6071
-5666
-5544
-6127
-5438
-5060
-5500
-3665
-2601
-1341
-8307
-2107
4325
40
112
-518
4728
5170
4196
3294
3474
3481
4019
2988
2586
3253
2164
3016
3099
3438
2894
2111
2061
1618
1297
955
-636
-1578
-1930
-1781
-753
-2356
-2813
-1848
-1578
-4164
-4386
-4402
-4921
-3927
-4243
-3578
-3485
-445
-615
-876
-731
671
2330
-1535
827
1949
1467
2481
2030
1421
-71
1954
2422
2445
1720
2800
5485
4162
3056
3919
7734
8143
5978
6380
5651
4393
4361
5058
5532
4388
4050
4532
3242
2381
2691
1849
1446
365
-1359
683
-1421
-2602
-1245
-2976
-1374
-710
-1003
-454
-798
-480
281
761
2926
-1268
-1527
3706
970
695
-108
-1370
-1628
-205
130
-571
-1172
-2376
-2638
-3260
-3509
-4016
-5760
-5290
-4076
-4437
-5544
-4752
-2941
-4779
-7190
-5407
-2586
-531
-2480
-2492
-1577
-1146
-114
-2975
-368
704
-3267
309
2081
-550
1678
3293
2424
5055
5211
6151
7222
7663
6598
5179
7986
7217
6545
6700
5372
5771
6093
5553
6147
5189
5989
5090
3203
3759
2720
1751
772
626
682
293
-1305
-1705
-2686
-4456
-4722
-6726
-5737
-6457
-6466
-5326
-6004
-2097
-3891
-7023
-4396
-4025
-3512
-2814
-3049
-2441
-3161
297
582
489
2411
1460
2300
3829
4193
443
3649
6735
4976
4741
4108
3414
3425
3633
2251
2165
2477
2172
2193
790
1147
1667
355
143
-608
-1193
-2514
-2340
-3865
-4370
-4470
-6137
-6422
-6165
-6704
-7573
-7440
-8662
-9901
-11771
-11078
-12163
-9049
-9017
-6061
-5179
-9079
-911
-1264
-4422
1452
3614
4511
6719
7252
5907
10109
10994
10400
10186
10702
11376
11558
11795
10845
11862
11669
9675
9751
8202
7623
6917
7114
5034
4454
4586
3982
3940
3757
1083
643
-393
-1225
-1891
-2573
-2367
-2448
-2883
-4163
-4136
-3960
-5873
-5822
-7959
-9092
-6500
-10767
-7672
-6021
-8499
-5074
-6416
-5374
-4926
-4150
-5077
-6902
-1716
515
-750
-1246
1885
3334
3191
4435
5468
6207
5792
5667
4725
4537
3791
2958
3473
2470
2674
3105
2162
2614
1784
115
-439
799
892
-1491
-1563
-2405
-3519
-1082
-1899
-560
-2833
-4323
-2597
-2324
-3740
-4140
-1000
-2583
-758
167
-411
1
4
1172
394
-3002
-353
-188
452
1124
-2879
-375
1292
3452
2226
2082
3830
5474
2100
2803
6680
5047
6268
4681
7783
6938
6656
7858
5180
5417
4307
4128
3914
1134
1556
2547
1007
110
-1951
-99
-2955
-3817
-3678
-4920
-2102
-4177
-2988
-1128
-1599
-1287
-1102
-1467
-594
-1940
-910
-2214
-4330
-1470
-2223
-2843
-2894
-2570
-3568
-2802
-3588
-3680
-4930
-5844
-5532
-6462
-5946
-8448
-6606
-5199
-5660
-5815
-2388
-544
-2984
-3578
-2587
-218
-692
552
1251
3091
3932
3130
4353
2953
2834
2360
3187
4153
1646
3446
4193
4210
5059
5631
5071
5466
7621
5998
6755
1916
3375
5498
3362
3446
4148
3649
3277
3716
3384
3400
2838
926
435
648
-268
-1270
-1620
-1151
-2055
-2629
-4069
-4802
-4548
-4090
-4814
-4583
-4101
-2404
-4399
-4431
99
-3436
-5421
-6483
-2891
555
-2589
-227
-556
-2886
2700
5362
3105
3068
1222
266
4464
5008
2178
1678
2572
5951
4085
2055
2856
3670
3561
3873
1952
1231
733
181
-929
-484
-1751
-2718
-1608
-2248
-2411
-3299
-4038
-5647
-5528
-5200
-3950
-2834
-3644
-4248
-4841
-4614
-4992
-5683
-4079
-6637
-2989
-3043
-6104
-2040
-4349
-6567
1139
2906
-1342
820
3727
5435
6571
6573
5308
4589
6779
7658
7995
9005
8783
7721
8670
8238
7452
6418
6895
6400
5077
4023
3071
3649
3246
2008
1796
1564
1004
1315
-724
-432
-1875
-2073
-2456
-5325
-3153
-3604
-4260
-4537
-5083
-8047
-4553
-4432
-5843
-5432
-6097
-6504
-6191
-4682
-6659
-6755
-6525
-5658
-2804
-4848
-2788
-3629
-1985
1676
-888
-1342
865
4114
1524
2933
2479
4431
6843
3785
4634
5976
7876
6333
5363
3959
3448
3734
3788
2919
3467
2539
1301
1907
918
2952
1471
2104
1300
481
-868
-96
258
-655
-1214
-3742
258
-3615
-603
1477
-1542
1830
2863
1238
2125
1253
826
-1303
-5547
803
-1592
-1836
-281
-666
-139
-972
1276
-1570
1641
4507
915
-2835
-1284
4695
6206
5466
4581
2148
3456
5126
4834
4153
1071
1596
823
1049
-783
173
369
-2378
-1107
-797
-1035
-3267
-4774
-5456
-5215
-7467
-4004
-1791
-1194
638
298
814
-199
830
53
-1774
-3075
-1579
-1163
-1578
-1302
-2027
-858
-508
-650
-1646
-3326
-2769
-3504
-5101
-6160
-5344
-2269
-2169
-682
182
596
4290
703
1092
4164
3599
5450
5337
5093
4117
5001
6307
3197
3638
2767
2278
2756
1129
3175
-564
747
2668
2994
4102
1881
4929
2882
3225
5985
138
1259
5312
3433
3061
2605
4635
3879
4136
3552
1376
784
-181
-1111
-1748
-1762
-800
-2550
-3126
-2709
-3958
-4489
-5544
-5649
-5737
-6730
-6776
-5592
-4018
-5668
-5635
-6198
-7120
-7747
-7302
-6528
-5032
-2059
-3294
-785
-3579
-1906
1014
-263
749
1532
2872
2070
3137
3167
2978
690
2959
3974
2551
3703
3324
2859
4047
3792
5036
5452
3233
3851
2223
4872
3372
3441
3850
1695
3898
2899
616
-201
-632
644
-315
124
421
1518
1212
-123
-363
-2038
-4502
-5407
-4087
-5342
-5902
-3695
-7249
-2208
614
-2276
-469
2899
3433
3142
2540
4065
1665
927
5075
5400
5292
5507
5930
5118
4848
5587
5812
6581
4414
4681
4837
2570
3219
2529
2387
2744
965
-87
-330
-857
-1116
-2823
-2558
-2031
-3051
-3297
-4207
-2709
-5798
-5526
-5977
-8196
-5012
-7390
-8034
-6544
-9207
-9401
-7334
-7765
-8460
-7156
-7116
-5510
-5072
-5888
-3251
-2692
-2895
-1613
732
2836
3435
2306
3427
4035
5132
6160
7495
9446
8156
7965
9178
9147
8929
9207
8541
8462
8784
8308
6333
5879
4590
5066
2759
2042
4732
3454
1612
-89
-1943
-1211
-834
-1586
-1833
-2280
-3165
-1536
-729
-3515
-1796
-2779
-4561
-2767
-3500
-4255
-2292
-4868
-3737
-735
-4105
-2414
-2080
-2994
-4276
-1325
2663
-1481
-3153
98
2818
2486
3401
2400
3056
4968
4733
4300
2527
4105
3569
2530
2909
2208
1996
72
-559
-182
-2112
-2287
-5620
-4657
-1190
-3031
-1959
-2664
-3697
-3829
-3751
-4826
-3842
-2293
-2250
-1526
-45
-93
397
-1122
-2775
-976
-1363
-2464
-1133
-1237
-1367
-239
-672
-142
-1326
482
-633
-1517
751
193
-1187
268
3444
3591
53
851
5392
5386
5614
4186
3121
4157
5810
6512
4923
5403
2336
2288
5432
3131
4492
980
-1845
3211
3756
1956
2261
1398
2521
1976
2182
3252
2896
2093
3002
4126
2100
2802
2573
1726
591
748
912
792
-167
-985
-796
-2263
-3282
-3262
-3440
-4368
-5606
-6029
-6901
-6296
-7408
-8894
-5604
-6569
-6893
-5368
-2632
-4000
-7668
-2911
-3894
-3411
-1140
-1636
-1881
-3130
-2250
-2773
-1527
1428
2302
3524
3176
2923
4645
5007
4596
3809
3316
5218
3712
4484
6414
7155
5881
6734
7293
6601
6388
5666
5751
4787
5081
3649
2715
2474
1218
620
-345
-706
-1033
-2962
-3925
-2356
-2957
-4074
-6200
-6430
-6873
-7725
-7036
-7878
-5524
-4505
-5707
-5515
-5195
-4588
-3792
-880
4064
4503
4726
4692
6885
7837
8458
6995
2122
6501
8655
7968
7797
7429
7462
7496
5428
6341
5976
5764
3367
1370
5203
3198
2149
1748
1256
-570
-348
-2594
-3522
-3171
-3934
-5068
-4567
-5073
-5439
-5765
-7164
-8925
-9387
-9441
-10068
-9578
-10363
-9593
-10790
-10387
-10355
-11001
-6307
-6448
-5158
-3989
-5317
-429
1984
1291
243
4705
9855
5122
6808
8166
7601
8553
10080
10050
8814
9058
10502
11125
9513
9268
8734
8083
7540
6986
6878
5848
3045
1539
1658
1941
921
288
534
-140
-2018
-3012
-2791
-5062
-3990
-3733
-4447
-3929
-6551
-5162
-4256
-4281
-4450
-3977
-3174
-3546
-679
-2202
-1763
-3698
-6265
-2198
-1563
-173
-116
-803
-1106
699
5304
3234
1565
3307
5136
5824
4454
4873
4497
5476
4205
4221
5067
2536
2917
1610
1798
1376
-286
-243
-86
1197
626
-111
-1537
-5159
-4348
-1928
-5360
-4355
-6402
-6925
-3794
-6121
-3181
-2320
-2022
-305
613
-474
746
-179
-2957
1659
1272
155
1152
1235
2313
2735
2594
2606
1850
873
1510
1220
1807
1088
1915
2565
4015
3134
412
4993
6550
4597
4294
3514
2315
2671
3753
2864
1112
1393
-414
1687
2284
-411
2288
-762
-1226
-455
554
170
1036
786
-1116
705
-626
2
613
-2893
-1664
-39
-869
165
127
-485
200
887
-972
-626
-992
-797
-677
-1770
-733
-1125
-2222
-2391
-2232
-3878
-5135
-5481
-5864
-6946
-5960
-6043
-6833
-6054
-3198
-2367
-5579
-4144
-2683
-1266
-2099
-3648
686
502
-3555
-1024
1835
1596
3099
5017
5643
6006
8328
8090
10260
6630
5457
9674
8247
4119
4265
5630
4841
4417
4462
4559
3634
4407
3147
2677
3784
3568
2053
1148
737
-1
-1050
-3096
-3352
-2568
-2907
-3034
-3368
-3653
-3257
-5287
-5807
-8146
-8640
-7491
-5386
-6321
-8261
-6058
-5294
-4014
-7023
-2516
1932
1943
2912
3858
5831
4237
4418
1018
3186
6088
4711
4253
4824
3864
4140
3304
3104
3417
2534
2845
2805
1138
96
-366
-969
-440
-832
-606
-682
-1636
-2202
-1605
-2342
-827
-2808
-4230
-3998
-4854
-4490
-6108
-5542
-6355
-6530
-7700
-6948
-7500
-6906
-4781
-4597
-5267
-2838
-1370
-2930
-404
-86
568
4060
3543
-703
6077
8054
8974
9600
7905
9682
8245
9040
8677
8652
8131
8663
6466
6065
5875
5278
5629
5260
5031
3051
2966
3431
1177
-916
218
120
-663
-1936
-1987
-1786
-3156
-3755
-2284
-2047
-3137
-1955
-4884
-5163
-3594
-7993
-6655
-2132
-3219
-4015
-4293
-3224
-3018
-2460
-3999
-6855
-3122
-2811
-2437
-2023
-1129
-1753
-1528
1873
1820
-821
-464
2402
2159
3533
1944
2323
2743
1285
1777
2246
2030
1570
1026
1264
1343
-1043
-1825
-590
135
-1422
1680
139
710
1472
1487
2902
3402
1739
1529
3808
-1790
1635
3556
3981
2681
1839
4220
5273
5831
999
2311
3505
4838
3735
-1328
-176
526
439
463
-1826
951
1252
-135
-399
-306
-545
-2803
-1616
80
-605
-2937
-1435
743
2203
1018
835
2713
1330
497
-267
-1403
-1918
-2068
-620
-1098
-1676
477
-1899
25
1134
-1546
1263
1842
-123
2119
2203
2187
3382
-493
322
2005
829
1068
810
221
-235
411
-540
-568
-346
-113
-1025
-892
-1691
-3462
-3542
-4555
-5935
-4317
-6222
-5132
-5710
-7285
-6044
-5173
-6518
-6687
-5039
-3475
-3546
-4870
-3392
-951
1254
2338
1836
4166
1478
1861
4143
3901
5898
8017
7758
8286
7970
8213
11130
6760
7281
10700
8658
7468
7137
5400
5795
7273
7525
6826
4441
4958
4216
2388
346
-506
1258
1081
501
411
986
562
-1242
-1223
-3280
-4519
-5297
-7013
-7492
-7704
-7089
-9299
-8961
-10183
-10619
-10372
-9965
-9336
-12108
-6978
-4114
-8931
-5262
-421
123
364
593
3580
5565
1229
1715
6194
5192
5889
5751
5163
5135
6333
5302
4264
4686
4181
3630
2356
3131
1525
1723
2674
-1057
1624
-457
-2078
1656
558
1120
80
591
-653
-409
-663
-1683
-1807
-3138
-2860
-2402
-3099
-5032
-4237
-7227
-6978
-4365
-7251
-4256
-879
-5837
-2374
-913
-2721
854
3056
-1538
-238
4947
9446
8829
5967
5689
6736
8643
7252
8518
7161
5853
7111
7339
7137
5869
5384
4079
5681
5224
4170
2628
245
-1854
-920
-459
-2694
-2349
753
632
-1275
-3082
-2996
-2796
-6148
-6310
-6573
-7669
-8413
-8155
-8550
-7604
-5307
-4276
-3551
-4597
-4356
-4386
-4932
-7600
-5688
-5016
-6061
-4392
-6500
-4531
-3779
-2864
227
601
-198
-72
4349
4626
4443
4505
4290
5818
5746
6612
5529
6170
5323
4917
3995
3942
4166
4149
5513
3118
4374
1938
2882
3630
1876
2652
1939
-80
-873
1001
-1035
956
-1173
-293
1237
-155
1137
1485
1828
-623
-1716
554
-172
-801
-1165
-912
-1358
-1371
-2828
-1919
-1145
-3166
-1440
-1436
-3974
-2622
-2367
-4155
1556
1934
-2325
-1643
3030
3264
2345
2092
747
2677
2075
1691
-725
-1902
-732
-252
-1481
-1042
-680
-1402
133
1508
297
1303
1875
683
2068
515
-427
1081
545
-3995
-536
568
-189
803
-870
-1311
-1437
-1627
-1257
823
-3215
-2036
-2710
-2159
-1611
333
-405
-3512
-1023
-2211
-2831
-2336
-2796
-2339
-1699
-2550
-2734
-2955
-2196
2197
-1131
-3224
-1373
2301
3812
3270
5496
4404
3427
3682
2472
3472
5054
5076
5592
6864
5607
7216
8800
2970
3563
6775
3736
4083
3864
3551
3685
5030
3922
2904
1904
435
1758
-99
275
68
-1435
-1992
-2690
-2041
-3829
-4427
-6075
-4311
-4467
-4114
-4037
-7384
-8230
-7607
-8969
-9963
-7776
-7834
-8297
-7564
-6608
-8704
-5848
-2988
-4517
-3049
-1995
2187
2630
1803
4463
5869
5873
2619
5649
6969
6368
7598
6133
6986
5526
6027
5895
6349
8790
7350
8403
7989
7958
8104
6237
5095
4211
2828
1639
1225
1751
2127
-372
931
-103
498
-527
-656
-2249
-4543
-3911
-5274
-6118
-6481
-5946
-6567
-6473
-6008
-7402
-5110
-4784
-5205
-3510
-3071
-714
-3201
-1318
842
-1575
2914
2022
2383
7629
6011
4504
8424
7111
6295
6429
6262
6112
5882
5700
4378
3796
2508
3200
756
-331
922
-352
-782
-2044
-3316
-3765
-3928
-3688
-4048
-5924
-5316
-5700
-4264
-5310
-5049
-4662
-8008
-6191
-7732
-7722
-3950
-4062
-4089
-2747
-1618
-634
849
-159
-3776
-3013
-1644
-1875
-2230
-2215
-354
3701
2134
1826
6360
5715
1928
3424
7662
7286
8611
8724
9022
9877
9581
8575
7504
7552
7165
6270
5661
4289
4650
4854
3544
2056
1050
1960
-48
-573
-2105
-2015
-2958
-3954
-2543
-4325
-271
-196
-2903
-138
-284
141
902
1059
-2270
-4143
43
-255
-757
-872
-944
-1804
-1687
-603
-1625
-2478
-3449
-4337
-4415
-3417
-3944
-3581
-3580
-3655
-4104
-269
-3200
-6074
-2313
-2174
59
85
1419
-963
60
-1065
-2252
-2835
-3757
-2518
-3201
-2341
-4357
-152
-1794
-3230
441
-970
75
2014
757
3746
5004
3400
1843
1593
5964
5361
5661
5870
5622
5903
6423
6375
5548
5816
4782
4536
3748
3674
2845
1068
152
-619
-1066
-1424
-2567
-3406
-4282
-5182
-5363
-3954
-4716
-4910
-2610
-1949
-4767
-5753
-1746
502
646
1280
683
-856
1029
527
-547
2642
838
2272
3338
3203
1477
2589
4024
171
2605
3702
3527
3046
2831
1451
2457
4026
1382
1410
1166
1309
430
-182
-959
-587
-2491
-2500
-1536
-3115
-3289
-4036
-5000
-6082
-6397
-7517
-7703
-8091
-7735
-9614
-9083
-9724
-10367
-9573
-9407
-9946
-7733
-8303
-10250
-5403
-879
-4368
-4147
1203
5166
6110
6979
5365
6063
5585
7156
9263
6546
8587
11408
8619
10032
10303
8677
10452
9166
7785
9282
9565
8925
7370
8418
7821
5952
5163
4875
2927
2562
1397
-51
499
-166
-435
-72
-1712
-4512
-4844
-6295
-4597
-7615
-7625
-6854
-8131
-6464
-6310
-4773
-4970
-5106
-4382
-3505
-4905
-4016
-2699
-28
-461
-807
-1649
-334
4378
2589
3368
2237
3162
4605
4092
4410
3911
4310
4391
3849
2234
1804
1542
1196
1131
1373
2147
1567
688
-133
-1776
-2336
-2251
-1230
-3988
-3784
-2541
-2808
-3044
-2851
-3528
-6413
-5057
-2959
-1380
-3440
-2262
-1233
-940
537
478
-268
1630
2098
-2504
-409
901
881
-555
182
-26
437
895
1774
3759
4991
1562
3285
6466
6497
5851
6788
6820
3790
4991
4936
3332
4288
4884
4510
4606
5221
4705
3178
2189
1261
158
-51
-628
-1395
-492
-1094
-3445
-2880
87
-740
-2806
-3264
-3719
-1314
-1455
-2984
-1130
1652
-31
-2345
-221
-442
-409
-2827
-2632
-3206
-3972
-4536
-4695
-4404
-5747
-5939
-5997
-5662
-6831
-5899
-6024
-6011
-3093
-5249
-6045
-2638
-967
-529
-1072
859
1444
1859
1712
279
390
-989
1231
1310
3349
4147
131
4200
5110
3724
6837
5118
6005
4575
4071
4195
6520
5369
940
5846
4517
5121
5511
6210
5617
5542
5371
3757
3261
1569
1999
-40
-7
-1036
-721
-1131
-2149
-3009
-3908
-4563
-6114
-5591
-6431
-7748
-8002
-6487
-6868
-4611
-4708
-5539
-5145
-7924
583
3997
1205
1877
-368
1401
3374
435
564
1235
2171
4042
4927
5661
5470
7798
3861
4149
5544
1415
1484
4007
3669
1229
1338
2029
3908
2106
-101
1250
1766
-596
-1759
-1789
-1937
-3923
-4204
-4578
-5320
-5932
-6683
-5695
-6933
-6495
-5870
-4798
-6621
-6354
-6481
-7803
-5886
-5848
-5282
-5518
-6151
-3641
907
441
-1859
2839
7112
7834
8868
6998
10864
8751
5235
7532
7932
8042
7768
7481
8211
7309
6893
6174
5895
4384
5010
4539
4315
5338
5102
3856
1137
295
600
214
-26
-104
-3245
-3096
-3964
-3263
-4529
-5413
-4329
-6958
-8435
-10659
-7740
-7906
-9534
-6651
-9077
-9494
-6500
-10188
-8897
-6350
-6597
-5087
-3995
-1846
-857
862
-195
-1127
-1953
464
2455
4103
4473
3846
8709
8120
7093
4620
3573
7282
5890
3216
3197
4273
4780
3444
2204
4143
2616
1459
3257
3232
3317
1038
1036
2197
752
-124
-3338
-2510
-1546
-2769
-2040
-3180
-2892
-3684
-2309
-1592
-52
-459
-1517
191
-1714
-3
686
739
-3003
-3180
2337
527
-1432
-613
-603
767
707
281
4200
-1305
-189
5474
4916
5427
4184
6412
4006
3821
4155
2322
2499
1503
2576
2820
1822
1099
267
47
-127
-1061
-2868
-3199
-1882
-2980
-4671
-4662
-5927
-5664
-5968
-7094
-3672
-4059
-3900
-3100
-2874
-1586
-1653
-1409
-239
-2741
-3295
883
-1456
-1549
-456
-1044
-962
-2246
-2515
-2903
-4862
-3411
-3527
-2306
-330
-1425
478
2484
5064
947
889
4938
4574
5408
4108
4400
7699
9149
9373
8064
5862
5566
4326
3981
2977
1005
-1034
293
2405
1243
1387
2382
2871
2657
2710
2235
1514
1725
2454
-1899
784
3184
476
2324
2586
1887
20
1598
1598
