-654
-8649
-7159
-3120
-3477
-4131
-2105
-4063
-994
4622
2203
4146
4868
-457
6397
7777
5312
5065
2978
7028
5694
5684
4437
5015
4691
10667
3659
863
4811
3206
5693
4737
3736
2987
2484
1341
1370
438
-634
-2834
-6295
-5282
-5676
-5756
-5729
-6096
-8485
-9794
-1763
-12110
-8081
2326
-7783
-3170
-5968
-5455
-3190
-4188
-4489
-2160
99
1048
2665
1420
4459
3809
7231
11093
9760
13532
15104
16268
17351
18752
12408
14925
16458
15021
15744
13180
11635
10381
10901
-1084
1730
3109
-1374
2017
106
1954
-1568
-1941
-1723
-1748
-2417
-3672
-3250
-8192
-34
-6699
-7530
3499
-5148
-232
-790
-524
-1141
-924
-563
-1771
1117
-1068
241
-659
-622
-228
515
-233
1441
-152
4261
3938
-925
4092
6130
6306
6350
6366
4902
7208
6304
4198
4823
1694
819
-206
-1990
-1355
-2159
-2328
-3749
-8826
-8872
-9177
-6925
-6994
-4268
-6877
-10173
-1427
-9019
-3083
3817
2480
449
-956
3235
963
3101
3625
3278
2901
596
594
-30
-1634
653
-218
2528
-4488
-8830
-3538
-2981
-1268
-513
1130
2107
2006
3276
5551
4067
8418
9187
10574
10945
10625
8830
10389
7694
7127
6498
6268
4038
2232
3537
-3399
-2707
-11412
-11194
-1964
1905
-4342
2960
7127
5947
9839
8194
11138
8685
10361
9334
8662
7323
6092
7657
5618
6964
280
-1218
4970
1179
26
-211
-36
-633
-2163
-1643
-3210
-3749
-4965
-5345
-5152
-4610
-3876
-3713
-1904
-3673
-4325
-3408
-5629
-2721
-3197
-4372
-5626
-7754
-6946
-5411
-4462
-1984
-5417
-2046
2260
-5651
7701
5107
1342
5591
4411
9215
5380
6322
8645
9241
11204
13691
6487
9795
10631
8407
7349
5512
4864
5113
5256
4383
1122
-2373
-2317
-4575
-4937
-6684
-6049
-6891
-8408
-9035
-11654
-8376
-6925
-5511
-4699
-4923
-5324
-5323
-3589
-1862
-1058
1036
1864
2569
5595
8012
13598
6138
10882
15372
11288
13069
17798
16824
19221
14085
12297
15581
10146
18469
16091
11670
12641
12989
11661
10122
6757
5941
7325
3411
2983
668
874
638
-791
-1717
-4215
-6403
-6972
-8976
-9797
-10265
-12826
-14170
-14889
-17098
-15596
-15520
-15421
-16342
-17338
-17552
-14464
-9072
-10254
-9375
-5404
-2959
-8122
1707
12233
4732
7347
7814
11727
6068
8179
14487
13711
15229
13232
13556
10647
6480
9437
6827
6257
2488
1674
4045
4089
3733
2289
2626
835
808
-191
-1351
-2255
-2344
-4658
-5215
-9305
-10909
-8991
-11745
-12912
-14053
-14171
-15266
-11730
-15592
-16294
-12623
-12312
-10355
-7855
247
-5874
678
10246
9033
9050
6867
13665
14418
16410
20160
19851
18872
18718
20658
18420
16427
14203
13702
14285
15661
13951
5470
7424
12421
2247
3424
958
-1646
371
598
-1255
-3626
-4729
-4000
-4071
-6363
-8083
-6456
-10825
-10152
-7862
-10912
-10606
-10108
-11450
-10356
-10514
-8454
-9332
-9255
-1238
-8826
-7080
-1518
-743
1605
3553
5897
4863
7521
8866
11227
10995
10091
10561
10697
9563
11542
10644
9893
7164
2923
3646
899
1181
-338
941
-1041
-4362
-5902
-4960
-2045
-3144
-2151
-4543
-4931
-5804
-4372
-5460
-8601
-2351
-2137
-2739
-4181
-3958
-6348
-4210
-3209
-7274
-9509
-7194
-9013
-8521
1527
-3127
925
11
276
529
324
3639
2943
6150
6538
8951
8871
9207
9053
10757
12046
10432
8624
9799
12083
14665
11205
9882
8747
6174
9021
7218
7208
6144
5231
4286
-3243
-403
1979
-3603
-2409
-1950
-4703
-4710
-5000
-3773
-5103
-4697
-5705
-6828
-1551
-2237
421
-6977
-9791
5281
-776
1175
511
4529
2657
-229
2703
2163
1436
-930
415
-1547
-1708
-2596
-2756
-540
584
-4858
-2482
-1779
-5095
-2090
-4501
-3245
-2031
497
906
4886
4438
2868
3871
1965
1530
1800
1241
1269
1140
-920
-240
1544
-3363
-4217
-520
577
2059
-3323
2712
6138
-3220
7959
9425
6233
6338
5919
7022
5723
6560
-459
1601
-1097
-79
-1501
-2111
-4969
-5357
-4702
-4388
-6746
-12702
-4193
-2749
-689
516
-703
2106
5191
5902
7055
8586
9443
10752
10726
11187
9730
11130
11808
11189
8272
2993
6564
8419
5106
7793
-1664
-4233
6094
834
7878
7641
-713
12150
12490
8911
9454
10692
11325
6552
8028
7599
5372
4435
4511
2613
1028
-1567
-1668
-1073
-1610
-1883
-8042
-6065
-6248
-5050
-4421
-6110
-4501
-5057
-4797
-5362
-3941
-5530
-3452
-3752
-3085
2134
-4575
-1683
956
136
1373
55
-1390
-373
994
-1160
2543
-991
-155
7242
-3385
2153
9721
6740
8106
8358
11274
7998
8207
9267
4083
1832
1654
406
-520
1648
-1089
-960
2278
2508
-1883
483
695
-1310
-4940
-7592
-4769
-7309
-6232
-8094
-6105
-3670
-3645
-4273
-11107
-5888
-2545
-485
496
-1020
-1262
-171
1651
2248
2709
1811
1825
5728
6778
8710
12642
8050
13382
17848
14497
14778
11967
15437
5717
-138
6578
1074
9554
10188
9730
10622
8379
6772
7287
3083
2549
1677
1726
4178
5368
4059
2578
2837
2043
1622
763
-3146
-5700
-2909
-4942
-6631
-8391
-10307
-10746
-10835
-12095
-13144
-13038
-12749
-13212
-10848
-11129
-8786
-6526
-5342
2510
-5507
-1164
6629
3684
4367
3074
3735
2400
2476
5116
4690
4573
7591
7498
-705
528
4392
1415
5291
5668
1770
1695
4111
4318
4085
1432
5100
4143
-959
2490
2503
3828
1704
-572
-2380
-2918
-2287
-4071
-6988
-8000
-9698
-12952
-13522
-16281
-15814
-15199
-17049
-14233
-13553
-10371
1804
-4455
1074
7431
4768
6976
9354
12840
10793
13491
9439
9311
13379
15389
13867
15201
15700
15944
16565
14012
17479
7760
3163
11919
10970
4080
5317
9667
7718
9120
8144
6029
3092
2841
3645
1148
-13
-1517
-4010
-5918
-7147
-7396
-10462
-11342
-12075
-14124
-14740
-14839
-15208
-16990
-10171
-17845
-18570
-7926
-8759
-5171
-6605
-2625
-2093
-3047
5191
5092
4880
7582
9049
8864
9167
9665
9419
10574
11119
10802
4449
1710
5562
6674
5352
3934
2746
-759
609
1504
6423
4227
3217
2041
616
2211
-3496
-4951
-7009
-5731
-4677
-5677
-6214
-6729
-8737
-10307
-11444
-13347
-15205
-10775
-14531
-10925
-4532
-7009
-8868
-10003
-2620
-6592
-2278
-1260
-5072
1609
3082
4513
5906
11596
9737
11704
7115
11773
13383
12454
17095
14368
16095
14399
15166
17123
13393
13231
12965
10267
9180
8112
-1738
2481
3911
742
114
-3122
-2874
-3636
-4139
-4867
-7126
-12325
-9078
-11080
-9672
-1209
-8549
-9522
2129
-3690
-2761
-404
-1564
399
-540
2104
1380
2002
2078
3158
3768
4655
-3272
-2282
2767
4107
2495
-354
3155
2345
5033
3118
2438
2089
1371
1919
41
1031
-998
-1077
-335
-1599
-2275
-2730
-1586
-4228
-5230
-7359
-9304
-8017
-12410
-6847
-7716
-7597
-3721
-8050
363
-6158
-3336
7315
2428
4140
5174
6177
6632
7644
9084
8041
7378
4982
-1092
3055
4350
1408
835
-1323
-1629
-6470
-4795
-1346
-3106
-2703
1476
996
1078
1669
6990
7825
7661
9337
7002
7707
8909
7571
8028
6186
2449
1916
1425
2121
1084
1096
680
-5153
-7302
-11651
-1712
-106
-5626
6397
8317
3475
10829
10668
14037
11086
14667
10510
3836
6435
5438
7009
4690
2186
3760
2607
4124
1050
-768
-852
-2234
-3561
-5558
-4543
-6931
-8842
-9310
-9218
-9534
-9933
-9672
-9300
-8489
-9264
-11457
-12815
-11274
-6191
-10299
-5677
-7081
-12550
-8715
-7334
-6704
-1688
-4743
1259
3618
-2773
7629
11509
6419
8796
11012
6236
8708
13128
12799
12672
9669
10206
10309
8412
10135
11437
8443
7520
4141
4063
5474
2178
-249
-1257
-1043
-3637
-6145
-5198
-7095
-5644
-7932
-11884
-12023
-13609
-10324
-9238
-8694
-6548
-7061
-7576
-4167
-2989
-1900
-980
-939
2576
3065
1533
9087
6348
6655
18420
12108
8780
12443
15886
15180
14242
15964
5447
11161
16694
11928
14798
11869
11569
10230
10673
7395
2068
2541
2991
1730
-556
-2408
-2863
-3884
-5408
-6880
-9229
-10175
-12550
-8866
-9348
-10078
-8522
-11420
-11638
-11848
-11094
-10631
-12198
-10936
-11867
-11162
-11141
-9835
-7203
-9938
6368
-3943
-4327
12489
8682
12036
9670
10055
11767
11463
14546
7422
7522
8582
8562
9532
8695
5830
3000
6936
3390
3047
5589
2404
2045
-87
300
-2678
-5414
-9572
-626
-229
-2645
-1250
-4035
-5501
-4165
-3784
-6680
-6102
-8048
-9139
-10175
-11084
-10381
-9728
-15913
-12639
-11891
-17285
-8189
-3872
-3841
5910
6601
6567
9258
10988
14192
13985
16000
17492
18305
17815
18198
17864
17560
17785
15493
17028
12560
12255
11952
13027
4305
-3530
3128
2075
6589
3641
3038
2576
87
1536
704
-1113
-4764
-4979
-5476
-1584
-3702
-4169
-4393
-4281
-9748
-8609
-13215
-14277
-8268
-9563
-9572
-5122
-8246
-9566
748
1234
327
2782
1447
3609
4236
4489
6850
6237
6087
7124
7843
7216
7035
6160
7225
7185
226
3694
842
-385
5437
373
2719
1948
-1863
392
-2756
-1869
-704
-160
606
-2612
-2002
-3170
-2720
-2417
-4824
-5560
-8416
-10082
-10347
-9863
-7389
-7779
-6867
-6093
-4221
-10948
-3806
-1769
-3619
-4135
-5467
-2863
185
-917
-398
1624
-2556
-1666
2630
3175
4812
4729
3214
9443
5803
7474
12266
10485
10925
11704
9818
12436
10755
10209
11722
11894
12086
6776
7864
7832
5332
-2589
5307
4574
-4712
2811
1080
1706
2343
-1349
-1858
-607
-110
-4620
-398
3881
-5216
-686
4899
3359
4275
2691
2302
2165
780
-440
1014
-487
1297
-1458
-2770
-4457
-3484
-1213
-1002
-2341
-6459
-3616
-2215
1221
236
797
2861
3906
5437
6302
4993
6109
6869
5950
7192
735
-2440
1292
2576
2014
1036
-4753
-3819
-3686
-5101
-5060
-2367
-2033
-8130
1683
-4029
-6795
6453
665
-1801
1775
6786
4226
4276
5558
4747
2760
550
-1741
-2387
-6244
-7756
-5979
-8292
-8976
-7822
-7208
-5304
-4341
-4631
-1793
3531
4090
6480
7034
8293
9413
9940
3444
4273
6804
5894
7484
4071
6148
4347
4621
1060
6644
7332
6413
2690
5542
5051
-10065
-51
-2223
-5036
5405
1857
4613
4603
5648
5802
3267
1562
-1642
-987
3243
325
-664
-1703
-3751
-1935
-78
-1393
-5605
-4258
-3245
-2892
-3182
-4203
-3165
-3231
-2769
-274
-8507
-11470
-2852
-4825
-3341
-506
-3043
-2043
-1164
-688
-1529
-5271
-4029
-4266
-3756
-5407
-7802
-2691
-6377
-762
-975
-5883
6997
7360
5469
2275
-22
4179
3052
7165
5761
4072
6252
3356
4651
7024
3915
3032
4704
6695
5738
2079
4960
4813
5686
2521
3961
2285
-8098
-4095
-3049
-5253
-8492
-8167
-7574
-8179
-7799
-7289
-5217
-2205
-2010
-3291
-1476
-4149
-3191
-1294
-1725
-3070
304
3800
9060
11464
1943
11653
14044
9567
11355
11983
15052
11985
13638
8527
2612
11831
10687
9606
13342
11264
5947
7204
9634
8511
6359
6180
7307
5064
-1465
3435
4306
2113
981
-605
-151
-2387
-2596
-5243
-7452
-7252
-8985
-9972
-10697
-12206
-10696
-14414
-14622
-15050
-12592
-11700
-12439
-8088
-6911
-625
-10331
-7690
5055
1903
2562
2779
2197
4528
6283
6702
6585
8375
9275
9867
10789
9009
6864
5424
4990
8153
9917
1461
5198
7589
8127
5985
5883
7675
5302
4358
3739
3330
-3892
-5318
-5722
-7137
-8872
-8671
-10225
-10606
-11692
-14309
-13933
-16062
-16778
-15595
-15975
-14708
-16125
-11792
-5778
-5903
-1142
4999
5348
7054
10881
12913
13587
13718
16989
18447
19986
20391
20505
19941
19057
19919
18704
15741
11111
12543
8711
9756
5535
-425
10050
7456
8304
8097
6306
5118
5348
4032
-2217
-219
-3342
-5639
-5096
-5870
-7807
-8353
-9768
-12664
-13134
-16501
-17596
-13515
-14118
-16025
-10085
-11272
-19537
-6879
-3017
-6654
-2694
-1259
3383
4992
4747
6378
7553
10133
11732
11784
10872
6061
9756
11351
9797
11071
4325
3100
6184
6728
6768
5016
5716
4279
4414
3984
574
628
857
-692
-1356
-2444
-4141
-4627
-5074
-5039
-5862
-9931
-13882
-8385
-12285
-11630
-6923
-11950
-11763
-6177
-5418
-11940
-2950
1237
-1423
-2115
-1950
-410
-2896
-2826
3654
4850
3551
3979
8395
9954
9886
11514
11634
14696
17113
14297
13556
15653
15529
15670
13833
12640
13725
11929
7706
7617
5644
5828
4366
2948
4339
-467
-10678
-8544
-5373
-6325
-5830
-6866
-8619
-9044
-8454
-3662
-7875
-9376
190
-8809
-1857
4691
-132
3363
1815
3647
3385
3471
-3140
1404
6163
4425
4239
1755
-2690
-1936
-1062
-125
1408
185
-1366
413
854
1451
2144
2629
2457
2244
2100
186
1188
1310
-870
-520
-2921
-5515
-3708
-720
-2576
-4285
-4788
-4896
-5285
-10834
-6543
-7548
-4838
-1584
-2074
4162
-4097
3543
13296
9364
9281
8495
8068
5995
6659
7915
7187
6304
5266
4806
3272
2101
2246
-134
-369
222
-3055
-5823
-6597
-6625
-5861
-7421
-4249
-2468
1809
2689
2052
2027
1645
3032
4112
5529
3744
4944
-251
-885
2882
1765
3489
4977
3164
5103
6410
6789
4064
13840
8239
-4657
15167
6941
2606
12113
8626
11829
10766
8750
9393
8716
9002
10543
7070
5635
5452
4823
3221
2464
2343
-1592
-4239
-2693
-3559
-6132
-6924
-8772
-9937
-10817
-14039
-12883
-10316
-10787
-11125
-11432
-11479
-10597
-8377
-7674
-6983
-4974
-6566
-4763
-6034
-7177
-5512
-4687
-1726
2678
8981
128
-1458
12997
9140
9980
11973
12133
12386
4902
7919
5512
7153
8122
7026
7295
5113
4951
2488
4667
4731
2875
-2958
-4916
-1763
-4809
-6406
-5435
-6534
-6195
-8491
-11118
-10397
-14578
-13031
-9945
-10708
-10569
-9182
-9415
-8628
-4715
-4898
-5813
-3457
-4389
-2672
167
5158
1822
9932
14476
5585
12536
13750
9565
17352
15318
15874
15987
15262
14269
14702
15536
16749
11395
5667
11295
9361
8302
8323
9566
4964
-119
1609
-1966
-3518
-914
459
-1523
-1385
-3541
-2772
-3064
-5918
-4699
-5303
-5674
-5873
-7102
-7802
-9448
-7852
-9048
-10237
-11366
-17802
-16001
-11008
-8622
-9039
-1494
-4563
-7787
3356
3985
1688
6967
11326
8038
9317
10666
10549
10696
9677
9437
8774
7439
5836
6295
5749
5210
2833
-3504
-4994
549
1692
644
-2161
-4956
-1559
-1975
-3436
-789
-2365
-4041
2018
652
155
-530
-797
-3284
-2269
-5699
-11097
-9755
-10733
-11887
-16890
-13268
-14136
-4879
-6779
-10414
-1380
57
1975
3428
8226
7602
7860
9525
10127
10940
10647
12516
12034
11167
12453
12268
14074
9785
14600
14868
3931
9867
9936
5400
7216
10735
2009
453
5146
2334
3718
2616
2584
1263
-692
-3326
1646
-4260
-9383
-2484
-5113
-5410
-8814
-7756
-9209
-8232
-5750
-7791
-1215
-5880
-10004
-2656
-190
-4776
-2485
-2552
-3915
-2732
-2848
-777
-1498
-828
-1959
862
-4370
-3557
2909
1065
2524
5666
-842
-2610
7918
4771
4055
4850
3767
5359
4775
5660
5751
5430
3616
3024
3489
-3462
63
2743
754
1759
-402
-2125
-3691
-2232
-3576
-3053
-4256
-3377
1901
69
-5739
589
5841
-448
704
-109
-2278
-2190
-5206
-5082
-7768
-6249
-6551
-4541
-1226
-3583
-1960
2537
1184
2089
7745
567
3962
9513
7206
11834
12736
13248
14895
16032
15208
17177
9195
6498
11495
10467
11078
9392
8406
1629
-507
5274
2194
-563
-1180
-2826
-1438
958
-893
3080
1943
-10022
1072
3080
-1291
-1261
-1767
504
-1198
-2012
-4586
552
-1892
-2772
-1721
-3798
-5044
-6284
-3274
-5772
-2905
-5354
-8280
-4438
-1206
-1480
391
1327
5708
2248
-3198
4015
4468
3781
2232
3141
3112
4260
3620
677
802
1138
-14
-1634
-1632
-1965
-5144
-3276
-4376
-1590
6255
-6671
2078
10048
5266
3261
1670
3257
-269
3694
3501
1185
266
1049
-1412
-537
4119
2061
4029
2178
2990
-248
-5335
-3368
-7528
-7233
-4457
-10788
-8113
-2474
-4060
193
-739
323
2212
1779
3252
5069
4152
3338
2118
2323
4103
3479
2073
993
-1086
-2328
1897
-1607
6481
8986
1119
1550
2650
2691
2172
9105
7391
3824
4498
4250
4735
3678
3802
6390
5250
7646
5602
6912
7449
7396
5807
-69
3749
-3046
-68
996
-2625
-406
-3403
-4677
-4864
-4085
-5487
-6543
-7499
-8556
-8248
-9507
-9429
-8902
-9707
-9383
-8309
-8768
-10498
-10117
-9167
-7691
-1002
-4861
-11452
-3064
5507
4727
-1656
5407
6557
3006
5559
5152
8837
7025
8846
9010
7929
9014
9037
9485
4542
9000
3196
-3965
2662
2714
1863
821
-265
-868
-607
-870
-42
-1897
-5464
-6903
-7814
-8544
-10108
-10778
-11183
-11140
-8946
-8904
-7330
-5468
-5908
-3262
-5118
-4666
-3147
1454
-755
-2764
9688
8090
9981
13509
11712
12872
10646
11902
13272
14509
16731
18299
7613
7773
13576
12817
7540
6054
12174
7868
6338
7754
8302
4381
2679
3550
3924
2363
-271
18
-1330
-2702
-3421
-4888
-6623
-7965
-9888
-11055
-13041
-13817
-15104
-15728
-18237
-17922
-20159
-21544
-17989
-12083
-9310
-17728
-8265
-1341
-2765
-888
1335
2764
5012
8159
6327
7127
9411
11978
10572
10751
6053
4792
9464
8525
7985
7018
541
2111
6428
4965
3104
5179
5932
4606
4347
3674
1178
851
1071
-311
-1951
-2675
-4266
-5913
-7442
-9760
-10413
-12316
-15938
-14533
-13848
-15509
-13867
-15080
-11709
-9767
-13530
-2218
1894
3764
7704
7061
12198
12036
8980
11522
14416
13003
9959
17619
18207
17226
17967
19425
19863
18715
19135
12886
14751
14852
16931
6729
3462
13216
6502
7316
5685
3188
2213
1099
769
-1253
-454
-4759
-5158
-7460
-11806
-8643
-9022
-11381
-12407
-12160
-12834
-10628
-7460
-3255
-11278
-6728
3093
-1958
-992
-849
2451
-153
1319
970
-4360
-381
3434
4122
2366
2729
4485
5495
7557
7281
9422
4842
4346
7638
7259
7542
5664
6917
3745
2513
2510
1126
-2333
-3339
-2820
-5107
-5209
-7059
-9699
-8281
-6847
-7979
-7304
-10315
-11855
-8076
-7494
-7427
-6502
-2392
-1660
-8792
1424
6558
1583
4477
3077
-311
-1481
2266
1627
1482
141
-1049
3955
5602
5693
8366
9961
10222
12847
10097
6125
8883
10698
10504
9896
7280
12654
11388
10999
11687
9971
7060
2460
-400
-2619
4273
-3853
-10152
-3539
-5123
-5418
-4358
-6898
-5420
-6018
-2339
-3398
787
3328
-7403
5220
12419
6853
1439
-279
4461
4058
2129
2357
2577
2357
1780
1298
1817
2628
-10
-1967
-1710
-434
-3722
-8450
-3453
-3792
-3083
-4808
-4897
-4600
-5125
-3541
-5015
-6120
-10988
-7219
-5276
-6784
-5942
-6061
-9071
-3068
-338
-2880
-1694
-2180
-3481
-4207
-7147
-5226
-3692
7732
-709
-7035
3014
6350
6600
6385
3894
8386
6880
8765
8350
6991
6845
5118
3600
2460
2869
37
-1998
-4619
-4577
-11437
-8200
-5478
-5936
-6737
-11261
-8265
-9514
-5721
-5524
-2286
1419
35
987
1776
2191
4920
5923
3847
4890
3556
3588
4031
2098
1572
2714
3911
5452
11604
-1898
-5947
14963
11146
10369
11335
10306
14983
11859
13827
11826
12159
8699
5314
8411
6145
5550
2243
-460
-786
3266
-2513
-4906
-1817
-2432
-3702
-6319
-8783
-10807
-13523
-12454
-13928
-12517
-12246
-11869
-7960
-8776
-7325
-5979
-5482
-5333
-4492
-3557
-3810
-3125
-3964
-3599
-8664
-4958
-1332
4474
-2903
-280
11411
2046
8849
9216
5434
6011
7368
7690
8771
9984
8751
8177
7963
9154
6699
6867
2793
5553
2428
-1878
1833
-156
-792
-3990
-1439
-1784
-4016
-4163
-8065
-6851
-6947
-9166
-9433
-10306
-9002
-8578
-9167
-7370
-8615
-5763
-1185
-2752
-5281
-2332
617
3093
7065
10141
3433
9442
20640
13693
17504
15267
16523
17122
14915
15811
12739
17986
18171
14202
6446
11362
6308
7259
6848
7302
3468
-1596
1334
2422
3538
-2350
-1241
-1935
-6181
-4294
-4424
-2759
-2414
-3958
-4424
-3984
-4432
-4796
-5614
-6040
-6694
-10875
-14966
-9129
-14729
-14094
-13315
-11283
-9580
-5304
-2424
-9296
3026
6784
3170
4372
4970
5553
4068
5749
8280
8950
8849
9125
9665
8617
9154
7314
6840
2011
-4205
-2020
1909
2023
6219
2868
1142
3517
3287
2144
2801
2208
234
1154
1191
-505
365
-831
-463
-7214
-7077
-2141
-7825
-5945
-6207
-8894
-10216
-9721
-9201
-5331
-6195
-11351
-2536
2340
1847
4659
4811
8717
8049
8764
11764
11937
12686
11611
12806
11118
10791
7443
8688
14926
10939
3697
4779
4378
5764
7507
3844
-1251
1113
6047
3676
6401
5971
1146
5752
5174
2988
-6826
-2405
-5076
-4185
-3620
-5348
-7115
-5014
-4775
-5930
-5943
-6584
-6036
-2885
-1436
-9534
256
3087
-2132
-335
-1563
-652
-788
451
460
-282
-193
-29
-2571
2230
2740
2242
3009
1056
-3187
-3512
3868
1803
6088
6748
2527
3953
4637
5410
6626
5001
3595
-453
-826
4092
3919
4315
819
677
-930
-620
-1036
-2033
-3722
-7249
-6314
-5322
-7539
-3710
-3183
-12156
-485
1229
-2585
-3595
-3596
-510
-1214
-1429
-5252
-8402
-10612
-5794
-8386
-6924
-6533
-790
5846
7323
5477
3346
7509
10163
12643
12508
13494
13955
14242
16481
11056
7328
7966
8428
7031
8933
5628
7565
141
-2038
5151
1463
2672
1245
-1498
-662
-1738
-1676
-181
-1101
4714
-1188
-6460
6002
2954
1533
1975
-789
617
-5480
-2927
-658
-3337
-832
-2540
-2346
-1238
-1632
-3353
-3248
-360
-4530
-4861
-451
-271
-358
-381
1642
-406
-2433
-46
544
2897
2208
-218
620
2282
2059
2181
2374
921
247
-1592
-1512
-2976
-3616
-5893
-4941
-2162
-1153
3579
-4051
-1407
9098
5134
3766
1821
2506
5148
1199
3468
5887
-784
2270
4572
1174
3027
911
1266
591
3007
-1237
-4197
-1414
-1856
-6868
-11714
-7388
-8510
-5366
-2922
-2401
-563
-67
950
1528
2292
3141
4205
3511
3053
2862
2482
2864
1336
162
2028
-840
5260
3452
9206
7163
-14345
3118
5692
262
7997
4327
7944
7404
4856
6804
9699
8885
8200
7023
5673
7304
8088
5754
6353
5575
1642
-3334
-5391
-680
-1214
-3072
-3215
-3141
-5798
-4527
-6230
-7138
-7641
-10038
-8478
-9939
-6887
-9356
-11328
-11095
-11144
-6092
-7122
-6189
-6896
-8938
-8789
-9829
-2884
-3801
-12433
175
5438
1214
4434
-1124
-138
4284
3792
5116
7418
9033
8868
8774
9941
9238
9864
8696
8573
3465
-5045
-1500
2102
7122
5593
4393
3668
2873
2412
-105
-804
-3381
-5089
-5483
-6695
-5523
-8588
-10642
-10549
-12042
-16141
-15176
-12810
-8535
-6490
-5381
-2646
-2275
-3738
5427
6492
1266
15732
12362
9904
16404
13694
16608
14686
18076
17821
19936
13690
9056
15542
16428
16449
9224
11458
14266
13436
9000
7989
10696
8243
9112
8056
3182
4369
5151
1829
1614
-1274
-1330
-2999
-7056
-6866
-9598
-11728
-13489
-15818
-17902
-15786
-18940
-21081
-20485
-21990
-14144
-18585
-9839
-9662
-17401
2089
2585
42
3414
3375
7916
7074
8872
8684
9332
9527
10297
7820
2496
6907
7768
8265
5102
5968
3443
4342
8791
9594
8417
5935
7670
3870
2951
2380
1110
143
-1813
-5783
-6345
-7400
-8136
-9596
-8554
-7105
-9899
-12063
-13115
-16014
-12384
-17620
-18078
-15926
-19262
-13002
-17252
-15484
-5395
-2830
2380
5753
9870
10354
13129
15966
17761
15498
10151
17478
18283
18836
19679
18838
18618
18768
14839
10553
12096
15869
9774
970
4194
7377
5324
4578
7681
5106
3668
3663
1446
726
-777
-1516
-2945
-6871
-9103
-16353
-11600
-11064
-11635
-12881
-13483
-7046
-12093
-4743
-11508
-9333
3478
-5364
-1795
-3127
-520
1575
1825
-536
-2169
3254
5747
7402
6422
6841
8053
9175
8087
9840
9880
5556
6480
7790
6664
7840
3756
4788
5685
2900
5193
-154
-1438
-1214
-1391
177
-1390
-4394
-6633
-6644
-5794
-3762
-6776
-8506
-8082
-5734
-5349
-6156
-7016
-1572
1838
-7613
1831
6522
1489
4143
2042
-3020
-4742
445
-1243
-596
-2072
-2504
-3161
-3569
1323
1682
5394
6340
7647
7410
7883
10471
12012
12907
12313
11556
12074
11789
11779
10587
9652
7098
5820
5293
2234
2993
-5752
-5768
-3030
-3929
-2307
-2234
-4108
-3374
-351
-1328
-773
-2110
4272
-2316
324
13610
-784
-4212
2948
8290
8275
8108
6834
5749
7156
6310
4169
3109
2626
2747
2449
1932
-1910
-6461
-7615
-5848
-5186
-3817
-5940
-4631
-3851
-3166
-2029
-3072
-1907
-4983
-6104
-1847
-4079
-3342
-4207
-5766
-5922
-5433
-3292
-7518
-5902
-8560
-6068
-4014
-2921
-1548
-714
4028
-3726
4877
8475
6999
8786
8027
5905
8631
11461
7917
7683
7612
7474
6884
6013
5523
5005
3805
2095
-1256
-3610
-3533
-5086
-4545
-6908
-6896
-10479
-8579
-8628
-8042
-4731
-3873
-882
1648
2205
5079
4380
6050
6160
4526
6119
5744
5553
4666
5551
6930
12026
8598
-2722
-3596
-2411
11228
12317
9003
9666
9351
15212
11272
13742
11162
10581
9954
8356
7917
6628
4471
3224
3567
3224
2009
-1772
1358
-523
-628
-3840
-5349
-6598
-10384
-6462
-10643
-7720
-9349
-10313
-7944
-10324
-8817
-8201
-7968
-6369
-5394
-7200
-7380
-6570
-6513
-5659
-7233
-7953
-1447
-1774
4831
4256
-4754
6485
7522
7754
3587
6991
7832
9281
11293
10099
9539
9901
11232
9855
9002
7755
6341
6523
5571
486
910
-1355
-2945
-7551
-5455
-4698
-5988
-5562
-9944
-6139
-8669
-9650
-7491
-11129
-11551
-11445
-13000
-11179
-10820
-7182
-4269
-1933
-2317
-5253
464
2657
6769
7228
11086
13216
6194
17235
22112
16099
16753
17655
15875
15404
17112
18566
10152
4604
9063
9517
7057
8064
5495
6320
5341
1060
3269
514
2899
-543
-4
1041
-3377
-4059
-3671
-3215
-4801
-2634
-4332
-5037
-5463
-6920
-5930
-6454
-7116
-7590
-11784
-15283
-10010
-9927
-9299
-7468
-10286
-6311
-6721
1057
-3580
-5276
7829
3193
4587
8780
9426
9154
9179
6443
4455
5656
3949
4518
3084
3976
2068
325
2246
-432
2785
4391
3434
2346
2706
1860
4146
-1524
-19
-938
-888
366
-48
-1703
-3908
-2378
-2987
-4470
-8587
-9235
-7895
-7949
-9364
-10759
-12129
-11434
-10877
-12894
-13091
-6556
-12411
-10804
3100
177
1632
8460
11272
12572
12656
15740
16099
16108
15657
15659
17178
15865
12991
12051
11693
10035
9544
11170
13767
4408
-62
9350
4680
5921
6515
4548
688
1057
1926
982
2206
2120
-5280
-4824
244
-1428
-2732
-7681
-6870
-7685
-8225
-7962
-10310
-9079
-8918
-7275
-3377
-11558
-7216
619
-3322
-2142
-2011
900
-2067
-926
1367
582
1501
1015
941
-717
5430
3647
4071
6369
-723
5281
7183
5218
5702
5497
6722
4153
5801
6270
346
3085
4650
3148
-690
-3079
2110
1488
1884
1018
-925
-294
-1926
-1320
-2657
-1839
-3742
-6187
-4337
-2908
1499
-8704
-4877
5034
-1861
-829
-474
1010
-1192
-1034
-714
-4058
-5479
-7977
-2881
-1793
679
1724
6199
8284
7114
9384
11989
12653
13022
13947
14471
15738
16384
11484
12603
10025
1639
5642
7559
7061
2641
-5061
938
686
2654
2719
-194
-1332
-953
-2754
-1801
-2529
-1668
-1660
-63
4133
-6870
4844
3655
2035
2793
1807
5707
-3374
-1825
-3291
365
-4668
-2058
-2721
-6014
-3180
-4898
-4005
-7762
-5176
-2377
-2055
-1657
497
3014
5052
5609
2664
-494
3766
5461
5580
5106
2175
3798
3766
1437
375
-3640
-4343
-5390
-7921
-7480
-9929
-7754
-8024
-7277
-9473
-3433
-2643
-11348
2405
4164
2339
2267
-262
564
-44
1952
1483
2264
361
679
2012
589
376
-137
-2146
-4862
-5342
-4143
-1633
-2188
-2116
1168
-883
-3317
4727
5599
7058
8722
7138
8306
9132
5143
6050
7343
7398
7090
6511
5480
5591
3102
1660
-1057
-2310
-1811
-3687
-7282
-2189
-4025
-4903
5887
-564
-1244
2228
5577
5469
3139
7653
6964
7880
5146
4643
4147
1602
791
871
6414
1440
4098
5468
4314
-777
-4203
-3661
-5541
365
-1991
-3452
-2348
-3282
-1123
-2783
-3232
-2464
-2277
-2645
-3086
-3058
-2916
-3651
-5194
-4305
-5623
-10650
-9371
-8210
-9526
-2267
-5980
-13535
2572
547
527
1473
-303
4199
3392
8335
5493
6662
7257
7096
9048
7493
8155
7382
8899
4399
4282
1464
-2879
-1508
-1951
1528
-1721
-3498
-3616
-4457
-2857
-5575
-5580
-7158
-9536
-8545
-9966
-8637
-7478
-6155
-4058
-2171
-2868
-1845
-714
-1393
1037
1552
1755
172
6293
4108
5998
16466
10315
13432
14602
13983
15557
9720
15275
12061
5929
11806
11682
11789
10688
10040
9433
4778
2228
6031
10345
9540
6656
5725
6514
6304
4443
2925
369
-693
-114
-2302
-3174
-4843
-5980
-7161
-9891
-9731
-12826
-14204
-13434
-14434
-13497
-16725
-15523
-17152
-11356
-11716
-8059
-6735
-12047
5418
2826
1496
6185
5434
5543
6363
7203
7648
9942
8745
9507
8010
8228
1893
-486
9476
7153
7356
8266
8376
7345
5964
6873
7028
5722
5573
149
-804
-694
-1323
-1651
-3001
-6109
-8833
-8490
-7899
-8540
-10574
-10565
-12802
-15491
-15327
-13757
-14449
-15188
-13619
-12633
-5598
-7956
-3165
8977
6008
8911
10464
13795
15654
15433
19716
19703
22517
16277
15266
18958
18410
20946
20003
18107
14478
12585
17142
7917
4724
9766
5585
9693
5354
2959
3409
1003
-866
-873
-3476
-661
-330
-3508
-2026
-4368
-9477
-11177
-10003
-11513
-13030
-12466
-11537
-11422
-9548
-16606
-9461
-12504
-14267
-2879
-1664
-180
1284
3156
3269
5843
9121
4168
3945
10286
11475
10789
11141
9732
12140
11934
7640
7052
9936
9406
7896
5488
6782
6026
4272
-624
-5794
-3313
-3779
-2409
-1563
-4397
-2373
-5330
-8955
-10291
-6631
-9682
-9975
-10933
-10661
-9162
-9738
-8309
-7762
-5030
-9698
-798
-4760
-6415
5240
1476
2867
3561
4369
-1008
-1298
3009
1759
6293
4788
8170
11137
9545
11346
10223
10733
6427
13652
16318
15438
16629
14132
15131
9245
8708
9529
8227
8696
8556
5792
5086
-4375
-7448
-1051
-2796
977
-3539
-4868
-3793
-8130
-5434
-8680
-7316
-7023
-4948
-7659
-417
5098
-4092
7654
11629
2330
-601
1883
6689
5504
1282
1650
2982
3618
4079
1133
115
1096
-807
-389
-2685
-4400
-1181
541
1389
584
999
1682
285
1230
786
-651
-2750
-4177
-3758
-4762
-3666
-4396
-6622
-6215
-4364
-5725
-10331
-7895
-8928
-7483
-5111
-6535
-3969
-745
-5582
3867
5099
-11222
5214
9102
5561
6977
4469
7655
5198
6867
5463
4544
5984
6206
4072
3128
3362
1484
4014
-4131
-5972
-3773
-3896
-2822
-3492
3725
2754
2972
31
-1324
2178
847
5696
7839
5141
5204
7509
6717
1793
3081
3603
3822
2786
4002
2490
4299
897
-3229
3948
-2552
5243
1394
7136
15504
6968
7710
5661
10861
8135
9350
7014
5572
7865
6353
6641
3791
2830
1611
-186
441
-4195
-5280
-2796
-3937
-2372
-5923
-8612
-8892
-8283
-10964
-9001
-7448
-12653
-8176
-8058
-8395
-7221
-6159
-5996
-6516
-5187
-5082
-3610
-4615
-5101
-3705
-3789
-8677
-2086
-443
589
6568
-1997
3630
9418
7266
9983
7368
9801
8601
6211
8530
5457
7501
7688
8423
7848
5956
6013
5907
4719
-3102
-83
109
-3933
-6301
-8391
-5653
-5181
-7508
-9822
-9523
-8837
-11454
-11254
-10558
-12238
-7315
-6501
-4698
-3842
-3254
3802
4456
3906
-397
-199
1410
5030
7892
6186
14981
9231
9930
23294
16492
14559
17413
17225
14813
4540
9054
9471
8080
9609
7155
11312
8277
8782
6251
6929
1046
-2047
608
363
-3733
-5156
117
-1710
-911
-1495
-2756
-4380
-8953
-7894
-7775
-7297
-8876
-7809
-10085
-9860
-8677
-14578
-13638
-10418
-12060
-9633
-9818
-10417
-6661
-5780
-3090
1933
-6458
-4691
9069
5471
5998
6080
7130
8553
5540
8045
6968
8214
7825
4589
3915
1810
778
894
1308
-701
-1443
230
-1626
-2374
-3773
2029
3168
1044
2227
2851
2115
1822
630
504
-4601
-4141
-7132
-15780
-11413
-8120
-10926
-9011
-10912
-12070
-11238
-11555
-10310
-8836
-4840
5562
-899
-225
13544
11868
13153
15258
15181
15478
16229
17259
16081
16440
15793
16099
11150
11474
14197
9779
12078
6839
-2010
2692
6845
4630
5515
6905
6389
5403
5930
3427
3494
3915
3129
5623
574
-3445
-266
-606
-2447
-3613
-6445
-6396
-8615
-10601
-15832
-13981
-11250
-10272
-10244
-9926
-2248
-13979
-5426
829
-4836
-257
-4279
-1389
-439
862
5940
6606
3719
3946
7444
6538
6551
6300
5626
6376
3180
2927
6955
5657
6383
6856
1107
-1908
676
108
1597
5173
1554
-1890
346
2674
-40
-591
-4448
-5053
-4615
-6619
-7283
-8242
-10338
-10722
-10819
-9981
-12440
-2354
-8162
-14103
-7335
-2664
-5862
-4066
-3580
-2177
256
-1485
-3565
2233
4023
5255
7805
7224
8804
9536
11655
11672
7425
9939
12542
14052
12162
12058
13436
13682
14978
13630
6096
5079
10661
3024
-2
2533
638
363
1519
-639
-1549
-2226
-2398
-3974
-6249
-7614
-9895
-7844
-6950
-9813
-4428
-4104
-12525
-2484
-1154
530
2979
-2850
-4653
-7102
-3765
-5158
-3243
-4176
-2684
682
-1891
-312
-558
1546
1345
885
4243
5104
4349
5304
8414
6991
2383
62
5819
6267
4718
4822
2834
3983
3854
2949
1251
966
-2732
-4141
-4342
-3846
-3775
-3788
-6228
-6064
-3034
-4626
2676
-6241
-9256
1854
-1342
-2198
-3152
-1737
-861
-18
4548
47
-207
1627
-780
244
-1105
-255
-417
-720
-4582
-4438
13
-1084
-248
935
-180
4575
7599
7410
9573
7483
7831
9324
8826
7981
8374
8182
7384
6568
4527
4108
2858
1890
298
-2064
-2541
-11019
-5942
-4738
-2160
1177
-11584
2396
4704
-667
3251
-391
1164
2174
1915
2364
3296
3155
4044
4983
4126
5343
4421
5452
4287
-2387
-265
484
-5988
-6292
-3469
-3897
-3811
-6076
-6305
-6461
-5437
-3299
-5587
-4337
-4000
-4514
-5744
-1587
-965
-2486
-2985
-2466
-4432
-5240
-4585
-4788
-3061
-2868
449
-6042
-6934
4135
-1129
-1854
-95
2086
1371
3197
5721
5873
7798
6688
8238
9406
7427
8534
7251
8902
5455
-481
1593
4262
3558
1343
2101
-135
-3515
-5652
-5559
-7474
-6581
-7971
-9164
-7455
-6077
-4694
-4911
-1402
-2572
-1567
-414
-862
-235
694
907
836
2227
711
7925
7695
-182
11671
16937
11591
12972
12506
14580
12253
5326
9734
13086
12966
13503
10974
12258
13467
13194
8383
5549
5043
6808
8929
5918
5379
4821
5159
4268
4008
1626
-354
-3114
-4113
-4723
-11837
-11372
-11772
-12703
-13125
-15802
-14923
-15469
-17064
-15409
-18924
-17143
-16867
-10900
-7390
-2763
0
-9294
5139
7587
5190
3628
1959
4611
4128
8803
8202
8982
10044
10117
10326
5269
460
3451
6902
4974
637
2855
5885
5418
4804
4075
3887
3824
2820
689
-1614
-1636
-2784
-5152
-5813
-7920
-9681
-9811
-10336
-13930
-15139
-16512
-20050
-20926
-19446
-20110
-18222
-15307
-14846
-8401
-3949
-8517
1090
8089
6412
10522
9164
12843
13021
13569
16687
16566
19100
15313
12430
14599
17674
15577
16104
17950
11257
7668
6414
9316
8439
5146
7849
4141
2105
4165
2624
1259
-507
-2993
-4490
-4715
-7120
-8494
-9123
-10190
-14002
-13040
-14053
-14595
-13649
-13074
-11020
-11716
-11404
-9087
-8377
-12514
-2159
-583
-1459
-337
-74
1733
2518
6497
7567
6196
4555
9122
10112
11351
11707
9581
9139
12303
6086
5763
9057
6420
5995
2814
5140
863
-2761
-1053
-3216
-2474
45
-1930
-3109
-4817
-3217
-3604
-6863
-6356
-10669
-8786
-9502
-10288
-9965
-11696
-10851
-11236
-10380
-9482
-6496
-13022
-10177
-1059
1586
2214
-4372
-2659
-2000
-4896
-3666
-135
3592
6057
6719
7911
9794
11268
12551
13911
13597
10502
13105
14406
13508
12535
12782
12008
10114
8679
7125
6975
4370
5602
-2675
-6303
-1846
-7903
-6818
-5495
-8467
-9002
-10640
-8990
-10260
-8391
-7981
-7237
-3995
-3577
640
-6477
-1254
5552
2879
4430
1630
-1658
-368
1268
1977
3209
1317
-322
-2647
840
-1066
-442
-2056
-1506
-651
-4676
114
2298
2568
-666
1321
1002
978
470
-1444
-1065
-1545
-1050
-1998
-4652
-5604
-3087
-3046
-3033
-5948
-7682
-6821
-7415
-7332
-6881
-6048
-5604
-4006
-4178
-2547
3419
-747
3064
8205
2545
6426
8458
8220
9950
9031
6597
7539
6956
5940
6319
3350
4621
1481
922
971
-5707
-4117
-2839
-1381
-1902
1622
4309
3850
4313
4563
5136
3299
2745
1845
3695
4074
3980
1846
4373
4178
2721
2435
1775
1375
0
1955
-4917
-2543
-628
3756
6000
-7808
4157
14660
10969
9270
11569
11607
10435
10619
6004
5305
5797
3554
2482
2624
1166
2112
-1124
4966
407
-2486
189
-1063
-3991
-4580
-4665
-7611
-7359
-8691
-9185
-13264
-11628
-9928
-8711
-9394
-4655
-6134
-6738
-3499
-4301
-2469
-1962
-2763
-4509
-3585
-1650
-177
1080
-2270
3000
370
-4938
10885
10751
5385
6031
6470
10978
9077
9927
9416
8867
9695
9836
9493
4018
3212
2878
1909
-306
-2856
-1342
-2040
-1710
-4016
-5120
-8626
-10844
-7914
-11213
-11941
-11849
-12636
-13942
-12932
-13171
-12147
-7117
-4403
-3920
-1610
-199
82
1102
4074
3295
2418
5523
7208
14853
7289
9638
20227
13446
19643
19581
20947
13112
10502
17140
12947
15941
13663
8058
8328
5264
6579
4076
4001
-36
-2717
1111
-647
-1580
-5681
-6877
-3706
-8750
-7717
-8889
-10204
-7362
-9088
-7935
-9316
-7731
-6504
-9705
-6906
-9704
-10223
-8398
-7806
-11821
-15507
-8106
-4329
-1809
-1889
5869
1572
-904
14505
10628
9296
11933
12111
11392
8555
9888
9913
8599
8010
6777
5473
4932
4754
5099
6155
4859
1482
1049
-661
2050
-37
-1318
1443
-2044
-339
-185
-2332
-1304
-1094
-1374
-3466
-4915
-7011
-8002
-7812
-9223
-5779
-11458
-11613
-8074
-10951
-15213
-14054
-14672
-11946
-717
-5120
-3002
12298
8782
10751
12471
14170
14436
15135
15610
15498
15341
14729
16177
13859
18784
17265
15469
16586
11531
-6433
-2511
2542
830
2057
1248
2797
2355
449
527
-15
-1911
-1824
-1108
-2397
-2684
-2836
-4164
-3432
-8553
-11881
-7548
-8104
-10525
-11225
-10850
-10237
-6385
-7570
-5587
-5222
-11544
959
-80
-4416
-2422
-2463
486
-2287
1711
5649
5625
6875
6693
3443
4355
4082
1524
175
2625
-339
-41
3257
-566
613
519
-545
-4816
-4677
-2045
-2672
-1048
-1323
-34
-741
481
-807
-6154
-4919
-3324
-3065
-4006
-5306
-6634
-6471
-8197
-8559
-5154
-8269
-704
-6170
-11128
3152
-1177
-1275
-2265
-2580
-807
-4322
-2389
-4906
-7219
-6353
3301
3234
-1143
-153
3318
5877
6429
7976
5854
11839
13923
11594
11752
14108
14925
13797
12619
10597
9434
9088
3806
-310
-1675
-1604
5361
1565
29
-2091
-3970
-2657
-2828
-4019
-4606
-5608
-3378
-3174
-2344
1698
-10888
533
5822
1020
851
-532
2219
-1369
179
-857
195
-2984
-3204
-3009
-711
-1170
-1904
-4260
-8141
-3439
-4950
-1308
714
620
3276
4847
6560
4417
5520
7898
7833
5538
937
3371
5789
4802
4642
1717
21
-1029
-2102
-2361
-3136
-1379
-2237
-4083
-1274
-2732
3525
413
-8455
6700
4890
1965
1976
1021
6550
-97
2063
-866
1285
777
-861
1034
-1372
-1757
-966
-467
-7472
-10012
-5544
-4774
-8255
-5915
-5485
-4946
-1171
2563
5680
2533
4441
9657
10456
11344
12070
10345
10561
11252
11942
10879
9911
8308
8935
6080
6325
1006
-2308
1985
3004
4412
-4750
1741
9258
3357
7039
7916
7607
4157
4156
4231
3424
2641
4791
4056
3470
2718
2586
1608
124
484
-2122
891
-992
-13
790
-1225
926
-5200
-7493
-5536
-4948
-3163
-7564
-8227
-5635
-4078
-3031
-3637
-3803
-4314
-2183
-5999
-5363
-5550
-4629
-4522
-3810
-1721
-1336
3271
-4980
4220
5934
1738
4785
1527
3066
3813
3566
3114
7805
2337
2838
5505
1824
2495
2270
2013
3810
5001
986
1344
1674
1838
3326
-2893
-4769
-606
-1571
-1520
-2968
-4124
-5944
-7434
-5568
-6973
-7762
-9312
-6408
-6040
-6835
-3726
-3712
-3910
-3040
3189
2663
6874
4615
11396
10917
4976
18973
13605
12967
16603
11220
14184
12066
5534
9741
12876
5454
7300
6405
8201
7199
8290
8043
8554
8824
3212
5322
-615
-1139
1178
-249
1268
-1636
-2893
-3018
-2721
-4168
-4566
-4927
-5839
-6167
-8085
-11018
-12251
-13249
-13537
-14481
-11871
-11741
-9857
-12097
-10561
-7965
506
-4693
-9206
6420
4253
3146
6484
7657
649
4494
8403
5898
7640
8204
10003
9398
7733
6190
8737
7810
9070
7408
-3092
-158
3331
5335
3419
2112
2858
1235
2105
-856
-795
-888
-941
-946
-3117
-3620
-5161
-6566
-8394
-10577
-11580
-13573
-15730
-17064
-17696
-18308
-13665
-18170
-10545
-8645
-13573
2353
2575
1585
4750
9439
11480
12596
15936
16124
19676
18872
20454
20765
21278
22102
22146
19275
13034
16778
13137
9209
11163
10176
10434
9319
9985
8906
7572
5977
5091
5082
2459
2438
215
-937
-3660
-6374
-6781
-7091
-7905
-9724
-11046
-14072
-12795
-15774
-13139
-12983
-7918
-11903
-14210
-1637
-6744
-3197
-1978
-1796
-307
975
3677
1796
4927
7709
9682
10333
12448
9383
4301
8160
11706
10950
7934
7218
9105
9097
8421
7888
6420
6324
2923
1947
870
-534
173
-1969
-1348
-2987
-4033
-6299
-7837
-6893
-8881
-9997
-11049
-15393
-15315
-13697
-10339
-10295
-7054
-10475
-15231
-2843
-681
-1304
-577
-4166
-1739
-4261
-544
-2431
481
2233
1259
-1124
419
9439
7535
8463
11652
11162
9977
8375
17207
17564
17097
16183
16391
18361
16959
17257
14338
12051
11363
8761
6850
1790
-603
1126
-4916
-4148
-5277
-9394
-11409
-9844
-9737
-8100
-6536
-9683
-2355
-6001
-8668
260
-587
433
1481
2834
2087
2836
5651
5587
5855
3446
1465
2338
3042
2836
2650
854
1478
2108
-1107
-983
-128
-3117
-3200
2847
3858
4556
3034
-1198
-1961
-1290
-2266
-3100
1446
262
-4411
-4899
-7295
-11419
-9825
-6976
-8338
-6504
-7848
-10608
-4212
-3824
-2968
-1900
-10724
-2364
4996
4121
5760
4704
7503
5755
5232
2745
4293
5797
5479
5673
2815
2680
1737
807
-248
-360
-4235
-6932
-5725
-7339
-6557
-7734
-5568
-4002
-3078
-1039
-1742
195
2288
4622
3174
5391
4147
2111
1936
2045
861
-548
1407
-3536
199
946
-1245
68
5139
3461
-1943
9942
12314
13286
13775
13276
12725
6974
12095
12303
13033
12791
9301
9356
7696
8001
7741
6944
5829
4934
575
-254
-832
-2640
-4615
-5811
-6028
-9090
-9631
-10358
-10116
-11586
-10274
-9126
-11081
-11576
-11033
-11839
-12596
-9282
-10904
-9500
-6802
-9984
-7756
-7114
-6413
-3324
445
4124
-718
4571
12570
11794
6941
5825
11096
10543
12922
11877
10925
12359
12205
11018
9885
10764
8310
8427
6882
7288
4084
-1186
-515
-1441
-2615
-51
-670
-5154
-3361
-4671
-4851
-6470
-8536
-11235
-9809
-12130
-11812
-17973
-18592
-14976
-16561
-15930
-14560
-13003
-12032
-8614
-4114
296
7052
11047
5069
15153
15954
12401
19140
20528
21606
16734
19271
19197
19286
18712
15761
13904
13870
12051
12477
12010
8863
10610
4657
2843
3945
2090
1096
-1358
-285
-2052
-3410
-5998
-7360
-6450
-6174
-6375
-8158
-8366
-8471
-10634
-10583
-10234
-13444
-14595
-15034
-15093
-14259
-15386
-14329
-10729
-10610
-6304
-9670
-12007
1856
5807
6010
6736
10104
11125
9519
12418
11753
13825
13469
12218
11854
11952
12215
12228
10746
9434
6937
1825
4498
3865
3383
2573
2163
2919
-2274
-2820
-4084
-3864
-7554
-7852
-5539
-9000
-9121
-9429
-8844
-9439
-10414
-9828
-11302
-11488
-10416
-10484
-9252
-8926
-13075
-9577
-3024
-10240
-4517
865
-1030
2158
918
6796
5691
5344
11652
16581
12029
13361
14281
15733
16308
16577
14189
14965
12294
8957
16110
13766
8037
4911
1889
1124
2934
1183
2221
1544
-2892
-1944
-2900
-2484
-4072
-4335
-3618
-4688
-6380
-7338
-7567
-7250
-11410
-12215
-11096
-7901
-4401
-4503
1122
-6391
-7162
5860
2700
621
3756
2120
3726
3388
3733
5872
4654
4267
3833
3551
2553
5330
5312
5868
4975
2119
3772
2418
463
-3363
-1163
4158
2841
1821
2406
3102
-11
1477
126
287
-241
167
-1208
486
-4723
-4273
-5318
-11648
-10245
-7311
-6094
-4793
-4868
-1810
3530
-8957
-391
6654
2065
5274
1185
3475
1443
2592
2182
308
-284
-1178
-914
-2511
-2885
-2556
-2420
-1758
-1421
-1266
-265
-658
3905
4096
5397
6831
4511
11815
11874
10391
10180
12174
11006
11717
11573
10847
11307
7600
-686
-1749
2142
-689
-2156
-3460
-2006
-393
3372
2318
8643
3168
527
10463
6400
5157
6116
5846
5672
2779
4800
6777
4533
2127
196
272
-1969
-2760
-4484
-5598
-9180
-9209
-4409
-6021
-6293
-6008
-7246
-7482
-4237
-7001
-6295
-2889
-3123
233
473
1728
1623
2554
917
-4455
-3627
-1843
-21
1072
-185
-459
-1265
-573
-3078
-3224
2491
-4573
671
7532
6933
8080
5332
8188
7268
6381
6467
6666
5571
3518
3267
3382
588
-2024
-1115
-451
-4304
-4597
-2912
-5630
-6140
-5772
-6257
-6946
-8400
-6748
-7230
-5693
-4820
-1532
3895
2602
725
-1529
2386
4664
4078
5093
7999
9108
8842
8687
9497
7053
10498
9070
15123
9093
4286
15179
12966
12790
12631
12660
10834
12100
10515
6656
6099
4527
3639
1658
1759
-505
605
259
-3893
-6784
-3227
-3943
-5266
-3618
-3606
-3601
-4493
-7013
-6057
-7664
-5645
-4853
-10032
-8644
-8079
-4972
-4069
-4946
-5097
-4927
-3120
-2607
-4815
-3752
-3419
-1881
-335
375
9003
-2338
698
12875
5769
5350
3572
3129
3584
4314
9896
7428
7615
3782
5041
6370
5468
6657
2733
2633
1925
2582
2889
2096
1216
1019
1936
1324
431
1011
-98
-944
-3907
-11738
-8937
-8394
-8434
-9066
-9521
-9566
-8986
-8775
-9105
-8565
-6856
-4742
-1860
-1586
2423
1399
8051
6447
1695
13815
12035
12756
12874
15116
14575
14010
15390
11227
13047
10966
12314
12821
7682
8395
10307
12623
9292
6333
8724
7738
8155
6145
6778
6127
3534
6067
-548
-3547
767
681
-49
-2601
-3844
-6216
-9661
-9386
-10724
-12504
-13747
-13703
-14625
-16989
-15174
-16087
-13526
-12352
-8289
-7898
-11808
-1047
347
157
2179
4370
2169
360
5673
3998
5282
6411
5959
6412
7034
6606
6024
6688
4911
5171
6138
5986
6200
6880
8290
5894
2631
1217
1740
1940
506
-2039
2926
1613
514
335
-1586
-2059
-4620
-5816
-11622
-14357
-13978
-16375
-17898
-16939
-15940
-15775
-13262
-11802
-16062
-9642
-5622
-4914
-5672
-3758
987
674
3891
9498
12585
11438
15640
17694
14493
16017
17468
18758
16588
16887
19059
14951
15079
14879
8344
7753
7391
7627
11165
9260
8060
7165
5480
4100
4570
1942
1088
1274
-1051
-2579
-3346
-4902
-6537
-9370
-9969
-10373
-9462
-10580
-5193
-8812
-13895
-3262
-5379
-7011
-6585
-2873
-2486
-1642
-2776
-3411
1006
-740
2085
3128
3408
5451
6113
7530
6200
6589
10010
5871
1260
5270
9730
7289
7424
6685
4548
4820
3238
807
3680
3157
3555
2070
1595
2087
-4942
-5723
-7357
-9853
-10303
-12492
-10814
-12555
-10514
-10756
-7496
-5687
-16472
-4384
-1071
-4482
-3967
-1610
-2478
-6034
-497
-3797
-2754
-2485
-1685
-1048
-662
588
985
3020
6619
8661
6381
9188
11728
13702
16064
17764
15494
16430
16345
14773
15116
13517
12315
10698
10606
10157
7374
5842
3397
-1326
496
-455
-275
-2039
-2606
-3900
-2094
-6159
-4050
-2751
-13781
6163
5088
1970
1194
3358
5514
835
3520
675
2276
205
2460
1835
1794
2542
1478
1190
-3945
-3085
1057
90
-915
60
-650
1636
2194
4199
-472
34
-117
902
1462
258
1897
-1884
-1028
-1095
-1347
-3335
-3749
-4966
-4612
-6275
-5898
-8370
-9898
-7088
-3990
-56
-9332
3992
4159
1077
5375
2188
5376
2840
6249
5297
5144
5784
6656
7305
6638
5110
476
1265
-654
248
1977
-220
-3168
-5244
-4921
-4399
-4518
-2699
-3835
-5949
33
760
2398
3935
4063
4567
5327
5949
5101
6607
5041
6382
3883
1504
-278
2059
2348
2770
11478
-560
2228
12713
5376
8921
10314
11282
11472
9873
11291
10411
11413
9270
10258
7760
1287
705
9572
2825
143
2282
202
-49
-1450
-1049
-742
-3209
-5069
-4431
-4383
-6258
-8923
-10333
-8384
-9468
-10470
-10108
-12370
-11793
-11239
-9835
-8161
-9702
-10875
-9341
-9983
-5363
-2894
-3612
4060
-5373
979
12193
7146
8354
9878
11472
10499
11152
10925
12548
12373
13558
9803
6544
12427
11556
11416
8242
3665
5687
5109
2529
-165
4775
3636
2989
457
-99
-1459
-4376
-4397
-7560
-7701
-8832
-10729
-13193
-12757
-14182
-16921
-15469
-15291
-16216
-12183
-8572
-7998
-3941
-6380
5683
5577
563
17352
11017
10674
13588
16400
17277
15660
18053
18935
19645
13904
12780
14803
13791
9829
9811
9533
6931
9378
9445
8986
7510
6673
7294
6532
4288
4155
2942
66
118
-3501
-5207
-5658
-8168
-9031
-10064
-11317
-16008
-17401
-16453
-18715
-18048
-16456
-18361
-19571
-14276
-14203
-5872
-8583
-12801
2563
567
520
925
6931
8748
6503
10396
2321
4805
10443
9217
10204
8870
7414
10069
12699
10870
12663
10584
8420
7601
6707
7017
5572
789
2270
-715
-1771
-880
-2259
-1749
-2259
-2482
-5266
-9206
-6978
-10023
-10308
-10651
-12090
-15799
-14132
-13427
-13938
-15770
-12029
-6901
-17684
-5673
-5043
-11025
-1131
415
3994
8235
6422
7970
14313
12504
16291
16479
13674
14604
16573
17343
15026
15872
15952
15903
15086
13799
12984
12327
9543
9836
7484
4125
4424
2731
1902
3722
1044
-1190
-1802
-2769
-2165
-2437
-5234
-9286
-7153
-10685
-12728
-12812
-11051
-10435
-8611
-3946
-11364
146
1345
-1228
1853
-912
-2314
-4993
381
-1050
-973
-1834
730
1653
2506
4109
3959
2966
2956
5853
5876
5972
4707
6840
6507
6147
5025
5027
5384
2836
1832
2823
144
-1608
-1775
-3338
-2547
-1599
-4346
-4771
-4675
-5470
-5668
-7513
-6558
-6344
-2359
-2723
-1049
-1928
2766
8220
4729
2591
-1528
-438
-342
572
23
-711
-786
-2050
-2960
-3204
-4905
-5031
-4140
-7996
-4288
383
6543
5224
6167
7711
5568
7204
8293
6366
7034
9457
7970
6305
8896
7332
7629
8241
6387
909
5943
5921
766
421
-2712
-2371
-320
386
1540
1353
6480
5294
8014
13957
6477
7496
9040
9200
6637
5979
4951
3786
4358
1712
2013
-844
-1463
2569
2301
258
-3297
-1703
-7608
-4570
-4932
-6078
-7178
-7456
-6253
-3965
-5159
-6155
-5514
-5997
-4262
-1951
-3210
-3919
-1235
-5680
-6451
-3799
-5198
-5711
-5609
-5013
-6133
-5424
-1018
-454
3689
-5645
3177
11513
9722
6606
11808
13032
9500
11929
12488
11804
10902
9437
9607
8076
6345
6077
6187
-3028
-4085
-2856
-3059
-4598
-5583
-5781
-6486
-7809
-11776
-10743
-12266
-13409
-11825
-13158
-13770
-10666
-4450
-4902
-4795
-2252
-1542
353
1527
2618
3184
2449
3506
6506
9897
5404
6907
8510
10713
18989
14707
14851
14741
13669
13348
12437
14949
13416
12168
9828
9890
8576
8101
7330
6798
3085
-1508
513
-85
-2835
-4693
-5874
-8485
-7573
-11147
-10966
-9562
-10518
-14364
-13529
-11358
-15473
-13420
-14476
-14061
-14943
-13627
-12948
-13558
-10494
-8786
-5787
-5706
-9546
-5892
-2435
1860
-253
191
10728
9388
10008
9532
10359
10279
12526
13983
10707
10822
10141
11096
9987
9331
8456
9362
5042
4148
5445
5105
4995
-1076
163
-699
-2198
198
-839
-5029
-3644
-2957
-5347
-4518
-6484
-6969
-8585
-8826
-8188
-10154
-10130
-10716
-10150
-10012
-15740
-14820
-654
-8649
-7159
-3120
-3477
-4131
-2105
-4063
-994
4622
2203
4146
4868
-457
6397
7777
5312
5065
2978
7028
5694
5684
4437
5015
4691
10667
3659
863
4811
3206
5693
4737
3736
2987
2484
1341
1370
438
-634
-2834
-6295
-5282
-5676
-5756
-5729
-6096
-8485
-9794
-1763
-12110
-8081
2326
-7783
-3170
-5968
-5455
-3190
-4188
-4489
-2160
99
1048
2665
1420
4459
3809
7231
11093
9760
13532
15104
16268
17351
18752
12408
14925
16458
15021
15744
13180
11635
10381
10901
-1084
1730
3109
-1374
2017
106
1954
-1568
-1941
-1723
-1748
-2417
-3672
-3250
-8192
-34
-6699
-7530
3499
-5148
-232
-790
-524
-1141
-924
-563
-1771
1117
-1068
241
-659
-622
-228
515
-233
1441
-152
4261
3938
-925
4092
6130
6306
6350
6366
4902
7208
6304
4198
4823
1694
819
-206
-1990
-1355
-2159
-2328
-3749
-8826
-8872
-9177
-6925
-6994
-4268
-6877
-10173
-1427
-9019
-3083
3817
2480
449
-956
3235
963
3101
3625
3278
2901
596
594
-30
-1634
653
-218
2528
-4488
-8830
-3538
-2981
-1268
-513
1130
2107
2006
3276
5551
4067
8418
9187
10574
10945
10625
8830
10389
7694
7127
6498
6268
4038
2232
3537
-3399
-2707
-11412
-11194
-1964
1905
-4342
2960
7127
5947
9839
8194
11138
8685
10361
9334
8662
7323
6092
7657
5618
6964
280
-1218
4970
1179
26
-211
-36
-633
-2163
-1643
-3210
-3749
-4965
-5345
-5152
-4610
-3876
-3713
-1904
-3673
-4325
-3408
-5629
-2721
-3197
-4372
-5626
-7754
-6946
-5411
-4462
-1984
-5417
-2046
2260
-5651
7701
5107
1342
5591
4411
9215
5380
6322
8645
9241
11204
13691
6487
9795
10631
8407
7349
5512
4864
5113
5256
4383
1122
-2373
-2317
-4575
-4937
-6684
-6049
-6891
-8408
-9035
-11654
-8376
-6925
-5511
-4699
-4923
-5324
-5323
-3589
-1862
-1058
1036
1864
2569
5595
8012
13598
6138
10882
15372
11288
13069
17798
16824
19221
14085
12297
15581
10146
18469
16091
11670
12641
12989
11661
10122
6757
5941
7325
3411
2983
668
874
638
-791
-1717
-4215
-6403
-6972
-8976
-9797
-10265
-12826
-14170
-14889
-17098
-15596
-15520
-15421
-16342
-17338
-17552
-14464
-9072
-10254
-9375
-5404
-2959
-8122
1707
12233
4732
7347
7814
11727
6068
8179
14487
13711
15229
13232
13556
10647
6480
9437
6827
6257
2488
1674
4045
4089
3733
2289
2626
835
808
-191
-1351
-2255
-2344
-4658
-5215
-9305
-10909
-8991
-11745
-12912
-14053
-14171
-15266
-11730
-15592
-16294
-12623
-12312
-10355
-7855
247
-5874
678
10246
9033
9050
6867
13665
14418
16410
20160
19851
18872
18718
20658
18420
16427
14203
13702
14285
15661
13951
5470
7424
12421
2247
3424
958
-1646
371
598
-1255
-3626
-4729
-4000
-4071
-6363
-8083
-6456
-10825
-10152
-7862
-10912
-10606
-10108
-11450
-10356
-10514
-8454
-9332
-9255
-1238
-8826
-7080
-1518
-743
1605
3553
5897
4863
7521
8866
11227
10995
10091
10561
10697
9563
11542
10644
9893
7164
2923
3646
899
1181
-338
941
-1041
-4362
-5902
-4960
-2045
-3144
-2151
-4543
-4931
-5804
-4372
-5460
-8601
-2351
-2137
-2739
-4181
-3958
-6348
-4210
-3209
-7274
-9509
-7194
-9013
-8521
1527
-3127
925
11
276
529
324
3639
2943
6150
6538
8951
8871
9207
9053
10757
12046
10432
8624
9799
12083
14665
11205
9882
8747
6174
9021
7218
7208
6144
5231
4286
-3243
-403
1979
-3603
-2409
-1950
-4703
-4710
-5000
-3773
-5103
-4697
-5705
-6828
-1551
-2237
421
-6977
-9791
5281
-776
1175
511
4529
2657
-229
2703
2163
1436
-930
415
-1547
-1708
-2596
-2756
-540
584
-4858
-2482
-1779
-5095
-2090
-4501
-3245
-2031
497
906
4886
4438
2868
3871
1965
1530
1800
1241
1269
1140
-920
-240
1544
-3363
-4217
-520
577
2059
-3323
2712
6138
-3220
7959
9425
6233
6338
5919
7022
5723
6560
-459
1601
-1097
-79
-1501
-2111
-4969
-5357
-4702
-4388
-6746
-12702
-4193
-2749
-689
516
-703
2106
5191
5902
7055
8586
9443
10752
10726
11187
9730
11130
11808
11189
8272
2993
6564
8419
5106
7793
-1664
-4233
6094
834
7878
7641
-713
12150
12490
8911
9454
10692
11325
6552
8028
7599
5372
4435
4511
2613
1028
-1567
-1668
-1073
-1610
-1883
-8042
-6065
-6248
-5050
-4421
-6110
-4501
-5057
-4797
-5362
-3941
-5530
-3452
-3752
-3085
2134
-4575
-1683
956
136
1373
55
-1390
-373
994
-1160
2543
-991
-155
7242
-3385
2153
9721
6740
8106
8358
11274
7998
8207
9267
4083
1832
1654
406
-520
1648
-1089
-960
2278
2508
-1883
483
695
-1310
-4940
-7592
-4769
-7309
-6232
-8094
-6105
-3670
-3645
-4273
-11107
-5888
-2545
-485
496
-1020
-1262
-171
1651
2248
2709
1811
1825
5728
6778
8710
12642
8050
13382
17848
14497
14778
11967
15437
5717
-138
6578
1074
9554
10188
9730
10622
8379
6772
7287
3083
2549
1677
1726
4178
5368
4059
2578
2837
2043
1622
763
-3146
-5700
-2909
-4942
-6631
-8391
-10307
-10746
-10835
-12095
-13144
-13038
-12749
-13212
-10848
-11129
-8786
-6526
-5342
2510
-5507
-1164
6629
3684
4367
3074
3735
2400
2476
5116
4690
4573
7591
7498
-705
528
4392
1415
5291
5668
1770
1695
4111
4318
4085
1432
5100
4143
-959
2490
2503
3828
1704
-572
-2380
-2918
-2287
-4071
-6988
-8000
-9698
-12952
-13522
-16281
-15814
-15199
-17049
-14233
-13553
-10371
1804
-4455
1074
7431
4768
6976
9354
12840
10793
13491
9439
9311
13379
15389
13867
15201
15700
15944
16565
14012
17479
7760
3163
11919
10970
4080
5317
9667
7718
9120
8144
6029
3092
2841
3645
1148
-13
-1517
-4010
-5918
-7147
-7396
-10462
-11342
-12075
-14124
-14740
-14839
-15208
-16990
-10171
-17845
-18570
-7926
-8759
-5171
-6605
-2625
-2093
-3047
5191
5092
4880
7582
9049
8864
9167
9665
9419
10574
11119
10802
4449
1710
5562
6674
5352
3934
2746
-759
609
1504
6423
4227
3217
2041
616
2211
-3496
-4951
-7009
-5731
-4677
-5677
-6214
-6729
-8737
-10307
-11444
-13347
-15205
-10775
-14531
-10925
-4532
-7009
-8868
-10003
-2620
-6592
-2278
-1260
-5072
1609
3082
4513
5906
11596
9737
11704
7115
11773
13383
12454
17095
14368
16095
14399
15166
17123
13393
13231
12965
10267
9180
8112
-1738
2481
3911
742
114
-3122
-2874
-3636
-4139
-4867
-7126
-12325
-9078
-11080
-9672
-1209
-8549
-9522
2129
-3690
-2761
-404
-1564
399
-540
2104
1380
2002
2078
3158
3768
4655
-3272
-2282
2767
4107
2495
-354
3155
2345
5033
3118
2438
2089
1371
1919
41
1031
-998
-1077
-335
-1599
-2275
-2730
-1586
-4228
-5230
-7359
-9304
-8017
-12410
-6847
-7716
-7597
-3721
-8050
363
-6158
-3336
7315
2428
4140
5174
6177
6632
7644
9084
8041
7378
4982
-1092
3055
4350
1408
835
-1323
-1629
-6470
-4795
-1346
-3106
-2703
1476
996
1078
1669
6990
7825
7661
9337
7002
7707
8909
7571
8028
6186
2449
1916
1425
2121
1084
1096
680
-5153
-7302
-11651
-1712
-106
-5626
6397
8317
3475
10829
10668
14037
11086
14667
10510
3836
6435
5438
7009
4690
2186
3760
2607
4124
1050
-768
-852
-2234
-3561
-5558
-4543
-6931
-8842
-9310
-9218
-9534
-9933
-9672
-9300
-8489
-9264
-11457
-12815
-11274
-6191
-10299
-5677
-7081
-12550
-8715
-7334
-6704
-1688
-4743
1259
3618
-2773
7629
11509
6419
8796
11012
6236
8708
13128
12799
12672
9669
10206
10309
8412
10135
11437
8443
7520
4141
4063
5474
2178
-249
-1257
-1043
-3637
-6145
-5198
-7095
-5644
-7932
-11884
-12023
-13609
-10324
-9238
-8694
-6548
-7061
-7576
-4167
-2989
-1900
-980
-939
2576
3065
1533
9087
6348
6655
18420
12108
8780
12443
15886
15180
14242
15964
5447
11161
16694
11928
14798
11869
11569
10230
10673
7395
2068
2541
2991
1730
-556
-2408
-2863
-3884
-5408
-6880
-9229
-10175
-12550
-8866
-9348
-10078
-8522
-11420
-11638
-11848
-11094
-10631
-12198
-10936
-11867
-11162
-11141
-9835
-7203
-9938
6368
-3943
-4327
12489
8682
12036
9670
10055
11767
11463
14546
7422
7522
8582
8562
9532
8695
5830
3000
6936
3390
3047
5589
2404
2045
-87
300
-2678
-5414
-9572
-626
-229
-2645
-1250
-4035
-5501
-4165
-3784
-6680
-6102
-8048
-9139
-10175
-11084
-10381
-9728
-15913
-12639
-11891
-17285
-8189
-3872
-3841
5910
6601
6567
9258
10988
14192
13985
16000
17492
18305
17815
18198
17864
17560
17785
15493
17028
12560
12255
11952
13027
4305
-3530
3128
2075
6589
3641
3038
2576
87
1536
704
-1113
-4764
-4979
-5476
-1584
-3702
-4169
-4393
-4281
-9748
-8609
-13215
-14277
-8268
-9563
-9572
-5122
-8246
-9566
748
1234
327
2782
1447
3609
4236
4489
6850
6237
6087
7124
7843
7216
7035
6160
7225
7185
226
3694
842
-385
5437
373
2719
1948
-1863
392
-2756
-1869
-704
-160
606
-2612
-2002
-3170
-2720
-2417
-4824
-5560
-8416
-10082
-10347
-9863
-7389
-7779
-6867
-6093
-4221
-10948
-3806
-1769
-3619
-4135
-5467
-2863
185
-917
-398
1624
-2556
-1666
2630
3175
4812
4729
3214
9443
5803
7474
12266
10485
10925
11704
9818
12436
10755
10209
11722
11894
12086
6776
7864
7832
5332
-2589
5307
4574
-4712
2811
1080
1706
2343
-1349
-1858
-607
-110
-4620
-398
3881
-5216
-686
4899
3359
4275
2691
2302
2165
780
-440
1014
-487
1297
-1458
-2770
-4457
-3484
-1213
-1002
-2341
-6459
-3616
-2215
1221
236
797
2861
3906
5437
6302
4993
6109
6869
5950
7192
735
-2440
1292
2576
2014
1036
-4753
-3819
-3686
-5101
-5060
-2367
-2033
-8130
1683
-4029
-6795
6453
665
-1801
1775
6786
4226
4276
5558
4747
2760
550
-1741
-2387
-6244
-7756
-5979
-8292
-8976
-7822
-7208
-5304
-4341
-4631
-1793
3531
4090
6480
7034
8293
9413
9940
3444
4273
6804
5894
7484
4071
6148
4347
4621
1060
6644
7332
6413
2690
5542
5051
-10065
-51
-2223
-5036
5405
1857
4613
4603
5648
5802
3267
1562
-1642
-987
3243
325
-664
-1703
-3751
-1935
-78
-1393
-5605
-4258
-3245
-2892
-3182
-4203
-3165
-3231
-2769
-274
-8507
-11470
-2852
-4825
-3341
-506
-3043
-2043
-1164
-688
-1529
-5271
-4029
-4266
-3756
-5407
-7802
-2691
-6377
-762
-975
-5883
6997
7360
5469
2275
-22
4179
3052
7165
5761
4072
6252
3356
4651
7024
3915
3032
4704
6695
5738
2079
4960
4813
5686
2521
3961
2285
-8098
-4095
-3049
-5253
-8492
-8167
-7574
-8179
-7799
-7289
-5217
-2205
-2010
-3291
-1476
-4149
-3191
-1294
-1725
-3070
304
3800
9060
11464
1943
11653
14044
9567
11355
11983
15052
11985
13638
8527
2612
11831
10687
9606
13342
11264
5947
7204
9634
8511
6359
6180
7307
5064
-1465
3435
4306
2113
981
-605
-151
-2387
-2596
-5243
-7452
-7252
-8985
-9972
-10697
-12206
-10696
-14414
-14622
-15050
-12592
-11700
-12439
-8088
-6911
-625
-10331
-7690
5055
1903
2562
2779
2197
4528
6283
6702
6585
8375
9275
9867
10789
9009
6864
5424
4990
8153
9917
1461
5198
7589
8127
5985
5883
7675
5302
4358
3739
3330
-3892
-5318
-5722
-7137
-8872
-8671
-10225
-10606
-11692
-14309
-13933
-16062
-16778
-15595
-15975
-14708
-16125
-11792
-5778
-5903
-1142
4999
5348
7054
10881
12913
13587
13718
16989
18447
19986
20391
20505
19941
19057
19919
18704
15741
11111
12543
8711
9756
5535
-425
10050
7456
8304
8097
6306
5118
5348
4032
-2217
-219
-3342
-5639
-5096
-5870
-7807
-8353
-9768
-12664
-13134
-16501
-17596
-13515
-14118
-16025
-10085
-11272
-19537
-6879
-3017
-6654
-2694
-1259
3383
4992
4747
6378
7553
10133
11732
11784
10872
6061
9756
11351
9797
11071
4325
3100
6184
6728
6768
5016
5716
4279
4414
3984
574
628
857
-692
-1356
-2444
-4141
-4627
-5074
-5039
-5862
-9931
-13882
-8385
-12285
-11630
-6923
-11950
-11763
-6177
-5418
-11940
-2950
1237
-1423
-2115
-1950
-410
-2896
-2826
3654
4850
3551
3979
8395
9954
9886
11514
11634
14696
17113
14297
13556
15653
15529
15670
13833
12640
13725
11929
7706
7617
5644
5828
4366
2948
4339
-467
-10678
-8544
-5373
-6325
-5830
-6866
-8619
-9044
-8454
-3662
-7875
-9376
190
-8809
-1857
4691
-132
3363
1815
3647
3385
3471
-3140
1404
6163
4425
4239
1755
-2690
-1936
-1062
-125
1408
185
-1366
413
854
1451
2144
2629
2457
2244
2100
186
1188
1310
-870
-520
-2921
-5515
-3708
-720
-2576
-4285
-4788
-4896
-5285
-10834
-6543
-7548
-4838
-1584
-2074
4162
-4097
3543
13296
9364
9281
8495
8068
5995
6659
7915
7187
6304
5266
4806
3272
2101
2246
-134
-369
222
-3055
-5823
-6597
-6625
-5861
-7421
-4249
-2468
1809
2689
2052
2027
1645
3032
4112
5529
3744
4944
-251
-885
2882
1765
3489
4977
3164
5103
6410
6789
4064
13840
8239
-4657
15167
6941
2606
12113
8626
11829
10766
8750
9393
8716
9002
10543
7070
5635
5452
4823
3221
2464
2343
-1592
-4239
-2693
-3559
-6132
-6924
-8772
-9937
-10817
-14039
-12883
-10316
-10787
-11125
-11432
-11479
-10597
-8377
-7674
-6983
-4974
-6566
-4763
-6034
-7177
-5512
-4687
-1726
2678
8981
128
-1458
12997
9140
9980
11973
12133
12386
4902
7919
5512
7153
8122
7026
7295
5113
4951
2488
4667
4731
2875
-2958
-4916
-1763
-4809
-6406
-5435
-6534
-6195
-8491
-11118
-10397
-14578
-13031
-9945
-10708
-10569
-9182
-9415
-8628
-4715
-4898
-5813
-3457
-4389
-2672
167
5158
1822
9932
14476
5585
12536
13750
9565
17352
15318
15874
15987
15262
14269
14702
15536
16749
11395
5667
11295
9361
8302
8323
9566
4964
-119
1609
-1966
-3518
-914
459
-1523
-1385
-3541
-2772
-3064
-5918
-4699
-5303
-5674
-5873
-7102
-7802
-9448
-7852
-9048
-10237
-11366
-17802
-16001
-11008
-8622
-9039
-1494
-4563
-7787
3356
3985
1688
6967
11326
8038
9317
10666
10549
10696
9677
9437
8774
7439
5836
6295
5749
5210
2833
-3504
-4994
549
1692
644
-2161
-4956
-1559
-1975
-3436
-789
-2365
-4041
2018
652
155
-530
-797
-3284
-2269
-5699
-11097
-9755
-10733
-11887
-16890
-13268
-14136
-4879
-6779
-10414
-1380
57
1975
3428
8226
7602
7860
9525
10127
10940
10647
12516
12034
11167
12453
12268
14074
9785
14600
14868
3931
9867
9936
5400
7216
10735
2009
453
5146
2334
3718
2616
2584
1263
-692
-3326
1646
-4260
-9383
-2484
-5113
-5410
-8814
-7756
-9209
-8232
-5750
-7791
-1215
-5880
-10004
-2656
-190
-4776
-2485
-2552
-3915
-2732
-2848
-777
-1498
-828
-1959
862
-4370
-3557
2909
1065
2524
5666
-842
-2610
7918
4771
4055
4850
3767
5359
4775
5660
5751
5430
3616
3024
3489
-3462
63
2743
754
1759
-402
-2125
-3691
-2232
-3576
-3053
-4256
-3377
1901
69
-5739
589
5841
-448
704
-109
-2278
-2190
-5206
-5082
-7768
-6249
-6551
-4541
-1226
-3583
-1960
2537
1184
2089
7745
567
3962
9513
7206
11834
12736
13248
14895
16032
15208
17177
9195
6498
11495
10467
11078
9392
8406
1629
-507
5274
2194
-563
-1180
-2826
-1438
958
-893
3080
1943
-10022
1072
3080
-1291
-1261
-1767
504
-1198
-2012
-4586
552
-1892
-2772
-1721
-3798
-5044
-6284
-3274
-5772
-2905
-5354
-8280
-4438
-1206
-1480
391
1327
5708
2248
-3198
4015
4468
3781
2232
3141
3112
4260
3620
677
802
1138
-14
-1634
-1632
-1965
-5144
-3276
-4376
-1590
6255
-6671
2078
10048
5266
3261
1670
3257
-269
3694
3501
1185
266
1049
-1412
-537
4119
2061
4029
2178
2990
-248
-5335
-3368
-7528
-7233
-4457
-10788
-8113
-2474
-4060
193
-739
323
2212
1779
3252
5069
4152
3338
2118
2323
4103
3479
2073
993
-1086
-2328
1897
-1607
6481
8986
1119
1550
2650
2691
2172
9105
7391
3824
4498
4250
4735
3678
3802
6390
5250
7646
5602
6912
7449
7396
5807
-69
3749
-3046
-68
996
-2625
-406
-3403
-4677
-4864
-4085
-5487
-6543
-7499
-8556
-8248
-9507
-9429
-8902
-9707
-9383
-8309
-8768
-10498
-10117
-9167
-7691
-1002
-4861
-11452
-3064
5507
4727
-1656
5407
6557
3006
5559
5152
8837
7025
8846
9010
7929
9014
9037
9485
4542
9000
3196
-3965
2662
2714
1863
821
-265
-868
-607
-870
-42
-1897
-5464
-6903
-7814
-8544
-10108
-10778
-11183
-11140
-8946
-8904
-7330
-5468
-5908
-3262
-5118
-4666
-3147
1454
-755
-2764
9688
8090
9981
13509
11712
12872
10646
11902
13272
14509
16731
18299
7613
7773
13576
12817
7540
6054
12174
7868
6338
7754
8302
4381
2679
3550
3924
2363
-271
18
-1330
-2702
-3421
-4888
-6623
-7965
-9888
-11055
-13041
-13817
-15104
-15728
-18237
-17922
-20159
-21544
-17989
-12083
-9310
-17728
-8265
-1341
-2765
-888
1335
2764
5012
8159
6327
7127
9411
11978
10572
10751
6053
4792
9464
8525
7985
7018
541
2111
6428
4965
3104
5179
5932
4606
4347
3674
1178
851
1071
-311
-1951
-2675
-4266
-5913
-7442
-9760
-10413
-12316
-15938
-14533
-13848
-15509
-13867
-15080
-11709
-9767
-13530
-2218
1894
3764
7704
7061
12198
12036
8980
11522
14416
13003
9959
17619
18207
17226
17967
19425
19863
18715
19135
12886
14751
14852
16931
6729
3462
13216
6502
7316
5685
3188
2213
1099
769
-1253
-454
-4759
-5158
-7460
-11806
-8643
-9022
-11381
-12407
-12160
-12834
-10628
-7460
-3255
-11278
-6728
3093
-1958
-992
-849
2451
-153
1319
970
-4360
-381
3434
4122
2366
2729
4485
5495
7557
7281
9422
4842
4346
7638
7259
7542
5664
6917
3745
2513
2510
1126
-2333
-3339
-2820
-5107
-5209
-7059
-9699
-8281
-6847
-7979
-7304
-10315
-11855
-8076
-7494
-7427
-6502
-2392
-1660
-8792
1424
6558
1583
4477
3077
-311
-1481
2266
1627
1482
141
-1049
3955
5602
5693
8366
9961
10222
12847
10097
6125
8883
10698
10504
9896
7280
12654
11388
10999
11687
9971
7060
2460
-400
-2619
4273
-3853
-10152
-3539
-5123
-5418
-4358
-6898
-5420
-6018
-2339
-3398
787
3328
-7403
5220
12419
6853
1439
-279
4461
4058
2129
2357
2577
2357
1780
1298
1817
2628
-10
-1967
-1710
-434
-3722
-8450
-3453
-3792
-3083
-4808
-4897
-4600
-5125
-3541
-5015
-6120
-10988
-7219
-5276
-6784
-5942
-6061
-9071
-3068
-338
-2880
-1694
-2180
-3481
-4207
-7147
-5226
-3692
7732
-709
-7035
3014
6350
6600
6385
3894
8386
6880
8765
8350
6991
6845
5118
3600
2460
2869
37
-1998
-4619
-4577
-11437
-8200
-5478
-5936
-6737
-11261
-8265
-9514
-5721
-5524
-2286
1419
35
987
1776
2191
4920
5923
3847
4890
3556
3588
4031
2098
1572
2714
3911
5452
11604
-1898
-5947
14963
11146
10369
11335
10306
14983
11859
13827
11826
12159
8699
5314
8411
6145
5550
2243
-460
-786
3266
-2513
-4906
-1817
-2432
-3702
-6319
-8783
-10807
-13523
-12454
-13928
-12517
-12246
-11869
-7960
-8776
-7325
-5979
-5482
-5333
-4492
-3557
-3810
-3125
-3964
-3599
-8664
-4958
-1332
4474
-2903
-280
11411
2046
8849
9216
5434
6011
7368
7690
8771
9984
8751
8177
7963
9154
6699
6867
2793
5553
2428
-1878
1833
-156
-792
-3990
-1439
-1784
-4016
-4163
-8065
-6851
-6947
-9166
-9433
-10306
-9002
-8578
-9167
-7370
-8615
-5763
-1185
-2752
-5281
-2332
617
3093
7065
10141
3433
9442
20640
13693
17504
15267
16523
17122
14915
15811
12739
17986
18171
14202
6446
11362
6308
7259
6848
7302
3468
-1596
1334
2422
3538
-2350
-1241
-1935
-6181
-4294
-4424
-2759
-2414
-3958
-4424
-3984
-4432
-4796
-5614
-6040
-6694
-10875
-14966
-9129
-14729
-14094
-13315
-11283
-9580
-5304
-2424
-9296
3026
6784
3170
4372
4970
5553
4068
5749
8280
8950
8849
9125
9665
8617
9154
7314
6840
2011
-4205
-2020
1909
2023
6219
2868
1142
3517
3287
2144
2801
2208
234
1154
1191
-505
365
-831
-463
-7214
-7077
-2141
-7825
-5945
-6207
-8894
-10216
-9721
-9201
-5331
-6195
-11351
-2536
2340
1847
4659
4811
8717
8049
8764
11764
11937
12686
11611
12806
11118
10791
7443
8688
14926
10939
3697
4779
4378
5764
7507
3844
-1251
1113
6047
3676
6401
5971
1146
5752
5174
2988
-6826
-2405
-5076
-4185
-3620
-5348
-7115
-5014
-4775
-5930
-5943
-6584
-6036
-2885
-1436
-9534
256
3087
-2132
-335
-1563
-652
-788
451
460
-282
-193
-29
-2571
2230
2740
2242
3009
1056
-3187
-3512
3868
1803
6088
6748
2527
3953
4637
5410
6626
5001
3595
-453
-826
4092
3919
4315
819
677
-930
-620
-1036
-2033
-3722
-7249
-6314
-5322
-7539
-3710
-3183
-12156
-485
1229
-2585
-3595
-3596
-510
-1214
-1429
-5252
-8402
-10612
-5794
-8386
-6924
-6533
-790
5846
7323
5477
3346
7509
10163
12643
12508
13494
13955
14242
16481
11056
7328
7966
8428
7031
8933
5628
7565
141
-2038
5151
1463
2672
1245
-1498
-662
-1738
-1676
-181
-1101
4714
-1188
-6460
6002
2954
1533
1975
-789
617
-5480
-2927
-658
-3337
-832
-2540
-2346
-1238
-1632
-3353
-3248
-360
-4530
-4861
-451
-271
-358
-381
1642
-406
-2433
-46
544
2897
2208
-218
620
2282
2059
2181
2374
921
247
-1592
-1512
-2976
-3616
-5893
-4941
-2162
-1153
3579
-4051
-1407
9098
5134
3766
1821
2506
5148
1199
3468
5887
-784
2270
4572
1174
3027
911
1266
591
3007
-1237
-4197
-1414
-1856
-6868
-11714
-7388
-8510
-5366
-2922
-2401
-563
-67
950
1528
2292
3141
4205
3511
3053
2862
2482
2864
1336
162
2028
-840
5260
3452
9206
7163
-14345
3118
5692
262
7997
4327
7944
7404
4856
6804
9699
8885
8200
7023
5673
7304
8088
5754
6353
5575
1642
-3334
-5391
-680
-1214
-3072
-3215
-3141
-5798
-4527
-6230
-7138
-7641
-10038
-8478
-9939
-6887
-9356
-11328
-11095
-11144
-6092
-7122
-6189
-6896
-8938
-8789
-9829
-2884
-3801
-12433
175
5438
1214
4434
-1124
-138
4284
3792
5116
7418
9033
8868
8774
9941
9238
9864
8696
8573
3465
-5045
-1500
2102
7122
5593
4393
3668
2873
2412
-105
-804
-3381
-5089
-5483
-6695
-5523
-8588
-10642
-10549
-12042
-16141
-15176
-12810
-8535
-6490
-5381
-2646
-2275
-3738
5427
6492
1266
15732
12362
9904
16404
13694
16608
14686
18076
17821
19936
13690
9056
15542
16428
16449
9224
11458
14266
13436
9000
7989
10696
8243
9112
8056
3182
4369
5151
1829
1614
-1274
-1330
-2999
-7056
-6866
-9598
-11728
-13489
-15818
-17902
-15786
-18940
-21081
-20485
-21990
-14144
-18585
-9839
-9662
-17401
2089
2585
42
3414
3375
7916
7074
8872
8684
9332
9527
10297
7820
2496
6907
7768
8265
5102
5968
3443
4342
8791
9594
8417
5935
7670
3870
2951
2380
1110
143
-1813
-5783
-6345
-7400
-8136
-9596
-8554
-7105
-9899
-12063
-13115
-16014
-12384
-17620
-18078
-15926
-19262
-13002
-17252
-15484
-5395
-2830
2380
5753
9870
10354
13129
15966
17761
15498
10151
17478
18283
18836
19679
18838
18618
18768
14839
10553
12096
15869
9774
970
4194
7377
5324
4578
7681
5106
3668
3663
1446
726
-777
-1516
-2945
-6871
-9103
-16353
-11600
-11064
-11635
-12881
-13483
-7046
-12093
-4743
-11508
-9333
3478
-5364
-1795
-3127
-520
1575
1825
-536
-2169
3254
5747
7402
6422
6841
8053
9175
8087
9840
9880
5556
6480
7790
6664
7840
3756
4788
5685
2900
5193
-154
-1438
-1214
-1391
177
-1390
-4394
-6633
-6644
-5794
-3762
-6776
-8506
-8082
-5734
-5349
-6156
-7016
-1572
1838
-7613
1831
6522
1489
4143
2042
-3020
-4742
445
-1243
-596
-2072
-2504
-3161
-3569
1323
1682
5394
6340
7647
7410
7883
10471
12012
12907
12313
11556
12074
11789
11779
10587
9652
7098
5820
5293
2234
2993
-5752
-5768
-3030
-3929
-2307
-2234
-4108
-3374
-351
-1328
-773
-2110
4272
-2316
324
13610
-784
-4212
2948
8290
8275
8108
6834
5749
7156
6310
4169
3109
2626
2747
2449
1932
-1910
-6461
-7615
-5848
-5186
-3817
-5940
-4631
-3851
-3166
-2029
-3072
-1907
-4983
-6104
-1847
-4079
-3342
-4207
-5766
-5922
-5433
-3292
-7518
-5902
-8560
-6068
-4014
-2921
-1548
-714
4028
-3726
4877
8475
6999
8786
8027
5905
8631
11461
7917
7683
7612
7474
6884
6013
5523
5005
3805
2095
-1256
-3610
-3533
-5086
-4545
-6908
-6896
-10479
-8579
-8628
-8042
-4731
-3873
-882
1648
2205
5079
4380
6050
6160
4526
6119
5744
5553
4666
5551
6930
12026
8598
-2722
-3596
-2411
11228
12317
9003
9666
9351
15212
11272
13742
11162
10581
9954
8356
7917
6628
4471
3224
3567
3224
2009
-1772
1358
-523
-628
-3840
-5349
-6598
-10384
-6462
-10643
-7720
-9349
-10313
-7944
-10324
-8817
-8201
-7968
-6369
-5394
-7200
-7380
-6570
-6513
-5659
-7233
-7953
-1447
-1774
4831
4256
-4754
6485
7522
7754
3587
6991
7832
9281
11293
10099
9539
9901
11232
9855
9002
7755
6341
6523
5571
486
910
-1355
-2945
-7551
-5455
-4698
-5988
-5562
-9944
-6139
-8669
-9650
-7491
-11129
-11551
-11445
-13000
-11179
-10820
-7182
-4269
-1933
-2317
-5253
464
2657
6769
7228
11086
13216
6194
17235
22112
16099
16753
17655
15875
15404
17112
18566
10152
4604
9063
9517
7057
8064
5495
6320
5341
1060
3269
514
2899
-543
-4
1041
-3377
-4059
-3671
-3215
-4801
-2634
-4332
-5037
-5463
-6920
-5930
-6454
-7116
-7590
-11784
-15283
-10010
-9927
-9299
-7468
-10286
-6311
-6721
1057
-3580
-5276
7829
3193
4587
8780
9426
9154
9179
6443
4455
5656
3949
4518
3084
3976
2068
325
2246
-432
2785
4391
3434
2346
2706
1860
4146
-1524
-19
-938
-888
366
-48
-1703
-3908
-2378
-2987
-4470
-8587
-9235
-7895
-7949
-9364
-10759
-12129
-11434
-10877
-12894
-13091
-6556
-12411
-10804
3100
177
1632
8460
11272
12572
12656
15740
16099
16108
15657
15659
17178
15865
12991
12051
11693
10035
9544
11170
13767
4408
-62
9350
4680
5921
6515
4548
688
1057
1926
982
2206
2120
-5280
-4824
244
-1428
-2732
-7681
-6870
-7685
-8225
-7962
-10310
-9079
-8918
-7275
-3377
-11558
-7216
619
-3322
-2142
-2011
900
-2067
-926
1367
582
1501
1015
941
-717
5430
3647
4071
6369
-723
5281
7183
5218
5702
5497
6722
4153
5801
6270
346
3085
4650
3148
-690
-3079
2110
1488
1884
1018
-925
-294
-1926
-1320
-2657
-1839
-3742
-6187
-4337
-2908
1499
-8704
-4877
5034
-1861
-829
-474
1010
-1192
-1034
-714
-4058
-5479
-7977
-2881
-1793
679
1724
6199
8284
7114
9384
11989
12653
13022
13947
14471
15738
16384
11484
12603
10025
1639
5642
7559
7061
2641
-5061
938
686
2654
2719
-194
-1332
-953
-2754
-1801
-2529
-1668
-1660
-63
4133
-6870
4844
3655
2035
2793
1807
5707
-3374
-1825
-3291
365
-4668
-2058
-2721
-6014
-3180
-4898
-4005
-7762
-5176
-2377
-2055
-1657
497
3014
5052
5609
2664
-494
3766
5461
5580
5106
2175
3798
3766
1437
375
-3640
-4343
-5390
-7921
-7480
-9929
-7754
-8024
-7277
-9473
-3433
-2643
-11348
2405
4164
2339
2267
-262
564
-44
1952
1483
2264
361
679
2012
589
376
-137
-2146
-4862
-5342
-4143
-1633
-2188
-2116
1168
-883
-3317
4727
5599
7058
8722
7138
8306
9132
5143
6050
7343
7398
7090
6511
5480
5591
3102
1660
-1057
-2310
-1811
-3687
-7282
-2189
-4025
-4903
5887
-564
-1244
2228
5577
5469
3139
7653
6964
7880
5146
4643
4147
1602
791
871
6414
1440
4098
5468
4314
-777
-4203
-3661
-5541
365
-1991
-3452
-2348
-3282
-1123
-2783
-3232
-2464
-2277
-2645
-3086
-3058
-2916
-3651
-5194
-4305
-5623
-10650
-9371
-8210
-9526
-2267
-5980
-13535
2572
547
527
1473
-303
4199
3392
8335
5493
6662
7257
7096
9048
7493
8155
7382
8899
4399
4282
1464
-2879
-1508
-1951
1528
-1721
-3498
-3616
-4457
-2857
-5575
-5580
-7158
-9536
-8545
-9966
-8637
-7478
-6155
-4058
-2171
-2868
-1845
-714
-1393
1037
1552
1755
172
6293
4108
5998
16466
10315
13432
14602
13983
15557
9720
15275
12061
5929
11806
11682
11789
10688
10040
9433
4778
2228
6031
10345
9540
6656
5725
6514
6304
4443
2925
369
-693
-114
-2302
-3174
-4843
-5980
-7161
-9891
-9731
-12826
-14204
-13434
-14434
-13497
-16725
-15523
-17152
-11356
-11716
-8059
-6735
-12047
5418
2826
1496
6185
5434
5543
6363
7203
7648
9942
8745
9507
8010
8228
1893
-486
9476
7153
7356
8266
8376
7345
5964
6873
7028
5722
5573
149
-804
-694
-1323
-1651
-3001
-6109
-8833
-8490
-7899
-8540
-10574
-10565
-12802
-15491
-15327
-13757
-14449
-15188
-13619
-12633
-5598
-7956
-3165
8977
6008
8911
10464
13795
15654
15433
19716
19703
22517
16277
15266
18958
18410
20946
20003
18107
14478
12585
17142
7917
4724
9766
5585
9693
5354
2959
3409
1003
-866
-873
-3476
-661
-330
-3508
-2026
-4368
-9477
-11177
-10003
-11513
-13030
-12466
-11537
-11422
-9548
-16606
-9461
-12504
-14267
-2879
-1664
-180
1284
3156
3269
5843
9121
4168
3945
10286
11475
10789
11141
9732
12140
11934
7640
7052
9936
9406
7896
5488
6782
6026
4272
-624
-5794
-3313
-3779
-2409
-1563
-4397
-2373
-5330
-8955
-10291
-6631
-9682
-9975
-10933
-10661
-9162
-9738
-8309
-7762
-5030
-9698
-798
-4760
-6415
5240
1476
2867
3561
4369
-1008
-1298
3009
1759
6293
4788
8170
11137
9545
11346
10223
10733
6427
13652
16318
15438
16629
14132
15131
9245
8708
9529
8227
8696
8556
5792
5086
-4375
-7448
-1051
-2796
977
-3539
-4868
-3793
-8130
-5434
-8680
-7316
-7023
-4948
-7659
-417
5098
-4092
7654
11629
2330
-601
1883
6689
5504
1282
1650
2982
3618
4079
1133
115
1096
-807
-389
-2685
-4400
-1181
541
1389
584
999
1682
285
1230
786
-651
-2750
-4177
-3758
-4762
-3666
-4396
-6622
-6215
-4364
-5725
-10331
-7895
-8928
-7483
-5111
-6535
-3969
-745
-5582
3867
5099
-11222
5214
9102
5561
6977
4469
7655
5198
6867
5463
4544
5984
6206
4072
3128
3362
1484
4014
-4131
-5972
-3773
-3896
-2822
-3492
3725
2754
2972
31
-1324
2178
847
5696
7839
5141
5204
7509
6717
1793
3081
3603
3822
2786
4002
2490
4299
897
-3229
3948
-2552
5243
1394
7136
15504
6968
7710
5661
10861
8135
9350
7014
5572
7865
6353
6641
3791
2830
1611
-186
441
-4195
-5280
-2796
-3937
-2372
-5923
-8612
-8892
-8283
-10964
-9001
-7448
-12653
-8176
-8058
-8395
-7221
-6159
-5996
-6516
-5187
-5082
-3610
-4615
-5101
-3705
-3789
-8677
-2086
-443
589
6568
-1997
3630
9418
7266
9983
7368
9801
8601
6211
8530
5457
7501
7688
8423
7848
5956
6013
5907
4719
-3102
-83
109
-3933
-6301
-8391
-5653
-5181
-7508
-9822
-9523
-8837
-11454
-11254
-10558
-12238
-7315
-6501
-4698
-3842
-3254
3802
4456
3906
-397
-199
1410
5030
7892
6186
14981
9231
9930
23294
16492
14559
17413
17225
14813
4540
9054
9471
8080
9609
7155
11312
8277
8782
6251
6929
1046
-2047
608
363
-3733
-5156
117
-1710
-911
-1495
-2756
-4380
-8953
-7894
-7775
-7297
-8876
-7809
-10085
-9860
-8677
-14578
-13638
-10418
-12060
-9633
-9818
-10417
-6661
-5780
-3090
1933
-6458
-4691
9069
5471
5998
6080
7130
8553
5540
8045
6968
8214
7825
4589
3915
1810
778
894
1308
-701
-1443
230
-1626
-2374
-3773
2029
3168
1044
2227
2851
2115
1822
630
504
-4601
-4141
-7132
-15780
-11413
-8120
-10926
-9011
-10912
-12070
-11238
-11555
-10310
-8836
-4840
5562
-899
-225
13544
11868
13153
15258
15181
15478
16229
17259
16081
16440
15793
16099
11150
11474
14197
9779
12078
6839
-2010
2692
6845
4630
5515
6905
6389
5403
5930
3427
3494
3915
3129
5623
574
-3445
-266
-606
-2447
-3613
-6445
-6396
-8615
-10601
-15832
-13981
-11250
-10272
-10244
-9926
-2248
-13979
-5426
829
-4836
-257
-4279
-1389
-439
862
5940
6606
3719
3946
7444
6538
6551
6300
5626
6376
3180
2927
6955
5657
6383
6856
1107
-1908
676
108
1597
5173
1554
-1890
346
2674
-40
-591
-4448
-5053
-4615
-6619
-7283
-8242
-10338
-10722
-10819
-9981
-12440
-2354
-8162
-14103
-7335
-2664
-5862
-4066
-3580
-2177
256
-1485
-3565
2233
4023
5255
7805
7224
8804
9536
11655
11672
7425
9939
12542
14052
12162
12058
13436
13682
14978
13630
6096
5079
10661
3024
-2
2533
638
363
1519
-639
-1549
-2226
-2398
-3974
-6249
-7614
-9895
-7844
-6950
-9813
-4428
-4104
-12525
-2484
-1154
530
2979
-2850
-4653
-7102
-3765
-5158
-3243
-4176
-2684
682
-1891
-312
-558
1546
1345
885
4243
5104
4349
5304
8414
6991
2383
62
5819
6267
4718
4822
2834
3983
3854
2949
1251
966
-2732
-4141
-4342
-3846
-3775
-3788
-6228
-6064
-3034
-4626
2676
-6241
-9256
1854
-1342
-2198
-3152
-1737
-861
-18
4548
47
-207
1627
-780
244
-1105
-255
-417
-720
-4582
-4438
13
-1084
-248
935
-180
4575
7599
7410
9573
7483
7831
9324
8826
7981
8374
8182
7384
6568
4527
4108
2858
1890
298
-2064
-2541
-11019
-5942
-4738
-2160
1177
-11584
2396
4704
-667
3251
-391
1164
2174
1915
2364
3296
3155
4044
4983
4126
5343
4421
5452
4287
-2387
-265
484
-5988
-6292
-3469
-3897
-3811
-6076
-6305
-6461
-5437
-3299
-5587
-4337
-4000
-4514
-5744
-1587
-965
-2486
-2985
-2466
-4432
-5240
-4585
-4788
-3061
-2868
449
-6042
-6934
4135
-1129
-1854
-95
2086
1371
3197
5721
5873
7798
6688
8238
9406
7427
8534
7251
8902
5455
-481
1593
4262
3558
1343
2101
-135
-3515
-5652
-5559
-7474
-6581
-7971
-9164
-7455
-6077
-4694
-4911
-1402
-2572
-1567
-414
-862
-235
694
907
836
2227
711
7925
7695
-182
11671
16937
11591
12972
12506
14580
12253
5326
9734
13086
12966
13503
10974
12258
13467
13194
8383
5549
5043
6808
8929
5918
5379
4821
5159
4268
4008
1626
-354
-3114
-4113
-4723
-11837
-11372
-11772
-12703
-13125
-15802
-14923
-15469
-17064
-15409
-18924
-17143
-16867
-10900
-7390
-2763
0
-9294
5139
7587
5190
3628
1959
4611
4128
8803
8202
8982
10044
10117
10326
5269
460
3451
6902
4974
637
2855
5885
5418
4804
4075
3887
3824
2820
689
-1614
-1636
-2784
-5152
-5813
-7920
-9681
-9811
-10336
-13930
-15139
-16512
-20050
-20926
-19446
-20110
-18222
-15307
-14846
-8401
-3949
-8517
1090
8089
6412
10522
9164
12843
13021
13569
16687
16566
19100
15313
12430
14599
17674
15577
16104
17950
11257
7668
6414
9316
8439
5146
7849
4141
2105
4165
2624
1259
-507
-2993
-4490
-4715
-7120
-8494
-9123
-10190
-14002
-13040
-14053
-14595
-13649
-13074
-11020
-11716
-11404
-9087
-8377
-12514
-2159
-583
-1459
-337
-74
1733
2518
6497
7567
6196
4555
9122
10112
11351
11707
9581
9139
12303
6086
5763
9057
6420
5995
2814
5140
863
-2761
-1053
-3216
-2474
45
-1930
-3109
-4817
-3217
-3604
-6863
-6356
-10669
-8786
-9502
-10288
-9965
-11696
-10851
-11236
-10380
-9482
-6496
-13022
-10177
-1059
1586
2214
-4372
-2659
-2000
-4896
-3666
-135
3592
6057
6719
7911
9794
11268
12551
13911
13597
10502
13105
14406
13508
12535
12782
12008
10114
8679
7125
6975
4370
5602
-2675
-6303
-1846
-7903
-6818
-5495
-8467
-9002
-10640
-8990
-10260
-8391
-7981
-7237
-3995
-3577
640
-6477
-1254
5552
2879
4430
1630
-1658
-368
1268
1977
3209
1317
-322
-2647
840
-1066
-442
-2056
-1506
-651
-4676
114
2298
2568
-666
1321
1002
978
470
-1444
-1065
-1545
-1050
-1998
-4652
-5604
-3087
-3046
-3033
-5948
-7682
-6821
-7415
-7332
-6881
-6048
-5604
-4006
-4178
-2547
3419
-747
3064
8205
2545
6426
8458
8220
9950
9031
6597
7539
6956
5940
6319
3350
4621
1481
922
971
-5707
-4117
-2839
-1381
-1902
1622
4309
3850
4313
4563
5136
3299
2745
1845
3695
4074
3980
1846
4373
4178
2721
2435
1775
1375
0
1955
-4917
-2543
-628
3756
6000
-7808
4157
14660
10969
9270
11569
11607
10435
10619
6004
5305
5797
3554
2482
2624
1166
2112
-1124
4966
407
-2486
189
-1063
-3991
-4580
-4665
-7611
-7359
-8691
-9185
-13264
-11628
-9928
-8711
-9394
-4655
-6134
-6738
-3499
-4301
-2469
-1962
-2763
-4509
-3585
-1650
-177
1080
-2270
3000
370
-4938
10885
10751
5385
6031
6470
10978
9077
9927
9416
8867
9695
9836
9493
4018
3212
2878
1909
-306
-2856
-1342
-2040
-1710
-4016
-5120
-8626
-10844
-7914
-11213
-11941
-11849
-12636
-13942
-12932
-13171
-12147
-7117
-4403
-3920
-1610
-199
82
1102
4074
3295
2418
5523
7208
14853
7289
9638
20227
13446
19643
19581
20947
13112
10502
17140
12947
15941
13663
8058
8328
5264
6579
4076
4001
-36
-2717
1111
-647
-1580
-5681
-6877
-3706
-8750
-7717
-8889
-10204
-7362
-9088
-7935
-9316
-7731
-6504
-9705
-6906
-9704
-10223
-8398
-7806
-11821
-15507
-8106
-4329
-1809
-1889
5869
1572
-904
14505
10628
9296
11933
12111
11392
8555
9888
9913
8599
8010
6777
5473
4932
4754
5099
6155
4859
1482
1049
-661
2050
-37
-1318
1443
-2044
-339
-185
-2332
-1304
-1094
-1374
-3466
-4915
-7011
-8002
-7812
-9223
-5779
-11458
-11613
-8074
-10951
-15213
-14054
-14672
-11946
-717
-5120
-3002
12298
8782
10751
12471
14170
14436
15135
15610
15498
15341
14729
16177
13859
18784
17265
15469
16586
11531
-6433
-2511
2542
830
2057
1248
2797
2355
449
527
-15
-1911
-1824
-1108
-2397
-2684
-2836
-4164
-3432
-8553
-11881
-7548
-8104
-10525
-11225
-10850
-10237
-6385
-7570
-5587
-5222
-11544
959
-80
-4416
-2422
-2463
486
-2287
1711
5649
5625
6875
6693
3443
4355
4082
1524
175
2625
-339
-41
3257
-566
613
519
-545
-4816
-4677
-2045
-2672
-1048
-1323
-34
-741
481
-807
-6154
-4919
-3324
-3065
-4006
-5306
-6634
-6471
-8197
-8559
-5154
-8269
-704
-6170
-11128
3152
-1177
-1275
-2265
-2580
-807
-4322
-2389
-4906
-7219
-6353
3301
3234
-1143
-153
3318
5877
6429
7976
5854
11839
13923
11594
11752
14108
14925
13797
12619
10597
9434
9088
3806
-310
-1675
-1604
5361
1565
29
-2091
-3970
-2657
-2828
-4019
-4606
-5608
-3378
-3174
-2344
1698
-10888
533
5822
1020
851
-532
2219
-1369
179
-857
195
-2984
-3204
-3009
-711
-1170
-1904
-4260
-8141
-3439
-4950
-1308
714
620
3276
4847
6560
4417
5520
7898
7833
5538
937
3371
5789
4802
4642
1717
21
-1029
-2102
-2361
-3136
-1379
-2237
-4083
-1274
-2732
3525
413
-8455
6700
4890
1965
1976
1021
6550
-97
2063
-866
1285
777
-861
1034
-1372
-1757
-966
-467
-7472
-10012
-5544
-4774
-8255
-5915
-5485
-4946
-1171
2563
5680
2533
4441
9657
10456
11344
12070
10345
10561
11252
11942
10879
9911
8308
8935
6080
6325
1006
-2308
1985
3004
4412
-4750
1741
9258
3357
7039
7916
7607
4157
4156
4231
3424
2641
4791
4056
3470
2718
2586
1608
124
484
-2122
891
-992
-13
790
-1225
926
-5200
-7493
-5536
-4948
-3163
-7564
-8227
-5635
-4078
-3031
-3637
-3803
-4314
-2183
-5999
-5363
-5550
-4629
-4522
-3810
-1721
-1336
3271
-4980
4220
5934
1738
4785
1527
3066
3813
3566
3114
7805
2337
2838
5505
1824
2495
2270
2013
3810
5001
986
1344
1674
1838
3326
-2893
-4769
-606
-1571
-1520
-2968
-4124
-5944
-7434
-5568
-6973
-7762
-9312
-6408
-6040
-6835
-3726
-3712
-3910
-3040
3189
2663
6874
4615
11396
10917
4976
18973
13605
12967
16603
11220
14184
12066
5534
9741
12876
5454
7300
6405
8201
7199
8290
8043
8554
8824
3212
5322
-615
-1139
1178
-249
1268
-1636
-2893
-3018
-2721
-4168
-4566
-4927
-5839
-6167
-8085
-11018
-12251
-13249
-13537
-14481
-11871
-11741
-9857
-12097
-10561
-7965
506
-4693
-9206
6420
4253
3146
6484
7657
649
4494
8403
5898
7640
8204
10003
9398
7733
6190
8737
7810
9070
7408
-3092
-158
3331
5335
3419
2112
2858
1235
2105
-856
-795
-888
-941
-946
-3117
-3620
-5161
-6566
-8394
-10577
-11580
-13573
-15730
-17064
-17696
-18308
-13665
-18170
-10545
-8645
-13573
2353
2575
1585
4750
9439
11480
12596
15936
16124
19676
18872
20454
20765
21278
22102
22146
19275
13034
16778
13137
9209
11163
10176
10434
9319
9985
8906
7572
5977
5091
5082
2459
2438
215
-937
-3660
-6374
-6781
-7091
-7905
-9724
-11046
-14072
-12795
-15774
-13139
-12983
-7918
-11903
-14210
-1637
-6744
-3197
-1978
-1796
-307
975
3677
1796
4927
7709
9682
10333
12448
9383
4301
8160
11706
10950
7934
7218
9105
9097
8421
7888
6420
6324
2923
1947
870
-534
173
-1969
-1348
-2987
-4033
-6299
-7837
-6893
-8881
-9997
-11049
-15393
-15315
-13697
-10339
-10295
-7054
-10475
-15231
-2843
-681
-1304
-577
-4166
-1739
-4261
-544
-2431
481
2233
1259
-1124
419
9439
7535
8463
11652
11162
9977
8375
17207
17564
17097
16183
16391
18361
16959
17257
14338
12051
11363
8761
6850
1790
-603
1126
-4916
-4148
-5277
-9394
-11409
-9844
-9737
-8100
-6536
-9683
-2355
-6001
-8668
260
-587
433
1481
2834
2087
2836
5651
5587
5855
3446
1465
2338
3042
2836
2650
854
1478
2108
-1107
-983
-128
-3117
-3200
2847
3858
4556
3034
-1198
-1961
-1290
-2266
-3100
1446
262
-4411
-4899
-7295
-11419
-9825
-6976
-8338
-6504
-7848
-10608
-4212
-3824
-2968
-1900
-10724
-2364
4996
4121
5760
4704
7503
5755
5232
2745
4293
5797
5479
5673
2815
2680
1737
807
-248
-360
-4235
-6932
-5725
-7339
-6557
-7734
-5568
-4002
-3078
-1039
-1742
195
2288
4622
3174
5391
4147
2111
1936
2045
861
-548
1407
-3536
199
946
-1245
68
5139
3461
-1943
9942
12314
13286
13775
13276
12725
6974
12095
12303
13033
12791
9301
9356
7696
8001
7741
6944
5829
4934
575
-254
-832
-2640
-4615
-5811
-6028
-9090
-9631
-10358
-10116
-11586
-10274
-9126
-11081
-11576
-11033
-11839
-12596
-9282
-10904
-9500
-6802
-9984
-7756
-7114
-6413
-3324
445
4124
-718
4571
12570
11794
6941
5825
11096
10543
12922
11877
10925
12359
12205
11018
9885
10764
8310
8427
6882
7288
4084
-1186
-515
-1441
-2615
-51
-670
-5154
-3361
-4671
-4851
-6470
-8536
-11235
-9809
-12130
-11812
-17973
-18592
-14976
-16561
-15930
-14560
-13003
-12032
-8614
-4114
296
7052
11047
5069
15153
15954
12401
19140
20528
21606
16734
19271
19197
19286
18712
15761
13904
13870
12051
12477
12010
8863
10610
4657
2843
3945
2090
1096
-1358
-285
-2052
-3410
-5998
-7360
-6450
-6174
-6375
-8158
-8366
-8471
-10634
-10583
-10234
-13444
-14595
-15034
-15093
-14259
-15386
-14329
-10729
-10610
-6304
-9670
-12007
1856
5807
6010
6736
10104
11125
9519
12418
11753
13825
13469
12218
11854
11952
12215
12228
10746
9434
6937
1825
4498
3865
3383
2573
2163
2919
-2274
-2820
-4084
-3864
-7554
-7852
-5539
-9000
-9121
-9429
-8844
-9439
-10414
-9828
-11302
-11488
-10416
-10484
-9252
-8926
-13075
-9577
-3024
-10240
-4517
865
-1030
2158
918
6796
5691
5344
11652
16581
12029
13361
14281
15733
16308
16577
14189
14965
12294
8957
16110
13766
8037
4911
1889
1124
2934
1183
2221
1544
-2892
-1944
-2900
-2484
-4072
-4335
-3618
-4688
-6380
-7338
-7567
-7250
-11410
-12215
-11096
-7901
-4401
-4503
1122
-6391
-7162
5860
2700
621
3756
2120
3726
3388
3733
5872
4654
4267
3833
3551
2553
5330
5312
5868
4975
2119
3772
2418
463
-3363
-1163
4158
2841
1821
2406
3102
-11
1477
126
287
-241
167
-1208
486
-4723
-4273
-5318
-11648
-10245
-7311
-6094
-4793
-4868
-1810
3530
-8957
-391
6654
2065
5274
1185
3475
1443
2592
2182
308
-284
-1178
-914
-2511
-2885
-2556
-2420
-1758
-1421
-1266
-265
-658
3905
4096
5397
6831
4511
11815
11874
10391
10180
12174
11006
11717
11573
10847
11307
7600
-686
-1749
2142
-689
-2156
-3460
-2006
-393
3372
2318
8643
3168
527
10463
6400
5157
6116
5846
5672
2779
4800
6777
4533
2127
196
272
-1969
-2760
-4484
-5598
-9180
-9209
-4409
-6021
-6293
-6008
-7246
-7482
-4237
-7001
-6295
-2889
-3123
233
473
1728
1623
2554
917
-4455
-3627
-1843
-21
1072
-185
-459
-1265
-573
-3078
-3224
2491
-4573
671
7532
6933
8080
5332
8188
7268
6381
6467
6666
5571
3518
3267
3382
588
-2024
-1115
-451
-4304
-4597
-2912
-5630
-6140
-5772
-6257
-6946
-8400
-6748
-7230
-5693
-4820
-1532
3895
2602
725
-1529
2386
4664
4078
5093
7999
9108
8842
8687
9497
7053
10498
9070
15123
9093
4286
15179
12966
12790
12631
12660
10834
12100
10515
6656
6099
4527
3639
1658
1759
-505
605
259
-3893
-6784
-3227
-3943
-5266
-3618
-3606
-3601
-4493
-7013
-6057
-7664
-5645
-4853
-10032
-8644
-8079
-4972
-4069
-4946
-5097
-4927
-3120
-2607
-4815
-3752
-3419
-1881
-335
375
9003
-2338
698
12875
5769
5350
3572
3129
3584
4314
9896
7428
7615
3782
5041
6370
5468
6657
2733
2633
1925
2582
2889
2096
1216
1019
1936
1324
431
1011
-98
-944
-3907
-11738
-8937
-8394
-8434
-9066
-9521
-9566
-8986
-8775
-9105
-8565
-6856
-4742
-1860
-1586
2423
1399
8051
6447
1695
13815
12035
12756
12874
15116
14575
14010
15390
11227
13047
10966
12314
12821
7682
8395
10307
12623
9292
6333
8724
7738
8155
6145
6778
6127
3534
6067
-548
-3547
767
681
-49
-2601
-3844
-6216
-9661
-9386
-10724
-12504
-13747
-13703
-14625
-16989
-15174
-16087
-13526
-12352
-8289
-7898
-11808
-1047
347
157
2179
4370
2169
360
5673
3998
5282
6411
5959
6412
7034
6606
6024
6688
4911
5171
6138
5986
6200
6880
8290
5894
2631
1217
1740
1940
506
-2039
2926
1613
514
335
-1586
-2059
-4620
-5816
-11622
-14357
-13978
-16375
-17898
-16939
-15940
-15775
-13262
-11802
-16062
-9642
-5622
-4914
-5672
-3758
987
674
3891
9498
12585
11438
15640
17694
14493
16017
17468
18758
16588
16887
19059
14951
15079
14879
8344
7753
7391
7627
11165
9260
8060
7165
5480
4100
4570
1942
1088
1274
-1051
-2579
-3346
-4902
-6537
-9370
-9969
-10373
-9462
-10580
-5193
-8812
-13895
-3262
-5379
-7011
-6585
-2873
-2486
-1642
-2776
-3411
1006
-740
2085
3128
3408
5451
6113
7530
6200
6589
10010
5871
1260
5270
9730
7289
7424
6685
4548
4820
3238
807
3680
3157
3555
2070
1595
2087
-4942
-5723
-7357
-9853
-10303
-12492
-10814
-12555
-10514
-10756
-7496
-5687
-16472
-4384
-1071
-4482
-3967
-1610
-2478
-6034
-497
-3797
-2754
-2485
-1685
-1048
-662
588
985
3020
6619
8661
6381
9188
11728
13702
16064
17764
15494
16430
16345
14773
15116
13517
12315
10698
10606
10157
7374
5842
3397
-1326
496
-455
-275
-2039
-2606
-3900
-2094
-6159
-4050
-2751
-13781
6163
5088
1970
1194
3358
5514
835
3520
675
2276
205
2460
1835
1794
2542
1478
1190
-3945
-3085
1057
90
-915
60
-650
1636
2194
4199
-472
34
-117
902
1462
258
1897
-1884
-1028
-1095
-1347
-3335
-3749
-4966
-4612
-6275
-5898
-8370
-9898
-7088
-3990
-56
-9332
3992
4159
1077
5375
2188
5376
2840
6249
5297
5144
5784
6656
7305
6638
5110
476
1265
-654
248
1977
-220
-3168
-5244
-4921
-4399
-4518
-2699
-3835
-5949
33
760
2398
3935
4063
4567
5327
5949
5101
6607
5041
6382
3883
1504
-278
2059
2348
2770
11478
-560
2228
12713
5376
8921
10314
11282
11472
9873
11291
10411
11413
9270
10258
7760
1287
705
9572
2825
143
2282
202
-49
-1450
-1049
-742
-3209
-5069
-4431
-4383
-6258
-8923
-10333
-8384
-9468
-10470
-10108
-12370
-11793
-11239
-9835
-8161
-9702
-10875
-9341
-9983
-5363
-2894
-3612
4060
-5373
979
12193
7146
8354
9878
11472
10499
11152
10925
12548
12373
13558
9803
6544
12427
11556
11416
8242
3665
5687
5109
2529
-165
4775
3636
2989
457
-99
-1459
-4376
-4397
-7560
-7701
-8832
-10729
-13193
-12757
-14182
-16921
-15469
-15291
-16216
-12183
-8572
-7998
-3941
-6380
5683
5577
563
17352
11017
10674
13588
16400
17277
15660
18053
18935
19645
13904
12780
14803
13791
9829
9811
9533
6931
9378
9445
8986
7510
6673
7294
6532
4288
4155
2942
66
118
-3501
-5207
-5658
-8168
-9031
-10064
-11317
-16008
-17401
-16453
-18715
-18048
-16456
-18361
-19571
-14276
-14203
-5872
-8583
-12801
2563
567
520
925
6931
8748
6503
10396
2321
4805
10443
9217
10204
8870
7414
10069
12699
10870
12663
10584
8420
7601
6707
7017
5572
789
2270
-715
-1771
-880
-2259
-1749
-2259
-2482
-5266
-9206
-6978
-10023
-10308
-10651
-12090
-15799
-14132
-13427
-13938
-15770
-12029
-6901
-17684
-5673
-5043
-11025
-1131
415
3994
8235
6422
7970
14313
12504
16291
16479
13674
14604
16573
17343
15026
15872
15952
15903
15086
13799
12984
12327
9543
9836
7484
4125
4424
2731
1902
3722
1044
-1190
-1802
-2769
-2165
-2437
-5234
-9286
-7153
-10685
-12728
-12812
-11051
-10435
-8611
-3946
-11364
146
1345
-1228
1853
-912
-2314
-4993
381
-1050
-973
-1834
730
1653
2506
4109
3959
2966
2956
5853
5876
5972
4707
6840
6507
6147
5025
5027
5384
2836
1832
2823
144
-1608
-1775
-3338
-2547
-1599
-4346
-4771
-4675
-5470
-5668
-7513
-6558
-6344
-2359
-2723
-1049
-1928
2766
8220
4729
2591
-1528
-438
-342
572
23
-711
-786
-2050
-2960
-3204
-4905
-5031
-4140
-7996
-4288
383
6543
5224
6167
7711
5568
7204
8293
6366
7034
9457
7970
6305
8896
7332
7629
8241
6387
909
5943
5921
766
421
-2712
-2371
-320
386
1540
1353
6480
5294
8014
13957
6477
7496
9040
9200
6637
5979
4951
3786
4358
1712
2013
-844
-1463
2569
2301
258
-3297
-1703
-7608
-4570
-4932
-6078
-7178
-7456
-6253
-3965
-5159
-6155
-5514
-5997
-4262
-1951
-3210
-3919
-1235
-5680
-6451
-3799
-5198
-5711
-5609
-5013
-6133
-5424
-1018
-454
3689
-5645
3177
11513
9722
6606
11808
13032
9500
11929
12488
11804
10902
9437
9607
8076
6345
6077
6187
-3028
-4085
-2856
-3059
-4598
-5583
-5781
-6486
-7809
-11776
-10743
-12266
-13409
-11825
-13158
-13770
-10666
-4450
-4902
-4795
-2252
-1542
353
1527
2618
3184
2449
3506
6506
9897
5404
6907
8510
10713
18989
14707
14851
14741
13669
13348
12437
14949
13416
12168
9828
9890
8576
8101
7330
6798
3085
-1508
513
-85
-2835
-4693
-5874
-8485
-7573
-11147
-10966
-9562
-10518
-14364
-13529
-11358
-15473
-13420
-14476
-14061
-14943
-13627
-12948
-13558
-10494
-8786
-5787
-5706
-9546
-5892
-2435
1860
-253
191
10728
9388
10008
9532
10359
10279
12526
13983
10707
10822
10141
11096
9987
9331
8456
9362
5042
4148
5445
5105
4995
-1076
163
-699
-2198
198
-839
-5029
-3644
-2957
-5347
-4518
-6484
-6969
-8585
-8826
-8188
-10154
-10130
-10716
-10150
-10012
-15740
-14820
