-35
-73
-58
-90
-32
162
319
420
415
295
89
-46
-66
-84
-140
-101
1
60
1
5
-16
95
161
133
150
113
99
100
-9
-188
-240
-208
-201
-192
-239
-252
-126
-99
-137
-214
-272
-277
-267
-248
-170
-116
-207
-152
-202
-219
-92
31
215
338
426
294
37
-140
-256
-406
-539
-459
-362
-291
-141
-202
-23
22
90
121
148
17
-189
-253
-310
-366
-277
-165
-187
-134
35
151
102
209
178
60
-120
-210
-281
-247
-171
-72
-86
-10
139
184
193
97
97
-47
-66
-51
-17
102
198
298
364
181
63
-21
-244
-361
-419
-337
-163
-77
71
107
153
263
142
232
198
216
271
296
311
284
180
203
171
70
59
144
101
-63
-77
-70
-65
-109
-150
-95
-30
80
187
117
116
41
-6
59
17
17
-34
-19
231
312
377
380
284
55
-202
-368
-398
-404
-276
-98
60
72
135
158
45
42
43
-2
-20
77
116
142
156
182
293
173
183
66
8
-1
-67
-85
-98
-118
-13
54
-56
-59
37
25
126
173
217
132
-63
37
68
45
127
290
299
302
173
134
123
-50
-4
0
3
25
0
-32
-186
-208
-185
-131
-80
-196
-222
-176
-180
-195
-118
-111
22
76
151
215
130
258
203
-30
-312
-437
-428
-457
-409
-278
-180
-126
-4
197
218
86
-1
-19
40
-3
94
35
-50
84
114
105
134
121
141
37
32
-16
-79
-106
-102
-73
-59
-50
47
177
237
291
155
82
94
-81
-266
-179
-234
-249
-186
-241
-204
-189
-180
-180
-83
49
103
116
137
95
47
-76
-145
-195
-183
-104
-87
-13
29
76
60
88
137
142
91
-37
-78
-55
46
-22
103
152
214
243
128
154
116
162
99
91
4
-87
-110
-94
-16
8
10
-5
-58
-146
-162
-188
-81
-55
-33
-83
-126
-41
-4
25
74
207
199
172
99
-44
-249
-343
-357
-246
-236
-145
48
179
237
255
149
25
-66
-76
-85
-86
-88
-145
-128
-101
-88
-115
-77
98
212
191
197
110
134
-7
-106
-133
-248
-266
-170
25
39
116
133
66
19
-48
-86
-51
54
209
206
205
93
-3
67
-28
-4
-8
25
107
168
88
18
-36
-96
-134
-230
-227
-55
98
199
322
407
408
249
117
62
-41
-46
-121
-139
-97
-105
-81
-111
-73
35
180
380
415
343
250
127
-54
-146
-101
43
115
178
107
44
-57
-228
-370
-412
-265
-204
-105
20
69
110
15
-88
-187
-215
-161
-157
-92
-100
-59
30
34
115
130
100
157
124
78
41
42
-21
-93
-44
71
76
-12
-28
-17
-68
-87
-15
34
-54
-103
-123
-61
-66
96
211
273
386
382
266
121
0
-167
-214
-208
-221
-98
-29
-68
-40
65
143
277
324
282
239
208
81
-126
-85
-79
-53
-149
-259
-199
-236
-267
-287
-282
-328
-264
-179
-130
-138
-7
-39
-210
-226
-120
-29
-20
-28
-92
-194
-265
-217
-69
-16
13
-97
-183
-145
-215
-122
35
99
129
180
207
234
197
164
168
252
280
153
121
202
198
180
85
-107
-227
-144
-54
-56
8
8
2
-186
-330
-208
-205
-129
1
60
27
122
86
106
123
197
282
150
173
132
159
188
152
82
-24
-105
-157
-123
-82
-36
48
-48
-42
-30
73
61
151
265
289
185
194
341
399
328
291
228
84
7
-47
-57
-117
-194
-253
-332
-420
-337
-209
-154
-87
106
325
399
455
426
362
348
278
378
376
296
209
-12
-90
-50
-61
-249
-440
-609
-673
-680
-658
-508
-397
-211
-190
-55
76
182
289
349
447
471
401
284
155
-50
-302
-284
-116
-77
-3
-162
-387
-412
-463
-388
-175
39
21
65
180
234
303
426
484
520
545
542
395
371
388
374
323
239
26
-238
-311
-400
-384
-376
-500
-590
-606
-601
-612
-419
-210
-14
231
358
469
520
462
446
396
354
262
170
98
53
-19
5
-80
-232
-391
-497
-578
-563
-499
-394
-266
-217
30
293
476
624
615
541
327
302
350
431
517
380
104
-82
-242
-313
-465
-616
-707
-809
-842
-754
-685
-512
-364
-292
-122
18
143
383
619
828
781
753
563
329
140
-69
-178
-278
-499
-625
-646
-735
-734
-787
-771
-730
-657
-557
-367
-103
134
383
528
588
613
715
755
767
679
615
354
123
-37
-322
-435
-646
-733
-682
-590
-499
-445
-450
-440
-210
-105
101
364
624
836
999
1112
1105
1029
766
498
260
66
-126
-424
-633
-869
-925
-894
-994
-1017
-966
-801
-620
-316
-35
334
542
707
820
1041
1272
1480
1524
1280
954
582
426
209
0
-144
-165
-338
-386
-565
-633
-689
-953
-1124
-1027
-779
-563
-206
123
518
829
1031
1004
907
744
431
326
-48
-213
-88
-50
22
-4
-104
-225
-331
-373
-332
-379
-363
-235
-205
-72
180
168
264
280
327
233
210
321
322
280
136
25
-82
-172
-129
-120
-132
-124
-230
-495
-707
-681
-586
-316
38
172
323
413
434
457
479
655
832
756
628
450
442
388
346
313
136
-155
-512
-745
-1004
-1048
-999
-837
-689
-598
-346
-193
42
289
431
439
469
522
391
318
391
548
609
467
235
132
-181
-380
-515
-764
-707
-652
-673
-756
-651
-483
-327
-184
-10
54
252
352
477
656
631
627
517
578
704
712
710
495
198
-21
-330
-527
-488
-719
-836
-648
-596
-460
-241
-266
-334
-251
17
259
551
715
662
657
537
350
261
14
-103
-157
-283
-382
-416
-357
-192
-102
140
310
219
360
474
489
365
182
1
-175
-233
-155
-140
-209
-202
-333
-538
-767
-757
-843
-963
-842
-675
-634
-534
-343
-270
-111
30
87
88
147
144
238
248
368
514
535
562
474
325
243
88
96
93
-25
-125
-319
-553
-770
-798
-783
-795
-608
-387
-266
-149
-101
33
207
375
707
934
1029
1163
1140
1069
984
1016
832
637
459
110
-114
-203
-401
-598
-771
-980
-1175
-1265
-831
-425
-180
51
49
262
518
679
755
697
506
342
183
286
474
720
783
767
738
800
650
602
805
-17
-252
-366
-908
-1651
-966
-669
-742
-663
-696
-1223
-1642
-1051
-1394
-1218
-1027
-1484
-1348
-1261
-998
-340
85
180
484
691
474
600
934
1116
1146
1484
1356
1269
1315
1154
1122
863
1066
1090
680
99
-290
-668
-1101
-1287
-926
-615
-53
-408
-586
-764
-497
-21
349
549
-117
-319
-619
-113
345
893
918
623
447
222
511
851
1192
1427
1383
1244
924
848
785
663
591
361
-96
-732
-1306
-1764
-1957
-1925
-1708
-1508
-1380
-1326
-1107
-790
-523
-263
-273
-522
-693
-623
-256
143
641
710
560
350
76
102
503
844
1099
1322
1317
1460
1587
1742
1792
1349
979
646
516
529
338
162
-318
-642
-854
-1096
-1335
-1494
-1714
-2025
-1939
-1768
-1638
-1437
-962
-363
176
631
885
1011
874
765
539
166
-264
-542
-578
-347
-35
91
224
227
435
873
1518
1834
1812
1450
808
307
242
223
274
207
-78
-604
-1292
-1570
-1579
-1425
-1318
-1452
-1463
-1384
-1038
-274
389
773
767
605
596
784
1067
1133
1010
570
-44
-401
-423
-247
-61
-56
-363
-747
-1037
-1181
-1162
-1156
-1089
-979
-618
-312
-205
-287
-455
-629
-658
-331
33
416
620
701
774
792
915
1161
1244
1232
1055
832
512
241
161
265
364
507
656
586
588
543
426
291
116
-96
-338
-591
-707
-796
-970
-1012
-1040
-948
-736
-487
-263
-126
-26
-91
-118
-89
214
427
691
848
797
546
319
187
146
32
-448
-924
-1323
-1622
-1608
-1070
-336
146
362
129
-270
-459
-334
62
639
996
1051
1041
572
407
811
1235
1601
1942
1732
1030
297
-311
-603
-494
-137
169
437
473
416
477
407
449
347
241
-2
-348
-521
-614
-568
-333
-115
-56
-155
-478
-1037
-1359
-1223
-1187
-1067
-791
-769
-944
-1142
-895
-704
-421
108
250
394
769
1050
1333
1376
1178
926
630
512
212
73
38
-345
-399
-201
70
568
1119
1276
1195
1209
1278
1340
1496
1582
1430
936
363
-513
-1449
-2483
-3230
-3493
-3393
-2920
-2443
-1984
-1533
-1212
-843
-522
9
607
1083
1542
1754
1950
1510
837
569
207
-70
-42
-111
-265
-396
-305
109
759
1649
2215
2565
2869
2873
2727
2428
1587
431
-819
-2100
-2731
-2851
-3095
-3366
-3287
-3177
-2835
-1814
-955
-653
-318
164
379
1228
2415
2774
2302
1518
588
-167
-284
-430
-710
-925
-1512
-1814
-1387
-386
841
1928
2640
2521
2134
1965
1714
1316
1167
463
-518
-1124
-1545
-1893
-1986
-2266
-3036
-3290
-2969
-2114
-303
1138
1233
498
-771
-1687
-1550
-429
785
1570
1751
630
-501
-502
5
1008
2214
2388
1512
805
-101
-425
531
1737
2315
2364
1575
221
-502
-599
-259
276
331
-294
-1267
-1731
-1631
-919
186
777
620
117
-787
-1333
-1009
-339
210
595
379
-217
-879
-1094
-940
-306
439
933
1072
883
398
54
98
382
973
1713
1990
1338
680
-345
-1148
-1297
-1495
-1730
-2000
-1946
-1477
-741
298
664
248
5
-239
181
1360
1775
1589
880
-114
-875
-693
-14
313
598
716
204
-78
799
1560
2240
2808
2263
1156
209
-664
-1192
-1208
-1081
-1315
-1518
-1688
-1892
-1556
-848
-444
-325
-381
-690
-854
-649
-146
785
1359
1346
1083
589
34
-213
-110
-164
-157
-128
-283
-410
-132
-176
-352
-225
-506
-1131
-1448
-1047
221
1723
2631
2525
1020
-913
-2259
-2188
-974
270
693
-127
-1368
-1768
-1145
317
1837
2233
1887
724
-23
116
689
1367
1485
623
-514
-1291
-1323
-365
782
1206
728
-334
-1300
-1644
-959
140
1005
1411
1120
352
-140
-420
-318
48
79
-191
-480
-806
-1024
-928
-1152
-1869
-2290
-2274
-1716
-290
1425
2130
1828
767
-798
-1560
-628
1011
2396
2682
1555
-210
-1783
-2108
-1283
-133
432
232
-79
-6
865
2298
2975
2875
1870
264
-550
-570
-50
742
1152
614
-608
-1808
-2806
-2871
-1905
-815
303
1285
1493
902
-132
-1618
-2765
-2401
-1748
-915
105
227
-836
-1974
-2413
-1984
-499
1572
3077
3553
3336
2212
958
290
294
773
1155
637
-313
-953
-809
146
1267
1870
1371
306
-620
-613
327
1568
2387
1759
551
-711
-1124
-467
211
805
447
-1071
-3058
-4361
-4283
-3180
-1195
1538
3132
2924
1222
-1299
-3023
-3220
-1232
1469
3131
3333
1860
-661
-1973
-1610
-303
890
927
89
-670
-483
854
2365
3076
2476
1114
-108
-704
-414
424
698
350
-60
-385
-405
-16
447
474
-219
-1673
-3355
-4553
-4430
-2786
633
3746
4372
2548
-1155
-4017
-4036
-971
3233
5632
4843
1281
-2970
-4844
-3651
-830
1527
1341
49
-1178
-1063
1036
3329
4653
3608
1146
-1033
-2205
-1270
926
2423
2489
1006
-1079
-2384
-2042
-956
-312
-847
-2507
-4302
-4432
-1913
1721
3941
3701
583
-3021
-4134
-1883
2264
5410
5204
1746
-2707
-4644
-3240
31
2754
2216
-853
-3468
-4246
-1710
2995
6871
7640
4992
755
-2736
-3608
-1938
191
1714
1649
155
-928
-1238
-1505
-2092
-2929
-3831
-2995
272
3045
3744
1791
-2380
-6012
-5883
-2240
2536
5544
5073
1198
-2745
-3791
-2419
563
3241
3257
1522
-119
-1168
-599
900
1731
1250
222
-749
-594
984
2135
2166
1051
-1137
-2635
-2445
-897
243
846
953
-166
-1411
-2484
-3088
-3418
-3007
-712
1839
2708
1940
-1232
-4436
-4871
-1794
3219
6596
6232
2986
-1819
-4173
-3609
-1374
1343
1487
231
-783
-977
624
2865
4163
3449
984
-1794
-3408
-2487
211
2873
4157
3381
1078
-861
-1353
-1126
-913
-518
-1332
-3684
-4823
-3280
-1691
381
3416
3927
1753
-915
-3369
-4905
-2657
2466
5998
7546
6363
1223
-2802
-3891
-4067
-2086
108
-421
-938
-707
-5
1885
4372
4543
2368
448
-1551
-2141
74
2539
2975
2854
1492
-869
-3032
-4694
-6223
-6552
-4849
-1346
3174
5501
4171
246
-3908
-5624
-2165
3501
6756
7124
3865
-1316
-3687
-2844
-259
1865
1213
-1812
-4604
-5314
-2705
1620
5430
6202
4031
1419
-593
-260
1927
3585
3519
1650
-1035
-4003
-6221
-7204
-6603
-4610
-1356
3256
5920
4534
999
-2938
-5284
-2139
3175
5959
6121
2372
-3585
-5845
-4245
-1290
2126
2996
561
-1338
-1280
444
3169
5357
3983
194
-2520
-3376
-1207
3655
6644
6061
3032
-1754
-6112
-8346
-8655
-6861
-3750
370
4272
5846
3597
-1127
-4836
-5897
-1636
5394
8694
7300
1814
-5536
-8268
-5711
-1107
3769
4873
2012
-907
-2443
-1394
1486
4303
4454
2370
393
-1131
-972
830
2043
1975
1230
-865
-2908
-3170
-3269
-2843
-1612
-1925
-3673
-3675
-1364
2204
5658
6491
2400
-5026
-9852
-9535
-3124
6364
11225
9066
2003
-5273
-7426
-3258
2371
5038
3882
-328
-4021
-3089
1602
5883
7468
4320
-1910
-6225
-6337
-2470
2455
5072
3298
-901
-4305
-5301
-3313
165
2234
2179
224
-1984
-2724
-1375
1025
3021
2820
447
-2243
-4076
-4111
-1703
2011
3954
3076
373
-2074
-1970
-501
1414
1668
-602
-2576
-2074
1624
6179
7644
4558
-1976
-7410
-7502
-3769
1197
4118
2560
-587
-2891
-2528
787
3861
4954
3488
667
-1945
-2839
-1381
653
1963
2141
625
-1472
-2570
-2480
-1459
-5
843
901
1096
1348
1337
441
-1669
-2863
-1798
171
2631
3573
594
-3648
-5149
-3797
-442
3622
4539
1492
-1364
-2681
-2442
457
2934
3125
2837
1806
266
-165
22
-526
-813
-359
-586
-131
1406
1568
1101
644
-592
-1830
-1852
-948
545
2413
3025
1743
-205
-2243
-3533
-2623
-1829
-1211
699
2226
2129
1095
-1356
-5067
-6201
-3344
1489
5955
7538
3749
-2681
-5893
-5069
-436
4936
5825
2814
-1080
-3711
-3134
695
4093
4605
2859
-178
-2665
-2391
-474
1280
1969
978
-663
-969
-55
916
1982
1077
-2030
-5201
-6974
-4978
414
6119
8303
5414
-1723
-8963
-10864
-6177
2170
9443
10429
4851
-2836
-8249
-8075
-3333
1186
3780
3790
1974
548
784
1786
1690
607
-1058
-1960
122
3117
5037
4707
1101
-4058
-7320
-6854
-3196
1676
5262
4683
109
-5229
-8417
-7228
-1256
6043
9949
8169
1914
-5242
-8898
-7052
-2252
2499
4487
2491
-592
-1669
-867
1115
2526
1859
-346
-2026
-1495
1395
5170
7223
6121
2307
-1898
-3908
-3800
-3893
-4266
-4856
-5364
-3124
3086
8113
8603
4113
-4166
-11028
-10423
-2870
6160
11406
8460
-302
-7975
-10063
-6660
37
4830
4401
1449
-733
-805
2139
5406
5212
2183
-1694
-4241
-2815
1861
5862
6518
3982
-744
-5300
-7800
-7341
-4577
-1036
2530
5951
5739
1809
-2803
-7201
-8304
-3750
3248
7773
7468
3083
-3335
-7020
-5932
-2424
2233
4858
3569
2317
1238
150
492
921
61
-980
-835
-193
1678
4774
5795
4401
2568
-1041
-5748
-8163
-8174
-6654
-2480
3718
6921
5400
764
-5239
-9108
-6485
889
7450
9785
6550
-649
-6258
-6890
-4056
345
3447
2368
705
1013
2351
3966
3884
849
-3207
-4825
-2431
3014
8865
10925
7584
1224
-7074
-13731
-14816
-9784
-2375
5803
11756
9428
731
-8160
-13098
-10738
-1071
9427
13938
10752
2314
-6003
-8805
-5863
-1181
2907
2742
-1098
-2424
-787
3092
6585
6509
1773
-3668
-4791
-1763
4398
9755
9356
4903
-2317
-9068
-11373
-8875
-4852
-507
4000
4173
543
-3815
-7295
-7168
-1260
6392
11368
11276
5917
-2050
-7803
-9066
-8330
-4794
-647
1318
3916
6115
6278
4534
1299
-2644
-4975
-3069
1476
6867
10635
9294
4878
-862
-7545
-11561
-10898
-6981
-2102
4091
6253
2660
-3115
-7690
-7974
-2062
7050
12711
11148
3827
-4931
-9837
-8287
-3914
-272
1702
-326
-2478
-1511
1423
4904
6703
5019
378
-2386
-1944
1558
7270
9457
6175
363
-5749
-9218
-9101
-6725
-3502
-836
3055
5544
4597
627
-5031
-8537
-6218
1589
9705
11296
5499
-3718
-10469
-9608
-3884
1253
3902
2260
-162
69
2267
3981
3936
1764
-1603
-2823
-1577
1002
4759
7325
7045
4075
-218
-4130
-7141
-8751
-7865
-5162
-986
4389
9342
9536
4047
-5100
-13709
-15165
-6230
7329
16321
15323
4387
-9158
-14701
-10375
-1129
6865
7893
3241
-1140
-2489
-848
1707
2389
34
-2009
-1042
2111
5497
5959
3090
-613
-2383
-2238
-1048
268
44
-1702
-3920
-5777
-5273
-1550
4511
8584
6369
-1218
-10521
-14615
-8625
4415
16327
18634
9010
-6080
-16537
-15151
-4296
7316
12574
8966
365
-6156
-7871
-4416
922
4318
4814
3446
2401
2387
2380
1182
-1411
-3709
-3566
-299
3643
4465
2440
-1731
-5994
-8048
-6259
-1096
3168
5751
4788
-62
-5361
-7713
-5338
1523
8447
10414
5054
-4642
-10683
-9038
-198
8114
9087
4354
-3615
-8181
-6420
-827
4511
7046
6098
2503
-729
-2336
-1953
394
2758
3514
2119
-198
-2952
-5207
-6405
-6469
-3734
997
7274
11313
8227
-805
-10984
-16518
-11294
2202
14270
17235
8913
-4279
-13035
-12027
-3690
4379
7949
4893
44
-1959
-1132
1101
2045
853
-1897
-2858
-908
2495
6323
7018
3455
-1040
-5084
-7182
-6485
-4725
-1972
627
4193
7810
6825
1745
-6065
-12683
-11928
-3340
8523
15650
12589
2410
-8974
-13754
-9990
-2609
5113
8385
6662
4034
1506
-416
-1527
-2089
-3432
-3310
-883
2422
6448
8316
5554
237
-5518
-9642
-9966
-6135
-474
3312
6754
7183
3120
-1624
-5972
-8037
-5011
1865
7710
8887
4789
-2297
-7979
-7666
-3740
365
3351
2368
452
1103
2801
3647
3109
-7
-3617
-4117
-1265
3288
7446
8091
4667
-923
-5843
-8621
-9221
-6785
-2791
1666
6786
8711
5399
-1695
-8321
-10181
-6048
2809
10670
11184
5932
-2314
-9233
-9108
-5305
-1735
1516
2534
3013
5256
6462
4691
132
-4801
-7543
-4961
2131
8311
10699
8555
2088
-3942
-7362
-8109
-7183
-5454
-3159
28
4845
7099
5075
-1051
-7278
-9062
-4076
5520
12507
11337
3582
-6351
-11576
-8925
-3106
1517
2622
651
664
3499
6689
6462
1613
-5113
-8952
-5801
2005
9713
12957
9983
2179
-5341
-10120
-11495
-8523
-3098
2649
8057
8391
3466
-4564
-10839
-11424
-5394
5005
12928
12571
6230
-3406
-10578
-9952
-4789
706
4437
3651
1278
875
1989
2883
2456
-182
-3206
-3462
-605
3960
7611
8761
5475
-265
-6027
-10511
-10645
-5478
893
7883
10465
4902
-4407
-12139
-13292
-6302
5417
13995
13300
5726
-4039
-10597
-9124
-3491
1702
4532
2927
666
228
1841
2864
2106
-269
-3093
-2532
1137
4609
6162
4994
515
-2928
-4623
-5682
-4545
-879
2388
6361
6813
514
-7660
-13122
-11492
-2509
9437
15844
11200
1366
-8578
-12909
-7971
-498
4118
5203
2612
140
1070
2699
2723
1331
-1644
-3854
-2810
1105
5041
6873
5669
1276
-4474
-8376
-8884
-5284
756
6003
8934
5847
-1935
-9436
-12482
-8671
1222
11698
14989
8866
-1163
-10570
-13027
-7746
-892
4069
5319
3459
2541
2890
2015
-635
-3562
-5408
-3024
3854
9200
9868
5188
-1990
-7591
-9812
-7584
-2982
1863
5094
6497
4136
-2644
-9358
-11172
-7460
3018
14057
16550
9778
-2328
-13423
-15309
-8711
-332
5010
6336
3140
850
1452
988
-261
-1320
-2694
-1314
3447
6814
7416
6579
1678
-4231
-8394
-11129
-9019
-3064
4740
11773
10591
2348
-8876
-15920
-12135
-781
11929
18302
12625
1888
-7705
-12953
-10442
-5373
-979
2210
4138
5907
6726
5916
1075
-4975
-8238
-7029
361
10161
14253
11214
3131
-7572
-15631
-15614
-8543
1109
10197
15127
11502
1091
-10557
-17643
-15404
-2860
12991
21746
18225
4902
-10572
-18743
-15744
-7423
1403
7413
7507
5890
4486
2352
-493
-2040
-3399
-2169
3180
6871
6769
3062
-2186
-6789
-9496
-7764
-2360
3349
8815
10736
5190
-4213
-11701
-13692
-6955
6759
15841
15189
7152
-5201
-12781
-11918
-7272
-3061
-75
1726
3280
6900
7924
4598
-209
-4793
-5402
-926
5102
8945
9506
4615
-4897
-11760
-14744
-10669
-1484
9667
17216
11917
-437
-12012
-18066
-10807
3747
14807
17856
9385
-1867
-8258
-11323
-8140
-4928
-3083
204
2015
5664
6729
4488
76
-3837
-3432
-459
4994
8192
8171
4491
-2226
-8433
-13100
-11387
-5141
4006
13080
12379
3336
-8652
-17072
-12854
-505
12548
19211
13221
2684
-6616
-12802
-10433
-5937
-2701
481
2141
3125
3547
3411
947
-475
275
877
3021
4844
3945
1280
-463
-3388
-6707
-7074
-5901
-1309
5542
8214
5276
-3499
-11858
-11620
-3873
8559
18136
15079
4174
-6398
-13088
-10415
-2935
249
719
663
-274
1409
3767
1671
-1118
-1387
-608
3093
7409
6610
3151
-1834
-6755
-9045
-8577
-4784
1772
7413
8870
3621
-5609
-12587
-11397
-1104
11150
18315
13325
501
-8974
-13128
-8494
193
3244
1803
434
-1424
-835
1534
666
-110
789
2062
4541
5716
4073
2645
98
-3796
-6958
-9897
-8705
-2291
6794
13891
10062
-1540
-13447
-18271
-9279
6330
18455
20509
8726
-4666
-12403
-14457
-7453
-1113
2541
5996
5814
4263
400
-5045
-7939
-5447
2017
10141
14199
11096
1858
-7869
-12710
-12794
-7020
2071
9099
12365
9368
-1156
-12407
-18351
-13858
479
14506
21754
16431
753
-11094
-16346
-12584
-1443
5121
7026
6631
3122
-90
-3527
-7066
-6668
-1621
5513
11146
12734
9242
855
-8438
-12827
-13509
-8458
2329
12569
17087
10395
-4431
-17486
-21679
-10993
7544
20578
23670
11618
-7235
-18039
-20667
-12162
2339
11599
14952
11452
2042
-7454
-14713
-14626
-6334
5974
17634
20058
12849
745
-10793
-17940
-15187
-6867
3355
12838
16123
12176
-1930
-17130
-22097
-16204
2086
20307
25101
16455
-2339
-18498
-20639
-12771
1374
11173
12134
7770
-682
-5367
-7767
-7733
-3086
2316
7889
9734
7373
2583
-2230
-3592
-5519
-5085
-4398
-2396
2004
7693
10446
3132
-7362
-14427
-14053
-1413
12878
19161
15227
1232
-11295
-17045
-14466
-4244
4506
11201
11896
6914
393
-9015
-12702
-9841
-1465
8800
14753
15318
8901
-2377
-12164
-15719
-14332
-6448
5706
14908
17090
7654
-8105
-19255
-19977
-6831
10448
22137
21856
6791
-8839
-18390
-19243
-7434
4655
12129
11562
3765
-3607
-9577
-9366
-4134
2824
10565
12606
9019
1641
-5784
-8148
-6804
-3227
218
3773
4271
3292
950
-5649
-10031
-9179
-1806
9122
16088
16183
4831
-9524
-17099
-16297
-4330
7488
11899
10603
2392
-4825
-8873
-10548
-7043
246
9425
13887
11727
4220
-5070
-10861
-8693
-1826
2570
5322
5898
4739
102
-9210
-14431
-13441
-3036
12791
20577
18388
4527
-13483
-18545
-14055
-1820
11141
13292
8561
-540
-7981
-10325
-9528
-3489
3413
10088
12820
8595
43
-8133
-10259
-6004
2431
6799
6071
3946
-120
-2878
-6766
-10260
-9080
-4498
6750
16779
16688
8751
-6037
-16657
-15826
-6594
6961
13697
10496
1861
-7492
-10241
-8514
-3627
2884
8561
12028
10935
3877
-5364
-10975
-10565
-4661
3405
8823
8977
4481
-3120
-10975
-16392
-12172
689
15022
24286
18822
615
-16535
-22889
-14959
1808
15259
16485
7926
-4271
-12705
-13296
-7913
586
9486
15843
14217
5478
-7518
-16735
-14867
-5371
5875
14299
14213
6203
-4939
-15476
-19077
-14121
-1372
14282
24043
22007
7174
-12149
-24110
-21345
-5154
13061
20966
13957
-597
-13399
-16806
-10958
-934
9755
15621
15403
8539
-4925
-15662
-17004
-9932
2262
13305
17783
12630
182
-13099
-21676
-19973
-6896
11142
22671
23732
11235
-8979
-21708
-22700
-9039
9012
18871
16454
4773
-8075
-15096
-13508
-5821
4571
14064
17272
10862
-2207
-13868
-17580
-11337
333
11206
16412
12347
2028
-9223
-17113
-16684
-7474
6718
20250
21869
9738
-8087
-21247
-19442
-4868
12016
18764
11632
-1987
-13323
-15499
-9369
374
10325
16397
15735
7963
-5231
-16597
-19011
-12070
611
12902
18435
14365
2233
-11826
-19766
-17831
-5585
11425
22817
21340
6970
-10916
-20729
-18000
-4649
10710
16984
10978
-896
-11658
-14685
-8989
885
10243
15172
13483
5028
-7317
-15369
-15091
-7457
3461
11821
13242
7233
-3010
-12237
-15922
-11533
913
14797
22446
18029
1004
-16624
-23627
-15560
2790
17798
19057
7591
-7951
-17180
-14708
-4631
6598
13938
15596
10842
-335
-11594
-16029
-12573
-2778
7859
14072
11720
1619
-9976
-17121
-16095
-4448
10923
21649
22427
9651
-8668
-20483
-20295
-7342
9203
17792
13927
1674
-10104
-14972
-10416
-749
8131
13333
13649
8012
-3170
-12733
-14006
-8273
531
7504
9632
5527
-2195
-8593
-11168
-9188
-2090
7621
16146
18429
10227
-4928
-18048
-20331
-8820
9194
19485
14777
1070
-13244
-18946
-12328
114
11552
17312
15579
7582
-4813
-15148
-17367
-11902
-1255
10366
16634
13487
1208
-13219
-21096
-17574
-2308
15877
26408
22384
4192
-15500
-24253
-18639
-792
16228
21071
12902
-2555
-15805
-18640
-10977
1607
13232
18412
14989
4670
-8968
-17509
-16716
-7492
5066
13680
14367
6248
-6766
-16435
-17501
-8553
6327
18819
22568
13856
-3943
-18964
-22199
-11560
6483
18959
17795
5731
-8695
-16592
-13544
-3338
7203
13773
14683
8773
-1144
-10634
-14011
-9815
-2126
5344
9991
8752
1994
-7740
-14224
-13626
-4800
8835
19185
20272
9577
-7026
-18597
-19063
-7554
7796
16598
13593
2622
-8697
-13892
-10761
-2462
6306
12435
14316
9409
-1107
-11831
-15948
-11037
-1289
8703
13563
10355
-532
-12841
-18500
-14461
-1116
15144
24025
19752
3600
-14212
-22094
-16342
-1032
13745
17869
10270
-3105
-12839
-14515
-8168
2486
11304
15503
12200
2098
-9400
-15383
-12325
-3673
5753
12101
10670
2642
-8475
-16062
-15232
-4982
9904
20720
20570
7562
-11028
-22507
-19399
-3628
14067
21213
13149
-2653
-15799
-18856
-11006
2210
14098
19367
16380
4420
-11864
-22225
-19546
-6329
9805
20825
18848
5207
-12649
-23915
-21549
-7424
12440
26639
26026
11373
-10092
-24966
-23478
-8705
11032
23575
19059
2598
-14352
-22157
-16652
-1001
15237
22823
18962
5246
-11798
-21762
-18795
-5826
9423
18314
16134
4578
-9880
-19518
-18671
-7745
8010
20502
23415
13911
-3667
-19268
-22698
-11507
6398
19457
18643
4801
-11147
-19160
-15010
-2692
10227
16407
13741
5657
-4655
-11914
-12451
-6387
1921
8619
10552
5882
-3034
-11646
-15069
-10755
826
13995
20828
16836
3249
-12417
-19576
-13724
408
12812
15294
7129
-4653
-12410
-12063
-5014
3842
10176
12373
9437
2055
-7119
-13376
-12091
-3539
6149
12556
10659
720
-10918
-17174
-13820
-2940
10645
20259
19732
9302
-6710
-18856
-18661
-7561
7802
18135
15522
2029
-12830
-19898
-15434
-1920
13508
21619
18965
6624
-10393
-21163
-19911
-7372
8449
19102
18191
5267
-10934
-22252
-21553
-9711
8621
23036
24506
15452
-4649
-22055
-24377
-10712
8716
21726
18531
2608
-14354
-21933
-15615
-336
15206
21612
16057
2699
-12041
-20077
-16367
-4017
9078
16792
16121
5495
-10114
-20721
-19616
-8032
7996
20772
22350
11612
-4552
-17729
-19234
-8716
5929
17035
16395
3865
-10351
-17224
-13285
-2295
9628
16312
14675
6503
-5842
-16046
-17068
-9098
3328
14878
18716
10871
-5289
-18639
-20119
-14158
3722
18206
19481
17651
722
-16081
-20460
-17376
276
15663
20628
14245
-2063
-15418
-20182
-14550
787
15034
20796
17542
1123
-15660
-21856
-17397
-2079
15083
22259
18752
317
-18605
-22250
-21957
-896
20386
23893
24776
3307
-20819
-26125
-22931
-259
21133
27230
18873
-2333
-20858
-26513
-17462
1840
19437
25194
19674
515
-18914
-24153
-18125
-12
19431
25013
19224
-3851
-24579
-26002
-21591
4073
25987
26037
21168
-3424
-25094
-25751
-17181
7324
25107
24877
10497
-9899
-22892
-22234
-8422
7887
18996
21309
12691
-3183
-18090
-22131
-13211
3883
19283
21020
12856
-8784
-23205
-19794
-13185
8729
22058
18366
14043
-4616
-18041
-16393
-7896
7115
15917
14011
3152
-8716
-15401
-14361
-5874
5952
15209
17511
10375
-2620
-14082
-17405
-11590
1376
14028
16083
11426
-4656
-16200
-15977
-14144
3388
15816
16933
15934
316
-13402
-17654
-11521
2274
13044
14815
7544
-4203
-13902
-15804
-8778
3866
15349
18852
11554
-2240
-16128
-21476
-14754
2255
17361
21807
14054
-6677
-20053
-23785
-14147
8615
22399
26186
13799
-6331
-20427
-22000
-9519
6588
16794
16490
6361
-6887
-15407
-14520
-5125
8062
17730
17004
5366
-9947
-20982
-19982
-6010
12595
23489
17476
-1047
-19454
-26196
-14453
7337
23720
25387
10808
-9148
-20766
-18613
-5656
8739
16126
12801
2642
-7525
-13235
-10670
-1995
8447
15646
13387
1700
-11375
-18426
-15026
-800
15158
20787
10877
-8185
-23003
-23345
-6791
15904
27780
21598
1805
-18181
-24076
-14636
2513
16809
18613
9141
-3981
-12858
-13990
-6874
4536
14139
16597
8632
-5948
-18371
-20474
-9882
9134
22454
20202
3307
-17374
-27351
-19678
2574
24819
30632
17049
-8008
-27206
-27170
-10513
11459
24922
21035
5792
-10363
-18628
-16061
-4350
10729
19688
17003
4009
-12489
-23057
-20061
-2585
17353
25119
15132
-6663
-25373
-27741
-10614
14845
31164
27756
6308
-19178
-30881
-23255
-2211
18333
25355
17451
1993
-12072
-17957
-13482
-1143
12312
18902
13899
-352
-15776
-23329
-14900
4760
21031
23273
8153
-14295
-28324
-22671
-44
23720
31959
19628
-5551
-26257
-29401
-15590
5920
20521
22094
13332
-525
-12323
-16507
-10344
2857
14696
16779
7449
-7987
-19700
-17621
-1906
14774
20335
10991
-6901
-21052
-20394
-4759
14598
24706
18675
752
-16324
-22138
-14970
-781
10586
13372
9928
3012
-4208
-7890
-6133
654
7985
9962
4301
-5318
-12844
-11955
-1231
10881
15076
7669
-6442
-17556
-16965
-3085
14616
23012
16376
-1391
-17737
-21097
-12239
2243
12372
12152
6105
-1190
-6570
-8058
-3870
4592
12038
13339
5128
-8465
-18602
-17801
-3874
13137
20784
13726
-4198
-20240
-22607
-8877
12288
25968
22176
3910
-15916
-24132
-16840
-1352
11584
14618
9343
1031
-6925
-10670
-7941
983
12072
17387
11695
-2463
-16370
-21143
-11076
7075
19344
17281
1993
-15570
-22865
-13276
6936
23063
24117
9042
-11763
-23321
-19867
-5702
9423
15837
12289
3675
-5091
-10337
-9726
-2290
8702
15869
13047
690
-12400
-18828
-12034
4554
16883
16343
3205
-13076
-20796
-13779
5036
21767
23863
10065
-10441
-22687
-20013
-7277
7484
14698
12119
4284
-4134
-9573
-9999
-3642
6811
14300
13065
2268
-10274
-16709
-11822
3893
16083
15540
2810
-13894
-21933
-14890
4455
22369
25485
12262
-8750
-22623
-21234
-8621
6270
14285
12085
4615
-3257
-8369
-9342
-4441
4983
12313
12217
3050
-9224
-16385
-12951
2197
16420
17988
6400
-11382
-23034
-18784
-491
19640
27156
16751
-4425
-21376
-23653
-12208
4279
14516
13443
6374
-1574
-7285
-8711
-4890
2726
9186
10688
5262
-5489
-13811
-13600
-1590
12818
16899
8794
-7213
-20100
-18521
-2762
16171
24686
16916
-1953
-18401
-21651
-11531
3246
12548
11160
4563
-1780
-5798
-6435
-3321
2962
8369
9260
4430
-5365
-12755
-12324
-1713
11489
15711
9166
-4435
-16215
-16262
-3343
13299
21500
15177
-1970
-17044
-20238
-10511
3812
12580
10897
2946
-3761
-6593
-5191
-1072
5248
10094
9462
3015
-7432
-15106
-14108
-2863
11893
17685
10658
-4330
-18235
-19778
-5789
13639
25417
21152
2185
-17372
-25017
-17365
-689
13110
15653
8921
9
-7145
-9225
-5481
2142
10218
12242
7276
-3476
-13805
-15593
-6081
8558
16595
12071
-1598
-16030
-20334
-8342
11005
23885
22188
4769
-15605
-24466
-18170
-2230
11742
15016
8685
-528
-7974
-9770
-5373
2652
11131
13928
8334
-3222
-14492
-16926
-7390
7888
17689
14868
553
-16018
-23240
-13753
6895
24238
26747
11880
-10775
-24813
-22943
-8379
8721
16981
14217
5364
-4771
-11388
-10787
-3348
7521
14494
12812
2815
-10680
-18445
-13570
1173
14653
18055
7833
-9338
-21470
-18251
-475
18614
26407
16899
-4174
-21335
-24390
-13306
3265
14172
14816
8301
-809
-8306
-10451
-6701
2173
11417
13847
7056
-5188
-15459
-15311
-3775
9988
16674
10640
-4573
-18255
-20045
-5696
14278
25235
20602
2034
-16591
-22791
-16261
-2910
8678
13004
10742
3994
-3971
-9426
-9032
-3013
6936
14334
11858
-176
-12292
-17131
-9512
5744
17609
16546
2259
-14947
-23207
-15021
5184
22405
25164
11186
-9203
-21149
-19414
-8801
3881
11659
12611
7971
4
-7199
-10466
-6220
3309
11779
12393
4233
-7956
-16186
-13027
468
14087
18053
8038
-9363
-21506
-18084
-802
18135
25877
16341
-3373
-18690
-22018
-13575
48
10555
14116
11172
3313
-5132
-9920
-8694
-1124
8582
13281
8718
-2479
-12897
-14821
-5603
7710
15865
11829
-2317
-16378
-18996
-6502
11908
22451
18601
2343
-14127
-19850
-14205
-3034
6227
9930
9130
4852
-1032
-5896
-7086
-3518
4500
10959
10165
859
-9903
-14281
-8328
4888
15704
14625
1431
-14960
-21994
-12467
7595
23097
23844
8810
-10642
-21190
-18713
-7701
4556
11775
12701
8084
-150
-7502
-10619
-6604
2624
10689
12171
5167
-5985
-14164
-12332
-1822
10087
14502
7174
-6889
-17314
-14722
2
15577
21316
12620
-4139
-16223
-17579
-9790
1125
8299
10362
8592
3425
-2765
-7064
-6898
-1600
5572
9570
7219
-594
-9009
-10564
-4078
5452
11368
7530
-3649
-14437
-15025
-2837
12419
20346
14496
-1449
-14697
-18440
-11663
-361
7354
9627
8018
3254
-2144
-5971
-6343
-2445
3915
7894
6925
605
-7789
-10263
-5332
3151
9868
8330
-915
-11332
-14001
-4863
9085
18498
16079
2562
-11301
-17670
-13818
-3690
4737
9329
9498
5748
-135
-5232
-6492
-3695
2234
6610
6356
2386
-4407
-7386
-4244
1449
6790
6422
-381
-9074
-12976
-5975
6731
16585
17066
4793
-10046
-17411
-14783
-4375
4739
8791
8728
5120
-99
-4191
-5303
-2882
2086
6443
6352
2115
-4744
-8364
-5264
680
6716
7917
2157
-6953
-12657
-8100
3720
14382
16861
7356
-6728
-15293
-15033
-6553
2331
7511
8732
6734
2198
-3262
-5808
-4522
555
6058
6760
3302
-2952
-7420
-5655
-1063
3884
6330
3136
-3701
-9794
-8059
794
10993
15875
9929
-2610
-12425
-15086
-9630
-1073
5413
8761
8172
4051
-1879
-5618
-5441
-1726
4035
6725
5305
364
-5054
-6250
-3826
330
4453
4348
-331
-5916
-7062
-1687
6332
11677
9124
86
-8031
-10956
-7676
-2133
1917
4283
4982
4506
2010
-1018
-2813
-2618
208
2976
3651
1432
-2626
-3560
-2386
-96
2526
2476
-673
-5269
-6506
-1647
5915
11521
9911
1266
-7633
-11677
-8942
-2588
1954
4598
5368
4495
1517
-1782
-3454
-2837
869
4261
4068
1455
-2853
-4491
-2473
260
2892
2688
-449
-4672
-6850
-2978
4119
10088
10558
3400
-5393
-10594
-10329
-4743
1061
4513
5409
4308
1645
-1318
-2362
-1646
974
3861
3354
791
-2403
-4284
-2402
669
3051
2641
-572
-4648
-7355
-4035
4043
10774
11869
4968
-5389
-10983
-10726
-5042
1413
4990
6050
4879
2060
-2376
-4641
-3787
123
5535
7099
3847
-1621
-6728
-6342
-2120
2284
4748
2700
-1820
-6787
-7064
-564
7401
11739
8560
-916
-8465
-10701
-7512
-1528
2371
4706
4818
3873
1062
-2238
-2949
-1583
2196
5091
4253
715
-4132
-5382
-2446
1023
3743
2496
-1850
-6280
-7249
-1169
7237
12100
9669
164
-8896
-11934
-8608
-1694
2908
4710
4586
3157
845
-2029
-2397
-920
2116
4796
4285
1430
-3465
-5588
-2916
365
3137
3220
-661
-5087
-7183
-3278
4772
10894
11520
4058
-5692
-11066
-10068
-4338
745
3577
4439
3608
1975
-998
-2661
-2316
-88
3462
4342
3078
-464
-4115
-3596
-1116
1611
2878
378
-4052
-7058
-5048
2618
10294
12810
6859
-3985
-11354
-11823
-5932
1027
4567
5211
3303
831
-1599
-2900
-1632
806
4025
4642
2727
-53
-3420
-3130
-757
1306
2535
-78
-4596
-7293
-5483
2092
10268
13397
8084
-3118
-11517
-12782
-6663
1350
5256
5491
3407
535
-1903
-3249
-2596
-307
2765
4789
3421
1355
-2097
-3529
-1727
189
2276
1695
-2320
-6118
-6882
-1750
6849
12475
11119
1748
-8634
-12849
-9635
-1386
4555
6157
4682
1707
-1000
-2585
-2333
-1118
1247
3757
3909
2391
-608
-3498
-2972
-478
2503
3712
200
-5475
-8948
-6080
3452
12107
13906
6702
-5704
-13592
-13136
-5744
2656
7177
7597
4992
544
-4011
-5203
-3119
558
4380
5355
3454
169
-2762
-2885
-1151
736
1917
722
-3023
-6569
-5990
744
9043
13153
9099
-1808
-11550
-14264
-8728
562
6762
8118
5661
977
-3719
-5383
-3540
-20
3719
5295
3852
1033
-2521
-4171
-2453
431
3263
3822
-15
-6108
-8906
-4449
4923
13042
13446
4865
-6684
-14467
-13821
-6253
2689
8561
9057
5668
-640
-6047
-5934
-3049
1260
5628
5958
3593
226
-2930
-3673
-2676
-553
1718
1783
-1338
-5013
-4920
501
7632
11233
7499
-1487
-10062
-12649
-8146
-857
5811
8470
6156
964
-4549
-5983
-3327
281
4335
5521
3553
354
-2419
-2560
-1711
130
1718
1489
-790
-4169
-5146
-1634
4862
10264
9049
2187
-6933
-12692
-10413
-4109
3633
9272
8258
3315
-3290
-7293
-4927
-468
3684
5881
4158
1013
-1962
-2906
-3001
-1501
1092
2630
1953
-1868
-5321
-4349
666
7624
10574
6985
-1104
-9926
-12741
-9072
-1989
6612
10417
7480
735
-5740
-7453
-4260
977
5464
6612
4691
268
-2948
-4153
-3920
-1331
1529
2974
1495
-2213
-4283
-2663
2627
8042
9106
4852
-3102
-10067
-11731
-8233
-97
7997
10209
6436
-936
-6041
-6123
-2924
1288
4652
5817
4090
1118
-1969
-4730
-4222
-1639
1394
3212
1084
-1901
-2937
-743
3924
6658
5841
785
-5823
-9154
-8747
-3713
3531
7567
6768
1696
-2877
-4507
-3120
136
2416
4170
4047
1726
-136
-2821
-4109
-2097
-267
1511
1545
-228
-1665
-1577
862
4213
6364
5124
-49
-5712
-9835
-9129
-2362
4812
8560
6770
782
-3455
-4557
-2910
-535
1424
3246
3486
2688
241
-3025
-4341
-3204
-473
2090
2762
1667
-567
-1905
-825
2219
5187
4546
-285
-6134
-9524
-6872
-292
5265
6585
3577
199
-1708
-2602
-1829
-1291
466
2418
3316
2441
-409
-2895
-3953
-2482
57
1906
2855
1313
-956
-1578
-403
2894
4980
2523
-2444
-7616
-8538
-3422
2454
5884
4724
1107
-946
-1945
-1686
-590
470
1704
2438
2066
-201
-1980
-3097
-2877
-739
1385
2774
2642
-453
-2690
-2616
535
5148
6087
2169
-4849
-9806
-7685
-1446
4780
7083
4546
939
-1515
-2863
-3088
-1461
865
2597
3879
1842
-1969
-3878
-4794
-2846
1804
5369
6015
2315
-3324
-6285
-4106
2326
7527
7385
1273
-7089
-10644
-7580
-1250
4945
7305
6039
2850
-419
-3306
-5146
-3182
467
4269
5870
2931
-2014
-5908
-7041
-3677
2957
8585
8767
2651
-5086
-8868
-4991
3107
8658
7457
-458
-8312
-10388
-6395
336
5721
7722
6048
2564
-1326
-4746
-5298
-2793
1350
5491
5408
1413
-3312
-7218
-7265
-2126
5293
9817
8127
592
-7250
-9136
-3685
4389
9211
6708
-1479
-8254
-10138
-6421
235
6102
8731
7382
3214
-1744
-5783
-6741
-3846
1734
6453
6576
2049
-4097
-8521
-7858
-723
8120
11329
7023
-2386
-9753
-8902
-1276
7487
10474
5117
-3792
-10462
-11071
-5734
2340
8763
10235
7038
1029
-4728
-8070
-7501
-2036
4760
8282
6591
-47
-7194
-10260
-6457
2967
11098
11885
4340
-5966
-11406
-8197
1370
9620
10889
4735
-5142
-12969
-13490
-6346
4074
12238
13991
8304
-1334
-9182
-12006
-7765
1094
8299
10421
5685
-3036
-9538
-9870
-3444
6460
11849
9558
791
-8827
-11365
-6141
3092
11034
11529
4328
-6575
-15101
-14949
-5979
6229
14937
15210
7322
-3410
-11276
-12769
-6591
2484
9110
10075
4053
-4801
-10058
-8626
-1009
8007
11379
7038
-2705
-10691
-10981
-4188
5866
12783
11967
3218
-9470
-17471
-15627
-4768
9114
17395
15729
5632
-6442
-14078
-13509
-4861
5141
11020
9883
2223
-6126
-9466
-6694
534
7831
9957
5131
-3440
-9431
-9197
-2579
6797
12553
10905
1324
-11106
-17693
-13547
-1534
11340
17460
13224
2171
-8831
-14095
-10238
-459
7859
10306
5722
-1955
-7264
-6816
-2343
2877
6285
6314
1982
-3763
-7967
-7572
-970
7210
12488
9740
-1586
-13169
-17433
-11173
2368
13681
16179
9674
-1804
-11358
-12474
-6210
2214
8397
8113
2494
-3106
-5931
-3938
-67
3457
5452
4129
572
-3679
-6706
-5196
78
7131
11186
7373
-2768
-13276
-15993
-8122
4902
14862
15518
7007
-5388
-13064
-11455
-3547
5318
9271
6037
-520
-5185
-5010
-852
2522
4035
4174
2372
-280
-3077
-5283
-4218
352
6225
8951
4716
-4793
-12879
-13349
-4743
7759
15652
14023
3683
-8494
-14307
-10596
-672
8394
10549
5082
-2952
-7218
-5587
-714
3434
4990
4357
2689
64
-3230
-4886
-4164
-192
5607
7798
3905
-4447
-11497
-11164
-2798
8169
14730
12079
1472
-9627
-13634
-9345
-161
7813
8733
3574
-2778
-5469
-2945
1122
3469
3634
2157
593
-439
-1467
-1476
-608
727
2477
2353
-1522
-5857
-7653
-5049
2191
9353
11138
5998
-3244
-10613
-10484
-4980
1932
6571
5582
1023
-2727
-3279
-450
3117
4037
2137
-208
-1811
-1386
299
1268
1539
1260
72
-1265
-3830
-5532
-4035
2
5243
8725
6952
780
-5417
-8075
-5811
-1047
2046
2131
492
-1831
-2098
628
3531
5706
4979
1012
-3241
-5268
-4118
286
4452
4973
3177
-424
-4733
-6697
-5717
-1740
3961
7757
8411
4063
-2679
-7104
-7149
-3116
1269
2334
346
-2553
-4265
-2455
2383
6723
8272
5891
-425
-6425
-7894
-4874
1845
7786
8302
3692
-2897
-8580
-10085
-5689
1700
8060
10732
7880
170
-7080
-9646
-6889
-467
4480
4589
758
-4466
-6928
-4451
1812
7962
10177
6971
123
-6714
-8868
-5487
905
6537
7972
3838
-2368
-6843
-8460
-5052
1787
7432
9660
6483
-885
-7877
-9779
-6011
63
4729
4422
300
-4239
-6752
-4444
1588
7328
10418
7807
1315
-4910
-8527
-6940
-1509
4466
8229
6606
684
-5799
-9046
-6723
115
7129
9789
6567
-1004
-7624
-9025
-5989
-295
3962
3914
1183
-2301
-4210
-2918
762
4868
6812
5678
2060
-2003
-3913
-4822
-3272
1036
4120
5612
4168
-854
-4944
-5395
-2366
3106
6727
4825
-789
-5789
-7139
-4130
1378
4199
2262
-1425
-4460
-3881
-315
3099
5042
3903
1747
351
-106
-15
-1269
-2597
-1815
538
3593
4988
2417
-1891
-4618
-4069
-175
4074
4789
1403
-3132
-5784
-4506
-450
2789
2208
-1139
-3576
-2856
208
3094
3108
1004
-964
-924
1671
3496
2336
-527
-2925
-2025
1024
3180
3319
510
-2463
-2726
-1129
1281
1781
-269
-2470
-3374
-1826
1303
2761
1025
-2256
-3841
-2080
1398
3317
2074
-965
-3079
-2107
1502
4875
4760
2021
-636
-2287
-992
1208
1977
1847
-49
-1537
-1154
-973
-1270
-1220
-1494
-1343
40
1122
1070
-621
-2678
-2548
-46
2468
3102
1014
-2506
-4431
-3293
208
4023
5395
4407
2694
268
-1624
-1585
-884
-80
813
1173
579
-1023
-2824
-3454
-2687
-863
926
1720
1227
-808
-2492
-1803
301
2613
3039
730
-2603
-5160
-5089
-1609
2309
5034
6363
5309
2929
138
-2902
-3582
-2106
-116
2971
3961
659
-3119
-5286
-4964
-1827
975
1901
1761
142
-1067
-217
533
1034
1459
253
-1455
-2854
-3425
-2619
-747
2186
4834
6201
5090
1752
-1528
-3384
-3060
-494
2654
3894
1320
-2896
-4986
-4667
-2039
714
1251
443
90
477
1449
1483
-175
-1463
-1013
-696
-860
-1248
-3110
-3538
-752
3472
6965
7370
3547
-1367
-3684
-2937
677
4377
4163
211
-4114
-6349
-4957
-1421
1236
2026
564
-673
104
1776
2879
2023
-721
-2236
-2111
-1413
-677
-2275
-4422
-3012
1848
6930
8557
5575
-212
-4232
-3223
763
4315
4458
216
-4141
-5950
-5228
-1753
1133
1464
439
-667
-475
1724
3841
3412
832
-2014
-3036
-2181
-1105
-1424
-3237
-3705
-803
4158
7819
7274
3190
-1582
-3686
-1583
1865
2877
1310
-1670
-3593
-3732
-2724
-666
330
-420
-715
-36
1700
3890
4197
1756
-1458
-4060
-4303
-1858
254
-236
-1965
-2299
-71
3809
6587
6084
3122
-339
-2186
-1305
-536
-633
-775
-1158
-1604
-1664
-1630
-1480
-1573
-636
1208
2301
2456
1928
764
-265
-1369
-2452
-2267
-1071
106
292
-883
-1886
-728
2108
4885
6206
4288
742
-2288
-3537
-2528
-458
1229
1286
153
-1753
-3662
-4068
-2221
1379
3983
3583
1304
-1464
-2809
-1853
-539
-160
72
94
385
399
-768
-1469
-272
1906
4233
5087
2746
-1311
-4129
-4011
-696
3023
4262
2654
-1313
-5506
-6213
-3277
966
4533
4420
1405
-1948
-4010
-2999
37
2001
1913
509
-757
-403
171
-267
-565
-410
189
2018
3147
1451
-978
-2716
-1533
1786
4112
3745
34
-4809
-6745
-4533
-110
3144
3432
861
-2259
-3258
-1902
1075
3329
2659
471
-1935
-2568
-629
1323
1528
149
-1157
-1314
-778
-15
-2
197
1150
2728
4395
3490
-102
-4090
-5863
-3713
502
2837
2060
-1092
-3722
-3453
-485
2501
4118
4028
1813
-777
-1974
-1101
1479
2898
1061
-2275
-4495
-4349
-1569
1927
3811
4249
3039
1507
507
-910
-2053
-2352
-1861
243
1535
66
-2517
-5170
-5107
-646
3961
5971
4798
1048
-2112
-2448
-413
2334
3653
2020
-1336
-4326
-5885
-4849
-893
3840
6946
6917
3821
-443
-3673
-4470
-2963
-602
1950
3046
960
-2483
-5131
-5620
-2456
2195
4877
4785
2489
-275
-949
640
2256
2958
1563
-1540
-3863
-5021
-4821
-2356
2071
6084
7200
5749
1750
-2938
-5188
-4401
-1556
1695
3391
2494
-845
-4707
-6510
-5210
-1226
2709
4618
4242
1815
-251
-336
446
1167
1566
379
-1425
-2534
-3603
-3471
-1096
1886
4509
5153
3019
11
-2418
-2787
-1096
727
1394
1146
450
-1223
-2786
-3663
-4197
-2883
229
3552
5590
4678
1576
-1233
-2461
-1346
936
1809
618
-915
-2159
-2240
-1242
-147
1064
1467
1060
815
875
966
1448
1375
-113
-1301
-1896
-2018
-1853
-2679
-4298
-3522
-207
3967
6782
5328
614
-3555
-4933
-3036
1173
3676
3288
1725
-511
-2703
-3774
-3474
-2338
-452
1605
3509
4108
3205
1654
-269
-1984
-2314
-1187
-251
-887
-3075
-4245
-2642
890
4832
6260
3607
-805
-3903
-4293
-2079
1354
3929
4414
3532
1370
-1726
-4716
-6372
-5587
-2201
2304
6057
7024
4604
588
-3191
-4391
-2749
-631
672
129
-1346
-1760
-936
1002
3485
4081
1648
-1471
-4132
-4641
-2089
1326
4588
6287
4961
1809
-2400
-6505
-8131
-6859
-2582
3708
8219
8872
5556
-548
-5288
-6009
-3941
-808
1367
1230
481
31
11
1230
2891
2763
1133
-1905
-4955
-5411
-2687
2230
6617
8167
5445
337
-4400
-7956
-8736
-6050
-1275
4721
9241
9357
5384
-770
-6130
-7454
-4760
-975
2236
3443
2108
337
-610
-601
340
1143
907
-317
-2232
-3452
-2495
946
5353
7577
5869
619
-5357
-8535
-8040
-4644
272
4936
7796
7285
4189
-341
-4515
-5900
-4290
-827
2429
3140
1694
-136
-1048
-601
430
640
-289
-1240
-1759
-1920
-926
1464
3819
4996
3593
-348
-4446
-6506
-5896
-2907
1157
4464
5954
5303
2682
-575
-3213
-4293
-2770
6
1899
2113
898
-717
-1364
-414
636
885
778
17
-693
-983
-689
208
920
1597
1346
-719
-2633
-3356
-2980
-1032
1347
2530
2748
2047
380
-1074
-2107
-2141
-177
2059
2310
923
-1304
-3022
-2180
300
2169
3208
3054
1293
-820
-2581
-3305
-2355
-513
1381
2228
979
-1034
-2440
-2626
-1526
-236
1063
2197
2263
1551
12
-1889
-2625
-1322
1293
2916
2340
92
-2768
-3616
-1736
1447
4199
4485
1668
-1351
-3148
-3877
-2435
-480
560
1415
1217
210
-298
-497
-431
-179
-153
189
996
1319
891
-539
-2017
-1704
-162
1395
2030
797
-1160
-1782
-538
1723
3356
2216
-963
-3234
-3267
-1544
390
970
470
9
7
385
455
-433
-1432
-1717
-1272
141
1757
2755
2792
1723
-20
-1745
-2628
-2283
-685
1070
2316
2665
2100
1289
356
-812
-1802
-2796
-3057
-1589
179
1491
1894
1067
269
-77
-439
-727
-1503
-2588
-2330
-980
1012
3005
3696
2964
1093
-1020
-2492
-2413
-937
850
2406
3169
2514
1432
839
-112
-1397
-2386
-3412
-3307
-1219
1487
3506
4047
2744
535
-1514
-3077
-3414
-2791
-1806
-281
1340
2344
2602
1716
170
-1209
-2060
-1325
501
1965
2563
1705
240
41
864
1811
1374
-995
-3642
-4972
-4243
-1570
1763
4200
5410
4687
1409
-2504
-5043
-4872
-1981
509
1418
1256
347
527
1422
1101
254
-588
-1141
-522
250
-106
-424
-145
558
2206
2964
1071
-1838
-4357
-5426
-3744
-780
2257
5277
6916
5444
1388
-3563
-6645
-5513
-2018
888
2232
1342
151
618
1790
2306
1726
54
-1742
-1926
-1349
-1205
-620
-170
879
2880
3105
853
-2296
-5280
-6145
-4163
-542
3780
7434
8277
5934
1092
-4466
-7074
-5926
-2581
639
1940
1257
565
822
1703
2291
1612
193
-1457
-2375
-1987
-965
13
1274
2332
2406
1126
-1730
-4497
-5488
-4381
-1251
2230
4262
4863
4183
2208
-326
-2563
-3717
-3183
-1062
914
1377
564
-381
-154
984
2095
2034
321
-1211
-1421
-786
-148
397
759
1385
1546
354
-1651
-3633
-4172
-2350
165
1692
1769
1100
745
1117
1658
1167
-486
-1941
-2190
-1215
-177
94
367
761
955
964
178
-971
-1288
-887
-326
274
592
785
1241
765
-367
-1436
-2426
-1797
469
1881
1808
213
-1690
-1774
164
2320
3366
2357
-249
-1956
-2266
-1842
-409
981
1255
1001
219
-460
-490
-452
-129
328
445
445
649
571
110
-1076
-2356
-2560
-1389
614
2137
1934
318
-1032
-1318
-76
2315
4047
3984
2043
-1468
-4429
-5128
-3241
384
3330
3832
2397
-465
-2652
-2438
-576
1522
2759
2554
1106
-596
-1779
-2100
-1545
-506
501
607
-299
-1291
-2043
-2336
-1754
151
2859
5033
5470
3146
-1005
-4401
-5032
-2866
745
3171
3136
730
-1899
-2456
-593
2167
3895
3567
1796
-534
-2802
-3741
-2646
-45
2802
3931
2073
-1237
-3875
-4452
-2674
-434
1021
1968
2442
2637
2733
1698
-124
-1588
-2381
-2340
-1595
-1575
-1868
-1302
-254
1816
3447
3014
1521
-335
-2203
-2549
-1268
262
1920
3135
2726
1045
-1208
-3321
-3919
-3109
-1531
284
1430
1707
2084
2862
3521
3120
941
-2217
-4563
-5048
-3671
-1290
576
1660
2004
1540
787
-69
-839
-1172
-1172
-685
613
2227
3608
4096
2869
215
-2857
-5299
-5981
-3917
-664
2027
3461
3327
2824
2564
1655
-504
-3234
-5540
-5708
-3292
222
2901
3677
2871
1186
-517
-2022
-2639
-2266
-827
1320
3372
4569
4372
3176
1458
-875
-3520
-5504
-5870
-4216
-866
2376
4093
4424
4024
3307
2089
-646
-4611
-7611
-7628
-4390
618
4634
5961
4594
1417
-1870
-3933
-4373
-2984
-121
2872
5007
5739
4564
2195
-246
-2519
-3947
-4436
-3766
-1592
917
2763
3514
3541
3251
2513
1200
-1082
-3876
-5625
-5283
-3275
-588
1767
2363
1366
-434
-2332
-3489
-3141
-1018
1940
4492
5344
4034
1771
-90
-1320
-2381
-3313
-3459
-1907
1076
4004
5555
4787
2167
-223
-1290
-1255
-913
-988
-1436
-1598
-1321
-664
-140
-573
-1902
-2781
-2870
-1968
32
2262
4040
4471
3227
1023
-1298
-2863
-2712
-1538
-482
318
992
1812
2582
2501
1398
-23
-500
366
1648
2128
995
-1099
-2523
-2703
-2219
-1423
-1033
-1165
-1104
-226
1120
2457
3419
3479
2269
-217
-3330
-5759
-6218
-4459
-1345
1513
3394
3751
2963
1777
131
-1267
-1751
-940
1294
3940
5567
5226
2782
-1077
-4613
-6384
-6469
-4610
-1834
881
3797
6137
6900
5696
2550
-1560
-4894
-6331
-5869
-3998
-1382
759
2100
2571
1794
539
-459
-1426
-2002
-1699
-675
1163
3837
5889
5943
3464
-807
-4779
-7080
-7386
-5472
-1688
2583
6162
8352
7846
4737
870
-2666
-5025
-5298
-4417
-2605
233
2365
3452
3196
822
-2208
-4075
-4418
-3120
-723
1319
2557
3185
2509
971
-906
-3126
-4283
-3919
-2877
-1177
1059
3233
4853
5605
4638
2214
-245
-2043
-2669
-2160
-1058
425
2268
3208
3048
2071
148
-1630
-2792
-3599
-3025
-1748
-664
639
1526
1131
180
-1528
-3522
-4386
-4496
-3498
-1081
1953
5034
6545
5260
2075
-1630
-4000
-3954
-2602
-774
822
1563
1922
2361
2624
2546
2169
953
-588
-1535
-1495
-515
99
297
132
-186
-213
-344
-1098
-2311
-3404
-3616
-2429
-450
1476
2636
2240
602
-702
-1077
-1114
-1034
-809
-598
376
1651
2596
3151
2985
2212
1383
320
-674
-777
-575
-267
298
738
840
600
-389
-1912
-3068
-3223
-2327
-302
1588
2309
2104
459
-1552
-2346
-2298
-1489
-290
33
-212
-149
131
736
1525
2052
2351
2342
1954
1224
268
-363
-316
368
950
1150
863
-142
-1617
-2736
-3054
-2010
-450
998
2273
2056
1002
-252
-1735
-2096
-1141
-323
412
369
-715
-1442
-1739
-1570
-508
462
1184
2028
2344
2232
2045
1367
690
335
37
-221
-533
-805
-735
165
1253
1523
1221
162
-1468
-2362
-2399
-1548
-46
606
659
-57
-1231
-1359
-295
510
805
325
-786
-1133
-220
1220
2476
2403
1466
917
434
-82
-317
-679
-814
-132
1160
2069
1567
-41
-1748
-2620
-2258
-1157
-205
365
486
287
-262
-1183
-2151
-2416
-1742
-72
1870
3048
3109
1965
64
-1686
-2837
-3031
-1934
-351
1131
2139
2079
1047
-27
-569
-335
578
1329
1154
505
-276
-871
-644
-219
-481
-776
-837
-1092
-1012
-526
-189
596
1187
1118
1225
1225
793
289
-883
-2239
-2490
-1715
-220
1148
1334
319
-767
-1357
-1242
-361
100
189
691
1302
1704
1851
1100
-123
-1045
-1526
-1347
-982
-741
-527
-444
-569
-830
-722
-37
979
1866
1684
824
-217
-1046
-535
825
1801
2146
1577
8
-1379
-1971
-1929
-1874
-2001
-1963
-1400
-345
952
1578
1588
1522
1449
1648
1227
29
-927
-1480
-1388
-832
-468
51
506
541
567
430
316
845
1849
2406
1742
11
-1406
-1501
-299
934
965
-220
-1586
-2490
-2637
-2221
-1781
-670
791
2187
3198
3080
1860
351
-968
-1627
-1302
-700
-360
-373
-900
-1448
-1397
-955
-43
1232
2134
2411
2056
1066
81
-584
-863
-739
-436
-240
144
520
507
122
-736
-1299
-1324
-784
199
998
1451
1665
1407
917
554
311
230
-90
-1110
-2006
-2250
-1913
-721
663
1297
1589
1786
1786
1898
1411
214
-834
-1397
-1114
-272
21
-251
-607
-799
-675
-584
-730
-776
-344
320
934
964
404
172
525
1110
1186
715
-174
-1090
-1237
-656
-363
-393
-473
-457
207
1355
2185
2365
1586
27
-1493
-2488
-2570
-1450
143
1368
1904
1457
565
-25
-531
-903
-1175
-1616
-1502
-478
851
2097
2690
1935
605
-906
-2092
-2275
-2124
-1783
-841
419
1920
3293
3241
1977
45
-1733
-2705
-2945
-2591
-1569
-208
1131
2157
2338
1831
782
-442
-1538
-2432
-2417
-1610
-419
905
1610
1515
892
250
-102
-78
-69
-398
-549
-221
365
1209
1545
1025
106
-836
-1224
-993
-778
-495
-201
-212
-301
-330
-211
-26
33
82
40
-240
-233
-190
-188
143
283
111
-276
-890
-1368
-788
256
1464
2324
2446
2186
1706
841
-169
-1253
-2213
-2384
-1482
-240
1047
1678
1251
84
-1406
-2464
-2472
-1468
-356
490
932
1289
1878
2071
1369
24
-1385
-2189
-2131
-1459
-723
-235
2
468
1428
2490
3137
2450
727
-1113
-2073
-1883
-1359
-973
-555
121
1337
2328
2006
616
-1286
-2717
-2839
-2051
-889
583
1657
2246
2239
1281
-17
-1019
-1666
-1525
-1078
-743
-229
561
1518
2461
2892
2016
226
-1550
-2538
-2268
-1279
-75
928
1304
1484
1507
1342
1182
561
-392
-1151
-1506
-1050
-50
504
381
-265
-969
-865
-361
115
484
376
247
359
403
355
243
147
555
810
552
-56
-1093
-1903
-1914
-1215
16
1022
1293
1141
896
860
1017
819
186
-807
-1593
-1528
-719
95
382
92
-496
-629
-60
427
516
293
83
431
1132
1641
1494
536
-620
-1359
-1717
-1936
-1933
-1832
-1154
74
1556
2722
2976
2086
598
-676
-1191
-689
202
1097
1420
935
14
-976
-1965
-2763
-2939
-2412
-1085
442
1572
2432
2832
2485
1699
523
-832
-1605
-1711
-1194
-310
383
798
751
323
-143
-756
-1268
-1362
-1095
-444
785
2060
2886
2992
1932
332
-1181
-2312
-2692
-2586
-2327
-1709
-928
-75
743
1236
1368
1142
647
157
-186
-263
-250
-200
-169
-69
88
135
173
-105
-711
-1071
-889
-168
664
1230
1391
1415
1518
1447
875
-450
-1750
-2218
-1889
-966
-210
-265
-736
-878
-417
513
1396
1566
830
-6
-597
-954
-1098
-1273
-1311
-943
-309
143
348
94
-214
-164
88
466
789
952
1186
1563
1817
1628
821
-422
-1515
-1904
-1528
-820
-49
500
787
921
791
482
537
502
239
-180
-528
-488
-223
-25
-246
-865
-1286
-1324
-1171
-942
-607
-343
99
684
1133
1205
732
-37
-545
-670
-398
-40
88
91
281
586
747
764
519
176
269
703
1122
1399
1208
579
-66
-512
-638
-651
-587
-375
-288
-142
-43
-46
-50
-313
-628
-732
-711
-487
-4
316
364
426
106
-216
-173
-224
86
535
504
635
893
733
565
273
-157
-267
-276
-208
116
112
-89
-4
43
87
165
101
26
55
8
-149
-237
-362
-464
-385
-323
-20
536
1027
1087
726
307
-215
-504
-472
-499
-464
-125
92
388
672
551
505
352
-159
-525
-957
-1162
-771
-155
373
681
623
592
799
686
347
-441
-1329
-1731
-1446
-588
325
730
460
31
-262
-284
-153
-113
-63
161
318
417
534
530
556
521
327
56
-473
-986
-1216
-1199
-893
-304
20
236
365
286
150
-24
79
299
411
503
152
-339
-524
-263
206
458
324
43
-135
-181
-120
-82
-89
-145
-33
47
213
234
-17
-159
-324
-583
-799
-1027
-1383
-1218
-562
246
1103
1453
1117
380
-252
-492
-246
1
173
365
337
464
586
280
-301
-952
-1314
-1182
-701
-159
253
609
874
1142
1098
635
-14
-398
-449
-142
251
218
-325
-1136
-1684
-1579
-954
-277
51
217
269
450
690
833
811
715
462
83
-262
-539
-596
-442
-169
228
625
493
192
60
57
503
1061
1096
946
551
-28
-271
-558
-767
-864
-1006
-987
-573
-184
-45
9
-188
-151
127
566
1086
1396
1364
963
457
-126
-421
-411
-321
-149
-18
35
184
401
450
494
434
361
301
406
369
282
347
587
745
616
99
-660
-1136
-1206
-1036
-732
-443
-230
207
613
932
934
558
45
-389
-718
-768
-684
-547
-143
196
360
319
-36
-465
-691
-610
-238
291
761
1123
1377
1400
1115
572
-166
-814
-1241
-1319
-1147
-847
-358
-44
-1
-87
-166
-29
259
375
210
-225
-403
-200
127
277
20
-399
-831
-943
-766
-509
-209
69
432
898
1093
934
609
148
-7
-80
-242
-570
-787
-520
116
598
583
135
-401
-605
-249
519
1022
1146
1100
593
-142
-822
-1434
-1518
-1205
-654
-9
453
501
307
57
-89
-47
-51
21
148
229
470
652
530
357
45
-359
-436
-368
-262
-119
-301
-437
-324
-68
457
1085
1393
1309
668
-452
-1246
-1530
-1247
-673
-165
178
504
665
508
191
-135
-360
-137
195
401
521
525
646
705
631
170
-450
-978
-1377
-1261
-791
-226
428
813
907
735
497
208
-50
-324
-650
-768
-727
-514
-217
12
9
-187
-469
-641
-574
-281
-57
92
159
46
-110
-159
-165
-11
347
710
1006
1021
718
179
-443
-737
-609
-266
58
253
502
616
461
246
-146
-466
-584
-625
-610
-419
-67
317
540
376
-37
-417
-563
-483
-248
-11
309
640
817
795
465
84
-207
-268
-232
-189
-158
4
218
452
520
226
-304
-731
-946
-806
-328
188
462
517
405
122
-46
-309
-377
-428
-310
39
315
433
367
119
30
64
88
72
-237
-401
-199
298
807
1086
900
455
71
-178
-197
-163
-234
-152
-23
135
308
414
454
276
23
-168
-347
-302
-104
-13
136
268
399
422
153
-259
-564
-768
-658
-480
-386
-189
-42
224
425
419
225
-85
-355
-515
-414
-140
91
192
227
168
195
115
72
-6
-151
-90
57
107
77
-77
-114
105
344
624
654
366
-19
-345
-497
-486
-389
-257
-177
-99
-84
-112
-276
-481
-540
-546
-400
-144
139
362
373
245
130
58
100
59
-41
-246
-410
-431
-356
-191
-83
76
267
292
297
214
17
-185
-269
-113
124
403
501
448
319
182
32
-180
-257
-249
-62
281
435
519
434
148
-165
-425
-608
-571
-476
-496
-454
-417
-325
-96
207
438
368
52
-162
-282
-197
61
280
349
246
20
-144
-208
-264
-216
-64
26
116
115
111
184
139
119
72
-210
-441
-471
-452
-294
-240
-141
-48
-3
-51
-121
-149
-222
-103
65
270
436
462
284
76
-122
-228
-284
-278
-159
-33
130
251
404
426
263
43
-180
-286
-98
149
336
449
453
474
337
122
-178
-487
-573
-445
-214
-112
-149
-167
-59
1
-2
8
1
21
11
18
82
116
211
305
298
340
334
248
153
12
-41
-106
-47
132
390
648
688
465
122
-218
-455
-533
-471
-408
-240
-14
215
536
634
577
273
-74
-331
-400
-387
-279
-137
-33
166
299
307
159
-162
-441
-481
-414
-109
238
532
852
861
668
456
146
-133
-356
-501
-354
-186
19
195
243
197
31
-118
-281
-336
-339
-172
51
275
517
469
301
57
-203
-402
-600
-545
-214
188
542
771
823
648
369
152
-64
-117
-98
-80
70
5
-71
-93
-221
-258
-305
-285
-189
-80
65
236
318
331
153
-62
-140
-118
-135
-171
-313
-259
-45
75
199
146
40
-43
-87
-225
-217
-74
136
191
72
-41
-207
-293
-364
-424
-508
-523
-429
-224
-18
77
210
187
119
-47
-264
-314
-237
-94
-49
-91
-160
-243
-392
-429
-400
-391
-252
-58
51
293
430
458
313
115
2
-149
-151
-204
-175
-126
-106
49
-17
-113
-216
-176
25
278
349
193
-96
-312
-430
-307
-173
-159
-114
-110
0
134
310
417
535
588
424
144
-136
-291
-341
-358
-298
-168
0
95
116
110
140
185
179
201
288
280
346
361
258
102
-42
-231
-297
-237
-110
-27
67
77
118
21
-50
10
65
149
154
97
1
-92
-159
-175
-85
65
178
307
194
110
146
146
160
36
-106
-207
-122
102
347
504
433
183
-155
-462
-647
-713
-601
-353
-50
147
334
425
324
207
56
-152
-117
-4
151
242
324
434
463
445
295
48
-215
-402
-363
-184
83
384
504
488
419
151
-70
-214
-300
-292
-240
-91
114
268
331
185
-30
-246
-332
-194
-70
96
241
304
315
226
99
-81
-227
-232
-75
159
228
209
122
70
54
142
250
267
63
-157
-194
-169
-83
12
-10
-35
-43
-43
-84
-126
-190
-232
-162
-124
-65
-111
-151
-191
-139
-14
-21
-31
-42
-121
-157
-240
-298
-270
-217
-161
-188
-184
-212
-251
-170
-111
14
108
109
145
139
116
-35
-222
-313
-336
-187
14
178
260
139
-26
-119
-140
-236
-292
-313
-272
-136
-26
60
58
15
-106
-254
-277
-265
-256
-215
-31
86
148
208
248
295
255
110
-161
-253
-205
-100
2
13
12
32
88
86
42
1
-26
8
131
162
245
247
142
65
-27
-107
-150
-148
-185
-154
-4
45
137
195
137
136
92
58
0
28
-1
-87
-155
-233
-191
-71
192
377
528
431
183
86
62
41
6
13
179
302
343
201
-87
-222
-243
-257
-299
-295
-166
78
334
455
424
215
3
-166
-249
-313
-343
-213
-90
97
216
270
181
58
12
30
51
111
127
170
117
12
-56
-179
-169
-191
-71
24
72
168
213
194
144
-4
-100
-165
-118
4
142
130
55
-22
-233
-337
-320
-377
-348
-152
44
348
487
484
338
122
-22
-173
-241
-168
-32
144
331
405
363
237
92
-123
-290
-314
-139
188
429
567
518
310
100
-102
-317
-436
-442
-274
-47
144
260
266
199
176
140
53
-83
-231
-199
-43
90
218
282
194
127
-57
-200
-218
-183
-59
114
152
125
106
-28
-216
-342
-437
-345
-112
110
259
248
121
-54
-290
-370
-340
-219
-158
-123
21
144
275
297
255
22
-227
-357
-231
26
241
391
424
307
145
-12
-253
-453
-486
-347
-191
11
157
200
71
-130
-344
-542
-531
-387
-151
108
178
276
236
125
38
-101
-113
-129
-133
-90
-52
-37
55
139
163
200
143
69
-105
-226
-189
-78
21
90
51
-34
-197
-277
-270
-198
-78
-2
142
192
194
224
217
212
241
158
32
-180
-285
-244
-107
-47
-31
82
71
-25
-170
-268
-185
14
233
379
453
344
207
47
-139
-269
-314
-237
-160
-29
92
216
196
195
173
131
7
-92
-208
-330
-368
-265
-114
15
103
153
148
86
-43
-185
-178
-155
-38
24
19
51
68
84
38
-34
-111
-80
-41
70
153
113
136
39
-27
-15
-51
-25
13
-52
-94
-134
-58
95
270
393
285
202
-9
-197
-292
-312
-160
31
262
353
255
111
-78
-141
-99
4
76
103
125
62
104
79
15
-94
-204
-164
-57
111
246
190
116
34
0
-56
11
44
111
150
159
157
102
117
112
97
54
69
96
163
183
164
189
178
28
-122
-289
-336
-181
17
229
445
430
409
236
17
-125
-290
-335
-283
-91
80
168
246
262
241
184
82
39
-66
-161
-159
-50
103
119
102
101
-24
-57
-4
3
-35
-76
-80
-13
70
39
32
-15
-160
-275
-335
-336
-236
-102
23
31
97
28
-18
-82
-174
-196
-181
-104
-76
-53
-44
-48
12
74
69
15
-105
-233
-285
-253
-136
-89
-53
-60
-23
49
20
89
49
-22
-96
-159
-174
-152
-205
-205
-146
-179
-184
-214
-242
-151
-40
47
40
23
-17
-126
-115
-113
-7
65
131
160
40
0
-81
-79
13
71
85
49
11
-28
-99
-154
-143
-106
-78
-42
-53
-22
30
118
216
202
64
-131
-132
-76
-16
72
96
101
191
207
119
-84
-255
-348
-293
-47
210
343
320
256
79
-46
-77
-161
-284
-276
-184
-31
115
120
47
5
-123
-199
-204
-213
-96
47
164
227
287
321
272
84
-131
-322
-406
-403
-262
-15
165
304
342
272
167
-28
-186
-246
-203
-156
-10
136
165
219
203
177
120
-20
-47
-44
-4
53
90
190
253
336
350
260
106
-18
-94
-67
-27
-38
-12
63
114
200
214
137
109
4
-30
58
91
127
91
68
17
0
82
93
148
173
132
76
-4
-109
-160
-112
-4
114
179
134
64
5
76
178
203
196
91
28
-30
-33
-16
-3
-19
-83
-130
-184
-193
-99
-2
92
191
182
86
-24
-165
-291
-327
-285
-223
-62
69
149
217
240
266
296
188
-12
-212
-230
-282
-214
-192
-161
-116
-93
56
205
240
232
171
-18
-121
-161
-139
-56
20
35
96
118
77
34
-17
-38
-11
49
86
135
99
10
-60
-112
-203
-215
-310
-334
-307
-202
-21
91
162
183
132
14
-107
-171
-214
-221
-166
-126
-85
-101
-141
-178
-222
-185
-92
-84
-90
-122
-104
-55
17
72
-21
-124
-240
-237
-171
-90
25
101
103
63
28
-7
3
57
68
-5
-60
-71
-5
-43
-58
-34
31
58
15
-78
-79
-81
-63
22
48
11
-102
-139
-122
-94
-10
101
186
168
150
-16
-107
-124
-179
-167
-156
-84
-27
11
35
65
68
82
-1
6
-32
-49
-14
48
47
44
-1
-7
63
71
82
23
37
71
153
265
293
264
215
156
84
1
-21
-23
-12
40
54
79
70
75
126
123
135
105
136
75
-1
-36
-50
108
159
141
62
-12
41
64
77
54
59
45
50
139
78
91
84
91
51
-26
51
74
81
116
41
10
-3
-129
-197
-151
-99
28
178
257
316
298
184
57
-51
-150
-225
-195
-78
34
255
294
228
84
-20
-105
-124
-121
-89
-22
12
33
27
123
84
24
-78
-155
-271
-234
-214
-72
115
207
305
197
16
-242
-435
-411
-289
-214
-127
-31
-26
-12
0
-56
-82
-140
-181
-213
-211
-130
17
59
25
-46
-104
-104
-63
18
46
138
164
148
119
-17
-81
-61
-38
47
66
47
-30
-87
-76
-77
-56
-56
-108
-158
-135
-60
13
86
150
175
126
49
-101
-130
-108
-81
49
98
105
76
-33
-59
-92
-146
-116
-52
-47
-33
60
106
122
79
14
-33
-133
-154
-79
-119
-31
86
116
146
88
-23
-133
-157
-96
-5
81
167
189
180
119
72
-115
-165
-217
-172
-106
-30
-22
-82
-122
-94
-76
-34
-15
13
-38
-108
-58
-34
-29
-30
-90
-196
-201
-189
-63
22
152
204
210
203
30
-38
-80
-29
18
28
36
16
-16
-20
81
147
133
59
-11
-63
-103
-54
-15
-86
-68
-145
-67
-6
50
170
126
107
36
17
35
28
86
28
11
-52
-30
-6
-9
20
6
118
134
124
62
-7
-57
-92
-23
41
170
234
152
111
-24
-113
-96
-65
58
121
138
157
174
169
173
183
123
-11
-100
-151
-121
-64
10
84
110
102
25
1
-40
-88
-98
-58
15
124
160
137
47
-96
-180
-220
-223
-75
55
195
289
268
249
176
28
-133
-259
-210
-173
-99
-49
26
109
128
127
111
-46
-207
-306
-269
-176
-24
77
122
63
-7
-128
-205
-222
-196
-92
-31
86
93
84
18
-55
-174
-197
-168
-95
-99
-31
90
152
193
185
117
33
-30
-88
-105
-169
-183
-133
-45
-92
-141
-173
-213
-210
-153
-55
20
141
216
183
110
-43
-209
-286
-283
-218
-91
61
132
185
160
93
85
27
37
30
74
38
15
13
20
66
-38
-112
-205
-277
-178
-109
-74
25
136
174
177
68
-68
-209
-162
-141
16
66
58
74
32
58
17
-78
-119
-58
0
131
153
141
219
254
245
185
88
51
-55
-208
-363
-395
-201
-15
159
252
160
0
-160
-223
-165
-124
-84
-25
-10
20
100
129
119
151
165
132
43
69
30
31
68
7
-51
-88
-130
-84
-26
101
200
121
139
168
123
121
187
204
116
35
-66
-152
-142
-97
-70
45
35
-25
-31
-37
28
56
160
248
237
191
129
66
32
-5
-37
-4
-113
-98
-139
-137
-18
13
102
93
83
14
-14
-7
44
97
61
43
17
7
29
70
138
215
195
184
110
-13
-124
-162
-197
-135
-40
82
140
142
106
128
112
32
-18
-73
-21
-5
-29
-68
-97
-155
-251
-283
-247
-117
13
114
127
81
47
114
131
123
152
55
-139
-250
-322
-311
-203
-155
-79
0
-47
-96
-46
-41
29
72
45
29
-56
-2
63
47
-5
-173
-249
-271
-214
-153
-14
82
25
-54
-92
-187
-235
-173
-86
42
109
83
-12
0
-109
-123
-151
-144
-117
-68
42
130
278
321
208
96
6
-146
-183
-191
-155
-120
-103
-58
-60
-45
32
14
4
11
-98
-240
-297
-254
-170
-46
54
98
104
66
-97
-162
-16
31
75
118
82
76
58
124
89
111
143
139
85
-8
-139
-184
-122
-52
34
18
31
-12
-19
3
0
43
19
-5
15
-10
5
3
17
22
8
-14
0
-61
-80
-38
-29
66
155
226
178
113
90
16
10
-92
-132
-100
-67
-46
-31
8
80
43
38
103
62
160
229
188
173
103
36
49
121
143
176
159
94
6
-63
-101
-165
-57
11
10
58
-25
-91
-96
-46
7
58
64
-13
3
85
89
124
165
143
118
157
28
-108
-202
-168
-128
-98
-80
-67
-68
-28
73
138
120
112
131
77
73
0
15
75
16
61
73
-2
19
42
66
21
0
26
44
-9
19
-43
5
74
135
63
-53
-80
-201
-224
-205
-192
-172
-91
-31
-41
30
64
38
-28
-46
-66
-11
40
45
0
-19
-33
-79
-71
-134
-143
-141
-109
-23
82
83
28
43
49
-31
-66
-104
-101
-67
26
99
138
199
157
-42
-79
-152
-183
-109
-11
1
0
27
-34
-53
-4
26
75
49
-57
-96
-131
-60
-17
78
57
-5
-42
-94
-81
-35
58
83
150
122
-22
-108
-193
-197
-119
-85
-52
11
-27
25
43
79
30
18
-61
-131
-152
-211
-143
36
225
213
138
24
-29
-56
-85
-52
-34
-82
-63
-106
-103
-25
-60
-44
-70
-10
-54
-85
-89
-74
104
149
172
209
139
26
-68
-50
-36
-49
-14
-67
-59
-41
-104
-79
-36
-90
-98
-26
62
117
120
112
52
15
-36
-4
1
36
-8
-10
28
-28
3
-39
-77
-82
-17
18
-37
-3
11
70
60
61
78
13
-125
-132
-73
-41
24
1
-6
-67
-100
-124
-26
54
55
66
93
79
47
13
-35
-74
-46
1
43
49
23
-35
36
85
46
42
-39
-94
-46
-54
-14
10
62
35
-93
-117
-185
-187
-184
-143
-31
28
107
86
45
-12
-47
-38
-23
-2
47
98
158
150
144
77
-30
-21
-6
2
-10
-4
15
65
54
50
90
85
97
50
32
26
-30
4
19
45
125
147
113
66
46
10
51
37
33
-9
-30
-13
-101
-50
-44
-41
56
90
109
102
108
79
63
51
-25
-38
-16
14
36
58
108
144
112
81
33
-95
-180
-146
-64
91
55
45
57
-14
-105
-134
-190
-149
-65
7
117
122
162
212
153
99
135
67
-2
38
40
111
158
233
303
306
223
121
-5
-101
-96
-164
-95
-55
-45
0
-19
5
9
-13
-32
-63
-47
15
17
77
159
111
66
-25
-169
-162
-94
-12
84
158
90
12
-71
-122
-159
-206
-204
-231
-173
-102
-8
84
38
-63
-126
-217
-301
-328
-267
-195
-125
-11
-30
-102
-154
-236
-256
-198
-72
-19
-24
39
66
36
-23
-62
-186
-165
-72
11
-1
53
108
54
16
-56
-50
-105
-149
-137
-115
-79
-19
67
121
108
47
-32
-96
-167
-133
-130
-120
-42
23
37
-4
3
-93
-77
-78
-72
13
41
-15
-45
-52
-11
11
-14
-29
-46
-56
-5
6
17
75
115
78
114
94
96
157
95
85
116
28
-21
33
-16
-74
-26
79
86
29
-69
-67
-15
5
29
71
130
87
84
165
186
194
193
235
205
155
100
-13
-32
-29
30
89
124
186
161
103
51
2
21
-8
10
19
37
146
90
62
69
-6
-33
-47
-36
-20
-27
-11
42
107
152
70
21
-23
-39
-45
-28
37
94
111
33
23
-13
-70
-126
-49
87
164
218
234
205
88
-19
-47
-86
-65
19
106
146
163
83
-14
-13
6
-76
-96
-56
-12
5
9
44
56
73
-11
-60
-96
-83
-51
-14
-79
-10
-34
-122
-79
-91
-73
-96
-100
-86
-95
-36
-14
9
57
67
18
-20
-53
-67
-107
-172
-104
-38
-28
57
51
-3
-63
-238
-231
-220
-188
-86
-4
-5
-24
-10
-53
-25
13
13
-46
-92
-123
-88
0
65
88
87
81
55
53
12
51
17
-50
-54
-45
89
92
16
19
-11
-97
-130
-86
-20
38
29
19
-2
-49
-75
-112
-125
-170
-253
-237
-139
-11
60
131
136
57
23
-115
-136
-127
-87
-21
46
59
27
-38
-99
-107
-149
-154
-113
-121
-124
-177
-162
-109
-37
14
-34
-59
-76
-58
-55
1
26
98
58
-40
-35
-20
-8
44
74
65
46
0
-9
-49
-57
-72
-19
54
80
145
150
63
105
43
-23
28
39
33
50
98
103
135
158
72
-47
-77
-82
-104
-20
54
114
102
115
148
58
-26
-53
-68
-19
-34
3
27
46
82
118
103
143
163
152
128
4
-86
-84
-44
17
37
29
74
55
-19
17
125
144
151
150
172
171
136
114
38
0
-37
-1
53
69
30
-32
-24
9
37
94
210
260
223
159
113
69
44
-66
-51
-100
-214
-272
-179
-46
22
79
55
36
4
-2
52
97
98
82
-10
-55
-40
-43
-64
-30
13
75
99
15
-39
-10
-28
-96
-29
-10
10
-45
-97
-178
-219
-168
-128
-34
74
24
17
6
-74
-160
-230
-233
-254
-145
-49
32
52
10
-14
-98
-91
-97
-135
-90
-9
12
4
25
-8
-44
-84
-91
-55
-57
-48
-50
-31
0
4
22
51
87
71
3
0
-12
51
-32
2
-4
-53
-68
-68
-46
-52
-41
-120
-70
-63
-39
-71
-120
-152
-95
-143
-63
-5
-29
42
108
81
31
-33
-24
20
60
53
80
96
119
95
127
79
11
-48
-125
-94
27
22
-40
-44
-50
-77
-39
23
60
65
10
0
-63
-94
-177
-159
-36
-44
-20
-16
56
109
100
44
-26
-75
-186
-152
-120
-32
33
41
42
-71
-62
-66
-52
-22
-6
46
80
0
38
84
100
101
44
42
10
49
99
82
53
54
8
-22
-33
-8
-59
-109
-64
23
92
88
34
29
-16
23
28
47
93
90
75
9
5
27
136
229
199
195
199
144
110
94
76
49
52
39
49
65
85
64
45
-43
-83
-33
-20
-22
34
32
33
61
55
82
-2
-46
-66
-87
-33
-34
-42
-86
-58
36
75
108
123
19
-92
-39
-27
60
17
48
68
33
77
86
75
23
-77
-96
-111
-100
-89
-30
-54
-48
-17
-68
-97
-143
-161
-85
-4
44
99
106
74
54
-4
-53
-66
-68
-46
38
17
-10
-37
-46
-31
23
20
17
19
-24
-71
-71
-5
19
-33
-83
-115
-88
-168
-124
-58
-35
-34
-39
-64
1
-22
-72
-115
-90
-133
-198
-97
-99
-77
-52
-42
-18
0
-6
0
50
17
-20
-2
-65
-106
-44
-30
-28
20
70
25
32
76
121
89
75
103
122
141
81
24
-5
8
21
48
0
-52
-62
-60
-51
-52
-77
-109
-145
-147
-180
-143
-96
-32
38
63
41
12
-43
-76
-124
-75
-90
-141
-73
-31
16
31
21
58
29
-18
-27
1
-28
-45
24
22
28
12
-13
-33
-85
-111
-134
-91
-128
-60
-51
46
165
131
126
130
125
65
15
-21
-22
-41
-89
-77
-97
-24
-2
13
86
65
93
73
36
-9
-29
13
2
-44
-3
63
34
39
64
81
52
154
215
210
199
44
-55
-106
-70
-27
95
147
151
121
98
56
-48
-17
-66
-106
-105
-77
-50
76
160
147
163
158
181
138
164
128
132
82
148
107
0
-55
-77
-2
92
44
-9
-52
-32
19
-7
38
30
22
50
32
118
127
144
184
163
98
100
-15
-68
10
-95
-102
-90
-68
12
45
156
182
158
80
-32
-29
-36
-65
-91
-19
0
9
16
-42
-44
-37
17
67
128
80
14
-34
-56
-103
-95
-63
-4
-12
-2
-37
-82
-118
-182
-212
-214
-209
-180
-174
-146
-108
-100
-94
-53
-8
-94
-61
17
0
32
20
-22
8
6
5
35
-18
-53
-17
-43
-36
-60
-35
-11
-81
-12
-41
-2
-2
41
98
34
14
-31
2
-2
-17
15
25
119
28
12
29
9
97
64
30
-36
-92
-123
-88
-81
-39
-59
-74
-54
-46
-55
-28
-42
-113
-113
-130
-175
-234
-213
-143
-3
59
75
134
104
-2
-94
-134
-137
-88
-107
-74
-16
22
59
0
-27
-57
-107
-193
-117
-35
19
111
155
124
46
34
1
-44
-52
-68
-52
-8
79
100
111
109
93
30
-24
-50
-88
-60
12
91
91
133
112
38
-60
-129
-151
-218
-179
-127
-143
-121
-136
-204
-195
-166
-20
43
109
160
111
35
-18
-94
-50
2
80
101
93
118
142
65
-48
-57
-75
-70
-81
-29
75
182
176
157
155
108
12
14
2
21
-27
-9
7
-44
-2
10
4
-12
5
70
158
179
141
121
129
150
118
72
93
109
43
33
40
67
116
92
62
85
70
14
-12
-4
63
129
127
160
159
135
127
58
13
45
87
53
29
49
2
36
69
58
128
163
132
83
46
-36
-141
-114
-104
-72
-40
42
37
79
81
92
103
133
146
44
26
7
12
38
50
33
-5
59
100
62
-62
-26
-33
-74
-139
-66
55
76
104
7
-18
-155
-267
-193
-227
-210
-180
-227
-112
-36
-16
-5
-78
-39
7
4
-14
-46
-43
-61
-76
-119
-125
-104
-85
-126
-17
4
35
52
8
-9
9
8
-18
26
-54
-137
-138
-182
-92
-45
-5
35
53
92
48
0
-95
-157
-188
-147
-78
-38
-45
-3
1
-33
-45
-76
-33
-74
-62
-45
-87
-113
-89
-98
-211
-205
-55
21
67
44
8
-62
-84
-119
-198
-169
-152
-134
-45
11
15
-52
-78
-65
-58
-63
-66
-62
-118
-124
-73
-1
-3
22
74
66
29
-36
-66
-93
20
31
33
31
60
66
1
-23
30
11
-53
26
52
58
18
-47
-67
-66
29
124
204
155
166
176
146
191
169
110
120
40
66
81
32
33
24
-8
37
64
36
7
-105
-135
-86
-36
16
79
129
188
216
221
181
167
156
202
172
90
102
47
60
41
-27
-36
5
31
59
90
94
176
166
115
36
-27
-36
-57
-41
13
90
183
140
111
81
24
51
22
70
112
171
168
174
184
161
142
78
92
-2
18
31
-23
61
96
79
-9
-30
-47
-147
-177
-151
-107
-75
-36
-23
-74
-43
-50
-84
-63
-34
-16
-20
-43
-22
27
-19
-20
29
114
110
107
127
158
92
-11
-63
-161
-149
-133
-164
-88
-38
-12
39
-58
-80
-89
-105
-42
-38
-131
-93
-103
-119
-157
-149
-137
-120
-60
-88
-80
-67
-53
-64
-115
-89
-30
-23
-34
14
40
-12
-88
-109
-106
-129
-156
-145
-179
-76
-27
-86
-67
-35
-51
22
-19
-85
-88
-68
-31
-47
-65
-8
-28
-74
-119
-103
4
13
-19
-43
-60
-57
43
68
36
11
-12
-53
-121
-127
-125
-124
-116
-31
-4
-2
20
39
35
-5
-50
-87
-31
-30
-17
-20
-31
-6
9
48
76
33
0
-64
-68
-63
-31
77
105
172
189
149
111
7
43
27
-5
68
52
7
-41
-38
-13
70
68
93
118
91
109
107
41
-12
5
0
62
54
29
80
19
58
78
92
104
73
119
125
94
21
-6
19
8
-35
-45
-112
-71
-22
-23
-40
-61
-56
-37
-5
23
-23
-82
-51
9
29
57
51
62
85
150
129
186
162
154
140
92
42
23
92
186
228
174
145
114
80
29
24
113
95
101
56
-4
-40
-56
-28
-13
-25
11
69
12
-16
-60
-25
28
-24
7
7
48
39
7
-15
-18
-30
-71
-24
-9
-32
-9
25
116
106
18
-22
-45
-57
-29
-37
-10
0
0
-11
-44
-11
28
59
0
-40
-80
-91
-127
-104
-63
-103
-104
-44
-40
-49
-100
-75
-34
-69
-73
-114
-173
-217
-242
-228
-185
-142
-97
-36
12
33
50
95
65
55
-8
-88
-87
-2
63
-8
-57
-35
-8
-30
-27
30
85
90
66
-54
-33
16
-42
20
16
2
65
103
47
-96
-123
-139
-204
-113
-129
-125
-101
-101
-37
2
1
-14
-58
-43
-63
-61
-79
-119
-59
0
-22
-8
-1
-11
-49
-48
-31
7
47
19
50
59
59
-4
-76
-50
-55
-77
-57
-35
-31
-32
-49
-22
57
76
32
-62
-93
-58
-45
-61
-39
-16
24
44
30
60
128
138
123
26
12
17
-2
37
-13
-16
19
44
44
45
82
96
134
156
64
66
33
0
-46
-53
-38
-18
-11
-25
-12
-24
-33
-50
-55
12
28
-4
-29
38
130
133
108
115
102
51
50
53
55
128
149
100
64
62
94
87
56
67
71
84
44
18
30
57
36
-5
10
6
17
45
96
105
85
80
17
-45
-100
-129
-82
-40
-31
-21
-13
-14
-17
18
-6
26
91
60
36
61
67
39
-59
-54
-6
3
2
24
47
37
32
12
-50
-34
-27
-46
2
48
52
36
6
35
29
-22
-42
-50
-17
25
58
103
157
74
-21
-100
-134
-75
-30
-51
-34
-32
25
63
-17
-12
4
13
33
22
-4
-4
-103
-117
-120
-165
-112
-91
-7
6
-22
-18
-26
-53
13
17
-3
-66
-115
-106
-120
-143
-119
-112
-77
-7
-25
10
81
81
53
-34
-78
-62
-91
-125
-134
-71
-24
-12
-6
-15
0
-44
-74
-29
-56
-89
-101
-74
5
56
69
38
-47
-57
-57
-62
-91
-91
-91
-80
-147
-156
-153
-133
-94
-114
-86
-58
-85
-79
18
-60
-23
-10
-64
-73
-66
-68
-16
60
25
92
98
73
42
24
-9
-8
0
19
61
94
73
51
-9
28
-7
-20
-12
4
32
-11
-60
-41
-52
-60
-34
-12
-1
10
-1
-24
-5
-12
5
11
-59
-93
-53
-30
-62
-47
-37
-32
53
111
125
168
166
141
111
98
58
5
-39
-15
7
8
57
34
58
80
2
3
31
52
66
92
110
82
58
71
43
53
46
43
72
94
84
42
101
72
29
11
30
42
52
14
17
76
56
88
146
166
232
248
200
103
8
-99
-84
-88
-29
14
20
63
69
113
165
120
95
71
113
114
68
62
0
-10
-21
23
36
37
72
22
29
38
38
58
19
-59
-60
-52
-1
7
-21
-40
-25
-26
-1
31
5
-2
22
23
75
71
32
58
38
-5
-46
-49
-4
-12
-25
-66
-71
-97
-136
-160
-132
-94
-85
-85
-107
-90
-111
-91
-81
-49
-21
-37
-25
-1
-42
-118
-107
-119
-82
-26
0
-20
-38
-88
-103
-89
-96
-177
-203
-142
-104
-35
6
29
51
8
-32
-31
-103
-126
-129
-74
-76
-50
-36
-68
-48
-55
-63
-70
-67
-81
-121
-89
-70
-75
-86
-82
-63
-52
7
42
66
56
38
7
-17
23
-9
-26
-1
4
29
-30
-94
-113
-99
-106
-100
-76
-62
19
64
93
58
43
25
-42
-63
-33
6
9
0
8
10
28
39
58
74
45
30
-3
-26
-17
-39
-51
-42
-29
-35
-33
8
13
15
31
41
-13
-32
-5
-4
38
107
111
128
128
126
93
76
111
93
77
87
56
13
15
-35
-20
-4
48
78
92
101
88
62
40
57
95
110
43
-22
-26
-1
-8
-2
-19
-10
35
61
54
95
81
30
-32
-33
