6009
4493
4227
3998
1359
-447
-111
-147
-678
-1672
-3825
-111
-2423
-4500
-5404
-7929
-10959
-4084
-5524
-7926
-9156
-8609
-7783
-8118
-7924
-4956
-8211
-7929
-4093
1451
-586
-3010
-3444
-1431
-2235
-3853
1512
1098
4174
8179
7910
8308
9123
8264
8946
9860
11066
10665
10506
11852
10651
9942
8905
9348
9373
10550
9818
12187
-1
-1559
8279
4315
6325
2644
1048
901
835
-3570
-4373
-5870
-5290
-4892
-5730
-5235
-7407
-830
-5039
-3240
2057
-1632
-1564
-1771
-2948
-4647
-2740
-1934
-5198
-806
-5670
-8231
-3755
-9566
-8900
-5073
-6686
-7200
-5511
120
2282
783
1749
1877
5311
8124
7390
10296
8548
2477
7430
7005
5242
5862
5056
5170
4422
5758
1850
568
-106
-6379
-3677
1901
978
-4293
-3930
1924
-1666
-309
4969
2783
4146
3467
2377
2695
1826
5172
3044
3200
-3096
-3722
-3753
-5209
-5129
-5003
-4416
-5512
-6338
-7897
-8084
-10288
-8669
-9678
-7811
-5305
-8831
-6749
-9361
561
4343
906
3012
3724
6948
4382
4207
4952
5022
4519
5457
6638
4341
5046
5291
3724
4652
9815
3447
8857
13144
6842
10552
8973
9188
11802
9003
8512
7190
6238
2551
1570
-330
-104
-1617
-3184
1771
1459
759
-4371
-5125
-4833
-5249
-6002
-6032
-766
-4294
-5775
-3171
-4166
-4837
-6798
-6312
-5976
-13670
-12502
-5846
-13003
-13515
-9733
-6518
-6588
-3986
-2029
-1829
-2296
2123
6890
4891
8546
13811
12903
12331
13368
9409
9345
11515
9540
8995
8311
11480
6641
5231
8237
5477
7325
6785
7159
5589
4232
4836
3222
3362
2233
3392
-112
-2836
1632
166
-1789
-2524
-3946
-5065
-4638
-4491
-6268
-8657
-8417
-7519
-9841
-11727
-14097
-14426
-14772
-12327
-9545
-5386
-4417
-11827
-12520
-2211
830
2167
7992
5181
5019
10023
10315
10695
10674
11841
10800
7104
7496
8520
8526
9309
10038
9956
11531
11736
8737
4046
9776
8879
4244
7896
7409
4676
5396
5912
2990
2279
2784
2214
478
-1318
-1026
-2375
-4574
-6586
-7423
-7193
-7737
-7151
-9511
-6520
-4138
-8645
-6585
-83
-2046
-6940
-6291
-6877
-9404
-4518
-1696
-6100
-4995
-6671
-3203
2090
2358
3446
4017
4919
6838
7493
11703
11054
10558
15579
12804
9242
10415
7947
7761
7958
9610
9557
9117
3299
-2643
2994
1105
-559
-1324
-1873
-2495
-2490
-3079
-4594
-4320
-4085
-5986
-3881
1838
-7348
-6314
-1324
507
-3431
-7071
-6361
-5093
-4505
-2940
-4952
-6295
-6113
-5344
-6034
-7296
-7650
-8379
-7544
-4530
-4470
-7689
-6833
1587
2189
3024
12332
8118
4283
8885
10498
9512
7250
10127
4992
4724
10102
4929
2593
295
-78
-103
-525
1369
-4242
-2687
1205
-1801
850
5748
900
795
7203
4323
2637
4639
4710
1825
1033
1982
850
461
-548
-911
-899
357
-804
-339
-793
-567
620
-2599
-26
-5298
-6016
-3534
-5061
-6542
-7654
-2704
-1670
-4258
-5304
-1914
-599
-1027
500
891
-855
594
571
-242
-820
12
-320
-1756
15
-1618
2103
2856
6652
8233
10009
12220
5767
-96
1851
2119
8635
6841
6565
4242
6248
6866
5905
4890
2556
4176
2339
4147
3444
4497
447
1044
4197
737
1331
643
-211
-1245
-517
-1935
-5441
-5987
-6983
-6257
-6694
-9641
-11535
-10616
-7040
-10984
-12651
-7030
-7808
-4862
-3658
-5156
39
4000
-2671
-150
11372
9754
11495
11414
9611
11127
11947
11577
8108
7788
5800
13261
11391
6223
7934
5739
7436
9231
10156
6813
2856
8598
7056
6850
7773
5724
3638
3790
1557
332
-1277
-2854
-3848
-7343
-6244
-5362
-6680
-9001
-9645
-10162
-11799
-14657
-13742
-14573
-13567
-15706
-10688
-8480
-12602
-2326
-8340
-3743
2546
-1773
892
2297
3723
4401
7134
7667
9583
8275
9072
12872
10503
12419
14891
15975
12382
10114
16800
15151
15264
6653
9854
10555
10813
11639
6476
2051
-1594
1818
837
-3305
-3733
-5625
-6411
-8287
-9593
-9413
-11448
-11054
-12851
-12174
-13195
-13448
-10395
-11039
-12957
-6274
-4449
-5809
-5963
-9573
-7605
-7425
-5438
-4730
-5001
-5808
614
2434
6868
4375
5342
6965
9102
7687
5235
10559
10275
12672
12182
11473
15561
14892
14462
12739
10211
10481
9458
8188
6417
-705
716
2117
-385
-1456
-5574
-2936
-4311
-8651
-9788
-10166
-11050
-10300
-3833
-4777
-7648
-3822
-4378
-3323
-4936
-2842
-1876
-4148
173
227
1883
729
-763
-1137
-1830
-2409
-5145
-2418
-2613
-9433
-2034
-4478
-1533
-2127
1038
7438
5361
8005
5618
5140
5555
8234
7679
6196
7295
3581
6999
6935
6789
4015
1307
1556
564
798
-591
-3831
-7520
-3957
-129
-332
-1149
2131
1757
170
3171
4729
3010
3447
6439
6720
6462
6579
5636
4676
5622
4401
4008
198
-634
1496
-697
1628
2147
246
-158
-3141
-1799
-3232
-3521
-5359
-5132
-1540
-10033
-5835
-6150
-3570
-929
-5485
-1859
-4210
-5020
-4845
-3240
-3838
-2325
-2548
-2958
-2481
1849
2761
-372
8764
9953
5016
5886
3531
1103
10978
10795
10027
10867
9047
12167
12344
11246
11322
6128
7595
11799
8995
9287
7801
6273
6432
6718
6295
-1588
-661
-5098
-2586
-2368
-3098
-8230
-9434
-10945
-11219
-11565
-11293
-13252
-17320
-15033
-12169
-14355
-14335
-12944
-14883
-9302
-8868
-1864
2507
-975
2567
7775
9951
8030
13260
11457
12102
15881
16607
16947
16851
18248
17456
18442
16838
10152
11357
14285
13135
14326
10397
9344
9372
10550
8502
6387
5965
2475
2590
-167
-737
-3829
-5613
-1230
-4324
-5726
-7610
-10258
-17312
-17754
-13929
-13963
-14432
-15987
-15898
-17882
-15597
-10379
-15172
-13843
-12175
-9178
-11598
-10589
-3477
1974
6361
4635
7992
9723
10734
13793
15882
14092
12395
17389
17548
17755
18836
16835
14697
14671
15492
14095
14374
9231
4073
10482
7352
6444
4976
1953
2764
-842
-1551
-6137
-8349
-9269
-11595
-11842
-10519
-12050
-13663
-14602
-15289
-15263
-13741
-13097
-10376
-12935
-13987
-796
-3268
-2894
-1470
28
624
498
-3539
-4492
-1954
2062
-1135
-3488
1442
2266
7037
11705
12428
10359
9457
14603
14002
14546
13735
13945
9032
8912
9663
8377
7903
7065
4422
4409
-85
736
-5106
-4528
-2681
-5876
-3749
-6788
-5736
-8113
-9058
-7482
-7710
-5367
-1374
-5108
-5184
974
2699
3806
4405
3295
4292
5832
7375
5361
6016
3933
-1405
3841
2559
2781
2148
952
-417
89
2514
256
-576
-925
-883
1053
4456
2084
1808
2628
4261
4562
4821
4279
1304
1316
1067
2043
896
-1811
-5242
-2963
-2448
-1958
-3470
-5875
-5992
-6056
-415
-4372
2438
8707
2109
3048
5804
7995
7325
8125
7905
10882
7512
3472
8160
7898
7535
5851
4357
4192
3238
1980
-377
2817
1714
632
-1705
-3039
-2872
-4253
-5377
-8749
-8893
-11493
-12646
-12232
-17279
-14819
-11285
-13257
-5839
-7160
-5586
-4461
-5418
-5125
-4312
-1052
219
-758
2703
972
1660
9525
14813
11632
13372
15603
20254
13788
14012
15269
7594
13499
12067
14176
13198
11988
11764
7526
8191
7467
5511
3053
2885
2407
1709
677
-1406
-4118
-5006
-7134
-8505
-10746
-14359
-14202
-14294
-12521
-13870
-15128
-15226
-17245
-21175
-20027
-16362
-19997
-17190
-14063
-8590
-4635
986
-1438
1972
4881
8383
11692
10132
17195
16204
16769
14281
13657
21310
20960
20564
20199
13981
13659
16957
14417
9032
14657
12260
13106
10741
6643
6769
4678
3759
1292
-209
-858
-2530
-3513
-4056
-5279
-6959
-9140
-7716
-8686
-12607
-13577
-13936
-14205
-15353
-16446
-17171
-15466
-14235
-13338
-8980
-8453
-10282
-5990
-1433
-972
649
-1151
3606
7651
5557
9579
10504
13490
14902
14448
15996
14758
16541
14662
12282
12855
12504
13309
11855
8610
7298
6709
5599
5998
-2208
-2476
583
-1693
275
-2303
-2917
-3350
-5684
-5998
-7471
-11022
-11183
-13428
-14561
-14141
-12305
-10282
-11057
-8464
-5734
-5015
-4458
-427
2500
3129
2940
4836
4538
-2537
1261
5177
3492
3868
4005
3613
5017
2717
3340
7673
7063
9441
8261
7625
7795
6682
6834
5119
4254
8079
3157
3489
2861
1602
107
-545
-1092
2486
-318
2187
-8603
-11441
-6325
-8847
-5930
-4810
-8208
-8406
-5292
-4796
200
-1558
-2642
2740
5739
5053
4895
5501
1463
6135
4903
5069
4481
3014
4272
155
805
-1271
2067
-4853
-3940
-3397
-5556
-3968
-10735
-6985
-6755
-7058
-10567
-8781
-5745
-4679
-4097
-3086
-223
-413
-383
-505
1136
-466
-2468
-2987
-3153
-3989
-3302
-3726
-359
-3222
-3318
-723
5135
861
210
8381
9544
12920
13206
10553
8690
9596
10080
12072
9505
10936
10580
11251
9728
6572
5804
4514
4500
3177
-316
-2176
-2556
-3901
-4347
-6012
-8406
-10322
-11672
-11201
-11603
-12474
-16526
-16060
-12279
-11376
-14199
-15307
-10994
-11112
-10194
-4675
-4392
-2938
-5435
-2294
653
2522
6602
9620
7719
13742
18032
13039
9407
18039
18820
13117
16433
9486
11015
16579
17409
15121
12750
12417
9605
10914
7944
5462
1526
3746
3026
1725
991
-4876
-770
-7758
-6290
-5053
-6831
-7437
-7828
-11059
-11197
-10469
-11903
-13535
-16243
-17648
-16327
-15063
-15483
-15186
-12457
-11724
-11902
-9837
-3301
1810
-550
7093
13542
5231
10314
14278
14984
16348
14927
17127
17957
18490
16364
16568
15985
14318
13051
10918
12608
10016
3339
4442
6106
6372
5664
5399
3009
854
1079
-1261
-134
-1653
-6529
-4646
-4291
-6664
-7342
-9147
-8230
-9596
-9882
-11313
-11238
-12000
-13617
-12173
-13109
-12511
-6682
-5549
-4386
-786
-4688
-102
3454
-429
2115
528
5565
9934
11134
10514
7159
9444
11597
13087
11839
8788
7897
12640
11619
11827
6605
10964
9528
8109
6761
7163
6412
7615
-8216
-1880
-1260
-5365
-1590
-1655
-3006
-2903
-2330
-5114
-6248
-9529
-11822
-6647
-5477
-3958
-9298
-6570
-1805
-2394
-4385
-6738
4880
841
-2363
1955
2112
5421
5299
4414
-1230
2798
2824
-1567
-419
1163
269
545
-3210
-365
-1160
1327
-247
2223
1825
5239
2089
6655
6865
5629
5747
5315
4939
6174
-87
1188
3326
32
-2536
-2360
-5790
-8225
-3160
-4665
-3209
-4521
-263
-2625
416
8244
-2107
2432
10544
5674
6787
8709
10640
8667
6983
6325
4494
3863
4594
2321
1334
-328
-1434
-2528
-4157
-3220
-3643
-4477
-5148
-9081
-8878
-5994
-7008
-8488
-8569
-4451
-3435
-3787
285
59
124
1524
1062
1943
2822
3507
2128
2381
1582
3430
3627
5863
4979
9737
10712
8387
3462
4846
19974
10338
10868
14303
12974
14223
11705
11304
9052
8390
5364
5841
4694
5358
3508
-742
-421
-2306
-2628
-3438
-5039
-3157
-4512
-8475
-9060
-9007
-9530
-11281
-13883
-11749
-13797
-14292
-15635
-14901
-11990
-15340
-9644
-9824
-10598
-7592
-6188
-5259
-3178
527
3301
4599
3264
9432
4975
10351
15482
9511
14623
18199
18652
18373
16766
15316
18279
9257
7192
10150
5477
5968
3190
7997
8327
4965
4646
-131
-2357
-3192
1298
-3995
-3706
-4638
-6140
-8041
-5989
-7437
-10177
-9783
-10029
-12074
-10946
-11648
-12920
-13035
-15380
-13608
-13824
-12805
-14719
-10946
-9741
-14918
-3854
-5935
-8796
1288
6543
4833
5196
11269
12280
15022
15779
15030
15086
15464
14984
12495
12633
12158
11834
12402
10942
9474
11596
6161
2447
5925
5720
6091
3450
562
1713
2552
495
1122
-674
-2602
-2380
-4409
-3302
-4021
-4758
-6675
-7821
-7817
-8159
-8732
-7014
-6958
-11897
-4985
-3307
-7589
-7000
-3249
-4401
-1204
1608
-2150
1871
2008
-1960
-623
-1578
3047
3970
6008
5779
7141
7552
7327
10407
10792
11404
9443
10698
10524
8470
8408
8566
6427
4826
1717
6522
4766
-2496
2873
1868
2047
919
-882
-938
-125
-1690
-2035
-7220
-6237
-2834
-8213
-1496
-2531
-2195
-4641
-3740
6329
-618
769
1677
-879
1776
762
795
-1052
-978
-2114
-4182
-4819
-7161
-6934
-2479
-4104
-6128
-7570
-4473
-3
2207
-1184
1990
1095
1393
4931
3185
4302
3421
3337
2861
1494
7328
5458
7075
4655
6889
366
3422
2317
-2314
1699
-4646
1679
2596
1203
4777
3836
2593
7632
9377
9488
10056
5328
8378
7740
7082
6210
6363
4458
4278
3481
1777
1903
-842
-2727
-2519
-3245
-4690
-6341
-8523
-7120
-8132
-8079
-7046
-5500
-6206
-7320
-8258
-4275
-2126
-3574
-3819
-3024
-1414
-445
2469
2938
3620
3347
1709
-1024
3304
2564
-960
6397
9862
9628
6706
14795
7702
8235
14353
12027
14247
10921
8076
6463
6465
6179
5527
3150
192
2137
220
3666
-2770
1335
2111
-2968
-4550
-6548
-6559
-7047
-8955
-10194
-10966
-11034
-8437
-8827
-8032
-8442
-9459
-10451
-8738
-5927
-11265
-12940
-10974
-7317
-7481
-1271
-2377
61
2471
2848
8883
7886
9356
12655
12750
13795
18255
17556
16927
15184
12170
15291
13054
14735
6025
4780
5523
4996
7302
3993
4363
2303
2107
3458
2658
4349
2321
-925
-1344
-1294
-389
-786
-2082
-4120
-4030
-4436
-5190
-5764
-7233
-7490
-8005
-5957
-11769
-13616
-11293
-12103
-11389
-13383
-10438
-7575
-5037
-5863
-4802
1793
5407
7433
11679
11364
10812
12199
14441
16268
15510
17619
15527
15314
15218
13083
9255
9996
10086
9705
8116
6803
2121
1293
5733
2306
3261
-432
3018
3087
1453
-3198
-1252
-2874
-3015
-2253
-2180
-2135
-2762
-9208
-10663
-6697
-11456
-11335
-11360
-8991
-8792
-8240
-5697
-8334
-7989
-7528
-4439
-1488
-2509
-3870
-1557
-1437
-1645
-483
-1232
69
1291
7488
7726
8758
10947
10012
9720
11386
9347
11526
11738
8377
9157
9008
10444
10494
10052
7791
7292
8228
1515
3236
4708
3802
4011
-304
-1343
-3789
-3766
-8060
-7032
-7254
-8784
-6351
-5183
-1817
202
-2866
-2093
3318
3474
1963
3514
2898
1741
973
2118
2617
1617
1018
-767
-1730
-2058
-3594
-4998
3
-2421
-3286
-3502
-3819
155
428
1417
831
2032
3238
3655
5523
5498
4062
4470
3745
4977
6121
6344
1057
-2026
2205
-2996
-741
-5666
-5486
-5352
-2720
-680
2219
3470
-1917
3129
6794
6720
5254
3764
3763
6139
1864
3550
2067
1238
501
-1033
-2594
-1739
-2238
-4212
-5464
-6598
-4914
-7667
-8388
-8256
-9646
-6523
-8929
-7962
-5093
-7789
-5477
-6643
-4771
-877
-1093
1051
3345
-1476
-806
4370
3013
3358
3337
2890
1664
808
877
-1099
6939
9934
4363
9444
13238
11390
5975
10317
12287
7995
8732
6091
8929
8746
6268
4595
7277
8523
5932
5388
-619
3549
2333
307
-906
-3096
-4149
-7235
-6367
-10011
-6773
-7663
-8814
-10242
-10873
-9444
-8991
-8465
-15929
-15103
-11240
-11972
-10173
-12480
-9465
-5828
-4539
-1494
-1466
-721
6518
6927
8010
14459
11129
12955
15064
16045
17537
15873
15999
13112
15207
15435
14304
15162
4102
3615
6151
5096
7627
3466
2786
2624
2025
3016
751
-1666
-403
-946
-1740
-1409
-4032
-7445
-2358
-2714
-2049
-7871
-10230
-12096
-11964
-12095
-12161
-14011
-14967
-13308
-13501
-11837
-16867
-13477
-3145
-4228
-3814
-4518
2343
7851
7361
10938
7877
9593
10912
11805
13988
14487
15347
11516
11655
11891
12021
12091
11716
12088
11076
9151
7620
9212
1017
1019
4020
1756
4431
659
-247
1488
1571
2334
-6212
-1877
-608
-8113
-7222
-4493
-5950
-7592
-7593
-8060
-7945
-10533
-7761
-4133
-2708
-6476
-6461
-698
-2098
-121
-635
529
-1697
-4217
158
1080
-515
-1516
2626
4016
4931
4200
5220
3530
4412
9964
5503
8445
8488
8131
9160
10284
10462
11826
9577
8324
7796
7762
8415
5998
-2200
-1960
1507
-787
1334
69
-4744
-3475
-4032
-5557
-2437
-3434
-3054
618
3333
-2283
923
6916
2446
1158
991
2975
2916
3433
2570
799
2950
2017
-328
-5173
-7074
-4488
-8385
-9487
-5842
-6135
-8035
-9712
-4940
762
1546
2071
4164
4208
5903
7987
8013
9462
4005
2655
6890
6305
5997
6149
4252
3530
2829
2645
-131
1962
-1161
-4204
94
5083
2352
-1416
2711
5448
7032
7330
6659
8182
8660
3479
3042
3835
-230
4707
4740
1602
2356
672
-248
-1508
-715
-361
-3732
-3780
-8528
-7668
-9312
-6894
-6774
-14080
-7984
-3618
-2375
-12013
-14407
-4758
-6895
-2598
-2014
-2819
-4787
-4445
-580
170
662
1777
2954
1209
2927
7802
6793
6718
8622
12033
12282
13284
16277
7672
6662
10136
10413
10741
10077
5147
5166
7830
5988
6118
4169
3428
2618
1401
938
-671
-1263
-3233
-4765
-4379
-5834
-1781
-6833
-6963
-13185
-12003
-9077
-12142
-9705
-11320
-12186
-14418
-15761
-11243
-12886
-13241
-13268
-10810
-4139
-3596
1774
3405
3845
5615
8212
10955
6768
10739
12435
13217
11979
12440
11726
11190
12488
11794
14496
8329
8413
3932
3013
6011
5205
5576
3972
5098
4037
5084
3656
2447
1581
3122
2408
-4066
-3551
-1371
-2836
-4122
-4691
-7832
-11368
-10313
-10083
-9290
-10513
-11271
-11246
-11896
-9983
-11260
-8623
-5099
-10262
-5882
-738
541
862
-2639
2216
7395
8485
9818
11899
9497
9970
11683
8209
10140
13700
13940
12912
12268
12579
12169
12654
10742
10880
10409
11716
3978
-1462
2727
-2333
-3039
1453
-1725
-242
-3787
-3462
-2839
-2597
-904
-4543
-6257
-6217
-8013
-9094
-9277
-9942
-7983
-6140
-2959
-6464
-4155
-1422
-1045
-274
-2301
-364
-975
-3053
-3224
-4203
-2178
-149
-5423
-6097
-5297
-450
2900
4172
5252
6900
8459
7236
8354
7234
7819
6850
11836
13484
6737
6803
10481
10175
9885
7670
1309
5249
2597
-2662
575
-1761
-1169
-3804
-6647
-6612
-6749
-5240
-6205
-425
-3247
-3420
-575
-234
2911
-1067
3163
2739
-1997
420
-210
1278
4337
-3679
-2998
-5590
-6460
-7319
-7277
-3820
-3266
-9321
-9434
-5010
-7125
-4529
-5142
-4420
-40
219
4190
5562
5429
3526
2737
3135
3091
6315
7225
6391
4096
4809
3038
-550
-1928
1609
3701
-14
-2057
-724
-31
-1086
3987
8442
6537
6290
7250
3040
3756
5963
6691
4296
2388
4332
4963
4943
3900
1535
127
577
779
-471
-2863
-2826
-2896
-4338
-2844
-5596
-10028
-6575
-4396
-7263
-7424
-4961
-4654
-5207
-7301
-3946
-2767
-2515
802
-3007
-4011
-2425
-1618
-793
-853
1004
1666
4626
7100
6223
6177
9867
12689
8299
11229
6424
6882
8116
3042
8777
6169
7086
4362
4725
6567
5207
4920
3785
5035
3180
1950
1047
1538
2115
-1214
-3629
-471
-2752
-3958
-4108
-4600
-4668
-6840
-8409
-10306
-12013
-11861
-12168
-13726
-15842
-17147
-15120
-11935
-13455
-15009
-10031
-6550
-2349
-5170
-997
7571
7518
11986
7684
5937
11722
15869
8102
10051
14682
15058
14691
13079
11984
12730
13482
12697
12127
579
79
8423
6622
9613
5073
-4348
1319
2149
1741
499
2085
2027
65
-543
-3238
-4339
-6539
-8278
-9290
-9309
-8302
-10482
-11364
-10231
-11195
-11421
-10600
-10741
-7017
-7434
-7929
-3591
-7412
-1232
-3549
-6892
1234
1664
6353
8060
9086
10611
10771
11519
12067
11882
13121
12349
12672
14084
12428
13777
14773
12303
6306
6825
8620
8885
8658
1593
-1055
2171
-149
4154
2959
2238
2730
1236
-497
-3002
-3113
-3282
-5115
-6056
-7296
-6898
-6924
-6282
-1933
-6190
-3477
-5021
-4739
-3316
-2260
-1389
-6151
-5025
-4905
-4833
-5247
-6407
-7639
-3954
-656
-3456
-2625
2734
3612
5368
5968
8057
9210
4831
9144
10880
11808
9882
10197
11062
10202
10454
8249
8581
7761
6461
6064
3535
2104
1002
-5077
-3090
-3844
-5296
-4328
-5106
-7587
-4993
-1461
-4700
-888
-38
-1889
-1021
-272
-1887
852
2615
-595
-1483
-2767
1832
1640
306
-5870
-5801
-4055
-3846
-3735
-3320
-1647
-5192
-9967
-4957
-1416
-3758
-2226
671
895
3993
4828
3870
5260
8163
7023
4559
4912
5308
5300
5814
5719
4185
2513
1074
281
641
-1806
-1797
4362
839
651
7040
7036
2420
695
1795
4885
7558
4871
3728
1470
1974
3827
3045
2149
1494
824
271
-306
365
-5398
-5613
-979
-99
-425
-2480
-1571
-3760
-2826
-5700
-4784
-7255
-8568
-10534
-10538
-6432
-14111
-10386
-7383
-6867
-3279
-3089
-3673
-3649
-2461
-2299
-392
3054
3742
1167
4457
7108
7798
4738
10723
13490
10978
9440
10610
12099
6880
2697
5418
6490
8888
7865
7471
7856
7761
-334
923
5593
1242
2009
-955
1903
2467
-893
-990
-4290
-2513
-818
-2174
-3048
-5884
-7618
-8991
-10534
-11693
-12704
-13546
-15343
-16771
-17863
-12092
-10855
-17262
-10708
-6518
-8775
-346
3079
3284
1668
7465
4633
11335
14343
6519
8435
14070
14562
14205
14430
15942
14541
15945
11884
6264
11539
8686
4833
8089
5358
7588
5906
5042
4997
4252
2785
4829
3483
2206
1502
-587
-230
-3098
-5290
-7264
-9227
-10815
-10603
-11527
-16008
-15903
-14890
-18558
-13076
-13685
-12891
-8612
-8842
-10398
-12004
-6557
-7570
-2182
-3769
-1696
-897
1924
2634
5568
9845
10270
13869
14077
10648
13768
15875
13314
15801
14452
13448
11084
9986
9103
8230
8553
9387
9772
1373
2810
2871
3995
4695
670
-952
-4584
-4409
-6586
-8323
-9250
-8620
-7414
-9983
-8160
-5126
-7408
-4151
-3023
-3744
-4270
-5179
-1933
-3845
-3348
-3545
-4739
169
380
-69
67
-2064
-4724
-2735
-7710
-5576
-1880
676
865
2459
6639
9580
8627
8271
6686
7450
9899
8986
8992
10579
9240
9163
8256
8431
5025
3503
3196
2359
-1278
-12860
-6486
-8414
-7856
-6374
-12058
-3221
-2668
-1840
1358
2269
4788
2399
3318
2550
3088
5027
2728
4729
3384
5310
2108
3187
1538
-1327
2252
-1386
-1272
-2682
-2906
-2794
-3936
-4679
-7330
-9276
-1531
-728
-1082
-1759
-1902
-4430
-1926
587
4094
4702
2679
2873
-232
-127
-2832
-2951
-2743
-2694
-765
-1278
2328
4053
1045
2245
10469
4904
3883
6480
4285
4123
7345
10123
8202
10041
8329
7600
9273
4878
1738
7255
4873
4463
4079
1388
47
-1175
4174
2794
1328
-5128
-3462
-3426
-4204
-7930
-9579
-11334
-12874
-13311
-13354
-13309
-13433
-9040
-17938
-16116
-12708
-14922
-11629
-8381
-9807
-5529
-750
2106
-382
2381
7321
7882
10625
9448
7995
8631
16760
11068
12636
15149
18450
14968
3974
8315
10757
9530
10103
9636
6874
5482
7980
8015
4780
2259
3906
4520
2602
1434
300
-1017
-204
-2481
-4458
-8629
-10767
-12684
-10331
-10707
-12319
-12849
-16394
-22060
-18485
-17288
-14872
-15699
-12544
-10681
-11754
-7288
-7306
2152
1655
5691
3793
7901
12737
13299
16268
15988
19999
11145
14378
18135
16370
15889
12950
13477
11390
13477
12370
14554
7663
6334
9425
4394
4819
2527
5064
-1099
-1333
-2837
-5456
-1041
-2321
-8322
-6077
-7421
-7638
-10626
-11721
-13462
-15001
-17724
-16317
-15141
-13429
-13063
-12388
-9998
-7210
-7489
-6689
-7606
-5232
-3641
-1171
2734
3827
4462
252
7256
9588
10284
13269
12405
13146
13313
13514
13834
13949
11837
15522
15003
13747
12022
9851
9473
7462
8249
5222
5944
-869
-6481
-760
-4626
-5366
-6518
-11509
-9234
-10577
-9208
-8820
-11641
-10054
-10484
-6033
-6402
-9010
-1966
-1936
-491
3710
-22
1431
5017
5026
5730
3542
-4060
-1563
607
-1714
451
-544
-268
167
2754
3242
1436
1185
5124
3744
3442
5801
6941
7907
4523
5514
6336
6271
7790
6302
5381
4820
1546
635
-3495
-3452
-7438
-7889
-5966
-6872
-10401
-10771
-6754
-2621
-2675
-3052
2914
2053
3451
4461
3779
8643
10275
10990
9824
401
5866
8041
4892
5085
3510
4699
3803
3515
505
507
-771
-788
-876
-4561
-6891
-7775
-9054
-10396
-9133
-8825
-10416
-11703
-8241
-4959
-5225
-3754
-5771
-10137
-6890
-6596
-7504
-6522
-7170
-6353
-4982
-4654
-853
3714
2442
6230
6308
8159
9344
9749
11573
3083
14918
16720
7559
14312
10078
8820
9888
7561
8851
8122
9304
9049
7834
6684
6603
4557
2221
2225
-350
-1205
-2260
-3299
-3812
-5207
-6920
-9309
-9142
-12630
-11640
-13075
-16865
-17677
-20299
-15094
-16662
-18150
-17979
-14752
-12558
-11894
-4226
-3860
-368
4114
4410
6972
9230
10428
9199
16895
14950
9592
20803
18786
18700
19467
19917
16827
19557
13750
9113
13918
10275
9616
8914
6217
5219
5290
6175
3866
1408
-124
-2523
-3782
-6039
-5772
-6662
-7919
-8191
-11003
-11677
-14665
-13546
-14210
-17436
-17126
-17551
-17484
-15237
-13317
-10103
-10566
-12860
-4993
1486
-1397
735
3841
3440
5123
3787
8690
16094
10449
12380
11930
13355
15419
13546
12669
18825
12575
17560
11546
10618
14699
13111
7377
8520
9446
3517
4312
4203
1917
2271
-1360
-1228
-2337
-7919
-10427
-11704
-8778
-12284
-14193
-15687
-13542
-13230
-13550
-11009
-9528
-4267
-5223
-6496
351
1617
726
-1446
1008
-948
-3685
2033
166
3571
2881
4236
6587
4029
6626
7147
4692
7318
11191
8959
8988
8092
8564
10215
9336
12294
10671
8928
7578
5707
5986
2618
3262
-2068
-2392
-4675
-4712
-7525
-13458
-7658
-11454
-11208
-12687
-11751
-9417
-11094
-8399
-2620
-5619
-1174
3853
2634
4680
7675
2349
-910
10137
8633
8990
6822
7057
4598
3463
2621
1365
1943
2016
1969
588
-1015
-2660
-3256
-2311
-3167
-6115
-3008
-8157
-3030
-718
-2218
-1420
-916
4
-964
-247
-3830
-1870
-4423
-6632
-6449
-5679
-2418
-2479
-1844
-51
-1803
2966
1685
-4196
4844
6008
12493
14105
7629
7509
13602
14953
13520
15672
15016
12739
12544
7260
5858
3310
4098
4836
4152
3731
2002
2043
1575
-342
-2334
-4200
-6206
-7872
-8407
-9414
-11632
-11803
-15077
-14072
-13327
-17214
-11444
-11830
-13381
-9857
-7605
-6109
-5885
-5217
-3417
260
-137
5471
4125
2685
10961
12202
16293
10010
9403
17304
16347
19449
21223
12457
8323
12929
11023
12727
12014
9881
10507
7705
7106
5866
5119
3313
623
3821
-3281
-4631
-5769
-6976
-7682
-9426
-9488
-11694
-10631
-10199
-17398
-15077
-17599
-17932
-16978
-19554
-20308
-22386
-20615
-18438
-11103
-14204
-10775
-1484
-3523
917
8050
9768
6774
10532
12957
13398
17125
16330
16850
18136
18494
18632
17395
17491
18928
17654
17054
14637
15411
12704
4852
9456
9827
6789
5226
2675
2414
2113
697
-786
-7442
-7715
-8441
-12777
-9649
-12176
-11038
-12587
-10433
-10736
-18706
-16212
-16558
-17119
-12279
-12848
-8926
-3158
-10920
-3495
2416
-3009
-542
-1971
845
4702
6436
5045
4804
8137
7694
13610
11490
11578
10428
10889
12689
12507
14971
14289
14916
12609
11998
10096
5739
5637
5858
5387
3299
1586
-6017
-11682
-7479
-6297
-9335
-5212
-5240
-6290
-11865
-9712
-10471
-11749
-9928
-11846
-4224
-9612
-5245
-1237
-3201
-1915
-3493
4354
4564
614
-673
4973
7477
6763
6027
750
427
1623
2546
1517
969
2339
972
-1273
1175
3997
3922
2163
4664
3694
5979
5694
3578
4551
515
3380
-519
581
720
-4380
-3259
-2521
-2973
-3156
-1686
-842
-1559
-6273
-4756
-1488
-2866
2041
4972
7041
2559
1844
12340
9945
9859
10014
8633
11969
11865
11356
11172
10790
9488
7106
6828
5708
3022
2239
653
-1086
-2755
-5076
-7236
-6637
-8890
-11558
-14206
-9161
-6107
-10324
-9432
-9786
-8311
-4899
-4616
-1905
-8448
-6233
-4893
-3111
-2481
-789
-3844
-1976
-103
2531
5050
4719
15523
6602
5554
11635
16091
8445
7315
13769
9294
18169
14582
14509
13072
11742
13666
11426
10546
9430
6554
5332
5735
3723
3434
1223
-1499
-3616
-4555
-5391
-4398
-9044
-10410
-9727
-11033
-11324
-13464
-12597
-16939
-16278
-15585
-17621
-14406
-14629
-16237
-17906
-11835
-8828
-7473
-4603
1120
6983
5086
5924
12270
14641
16466
16947
17015
15641
20910
16585
15737
17161
17004
14077
17151
16626
10428
10900
11001
9671
10832
7310
170
2850
2860
2972
751
-1287
-2654
-3488
-3675
-6541
-3684
-9072
-10170
-9347
-8863
-8685
-9876
-8583
-12478
-11313
-13519
-14396
-13244
-12844
-11469
-8269
-9242
-10366
-5389
-5222
-3782
1980
5428
6841
9495
10983
13507
10470
15300
18453
19614
19026
17669
16063
15649
16238
9966
10997
12507
6228
5129
5630
4243
3215
2001
-8832
-2686
-1437
-864
1639
-4534
-2617
-3748
-3246
-3441
-5057
-6549
-8578
-8948
-9840
-8116
-7889
-6302
-7873
-3188
-4721
-9548
-2009
-1154
-3081
-705
3756
926
1917
-210
-536
1402
2383
2953
3776
4788
-1414
451
7266
6718
5360
7825
6622
7618
4954
4486
3605
4140
2249
5273
7356
2052
3550
3890
-1101
567
2961
2869
-3515
749
-3010
-5095
-3522
-6548
-5107
-825
-5627
-5120
-1585
-5183
-8085
1312
6243
4197
2403
8257
10543
10505
4805
3568
5371
2037
4241
5148
4592
4014
2461
2092
2139
273
-1409
-6517
-9969
-6331
-7402
-5703
-5685
-7950
-8524
-11072
-5942
-2081
697
-81
219
934
-759
789
421
1493
459
2055
2681
2494
2427
2333
3165
5455
-801
-2994
2241
2433
5555
122
2729
11355
10620
11019
8061
11399
8491
7073
7796
8688
8060
6991
6617
4986
2300
487
270
533
-1804
-2816
-4844
-4905
-7322
-9379
-8658
-11132
-11501
-13033
-13515
-16099
-15670
-15092
-13775
-12187
-14417
-11653
-5568
-3663
-6584
-5098
-3160
-2826
-712
-5992
497
2391
1044
11281
13435
10201
12502
14022
16714
14981
13050
13575
15097
9752
8302
8439
13435
15184
8535
7919
4606
2132
2398
2698
4312
2652
1598
-495
-2424
-933
-4071
-2221
-2874
-5450
-6537
-6056
-5935
-8141
-5912
-9480
-8539
-7920
-9324
-8957
-10224
-10110
-10345
-10098
-14210
-9879
-6417
-7837
-3010
1932
2152
5392
8991
11372
16523
12153
15488
17046
17110
17048
15162
17973
17530
17356
15777
13805
11679
11825
10030
10732
2131
-1119
4683
4341
4032
549
3460
-267
-651
-1393
-4355
-4975
-7295
-6402
-7757
-3065
-3529
-2775
-7622
-7159
-5281
-3610
-6553
-12372
-7489
-8481
-10601
-8129
-9177
-5317
-6452
-4110
-3054
-4264
-3287
-2286
715
-2378
-706
3535
3741
5597
9269
9880
8496
8093
7780
8539
10836
9569
10498
7476
8859
7490
7085
10545
1159
5650
3910
6233
4988
-502
2317
-176
2103
-582
-393
-1385
-611
-273
1162
-3001
-8749
-3060
-4302
-3925
-3267
-5837
-4979
3365
-1200
885
5162
5245
5105
6154
3848
863
-1206
-2716
-3243
-5371
-5605
-1031
-4243
-5177
-7832
-5592
-7173
-5423
-5131
-3459
-3086
721
2907
217
1716
507
4234
6880
6277
6212
7172
6941
7285
7169
8276
8319
5735
5366
-2232
-1181
-1651
-2055
-1032
-797
1459
168
2832
3536
1959
6857
7948
9719
11816
7929
6356
6452
1893
4579
2235
1837
2163
-840
-3232
-4079
-3678
-3047
-6324
-10061
-8252
-12001
-8314
-9264
-13491
-12865
-13433
-7054
-6121
-6465
-7088
-5694
-3643
-206
1384
913
2704
2412
6572
1429
3083
6771
2873
4301
4370
4317
3592
3931
7382
8765
5076
10851
11517
12922
10969
10209
12643
11098
12211
8268
9442
6575
6377
3621
3129
3434
1467
3756
478
-1194
-5426
-4263
-5747
-3580
-4710
-4628
-3996
-6706
-5037
-7551
-6597
-11350
-11366
-11151
-6600
-7251
-7093
-6302
-11677
-8209
-7414
-8381
-11457
-8214
-3711
-1878
592
2281
8078
4474
4852
13282
12901
13886
14652
12888
13541
15281
16117
15144
12897
13450
13438
9041
7071
7893
5777
5287
5343
3828
5609
2842
1126
1794
2888
2979
2795
1277
-1735
642
-926
426
-3595
-5511
-6024
-6045
-2480
-9717
-5836
-5437
-8197
-7793
-13583
-14611
-13325
-13517
-15549
-10440
-7198
-6374
-2464
-111
2822
6279
-315
4183
8141
10283
10665
6987
9797
9563
9612
5773
11573
9933
9619
8927
6724
7360
4534
6089
3973
4109
-642
1382
4003
2737
5211
2005
2392
474
1071
1322
2795
-165
-7123
-2239
-3957
-6295
-6777
-8315
-8773
-9435
-8207
-7459
-9424
-5000
-6160
-7333
-2951
-5415
-2624
-5242
-4413
-4197
-3050
-3203
-6367
-3836
-2845
-2833
-2776
-2933
-2253
1591
2861
2546
1944
3128
2425
2542
6139
9661
7277
6636
7071
10024
10548
8329
8843
8496
8801
10687
9423
-2311
3027
1746
-823
1479
-772
-185
-4702
-1840
-3655
-3467
-3662
-1674
597
-1597
2127
1082
1518
1107
-1297
4026
2675
2277
1288
15
-1874
-429
-1082
-3003
-2213
-5210
-6022
-3988
-5196
-12666
-9982
-7716
-8584
-4837
-7749
-2340
-1256
-463
4571
4646
7874
7220
6115
5339
1688
7743
7850
5677
4078
4583
4074
3338
3998
-563
2251
-1448
-1348
9668
4819
5585
8198
9106
7554
6463
8287
9060
10114
7238
5588
5734
6126
4486
1180
1188
87
3236
1701
-4807
-2840
-2310
-1430
-3282
-3686
-4359
-5358
-3665
-4667
-4645
-7566
-7488
-8020
-4709
-7062
-13071
-5645
-4217
-1858
-460
-2378
-1760
-2878
-484
684
1888
1311
3851
6888
5430
7981
8673
10444
10854
9955
8951
7280
15616
12356
3448
5574
5928
8177
5897
1930
-543
1087
7274
4328
4947
-1581
-1664
-2787
-3118
-2642
-3568
-3145
-4063
-2912
-3060
-3213
-6142
-460
-9460
-14081
-3574
-11824
-12411
-12413
-12940
-12341
-12974
-14240
-13284
-13126
-13215
-12250
-8180
-861
-2603
-1043
6077
8473
7217
10816
7888
7959
11514
10789
11010
9155
11485
7137
6606
8731
8152
9490
5560
9080
5032
2387
6228
2106
5394
6044
7175
5351
3734
3561
814
1717
4823
1458
-4927
-1295
-1677
-3430
-5458
-7537
-8996
-11098
-11392
-12146
-12783
-13250
-10109
-11892
-8558
-9620
-14349
-4669
-6605
-6613
-5504
-7109
-5385
-4442
-578
-3331
-35
3068
5014
7834
5279
6846
11904
10738
11381
11261
9914
12270
12349
10691
12188
10635
12059
11831
12452
7482
7181
6752
-2074
-3252
2748
1889
1627
-847
-2151
-941
-1700
-3096
-6277
-7930
-8677
-5815
-5049
-5172
-2431
-4748
-2740
2420
3244
2987
-1538
-1402
-51
1137
2336
618
-2547
-4481
-2718
-6063
-3456
-4715
-4649
-3613
-1609
-1758
-2396
1489
780
4566
5510
5357
7951
7932
8880
7494
8455
10678
5386
5818
6205
5291
5832
4531
5535
4506
3252
1079
-6162
-5506
-468
-1573
-772
-2912
2133
-143
5219
148
1685
696
2593
3486
1711
263
340
2755
298
-1181
-4097
-3477
-2084
-1856
-3168
-5412
-2600
-3258
-3766
-10438
-8980
-7827
-8905
-7003
-7070
-3388
-3159
-2703
-4630
-8328
-1189
-3768
-977
2548
2596
3217
2781
4232
3095
2633
1964
1496
813
434
53
4976
3893
3967
10522
10673
14759
6539
4302
11630
9109
10498
7193
5312
4221
7165
6503
2395
2983
1642
2777
2968
1596
1608
1345
-59
-1098
-2704
-3619
-4501
-3055
-5224
-407
-4384
-9282
-4298
-7972
-8110
-8796
-7503
-10363
-12212
-10594
-11971
-13874
-13013
-12379
-10211
-3800
-4471
-2033
3152
-1929
6119
10215
12350
15811
8202
12349
7169
11870
13026
10197
13228
10961
14392
7153
11718
2209
5593
8357
6213
6597
2834
5687
2664
6201
6660
4144
4155
3286
5547
-714
-891
2018
-1611
-376
-2487
-2700
-4511
-6624
-9707
-12399
-13283
-16554
-17094
-18865
-18531
-17232
-15973
-12353
-10768
-15064
-6715
-1401
-2927
-1602
-2906
-3
1186
8575
9769
11325
12004
8100
8524
5662
8709
10919
11366
10601
11527
11244
10948
11773
11676
12446
9607
11269
4784
4754
3064
7
6366
2704
4141
2453
1540
739
-2217
-2881
-5255
-7736
-10529
-12575
-7369
-8565
-11433
-12174
-13597
-7179
-6725
-7765
-3923
-4647
-5073
-4958
-9144
-6438
-6056
-4738
-1318
-2923
-1758
-4514
248
-2863
275
-1382
2960
2828
3670
4524
5982
6182
10888
12419
12268
8468
10695
6427
5071
9993
6303
5520
7738
6004
5508
3801
2422
-5675
-6977
-2421
-3811
-4003
-4453
-7177
-6472
-4779
-2865
1097
-4592
-451
1056
-2243
7567
3276
2307
3139
-1064
-1367
-1358
5042
1842
823
-99
-4074
-3620
-4178
-3396
-5398
-3872
-2970
-2453
-4346
-3732
-2580
-2503
420
-4273
75
4222
2729
1417
2981
4561
2001
3343
3477
5050
4095
4356
4871
1268
2521
947
768
1876
78
2212
7371
1060
1412
9996
4434
7510
9824
5976
9170
6680
4260
9831
9754
5851
6073
2898
3545
4938
4123
3675
2501
1584
2114
3047
1408
1362
1132
1425
-4628
-5642
-2561
-6546
-7584
-6580
-8299
-9185
-8358
-7685
-8683
-9239
-6573
-4368
-5128
-5115
-3821
-1406
122
360
2329
7020
5873
5455
11949
12543
14061
13519
12214
11242
11759
12104
11721
13445
3910
4348
8473
6231
6564
10491
8763
8852
9345
8403
7364
5926
5654
5844
6852
895
-336
2330
387
-207
-667
-3386
-4043
-4279
-7754
-7654
-8964
-9053
-10475
-12813
-12795
-12623
-14023
-13559
-14175
-11223
-9007
-6472
-5977
-5462
2064
5787
8470
5809
10016
7443
9781
13239
12943
17155
14021
14405
13930
10936
12678
11856
10820
8169
15737
8221
12737
8947
4020
9090
-750
828
4073
-10
-629
3065
3197
-2197
-2004
-4987
-5349
-5444
-4721
-5713
-7720
-10149
-13341
-12588
-11533
-11321
-9912
-12052
-7463
-3528
-7251
-6179
-2542
-830
-3562
-4052
-4392
-4211
-465
-3693
-2198
-821
-2296
8543
8761
9638
10320
5833
8417
8115
9429
8981
7220
9413
14090
7902
6813
10364
8352
10186
8813
5676
6030
8395
825
-1912
2132
941
1108
-2825
-1750
-3468
-5261
-4169
-6143
-4087
-5822
-5000
-1065
-1855
-4110
931
2890
2692
3691
-4783
-2143
782
-1495
1177
-1949
-2996
-1616
-2229
-4392
-4645
-5327
-6894
-4725
-415
12
-4541
-2790
-1966
-5002
-1352
2785
1423
7428
4380
6305
7267
7589
7603
6681
6431
4731
4328
3860
2233
1678
443
1234
869
1378
1853
-5143
-2613
1897
-325
1359
6442
5767
7013
5425
1911
6906
5607
4832
4471
8388
7812
6132
5165
6082
5845
4067
3574
-1713
-251
-912
-1583
-1494
-9350
-10130
-7928
-9345
-8457
-10195
-10508
-8458
-6779
-7175
-6390
-3951
-3865
-3290
-1525
-960
-2667
-1318
-2273
-488
25
-1461
1039
-695
4552
4853
5932
10789
10879
12777
11087
6234
7448
8734
4788
5255
9395
4623
7993
8496
7393
8566
8492
9437
7380
5032
3496
1655
7880
-591
-4416
-572
-3071
-4678
-4221
-3135
-2000
-1422
-5023
-7232
-7423
-6731
-9773
-12460
-15036
-14894
-16782
-16119
-14245
-13616
-14199
-13631
-10019
-10373
-3733
-1050
-633
3443
7419
8533
9366
8773
9208
13799
14155
16925
15158
14153
14374
15690
17180
15740
14486
12466
13877
8018
9823
12899
2674
1807
5055
4835
5138
3712
2795
4472
3525
956
-244
-781
-3191
-4924
-8076
-9975
-10182
-11912
-11730
-11757
-14706
-13932
-14279
-12579
-15674
-15636
-8900
-14995
-7081
-5861
-6813
-1475
-1726
-701
1364
2676
2298
6690
9623
9067
11630
12238
12272
13353
14522
14784
15073
16449
16516
4263
7686
10622
7847
8614
6227
8165
8360
6718
2195
2534
4022
-2045
1143
-2124
-2521
-5455
-4093
-2786
-3887
-3735
-6892
-10453
-11317
-9882
-12181
-6911
-3727
-9215
-5210
-1611
-725
2547
1015
-2350
-1550
685
-274
584
143
-756
-1490
-2200
-748
-40
338
-48
1131
2046
-2553
3073
7047
5940
6901
6134
6785
5793
5883
9678
9395
8837
9745
8181
7272
6787
411
-368
-1473
-1724
-174
-7162
-9240
-4673
-6494
-4691
-2192
-983
-5450
-4364
-1118
2702
5354
3311
3832
3590
5555
4307
5320
6094
5227
3984
2354
3704
956
-851
-2829
-2079
-3724
-8143
-3614
-2927
-4211
-4309
-4710
-3276
-3953
-2878
-4372
-8088
-4275
-462
1431
466
-826
3104
2760
3168
3098
2439
822
1265
2976
1747
-557
-1557
1016
353
-1906
5894
10222
9382
4700
5435
8914
8552
11178
7952
6622
7407
6968
7338
7627
6320
5271
4754
6153
3645
-5004
-1574
663
-811
988
-2022
-4010
-1961
-1426
-4010
-2462
-4495
-6883
-7072
-11196
-10083
-10586
-13133
-12810
-13989
-13414
-11865
-14797
-12554
-10060
-10746
-6969
-4354
901
-1188
1318
8126
4863
7739
9620
9486
8653
9115
11123
10215
11874
12498
12851
12409
11579
8387
4376
8633
8930
3510
8873
7975
7746
2719
2674
1731
4917
4371
4037
-2996
-4081
-2049
-4029
-5754
-8181
-9308
-9382
-10355
-11374
-12437
-15125
-16783
-16036
-14577
-15265
-16159
-16141
-15594
-14382
-15053
-4265
-3845
-6170
-4964
-4413
2251
2085
8045
8046
9573
10838
9452
13484
12954
14635
11168
18315
15157
3339
10188
8569
9618
9011
7168
11793
11684
8237
4368
8076
6622
7012
-2050
-937
213
-2031
-1982
-3605
-4036
-4551
-5316
-5161
-7443
-8480
-9320
-10099
-9160
-11444
-8337
-9391
-9270
-2303
-6159
-3667
-1602
-2387
-2094
-2794
1285
-941
-829
-4147
-258
1580
2817
2100
2200
4675
-477
5965
4442
4479
6001
5207
7158
9278
12562
11083
8144
9111
9841
8817
6848
3858
3656
4128
1938
3119
-1322
-7282
-5232
-6430
-5816
-5445
-6408
-7986
-7756
-9347
-3691
-4395
-4201
-977
-5280
-386
1630
105
-736
1680
3062
1906
-241
919
708
1222
2043
1631
-4335
-9972
-4502
-3845
-5414
-6996
-6654
-4569
-1513
7
-3364
-1115
1727
2689
2843
1126
4319
4767
3951
4303
5872
5306
2353
2604
1913
1862
68
52
-2382
-1572
-2165
-1331
4153
299
3071
4692
4101
3227
7489
5744
4542
10158
5746
6567
3880
4311
8606
8101
10495
2804
2623
2366
606
932
-224
-1436
-2161
-2931
-2736
-3866
-6330
-7273
-3602
-6549
-7882
-8064
-9874
-10550
-8321
-7101
-10692
-9702
-9174
-7192
-7721
-7648
-6592
-6719
-5525
-3059
-3908
1808
3928
1834
7986
7532
7623
8660
8550
11098
13953
13081
13950
15762
12047
9796
11436
13939
9498
4368
5784
5163
4211
4281
4529
5155
4018
2658
1224
1836
2048
1983
2122
400
-746
-2730
-4938
-4913
-5882
-6044
-7693
-10745
-11275
-11940
-13795
-14293
-14824
-15632
-14507
-15473
-10029
-5524
-9749
-5583
102
1001
4002
6737
7384
8315
13033
14022
14198
14651
15735
17969
17083
12282
12669
15488
13517
12094
12404
9776
13908
12264
6793
8673
7019
8479
7791
6667
2517
942
-171
-545
-879
-3562
-5308
-3223
-4832
-10696
-10462
-13245
-13622
-15026
-15880
-13831
-13615
-10172
-8827
-10475
-12455
-6242
-8904
-5689
-2454
-1952
-2392
-3816
-2012
-120
3451
1391
5793
8079
4686
6649
11375
9925
11780
14571
12682
14184
9807
10219
11539
10278
8619
10414
7121
7051
6450
6024
6156
6566
5224
-3177
623
573
-2033
-2237
-3887
-5468
-7967
-7562
-9119
-6809
-7432
-7793
-4270
-7158
-5768
-4841
-5368
-3912
-1173
-63
267
2354
-631
1732
2192
2703
2401
-4992
-2111
697
-634
1728
-1669
-1565
1064
-44
1790
1565
190
2790
4225
5088
4777
4125
4930
5418
6489
7873
6478
5231
5940
4176
4421
1817
1416
-1463
-3087
-3542
-3962
-3343
-13381
-3945
-1797
-6414
6581
3412
5614
723
1527
4893
4050
10619
8987
9045
9689
10561
4410
4215
8024
5096
6451
4719
4494
3046
1716
2436
465
-158
-5625
-3106
-3614
-4426
-4889
-5229
-7170
-5397
-4205
-10729
-11011
-5824
-3271
-3905
-2702
-2954
-2472
-4104
-4061
-4626
-2485
-2748
-171
7330
2326
6090
8117
9156
12062
10045
12537
9527
12391
7773
4998
14284
8696
5155
7927
12407
10640
11643
9534
7708
7557
5995
5196
4800
2183
3497
2154
988
258
-431
-231
-1581
-2900
-3908
-5736
-8610
-9229
-12218
-13250
-14292
-15803
-18506
-16718
-18272
-18161
-15454
-17965
-17994
-13232
-5419
-6437
-1105
2940
3942
8569
7884
9964
12600
14462
13271
14817
17207
10958
11798
15597
15399
15365
16179
14630
15794
11657
7738
12592
9841
9440
8479
6629
5039
3444
3523
3779
2646
1314
504
-510
-3461
-5297
-5640
-7218
-8293
-10533
-13070
-16755
-16353
-18735
-17149
-12714
-12917
-8331
-11295
-8659
-5614
-4019
-4157
-5248
-3305
537
4079
2613
6124
6670
-257
6793
10917
9101
13689
14257
13967
15135
16970
15498
15026
14649
9813
11121
10656
9689
6116
6623
7739
6874
5559
-1954
205
-716
-1479
-2018
-5727
-5374
-9600
-9761
-11109
-11345
-12377
-13547
-12433
-13459
-5110
-4045
-5618
-4751
-6425
-1179
2160
1858
3519
3118
4812
4108
-471
-2508
-1127
4686
-1570
-207
-3412
-2899
-141
-1068
-3991
-1722
1180
3306
5663
5681
7441
8441
9157
9521
8674
8901
8698
7845
7252
5721
6032
4755
4647
-59
-450
-2204
-5260
-106
-9067
-7512
-3600
-4813
1598
-1983
-64
3883
2810
5753
6691
6693
8768
8653
9878
7333
2557
8300
8555
6283
6540
3641
1569
4385
3469
1435
370
-2671
-1511
-1743
-4210
-6483
-8883
-9706
-8847
-8454
-3813
-8755
-11372
-4839
-4419
-3424
-2137
-1891
-5037
-4204
-6434
-3669
-1848
-4262
-3753
-2210
-3330
-455
3690
-2654
5408
8985
9920
13027
12423
9842
4632
12248
13332
5924
8846
9936
10145
11459
12371
9896
7595
7403
5765
5553
3568
5458
4074
1051
802
0
-1145
-2365
-2346
-4304
-5847
-5609
-7003
-11681
-14275
-13993
-16582
-17989
-19395
-21496
-17894
-17312
-19984
-16358
-13544
-7999
-12089
-6319
-3884
-5344
2972
4825
6892
8877
11456
12801
18174
20555
10342
17086
17277
17007
16780
14744
14733
15706
15079
7508
8557
6879
12107
11416
8207
5942
3494
5348
3331
5236
3432
28
-1483
-3690
-4219
-4993
-6478
-7567
-11275
-9839
-12716
-14600
-12627
-16601
-16672
-18650
-18518
-17672
-15628
-13173
-13998
-10938
-11589
-3024
3099
2145
-3177
453
6045
4737
10694
12888
12927
13068
16217
15228
13332
14123
11310
10968
13281
13846
14133
14704
14298
12443
10433
10214
8936
7503
4437
-411
2170
-395
-2438
-129
-2564
-2883
-3837
-7210
-6442
-6422
-10242
-11490
-11922
-13196
-11966
-11642
-8590
-4214
-6602
-3085
852
-570
2651
-1364
1532
-372
-6505
-2329
-774
-1024
-465
-431
-1628
5413
3560
1930
1487
2142
6855
4585
5346
5045
4309
5754
6019
6802
6986
4404
5534
6960
7613
6285
5137
1257
156
-2737
-4587
-4481
-5809
-6747
-13440
-6860
-7127
-10733
-8199
-7827
-2675
298
-1000
3443
1819
2158
4447
4452
8956
2983
7300
9093
7045
9421
8179
9332
5705
3660
3548
626
-432
-1609
-4421
-3187
-4690
-6251
-8801
-10049
-7687
-4168
-2873
-8400
-7596
607
-1255
-5168
-4257
-5400
-5056
-6495
-5840
-6757
-1742
-1285
-6419
-6712
-6409
-4277
-2595
2400
4820
4121
7879
8581
10742
6745
6494
12573
8836
14563
8450
7920
9941
12082
12729
13395
12391
7448
6229
5041
7320
6005
2951
2479
-499
-1706
-2023
-3198
-4287
-7008
-9290
-9924
-9822
-11034
-9845
-13104
-14341
-15764
-17444
-14506
-15423
-15850
-18086
-16366
-14016
-13940
-11215
-8687
-7626
-2267
-1417
5376
10011
11171
14749
16681
18812
13017
11644
17110
16460
18630
15676
14817
13063
15737
12221
6004
9704
12961
11737
7734
6094
5113
4111
3188
1675
1280
662
-216
-1139
-1993
-3139
-4565
-6056
-7439
-10248
-12530
-11511
-13198
-13757
-15179
-15922
-17617
-17027
-16179
-14271
-12942
-13463
-7447
-11688
-4425
1573
225
3029
1998
4010
5681
13641
12508
13961
13772
13617
18598
16453
14956
13781
15018
16305
14833
11924
14769
14028
9554
9322
9645
8827
7053
103
282
1897
-1523
-1112
-3936
-6009
-6308
-6582
-7607
-7094
-8633
-11082
-13176
-14505
-14234
-13481
-12964
-10879
-9519
-5680
-2415
-7300
-1002
657
-1478
97
-864
804
5643
5471
4835
-944
-1326
1219
2791
954
863
5100
4941
2255
6313
4936
5105
7635
10138
7004
7030
7110
6637
6375
8947
5511
6480
4797
4117
1024
-2234
-2319
-3672
-1852
-6839
-7004
-7795
-6712
-5213
-7952
-6690
-7358
-5771
2366
108
-129
8775
8032
5788
6008
6601
8216
10104
7716
7882
7539
8939
8913
4662
4230
5813
3753
2815
956
-680
61
-2353
-3178
-6239
-7532
-6578
-6522
-5868
-2489
-413
-1363
-1544
-2240
321
-6157
-1961
-4410
-5934
-1587
-2852
-5420
-1097
-2113
-702
-1730
113
2963
4652
9387
1755
9839
8116
4216
7205
11910
11437
7722
10223
14394
9404
13589
13169
11031
11918
8299
5870
3319
7441
856
437
-2274
1928
243
-1199
-2509
-8578
-7737
-10275
-11571
-7967
-10930
-10814
-12905
-15849
-13778
-18188
-17163
-15115
-17653
-16223
-9169
-11558
-10925
-9737
-8406
-3794
-1479
2830
5141
5647
10389
9509
8830
18482
18301
15953
14929
15419
16862
17067
16590
14832
11422
12286
14241
10290
11834
10737
9820
8626
9440
7395
3009
2455
-199
-247
-1889
-2915
-5234
-7754
-7442
-9640
-11959
-11196
-13362
-14550
-14609
-15309
-15834
-17640
-16459
-17582
-17662
-17354
-16651
-15684
-9820
-8058
-5371
-3878
-5247
479
7854
11293
11216
10149
15426
13698
15818
18582
19161
19293
20958
18967
17904
17002
15108
15122
11672
11331
8880
7205
6202
3927
164
1360
1263
1329
-497
-2071
-5794
-7588
-4790
-9952
-10079
-11824
-13213
-7930
-9949
-9814
-9649
-10195
-9552
-9516
-8088
-6331
-6459
-4829
-5425
-8169
-3212
-504
147
-1694
-1001
-1837
-593
4128
5919
8430
-528
3681
6572
7223
6167
7826
7685
8545
9399
7651
6260
4378
6212
6348
6876
6643
4763
4200
5059
2830
3329
268
-1773
-3488
-6583
-5526
-4419
-3251
-5402
-5113
-4734
-3582
-9187
-6900
-3750
-5317
1655
6363
-2329
1088
5347
7263
8795
6758
5710
6703
7468
5050
7152
8207
5834
4544
5197
3295
1264
-23
-1546
-1539
-3573
-2690
-1605
-5632
-7362
-3816
1127
-2214
1106
235
-2509
645
-2629
474
-1597
-1841
-2990
-2473
-2040
-2530
-954
-1413
-1891
525
149
90
1741
2951
7057
-3048
3119
9445
10502
12402
7406
10188
10659
10438
6600
6329
9504
8891
7480
6938
5138
3118
2125
1173
828
-1108
-4731
-5453
-4108
-5342
-7374
-8096
-8986
-11064
-13035
-13114
-12791
-15495
-14574
-11370
-12670
-11982
-11217
-8243
-6255
-5507
-5119
-4638
-658
-143
617
2902
6401
10478
8283
8077
15067
14245
14994
18964
15408
16153
17312
17441
17581
17250
14257
13366
10559
9475
9779
4487
5805
2938
7883
6531
3818
3966
1684
-517
-446
-3178
-4247
-5642
-8238
-11590
-13541
-13498
-13259
-13479
-12855
-12377
-12285
-17451
-15554
-14805
-13063
-11566
-12966
-17311
-12285
-6644
-6136
-7317
-5273
-707
4384
6652
8880
12912
14831
16585
9952
13559
15469
17304
16174
16299
15208
14566
15070
13366
11807
8031
7381
5984
6040
5000
-3665
-1889
562
-44
-783
-2134
-921
-5415
-7124
-8633
-9457
-10505
-9764
-4941
-10234
-7108
-13624
-11942
-8258
-8409
-8247
-8093
-6574
-8323
-12088
-2001
-2074
-3632
1834
-97
4192
-2155
1198
3429
5090
4715
3631
5830
9494
13035
10729
12548
10848
10979
11105
11748
10493
10453
9710
9582
8941
7752
6252
2723
5625
3655
3235
3562
2183
981
576
-4514
-3717
-2394
-6622
-6284
-5657
-4664
-5928
-2951
-2749
-1486
-933
-8370
-1046
5405
-3191
5575
6227
5885
6027
484
5346
4878
6080
4676
3940
3329
4127
2505
919
1393
-1616
-4256
-5443
-1804
-1397
-4612
-3585
-5430
-5832
-2828
-1916
165
508
704
1938
1817
1830
3819
1923
1659
796
202
1341
838
885
1841
2122
1405
1377
1019
-1925
-7545
2031
7017
2090
6872
6515
8954
10712
8563
9710
10433
8921
9249
10940
10051
8660
6369
4515
2783
2721
807
-667
-1296
-3706
-3991
-5981
-8833
-10528
-10313
-10626
-11855
-10100
-12977
-12236
-10087
-12563
-13394
-10621
-9109
-5972
-3307
-3862
-3085
-1404
-1177
-191
1944
-2223
-2798
2108
9056
9815
6224
12686
13419
12404
16519
12656
14830
15647
15541
8613
6971
10908
11423
13698
10160
9939
8187
5003
5675
4485
3956
628
-2335
-3170
-3432
-3395
-4298
-5957
-5485
-8669
-8744
-6988
-7028
-7248
-7979
-9050
-8985
-10500
-11613
-10304
-11376
-9217
-9906
-5976
-11993
-13541
-3301
-5152
2307
1477
3928
7738
8174
8823
10121
18787
20227
19058
13112
6009
4493
4227
3998
1359
-447
-111
-147
-678
-1672
-3825
-111
-2423
-4500
-5404
-7929
-10959
-4084
-5524
-7926
-9156
-8609
-7783
-8118
-7924
-4956
-8211
-7929
-4093
1451
-586
-3010
-3444
-1431
-2235
-3853
1512
1098
4174
8179
7910
8308
9123
8264
8946
9860
11066
10665
10506
11852
10651
9942
8905
9348
9373
10550
9818
12187
-1
-1559
8279
4315
6325
2644
1048
901
835
-3570
-4373
-5870
-5290
-4892
-5730
-5235
-7407
-830
-5039
-3240
2057
-1632
-1564
-1771
-2948
-4647
-2740
-1934
-5198
-806
-5670
-8231
-3755
-9566
-8900
-5073
-6686
-7200
-5511
120
2282
783
1749
1877
5311
8124
7390
10296
8548
2477
7430
7005
5242
5862
5056
5170
4422
5758
1850
568
-106
-6379
-3677
1901
978
-4293
-3930
1924
-1666
-309
4969
2783
4146
3467
2377
2695
1826
5172
3044
3200
-3096
-3722
-3753
-5209
-5129
-5003
-4416
-5512
-6338
-7897
-8084
-10288
-8669
-9678
-7811
-5305
-8831
-6749
-9361
561
4343
906
3012
3724
6948
4382
4207
4952
5022
4519
5457
6638
4341
5046
5291
3724
4652
9815
3447
8857
13144
6842
10552
8973
9188
11802
9003
8512
7190
6238
2551
1570
-330
-104
-1617
-3184
1771
1459
759
-4371
-5125
-4833
-5249
-6002
-6032
-766
-4294
-5775
-3171
-4166
-4837
-6798
-6312
-5976
-13670
-12502
-5846
-13003
-13515
-9733
-6518
-6588
-3986
-2029
-1829
-2296
2123
6890
4891
8546
13811
12903
12331
13368
9409
9345
11515
9540
8995
8311
11480
6641
5231
8237
5477
7325
6785
7159
5589
4232
4836
3222
3362
2233
3392
-112
-2836
1632
166
-1789
-2524
-3946
-5065
-4638
-4491
-6268
-8657
-8417
-7519
-9841
-11727
-14097
-14426
-14772
-12327
-9545
-5386
-4417
-11827
-12520
-2211
830
2167
7992
5181
5019
10023
10315
10695
10674
11841
10800
7104
7496
8520
8526
9309
10038
9956
11531
11736
8737
4046
9776
8879
4244
7896
7409
4676
5396
5912
2990
2279
2784
2214
478
-1318
-1026
-2375
-4574
-6586
-7423
-7193
-7737
-7151
-9511
-6520
-4138
-8645
-6585
-83
-2046
-6940
-6291
-6877
-9404
-4518
-1696
-6100
-4995
-6671
-3203
2090
2358
3446
4017
4919
6838
7493
11703
11054
10558
15579
12804
9242
10415
7947
7761
7958
9610
9557
9117
3299
-2643
2994
1105
-559
-1324
-1873
-2495
-2490
-3079
-4594
-4320
-4085
-5986
-3881
1838
-7348
-6314
-1324
507
-3431
-7071
-6361
-5093
-4505
-2940
-4952
-6295
-6113
-5344
-6034
-7296
-7650
-8379
-7544
-4530
-4470
-7689
-6833
1587
2189
3024
12332
8118
4283
8885
10498
9512
7250
10127
4992
4724
10102
4929
2593
295
-78
-103
-525
1369
-4242
-2687
1205
-1801
850
5748
900
795
7203
4323
2637
4639
4710
1825
1033
1982
850
461
-548
-911
-899
357
-804
-339
-793
-567
620
-2599
-26
-5298
-6016
-3534
-5061
-6542
-7654
-2704
-1670
-4258
-5304
-1914
-599
-1027
500
891
-855
594
571
-242
-820
12
-320
-1756
15
-1618
2103
2856
6652
8233
10009
12220
5767
-96
1851
2119
8635
6841
6565
4242
6248
6866
5905
4890
2556
4176
2339
4147
3444
4497
447
1044
4197
737
1331
643
-211
-1245
-517
-1935
-5441
-5987
-6983
-6257
-6694
-9641
-11535
-10616
-7040
-10984
-12651
-7030
-7808
-4862
-3658
-5156
39
4000
-2671
-150
11372
9754
11495
11414
9611
11127
11947
11577
8108
7788
5800
13261
11391
6223
7934
5739
7436
9231
10156
6813
2856
8598
7056
6850
7773
5724
3638
3790
1557
332
-1277
-2854
-3848
-7343
-6244
-5362
-6680
-9001
-9645
-10162
-11799
-14657
-13742
-14573
-13567
-15706
-10688
-8480
-12602
-2326
-8340
-3743
2546
-1773
892
2297
3723
4401
7134
7667
9583
8275
9072
12872
10503
12419
14891
15975
12382
10114
16800
15151
15264
6653
9854
10555
10813
11639
6476
2051
-1594
1818
837
-3305
-3733
-5625
-6411
-8287
-9593
-9413
-11448
-11054
-12851
-12174
-13195
-13448
-10395
-11039
-12957
-6274
-4449
-5809
-5963
-9573
-7605
-7425
-5438
-4730
-5001
-5808
614
2434
6868
4375
5342
6965
9102
7687
5235
10559
10275
12672
12182
11473
15561
14892
14462
12739
10211
10481
9458
8188
6417
-705
716
2117
-385
-1456
-5574
-2936
-4311
-8651
-9788
-10166
-11050
-10300
-3833
-4777
-7648
-3822
-4378
-3323
-4936
-2842
-1876
-4148
173
227
1883
729
-763
-1137
-1830
-2409
-5145
-2418
-2613
-9433
-2034
-4478
-1533
-2127
1038
7438
5361
8005
5618
5140
5555
8234
7679
6196
7295
3581
6999
6935
6789
4015
1307
1556
564
798
-591
-3831
-7520
-3957
-129
-332
-1149
2131
1757
170
3171
4729
3010
3447
6439
6720
6462
6579
5636
4676
5622
4401
4008
198
-634
1496
-697
1628
2147
246
-158
-3141
-1799
-3232
-3521
-5359
-5132
-1540
-10033
-5835
-6150
-3570
-929
-5485
-1859
-4210
-5020
-4845
-3240
-3838
-2325
-2548
-2958
-2481
1849
2761
-372
8764
9953
5016
5886
3531
1103
10978
10795
10027
10867
9047
12167
12344
11246
11322
6128
7595
11799
8995
9287
7801
6273
6432
6718
6295
-1588
-661
-5098
-2586
-2368
-3098
-8230
-9434
-10945
-11219
-11565
-11293
-13252
-17320
-15033
-12169
-14355
-14335
-12944
-14883
-9302
-8868
-1864
2507
-975
2567
7775
9951
8030
13260
11457
12102
15881
16607
16947
16851
18248
17456
18442
16838
10152
11357
14285
13135
14326
10397
9344
9372
10550
8502
6387
5965
2475
2590
-167
-737
-3829
-5613
-1230
-4324
-5726
-7610
-10258
-17312
-17754
-13929
-13963
-14432
-15987
-15898
-17882
-15597
-10379
-15172
-13843
-12175
-9178
-11598
-10589
-3477
1974
6361
4635
7992
9723
10734
13793
15882
14092
12395
17389
17548
17755
18836
16835
14697
14671
15492
14095
14374
9231
4073
10482
7352
6444
4976
1953
2764
-842
-1551
-6137
-8349
-9269
-11595
-11842
-10519
-12050
-13663
-14602
-15289
-15263
-13741
-13097
-10376
-12935
-13987
-796
-3268
-2894
-1470
28
624
498
-3539
-4492
-1954
2062
-1135
-3488
1442
2266
7037
11705
12428
10359
9457
14603
14002
14546
13735
13945
9032
8912
9663
8377
7903
7065
4422
4409
-85
736
-5106
-4528
-2681
-5876
-3749
-6788
-5736
-8113
-9058
-7482
-7710
-5367
-1374
-5108
-5184
974
2699
3806
4405
3295
4292
5832
7375
5361
6016
3933
-1405
3841
2559
2781
2148
952
-417
89
2514
256
-576
-925
-883
1053
4456
2084
1808
2628
4261
4562
4821
4279
1304
1316
1067
2043
896
-1811
-5242
-2963
-2448
-1958
-3470
-5875
-5992
-6056
-415
-4372
2438
8707
2109
3048
5804
7995
7325
8125
7905
10882
7512
3472
8160
7898
7535
5851
4357
4192
3238
1980
-377
2817
1714
632
-1705
-3039
-2872
-4253
-5377
-8749
-8893
-11493
-12646
-12232
-17279
-14819
-11285
-13257
-5839
-7160
-5586
-4461
-5418
-5125
-4312
-1052
219
-758
2703
972
1660
9525
14813
11632
13372
15603
20254
13788
14012
15269
7594
13499
12067
14176
13198
11988
11764
7526
8191
7467
5511
3053
2885
2407
1709
677
-1406
-4118
-5006
-7134
-8505
-10746
-14359
-14202
-14294
-12521
-13870
-15128
-15226
-17245
-21175
-20027
-16362
-19997
-17190
-14063
-8590
-4635
986
-1438
1972
4881
8383
11692
10132
17195
16204
16769
14281
13657
21310
20960
20564
20199
13981
13659
16957
14417
9032
14657
12260
13106
10741
6643
6769
4678
3759
1292
-209
-858
-2530
-3513
-4056
-5279
-6959
-9140
-7716
-8686
-12607
-13577
-13936
-14205
-15353
-16446
-17171
-15466
-14235
-13338
-8980
-8453
-10282
-5990
-1433
-972
649
-1151
3606
7651
5557
9579
10504
13490
14902
14448
15996
14758
16541
14662
12282
12855
12504
13309
11855
8610
7298
6709
5599
5998
-2208
-2476
583
-1693
275
-2303
-2917
-3350
-5684
-5998
-7471
-11022
-11183
-13428
-14561
-14141
-12305
-10282
-11057
-8464
-5734
-5015
-4458
-427
2500
3129
2940
4836
4538
-2537
1261
5177
3492
3868
4005
3613
5017
2717
3340
7673
7063
9441
8261
7625
7795
6682
6834
5119
4254
8079
3157
3489
2861
1602
107
-545
-1092
2486
-318
2187
-8603
-11441
-6325
-8847
-5930
-4810
-8208
-8406
-5292
-4796
200
-1558
-2642
2740
5739
5053
4895
5501
1463
6135
4903
5069
4481
3014
4272
155
805
-1271
2067
-4853
-3940
-3397
-5556
-3968
-10735
-6985
-6755
-7058
-10567
-8781
-5745
-4679
-4097
-3086
-223
-413
-383
-505
1136
-466
-2468
-2987
-3153
-3989
-3302
-3726
-359
-3222
-3318
-723
5135
861
210
8381
9544
12920
13206
10553
8690
9596
10080
12072
9505
10936
10580
11251
9728
6572
5804
4514
4500
3177
-316
-2176
-2556
-3901
-4347
-6012
-8406
-10322
-11672
-11201
-11603
-12474
-16526
-16060
-12279
-11376
-14199
-15307
-10994
-11112
-10194
-4675
-4392
-2938
-5435
-2294
653
2522
6602
9620
7719
13742
18032
13039
9407
18039
18820
13117
16433
9486
11015
16579
17409
15121
12750
12417
9605
10914
7944
5462
1526
3746
3026
1725
991
-4876
-770
-7758
-6290
-5053
-6831
-7437
-7828
-11059
-11197
-10469
-11903
-13535
-16243
-17648
-16327
-15063
-15483
-15186
-12457
-11724
-11902
-9837
-3301
1810
-550
7093
13542
5231
10314
14278
14984
16348
14927
17127
17957
18490
16364
16568
15985
14318
13051
10918
12608
10016
3339
4442
6106
6372
5664
5399
3009
854
1079
-1261
-134
-1653
-6529
-4646
-4291
-6664
-7342
-9147
-8230
-9596
-9882
-11313
-11238
-12000
-13617
-12173
-13109
-12511
-6682
-5549
-4386
-786
-4688
-102
3454
-429
2115
528
5565
9934
11134
10514
7159
9444
11597
13087
11839
8788
7897
12640
11619
11827
6605
10964
9528
8109
6761
7163
6412
7615
-8216
-1880
-1260
-5365
-1590
-1655
-3006
-2903
-2330
-5114
-6248
-9529
-11822
-6647
-5477
-3958
-9298
-6570
-1805
-2394
-4385
-6738
4880
841
-2363
1955
2112
5421
5299
4414
-1230
2798
2824
-1567
-419
1163
269
545
-3210
-365
-1160
1327
-247
2223
1825
5239
2089
6655
6865
5629
5747
5315
4939
6174
-87
1188
3326
32
-2536
-2360
-5790
-8225
-3160
-4665
-3209
-4521
-263
-2625
416
8244
-2107
2432
10544
5674
6787
8709
10640
8667
6983
6325
4494
3863
4594
2321
1334
-328
-1434
-2528
-4157
-3220
-3643
-4477
-5148
-9081
-8878
-5994
-7008
-8488
-8569
-4451
-3435
-3787
285
59
124
1524
1062
1943
2822
3507
2128
2381
1582
3430
3627
5863
4979
9737
10712
8387
3462
4846
19974
10338
10868
14303
12974
14223
11705
11304
9052
8390
5364
5841
4694
5358
3508
-742
-421
-2306
-2628
-3438
-5039
-3157
-4512
-8475
-9060
-9007
-9530
-11281
-13883
-11749
-13797
-14292
-15635
-14901
-11990
-15340
-9644
-9824
-10598
-7592
-6188
-5259
-3178
527
3301
4599
3264
9432
4975
10351
15482
9511
14623
18199
18652
18373
16766
15316
18279
9257
7192
10150
5477
5968
3190
7997
8327
4965
4646
-131
-2357
-3192
1298
-3995
-3706
-4638
-6140
-8041
-5989
-7437
-10177
-9783
-10029
-12074
-10946
-11648
-12920
-13035
-15380
-13608
-13824
-12805
-14719
-10946
-9741
-14918
-3854
-5935
-8796
1288
6543
4833
5196
11269
12280
15022
15779
15030
15086
15464
14984
12495
12633
12158
11834
12402
10942
9474
11596
6161
2447
5925
5720
6091
3450
562
1713
2552
495
1122
-674
-2602
-2380
-4409
-3302
-4021
-4758
-6675
-7821
-7817
-8159
-8732
-7014
-6958
-11897
-4985
-3307
-7589
-7000
-3249
-4401
-1204
1608
-2150
1871
2008
-1960
-623
-1578
3047
3970
6008
5779
7141
7552
7327
10407
10792
11404
9443
10698
10524
8470
8408
8566
6427
4826
1717
6522
4766
-2496
2873
1868
2047
919
-882
-938
-125
-1690
-2035
-7220
-6237
-2834
-8213
-1496
-2531
-2195
-4641
-3740
6329
-618
769
1677
-879
1776
762
795
-1052
-978
-2114
-4182
-4819
-7161
-6934
-2479
-4104
-6128
-7570
-4473
-3
2207
-1184
1990
1095
1393
4931
3185
4302
3421
3337
2861
1494
7328
5458
7075
4655
6889
366
3422
2317
-2314
1699
-4646
1679
2596
1203
4777
3836
2593
7632
9377
9488
10056
5328
8378
7740
7082
6210
6363
4458
4278
3481
1777
1903
-842
-2727
-2519
-3245
-4690
-6341
-8523
-7120
-8132
-8079
-7046
-5500
-6206
-7320
-8258
-4275
-2126
-3574
-3819
-3024
-1414
-445
2469
2938
3620
3347
1709
-1024
3304
2564
-960
6397
9862
9628
6706
14795
7702
8235
14353
12027
14247
10921
8076
6463
6465
6179
5527
3150
192
2137
220
3666
-2770
1335
2111
-2968
-4550
-6548
-6559
-7047
-8955
-10194
-10966
-11034
-8437
-8827
-8032
-8442
-9459
-10451
-8738
-5927
-11265
-12940
-10974
-7317
-7481
-1271
-2377
61
2471
2848
8883
7886
9356
12655
12750
13795
18255
17556
16927
15184
12170
15291
13054
14735
6025
4780
5523
4996
7302
3993
4363
2303
2107
3458
2658
4349
2321
-925
-1344
-1294
-389
-786
-2082
-4120
-4030
-4436
-5190
-5764
-7233
-7490
-8005
-5957
-11769
-13616
-11293
-12103
-11389
-13383
-10438
-7575
-5037
-5863
-4802
1793
5407
7433
11679
11364
10812
12199
14441
16268
15510
17619
15527
15314
15218
13083
9255
9996
10086
9705
8116
6803
2121
1293
5733
2306
3261
-432
3018
3087
1453
-3198
-1252
-2874
-3015
-2253
-2180
-2135
-2762
-9208
-10663
-6697
-11456
-11335
-11360
-8991
-8792
-8240
-5697
-8334
-7989
-7528
-4439
-1488
-2509
-3870
-1557
-1437
-1645
-483
-1232
69
1291
7488
7726
8758
10947
10012
9720
11386
9347
11526
11738
8377
9157
9008
10444
10494
10052
7791
7292
8228
1515
3236
4708
3802
4011
-304
-1343
-3789
-3766
-8060
-7032
-7254
-8784
-6351
-5183
-1817
202
-2866
-2093
3318
3474
1963
3514
2898
1741
973
2118
2617
1617
1018
-767
-1730
-2058
-3594
-4998
3
-2421
-3286
-3502
-3819
155
428
1417
831
2032
3238
3655
5523
5498
4062
4470
3745
4977
6121
6344
1057
-2026
2205
-2996
-741
-5666
-5486
-5352
-2720
-680
2219
3470
-1917
3129
6794
6720
5254
3764
3763
6139
1864
3550
2067
1238
501
-1033
-2594
-1739
-2238
-4212
-5464
-6598
-4914
-7667
-8388
-8256
-9646
-6523
-8929
-7962
-5093
-7789
-5477
-6643
-4771
-877
-1093
1051
3345
-1476
-806
4370
3013
3358
3337
2890
1664
808
877
-1099
6939
9934
4363
9444
13238
11390
5975
10317
12287
7995
8732
6091
8929
8746
6268
4595
7277
8523
5932
5388
-619
3549
2333
307
-906
-3096
-4149
-7235
-6367
-10011
-6773
-7663
-8814
-10242
-10873
-9444
-8991
-8465
-15929
-15103
-11240
-11972
-10173
-12480
-9465
-5828
-4539
-1494
-1466
-721
6518
6927
8010
14459
11129
12955
15064
16045
17537
15873
15999
13112
15207
15435
14304
15162
4102
3615
6151
5096
7627
3466
2786
2624
2025
3016
751
-1666
-403
-946
-1740
-1409
-4032
-7445
-2358
-2714
-2049
-7871
-10230
-12096
-11964
-12095
-12161
-14011
-14967
-13308
-13501
-11837
-16867
-13477
-3145
-4228
-3814
-4518
2343
7851
7361
10938
7877
9593
10912
11805
13988
14487
15347
11516
11655
11891
12021
12091
11716
12088
11076
9151
7620
9212
1017
1019
4020
1756
4431
659
-247
1488
1571
2334
-6212
-1877
-608
-8113
-7222
-4493
-5950
-7592
-7593
-8060
-7945
-10533
-7761
-4133
-2708
-6476
-6461
-698
-2098
-121
-635
529
-1697
-4217
158
1080
-515
-1516
2626
4016
4931
4200
5220
3530
4412
9964
5503
8445
8488
8131
9160
10284
10462
11826
9577
8324
7796
7762
8415
5998
-2200
-1960
1507
-787
1334
69
-4744
-3475
-4032
-5557
-2437
-3434
-3054
618
3333
-2283
923
6916
2446
1158
991
2975
2916
3433
2570
799
2950
2017
-328
-5173
-7074
-4488
-8385
-9487
-5842
-6135
-8035
-9712
-4940
762
1546
2071
4164
4208
5903
7987
8013
9462
4005
2655
6890
6305
5997
6149
4252
3530
2829
2645
-131
1962
-1161
-4204
94
5083
2352
-1416
2711
5448
7032
7330
6659
8182
8660
3479
3042
3835
-230
4707
4740
1602
2356
672
-248
-1508
-715
-361
-3732
-3780
-8528
-7668
-9312
-6894
-6774
-14080
-7984
-3618
-2375
-12013
-14407
-4758
-6895
-2598
-2014
-2819
-4787
-4445
-580
170
662
1777
2954
1209
2927
7802
6793
6718
8622
12033
12282
13284
16277
7672
6662
10136
10413
10741
10077
5147
5166
7830
5988
6118
4169
3428
2618
1401
938
-671
-1263
-3233
-4765
-4379
-5834
-1781
-6833
-6963
-13185
-12003
-9077
-12142
-9705
-11320
-12186
-14418
-15761
-11243
-12886
-13241
-13268
-10810
-4139
-3596
1774
3405
3845
5615
8212
10955
6768
10739
12435
13217
11979
12440
11726
11190
12488
11794
14496
8329
8413
3932
3013
6011
5205
5576
3972
5098
4037
5084
3656
2447
1581
3122
2408
-4066
-3551
-1371
-2836
-4122
-4691
-7832
-11368
-10313
-10083
-9290
-10513
-11271
-11246
-11896
-9983
-11260
-8623
-5099
-10262
-5882
-738
541
862
-2639
2216
7395
8485
9818
11899
9497
9970
11683
8209
10140
13700
13940
12912
12268
12579
12169
12654
10742
10880
10409
11716
3978
-1462
2727
-2333
-3039
1453
-1725
-242
-3787
-3462
-2839
-2597
-904
-4543
-6257
-6217
-8013
-9094
-9277
-9942
-7983
-6140
-2959
-6464
-4155
-1422
-1045
-274
-2301
-364
-975
-3053
-3224
-4203
-2178
-149
-5423
-6097
-5297
-450
2900
4172
5252
6900
8459
7236
8354
7234
7819
6850
11836
13484
6737
6803
10481
10175
9885
7670
1309
5249
2597
-2662
575
-1761
-1169
-3804
-6647
-6612
-6749
-5240
-6205
-425
-3247
-3420
-575
-234
2911
-1067
3163
2739
-1997
420
-210
1278
4337
-3679
-2998
-5590
-6460
-7319
-7277
-3820
-3266
-9321
-9434
-5010
-7125
-4529
-5142
-4420
-40
219
4190
5562
5429
3526
2737
3135
3091
6315
7225
6391
4096
4809
3038
-550
-1928
1609
3701
-14
-2057
-724
-31
-1086
3987
8442
6537
6290
7250
3040
3756
5963
6691
4296
2388
4332
4963
4943
3900
1535
127
577
779
-471
-2863
-2826
-2896
-4338
-2844
-5596
-10028
-6575
-4396
-7263
-7424
-4961
-4654
-5207
-7301
-3946
-2767
-2515
802
-3007
-4011
-2425
-1618
-793
-853
1004
1666
4626
7100
6223
6177
9867
12689
8299
11229
6424
6882
8116
3042
8777
6169
7086
4362
4725
6567
5207
4920
3785
5035
3180
1950
1047
1538
2115
-1214
-3629
-471
-2752
-3958
-4108
-4600
-4668
-6840
-8409
-10306
-12013
-11861
-12168
-13726
-15842
-17147
-15120
-11935
-13455
-15009
-10031
-6550
-2349
-5170
-997
7571
7518
11986
7684
5937
11722
15869
8102
10051
14682
15058
14691
13079
11984
12730
13482
12697
12127
579
79
8423
6622
9613
5073
-4348
1319
2149
1741
499
2085
2027
65
-543
-3238
-4339
-6539
-8278
-9290
-9309
-8302
-10482
-11364
-10231
-11195
-11421
-10600
-10741
-7017
-7434
-7929
-3591
-7412
-1232
-3549
-6892
1234
1664
6353
8060
9086
10611
10771
11519
12067
11882
13121
12349
12672
14084
12428
13777
14773
12303
6306
6825
8620
8885
8658
1593
-1055
2171
-149
4154
2959
2238
2730
1236
-497
-3002
-3113
-3282
-5115
-6056
-7296
-6898
-6924
-6282
-1933
-6190
-3477
-5021
-4739
-3316
-2260
-1389
-6151
-5025
-4905
-4833
-5247
-6407
-7639
-3954
-656
-3456
-2625
2734
3612
5368
5968
8057
9210
4831
9144
10880
11808
9882
10197
11062
10202
10454
8249
8581
7761
6461
6064
3535
2104
1002
-5077
-3090
-3844
-5296
-4328
-5106
-7587
-4993
-1461
-4700
-888
-38
-1889
-1021
-272
-1887
852
2615
-595
-1483
-2767
1832
1640
306
-5870
-5801
-4055
-3846
-3735
-3320
-1647
-5192
-9967
-4957
-1416
-3758
-2226
671
895
3993
4828
3870
5260
8163
7023
4559
4912
5308
5300
5814
5719
4185
2513
1074
281
641
-1806
-1797
4362
839
651
7040
7036
2420
695
1795
4885
7558
4871
3728
1470
1974
3827
3045
2149
1494
824
271
-306
365
-5398
-5613
-979
-99
-425
-2480
-1571
-3760
-2826
-5700
-4784
-7255
-8568
-10534
-10538
-6432
-14111
-10386
-7383
-6867
-3279
-3089
-3673
-3649
-2461
-2299
-392
3054
3742
1167
4457
7108
7798
4738
10723
13490
10978
9440
10610
12099
6880
2697
5418
6490
8888
7865
7471
7856
7761
-334
923
5593
1242
2009
-955
1903
2467
-893
-990
-4290
-2513
-818
-2174
-3048
-5884
-7618
-8991
-10534
-11693
-12704
-13546
-15343
-16771
-17863
-12092
-10855
-17262
-10708
-6518
-8775
-346
3079
3284
1668
7465
4633
11335
14343
6519
8435
14070
14562
14205
14430
15942
14541
15945
11884
6264
11539
8686
4833
8089
5358
7588
5906
5042
4997
4252
2785
4829
3483
2206
1502
-587
-230
-3098
-5290
-7264
-9227
-10815
-10603
-11527
-16008
-15903
-14890
-18558
-13076
-13685
-12891
-8612
-8842
-10398
-12004
-6557
-7570
-2182
-3769
-1696
-897
1924
2634
5568
9845
10270
13869
14077
10648
13768
15875
13314
15801
14452
13448
11084
9986
9103
8230
8553
9387
9772
1373
2810
2871
3995
4695
670
-952
-4584
-4409
-6586
-8323
-9250
-8620
-7414
-9983
-8160
-5126
-7408
-4151
-3023
-3744
-4270
-5179
-1933
-3845
-3348
-3545
-4739
169
380
-69
67
-2064
-4724
-2735
-7710
-5576
-1880
676
865
2459
6639
9580
8627
8271
6686
7450
9899
8986
8992
10579
9240
9163
8256
8431
5025
3503
3196
2359
-1278
-12860
-6486
-8414
-7856
-6374
-12058
-3221
-2668
-1840
1358
2269
4788
2399
3318
2550
3088
5027
2728
4729
3384
5310
2108
3187
1538
-1327
2252
-1386
-1272
-2682
-2906
-2794
-3936
-4679
-7330
-9276
-1531
-728
-1082
-1759
-1902
-4430
-1926
587
4094
4702
2679
2873
-232
-127
-2832
-2951
-2743
-2694
-765
-1278
2328
4053
1045
2245
10469
4904
3883
6480
4285
4123
7345
10123
8202
10041
8329
7600
9273
4878
1738
7255
4873
4463
4079
1388
47
-1175
4174
2794
1328
-5128
-3462
-3426
-4204
-7930
-9579
-11334
-12874
-13311
-13354
-13309
-13433
-9040
-17938
-16116
-12708
-14922
-11629
-8381
-9807
-5529
-750
2106
-382
2381
7321
7882
10625
9448
7995
8631
16760
11068
12636
15149
18450
14968
3974
8315
10757
9530
10103
9636
6874
5482
7980
8015
4780
2259
3906
4520
2602
1434
300
-1017
-204
-2481
-4458
-8629
-10767
-12684
-10331
-10707
-12319
-12849
-16394
-22060
-18485
-17288
-14872
-15699
-12544
-10681
-11754
-7288
-7306
2152
1655
5691
3793
7901
12737
13299
16268
15988
19999
11145
14378
18135
16370
15889
12950
13477
11390
13477
12370
14554
7663
6334
9425
4394
4819
2527
5064
-1099
-1333
-2837
-5456
-1041
-2321
-8322
-6077
-7421
-7638
-10626
-11721
-13462
-15001
-17724
-16317
-15141
-13429
-13063
-12388
-9998
-7210
-7489
-6689
-7606
-5232
-3641
-1171
2734
3827
4462
252
7256
9588
10284
13269
12405
13146
13313
13514
13834
13949
11837
15522
15003
13747
12022
9851
9473
7462
8249
5222
5944
-869
-6481
-760
-4626
-5366
-6518
-11509
-9234
-10577
-9208
-8820
-11641
-10054
-10484
-6033
-6402
-9010
-1966
-1936
-491
3710
-22
1431
5017
5026
5730
3542
-4060
-1563
607
-1714
451
-544
-268
167
2754
3242
1436
1185
5124
3744
3442
5801
6941
7907
4523
5514
6336
6271
7790
6302
5381
4820
1546
635
-3495
-3452
-7438
-7889
-5966
-6872
-10401
-10771
-6754
-2621
-2675
-3052
2914
2053
3451
4461
3779
8643
10275
10990
9824
401
5866
8041
4892
5085
3510
4699
3803
3515
505
507
-771
-788
-876
-4561
-6891
-7775
-9054
-10396
-9133
-8825
-10416
-11703
-8241
-4959
-5225
-3754
-5771
-10137
-6890
-6596
-7504
-6522
-7170
-6353
-4982
-4654
-853
3714
2442
6230
6308
8159
9344
9749
11573
3083
14918
16720
7559
14312
10078
8820
9888
7561
8851
8122
9304
9049
7834
6684
6603
4557
2221
2225
-350
-1205
-2260
-3299
-3812
-5207
-6920
-9309
-9142
-12630
-11640
-13075
-16865
-17677
-20299
-15094
-16662
-18150
-17979
-14752
-12558
-11894
-4226
-3860
-368
4114
4410
6972
9230
10428
9199
16895
14950
9592
20803
18786
18700
19467
19917
16827
19557
13750
9113
13918
10275
9616
8914
6217
5219
5290
6175
3866
1408
-124
-2523
-3782
-6039
-5772
-6662
-7919
-8191
-11003
-11677
-14665
-13546
-14210
-17436
-17126
-17551
-17484
-15237
-13317
-10103
-10566
-12860
-4993
1486
-1397
735
3841
3440
5123
3787
8690
16094
10449
12380
11930
13355
15419
13546
12669
18825
12575
17560
11546
10618
14699
13111
7377
8520
9446
3517
4312
4203
1917
2271
-1360
-1228
-2337
-7919
-10427
-11704
-8778
-12284
-14193
-15687
-13542
-13230
-13550
-11009
-9528
-4267
-5223
-6496
351
1617
726
-1446
1008
-948
-3685
2033
166
3571
2881
4236
6587
4029
6626
7147
4692
7318
11191
8959
8988
8092
8564
10215
9336
12294
10671
8928
7578
5707
5986
2618
3262
-2068
-2392
-4675
-4712
-7525
-13458
-7658
-11454
-11208
-12687
-11751
-9417
-11094
-8399
-2620
-5619
-1174
3853
2634
4680
7675
2349
-910
10137
8633
8990
6822
7057
4598
3463
2621
1365
1943
2016
1969
588
-1015
-2660
-3256
-2311
-3167
-6115
-3008
-8157
-3030
-718
-2218
-1420
-916
4
-964
-247
-3830
-1870
-4423
-6632
-6449
-5679
-2418
-2479
-1844
-51
-1803
2966
1685
-4196
4844
6008
12493
14105
7629
7509
13602
14953
13520
15672
15016
12739
12544
7260
5858
3310
4098
4836
4152
3731
2002
2043
1575
-342
-2334
-4200
-6206
-7872
-8407
-9414
-11632
-11803
-15077
-14072
-13327
-17214
-11444
-11830
-13381
-9857
-7605
-6109
-5885
-5217
-3417
260
-137
5471
4125
2685
10961
12202
16293
10010
9403
17304
16347
19449
21223
12457
8323
12929
11023
12727
12014
9881
10507
7705
7106
5866
5119
3313
623
3821
-3281
-4631
-5769
-6976
-7682
-9426
-9488
-11694
-10631
-10199
-17398
-15077
-17599
-17932
-16978
-19554
-20308
-22386
-20615
-18438
-11103
-14204
-10775
-1484
-3523
917
8050
9768
6774
10532
12957
13398
17125
16330
16850
18136
18494
18632
17395
17491
18928
17654
17054
14637
15411
12704
4852
9456
9827
6789
5226
2675
2414
2113
697
-786
-7442
-7715
-8441
-12777
-9649
-12176
-11038
-12587
-10433
-10736
-18706
-16212
-16558
-17119
-12279
-12848
-8926
-3158
-10920
-3495
2416
-3009
-542
-1971
845
4702
6436
5045
4804
8137
7694
13610
11490
11578
10428
10889
12689
12507
14971
14289
14916
12609
11998
10096
5739
5637
5858
5387
3299
1586
-6017
-11682
-7479
-6297
-9335
-5212
-5240
-6290
-11865
-9712
-10471
-11749
-9928
-11846
-4224
-9612
-5245
-1237
-3201
-1915
-3493
4354
4564
614
-673
4973
7477
6763
6027
750
427
1623
2546
1517
969
2339
972
-1273
1175
3997
3922
2163
4664
3694
5979
5694
3578
4551
515
3380
-519
581
720
-4380
-3259
-2521
-2973
-3156
-1686
-842
-1559
-6273
-4756
-1488
-2866
2041
4972
7041
2559
1844
12340
9945
9859
10014
8633
11969
11865
11356
11172
10790
9488
7106
6828
5708
3022
2239
653
-1086
-2755
-5076
-7236
-6637
-8890
-11558
-14206
-9161
-6107
-10324
-9432
-9786
-8311
-4899
-4616
-1905
-8448
-6233
-4893
-3111
-2481
-789
-3844
-1976
-103
2531
5050
4719
15523
6602
5554
11635
16091
8445
7315
13769
9294
18169
14582
14509
13072
11742
13666
11426
10546
9430
6554
5332
5735
3723
3434
1223
-1499
-3616
-4555
-5391
-4398
-9044
-10410
-9727
-11033
-11324
-13464
-12597
-16939
-16278
-15585
-17621
-14406
-14629
-16237
-17906
-11835
-8828
-7473
-4603
1120
6983
5086
5924
12270
14641
16466
16947
17015
15641
20910
16585
15737
17161
17004
14077
17151
16626
10428
10900
11001
9671
10832
7310
170
2850
2860
2972
751
-1287
-2654
-3488
-3675
-6541
-3684
-9072
-10170
-9347
-8863
-8685
-9876
-8583
-12478
-11313
-13519
-14396
-13244
-12844
-11469
-8269
-9242
-10366
-5389
-5222
-3782
1980
5428
6841
9495
10983
13507
10470
15300
18453
19614
19026
17669
16063
15649
16238
9966
10997
12507
6228
5129
5630
4243
3215
2001
-8832
-2686
-1437
-864
1639
-4534
-2617
-3748
-3246
-3441
-5057
-6549
-8578
-8948
-9840
-8116
-7889
-6302
-7873
-3188
-4721
-9548
-2009
-1154
-3081
-705
3756
926
1917
-210
-536
1402
2383
2953
3776
4788
-1414
451
7266
6718
5360
7825
6622
7618
4954
4486
3605
4140
2249
5273
7356
2052
3550
3890
-1101
567
2961
2869
-3515
749
-3010
-5095
-3522
-6548
-5107
-825
-5627
-5120
-1585
-5183
-8085
1312
6243
4197
2403
8257
10543
10505
4805
3568
5371
2037
4241
5148
4592
4014
2461
2092
2139
273
-1409
-6517
-9969
-6331
-7402
-5703
-5685
-7950
-8524
-11072
-5942
-2081
697
-81
219
934
-759
789
421
1493
459
2055
2681
2494
2427
2333
3165
5455
-801
-2994
2241
2433
5555
122
2729
11355
10620
11019
8061
11399
8491
7073
7796
8688
8060
6991
6617
4986
2300
487
270
533
-1804
-2816
-4844
-4905
-7322
-9379
-8658
-11132
-11501
-13033
-13515
-16099
-15670
-15092
-13775
-12187
-14417
-11653
-5568
-3663
-6584
-5098
-3160
-2826
-712
-5992
497
2391
1044
11281
13435
10201
12502
14022
16714
14981
13050
13575
15097
9752
8302
8439
13435
15184
8535
7919
4606
2132
2398
2698
4312
2652
1598
-495
-2424
-933
-4071
-2221
-2874
-5450
-6537
-6056
-5935
-8141
-5912
-9480
-8539
-7920
-9324
-8957
-10224
-10110
-10345
-10098
-14210
-9879
-6417
-7837
-3010
1932
2152
5392
8991
11372
16523
12153
15488
17046
17110
17048
15162
17973
17530
17356
15777
13805
11679
11825
10030
10732
2131
-1119
4683
4341
4032
549
3460
-267
-651
-1393
-4355
-4975
-7295
-6402
-7757
-3065
-3529
-2775
-7622
-7159
-5281
-3610
-6553
-12372
-7489
-8481
-10601
-8129
-9177
-5317
-6452
-4110
-3054
-4264
-3287
-2286
715
-2378
-706
3535
3741
5597
9269
9880
8496
8093
7780
8539
10836
9569
10498
7476
8859
7490
7085
10545
1159
5650
3910
6233
4988
-502
2317
-176
2103
-582
-393
-1385
-611
-273
1162
-3001
-8749
-3060
-4302
-3925
-3267
-5837
-4979
3365
-1200
885
5162
5245
5105
6154
3848
863
-1206
-2716
-3243
-5371
-5605
-1031
-4243
-5177
-7832
-5592
-7173
-5423
-5131
-3459
-3086
721
2907
217
1716
507
4234
6880
6277
6212
7172
6941
7285
7169
8276
8319
5735
5366
-2232
-1181
-1651
-2055
-1032
-797
1459
168
2832
3536
1959
6857
7948
9719
11816
7929
6356
6452
1893
4579
2235
1837
2163
-840
-3232
-4079
-3678
-3047
-6324
-10061
-8252
-12001
-8314
-9264
-13491
-12865
-13433
-7054
-6121
-6465
-7088
-5694
-3643
-206
1384
913
2704
2412
6572
1429
3083
6771
2873
4301
4370
4317
3592
3931
7382
8765
5076
10851
11517
12922
10969
10209
12643
11098
12211
8268
9442
6575
6377
3621
3129
3434
1467
3756
478
-1194
-5426
-4263
-5747
-3580
-4710
-4628
-3996
-6706
-5037
-7551
-6597
-11350
-11366
-11151
-6600
-7251
-7093
-6302
-11677
-8209
-7414
-8381
-11457
-8214
-3711
-1878
592
2281
8078
4474
4852
13282
12901
13886
14652
12888
13541
15281
16117
15144
12897
13450
13438
9041
7071
7893
5777
5287
5343
3828
5609
2842
1126
1794
2888
2979
2795
1277
-1735
642
-926
426
-3595
-5511
-6024
-6045
-2480
-9717
-5836
-5437
-8197
-7793
-13583
-14611
-13325
-13517
-15549
-10440
-7198
-6374
-2464
-111
2822
6279
-315
4183
8141
10283
10665
6987
9797
9563
9612
5773
11573
9933
9619
8927
6724
7360
4534
6089
3973
4109
-642
1382
4003
2737
5211
2005
2392
474
1071
1322
2795
-165
-7123
-2239
-3957
-6295
-6777
-8315
-8773
-9435
-8207
-7459
-9424
-5000
-6160
-7333
-2951
-5415
-2624
-5242
-4413
-4197
-3050
-3203
-6367
-3836
-2845
-2833
-2776
-2933
-2253
1591
2861
2546
1944
3128
2425
2542
6139
9661
7277
6636
7071
10024
10548
8329
8843
8496
8801
10687
9423
-2311
3027
1746
-823
1479
-772
-185
-4702
-1840
-3655
-3467
-3662
-1674
597
-1597
2127
1082
1518
1107
-1297
4026
2675
2277
1288
15
-1874
-429
-1082
-3003
-2213
-5210
-6022
-3988
-5196
-12666
-9982
-7716
-8584
-4837
-7749
-2340
-1256
-463
4571
4646
7874
7220
6115
5339
1688
7743
7850
5677
4078
4583
4074
3338
3998
-563
2251
-1448
-1348
9668
4819
5585
8198
9106
7554
6463
8287
9060
10114
7238
5588
5734
6126
4486
1180
1188
87
3236
1701
-4807
-2840
-2310
-1430
-3282
-3686
-4359
-5358
-3665
-4667
-4645
-7566
-7488
-8020
-4709
-7062
-13071
-5645
-4217
-1858
-460
-2378
-1760
-2878
-484
684
1888
1311
3851
6888
5430
7981
8673
10444
10854
9955
8951
7280
15616
12356
3448
5574
5928
8177
5897
1930
-543
1087
7274
4328
4947
-1581
-1664
-2787
-3118
-2642
-3568
-3145
-4063
-2912
-3060
-3213
-6142
-460
-9460
-14081
-3574
-11824
-12411
-12413
-12940
-12341
-12974
-14240
-13284
-13126
-13215
-12250
-8180
-861
-2603
-1043
6077
8473
7217
10816
7888
7959
11514
10789
11010
9155
11485
7137
6606
8731
8152
9490
5560
9080
5032
2387
6228
2106
5394
6044
7175
5351
3734
3561
814
1717
4823
1458
-4927
-1295
-1677
-3430
-5458
-7537
-8996
-11098
-11392
-12146
-12783
-13250
-10109
-11892
-8558
-9620
-14349
-4669
-6605
-6613
-5504
-7109
-5385
-4442
-578
-3331
-35
3068
5014
7834
5279
6846
11904
10738
11381
11261
9914
12270
12349
10691
12188
10635
12059
11831
12452
7482
7181
6752
-2074
-3252
2748
1889
1627
-847
-2151
-941
-1700
-3096
-6277
-7930
-8677
-5815
-5049
-5172
-2431
-4748
-2740
2420
3244
2987
-1538
-1402
-51
1137
2336
618
-2547
-4481
-2718
-6063
-3456
-4715
-4649
-3613
-1609
-1758
-2396
1489
780
4566
5510
5357
7951
7932
8880
7494
8455
10678
5386
5818
6205
5291
5832
4531
5535
4506
3252
1079
-6162
-5506
-468
-1573
-772
-2912
2133
-143
5219
148
1685
696
2593
3486
1711
263
340
2755
298
-1181
-4097
-3477
-2084
-1856
-3168
-5412
-2600
-3258
-3766
-10438
-8980
-7827
-8905
-7003
-7070
-3388
-3159
-2703
-4630
-8328
-1189
-3768
-977
2548
2596
3217
2781
4232
3095
2633
1964
1496
813
434
53
4976
3893
3967
10522
10673
14759
6539
4302
11630
9109
10498
7193
5312
4221
7165
6503
2395
2983
1642
2777
2968
1596
1608
1345
-59
-1098
-2704
-3619
-4501
-3055
-5224
-407
-4384
-9282
-4298
-7972
-8110
-8796
-7503
-10363
-12212
-10594
-11971
-13874
-13013
-12379
-10211
-3800
-4471
-2033
3152
-1929
6119
10215
12350
15811
8202
12349
7169
11870
13026
10197
13228
10961
14392
7153
11718
2209
5593
8357
6213
6597
2834
5687
2664
6201
6660
4144
4155
3286
5547
-714
-891
2018
-1611
-376
-2487
-2700
-4511
-6624
-9707
-12399
-13283
-16554
-17094
-18865
-18531
-17232
-15973
-12353
-10768
-15064
-6715
-1401
-2927
-1602
-2906
-3
1186
8575
9769
11325
12004
8100
8524
5662
8709
10919
11366
10601
11527
11244
10948
11773
11676
12446
9607
11269
4784
4754
3064
7
6366
2704
4141
2453
1540
739
-2217
-2881
-5255
-7736
-10529
-12575
-7369
-8565
-11433
-12174
-13597
-7179
-6725
-7765
-3923
-4647
-5073
-4958
-9144
-6438
-6056
-4738
-1318
-2923
-1758
-4514
248
-2863
275
-1382
2960
2828
3670
4524
5982
6182
10888
12419
12268
8468
10695
6427
5071
9993
6303
5520
7738
6004
5508
3801
2422
-5675
-6977
-2421
-3811
-4003
-4453
-7177
-6472
-4779
-2865
1097
-4592
-451
1056
-2243
7567
3276
2307
3139
-1064
-1367
-1358
5042
1842
823
-99
-4074
-3620
-4178
-3396
-5398
-3872
-2970
-2453
-4346
-3732
-2580
-2503
420
-4273
75
4222
2729
1417
2981
4561
2001
3343
3477
5050
4095
4356
4871
1268
2521
947
768
1876
78
2212
7371
1060
1412
9996
4434
7510
9824
5976
9170
6680
4260
9831
9754
5851
6073
2898
3545
4938
4123
3675
2501
1584
2114
3047
1408
1362
1132
1425
-4628
-5642
-2561
-6546
-7584
-6580
-8299
-9185
-8358
-7685
-8683
-9239
-6573
-4368
-5128
-5115
-3821
-1406
122
360
2329
7020
5873
5455
11949
12543
14061
13519
12214
11242
11759
12104
11721
13445
3910
4348
8473
6231
6564
10491
8763
8852
9345
8403
7364
5926
5654
5844
6852
895
-336
2330
387
-207
-667
-3386
-4043
-4279
-7754
-7654
-8964
-9053
-10475
-12813
-12795
-12623
-14023
-13559
-14175
-11223
-9007
-6472
-5977
-5462
2064
5787
8470
5809
10016
7443
9781
13239
12943
17155
14021
14405
13930
10936
12678
11856
10820
8169
15737
8221
12737
8947
4020
9090
-750
828
4073
-10
-629
3065
3197
-2197
-2004
-4987
-5349
-5444
-4721
-5713
-7720
-10149
-13341
-12588
-11533
-11321
-9912
-12052
-7463
-3528
-7251
-6179
-2542
-830
-3562
-4052
-4392
-4211
-465
-3693
-2198
-821
-2296
8543
8761
9638
10320
5833
8417
8115
9429
8981
7220
9413
14090
7902
6813
10364
8352
10186
8813
5676
6030
8395
825
-1912
2132
941
1108
-2825
-1750
-3468
-5261
-4169
-6143
-4087
-5822
-5000
-1065
-1855
-4110
931
2890
2692
3691
-4783
-2143
782
-1495
1177
-1949
-2996
-1616
-2229
-4392
-4645
-5327
-6894
-4725
-415
12
-4541
-2790
-1966
-5002
-1352
2785
1423
7428
4380
6305
7267
7589
7603
6681
6431
4731
4328
3860
2233
1678
443
1234
869
1378
1853
-5143
-2613
1897
-325
1359
6442
5767
7013
5425
1911
6906
5607
4832
4471
8388
7812
6132
5165
6082
5845
4067
3574
-1713
-251
-912
-1583
-1494
-9350
-10130
-7928
-9345
-8457
-10195
-10508
-8458
-6779
-7175
-6390
-3951
-3865
-3290
-1525
-960
-2667
-1318
-2273
-488
25
-1461
1039
-695
4552
4853
5932
10789
10879
12777
11087
6234
7448
8734
4788
5255
9395
4623
7993
8496
7393
8566
8492
9437
7380
5032
3496
1655
7880
-591
-4416
-572
-3071
-4678
-4221
-3135
-2000
-1422
-5023
-7232
-7423
-6731
-9773
-12460
-15036
-14894
-16782
-16119
-14245
-13616
-14199
-13631
-10019
-10373
-3733
-1050
-633
3443
7419
8533
9366
8773
9208
13799
14155
16925
15158
14153
14374
15690
17180
15740
14486
12466
13877
8018
9823
12899
2674
1807
5055
4835
5138
3712
2795
4472
3525
956
-244
-781
-3191
-4924
-8076
-9975
-10182
-11912
-11730
-11757
-14706
-13932
-14279
-12579
-15674
-15636
-8900
-14995
-7081
-5861
-6813
-1475
-1726
-701
1364
2676
2298
6690
9623
9067
11630
12238
12272
13353
14522
14784
15073
16449
16516
4263
7686
10622
7847
8614
6227
8165
8360
6718
2195
2534
4022
-2045
1143
-2124
-2521
-5455
-4093
-2786
-3887
-3735
-6892
-10453
-11317
-9882
-12181
-6911
-3727
-9215
-5210
-1611
-725
2547
1015
-2350
-1550
685
-274
584
143
-756
-1490
-2200
-748
-40
338
-48
1131
2046
-2553
3073
7047
5940
6901
6134
6785
5793
5883
9678
9395
8837
9745
8181
7272
6787
411
-368
-1473
-1724
-174
-7162
-9240
-4673
-6494
-4691
-2192
-983
-5450
-4364
-1118
2702
5354
3311
3832
3590
5555
4307
5320
6094
5227
3984
2354
3704
956
-851
-2829
-2079
-3724
-8143
-3614
-2927
-4211
-4309
-4710
-3276
-3953
-2878
-4372
-8088
-4275
-462
1431
466
-826
3104
2760
3168
3098
2439
822
1265
2976
1747
-557
-1557
1016
353
-1906
5894
10222
9382
4700
5435
8914
8552
11178
7952
6622
7407
6968
7338
7627
6320
5271
4754
6153
3645
-5004
-1574
663
-811
988
-2022
-4010
-1961
-1426
-4010
-2462
-4495
-6883
-7072
-11196
-10083
-10586
-13133
-12810
-13989
-13414
-11865
-14797
-12554
-10060
-10746
-6969
-4354
901
-1188
1318
8126
4863
7739
9620
9486
8653
9115
11123
10215
11874
12498
12851
12409
11579
8387
4376
8633
8930
3510
8873
7975
7746
2719
2674
1731
4917
4371
4037
-2996
-4081
-2049
-4029
-5754
-8181
-9308
-9382
-10355
-11374
-12437
-15125
-16783
-16036
-14577
-15265
-16159
-16141
-15594
-14382
-15053
-4265
-3845
-6170
-4964
-4413
2251
2085
8045
8046
9573
10838
9452
13484
12954
14635
11168
18315
15157
3339
10188
8569
9618
9011
7168
11793
11684
8237
4368
8076
6622
7012
-2050
-937
213
-2031
-1982
-3605
-4036
-4551
-5316
-5161
-7443
-8480
-9320
-10099
-9160
-11444
-8337
-9391
-9270
-2303
-6159
-3667
-1602
-2387
-2094
-2794
1285
-941
-829
-4147
-258
1580
2817
2100
2200
4675
-477
5965
4442
4479
6001
5207
7158
9278
12562
11083
8144
9111
9841
8817
6848
3858
3656
4128
1938
3119
-1322
-7282
-5232
-6430
-5816
-5445
-6408
-7986
-7756
-9347
-3691
-4395
-4201
-977
-5280
-386
1630
105
-736
1680
3062
1906
-241
919
708
1222
2043
1631
-4335
-9972
-4502
-3845
-5414
-6996
-6654
-4569
-1513
7
-3364
-1115
1727
2689
2843
1126
4319
4767
3951
4303
5872
5306
2353
2604
1913
1862
68
52
-2382
-1572
-2165
-1331
4153
299
3071
4692
4101
3227
7489
5744
4542
10158
5746
6567
3880
4311
8606
8101
10495
2804
2623
2366
606
932
-224
-1436
-2161
-2931
-2736
-3866
-6330
-7273
-3602
-6549
-7882
-8064
-9874
-10550
-8321
-7101
-10692
-9702
-9174
-7192
-7721
-7648
-6592
-6719
-5525
-3059
-3908
1808
3928
1834
7986
7532
7623
8660
8550
11098
13953
13081
13950
15762
12047
9796
11436
13939
9498
4368
5784
5163
4211
4281
4529
5155
4018
2658
1224
1836
2048
1983
2122
400
-746
-2730
-4938
-4913
-5882
-6044
-7693
-10745
-11275
-11940
-13795
-14293
-14824
-15632
-14507
-15473
-10029
-5524
-9749
-5583
102
1001
4002
6737
7384
8315
13033
14022
14198
14651
15735
17969
17083
12282
12669
15488
13517
12094
12404
9776
13908
12264
6793
8673
7019
8479
7791
6667
2517
942
-171
-545
-879
-3562
-5308
-3223
-4832
-10696
-10462
-13245
-13622
-15026
-15880
-13831
-13615
-10172
-8827
-10475
-12455
-6242
-8904
-5689
-2454
-1952
-2392
-3816
-2012
-120
3451
1391
5793
8079
4686
6649
11375
9925
11780
14571
12682
14184
9807
10219
11539
10278
8619
10414
7121
7051
6450
6024
6156
6566
5224
-3177
623
573
-2033
-2237
-3887
-5468
-7967
-7562
-9119
-6809
-7432
-7793
-4270
-7158
-5768
-4841
-5368
-3912
-1173
-63
267
2354
-631
1732
2192
2703
2401
-4992
-2111
697
-634
1728
-1669
-1565
1064
-44
1790
1565
190
2790
4225
5088
4777
4125
4930
5418
6489
7873
6478
5231
5940
4176
4421
1817
1416
-1463
-3087
-3542
-3962
-3343
-13381
-3945
-1797
-6414
6581
3412
5614
723
1527
4893
4050
10619
8987
9045
9689
10561
4410
4215
8024
5096
6451
4719
4494
3046
1716
2436
465
-158
-5625
-3106
-3614
-4426
-4889
-5229
-7170
-5397
-4205
-10729
-11011
-5824
-3271
-3905
-2702
-2954
-2472
-4104
-4061
-4626
-2485
-2748
-171
7330
2326
6090
8117
9156
12062
10045
12537
9527
12391
7773
4998
14284
8696
5155
7927
12407
10640
11643
9534
7708
7557
5995
5196
4800
2183
3497
2154
988
258
-431
-231
-1581
-2900
-3908
-5736
-8610
-9229
-12218
-13250
-14292
-15803
-18506
-16718
-18272
-18161
-15454
-17965
-17994
-13232
-5419
-6437
-1105
2940
3942
8569
7884
9964
12600
14462
13271
14817
17207
10958
11798
15597
15399
15365
16179
14630
15794
11657
7738
12592
9841
9440
8479
6629
5039
3444
3523
3779
2646
1314
504
-510
-3461
-5297
-5640
-7218
-8293
-10533
-13070
-16755
-16353
-18735
-17149
-12714
-12917
-8331
-11295
-8659
-5614
-4019
-4157
-5248
-3305
537
4079
2613
6124
6670
-257
6793
10917
9101
13689
14257
13967
15135
16970
15498
15026
14649
9813
11121
10656
9689
6116
6623
7739
6874
5559
-1954
205
-716
-1479
-2018
-5727
-5374
-9600
-9761
-11109
-11345
-12377
-13547
-12433
-13459
-5110
-4045
-5618
-4751
-6425
-1179
2160
1858
3519
3118
4812
4108
-471
-2508
-1127
4686
-1570
-207
-3412
-2899
-141
-1068
-3991
-1722
1180
3306
5663
5681
7441
8441
9157
9521
8674
8901
8698
7845
7252
5721
6032
4755
4647
-59
-450
-2204
-5260
-106
-9067
-7512
-3600
-4813
1598
-1983
-64
3883
2810
5753
6691
6693
8768
8653
9878
7333
2557
8300
8555
6283
6540
3641
1569
4385
3469
1435
370
-2671
-1511
-1743
-4210
-6483
-8883
-9706
-8847
-8454
-3813
-8755
-11372
-4839
-4419
-3424
-2137
-1891
-5037
-4204
-6434
-3669
-1848
-4262
-3753
-2210
-3330
-455
3690
-2654
5408
8985
9920
13027
12423
9842
4632
12248
13332
5924
8846
9936
10145
11459
12371
9896
7595
7403
5765
5553
3568
5458
4074
1051
802
0
-1145
-2365
-2346
-4304
-5847
-5609
-7003
-11681
-14275
-13993
-16582
-17989
-19395
-21496
-17894
-17312
-19984
-16358
-13544
-7999
-12089
-6319
-3884
-5344
2972
4825
6892
8877
11456
12801
18174
20555
10342
17086
17277
17007
16780
14744
14733
15706
15079
7508
8557
6879
12107
11416
8207
5942
3494
5348
3331
5236
3432
28
-1483
-3690
-4219
-4993
-6478
-7567
-11275
-9839
-12716
-14600
-12627
-16601
-16672
-18650
-18518
-17672
-15628
-13173
-13998
-10938
-11589
-3024
3099
2145
-3177
453
6045
4737
10694
12888
12927
13068
16217
15228
13332
14123
11310
10968
13281
13846
14133
14704
14298
12443
10433
10214
8936
7503
4437
-411
2170
-395
-2438
-129
-2564
-2883
-3837
-7210
-6442
-6422
-10242
-11490
-11922
-13196
-11966
-11642
-8590
-4214
-6602
-3085
852
-570
2651
-1364
1532
-372
-6505
-2329
-774
-1024
-465
-431
-1628
5413
3560
1930
1487
2142
6855
4585
5346
5045
4309
5754
6019
6802
6986
4404
5534
6960
7613
6285
5137
1257
156
-2737
-4587
-4481
-5809
-6747
-13440
-6860
-7127
-10733
-8199
-7827
-2675
298
-1000
3443
1819
2158
4447
4452
8956
2983
7300
9093
7045
9421
8179
9332
5705
3660
3548
626
-432
-1609
-4421
-3187
-4690
-6251
-8801
-10049
-7687
-4168
-2873
-8400
-7596
607
-1255
-5168
-4257
-5400
-5056
-6495
-5840
-6757
-1742
-1285
-6419
-6712
-6409
-4277
-2595
2400
4820
4121
7879
8581
10742
6745
6494
12573
8836
14563
8450
7920
9941
12082
12729
13395
12391
7448
6229
5041
7320
6005
2951
2479
-499
-1706
-2023
-3198
-4287
-7008
-9290
-9924
-9822
-11034
-9845
-13104
-14341
-15764
-17444
-14506
-15423
-15850
-18086
-16366
-14016
-13940
-11215
-8687
-7626
-2267
-1417
5376
10011
11171
14749
16681
18812
13017
11644
17110
16460
18630
15676
14817
13063
15737
12221
6004
9704
12961
11737
7734
6094
5113
4111
3188
1675
1280
662
-216
-1139
-1993
-3139
-4565
-6056
-7439
-10248
-12530
-11511
-13198
-13757
-15179
-15922
-17617
-17027
-16179
-14271
-12942
-13463
-7447
-11688
-4425
1573
225
3029
1998
4010
5681
13641
12508
13961
13772
13617
18598
16453
14956
13781
15018
16305
14833
11924
14769
14028
9554
9322
9645
8827
7053
103
282
1897
-1523
-1112
-3936
-6009
-6308
-6582
-7607
-7094
-8633
-11082
-13176
-14505
-14234
-13481
-12964
-10879
-9519
-5680
-2415
-7300
-1002
657
-1478
97
-864
804
5643
5471
4835
-944
-1326
1219
2791
954
863
5100
4941
2255
6313
4936
5105
7635
10138
7004
7030
7110
6637
6375
8947
5511
6480
4797
4117
1024
-2234
-2319
-3672
-1852
-6839
-7004
-7795
-6712
-5213
-7952
-6690
-7358
-5771
2366
108
-129
8775
8032
5788
6008
6601
8216
10104
7716
7882
7539
8939
8913
4662
4230
5813
3753
2815
956
-680
61
-2353
-3178
-6239
-7532
-6578
-6522
-5868
-2489
-413
-1363
-1544
-2240
321
-6157
-1961
-4410
-5934
-1587
-2852
-5420
-1097
-2113
-702
-1730
113
2963
4652
9387
1755
9839
8116
4216
7205
11910
11437
7722
10223
14394
9404
13589
13169
11031
11918
8299
5870
3319
7441
856
437
-2274
1928
243
-1199
-2509
-8578
-7737
-10275
-11571
-7967
-10930
-10814
-12905
-15849
-13778
-18188
-17163
-15115
-17653
-16223
-9169
-11558
-10925
-9737
-8406
-3794
-1479
2830
5141
5647
10389
9509
8830
18482
18301
15953
14929
15419
16862
17067
16590
14832
11422
12286
14241
10290
11834
10737
9820
8626
9440
7395
3009
2455
-199
-247
-1889
-2915
-5234
-7754
-7442
-9640
-11959
-11196
-13362
-14550
-14609
-15309
-15834
-17640
-16459
-17582
-17662
-17354
-16651
-15684
-9820
-8058
-5371
-3878
-5247
479
7854
11293
11216
10149
15426
13698
15818
18582
19161
19293
20958
18967
17904
17002
15108
15122
11672
11331
8880
7205
6202
3927
164
1360
1263
1329
-497
-2071
-5794
-7588
-4790
-9952
-10079
-11824
-13213
-7930
-9949
-9814
-9649
-10195
-9552
-9516
-8088
-6331
-6459
-4829
-5425
-8169
-3212
-504
147
-1694
-1001
-1837
-593
4128
5919
8430
-528
3681
6572
7223
6167
7826
7685
8545
9399
7651
6260
4378
6212
6348
6876
6643
4763
4200
5059
2830
3329
268
-1773
-3488
-6583
-5526
-4419
-3251
-5402
-5113
-4734
-3582
-9187
-6900
-3750
-5317
1655
6363
-2329
1088
5347
7263
8795
6758
5710
6703
7468
5050
7152
8207
5834
4544
5197
3295
1264
-23
-1546
-1539
-3573
-2690
-1605
-5632
-7362
-3816
1127
-2214
1106
235
-2509
645
-2629
474
-1597
-1841
-2990
-2473
-2040
-2530
-954
-1413
-1891
525
149
90
1741
2951
7057
-3048
3119
9445
10502
12402
7406
10188
10659
10438
6600
6329
9504
8891
7480
6938
5138
3118
2125
1173
828
-1108
-4731
-5453
-4108
-5342
-7374
-8096
-8986
-11064
-13035
-13114
-12791
-15495
-14574
-11370
-12670
-11982
-11217
-8243
-6255
-5507
-5119
-4638
-658
-143
617
2902
6401
10478
8283
8077
15067
14245
14994
18964
15408
16153
17312
17441
17581
17250
14257
13366
10559
9475
9779
4487
5805
2938
7883
6531
3818
3966
1684
-517
-446
-3178
-4247
-5642
-8238
-11590
-13541
-13498
-13259
-13479
-12855
-12377
-12285
-17451
-15554
-14805
-13063
-11566
-12966
-17311
-12285
-6644
-6136
-7317
-5273
-707
4384
6652
8880
12912
14831
16585
9952
13559
15469
17304
16174
16299
15208
14566
15070
13366
11807
8031
7381
5984
6040
5000
-3665
-1889
562
-44
-783
-2134
-921
-5415
-7124
-8633
-9457
-10505
-9764
-4941
-10234
-7108
-13624
-11942
-8258
-8409
-8247
-8093
-6574
-8323
-12088
-2001
-2074
-3632
1834
-97
4192
-2155
1198
3429
5090
4715
3631
5830
9494
13035
10729
12548
10848
10979
11105
11748
10493
10453
9710
9582
8941
7752
6252
2723
5625
3655
3235
3562
2183
981
576
-4514
-3717
-2394
-6622
-6284
-5657
-4664
-5928
-2951
-2749
-1486
-933
-8370
-1046
5405
-3191
5575
6227
5885
6027
484
5346
4878
6080
4676
3940
3329
4127
2505
919
1393
-1616
-4256
-5443
-1804
-1397
-4612
-3585
-5430
-5832
-2828
-1916
165
508
704
1938
1817
1830
3819
1923
1659
796
202
1341
838
885
1841
2122
1405
1377
1019
-1925
-7545
2031
7017
2090
6872
6515
8954
10712
8563
9710
10433
8921
9249
10940
10051
8660
6369
4515
2783
2721
807
-667
-1296
-3706
-3991
-5981
-8833
-10528
-10313
-10626
-11855
-10100
-12977
-12236
-10087
-12563
-13394
-10621
-9109
-5972
-3307
-3862
-3085
-1404
-1177
-191
1944
-2223
-2798
2108
9056
9815
6224
12686
13419
12404
16519
12656
14830
15647
15541
8613
6971
10908
11423
13698
10160
9939
8187
5003
5675
4485
3956
628
-2335
-3170
-3432
-3395
-4298
-5957
-5485
-8669
-8744
-6988
-7028
-7248
-7979
-9050
-8985
-10500
-11613
-10304
-11376
-9217
-9906
-5976
-11993
-13541
-3301
-5152
2307
1477
3928
7738
8174
8823
10121
18787
20227
19058
13112
