-6362
-7655
-11341
-12457
-15949
-12754
-12638
-10755
-9694
-8210
-1677
-1244
1813
-3420
9355
11297
9628
14685
14176
15518
14158
16320
12603
13272
12858
14206
13030
12497
14494
11240
7453
5904
9869
5629
7782
3871
3687
3691
2312
3070
2089
1967
2947
2008
-1609
-1545
-2680
-2717
-2338
-4562
-1438
-1730
-6504
-8852
-9639
-10576
-12366
-13723
-13422
-13655
-12987
-12801
-12867
-12861
-10530
-5048
-11327
-2459
806
-4817
1302
3207
5586
4541
6276
6135
5474
5890
5480
7102
-804
2085
6354
5761
6684
5784
5862
4535
3652
3811
3574
4134
5076
4436
2794
-939
-1378
-179
-698
-756
2051
1106
-966
-2829
-4464
-8228
-9305
-8954
-10916
-11185
-13126
-14317
-13312
-14267
-11781
-12220
-7894
-4407
-6924
1269
1179
-150
3717
5181
6657
7562
10809
10495
12084
10940
10394
12996
11457
13485
16692
16077
14149
14775
13588
11456
8695
7844
8577
5629
8454
7341
7495
3725
3903
3278
5081
4519
3668
4398
1834
11
-1058
-3400
-7187
-9840
-10562
-11432
-13235
-13066
-15110
-14188
-12665
-11294
-9604
-7073
-5212
-13794
-6108
-2274
-4949
-917
-2658
1384
2433
2811
5035
4356
3141
3149
2796
3516
6311
7588
7477
7355
6797
6698
7720
6061
4831
5368
5822
5111
5993
5279
3326
4484
2315
1697
3439
2044
1531
-1
-989
-2547
-6751
-7190
-7546
-9220
-9397
-10653
-10839
-11411
-12288
-11077
-12512
-7768
-12615
-15200
-3141
-7225
-1016
1777
1464
6024
5096
8347
8223
11082
12035
11305
10761
9801
15045
16589
13636
14592
14532
15007
13431
10848
8893
12974
13654
11381
11368
6274
6104
5535
3985
4269
3418
2571
5778
3795
3613
2520
-4933
-6064
-7059
-8163
-10914
-12425
-9265
-9731
-14585
-13817
-14149
-14932
-10030
-14780
-12522
-5158
-7612
-5227
-3894
-3856
-2575
-1380
-336
-645
921
5714
2563
4344
2346
3307
4583
7142
6878
5011
5741
5695
8525
10805
8371
7837
6873
3757
3130
3388
2117
-119
751
-137
-96
827
1217
1340
-2090
-3337
-4445
-6192
-7197
-7946
-9116
-10698
-11744
-11666
-13439
-12084
-7541
-16104
-11061
-8008
-10121
-4644
-5537
-4867
-3125
1825
3957
4310
3930
6028
8991
10222
10689
11940
12729
12981
16724
16059
18195
17655
15493
17896
17389
14703
10415
10665
12002
11744
10578
9231
9113
8178
6341
5428
5122
3804
2768
646
-682
-2281
-4500
-5606
-7034
-6894
-8730
-11404
-10636
-10898
-10312
-7146
-13823
-9489
-4563
-7881
-6125
-6048
-646
-2587
-1566
330
-1459
2207
1049
1366
3476
3981
3078
2821
6218
4902
3320
7070
6999
10198
9975
4028
5921
4454
4241
4934
1234
290
925
1276
1044
-1782
-1564
-2395
-4491
-5064
-6023
-6077
-7719
-8086
-9286
-10403
-8720
-11377
-9091
-8720
-7585
-6655
-12280
-6775
-9861
-6663
-2201
-4623
-4921
-2934
-4333
-5608
-605
861
5029
3484
5283
6739
8012
10799
11679
12879
12705
13057
12811
14604
15177
15040
14488
12089
11636
11548
8727
8541
9822
9516
8974
6852
7629
6310
4213
2795
1321
579
-926
-4205
-6141
-8378
-8485
-8479
-10765
-10947
-10547
-5149
-7196
-7517
-5147
-4244
-2877
-4259
-3632
-4006
-3392
-2631
-2532
-2610
-1862
855
949
1732
-1927
-347
5004
7099
7118
1243
682
1703
8875
8448
7206
7496
5467
5642
5399
4433
4026
4103
3243
2428
2502
1580
62
-2887
-2099
-3811
-7592
-9169
-12217
-9698
-12606
-10701
-11323
-11565
-9909
-8579
-9362
-9839
1991
-1937
-2785
530
-2696
37
-1820
-681
-1631
-2859
-4270
-1618
-606
-1272
4454
4089
5211
8408
9870
9497
9917
13373
12918
13843
15854
14680
14791
15116
15111
13751
12667
12032
10909
10393
8838
8923
6414
3682
3948
3162
700
-2045
-1917
-3522
-4109
-4793
-4927
-6916
-10529
-5788
1663
-4171
-8615
1542
-2188
-2395
-661
-3094
2904
446
1841
-4938
-2749
-1052
-4073
-2289
-931
490
-1491
-657
253
-2873
-471
1178
1740
929
217
5441
5157
4118
276
1199
1624
2174
1799
242
-907
-2437
-2955
-213
-2285
-4070
-5004
-5164
-4726
-5646
-6659
-6201
-14855
-8096
-6756
-7492
3338
-6318
243
7043
1860
5468
3025
2792
-631
-1551
1554
556
510
-2340
-6235
-7635
-6040
-5008
-6487
-3670
1677
-574
2601
2778
2401
4496
5416
9878
11754
11376
10588
8741
8570
9336
10830
10502
9878
7653
9804
7518
5178
-245
750
-2624
284
325
-8390
-5059
-1173
-3681
-2466
-789
1814
3050
-1901
4292
6055
2363
3918
1912
1018
2015
4081
3193
3347
1558
2191
1758
716
1701
562
-377
-2038
-1396
1311
831
-934
-78
143
-358
-42
1345
329
649
2227
1521
1067
793
883
209
-410
-1867
-1951
-849
-1686
-3989
-7578
-4209
-3138
-6061
-4192
-4546
-2860
-1280
5121
-2714
-145
10787
2101
6581
3156
2906
6427
3946
5608
4190
4732
2424
433
-1510
-2386
-1606
-2674
-3346
-5128
-6847
-6401
-5180
-3889
-822
1343
-98
1156
-39
5044
5969
6343
7649
6167
7450
8116
7618
6051
8141
7030
6119
2988
425
7310
3683
1414
2466
1293
2315
-556
1738
1182
9036
5131
4821
9336
1458
8113
5568
3791
4010
6670
7003
6487
6106
714
-228
-56
22
-2451
-551
-812
-1163
-2709
-5625
-4648
-5824
-5255
-5501
-8921
-3722
-5337
-4099
-1734
-630
-1489
-1678
-2414
-1159
611
-2627
-4543
-9529
-5916
-5445
-6480
-3483
-6833
-7603
-6562
-1364
-855
1324
1806
6962
-2169
5781
9327
3466
10296
7078
7668
6824
7947
4863
3780
3043
1452
403
-914
570
-92
-2738
-2304
-5041
-5706
-6083
-8192
-8417
-8648
-8897
-7539
-5487
-5772
-4507
2
1272
691
2416
3808
4406
5701
3234
2613
5401
4346
5749
4650
5715
4940
3566
7348
1677
1576
3772
5162
6076
4433
1190
13061
10221
7449
8918
6379
9097
6686
6559
5209
5915
4778
3134
2672
2214
2841
1571
1291
932
-540
-2447
-6690
-7539
-7151
-9460
-8557
-7668
-8530
-10689
-5537
-9335
-8490
-5582
-5408
-5660
-2921
-3088
-2964
-2851
-4229
-4947
-4859
-5316
-4292
-4412
-4071
-3113
-1954
-84
-701
3090
-3340
2489
9063
4409
9843
9257
9340
10067
8032
8447
7302
7582
7167
5148
4649
2012
2402
1319
-182
843
-564
-3549
-4496
-6947
-8915
-10494
-12508
-13264
-11761
-10567
-12275
-8438
-4939
-7326
-5970
-3090
-434
1668
1852
3304
3029
3554
2875
4594
5385
6216
5823
6168
6096
3742
6430
10046
12601
3848
13235
15699
10203
15485
12644
14333
11791
12098
11199
11248
11414
9963
7524
5399
5661
4059
2745
2161
1167
-1492
-2802
-4820
-6194
-6698
-9675
-9494
-8333
-11079
-9984
-11803
-7934
-8427
-6808
-5635
-6845
-5202
-5802
-4778
-3382
-2479
-2546
-2208
-1811
279
-1778
-2016
568
1993
-2463
6868
-2741
2146
13799
2399
9189
6340
8959
9052
6285
9353
7376
6574
5787
4440
2463
2584
2029
5415
2459
1575
409
-1419
-1022
-558
-2542
-4108
-8797
-11041
-9259
-8698
-11541
-12373
-15826
-12195
-9723
-13916
-3604
-2288
-5017
312
-1849
186
3527
4561
4862
2075
3459
5884
6543
9493
7870
11505
12876
9098
18858
14512
14618
16837
13297
16296
13816
14688
12422
13573
12290
10362
9918
6470
8569
7142
4786
3066
-1070
-3536
-3749
-3420
-3280
-4601
-6366
-5282
-7394
-7132
-8009
-9791
-6751
-9342
-9158
-8105
-10354
-10504
-10094
-10563
-10306
-10861
-4127
-5820
-6071
-2894
-5680
-5912
255
-4398
-984
3554
476
10899
9755
8556
10812
6947
8196
6805
6148
6100
6161
6763
6708
6135
7011
4834
5855
4039
3708
2542
-2115
-3995
-3566
-375
-1765
-4733
-3788
-5238
-6882
-8905
-9495
-8510
-10057
-10479
-13095
-12857
-11441
-12248
-12599
-13083
-11222
-1433
-5386
-7383
-1592
350
2615
3659
6217
6794
9395
16644
10434
13277
21634
15787
19380
18770
17975
19701
12646
13508
11549
11846
12189
11503
9938
6968
5957
4039
4868
4215
2328
1530
521
622
1132
125
-1947
-4855
-5368
-3348
-5149
-6292
-7002
-5660
-7946
-9732
-9141
-5756
-5661
-7205
-8369
-10851
-8777
-9059
-8887
-7892
-5968
-9140
-6896
-5466
-1061
2564
-2153
9974
8404
7394
12454
8615
9229
8834
8640
7807
6912
6891
7997
6872
6185
3744
4454
4607
4237
2890
240
690
812
1449
886
-1095
-5507
-2062
-531
-3346
-2688
-3073
-3210
-3843
-3387
-5731
-6448
-5797
-8276
-11606
-12839
-11307
-10258
-10527
-11517
-8112
-7070
-8941
-4914
272
396
7573
3566
9191
13116
10251
16507
15144
17993
18062
15626
16722
15458
15654
11627
10031
11772
10651
9429
8506
6560
7060
3172
5905
5148
3475
3889
2492
5105
1173
1176
333
-1044
-338
-90
-1501
-3475
-3779
-3554
-5988
-7251
-6627
-8054
-9071
-9819
-9429
-11694
-12060
-13122
-12387
-6686
-7251
-293
-2817
-4012
8784
6459
6801
8307
5851
4484
4089
4865
4854
5455
6740
4872
3291
3852
1145
3840
4095
5855
-463
-553
1263
2526
-3020
201
6512
-189
1987
1757
-972
-434
-1492
-1933
-1878
-682
-1053
-9208
-8360
-4365
-7278
-6484
-8594
-9645
-10418
-11401
-11790
-11701
-11047
-9522
-7959
-6637
-369
-514
4935
8223
9860
9551
7875
14780
15601
15728
13105
13554
14735
14231
12590
11987
10365
10349
10283
9312
6792
6918
2973
1627
6446
3780
4490
4617
2248
1810
1254
4209
3171
-2131
3481
-1734
-3893
-3995
-4158
-4061
-7264
-2897
-5946
-7734
-11714
-13459
-13035
-12017
-12168
-9366
-8890
-2474
-5505
-6750
4940
-2663
1696
3559
2549
6408
4364
7225
5782
4692
6695
5570
3132
4854
3683
3915
4411
5180
6239
-234
1328
5316
2070
3216
4144
4261
3455
4290
2771
1876
1852
4157
-1857
-2455
3460
494
1242
-724
-1509
-3400
-7484
-7066
-9090
-12632
-12853
-12469
-11897
-13081
-12917
-7879
-8960
-12660
-2141
-2320
-4315
1628
3314
8085
9475
9816
7351
7726
7758
9812
11595
10555
11814
11001
15596
9453
10524
11315
8143
11085
8908
9381
10193
11990
9672
8976
8303
8482
2833
596
5536
5370
2980
4371
-1374
-2483
-1817
-3134
-6887
-8401
-10159
-10893
-10736
-10503
-10991
-11819
-9531
-6369
-13837
-4657
-2333
-6350
-5497
-5079
-2457
-3462
-374
1554
1503
1259
3206
4194
3071
3463
4445
5571
1250
4040
8221
2353
5865
6555
4172
6456
4101
6474
4829
5305
-1040
-5317
-460
-1677
3830
3877
2275
1744
2024
2200
-3986
-5251
-8602
-10132
-9366
-8564
-9250
-9746
-10592
-11208
-11459
-6610
-10865
-8385
-2208
-7194
-3037
-5032
-3028
677
-580
1345
1742
5772
6691
7296
7174
7578
11088
9668
15610
17512
14733
15109
13866
15432
14595
13664
10624
11953
12431
4870
4383
7639
4987
5697
6531
7746
7347
5323
5798
5283
3401
1635
153
-4077
-4873
-5125
-5919
-6868
-6844
-6536
-4651
-3459
-7834
-2134
-406
-2897
-234
-2599
-2274
-2393
-4637
-2183
-1951
-1629
-1978
-1413
-676
-1198
-18
4521
4261
4371
6659
2426
4734
6709
5377
6456
8725
2384
649
5293
1938
5445
5523
3463
2889
4241
2717
1616
2007
945
-200
-90
-1165
-3503
-6058
-5633
-4746
-6488
-5473
-9893
-10388
-5704
-9255
-12356
-4999
-4944
-4104
-3506
-12156
-8598
-7419
-7476
-7801
-5134
-2656
-3064
-4337
2053
5484
4649
6216
6882
8509
11832
11493
9805
16149
16617
14151
13039
15383
11977
12505
12675
12212
9726
9343
9539
7625
4123
6288
5341
4155
-1615
-1376
-3965
-4700
-6592
-5705
-4501
-3657
-5032
-3138
1984
-8228
1402
1353
-3677
393
-4267
-2400
-4109
-3233
-4854
-3307
-5958
-8702
-4787
-2592
-2373
-2220
-451
-272
3352
3330
253
1335
4231
505
1625
4994
4525
4480
3085
3614
1638
3231
2030
-1060
362
-188
-598
-276
-2056
-3735
-2767
-4440
-5518
-6325
-7609
-5203
-4171
-5997
-5086
-6021
-2224
-5226
-11427
-898
-7039
-7203
-3845
-8630
-5597
-4162
-4229
-8907
-7600
-5323
-3535
-5448
-3057
-2277
152
1887
509
7078
5522
7222
6323
6722
8490
9508
11365
15304
16935
15674
16299
15752
9990
9997
7801
8180
6558
4884
4485
2933
2062
-388
1294
878
-2080
-1015
-1528
-4398
-3587
-4381
507
-9343
-1155
2395
-2805
2966
-2456
-767
1737
-969
-4552
-52
-11
-2657
-2995
-5059
-4995
-5086
-4341
-4440
-3630
-3242
-2673
-1164
1024
2780
3816
2828
4294
6658
6038
5116
6237
5707
4473
4195
2473
2694
2980
2293
1287
-457
-755
-1683
-3519
-3993
-5408
-4985
-5110
-4844
-3996
-3463
326
-9078
-7054
1647
-3504
-3025
314
631
258
-6408
-1722
2263
-5553
-5266
-4493
-5278
-3381
-4066
-3576
-2527
-4472
-5956
-5135
916
959
4965
5755
6129
8024
8472
11621
12315
13651
13674
13934
13631
12167
11440
11279
11566
9846
6416
4385
1419
-1181
2165
515
895
391
-2936
-2579
1223
1906
-4879
3386
2666
-572
1964
-748
-2403
-694
3775
-331
-1030
-207
31
-468
-2319
-4466
-6311
-5485
-5465
-1493
-2336
-2955
-1447
-906
-1532
-4301
-2217
-947
-1067
-4
2085
165
9
180
-731
504
558
965
1528
1966
-1349
-3345
-3373
-3948
-6767
-7753
-8224
-6270
-4639
-4681
-4513
-1224
-3760
-7500
3021
414
-157
1160
-484
1361
-378
1496
176
1311
1728
1461
2210
948
-570
-2244
-3884
-4254
-4363
-4628
-4036
-3080
-3701
-4030
242
-553
1130
4528
7401
8314
8360
10489
9115
9843
9956
9788
10808
11050
9945
8049
7469
5217
3136
1432
1340
-599
-199
-397
3230
3153
-4748
6683
7082
2639
7300
6677
8141
6234
6124
5917
4253
6329
6013
5491
4701
3279
2186
965
74
-855
-3629
-1529
-1167
-1747
-2371
-3516
-3813
-3854
-3877
-7752
-3853
-3661
-3743
-1853
-3288
-4823
-3656
-4863
-4268
-3175
-3880
-4711
-4710
-5521
-6038
-6628
-10118
-8390
-7113
-8466
-5770
888
-5558
-4537
5034
3041
6633
5412
6116
6167
5526
6838
4030
6024
5863
6265
5542
3831
3770
2715
1269
-33
-2651
-2601
-1681
-3323
-4539
-5463
-5314
-4929
-6111
-5916
-1282
-2316
-2578
4224
2414
99
1378
3697
3868
4423
6447
5198
4851
5274
862
2855
5132
3495
5502
-2075
2664
4969
1004
13941
9992
9949
12170
10409
13604
11646
11504
12979
11339
7250
7123
4754
5596
6131
6478
4898
3266
890
-452
-800
-960
-1735
-3106
-4111
-5011
-4856
-5293
-4167
-3519
-5318
-6280
-5031
-6728
-5882
-5962
-5581
-3013
-3658
-1913
-2376
-3498
-5582
-5405
-5159
-7323
-7039
-5462
-5509
-3955
3699
-1909
1627
9273
3479
8382
6874
7465
10318
9041
7221
6153
4648
6622
8681
8538
8014
3417
3588
2935
520
-1262
-1087
-159
-1556
-2614
-4971
-8503
-10704
-11977
-7750
-4825
-10348
-9950
-6243
-7263
-2864
-3783
-2857
-55
-370
-431
-878
-84
1002
1392
-536
-1204
591
3657
1430
10321
8180
5638
17091
12595
12819
11234
11863
13678
13095
15649
15295
13575
9896
11474
12182
11399
9045
7565
5793
7725
5747
3129
2072
121
-601
-1032
-2026
-7905
-5416
-10488
-10504
-9603
-8516
-10199
-9663
-10863
-12814
-11097
-12654
-12237
-7757
-9118
-7582
-7412
-5971
-5056
-7325
-6778
-9797
-7173
-5927
-1417
4446
98
4286
11240
6588
10390
10046
10760
11507
9097
8540
6966
8390
8176
7998
7192
5492
4036
4238
4409
3676
1379
-2323
1856
1809
1039
-435
-3343
-4777
-6369
-7600
-8383
-7779
-9729
-9617
-11191
-10854
-9968
-11032
-7850
-11369
-10382
-5096
-3559
-3029
-750
-726
516
1600
5750
6630
13614
11495
9883
21175
17709
19065
19430
17618
20217
16288
14891
17066
17856
15734
15016
14208
13627
13129
11398
10154
9797
8631
6119
4739
3365
3489
1785
-284
-1636
-4283
-4673
-6146
-7097
-5931
-8562
-10551
-10503
-10683
-11659
-12327
-12383
-13329
-12815
-14408
-15448
-13455
-12567
-13104
-10280
-9116
-8808
-5829
-3122
994
-3169
3709
9531
5706
11379
6747
5609
9631
7535
9864
8887
8725
8650
7735
8529
7230
7761
5339
4918
6738
5827
4737
2124
852
2740
1103
-204
-1767
-4480
-4166
-6479
-5729
-7561
-11213
-11045
-16217
-17956
-16899
-17297
-15677
-18138
-14823
-11171
-10928
-10665
-6672
-5572
-3004
-357
1779
7567
4096
7601
16612
11770
20564
20495
17601
20538
19187
19486
20198
16493
16834
14590
13880
15953
13331
13115
9817
9330
7549
6093
3684
2532
2406
2325
649
-2215
-3001
-3222
-3783
-7708
-8651
-7518
-9405
-13684
-9686
-11245
-12264
-12303
-13286
-15024
-14441
-14426
-15421
-17227
-11569
-7719
-9323
-5268
-4392
-1850
4582
-1571
4659
7527
4432
9916
9479
9595
9632
10552
10236
13084
13778
12799
11428
10586
10095
9181
7758
5871
4977
5696
4243
2250
2581
2874
780
316
-390
-4477
-5573
-4319
-5963
-8745
-6899
-8457
-8591
-10793
-12139
-12259
-18904
-18242
-14159
-14939
-14326
-13274
-11814
-8403
-4851
-3238
-3863
4076
1963
8032
11174
8211
17006
18743
19813
20992
20428
18199
19860
22414
21294
20841
18866
17549
15150
11421
11798
9788
9013
7370
5122
6276
4968
4984
3710
2652
1750
-893
-3331
-4588
-6533
-6329
-6027
-8829
-10903
-10898
-12388
-12908
-12642
-12899
-13197
-14335
-15685
-15000
-15045
-9905
-10403
-9578
-10089
-6549
-4031
-8848
-412
4122
4989
10233
7683
9501
10064
10555
11909
11895
12657
13023
8366
7808
7448
6396
9569
7531
5877
1168
1275
-541
-372
497
671
-853
-1221
-325
-4269
-5214
-2106
-5424
-2692
-5018
-6105
-7596
-8888
-10367
-12202
-12532
-13871
-14436
-16913
-14668
-17118
-15444
-12546
-11406
-8302
-1075
-7054
-3166
8728
3421
8437
9926
11267
14526
15084
17170
17176
18695
19039
18867
19238
19722
19347
17530
17044
13917
11624
11283
8688
8494
6796
6502
5689
3185
2462
-633
-1196
-1730
-4172
-5263
-5393
-6312
-7126
-6258
-8867
-8934
-8605
-10430
-9671
-9019
-11360
-10810
-9832
-9814
-8403
-7460
-12529
-9790
-4323
-11547
-1780
-298
90
6538
6758
9845
8614
10720
10082
11060
11595
9250
9072
8652
7520
7446
6657
6514
4582
2858
2041
816
41
-1276
-847
-4535
-5244
-5489
-4674
-5111
-7894
-6278
-4689
-1944
-3526
-5223
-3926
-7921
-10118
-9154
-10186
-7821
-7013
-8741
-14133
-12891
-14857
-16553
-11425
-4336
-10694
-2563
786
106
7770
6549
7737
8577
9982
11238
12509
13281
15966
14339
19695
20177
19470
19601
13973
13131
12914
12314
9658
7965
4172
2914
4854
4992
5173
3236
2029
-644
-770
-524
-529
-3739
-4313
-4127
-3364
-4250
-5785
-7490
-9016
-7277
-7665
-9999
-10774
-11691
-10773
-7675
-8664
-4150
-4954
-8957
990
-554
428
3595
2711
3878
3985
5803
7093
7833
5865
6353
6255
5590
6014
5864
4318
5228
5411
5866
4619
3342
2201
-305
-357
-3551
-55
93
-5419
-6328
-2711
-5734
-5306
-2617
-795
-1924
-7208
-5353
-7648
-8579
-7884
-7390
-5145
-10000
-12105
-8996
-7545
-11105
-8235
-7097
-15735
-6955
-4266
-5410
-1247
-3567
-1615
4507
3865
3352
5166
6414
8445
12343
14777
10594
12457
14087
12776
12710
12111
10658
10867
9608
7524
11530
9911
7607
2004
1782
1945
1686
-1280
-1419
1173
1497
1466
-242
1459
-2453
-404
-1386
-1740
-3904
-8626
-8798
-7622
-8980
-8665
-8049
-6474
-4304
-3560
-5227
1523
180
1997
3134
1300
2274
1918
17
12
1709
669
1616
3749
5729
7337
6212
6256
4506
4425
2181
2789
2912
2146
2247
1173
927
-955
145
-1073
-3869
-962
-5262
-3506
-3409
-4659
-3600
-3584
-2548
-1295
-1562
-3839
-7897
-4293
-4581
-3558
-3589
-4481
-7366
-5515
-3949
-10889
-2950
-2845
-1390
106
-1427
-2876
-2838
-811
-2255
-942
1584
4714
2857
7901
8908
9902
10133
10086
9507
6791
13890
8659
10320
9831
8930
6407
7262
7375
5564
6485
5980
4086
1167
-13
5292
5293
5421
917
-538
2445
-3153
-3116
-2407
-5819
-2920
-4791
-6347
-4720
-3318
-6029
1949
-3316
-4366
1569
-2400
973
-1114
-414
-972
-1311
-345
1088
-717
169
180
-668
1840
2271
1244
-1080
699
1382
840
-613
-2155
-3222
127
-529
-2597
-1712
2935
1722
1534
1193
429
812
-1676
-1598
-1967
4597
575
-5075
376
-1592
-1139
-1399
-3730
-3973
-3811
-1295
-5137
-2249
-1265
-6169
1256
-160
-2089
1006
-2851
-574
-1823
-1331
-4633
-5072
-4370
-3415
-1893
-3269
1509
-163
-2156
-973
2153
3712
4445
3413
4690
8085
7849
8228
7942
9318
10392
11658
12164
12962
13073
10063
9181
8495
8213
2275
1523
4312
1413
2870
2519
224
-2343
-2657
-2111
-1459
829
-85
3458
1557
-2055
4472
2704
2701
2231
-559
579
-1956
-2908
106
-554
964
207
-3174
-3583
-3773
-4420
-4436
-6731
-6615
-6159
-5241
-3197
-3577
-2914
-707
1387
-160
1252
230
1485
1713
2254
-175
1811
865
-4556
-656
-1196
-810
-170
-3287
-6202
-941
-6685
-6256
-5715
-2531
-5665
-887
2301
-6129
5158
2477
937
5214
985
2998
2472
2905
1063
-1493
-2000
-3324
-5595
-5537
-6448
-6114
-4073
-4641
-4126
-2005
774
1331
3690
3966
5116
5387
4666
6443
6357
8947
9018
9018
13438
11976
6429
6215
9534
8592
9522
8360
4981
4008
1566
-213
-1198
-3405
-4060
-2069
816
2008
4971
-2692
-1863
7402
838
4981
4926
3666
3179
1654
2892
602
-118
-2693
-4041
-5905
-5128
-4147
-4450
-5289
-6305
-4504
-4948
-4606
-2632
-1815
-1185
886
-891
2858
2489
2563
3443
2997
4987
-1711
1575
1940
111
352
-680
2389
708
1073
-958
-3731
-4230
-4809
-6027
-1843
-4025
476
2705
-8725
6713
4490
2783
9261
3296
5793
3756
3839
4055
2381
549
-2691
-6945
-1662
-1732
-4825
-6257
-5177
-5566
-7939
-6987
-9417
-5666
-2535
74
1896
3364
4204
8074
7989
10804
7384
2028
10958
8093
8796
7692
8652
6014
7264
7126
4394
7676
4757
2601
402
1533
2437
-438
167
5290
-1331
2659
8229
2489
7476
5165
4677
2089
2904
2405
2274
2904
698
193
-2237
-3060
-3320
-3036
-4593
-2867
-3061
-2359
-4610
-4355
-2174
-4444
-3356
-2706
-3236
-2181
-1191
-3907
-3240
995
232
-411
-464
-2291
-797
-979
-1771
-2033
7
-4137
591
-2757
-6979
-5805
-2195
-3259
3479
2197
-6194
8830
6110
4672
6275
1294
3010
776
1622
2085
1664
-907
-524
-1489
-5065
-2867
-2356
-4331
-4967
-5029
-8981
-10623
-10088
-5239
-9319
-7427
-5921
-4337
960
-5086
-3004
841
655
4558
5368
7311
8838
9174
8635
7817
6576
7383
8649
9479
6476
5576
3549
575
-294
515
-1080
6390
3598
334
13650
5742
5292
7042
3986
5880
5828
6628
5517
5001
1771
1142
785
-772
-1105
-1357
522
-748
-798
-481
-1562
-1661
-1533
-2323
-1621
-3799
-8059
-5347
-6616
-7248
-6750
-1883
-5703
-3452
-1704
-2449
-1556
-3136
-2371
-1335
-1458
-2219
-3257
-4914
-3999
-4198
-4392
-5468
-2488
231
-8064
1619
4974
557
3142
2062
3716
3898
4722
3546
2777
594
3278
2410
905
-153
3130
3183
2611
2141
-348
-816
-2064
-1472
-2493
-851
-8296
-10159
-5197
-7522
-4925
-8830
-5387
-2368
-1554
-232
192
448
1455
1808
3719
3961
3522
4596
4671
5059
4285
5269
5721
6058
6917
10562
3952
3483
10191
7240
11185
11923
10380
9597
8350
9718
7384
7598
8297
8146
8830
7225
6076
3708
2099
2524
1773
466
-2007
1057
-1765
-4544
-1494
-2475
-2916
-4357
-6576
-8238
-3709
-9684
-8182
-8767
-8482
-7683
-9539
-7720
-8194
-7565
-7003
-7498
-7256
-6852
-5361
-5086
-2064
-4864
2239
810
-3081
8357
3747
5082
7014
5505
5925
3922
2792
3567
3129
1360
6514
3031
4704
4047
3667
3759
5330
4518
4755
2927
619
-4104
-4905
-3310
-7098
-3294
-5041
-6517
-5530
-7147
-9414
-12389
-12401
-10343
-6293
-4394
-4799
-2844
-262
248
1310
1334
1376
319
1393
1739
3653
5431
4890
9478
2639
7988
16287
13180
14433
12496
10929
12228
7566
8169
7102
7182
7053
7857
7901
7596
8060
6091
6817
5498
7092
4594
559
3260
2384
840
861
-1609
-4137
-2747
-5703
-5480
-7074
-8124
-6929
-7552
-7461
-8757
-8883
-10071
-8930
-10615
-10231
-7493
-5863
-7731
-5926
-5934
-5006
-5910
-622
437
-6633
7088
5236
5078
8426
4034
5981
2121
4073
4700
3999
7964
7975
8941
9252
9987
10399
8752
10718
5015
3560
5557
1616
4207
4095
-2474
1653
142
-1378
-5489
-6003
-6597
-8579
-10016
-12261
-13461
-14247
-13522
-13875
-11078
-9520
-8758
-7570
-8632
-6198
-3157
-1687
-1455
-319
-1413
-376
8695
5333
7392
15024
10543
17029
18161
15040
13953
12467
12468
13274
12429
13872
14453
12071
12600
13794
15316
9168
9871
10512
8692
8081
5063
4575
3542
2782
115
255
-2040
-1223
-1962
-4976
-5204
-6780
-12946
-8579
-13383
-13054
-12422
-12679
-13902
-14495
-16568
-18118
-11016
-11099
-10946
-8022
-8246
-2773
-3758
-4361
7453
-279
728
5603
4169
5885
6922
9060
6572
8433
9321
9168
10386
9916
11096
6124
6142
8845
7055
6223
5514
3389
6135
6680
5125
177
-742
-1868
-1507
-2935
-5060
-6453
-8541
-10609
-10250
-11411
-13279
-15265
-14030
-17371
-16374
-17235
-15742
-15329
-13707
-10479
-9551
-5986
-2567
-1695
2973
354
6406
12350
8106
14899
17718
18411
19437
17736
20357
19734
19818
19627
19282
18551
12951
15580
17516
14386
12333
8339
10585
11486
7036
5851
4523
6306
4904
3424
3108
1049
-334
-1800
-3948
-9131
-6084
-8553
-9943
-11839
-11447
-11567
-14943
-14614
-15701
-16215
-16069
-13415
-13114
-12595
-14454
-8146
-10909
-10365
306
-3921
-460
4885
6838
10168
12130
10380
10412
10279
11089
12256
6508
10275
10689
9641
10610
11704
9303
8298
9284
7870
8778
6440
5060
2516
2543
2154
402
-979
-2072
-2304
-3346
-4703
-6245
-7844
-10087
-9777
-11877
-12989
-14088
-16149
-20162
-19954
-17132
-17880
-13189
-13652
-11600
-6941
-2711
-3608
2029
8410
5640
13122
13826
13916
14939
20065
15064
19251
17302
15312
18442
16725
17987
16392
16981
16808
14885
11815
9483
10008
10151
7117
6743
4627
3037
3699
4379
4375
-2490
-2942
-4466
-7432
-6756
-9388
-12258
-12535
-13362
-16077
-16806
-18740
-18841
-13518
-15660
-15836
-13937
-14720
-14735
-5169
-14245
-14563
-1952
-322
-2302
3487
4855
6900
10831
11863
11332
9344
12387
13509
6545
8212
10561
10829
13590
14119
11497
10264
9190
9060
6921
5129
5604
4693
3059
2762
939
1147
1045
-1681
-1161
-4042
-4555
-6134
-7009
-8202
-10566
-14472
-18326
-13979
-18957
-16386
-15428
-18804
-16844
-15542
-14917
-15258
-11664
-12753
-8286
2516
-336
4621
5195
11838
14865
14082
16351
18328
21652
22494
22127
21249
20300
22465
24446
18014
15335
12693
13649
13935
12973
10960
11536
10868
8572
7578
5237
4854
3953
1682
-324
-1070
-1969
-3829
-6201
-7304
-10094
-8998
-9948
-11867
-13842
-15954
-14794
-15777
-15634
-14311
-15312
-10473
-8103
-10773
-1488
-2282
-854
3413
3663
2647
3736
7988
9452
10798
11371
12713
11038
11436
9912
11009
12881
10686
9814
10237
9452
6123
3174
2893
1309
283
1159
-121
-1788
1473
269
-133
-1403
-3488
-4723
-5351
-7540
-7691
-5968
-8653
-10250
-11226
-13429
-18695
-18450
-17074
-17484
-17404
-14070
-15578
-11564
-10226
-9627
-2561
-3296
-169
1674
3169
1895
6757
11008
12157
16211
17934
19253
19797
20802
17507
19524
19532
19225
19616
18819
18799
15404
12915
11495
11856
11060
9279
8943
6581
5403
3876
1963
1212
-3392
-2634
-1996
-6319
-7380
-7277
-8024
-10005
-10087
-11512
-12488
-10130
-12344
-11073
-10388
-6541
-5670
-9616
-1004
-1424
-2377
-280
138
-850
542
1324
5033
8078
4068
6986
8474
9241
9104
8067
7061
8530
8253
5807
5930
9815
8916
7722
6051
5162
837
-86
-229
-2049
-1840
-1336
-4330
-6995
-4315
-3927
-7159
-7977
-10127
-11339
-12086
-13800
-13894
-12776
-14135
-13027
-11573
-11857
-11570
-10364
-5955
-11023
-12024
-6189
-6444
-4700
-1332
-962
479
1227
1942
4484
6205
9029
9591
11811
12995
13015
13300
15140
16481
15140
18955
18638
18898
12097
15999
14918
14251
12203
9994
8847
7265
4289
4820
5172
641
-3127
-3690
-4772
-7346
-8552
-8897
-9377
-10494
-10047
-10979
-10875
-8935
-6618
-6907
-5994
1571
-9077
389
2581
-2920
4762
146
1568
172
3174
2330
2254
5126
4364
4654
4260
5228
3516
4614
5643
4832
4279
4228
4675
2398
2208
1874
1279
4622
3569
3799
560
-4211
-1847
-2648
-2553
-3189
-5110
-5332
-4803
-4616
-6801
-7243
-8126
-7355
-8394
-8327
-8374
-7733
-6710
-6348
-6248
-2493
-2976
-7099
813
-2036
-16
1972
213
834
230
435
-748
869
2550
4576
3371
4160
6063
7816
8224
10730
10699
10633
12333
13870
14233
13473
12164
9817
13536
11111
11129
11531
9986
7714
5027
4692
-1180
-1386
-100
-2693
-3461
-4163
-3111
-2719
-4748
-4060
-5383
-5701
-4766
-5981
-4986
943
-6470
-447
5982
-1969
1773
1663
3133
2712
4188
4170
3500
1926
1657
1856
1547
3597
2227
403
2
1752
465
1421
1317
5096
4992
144
-280
479
-1468
-1376
2313
1237
2081
-1478
-3142
-3830
-2597
-7212
-7593
-7412
-7277
-6305
-6344
-7118
-7385
-7574
-6808
-8637
-10188
-7245
-5135
-3377
1213
-2722
4172
3131
1424
928
-865
-1064
-1960
-823
-907
-2231
-2107
-223
-2554
-2906
-2038
633
3693
2161
1303
3674
6179
7120
8002
9790
10719
8272
11627
13196
11776
10570
7904
8007
6863
5152
4115
5868
5986
4479
2785
2986
-3231
-124
-563
-121
-2385
-2809
-4313
-3528
-2155
2168
1568
4706
7168
4437
3992
1297
9
-317
846
1482
2067
2209
-1085
-459
-1216
-335
44
-985
221
-1811
-943
-2388
-2037
-958
421
-1197
-2687
1896
1270
1088
-573
-1169
-1846
-2210
-1475
-1354
-2570
-3564
-3330
-4719
-5944
-4498
-4481
-5574
-8816
-5938
-4807
-4358
-3380
-6134
-7717
-3554
201
-6675
1327
4156
2065
4750
2074
2759
-467
1252
2677
499
81
-2896
-407
-1716
-3482
-4960
-6354
-6933
-7219
-3699
-4502
1498
-735
1572
6808
4807
6901
7188
8850
9849
9559
10411
10083
7979
8763
7652
7992
7107
6565
5211
2964
1511
-777
-490
405
908
1696
2992
-1033
5013
-355
1421
12810
1424
6787
7278
5318
7819
5737
6729
5297
6080
3085
3253
2129
2495
229
-561
-1571
-2466
-3414
-4615
-3422
-6642
-2350
-4344
-6017
-5035
-5463
-1450
-412
-423
287
478
-1668
-1893
-2435
-2920
-2123
830
1771
-1405
-3881
-1100
-2192
-6314
-6902
-7427
-3160
-1130
-2102
-1832
4171
-2968
4752
7693
-621
4819
930
2688
1054
5827
5054
5061
1976
-2162
-135
11
-1129
-2104
-4341
-4943
-4696
-5091
-6615
-7714
-7786
-5799
-3840
-1577
-949
228
2787
2412
3263
6939
8527
9099
7710
8322
8466
9819
6675
1891
6574
3449
1656
5876
-378
-674
-360
4299
4849
9452
869
3910
10675
6512
7245
6134
5206
8648
5988
6151
5445
3593
6191
5958
4806
3304
2194
-1178
-1919
-1899
-4696
-3789
-5200
-5295
-5919
-7183
-7323
-8203
-6122
-4914
-5195
-4202
-4051
-3289
-2856
-1997
-1053
456
-561
-4381
-4162
807
-4052
-4168
-5184
-5125
-5649
-4088
-4824
-3329
-5990
-1937
941
-8266
3299
3932
1151
6174
2290
4652
6363
4869
6832
5561
4889
6327
5632
3788
-103
2697
-156
-276
-845
-4418
-4905
-6614
-9708
-9019
-9036
-12802
-9707
-9560
-5716
-955
-1482
1467
3025
5438
8728
2714
3130
6432
5589
5843
7898
7761
8057
7342
7513
4282
5289
7229
3318
6217
7571
6302
12334
10486
12586
10380
9361
7683
5859
7945
4678
6150
4662
1196
85
2623
1173
-150
528
-3255
-5060
-6777
-2733
-4061
-3298
-4504
-4892
-7750
-7569
-4849
-3895
-4817
-4132
-3949
-3913
-3744
-8443
-7289
-4970
-1381
-1151
-1060
-4886
-2494
-2785
-1870
-2565
-4013
-1917
-1297
-475
-1069
2314
-1942
-1640
3640
6269
7771
4188
6461
3427
2024
7594
5634
5633
4484
6136
4868
4445
4081
3017
1760
-2287
-2459
-4755
-4143
-4482
-5953
-5124
-5506
-9322
-8485
-9279
-5231
-5758
-1571
-4825
-8393
-1091
1723
4069
1996
1516
1369
4766
3805
2958
5246
2686
3664
5299
6621
5290
9193
4905
6975
15493
10147
12402
12760
7709
10734
7090
7032
6054
6360
10281
8626
7934
7616
6143
4789
2894
667
-1683
994
-3370
-5149
-3195
-2380
-2977
-1487
-3626
-2380
-2327
-1889
-3240
-8109
-6093
-5048
-6782
-6585
-6444
-5680
-6769
-4609
-3175
-4285
-3724
-3903
-4744
-5850
-5377
-2854
-1669
-3638
2406
-923
-470
3579
3579
7801
2608
5347
5697
1287
3235
3187
3830
6070
3981
1145
4534
5460
5467
4912
3612
3031
3772
2997
1984
1054
-250
-828
-1544
-2669
-5038
-12120
-11125
-8666
-9797
-6251
-7040
-10013
-9188
-3420
-4292
-3246
-1383
-2144
-2272
-85
2962
4583
3412
6853
4846
9233
11833
6173
17903
13254
13247
19114
12215
12837
12796
11351
10715
9889
9382
11097
10877
9268
7821
7220
6560
4118
4146
3531
2718
962
1041
-668
-934
-1150
-864
-1642
-8683
-6589
-6153
-8107
-7400
-6875
-6269
-8270
-10230
-7909
-7708
-8208
-13091
-12544
-8925
-7982
-11487
-8642
-7872
-8216
-5115
-6512
-1593
-5684
-7096
4597
1559
5401
6918
5523
6478
5678
5422
2611
3939
3605
6346
6270
4351
5730
6766
5527
3513
2636
3151
3146
1169
979
-19
884
-5457
-5006
1368
-2361
-2188
-3685
-4631
-9216
-8603
-8535
-8991
-10471
-9731
-10174
-7304
-7462
-7082
-4129
-5395
-1420
-741
2465
1181
5671
8552
3491
14464
13805
12496
13982
11909
14057
12408
11310
10797
9118
6946
8933
8617
10395
11740
12026
12480
11064
10821
10070
9140
9763
8648
7602
3889
-322
1626
1778
-288
-817
-2347
-4415
-5784
-5151
-5766
-7781
-8454
-10076
-11052
-10739
-10716
-11193
-12093
-11694
-12111
-12026
-11609
-11653
-9502
-7493
-3472
-5380
-8298
2242
-67
651
5004
2207
3668
5533
5287
2708
3973
5203
6104
6369
7524
7524
8772
9569
7494
8373
7861
8910
5308
-70
3184
3400
963
1962
197
-1985
1617
-374
-1280
-2824
-4974
-10097
-12311
-9804
-10685
-12223
-11729
-12633
-13361
-12674
-10748
-8769
-11295
-5638
-5480
617
3291
-1537
7533
9584
8857
13290
13730
14212
13665
13922
12346
11263
11584
11210
12798
12167
12127
14093
14647
15931
14196
12334
13583
9609
6936
7140
4700
4724
3165
5846
5039
4951
3896
1324
-3629
-4273
-5484
-6566
-8673
-8751
-11572
-12834
-12416
-15439
-14816
-15350
-16848
-16655
-15337
-16575
-14584
-16032
-12025
-8405
-14784
-4900
-2231
-4688
1036
4979
4765
7187
7324
7307
3424
6378
8963
8448
9428
9635
10532
9365
11961
7148
1278
4210
7300
7829
7182
7367
5868
5483
5151
-1197
762
-1828
-5059
-1587
-2889
-4493
-5373
-7688
-9428
-10562
-12424
-12666
-19778
-18598
-18936
-22426
-17885
-17327
-12980
-11531
-7605
-2441
-1614
7041
5840
5010
7457
10449
13939
14100
15986
15376
15490
17038
19035
19350
19593
18688
17295
17494
12116
11594
12746
11521
13718
12586
11457
9456
9338
8445
7836
7790
6165
3781
1856
786
-928
-1534
-3165
-5512
-7004
-9108
-10896
-12661
-14059
-15095
-15197
-15700
-17062
-16721
-16727
-15991
-15254
-11627
-11717
-13176
-2785
-1401
807
5208
4982
6245
7168
8422
9906
9029
9700
9630
9913
15582
10517
10619
12129
11137
9926
7702
8285
8831
9792
7543
6930
5380
5326
3423
1294
-254
-2544
-11
71
-1514
-7583
-7084
-7464
-7937
-9544
-11663
-13322
-14332
-16824
-18372
-16855
-17867
-14787
-13538
-13749
-5910
-12645
-4140
5405
3329
6955
4446
10098
12435
14363
15982
17112
19053
20804
21457
20493
17069
18188
19777
15729
16223
13918
11711
12946
12878
11060
9222
8511
6924
5209
4695
6333
6359
4889
3415
2498
-3146
-3959
-5858
-7306
-9043
-11452
-12484
-13987
-16150
-16292
-18955
-18434
-16670
-16774
-15998
-16784
-13890
-12915
-16691
-11077
-7717
-1067
1839
1164
6984
5924
3492
6768
8537
8944
5225
8817
9339
9520
10006
12718
13153
11863
10543
10672
9678
9116
8746
2117
2828
1448
1905
2913
385
-34
-587
-723
-2936
-3665
-4260
-5446
-5684
-7155
-10259
-12480
-12561
-13446
-14706
-16873
-17315
-17523
-17388
-17888
-13283
-15222
-11703
-3292
-4602
3283
3950
6705
10261
11535
13842
16810
16162
10115
16551
18109
18731
17392
21424
22646
18423
17580
19530
18704
17661
10999
9187
9434
7286
6742
5433
4240
2881
1779
1402
-94
-1875
-3801
-4578
-4685
-5726
-8470
-9014
-9380
-10386
-12057
-13746
-17094
-17588
-16844
-15530
-16882
-14002
-7189
-13043
-8368
-4744
-8561
564
512
-2085
2042
2312
3164
6996
9042
8457
9604
10127
8214
9760
10420
11986
12237
8912
8882
8991
7359
5304
4494
3316
1962
1357
249
-1751
-2023
-3107
265
93
-5696
-5799
-6721
-7824
-7980
-10254
-13197
-9940
-10838
-12356
-12380
-13489
-13430
-16356
-13992
-9406
-12291
-10773
-3560
-7623
-3584
-1706
-2357
2410
-3697
3591
10096
7446
11546
12901
10744
12262
14814
16271
19698
20872
20902
20336
19434
19743
18287
16961
16169
13079
11112
10438
9277
8924
7704
5681
3445
2938
-374
-2573
-852
-4038
-5624
-7217
-9121
-10372
-11809
-12337
-14711
-14708
-14333
-13352
-13594
-12967
-6951
-11629
-8344
-1231
-4022
215
-2943
-1572
1125
1434
2341
1593
2755
3156
4626
6349
5349
5319
6884
7866
8592
7834
7865
5361
5158
4406
3164
2688
1878
2147
2029
827
-1452
-2364
-2902
-3100
-4190
-5580
-5612
-7118
-5173
-11828
-10989
-10273
-12146
-11254
-10596
-9394
-10336
-7776
-10449
-6854
-4860
-10115
-1292
-1294
-4265
-5949
-3483
-3353
-1974
-476
-865
3334
4278
4727
5605
8251
10296
12683
13675
14530
13537
19096
17973
11753
14742
14119
13233
12338
10442
11486
13276
10693
9327
7691
5550
4858
1760
3102
900
-5194
-5163
-5827
-6065
-6435
-6986
-7860
-8676
-9752
-10798
-10676
-8602
-10839
-8192
-2491
-11284
-6093
-1480
-4182
-506
113
1948
769
333
-1502
-477
1902
1057
-48
81
3719
5833
7126
8106
7283
7574
7865
8068
7845
6404
6294
4623
2250
1810
168
-984
-1661
-1450
-1103
-4735
-3671
-4353
-4876
-4100
-5137
-5396
-5099
-7135
-7831
-9062
-10888
-9718
-8618
-5801
-10980
-1594
-10417
-9993
3716
-5257
-1650
-4366
-5813
-5666
-4037
-1631
-2746
-1732
-1552
1295
4453
3731
4295
9693
9673
8295
10689
9956
10173
9833
10645
11371
11533
13069
12648
11777
11513
11334
7783
5654
1932
5438
1350
1276
470
-1182
-211
-792
-3467
-4642
-6478
-7892
-7242
-6719
-5227
-4368
-6421
-7311
1014
-4638
-5155
1263
-2442
104
570
1361
531
907
2405
431
971
1769
771
2501
669
-11
4043
4064
6042
4656
4327
4986
4394
3313
2369
2146
326
2281
3113
2974
2941
-2710
-3639
2040
-294
-831
-1233
-1217
-1741
-1560
-1375
-3664
-4899
-3706
-4988
-2808
-5005
-6945
-4313
-6056
-1536
-9428
-1919
1924
-3888
3296
877
1136
-4231
-2657
-1494
-1117
-2309
-3583
-3635
-4101
-1547
-66
4574
3392
3514
8096
8456
9085
9230
7476
7649
9033
6875
10360
12298
11572
11513
10344
12079
11575
10011
8340
7621
7211
6412
6033
3958
1054
-2620
867
-4517
-6950
-4291
-4349
-2624
-3419
-115
3126
-6612
292
304
-2849
-824
1809
2889
585
3387
2933
2137
1391
-324
753
-2995
-2919
-325
1540
-57
-476
-337
1609
747
963
1308
-897
-19
-2121
2301
-1222
967
1742
248
1729
2252
1162
489
1169
1908
-580
-3073
-4705
-4559
-8722
-9690
-6628
-5327
-5285
-2725
-5507
-2683
-2960
-7623
2559
81
1146
2462
-49
3045
1900
-379
-3330
-4818
-894
-2076
-8022
-5391
-5520
-6026
-2226
-636
-1218
383
1629
3768
4692
5815
7678
5489
6106
5428
6039
7627
8347
9802
12174
13788
12363
12257
11957
10621
7931
6501
2714
102
1429
-1867
-4558
-5005
-4519
691
-3615
-3015
1094
-1114
-3178
4082
607
95
397
-1787
-661
1789
3002
2850
2245
820
-1249
709
429
-1366
-5050
-2073
-3147
-4180
-4888
-4864
-3677
-3024
-2088
-1747
820
2353
1435
2338
2199
1703
1816
1837
1082
444
1115
2281
2679
-1982
240
-1414
-3678
-3365
-4795
-4029
-4139
-4483
-1811
-4640
-1394
-2165
-7592
5234
998
1409
2882
-2828
4054
3635
4582
2784
1488
392
-7149
-4651
-5023
-7986
-7696
-8568
-5671
-6739
-8118
-3020
-4334
-4153
-1609
3948
3653
3931
5776
8176
8958
11537
13002
15099
15741
16353
16820
12949
10981
11152
9474
7186
6101
5203
3870
1821
246
714
1030
3507
-1082
3149
2144
-392
8252
2329
4730
4379
2784
5340
3249
1369
12
179
-2088
-2088
-1520
-2740
-991
1807
-1884
-4047
-4301
-4293
-6067
-8471
-7608
-6318
-4597
-4731
-2800
-148
2187
888
-61
-381
1216
-1217
-1892
1876
1049
1072
1003
-1170
-2424
-3927
-5356
-6846
-8536
-5776
-4684
-3591
-6606
3627
-5641
-1002
7550
1719
4938
2214
2891
4743
4653
4106
-973
-1965
-2629
-5216
-7059
-6249
-6174
-6185
-3864
-5661
-10650
-8249
-10587
-12324
-10082
-8255
-4766
-905
1535
4586
7153
8427
11548
12610
9766
11904
12667
12799
13583
14485
13520
11197
11044
8818
7614
3781
2098
1802
1793
2894
1923
2527
6314
-808
4759
10269
4201
7861
5186
4095
2887
933
1697
-1920
-944
537
-3773
-4411
141
-352
897
-5279
-3507
-3975
-5119
-6108
-6941
-6170
-6566
-7075
-2884
-1121
439
1788
64
-4730
-206
1557
1032
1464
2609
2012
1817
1012
-794
-2175
-3265
-3142
-4892
-5366
-4918
-3537
-5544
-1999
-1160
-8858
1350
508
-1111
2040
-1766
1311
4338
-1357
-821
73
319
1476
-954
-2023
-3205
-2713
-2977
-5447
-4119
-4827
-3068
-6906
-4180
-5705
-9251
-8433
-4669
-3160
-4261
-2905
-539
5834
6481
8812
9047
9503
10134
10842
10001
10281
10687
10044
9500
8608
6350
4747
4528
2350
4654
154
4142
6273
-1008
8215
7719
4998
7605
3707
6468
3387
3365
7297
3770
5784
-852
-1811
-518
-1007
-1531
199
-333
-4217
-3065
-1808
-2346
-2096
-1340
-701
-1126
-4356
-8092
-4462
-3173
-2228
-884
-909
1009
2103
1445
2540
1813
-648
1165
165
-1692
-1056
-2775
-3364
-3110
-2076
191
-3877
2316
-3363
-3607
8386
1038
4492
3094
463
5564
5669
2747
2507
2610
925
-70
-521
-2492
-4363
1052
257
662
-1978
-1865
-1186
-1511
-1633
-4464
-4245
-8856
-8705
-7164
-5277
-5060
-3968
-2223
2258
4463
3779
5092
3799
5924
5604
4341
8329
7618
7082
6915
6251
5275
4844
5634
1827
-717
6548
2717
3215
8148
1706
5755
8004
7213
8685
7542
7003
6995
7487
6923
5979
3864
4002
1544
3670
4686
2389
372
880
1854
150
-5944
-5798
-4871
-5082
-4671
-1679
-2224
-3749
-3141
-6497
-6146
-4999
-4978
-3820
-3391
-2527
-2882
-3927
-4284
-6411
-4487
-4458
-4953
-6311
-3485
-4004
-2373
-562
-9492
175
810
562
5549
1928
4217
4157
4997
5004
4510
4530
2358
747
591
2752
5574
6336
4444
2781
3086
5666
3423
-3955
-381
193
-2176
-3778
-4730
-6255
-7037
-6760
-6084
-6042
-5972
-3776
-4723
-3292
227
1309
2511
3025
2294
3078
2800
2078
1102
885
446
5911
5173
7389
6918
-2897
8686
8424
6001
9239
5933
9589
8583
9387
10294
9339
9713
8962
7489
7944
7681
8810
10688
10955
9600
2779
2879
3492
1262
1221
-1122
-2232
-2443
-4278
-4743
-5674
-6371
-6861
-6815
-7576
-8044
-7840
-7783
-6998
-6345
-5701
-6609
-6460
-7776
-9108
-9833
-9947
-9125
-8487
-10147
-3318
-4401
-5691
5160
1941
2500
3395
-175
-42
5054
7471
7123
7821
7958
7759
3501
3387
2190
2417
8797
1025
-1219
4035
3314
3823
442
-154
-1999
-3538
-4320
-6061
-8020
-7748
-10277
-9076
-9957
-11477
-12476
-10286
-7204
-8643
-3896
-2596
-1059
-83
-487
-945
-768
-322
173
322
2747
4575
8642
5759
5324
12411
9664
9045
8060
4889
7570
11916
12221
12488
13874
13067
13300
13519
12818
13119
6664
8765
11530
10028
9136
7550
6731
5367
4747
1888
528
-1489
-3806
-4746
-4041
-4892
-6407
-9386
-10071
-10066
-10897
-12536
-12800
-12698
-13328
-10805
-11253
-10321
-11003
-9569
-9682
-6101
-9477
-9773
-3662
-10190
-3680
4422
-774
3005
2358
2504
2283
7509
7975
7989
6935
7286
6443
9704
2003
285
7725
6769
8811
8484
4315
2874
4014
2583
2272
1940
1520
-1259
-1947
-3063
-4566
-5959
-7250
-7866
-10353
-9533
-10972
-10404
-10718
-7965
-9479
-7850
-5324
-5857
-3789
-5465
-739
-846
1455
1501
2869
7278
2741
6419
15219
12910
13021
13869
9878
11460
11262
14384
13285
12682
17292
9780
8932
9179
8986
11460
10738
14006
12315
6723
5266
9376
7293
5173
2952
-2188
864
-5281
-5517
-6079
-6240
-7679
-8198
-8983
-9833
-13114
-15915
-15724
-11561
-12670
-12317
-13526
-11681
-9844
-10753
-9123
-7278
-11060
-10871
-3581
-5488
-5813
6530
1558
6278
5827
6540
11161
10714
12755
10890
4871
7247
9255
10321
9083
7645
8485
8876
11559
9207
8579
7663
6554
4784
2596
2620
2615
-609
-869
-2015
-3704
-4342
-6685
-7774
-10125
-10709
-12111
-15544
-17874
-19559
-17840
-14186
-12459
-12640
-11268
-8457
-8034
-6876
-4248
-3053
280
8462
4614
10354
18319
10634
13093
14915
16121
18239
12656
11888
14478
13015
14151
14703
12351
11120
12963
11276
12661
14158
11417
10884
9397
6204
4484
3567
2334
2997
543
-731
-2345
-3965
-3809
-6498
-8041
-9035
-11223
-14331
-14764
-16501
-16057
-14104
-16106
-17259
-17596
-18277
-17314
-15526
-9525
-8988
-1807
-319
-5993
8733
5572
5442
6197
7721
7331
2245
10536
8519
9479
9981
9805
9045
6884
7042
7488
12455
12016
5181
6019
5693
3852
1958
3929
2833
1499
1285
511
-4469
-1993
-2077
-3645
-5646
-7196
-11711
-11221
-13438
-17915
-16026
-16347
-16749
-18768
-16001
-14537
-12240
-12538
-10775
-5539
-1926
-2038
612
3868
581
12463
16759
15851
11141
13538
17224
17128
20673
18966
20744
18991
19288
16269
15278
14226
16720
17455
14747
13430
10840
11645
9091
7345
5689
4927
3956
58
-1441
-1534
-4318
-3730
-6339
-8273
-8380
-10131
-10115
-10486
-11771
-15629
-16452
-17260
-15432
-14956
-14844
-13665
-13955
-13267
-11720
-12516
-1218
-4090
-6780
10341
-539
150
9311
3879
6999
5705
13665
5634
8660
9817
9337
8866
4738
9424
12104
7576
5972
6076
5012
6281
4203
1965
1300
671
-301
-1383
-3151
-1896
-352
-3489
-3990
-4132
-11114
-9136
-11645
-13639
-12576
-15540
-15041
-16531
-17996
-15839
-18567
-18004
-18543
-13364
-13606
-6292
-6825
1434
-273
-2482
12975
9937
12294
14715
14186
14111
21949
21648
19664
21240
16693
17378
15868
14769
12211
13582
12695
12511
11261
12991
10866
8778
8152
6197
7216
4697
3063
-835
-2398
-3314
-3844
-4087
-7991
-9143
-9554
-11105
-12086
-9783
-10221
-11140
-16417
-11654
-16801
-17095
-18251
-16646
-14144
-13275
-8988
-6268
-9715
-1735
4997
3145
6028
5896
6302
6959
8103
7961
9458
9960
8737
8268
6679
7566
9330
9556
8999
7720
6710
10417
8467
5598
4833
2825
3045
-235
-1488
-3005
-4647
-2076
-5549
-6003
-5854
-8630
-8733
-10766
-10692
-11406
-12495
-14873
-16348
-15896
-17825
-16932
-17083
-16769
-14808
-17042
-12164
-4195
-5766
-7194
1675
6291
5617
8197
9662
12527
14037
16132
16538
16544
18444
17455
15888
14118
15220
16878
16593
17515
12532
10247
11422
8566
7650
9236
7175
5876
3684
5870
-443
-1928
-1674
-2964
-3556
-6812
-6816
-6965
-9090
-8800
-9754
-9620
-9154
-9448
-8475
-10367
-8853
-13782
-14511
-8759
-12740
-3225
-6629
-9126
4439
271
342
3422
3927
7584
7019
9652
9109
8735
10352
9953
9812
7451
7970
8905
10487
11085
8137
6350
7430
5711
2834
4161
860
-667
-1182
-3259
-3606
-4178
-4034
-4757
-4911
-4315
-6561
-5665
-6980
-8771
-8587
-10046
-9341
-10602
-7843
-13389
-14535
-11283
-15627
-16130
-14845
-14829
-11428
-9782
-5900
3913
-1962
4727
7482
5510
8884
10834
12246
11280
15111
14123
13905
14743
16996
17137
15295
19615
19000
15600
15308
13064
8913
9838
11893
9686
3496
2301
4599
3785
4623
-1108
288
883
-687
-2134
-3698
-4227
-6418
-3096
-2620
-5478
-14840
-12007
-11762
-13030
-13420
-11381
-13511
-9072
-6144
-14896
-3311
-722
-4981
-1144
-550
1058
1394
4452
5189
5222
5391
5383
5998
6365
7197
8806
7859
9181
7227
5700
8499
5890
6724
4682
2951
2565
1029
-471
-1416
-1856
146
-1116
-1736
-3653
-1090
-941
-1895
-1817
-2468
-1701
-8315
-5082
-8698
-10286
-7757
-10283
-10394
-11788
-12076
-12024
-7857
-11588
-14919
-7061
-6280
-8023
-3357
-809
412
5113
6812
10888
12471
10630
10611
11303
14619
16897
15044
15703
17315
14522
16358
15026
12747
12485
10051
7817
7512
6899
6721
6581
6571
5645
6203
4239
2925
2674
274
1953
-5749
-4291
-4052
-2759
-2579
-8637
-8944
-11959
-7202
-8183
-11594
-10967
-4885
-11486
-11007
-148
-5098
-4025
-3161
-2596
-1726
-1779
-2516
-770
1588
2391
4810
1449
2936
4446
3992
4918
5420
4893
4680
4652
4010
3175
3709
2312
1665
4208
3813
3566
3466
3907
2257
3077
1944
3277
-1631
-4946
98
-1025
-1209
-3491
-5602
-8096
-9312
-6647
-7480
-13355
-12451
-12774
-13323
-7200
-15791
-9495
-3072
-8911
-8172
-8023
-7354
-6598
-341
-2038
-496
2743
4922
6620
7023
8766
11490
14443
16095
16150
14925
16495
14600
12822
12976
13144
11574
10971
10054
9561
9776
9930
6465
7291
5606
590
3832
2503
1798
404
2655
1815
-2377
-2808
-5200
-8812
-6431
-6681
-6759
-8835
-3899
-4216
-8620
-67
-1536
-2322
-5085
-6348
-4892
-3591
-856
-2880
-2297
-2276
-4704
-5012
-5483
-1446
-1002
987
2312
535
457
2849
3225
4824
5021
5602
7247
5326
4898
3292
4072
5950
6212
-231
2818
2191
-413
-347
-2131
-1593
-1909
-1630
-4120
-3780
-5854
-6997
-7829
-8361
-8316
-8757
-9036
-5036
-10515
-14371
-2562
-5752
-8808
-6374
-8174
-6685
-4419
-5323
-6435
-2428
-1106
-3007
930
4078
7049
9179
10922
12683
11121
12586
12383
12840
14233
15148
13902
13068
12846
11548
13575
9343
7263
10174
7636
7333
7506
6958
6608
6145
5093
3163
1264
-1260
-500
-3458
-5210
-6864
-5638
-7722
-4401
536
-11133
-3023
-599
-4269
-408
-3033
-3238
-2660
-1687
-3144
-4736
-5992
-4480
-4918
-4319
-6242
-3942
-2918
-784
836
157
2298
4285
4903
5376
3032
7480
6376
7723
5961
4120
6958
1867
2234
575
81
-424
-458
43
313
-128
-2291
-3659
-3779
-5442
-5239
-5953
-5898
-7061
-8149
-8651
-7378
-5855
-12941
-1344
-543
-3852
-2178
-4288
-5546
-4327
-2887
-5994
-7642
-9523
-10863
-8622
-5917
-2279
731
3396
9212
10622
7135
9340
9960
13420
14718
17339
17679
13169
16460
17702
16957
17322
15508
13578
11328
9531
10206
7492
4936
2501
245
-427
-2898
-3339
-2908
-3015
-2738
-3688
-3922
-4119
345
-5643
-5527
2817
-3666
-2611
-5142
-6465
-6425
-4460
-455
-3472
-3100
-4053
-6678
-5653
-4004
-5095
-4101
280
-584
612
3111
2633
2503
2293
8100
3648
4874
6314
1516
3227
3434
5604
5942
6845
3900
3317
1633
-356
68
-1798
-2629
-4926
-6656
-4622
-8552
-7918
-7792
-5674
-7900
-7436
-6766
-3565
-8470
-9385
-1065
-3363
-3458
-2461
-7810
-4571
-4035
-7085
-8121
-5339
-7228
-6362
-7655
-11341
-12457
-15949
-12754
-12638
-10755
-9694
-8210
-1677
-1244
1813
-3420
9355
11297
9628
14685
14176
15518
14158
16320
12603
13272
12858
14206
13030
12497
14494
11240
7453
5904
9869
5629
7782
3871
3687
3691
2312
3070
2089
1967
2947
2008
-1609
-1545
-2680
-2717
-2338
-4562
-1438
-1730
-6504
-8852
-9639
-10576
-12366
-13723
-13422
-13655
-12987
-12801
-12867
-12861
-10530
-5048
-11327
-2459
806
-4817
1302
3207
5586
4541
6276
6135
5474
5890
5480
7102
-804
2085
6354
5761
6684
5784
5862
4535
3652
3811
3574
4134
5076
4436
2794
-939
-1378
-179
-698
-756
2051
1106
-966
-2829
-4464
-8228
-9305
-8954
-10916
-11185
-13126
-14317
-13312
-14267
-11781
-12220
-7894
-4407
-6924
1269
1179
-150
3717
5181
6657
7562
10809
10495
12084
10940
10394
12996
11457
13485
16692
16077
14149
14775
13588
11456
8695
7844
8577
5629
8454
7341
7495
3725
3903
3278
5081
4519
3668
4398
1834
11
-1058
-3400
-7187
-9840
-10562
-11432
-13235
-13066
-15110
-14188
-12665
-11294
-9604
-7073
-5212
-13794
-6108
-2274
-4949
-917
-2658
1384
2433
2811
5035
4356
3141
3149
2796
3516
6311
7588
7477
7355
6797
6698
7720
6061
4831
5368
5822
5111
5993
5279
3326
4484
2315
1697
3439
2044
1531
-1
-989
-2547
-6751
-7190
-7546
-9220
-9397
-10653
-10839
-11411
-12288
-11077
-12512
-7768
-12615
-15200
-3141
-7225
-1016
1777
1464
6024
5096
8347
8223
11082
12035
11305
10761
9801
15045
16589
13636
14592
14532
15007
13431
10848
8893
12974
13654
11381
11368
6274
6104
5535
3985
4269
3418
2571
5778
3795
3613
2520
-4933
-6064
-7059
-8163
-10914
-12425
-9265
-9731
-14585
-13817
-14149
-14932
-10030
-14780
-12522
-5158
-7612
-5227
-3894
-3856
-2575
-1380
-336
-645
921
5714
2563
4344
2346
3307
4583
7142
6878
5011
5741
5695
8525
10805
8371
7837
6873
3757
3130
3388
2117
-119
751
-137
-96
827
1217
1340
-2090
-3337
-4445
-6192
-7197
-7946
-9116
-10698
-11744
-11666
-13439
-12084
-7541
-16104
-11061
-8008
-10121
-4644
-5537
-4867
-3125
1825
3957
4310
3930
6028
8991
10222
10689
11940
12729
12981
16724
16059
18195
17655
15493
17896
17389
14703
10415
10665
12002
11744
10578
9231
9113
8178
6341
5428
5122
3804
2768
646
-682
-2281
-4500
-5606
-7034
-6894
-8730
-11404
-10636
-10898
-10312
-7146
-13823
-9489
-4563
-7881
-6125
-6048
-646
-2587
-1566
330
-1459
2207
1049
1366
3476
3981
3078
2821
6218
4902
3320
7070
6999
10198
9975
4028
5921
4454
4241
4934
1234
290
925
1276
1044
-1782
-1564
-2395
-4491
-5064
-6023
-6077
-7719
-8086
-9286
-10403
-8720
-11377
-9091
-8720
-7585
-6655
-12280
-6775
-9861
-6663
-2201
-4623
-4921
-2934
-4333
-5608
-605
861
5029
3484
5283
6739
8012
10799
11679
12879
12705
13057
12811
14604
15177
15040
14488
12089
11636
11548
8727
8541
9822
9516
8974
6852
7629
6310
4213
2795
1321
579
-926
-4205
-6141
-8378
-8485
-8479
-10765
-10947
-10547
-5149
-7196
-7517
-5147
-4244
-2877
-4259
-3632
-4006
-3392
-2631
-2532
-2610
-1862
855
949
1732
-1927
-347
5004
7099
7118
1243
682
1703
8875
8448
7206
7496
5467
5642
5399
4433
4026
4103
3243
2428
2502
1580
62
-2887
-2099
-3811
-7592
-9169
-12217
-9698
-12606
-10701
-11323
-11565
-9909
-8579
-9362
-9839
1991
-1937
-2785
530
-2696
37
-1820
-681
-1631
-2859
-4270
-1618
-606
-1272
4454
4089
5211
8408
9870
9497
9917
13373
12918
13843
15854
14680
14791
15116
15111
13751
12667
12032
10909
10393
8838
8923
6414
3682
3948
3162
700
-2045
-1917
-3522
-4109
-4793
-4927
-6916
-10529
-5788
1663
-4171
-8615
1542
-2188
-2395
-661
-3094
2904
446
1841
-4938
-2749
-1052
-4073
-2289
-931
490
-1491
-657
253
-2873
-471
1178
1740
929
217
5441
5157
4118
276
1199
1624
2174
1799
242
-907
-2437
-2955
-213
-2285
-4070
-5004
-5164
-4726
-5646
-6659
-6201
-14855
-8096
-6756
-7492
3338
-6318
243
7043
1860
5468
3025
2792
-631
-1551
1554
556
510
-2340
-6235
-7635
-6040
-5008
-6487
-3670
1677
-574
2601
2778
2401
4496
5416
9878
11754
11376
10588
8741
8570
9336
10830
10502
9878
7653
9804
7518
5178
-245
750
-2624
284
325
-8390
-5059
-1173
-3681
-2466
-789
1814
3050
-1901
4292
6055
2363
3918
1912
1018
2015
4081
3193
3347
1558
2191
1758
716
1701
562
-377
-2038
-1396
1311
831
-934
-78
143
-358
-42
1345
329
649
2227
1521
1067
793
883
209
-410
-1867
-1951
-849
-1686
-3989
-7578
-4209
-3138
-6061
-4192
-4546
-2860
-1280
5121
-2714
-145
10787
2101
6581
3156
2906
6427
3946
5608
4190
4732
2424
433
-1510
-2386
-1606
-2674
-3346
-5128
-6847
-6401
-5180
-3889
-822
1343
-98
1156
-39
5044
5969
6343
7649
6167
7450
8116
7618
6051
8141
7030
6119
2988
425
7310
3683
1414
2466
1293
2315
-556
1738
1182
9036
5131
4821
9336
1458
8113
5568
3791
4010
6670
7003
6487
6106
714
-228
-56
22
-2451
-551
-812
-1163
-2709
-5625
-4648
-5824
-5255
-5501
-8921
-3722
-5337
-4099
-1734
-630
-1489
-1678
-2414
-1159
611
-2627
-4543
-9529
-5916
-5445
-6480
-3483
-6833
-7603
-6562
-1364
-855
1324
1806
6962
-2169
5781
9327
3466
10296
7078
7668
6824
7947
4863
3780
3043
1452
403
-914
570
-92
-2738
-2304
-5041
-5706
-6083
-8192
-8417
-8648
-8897
-7539
-5487
-5772
-4507
2
1272
691
2416
3808
4406
5701
3234
2613
5401
4346
5749
4650
5715
4940
3566
7348
1677
1576
3772
5162
6076
4433
1190
13061
10221
7449
8918
6379
9097
6686
6559
5209
5915
4778
3134
2672
2214
2841
1571
1291
932
-540
-2447
-6690
-7539
-7151
-9460
-8557
-7668
-8530
-10689
-5537
-9335
-8490
-5582
-5408
-5660
-2921
-3088
-2964
-2851
-4229
-4947
-4859
-5316
-4292
-4412
-4071
-3113
-1954
-84
-701
3090
-3340
2489
9063
4409
9843
9257
9340
10067
8032
8447
7302
7582
7167
5148
4649
2012
2402
1319
-182
843
-564
-3549
-4496
-6947
-8915
-10494
-12508
-13264
-11761
-10567
-12275
-8438
-4939
-7326
-5970
-3090
-434
1668
1852
3304
3029
3554
2875
4594
5385
6216
5823
6168
6096
3742
6430
10046
12601
3848
13235
15699
10203
15485
12644
14333
11791
12098
11199
11248
11414
9963
7524
5399
5661
4059
2745
2161
1167
-1492
-2802
-4820
-6194
-6698
-9675
-9494
-8333
-11079
-9984
-11803
-7934
-8427
-6808
-5635
-6845
-5202
-5802
-4778
-3382
-2479
-2546
-2208
-1811
279
-1778
-2016
568
1993
-2463
6868
-2741
2146
13799
2399
9189
6340
8959
9052
6285
9353
7376
6574
5787
4440
2463
2584
2029
5415
2459
1575
409
-1419
-1022
-558
-2542
-4108
-8797
-11041
-9259
-8698
-11541
-12373
-15826
-12195
-9723
-13916
-3604
-2288
-5017
312
-1849
186
3527
4561
4862
2075
3459
5884
6543
9493
7870
11505
12876
9098
18858
14512
14618
16837
13297
16296
13816
14688
12422
13573
12290
10362
9918
6470
8569
7142
4786
3066
-1070
-3536
-3749
-3420
-3280
-4601
-6366
-5282
-7394
-7132
-8009
-9791
-6751
-9342
-9158
-8105
-10354
-10504
-10094
-10563
-10306
-10861
-4127
-5820
-6071
-2894
-5680
-5912
255
-4398
-984
3554
476
10899
9755
8556
10812
6947
8196
6805
6148
6100
6161
6763
6708
6135
7011
4834
5855
4039
3708
2542
-2115
-3995
-3566
-375
-1765
-4733
-3788
-5238
-6882
-8905
-9495
-8510
-10057
-10479
-13095
-12857
-11441
-12248
-12599
-13083
-11222
-1433
-5386
-7383
-1592
350
2615
3659
6217
6794
9395
16644
10434
13277
21634
15787
19380
18770
17975
19701
12646
13508
11549
11846
12189
11503
9938
6968
5957
4039
4868
4215
2328
1530
521
622
1132
125
-1947
-4855
-5368
-3348
-5149
-6292
-7002
-5660
-7946
-9732
-9141
-5756
-5661
-7205
-8369
-10851
-8777
-9059
-8887
-7892
-5968
-9140
-6896
-5466
-1061
2564
-2153
9974
8404
7394
12454
8615
9229
8834
8640
7807
6912
6891
7997
6872
6185
3744
4454
4607
4237
2890
240
690
812
1449
886
-1095
-5507
-2062
-531
-3346
-2688
-3073
-3210
-3843
-3387
-5731
-6448
-5797
-8276
-11606
-12839
-11307
-10258
-10527
-11517
-8112
-7070
-8941
-4914
272
396
7573
3566
9191
13116
10251
16507
15144
17993
18062
15626
16722
15458
15654
11627
10031
11772
10651
9429
8506
6560
7060
3172
5905
5148
3475
3889
2492
5105
1173
1176
333
-1044
-338
-90
-1501
-3475
-3779
-3554
-5988
-7251
-6627
-8054
-9071
-9819
-9429
-11694
-12060
-13122
-12387
-6686
-7251
-293
-2817
-4012
8784
6459
6801
8307
5851
4484
4089
4865
4854
5455
6740
4872
3291
3852
1145
3840
4095
5855
-463
-553
1263
2526
-3020
201
6512
-189
1987
1757
-972
-434
-1492
-1933
-1878
-682
-1053
-9208
-8360
-4365
-7278
-6484
-8594
-9645
-10418
-11401
-11790
-11701
-11047
-9522
-7959
-6637
-369
-514
4935
8223
9860
9551
7875
14780
15601
15728
13105
13554
14735
14231
12590
11987
10365
10349
10283
9312
6792
6918
2973
1627
6446
3780
4490
4617
2248
1810
1254
4209
3171
-2131
3481
-1734
-3893
-3995
-4158
-4061
-7264
-2897
-5946
-7734
-11714
-13459
-13035
-12017
-12168
-9366
-8890
-2474
-5505
-6750
4940
-2663
1696
3559
2549
6408
4364
7225
5782
4692
6695
5570
3132
4854
3683
3915
4411
5180
6239
-234
1328
5316
2070
3216
4144
4261
3455
4290
2771
1876
1852
4157
-1857
-2455
3460
494
1242
-724
-1509
-3400
-7484
-7066
-9090
-12632
-12853
-12469
-11897
-13081
-12917
-7879
-8960
-12660
-2141
-2320
-4315
1628
3314
8085
9475
9816
7351
7726
7758
9812
11595
10555
11814
11001
15596
9453
10524
11315
8143
11085
8908
9381
10193
11990
9672
8976
8303
8482
2833
596
5536
5370
2980
4371
-1374
-2483
-1817
-3134
-6887
-8401
-10159
-10893
-10736
-10503
-10991
-11819
-9531
-6369
-13837
-4657
-2333
-6350
-5497
-5079
-2457
-3462
-374
1554
1503
1259
3206
4194
3071
3463
4445
5571
1250
4040
8221
2353
5865
6555
4172
6456
4101
6474
4829
5305
-1040
-5317
-460
-1677
3830
3877
2275
1744
2024
2200
-3986
-5251
-8602
-10132
-9366
-8564
-9250
-9746
-10592
-11208
-11459
-6610
-10865
-8385
-2208
-7194
-3037
-5032
-3028
677
-580
1345
1742
5772
6691
7296
7174
7578
11088
9668
15610
17512
14733
15109
13866
15432
14595
13664
10624
11953
12431
4870
4383
7639
4987
5697
6531
7746
7347
5323
5798
5283
3401
1635
153
-4077
-4873
-5125
-5919
-6868
-6844
-6536
-4651
-3459
-7834
-2134
-406
-2897
-234
-2599
-2274
-2393
-4637
-2183
-1951
-1629
-1978
-1413
-676
-1198
-18
4521
4261
4371
6659
2426
4734
6709
5377
6456
8725
2384
649
5293
1938
5445
5523
3463
2889
4241
2717
1616
2007
945
-200
-90
-1165
-3503
-6058
-5633
-4746
-6488
-5473
-9893
-10388
-5704
-9255
-12356
-4999
-4944
-4104
-3506
-12156
-8598
-7419
-7476
-7801
-5134
-2656
-3064
-4337
2053
5484
4649
6216
6882
8509
11832
11493
9805
16149
16617
14151
13039
15383
11977
12505
12675
12212
9726
9343
9539
7625
4123
6288
5341
4155
-1615
-1376
-3965
-4700
-6592
-5705
-4501
-3657
-5032
-3138
1984
-8228
1402
1353
-3677
393
-4267
-2400
-4109
-3233
-4854
-3307
-5958
-8702
-4787
-2592
-2373
-2220
-451
-272
3352
3330
253
1335
4231
505
1625
4994
4525
4480
3085
3614
1638
3231
2030
-1060
362
-188
-598
-276
-2056
-3735
-2767
-4440
-5518
-6325
-7609
-5203
-4171
-5997
-5086
-6021
-2224
-5226
-11427
-898
-7039
-7203
-3845
-8630
-5597
-4162
-4229
-8907
-7600
-5323
-3535
-5448
-3057
-2277
152
1887
509
7078
5522
7222
6323
6722
8490
9508
11365
15304
16935
15674
16299
15752
9990
9997
7801
8180
6558
4884
4485
2933
2062
-388
1294
878
-2080
-1015
-1528
-4398
-3587
-4381
507
-9343
-1155
2395
-2805
2966
-2456
-767
1737
-969
-4552
-52
-11
-2657
-2995
-5059
-4995
-5086
-4341
-4440
-3630
-3242
-2673
-1164
1024
2780
3816
2828
4294
6658
6038
5116
6237
5707
4473
4195
2473
2694
2980
2293
1287
-457
-755
-1683
-3519
-3993
-5408
-4985
-5110
-4844
-3996
-3463
326
-9078
-7054
1647
-3504
-3025
314
631
258
-6408
-1722
2263
-5553
-5266
-4493
-5278
-3381
-4066
-3576
-2527
-4472
-5956
-5135
916
959
4965
5755
6129
8024
8472
11621
12315
13651
13674
13934
13631
12167
11440
11279
11566
9846
6416
4385
1419
-1181
2165
515
895
391
-2936
-2579
1223
1906
-4879
3386
2666
-572
1964
-748
-2403
-694
3775
-331
-1030
-207
31
-468
-2319
-4466
-6311
-5485
-5465
-1493
-2336
-2955
-1447
-906
-1532
-4301
-2217
-947
-1067
-4
2085
165
9
180
-731
504
558
965
1528
1966
-1349
-3345
-3373
-3948
-6767
-7753
-8224
-6270
-4639
-4681
-4513
-1224
-3760
-7500
3021
414
-157
1160
-484
1361
-378
1496
176
1311
1728
1461
2210
948
-570
-2244
-3884
-4254
-4363
-4628
-4036
-3080
-3701
-4030
242
-553
1130
4528
7401
8314
8360
10489
9115
9843
9956
9788
10808
11050
9945
8049
7469
5217
3136
1432
1340
-599
-199
-397
3230
3153
-4748
6683
7082
2639
7300
6677
8141
6234
6124
5917
4253
6329
6013
5491
4701
3279
2186
965
74
-855
-3629
-1529
-1167
-1747
-2371
-3516
-3813
-3854
-3877
-7752
-3853
-3661
-3743
-1853
-3288
-4823
-3656
-4863
-4268
-3175
-3880
-4711
-4710
-5521
-6038
-6628
-10118
-8390
-7113
-8466
-5770
888
-5558
-4537
5034
3041
6633
5412
6116
6167
5526
6838
4030
6024
5863
6265
5542
3831
3770
2715
1269
-33
-2651
-2601
-1681
-3323
-4539
-5463
-5314
-4929
-6111
-5916
-1282
-2316
-2578
4224
2414
99
1378
3697
3868
4423
6447
5198
4851
5274
862
2855
5132
3495
5502
-2075
2664
4969
1004
13941
9992
9949
12170
10409
13604
11646
11504
12979
11339
7250
7123
4754
5596
6131
6478
4898
3266
890
-452
-800
-960
-1735
-3106
-4111
-5011
-4856
-5293
-4167
-3519
-5318
-6280
-5031
-6728
-5882
-5962
-5581
-3013
-3658
-1913
-2376
-3498
-5582
-5405
-5159
-7323
-7039
-5462
-5509
-3955
3699
-1909
1627
9273
3479
8382
6874
7465
10318
9041
7221
6153
4648
6622
8681
8538
8014
3417
3588
2935
520
-1262
-1087
-159
-1556
-2614
-4971
-8503
-10704
-11977
-7750
-4825
-10348
-9950
-6243
-7263
-2864
-3783
-2857
-55
-370
-431
-878
-84
1002
1392
-536
-1204
591
3657
1430
10321
8180
5638
17091
12595
12819
11234
11863
13678
13095
15649
15295
13575
9896
11474
12182
11399
9045
7565
5793
7725
5747
3129
2072
121
-601
-1032
-2026
-7905
-5416
-10488
-10504
-9603
-8516
-10199
-9663
-10863
-12814
-11097
-12654
-12237
-7757
-9118
-7582
-7412
-5971
-5056
-7325
-6778
-9797
-7173
-5927
-1417
4446
98
4286
11240
6588
10390
10046
10760
11507
9097
8540
6966
8390
8176
7998
7192
5492
4036
4238
4409
3676
1379
-2323
1856
1809
1039
-435
-3343
-4777
-6369
-7600
-8383
-7779
-9729
-9617
-11191
-10854
-9968
-11032
-7850
-11369
-10382
-5096
-3559
-3029
-750
-726
516
1600
5750
6630
13614
11495
9883
21175
17709
19065
19430
17618
20217
16288
14891
17066
17856
15734
15016
14208
13627
13129
11398
10154
9797
8631
6119
4739
3365
3489
1785
-284
-1636
-4283
-4673
-6146
-7097
-5931
-8562
-10551
-10503
-10683
-11659
-12327
-12383
-13329
-12815
-14408
-15448
-13455
-12567
-13104
-10280
-9116
-8808
-5829
-3122
994
-3169
3709
9531
5706
11379
6747
5609
9631
7535
9864
8887
8725
8650
7735
8529
7230
7761
5339
4918
6738
5827
4737
2124
852
2740
1103
-204
-1767
-4480
-4166
-6479
-5729
-7561
-11213
-11045
-16217
-17956
-16899
-17297
-15677
-18138
-14823
-11171
-10928
-10665
-6672
-5572
-3004
-357
1779
7567
4096
7601
16612
11770
20564
20495
17601
20538
19187
19486
20198
16493
16834
14590
13880
15953
13331
13115
9817
9330
7549
6093
3684
2532
2406
2325
649
-2215
-3001
-3222
-3783
-7708
-8651
-7518
-9405
-13684
-9686
-11245
-12264
-12303
-13286
-15024
-14441
-14426
-15421
-17227
-11569
-7719
-9323
-5268
-4392
-1850
4582
-1571
4659
7527
4432
9916
9479
9595
9632
10552
10236
13084
13778
12799
11428
10586
10095
9181
7758
5871
4977
5696
4243
2250
2581
2874
780
316
-390
-4477
-5573
-4319
-5963
-8745
-6899
-8457
-8591
-10793
-12139
-12259
-18904
-18242
-14159
-14939
-14326
-13274
-11814
-8403
-4851
-3238
-3863
4076
1963
8032
11174
8211
17006
18743
19813
20992
20428
18199
19860
22414
21294
20841
18866
17549
15150
11421
11798
9788
9013
7370
5122
6276
4968
4984
3710
2652
1750
-893
-3331
-4588
-6533
-6329
-6027
-8829
-10903
-10898
-12388
-12908
-12642
-12899
-13197
-14335
-15685
-15000
-15045
-9905
-10403
-9578
-10089
-6549
-4031
-8848
-412
4122
4989
10233
7683
9501
10064
10555
11909
11895
12657
13023
8366
7808
7448
6396
9569
7531
5877
1168
1275
-541
-372
497
671
-853
-1221
-325
-4269
-5214
-2106
-5424
-2692
-5018
-6105
-7596
-8888
-10367
-12202
-12532
-13871
-14436
-16913
-14668
-17118
-15444
-12546
-11406
-8302
-1075
-7054
-3166
8728
3421
8437
9926
11267
14526
15084
17170
17176
18695
19039
18867
19238
19722
19347
17530
17044
13917
11624
11283
8688
8494
6796
6502
5689
3185
2462
-633
-1196
-1730
-4172
-5263
-5393
-6312
-7126
-6258
-8867
-8934
-8605
-10430
-9671
-9019
-11360
-10810
-9832
-9814
-8403
-7460
-12529
-9790
-4323
-11547
-1780
-298
90
6538
6758
9845
8614
10720
10082
11060
11595
9250
9072
8652
7520
7446
6657
6514
4582
2858
2041
816
41
-1276
-847
-4535
-5244
-5489
-4674
-5111
-7894
-6278
-4689
-1944
-3526
-5223
-3926
-7921
-10118
-9154
-10186
-7821
-7013
-8741
-14133
-12891
-14857
-16553
-11425
-4336
-10694
-2563
786
106
7770
6549
7737
8577
9982
11238
12509
13281
15966
14339
19695
20177
19470
19601
13973
13131
12914
12314
9658
7965
4172
2914
4854
4992
5173
3236
2029
-644
-770
-524
-529
-3739
-4313
-4127
-3364
-4250
-5785
-7490
-9016
-7277
-7665
-9999
-10774
-11691
-10773
-7675
-8664
-4150
-4954
-8957
990
-554
428
3595
2711
3878
3985
5803
7093
7833
5865
6353
6255
5590
6014
5864
4318
5228
5411
5866
4619
3342
2201
-305
-357
-3551
-55
93
-5419
-6328
-2711
-5734
-5306
-2617
-795
-1924
-7208
-5353
-7648
-8579
-7884
-7390
-5145
-10000
-12105
-8996
-7545
-11105
-8235
-7097
-15735
-6955
-4266
-5410
-1247
-3567
-1615
4507
3865
3352
5166
6414
8445
12343
14777
10594
12457
14087
12776
12710
12111
10658
10867
9608
7524
11530
9911
7607
2004
1782
1945
1686
-1280
-1419
1173
1497
1466
-242
1459
-2453
-404
-1386
-1740
-3904
-8626
-8798
-7622
-8980
-8665
-8049
-6474
-4304
-3560
-5227
1523
180
1997
3134
1300
2274
1918
17
12
1709
669
1616
3749
5729
7337
6212
6256
4506
4425
2181
2789
2912
2146
2247
1173
927
-955
145
-1073
-3869
-962
-5262
-3506
-3409
-4659
-3600
-3584
-2548
-1295
-1562
-3839
-7897
-4293
-4581
-3558
-3589
-4481
-7366
-5515
-3949
-10889
-2950
-2845
-1390
106
-1427
-2876
-2838
-811
-2255
-942
1584
4714
2857
7901
8908
9902
10133
10086
9507
6791
13890
8659
10320
9831
8930
6407
7262
7375
5564
6485
5980
4086
1167
-13
5292
5293
5421
917
-538
2445
-3153
-3116
-2407
-5819
-2920
-4791
-6347
-4720
-3318
-6029
1949
-3316
-4366
1569
-2400
973
-1114
-414
-972
-1311
-345
1088
-717
169
180
-668
1840
2271
1244
-1080
699
1382
840
-613
-2155
-3222
127
-529
-2597
-1712
2935
1722
1534
1193
429
812
-1676
-1598
-1967
4597
575
-5075
376
-1592
-1139
-1399
-3730
-3973
-3811
-1295
-5137
-2249
-1265
-6169
1256
-160
-2089
1006
-2851
-574
-1823
-1331
-4633
-5072
-4370
-3415
-1893
-3269
1509
-163
-2156
-973
2153
3712
4445
3413
4690
8085
7849
8228
7942
9318
10392
11658
12164
12962
13073
10063
9181
8495
8213
2275
1523
4312
1413
2870
2519
224
-2343
-2657
-2111
-1459
829
-85
3458
1557
-2055
4472
2704
2701
2231
-559
579
-1956
-2908
106
-554
964
207
-3174
-3583
-3773
-4420
-4436
-6731
-6615
-6159
-5241
-3197
-3577
-2914
-707
1387
-160
1252
230
1485
1713
2254
-175
1811
865
-4556
-656
-1196
-810
-170
-3287
-6202
-941
-6685
-6256
-5715
-2531
-5665
-887
2301
-6129
5158
2477
937
5214
985
2998
2472
2905
1063
-1493
-2000
-3324
-5595
-5537
-6448
-6114
-4073
-4641
-4126
-2005
774
1331
3690
3966
5116
5387
4666
6443
6357
8947
9018
9018
13438
11976
6429
6215
9534
8592
9522
8360
4981
4008
1566
-213
-1198
-3405
-4060
-2069
816
2008
4971
-2692
-1863
7402
838
4981
4926
3666
3179
1654
2892
602
-118
-2693
-4041
-5905
-5128
-4147
-4450
-5289
-6305
-4504
-4948
-4606
-2632
-1815
-1185
886
-891
2858
2489
2563
3443
2997
4987
-1711
1575
1940
111
352
-680
2389
708
1073
-958
-3731
-4230
-4809
-6027
-1843
-4025
476
2705
-8725
6713
4490
2783
9261
3296
5793
3756
3839
4055
2381
549
-2691
-6945
-1662
-1732
-4825
-6257
-5177
-5566
-7939
-6987
-9417
-5666
-2535
74
1896
3364
4204
8074
7989
10804
7384
2028
10958
8093
8796
7692
8652
6014
7264
7126
4394
7676
4757
2601
402
1533
2437
-438
167
5290
-1331
2659
8229
2489
7476
5165
4677
2089
2904
2405
2274
2904
698
193
-2237
-3060
-3320
-3036
-4593
-2867
-3061
-2359
-4610
-4355
-2174
-4444
-3356
-2706
-3236
-2181
-1191
-3907
-3240
995
232
-411
-464
-2291
-797
-979
-1771
-2033
7
-4137
591
-2757
-6979
-5805
-2195
-3259
3479
2197
-6194
8830
6110
4672
6275
1294
3010
776
1622
2085
1664
-907
-524
-1489
-5065
-2867
-2356
-4331
-4967
-5029
-8981
-10623
-10088
-5239
-9319
-7427
-5921
-4337
960
-5086
-3004
841
655
4558
5368
7311
8838
9174
8635
7817
6576
7383
8649
9479
6476
5576
3549
575
-294
515
-1080
6390
3598
334
13650
5742
5292
7042
3986
5880
5828
6628
5517
5001
1771
1142
785
-772
-1105
-1357
522
-748
-798
-481
-1562
-1661
-1533
-2323
-1621
-3799
-8059
-5347
-6616
-7248
-6750
-1883
-5703
-3452
-1704
-2449
-1556
-3136
-2371
-1335
-1458
-2219
-3257
-4914
-3999
-4198
-4392
-5468
-2488
231
-8064
1619
4974
557
3142
2062
3716
3898
4722
3546
2777
594
3278
2410
905
-153
3130
3183
2611
2141
-348
-816
-2064
-1472
-2493
-851
-8296
-10159
-5197
-7522
-4925
-8830
-5387
-2368
-1554
-232
192
448
1455
1808
3719
3961
3522
4596
4671
5059
4285
5269
5721
6058
6917
10562
3952
3483
10191
7240
11185
11923
10380
9597
8350
9718
7384
7598
8297
8146
8830
7225
6076
3708
2099
2524
1773
466
-2007
1057
-1765
-4544
-1494
-2475
-2916
-4357
-6576
-8238
-3709
-9684
-8182
-8767
-8482
-7683
-9539
-7720
-8194
-7565
-7003
-7498
-7256
-6852
-5361
-5086
-2064
-4864
2239
810
-3081
8357
3747
5082
7014
5505
5925
3922
2792
3567
3129
1360
6514
3031
4704
4047
3667
3759
5330
4518
4755
2927
619
-4104
-4905
-3310
-7098
-3294
-5041
-6517
-5530
-7147
-9414
-12389
-12401
-10343
-6293
-4394
-4799
-2844
-262
248
1310
1334
1376
319
1393
1739
3653
5431
4890
9478
2639
7988
16287
13180
14433
12496
10929
12228
7566
8169
7102
7182
7053
7857
7901
7596
8060
6091
6817
5498
7092
4594
559
3260
2384
840
861
-1609
-4137
-2747
-5703
-5480
-7074
-8124
-6929
-7552
-7461
-8757
-8883
-10071
-8930
-10615
-10231
-7493
-5863
-7731
-5926
-5934
-5006
-5910
-622
437
-6633
7088
5236
5078
8426
4034
5981
2121
4073
4700
3999
7964
7975
8941
9252
9987
10399
8752
10718
5015
3560
5557
1616
4207
4095
-2474
1653
142
-1378
-5489
-6003
-6597
-8579
-10016
-12261
-13461
-14247
-13522
-13875
-11078
-9520
-8758
-7570
-8632
-6198
-3157
-1687
-1455
-319
-1413
-376
8695
5333
7392
15024
10543
17029
18161
15040
13953
12467
12468
13274
12429
13872
14453
12071
12600
13794
15316
9168
9871
10512
8692
8081
5063
4575
3542
2782
115
255
-2040
-1223
-1962
-4976
-5204
-6780
-12946
-8579
-13383
-13054
-12422
-12679
-13902
-14495
-16568
-18118
-11016
-11099
-10946
-8022
-8246
-2773
-3758
-4361
7453
-279
728
5603
4169
5885
6922
9060
6572
8433
9321
9168
10386
9916
11096
6124
6142
8845
7055
6223
5514
3389
6135
6680
5125
177
-742
-1868
-1507
-2935
-5060
-6453
-8541
-10609
-10250
-11411
-13279
-15265
-14030
-17371
-16374
-17235
-15742
-15329
-13707
-10479
-9551
-5986
-2567
-1695
2973
354
6406
12350
8106
14899
17718
18411
19437
17736
20357
19734
19818
19627
19282
18551
12951
15580
17516
14386
12333
8339
10585
11486
7036
5851
4523
6306
4904
3424
3108
1049
-334
-1800
-3948
-9131
-6084
-8553
-9943
-11839
-11447
-11567
-14943
-14614
-15701
-16215
-16069
-13415
-13114
-12595
-14454
-8146
-10909
-10365
306
-3921
-460
4885
6838
10168
12130
10380
10412
10279
11089
12256
6508
10275
10689
9641
10610
11704
9303
8298
9284
7870
8778
6440
5060
2516
2543
2154
402
-979
-2072
-2304
-3346
-4703
-6245
-7844
-10087
-9777
-11877
-12989
-14088
-16149
-20162
-19954
-17132
-17880
-13189
-13652
-11600
-6941
-2711
-3608
2029
8410
5640
13122
13826
13916
14939
20065
15064
19251
17302
15312
18442
16725
17987
16392
16981
16808
14885
11815
9483
10008
10151
7117
6743
4627
3037
3699
4379
4375
-2490
-2942
-4466
-7432
-6756
-9388
-12258
-12535
-13362
-16077
-16806
-18740
-18841
-13518
-15660
-15836
-13937
-14720
-14735
-5169
-14245
-14563
-1952
-322
-2302
3487
4855
6900
10831
11863
11332
9344
12387
13509
6545
8212
10561
10829
13590
14119
11497
10264
9190
9060
6921
5129
5604
4693
3059
2762
939
1147
1045
-1681
-1161
-4042
-4555
-6134
-7009
-8202
-10566
-14472
-18326
-13979
-18957
-16386
-15428
-18804
-16844
-15542
-14917
-15258
-11664
-12753
-8286
2516
-336
4621
5195
11838
14865
14082
16351
18328
21652
22494
22127
21249
20300
22465
24446
18014
15335
12693
13649
13935
12973
10960
11536
10868
8572
7578
5237
4854
3953
1682
-324
-1070
-1969
-3829
-6201
-7304
-10094
-8998
-9948
-11867
-13842
-15954
-14794
-15777
-15634
-14311
-15312
-10473
-8103
-10773
-1488
-2282
-854
3413
3663
2647
3736
7988
9452
10798
11371
12713
11038
11436
9912
11009
12881
10686
9814
10237
9452
6123
3174
2893
1309
283
1159
-121
-1788
1473
269
-133
-1403
-3488
-4723
-5351
-7540
-7691
-5968
-8653
-10250
-11226
-13429
-18695
-18450
-17074
-17484
-17404
-14070
-15578
-11564
-10226
-9627
-2561
-3296
-169
1674
3169
1895
6757
11008
12157
16211
17934
19253
19797
20802
17507
19524
19532
19225
19616
18819
18799
15404
12915
11495
11856
11060
9279
8943
6581
5403
3876
1963
1212
-3392
-2634
-1996
-6319
-7380
-7277
-8024
-10005
-10087
-11512
-12488
-10130
-12344
-11073
-10388
-6541
-5670
-9616
-1004
-1424
-2377
-280
138
-850
542
1324
5033
8078
4068
6986
8474
9241
9104
8067
7061
8530
8253
5807
5930
9815
8916
7722
6051
5162
837
-86
-229
-2049
-1840
-1336
-4330
-6995
-4315
-3927
-7159
-7977
-10127
-11339
-12086
-13800
-13894
-12776
-14135
-13027
-11573
-11857
-11570
-10364
-5955
-11023
-12024
-6189
-6444
-4700
-1332
-962
479
1227
1942
4484
6205
9029
9591
11811
12995
13015
13300
15140
16481
15140
18955
18638
18898
12097
15999
14918
14251
12203
9994
8847
7265
4289
4820
5172
641
-3127
-3690
-4772
-7346
-8552
-8897
-9377
-10494
-10047
-10979
-10875
-8935
-6618
-6907
-5994
1571
-9077
389
2581
-2920
4762
146
1568
172
3174
2330
2254
5126
4364
4654
4260
5228
3516
4614
5643
4832
4279
4228
4675
2398
2208
1874
1279
4622
3569
3799
560
-4211
-1847
-2648
-2553
-3189
-5110
-5332
-4803
-4616
-6801
-7243
-8126
-7355
-8394
-8327
-8374
-7733
-6710
-6348
-6248
-2493
-2976
-7099
813
-2036
-16
1972
213
834
230
435
-748
869
2550
4576
3371
4160
6063
7816
8224
10730
10699
10633
12333
13870
14233
13473
12164
9817
13536
11111
11129
11531
9986
7714
5027
4692
-1180
-1386
-100
-2693
-3461
-4163
-3111
-2719
-4748
-4060
-5383
-5701
-4766
-5981
-4986
943
-6470
-447
5982
-1969
1773
1663
3133
2712
4188
4170
3500
1926
1657
1856
1547
3597
2227
403
2
1752
465
1421
1317
5096
4992
144
-280
479
-1468
-1376
2313
1237
2081
-1478
-3142
-3830
-2597
-7212
-7593
-7412
-7277
-6305
-6344
-7118
-7385
-7574
-6808
-8637
-10188
-7245
-5135
-3377
1213
-2722
4172
3131
1424
928
-865
-1064
-1960
-823
-907
-2231
-2107
-223
-2554
-2906
-2038
633
3693
2161
1303
3674
6179
7120
8002
9790
10719
8272
11627
13196
11776
10570
7904
8007
6863
5152
4115
5868
5986
4479
2785
2986
-3231
-124
-563
-121
-2385
-2809
-4313
-3528
-2155
2168
1568
4706
7168
4437
3992
1297
9
-317
846
1482
2067
2209
-1085
-459
-1216
-335
44
-985
221
-1811
-943
-2388
-2037
-958
421
-1197
-2687
1896
1270
1088
-573
-1169
-1846
-2210
-1475
-1354
-2570
-3564
-3330
-4719
-5944
-4498
-4481
-5574
-8816
-5938
-4807
-4358
-3380
-6134
-7717
-3554
201
-6675
1327
4156
2065
4750
2074
2759
-467
1252
2677
499
81
-2896
-407
-1716
-3482
-4960
-6354
-6933
-7219
-3699
-4502
1498
-735
1572
6808
4807
6901
7188
8850
9849
9559
10411
10083
7979
8763
7652
7992
7107
6565
5211
2964
1511
-777
-490
405
908
1696
2992
-1033
5013
-355
1421
12810
1424
6787
7278
5318
7819
5737
6729
5297
6080
3085
3253
2129
2495
229
-561
-1571
-2466
-3414
-4615
-3422
-6642
-2350
-4344
-6017
-5035
-5463
-1450
-412
-423
287
478
-1668
-1893
-2435
-2920
-2123
830
1771
-1405
-3881
-1100
-2192
-6314
-6902
-7427
-3160
-1130
-2102
-1832
4171
-2968
4752
7693
-621
4819
930
2688
1054
5827
5054
5061
1976
-2162
-135
11
-1129
-2104
-4341
-4943
-4696
-5091
-6615
-7714
-7786
-5799
-3840
-1577
-949
228
2787
2412
3263
6939
8527
9099
7710
8322
8466
9819
6675
1891
6574
3449
1656
5876
-378
-674
-360
4299
4849
9452
869
3910
10675
6512
7245
6134
5206
8648
5988
6151
5445
3593
6191
5958
4806
3304
2194
-1178
-1919
-1899
-4696
-3789
-5200
-5295
-5919
-7183
-7323
-8203
-6122
-4914
-5195
-4202
-4051
-3289
-2856
-1997
-1053
456
-561
-4381
-4162
807
-4052
-4168
-5184
-5125
-5649
-4088
-4824
-3329
-5990
-1937
941
-8266
3299
3932
1151
6174
2290
4652
6363
4869
6832
5561
4889
6327
5632
3788
-103
2697
-156
-276
-845
-4418
-4905
-6614
-9708
-9019
-9036
-12802
-9707
-9560
-5716
-955
-1482
1467
3025
5438
8728
2714
3130
6432
5589
5843
7898
7761
8057
7342
7513
4282
5289
7229
3318
6217
7571
6302
12334
10486
12586
10380
9361
7683
5859
7945
4678
6150
4662
1196
85
2623
1173
-150
528
-3255
-5060
-6777
-2733
-4061
-3298
-4504
-4892
-7750
-7569
-4849
-3895
-4817
-4132
-3949
-3913
-3744
-8443
-7289
-4970
-1381
-1151
-1060
-4886
-2494
-2785
-1870
-2565
-4013
-1917
-1297
-475
-1069
2314
-1942
-1640
3640
6269
7771
4188
6461
3427
2024
7594
5634
5633
4484
6136
4868
4445
4081
3017
1760
-2287
-2459
-4755
-4143
-4482
-5953
-5124
-5506
-9322
-8485
-9279
-5231
-5758
-1571
-4825
-8393
-1091
1723
4069
1996
1516
1369
4766
3805
2958
5246
2686
3664
5299
6621
5290
9193
4905
6975
15493
10147
12402
12760
7709
10734
7090
7032
6054
6360
10281
8626
7934
7616
6143
4789
2894
667
-1683
994
-3370
-5149
-3195
-2380
-2977
-1487
-3626
-2380
-2327
-1889
-3240
-8109
-6093
-5048
-6782
-6585
-6444
-5680
-6769
-4609
-3175
-4285
-3724
-3903
-4744
-5850
-5377
-2854
-1669
-3638
2406
-923
-470
3579
3579
7801
2608
5347
5697
1287
3235
3187
3830
6070
3981
1145
4534
5460
5467
4912
3612
3031
3772
2997
1984
1054
-250
-828
-1544
-2669
-5038
-12120
-11125
-8666
-9797
-6251
-7040
-10013
-9188
-3420
-4292
-3246
-1383
-2144
-2272
-85
2962
4583
3412
6853
4846
9233
11833
6173
17903
13254
13247
19114
12215
12837
12796
11351
10715
9889
9382
11097
10877
9268
7821
7220
6560
4118
4146
3531
2718
962
1041
-668
-934
-1150
-864
-1642
-8683
-6589
-6153
-8107
-7400
-6875
-6269
-8270
-10230
-7909
-7708
-8208
-13091
-12544
-8925
-7982
-11487
-8642
-7872
-8216
-5115
-6512
-1593
-5684
-7096
4597
1559
5401
6918
5523
6478
5678
5422
2611
3939
3605
6346
6270
4351
5730
6766
5527
3513
2636
3151
3146
1169
979
-19
884
-5457
-5006
1368
-2361
-2188
-3685
-4631
-9216
-8603
-8535
-8991
-10471
-9731
-10174
-7304
-7462
-7082
-4129
-5395
-1420
-741
2465
1181
5671
8552
3491
14464
13805
12496
13982
11909
14057
12408
11310
10797
9118
6946
8933
8617
10395
11740
12026
12480
11064
10821
10070
9140
9763
8648
7602
3889
-322
1626
1778
-288
-817
-2347
-4415
-5784
-5151
-5766
-7781
-8454
-10076
-11052
-10739
-10716
-11193
-12093
-11694
-12111
-12026
-11609
-11653
-9502
-7493
-3472
-5380
-8298
2242
-67
651
5004
2207
3668
5533
5287
2708
3973
5203
6104
6369
7524
7524
8772
9569
7494
8373
7861
8910
5308
-70
3184
3400
963
1962
197
-1985
1617
-374
-1280
-2824
-4974
-10097
-12311
-9804
-10685
-12223
-11729
-12633
-13361
-12674
-10748
-8769
-11295
-5638
-5480
617
3291
-1537
7533
9584
8857
13290
13730
14212
13665
13922
12346
11263
11584
11210
12798
12167
12127
14093
14647
15931
14196
12334
13583
9609
6936
7140
4700
4724
3165
5846
5039
4951
3896
1324
-3629
-4273
-5484
-6566
-8673
-8751
-11572
-12834
-12416
-15439
-14816
-15350
-16848
-16655
-15337
-16575
-14584
-16032
-12025
-8405
-14784
-4900
-2231
-4688
1036
4979
4765
7187
7324
7307
3424
6378
8963
8448
9428
9635
10532
9365
11961
7148
1278
4210
7300
7829
7182
7367
5868
5483
5151
-1197
762
-1828
-5059
-1587
-2889
-4493
-5373
-7688
-9428
-10562
-12424
-12666
-19778
-18598
-18936
-22426
-17885
-17327
-12980
-11531
-7605
-2441
-1614
7041
5840
5010
7457
10449
13939
14100
15986
15376
15490
17038
19035
19350
19593
18688
17295
17494
12116
11594
12746
11521
13718
12586
11457
9456
9338
8445
7836
7790
6165
3781
1856
786
-928
-1534
-3165
-5512
-7004
-9108
-10896
-12661
-14059
-15095
-15197
-15700
-17062
-16721
-16727
-15991
-15254
-11627
-11717
-13176
-2785
-1401
807
5208
4982
6245
7168
8422
9906
9029
9700
9630
9913
15582
10517
10619
12129
11137
9926
7702
8285
8831
9792
7543
6930
5380
5326
3423
1294
-254
-2544
-11
71
-1514
-7583
-7084
-7464
-7937
-9544
-11663
-13322
-14332
-16824
-18372
-16855
-17867
-14787
-13538
-13749
-5910
-12645
-4140
5405
3329
6955
4446
10098
12435
14363
15982
17112
19053
20804
21457
20493
17069
18188
19777
15729
16223
13918
11711
12946
12878
11060
9222
8511
6924
5209
4695
6333
6359
4889
3415
2498
-3146
-3959
-5858
-7306
-9043
-11452
-12484
-13987
-16150
-16292
-18955
-18434
-16670
-16774
-15998
-16784
-13890
-12915
-16691
-11077
-7717
-1067
1839
1164
6984
5924
3492
6768
8537
8944
5225
8817
9339
9520
10006
12718
13153
11863
10543
10672
9678
9116
8746
2117
2828
1448
1905
2913
385
-34
-587
-723
-2936
-3665
-4260
-5446
-5684
-7155
-10259
-12480
-12561
-13446
-14706
-16873
-17315
-17523
-17388
-17888
-13283
-15222
-11703
-3292
-4602
3283
3950
6705
10261
11535
13842
16810
16162
10115
16551
18109
18731
17392
21424
22646
18423
17580
19530
18704
17661
10999
9187
9434
7286
6742
5433
4240
2881
1779
1402
-94
-1875
-3801
-4578
-4685
-5726
-8470
-9014
-9380
-10386
-12057
-13746
-17094
-17588
-16844
-15530
-16882
-14002
-7189
-13043
-8368
-4744
-8561
564
512
-2085
2042
2312
3164
6996
9042
8457
9604
10127
8214
9760
10420
11986
12237
8912
8882
8991
7359
5304
4494
3316
1962
1357
249
-1751
-2023
-3107
265
93
-5696
-5799
-6721
-7824
-7980
-10254
-13197
-9940
-10838
-12356
-12380
-13489
-13430
-16356
-13992
-9406
-12291
-10773
-3560
-7623
-3584
-1706
-2357
2410
-3697
3591
10096
7446
11546
12901
10744
12262
14814
16271
19698
20872
20902
20336
19434
19743
18287
16961
16169
13079
11112
10438
9277
8924
7704
5681
3445
2938
-374
-2573
-852
-4038
-5624
-7217
-9121
-10372
-11809
-12337
-14711
-14708
-14333
-13352
-13594
-12967
-6951
-11629
-8344
-1231
-4022
215
-2943
-1572
1125
1434
2341
1593
2755
3156
4626
6349
5349
5319
6884
7866
8592
7834
7865
5361
5158
4406
3164
2688
1878
2147
2029
827
-1452
-2364
-2902
-3100
-4190
-5580
-5612
-7118
-5173
-11828
-10989
-10273
-12146
-11254
-10596
-9394
-10336
-7776
-10449
-6854
-4860
-10115
-1292
-1294
-4265
-5949
-3483
-3353
-1974
-476
-865
3334
4278
4727
5605
8251
10296
12683
13675
14530
13537
19096
17973
11753
14742
14119
13233
12338
10442
11486
13276
10693
9327
7691
5550
4858
1760
3102
900
-5194
-5163
-5827
-6065
-6435
-6986
-7860
-8676
-9752
-10798
-10676
-8602
-10839
-8192
-2491
-11284
-6093
-1480
-4182
-506
113
1948
769
333
-1502
-477
1902
1057
-48
81
3719
5833
7126
8106
7283
7574
7865
8068
7845
6404
6294
4623
2250
1810
168
-984
-1661
-1450
-1103
-4735
-3671
-4353
-4876
-4100
-5137
-5396
-5099
-7135
-7831
-9062
-10888
-9718
-8618
-5801
-10980
-1594
-10417
-9993
3716
-5257
-1650
-4366
-5813
-5666
-4037
-1631
-2746
-1732
-1552
1295
4453
3731
4295
9693
9673
8295
10689
9956
10173
9833
10645
11371
11533
13069
12648
11777
11513
11334
7783
5654
1932
5438
1350
1276
470
-1182
-211
-792
-3467
-4642
-6478
-7892
-7242
-6719
-5227
-4368
-6421
-7311
1014
-4638
-5155
1263
-2442
104
570
1361
531
907
2405
431
971
1769
771
2501
669
-11
4043
4064
6042
4656
4327
4986
4394
3313
2369
2146
326
2281
3113
2974
2941
-2710
-3639
2040
-294
-831
-1233
-1217
-1741
-1560
-1375
-3664
-4899
-3706
-4988
-2808
-5005
-6945
-4313
-6056
-1536
-9428
-1919
1924
-3888
3296
877
1136
-4231
-2657
-1494
-1117
-2309
-3583
-3635
-4101
-1547
-66
4574
3392
3514
8096
8456
9085
9230
7476
7649
9033
6875
10360
12298
11572
11513
10344
12079
11575
10011
8340
7621
7211
6412
6033
3958
1054
-2620
867
-4517
-6950
-4291
-4349
-2624
-3419
-115
3126
-6612
292
304
-2849
-824
1809
2889
585
3387
2933
2137
1391
-324
753
-2995
-2919
-325
1540
-57
-476
-337
1609
747
963
1308
-897
-19
-2121
2301
-1222
967
1742
248
1729
2252
1162
489
1169
1908
-580
-3073
-4705
-4559
-8722
-9690
-6628
-5327
-5285
-2725
-5507
-2683
-2960
-7623
2559
81
1146
2462
-49
3045
1900
-379
-3330
-4818
-894
-2076
-8022
-5391
-5520
-6026
-2226
-636
-1218
383
1629
3768
4692
5815
7678
5489
6106
5428
6039
7627
8347
9802
12174
13788
12363
12257
11957
10621
7931
6501
2714
102
1429
-1867
-4558
-5005
-4519
691
-3615
-3015
1094
-1114
-3178
4082
607
95
397
-1787
-661
1789
3002
2850
2245
820
-1249
709
429
-1366
-5050
-2073
-3147
-4180
-4888
-4864
-3677
-3024
-2088
-1747
820
2353
1435
2338
2199
1703
1816
1837
1082
444
1115
2281
2679
-1982
240
-1414
-3678
-3365
-4795
-4029
-4139
-4483
-1811
-4640
-1394
-2165
-7592
5234
998
1409
2882
-2828
4054
3635
4582
2784
1488
392
-7149
-4651
-5023
-7986
-7696
-8568
-5671
-6739
-8118
-3020
-4334
-4153
-1609
3948
3653
3931
5776
8176
8958
11537
13002
15099
15741
16353
16820
12949
10981
11152
9474
7186
6101
5203
3870
1821
246
714
1030
3507
-1082
3149
2144
-392
8252
2329
4730
4379
2784
5340
3249
1369
12
179
-2088
-2088
-1520
-2740
-991
1807
-1884
-4047
-4301
-4293
-6067
-8471
-7608
-6318
-4597
-4731
-2800
-148
2187
888
-61
-381
1216
-1217
-1892
1876
1049
1072
1003
-1170
-2424
-3927
-5356
-6846
-8536
-5776
-4684
-3591
-6606
3627
-5641
-1002
7550
1719
4938
2214
2891
4743
4653
4106
-973
-1965
-2629
-5216
-7059
-6249
-6174
-6185
-3864
-5661
-10650
-8249
-10587
-12324
-10082
-8255
-4766
-905
1535
4586
7153
8427
11548
12610
9766
11904
12667
12799
13583
14485
13520
11197
11044
8818
7614
3781
2098
1802
1793
2894
1923
2527
6314
-808
4759
10269
4201
7861
5186
4095
2887
933
1697
-1920
-944
537
-3773
-4411
141
-352
897
-5279
-3507
-3975
-5119
-6108
-6941
-6170
-6566
-7075
-2884
-1121
439
1788
64
-4730
-206
1557
1032
1464
2609
2012
1817
1012
-794
-2175
-3265
-3142
-4892
-5366
-4918
-3537
-5544
-1999
-1160
-8858
1350
508
-1111
2040
-1766
1311
4338
-1357
-821
73
319
1476
-954
-2023
-3205
-2713
-2977
-5447
-4119
-4827
-3068
-6906
-4180
-5705
-9251
-8433
-4669
-3160
-4261
-2905
-539
5834
6481
8812
9047
9503
10134
10842
10001
10281
10687
10044
9500
8608
6350
4747
4528
2350
4654
154
4142
6273
-1008
8215
7719
4998
7605
3707
6468
3387
3365
7297
3770
5784
-852
-1811
-518
-1007
-1531
199
-333
-4217
-3065
-1808
-2346
-2096
-1340
-701
-1126
-4356
-8092
-4462
-3173
-2228
-884
-909
1009
2103
1445
2540
1813
-648
1165
165
-1692
-1056
-2775
-3364
-3110
-2076
191
-3877
2316
-3363
-3607
8386
1038
4492
3094
463
5564
5669
2747
2507
2610
925
-70
-521
-2492
-4363
1052
257
662
-1978
-1865
-1186
-1511
-1633
-4464
-4245
-8856
-8705
-7164
-5277
-5060
-3968
-2223
2258
4463
3779
5092
3799
5924
5604
4341
8329
7618
7082
6915
6251
5275
4844
5634
1827
-717
6548
2717
3215
8148
1706
5755
8004
7213
8685
7542
7003
6995
7487
6923
5979
3864
4002
1544
3670
4686
2389
372
880
1854
150
-5944
-5798
-4871
-5082
-4671
-1679
-2224
-3749
-3141
-6497
-6146
-4999
-4978
-3820
-3391
-2527
-2882
-3927
-4284
-6411
-4487
-4458
-4953
-6311
-3485
-4004
-2373
-562
-9492
175
810
562
5549
1928
4217
4157
4997
5004
4510
4530
2358
747
591
2752
5574
6336
4444
2781
3086
5666
3423
-3955
-381
193
-2176
-3778
-4730
-6255
-7037
-6760
-6084
-6042
-5972
-3776
-4723
-3292
227
1309
2511
3025
2294
3078
2800
2078
1102
885
446
5911
5173
7389
6918
-2897
8686
8424
6001
9239
5933
9589
8583
9387
10294
9339
9713
8962
7489
7944
7681
8810
10688
10955
9600
2779
2879
3492
1262
1221
-1122
-2232
-2443
-4278
-4743
-5674
-6371
-6861
-6815
-7576
-8044
-7840
-7783
-6998
-6345
-5701
-6609
-6460
-7776
-9108
-9833
-9947
-9125
-8487
-10147
-3318
-4401
-5691
5160
1941
2500
3395
-175
-42
5054
7471
7123
7821
7958
7759
3501
3387
2190
2417
8797
1025
-1219
4035
3314
3823
442
-154
-1999
-3538
-4320
-6061
-8020
-7748
-10277
-9076
-9957
-11477
-12476
-10286
-7204
-8643
-3896
-2596
-1059
-83
-487
-945
-768
-322
173
322
2747
4575
8642
5759
5324
12411
9664
9045
8060
4889
7570
11916
12221
12488
13874
13067
13300
13519
12818
13119
6664
8765
11530
10028
9136
7550
6731
5367
4747
1888
528
-1489
-3806
-4746
-4041
-4892
-6407
-9386
-10071
-10066
-10897
-12536
-12800
-12698
-13328
-10805
-11253
-10321
-11003
-9569
-9682
-6101
-9477
-9773
-3662
-10190
-3680
4422
-774
3005
2358
2504
2283
7509
7975
7989
6935
7286
6443
9704
2003
285
7725
6769
8811
8484
4315
2874
4014
2583
2272
1940
1520
-1259
-1947
-3063
-4566
-5959
-7250
-7866
-10353
-9533
-10972
-10404
-10718
-7965
-9479
-7850
-5324
-5857
-3789
-5465
-739
-846
1455
1501
2869
7278
2741
6419
15219
12910
13021
13869
9878
11460
11262
14384
13285
12682
17292
9780
8932
9179
8986
11460
10738
14006
12315
6723
5266
9376
7293
5173
2952
-2188
864
-5281
-5517
-6079
-6240
-7679
-8198
-8983
-9833
-13114
-15915
-15724
-11561
-12670
-12317
-13526
-11681
-9844
-10753
-9123
-7278
-11060
-10871
-3581
-5488
-5813
6530
1558
6278
5827
6540
11161
10714
12755
10890
4871
7247
9255
10321
9083
7645
8485
8876
11559
9207
8579
7663
6554
4784
2596
2620
2615
-609
-869
-2015
-3704
-4342
-6685
-7774
-10125
-10709
-12111
-15544
-17874
-19559
-17840
-14186
-12459
-12640
-11268
-8457
-8034
-6876
-4248
-3053
280
8462
4614
10354
18319
10634
13093
14915
16121
18239
12656
11888
14478
13015
14151
14703
12351
11120
12963
11276
12661
14158
11417
10884
9397
6204
4484
3567
2334
2997
543
-731
-2345
-3965
-3809
-6498
-8041
-9035
-11223
-14331
-14764
-16501
-16057
-14104
-16106
-17259
-17596
-18277
-17314
-15526
-9525
-8988
-1807
-319
-5993
8733
5572
5442
6197
7721
7331
2245
10536
8519
9479
9981
9805
9045
6884
7042
7488
12455
12016
5181
6019
5693
3852
1958
3929
2833
1499
1285
511
-4469
-1993
-2077
-3645
-5646
-7196
-11711
-11221
-13438
-17915
-16026
-16347
-16749
-18768
-16001
-14537
-12240
-12538
-10775
-5539
-1926
-2038
612
3868
581
12463
16759
15851
11141
13538
17224
17128
20673
18966
20744
18991
19288
16269
15278
14226
16720
17455
14747
13430
10840
11645
9091
7345
5689
4927
3956
58
-1441
-1534
-4318
-3730
-6339
-8273
-8380
-10131
-10115
-10486
-11771
-15629
-16452
-17260
-15432
-14956
-14844
-13665
-13955
-13267
-11720
-12516
-1218
-4090
-6780
10341
-539
150
9311
3879
6999
5705
13665
5634
8660
9817
9337
8866
4738
9424
12104
7576
5972
6076
5012
6281
4203
1965
1300
671
-301
-1383
-3151
-1896
-352
-3489
-3990
-4132
-11114
-9136
-11645
-13639
-12576
-15540
-15041
-16531
-17996
-15839
-18567
-18004
-18543
-13364
-13606
-6292
-6825
1434
-273
-2482
12975
9937
12294
14715
14186
14111
21949
21648
19664
21240
16693
17378
15868
14769
12211
13582
12695
12511
11261
12991
10866
8778
8152
6197
7216
4697
3063
-835
-2398
-3314
-3844
-4087
-7991
-9143
-9554
-11105
-12086
-9783
-10221
-11140
-16417
-11654
-16801
-17095
-18251
-16646
-14144
-13275
-8988
-6268
-9715
-1735
4997
3145
6028
5896
6302
6959
8103
7961
9458
9960
8737
8268
6679
7566
9330
9556
8999
7720
6710
10417
8467
5598
4833
2825
3045
-235
-1488
-3005
-4647
-2076
-5549
-6003
-5854
-8630
-8733
-10766
-10692
-11406
-12495
-14873
-16348
-15896
-17825
-16932
-17083
-16769
-14808
-17042
-12164
-4195
-5766
-7194
1675
6291
5617
8197
9662
12527
14037
16132
16538
16544
18444
17455
15888
14118
15220
16878
16593
17515
12532
10247
11422
8566
7650
9236
7175
5876
3684
5870
-443
-1928
-1674
-2964
-3556
-6812
-6816
-6965
-9090
-8800
-9754
-9620
-9154
-9448
-8475
-10367
-8853
-13782
-14511
-8759
-12740
-3225
-6629
-9126
4439
271
342
3422
3927
7584
7019
9652
9109
8735
10352
9953
9812
7451
7970
8905
10487
11085
8137
6350
7430
5711
2834
4161
860
-667
-1182
-3259
-3606
-4178
-4034
-4757
-4911
-4315
-6561
-5665
-6980
-8771
-8587
-10046
-9341
-10602
-7843
-13389
-14535
-11283
-15627
-16130
-14845
-14829
-11428
-9782
-5900
3913
-1962
4727
7482
5510
8884
10834
12246
11280
15111
14123
13905
14743
16996
17137
15295
19615
19000
15600
15308
13064
8913
9838
11893
9686
3496
2301
4599
3785
4623
-1108
288
883
-687
-2134
-3698
-4227
-6418
-3096
-2620
-5478
-14840
-12007
-11762
-13030
-13420
-11381
-13511
-9072
-6144
-14896
-3311
-722
-4981
-1144
-550
1058
1394
4452
5189
5222
5391
5383
5998
6365
7197
8806
7859
9181
7227
5700
8499
5890
6724
4682
2951
2565
1029
-471
-1416
-1856
146
-1116
-1736
-3653
-1090
-941
-1895
-1817
-2468
-1701
-8315
-5082
-8698
-10286
-7757
-10283
-10394
-11788
-12076
-12024
-7857
-11588
-14919
-7061
-6280
-8023
-3357
-809
412
5113
6812
10888
12471
10630
10611
11303
14619
16897
15044
15703
17315
14522
16358
15026
12747
12485
10051
7817
7512
6899
6721
6581
6571
5645
6203
4239
2925
2674
274
1953
-5749
-4291
-4052
-2759
-2579
-8637
-8944
-11959
-7202
-8183
-11594
-10967
-4885
-11486
-11007
-148
-5098
-4025
-3161
-2596
-1726
-1779
-2516
-770
1588
2391
4810
1449
2936
4446
3992
4918
5420
4893
4680
4652
4010
3175
3709
2312
1665
4208
3813
3566
3466
3907
2257
3077
1944
3277
-1631
-4946
98
-1025
-1209
-3491
-5602
-8096
-9312
-6647
-7480
-13355
-12451
-12774
-13323
-7200
-15791
-9495
-3072
-8911
-8172
-8023
-7354
-6598
-341
-2038
-496
2743
4922
6620
7023
8766
11490
14443
16095
16150
14925
16495
14600
12822
12976
13144
11574
10971
10054
9561
9776
9930
6465
7291
5606
590
3832
2503
1798
404
2655
1815
-2377
-2808
-5200
-8812
-6431
-6681
-6759
-8835
-3899
-4216
-8620
-67
-1536
-2322
-5085
-6348
-4892
-3591
-856
-2880
-2297
-2276
-4704
-5012
-5483
-1446
-1002
987
2312
535
457
2849
3225
4824
5021
5602
7247
5326
4898
3292
4072
5950
6212
-231
2818
2191
-413
-347
-2131
-1593
-1909
-1630
-4120
-3780
-5854
-6997
-7829
-8361
-8316
-8757
-9036
-5036
-10515
-14371
-2562
-5752
-8808
-6374
-8174
-6685
-4419
-5323
-6435
-2428
-1106
-3007
930
4078
7049
9179
10922
12683
11121
12586
12383
12840
14233
15148
13902
13068
12846
11548
13575
9343
7263
10174
7636
7333
7506
6958
6608
6145
5093
3163
1264
-1260
-500
-3458
-5210
-6864
-5638
-7722
-4401
536
-11133
-3023
-599
-4269
-408
-3033
-3238
-2660
-1687
-3144
-4736
-5992
-4480
-4918
-4319
-6242
-3942
-2918
-784
836
157
2298
4285
4903
5376
3032
7480
6376
7723
5961
4120
6958
1867
2234
575
81
-424
-458
43
313
-128
-2291
-3659
-3779
-5442
-5239
-5953
-5898
-7061
-8149
-8651
-7378
-5855
-12941
-1344
-543
-3852
-2178
-4288
-5546
-4327
-2887
-5994
-7642
-9523
-10863
-8622
-5917
-2279
731
3396
9212
10622
7135
9340
9960
13420
14718
17339
17679
13169
16460
17702
16957
17322
15508
13578
11328
9531
10206
7492
4936
2501
245
-427
-2898
-3339
-2908
-3015
-2738
-3688
-3922
-4119
345
-5643
-5527
2817
-3666
-2611
-5142
-6465
-6425
-4460
-455
-3472
-3100
-4053
-6678
-5653
-4004
-5095
-4101
280
-584
612
3111
2633
2503
2293
8100
3648
4874
6314
1516
3227
3434
5604
5942
6845
3900
3317
1633
-356
68
-1798
-2629
-4926
-6656
-4622
-8552
-7918
-7792
-5674
-7900
-7436
-6766
-3565
-8470
-9385
-1065
-3363
-3458
-2461
-7810
-4571
-4035
-7085
-8121
-5339
-7228
