-462
-577
-359
2991
2270
4085
4498
4689
8070
7100
7830
8747
8127
5444
7696
7807
6067
6289
6266
7589
6316
6625
5941
6465
4516
2343
1466
-1278
-490
-2181
-5082
-6021
-6121
-8154
-7750
-8258
-8305
-4528
-5328
-7351
-1336
1763
-1335
5266
4590
4129
4552
1478
2236
3645
5692
6187
4711
2688
3499
3178
4545
3512
566
-34
-2184
-4084
-4972
-7531
-5634
-5657
-5030
-1966
-4640
-5528
-6231
-1771
-514
-2655
-112
-1438
-638
-951
721
566
-1887
-1553
-2541
-4619
-5537
-5968
-6169
-5285
-7168
-6310
-5951
1542
-2412
-3474
9515
6328
5700
6625
7081
7851
9278
11352
10462
10221
8282
6846
7039
5531
5562
5017
4213
5515
4966
3683
1330
728
-572
-317
-5305
-11652
-8844
-7741
-8659
-9936
-11068
-10114
-11313
-13271
-13911
-12763
-12447
-16320
-16318
-12332
-8267
-7457
-2483
-5266
-5287
2690
-1655
-1892
-311
3888
6260
1370
3426
7824
9891
13623
16632
15366
14065
15004
16572
13918
13027
11579
9269
9860
8907
8604
8450
7162
6936
8038
6716
5140
4779
3564
1548
-1480
-5908
-4141
-7959
-10077
-7446
-10933
-8274
-9604
-10364
-8825
-10343
-12010
-13189
-12648
-17711
-11759
-9952
-17645
-12397
-10826
-9951
-8354
-10984
-7954
-4748
-952
850
-4272
1473
8013
5518
8157
9706
11049
11250
14731
13925
13578
15717
14062
13068
11179
11070
11407
10939
11588
10097
8212
5947
5927
6666
1041
2729
-4680
-3219
2171
-4082
-5612
-5670
-2638
-1676
-3026
-6676
-2533
-2245
-6082
-7107
-4572
-3971
-6631
-8301
-11619
-10863
-10717
-10165
-10149
-10376
-10075
-8774
-8434
-17242
-7288
-2145
-2433
-2014
-4872
3869
3122
7203
8869
7370
9492
7033
6462
7048
6303
6351
7107
8156
5169
8969
8178
5611
9051
5286
4790
4303
4261
2332
-493
-676
1116
1001
2802
2859
4266
4024
3913
3754
2836
1161
-72
-979
-3117
-3679
-6222
-7325
-8388
-7806
-9212
-6935
-8321
-6510
-8243
-9674
-1256
-5830
-2781
-3529
-4291
-3629
-6366
-4084
-7918
-4717
-4084
-2242
-6412
-4794
-1376
-2205
4757
3163
5020
7144
4962
4548
7365
1376
4176
6872
4953
10635
8032
9747
12741
10652
7141
5304
5413
5625
5253
3651
1819
3002
2671
1058
957
37
-3219
-5036
-5182
-4299
-4330
-1359
-4827
-8227
405
-1321
-2832
-1561
-1434
-652
-1284
-2475
-4961
-2819
-6165
-5623
-3754
-7216
-5380
-6869
-8222
-9424
-7202
-10774
-10768
-1666
42
875
-2161
120
3623
5912
7506
6012
7502
9498
8712
8185
8271
5896
4379
5086
8118
6746
5890
4642
3327
4272
1129
-2836
-2717
-936
-1507
1218
1892
3824
-4619
-400
5527
736
2465
-410
2567
-4118
-1123
-681
-3605
-2218
-3364
-132
786
-83
-3113
1480
1011
2871
2764
-619
604
-1908
-2698
-3169
-8181
-6984
-5344
-7113
-5135
-4294
-507
-2587
-6142
-3698
-1878
-255
-1667
-1924
-1924
-684
369
692
1180
786
1148
1060
741
811
2157
5393
-1023
-518
6393
2469
6178
5335
7035
6551
3144
4811
3922
-489
845
6369
5545
6464
4149
6681
5832
4952
5383
3940
4310
4295
3538
2900
1017
-4326
-3885
-2632
-4026
-4741
-6191
-7064
-7028
-9173
-7875
-10499
-11385
-11471
-10929
-12379
-12643
-9290
-11089
-10859
-10600
-10059
-8381
-5863
-3594
-5265
-3583
-2186
-5372
1761
5833
2348
6918
6172
6059
12318
10258
12659
15949
12219
13050
11448
8486
8296
8448
8959
10101
9248
7993
8159
7389
7475
5450
4365
-491
719
2150
551
2043
-616
61
-1185
-2475
-1802
-4083
-6213
-6571
-7236
-7920
-11412
-12419
-16170
-17611
-17707
-17762
-19065
-19518
-16250
-16673
-13309
-11704
-12350
-9584
-972
1764
4980
9967
10195
9726
10594
12556
11535
12824
11343
11240
12167
13120
13834
12046
13834
15028
14700
13323
12802
10822
9232
7918
3561
3404
1767
1955
1020
2563
2685
-1200
-1870
-3166
-2699
-2217
-5027
-6651
-10344
-9651
-10682
-12658
-9623
-11978
-11573
-15010
-15177
-15048
-15810
-9205
-4240
-8367
-8775
-4918
-6322
-4830
-3944
-4354
-1648
-284
1230
1336
854
5323
3435
7748
11126
8371
9246
9925
9813
8870
10443
10033
8745
8064
8960
5703
5473
7333
6172
7217
4341
3324
3783
979
826
-249
-5173
-5480
-4008
-7581
-5808
-5727
-8553
-7338
-9414
-2966
-1735
-5730
-4511
-6016
-852
147
-5230
-2828
325
-796
963
2870
3081
3988
3421
2687
1021
-63
-902
-2408
-3992
-5397
-5469
-3625
-3175
-1845
-3359
-3285
3260
593
3806
6085
693
4103
4328
660
-967
-1736
4181
681
1026
2968
-518
3296
1269
846
542
1989
5820
4780
4105
3414
1770
1994
452
-989
-598
-2732
2247
1855
-1165
4427
5887
4465
5871
5240
4258
4703
3965
5067
4150
3104
998
-654
-777
-1571
-3782
-5722
-6496
-7974
-9184
-9976
-10144
-11313
-12518
-12546
-11540
-13017
-11541
-10265
-6175
-3564
-2512
663
-2784
-395
4415
4253
4279
5581
4283
5735
6983
3868
4731
5032
5203
4312
4878
4713
4703
7446
-1369
1569
8377
6446
7494
6294
9949
10999
9553
7730
6080
4615
3650
1457
383
766
-1323
-1304
-1677
-674
-3610
-5342
-4901
-7060
-10973
-6517
-8241
-15023
-11710
-12829
-12992
-16548
-11296
-8562
-10648
-4766
-7154
-2851
-4175
-7396
-2355
-2386
441
3912
2483
2560
3811
2347
3486
2021
2001
5974
9170
12164
5262
6587
13309
10208
9218
9662
8687
8841
8574
9065
7551
6505
6214
2356
3316
1350
3795
-100
-1175
2796
-998
-319
-1539
-3863
-2842
-4163
-4109
1006
-5365
-5495
-3032
-3719
-1661
-2032
-2682
-5893
-6328
-8593
-10202
-9002
-8832
-8760
-11995
-11153
-8354
-8003
-12744
-10931
-9160
-8930
-3086
-1521
2209
-1822
4385
9045
6240
4432
6748
10261
10091
8846
10238
12280
9073
7643
4759
6059
4525
7109
7481
6162
5483
5737
4678
6386
7803
2208
5743
1770
7
3134
2059
2079
-59
512
128
-4327
-3110
-3690
-6428
-5558
-5036
-6341
-4955
-6921
-8544
-8077
-11502
-11684
-14869
-15891
-16443
-16688
-14587
-11534
-8948
-7186
-4205
-4376
-4404
-4429
532
592
3747
5563
4896
9549
8518
9479
8680
9822
10815
15662
15738
13954
15921
12611
13649
11683
11759
11405
9796
6550
6414
6953
6758
4475
2089
2687
778
2199
1896
1552
971
-1481
-2782
-4026
-6163
-7292
-11322
-11663
-11786
-13833
-13686
-14380
-10796
-8892
-8249
-10129
-10066
-8730
-6946
-6885
-8340
-7979
-8401
-7377
-7781
-6440
-3413
2044
2048
5636
9007
8512
10747
11004
13210
12003
10735
10301
11507
10813
11253
9667
4542
7549
8579
7018
6697
7675
7019
5209
4930
3625
2082
1708
69
372
-1899
-3644
-6068
-8035
-9867
-9028
-10722
-11886
-8562
-11093
-10288
-9220
-4478
-8110
-6279
-1464
-3377
-4348
-6195
-2776
1720
707
960
564
266
3409
1538
83
-1972
-2808
-2627
-209
1257
1589
-1681
1338
2346
4392
9012
2184
3795
4313
4054
3626
3262
5421
2460
3633
4464
3587
4275
1733
2233
2785
419
-1446
-3251
-5922
-7323
-8402
-8594
-5353
-5496
-4567
-3337
-6660
-2718
942
5280
7446
5790
8642
6015
6900
8891
8479
8630
5097
2245
2304
3194
1796
877
1266
366
-1557
-3668
-4776
-5420
-6307
-6378
-9906
-11593
-8316
-7069
-6818
-8907
-8189
-3734
-1974
-1800
-371
866
-1074
-1151
-1949
-2483
-4108
-4368
1012
-439
-2651
-1248
-1232
-2524
-2763
-1783
4897
7490
2868
5964
9477
9448
9118
9968
10707
10253
10785
10628
11468
13187
11698
8848
8143
6282
6988
6634
5681
4533
3531
2643
579
-130
-2599
-2522
-7626
-8197
-7375
-8326
-10040
-13154
-15191
-15466
-15627
-14646
-16641
-16725
-9114
-16815
-16049
-11021
-11188
-6866
-7938
-6203
1686
3247
650
5395
4567
6410
10520
2863
7486
12903
10113
12408
13707
14146
14201
14079
12741
11631
11120
10966
9354
7495
8733
6135
4291
5034
3482
6071
4378
2811
757
924
-2121
-7585
-8228
-6570
-5306
-7178
-7325
-10635
-6494
-6597
-11304
-12051
-15495
-16120
-14496
-16494
-13060
-13105
-16301
-14222
-14816
-10704
-7708
-7462
-12331
-7135
-3539
-314
1815
-1140
5567
8021
8648
10530
13371
16207
14246
13892
15296
13241
13319
12069
12009
11047
9865
8891
7872
5878
1912
3462
4223
3604
3863
4433
1990
-6868
-3694
299
-4445
-4916
-4593
-3614
-2519
-3990
-4212
-320
-2675
-5132
-4043
-7202
-7828
-9720
-12592
-12838
-13515
-14483
-13937
-12534
-9823
-8816
-7116
-10465
-10556
478
952
1064
-2222
-1314
3754
4352
7802
10441
11366
10342
11653
10387
10605
10205
9001
8589
8243
8287
8805
1410
4841
9631
6283
7273
1288
2009
4170
2566
3508
7738
5566
3805
3550
1911
2613
1223
1069
562
-247
-252
-1446
-4820
-5115
-6506
-7298
-7094
-9320
-7592
-6982
-5293
-4569
-13330
-9538
-2184
-5363
-6806
-7877
-5373
-7393
-5928
-2458
-914
2886
-105
-2114
-5966
-2556
-814
1097
5704
4537
7788
7375
6310
6711
8117
10041
12380
11459
10473
11553
8903
7492
8278
6564
4883
4978
4972
4271
4591
3620
3101
1238
-2575
-2714
-4686
-4984
-6952
-6934
-8198
-7887
-7527
-4861
-4352
-8701
1623
926
-831
-378
-2746
-2776
-5950
-4571
-5301
-5742
-5507
-8836
-5365
-3882
-7976
-7535
-7617
-6697
-4780
-1685
3488
6966
345
2198
1814
-1318
5489
6895
6562
5839
6565
6870
7360
5714
7110
4812
4023
3962
5093
7327
6368
5796
2356
1298
395
-2303
-1572
-2537
-5313
-3884
-5163
-2562
-5474
-7975
-527
-1702
-501
805
1353
1946
-3422
399
1453
-1988
416
-1906
291
-1207
-3248
3850
243
-1332
-36
-1447
-1446
-1425
14
-1992
-1686
-6927
-8531
-2204
426
-940
-5711
-4555
-3656
-1841
1234
874
1438
2800
3310
3049
2635
2964
2245
1387
-156
-1461
-3597
-3409
-2925
-801
709
-8751
61
3866
-3098
5513
6325
6196
7055
5340
6930
7898
4070
7664
9578
5523
6524
6554
6580
5851
6145
3366
1310
987
725
-129
2495
-2185
-5494
-2614
-6528
-8383
-9766
-8473
-9657
-11676
-11835
-10857
-11197
-9110
-7798
-9392
-10585
-13436
-11996
-9775
-6184
-8298
-10759
-7085
-7018
-6460
-5769
2225
928
-2501
4307
4521
4345
5021
10405
14326
15697
17025
14871
12814
14376
12918
11333
11519
9304
9084
7770
6728
7917
5992
6282
6498
5297
7377
3068
947
644
1192
1395
-1677
-4571
-6514
-4769
-7925
-10095
-11454
-10750
-11253
-11961
-13939
-16516
-16837
-15700
-17108
-20430
-13077
-15123
-12481
-10719
-11476
-5300
-10812
-4107
5018
6438
8664
8948
10392
11587
10567
11788
13178
12321
15600
14539
15318
14567
11665
13725
11713
10654
12401
11575
12609
10921
8447
9673
4367
1169
3757
2416
2200
1916
1313
1936
-2759
-4700
-5883
-6475
-8094
-9851
-10964
-12132
-7283
-12054
-14282
-16026
-16947
-13656
-13235
-11824
-12878
-8234
-5510
-9113
-12656
-6836
-5776
-5764
-790
-1904
-3788
494
2626
2820
7527
9141
9376
8767
9705
10039
13360
12199
12163
12400
11001
13305
11225
11458
9788
9035
4263
2697
4040
3153
-1048
-1289
-1836
-1941
-952
-4899
-3356
-8230
-6647
-5915
-7040
-3630
-2917
-7016
-5005
651
-4393
-6236
-5081
-4655
-5683
-1719
-5405
-9742
-3980
-2934
-4033
-2944
-1647
-2479
-2594
-2713
-2766
-1718
-4225
-489
1069
1163
1050
-4326
-961
1999
4039
7172
7304
7678
7148
6002
1812
-1780
1778
3062
-1236
3752
5183
1684
7898
5794
4051
5119
5968
3594
1201
6697
4341
-1301
-1757
-807
-710
-2737
-3018
-4025
-4718
-876
-1473
3723
480
-2410
6065
3438
2076
1368
1840
2195
3229
1222
-1031
-609
-1439
-2519
-4558
-4934
-5453
-6187
-8019
-6919
-7056
-9130
-6004
-3449
-7352
-5853
-8173
-8878
-975
-826
593
429
2995
4149
4200
7507
5179
5097
5706
7851
6687
3788
2477
1547
3219
3465
2672
1876
3213
3209
3038
4473
6987
4346
-59
6194
8752
3303
3554
3302
1437
3246
2759
1625
525
286
859
-1219
-733
-4299
-3854
-5069
-7689
-8632
-6192
-6952
-8298
-6575
-13003
-15211
-12046
-10231
-8112
-4803
-7671
-2913
-1134
-3143
-4087
-5009
655
-765
2303
4114
2162
4064
4699
3514
2827
3305
3903
3624
3587
3006
2497
3354
7451
4248
2903
9655
10681
8515
9049
8096
6532
6582
6666
4660
1102
3206
-2253
-5132
1412
-401
-2298
-1107
-3279
-2275
-3176
-2192
1781
531
737
-3932
-4219
-2776
-759
-199
-4484
-4508
-4627
-4908
-7255
-10069
-12055
-10302
-11973
-8751
-5834
-4255
-3779
-8456
-5643
-7282
-6152
-4778
-4348
-3038
-957
4680
-14
1306
8428
10159
9446
9330
5735
5369
7623
1802
7470
6683
2960
6520
2958
1295
2148
3495
9864
10935
8316
8510
7273
6362
6351
3600
-591
810
1382
3495
2827
823
435
-693
-1361
-1287
-1925
-3596
-5330
-8268
-10648
-10428
-10941
-11634
-10037
-11955
-13012
-12647
-15919
-15752
-11658
-11137
-8183
-6822
-11733
-8321
273
-1714
2876
9490
6312
9291
8403
6479
7696
6506
10537
14507
13702
13214
12757
13878
14543
12689
12481
11062
11095
11428
9493
7854
2489
3219
5421
4564
3211
2097
2312
1669
-168
-812
-1604
-3713
-5459
-5728
-7018
-9012
-8848
-10923
-10744
-12066
-12679
-12830
-13388
-14048
-15183
-14769
-9207
-12434
-12432
-5718
-7357
-5139
-4711
-3714
626
3052
527
3567
3297
5386
7512
8265
9721
7053
9336
8999
9368
9794
8743
10739
11648
13183
13934
8869
8938
10215
7424
6832
5093
4134
4382
529
262
-90
-1223
-170
-276
-3010
-5790
-7228
-8166
-9036
-11501
-14820
-14890
-9425
-12713
-12225
-11921
-11270
-6424
-11128
-1831
4947
-98
-45
1397
1460
-496
155
-177
-1881
-2220
-861
-615
-178
1585
2023
-1583
488
5177
5525
5459
5973
8518
6521
5124
3488
5538
6225
4989
3570
2814
5357
5062
4603
3186
1955
2076
-430
845
171
-5551
-1488
-153
-3566
-3091
-5344
-6414
-5779
-3995
-398
4304
-1695
-8127
2117
7579
4296
5051
5618
4644
3868
3958
3604
3096
2464
994
915
-635
-1282
-4206
-4440
-6844
-8926
-8759
-10042
-6855
-5970
-3454
-7010
-10724
-7719
-3587
-2128
-2329
-2577
-1958
-877
-2187
-153
-3695
-3109
258
-106
1576
842
3755
1928
4004
8019
3409
2807
2904
3228
3914
8425
10319
4433
6341
8217
4448
6943
9821
7323
7868
6832
7774
6366
5333
6036
3499
4200
1290
1477
1928
-347
-343
-3700
-5077
-6904
-8504
-8634
-12863
-13536
-15158
-16812
-15678
-17474
-15663
-13158
-7876
-6137
-6874
-9265
-8747
-4741
-6410
459
1516
-31
-874
-967
309
473
3947
3205
3865
6509
12394
10333
7551
15539
14449
10265
10353
12379
12065
10217
11254
10399
8694
7509
7602
5627
7155
6390
6295
6290
3188
962
13
-537
-1965
-1594
-1656
-7798
-14879
-10108
-10627
-12613
-11893
-12955
-12817
-14486
-12500
-9707
-6420
-7320
-12039
-10485
-9931
-9456
-6228
-6420
-6562
-11357
-7581
-3907
-1709
-3672
-3146
33
5254
9803
4174
8310
10996
10112
10524
9852
11452
11930
12064
12278
10895
9269
6856
5949
6188
5414
4196
3374
6006
7209
2011
-2240
1949
3268
-1065
-2805
1023
-3740
-5097
-1552
-254
329
-3131
-2996
-1803
-2740
-4105
-5326
-7811
-8414
-7973
-7829
-9444
-9875
-10211
-13134
-15111
-14569
-13351
-10843
-6622
-1750
-2096
-8342
-3338
1334
1009
5882
10093
8148
5931
9573
9250
7445
7052
7519
8992
8759
7820
3825
8538
12810
11624
10907
8073
4873
4909
8417
7117
6011
2913
1788
1573
1859
2286
-42
-1152
-615
-1773
-935
-1602
-1754
-3409
-5835
-5176
-6116
-5508
-5300
-7168
-8525
-11244
-14452
-14218
-11441
-9387
-5524
-6387
-11877
-811
-4004
-6992
-5426
-4951
-2011
-3211
443
-1831
-7430
-5230
7225
3764
5442
7626
5959
8507
10685
14954
12039
10853
10375
8523
6092
8064
8209
7664
9397
9094
9592
8765
6831
5661
4229
4199
2654
238
-39
-789
-834
-1994
-3304
-5035
-8603
-9292
-9703
-10998
-10362
-9239
-6632
-7491
-10114
-3940
-1817
-2814
-348
-1709
-6665
-2077
380
-4236
-5167
-7717
-7523
-6388
-8617
-2082
1578
-2561
756
-739
1624
2133
4604
2953
2406
6437
7482
8461
9048
10570
9247
10970
9294
9393
6636
4890
4028
1532
2432
1657
963
148
-1755
-2190
-1477
-1739
-3509
-6251
-8933
-10281
-10415
-6915
-3433
-7483
-8525
454
2500
-136
3570
2269
-915
1217
2062
5032
8742
2934
2005
5000
4133
2255
2023
567
-1052
-634
-1927
-1684
-3826
-8156
-9251
-2835
-2923
-3142
-4487
-6369
-2956
-4117
-292
-2649
-904
349
933
1760
-213
404
605
2415
1091
-225
-3170
-794
-38
-612
-5085
-3739
1654
-634
-2387
-727
2809
2936
3362
8189
11940
9485
9911
12012
10206
10144
11254
8322
6522
7489
8605
8280
5951
6838
6231
4266
5081
-1220
-2575
461
-1253
-4602
-8875
-9943
-10921
-13130
-12553
-12796
-16509
-13062
-10581
-12289
-13280
-12791
-13571
-10831
-8679
-7306
-10313
-9568
-2464
-4874
-3285
12
-1485
2390
6371
5906
8116
7179
11110
10568
10472
11891
10991
11983
11148
13353
12870
12615
11563
10279
9759
5055
6577
7615
5995
5383
3705
7326
2814
1180
2315
864
-972
-4303
-3434
-4231
-7288
-7502
-9002
-11912
-14279
-14625
-16344
-16717
-19063
-21487
-16530
-19662
-20575
-20750
-15670
-11634
-15289
-8498
-8787
-10498
-2965
2544
1037
2376
6775
8688
8261
10317
12890
11831
12154
12679
14675
15788
15950
17963
17478
17537
16448
13889
11454
11346
11305
7948
6277
2013
1087
3400
1926
2080
2488
-223
-2678
-5880
-6027
-7187
-7008
-10031
-9482
-4350
-8482
-6934
-9395
-9243
-10428
-12434
-4776
-10783
-14410
-14115
-15451
-15473
-15355
-12466
-10155
-5940
-6707
-4733
784
3643
523
-1269
2093
4646
7200
9279
11944
12212
16031
15248
14468
14615
12094
12005
8918
8331
12382
12337
10562
7535
4862
3391
2286
1004
123
-4119
-1987
1291
-3340
-681
-3044
-3023
-794
-2038
3694
1801
-2698
-771
-2859
-6898
-7297
-10006
-10209
-10939
-6617
-5659
-5755
-3476
-1356
-2357
-6149
1158
-2918
-3211
-1545
-2193
-1123
-4060
-6528
-4385
-249
-1139
416
-1383
-3687
-166
4037
3763
4445
5554
3460
3619
5525
2790
9397
7540
4898
9316
5534
5867
7073
6114
6920
9605
4759
2317
2799
2972
1839
1579
445
-2165
-3118
-4024
-4548
-6119
-7403
-7980
-9320
-7963
-2642
-1155
-524
-4433
-5429
-958
-1876
-684
846
1134
638
344
-1625
-1029
-2566
-2713
-6076
-10879
-10300
-10450
-9622
-14293
-7587
-2598
-3668
-4451
-9167
-3311
1090
1217
8264
9402
4517
4655
6346
7425
7079
8159
7994
7043
7682
7612
7740
6648
7496
4014
543
1160
-957
-2515
-1750
-2947
-2990
166
2593
3384
-3808
945
5256
1000
4651
2782
2264
2084
1496
952
-2071
-3443
-2134
-1622
-7127
-2991
-206
-6232
-3374
-6216
-6313
-2730
-6959
-2098
-3256
-3884
-4251
-6872
-5829
-5406
-1978
-2379
-3601
-6597
-3898
-1738
355
2876
2963
4443
2862
4042
4192
3224
3689
2300
1887
-36
-2751
-3613
-4252
-1910
3007
2044
-1731
4685
6565
3995
5036
3533
4681
2053
-2161
3347
3794
1732
2665
-133
1332
6397
3034
6867
10909
5504
5614
5595
3459
2513
5186
585
217
903
949
-1058
-3990
-4009
-5409
-6967
-6720
-7401
-9700
-8908
-8780
-5213
-7612
-7193
-12561
-11282
-6562
-7115
-6475
-6725
-5941
-4539
-2719
1248
2658
-875
6694
7997
2388
4557
9155
5735
7369
7847
6009
9108
9736
6984
10513
10393
6808
10586
10285
10045
9425
10513
8032
7463
8382
6922
5804
5702
3246
-262
-339
-886
-4453
-3834
-5180
-5798
-3027
-4805
-6520
-9160
-10162
-13422
-13830
-14920
-16151
-15804
-16857
-16388
-18011
-18879
-14495
-11452
-15486
-7049
-3329
-8277
209
1256
2600
7309
7495
7965
10031
12376
10662
11600
11692
12702
12077
12604
13131
12402
14740
13471
12474
13883
13333
10433
9307
9246
7682
5992
6701
4247
1147
-200
-775
-1959
-3213
-4217
-3268
-5531
-7692
-10228
-11426
-10966
-13362
-14251
-14396
-13882
-18991
-16264
-14149
-13535
-13695
-16713
-9665
-13773
-12734
-3081
-6351
-129
1356
-4260
2312
-3898
2170
6129
2248
10574
11469
10705
11327
11440
11089
12195
11591
11941
12572
13272
8313
8907
12299
8981
8608
7717
6390
5322
4774
2679
2041
1845
697
-503
-3471
-5942
-4758
-7848
-9754
-5156
-5875
-8058
-9967
-11425
-11024
-10504
-8493
-8309
-8452
-7541
-3028
-7768
-11996
-3769
-5203
-4904
-1859
-2218
-1491
-2325
-3657
-2777
-1771
460
2045
3209
3630
1414
2129
2254
3096
4257
5584
5912
2441
3870
6890
7090
7132
6962
7213
7695
5903
6090
6206
1215
-28
2408
2568
2604
3219
685
-223
774
2821
209
-219
-454
-1103
-323
-3665
-2363
-2337
4094
-2471
-5124
5342
917
2538
5053
6062
3127
2844
4143
3748
2624
-208
-104
-1717
-3844
-3672
-4708
-6526
-5016
-6907
-5941
-4055
-6231
-3636
-3954
-8003
-8098
-3856
-3284
-5504
891
296
-528
2126
-1454
-790
1658
6377
8264
6517
7008
8025
7834
7000
4671
2121
1466
645
2328
3547
2835
2314
6789
3338
418
8082
4815
3974
3771
3319
3892
963
2066
338
-854
1311
1484
1163
-46
-2299
28
-2116
-2858
-3438
-5252
-10592
-9921
-13286
-15494
-10095
-13875
-11031
-15582
-13459
-4383
-3496
-2793
-5507
-6648
-4032
-1407
-502
2503
2423
4430
5676
5929
6831
5783
5048
1884
1475
2629
3311
4920
6370
288
3618
11015
8183
9938
10761
10588
7780
5572
5429
6033
4504
4169
3714
1174
-962
-789
-1422
-3836
-1899
-9282
-2516
-793
-6851
-610
-3218
-3198
-1785
-2920
-5475
-3816
-3808
-4297
-3525
-5157
-7267
-10360
-8656
-9932
-9434
-4692
-3765
-3679
-6587
-7810
-6204
-6489
-3857
-4221
-5576
-1272
1239
4692
8936
4399
9147
12476
9382
11407
11045
9995
6890
6715
4693
4695
3651
5611
7409
1850
1803
10514
4443
4352
5940
2942
6587
2237
2168
1641
3072
4548
4032
3413
2885
881
155
-106
-3224
-3078
-3919
-4803
-5005
-4467
-3874
-8514
-6615
-7116
-10624
-11234
-14309
-14222
-16000
-17804
-12144
-10870
-10278
-8389
-14213
-4220
1524
2349
6270
3804
6772
4201
7883
5277
4564
14020
7132
6097
7564
5827
9099
10397
9283
8220
8302
7080
9885
10328
10882
9750
7780
8112
7256
7937
7150
4435
1460
-237
-645
-599
-2185
-3395
-1790
-4116
-4396
-5763
-8103
-7949
-8710
-11948
-13634
-14363
-14924
-17937
-16380
-11663
-13035
-12524
-14443
-12073
-8001
-13369
-9472
-3415
-1848
-3981
-7503
-4686
877
9005
9404
9851
9859
7211
9584
8655
10251
10389
10429
10161
6851
10500
11279
9480
8703
9223
7647
7835
7999
6570
6052
5545
6632
4656
3509
2657
1017
1185
-429
-2814
-6223
-9548
-9854
-11353
-12133
-12372
-16029
-15649
-7459
-9214
-12225
-7836
-7504
-4783
-5834
-7874
-3260
3288
-238
-3854
-3355
-1563
68
-3217
791
3014
3339
4075
-1108
-591
1362
3989
3848
6683
8837
8932
8670
9394
11148
9120
10085
8059
5279
5081
3097
4136
5589
4315
3304
2004
580
2798
272
306
-3051
-5373
-3605
-10033
-12700
-6594
-7035
-7725
-2962
-3454
-1167
-738
1598
3873
-47
602
3329
4201
3237
2048
1658
720
1177
1508
2495
343
-131
-1278
-3128
-4976
-3582
-3704
-7339
-1633
-3521
-4783
-4748
-7423
-4555
-4353
-1552
1063
736
513
1517
3604
3748
1940
3429
1063
2776
466
-4763
1368
948
-3686
-4381
-4451
-4091
-2365
736
4076
4365
5163
5972
10331
10886
9413
11271
9567
10414
8911
6784
4566
3421
4432
3885
3529
3218
3248
3030
2798
1738
-409
-1476
-5658
-6625
-6524
-7820
-5264
-6964
-9766
-13950
-15425
-15538
-9783
-8170
-12238
-11063
-11635
-13264
-9002
-5997
-5066
-3146
-5287
-1822
1941
3918
2453
2068
2990
1341
1612
3312
6606
9467
8155
3755
10347
13672
10288
9526
10462
10884
11988
13902
11965
10905
9980
8984
7428
5061
3633
1836
1833
1520
1472
-1341
-4837
-4672
-4117
-5499
-7366
-10088
-11105
-10526
-11586
-13818
-13088
-11709
-14760
-15136
-14990
-16042
-14205
-13346
-9103
-5390
-5484
-7826
-6261
-5025
-4950
-3369
-3166
-1899
3149
5212
6952
7458
5242
11270
10248
12427
16671
16316
17492
15844
16552
14367
11534
9595
8345
8453
9388
7962
8289
7144
2432
3247
641
-2041
-1214
623
-516
-4632
-2662
-642
-3776
-6072
-1857
-3476
-4340
-3308
-4200
-2279
-5157
-7121
-8436
-10176
-9048
-6637
-7601
-9401
-10336
-9820
-11774
-12784
-15797
-12465
-7205
-3178
-2885
-9934
-2796
3010
2583
5534
8484
6942
8590
12256
12113
11218
10687
11717
8874
10039
8448
7550
8028
7984
8889
2647
3820
7365
3917
5590
3416
1171
3251
484
3016
7043
4279
2688
2548
-96
-36
-759
-2398
-4791
-5774
-5199
-5979
-7656
-10126
-8387
-8071
-10643
-9802
-9795
-8290
-4846
-4807
-6565
-6912
-6508
-7452
-7010
-5847
-9321
-296
-221
-1944
-1395
-4587
-1993
-1899
1715
3540
2311
2590
10527
7353
8723
9021
8008
9321
9290
10806
10133
13177
11749
9680
7468
8945
7972
7429
6882
4247
2064
553
75
-249
-856
-3108
-3805
-2811
-3368
-4826
-6364
-5769
-8845
-8642
-5594
-5810
-2341
-2837
-1805
-6131
-5007
-3770
-5835
-2838
-5084
-5259
-3811
-3054
-5817
-7268
-6157
-3623
-6859
-4145
-2266
-4035
-508
-3631
-4323
313
6349
5158
5166
5044
5798
6754
6818
9370
9614
10134
9159
9538
8538
6980
5460
6192
4825
4304
5168
4180
2835
-846
-1446
-1592
-888
-4599
-5713
-6490
-6697
-3091
-2236
-3002
-4035
-529
435
920
1411
-1083
1038
4763
-103
-1976
-1999
-3745
-576
-1036
-769
-560
719
-1615
-3039
-4000
-3683
-3090
-3233
-4412
-4209
-1239
-2738
1212
-1818
1161
2563
1938
4658
410
1626
571
805
1783
3982
3891
3754
5103
2320
421
-1250
-3390
-3365
-4686
-7252
-5880
-5588
-1380
18
-7521
-907
4605
1038
2725
4924
4047
5328
7896
6964
7412
7108
6558
6696
8536
7472
6736
6534
3691
4014
2260
658
1214
-2026
-2142
-1476
-2489
-2176
-6070
-6867
-8596
-10902
-10925
-10212
-6047
-10263
-8937
-9397
-11063
-9562
-8347
-6393
-7121
-4960
-7079
-7682
-8713
-5807
-10466
-6403
400
-174
2800
3204
6037
7386
13418
13504
14441
15668
13355
14007
11188
11341
12638
11425
11400
11366
10077
8652
8988
8386
6967
7467
5368
4843
4450
4837
2263
-389
-499
-4199
-3756
-5317
-7937
-8245
-9478
-12738
-13096
-13295
-13024
-14656
-16913
-16178
-19608
-16662
-19276
-16353
-15913
-17222
-14008
-13779
-9819
-8549
-4196
2443
4309
2941
5933
8983
10904
12005
13511
12353
13659
14273
15545
15837
15040
16490
14535
13942
12714
11894
10592
9384
8267
7240
6493
5731
5603
3603
2642
1311
1921
1474
39
-1383
-4317
-6048
-8684
-10702
-9605
-7958
-14067
-12943
-8388
-15113
-12692
-12704
-16520
-15260
-17279
-15392
-14406
-15419
-16064
-15333
-8802
-1052
-3777
-3783
182
908
6007
9031
10583
12272
13229
12605
15270
15601
15897
14147
11967
13372
14101
14448
14951
14805
14233
9298
6728
6478
6679
6307
4862
5786
2496
1690
-975
775
-7243
-6505
-1197
-8616
-7031
-7702
-6417
-5681
-5223
-4567
-1574
-4301
-6483
-5427
-8205
-10864
-12584
-12283
-10922
-9330
-10673
-5339
-4876
-9347
-8232
-7931
-7295
-4523
-1663
-1477
-1364
1166
-649
-1356
4026
4194
4917
7129
5980
6153
7767
8258
10598
11588
9379
6867
5149
8652
1667
7184
11931
4542
5057
4132
6612
4196
2672
3183
6130
2877
-333
-1741
-3515
-2826
-3261
-3414
-5512
-5769
-6957
-6913
-7102
-7272
-7399
-8681
-3017
-1882
-8722
-5309
-1661
-2862
-2717
2008
808
-603
1800
-1429
-4340
-5475
-3852
-5955
-7821
-8793
-3233
-4881
-4926
-1636
-6630
-2507
-820
2458
3678
5045
6722
4167
4714
4670
10132
8573
5216
7388
8676
8163
8389
9090
7303
6715
5422
1952
-232
-255
-1867
-2006
-3858
-5797
-5052
-5358
-3747
-4657
-2373
2737
-3425
-3571
5183
-1474
-1666
824
-2166
-611
-2913
1610
-1105
-1100
-3579
-2462
-1409
-7962
-398
-3915
-8168
-4088
-3541
-8183
-6553
-7280
-1583
6608
-2760
-1901
-1479
-458
1533
1715
3867
5457
7149
7488
8460
7426
5499
3393
2335
4270
2612
2803
2239
1848
1654
-783
-422
-1475
-2016
2652
531
-3078
2841
2104
477
2649
2021
148
839
4420
1987
3728
5113
439
705
3068
3462
3598
2331
377
3653
4481
-3297
-2273
-2548
-4448
-4060
-5623
-2417
-2167
-3831
-4529
-8015
-6653
-3881
-6514
-1599
-7620
-6635
-2961
-7543
21
-1280
44
997
-742
565
250
-1212
-1169
-4254
-5438
-2709
2631
2354
-1366
787
1308
5489
4925
7363
3899
-608
4788
4364
4694
8035
9093
5628
10610
12410
6455
8939
9244
7398
6171
2835
3480
3827
4667
2630
-112
-402
-1373
-2247
-4277
-3601
-6050
-7967
-9168
-12845
-12008
-11069
-8887
-11545
-15813
-15380
-16485
-13907
-11040
-15216
-15132
-10583
-9998
-9000
-7166
-870
-2385
-3092
-298
1073
4874
7591
9532
8660
11713
10214
14919
17267
12455
13101
14793
14919
14409
13350
13637
11011
11275
11013
6152
7559
6754
7799
7349
5535
5165
3459
1967
415
-1463
-3507
-4295
-5565
-7287
-8014
-6502
-8049
-9130
-9443
-10958
-11822
-15643
-18253
-20591
-21073
-19375
-19111
-16493
-18569
-13618
-10171
-6055
-8834
-6187
1502
3359
6932
6012
8881
5217
9279
12661
13250
14261
13875
14366
16501
17437
16406
17235
15515
15546
12423
9205
9705
8182
5679
5579
6981
4608
4187
4544
3580
2173
1192
485
211
-1951
-6155
-7163
-10533
-9057
-10131
-10671
-12115
-12710
-10492
-14084
-14442
-13540
-13888
-14134
-10138
-6498
-7111
-12623
-6680
-3080
-4217
-2218
-7456
-2679
-645
-2242
1643
2976
1497
1644
5753
7116
10943
13626
12352
12985
10955
8537
8511
9382
9419
8852
10495
9206
9713
10243
8296
5858
5024
4545
3877
-961
-2865
-4121
-5908
-6666
-8720
-2769
-10040
-7072
-7239
-10345
-7266
-7933
-7372
-9356
-8038
-6570
-1002
-711
-3845
-7483
-1165
539
-1111
153
-1157
-1926
-2819
-948
-832
-1114
-3351
-585
-793
-4745
-1538
679
-3224
1776
1055
-3118
1421
3806
6726
5289
6842
6474
2520
479
3976
3234
3516
5435
5143
7225
1703
2242
1967
920
1376
3436
1015
-1845
-2751
-2451
-2064
-4248
-911
-1546
1251
4265
4037
1201
-107
5986
4752
4658
4116
4006
3637
2506
3437
-467
-118
-1089
-2860
-3313
-3183
-1701
-1391
-3762
-2180
-4592
-9860
-7487
-5531
-7915
-10494
-5322
-6903
-6253
-6217
-4884
-4789
-2564
1235
679
1213
5775
7946
2367
2456
3384
2172
4049
6669
5726
4665
2961
2900
1812
1338
1237
1785
6012
3000
-1877
2746
7515
5567
5741
4576
5559
4114
5843
6714
4253
3740
3340
2984
1227
3195
-1317
-525
-4503
-5821
-7611
-11682
-7192
-10459
-4770
-6792
-9238
-5443
-8201
-8004
-4184
-7189
-8235
-3504
-3968
-4429
-5331
-3161
-2387
-2607
-3455
-1211
1909
-595
214
1942
3751
2871
3932
5323
5115
6979
7390
3464
4138
9348
7444
7564
7405
9181
7455
7528
7590
5454
5539
4035
4799
1775
2849
-594
-1221
-2172
1667
2012
-5772
1276
865
-3426
-1519
-745
-1773
-1354
-1343
-2818
-2605
-3530
-7397
-9249
-6077
-8081
-10571
-9798
-9669
-10550
-10541
-7801
-10596
-10547
-10477
-11786
-9220
-6242
-8607
-4117
-1061
2457
4611
-2075
9742
7435
5873
9645
7319
11953
8681
8379
7776
5595
8058
7220
7195
6123
3836
5427
4938
2711
5736
4811
4306
7450
8597
7032
6904
7522
5693
7160
3732
1521
1008
-596
-3096
-1740
-3437
-3374
-2560
-6185
-4567
-5762
-6089
-9507
-14398
-14290
-13445
-15237
-15814
-15355
-16027
-10594
-3315
-7494
-5460
-3514
-3042
95
-2142
34
461
769
2680
3368
653
3201
4832
6311
8919
11555
13030
13557
14706
13854
13039
10421
9297
9313
8484
8877
8225
8777
9790
8004
7917
6049
2680
1727
351
-214
-2078
-2049
-2077
-1610
-3920
-4303
-5031
-6668
-9893
-13668
-14482
-14721
-12001
-13103
-13230
-12130
-13877
-18619
-11468
-7753
-10788
-8149
-7856
-8525
-5636
-49
-777
1486
254
1072
-357
3516
5879
6452
7892
7065
10991
10494
11209
11715
12731
10265
10369
10507
10754
9984
7256
8950
7942
6952
5037
5332
4461
4592
3886
1757
-214
-2970
-4756
-5482
-3265
-4953
-6794
-9191
-9933
-8392
-10307
-6706
-2154
-11085
-6859
-2013
-7660
-1751
-4450
-2582
-86
-1814
-2029
-4909
-4357
-5190
-3135
-6017
-5818
-5193
-6148
-1142
-1770
905
-1219
-3531
439
450
4274
4496
4593
6611
7902
8613
8785
9192
7759
8155
8337
6050
5295
3513
4692
4061
1283
-302
-2594
-3734
-6027
-5164
-5830
-6940
-4249
-7048
-6881
-2509
-1221
-3989
1961
8517
3078
5147
6281
6004
5080
3042
3908
3624
5185
3558
3306
2226
1056
-619
-2224
-1991
-3960
-1696
-4042
-5260
-5399
-7071
-8842
-7970
-5429
-7478
-4664
-3904
-4675
-5635
-2992
404
-947
-1061
949
1622
49
-1845
-519
-627
164
1557
-809
659
-1151
-1225
1041
5516
10152
8779
4217
6041
9794
8367
9825
10824
10791
9267
8722
8596
7035
5989
5772
3971
3417
1944
474
690
318
1518
2852
-1648
-2727
-2619
-4346
-4827
-10441
-9716
-7052
-8067
-9088
-10993
-12458
-14688
-15668
-13410
-9308
-12553
-9363
-9828
-11056
-8205
-7177
-2584
-3919
-2085
913
-1753
1304
3586
4600
6388
10718
14465
6653
10221
15399
12802
10493
10568
10618
9842
12872
13677
12464
11607
10513
9563
7794
6003
4094
1711
1241
-54
452
-2543
-1672
622
-1380
-2556
-4890
-6526
-7018
-8338
-8118
-8541
-10270
-7694
-9438
-9460
-9374
-9685
-10163
-9287
-4361
-7953
-9362
-10686
-9722
-13058
-10080
-8409
-10447
-6547
-3521
5076
9405
4171
6391
13389
10241
12166
12859
12554
13027
10823
12756
12056
12669
13583
12487
10516
6800
5421
5810
4159
2100
2606
-1121
-3385
2515
799
-127
-745
767
-2468
-6124
-1439
-3821
-5346
-5386
-2828
-1042
-1571
-3589
-5711
-5295
-6327
-5675
-8142
-7524
-9279
-8601
-7594
-11375
-9924
-11689
-11712
-12669
-9584
-9654
-7624
-1884
-2210
-1529
308
4992
6618
7557
7088
5325
6135
6986
7953
9080
9165
10932
6817
10298
9210
3533
10392
1718
-1236
3102
3733
1919
-1586
2437
6793
8210
8495
5400
4096
4711
2630
3897
3122
1035
1846
931
-528
-1445
-1754
-2642
-6152
-6448
-6744
-8162
-10286
-7967
-10318
-8096
-5116
-9812
-3458
-3431
-2526
-4214
-3516
-1708
-4778
-4856
-4770
-3465
-7042
-4431
-7350
-5107
-165
553
2406
4121
4218
754
3040
4688
9619
12265
9594
8588
11230
9243
9228
8727
7107
6916
4476
5047
6089
2385
1941
2166
635
622
381
-535
-2153
-1005
-2311
-3575
-3443
-4000
-5432
-7476
-7483
-5696
-4498
-8565
-5598
310
-2867
-3491
-5394
-6213
-6150
-6654
-2642
-5620
-6196
-4396
-6200
-5058
-5396
-5751
456
1064
-762
-3370
-7362
-2326
-2402
758
2615
4929
9356
7254
6461
5139
6183
9175
10608
9646
8219
7642
7800
6284
6299
6351
4165
1183
2
460
-2722
-3890
-4868
-5049
-3433
-2420
-624
897
-416
-3631
-19
3185
1331
1546
4160
1968
1808
1728
152
-409
607
3557
1112
0
-823
-470
-2701
-3299
-3868
-6742
-3965
-4724
-6276
-6928
-6316
-3151
-1761
-2384
-2911
-2972
-4683
-3134
274
201
2178
3952
3263
691
1112
2325
2158
-324
-1857
-611
-1336
-1867
-4154
-1900
-4102
-2371
2067
1491
3322
-1762
3522
5103
3330
4662
5935
8684
7817
6646
5188
5632
6891
7629
4209
4073
3941
2838
1439
2064
2188
2389
1958
-551
-177
-1898
-3803
-3553
-5371
-8854
-10830
-9431
-8390
-9405
-8636
-7917
-5636
-8179
-11433
-8832
-9619
-8649
-4301
-5722
-4883
-5322
-6772
-2121
-675
-3901
-3342
4107
4271
1347
3915
11115
11511
11017
12429
10296
14083
14282
15420
14282
14040
14357
11331
11207
10851
8328
8472
10405
7796
4585
2605
3610
2294
566
-730
-1169
-2986
-3196
-5034
-8512
-7994
-9905
-6206
-8897
-10662
-12322
-16067
-16234
-19948
-17885
-19277
-18814
-18428
-18163
-17199
-14326
-10922
-12834
-9773
-5185
-761
4118
4742
-44
5594
10298
9975
14711
15416
16900
16505
17611
17050
15924
17446
15496
15837
14175
9728
10634
9122
8608
9162
4447
3772
2852
2572
265
-143
179
-1216
-3214
-5293
-3449
-5978
-6652
-6460
-5883
-9310
-7406
-9352
-11929
-10096
-10202
-10601
-11583
-11793
-11468
-10236
-11371
-10646
-11415
-12819
-12595
-7776
-8330
-9792
-435
560
-1441
1214
2232
5958
7990
12381
12808
11365
12319
12891
14134
14130
12051
13374
13385
13832
12610
9862
11933
10811
8980
6670
4183
3249
21
201
-886
-1868
-2979
-3146
-3630
-7317
-3071
-5246
-6435
-4729
-479
607
-4174
-5709
-4653
-4901
-6039
-6232
-7915
-7359
-10200
-7038
-6969
-6410
-3926
-7407
-2828
-4268
-3987
-1118
-3591
-4918
-4428
-3891
849
1691
2301
2542
528
3825
5755
5925
7417
7227
6664
6498
4372
4656
3915
3242
5712
4236
2986
833
4063
1571
-796
-301
346
5106
2619
1027
-127
-1663
-1788
-424
587
-1594
-3515
-4288
-4845
-4307
-3729
-6906
-4250
-2067
-1284
1534
-4054
2019
5116
2162
3715
1976
2060
745
-1372
418
-2232
-2792
-4877
-9682
-4281
-6538
-10442
-7751
-7260
-6483
-4701
-2709
-4264
-5987
-3411
1175
-740
2015
5107
6790
11966
7668
5620
6545
5960
6797
5986
5008
5165
4811
2921
2743
2058
2920
3329
950
826
-1569
-641
-3097
-3449
2614
1813
178
-5348
3224
3661
-686
4448
1239
3130
4623
2444
2738
1721
-114
-384
-700
-1130
-1827
-2036
-5689
-4520
-4331
-9362
-3526
-10473
-8910
944
-4393
-4667
-6327
-5577
-2738
-4162
1285
561
244
200
52
1477
3025
5405
4771
5323
5671
3595
4125
1095
2958
3316
2460
3386
473
3078
9097
2989
1488
8913
6287
6540
6602
4656
4450
2639
1406
5432
2666
3216
-1402
845
2669
-4720
2129
1652
889
2748
5768
-397
-3661
-2966
-4599
-4832
-6349
-4025
-4397
-4676
-4063
-5343
-12232
-7930
-5987
-8727
-7158
-7109
-7314
-7840
-6652
-7121
-3685
-3657
-3909
-2970
-3803
-1495
-2428
-4037
567
4705
3160
-2367
2134
5520
5336
8658
8319
6901
5251
10797
8500
4007
5149
5692
5979
7525
12272
8186
5732
7068
3449
2907
5117
3446
4705
5468
4986
3581
1404
-1039
-3656
-5249
-5438
-6665
-7126
-4221
-7212
-11663
-12390
-14538
-15849
-14489
-16651
-18682
-14412
-10704
-12237
-11681
-11004
-11546
-9328
-8981
-2994
-5056
-5209
4890
-1063
3678
9378
6166
6678
9692
13012
13609
19536
20761
14130
13037
13899
14103
14526
14454
14326
10822
11506
11760
11038
9026
6659
8098
5387
4486
2814
-78
-1372
-2788
-3540
-3380
-3058
-3271
-5257
-5280
-5833
-7192
-9504
-10803
-13776
-13279
-15602
-19044
-16953
-17239
-18798
-15571
-20467
-19863
-7906
-15243
-9812
-6127
-5919
-197
558
9138
6460
7675
10312
12166
14195
15185
16923
15336
15001
17008
18041
13892
13998
12485
10783
11657
9489
9004
7344
7195
7274
3669
1657
1349
-571
-276
-1744
-4141
-4642
-6048
-5827
-7465
-8995
-11323
-12276
-10185
-11979
-10463
-10979
-16140
-10250
-12757
-13578
-8507
-6286
-7637
-9572
1669
-885
-4416
-2714
-1322
-2567
-3600
-47
-314
1936
1355
1609
4168
6521
8324
10533
12334
12785
12268
6304
9111
12870
12120
12692
11371
12293
10322
9467
7481
5986
3111
2599
2409
-279
-3966
-4114
-4810
-6633
-4888
-7084
-10541
-8334
-12227
-11997
-9855
-9033
-9849
-9043
-4211
-5594
-3037
-214
-611
-6077
1676
1163
-1751
478
-1032
657
1100
1785
1635
2964
1353
1123
-1989
-1522
-6398
-165
1960
-3628
-1084
-4353
-5245
171
-1816
1870
3394
2086
6951
5978
2385
-1245
997
-447
2774
3141
-3628
141
-1
-1200
-2392
-1598
-1392
-4019
-1554
572
-2798
-4504
-1599
-1578
692
606
5335
-1323
-1765
10611
3074
8824
9289
7188
8850
5794
6750
3678
3188
4777
4286
3947
1430
528
388
-1702
-3299
-9110
-9790
-7483
-8813
-10131
-10435
-11644
-7594
-8629
-9012
-6809
-15531
-5743
-5041
-6489
-12
375
1332
-365
3714
5139
3847
4783
6628
6422
4574
2785
2920
3727
2907
2370
1202
2821
2524
-980
7130
8285
6406
8147
9139
10926
6173
7028
7956
8046
8100
6430
5789
4956
1907
-377
-927
371
2007
-1724
-4079
-5647
-9260
-7931
-7057
-10150
-11329
-11422
-11216
-12043
-10804
-9739
-7133
-2777
-6265
-6183
-3649
-4354
-5995
-3285
-878
31
2161
2347
749
-1990
-1222
-1789
294
2181
6959
3163
2707
10240
9778
12760
11321
13006
13906
11424
12193
9503
8648
9609
7575
4137
3666
495
1106
953
-130
256
-3724
-81
-1154
-3998
-3573
-4730
-2049
-1787
-386
1395
-3292
-4148
-4472
-6227
-4231
-7006
-9095
-9870
-10772
-11110
-13797
-12922
-13506
-12552
-11207
-11109
-10803
-9926
-7983
-7584
-7278
402
3590
-5509
-353
5505
2713
4809
7228
6825
7854
10744
10181
7197
5122
5935
4694
4556
8783
9089
8216
9192
6978
8286
8577
3065
5999
9639
6016
5803
3139
2158
2903
3023
1738
-141
110
-64
983
502
-593
-1839
-3655
-5775
-6403
-9992
-12259
-11686
-13160
-12331
-14851
-12875
-14946
-12432
-10186
-12525
-11468
-11901
-6125
-5236
-2034
-1317
-388
1112
-1348
1220
2932
6533
8296
8989
7195
10047
10464
7145
14002
16327
11725
12831
11414
9655
11830
11228
12422
8842
7317
7035
3531
3289
4224
3058
2068
2980
777
-360
-956
-2059
-4688
-4709
-2204
-5022
-6797
-7957
-8703
-9871
-11631
-13387
-14065
-9378
-9460
-8286
-12857
-13204
-10501
-15040
-13633
-13148
-12128
-8527
-7680
-6545
-2945
-2476
5005
6369
6004
8367
9003
10161
10829
12172
11489
14988
13940
12427
14439
13555
13107
13490
14064
14158
13420
7003
5226
6364
4779
2774
1156
769
-422
-1022
-2209
-3707
-5906
-7618
-8846
-8225
-10982
-11372
-14934
-12972
-8745
-10644
-6483
-7944
-5322
-2335
-6125
-3324
-1009
-3304
1183
2647
764
-1313
-4373
-3598
-3048
-5241
-4943
-499
169
-957
-1553
-90
-692
-1861
2662
4028
7442
8966
6997
9169
9647
9574
10252
9816
9603
7784
8150
4385
1812
3034
1543
768
-312
-190
-4374
-4021
-9217
-9692
-7939
-8902
-7522
-11151
-7763
-3216
-3080
-7943
5406
8700
2338
6160
5363
4456
3092
3560
3525
2811
1420
1605
2857
2663
2585
1553
-852
492
-370
-3851
-8943
-10229
-8639
-7103
-4492
-5492
-5824
-5785
-6778
-5669
-903
-1415
-1462
2906
-1548
-1051
-2105
-1389
-1094
-1657
2176
-2007
-2166
-3644
-5606
-4568
-2334
-1701
2501
8983
7366
2232
1603
7235
5940
9866
8310
8770
10261
8315
9615
9474
5812
4318
3989
4131
5424
3358
2564
2333
2224
-544
1469
449
-3669
-1026
-2809
-3578
-7287
-5633
-6663
-8826
-8230
-10547
-12626
-13099
-7046
-10630
-9406
-12894
-12879
-6775
-8961
-7921
-4814
-3962
-5121
1049
4361
4513
3256
3961
6985
10617
12247
5499
6667
15727
13228
11917
10990
9122
7721
8223
7904
7749
7756
7071
7857
4807
4667
4952
5784
6149
3798
2731
570
-3044
-3347
-2994
-3958
-4901
-8034
-6695
-5825
-9669
-9400
-9516
-10954
-9734
-10405
-13222
-12460
-13779
-17311
-14498
-11182
-10143
-9255
-10913
-12594
-8605
-7479
-8751
-4399
-1139
1650
3833
159
6328
11245
12289
16506
14107
15583
16363
15268
16101
13396
12165
12846
10940
9027
7335
6448
4605
5460
3495
6176
6047
-2031
-1013
-2133
-1717
-1901
-472
478
-2460
-1050
-4410
-5300
-2371
-3103
-4913
-3492
2715
15
-2352
-5849
-5587
-4555
-10283
-10894
-13671
-14901
-15609
-14957
-14786
-13751
-10135
-4625
-8387
-7737
-883
-2265
1569
5593
7650
4893
6598
9676
8421
8349
7529
7024
7997
7298
8878
7125
5320
6173
6869
11246
4980
2112
1799
5926
4548
-3391
3827
1811
-577
500
4861
6311
3863
4149
3355
1407
3158
2579
514
-413
-5052
-3725
-4390
-3424
-7734
-8709
-7245
-8714
-8188
-6702
-10355
-13171
-4552
-8409
-8941
-7654
-7172
-8289
-3421
-2147
-2774
1875
-1384
-1711
-1329
2546
1663
4282
5637
3740
4518
4440
3019
3676
9906
7739
7372
6705
9251
15408
10345
8957
9296
7368
6375
4419
4109
2004
2736
2333
390
1454
24
1047
-1313
-2997
-2292
-4518
-7292
-6356
-5066
-8945
-2985
-4398
-11336
489
1413
-1540
-29
-197
-1458
-3116
-5447
-6869
-9293
-8336
-7597
-13325
-10689
-10922
-8837
-9783
-6302
-5780
-4518
-3652
-1520
7798
2986
5578
5298
5474
6318
8185
8775
8632
10410
9794
11612
7157
7374
6978
4864
6443
6304
7774
4821
1187
253
-3975
-5007
-3275
-2485
-1802
1723
1409
-1237
-145
4385
4548
1904
775
-2183
-774
-453
-3019
-2609
-5551
-6423
-5002
-4828
-4508
-3589
-6145
-3079
1093
-3902
-3733
-5497
-4756
-6139
-5746
-3642
-4225
-2776
-3079
-2318
-1822
3767
1105
1893
2871
2229
6188
6502
8364
6658
6440
6960
4484
1291
1049
-863
-1549
-4691
-5632
-5828
-4
2823
-1949
-3587
3321
5711
2795
5899
1816
2409
3405
6285
5410
2787
4845
5870
11310
6940
2978
4821
4409
1981
1562
-206
-2268
-3156
-4583
-4318
-7250
-8099
-7939
-5958
-3283
-5142
-6902
-10433
-6322
-4034
-7778
-5309
-5907
-8442
-6752
-6616
-2995
-3655
-5811
-3153
-2334
-2214
-1400
804
1046
6816
6464
6801
6503
2408
7853
7501
9093
11360
8796
9463
17511
14136
7739
8256
5500
8408
10468
10871
8827
9730
7305
3322
3913
530
1321
428
-1025
2812
-1157
-1893
-2182
-5190
-5175
-8059
-8432
-9951
-11001
-15089
-14072
-15248
-17086
-16280
-18271
-14025
-12875
-11886
-14736
-14065
-10686
-10435
-9617
-7760
-5873
-1561
1032
-2880
3628
8154
13494
15151
11909
13113
13268
14362
15915
17818
14743
14704
12441
11676
14650
11388
11975
11357
9757
7847
4507
2504
1315
986
445
-834
-1408
-1561
-3338
-3209
-2511
-5670
-4676
-6307
-10290
-10063
-7090
-10842
-10659
-12824
-14120
-11756
-17675
-18621
-19406
-19588
-21697
-17586
-12792
-10899
-5783
-4565
-742
1243
1900
6002
8565
7991
8753
9201
10808
13662
15298
17116
16954
15385
16297
15316
14580
12825
12409
11976
8440
6573
5487
4813
4620
3807
3705
1875
2161
1562
549
-1210
-2405
-3176
-8148
-8770
-10906
-9725
-9564
-12140
-11890
-13343
-11951
-13501
-11059
-9577
-9728
-9226
-11812
-7121
-6004
-4876
-7755
-4956
-1243
-6019
-2263
-1648
789
4956
3913
3905
1516
1859
2582
5422
7024
7074
7792
7079
9335
10578
11967
11510
11341
9102
9206
10650
9140
6629
4447
946
-1272
-1759
-2309
-546
-2063
-2956
520
-2013
-3760
-2211
-2552
-4401
-3286
-21
-2765
-5060
-6500
-7310
-5239
-4109
-3984
1326
-4254
-1589
7147
3898
2571
3817
4100
3342
1496
2212
3099
344
135
-1991
-6397
-4296
-3793
-3856
-2852
-4857
-4245
-4654
-229
-498
3107
3960
2496
2676
2044
4573
3355
2592
-383
4357
5448
-920
2243
4209
4090
7457
3574
-255
25
-431
1787
-2477
-2890
-2524
-5108
-4453
-1680
-366
586
-3484
972
6746
6162
7788
6179
5717
4923
5656
5481
3733
2631
1993
-382
1739
-93
-1318
-3749
-7681
-6073
-7499
-10788
-9716
-11356
-9331
-4564
-6390
-7634
-12771
-7951
-5446
-6529
-3595
-2387
1592
2188
143
2554
3795
2989
4150
4393
4734
7400
5952
4483
2093
1792
699
1699
3472
4280
6102
-157
6507
7800
3547
7585
4683
6180
5536
3950
5012
4458
4234
2842
3097
3544
3565
1433
-1617
-1610
-4048
-3544
-1972
-5235
-10685
-5012
-5606
-14516
-12552
-9757
-7614
-9030
-13689
-6703
-7023
-8920
-7301
-10079
-7120
-5136
-641
445
2047
2248
3117
2149
3515
2455
869
3672
1056
5119
9560
9289
6858
9853
12801
11836
8646
9872
9796
8478
7968
6179
8194
6219
4827
5785
6271
4453
3317
930
-6235
-2622
2397
-1316
-1424
2194
4945
3254
1219
167
-636
-1340
-2885
-3731
-6112
-6721
-8168
-11221
-12165
-11631
-12750
-16006
-14851
-11402
-10126
-10450
-10167
-10377
-10407
-7756
-8250
-5996
-2570
1218
430
-1213
6903
6117
7048
10496
11245
12955
10631
10107
9925
10879
10968
10195
4230
3275
9898
4785
1448
11266
12082
4619
5880
3518
3224
4270
3755
2539
479
2764
2754
875
788
287
-1273
-1394
-4331
-5488
-6467
-6704
-6527
-8667
-9978
-10610
-13807
-15588
-15571
-17530
-14103
-16541
-15648
-11306
-10899
-9978
-13159
-6330
-3788
-3359
-1136
965
2264
5476
3031
3261
10992
11305
9775
14455
20482
16929
16244
16019
13849
12965
10854
11601
10864
9150
7821
7024
6676
5841
3974
5064
3166
1961
1206
-178
-1667
-538
293
-2302
-4469
-4083
-6649
-9299
-11079
-11951
-10914
-12109
-13290
-13757
-12065
-16124
-14859
-14054
-17123
-12670
-9403
-11640
-12819
-12892
-7196
-2910
-6481
-2940
4413
5091
6549
8414
7153
8670
9929
13586
14099
15499
16645
13579
11314
11758
12201
13629
13802
12345
11488
8235
7087
4850
5142
3922
1367
2452
3571
1016
545
-1534
-1904
-3794
-5961
-7045
-10110
-7690
-9590
-15033
-14995
-17152
-15967
-9113
-8982
-9631
-8881
-4806
-5487
-5920
-2231
1286
2053
-868
-6
-338
-2481
-1035
1010
-763
4903
3145
-499
1434
-113
2722
4914
5500
7416
6930
8126
9327
11582
10613
7468
8056
6534
7460
5272
4604
5173
2769
1284
240
-1871
-2308
-2431
-4952
-7878
-8977
-5940
-8664
-10905
-10024
-11265
-6221
-5947
-5239
-5211
1423
8358
4373
3926
4562
5628
5059
6709
5659
3982
2769
1711
229
133
-2748
-3951
-3981
-5503
-3209
-6167
-7309
-4539
-4897
-3387
-4186
-4156
-2500
-2084
1027
-752
-569
1632
1226
-803
54
831
140
1017
-2590
876
3672
487
713
-3610
-2022
-233
-5411
-4660
-1895
2937
3308
5563
2319
599
8007
7594
5919
4436
5962
4794
4755
6728
6190
6272
6351
4173
4856
4749
3707
3685
3500
-241
-371
700
-245
-639
-2989
-4829
-6873
-8333
-8339
-9055
-9672
-8063
-7405
-9663
-10261
-7429
-7258
-5726
-6328
-5978
-5318
-6190
-3934
-4694
-1786
2362
5442
2397
806
2679
3446
7875
6315
2676
5915
10805
10394
10230
12937
11363
11238
12365
11825
11044
9859
10430
9322
7480
7480
5649
4593
7245
4857
2114
3172
318
-3763
-3853
-4413
-6039
-6879
-8352
-10019
-11790
-11231
-11793
-14321
-16415
-19001
-14408
-13063
-14527
-8684
-9141
-6543
-6544
-8860
-5300
-7253
-7994
-4164
-4464
-836
1601
3500
8964
3730
7566
13271
8627
10572
11179
11856
12807
11300
13997
14397
14172
14844
13273
12188
9870
7914
8796
7487
5829
5796
2804
1528
-512
-2460
-2228
-3429
869
-1435
-5069
-3904
-5655
-5162
-8101
-9522
-4517
-3313
-6189
-9539
-11618
-11278
-11512
-12690
-13237
-12914
-15540
-13593
-14040
-14021
-11337
-12406
-5374
-6961
-2577
4758
3807
5893
5286
6880
7757
8715
9584
10262
9286
9483
11023
9613
10250
11045
13814
10952
6298
4941
2573
2321
3974
6961
2281
-530
3307
3025
-738
-4001
-365
4469
-391
-577
-928
-2552
-3607
-4046
-4158
-5007
-4246
-4459
-6223
-7454
-6553
-11536
-11944
-11457
-11861
-12121
-11717
-7811
-11764
-12527
-7717
-2979
-3062
-1904
-1424
-4721
-2961
802
3363
2901
7444
8190
8432
7513
5905
8220
9779
11396
9349
7770
5464
5123
6932
5497
5980
9309
9326
8356
9779
-462
-577
-359
2991
2270
4085
4498
4689
8070
7100
7830
8747
8127
5444
7696
7807
6067
6289
6266
7589
6316
6625
5941
6465
4516
2343
1466
-1278
-490
-2181
-5082
-6021
-6121
-8154
-7750
-8258
-8305
-4528
-5328
-7351
-1336
1763
-1335
5266
4590
4129
4552
1478
2236
3645
5692
6187
4711
2688
3499
3178
4545
3512
566
-34
-2184
-4084
-4972
-7531
-5634
-5657
-5030
-1966
-4640
-5528
-6231
-1771
-514
-2655
-112
-1438
-638
-951
721
566
-1887
-1553
-2541
-4619
-5537
-5968
-6169
-5285
-7168
-6310
-5951
1542
-2412
-3474
9515
6328
5700
6625
7081
7851
9278
11352
10462
10221
8282
6846
7039
5531
5562
5017
4213
5515
4966
3683
1330
728
-572
-317
-5305
-11652
-8844
-7741
-8659
-9936
-11068
-10114
-11313
-13271
-13911
-12763
-12447
-16320
-16318
-12332
-8267
-7457
-2483
-5266
-5287
2690
-1655
-1892
-311
3888
6260
1370
3426
7824
9891
13623
16632
15366
14065
15004
16572
13918
13027
11579
9269
9860
8907
8604
8450
7162
6936
8038
6716
5140
4779
3564
1548
-1480
-5908
-4141
-7959
-10077
-7446
-10933
-8274
-9604
-10364
-8825
-10343
-12010
-13189
-12648
-17711
-11759
-9952
-17645
-12397
-10826
-9951
-8354
-10984
-7954
-4748
-952
850
-4272
1473
8013
5518
8157
9706
11049
11250
14731
13925
13578
15717
14062
13068
11179
11070
11407
10939
11588
10097
8212
5947
5927
6666
1041
2729
-4680
-3219
2171
-4082
-5612
-5670
-2638
-1676
-3026
-6676
-2533
-2245
-6082
-7107
-4572
-3971
-6631
-8301
-11619
-10863
-10717
-10165
-10149
-10376
-10075
-8774
-8434
-17242
-7288
-2145
-2433
-2014
-4872
3869
3122
7203
8869
7370
9492
7033
6462
7048
6303
6351
7107
8156
5169
8969
8178
5611
9051
5286
4790
4303
4261
2332
-493
-676
1116
1001
2802
2859
4266
4024
3913
3754
2836
1161
-72
-979
-3117
-3679
-6222
-7325
-8388
-7806
-9212
-6935
-8321
-6510
-8243
-9674
-1256
-5830
-2781
-3529
-4291
-3629
-6366
-4084
-7918
-4717
-4084
-2242
-6412
-4794
-1376
-2205
4757
3163
5020
7144
4962
4548
7365
1376
4176
6872
4953
10635
8032
9747
12741
10652
7141
5304
5413
5625
5253
3651
1819
3002
2671
1058
957
37
-3219
-5036
-5182
-4299
-4330
-1359
-4827
-8227
405
-1321
-2832
-1561
-1434
-652
-1284
-2475
-4961
-2819
-6165
-5623
-3754
-7216
-5380
-6869
-8222
-9424
-7202
-10774
-10768
-1666
42
875
-2161
120
3623
5912
7506
6012
7502
9498
8712
8185
8271
5896
4379
5086
8118
6746
5890
4642
3327
4272
1129
-2836
-2717
-936
-1507
1218
1892
3824
-4619
-400
5527
736
2465
-410
2567
-4118
-1123
-681
-3605
-2218
-3364
-132
786
-83
-3113
1480
1011
2871
2764
-619
604
-1908
-2698
-3169
-8181
-6984
-5344
-7113
-5135
-4294
-507
-2587
-6142
-3698
-1878
-255
-1667
-1924
-1924
-684
369
692
1180
786
1148
1060
741
811
2157
5393
-1023
-518
6393
2469
6178
5335
7035
6551
3144
4811
3922
-489
845
6369
5545
6464
4149
6681
5832
4952
5383
3940
4310
4295
3538
2900
1017
-4326
-3885
-2632
-4026
-4741
-6191
-7064
-7028
-9173
-7875
-10499
-11385
-11471
-10929
-12379
-12643
-9290
-11089
-10859
-10600
-10059
-8381
-5863
-3594
-5265
-3583
-2186
-5372
1761
5833
2348
6918
6172
6059
12318
10258
12659
15949
12219
13050
11448
8486
8296
8448
8959
10101
9248
7993
8159
7389
7475
5450
4365
-491
719
2150
551
2043
-616
61
-1185
-2475
-1802
-4083
-6213
-6571
-7236
-7920
-11412
-12419
-16170
-17611
-17707
-17762
-19065
-19518
-16250
-16673
-13309
-11704
-12350
-9584
-972
1764
4980
9967
10195
9726
10594
12556
11535
12824
11343
11240
12167
13120
13834
12046
13834
15028
14700
13323
12802
10822
9232
7918
3561
3404
1767
1955
1020
2563
2685
-1200
-1870
-3166
-2699
-2217
-5027
-6651
-10344
-9651
-10682
-12658
-9623
-11978
-11573
-15010
-15177
-15048
-15810
-9205
-4240
-8367
-8775
-4918
-6322
-4830
-3944
-4354
-1648
-284
1230
1336
854
5323
3435
7748
11126
8371
9246
9925
9813
8870
10443
10033
8745
8064
8960
5703
5473
7333
6172
7217
4341
3324
3783
979
826
-249
-5173
-5480
-4008
-7581
-5808
-5727
-8553
-7338
-9414
-2966
-1735
-5730
-4511
-6016
-852
147
-5230
-2828
325
-796
963
2870
3081
3988
3421
2687
1021
-63
-902
-2408
-3992
-5397
-5469
-3625
-3175
-1845
-3359
-3285
3260
593
3806
6085
693
4103
4328
660
-967
-1736
4181
681
1026
2968
-518
3296
1269
846
542
1989
5820
4780
4105
3414
1770
1994
452
-989
-598
-2732
2247
1855
-1165
4427
5887
4465
5871
5240
4258
4703
3965
5067
4150
3104
998
-654
-777
-1571
-3782
-5722
-6496
-7974
-9184
-9976
-10144
-11313
-12518
-12546
-11540
-13017
-11541
-10265
-6175
-3564
-2512
663
-2784
-395
4415
4253
4279
5581
4283
5735
6983
3868
4731
5032
5203
4312
4878
4713
4703
7446
-1369
1569
8377
6446
7494
6294
9949
10999
9553
7730
6080
4615
3650
1457
383
766
-1323
-1304
-1677
-674
-3610
-5342
-4901
-7060
-10973
-6517
-8241
-15023
-11710
-12829
-12992
-16548
-11296
-8562
-10648
-4766
-7154
-2851
-4175
-7396
-2355
-2386
441
3912
2483
2560
3811
2347
3486
2021
2001
5974
9170
12164
5262
6587
13309
10208
9218
9662
8687
8841
8574
9065
7551
6505
6214
2356
3316
1350
3795
-100
-1175
2796
-998
-319
-1539
-3863
-2842
-4163
-4109
1006
-5365
-5495
-3032
-3719
-1661
-2032
-2682
-5893
-6328
-8593
-10202
-9002
-8832
-8760
-11995
-11153
-8354
-8003
-12744
-10931
-9160
-8930
-3086
-1521
2209
-1822
4385
9045
6240
4432
6748
10261
10091
8846
10238
12280
9073
7643
4759
6059
4525
7109
7481
6162
5483
5737
4678
6386
7803
2208
5743
1770
7
3134
2059
2079
-59
512
128
-4327
-3110
-3690
-6428
-5558
-5036
-6341
-4955
-6921
-8544
-8077
-11502
-11684
-14869
-15891
-16443
-16688
-14587
-11534
-8948
-7186
-4205
-4376
-4404
-4429
532
592
3747
5563
4896
9549
8518
9479
8680
9822
10815
15662
15738
13954
15921
12611
13649
11683
11759
11405
9796
6550
6414
6953
6758
4475
2089
2687
778
2199
1896
1552
971
-1481
-2782
-4026
-6163
-7292
-11322
-11663
-11786
-13833
-13686
-14380
-10796
-8892
-8249
-10129
-10066
-8730
-6946
-6885
-8340
-7979
-8401
-7377
-7781
-6440
-3413
2044
2048
5636
9007
8512
10747
11004
13210
12003
10735
10301
11507
10813
11253
9667
4542
7549
8579
7018
6697
7675
7019
5209
4930
3625
2082
1708
69
372
-1899
-3644
-6068
-8035
-9867
-9028
-10722
-11886
-8562
-11093
-10288
-9220
-4478
-8110
-6279
-1464
-3377
-4348
-6195
-2776
1720
707
960
564
266
3409
1538
83
-1972
-2808
-2627
-209
1257
1589
-1681
1338
2346
4392
9012
2184
3795
4313
4054
3626
3262
5421
2460
3633
4464
3587
4275
1733
2233
2785
419
-1446
-3251
-5922
-7323
-8402
-8594
-5353
-5496
-4567
-3337
-6660
-2718
942
5280
7446
5790
8642
6015
6900
8891
8479
8630
5097
2245
2304
3194
1796
877
1266
366
-1557
-3668
-4776
-5420
-6307
-6378
-9906
-11593
-8316
-7069
-6818
-8907
-8189
-3734
-1974
-1800
-371
866
-1074
-1151
-1949
-2483
-4108
-4368
1012
-439
-2651
-1248
-1232
-2524
-2763
-1783
4897
7490
2868
5964
9477
9448
9118
9968
10707
10253
10785
10628
11468
13187
11698
8848
8143
6282
6988
6634
5681
4533
3531
2643
579
-130
-2599
-2522
-7626
-8197
-7375
-8326
-10040
-13154
-15191
-15466
-15627
-14646
-16641
-16725
-9114
-16815
-16049
-11021
-11188
-6866
-7938
-6203
1686
3247
650
5395
4567
6410
10520
2863
7486
12903
10113
12408
13707
14146
14201
14079
12741
11631
11120
10966
9354
7495
8733
6135
4291
5034
3482
6071
4378
2811
757
924
-2121
-7585
-8228
-6570
-5306
-7178
-7325
-10635
-6494
-6597
-11304
-12051
-15495
-16120
-14496
-16494
-13060
-13105
-16301
-14222
-14816
-10704
-7708
-7462
-12331
-7135
-3539
-314
1815
-1140
5567
8021
8648
10530
13371
16207
14246
13892
15296
13241
13319
12069
12009
11047
9865
8891
7872
5878
1912
3462
4223
3604
3863
4433
1990
-6868
-3694
299
-4445
-4916
-4593
-3614
-2519
-3990
-4212
-320
-2675
-5132
-4043
-7202
-7828
-9720
-12592
-12838
-13515
-14483
-13937
-12534
-9823
-8816
-7116
-10465
-10556
478
952
1064
-2222
-1314
3754
4352
7802
10441
11366
10342
11653
10387
10605
10205
9001
8589
8243
8287
8805
1410
4841
9631
6283
7273
1288
2009
4170
2566
3508
7738
5566
3805
3550
1911
2613
1223
1069
562
-247
-252
-1446
-4820
-5115
-6506
-7298
-7094
-9320
-7592
-6982
-5293
-4569
-13330
-9538
-2184
-5363
-6806
-7877
-5373
-7393
-5928
-2458
-914
2886
-105
-2114
-5966
-2556
-814
1097
5704
4537
7788
7375
6310
6711
8117
10041
12380
11459
10473
11553
8903
7492
8278
6564
4883
4978
4972
4271
4591
3620
3101
1238
-2575
-2714
-4686
-4984
-6952
-6934
-8198
-7887
-7527
-4861
-4352
-8701
1623
926
-831
-378
-2746
-2776
-5950
-4571
-5301
-5742
-5507
-8836
-5365
-3882
-7976
-7535
-7617
-6697
-4780
-1685
3488
6966
345
2198
1814
-1318
5489
6895
6562
5839
6565
6870
7360
5714
7110
4812
4023
3962
5093
7327
6368
5796
2356
1298
395
-2303
-1572
-2537
-5313
-3884
-5163
-2562
-5474
-7975
-527
-1702
-501
805
1353
1946
-3422
399
1453
-1988
416
-1906
291
-1207
-3248
3850
243
-1332
-36
-1447
-1446
-1425
14
-1992
-1686
-6927
-8531
-2204
426
-940
-5711
-4555
-3656
-1841
1234
874
1438
2800
3310
3049
2635
2964
2245
1387
-156
-1461
-3597
-3409
-2925
-801
709
-8751
61
3866
-3098
5513
6325
6196
7055
5340
6930
7898
4070
7664
9578
5523
6524
6554
6580
5851
6145
3366
1310
987
725
-129
2495
-2185
-5494
-2614
-6528
-8383
-9766
-8473
-9657
-11676
-11835
-10857
-11197
-9110
-7798
-9392
-10585
-13436
-11996
-9775
-6184
-8298
-10759
-7085
-7018
-6460
-5769
2225
928
-2501
4307
4521
4345
5021
10405
14326
15697
17025
14871
12814
14376
12918
11333
11519
9304
9084
7770
6728
7917
5992
6282
6498
5297
7377
3068
947
644
1192
1395
-1677
-4571
-6514
-4769
-7925
-10095
-11454
-10750
-11253
-11961
-13939
-16516
-16837
-15700
-17108
-20430
-13077
-15123
-12481
-10719
-11476
-5300
-10812
-4107
5018
6438
8664
8948
10392
11587
10567
11788
13178
12321
15600
14539
15318
14567
11665
13725
11713
10654
12401
11575
12609
10921
8447
9673
4367
1169
3757
2416
2200
1916
1313
1936
-2759
-4700
-5883
-6475
-8094
-9851
-10964
-12132
-7283
-12054
-14282
-16026
-16947
-13656
-13235
-11824
-12878
-8234
-5510
-9113
-12656
-6836
-5776
-5764
-790
-1904
-3788
494
2626
2820
7527
9141
9376
8767
9705
10039
13360
12199
12163
12400
11001
13305
11225
11458
9788
9035
4263
2697
4040
3153
-1048
-1289
-1836
-1941
-952
-4899
-3356
-8230
-6647
-5915
-7040
-3630
-2917
-7016
-5005
651
-4393
-6236
-5081
-4655
-5683
-1719
-5405
-9742
-3980
-2934
-4033
-2944
-1647
-2479
-2594
-2713
-2766
-1718
-4225
-489
1069
1163
1050
-4326
-961
1999
4039
7172
7304
7678
7148
6002
1812
-1780
1778
3062
-1236
3752
5183
1684
7898
5794
4051
5119
5968
3594
1201
6697
4341
-1301
-1757
-807
-710
-2737
-3018
-4025
-4718
-876
-1473
3723
480
-2410
6065
3438
2076
1368
1840
2195
3229
1222
-1031
-609
-1439
-2519
-4558
-4934
-5453
-6187
-8019
-6919
-7056
-9130
-6004
-3449
-7352
-5853
-8173
-8878
-975
-826
593
429
2995
4149
4200
7507
5179
5097
5706
7851
6687
3788
2477
1547
3219
3465
2672
1876
3213
3209
3038
4473
6987
4346
-59
6194
8752
3303
3554
3302
1437
3246
2759
1625
525
286
859
-1219
-733
-4299
-3854
-5069
-7689
-8632
-6192
-6952
-8298
-6575
-13003
-15211
-12046
-10231
-8112
-4803
-7671
-2913
-1134
-3143
-4087
-5009
655
-765
2303
4114
2162
4064
4699
3514
2827
3305
3903
3624
3587
3006
2497
3354
7451
4248
2903
9655
10681
8515
9049
8096
6532
6582
6666
4660
1102
3206
-2253
-5132
1412
-401
-2298
-1107
-3279
-2275
-3176
-2192
1781
531
737
-3932
-4219
-2776
-759
-199
-4484
-4508
-4627
-4908
-7255
-10069
-12055
-10302
-11973
-8751
-5834
-4255
-3779
-8456
-5643
-7282
-6152
-4778
-4348
-3038
-957
4680
-14
1306
8428
10159
9446
9330
5735
5369
7623
1802
7470
6683
2960
6520
2958
1295
2148
3495
9864
10935
8316
8510
7273
6362
6351
3600
-591
810
1382
3495
2827
823
435
-693
-1361
-1287
-1925
-3596
-5330
-8268
-10648
-10428
-10941
-11634
-10037
-11955
-13012
-12647
-15919
-15752
-11658
-11137
-8183
-6822
-11733
-8321
273
-1714
2876
9490
6312
9291
8403
6479
7696
6506
10537
14507
13702
13214
12757
13878
14543
12689
12481
11062
11095
11428
9493
7854
2489
3219
5421
4564
3211
2097
2312
1669
-168
-812
-1604
-3713
-5459
-5728
-7018
-9012
-8848
-10923
-10744
-12066
-12679
-12830
-13388
-14048
-15183
-14769
-9207
-12434
-12432
-5718
-7357
-5139
-4711
-3714
626
3052
527
3567
3297
5386
7512
8265
9721
7053
9336
8999
9368
9794
8743
10739
11648
13183
13934
8869
8938
10215
7424
6832
5093
4134
4382
529
262
-90
-1223
-170
-276
-3010
-5790
-7228
-8166
-9036
-11501
-14820
-14890
-9425
-12713
-12225
-11921
-11270
-6424
-11128
-1831
4947
-98
-45
1397
1460
-496
155
-177
-1881
-2220
-861
-615
-178
1585
2023
-1583
488
5177
5525
5459
5973
8518
6521
5124
3488
5538
6225
4989
3570
2814
5357
5062
4603
3186
1955
2076
-430
845
171
-5551
-1488
-153
-3566
-3091
-5344
-6414
-5779
-3995
-398
4304
-1695
-8127
2117
7579
4296
5051
5618
4644
3868
3958
3604
3096
2464
994
915
-635
-1282
-4206
-4440
-6844
-8926
-8759
-10042
-6855
-5970
-3454
-7010
-10724
-7719
-3587
-2128
-2329
-2577
-1958
-877
-2187
-153
-3695
-3109
258
-106
1576
842
3755
1928
4004
8019
3409
2807
2904
3228
3914
8425
10319
4433
6341
8217
4448
6943
9821
7323
7868
6832
7774
6366
5333
6036
3499
4200
1290
1477
1928
-347
-343
-3700
-5077
-6904
-8504
-8634
-12863
-13536
-15158
-16812
-15678
-17474
-15663
-13158
-7876
-6137
-6874
-9265
-8747
-4741
-6410
459
1516
-31
-874
-967
309
473
3947
3205
3865
6509
12394
10333
7551
15539
14449
10265
10353
12379
12065
10217
11254
10399
8694
7509
7602
5627
7155
6390
6295
6290
3188
962
13
-537
-1965
-1594
-1656
-7798
-14879
-10108
-10627
-12613
-11893
-12955
-12817
-14486
-12500
-9707
-6420
-7320
-12039
-10485
-9931
-9456
-6228
-6420
-6562
-11357
-7581
-3907
-1709
-3672
-3146
33
5254
9803
4174
8310
10996
10112
10524
9852
11452
11930
12064
12278
10895
9269
6856
5949
6188
5414
4196
3374
6006
7209
2011
-2240
1949
3268
-1065
-2805
1023
-3740
-5097
-1552
-254
329
-3131
-2996
-1803
-2740
-4105
-5326
-7811
-8414
-7973
-7829
-9444
-9875
-10211
-13134
-15111
-14569
-13351
-10843
-6622
-1750
-2096
-8342
-3338
1334
1009
5882
10093
8148
5931
9573
9250
7445
7052
7519
8992
8759
7820
3825
8538
12810
11624
10907
8073
4873
4909
8417
7117
6011
2913
1788
1573
1859
2286
-42
-1152
-615
-1773
-935
-1602
-1754
-3409
-5835
-5176
-6116
-5508
-5300
-7168
-8525
-11244
-14452
-14218
-11441
-9387
-5524
-6387
-11877
-811
-4004
-6992
-5426
-4951
-2011
-3211
443
-1831
-7430
-5230
7225
3764
5442
7626
5959
8507
10685
14954
12039
10853
10375
8523
6092
8064
8209
7664
9397
9094
9592
8765
6831
5661
4229
4199
2654
238
-39
-789
-834
-1994
-3304
-5035
-8603
-9292
-9703
-10998
-10362
-9239
-6632
-7491
-10114
-3940
-1817
-2814
-348
-1709
-6665
-2077
380
-4236
-5167
-7717
-7523
-6388
-8617
-2082
1578
-2561
756
-739
1624
2133
4604
2953
2406
6437
7482
8461
9048
10570
9247
10970
9294
9393
6636
4890
4028
1532
2432
1657
963
148
-1755
-2190
-1477
-1739
-3509
-6251
-8933
-10281
-10415
-6915
-3433
-7483
-8525
454
2500
-136
3570
2269
-915
1217
2062
5032
8742
2934
2005
5000
4133
2255
2023
567
-1052
-634
-1927
-1684
-3826
-8156
-9251
-2835
-2923
-3142
-4487
-6369
-2956
-4117
-292
-2649
-904
349
933
1760
-213
404
605
2415
1091
-225
-3170
-794
-38
-612
-5085
-3739
1654
-634
-2387
-727
2809
2936
3362
8189
11940
9485
9911
12012
10206
10144
11254
8322
6522
7489
8605
8280
5951
6838
6231
4266
5081
-1220
-2575
461
-1253
-4602
-8875
-9943
-10921
-13130
-12553
-12796
-16509
-13062
-10581
-12289
-13280
-12791
-13571
-10831
-8679
-7306
-10313
-9568
-2464
-4874
-3285
12
-1485
2390
6371
5906
8116
7179
11110
10568
10472
11891
10991
11983
11148
13353
12870
12615
11563
10279
9759
5055
6577
7615
5995
5383
3705
7326
2814
1180
2315
864
-972
-4303
-3434
-4231
-7288
-7502
-9002
-11912
-14279
-14625
-16344
-16717
-19063
-21487
-16530
-19662
-20575
-20750
-15670
-11634
-15289
-8498
-8787
-10498
-2965
2544
1037
2376
6775
8688
8261
10317
12890
11831
12154
12679
14675
15788
15950
17963
17478
17537
16448
13889
11454
11346
11305
7948
6277
2013
1087
3400
1926
2080
2488
-223
-2678
-5880
-6027
-7187
-7008
-10031
-9482
-4350
-8482
-6934
-9395
-9243
-10428
-12434
-4776
-10783
-14410
-14115
-15451
-15473
-15355
-12466
-10155
-5940
-6707
-4733
784
3643
523
-1269
2093
4646
7200
9279
11944
12212
16031
15248
14468
14615
12094
12005
8918
8331
12382
12337
10562
7535
4862
3391
2286
1004
123
-4119
-1987
1291
-3340
-681
-3044
-3023
-794
-2038
3694
1801
-2698
-771
-2859
-6898
-7297
-10006
-10209
-10939
-6617
-5659
-5755
-3476
-1356
-2357
-6149
1158
-2918
-3211
-1545
-2193
-1123
-4060
-6528
-4385
-249
-1139
416
-1383
-3687
-166
4037
3763
4445
5554
3460
3619
5525
2790
9397
7540
4898
9316
5534
5867
7073
6114
6920
9605
4759
2317
2799
2972
1839
1579
445
-2165
-3118
-4024
-4548
-6119
-7403
-7980
-9320
-7963
-2642
-1155
-524
-4433
-5429
-958
-1876
-684
846
1134
638
344
-1625
-1029
-2566
-2713
-6076
-10879
-10300
-10450
-9622
-14293
-7587
-2598
-3668
-4451
-9167
-3311
1090
1217
8264
9402
4517
4655
6346
7425
7079
8159
7994
7043
7682
7612
7740
6648
7496
4014
543
1160
-957
-2515
-1750
-2947
-2990
166
2593
3384
-3808
945
5256
1000
4651
2782
2264
2084
1496
952
-2071
-3443
-2134
-1622
-7127
-2991
-206
-6232
-3374
-6216
-6313
-2730
-6959
-2098
-3256
-3884
-4251
-6872
-5829
-5406
-1978
-2379
-3601
-6597
-3898
-1738
355
2876
2963
4443
2862
4042
4192
3224
3689
2300
1887
-36
-2751
-3613
-4252
-1910
3007
2044
-1731
4685
6565
3995
5036
3533
4681
2053
-2161
3347
3794
1732
2665
-133
1332
6397
3034
6867
10909
5504
5614
5595
3459
2513
5186
585
217
903
949
-1058
-3990
-4009
-5409
-6967
-6720
-7401
-9700
-8908
-8780
-5213
-7612
-7193
-12561
-11282
-6562
-7115
-6475
-6725
-5941
-4539
-2719
1248
2658
-875
6694
7997
2388
4557
9155
5735
7369
7847
6009
9108
9736
6984
10513
10393
6808
10586
10285
10045
9425
10513
8032
7463
8382
6922
5804
5702
3246
-262
-339
-886
-4453
-3834
-5180
-5798
-3027
-4805
-6520
-9160
-10162
-13422
-13830
-14920
-16151
-15804
-16857
-16388
-18011
-18879
-14495
-11452
-15486
-7049
-3329
-8277
209
1256
2600
7309
7495
7965
10031
12376
10662
11600
11692
12702
12077
12604
13131
12402
14740
13471
12474
13883
13333
10433
9307
9246
7682
5992
6701
4247
1147
-200
-775
-1959
-3213
-4217
-3268
-5531
-7692
-10228
-11426
-10966
-13362
-14251
-14396
-13882
-18991
-16264
-14149
-13535
-13695
-16713
-9665
-13773
-12734
-3081
-6351
-129
1356
-4260
2312
-3898
2170
6129
2248
10574
11469
10705
11327
11440
11089
12195
11591
11941
12572
13272
8313
8907
12299
8981
8608
7717
6390
5322
4774
2679
2041
1845
697
-503
-3471
-5942
-4758
-7848
-9754
-5156
-5875
-8058
-9967
-11425
-11024
-10504
-8493
-8309
-8452
-7541
-3028
-7768
-11996
-3769
-5203
-4904
-1859
-2218
-1491
-2325
-3657
-2777
-1771
460
2045
3209
3630
1414
2129
2254
3096
4257
5584
5912
2441
3870
6890
7090
7132
6962
7213
7695
5903
6090
6206
1215
-28
2408
2568
2604
3219
685
-223
774
2821
209
-219
-454
-1103
-323
-3665
-2363
-2337
4094
-2471
-5124
5342
917
2538
5053
6062
3127
2844
4143
3748
2624
-208
-104
-1717
-3844
-3672
-4708
-6526
-5016
-6907
-5941
-4055
-6231
-3636
-3954
-8003
-8098
-3856
-3284
-5504
891
296
-528
2126
-1454
-790
1658
6377
8264
6517
7008
8025
7834
7000
4671
2121
1466
645
2328
3547
2835
2314
6789
3338
418
8082
4815
3974
3771
3319
3892
963
2066
338
-854
1311
1484
1163
-46
-2299
28
-2116
-2858
-3438
-5252
-10592
-9921
-13286
-15494
-10095
-13875
-11031
-15582
-13459
-4383
-3496
-2793
-5507
-6648
-4032
-1407
-502
2503
2423
4430
5676
5929
6831
5783
5048
1884
1475
2629
3311
4920
6370
288
3618
11015
8183
9938
10761
10588
7780
5572
5429
6033
4504
4169
3714
1174
-962
-789
-1422
-3836
-1899
-9282
-2516
-793
-6851
-610
-3218
-3198
-1785
-2920
-5475
-3816
-3808
-4297
-3525
-5157
-7267
-10360
-8656
-9932
-9434
-4692
-3765
-3679
-6587
-7810
-6204
-6489
-3857
-4221
-5576
-1272
1239
4692
8936
4399
9147
12476
9382
11407
11045
9995
6890
6715
4693
4695
3651
5611
7409
1850
1803
10514
4443
4352
5940
2942
6587
2237
2168
1641
3072
4548
4032
3413
2885
881
155
-106
-3224
-3078
-3919
-4803
-5005
-4467
-3874
-8514
-6615
-7116
-10624
-11234
-14309
-14222
-16000
-17804
-12144
-10870
-10278
-8389
-14213
-4220
1524
2349
6270
3804
6772
4201
7883
5277
4564
14020
7132
6097
7564
5827
9099
10397
9283
8220
8302
7080
9885
10328
10882
9750
7780
8112
7256
7937
7150
4435
1460
-237
-645
-599
-2185
-3395
-1790
-4116
-4396
-5763
-8103
-7949
-8710
-11948
-13634
-14363
-14924
-17937
-16380
-11663
-13035
-12524
-14443
-12073
-8001
-13369
-9472
-3415
-1848
-3981
-7503
-4686
877
9005
9404
9851
9859
7211
9584
8655
10251
10389
10429
10161
6851
10500
11279
9480
8703
9223
7647
7835
7999
6570
6052
5545
6632
4656
3509
2657
1017
1185
-429
-2814
-6223
-9548
-9854
-11353
-12133
-12372
-16029
-15649
-7459
-9214
-12225
-7836
-7504
-4783
-5834
-7874
-3260
3288
-238
-3854
-3355
-1563
68
-3217
791
3014
3339
4075
-1108
-591
1362
3989
3848
6683
8837
8932
8670
9394
11148
9120
10085
8059
5279
5081
3097
4136
5589
4315
3304
2004
580
2798
272
306
-3051
-5373
-3605
-10033
-12700
-6594
-7035
-7725
-2962
-3454
-1167
-738
1598
3873
-47
602
3329
4201
3237
2048
1658
720
1177
1508
2495
343
-131
-1278
-3128
-4976
-3582
-3704
-7339
-1633
-3521
-4783
-4748
-7423
-4555
-4353
-1552
1063
736
513
1517
3604
3748
1940
3429
1063
2776
466
-4763
1368
948
-3686
-4381
-4451
-4091
-2365
736
4076
4365
5163
5972
10331
10886
9413
11271
9567
10414
8911
6784
4566
3421
4432
3885
3529
3218
3248
3030
2798
1738
-409
-1476
-5658
-6625
-6524
-7820
-5264
-6964
-9766
-13950
-15425
-15538
-9783
-8170
-12238
-11063
-11635
-13264
-9002
-5997
-5066
-3146
-5287
-1822
1941
3918
2453
2068
2990
1341
1612
3312
6606
9467
8155
3755
10347
13672
10288
9526
10462
10884
11988
13902
11965
10905
9980
8984
7428
5061
3633
1836
1833
1520
1472
-1341
-4837
-4672
-4117
-5499
-7366
-10088
-11105
-10526
-11586
-13818
-13088
-11709
-14760
-15136
-14990
-16042
-14205
-13346
-9103
-5390
-5484
-7826
-6261
-5025
-4950
-3369
-3166
-1899
3149
5212
6952
7458
5242
11270
10248
12427
16671
16316
17492
15844
16552
14367
11534
9595
8345
8453
9388
7962
8289
7144
2432
3247
641
-2041
-1214
623
-516
-4632
-2662
-642
-3776
-6072
-1857
-3476
-4340
-3308
-4200
-2279
-5157
-7121
-8436
-10176
-9048
-6637
-7601
-9401
-10336
-9820
-11774
-12784
-15797
-12465
-7205
-3178
-2885
-9934
-2796
3010
2583
5534
8484
6942
8590
12256
12113
11218
10687
11717
8874
10039
8448
7550
8028
7984
8889
2647
3820
7365
3917
5590
3416
1171
3251
484
3016
7043
4279
2688
2548
-96
-36
-759
-2398
-4791
-5774
-5199
-5979
-7656
-10126
-8387
-8071
-10643
-9802
-9795
-8290
-4846
-4807
-6565
-6912
-6508
-7452
-7010
-5847
-9321
-296
-221
-1944
-1395
-4587
-1993
-1899
1715
3540
2311
2590
10527
7353
8723
9021
8008
9321
9290
10806
10133
13177
11749
9680
7468
8945
7972
7429
6882
4247
2064
553
75
-249
-856
-3108
-3805
-2811
-3368
-4826
-6364
-5769
-8845
-8642
-5594
-5810
-2341
-2837
-1805
-6131
-5007
-3770
-5835
-2838
-5084
-5259
-3811
-3054
-5817
-7268
-6157
-3623
-6859
-4145
-2266
-4035
-508
-3631
-4323
313
6349
5158
5166
5044
5798
6754
6818
9370
9614
10134
9159
9538
8538
6980
5460
6192
4825
4304
5168
4180
2835
-846
-1446
-1592
-888
-4599
-5713
-6490
-6697
-3091
-2236
-3002
-4035
-529
435
920
1411
-1083
1038
4763
-103
-1976
-1999
-3745
-576
-1036
-769
-560
719
-1615
-3039
-4000
-3683
-3090
-3233
-4412
-4209
-1239
-2738
1212
-1818
1161
2563
1938
4658
410
1626
571
805
1783
3982
3891
3754
5103
2320
421
-1250
-3390
-3365
-4686
-7252
-5880
-5588
-1380
18
-7521
-907
4605
1038
2725
4924
4047
5328
7896
6964
7412
7108
6558
6696
8536
7472
6736
6534
3691
4014
2260
658
1214
-2026
-2142
-1476
-2489
-2176
-6070
-6867
-8596
-10902
-10925
-10212
-6047
-10263
-8937
-9397
-11063
-9562
-8347
-6393
-7121
-4960
-7079
-7682
-8713
-5807
-10466
-6403
400
-174
2800
3204
6037
7386
13418
13504
14441
15668
13355
14007
11188
11341
12638
11425
11400
11366
10077
8652
8988
8386
6967
7467
5368
4843
4450
4837
2263
-389
-499
-4199
-3756
-5317
-7937
-8245
-9478
-12738
-13096
-13295
-13024
-14656
-16913
-16178
-19608
-16662
-19276
-16353
-15913
-17222
-14008
-13779
-9819
-8549
-4196
2443
4309
2941
5933
8983
10904
12005
13511
12353
13659
14273
15545
15837
15040
16490
14535
13942
12714
11894
10592
9384
8267
7240
6493
5731
5603
3603
2642
1311
1921
1474
39
-1383
-4317
-6048
-8684
-10702
-9605
-7958
-14067
-12943
-8388
-15113
-12692
-12704
-16520
-15260
-17279
-15392
-14406
-15419
-16064
-15333
-8802
-1052
-3777
-3783
182
908
6007
9031
10583
12272
13229
12605
15270
15601
15897
14147
11967
13372
14101
14448
14951
14805
14233
9298
6728
6478
6679
6307
4862
5786
2496
1690
-975
775
-7243
-6505
-1197
-8616
-7031
-7702
-6417
-5681
-5223
-4567
-1574
-4301
-6483
-5427
-8205
-10864
-12584
-12283
-10922
-9330
-10673
-5339
-4876
-9347
-8232
-7931
-7295
-4523
-1663
-1477
-1364
1166
-649
-1356
4026
4194
4917
7129
5980
6153
7767
8258
10598
11588
9379
6867
5149
8652
1667
7184
11931
4542
5057
4132
6612
4196
2672
3183
6130
2877
-333
-1741
-3515
-2826
-3261
-3414
-5512
-5769
-6957
-6913
-7102
-7272
-7399
-8681
-3017
-1882
-8722
-5309
-1661
-2862
-2717
2008
808
-603
1800
-1429
-4340
-5475
-3852
-5955
-7821
-8793
-3233
-4881
-4926
-1636
-6630
-2507
-820
2458
3678
5045
6722
4167
4714
4670
10132
8573
5216
7388
8676
8163
8389
9090
7303
6715
5422
1952
-232
-255
-1867
-2006
-3858
-5797
-5052
-5358
-3747
-4657
-2373
2737
-3425
-3571
5183
-1474
-1666
824
-2166
-611
-2913
1610
-1105
-1100
-3579
-2462
-1409
-7962
-398
-3915
-8168
-4088
-3541
-8183
-6553
-7280
-1583
6608
-2760
-1901
-1479
-458
1533
1715
3867
5457
7149
7488
8460
7426
5499
3393
2335
4270
2612
2803
2239
1848
1654
-783
-422
-1475
-2016
2652
531
-3078
2841
2104
477
2649
2021
148
839
4420
1987
3728
5113
439
705
3068
3462
3598
2331
377
3653
4481
-3297
-2273
-2548
-4448
-4060
-5623
-2417
-2167
-3831
-4529
-8015
-6653
-3881
-6514
-1599
-7620
-6635
-2961
-7543
21
-1280
44
997
-742
565
250
-1212
-1169
-4254
-5438
-2709
2631
2354
-1366
787
1308
5489
4925
7363
3899
-608
4788
4364
4694
8035
9093
5628
10610
12410
6455
8939
9244
7398
6171
2835
3480
3827
4667
2630
-112
-402
-1373
-2247
-4277
-3601
-6050
-7967
-9168
-12845
-12008
-11069
-8887
-11545
-15813
-15380
-16485
-13907
-11040
-15216
-15132
-10583
-9998
-9000
-7166
-870
-2385
-3092
-298
1073
4874
7591
9532
8660
11713
10214
14919
17267
12455
13101
14793
14919
14409
13350
13637
11011
11275
11013
6152
7559
6754
7799
7349
5535
5165
3459
1967
415
-1463
-3507
-4295
-5565
-7287
-8014
-6502
-8049
-9130
-9443
-10958
-11822
-15643
-18253
-20591
-21073
-19375
-19111
-16493
-18569
-13618
-10171
-6055
-8834
-6187
1502
3359
6932
6012
8881
5217
9279
12661
13250
14261
13875
14366
16501
17437
16406
17235
15515
15546
12423
9205
9705
8182
5679
5579
6981
4608
4187
4544
3580
2173
1192
485
211
-1951
-6155
-7163
-10533
-9057
-10131
-10671
-12115
-12710
-10492
-14084
-14442
-13540
-13888
-14134
-10138
-6498
-7111
-12623
-6680
-3080
-4217
-2218
-7456
-2679
-645
-2242
1643
2976
1497
1644
5753
7116
10943
13626
12352
12985
10955
8537
8511
9382
9419
8852
10495
9206
9713
10243
8296
5858
5024
4545
3877
-961
-2865
-4121
-5908
-6666
-8720
-2769
-10040
-7072
-7239
-10345
-7266
-7933
-7372
-9356
-8038
-6570
-1002
-711
-3845
-7483
-1165
539
-1111
153
-1157
-1926
-2819
-948
-832
-1114
-3351
-585
-793
-4745
-1538
679
-3224
1776
1055
-3118
1421
3806
6726
5289
6842
6474
2520
479
3976
3234
3516
5435
5143
7225
1703
2242
1967
920
1376
3436
1015
-1845
-2751
-2451
-2064
-4248
-911
-1546
1251
4265
4037
1201
-107
5986
4752
4658
4116
4006
3637
2506
3437
-467
-118
-1089
-2860
-3313
-3183
-1701
-1391
-3762
-2180
-4592
-9860
-7487
-5531
-7915
-10494
-5322
-6903
-6253
-6217
-4884
-4789
-2564
1235
679
1213
5775
7946
2367
2456
3384
2172
4049
6669
5726
4665
2961
2900
1812
1338
1237
1785
6012
3000
-1877
2746
7515
5567
5741
4576
5559
4114
5843
6714
4253
3740
3340
2984
1227
3195
-1317
-525
-4503
-5821
-7611
-11682
-7192
-10459
-4770
-6792
-9238
-5443
-8201
-8004
-4184
-7189
-8235
-3504
-3968
-4429
-5331
-3161
-2387
-2607
-3455
-1211
1909
-595
214
1942
3751
2871
3932
5323
5115
6979
7390
3464
4138
9348
7444
7564
7405
9181
7455
7528
7590
5454
5539
4035
4799
1775
2849
-594
-1221
-2172
1667
2012
-5772
1276
865
-3426
-1519
-745
-1773
-1354
-1343
-2818
-2605
-3530
-7397
-9249
-6077
-8081
-10571
-9798
-9669
-10550
-10541
-7801
-10596
-10547
-10477
-11786
-9220
-6242
-8607
-4117
-1061
2457
4611
-2075
9742
7435
5873
9645
7319
11953
8681
8379
7776
5595
8058
7220
7195
6123
3836
5427
4938
2711
5736
4811
4306
7450
8597
7032
6904
7522
5693
7160
3732
1521
1008
-596
-3096
-1740
-3437
-3374
-2560
-6185
-4567
-5762
-6089
-9507
-14398
-14290
-13445
-15237
-15814
-15355
-16027
-10594
-3315
-7494
-5460
-3514
-3042
95
-2142
34
461
769
2680
3368
653
3201
4832
6311
8919
11555
13030
13557
14706
13854
13039
10421
9297
9313
8484
8877
8225
8777
9790
8004
7917
6049
2680
1727
351
-214
-2078
-2049
-2077
-1610
-3920
-4303
-5031
-6668
-9893
-13668
-14482
-14721
-12001
-13103
-13230
-12130
-13877
-18619
-11468
-7753
-10788
-8149
-7856
-8525
-5636
-49
-777
1486
254
1072
-357
3516
5879
6452
7892
7065
10991
10494
11209
11715
12731
10265
10369
10507
10754
9984
7256
8950
7942
6952
5037
5332
4461
4592
3886
1757
-214
-2970
-4756
-5482
-3265
-4953
-6794
-9191
-9933
-8392
-10307
-6706
-2154
-11085
-6859
-2013
-7660
-1751
-4450
-2582
-86
-1814
-2029
-4909
-4357
-5190
-3135
-6017
-5818
-5193
-6148
-1142
-1770
905
-1219
-3531
439
450
4274
4496
4593
6611
7902
8613
8785
9192
7759
8155
8337
6050
5295
3513
4692
4061
1283
-302
-2594
-3734
-6027
-5164
-5830
-6940
-4249
-7048
-6881
-2509
-1221
-3989
1961
8517
3078
5147
6281
6004
5080
3042
3908
3624
5185
3558
3306
2226
1056
-619
-2224
-1991
-3960
-1696
-4042
-5260
-5399
-7071
-8842
-7970
-5429
-7478
-4664
-3904
-4675
-5635
-2992
404
-947
-1061
949
1622
49
-1845
-519
-627
164
1557
-809
659
-1151
-1225
1041
5516
10152
8779
4217
6041
9794
8367
9825
10824
10791
9267
8722
8596
7035
5989
5772
3971
3417
1944
474
690
318
1518
2852
-1648
-2727
-2619
-4346
-4827
-10441
-9716
-7052
-8067
-9088
-10993
-12458
-14688
-15668
-13410
-9308
-12553
-9363
-9828
-11056
-8205
-7177
-2584
-3919
-2085
913
-1753
1304
3586
4600
6388
10718
14465
6653
10221
15399
12802
10493
10568
10618
9842
12872
13677
12464
11607
10513
9563
7794
6003
4094
1711
1241
-54
452
-2543
-1672
622
-1380
-2556
-4890
-6526
-7018
-8338
-8118
-8541
-10270
-7694
-9438
-9460
-9374
-9685
-10163
-9287
-4361
-7953
-9362
-10686
-9722
-13058
-10080
-8409
-10447
-6547
-3521
5076
9405
4171
6391
13389
10241
12166
12859
12554
13027
10823
12756
12056
12669
13583
12487
10516
6800
5421
5810
4159
2100
2606
-1121
-3385
2515
799
-127
-745
767
-2468
-6124
-1439
-3821
-5346
-5386
-2828
-1042
-1571
-3589
-5711
-5295
-6327
-5675
-8142
-7524
-9279
-8601
-7594
-11375
-9924
-11689
-11712
-12669
-9584
-9654
-7624
-1884
-2210
-1529
308
4992
6618
7557
7088
5325
6135
6986
7953
9080
9165
10932
6817
10298
9210
3533
10392
1718
-1236
3102
3733
1919
-1586
2437
6793
8210
8495
5400
4096
4711
2630
3897
3122
1035
1846
931
-528
-1445
-1754
-2642
-6152
-6448
-6744
-8162
-10286
-7967
-10318
-8096
-5116
-9812
-3458
-3431
-2526
-4214
-3516
-1708
-4778
-4856
-4770
-3465
-7042
-4431
-7350
-5107
-165
553
2406
4121
4218
754
3040
4688
9619
12265
9594
8588
11230
9243
9228
8727
7107
6916
4476
5047
6089
2385
1941
2166
635
622
381
-535
-2153
-1005
-2311
-3575
-3443
-4000
-5432
-7476
-7483
-5696
-4498
-8565
-5598
310
-2867
-3491
-5394
-6213
-6150
-6654
-2642
-5620
-6196
-4396
-6200
-5058
-5396
-5751
456
1064
-762
-3370
-7362
-2326
-2402
758
2615
4929
9356
7254
6461
5139
6183
9175
10608
9646
8219
7642
7800
6284
6299
6351
4165
1183
2
460
-2722
-3890
-4868
-5049
-3433
-2420
-624
897
-416
-3631
-19
3185
1331
1546
4160
1968
1808
1728
152
-409
607
3557
1112
0
-823
-470
-2701
-3299
-3868
-6742
-3965
-4724
-6276
-6928
-6316
-3151
-1761
-2384
-2911
-2972
-4683
-3134
274
201
2178
3952
3263
691
1112
2325
2158
-324
-1857
-611
-1336
-1867
-4154
-1900
-4102
-2371
2067
1491
3322
-1762
3522
5103
3330
4662
5935
8684
7817
6646
5188
5632
6891
7629
4209
4073
3941
2838
1439
2064
2188
2389
1958
-551
-177
-1898
-3803
-3553
-5371
-8854
-10830
-9431
-8390
-9405
-8636
-7917
-5636
-8179
-11433
-8832
-9619
-8649
-4301
-5722
-4883
-5322
-6772
-2121
-675
-3901
-3342
4107
4271
1347
3915
11115
11511
11017
12429
10296
14083
14282
15420
14282
14040
14357
11331
11207
10851
8328
8472
10405
7796
4585
2605
3610
2294
566
-730
-1169
-2986
-3196
-5034
-8512
-7994
-9905
-6206
-8897
-10662
-12322
-16067
-16234
-19948
-17885
-19277
-18814
-18428
-18163
-17199
-14326
-10922
-12834
-9773
-5185
-761
4118
4742
-44
5594
10298
9975
14711
15416
16900
16505
17611
17050
15924
17446
15496
15837
14175
9728
10634
9122
8608
9162
4447
3772
2852
2572
265
-143
179
-1216
-3214
-5293
-3449
-5978
-6652
-6460
-5883
-9310
-7406
-9352
-11929
-10096
-10202
-10601
-11583
-11793
-11468
-10236
-11371
-10646
-11415
-12819
-12595
-7776
-8330
-9792
-435
560
-1441
1214
2232
5958
7990
12381
12808
11365
12319
12891
14134
14130
12051
13374
13385
13832
12610
9862
11933
10811
8980
6670
4183
3249
21
201
-886
-1868
-2979
-3146
-3630
-7317
-3071
-5246
-6435
-4729
-479
607
-4174
-5709
-4653
-4901
-6039
-6232
-7915
-7359
-10200
-7038
-6969
-6410
-3926
-7407
-2828
-4268
-3987
-1118
-3591
-4918
-4428
-3891
849
1691
2301
2542
528
3825
5755
5925
7417
7227
6664
6498
4372
4656
3915
3242
5712
4236
2986
833
4063
1571
-796
-301
346
5106
2619
1027
-127
-1663
-1788
-424
587
-1594
-3515
-4288
-4845
-4307
-3729
-6906
-4250
-2067
-1284
1534
-4054
2019
5116
2162
3715
1976
2060
745
-1372
418
-2232
-2792
-4877
-9682
-4281
-6538
-10442
-7751
-7260
-6483
-4701
-2709
-4264
-5987
-3411
1175
-740
2015
5107
6790
11966
7668
5620
6545
5960
6797
5986
5008
5165
4811
2921
2743
2058
2920
3329
950
826
-1569
-641
-3097
-3449
2614
1813
178
-5348
3224
3661
-686
4448
1239
3130
4623
2444
2738
1721
-114
-384
-700
-1130
-1827
-2036
-5689
-4520
-4331
-9362
-3526
-10473
-8910
944
-4393
-4667
-6327
-5577
-2738
-4162
1285
561
244
200
52
1477
3025
5405
4771
5323
5671
3595
4125
1095
2958
3316
2460
3386
473
3078
9097
2989
1488
8913
6287
6540
6602
4656
4450
2639
1406
5432
2666
3216
-1402
845
2669
-4720
2129
1652
889
2748
5768
-397
-3661
-2966
-4599
-4832
-6349
-4025
-4397
-4676
-4063
-5343
-12232
-7930
-5987
-8727
-7158
-7109
-7314
-7840
-6652
-7121
-3685
-3657
-3909
-2970
-3803
-1495
-2428
-4037
567
4705
3160
-2367
2134
5520
5336
8658
8319
6901
5251
10797
8500
4007
5149
5692
5979
7525
12272
8186
5732
7068
3449
2907
5117
3446
4705
5468
4986
3581
1404
-1039
-3656
-5249
-5438
-6665
-7126
-4221
-7212
-11663
-12390
-14538
-15849
-14489
-16651
-18682
-14412
-10704
-12237
-11681
-11004
-11546
-9328
-8981
-2994
-5056
-5209
4890
-1063
3678
9378
6166
6678
9692
13012
13609
19536
20761
14130
13037
13899
14103
14526
14454
14326
10822
11506
11760
11038
9026
6659
8098
5387
4486
2814
-78
-1372
-2788
-3540
-3380
-3058
-3271
-5257
-5280
-5833
-7192
-9504
-10803
-13776
-13279
-15602
-19044
-16953
-17239
-18798
-15571
-20467
-19863
-7906
-15243
-9812
-6127
-5919
-197
558
9138
6460
7675
10312
12166
14195
15185
16923
15336
15001
17008
18041
13892
13998
12485
10783
11657
9489
9004
7344
7195
7274
3669
1657
1349
-571
-276
-1744
-4141
-4642
-6048
-5827
-7465
-8995
-11323
-12276
-10185
-11979
-10463
-10979
-16140
-10250
-12757
-13578
-8507
-6286
-7637
-9572
1669
-885
-4416
-2714
-1322
-2567
-3600
-47
-314
1936
1355
1609
4168
6521
8324
10533
12334
12785
12268
6304
9111
12870
12120
12692
11371
12293
10322
9467
7481
5986
3111
2599
2409
-279
-3966
-4114
-4810
-6633
-4888
-7084
-10541
-8334
-12227
-11997
-9855
-9033
-9849
-9043
-4211
-5594
-3037
-214
-611
-6077
1676
1163
-1751
478
-1032
657
1100
1785
1635
2964
1353
1123
-1989
-1522
-6398
-165
1960
-3628
-1084
-4353
-5245
171
-1816
1870
3394
2086
6951
5978
2385
-1245
997
-447
2774
3141
-3628
141
-1
-1200
-2392
-1598
-1392
-4019
-1554
572
-2798
-4504
-1599
-1578
692
606
5335
-1323
-1765
10611
3074
8824
9289
7188
8850
5794
6750
3678
3188
4777
4286
3947
1430
528
388
-1702
-3299
-9110
-9790
-7483
-8813
-10131
-10435
-11644
-7594
-8629
-9012
-6809
-15531
-5743
-5041
-6489
-12
375
1332
-365
3714
5139
3847
4783
6628
6422
4574
2785
2920
3727
2907
2370
1202
2821
2524
-980
7130
8285
6406
8147
9139
10926
6173
7028
7956
8046
8100
6430
5789
4956
1907
-377
-927
371
2007
-1724
-4079
-5647
-9260
-7931
-7057
-10150
-11329
-11422
-11216
-12043
-10804
-9739
-7133
-2777
-6265
-6183
-3649
-4354
-5995
-3285
-878
31
2161
2347
749
-1990
-1222
-1789
294
2181
6959
3163
2707
10240
9778
12760
11321
13006
13906
11424
12193
9503
8648
9609
7575
4137
3666
495
1106
953
-130
256
-3724
-81
-1154
-3998
-3573
-4730
-2049
-1787
-386
1395
-3292
-4148
-4472
-6227
-4231
-7006
-9095
-9870
-10772
-11110
-13797
-12922
-13506
-12552
-11207
-11109
-10803
-9926
-7983
-7584
-7278
402
3590
-5509
-353
5505
2713
4809
7228
6825
7854
10744
10181
7197
5122
5935
4694
4556
8783
9089
8216
9192
6978
8286
8577
3065
5999
9639
6016
5803
3139
2158
2903
3023
1738
-141
110
-64
983
502
-593
-1839
-3655
-5775
-6403
-9992
-12259
-11686
-13160
-12331
-14851
-12875
-14946
-12432
-10186
-12525
-11468
-11901
-6125
-5236
-2034
-1317
-388
1112
-1348
1220
2932
6533
8296
8989
7195
10047
10464
7145
14002
16327
11725
12831
11414
9655
11830
11228
12422
8842
7317
7035
3531
3289
4224
3058
2068
2980
777
-360
-956
-2059
-4688
-4709
-2204
-5022
-6797
-7957
-8703
-9871
-11631
-13387
-14065
-9378
-9460
-8286
-12857
-13204
-10501
-15040
-13633
-13148
-12128
-8527
-7680
-6545
-2945
-2476
5005
6369
6004
8367
9003
10161
10829
12172
11489
14988
13940
12427
14439
13555
13107
13490
14064
14158
13420
7003
5226
6364
4779
2774
1156
769
-422
-1022
-2209
-3707
-5906
-7618
-8846
-8225
-10982
-11372
-14934
-12972
-8745
-10644
-6483
-7944
-5322
-2335
-6125
-3324
-1009
-3304
1183
2647
764
-1313
-4373
-3598
-3048
-5241
-4943
-499
169
-957
-1553
-90
-692
-1861
2662
4028
7442
8966
6997
9169
9647
9574
10252
9816
9603
7784
8150
4385
1812
3034
1543
768
-312
-190
-4374
-4021
-9217
-9692
-7939
-8902
-7522
-11151
-7763
-3216
-3080
-7943
5406
8700
2338
6160
5363
4456
3092
3560
3525
2811
1420
1605
2857
2663
2585
1553
-852
492
-370
-3851
-8943
-10229
-8639
-7103
-4492
-5492
-5824
-5785
-6778
-5669
-903
-1415
-1462
2906
-1548
-1051
-2105
-1389
-1094
-1657
2176
-2007
-2166
-3644
-5606
-4568
-2334
-1701
2501
8983
7366
2232
1603
7235
5940
9866
8310
8770
10261
8315
9615
9474
5812
4318
3989
4131
5424
3358
2564
2333
2224
-544
1469
449
-3669
-1026
-2809
-3578
-7287
-5633
-6663
-8826
-8230
-10547
-12626
-13099
-7046
-10630
-9406
-12894
-12879
-6775
-8961
-7921
-4814
-3962
-5121
1049
4361
4513
3256
3961
6985
10617
12247
5499
6667
15727
13228
11917
10990
9122
7721
8223
7904
7749
7756
7071
7857
4807
4667
4952
5784
6149
3798
2731
570
-3044
-3347
-2994
-3958
-4901
-8034
-6695
-5825
-9669
-9400
-9516
-10954
-9734
-10405
-13222
-12460
-13779
-17311
-14498
-11182
-10143
-9255
-10913
-12594
-8605
-7479
-8751
-4399
-1139
1650
3833
159
6328
11245
12289
16506
14107
15583
16363
15268
16101
13396
12165
12846
10940
9027
7335
6448
4605
5460
3495
6176
6047
-2031
-1013
-2133
-1717
-1901
-472
478
-2460
-1050
-4410
-5300
-2371
-3103
-4913
-3492
2715
15
-2352
-5849
-5587
-4555
-10283
-10894
-13671
-14901
-15609
-14957
-14786
-13751
-10135
-4625
-8387
-7737
-883
-2265
1569
5593
7650
4893
6598
9676
8421
8349
7529
7024
7997
7298
8878
7125
5320
6173
6869
11246
4980
2112
1799
5926
4548
-3391
3827
1811
-577
500
4861
6311
3863
4149
3355
1407
3158
2579
514
-413
-5052
-3725
-4390
-3424
-7734
-8709
-7245
-8714
-8188
-6702
-10355
-13171
-4552
-8409
-8941
-7654
-7172
-8289
-3421
-2147
-2774
1875
-1384
-1711
-1329
2546
1663
4282
5637
3740
4518
4440
3019
3676
9906
7739
7372
6705
9251
15408
10345
8957
9296
7368
6375
4419
4109
2004
2736
2333
390
1454
24
1047
-1313
-2997
-2292
-4518
-7292
-6356
-5066
-8945
-2985
-4398
-11336
489
1413
-1540
-29
-197
-1458
-3116
-5447
-6869
-9293
-8336
-7597
-13325
-10689
-10922
-8837
-9783
-6302
-5780
-4518
-3652
-1520
7798
2986
5578
5298
5474
6318
8185
8775
8632
10410
9794
11612
7157
7374
6978
4864
6443
6304
7774
4821
1187
253
-3975
-5007
-3275
-2485
-1802
1723
1409
-1237
-145
4385
4548
1904
775
-2183
-774
-453
-3019
-2609
-5551
-6423
-5002
-4828
-4508
-3589
-6145
-3079
1093
-3902
-3733
-5497
-4756
-6139
-5746
-3642
-4225
-2776
-3079
-2318
-1822
3767
1105
1893
2871
2229
6188
6502
8364
6658
6440
6960
4484
1291
1049
-863
-1549
-4691
-5632
-5828
-4
2823
-1949
-3587
3321
5711
2795
5899
1816
2409
3405
6285
5410
2787
4845
5870
11310
6940
2978
4821
4409
1981
1562
-206
-2268
-3156
-4583
-4318
-7250
-8099
-7939
-5958
-3283
-5142
-6902
-10433
-6322
-4034
-7778
-5309
-5907
-8442
-6752
-6616
-2995
-3655
-5811
-3153
-2334
-2214
-1400
804
1046
6816
6464
6801
6503
2408
7853
7501
9093
11360
8796
9463
17511
14136
7739
8256
5500
8408
10468
10871
8827
9730
7305
3322
3913
530
1321
428
-1025
2812
-1157
-1893
-2182
-5190
-5175
-8059
-8432
-9951
-11001
-15089
-14072
-15248
-17086
-16280
-18271
-14025
-12875
-11886
-14736
-14065
-10686
-10435
-9617
-7760
-5873
-1561
1032
-2880
3628
8154
13494
15151
11909
13113
13268
14362
15915
17818
14743
14704
12441
11676
14650
11388
11975
11357
9757
7847
4507
2504
1315
986
445
-834
-1408
-1561
-3338
-3209
-2511
-5670
-4676
-6307
-10290
-10063
-7090
-10842
-10659
-12824
-14120
-11756
-17675
-18621
-19406
-19588
-21697
-17586
-12792
-10899
-5783
-4565
-742
1243
1900
6002
8565
7991
8753
9201
10808
13662
15298
17116
16954
15385
16297
15316
14580
12825
12409
11976
8440
6573
5487
4813
4620
3807
3705
1875
2161
1562
549
-1210
-2405
-3176
-8148
-8770
-10906
-9725
-9564
-12140
-11890
-13343
-11951
-13501
-11059
-9577
-9728
-9226
-11812
-7121
-6004
-4876
-7755
-4956
-1243
-6019
-2263
-1648
789
4956
3913
3905
1516
1859
2582
5422
7024
7074
7792
7079
9335
10578
11967
11510
11341
9102
9206
10650
9140
6629
4447
946
-1272
-1759
-2309
-546
-2063
-2956
520
-2013
-3760
-2211
-2552
-4401
-3286
-21
-2765
-5060
-6500
-7310
-5239
-4109
-3984
1326
-4254
-1589
7147
3898
2571
3817
4100
3342
1496
2212
3099
344
135
-1991
-6397
-4296
-3793
-3856
-2852
-4857
-4245
-4654
-229
-498
3107
3960
2496
2676
2044
4573
3355
2592
-383
4357
5448
-920
2243
4209
4090
7457
3574
-255
25
-431
1787
-2477
-2890
-2524
-5108
-4453
-1680
-366
586
-3484
972
6746
6162
7788
6179
5717
4923
5656
5481
3733
2631
1993
-382
1739
-93
-1318
-3749
-7681
-6073
-7499
-10788
-9716
-11356
-9331
-4564
-6390
-7634
-12771
-7951
-5446
-6529
-3595
-2387
1592
2188
143
2554
3795
2989
4150
4393
4734
7400
5952
4483
2093
1792
699
1699
3472
4280
6102
-157
6507
7800
3547
7585
4683
6180
5536
3950
5012
4458
4234
2842
3097
3544
3565
1433
-1617
-1610
-4048
-3544
-1972
-5235
-10685
-5012
-5606
-14516
-12552
-9757
-7614
-9030
-13689
-6703
-7023
-8920
-7301
-10079
-7120
-5136
-641
445
2047
2248
3117
2149
3515
2455
869
3672
1056
5119
9560
9289
6858
9853
12801
11836
8646
9872
9796
8478
7968
6179
8194
6219
4827
5785
6271
4453
3317
930
-6235
-2622
2397
-1316
-1424
2194
4945
3254
1219
167
-636
-1340
-2885
-3731
-6112
-6721
-8168
-11221
-12165
-11631
-12750
-16006
-14851
-11402
-10126
-10450
-10167
-10377
-10407
-7756
-8250
-5996
-2570
1218
430
-1213
6903
6117
7048
10496
11245
12955
10631
10107
9925
10879
10968
10195
4230
3275
9898
4785
1448
11266
12082
4619
5880
3518
3224
4270
3755
2539
479
2764
2754
875
788
287
-1273
-1394
-4331
-5488
-6467
-6704
-6527
-8667
-9978
-10610
-13807
-15588
-15571
-17530
-14103
-16541
-15648
-11306
-10899
-9978
-13159
-6330
-3788
-3359
-1136
965
2264
5476
3031
3261
10992
11305
9775
14455
20482
16929
16244
16019
13849
12965
10854
11601
10864
9150
7821
7024
6676
5841
3974
5064
3166
1961
1206
-178
-1667
-538
293
-2302
-4469
-4083
-6649
-9299
-11079
-11951
-10914
-12109
-13290
-13757
-12065
-16124
-14859
-14054
-17123
-12670
-9403
-11640
-12819
-12892
-7196
-2910
-6481
-2940
4413
5091
6549
8414
7153
8670
9929
13586
14099
15499
16645
13579
11314
11758
12201
13629
13802
12345
11488
8235
7087
4850
5142
3922
1367
2452
3571
1016
545
-1534
-1904
-3794
-5961
-7045
-10110
-7690
-9590
-15033
-14995
-17152
-15967
-9113
-8982
-9631
-8881
-4806
-5487
-5920
-2231
1286
2053
-868
-6
-338
-2481
-1035
1010
-763
4903
3145
-499
1434
-113
2722
4914
5500
7416
6930
8126
9327
11582
10613
7468
8056
6534
7460
5272
4604
5173
2769
1284
240
-1871
-2308
-2431
-4952
-7878
-8977
-5940
-8664
-10905
-10024
-11265
-6221
-5947
-5239
-5211
1423
8358
4373
3926
4562
5628
5059
6709
5659
3982
2769
1711
229
133
-2748
-3951
-3981
-5503
-3209
-6167
-7309
-4539
-4897
-3387
-4186
-4156
-2500
-2084
1027
-752
-569
1632
1226
-803
54
831
140
1017
-2590
876
3672
487
713
-3610
-2022
-233
-5411
-4660
-1895
2937
3308
5563
2319
599
8007
7594
5919
4436
5962
4794
4755
6728
6190
6272
6351
4173
4856
4749
3707
3685
3500
-241
-371
700
-245
-639
-2989
-4829
-6873
-8333
-8339
-9055
-9672
-8063
-7405
-9663
-10261
-7429
-7258
-5726
-6328
-5978
-5318
-6190
-3934
-4694
-1786
2362
5442
2397
806
2679
3446
7875
6315
2676
5915
10805
10394
10230
12937
11363
11238
12365
11825
11044
9859
10430
9322
7480
7480
5649
4593
7245
4857
2114
3172
318
-3763
-3853
-4413
-6039
-6879
-8352
-10019
-11790
-11231
-11793
-14321
-16415
-19001
-14408
-13063
-14527
-8684
-9141
-6543
-6544
-8860
-5300
-7253
-7994
-4164
-4464
-836
1601
3500
8964
3730
7566
13271
8627
10572
11179
11856
12807
11300
13997
14397
14172
14844
13273
12188
9870
7914
8796
7487
5829
5796
2804
1528
-512
-2460
-2228
-3429
869
-1435
-5069
-3904
-5655
-5162
-8101
-9522
-4517
-3313
-6189
-9539
-11618
-11278
-11512
-12690
-13237
-12914
-15540
-13593
-14040
-14021
-11337
-12406
-5374
-6961
-2577
4758
3807
5893
5286
6880
7757
8715
9584
10262
9286
9483
11023
9613
10250
11045
13814
10952
6298
4941
2573
2321
3974
6961
2281
-530
3307
3025
-738
-4001
-365
4469
-391
-577
-928
-2552
-3607
-4046
-4158
-5007
-4246
-4459
-6223
-7454
-6553
-11536
-11944
-11457
-11861
-12121
-11717
-7811
-11764
-12527
-7717
-2979
-3062
-1904
-1424
-4721
-2961
802
3363
2901
7444
8190
8432
7513
5905
8220
9779
11396
9349
7770
5464
5123
6932
5497
5980
9309
9326
8356
9779
