-2701
-2591
-2615
-2672
-2703
-2742
-2689
-2637
-2592
-2574
-2456
-2345
-2331
-2247
-2189
-2111
-1961
-1905
-1792
-1730
-1728
-1593
-1473
-1377
-1382
-1418
-1381
-1306
-1182
-1078
-1146
-1282
-1345
-1443
-1565
-1727
-1843
-1850
-1827
-1773
-1734
-1919
-2181
-2478
-2758
-2850
-2975
-3072
-3145
-3164
-3225
-3247
-3262
-3518
-3648
-3534
-3352
-3207
-3044
-3037
-3167
-3135
-3179
-3190
-3262
-3466
-3636
-3796
-3902
-4080
-4270
-4390
-4322
-4396
-4527
-4475
-4431
-4369
-4430
-4528
-4391
-4264
-4150
-4027
-4114
-4219
-4212
-4127
-3998
-3948
-3998
-3982
-4010
-4060
-4122
-4201
-4240
-4295
-4354
-4384
-4366
-4296
-4267
-4311
-4415
-4364
-4113
-4158
-4167
-4026
-3927
-3876
-3992
-4066
-4044
-3975
-4052
-4206
-4233
-4037
-3841
-3652
-3717
-3936
-4039
-4157
-4135
-4151
-4195
-4223
-4126
-4037
-3815
-3670
-3807
-4097
-4138
-4013
-3797
-3532
-3541
-3326
-3216
-3163
-3036
-2876
-2893
-3024
-3019
-2910
-2923
-2994
-3119
-3296
-3340
-3402
-3303
-3222
-3076
-3024
-3015
-3073
-3207
-3145
-2960
-2906
-2865
-2714
-2614
-2475
-2365
-2347
-2249
-2195
-2249
-2217
-2279
-2157
-2074
-2181
-2187
-2086
-2054
-2105
-2082
-2104
-2218
-2202
-2072
-2004
-1935
-1978
-2135
-2313
-2538
-2788
-2935
-2885
-2940
-3236
-3242
-3139
-3159
-3262
-3443
-3635
-3708
-3458
-3322
-3353
-3323
-3257
-3207
-3172
-3193
-3332
-3416
-3494
-3468
-3234
-3192
-3343
-3477
-3473
-3476
-3545
-3708
-3844
-3781
-3910
-4119
-4337
-4334
-4261
-4224
-4168
-4109
-3849
-3606
-3568
-3606
-3540
-3631
-3728
-3744
-3678
-3623
-3601
-3546
-3562
-3526
-3563
-3665
-3656
-3481
-3295
-3417
-3419
-3502
-3772
-4038
-4212
-4377
-4497
-4221
-4050
-3988
-4232
-4353
-4435
-4503
-4507
-4637
-4629
-4449
-4069
-3754
-3573
-3210
-2726
-2578
-2562
-2581
-2529
-2233
-1979
-1818
-1290
-747
-239
-72
-178
-154
-24
107
323
528
507
711
807
777
668
598
728
937
1124
1238
1174
1143
1186
1180
1075
960
1032
1133
1346
1391
1329
1405
1610
1788
1788
1659
1488
1193
1058
1053
970
1214
1350
1320
1202
1061
1053
1036
1027
899
755
721
643
454
386
308
367
420
287
245
128
-88
-253
-395
-444
-402
-613
-830
-932
-1045
-1222
-1420
-1600
-1609
-1562
-1654
-1632
-1525
-1437
-1478
-1409
-1264
-1247
-1141
-1093
-1136
-1025
-1017
-1008
-869
-822
-710
-593
-603
-668
-561
-328
-200
-124
4
146
155
59
-65
-341
-577
-556
-396
-172
102
139
-161
-478
-738
-759
-779
-698
-627
-675
-499
-546
-632
-814
-904
-818
-813
-681
-884
-1075
-1124
-968
-870
-1059
-1070
-1141
-1105
-1293
-1485
-1523
-1427
-1193
-1157
-1213
-1259
-1148
-1093
-1012
-907
-991
-1110
-1130
-1112
-867
-541
-399
-626
-826
-1005
-951
-687
-566
-384
-223
127
332
352
301
410
523
646
673
672
801
886
939
886
799
917
1137
1152
1110
1033
977
818
771
703
554
563
689
579
279
-143
-355
-371
-273
-213
-363
-252
-117
-86
-206
-253
-315
-315
-358
-448
-419
-371
-358
-309
-275
-290
-260
-217
-218
-414
-390
-220
-283
-420
-557
-666
-753
-770
-665
-562
-492
-489
-587
-676
-737
-793
-681
-618
-599
-668
-783
-738
-718
-878
-1021
-1017
-1158
-1346
-1396
-1362
-1397
-1276
-1028
-1150
-1433
-1677
-1824
-1795
-1830
-1807
-1675
-1707
-1538
-1360
-1572
-1716
-1741
-1683
-1658
-1634
-1630
-1688
-1763
-1799
-1808
-1887
-1852
-1832
-1772
-1836
-2100
-2217
-2296
-2472
-2604
-2644
-2786
-2794
-2691
-2624
-2597
-2728
-2950
-3189
-3303
-3324
-3209
-3186
-3235
-3095
-2912
-2694
-2499
-2391
-2251
-2036
-1916
-2031
-2177
-2164
-2086
-1977
-1917
-2021
-2005
-1767
-1535
-1573
-1713
-1860
-1983
-2029
-1900
-1659
-1692
-1860
-2081
-2196
-2220
-2204
-2379
-2320
-2233
-2159
-2032
-2167
-2147
-2308
-2391
-2505
-2538
-2542
-2620
-2785
-2992
-3090
-3295
-3352
-3472
-3611
-3680
-3792
-3980
-4091
-4122
-4258
-4423
-4435
-4405
-4483
-4660
-4801
-4823
-4837
-4913
-4981
-5008
-4928
-4864
-4948
-4995
-4907
-4723
-4777
-4809
-4767
-4756
-4780
-4827
-4769
-4612
-4376
-4062
-3746
-3563
-3368
-3351
-3500
-3739
-3913
-4086
-4271
-4215
-4246
-4315
-4236
-4169
-3937
-3761
-3627
-3501
-3627
-3591
-3519
-3560
-3586
-3621
-3792
-3922
-4118
-4349
-4547
-4709
-4739
-4731
-4594
-4636
-4681
-4629
-4625
-4705
-4789
-5020
-5231
-5174
-5120
-5143
-4988
-4631
-4282
-4104
-4133
-4039
-3994
-4118
-4188
-4019
-3759
-3364
-2902
-2596
-2623
-2831
-2962
-3052
-3008
-2737
-2548
-2404
-2043
-1823
-1780
-1810
-1740
-1691
-1642
-1567
-1534
-1466
-1349
-1259
-1290
-1381
-1559
-1821
-1994
-2075
-2212
-2425
-2482
-2430
-2547
-2716
-2888
-3025
-3015
-3126
-3234
-2981
-2745
-2681
-2837
-2926
-2902
-2948
-3014
-2941
-2721
-2612
-2667
-2672
-2593
-2751
-2800
-2602
-2454
-2380
-2322
-2333
-2320
-2360
-2386
-2317
-2277
-2163
-2058
-2060
-2045
-1892
-1742
-1743
-1880
-1965
-1953
-1916
-1982
-2067
-2096
-2113
-2103
-2130
-2169
-2268
-2321
-2365
-2330
-2281
-2242
-2234
-2262
-2175
-2073
-2081
-2132
-2121
-2064
-1978
-1974
-1933
-1803
-1680
-1646
-1612
-1561
-1638
-1747
-1751
-1706
-1607
-1501
-1435
-1451
-1490
-1526
-1608
-1653
-1705
-1682
-1595
-1610
-1618
-1578
-1535
-1550
-1659
-1752
-1854
-1955
-2030
-2031
-1910
-1745
-1702
-1857
-2084
-2225
-2273
-2344
-2377
-2323
-2309
-2261
-2268
-2300
-2286
-2411
-2501
-2478
-2468
-2426
-2499
-2526
-2373
-2277
-2251
-2278
-2239
-2206
-2063
-1992
-2168
-2273
-2246
-2163
-2113
-2148
-2195
-2197
-2245
-2245
-2206
-2241
-2256
-2135
-1931
-1806
-1821
-1872
-1849
-1775
-1726
-1632
-1437
-1274
-1175
-1203
-1258
-1288
-1369
-1397
-1382
-1355
-1326
-1342
-1452
-1538
-1532
-1520
-1570
-1603
-1480
-1350
-1247
-1220
-1231
-1214
-1238
-1141
-1034
-986
-916
-907
-1003
-1011
-978
-958
-955
-958
-929
-1051
-1214
-1440
-1563
-1570
-1523
-1464
-1342
-1131
-1021
-925
-928
-1071
-1195
-1273
-1450
-1731
-1939
-1955
-1920
-1856
-1937
-2181
-2392
-2522
-2509
-2509
-2481
-2422
-2315
-2157
-2019
-1763
-1659
-1560
-1472
-1499
-1618
-1727
-1769
-1600
-1224
-944
-632
-531
-438
-285
-169
-257
-274
-319
-285
-164
-253
-242
-231
-90
-48
-91
-98
-51
-54
-88
-109
-185
-313
-487
-655
-698
-665
-712
-814
-1003
-1217
-1355
-1502
-1712
-1784
-1766
-1756
-1770
-1756
-1799
-1861
-1895
-1936
-2023
-2113
-2248
-2453
-2648
-2777
-2839
-3001
-3049
-3050
-3074
-3091
-3079
-2998
-2936
-2877
-2818
-2886
-2896
-2870
-2909
-2942
-2998
-3014
-3032
-2957
-2879
-2811
-2798
-2747
-2704
-2656
-2657
-2647
-2650
-2685
-2686
-2856
-2981
-2983
-2965
-3079
-3121
-3226
-3255
-3329
-3414
-3323
-3305
-3248
-3175
-3081
-3099
-3073
-3027
-2979
-2875
-2767
-2748
-2773
-2745
-2760
-2852
-2778
-2724
-2751
-2791
-2839
-2797
-2874
-3006
-3115
-3119
-3052
-3023
-2926
-2636
-2364
-2206
-2144
-2008
-1858
-1839
-1883
-1942
-2025
-2096
-2112
-2100
-2068
-2185
-2430
-2654
-2780
-2841
-2936
-3077
-3167
-3123
-3008
-3081
-3379
-3595
-3766
-3965
-4080
-4095
-4044
-4094
-4110
-4089
-4187
-4335
-4438
-4474
-4449
-4391
-4421
-4513
-4504
-4473
-4428
-4433
-4414
-4335
-4259
-4202
-4329
-4402
-4353
-4277
-4273
-4290
-4293
-4237
-4227
-4276
-4258
-4192
-4110
-4049
-3893
-3640
-3396
-3219
-3032
-2961
-2891
-2877
-2633
-2337
-2150
-2022
-1972
-1794
-1690
-1461
-1342
-1323
-1399
-1405
-1374
-1475
-1603
-1623
-1548
-1553
-1589
-1705
-1703
-1674
-1710
-1747
-1792
-1878
-1789
-1605
-1563
-1560
-1639
-1746
-1844
-1868
-1782
-1729
-1609
-1453
-1363
-1309
-1326
-1370
-1419
-1433
-1412
-1338
-1297
-1266
-1233
-1260
-1251
-1279
-1324
-1339
-1378
-1354
-1286
-1301
-1386
-1451
-1442
-1527
-1495
-1396
-1394
-1385
-1427
-1449
-1449
-1502
-1645
-1717
-1725
-1705
-1742
-1795
-1922
-1984
-1956
-1965
-1998
-2078
-2148
-2183
-2250
-2314
-2307
-2254
-2056
-1934
-1899
-1971
-2016
-2117
-2353
-2475
-2439
-2366
-2329
-2147
-1984
-1990
-2030
-2064
-2080
-2074
-2045
-1912
-1880
-1916
-1903
-1935
-1994
-2061
-2038
-1932
-1819
-1724
-1714
-1678
-1559
-1507
-1512
-1466
-1451
-1403
-1404
-1539
-1582
-1602
-1645
-1751
-1814
-1863
-1879
-1838
-1839
-1850
-1852
-1859
-2008
-2247
-2427
-2394
-2391
-2360
-2314
-2191
-2136
-2309
-2524
-2781
-2858
-2870
-2873
-2813
-2645
-2564
-2483
-2408
-2388
-2323
-2313
-2350
-2490
-2707
-2900
-3030
-3006
-2946
-2803
-2695
-2559
-2135
-1765
-1648
-1685
-1686
-1705
-1721
-1811
-1932
-1924
-1772
-1715
-1762
-1786
-1929
-2064
-2104
-2174
-2263
-2409
-2450
-2450
-2568
-2706
-2789
-2781
-2777
-2761
-2754
-2746
-2764
-2692
-2618
-2519
-2477
-2509
-2438
-2268
-2115
-1961
-1880
-1939
-1910
-1894
-1861
-1839
-1741
-1565
-1518
-1500
-1454
-1318
-1165
-1094
-1055
-1128
-1200
-1283
-1399
-1489
-1525
-1401
-1335
-1408
-1488
-1568
-1601
-1683
-1802
-1877
-1885
-1770
-1703
-1738
-1842
-1858
-1764
-1649
-1587
-1623
-1609
-1635
-1752
-1856
-1886
-1879
-1840
-1820
-1826
-1846
-1908
-2062
-2297
-2541
-2835
-3035
-3112
-3127
-2964
-2774
-2745
-2723
-2781
-2922
-2892
-2693
-2486
-2245
-2179
-2213
-2157
-2034
-2075
-2288
-2272
-2170
-2145
-2181
-2262
-2397
-2504
-2545
-2468
-2310
-2268
-2209
-2068
-1933
-1753
-1659
-1554
-1407
-1314
-1260
-1189
-1112
-1052
-964
-991
-1030
-1074
-1157
-1093
-996
-1067
-1154
-1331
-1563
-1359
-1102
-1100
-1094
-1051
-1077
-1033
-1056
-1174
-1158
-1092
-947
-962
-994
-1006
-1002
-976
-1035
-1128
-1182
-1163
-1154
-1179
-1328
-1471
-1522
-1492
-1401
-1394
-1462
-1400
-1238
-1030
-1009
-1100
-1085
-1017
-894
-843
-875
-936
-969
-925
-850
-809
-702
-606
-558
-365
-240
-203
-106
-42
101
278
416
524
478
335
190
131
212
320
498
643
554
401
361
453
556
599
599
667
790
848
912
1031
1093
1156
1259
1297
1357
1322
1219
1120
1154
1289
1271
1220
1275
1336
1314
1347
1372
1359
1380
1315
1260
1213
1161
1191
1236
1320
1244
1158
1095
1175
1223
1210
1308
1261
1280
1387
1533
1474
1477
1555
1739
1916
1871
1879
1982
2091
2071
2045
2092
2110
2087
2142
2181
2194
2038
1741
1440
1147
834
561
346
22
-169
-206
-208
-268
-561
-650
-897
-990
-727
-633
-541
-539
-338
-274
-497
-730
-751
-554
-402
-335
-421
-657
-732
-615
-437
-321
-326
-477
-628
-728
-801
-683
-542
-338
-299
-396
-493
-649
-806
-764
-596
-521
-480
-560
-648
-628
-711
-1016
-1126
-1089
-990
-970
-970
-648
-514
-659
-835
-833
-830
-909
-887
-959
-889
-739
-667
-558
-524
-503
-435
-296
-204
-158
-135
-182
-192
-178
-22
45
90
192
266
282
220
225
109
-30
-7
38
99
307
479
706
944
932
671
565
555
368
374
406
477
741
1046
1178
1212
1404
1459
1487
1702
1891
2055
2130
2175
2258
2271
2382
2512
2570
2692
2801
2896
2894
2991
3007
2978
2854
2676
2656
2633
2733
2608
2534
2697
2854
2915
2803
2730
2776
2752
2632
2633
2837
2925
2928
2895
3010
3078
2970
3070
3196
3257
3112
2984
2993
3069
3069
3057
3026
2959
3098
3120
3106
3103
3031
2915
2888
2899
2754
2736
2711
2672
2696
2797
2799
2782
2658
2594
2711
2631
2679
2749
2765
2682
2528
2432
2275
2289
2478
2486
2519
2442
2287
2232
2000
1988
2195
2294
2269
2116
2044
2092
2179
2200
2081
2024
2032
2005
2089
2133
1974
1731
1657
1668
1752
1671
1332
1137
1088
1156
1230
1360
1254
1207
1298
1251
1273
1176
1035
1077
1174
1207
1213
1117
1101
1132
1115
1202
1266
1354
1388
1326
1314
1284
1230
1166
1226
1280
1289
1269
1228
1176
1234
1256
1083
964
955
1108
1059
934
946
891
773
617
572
547
496
355
295
346
356
358
419
479
449
449
471
573
592
546
467
438
506
465
253
218
182
46
89
160
119
-66
-96
-33
-90
-232
-330
-413
-528
-586
-633
-727
-796
-882
-986
-1187
-1306
-1424
-1717
-1817
-1858
-1902
-1864
-1732
-1662
-1769
-1841
-1847
-1867
-1911
-1912
-1821
-1679
-1503
-1417
-1505
-1543
-1442
-1497
-1638
-1704
-1763
-1757
-1897
-2099
-2226
-2330
-2349
-2375
-2311
-2268
-2353
-2388
-2412
-2444
-2360
-2369
-2406
-2272
-2146
-1998
-2010
-2097
-2297
-2458
-2435
-2423
-2260
-2103
-1978
-1957
-1949
-1980
-1999
-1874
-1733
-1585
-1581
-1678
-1730
-1750
-1774
-1782
-1807
-1662
-1473
-1459
-1341
-1160
-1122
-1148
-1092
-1076
-1127
-1072
-891
-754
-734
-740
-909
-1176
-1435
-1624
-1582
-1384
-1136
-872
-649
-598
-632
-688
-677
-537
-479
-414
-257
-23
168
146
113
237
410
621
707
666
555
502
695
829
834
840
892
976
1034
1091
1096
1056
1090
1088
1123
1213
1280
1307
1290
1275
1242
1098
1009
1042
1178
1401
1483
1401
1270
1389
1574
1721
1743
1599
1620
1690
1725
1663
1535
1557
1576
1626
1577
1480
1428
1397
1435
1419
1300
1188
1175
1002
860
810
874
962
957
1009
1120
1088
1008
1092
1268
1397
1410
1548
1708
1869
1962
1880
1833
1840
1828
1898
2039
2149
2185
2109
2180
2193
2378
2537
2490
2676
2777
3080
3431
3694
3662
3507
3610
3679
3764
3654
3505
3441
3400
3353
3134
2971
2825
2693
2721
2712
2730
2840
2805
2736
2800
2870
3028
3008
2892
2889
2918
2905
3058
3150
3029
2924
3079
3196
2861
2898
2788
2657
2814
3107
3227
3319
3400
3246
3258
3139
3075
2988
3301
3621
3767
3862
3775
3759
3726
3613
3512
3606
3814
3783
3656
3877
3900
3804
3952
4139
4313
4411
4470
4427
4214
4138
4113
4011
4079
4308
4560
4585
4492
4508
4458
4580
4723
4758
4708
4643
4592
4647
4917
5042
5248
5452
5580
5407
5154
5166
5178
5255
5287
5210
5143
5219
5445
5397
5097
4942
4988
5026
4969
4962
5159
5414
5456
5392
5262
5074
4953
4899
4887
4852
4823
4856
4937
5058
4954
4982
4959
4876
4856
4709
4654
4597
4406
4109
4052
4006
3893
3881
3934
3850
3817
3803
3683
3455
3300
3392
3367
3331
3330
3269
3103
3094
3055
2956
2790
2487
2235
2091
1937
1684
1654
1753
1992
2103
1971
1610
1283
1199
1089
1176
1369
1540
1656
1747
1819
1742
1725
1672
1649
1665
1730
1807
1747
1733
1639
1468
1377
1338
1302
1357
1321
1322
1392
1343
1204
1076
990
928
939
958
925
835
856
761
521
530
771
869
904
1007
1098
1267
1315
1292
1413
1641
1856
1962
2115
2269
2408
2608
2801
2948
2952
2879
2842
2804
2726
2643
2701
2677
2285
1776
1577
1598
1619
1526
1445
1512
1489
1421
1374
1256
1031
913
960
991
1127
1248
1130
1211
1408
1501
1391
1249
1266
1216
1014
969
1208
1250
1196
1109
1049
1025
1028
932
951
1001
856
761
722
744
750
591
480
451
286
199
264
416
279
95
-203
-362
-396
-431
-345
-504
-462
-226
-15
7
-69
-44
-28
-47
1
134
387
413
232
18
-107
-183
-141
224
483
620
568
254
59
-51
-295
-324
-81
60
-87
-231
-422
-675
-956
-1331
-1464
-1457
-1553
-1823
-2084
-2356
-2563
-2795
-3156
-3437
-3807
-4054
-4165
-4291
-4421
-4401
-4297
-4247
-4226
-4345
-4507
-4615
-4495
-4231
-4213
-4198
-4045
-3850
-3681
-3571
-3185
-2829
-2435
-2011
-1890
-1817
-2096
-2577
-2998
-3251
-3284
-3175
-2489
-2258
-2345
-2160
-1994
-2113
-2262
-2141
-2111
-1973
-1922
-2033
-2163
-2041
-1779
-1677
-1646
-1363
-1231
-1343
-1411
-1508
-1272
-872
-772
-570
-371
-379
-377
-199
-169
-311
-268
-146
134
354
465
278
-66
-309
-769
-1052
-976
-996
-608
-346
-209
-175
-782
-1304
-1277
-1180
-1103
-1043
-1143
-1160
-1382
-1504
-1911
-2039
-1992
-2086
-2135
-2401
-2772
-3059
-3014
-3269
-3540
-3681
-3562
-3636
-3730
-3724
-3697
-3526
-3474
-3513
-3545
-3383
-3305
-3136
-2869
-2493
-2437
-2557
-2618
-2777
-3067
-3255
-3073
-2709
-2435
-2121
-1791
-1389
-1212
-1016
-583
-385
-53
-141
-347
-358
-247
-389
-612
-654
-283
280
399
454
341
291
397
463
395
344
425
568
488
443
501
515
598
780
943
798
614
581
586
619
750
752
606
542
424
382
362
215
-36
-40
170
80
64
104
122
131
98
230
342
330
229
183
220
256
242
15
-144
-220
-139
-108
-236
-342
-490
-473
-517
-629
-745
-848
-892
-952
-1072
-1047
-1083
-1268
-1387
-1409
-1331
-1313
-1427
-1519
-1418
-1361
-1335
-1278
-1317
-1306
-1458
-1608
-1552
-1693
-1621
-1432
-1309
-1049
-735
-509
-405
-387
-467
-591
-640
-593
-747
-764
-678
-608
-480
-339
-267
-301
-347
-442
-189
-11
22
-171
-426
-498
-667
-697
-741
-728
-672
-764
-884
-937
-1110
-1326
-1571
-1642
-1714
-1729
-1733
-1680
-1569
-1668
-1684
-1874
-1926
-1843
-1800
-1799
-1870
-1914
-1777
-1487
-1468
-1606
-1692
-1701
-1768
-1902
-1922
-1861
-1921
-2047
-2019
-1973
-2025
-2238
-2368
-2490
-2657
-2682
-2623
-2463
-2465
-2554
-2682
-2803
-2935
-2988
-2896
-2976
-3134
-3209
-3201
-3175
-3328
-3564
-3842
-4029
-4129
-4251
-4347
-4405
-4308
-4236
-4230
-4333
-4377
-4438
-4632
-4717
-4572
-4553
-4606
-4650
-4685
-4498
-4482
-4425
-4260
-4023
-3788
-3619
-3539
-3468
-3453
-3440
-3286
-3268
-3213
-3282
-3262
-3104
-3019
-2995
-3051
-2987
-2925
-2908
-2917
-2891
-2815
-2903
-2987
-2988
-2910
-2821
-2658
-2371
-2240
-2214
-2286
-2360
-2459
-2427
-2405
-2446
-2417
-2322
-2154
-2062
-1908
-1666
-1565
-1639
-1467
-1239
-1105
-953
-868
-881
-802
-657
-584
-455
-386
-346
-214
-90
-73
-138
-142
-85
-179
-257
-318
-539
-646
-636
-635
-672
-770
-921
-1096
-1317
-1503
-1665
-1822
-1912
-1883
-1620
-1425
-1247
-1026
-937
-823
-745
-736
-697
-609
-498
-335
-235
-65
169
330
382
310
412
486
339
221
359
416
476
585
548
595
785
909
863
696
565
551
461
503
516
527
590
543
515
456
284
190
155
139
203
242
103
33
82
16
-108
-226
-227
-231
-292
-352
-304
-279
-370
-485
-494
-470
-492
-360
-239
-210
-198
-162
-128
-168
-168
-192
-81
-128
-32
148
20
110
224
213
339
398
382
490
412
259
165
31
-153
-179
-346
-550
-642
-751
-758
-802
-884
-816
-656
-614
-780
-950
-1087
-1256
-1365
-1412
-1499
-1766
-2041
-2215
-2150
-2181
-2404
-2693
-2912
-3019
-3068
-3158
-3152
-3013
-2856
-2670
-2536
-2485
-2608
-2651
-2728
-2766
-2664
-2517
-2450
-2433
-2444
-2398
-2321
-2336
-2223
-2034
-1964
-2030
-1955
-1899
-1788
-1736
-1758
-1757
-1790
-1671
-1587
-1644
-1754
-1859
-1942
-1856
-1928
-1909
-1774
-1656
-1657
-1790
-1794
-1848
-1816
-1835
-1761
-1774
-2014
-2307
-2514
-2569
-2617
-2704
-2712
-2667
-2651
-2670
-2710
-2746
-2936
-3057
-3080
-3008
-3060
-3075
-3084
-3268
-3368
-3552
-3692
-3777
-3819
-3797
-3890
-4035
-4027
-3896
-3849
-3891
-3948
-4059
-4132
-4143
-4070
-3900
-3703
-3519
-3408
-3434
-3590
-3687
-3862
-4082
-4205
-4208
-4164
-3985
-3979
-4159
-4144
-4256
-4367
-4419
-4396
-4420
-4441
-4244
-4167
-4203
-4064
-3993
-4026
-4097
-4256
-4275
-4282
-4351
-4284
-4157
-4107
-4150
-4240
-4287
-4325
-4328
-4454
-4496
-4457
-4583
-4699
-4749
-4938
-5204
-5416
-5474
-5271
-5162
-5214
-5370
-5489
-5507
-5692
-5737
-5754
-5754
-5535
-5495
-5367
-5459
-5607
-5571
-5516
-5290
-5143
-5152
-5082
-4897
-4691
-4377
-4177
-4097
-4156
-4135
-3977
-3866
-3774
-3648
-3546
-3363
-3108
-3021
-2930
-2709
-2521
-2511
-2474
-2408
-2205
-2074
-1961
-1889
-1900
-1818
-1907
-2068
-2194
-2115
-2051
-2001
-1913
-1882
-1706
-1693
-1778
-1804
-1885
-1761
-1620
-1534
-1457
-1404
-1380
-1404
-1398
-1348
-1279
-1210
-1070
-896
-737
-741
-821
-1035
-1317
-1479
-1559
-1512
-1365
-1338
-1207
-1115
-1271
-1417
-1538
-1704
-1789
-1500
-1272
-1191
-1344
-1464
-1357
-1368
-1421
-1483
-1421
-1283
-1094
-975
-883
-785
-833
-766
-650
-629
-482
-414
-481
-309
-127
-97
-141
-239
-260
-309
-341
-290
-217
-194
-110
-137
-199
-77
117
379
606
907
1084
1124
1180
1224
1272
1396
1462
1470
1531
1489
1437
1505
1599
1636
1596
1483
1457
1458
1487
1450
1450
1502
1513
1536
1519
1608
1807
1905
2041
2219
2274
2252
2032
1758
1579
1479
1469
1513
1493
1501
1655
1691
1637
1684
1721
1806
1829
1791
1641
1507
1463
1430
1503
1450
1478
1575
1589
1516
1426
1386
1483
1641
1678
1636
1477
1383
1253
1013
881
808
745
714
668
578
429
272
220
133
24
38
79
70
108
147
54
19
25
48
90
101
-11
-252
-447
-418
-213
-228
-301
-252
-173
-136
-131
-84
-66
-148
-267
-258
-234
-355
-529
-654
-656
-668
-716
-756
-819
-779
-650
-683
-841
-892
-879
-878
-911
-963
-1020
-984
-951
-910
-953
-1003
-1062
-1187
-1079
-855
-620
-402
-309
-291
-273
-126
-24
-79
-159
-205
-100
-2
6
-83
-180
-181
-100
-46
46
80
26
-40
-36
66
21
19
20
-80
-70
-89
-20
113
129
161
45
53
174
69
-59
0
24
-21
-8
-8
-30
-67
-72
-131
-126
-61
-62
-5
52
109
113
12
-9
22
122
194
249
306
263
261
277
294
328
381
435
398
346
338
287
292
313
249
214
264
265
264
263
287
307
225
153
-51
-184
-199
-83
12
10
84
104
30
-105
-166
-272
-424
-503
-341
-283
-386
-471
-464
-362
-413
-526
-647
-723
-714
-643
-618
-553
-460
-442
-355
-265
-245
-218
-183
-123
-113
-43
-17
-44
-15
-6
17
84
182
212
272
242
149
40
-51
-2
18
-54
-134
-189
-207
-294
-445
-507
-547
-476
-432
-513
-598
-673
-637
-621
-529
-368
-286
-277
-336
-373
-444
-486
-468
-393
-317
-204
-8
52
33
-29
-120
-81
-15
1
-16
-5
16
104
208
272
333
380
490
614
752
759
704
707
765
795
684
647
765
772
724
667
637
644
681
785
702
613
537
492
353
96
-56
-87
-44
-160
-278
-343
-375
-384
-403
-484
-630
-695
-733
-784
-856
-858
-779
-681
-619
-675
-800
-959
-1020
-1087
-1155
-1092
-1049
-1038
-966
-946
-1062
-1147
-1288
-1480
-1602
-1647
-1619
-1616
-1650
-1600
-1551
-1571
-1533
-1496
-1481
-1433
-1365
-1238
-1081
-984
-825
-691
-662
-692
-690
-651
-535
-399
-261
-127
-112
-73
-52
-41
-52
-68
-77
-150
-256
-350
-298
-191
-97
6
16
44
139
168
130
67
108
209
325
363
290
236
214
222
127
152
145
126
56
-39
-140
-316
-430
-529
-456
-513
-428
-375
-407
-464
-552
-519
-491
-466
-536
-624
-761
-634
-540
-638
-740
-830
-802
-775
-810
-801
-747
-828
-860
-927
-1039
-1091
-1150
-1168
-1161
-1155
-1267
-1340
-1339
-1354
-1318
-1259
-1227
-1147
-1076
-1088
-1152
-1210
-1292
-1350
-1338
-1281
-1231
-1229
-1275
-1330
-1289
-1314
-1309
-1296
-1251
-1216
-1276
-1349
-1456
-1522
-1538
-1547
-1490
-1441
-1434
-1510
-1680
-1773
-1869
-1975
-1958
-1853
-1837
-1882
-2011
-2043
-2105
-2190
-2286
-2402
-2393
-2449
-2421
-2319
-2168
-2076
-1971
-1820
-1660
-1476
-1410
-1371
-1282
-1272
-1436
-1444
-1278
-1087
-701
-398
-403
-521
-544
-567
-576
-425
-340
-403
-213
150
409
772
1089
1244
1322
1337
1197
980
798
580
315
196
140
117
101
38
49
-23
-68
-32
9
-78
-188
-219
-208
-141
-112
-170
-185
-164
-177
-253
-366
-409
-456
-409
-413
-442
-465
-445
-480
-554
-581
-667
-702
-779
-919
-1100
-1169
-1220
-1296
-1348
-1408
-1470
-1520
-1553
-1585
-1608
-1623
-1592
-1606
-1701
-1817
-1933
-2042
-2135
-2213
-2251
-2271
-2278
-2356
-2425
-2455
-2554
-2638
-2730
-2836
-2899
-2933
-2918
-2831
-2729
-2670
-2682
-2671
-2667
-2748
-2809
-2861
-2908
-2904
-2909
-2911
-2915
-2861
-2834
-2880
-2906
-2890
-2944
-3050
-3126
-3179
-3101
-3004
-2919
-2850
-2797
-2746
-2728
-2671
-2575
-2445
-2299
-2185
-2058
-1929
-1768
-1609
-1456
-1235
-1195
-1220
-1193
-1253
-1264
-1259
-1227
-1191
-1103
-936
-766
-618
-520
-446
-463
-476
-518
-522
-570
-759
-885
-922
-860
-760
-774
-718
-604
-605
-570
-566
-543
-381
-262
-112
81
217
273
215
193
149
71
-6
-77
-202
-318
-334
-247
-144
-55
56
77
-32
-142
-239
-354
-398
-405
-402
-415
-421
-431
-443
-499
-452
-285
-123
9
101
125
202
317
370
420
469
614
724
763
778
731
746
795
792
854
924
964
997
964
874
871
907
922
1024
1199
1395
1494
1582
1619
1527
1510
1535
1504
1465
1438
1450
1431
1384
1401
1421
1382
1354
1295
1199
1093
1026
999
958
942
996
1139
1184
1118
1012
884
791
688
536
439
417
530
677
805
973
1012
1078
1236
1427
1599
1705
1712
1760
1921
2045
2122
2153
2199
2313
2378
2459
2537
2605
2701
2748
2792
2720
2707
2729
2761
2735
2695
2784
2752
2566
2392
2312
2231
2068
2001
2117
2110
2064
2049
1910
1899
1895
1794
1701
1542
1446
1439
1460
1397
1246
1134
1087
1078
1094
1026
1137
1343
1481
1580
1547
1539
1506
1554
1583
1590
1590
1594
1577
1469
1478
1536
1612
1651
1638
1619
1634
1609
1579
1530
1406
1353
1367
1428
1471
1534
1561
1557
1564
1541
1538
1662
1843
1971
1927
1869
1927
1881
1777
1599
1634
1857
1962
1956
2000
2262
2475
2548
2599
2720
2847
2843
2833
2901
3065
3222
3305
3170
3120
3289
3287
3147
3028
3112
3208
3215
3281
3341
3355
3440
3580
3721
3743
3695
3630
3564
3579
3598
3658
3775
3866
3836
3710
3544
3432
3321
3393
3552
3522
3347
3210
3299
3509
3548
3385
3344
3426
3426
3386
3296
3186
3197
3327
3527
3561
3460
3202
3179
3379
3381
3351
3342
3468
3616
3637
3555
3329
3086
2972
2945
2936
2791
2728
2856
3057
3038
2930
2869
2740
2768
2850
2939
3084
3260
3277
3253
3278
3375
3502
3498
3504
3722
3903
3877
3926
3906
3960
4031
4031
4127
4202
4325
4308
4281
4328
4420
4413
4271
4219
4182
4168
4154
4153
4091
4089
4062
4039
4014
3964
3951
3897
3889
3901
3846
3844
3907
3957
3854
3752
3742
3663
3578
3576
3593
3630
3956
4019
3990
3870
3703
3664
3643
3689
3783
3960
4025
4096
4054
4003
4019
4073
4033
3891
3905
3965
4008
4049
3964
3837
3701
3693
3714
3736
3745
3835
3833
3803
3819
3599
3460
3522
3623
3576
3433
3246
3047
2868
2859
2845
2810
2767
2859
3024
3016
2861
2693
2706
2749
2792
2812
2861
2825
2782
2746
2676
2586
2540
2651
2733
2771
2754
2730
2749
2766
2637
2497
2417
2442
2598
2629
2710
2871
2993
3097
3130
2998
2923
2887
2757
2664
2647
2603
2494
2530
2579
2616
2606
2482
2366
2368
2387
2390
2487
2529
2671
2872
2935
2877
2882
2847
2727
2553
2468
2469
2547
2659
2674
2903
3098
3181
3179
3278
3369
3322
3214
3141
3136
3087
3001
2871
2841
2803
2777
2766
2773
2729
2550
2419
2311
2200
2130
2082
2085
2038
2072
2027
1925
1966
1902
1866
1927
1930
1908
1925
1895
1887
1879
1849
1790
1697
1747
1832
1845
1823
1809
1852
1955
1946
1883
1879
1882
1885
1848
1779
1668
1605
1561
1521
1511
1432
1377
1294
1213
1184
1176
1258
1338
1405
1472
1564
1571
1497
1396
1280
1203
1175
1184
1127
1049
972
984
986
964
913
769
689
621
570
514
426
282
169
123
92
36
-70
-132
-207
-317
-449
-585
-717
-839
-990
-1104
-1097
-1059
-1042
-999
-927
-871
-847
-818
-813
-892
-948
-1002
-1110
-1220
-1282
-1251
-1189
-1153
-1104
-1034
-995
-960
-872
-887
-987
-1203
-1398
-1483
-1607
-1614
-1514
-1378
-1181
-1037
-1070
-1202
-1487
-1812
-2069
-2255
-2244
-2076
-1651
-1135
-853
-666
-354
-109
-62
-69
-125
-147
-92
-91
-60
25
57
54
-36
-222
-378
-523
-566
-481
-431
-264
-81
-20
-109
-358
-471
-503
-537
-337
-119
-109
-84
138
396
386
224
271
461
472
502
587
549
453
313
422
490
422
363
123
37
2
-22
-136
-251
-259
-274
-277
-260
-196
-202
-266
-404
-429
-406
-436
-487
-554
-655
-680
-519
-309
-175
-179
-183
-139
-55
16
10
-131
-311
-451
-530
-532
-513
-384
-246
-7
214
292
363
453
559
577
553
521
446
393
363
409
399
331
366
363
358
325
258
174
152
72
-72
-60
39
147
230
309
295
234
141
113
81
10
-7
-4
73
97
100
157
297
412
518
574
560
590
584
515
411
226
29
-103
-168
-222
-351
-421
-506
-579
-626
-696
-786
-829
-792
-732
-641
-545
-455
-394
-334
-378
-417
-429
-459
-484
-480
-500
-597
-641
-671
-696
-758
-834
-876
-882
-904
-956
-982
-908
-776
-688
-637
-631
-637
-725
-863
-994
-1019
-959
-808
-644
-556
-492
-521
-537
-596
-737
-830
-868
-876
-887
-900
-889
-834
-817
-862
-867
-826
-778
-816
-887
-982
-1119
-1210
-1325
-1383
-1341
-1252
-1221
-1207
-1176
-1216
-1157
-1075
-1156
-1234
-1342
-1512
-1651
-1786
-1824
-1774
-1662
-1446
-1185
-995
-907
-939
-1053
-1215
-1186
-1040
-946
-800
-595
-475
-415
-182
35
253
437
504
581
805
1110
1419
1557
1693
1843
1976
2232
2416
2614
2709
2818
2904
2932
3042
3018
3034
3147
3123
3110
3155
3133
3055
3099
3136
3121
2995
2876
2860
2847
2830
2758
2801
2822
2872
2845
2719
2745
2745
2605
2529
2447
2382
2285
2120
1955
1839
1867
1971
2176
2311
2360
2345
2223
2104
2121
2107
1967
1999
2373
2655
2772
2801
2776
2698
2596
2801
2669
2163
2128
2406
2584
2966
3149
2998
3225
3260
3053
3130
3097
2964
3089
3437
3562
3444
3425
3614
3666
3451
3435
3498
3541
3621
3716
3872
4165
4417
4517
4430
4209
4040
3757
3618
3555
3670
3925
3902
3850
3876
3805
3876
3806
3915
4143
4078
4415
4577
4717
4942
5044
5246
5448
5431
5521
5712
5939
6089
5972
6090
6249
6433
6611
6759
6909
7174
7457
7596
7532
7564
7522
7421
7264
7099
7065
6680
6424
6485
6437
6248
6285
6462
6335
5971
5931
6024
5926
5773
5594
5724
6058
6055
5885
5469
5354
5667
5508
5397
5455
5531
5549
5414
5202
4894
4938
5013
4944
4912
5027
5012
4881
4548
4149
4151
4023
4174
4447
4810
4929
4752
4638
4497
4605
4505
4163
3866
3864
3928
3971
4017
3974
3940
3881
3848
3738
3485
3367
3373
3570
3605
3420
3580
3614
3464
3391
3316
3368
3391
3305
3352
3453
3497
3510
3442
3406
3483
3576
3573
3489
3314
3026
2960
2843
2650
2533
2538
2540
2452
2390
2110
1854
1572
1305
1153
953
785
666
732
958
1009
1002
949
1061
1294
1438
1416
1311
1409
1442
1528
1657
1608
1525
1515
1599
1729
1735
1616
1444
1343
1269
1309
1443
1431
1397
1366
1292
1209
1340
1720
1876
1832
1850
1777
1683
1733
1855
1914
1949
1962
1924
1826
1725
1695
1771
1842
1879
2100
2168
2058
2050
2228
2445
2539
2567
2537
2621
2710
2626
2536
2580
2499
2472
2421
2196
1887
1739
1776
1724
1758
1819
2058
2117
2010
1994
2103
2109
1954
1742
1539
1528
1508
1521
1622
1797
1855
2017
2133
2055
1977
2079
2212
2355
2406
2437
2613
2685
2872
2902
2912
3020
3091
3056
3168
3393
3375
3399
3605
3741
3749
3662
3581
3622
3607
3508
3218
3198
3324
3358
3470
3373
3392
3352
3110
3007
2966
2860
2770
2770
2762
2766
2637
2468
2419
2396
2329
2208
2248
2467
2660
2496
2208
2190
2267
2279
2173
2074
2157
2280
2182
2158
2185
2234
2361
2456
2546
2504
2424
2331
2319
2277
2190
2180
2355
2528
2679
2834
2898
2911
2902
2986
2967
3006
3046
3148
3243
3205
3282
3311
3394
3476
3518
3591
3556
3591
3743
3774
3713
3568
3399
3292
3270
3379
3536
3868
4138
4134
4140
4140
3991
3747
3627
3584
3428
3492
3649
3705
3778
4044
4291
4356
4476
4525
4475
4193
3956
3924
3993
4096
4095
4128
4106
4162
4202
4088
3988
3831
3725
3691
3666
3594
3491
3432
3367
3178
3003
2906
2750
2690
2691
2525
2351
2185
1957
1777
1647
1593
1551
1486
1566
1544
1378
1155
940
1034
1072
1053
1072
1141
1292
1432
1473
1513
1669
1789
1873
1918
1851
1604
1456
1523
1727
1847
1803
1894
2052
2129
2167
2200
2276
2368
2429
2486
2590
2657
2672
2671
2637
2633
2658
2702
2693
2536
2314
2174
1970
1873
1845
1855
1879
1949
2033
1951
1964
1868
1728
1601
1676
1768
1709
1626
1529
1408
1291
1214
1087
1164
1276
1226
1145
1193
1176
1022
900
877
892
870
774
612
513
329
156
66
-12
-40
-117
-286
-479
-596
-766
-896
-932
-942
-921
-1004
-1124
-1259
-1276
-1198
-1083
-919
-684
-545
-556
-534
-527
-455
-406
-368
-356
-377
-449
-636
-801
-903
-929
-891
-801
-704
-674
-733
-798
-817
-806
-993
-1182
-1307
-1315
-1294
-1382
-1354
-1316
-1434
-1683
-1816
-1886
-1788
-1754
-1761
-1720
-1727
-1769
-1799
-1764
-1768
-1704
-1756
-1850
-1858
-1752
-1674
-1660
-1655
-1627
-1580
-1642
-1725
-1768
-1788
-1722
-1550
-1428
-1340
-1127
-984
-1006
-999
-878
-796
-896
-930
-914
-787
-685
-721
-835
-912
-892
-920
-919
-909
-945
-940
-869
-788
-677
-592
-619
-830
-955
-1074
-1196
-1206
-1170
-1073
-988
-1060
-1192
-1131
-1104
-1188
-1369
-1363
-1197
-1101
-931
-802
-745
-770
-849
-873
-908
-1004
-959
-800
-695
-640
-756
-733
-427
-324
-323
-261
-194
-152
-266
-316
-326
-278
27
341
433
371
272
177
200
282
305
236
144
164
119
-10
-65
-8
16
26
139
197
201
125
8
33
-4
-127
-122
-169
-163
-113
-253
-367
-350
-294
-277
-208
-115
-105
-85
-54
-235
-286
-235
-256
-241
-298
-217
-127
-23
48
102
143
32
26
141
295
439
512
565
717
846
853
790
958
1279
1332
1205
1170
1274
1266
1247
1294
1305
1099
863
763
720
815
729
623
765
834
763
757
814
758
586
573
716
836
929
894
841
674
495
483
431
508
615
825
996
1017
1009
953
893
744
710
802
819
801
954
1085
1117
1085
991
1072
1174
1154
1049
1106
1228
1215
1172
1040
949
970
990
1040
1156
1128
1021
907
929
1112
1228
1303
1446
1607
1595
1571
1640
1733
1821
1916
2010
2128
2219
2284
2481
2644
2621
2570
2591
2714
2865
3000
3207
3289
3347
3437
3300
3133
3075
3056
2988
3000
2995
2901
2953
3097
3201
3282
3415
3345
3234
3205
3173
3184
2951
2687
2619
2603
2656
2696
2759
2854
2759
2616
2575
2477
2454
2515
2579
2719
2771
2714
2602
2548
2391
2202
2261
2368
2339
2261
2133
2015
2074
2161
2176
2122
2068
2110
2165
2236
2417
2427
2438
2558
2663
2846
3018
3068
2973
2950
2831
2779
3010
3226
3254
3175
3258
3338
3227
3100
3098
3155
3134
3122
3149
3110
3059
2976
2920
3026
3091
3123
3138
3187
3255
3245
3330
3316
3268
3260
3285
3319
3406
3520
3558
3653
3658
3667
3783
3898
3923
3902
3923
3934
3888
3980
4115
4237
4336
4385
4436
4416
4440
4366
4368
4410
4397
4483
4596
4796
4832
4701
4704
4700
4600
4476
4365
4160
3943
3900
3874
3909
3866
3722
3690
3550
3319
3207
3240
3261
3252
3363
3391
3343
3283
3181
3110
3019
2963
2935
2977
3074
3052
3100
3153
3057
2990
2972
2945
2822
2748
2750
2846
2968
2964
2980
3094
3176
3210
3225
3170
3110
3080
3058
3095
3153
3165
3175
3145
3096
2930
2851
2801
2700
2674
2639
2682
2708
2786
2891
2954
3024
3037
2990
2961
2946
3048
3078
2929
2806
2754
2750
2734
2795
2880
2995
2982
2862
2869
2815
2632
2574
2566
2574
2581
2545
2515
2563
2646
2617
2676
2610
2505
2461
2375
2361
2276
2180
2110
2113
2215
2294
2284
2169
2086
1997
1880
1778
1710
1698
1719
1672
1548
1465
1320
1201
1065
965
989
1025
1015
966
1029
1016
904
828
754
582
365
340
376
433
403
352
429
400
409
342
280
323
353
372
388
450
399
387
392
320
184
48
-35
-163
-225
-149
0
13
-23
-56
-170
-253
-311
-406
-527
-649
-746
-822
-786
-709
-754
-832
-860
-855
-826
-833
-832
-780
-746
-753
-851
-936
-971
-966
-993
-996
-975
-1092
-1265
-1449
-1637
-1807
-1907
-1691
-1519
-1521
-1582
-1710
-1740
-1749
-1655
-1657
-1694
-1737
-1926
-2151
-2359
-2505
-2566
-2591
-2554
-2564
-2522
-2436
-2539
-2592
-2555
-2569
-2723
-2835
-2972
-3074
-2931
-2787
-2654
-2628
-2609
-2571
-2559
-2512
-2553
-2459
-2318
-2422
-2585
-2630
-2616
-2548
-2494
-2506
-2531
-2509
-2485
-2468
-2436
-2414
-2363
-2288
-2101
-1971
-2031
-2199
-2247
-2214
-2114
-2112
-2224
-2282
-2271
-2212
-2354
-2475
-2553
-2468
-2350
-2319
-2264
-2280
-2328
-2371
-2378
-2410
-2398
-2316
-2192
-2012
-1926
-1901
-1794
-1675
-1667
-1621
-1534
-1397
-1238
-1241
-1216
-1096
-934
-915
-905
-764
-570
-478
-406
-281
-274
-375
-444
-444
-382
-245
-238
-196
-108
-97
-166
-240
-298
-200
-36
131
196
52
58
53
174
349
349
366
495
612
574
506
452
339
252
223
128
17
10
2
-56
-126
-120
75
159
161
89
-157
-250
-243
-211
-153
-204
-215
-173
-172
-264
-329
-276
-163
-155
-190
-142
-196
-331
-432
-436
-315
-213
-243
-196
-75
37
124
185
187
88
11
-60
-110
-107
-97
21
140
289
431
467
481
368
214
79
26
113
250
339
531
786
817
802
782
571
364
281
373
620
907
1139
1310
1424
1500
1503
1441
1503
1595
1673
1811
1907
1954
1972
1976
1971
2029
2074
1968
1919
1882
1841
1853
1892
1876
1836
1812
1677
1608
1596
1551
1594
1636
1678
1671
1576
1441
1291
1236
1224
1219
1189
1240
1237
1239
1294
1304
1340
1288
1228
1114
1014
892
747
714
667
613
607
570
566
518
402
430
459
371
347
353
464
542
473
421
381
412
473
483
487
455
302
261
223
294
409
415
394
390
452
375
306
403
543
571
634
650
530
326
58
-65
-37
-123
-177
-184
-222
-138
-92
-75
1
46
36
110
221
261
290
340
382
439
422
393
463
493
577
638
697
779
745
694
573
577
630
567
509
462
479
472
437
404
347
277
213
154
90
78
-57
-226
-218
-177
-334
-587
-769
-877
-995
-1148
-1236
-1355
-1357
-1242
-1197
-1302
-1401
-1476
-1561
-1511
-1478
-1510
-1503
-1443
-1394
-1478
-1626
-1823
-1866
-1675
-1578
-1517
-1357
-1214
-1122
-1042
-1106
-1152
-1173
-1183
-1084
-1033
-1080
-1152
-1246
-1248
-1186
-1190
-1276
-1358
-1293
-1243
-1256
-1388
-1529
-1611
-1684
-1718
-1632
-1506
-1543
-1712
-1865
-1957
-2155
-2357
-2412
-2346
-2300
-2272
-2287
-2304
-2347
-2463
-2425
-2319
-2245
-2182
-2167
-2156
-2101
-2104
-2089
-2056
-1997
-1907
-1756
-1622
-1518
-1382
-1418
-1479
-1488
-1434
-1279
-1068
-879
-785
-684
-668
-766
-831
-885
-961
-1139
-1239
-1158
-1050
-939
-919
-960
-1011
-1090
-1055
-932
-812
-722
-620
-578
-482
-376
-329
-272
-189
-153
-133
38
173
277
325
435
580
726
806
885
965
996
1026
1035
1049
983
1088
1296
1449
1416
1345
1299
1247
1250
1257
1258
1233
1259
1282
1254
1204
1225
1181
1122
1148
1172
1200
1169
1059
978
1028
1099
1169
1272
1228
1159
1140
1067
986
945
930
909
832
891
968
955
919
814
739
691
791
891
949
961
1022
1038
986
936
892
923
830
591
374
262
101
-36
13
173
192
127
132
153
60
91
246
271
190
79
54
150
204
157
161
221
218
194
203
236
286
214
129
23
-123
-178
-204
-274
-281
-230
-166
-197
-260
-266
-198
-143
-180
-147
-1
252
346
436
527
543
531
608
673
621
647
714
774
903
984
934
1043
1110
1183
1209
1124
1065
1026
1043
1029
1063
1157
1265
1257
1124
1132
1211
1119
1013
1062
1080
995
1004
1042
1005
1037
1053
1069
1026
959
992
998
1088
1183
1249
1217
1126
1030
976
938
926
999
1056
1179
1236
1177
1084
921
916
870
836
903
869
946
911
896
750
663
617
641
785
777
717
712
772
807
820
748
840
831
815
692
633
646
728
938
1057
1064
1021
1128
1160
1177
1157
1090
1042
978
943
955
911
873
964
1028
930
833
710
663
710
772
800
717
677
664
560
430
303
152
87
82
50
55
68
95
46
-1
22
-58
4
137
317
514
689
794
710
610
469
462
564
615
732
784
848
934
883
776
759
890
966
965
956
1020
957
894
871
808
738
638
705
705
630
481
304
171
173
265
269
224
193
280
420
567
569
486
468
471
474
441
348
193
107
189
306
425
461
432
341
280
245
161
133
57
15
-5
-91
-309
-443
-455
-422
-408
-447
-516
-586
-536
-472
-492
-578
-608
-585
-521
-477
-445
-352
-324
-378
-407
-411
-386
-401
-325
-169
-72
-27
-56
-47
-85
-146
-164
-178
-120
-126
-69
28
70
37
-42
-120
-134
6
144
221
176
188
104
-7
-33
-50
-20
73
159
132
88
-7
-125
-186
-229
-353
-435
-452
-394
-390
-357
-319
-333
-307
-309
-339
-351
-279
-198
-161
-302
-462
-507
-473
-429
-494
-530
-443
-461
-492
-509
-547
-526
-530
-504
-512
-555
-639
-776
-871
-944
-1017
-1066
-1096
-1088
-1097
-1149
-1182
-1120
-1021
-1046
-1169
-1307
-1528
-1733
-1743
-1684
-1635
-1645
-1648
-1608
-1534
-1397
-1272
-1297
-1295
-1282
-1318
-1235
-1117
-1049
-1037
-970
-906
-918
-960
-1000
-1029
-1041
-1139
-1176
-1190
-1247
-1300
-1326
-1300
-1313
-1291
-1339
-1343
-1280
-1279
-1288
-1363
-1368
-1382
-1447
-1436
-1536
-1590
-1646
-1704
-1665
-1536
-1432
-1355
-1231
-1166
-991
-877
-845
-866
-810
-689
-627
-549
-473
-424
-404
-360
-326
-283
-298
-346
-346
-279
-269
-356
-365
-310
-262
-238
-226
-206
-236
-297
-430
-557
-590
-562
-546
-544
-598
-739
-783
-783
-842
-885
-905
-940
-969
-1024
-1008
-901
-720
-619
-544
-419
-305
-350
-514
-614
-645
-618
-581
-478
-511
-513
-536
-591
-675
-780
-751
-678
-600
-598
-623
-688
-752
-749
-656
-587
-591
-706
-777
-800
-721
-643
-750
-795
-759
-707
-689
-713
-774
-771
-783
-825
-903
-1011
-959
-890
-844
-845
-888
-920
-1023
-1146
-1310
-1436
-1544
-1509
-1389
-1275
-1154
-1138
-1092
-1041
-1073
-1097
-1057
-1036
-879
-800
-778
-597
-422
-309
-467
-700
-727
-675
-591
-455
-328
-337
-296
-41
76
-67
-248
-258
-263
-265
-245
-298
-304
-343
-349
-334
-220
-213
-319
-254
-204
-213
-368
-351
-253
-260
-195
-112
-22
42
85
118
140
41
-47
-129
-159
-191
-239
-150
-130
-139
-108
-103
-155
-230
-297
-321
-220
-128
-153
-228
-194
-165
-137
-78
-69
-53
-118
-100
-81
-67
-86
-95
-153
-314
-371
-423
-412
-343
-252
-223
-183
-24
107
98
137
200
164
134
186
317
404
407
421
413
417
394
347
343
393
494
533
517
497
570
722
871
897
925
858
763
671
582
652
712
692
607
585
592
612
521
460
425
430
468
409
354
305
368
389
368
270
68
-36
28
162
304
426
463
440
434
419
239
87
98
206
284
386
477
391
341
395
370
331
383
453
551
677
742
803
950
1121
1278
1263
1213
1122
957
828
818
795
677
724
723
746
805
753
674
697
682
555
453
335
294
296
326
444
536
540
512
477
501
494
498
597
693
725
728
730
850
1002
1063
1119
1147
1217
1363
1463
1516
1595
1593
1579
1596
1594
1535
1406
1250
1116
965
815
705
617
592
602
576
517
431
402
518
644
615
553
583
569
562
600
689
701
498
304
241
155
53
-22
-35
10
7
-30
-5
5
-102
-47
8
63
125
25
-15
19
120
5
-246
-463
-628
-752
-955
-1004
-1022
-1129
-1218
-1272
-1329
-1375
-1428
-1503
-1634
-1743
-1739
-1750
-1796
-1858
-1899
-1911
-1882
-1796
-1745
-1790
-1832
-1904
-1969
-1976
-1893
-1769
-1734
-1713
-1701
-1677
-1662
-1631
-1624
-1651
-1658
-1634
-1562
-1606
-1523
-1318
-1231
-1293
-1431
-1439
-1418
-1417
-1424
-1342
-1248
-1206
-1155
-1129
-1081
-1031
-1005
-929
-892
-1018
-1085
-1087
-1089
-1091
-1136
-1133
-1056
-968
-945
-993
-1045
-1066
-1063
-1034
-999
-968
-929
-913
-925
-972
-865
-800
-833
-850
-804
-696
-647
-566
-448
-280
-203
-215
-316
-325
-298
-403
-559
-671
-637
-621
-628
-662
-702
-663
-649
-621
-593
-660
-611
-527
-586
-657
-629
-483
-344
-308
-361
-387
-392
-418
-483
-585
-632
-658
-636
-573
-617
-711
-650
-612
-678
-716
-682
-625
-587
-608
-687
-824
-845
-823
-942
-934
-788
-730
-763
-757
-619
-409
-338
-425
-508
-546
-595
-510
-418
-331
-390
-477
-541
-586
-657
-762
-752
-784
-753
-668
-590
-666
-706
-701
-587
-400
-278
-340
-425
-457
-586
-657
-690
-655
-492
-367
-387
-453
-615
-840
-1122
-1253
-1265
-1227
-1155
-1164
-1179
-1177
-1227
-1308
-1334
-1381
-1437
-1523
-1472
-1426
-1480
-1500
-1607
-1667
-1654
-1637
-1624
-1609
-1664
-1819
-1970
-2019
-2048
-2051
-2115
-2119
-1981
-1988
-2005
-2082
-2112
-2148
-2263
-2303
-2284
-2233
-2248
-2305
-2375
-2374
-2357
-2396
-2436
-2532
-2621
-2696
-2822
-2889
-2883
-2840
-2854
-2955
-3082
-3194
-3277
-3310
-3317
-3282
-3284
-3356
-3360
-3414
-3581
-3635
-3656
-3709
-3669
-3609
-3595
-3653
-3608
-3429
-3306
-3312
-3314
-3331
-3312
-3304
-3273
-3172
-3161
-3075
-3004
-2949
-2977
-3098
-3223
-3370
-3437
-3351
-3181
-3054
-2844
-2699
-2693
-2793
-2875
-2961
-2964
-2793
-2738
-2730
-2704
-2629
-2631
-2741
-2810
-2807
-2827
-2838
-2772
-2727
-2724
-2672
-2708
-2788
-2792
-2836
-2841
-2847
-2890
-2896
-2818
-2796
-2786
-2773
-2877
-2906
-2868
-2902
-2914
-2854
-2833
-2839
-2770
-2710
-2703
-2690
-2630
-2546
-2575
-2546
-2552
-2617
-2691
-2793
-2789
-2831
-2798
-2740
-2801
-2812
-2756
-2788
-2819
-2785
-2708
-2631
-2532
-2371
-2179
-2114
-2016
-1869
-1861
-1830
-1767
-1679
-1584
-1520
-1460
-1362
-1342
-1351
-1310
-1226
-1249
-1225
-1234
-1240
-1094
-1049
-1145
-1330
-1422
-1402
-1485
-1673
-1756
-1724
-1590
-1452
-1454
-1548
-1546
-1566
-1676
-1725
-1795
-1911
-1849
-1734
-1851
-1967
-2058
-2131
-2240
-2396
-2411
-2399
-2370
-2335
-2238
-2228
-2250
-2204
-2185
-2141
-2045
-1828
-1655
-1600
-1677
-1725
-1705
-1684
-1574
-1562
-1660
-1757
-1852
-1892
-1871
-1889
-1940
-1973
-2012
-2055
-2127
-2200
-2234
-2157
-2108
-2125
-2148
-2220
-2216
-2205
-2225
-2148
-2007
-1974
-1948
-1920
-1996
-2061
-2079
-2167
-2294
-2336
-2292
-2237
-2215
-2193
-2184
-2248
-2352
-2433
-2517
-2513
-2568
-2615
-2610
-2585
-2537
-2579
-2620
-2592
-2512
-2497
-2483
-2516
-2584
-2601
-2548
-2480
-2502
-2486
-2450
-2402
-2275
-2162
-2103
-2094
-2123
-2165
-2130
-2074
-2102
-2069
-2003
-1916
-1858
-1919
-1934
-1903
-1887
-1879
-1874
-1859
-1822
-1685
-1576
-1542
-1561
-1692
-1753
-1730
-1672
-1681
-1727
-1719
-1690
-1715
-1831
-1882
-1924
-1963
-1909
-1928
-1970
-1934
-1852
-1712
-1663
-1718
-1742
-1756
-1761
-1765
-1775
-1673
-1674
-1745
-1854
-1913
-1865
-1828
-1790
-1788
-1817
-1883
-1874
-1898
-1901
-1817
-1801
-1753
-1734
-1818
-1878
-1929
-1935
-1892
-1788
-1783
-1786
-1859
-1903
-1807
-1795
-1835
-1807
-1696
-1591
-1508
-1533
-1548
-1610
-1644
-1620
-1589
-1595
-1704
-1926
-2137
-2207
-2171
-2067
-1948
-1905
-1912
-1922
-1911
-1911
-1958
-1946
-1972
-1924
-1905
-1917
-1986
-2047
-2147
-2280
-2344
-2455
-2499
-2484
-2498
-2613
-2547
-2462
-2488
-2472
-2511
-2643
-2769
-2826
-2765
-2673
-2660
-2703
-2799
-2837
-2835
-2811
-2746
-2668
-2604
-2631
-2630
-2534
-2548
-2605
-2559
-2498
-2455
-2426
-2429
-2384
-2275
-2240
-2371
-2409
-2346
-2297
-2246
-2196
-2184
-2239
-2290
-2271
-2231
-2258
-2234
-2211
-2224
-2171
-2104
-2107
-2128
-2184
-2262
-2269
-2206
-2256
-2365
-2459
-2520
-2619
-2725
-2777
-2865
-2952
-3061
-3106
-3066
-3011
-3130
-3179
-3161
-3263
-3313
-3245
-3087
-2982
-2983
-3004
-3018
-3063
-3139
-3149
-3072
-3098
-3170
-3228
-3217
-3156
-3153
-3226
-3294
-3218
-3116
-3123
-3158
-3157
-3086
-3025
-3064
-3031
-3011
-3034
-3016
-3052
-3153
-3212
-3187
-3222
-3272
-3245
-3198
-3125
-3105
-3139
-3171
-3226
-3290
-3376
-3331
-3165
-3076
-3004
-2935
-2910
-2924
-2943
-2908
-2895
-2902
-2923
-2920
-2865
-2916
-3002
-3008
-3006
-2984
-3022
-3132
-3237
-3302
-3335
-3329
-3304
-3311
-3358
-3379
-3332
-3367
-3417
-3475
-3552
-3525
-3441
-3429
-3549
-3719
-3917
-4124
-4233
-4316
-4484
-4666
-4752
-4692
-4584
-4561
-4560
-4498
-4465
-4512
-4579
-4604
-4627
-4714
-4774
-4721
-4690
-4688
-4711
-4715
-4748
-4799
-4834
-4949
-5067
-5146
-5161
-5134
-5167
-5159
-5125
-5176
-5133
-5089
-5100
-5212
-5341
-5488
-5511
-5446
-5430
-5420
-5436
-5341
-5304
-5363
-5461
-5573
-5660
-5712
-5811
-5843
-5797
-5725
-5661
-5626
-5623
-5697
-5785
-5811
-5728
-5648
-5584
-5507
-5443
-5325
-5177
-5078
-4950
-4855
-4705
-4547
-4450
-4369
-4342
-4297
-4207
-4088
-4026
-3950
-3896
-3947
-4036
-4115
-4107
-4134
-4163
-4064
-3990
-3991
-4022
-4061
-4100
-4079
-4070
-4015
-3995
-4085
-4150
-4178
-4188
-4143
-4092
-4119
-4052
-4076
-4203
-4287
-4329
-4307
-4318
-4392
-4398
-4335
-4262
-4246
-4260
-4182
-4112
-4005
-3818
-3654
-3626
-3678
-3734
-3828
-3960
-4064
-4073
-3991
-3878
-3782
-3714
-3727
-3784
-3880
-4034
-4189
-4297
-4404
-4391
-4302
-4326
-4393
-4545
-4705
-4801
-4888
-5018
-5077
-5102
-5096
-4976
-4980
-5021
-5079
-5125
-5114
-5142
-5101
-5047
-4987
-4904
-4747
-4667
-4593
-4488
-4446
-4405
-4455
-4528
-4572
-4535
-4503
-4488
-4469
-4400
-4346
-4309
-4281
-4189
-4084
-4077
-4069
-4074
-4007
-3933
-3873
-3817
-3726
-3647
-3629
-3658
-3707
-3680
-3639
-3677
-3695
-3635
-3630
-3630
-3604
-3627
-3623
-3608
-3597
-3523
-3498
-3474
-3392
-3375
-3362
-3354
-3348
-3296
-3164
-3101
-3084
-3081
-3113
-3143
-3198
-3189
-3199
-3211
-3180
-3122
-3062
-3044
-3069
-3175
-3245
-3254
-3250
-3323
-3460
-3513
-3590
-3595
-3519
-3405
-3284
-3211
-3215
-3284
-3310
-3385
-3438
-3517
-3581
-3565
-3601
-3642
-3652
-3721
-3815
-3893
-3990
-4030
-3982
-3912
-3953
-3942
-3845
-3739
-3660
-3652
-3602
-3571
-3531
-3470
-3413
-3382
-3340
-3383
-3501
-3588
-3653
-3683
-3703
-3694
-3712
-3747
-3776
-3758
-3699
-3642
-3677
-3673
-3678
-3771
-3842
-3890
-3911
-3975
-4040
-4107
-4103
-4085
-4047
-3964
-3905
-3799
-3696
-3665
-3608
-3493
-3410
-3268
-3127
-3083
-3032
-2999
-2983
-2990
-3074
-3168
-3246
-3279
-3275
-3288
-3294
-3259
-3186
-3140
-3065
-3010
-3023
-3030
-2952
-2823
-2798
-2756
-2710
-2673
-2586
-2522
-2527
-2576
-2664
-2809
-2890
-2925
-2939
-3024
-3159
-3191
-3183
-3121
-3066
-3018
-2961
-2982
-3085
-3190
-3288
-3352
-3346
-3355
-3331
-3294
-3270
-3280
-3358
-3476
-3622
-3737
-3854
-3938
-3951
-3876
-3763
-3658
-3555
-3529
-3501
-3444
-3394
-3339
-3250
-3155
-3063
-2996
-2970
-2907
-2761
-2683
-2661
-2624
-2587
-2515
-2523
-2608
-2701
-2794
-2836
-2825
-2791
-2784
-2783
-2695
-2696
-2840
-2875
-2881
-2977
-2945
-2849
-2799
-2754
-2726
-2684
-2651
-2648
-2590
-2579
-2624
-2615
-2641
-2770
-2971
-3192
-3365
-3478
-3590
-3701
-3837
-3953
-4060
-4113
-4102
-4088
-4074
-4084
-4140
-4230
-4343
-4408
-4477
-4505
-4523
-4571
-4643
-4757
-4783
-4788
-4809
-4825
-4816
-4865
-4894
-4882
-4889
-4932
-4982
-5044
-5074
-5107
-5109
-5007
-4954
-4921
-4909
-4932
-5003
-5110
-5170
-5102
-4977
-4848
-4803
-4768
-4688
-4578
-4450
-4272
-4061
-4020
-4039
-4017
-3967
-3891
-3776
-3708
-3618
-3507
-3452
-3429
-3485
-3534
-3613
-3653
-3605
-3582
-3590
-3600
-3574
-3501
-3455
-3549
-3631
-3640
-3681
-3694
-3639
-3551
-3506
-3470
-3431
-3392
-3381
-3358
-3319
-3292
-3280
-3311
-3336
-3356
-3351
-3394
-3480
-3580
-3706
-3818
-3921
-4011
-4000
-3970
-3941
-3902
-3855
-3819
-3822
-3764
-3704
-3645
-3533
-3413
-3343
-3306
-3277
-3251
-3217
-3160
-3172
-3153
-3092
-3087
-3088
-3087
-3061
-2998
-3024
-3136
-3186
-3187
-3175
-3200
-3264
-3312
-3321
-3361
-3373
-3340
-3332
-3357
-3375
-3427
-3532
-3718
-3891
-3957
-3986
-4032
-4141
-4227
-4264
-4246
-4253
-4273
-4261
-4191
-4081
-3997
-3968
-3950
-3937
-3921
-3918
-3907
-3847
-3822
-3826
-3894
-3917
-3892
-3841
-3775
-3724
-3608
-3490
-3391
-3290
-3286
-3260
-3183
-3175
-3166
-3172
-3155
-3194
-3286
-3342
-3425
-3559
-3652
-3728
-3759
-3713
-3651
-3591
-3681
-3870
-4036
-4148
-4229
-4309
-4319
-4335
-4391
-4466
-4521
-4595
-4740
-4853
-4971
-5045
-5075
-5087
-5064
-5055
-5147
-5273
-5320
-5307
-5259
-5243
-5231
-5207
-5184
-5126
-5065
-4986
-4900
-4844
-4792
-4694
-4579
-4561
-4608
-4717
-4868
-4999
-5100
-5178
-5317
-5445
-5467
-5492
-5487
-5450
-5437
-5453
-5492
-5554
-5636
-5673
-5649
-5628
-5580
-5473
-5406
-5438
-5516
-5563
-5588
-5539
-5426
-5319
-5297
-5324
-5376
-5416
-5441
-5523
-5556
-5547
-5578
-5650
-5736
-5803
-5844
-5881
-5933
-6035
-6167
-6304
-6352
-6269
-6205
-6139
-6081
-6099
-6195
-6240
-6214
-6232
-6237
-6240
-6266
-6248
-6187
-6081
-5915
-5814
-5766
-5698
-5646
-5577
-5512
-5453
-5466
-5516
-5480
-5442
-5380
-5290
-5259
-5267
-5245
-5179
-5161
-5189
-5211
-5141
-4942
-4738
-4591
-4484
-4361
-4250
-4176
-4085
-3998
-3932
-3903
-3897
-3860
-3806
-3826
-3950
-4119
-4273
-4377
-4401
-4378
-4328
-4254
-4186
-4194
-4287
-4353
-4482
-4584
-4553
-4433
-4326
-4264
-4208
-4192
-4178
-4157
-4117
-4123
-4151
-4123
-4052
-3959
-3825
-3733
-3723
-3708
-3705
-3757
-3861
-3939
-3872
-3788
-3749
-3684
-3645
-3591
-3623
-3725
-3758
-3802
-3877
-3889
-3915
-3872
-3794
-3752
-3696
-3622
-3581
-3604
-3578
-3558
-3544
-3527
-3502
-3521
-3499
-3414
-3294
-3180
-3158
-3131
-3027
-2968
-3006
-3029
-3132
-3293
-3441
-3566
-3686
-3782
-3849
-3901
-3962
-4148
-4414
-4685
-4883
-4970
-4994
-4991
-5024
-5002
-4983
-4965
-4828
-4690
-4642
-4644
-4656
-4667
-4620
-4559
-4433
-4275
-4162
-4042
-3958
-3905
-3878
-3952
-4074
-4134
-4183
-4306
-4394
-4417
-4444
-4470
-4550
-4568
-4614
-4731
-4827
-4873
-4835
-4732
-4542
-4359
-4239
-4089
-3897
-3848
-3878
-3867
-3846
-3817
-3800
-3747
-3700
-3663
-3591
-3551
-3474
-3408
-3370
-3298
-3256
-3250
-3197
-3153
-3120
-3009
-2919
-2836
-2752
-2681
-2604
-2596
-2615
-2529
-2368
-2232
-2063
-1893
-1786
-1719
-1762
-1856
-1914
-1922
-1850
-1766
-1729
-1722
-1711
-1682
-1734
-1798
-1829
-1927
-1995
-2013
-2098
-2160
-2139
-2095
-2047
-1982
-1904
-1912
-1975
-2058
-2116
-2151
-2112
-2048
-2066
-2122
-2136
-2140
-2184
-2136
-2090
-2138
-2203
-2346
-2556
-2741
-2859
-2935
-3044
-3047
-3017
-2974
-2951
-2978
-2955
-2983
-2979
-2899
-2898
-2940
-2892
-2895
-2897
-2901
-2924
-2916
-2952
-3008
-2994
-2888
-2814
-2731
-2612
-2579
-2651
-2662
-2661
-2734
-2782
-2713
-2526
-2264
-2009
-1898
-1916
-2029
-2096
-2156
-2219
-2219
-2174
-2078
-1975
-1894
-1863
-1836
-1897
-1950
-1966
-2031
-1989
-1934
-1884
-1796
-1769
-1800
-1852
-1909
-1951
-1961
-1942
-1898
-1862
-1756
-1661
-1619
-1510
-1345
-1202
-1148
-1064
-1026
-1055
-1035
-962
-934
-964
-948
-959
-1023
-1059
-1069
-1027
-1069
-1209
-1318
-1430
-1531
-1679
-1829
-1888
-1862
-1801
-1677
-1520
-1394
-1304
-1234
-1193
-1172
-1117
-1049
-1017
-1013
-977
-890
-829
-822
-879
-946
-970
-1001
-1003
-1032
-1124
-1208
-1241
-1365
-1554
-1701
-1726
-1653
-1626
-1609
-1603
-1590
-1553
-1509
-1435
-1384
-1287
-1222
-1269
-1312
-1348
-1414
-1560
-1550
-1518
-1562
-1564
-1634
-1746
-1820
-1827
-1847
-1893
-1962
-1961
-1897
-1778
-1605
-1364
-1126
-1001
-896
-845
-823
-797
-731
-624
-412
-210
-61
77
81
75
-6
-94
-160
-235
-194
-111
-68
-94
-41
-42
-107
-185
-344
-426
-527
-570
-509
-524
-550
-605
-669
-794
-975
-1104
-1200
-1181
-1128
-1031
-1014
-1067
-1121
-1200
-1234
-1235
-1231
-1275
-1266
-1269
-1363
-1358
-1262
-1293
-1364
-1449
-1540
-1596
-1639
-1677
-1712
-1737
-1790
-1934
-2141
-2232
-2274
-2253
-2156
-2116
-2085
-2022
-1986
-1932
-1879
-1943
-1990
-1949
-1848
-1710
-1570
-1377
-1200
-1175
-1238
-1365
-1509
-1586
-1540
-1427
-1250
-1014
-847
-810
-823
-814
-847
-849
-846
-806
-716
-671
-640
-686
-888
-1188
-1468
-1662
-1763
-1739
-1699
-1716
-1718
-1740
-1762
-1777
-1870
-1933
-1882
-1879
-1890
-1873
-1813
-1625
-1466
-1350
-1217
-1154
-1141
-1076
-1012
-967
-901
-845
-711
-540
-396
-275
-156
-150
-198
-132
-155
-274
-392
-488
-593
-704
-845
-927
-894
-912
-924
-1011
-1200
-1399
-1609
-1828
-2068
-2284
-2353
-2310
-2270
-2312
-2360
-2411
-2520
-2614
-2779
-3063
-3327
-3394
-3365
-3271
-3020
-2865
-2897
-2947
-3075
-3171
-3178
-3270
-3307
-3188
-3058
-2911
-2791
-2686
-2663
-2667
-2642
-2583
-2496
-2468
-2344
-2281
-2160
-1992
-1951
-1977
-1988
-1954
-1903
-1776
-1664
-1651
-1675
-1636
-1580
-1660
-1729
-1774
-1893
-1969
-2047
-2020
-1973
-1961
-1978
-2053
-2155
-2270
-2340
-2309
-2199
-2088
-2006
-1918
-1850
-1848
-1830
-1923
-2001
-2033
-2049
-2073
-2029
-1875
-1863
-1896
-1916
-1929
-1868
-1918
-2051
-2154
-2150
-2038
-1921
-1817
-1739
-1601
-1584
-1512
-1407
-1397
-1364
-1385
-1389
-1413
-1366
-1233
-1246
-1197
-1144
-1026
-869
-819
-655
-487
-293
-187
-116
-43
137
209
123
130
85
68
7
-74
-72
10
117
155
117
83
74
-37
-212
-281
-312
-329
-410
-368
-281
-285
-250
-365
-550
-618
-601
-595
-511
-484
-491
-462
-560
-684
-776
-757
-695
-668
-536
-412
-352
-419
-461
-416
-450
-444
-443
-448
-448
-411
-287
-229
-200
-85
-67
-136
-277
-417
-439
-490
-504
-433
-316
-165
-109
-53
136
317
361
370
482
580
652
836
1117
1273
1289
1361
1458
1481
1439
1523
1662
1805
1974
2129
2181
2185
2281
2168
2118
2153
2134
2107
2090
2100
2023
1964
1930
2027
2047
2069
2021
1967
2090
2033
1934
1880
1774
1743
1733
1656
1554
1419
1295
1253
1278
1322
1380
1297
1190
1174
1126
1105
1191
1286
1288
1321
1407
1410
1339
1289
1198
1153
1235
1330
1374
1422
1414
1331
1312
1337
1322
1288
1266
1183
1104
1048
978
898
869
936
992
1110
1204
1116
1043
976
865
754
663
640
700
801
860
908
943
962
936
828
727
731
750
745
834
965
1014
986
1052
1151
1229
1299
1332
1278
1173
1126
1079
986
841
816
858
895
974
1094
1222
1232
1163
1095
1087
1198
1185
1132
1147
1278
1447
1603
1766
1884
2048
2074
2002
1826
1723
1646
1609
1620
1652
1894
2100
2182
2233
2247
2262
2206
2045
1957
1968
2002
2026
2044
2036
2080
2095
2003
2067
2210
2273
2344
2394
2390
2330
2352
2433
2481
2418
2298
2367
2575
2660
2721
2853
2867
2955
3101
3126
3176
3275
3394
3524
3627
3702
3677
3700
3802
3945
3926
3914
4044
4091
4260
4348
4347
4525
4764
4822
4834
4917
4980
4976
5005
5027
4937
4876
4943
5017
5000
4919
4945
5034
5030
5030
5039
5171
5318
5239
5161
5108
4915
4796
4842
4950
4915
4911
4958
4922
4890
4868
4860
4837
4805
4746
4749
4795
4719
4605
4618
4694
4752
4774
4768
4831
4882
4805
4803
4889
4949
5050
5197
5272
5242
5195
5257
5330
5297
5310
5441
5431
5388
5322
5135
5024
5077
5192
5189
5302
5261
5140
5112
5121
5206
5205
5301
5384
5477
5545
5546
5578
5529
5462
5425
5485
5545
5516
5586
5658
5599
5461
5443
5438
5291
5211
5191
5239
5355
5229
4950
4842
4875
4870
4844
4928
5040
5143
5117
5064
5080
5106
5171
5284
5413
5577
5721
5755
5752
5774
5746
5537
5280
5021
4915
4878
4849
4882
4943
5032
5023
4943
4712
4522
4492
4475
4419
4426
4452
4444
4409
4414
4398
4317
4227
4176
4147
4054
4028
4112
4256
4314
4424
4473
4396
4220
4073
4085
4144
4087
4071
4131
4153
4199
4115
4051
4045
4039
4007
4085
4208
4194
4261
4391
4336
4309
4268
4279
4244
4207
4236
4236
4278
4251
4260
4229
4307
4415
4504
4538
4627
4646
4585
4637
4570
4455
4390
4395
4357
4229
4093
4041
4044
3964
3905
3928
3887
3838
3784
3751
3729
3695
3692
3718
3888
4053
4056
3995
3962
3976
3889
3791
3821
3750
3588
3538
3465
3363
3356
3478
3693
3813
3979
3981
3883
3852
3728
3717
3734
3675
3506
3449
3360
3350
3471
3463
3489
3615
3658
3664
3735
3726
3751
3697
3661
3659
3703
3738
3723
3728
3730
3635
3549
3622
3624
3613
3543
3351
3198
3156
3303
3410
3449
3660
3855
4037
4030
4090
4317
4360
4320
4309
4374
4280
4224
4224
4146
4074
3948
3865
3808
3798
3838
3807
3702
3588
3490
3429
3336
3356
3471
3480
3513
3610
3635
3660
3713
3697
3737
3807
3918
3929
3935
4056
4099
4029
4051
4109
4041
4010
4014
4036
3989
3922
3805
3795
3798
3707
3637
3570
3575
3596
3526
3452
3540
3535
3389
3376
3439
3317
3145
3054
3037
3009
2947
2956
2949
2990
3023
3029
3075
3130
3209
3305
3514
3693
3764
3822
3843
3809
3842
3936
4020
4070
4050
4128
4243
4232
4192
4179
4150
4137
4162
4272
4391
4508
4538
4473
4535
4554
4468
4509
4501
4560
4720
4795
4894
4943
4927
4812
4719
4692
4627
4659
4753
4742
4691
4651
4769
4867
4846
4780
4782
4873
4904
4867
4717
4678
4548
4373
4242
4202
4364
4418
4445
4567
4696
4755
4787
4784
4675
4725
4774
4713
4811
4953
5060
5101
5096
5084
5073
4984
4965
5060
5116
5147
5167
5218
5211
5189
5221
5261
5394
5500
5539
5495
5444
5459
5438
5428
5322
5355
5411
5382
5431
5502
5711
5821
5816
5840
5910
5916
5916
5879
5794
5787
5687
5595
5572
5602
5616
5531
5487
5490
5310
5035
4887
4819
4755
4689
4680
4637
4582
4644
4731
4748
4696
4529
4300
4271
4331
4387
4461
4567
4562
4407
4146
3966
3971
3964
3890
3806
3824
3910
4091
3956
3764
3800
3869
4015
4140
4149
4295
4606
4571
4529
4621
4699
4843
4985
5282
5465
5641
5757
5686
5744
5733
5689
5772
5911
5944
5975
6048
6060
6057
6070
5994
5802
5790
5836
5944
6078
5935
5803
5746
5682
5696
5746
5686
5536
5426
5424
5455
5321
5183
5227
5267
5364
5358
5197
5063
4950
4841
4648
4597
4571
4564
4586
4636
4765
4752
4739
4690
4594
4570
4501
4560
4511
4535
4645
4568
4678
4817
4903
4988
5001
4951
4955
4964
5013
5034
5023
4912
4871
4941
4984
4954
4924
5002
5076
5199
5278
5269
5258
5398
5438
5341
5246
5332
5393
5278
5244
5189
5167
5186
5098
5003
4969
5007
5096
5121
5102
5195
5233
5132
5072
5035
4946
4923
4991
5035
5042
4994
4947
4855
4728
4566
4455
4348
4300
4253
4251
4271
4090
3957
3925
3941
3891
3783
3776
3837
3924
3928
3789
3730
3776
3795
3815
3778
3781
3792
3741
3771
3895
3931
3803
3745
3793
3900
3890
3856
3925
3898
3829
3772
3720
3680
3707
3762
3831
3937
3925
3871
3799
3863
3989
3985
3926
3844
3810
3855
3887
3828
3828
3796
3816
3884
3933
3963
3950
3945
3989
4092
4038
4074
4258
4497
4736
4727
4574
4416
4410
4448
4316
4146
4021
3933
3875
3778
3692
3684
3618
3559
3436
3259
3165
3144
3240
3209
3138
3171
3131
3015
2930
2992
3103
3156
3154
3219
3346
3377
3348
3319
3402
3506
3631
3705
3721
3750
3741
3716
3602
3488
3395
3578
3716
3682
3751
3723
3697
3712
3718
3779
3849
3777
3747
3773
3827
3974
4068
4034
3951
3954
3929
3891
3848
3797
3795
3805
3904
3957
4009
4064
3980
3918
3939
4030
4142
4163
4080
4131
4146
4206
4187
4061
4043
3976
3977
3911
3863
3804
3738
3687
3670
3668
3589
3496
3561
3649
3663
3628
3547
3441
3384
3417
3369
3221
3062
3086
3192
3204
3211
3289
3308
3501
3624
3596
3622
3770
3913
4042
4150
4089
4137
4255
4382
4387
4345
4262
4178
4196
4262
4290
4297
4249
4116
3982
3836
3630
3451
3457
3541
3576
3489
3338
3199
3175
3189
3140
3018
2915
2831
2777
2747
2744
2646
2440
2370
2373
2422
2306
2160
2152
2101
1954
1866
1846
1794
1862
1868
1802
1786
1830
1908
1887
1832
1738
1657
1605
1452
1432
1418
1455
1661
1766
1743
1735
1755
1618
1482
1445
1667
1826
1743
1600
1525
1608
1698
1585
1520
1668
1695
1569
1375
1308
1248
1201
1112
1102
1243
1414
1395
1379
1511
1592
1702
1719
1751
1767
1814
1865
1850
1965
2056
2069
2199
2325
2401
2472
2594
2716
2758
2643
2585
2693
2766
2790
2849
2948
2901
2842
2824
2824
2797
2738
2733
2741
2641
2464
2292
2180
2139
2114
2182
2265
2249
2261
2298
2206
2191
2259
2383
2400
2408
2526
2584
2506
2385
2449
2608
2852
2979
2951
2946
3083
3085
3009
3119
3221
3223
3171
3272
3382
3376
3416
3356
3421
3523
3461
3469
3445
3446
3348
3186
3215
3267
3217
3125
2998
2981
3072
3045
2854
2674
2614
2627
2608
2544
2413
2272
2248
2151
2000
1874
1767
1770
1851
1882
1874
1788
1628
1445
1221
1099
1051
1042
1133
1081
1043
980
816
860
910
942
885
733
552
500
651
760
739
592
557
645
713
693
611
547
524
444
283
276
380
400
404
478
536
450
309
228
133
145
177
223
329
427
519
549
617
671
771
954
1017
987
967
928
979
1027
1097
1122
1112
1099
1068
1105
1067
1162
1324
1395
1252
1045
968
934
882
922
1056
1148
1183
1180
1240
1374
1563
1653
1771
1780
1699
1723
1931
2138
2073
1979
1919
1990
2024
1945
1874
1855
1894
1934
1859
1704
1553
1493
1516
1514
1543
1505
1525
1524
1434
1375
1328
1329
1323
1304
1303
1202
1055
1043
1102
1232
1386
1513
1583
1556
1414
1363
1397
1352
1313
1235
1243
1298
1321
1258
1134
1101
1202
1309
1283
1244
1255
1260
1244
1301
1323
1228
1183
1245
1410
1535
1576
1583
1578
1594
1518
1444
1446
1425
1398
1404
1299
1196
1189
1205
1168
1119
1157
1245
1311
1373
1513
1627
1607
1470
1329
1259
1260
1321
1383
1292
1306
1358
1282
1240
1166
1123
1126
1063
1017
987
935
819
610
582
552
475
457
468
594
747
776
748
791
832
974
1143
1208
1181
1099
1125
1293
1333
1213
1198
1347
1409
1319
1154
986
887
846
816
692
636
599
559
637
712
666
618
623
698
799
810
804
761
769
800
798
835
875
917
989
1050
903
775
760
769
828
839
928
1011
1027
968
992
970
875
871
975
1165
1236
1273
1285
1222
1098
962
880
889
900
976
935
777
696
651
635
535
364
396
537
615
630
553
582
635
717
789
783
789
874
920
904
844
749
683
635
661
659
632
599
580
558
548
479
375
386
373
406
552
641
597
514
444
422
521
617
683
808
916
956
936
953
947
953
951
885
940
1059
1099
1042
1145
1246
1253
1202
1091
956
927
975
949
933
852
827
832
872
835
775
700
680
699
652
563
456
419
314
189
127
247
296
198
89
61
78
-23
-200
-278
-236
-280
-328
-356
-353
-209
-171
-209
-330
-525
-553
-531
-484
-477
-484
-447
-390
-391
-313
-314
-328
-175
-64
79
271
398
417
413
453
502
446
442
432
407
511
614
606
596
617
625
638
621
561
435
328
185
116
93
-9
-71
-109
-105
-161
-179
-160
-193
-221
-269
-237
-95
43
116
119
166
257
227
113
-49
-142
-102
-47
-81
-190
-204
-148
-142
-165
-117
-106
-150
-102
-81
-104
-79
9
93
251
328
325
338
309
401
477
528
532
597
670
778
816
768
790
846
877
707
532
432
484
528
503
501
563
710
787
769
768
814
813
776
786
894
1001
1031
1075
1021
923
881
769
655
675
692
668
644
462
274
235
350
468
548
619
710
739
689
657
546
472
455
392
335
421
453
424
480
522
517
348
228
191
228
327
313
301
309
298
200
145
187
239
166
73
116
214
200
44
-4
18
82
127
183
264
158
-73
-92
33
103
123
161
367
555
594
498
418
491
626
696
714
784
850
821
782
828
835
735
796
941
1034
1034
966
951
883
889
892
884
942
1075
1140
1086
1051
1015
994
904
791
870
1021
1005
926
941
978
955
841
823
947
969
950
817
822
914
953
1009
1012
1062
1060
1023
863
726
673
619
571
532
440
355
342
287
347
380
328
214
159
190
175
106
65
7
-135
-189
-169
-61
111
300
422
475
567
658
647
723
908
1116
1245
1223
1187
1164
1168
1100
844
646
524
440
464
510
506
395
315
193
82
-7
-54
-149
-332
-377
-376
-406
-402
-355
-400
-425
-429
-422
-388
-430
-481
-498
-444
-360
-394
-513
-571
-592
-580
-653
-804
-842
-892
-927
-858
-745
-620
-620
-633
-558
-521
-452
-491
-555
-540
-478
-420
-444
-385
-347
-332
-334
-327
-393
-494
-441
-289
-242
-240
-211
-190
-178
-210
-164
-58
41
-26
-5
4
33
59
17
18
-82
-67
-166
-224
-241
-335
-334
-361
-344
-353
-405
-324
-174
-116
-109
-111
-224
-221
-118
-104
-45
16
6
-6
91
151
106
34
44
82
79
44
-55
-17
47
-4
-148
-273
-400
-454
-549
-711
-752
-776
-644
-599
-642
-665
-668
-646
-773
-897
-983
-1076
-1182
-1330
-1427
-1494
-1496
-1518
-1538
-1490
-1488
-1554
-1694
-1749
-1844
-1873
-1869
-1817
-1705
-1727
-1632
-1506
-1507
-1471
-1403
-1327
-1332
-1431
-1614
-1808
-1825
-1696
-1540
-1450
-1368
-1363
-1372
-1389
-1390
-1389
-1485
-1554
-1553
-1610
-1706
-1729
-1672
-1626
-1699
-1818
-1861
-1943
-2049
-2057
-2027
-1874
-1770
-1751
-1774
-1845
-1915
-1980
-1952
-1937
-1859
-1687
-1662
-1738
-1791
-1880
-1909
-1805
-1764
-1837
-1858
-1848
-1827
-1834
-1992
-2078
-2020
-1950
-1947
-2001
-2124
-2236
-2256
-2254
-2102
-1960
-1931
-1902
-1862
-1864
-1901
-1854
-1785
-1718
-1778
-1833
-1837
-1990
-2129
-2236
-2345
-2366
-2353
-2379
-2370
-2431
-2449
-2337
-2319
-2275
-2268
-2241
-2114
-2095
-2189
-2353
-2316
-2207
-2148
-2114
-2141
-2151
-2126
-2142
-2283
-2253
-2175
-2153
-2103
-2075
-2025
-2023
-2134
-2427
-2607
-2589
-2508
-2455
-2626
-2790
-2771
-2694
-2660
-2732
-2784
-2773
-2683
-2594
-2651
-2606
-2507
-2427
-2445
-2537
-2538
-2478
-2474
-2491
-2473
-2522
-2647
-2736
-2792
-2901
-2920
-2875
-2906
-3029
-3106
-3055
-2965
-2971
-3002
-2983
-2904
-2913
-3052
-3244
-3281
-3145
-3037
-3004
-2985
-2954
-3005
-3073
-3185
-3256
-3262
-3258
-3114
-2993
-2942
-2960
-3086
-2988
-2936
-2984
-2994
-2932
-2760
-2542
-2311
-2316
-2409
-2428
-2469
-2489
-2524
-2509
-2440
-2379
-2395
-2512
-2503
-2555
-2564
-2608
-2700
-2781
-2865
-2862
-2923
-2997
-3000
-2967
-3047
-3153
-3089
-3003
-2899
-2794
-2774
-2739
-2720
-2675
-2722
-2693
-2640
-2604
-2633
-2793
-2764
-2752
-2749
-2699
-2714
-2788
-2852
-2834
-2794
-2745
-2718
-2697
-2706
-2755
-2728
-2665
-2633
-2545
-2503
-2445
-2381
-2401
-2390
-2330
-2229
-2237
-2378
-2477
-2456
-2398
-2438
-2501
-2434
-2459
-2438
-2420
-2462
-2410
-2385
-2455
-2519
-2563
-2606
-2661
-2687
-2676
-2771
-2772
-2787
-2826
-2823
-2786
-2762
-2681
-2692
-2842
-2974
-3036
-3032
-3035
-2975
-2923
-2858
-2882
-2894
-2885
-2949
-3015
-3097
-3179
-3145
-3055
-3083
-3177
-3207
-3190
-3149
-3204
-3309
-3428
-3514
-3569
-3621
-3559
-3589
-3695
-3749
-3708
-3702
-3765
-3888
-3939
-3851
-3771
-3705
-3637
-3576
-3529
-3492
-3540
-3613
-3639
-3696
-3782
-3898
-3961
-3925
-3980
-3981
-3850
-3740
-3739
-3754
-3705
-3643
-3576
-3430
-3277
-3088
-2900
-2883
-2884
-2961
-3007
-3047
-3093
-3005
-2997
-2995
-2936
-2928
-2898
-2788
-2773
-2757
-2604
-2531
-2549
-2552
-2472
-2370
-2340
-2398
-2518
-2697
-2755
-2767
-2836
-2899
-2939
-2926
-2886
-2888
-2931
-2893
-2851
-2892
-2999
-3046
-2945
-2794
-2700
-2592
-2591
-2568
-2578
-2626
-2671
-2743
-2721
-2614
-2520
-2560
-2586
-2740
-2839
-2901
-2857
-2823
-2838
-2803
-2821
-2754
-2702
-2685
-2766
-2899
-3058
-3159
-3255
-3324
-3357
-3463
-3457
-3284
-3133
-3114
-3150
-3149
-3121
-3056
-2991
-2963
-2908
-2795
-2713
-2612
-2518
-2466
-2384
-2362
-2364
-2370
-2322
-2311
-2309
-2226
-2160
-2071
-2044
-2088
-2116
-2081
-2057
-2160
-2250
-2321
-2402
-2462
-2542
-2663
-2782
-2916
-2978
-2893
-2828
-2874
-2945
-2998
-3070
-3022
-3082
-3191
-3094
-3014
-2985
-3041
-3196
-3296
-3312
-3376
-3427
-3433
-3437
-3411
-3458
-3502
-3434
-3369
-3384
-3539
-3739
-3810
-3929
-4021
-4070
-4076
-4052
-4062
-3979
-3976
-3922
-3892
-3887
-3820
-3814
-3796
-3719
-3551
-3375
-3225
-3178
-3180
-3083
-3033
-2988
-2995
-3068
-2984
-2883
-2812
-2752
-2754
-2857
-2982
-3029
-3052
-2992
-2881
-2708
-2546
-2527
-2607
-2646
-2648
-2712
-2719
-2712
-2693
-2702
-2688
-2561
-2488
-2498
-2507
-2603
-2688
-2689
-2624
-2554
-2648
-2705
-2631
-2489
-2369
-2312
-2275
-2192
-2065
-1990
-1933
-1916
-1918
-1888
-1869
-1801
-1827
-1948
-2102
-2232
-2193
-2241
-2332
-2416
-2522
-2622
-2696
-2769
-2837
-2876
-2929
-2864
-2774
-2732
-2770
-2819
-2854
-2847
-2825
-2837
-2890
-2852
-2746
-2717
-2678
-2647
-2597
-2632
-2675
-2684
-2663
-2701
-2833
-2883
-2870
-2870
-2918
-3016
-3097
-3083
-2974
-2803
-2614
-2434
-2322
-2320
-2333
-2367
-2419
-2543
-2594
-2487
-2435
-2391
-2368
-2329
-2357
-2400
-2427
-2441
-2428
-2537
-2586
-2592
-2599
-2571
-2559
-2540
-2604
-2627
-2605
-2620
-2629
-2630
-2583
-2482
-2380
-2379
-2470
-2640
-2780
-2907
-2958
-2894
-2913
-2977
-2984
-3001
-3105
-3196
-3209
-3273
-3321
-3361
-3458
-3432
-3407
-3427
-3444
-3390
-3293
-3190
-3099
-3168
-3231
-3266
-3296
-3315
-3367
-3399
-3391
-3348
-3309
-3322
-3384
-3402
-3371
-3295
-3240
-3364
-3525
-3642
-3685
-3677
-3712
-3644
-3470
-3245
-3098
-3072
-3039
-2928
-2838
-2826
-2866
-2907
-2957
-2989
-3023
-3111
-3236
-3339
-3340
-3412
-3553
-3647
-3696
-3727
-3769
-3865
-3897
-3908
-3935
-3926
-3882
-3853
-3848
-3744
-3726
-3819
-3878
-3912
-3916
-3838
-3700
-3560
-3419
-3365
-3435
-3543
-3650
-3711
-3723
-3675
-3610
-3540
-3531
-3595
-3641
-3636
-3641
-3663
-3633
-3510
-3301
-3077
-2928
-2849
-2754
-2668
-2591
-2489
-2379
-2288
-2238
-2223
-2201
-2219
-2235
-2270
-2320
-2284
-2272
-2277
-2257
-2302
-2346
-2429
-2551
-2592
-2565
-2534
-2479
-2435
-2450
-2430
-2360
-2373
-2432
-2454
-2422
-2342
-2299
-2291
-2333
-2296
-2257
-2282
-2331
-2414
-2432
-2423
-2372
-2360
-2433
-2565
-2686
-2698
-2697
-2652
-2605
-2586
-2562
-2537
-2582
-2661
-2651
-2629
-2619
-2642
-2575
-2542
-2533
-2509
-2497
-2481
-2491
-2399
-2336
-2254
-2249
-2311
-2318
-2341
-2439
-2543
-2581
-2591
-2541
-2539
-2553
-2568
-2582
-2548
-2465
-2437
-2445
-2484
-2538
-2539
-2510
-2457
-2448
-2397
-2279
-2106
-1994
-1879
-1744
-1739
-1814
-1913
-2027
-2059
-2027
-1987
-1908
-1850
-1833
-1840
-1820
-1774
-1770
-1809
-1784
-1769
-1690
-1646
-1604
-1590
-1588
-1546
-1679
-1782
-1816
-1816
-1846
-1941
-2004
-1953
-1843
-1785
-1779
-1738
-1654
-1599
-1582
-1531
-1484
-1433
-1375
-1325
-1237
-1167
-1177
-1231
-1335
-1421
-1403
-1428
-1495
-1516
-1501
-1517
-1487
-1466
-1476
-1417
-1308
-1160
-1097
-1136
-1183
-1278
-1287
-1331
-1440
-1483
-1446
-1335
-1291
-1243
-1198
-1151
-1088
-1061
-1063
-1068
-1071
-1031
-1022
-1026
-1069
-1182
-1271
-1297
-1406
-1525
-1520
-1519
-1475
-1422
-1338
-1152
-966
-885
-840
-833
-815
-852
-958
-1003
-1027
-1079
-1013
-974
-1065
-1105
-1101
-1008
-957
-948
-993
-1069
-1135
-1152
-1078
-1007
-963
-939
-880
-847
-892
-948
-1018
-1036
-1019
-1135
-1226
-1224
-1204
-1157
-1084
-1084
-1102
-1044
-1037
-1070
-1131
-1193
-1263
-1233
-1175
-1126
-1126
-1212
-1242
-1283
-1354
-1443
-1552
-1712
-1781
-1738
-1659
-1661
-1692
-1708
-1768
-1747
-1721
-1749
-1797
-1824
-1841
-1926
-2070
-2186
-2212
-2203
-2251
-2323
-2242
-2109
-2076
-2055
-2013
-2047
-2192
-2391
-2594
-2706
-2783
-2839
-2864
-2904
-2951
-2951
-2940
-2966
-2941
-2871
-2823
-2742
-2649
-2594
-2495
-2397
-2320
-2243
-2208
-2198
-2177
-2137
-2146
-2211
-2318
-2386
-2400
-2417
-2399
-2391
-2387
-2412
-2421
-2298
-2161
-2105
-2129
-2075
-1971
-1994
-1986
-1943
-1832
-1653
-1551
-1548
-1630
-1618
-1597
-1673
-1736
-1780
-1824
-1880
-1907
-1900
-1942
-2069
-2241
-2405
-2452
-2440
-2391
-2312
-2165
-1984
-1922
-1937
-1901
-1863
-1860
-1802
-1751
-1687
-1702
-1738
-1704
-1659
-1751
-1848
-1817
-1822
-1818
-1784
-1742
-1674
-1570
-1525
-1528
-1558
-1532
-1503
-1466
-1442
-1406
-1326
-1341
-1302
-1177
-1086
-1079
-1113
-1241
-1330
-1438
-1529
-1518
-1497
-1426
-1380
-1379
-1456
-1573
-1770
-1921
-2030
-2095
-2112
-2173
-2199
-2167
-2119
-2098
-2118
-2116
-2072
-2030
-2031
-2102
-2215
-2278
-2287
-2381
-2452
-2503
-2474
-2415
-2348
-2270
-2227
-2212
-2251
-2189
-2155
-2122
-2109
-2194
-2238
-2269
-2282
-2273
-2299
-2415
-2489
-2506
-2525
-2470
-2470
-2458
-2451
-2509
-2511
-2477
-2378
-2292
-2292
-2264
-2274
-2346
-2370
-2361
-2346
-2299
-2260
-2268
-2237
-2072
-1811
-1702
-1646
-1548
-1486
-1498
-1536
-1632
-1718
-1726
-1752
-1787
-1853
-1893
-1884
-1894
-2004
-2100
-2156
-2148
-2150
-2151
-2108
-1955
-1735
-1643
-1650
-1685
-1640
-1646
-1698
-1721
-1746
-1769
-1809
-1814
-1786
-1766
-1812
-1872
-1937
-2027
-2206
-2342
-2405
-2536
-2674
-2829
-2861
-2796
-2744
-2817
-2966
-3071
-3109
-3081
-3041
-2953
-2846
-2801
-2805
-2830
-2860
-2863
-2855
-2831
-2826
-2863
-2955
-2993
-3018
-3048
-3078
-3095
-3139
-3204
-3229
-3250
-3234
-3181
-3154
-3118
-3007
-3010
-3028
-2991
-2958
-2959
-2980
-3014
-3140
-3156
-3087
-2995
-2922
-2893
-2838
-2840
-2854
-2912
-2923
-2862
-2812
-2850
-2865
-2875
-2978
-3066
-3076
-3076
-3159
-3201
-3218
-3244
-3264
-3287
-3329
-3380
-3421
-3345
-3227
-3131
-3047
-2998
-2996
-2979
-2940
-2938
-2988
-3049
-3006
-2973
-2936
-2898
-2868
-2830
-2820
-2847
-2873
-2886
-2878
-2829
-2841
-2972
-3024
-3049
-3083
-3024
-2987
-2943
-2967
-2970
-2887
-2844
-2798
-2778
-2794
-2757
-2800
-2934
-3039
-3126
-3218
-3210
-3146
-3074
-2991
-2911
-2846
-2887
-2949
-3021
-3010
-2977
-2993
-2986
-2943
-2880
-2894
-2939
-2968
-2950
-2871
-2804
-2758
-2741
-2734
-2702
-2671
-2691
-2791
-2937
-3003
-3033
-3048
-3014
-2917
-2798
-2786
-2800
-2846
-2882
-2921
-2961
-3025
-3087
-3074
-3099
-3095
-2990
-2778
-2623
-2584
-2560
-2523
-2469
-2421
-2286
-2177
-2145
-2131
-2145
-2167
-2208
-2234
-2341
-2397
-2462
-2588
-2665
-2672
-2662
-2622
-2551
-2511
-2476
-2475
-2482
-2444
-2316
-2263
-2270
-2238
-2220
-2248
-2241
-2249
-2282
-2295
-2299
-2258
-2149
-2004
-1994
-2031
-2072
-2116
-2131
-2179
-2251
-2238
-2170
-2197
-2203
-2236
-2260
-2258
-2201
-2024
-1919
-1873
-1812
-1719
-1687
-1659
-1597
-1550
-1466
-1376
-1327
-1318
-1455
-1630
-1741
-1883
-1945
-1993
-2083
-2144
-2232
-2355
-2397
-2364
-2298
-2287
-2332
-2370
-2397
-2412
-2457
-2445
-2326
-2164
-2011
-1999
-2076
-2178
-2297
-2317
-2305
-2251
-2235
-2265
-2308
-2423
-2518
-2494
-2424
-2376
-2360
-2320
-2227
-2107
-1980
-1904
-1828
-1721
-1607
-1534
-1503
-1509
-1538
-1532
-1499
-1486
-1480
-1471
-1492
-1470
-1508
-1625
-1717
-1842
-1952
-2018
-2018
-1931
-1818
-1748
-1749
-1736
-1696
-1730
-1776
-1767
-1767
-1814
-1921
-1983
-1931
-1915
-1948
-2007
-2109
-2219
-2239
-2221
-2251
-2329
-2462
-2530
-2567
-2594
-2626
-2631
-2621
-2595
-2623
-2650
-2684
-2716
-2754
-2781
-2786
-2759
-2732
-2756
-2715
-2714
-2719
-2726
-2616
-2601
-2602
-2555
-2568
-2615
-2735
-2844
-2955
-2901
-2795
-2659
-2527
-2420
-2275
-2224
-2260
-2262
-2190
-2137
-2049
-2040
-2003
-1965
-1994
-1948
-1941
-1942
-1972
-1954
-1871
-1751
-1638
-1497
-1307
-1197
-1117
-1088
-1096
-1204
-1340
-1433
-1532
-1589
-1636
-1650
-1708
-1720
-1557
-1421
-1354
-1280
-1162
-1051
-960
-990
-1013
-1026
-1115
-1199
-1263
-1218
-1142
-1098
-1045
-1060
-1168
-1238
-1262
-1216
-1052
-790
-500
-299
-184
-110
-135
-218
-290
-396
-433
-357
-225
-187
-277
-403
-609
-784
-929
-1096
-1237
-1356
-1488
-1531
-1498
-1492
-1476
-1421
-1342
-1267
-1227
-1205
-1148
-1018
-838
-785
-856
-992
-1120
-1193
-1292
-1351
-1295
-1331
-1383
-1435
-1494
-1495
-1524
-1542
-1553
-1462
-1431
-1426
-1411
-1376
-1245
-1207
-1150
-1089
-1037
-924
-807
-735
-757
-789
-791
-788
-721
-617
-546
-467
-474
-523
-590
-673
-729
-763
-734
-786
-825
-881
-974
-1019
-1109
-1216
-1286
-1346
-1462
-1524
-1565
-1604
-1614
-1672
-1737
-1791
-1860
-1878
-1918
-1997
-2022
-2077
-2136
-2160
-2200
-2213
-2200
-2178
-2153
-2154
-2189
-2173
-2122
-2032
-1952
-1945
-1939
-1959
-1998
-2076
-2165
-2119
-1930
-1726
-1533
-1346
-1192
-1049
-959
-932
-951
-989
-1036
-1021
-1021
-1052
-1027
-968
-893
-780
-635
-472
-319
-242
-262
-333
-343
-334
-278
-188
-118
-52
-52
-18
27
35
48
27
-42
-114
-144
-168
-194
-238
-200
-99
-49
-5
57
65
59
17
3
26
65
93
110
168
210
186
71
23
34
55
74
11
-22
-57
-65
-19
-48
-41
-15
-74
-221
-377
-528
-680
-811
-928
-1015
-1064
-1106
-1087
-1036
-1032
-963
-911
-869
-859
-1011
-1119
-1226
-1318
-1392
-1399
-1382
-1390
-1429
-1559
-1662
-1766
-1883
-1942
-1959
-1894
-1798
-1774
-1740
-1629
-1525
-1467
-1398
-1380
-1378
-1453
-1615
-1679
-1711
-1768
-1817
-1796
-1708
-1644
-1609
-1654
-1734
-1810
-1855
-1848
-1799
-1746
-1746
-1660
-1566
-1510
-1551
-1589
-1564
-1543
-1522
-1558
-1586
-1581
-1611
-1645
-1642
-1676
-1679
-1643
-1562
-1468
-1471
-1546
-1671
-1788
-1880
-1951
-2007
-2074
-2103
-2147
-2259
-2347
-2408
-2457
-2483
-2507
-2555
-2631
-2670
-2717
-2688
-2685
-2668
-2570
-2441
-2301
-2232
-2189
-2176
-2105
-2051
-1979
-1939
-1910
-1870
-1783
-1670
-1648
-1672
-1656
-1581
-1484
-1322
-1217
-1184
-1212
-1199
-1245
-1292
-1268
-1302
-1302
-1202
-1031
-816
-606
-489
-351
-263
-279
-295
-301
-216
-121
-109
-152
-260
-397
-590
-752
-869
-936
-874
-816
-788
-791
-779
-830
-864
-888
-912
-950
-998
-975
-1004
-1030
-1121
-1259
-1377
-1475
-1487
-1478
-1478
-1418
-1330
-1206
-1149
-1109
-1081
-1043
-1010
-1014
-980
-897
-857
-829
-828
-808
-743
-765
-799
-832
-898
-911
-852
-831
-798
-834
-828
-814
-766
-722
-637
-450
-328
-220
-172
-164
-186
-225
-252
-247
-238
-260
-317
-333
-354
-406
-390
-368
-326
-300
-320
-365
-321
-216
-92
-53
19
63
52
17
-58
-92
-112
-138
-186
-182
-201
-184
-226
-323
-419
-505
-485
-445
-408
-377
-323
-291
-241
-234
-223
-283
-383
-425
-530
-628
-743
-867
-959
-1017
-1109
-1142
-1176
-1275
-1277
-1311
-1333
-1372
-1418
-1401
-1309
-1144
-939
-784
-760
-825
-870
-989
-1063
-1075
-1018
-890
-741
-615
-562
-584
-674
-652
-651
-596
-554
-508
-417
-453
-569
-618
-622
-633
-531
-465
-410
-355
-257
-283
-295
-235
-239
-195
-163
-193
-201
-189
-147
-94
-101
-102
-86
-83
-82
-28
-38
-94
-97
-134
-128
-154
-186
-192
-207
-168
-220
-373
-478
-515
-510
-446
-394
-399
-480
-515
-545
-533
-485
-482
-482
-432
-396
-388
-349
-280
-178
-130
-113
-64
-43
28
32
-34
19
29
-22
-118
-92
-43
-7
5
20
38
97
210
343
405
489
628
726
763
711
697
688
711
674
627
580
581
602
599
605
605
622
636
575
449
317
203
121
89
89
117
159
216
294
283
203
115
30
-47
-106
-190
-214
-230
-248
-228
-228
-298
-403
-532
-722
-876
-959
-995
-1055
-1099
-1150
-1130
-1078
-994
-962
-952
-853
-738
-628
-581
-593
-552
-539
-490
-475
-570
-632
-728
-778
-823
-850
-934
-969
-1064
-1079
-1032
-921
-768
-672
-635
-623
-536
-424
-381
-362
-333
-336
-299
-262
-148
-92
-37
-25
-18
21
71
73
-24
-25
-22
11
50
105
187
275
338
314
350
375
314
271
269
281
280
278
351
416
410
394
371
400
408
409
428
418
428
454
445
394
327
323
280
268
302
357
398
431
547
644
738
861
968
996
1019
1105
1222
1317
1380
1329
1329
1383
1359
1305
1329
1378
1441
1496
1505
1456
1395
1369
1344
1296
1202
1104
1090
1094
1048
1010
1016
1079
1180
1231
1336
1407
1398
1377
1341
1266
1212
1231
1260
1312
1398
1412
1399
1403
1377
1340
1285
1181
1172
1147
1089
1048
1129
1226
1267
1351
1449
1564
1514
1385
1266
1246
1206
1215
1209
1194
1215
1242
1198
1155
1125
1121
1217
1300
1361
1412
1484
1555
1645
1691
1693
1708
1716
1690
1641
1528
1403
1364
1337
1337
1316
1273
1203
1227
1282
1247
1225
1202
1164
1164
1145
1151
1242
1304
1313
1242
1158
1125
1202
1228
1158
1104
1075
1072
1073
1105
1129
1272
1379
1434
1421
1377
1403
1482
1533
1507
1490
1535
1565
1644
1724
1832
1843
1874
1933
1919
1945
1995
2048
2065
2060
1983
1878
1860
1807
1827
1871
1880
1906
1934
2074
2190
2263
2339
2399
2461
2505
2560
2586
2575
2563
2522
2387
2252
2041
1792
1587
1540
1514
1473
1425
1410
1439
1381
1337
1303
1284
1236
1232
1249
1322
1342
1314
1235
1133
1077
1029
1089
1136
1205
1237
1224
1205
1130
1037
994
999
973
916
811
717
653
540
407
270
194
178
144
122
95
92
160
217
240
280
323
363
414
393
375
421
461
539
556
598
697
684
646
663
706
773
748
704
702
721
824
848
890
936
925
953
980
1006
1008
1010
1015
1030
1024
1040
1075
1099
1148
1166
1177
1183
1189
1171
1128
1109
1083
1073
1116
1157
1263
1382
1429
1417
1355
1307
1318
1306
1286
1246
1282
1303
1401
1429
1359
1323
1277
1199
1154
1196
1182
1188
1150
1190
1252
1272
1292
1289
1284
1272
1309
1298
1339
1494
1584
1607
1600
1625
1615
1575
1541
1482
1426
1441
1446
1447
1454
1502
1532
1611
1677
1750
1832
1848
1883
1960
1985
1995
1967
1975
1971
1980
1976
1945
1887
1838
1780
1736
1694
1727
1839
1926
1977
1919
1882
1827
1841
1794
1734
1751
1724
1665
1566
1473
1447
1425
1373
1338
1279
1323
1399
1422
1416
1367
1385
1431
1494
1538
1555
1626
1750
1769
1757
1787
1821
1831
1828
1812
1800
1790
1776
1675
1613
1603
1635
1596
1576
1618
1634
1662
1613
1542
1502
1434
1435
1388
1380
1399
1398
1417
1473
1477
1474
1422
1362
1303
1243
1205
1169
1206
1253
1288
1355
1358
1320
1281
1284
1278
1319
1374
1469
1561
1625
1655
1693
1762
1783
1791
1830
1826
1853
1900
1910
1939
1955
1937
1957
1913
1923
1939
1962
2001
2052
2108
2135
2161
2128
2091
2051
2014
1938
1883
1905
1947
1997
2002
2021
2010
1985
1911
1807
1761
1767
1822
1809
1746
1717
1733
1731
1703
1694
1689
1640
1598
1625
1666
1650
1647
1673
1656
1612
1576
1535
1482
1490
1525
1611
1679
1717
1715
1746
1766
1767
1784
1820
1829
1771
1717
1697
1644
1584
1581
1588
1598
1598
1541
1462
1441
1430
1355
1330
1347
1383
1411
1393
1327
1262
1221
1201
1184
1148
1137
