-403
-373
-390
-507
-595
-576
-593
-605
-672
-626
-556
-541
-549
-579
-604
-738
-864
-806
-811
-943
-913
-953
-971
-964
-965
-964
-957
-954
-1056
-1059
-1074
-1028
-967
-954
-946
-977
-1032
-1055
-883
-955
-1044
-951
-929
-834
-775
-768
-830
-839
-852
-756
-670
-708
-677
-731
-789
-813
-827
-851
-851
-879
-954
-940
-868
-824
-851
-961
-1047
-955
-812
-832
-960
-1062
-1105
-1133
-1125
-1189
-1175
-1149
-1229
-1109
-923
-879
-953
-998
-1030
-996
-958
-930
-777
-631
-502
-466
-403
-396
-418
-324
-240
-118
-83
-135
-158
-104
-51
106
223
287
358
350
444
383
361
346
276
316
369
377
467
427
426
610
541
480
376
248
162
274
341
349
403
342
362
332
396
490
463
313
259
298
257
179
259
507
375
242
525
840
874
718
624
738
791
759
912
979
876
683
768
999
1039
921
835
855
999
1124
956
829
647
450
375
255
181
216
256
206
204
87
-140
-239
-192
-213
-440
-528
-430
-384
-556
-668
-715
-767
-841
-841
-742
-820
-848
-811
-837
-868
-735
-642
-592
-603
-594
-607
-735
-733
-715
-721
-700
-699
-718
-598
-489
-516
-578
-511
-467
-517
-475
-399
-299
-286
-297
-288
-341
-287
-266
-265
-233
-143
-29
5
61
135
203
158
75
35
-145
-345
-429
-455
-579
-624
-433
-318
-245
-153
-168
-412
-686
-800
-879
-1079
-1184
-1100
-1071
-1133
-996
-957
-1161
-1312
-1275
-1098
-1039
-1101
-1262
-1324
-1292
-1266
-1197
-1214
-1258
-1198
-1127
-1144
-1224
-1067
-990
-1033
-942
-647
-421
-504
-421
-193
-67
-132
-239
-442
-664
-852
-897
-890
-838
-779
-827
-633
-543
-564
-722
-890
-999
-1020
-824
-864
-943
-887
-774
-760
-700
-508
-348
-374
-480
-372
-337
-353
-369
-348
-250
-175
-150
-153
-149
-290
-280
-215
-116
-90
-274
-316
-290
2
55
-91
-227
-360
-284
-187
11
-180
-327
-314
-421
-386
-423
-526
-525
-461
-457
-278
-97
-28
-47
-180
-299
-335
-386
-396
-232
-87
79
54
-55
97
262
278
337
265
236
464
573
496
542
606
675
838
982
869
466
315
125
122
405
402
317
453
506
357
-111
-445
-260
24
108
-25
75
255
34
-308
-323
-387
-414
-292
-147
144
201
24
8
-176
-379
-378
-431
-622
-694
-603
-701
-717
-713
-672
-527
-508
-552
-494
-490
-585
-605
-599
-554
-609
-666
-699
-639
-645
-783
-867
-833
-709
-727
-818
-899
-882
-782
-681
-660
-511
-385
-323
-216
-230
-443
-623
-868
-1065
-852
-969
-1319
-1372
-1329
-1473
-1611
-1770
-1729
-1604
-1859
-1884
-1948
-2147
-2313
-2478
-2538
-2566
-2634
-2744
-2735
-2694
-2744
-2781
-2747
-2898
-2942
-2972
-3039
-3098
-3169
-3156
-3176
-3241
-3420
-3469
-3463
-3453
-3502
-3738
-3884
-3952
-4059
-4177
-4292
-4290
-4278
-4339
-4334
-4412
-4459
-4413
-4445
-4429
-4397
-4424
-4534
-4691
-4916
-5092
-5225
-5329
-5374
-5338
-5295
-5319
-5139
-4888
-4708
-4769
-4937
-4968
-5012
-5080
-4989
-4885
-4893
-4882
-4879
-4856
-4764
-4730
-4758
-4720
-4638
-4604
-4600
-4628
-4679
-4647
-4528
-4389
-4307
-4153
-3991
-3926
-3825
-3642
-3590
-3592
-3614
-3776
-3977
-3903
-3833
-3886
-3688
-3732
-3667
-3521
-3451
-3240
-3141
-3027
-2844
-2614
-2473
-2273
-2104
-2009
-1891
-1826
-1850
-1901
-1810
-1819
-1857
-1824
-1763
-1721
-1797
-1933
-2065
-2089
-2243
-2534
-2656
-2688
-2822
-2958
-2957
-2848
-2759
-2827
-2948
-2861
-2748
-2819
-2843
-2710
-2627
-2597
-2465
-2284
-2130
-2116
-2126
-2135
-2066
-2050
-1919
-1779
-1771
-1639
-1468
-1264
-1110
-1103
-1178
-1055
-995
-909
-987
-1025
-840
-861
-880
-930
-903
-935
-1042
-1050
-1162
-1158
-1132
-1231
-1087
-1070
-1163
-1193
-1300
-1321
-1377
-1387
-1197
-1152
-1165
-992
-891
-830
-770
-611
-573
-694
-558
-361
-188
-197
-228
-54
85
115
308
495
611
672
573
576
533
442
450
559
443
424
688
910
1028
1141
1079
776
640
691
629
518
405
439
676
897
891
687
738
660
727
749
607
666
581
507
517
519
440
411
435
266
225
247
39
-32
15
59
72
126
211
161
157
232
202
181
178
31
7
28
120
238
163
297
462
615
693
820
954
870
935
1060
1081
1164
1171
1050
1026
1135
1248
1275
1297
1415
1458
1298
1103
860
790
725
701
675
686
800
751
581
501
570
490
398
366
493
466
266
335
534
586
463
477
562
564
704
780
660
671
788
909
850
777
964
867
708
830
866
879
887
957
962
956
881
724
691
568
581
524
364
310
302
285
139
42
91
62
0
-12
-72
-107
-166
-242
-401
-509
-538
-384
-223
-182
-261
-190
194
285
305
323
392
507
616
751
871
866
757
764
666
615
654
715
822
987
961
657
480
352
205
62
-31
-21
-33
-21
109
143
47
-11
-116
-186
-305
-434
-317
-212
-191
-277
-270
-265
-252
-199
-210
-282
-307
-40
-1
11
196
468
590
651
742
821
714
632
709
777
922
805
864
1049
1199
1144
1081
1160
1096
1280
1565
1572
1585
1462
1432
1485
1419
1513
1498
1390
1449
1643
1758
1703
1548
1590
1500
1360
1303
1154
1040
1107
1206
1148
909
859
1013
864
945
1000
1022
1100
1017
1022
1138
1184
1129
1148
1139
1132
1220
1215
1098
1103
1067
1223
1159
1101
1326
1441
1470
1530
1685
1468
1506
1790
1665
1643
1881
1907
1788
1906
2043
2026
1977
2019
2202
2066
2068
2083
2009
2098
1998
1942
1869
1992
2059
1948
1825
1876
1944
1803
1834
1918
1914
1806
1553
1455
1302
1252
1234
1186
1419
1496
1658
1741
1712
1619
1687
1603
1601
1722
1656
1717
1639
1596
1457
1529
1520
1426
1521
1680
1725
1726
1680
1426
1430
1630
1524
1395
1395
1334
1345
1400
1445
1185
1054
1229
1307
1159
1062
1142
1119
929
797
800
795
818
737
543
528
609
403
286
170
-203
-517
-760
-738
-704
-783
-778
-833
-982
-1294
-1624
-1957
-2194
-2332
-2283
-2157
-2029
-2077
-2363
-2445
-2640
-2708
-2752
-2719
-2669
-2612
-2414
-2281
-2133
-2116
-1917
-1886
-1761
-1516
-1484
-1453
-1357
-1153
-1154
-1005
-876
-818
-865
-921
-775
-830
-853
-894
-945
-890
-776
-712
-630
-498
-498
-432
-385
-610
-755
-875
-1174
-1194
-976
-801
-792
-864
-503
-282
-419
-463
-591
-564
-345
-227
-267
-153
21
-24
94
264
272
417
367
487
680
687
647
527
760
1079
1092
1126
1337
1341
1361
1180
1039
1146
1209
1220
1137
1105
1292
1379
1157
1119
1200
1110
931
977
936
836
828
722
690
788
811
658
420
299
391
327
254
182
97
35
156
231
197
280
82
-38
-74
-98
-22
118
44
-142
-190
-97
-77
-143
-148
-151
114
377
358
322
404
244
38
-19
5
54
210
264
339
509
614
517
70
85
365
355
378
618
607
688
961
1007
797
675
597
530
688
782
740
474
649
681
356
419
365
103
-118
-375
-313
-270
-324
-254
-132
-41
13
192
129
-90
-538
-656
-713
-633
-610
-614
-523
-326
-53
-141
-135
-285
-215
-358
-249
-311
-476
-203
-92
-297
-437
-498
-585
-571
-722
-526
-738
-847
-855
-811
-729
-947
-940
-934
-1009
-1012
-942
-1143
-997
-674
-728
-680
-632
-431
-300
-630
-866
-815
-766
-643
-437
-246
2
204
485
734
843
933
1079
898
877
984
974
925
687
995
1146
1041
946
834
1029
984
867
901
774
552
449
405
286
88
-74
130
196
-36
-263
-424
-471
-397
-491
-522
-273
-360
-449
-448
-465
-499
-512
-530
-489
-475
-642
-754
-623
-559
-738
-569
-534
-547
-418
-527
-514
-463
-388
-385
-472
-414
-294
-163
-132
-183
-100
14
0
69
165
171
200
309
282
278
382
338
329
410
514
552
531
565
652
666
654
681
633
522
470
509
459
317
312
144
-10
89
82
2
56
94
25
-128
-161
-65
-102
5
-28
-97
114
281
132
-24
26
18
113
153
171
175
146
304
311
300
364
240
145
339
436
428
451
498
581
516
461
506
678
635
708
801
802
823
708
739
790
638
568
494
444
678
688
451
339
322
232
132
5
-32
96
118
59
85
-41
-76
56
183
262
326
231
126
320
441
453
364
287
356
372
362
364
300
459
606
591
519
388
326
371
579
684
662
590
655
769
812
862
735
445
417
636
605
482
431
543
688
609
305
341
439
344
406
348
395
436
254
278
462
482
561
636
564
693
837
770
805
866
943
1051
1048
1022
1117
1155
1175
1149
1160
1222
1163
1064
1017
1111
1065
925
703
558
640
714
708
609
630
674
617
523
522
662
499
313
401
437
361
311
262
202
122
44
-13
-128
-231
-434
-590
-585
-686
-815
-815
-650
-599
-762
-897
-906
-893
-1030
-1135
-1275
-1290
-1324
-1384
-1298
-1173
-961
-903
-938
-1093
-1134
-999
-855
-853
-1265
-1398
-1133
-1229
-1335
-1221
-1387
-1530
-1534
-1501
-1384
-1315
-1331
-1518
-1539
-1521
-1533
-1540
-1680
-1824
-1791
-1519
-1436
-1409
-1418
-1405
-1381
-1468
-1446
-1512
-1638
-1640
-1639
-1661
-1779
-1752
-1616
-1670
-1650
-1687
-1815
-1876
-1833
-1771
-1787
-1810
-1742
-1679
-1649
-1711
-1744
-1803
-1893
-1903
-2086
-2160
-2208
-2343
-2353
-2371
-2423
-2504
-2589
-2595
-2665
-2628
-2615
-2545
-2503
-2534
-2410
-2429
-2386
-2334
-2294
-2251
-2208
-2113
-2170
-2193
-2057
-2017
-1919
-1911
-1772
-1466
-1585
-1653
-1594
-1688
-1551
-1500
-1591
-1561
-1693
-1525
-1601
-1701
-1559
-1698
-1717
-1847
-1816
-1796
-1921
-1856
-1903
-1981
-1945
-1900
-1844
-1803
-2029
-2051
-1929
-2038
-1976
-2124
-2098
-1917
-1890
-1965
-2112
-2080
-2026
-1989
-2015
-2039
-2135
-2078
-1910
-1673
-1567
-1728
-1594
-1602
-1715
-1720
-1818
-1762
-1897
-1669
-1640
-1841
-1632
-1346
-1131
-1496
-1736
-1809
-1752
-1769
-1861
-1839
-1992
-2017
-1902
-1757
-1877
-1990
-2056
-2230
-2167
-2038
-1943
-2021
-2149
-2124
-2107
-2010
-1951
-2024
-2116
-2100
-2005
-1932
-1933
-1956
-1988
-2046
-2077
-2051
-2006
-1986
-2088
-2158
-2093
-2063
-1977
-1916
-1929
-1975
-1911
-1838
-1859
-1859
-1891
-1965
-1936
-1825
-1696
-1579
-1499
-1430
-1464
-1511
-1511
-1444
-1460
-1501
-1357
-1188
-1202
-1209
-1087
-960
-891
-945
-956
-870
-908
-1024
-1158
-1053
-758
-622
-587
-730
-856
-744
-558
-583
-605
-578
-684
-661
-476
-435
-328
-115
21
90
180
384
485
515
584
616
616
684
641
588
539
485
380
294
311
368
410
243
190
263
333
548
731
643
578
676
528
548
653
535
587
651
827
902
1000
1069
1100
1271
1404
1463
1409
1457
1492
1587
1511
1513
1735
1853
1821
1755
1847
1783
1583
1524
1289
1040
1173
1250
1280
1131
1006
1094
988
815
733
849
899
857
874
908
907
739
454
250
269
218
-53
-82
64
6
16
0
30
127
75
-20
-99
-172
-303
-300
-401
-639
-662
-796
-941
-935
-1050
-1064
-1048
-937
-871
-861
-874
-1095
-1250
-1362
-1319
-1324
-1466
-1608
-1757
-1748
-1659
-1539
-1592
-1668
-1580
-1654
-1726
-1667
-1528
-1540
-1607
-1477
-1412
-1376
-1291
-1217
-1080
-1031
-1106
-1043
-882
-776
-797
-865
-888
-837
-665
-566
-604
-629
-625
-685
-772
-649
-506
-511
-539
-564
-545
-462
-410
-406
-406
-428
-367
-239
-131
0
84
60
6
10
43
-52
-58
110
181
119
236
464
519
543
537
652
897
1127
1108
1041
1205
1490
1688
1799
1764
1592
1572
1508
1727
1814
1722
1794
2080
2380
2502
2567
2616
2687
2570
2399
2372
2531
2320
2229
2299
2417
2513
2328
2392
2432
2406
2371
2323
2317
2359
2452
2570
2524
2443
2439
2354
2258
2270
2354
2169
2036
2067
2063
2076
2212
2184
2207
2270
2188
2237
2144
1991
1972
2051
2195
2324
2230
2290
2337
2162
2040
2039
1998
1976
2066
2006
2071
2142
2125
2088
2075
2044
1894
1748
1701
1795
1819
1700
1608
1660
1761
1894
1998
1948
2080
2244
2085
2187
2462
2544
2570
2748
2858
2730
2614
2460
2521
2603
2577
2494
2404
2448
2440
2329
2273
2129
1960
2149
2347
2271
2147
2202
2151
2125
2320
2375
2242
2298
2413
2326
2261
2159
2094
2012
1919
1919
1777
1756
1925
1906
1567
1381
1321
1092
1143
1195
1209
1152
1047
862
686
679
670
768
816
841
768
792
916
887
789
842
947
1002
1128
1135
1152
1202
1198
1173
1083
1100
1002
924
934
885
804
665
614
586
516
514
586
629
626
630
604
554
443
200
103
28
-24
-64
-110
-197
-312
-488
-670
-728
-881
-1032
-1225
-1558
-1711
-1663
-1700
-1799
-1910
-1957
-1966
-1994
-2063
-2107
-2113
-2059
-1890
-1700
-1723
-1777
-1754
-1737
-1735
-1741
-1791
-1759
-1604
-1501
-1348
-1027
-902
-1118
-1122
-1084
-1222
-981
-608
-564
-571
-396
-64
-112
-153
-11
-69
-86
107
368
343
193
293
336
378
537
579
632
555
444
472
643
527
272
349
415
478
627
754
849
907
1114
1179
989
1079
1197
1115
1151
1208
1348
1307
1306
1246
957
1136
1180
1052
1199
1424
1540
1526
1348
1385
1211
1060
1327
1313
1259
1243
1367
1219
1189
1136
914
833
775
856
644
580
619
378
349
560
348
125
9
-105
-217
-224
-74
-282
-411
-395
-428
-501
-659
-680
-694
-740
-685
-617
-698
-624
-478
-614
-747
-899
-770
-710
-853
-911
-815
-749
-769
-666
-778
-828
-792
-665
-617
-585
-668
-764
-702
-715
-809
-876
-882
-965
-848
-565
-371
-383
-412
-280
-237
-433
-246
-189
-318
-293
-306
-233
-333
-484
-428
-336
-454
-462
-569
-677
-477
-464
-399
-216
-242
-266
-305
-276
-277
-346
-335
-221
-136
-344
-475
-316
-367
-307
-267
-478
-413
-370
-651
-706
-558
-504
-525
-690
-655
-601
-556
-520
-519
-384
-252
7
252
445
618
681
654
603
450
346
465
324
604
842
638
813
1041
1164
1429
1408
1426
1193
732
530
94
174
167
115
177
439
685
710
827
584
560
731
593
217
292
582
370
246
517
672
709
707
490
446
434
398
287
165
174
135
92
57
303
244
261
253
152
270
274
249
122
89
-2
-113
-146
-156
-169
-96
-220
-244
-120
-144
-161
-137
-191
-176
-137
-277
-293
-339
-514
-660
-486
-341
-292
-262
-378
-550
-590
-471
-536
-593
-472
-534
-694
-756
-678
-567
-616
-672
-727
-676
-716
-695
-709
-763
-827
-944
-988
-1017
-1047
-1181
-1238
-1267
-1326
-1427
-1437
-1444
-1540
-1630
-1670
-1732
-1829
-1842
-1839
-1866
-1898
-1864
-1751
-1720
-1741
-1719
-1702
-1671
-1622
-1514
-1444
-1428
-1392
-1368
-1279
-1221
-1196
-1085
-1037
-997
-932
-820
-722
-661
-563
-513
-489
-462
-416
-413
-426
-456
-621
-623
-634
-881
-1006
-969
-965
-1126
-1195
-1152
-1058
-1072
-1207
-1104
-1013
-1112
-1068
-939
-996
-1038
-924
-794
-844
-785
-730
-958
-964
-813
-747
-917
-1122
-1045
-916
-845
-766
-670
-660
-710
-683
-419
-164
-88
-81
-79
-66
-34
-25
-37
98
248
329
275
339
500
564
638
571
592
631
641
731
674
713
751
682
563
479
490
492
442
415
524
526
362
259
310
295
246
104
138
186
67
90
69
141
330
277
157
109
108
362
396
297
330
501
687
831
836
760
895
905
854
1067
1114
1122
1224
1157
1332
1363
1294
1333
1221
1116
1152
1069
1004
1012
1137
1123
1005
1183
1347
1430
1353
1223
1050
1036
969
938
1049
931
860
793
783
818
642
505
487
464
382
322
305
230
178
38
-92
-53
-208
-412
-550
-634
-569
-614
-682
-681
-691
-664
-588
-517
-542
-611
-597
-619
-608
-547
-540
-623
-711
-604
-490
-432
-398
-383
-308
-292
-259
-189
-126
-28
60
107
94
129
181
234
323
315
257
272
271
280
362
401
477
491
470
517
554
551
523
448
329
401
398
282
156
134
164
231
256
5
-217
-236
-260
-354
-315
-244
-228
-333
-496
-666
-768
-736
-680
-760
-831
-840
-953
-976
-830
-829
-966
-1133
-1175
-1037
-1091
-1162
-1248
-1401
-1487
-1511
-1408
-1357
-1392
-1383
-1460
-1465
-1551
-1687
-1771
-1819
-1888
-2093
-2081
-2043
-1992
-1929
-1938
-2140
-2249
-2190
-2201
-2404
-2656
-2684
-2610
-2359
-2231
-2246
-2342
-2527
-2646
-2716
-2828
-2968
-2993
-2936
-2931
-2844
-2766
-2636
-2486
-2474
-2379
-2256
-2197
-2145
-2003
-1914
-1855
-1791
-1674
-1615
-1544
-1447
-1465
-1280
-1194
-1283
-1139
-1139
-1311
-1312
-1205
-1199
-1186
-1010
-955
-857
-612
-399
-414
-602
-745
-779
-729
-673
-680
-622
-529
-590
-659
-676
-779
-837
-754
-890
-1009
-1061
-954
-821
-946
-1111
-1266
-1324
-1415
-1499
-1553
-1630
-1669
-1656
-1664
-1820
-1965
-2018
-2021
-2085
-2221
-2319
-2424
-2512
-2627
-2730
-2678
-2598
-2561
-2494
-2421
-2363
-2334
-2291
-2321
-2260
-2181
-2053
-1911
-1839
-1701
-1530
-1303
-1107
-950
-833
-667
-591
-528
-464
-502
-572
-548
-486
-445
-392
-308
-265
-250
-185
-216
-317
-458
-488
-435
-375
-373
-408
-331
-140
-56
-94
-66
6
33
73
149
163
191
283
434
593
693
718
672
570
630
631
607
736
827
830
836
824
663
626
595
613
593
543
578
548
387
284
299
295
278
287
414
462
618
790
826
748
789
711
478
389
322
299
232
173
237
344
355
394
306
197
76
-6
-78
-188
-226
-285
-363
-402
-315
-270
-391
-539
-590
-677
-697
-594
-476
-453
-521
-663
-755
-685
-666
-746
-874
-967
-965
-906
-919
-869
-791
-956
-1030
-978
-940
-1046
-1165
-1135
-1244
-1244
-1171
-1226
-1391
-1425
-1397
-1414
-1400
-1475
-1410
-1413
-1422
-1463
-1511
-1336
-1201
-1226
-1312
-1202
-1042
-990
-893
-712
-587
-398
-300
-349
-365
-268
-69
8
-14
52
195
115
-28
-18
30
70
128
180
231
175
247
317
375
371
296
433
516
559
719
919
988
1030
941
817
733
683
683
693
762
966
1116
1014
790
696
741
716
862
971
867
771
800
852
639
588
558
429
550
726
756
765
951
1011
1112
1019
990
1027
1043
1087
1135
1258
1300
1292
1221
1421
1236
1106
986
1018
1125
872
777
673
736
704
726
767
763
935
871
697
695
647
678
647
582
779
960
1003
1027
1076
1101
1276
1418
1367
1378
1334
1204
1170
1339
1414
1347
1476
1697
1862
1978
2018
1965
1914
1933
1819
1807
1955
1964
1965
1688
1540
1590
1686
1600
1321
1398
1395
1233
1076
1108
1024
881
777
709
515
291
341
367
444
422
357
185
182
239
242
275
157
160
122
123
271
350
347
362
428
515
645
746
812
805
873
984
978
1066
1153
1304
1308
1376
1620
1731
1841
1896
1942
1987
2087
2178
2178
2134
2197
2203
2246
2306
2210
2290
2345
2432
2471
2390
2377
2583
2568
2433
2563
2509
2424
2289
2279
2283
2176
2050
2020
2073
2085
2130
2121
2000
2003
1942
1882
1797
1542
1621
1635
1537
1397
1285
1301
1416
1405
1179
1032
998
1005
932
944
1074
1093
1108
1223
1366
1439
1429
1449
1372
1329
1355
1272
1342
1552
1567
1497
1473
1598
1696
1611
1539
1526
1484
1385
1329
1277
1183
1168
1146
937
833
850
560
342
286
186
-13
-282
-309
-353
-429
-468
-483
-555
-581
-542
-677
-855
-1030
-1256
-1463
-1515
-1252
-1171
-1244
-1204
-1114
-812
-843
-824
-725
-695
-604
-697
-732
-714
-660
-602
-629
-725
-708
-529
-366
-449
-526
-347
-146
-101
-159
-60
95
132
-36
-46
-27
-179
-134
-118
-57
-25
-77
-74
25
268
369
167
-16
43
212
282
221
150
224
253
340
355
315
382
274
121
47
148
200
304
251
205
254
251
336
293
242
135
143
220
285
402
277
99
155
192
116
79
47
40
-78
-160
-203
-373
-383
-402
-513
-469
-385
-318
-291
-288
-189
-98
-37
-17
68
67
18
124
207
256
291
301
361
472
608
710
749
718
702
784
842
895
874
839
822
695
564
525
439
427
351
192
161
88
35
-110
-206
-297
-425
-430
-562
-624
-723
-794
-844
-844
-691
-834
-931
-886
-905
-925
-940
-867
-803
-736
-670
-673
-705
-830
-787
-772
-899
-904
-900
-831
-771
-706
-663
-671
-458
-301
-282
-154
-12
0
-120
-245
-226
-291
-388
-192
-266
-396
-381
-199
-77
-182
-368
-593
-617
-606
-582
-569
-489
-682
-742
-586
-607
-537
-507
-559
-501
-342
-258
-307
-260
-158
-344
-531
-369
-167
-138
-178
-191
67
164
-55
-278
-403
-439
-465
-359
-300
-341
-500
-548
-462
-460
-385
-365
-256
-305
-264
-112
-230
-339
-415
-373
-507
-437
-354
-430
-341
-216
-190
-163
-59
-63
-14
144
303
422
592
466
478
583
641
912
1080
1160
1237
1360
1271
1262
1303
1298
1338
1387
1539
1498
1657
2144
2387
2288
2221
2300
2289
2462
2547
2334
2380
2494
2587
2699
2910
2891
2660
2658
2791
2952
2831
2786
2752
2601
2601
2760
2695
2466
2328
2276
2244
2122
2153
2062
1981
1953
1993
1890
1733
1720
1636
1644
1744
1956
2133
2149
1940
1708
1628
1511
1515
1613
1508
1442
1440
1550
1585
1605
1485
1267
1289
1444
1496
1356
1313
1314
1394
1491
1496
1344
1338
1296
1144
1140
1134
1099
1075
1117
1118
1050
1091
1157
1221
1261
1310
1466
1545
1647
1636
1477
1632
1728
1622
1613
1643
1701
1664
1750
1753
1791
1788
1742
1902
1948
1755
1743
1815
1844
1905
1806
1912
1894
1900
1946
2009
2056
2006
1998
2006
2092
2055
2105
2126
2197
2236
2236
2276
2268
2275
2148
2214
2315
2326
2303
2135
2046
2093
2036
1846
1605
1421
1348
1188
1057
938
876
744
503
376
321
209
67
-11
-172
-326
-536
-725
-748
-776
-1019
-1138
-1180
-1331
-1194
-1204
-1290
-1275
-1290
-1226
-1261
-1297
-1241
-1286
-1421
-1460
-1479
-1404
-1337
-1402
-1276
-1110
-1083
-1119
-1025
-943
-1055
-1106
-933
-954
-1178
-1146
-1000
-878
-888
-901
-683
-475
-574
-768
-1017
-1069
-971
-837
-760
-666
-446
-201
-55
-263
-298
-311
-473
-421
-154
-180
-320
-337
-257
-177
-249
-114
-160
-262
-200
-186
-209
-301
-265
-202
-179
-234
-303
-243
-180
-104
-200
-350
-346
-234
-281
-486
-370
-243
-216
-281
-408
-443
-329
-216
-383
-416
-378
-270
-202
-299
-261
-275
-435
-478
-479
-472
-555
-593
-438
-483
-538
-454
-512
-667
-650
-650
-632
-613
-508
-354
-436
-330
-96
-196
-390
-255
-70
-170
-212
-68
74
181
358
378
359
453
471
430
309
412
560
670
791
705
675
779
788
728
701
595
719
678
527
626
648
650
669
681
485
491
465
439
382
386
261
266
323
105
178
10
53
92
79
110
186
84
-38
21
-49
-200
-220
-23
-129
-8
123
104
179
171
253
340
475
558
507
563
706
660
462
703
1014
935
970
960
909
1036
1271
1296
1227
1301
1220
1301
1510
1651
1627
1500
1575
1693
1663
1553
1600
1635
1587
1689
1754
1596
1602
1748
1585
1460
1463
1366
1353
1507
1533
1444
1405
1349
1335
1089
929
975
945
974
827
637
716
844
677
283
236
436
441
359
342
350
242
134
216
259
174
205
331
429
444
558
646
688
913
882
694
652
551
546
579
509
497
505
482
529
496
474
420
340
432
409
388
330
299
308
149
-44
-130
-159
-336
-449
-308
-272
-427
-504
-506
-460
-494
-583
-592
-568
-493
-391
-271
-261
-152
60
122
111
74
166
22
-382
-541
-531
-654
-880
-872
-794
-841
-872
-856
-826
-733
-684
-756
-864
-947
-897
-950
-1024
-1033
-993
-1008
-1070
-1056
-951
-870
-822
-704
-608
-520
-426
-417
-548
-489
-485
-583
-581
-574
-683
-676
-759
-955
-907
-794
-842
-913
-792
-741
-699
-734
-678
-683
-829
-834
-763
-832
-942
-910
-713
-538
-549
-399
-192
-121
-213
-174
-136
-140
-45
-23
36
177
488
613
536
406
250
362
460
317
327
359
421
489
565
835
919
848
864
976
1056
1197
1279
1372
1379
1329
1300
1294
1413
1573
1636
1529
1621
1680
1656
1568
1585
1596
1484
1467
1447
1343
1254
1185
1170
1203
1155
1095
897
794
703
546
404
247
137
117
177
278
240
28
-224
-352
-472
-640
-750
-799
-538
-330
-167
152
393
435
426
258
109
288
500
617
466
305
427
534
533
461
451
476
505
510
422
347
219
159
124
127
264
316
419
532
627
807
800
695
725
734
512
535
840
1087
1301
1409
1558
1650
1550
1459
1465
1508
1628
1644
1670
1868
2023
2071
1977
1821
1786
1792
1906
1936
1810
1849
1786
1731
1623
1515
1314
991
778
615
679
781
747
690
969
1049
758
699
690
608
575
317
77
31
44
251
381
417
292
333
430
132
31
59
-27
62
12
-146
-266
-368
-290
-324
-383
-416
-495
-505
-493
-531
-554
-596
-840
-922
-988
-1128
-1137
-950
-765
-766
-698
-620
-624
-801
-942
-1056
-1107
-1160
-1087
-973
-874
-789
-870
-794
-694
-651
-721
-725
-570
-470
-376
-263
-231
-170
-115
-4
139
194
241
290
345
411
403
347
344
427
515
494
399
412
519
383
341
385
306
268
215
113
55
-27
-196
-257
-254
-277
-235
-266
-425
-448
-363
-304
-326
-351
-335
-338
-435
-504
-593
-595
-335
-215
-237
-226
-104
123
271
169
37
53
120
128
182
481
665
634
623
787
948
1003
1012
951
962
1039
1192
1314
1344
1357
1465
1512
1369
1465
1554
1548
1631
1616
1774
1931
2009
2224
2407
2442
2349
2288
2290
2197
2018
2027
2062
2074
2140
2254
2532
2616
2652
2674
2560
2298
2072
1982
1959
2034
1973
1906
1847
1880
1929
1763
1642
1752
1778
1948
2200
2282
2254
2306
2409
2337
2172
2047
2118
1998
1939
1985
2077
2074
2035
2213
2370
2364
2343
2448
2434
2439
2462
2344
2164
2229
2377
2166
1835
1786
1698
1734
1720
1667
1643
1517
1538
1480
1417
1316
1301
1224
1130
1207
1291
1259
1124
1106
989
824
936
848
654
588
626
460
115
-126
-182
-282
-548
-602
-496
-338
-583
-818
-967
-1099
-1275
-1405
-1305
-1226
-1310
-1349
-1169
-1075
-969
-967
-914
-832
-789
-656
-552
-465
-259
7
131
223
394
671
831
798
951
1166
1194
1169
1301
1417
1441
1552
1712
1814
1967
2153
2278
2414
2554
2633
2452
2405
2689
2825
2759
2838
3077
3192
3369
3612
3609
3545
3504
3572
3606
3715
3826
3765
3832
3919
3870
3820
3779
3752
3753
3733
3768
3754
3705
3447
3295
3145
2954
2869
2524
2444
2573
2491
2488
2482
2479
2393
2052
1847
1809
1758
1816
1859
1695
1576
1483
1391
1068
1277
1764
1618
1652
1744
1735
1653
1507
1445
1408
1372
1428
1539
1687
1633
1286
1119
1198
1199
1106
1126
1107
1117
1149
1051
1011
1015
919
853
719
516
500
637
678
524
440
503
573
782
822
742
757
841
900
896
879
846
859
765
845
1005
1066
998
1022
1057
1150
1300
1149
1024
1116
1432
1523
1312
1188
1257
1502
1575
1474
1332
1443
1714
1706
1721
1768
1526
1239
1390
1394
1144
1218
1490
1413
1257
1265
1307
1312
1267
1334
1190
1209
1321
1360
1366
1390
1290
1119
1057
1062
1055
969
1136
1177
1327
1315
1239
1291
1245
1208
904
840
1013
1054
974
803
539
532
519
396
366
262
221
298
219
121
10
-111
-54
-122
-131
-55
-103
-313
-507
-639
-635
-726
-755
-802
-1070
-1248
-1227
-1333
-1557
-1576
-1685
-1654
-1713
-1733
-1667
-1747
-1869
-1839
-1756
-1812
-1846
-1790
-1665
-1547
-1406
-1347
-1350
-1327
-1161
-1060
-952
-783
-590
-424
-256
-84
119
397
546
539
529
585
563
545
550
529
511
568
690
901
1046
1155
1270
1303
1339
1512
1586
1473
1488
1549
1574
1495
1476
1515
1451
1436
1481
1448
1486
1538
1483
1532
1485
1258
1295
1318
1253
1178
1104
1217
1277
1267
1260
1269
1315
1222
1029
933
856
1132
1311
1243
1276
1502
1695
1571
1539
1518
1458
1504
1743
1988
2141
2254
2448
2480
2395
2453
2332
2065
2290
2549
2559
2640
2655
3049
3184
3237
3300
3257
3386
3516
3577
3476
3584
3643
3676
3502
3528
3606
3355
3370
3414
3374
3409
3381
3240
3289
3396
3370
3255
3434
3588
3376
3245
3301
3358
3175
3006
2859
2727
2783
2852
2790
2956
3191
3239
3232
2901
2757
2704
2241
2238
2243
2204
2254
2068
2046
1876
1907
1825
1680
1557
1467
1611
1573
1502
1479
1472
1494
1628
1663
1519
1509
1705
1755
1634
1543
1699
1813
1785
1786
1693
1597
1511
1544
1610
1519
1512
1606
1620
1643
1450
1329
1481
1499
1449
1505
1652
1753
1770
1823
1966
2074
1979
1785
1588
1490
1518
1517
1688
1833
1991
2103
2123
1931
1891
1978
1922
2034
2034
2116
2130
2128
2068
1961
1849
1850
1836
1496
1282
1332
1196
905
837
708
599
457
210
51
-112
-114
-221
-281
-292
-457
-555
-654
-732
-753
-702
-725
-705
-741
-767
-676
-627
-580
-608
-768
-749
-659
-628
-569
-557
-574
-566
-618
-764
-679
-715
-749
-756
-889
-856
-827
-829
-855
-801
-764
-702
-609
-479
-413
-398
-378
-474
-495
-419
-384
-442
-425
-479
-477
-513
-508
-511
-596
-614
-480
-281
-262
-188
-193
-197
-80
-26
48
56
1
21
46
99
142
264
309
331
353
361
348
283
209
84
106
284
428
421
387
479
540
524
480
381
341
240
245
241
222
280
393
593
742
835
848
848
916
885
855
920
917
842
772
1005
1138
1168
1168
1175
1314
1497
1736
1633
1487
1482
1507
1493
1534
1751
1762
1716
1800
1947
2023
2132
2187
2043
2125
2217
2292
2294
2208
2262
2316
2410
2560
2641
2590
2616
2676
2610
2571
2605
2535
2416
2422
2453
2472
2471
2411
2356
2190
2160
2287
2349
2295
2226
2304
2258
2268
2303
2248
2226
2260
2332
2331
2336
2402
2427
2326
2328
2436
2478
2365
2305
2359
2355
2389
2393
2434
2510
2489
2398
2478
2627
2583
2433
2424
2420
2377
2339
2319
2452
2437
2176
2056
2061
1973
1904
1740
1590
1461
1432
1390
1393
1380
1301
1321
1338
1339
1279
1204
1234
1255
1231
1403
1494
1564
1573
1659
1805
1856
1774
1697
1811
1865
1819
1828
1695
1694
1871
1940
2277
2450
2358
2250
2138
2181
2263
2193
2255
2312
2343
2454
2575
2534
2392
2238
2143
2265
2237
2179
2186
2294
2397
2464
2381
2203
2040
1946
1853
1796
1853
1823
1804
1737
1795
1755
1646
1727
1728
1692
1581
1524
1668
1766
1773
1806
1899
1837
1790
1776
1613
1637
1686
1385
1175
1097
1148
1135
943
933
686
524
404
94
-118
-158
-232
-430
-377
-403
-379
-453
-610
-598
-716
-788
-1009
-944
-872
-937
-807
-804
-869
-780
-655
-813
-912
-1146
-1375
-1374
-1485
-1868
-1884
-1565
-1465
-1391
-1359
-1171
-1151
-1242
-1063
-905
-757
-541
-299
-207
-92
-89
-165
26
-44
-77
69
182
240
313
403
390
276
331
444
474
577
633
789
816
844
770
725
810
714
612
544
464
433
372
307
330
313
371
371
398
497
373
363
343
296
337
370
503
496
528
614
475
461
386
310
493
496
615
633
619
747
743
732
689
545
584
781
797
726
455
445
596
605
516
488
699
744
732
755
824
898
769
785
899
794
839
889
765
636
523
577
587
583
641
635
564
463
360
264
228
130
67
6
-60
-16
106
18
-175
-187
-168
-192
-242
-293
-265
-235
-323
-370
-392
-360
-391
-435
-492
-568
-566
-621
-646
-573
-681
-762
-586
-507
-405
-439
-363
-368
-406
-298
-363
-331
-412
-371
-450
-496
-274
-129
-126
-63
36
-23
67
122
112
69
140
134
102
193
226
313
265
256
358
457
588
511
230
75
133
266
272
273
281
147
58
155
265
218
18
-63
-107
-167
-200
-363
-413
-559
-601
-555
-580
-608
-699
-725
-832
-924
-1025
-1165
-1093
-888
-889
-868
-784
-744
-896
-914
-830
-904
-889
-844
-722
-610
-518
-505
-372
-292
-338
-363
-271
-139
-34
180
214
291
525
640
704
780
754
849
1021
1095
1323
1554
1546
1562
1703
1909
2024
2000
1857
1698
1778
1976
1979
1961
2084
2147
2152
2135
2248
2203
2016
2107
2098
1919
1924
1936
1929
1839
1846
1892
1860
1990
2147
2253
2171
2098
1995
1983
1956
1785
1798
1889
1937
1899
1836
1855
1890
1941
1992
2002
2049
2051
2170
2181
2155
2256
2274
2283
2442
2568
2575
2497
2276
2167
2006
2112
2185
2198
2292
2144
2207
2302
2330
2302
2198
2162
2198
2207
2237
2222
2221
2173
2120
2207
2188
2044
1861
1760
1798
1882
1861
1709
1670
1664
1600
1606
1559
1520
1500
1459
1404
1415
1407
1276
1097
1054
984
924
963
902
845
1020
1086
891
847
745
733
775
616
477
493
490
479
448
378
290
217
232
225
185
169
124
45
71
105
63
47
132
90
46
103
163
161
28
-86
-45
-33
-71
-113
-211
-138
-167
-137
-234
-274
-137
-260
-188
-112
-142
-75
-1
-25
-12
10
27
-72
-142
-64
24
35
-68
-95
-77
-16
28
8
-111
-73
-78
-178
-162
-256
-406
-533
-604
-709
-729
-745
-806
-793
-922
-1021
-1053
-1101
-1092
-946
-871
-986
-1109
-1051
-881
-928
-1060
-1190
-1235
-1140
-1090
-1137
-1090
-1020
-912
-637
-558
-614
-569
-568
-607
-492
-398
-392
-282
-189
-133
-195
-155
8
111
165
134
83
159
290
304
356
434
635
782
804
848
950
1045
1063
1146
1174
1218
1295
1314
1332
1336
1324
1304
1277
1333
1356
1380
1492
1541
1582
1624
1700
1754
1704
1601
1793
1894
1838
1866
1843
1766
1727
1768
1653
1627
1664
1736
1658
1663
1712
1728
1804
1797
1813
1820
1881
1969
2123
2203
2314
2407
2401
2414
2450
2431
2485
2627
2804
2876
2888
2977
3053
3148
3325
3385
3349
3465
3473
3495
3527
3602
3539
3442
3505
3664
3806
3772
3745
3856
3890
3795
3737
3686
3702
3787
3806
3785
3805
3667
3496
3300
3245
3160
3152
3137
3055
2973
2816
2711
2451
2248
2164
2180
2078
2046
2101
2037
1972
1849
1844
1867
1753
1683
1541
1450
1442
1338
1313
1293
1339
1409
1349
1408
1535
1522
1344
1269
1309
1304
1293
1278
1242
1300
1537
1629
1479
1298
1288
1357
1352
1317
1234
1289
1367
1248
1064
963
1086
1165
1033
976
957
857
768
752
668
502
516
602
767
877
917
822
851
1103
1141
1175
1211
1356
1361
1428
1550
1529
1553
1655
1939
2036
2101
2138
2102
2007
1896
1784
1707
1722
1718
1762
1763
1852
1831
1666
1551
1533
1463
1381
1254
1015
891
975
1019
835
683
571
523
470
266
38
-102
-320
-534
-664
-638
-665
-787
-851
-994
-1125
-1197
-1221
-1383
-1463
-1430
-1486
-1391
-1244
-1180
-1289
-1342
-1197
-1177
-1264
-1228
-1139
-1169
-1087
-1027
-1042
-1098
-1146
-1040
-1060
-1059
-975
-929
-983
-997
-911
-877
-651
-551
-638
-567
-454
-353
-239
-243
-252
-202
-128
-21
14
72
56
-13
-75
44
124
-10
-111
-156
-116
-156
-276
-356
-504
-618
-598
-590
-659
-786
-867
-907
-963
-1063
-1229
-1354
-1243
-1186
-1161
-1145
-1219
-1269
-1284
-1193
-1232
-1198
-1167
-1239
-1197
-1217
-1372
-1369
-1311
-1247
-1130
-1169
-1094
-1066
-1146
-1217
-1288
-1231
-1164
-1070
-951
-952
-978
-920
-834
-748
-652
-531
-476
-394
-239
-138
-36
-37
-130
3
164
105
-23
0
33
26
8
-94
-131
-285
-323
-324
-278
-153
-146
-224
-346
-259
-411
-554
-523
-485
-541
-674
-485
-395
-446
-434
-432
-438
-299
-218
-241
-193
-172
-209
-228
-222
-299
-370
-440
-510
-445
-263
-193
-122
-177
-152
-20
101
222
146
-22
-139
8
126
149
132
89
117
158
23
0
-53
-53
62
58
197
249
314
315
302
253
152
127
130
164
138
190
252
266
397
447
412
259
264
372
296
430
434
373
394
554
702
661
748
726
621
765
902
791
719
881
1054
984
992
1159
1317
1206
1063
1043
1052
1227
1307
1280
1377
1561
1590
1530
1506
1448
1258
1252
1383
1405
1385
1370
1430
1387
1235
1126
989
968
987
834
756
750
758
735
580
490
536
576
575
550
443
403
497
555
597
595
654
593
640
693
586
624
666
771
828
852
904
904
903
945
922
967
1059
1046
921
816
838
775
811
948
980
928
938
1030
1010
920
906
914
791
677
599
468
298
287
250
85
-38
-159
-222
-402
-551
-689
-771
-798
-1081
-1274
-1230
-1220
-1300
-1371
-1369
-1372
-1408
-1358
-1347
-1411
-1415
-1386
-1355
-1299
-1236
-1145
-1203
-1295
-1226
-1063
-863
-865
-813
-779
-783
-711
-647
-583
-569
-539
-538
-450
-292
-221
-250
-281
-249
-205
-66
52
33
20
55
146
74
24
48
67
170
201
119
50
-30
-45
-20
-40
0
-9
109
255
391
376
291
278
236
238
289
346
315
354
429
525
570
631
661
606
573
741
941
830
679
655
683
740
832
978
1059
1026
1108
1028
887
852
768
766
701
645
719
691
740
858
872
895
868
668
494
493
393
180
60
150
171
81
31
120
91
-37
-97
-189
-357
-501
-610
-673
-589
-612
-759
-855
-712
-640
-690
-654
-596
-645
-666
-547
-486
-644
-683
-600
-581
-546
-505
-414
-511
-479
-450
-470
-553
-592
-494
-554
-560
-516
-381
-334
-275
-243
-292
-164
-105
-154
-180
-110
103
124
42
47
142
57
-184
-201
-246
-198
-228
-258
-227
-216
-268
-369
-359
-438
-584
-675
-690
-749
-846
-928
-880
-880
-947
-1019
-1125
-1290
-1333
-1298
-1375
-1342
-1222
-1257
-1292
-1286
-1366
-1444
-1609
-1676
-1642
-1646
-1527
-1302
-1125
-1068
-1141
-1189
-1206
-1100
-935
-775
-745
-740
-588
-587
-717
-740
-755
-794
-833
-826
-648
-581
-586
-628
-752
-875
-845
-728
-738
-872
-909
-863
-983
-1105
-954
-916
-943
-895
-968
-967
-997
-1074
-1199
-1148
-1181
-1144
-1023
-1108
-1124
-1072
-1136
-1126
-992
-1090
-1094
-1042
-897
-639
-562
-628
-559
-432
-323
-228
-188
-61
-70
-96
-73
-80
-88
-132
-194
-85
2
34
41
-126
-342
-443
-355
-401
-399
-416
-428
-291
-245
-192
-334
-417
-424
-485
-430
-434
-361
-448
-393
-190
-240
-238
-212
-208
-312
-470
-560
-659
-684
-652
-650
-682
-786
-851
-1000
-1111
-1231
-1405
-1389
-1278
-1288
-1309
-1214
-1164
-1236
-1391
-1376
-1325
-1424
-1541
-1530
-1416
-1462
-1511
-1530
-1598
-1664
-1729
-1654
-1708
-1786
-1811
-1782
-1837
-1969
-1962
-2132
-2321
-2278
-2236
-2314
-2352
-2381
-2341
-2347
-2377
-2459
-2584
-2565
-2339
-2281
-2504
-2485
-2421
-2441
-2403
-2483
-2542
-2428
-2404
-2351
-2434
-2446
-2441
-2519
-2582
-2637
-2557
-2519
-2417
-2569
-2557
-2403
-2230
-2085
-2130
-2017
-1974
-1851
-1818
-1850
-1746
-1603
-1472
-1360
-1084
-962
-982
-863
-800
-908
-871
-727
-810
-816
-738
-630
-610
-630
-591
-702
-637
-644
-705
-740
-754
-621
-619
-705
-733
-653
-618
-649
-647
-754
-847
-778
-835
-904
-817
-854
-994
-1040
-964
-877
-942
-1084
-1069
-913
-805
-781
-806
-662
-503
-562
-706
-709
-538
-456
-476
-349
-189
-133
-87
16
56
63
140
140
73
130
258
233
291
310
203
94
85
-22
-106
0
67
26
-40
-109
-221
-219
-284
-303
-264
-307
-303
-249
-285
-271
-409
-438
-401
-491
-561
-665
-631
-489
-301
-217
-155
-140
-137
-187
-201
-150
-133
-254
-285
-132
-60
-20
16
131
186
211
235
242
323
355
379
374
413
423
345
261
160
99
-20
2
29
57
95
118
187
184
219
192
78
-60
-55
-1
-12
38
-56
-162
-207
-299
-381
-508
-544
-575
-747
-957
-1084
-1214
-1369
-1495
-1605
-1627
-1692
-1771
-1812
-1915
-2102
-2227
-2231
-2338
-2407
-2374
-2400
-2522
-2551
-2511
-2525
-2577
-2645
-2653
-2789
-2706
-2576
-2536
-2561
-2648
-2469
-2288
-2288
-2412
-2385
-2393
-2455
-2351
-2238
-2304
-2301
-2230
-2202
-2079
-1980
-1777
-1665
-1698
-1721
-1670
-1571
-1477
-1465
-1485
-1352
-1353
-1357
-1382
-1436
-1410
-1470
-1542
-1578
-1507
-1591
-1729
-1683
-1731
-1699
-1574
-1514
-1386
-1447
-1576
-1581
-1627
-1647
-1685
-1721
-1773
-1754
-1690
-1695
-1633
-1597
-1421
-1345
-1449
-1514
-1603
-1572
-1546
-1494
-1408
-1313
-1319
-1469
-1632
-1751
-1899
-1950
-1932
-1927
-1976
-2128
-2148
-2199
-2237
-2366
-2330
-2185
-2237
-2157
-2011
-1967
-2031
-2128
-2122
-2168
-2180
-2091
-1994
-1899
-1893
-1757
-1622
-1606
-1618
-1539
-1642
-1724
-1702
-1794
-1836
-1782
-1603
-1531
-1492
-1441
-1284
-1197
-1275
-1228
-1161
-1190
-1145
-998
-864
-699
-720
-727
-475
-402
-402
-436
-378
-217
-249
-236
-78
25
-81
-97
-44
19
51
63
135
215
318
321
428
378
344
404
317
284
320
307
290
279
311
332
226
205
42
-11
-34
-127
-271
-381
-422
-425
-435
-505
-485
-537
-488
-430
-457
-329
-176
-142
-17
28
123
86
-13
13
-7
-14
82
167
254
369
394
382
316
305
238
263
263
152
41
150
171
7
-19
60
173
105
139
248
310
282
260
368
293
158
167
187
173
198
286
327
378
472
469
324
219
228
261
198
129
162
173
177
231
245
256
290
259
296
363
344
260
234
302
357
376
337
341
298
233
178
224
384
319
262
365
427
393
234
206
291
147
63
-60
-51
4
12
145
32
103
47
-56
-71
-135
-122
-148
-160
-194
-131
-25
-4
-100
-105
-127
-220
-228
-275
-280
-221
-214
-226
-294
-334
-328
-360
-414
-355
-230
-108
-77
-65
2
-7
-121
-136
-52
59
133
37
24
-18
-50
-54
-35
-70
-43
0
-83
-104
116
286
123
93
127
77
108
215
227
148
163
235
220
200
42
-38
29
71
96
63
149
133
63
87
13
45
152
36
-29
-30
-71
-65
-124
-204
-228
-308
-256
-155
-138
-107
-135
-112
-201
-292
-279
-371
-547
-658
-643
-605
-577
-560
-553
-515
-513
-542
-531
-494
-489
-575
-602
-591
-621
-613
-569
-510
-421
-321
-316
-346
-481
-562
-583
-699
-702
-640
-658
-590
-471
-522
-462
-405
-431
-378
-436
-706
-742
-569
-554
-731
-802
-739
-808
-909
-986
-954
-985
-951
-948
-1033
-1060
-1023
-992
-1048
-1079
-1181
-1229
-1227
-1263
-1213
-1229
-1234
-1115
-1026
-1041
-1030
-918
-922
-1002
-1088
-1117
-1025
-1097
-1172
-1031
-833
-663
-654
-649
-517
-486
-609
-581
-533
-566
-605
-645
-620
-632
-714
-911
-889
-832
-951
-945
-971
-929
-813
-779
-780
-877
-994
-970
-941
-872
-818
-816
-751
-671
-611
-648
-596
-588
-569
-454
-311
-216
-199
-64
5
43
41
30
40
93
229
322
382
519
740
808
856
903
948
950
990
1124
1031
1131
1310
1318
1315
1202
1196
1282
1249
1256
1389
1423
1453
1451
1442
1580
1659
1650
1585
1528
1438
1297
1274
1334
1315
1286
1418
1526
1495
1510
1489
1408
1311
1167
1136
1212
1240
1261
1224
1297
1358
1243
1194
1211
1214
1117
1149
1185
1215
1221
1177
1175
1002
873
852
789
859
932
872
888
977
1047
966
853
758
748
733
703
704
728
778
748
812
879
992
1028
986
1005
964
1041
1143
1143
911
723
653
683
769
601
542
510
606
626
534
564
590
537
470
556
612
638
532
480
404
504
646
625
635
557
501
462
466
477
418
370
490
556
641
621
507
566
691
686
694
763
706
649
539
594
601
473
531
586
586
630
657
536
469
545
534
373
216
203
267
294
212
231
227
249
325
244
120
112
111
31
-4
-72
-107
-203
-321
-347
-331
-382
-529
-597
-616
-681
-652
-713
-750
-652
-615
-567
-705
-808
-812
-886
-861
-871
-801
-783
-831
-848
-909
-841
-858
-812
-755
-778
-667
-563
-623
-618
-557
-626
-628
-558
-613
-682
-734
-772
-736
-716
-701
-752
-706
-501
-408
-407
-440
-553
-577
-581
-609
-722
-659
-434
-372
-344
-398
-338
-309
-401
-411
-447
-455
-458
-246
-62
-57
-61
-102
-63
-69
33
-18
-80
-18
5
155
191
258
355
342
378
405
359
413
559
420
365
452
496
543
395
285
244
270
223
68
-29
-117
-212
-286
-391
-391
-571
-737
-919
-1176
-1391
-1565
-1614
-1824
-1887
-1898
-1793
-1780
-1935
-2007
-2026
-2227
-2395
-2454
-2607
-2737
-2798
-2743
-2829
-2864
-2816
-2835
-2949
-2990
-3087
-3145
-3052
-3062
-3024
-3046
-3082
-2993
-2903
-2885
-2866
-2771
-2742
-2710
-2631
-2494
-2346
-2388
-2387
-2253
-2139
-1959
-1919
-1982
-1835
-1648
-1578
-1612
-1622
-1598
-1528
-1458
-1441
-1471
-1502
-1412
-1358
-1382
-1456
-1542
-1491
-1411
-1343
-1285
-1256
-1259
-1239
-1256
-1327
-1299
-1348
-1313
-1342
-1399
-1341
-1352
-1341
-1311
-1270
-1322
-1273
-1267
-1383
-1399
-1422
-1517
-1561
-1469
-1378
-1419
-1343
-1234
-1214
-1092
-1062
-1141
-1171
-1216
-1343
-1484
-1578
-1565
-1591
-1609
-1512
-1507
-1419
-1291
-1300
-1371
-1449
-1439
-1552
-1673
-1709
-1615
-1559
-1526
-1421
-1490
-1672
-1803
-1760
-1842
-1848
-1738
-1827
-1862
-1660
-1493
-1483
-1502
-1479
-1467
-1540
-1569
-1522
-1495
-1511
-1569
-1589
-1519
-1444
-1328
-1305
-1435
-1444
-1330
-1316
-1412
-1568
-1615
-1541
-1543
-1615
-1592
-1403
-1394
-1483
-1525
-1433
-1434
-1512
-1446
-1538
-1525
-1419
-1369
-1348
-1353
-1294
-1181
-1126
-1131
-1169
-1137
-1092
-1084
-1087
-1103
-1029
-941
-934
-952
-962
-898
-866
-990
-994
-1077
-1134
-1097
-1093
-1130
-1250
-1367
-1451
-1522
-1666
-1873
-1924
-1746
-1773
-1819
-1699
-1683
-1768
-1796
-1710
-1615
-1570
-1511
-1541
-1565
-1487
-1452
-1470
-1602
-1684
-1634
-1581
-1559
-1542
-1613
-1657
-1489
-1315
-1362
-1432
-1467
-1499
-1591
-1566
-1578
-1515
-1305
-1396
-1318
-1235
-1181
-1184
-1206
-1345
-1354
-1244
-1177
-1173
-1253
-1140
-1176
-1187
-1303
-1333
-1433
-1437
-1416
-1515
-1557
-1548
-1573
-1683
-1727
-1847
-1933
-2093
-2070
-2124
-2269
-2258
-2250
-2249
-2316
-2295
-2225
-2181
-2168
-2117
-2064
-2034
-1991
-2148
-2108
-1970
-1983
-1996
-2097
-2076
-1947
-1860
-1857
-1891
-1811
-1703
-1789
-1788
-1747
-1812
-1868
-1897
-1719
-1637
-1737
-1774
-1713
-1686
-1691
-1692
-1722
-1689
-1679
-1718
-1775
-1791
-1716
-1771
-1907
-1833
-1723
-1636
-1535
-1485
-1476
-1400
-1393
-1361
-1411
-1440
-1291
-1185
-1123
-1123
-956
-918
-818
-751
-773
-695
-655
-573
-461
-296
-126
45
120
282
448
433
309
298
290
274
371
516
600
589
684
708
693
632
808
962
848
827
798
941
1034
778
463
335
270
148
65
120
210
245
233
160
162
189
57
-132
-228
-286
-437
-557
-662
-757
-897
-1107
-1120
-1101
-1187
-1402
-1616
-1713
-1657
-1617
-1740
-1936
-2087
-2039
-1890
-2015
-2221
-2282
-2184
-2056
-2118
-2190
-2123
-1984
-1933
-1879
-1995
-1948
-1796
-1763
-1683
-1549
-1529
-1523
-1497
-1534
-1540
-1573
-1516
-1587
-1547
-1372
-1370
-1518
-1522
-1511
-1575
-1587
-1642
-1511
-1411
-1516
-1641
-1645
-1483
-1504
-1758
-1783
-1628
-1593
-1574
-1673
-1689
-1624
-1651
-1636
-1701
-1691
-1724
-1735
-1626
-1548
-1491
-1432
-1344
-1299
-1229
-1248
-1308
-1319
-1427
-1545
-1625
-1767
-1802
-1705
-1657
-1677
-1715
-1723
-1691
-1690
-1840
-1850
-1854
-1906
-1887
-2018
-2158
-2134
-2131
-2191
-2194
-2257
-2347
-2419
-2507
-2384
-2363
-2378
-2268
-2344
-2299
-2317
-2347
-2461
-2546
-2538
-2557
-2366
-2189
-2113
-1928
-1753
-1597
-1562
-1538
-1477
-1515
-1523
-1543
-1365
-1312
-1264
-1126
-1012
-964
-986
-902
-907
-912
-878
-764
-655
-682
-699
-726
-686
-798
-1015
-1026
-945
-1021
-1151
-1130
-1084
-969
-900
-927
-865
-875
-878
-836
-848
-969
-1090
-1045
-1114
-1223
-1285
-1199
-1232
-1388
-1305
-1134
-1059
-935
-781
-711
-653
-627
-560
-404
-306
-276
-403
-451
-225
-121
-10
154
282
506
728
816
885
908
939
927
991
1220
1346
1361
1424
1563
1731
1797
1869
1882
1810
1844
1909
1920
1899
1989
2047
1977
1837
1828
1819
1726
1582
1518
1535
1497
1445
1273
1188
1165
1218
1233
1026
955
919
759
570
494
451
341
368
326
355
420
393
386
388
463
387
325
269
266
295
328
279
211
338
344
349
261
190
109
-60
-76
-91
-133
-2
82
111
148
124
137
55
33
-9
-97
-134
-76
32
98
197
342
391
431
496
383
354
369
411
350
320
489
558
500
330
295
253
163
64
55
80
-28
-2
-18
-81
-117
-201
-257
-326
-414
-487
-442
-453
-589
-655
-686
-705
-768
-822
-820
-893
-955
-1047
-1103
-1145
-1346
-1463
-1589
-1717
-1796
-1865
-1933
-1946
-1921
-1866
-1697
-1763
-1781
-1722
-1685
-1699
-1956
-2140
-2068
-1939
-1929
-1972
-1956
-1790
-1679
-1580
-1571
-1620
-1616
-1690
-1674
-1578
-1623
-1670
-1670
-1571
-1326
-1328
-1349
-1255
-1323
-1424
-1438
-1328
-1326
-1451
-1443
-1531
-1544
-1510
-1710
-1813
-1762
-1722
-1625
-1717
-1889
-1896
-1903
-1776
-1701
-1772
-1742
-1793
-1665
-1658
-1906
-1865
-1859
-1863
-1924
-2015
-1978
-1920
-1867
-1878
-1885
-1808
-2037
-2233
-2166
-2179
-2282
-2431
-2408
-2296
-2319
-2415
-2427
-2574
-2602
-2600
-2680
-2680
-2692
-2731
-2747
-2802
-2728
-2599
-2649
-2727
-2782
-2737
-2691
-2708
-2688
-2576
-2591
-2533
-2550
-2539
-2441
-2515
-2553
-2540
-2405
-2403
-2433
-2377
-2307
-2172
-2218
-2338
-2342
-2235
-2094
-2092
-2001
-1829
-1665
-1553
-1502
-1421
-1452
-1331
-1259
-1241
-1250
-1296
-1067
-957
-1012
-937
-900
-947
-946
-942
-939
-1037
-994
-927
-1139
-1254
-977
-773
-793
-852
-770
-669
-759
-839
-911
-889
-853
-861
-840
-822
-887
-980
-1092
-1014
-997
-954
-903
-964
-823
-741
-850
-1022
-1081
-947
-988
-1126
-1033
-980
-967
-1110
-1146
-1096
-1022
-1064
-1181
-990
-875
-891
-840
-890
-920
-772
-727
-685
-658
-554
-449
-530
-584
-601
-499
-527
-616
-497
-484
-538
-680
-704
-478
-387
-409
-322
-237
-29
118
75
85
12
-61
-45
113
280
291
318
523
703
713
710
803
808
747
708
751
734
651
691
669
667
689
716
712
625
591
637
568
341
298
385
450
426
427
593
633
647
623
597
502
497
645
662
741
753
785
884
822
684
621
640
838
959
944
1009
1125
1185
1248
1282
1190
1185
1174
1167
1177
1212
1296
1361
1383
1365
1466
1542
1506
1485
1331
1219
1332
1338
1202
1258
1413
1602
1561
1413
1423
1493
1619
1527
1377
1362
1340
1107
1037
1086
1132
1070
935
1014
956
956
947
924
1019
974
952
1006
913
802
708
576
568
561
536
495
507
558
562
617
624
652
741
713
673
701
661
661
516
378
426
453
385
87
-54
-43
-58
-11
-51
-153
-218
-194
-248
-369
-451
-532
-533
-546
-632
-623
-499
-471
-537
-508
-512
-452
-221
-146
-78
-34
-149
-41
61
32
43
-8
118
385
424
332
366
426
434
325
326
463
547
699
831
872
866
871
816
566
514
563
477
614
624
561
573
626
659
457
490
499
487
532
546
709
737
785
790
785
745
768
698
639
774
657
684
846
911
938
868
909
903
862
782
785
792
667
651
658
755
784
790
749
781
767
680
533
305
263
325
103
-102
-221
-404
-398
-456
-447
-478
-455
-396
-485
-643
-739
-830
-939
-1072
-1107
-1029
-1087
-1166
-1325
-1490
-1617
-1678
-1692
-1814
-2037
-2077
-2047
-2112
-2088
-2150
-2294
-2397
-2517
-2491
-2521
-2609
-2539
-2561
-2705
-2770
-2684
-2653
-2639
-2638
-2607
-2612
-2538
-2427
-2302
-2191
-2229
-2208
-2245
-2296
-2266
-2268
-2376
-2313
-2287
-2102
-1881
-1881
-1873
-1851
-1685
-1640
-1605
-1543
-1590
-1485
-1382
-1305
-1172
-1078
-954
-878
-781
-716
-720
-614
-530
-618
-613
-644
-654
-575
-629
-679
-575
-496
-521
-523
-519
-546
-541
-501
-442
-346
-439
-377
-300
-354
-416
-462
-436
-513
-630
-608
-439
-352
-300
-255
-318
-246
-252
-339
-381
-556
-509
-484
-402
-294
-274
-258
-168
-86
-37
72
58
125
185
140
72
86
148
212
140
8
25
102
90
190
221
119
164
189
245
288
201
67
-26
-116
-198
-195
-247
-403
-484
-464
-448
-473
-500
-679
-868
-962
-1037
-1039
-1163
-1247
-1240
-1333
-1266
-1239
-1373
-1385
-1274
-1218
-1363
-1350
-1227
-1192
-1160
-1137
-1069
-1098
-1110
-969
-942
-863
-626
-652
-583
-281
-329
-304
-263
-229
-142
-266
-288
-235
-201
-235
-227
-228
-102
-53
-64
-83
-232
-269
-168
34
50
18
-58
-112
-200
-323
-471
-553
-503
-582
-581
-523
-570
-622
-702
-748
-664
-670
-816
-914
-879
-915
-1046
-1126
-1160
-1227
-1351
-1521
-1507
-1548
-1614
-1509
-1522
-1591
-1656
-1610
-1478
-1435
-1427
-1480
-1567
-1665
-1820
-1835
-1800
-1860
-1783
-1671
-1691
-1541
-1497
-1480
-1469
-1502
-1339
-1320
-1363
-1400
-1368
-1288
-1357
-1400
-1368
-1319
-1169
-955
-946
-957
-895
-1035
-1119
-1161
-1202
-1230
-1248
-1276
-1264
-1279
-1325
-1327
-1369
-1451
-1578
-1616
-1829
-1948
-2038
-2135
-2065
-2175
-2203
-2098
-2032
-1915
-1837
-1831
-1809
-1849
-1734
-1741
-1819
-1710
-1649
-1635
-1610
-1406
-1134
-1006
-1031
-934
-766
-702
-704
-667
-619
-663
-740
-824
-821
-860
-915
-903
-899
-926
-912
-923
-1012
-1090
-1085
-1081
-1190
-1176
-1051
-946
-975
-1087
-945
-859
-911
-970
-1058
-924
-907
-914
-871
-820
-629
-581
-548
-461
-481
-529
-475
-358
-338
-312
-175
-169
-213
-164
-138
-38
15
25
142
163
202
266
225
312
532
689
775
751
943
1172
1206
1306
1413
1485
1672
1852
1907
2137
2184
2206
2275
2234
2211
2130
2154
2202
2215
2265
2288
2214
2192
2144
2161
2158
2043
1996
1903
1850
1887
1871
1762
1740
1738
1747
1793
1774
1756
1679
1736
1915
1950
1987
2059
2084
2091
2093
2076
2012
1971
1965
1999
2056
2076
2073
2068
2024
2021
2021
1993
2039
2024
1971
2005
2097
1984
1882
1887
1793
1822
1872
1897
1988
2001
1912
1879
1976
2121
2166
2151
2130
2053
2133
2239
2298
2424
2484
2562
2627
2647
2664
2639
2607
2634
2620
2571
2607
2613
2432
2321
2252
2202
2178
2092
2063
2034
2069
2003
2096
2171
2115
1996
1841
1882
1922
2024
1945
1930
1971
1923
1892
1804
1654
1608
1711
1724
1763
1708
1779
1771
1712
1725
1692
1720
1707
1690
1554
1590
1657
1694
1704
1590
1508
1300
1184
1139
1064
1075
982
900
908
974
851
726
687
603
638
618
578
605
684
573
568
652
699
854
899
866
923
931
958
1038
940
866
913
990
871
845
984
1063
995
930
911
980
968
882
1003
938
926
976
936
836
806
787
754
721
645
661
665
737
764
764
730
670
640
516
514
534
518
496
422
508
506
511
573
538
510
587
710
704
766
905
829
759
806
735
842
898
826
843
869
1002
1098
1119
999
1028
1193
1171
1094
1099
1277
1377
1394
1454
1601
1782
1826
1987
2113
2024
1954
2161
2410
2411
2458
2548
2609
2628
2646
2680
2681
2723
2595
2477
2637
2731
2590
2510
2653
2669
2567
2407
2264
2218
2173
2160
2098
1920
1740
1713
1601
1517
1410
1322
1281
1208
1288
1293
1226
1219
1221
1149
1096
1059
1117
1259
1193
1192
1299
1336
1367
1445
1541
1427
1364
1356
1215
1041
1066
1213
1316
1413
1551
1654
1493
1471
1506
1528
1480
1413
1521
1522
1538
1425
1415
1462
1340
1272
1062
1063
1158
1141
1018
900
977
996
1080
1078
1019
987
828
875
874
809
807
701
732
746
777
890
965
971
1010
1020
995
1059
1126
1184
1248
1302
1356
1380
1351
1361
1397
1358
1279
1122
1114
1169
1114
1113
1033
953
796
724
775
821
848
708
613
714
672
330
203
306
283
212
195
296
193
71
-18
-152
-199
-386
-562
-679
-788
-848
-1005
-1011
-998
-1196
-1238
-1357
-1429
-1412
-1337
-1402
-1488
-1399
-1337
-1424
-1499
-1443
-1480
-1491
-1496
-1461
-1492
-1527
-1617
-1753
-1794
-1735
-1723
-1749
-1786
-1790
-1497
-1411
-1432
-1423
-1415
-1466
-1633
-1558
-1506
-1370
-1383
-1438
-1483
-1429
-1114
-1077
-1140
-1147
-984
-911
-986
-916
-841
-613
-474
-368
-103
-122
-159
-113
-127
-119
-83
26
186
245
371
478
468
438
381
324
225
319
346
325
327
324
389
522
602
464
423
415
398
310
332
460
478
593
623
730
819
830
888
805
870
1025
985
972
1076
1088
966
964
1082
1037
1058
1132
1105
1205
1284
1304
1351
1296
1313
1300
1238
1334
1379
1466
1540
1581
1641
1646
1678
1734
1745
1768
1898
2006
2037
2065
2092
2070
2084
2141
2208
2367
2493
2549
2586
2596
2688
2712
2716
2758
2774
2713
2753
2757
2627
2591
2612
2614
2605
2738
2776
2818
2846
2848
2872
2892
2873
2857
2840
2742
2687
2588
2658
2745
2472
2381
2609
2604
2566
2440
2337
2443
2356
2198
1976
1884
1954
2074
2184
2160
2186
2117
2083
2019
1810
1644
1490
1370
1325
1188
1047
1117
1165
1187
1227
1114
1048
1063
1087
951
850
862
825
852
856
848
804
823
841
904
922
991
1026
936
944
983
1062
1058
1113
1156
1166
1291
1341
1435
1621
1783
1659
1495
1579
1601
1488
1352
1326
1277
1107
1060
1023
954
888
850
892
875
786
622
510
323
183
48
0
-119
-308
-317
-364
-437
-473
-489
-625
-947
-1066
-1029
-1119
-1252
-1409
-1342
-1298
-1280
-1373
-1440
-1458
-1403
-1315
-1463
-1577
-1597
-1531
-1638
-1770
-1780
-1806
-1789
-1728
-1665
-1573
-1490
-1338
-1179
-1154
-1147
-1167
-1162
-1145
-1295
-1402
-1425
-1388
-1474
-1629
-1659
-1686
-1681
-1701
-1690
-1687
-1699
-1689
-1637
-1743
-1865
-1915
-2005
-2037
-2123
-2203
-2233
-2180
-2187
-2210
-2193
-2177
-2163
-2281
-2281
-2200
-2373
-2539
-2569
-2595
-2552
-2545
-2476
-2350
-2311
-2360
-2403
-2446
-2446
-2451
-2524
-2510
-2477
-2331
-2271
-2383
-2465
-2469
-2503
-2633
-2666
-2620
-2723
-2815
-2690
-2601
-2606
-2685
-2761
-2817
-2746
-2533
-2465
-2484
-2428
-2381
-2336
-2359
-2372
-2368
-2356
-2248
-2240
-2193
-2079
-2038
-2027
-1970
-1951
-1876
-1767
-1699
-1645
-1578
-1434
-1368
-1346
-1311
-1349
-1381
-1315
-1394
-1453
-1426
-1462
-1382
-1320
-1320
-1242
-1150
-1184
-1298
-1291
-1206
-1202
-1265
-1190
-1077
-956
-823
-801
-815
-828
-776
-744
-692
-559
-453
-379
-187
-61
-88
-2
138
234
168
104
128
18
54
132
182
262
254
315
270
248
243
94
-15
57
73
-6
-42
11
23
-69
25
57
36
33
18
30
77
182
329
386
338
394
505
586
617
744
986
1021
985
1172
1354
1521
1540
1513
1629
1677
1655
1687
1709
1643
1593
1698
1858
1902
1947
2014
1996
1944
2000
2012
1972
1848
1781
1771
1671
1648
1571
1548
1566
1553
1503
1403
1364
1301
1279
1184
1057
1032
919
820
775
716
569
479
616
660
625
515
502
515
370
386
430
378
299
320
420
597
739
804
839
881
931
916
951
911
886
935
905
995
1092
1069
1224
1230
1175
1234
1229
1276
1242
1213
1257
1248
1241
1142
1097
1126
1083
1016
958
1000
1034
1041
1029
1093
1057
1040
1018
898
879
849
889
909
828
788
844
966
965
870
948
946
862
753
622
638
526
423
440
433
553
601
597
510
548
503
239
143
180
250
62
23
-11
-79
30
-36
-8
-69
-157
-74
-39
32
30
3
0
60
122
121
238
303
279
346
439
505
525
577
610
623
636
662
714
764
767
728
785
871
889
869
911
938
936
842
886
1032
998
784
637
579
477
446
310
191
148
124
107
152
190
107
-4
-151
-187
-163
-135
-146
-152
-187
-372
-325
-248
-329
-274
-83
140
286
383
474
576
614
586
678
763
800
922
973
979
1023
1048
941
882
782
675
743
675
609
506
333
190
120
16
-48
-152
-296
-305
-414
-476
-468
-441
-536
-634
-587
-596
-638
-695
-673
-678
-828
-846
-813
-888
-1012
-952
-831
-837
-862
-910
-882
-890
-811
-763
-733
-553
-372
-404
-499
-470
-422
-377
-446
-492
-579
-669
-636
-569
-479
-353
-221
-94
-85
-79
-39
53
67
-52
-27
35
63
132
273
351
251
202
286
313
295
349
363
246
270
313
435
509
451
321
169
301
410
433
397
331
296
249
355
491
522
607
696
813
782
844
878
787
838
764
769
822
886
1023
1082
966
984
877
719
731
571
528
387
171
255
388
358
239
39
-89
-231
-267
-314
-435
-537
-750
-808
-905
-1024
-1041
-1040
-1039
-1052
-1141
-1079
-892
-869
-914
-945
-975
-897
-801
-859
-803
-653
-589
-564
-418
-379
-432
-376
-380
-368
-258
-134
-54
5
21
-5
20
5
-21
-14
48
140
139
153
224
323
384
360
203
95
206
319
300
199
239
386
406
306
241
249
208
171
113
126
165
100
151
218
275
293
351
446
504
593
666
715
619
592
509
370
340
300
243
330
428
424
407
460
571
555
520
413
397
482
611
659
646
759
858
794
778
866
972
1016
953
930
970
1146
1111
1092
1273
1329
1292
1315
1389
1298
1262
1243
1170
1154
1099
1117
1059
953
912
817
673
509
317
265
286
289
291
138
126
177
193
135
11
-66
-203
-277
-236
-285
-320
-322
-401
-441
-451
-403
-402
-392
-438
-391
-241
-253
-350
-356
-484
-644
-664
-627
-621
-724
-738
-618
-620
-741
-571
-481
-442
-451
-542
-629
-594
-590
-643
-611
-775
-818
-863
-817
-772
-841
-869
-875
-842
-862
-836
-790
-838
-828
-806
-745
-692
-771
-737
-765
-674
-603
-672
-653
-656
-652
-683
-618
-617
-662
-636
-734
-852
-793
-785
-800
-734
-702
-689
-661
-654
-657
-647
-733
-742
-767
-733
-676
-712
-748
-729
-694
-739
-718
-698
-638
-738
-856
-791
-803
-872
-1110
-1191
-1142
-1035
-880
-922
-882
-924
-999
-1014
-1112
-1279
-1381
-1401
-1478
-1506
-1487
-1599
-1734
-1788
-1842
-1860
-1872
-1872
-1878
-1962
-2030
-1987
-1891
-1807
-1732
-1756
-1828
-1757
-1712
-1672
-1619
-1526
-1388
-1396
-1439
-1516
-1479
-1393
-1399
-1422
-1490
-1480
-1395
-1309
-1209
-1137
-1108
-1032
-987
-992
-1050
-1080
-1073
-1234
-1409
-1429
-1454
-1544
-1498
-1460
-1490
-1490
-1465
-1322
-1276
-1342
-1307
-1298
-1297
-1318
-1405
-1450
-1484
-1484
-1421
-1436
-1552
-1548
-1544
-1591
-1593
-1534
-1540
-1526
-1462
-1502
-1461
-1450
-1516
-1492
-1383
-1309
-1316
-1365
-1368
-1266
-1189
-1209
-1264
-1251
-1185
-1200
-1086
-1018
-953
-843
-910
-974
-1094
-1069
-1085
-1173
-1031
-969
-1012
-931
-844
-780
-807
-925
-938
-886
-897
-887
-788
-761
-767
-709
-562
-480
-453
-422
-421
-357
-366
-401
-343
-288
-130
50
244
295
349
454
488
569
621
655
549
523
571
699
730
612
584
651
712
762
754
710
696
718
751
725
722
719
652
649
766
712
583
537
552
509
481
444
527
604
700
733
646
653
617
663
780
890
841
880
994
996
889
901
1019
1048
1094
1249
1336
1282
1255
1322
1351
1238
1192
1137
1178
1232
1095
1019
1062
1075
1120
1135
1055
992
925
900
850
743
678
639
625
672
673
637
627
651
668
614
592
508
520
593
583
636
683
883
1029
965
947
817
709
729
770
811
802
716
574
621
675
736
691
537
483
438
539
460
270
168
175
239
149
152
194
91
61
45
37
15
-53
-75
-57
61
29
-51
-25
25
-10
-68
-60
-111
-183
-197
-180
-183
-223
-192
-111
-152
-229
-254
-182
-79
-101
-131
-106
-126
-176
-186
-97
-156
-261
-257
-284
-279
-225
-223
-117
-29
3
49
81
157
176
183
111
127
103
107
129
14
7
65
148
141
170
284
302
365
304
217
259
221
194
184
169
151
129
104
145
220
286
293
286
310
332
422
483
489
394
373
377
314
248
91
5
23
77
70
63
-12
-43
36
52
51
25
-29
-133
-257
-391
-416
-433
-432
-457
-491
-430
-462
-452
-382
-512
-561
-555
-659
-725
-702
-603
-615
-649
-635
-517
-375
-300
-227
-208
-185
-143
-116
-127
-116
-100
-163
-116
-81
30
144
126
210
280
384
420
304
318
274
245
246
164
175
186
321
334
251
249
269
237
266
190
33
-2
-12
84
102
121
255
394
471
561
567
702
792
790
875
992
1088
1151
1304
1433
1509
1494
1617
1799
1885
1884
1948
1918
1900
1956
1912
1946
1951
1943
2000
2024
1969
2021
1946
1897
1941
1983
1901
1747
1745
1685
1688
1742
1702
1599
1603
1765
1864
1758
1748
1841
1835
1889
1979
2076
2042
2011
2191
2202
2176
2158
2104
2178
2168
2217
2315
2343
2376
2406
2472
2528
2652
2682
2659
2700
2752
2670
2604
2668
2627
2647
2603
2650
2748
2746
2794
2808
2760
2774
2821
2887
2951
2840
2730
2796
2866
2794
2693
2570
2591
2681
2654
2663
2644
2577
2537
2472
2395
2394
2296
2199
2218
2245
2207
2078
2131
2202
2160
2101
2054
2015
1946
1896
1879
1828
1855
1893
1997
2142
2083
2157
2232
2324
2412
2393
2364
2398
2500
2512
2536
2514
2534
2519
2512
2634
2699
2654
2691
2756
2632
2512
2492
2364
2255
2241
2231
2226
2231
2086
1986
2056
2028
1954
1805
1825
1860
1808
1752
1733
1706
1627
1580
1608
1602
1568
1546
1482
1529
1531
1489
1516
1455
1394
1324
1290
1352
1246
1230
1275
1298
1256
1260
1286
1380
1361
1264
1373
1429
1465
1447
1423
1357
1298
1259
1277
1246
1213
1267
1376
1389
1328
1343
1378
1344
1341
1465
1406
1393
1446
1519
1616
1652
1590
1596
1744
1764
1809
1855
1901
1957
1986
1932
1911
1953
1887
1838
1796
1739
1802
1935
1953
1883
1893
2049
2295
2282
2238
2407
2393
2542
2671
2676
2750
2899
3067
3054
2999
2962
3065
3189
3209
3269
3323
3310
3408
3518
3517
3489
3478
3498
3440
3309
3337
3380
3425
3357
3343
3527
3412
3326
3332
3208
3138
3080
2893
2746
2752
2785
2667
2595
2558
2672
2734
2615
2733
2720
2593
2593
2512
2380
2524
2682
2627
2486
2457
2434
2475
2505
2384
2331
2426
2512
2461
2499
2499
2461
2378
2327
2349
2314
2192
2098
2045
2097
2155
2078
2046
2077
2069
2055
2021
2026
1995
1851
1748
1604
1521
1643
1711
1595
1607
1745
1803
1752
1742
1795
1776
1674
1807
1870
1768
1823
1875
1850
1818
1868
1859
1800
1645
1613
1624
1489
1455
1405
1273
1199
1182
1244
1205
1198
1190
949
908
967
885
746
762
773
647
593
533
442
308
203
315
474
407
417
497
508
430
413
474
445
377
273
348
436
460
450
466
515
588
604
679
771
659
571
604
709
667
613
630
677
695
794
783
681
622
562
567
604
665
666
724
757
757
668
684
688
561
412
359
424
545
641
615
534
446
389
304
193
-59
-186
-194
-115
-53
-78
-165
-203
-231
-366
-289
-187
-274
-360
-371
-327
-236
-112
-95
-176
-97
-100
-90
-101
-117
-176
-305
-259
-220
-192
-190
-251
-256
-229
-227
-149
-64
-51
-161
-147
-52
-96
-201
-243
-137
-8
-90
-67
33
77
138
33
-38
116
224
226
441
484
442
442
508
546
517
526
557
573
614
766
815
833
846
922
954
1013
1138
1137
1155
1236
1267
1382
1406
1333
1351
1380
1338
1313
1345
1347
1403
1304
1189
1233
1288
1294
1165
1164
1246
1250
1239
1167
1158
1121
1074
1067
1080
1029
1063
1178
1086
1003
1059
1012
935
957
920
870
838
788
807
829
777
795
835
953
1053
964
975
1088
1129
1190
1150
1155
1159
1130
1304
1478
1481
1432
1460
1485
1504
1457
1534
1498
1445
1550
1521
1629
1681
1676
1614
1529
1587
1542
1466
1417
1408
1445
1486
1505
1573
1664
1746
1693
1625
1661
1691
1754
1820
1801
1741
1789
1855
1850
1816
1739
1615
1647
1706
1750
1748
1713
1772
1858
1926
1951
1948
1942
2007
1983
1935
1909
1842
1856
1894
1868
1836
1860
1895
1920
1962
2014
2030
1942
1847
1899
1930
1863
1924
1908
1897
2030
1968
1952
2024
1969
1926
1943
1915
1910
1861
1768
1843
1952
2001
1929
1960
1965
2039
2140
2002
2021
2048
1992
1898
1821
1701
1687
1667
1570
1573
1613
1724
1738
1746
1733
1808
1852
1767
1761
1854
1866
1803
1838
1878
1908
1929
1962
1936
2009
2115
2018
1866
1725
1602
1668
1741
1632
1657
1707
1681
1691
1691
1649
1466
1426
1413
1185
1185
1186
1031
940
973
968
862
826
785
562
335
301
244
192
204
234
185
230
274
187
65
-72
-184
-242
-279
-195
-154
-298
-275
-198
-191
-215
-198
-273
-429
-421
-490
-634
-609
-569
-505
-410
-299
-168
-173
-238
-228
-268
-323
-389
-313
-100
74
194
210
310
376
483
545
463
412
433
509
540
535
560
538
589
802
918
968
1009
1105
1273
1348
1349
1253
1194
1126
1054
1173
1159
1114
1166
1169
1281
1342
1247
1272
1335
1386
1377
1403
1438
1525
1594
1537
1553
1497
1523
1604
1615
1581
1589
1650
1647
1634
1702
1701
1638
1636
1702
1737
1728
1661
1547
1477
1500
1602
1637
1698
1791
1776
1730
1761
1779
1740
1657
1693
1753
1662
1644
1712
1696
1604
1531
1491
1422
1373
1430
1400
1397
1400
1458
1561
1542
1619
1675
1642
1625
1738
1698
1670
1739
1782
1773
1809
1969
2017
2022
2005
2059
2108
2050
1948
2033
2144
2167
2311
2492
2551
2540
2431
2357
2342
2294
2353
2342
2258
2240
2198
2238
2195
2110
2166
2156
2177
2154
2100
2041
1962
1883
1850
1799
1751
1830
1810
1810
1878
1753
1723
1844
1710
1586
1766
1817
1672
1531
1471
1411
1314
1277
1398
1544
1607
1783
1808
1708
1649
1623
1550
1532
1587
1641
1602
1568
1610
1595
1527
1447
1472
1451
1356
1463
1544
1476
1350
1173
1216
1202
1216
1281
1258
1285
1326
1305
1316
1369
1275
1221
1212
1106
1042
1050
1068
1078
1093
1117
1126
1135
1121
1164
1109
996
980
910
776
711
666
577
612
644
604
580
587
530
365
346
456
546
539
499
449
369
349
335
280
267
363
392
365
359
482
616
541
483
416
549
766
845
966
911
963
1082
1123
1194
1235
1398
1629
1787
1824
1843
1857
1855
1835
1882
1918
1953
2087
1978
1914
1958
1907
1865
1823
1854
1805
1842
1886
1659
1548
1580
1555
1490
1410
1361
1262
1159
1133
1057
995
888
705
690
778
788
630
568
567
540
498
415
424
530
686
812
838
816
854
853
890
894
824
799
813
908
1043
1083
1136
1185
1191
1245
1209
1195
1127
988
980
1025
960
922
1000
1065
1108
1094
1145
1221
1232
1230
1239
1222
1093
954
1015
1031
1036
1140
1096
1132
1119
1059
1137
1137
924
705
731
795
718
723
784
751
710
694
701
697
640
672
779
835
950
1017
1103
1061
936
886
886
858
835
956
1036
1115
1092
1056
1025
1049
1142
1177
1122
1133
1188
1120
1064
1028
1009
939
863
881
859
673
578
476
407
363
335
351
237
302
413
398
385
379
327
256
223
229
221
268
335
476
581
590
685
730
730
755
734
649
645
767
822
734
808
921
978
936
914
912
898
848
723
693
541
480
465
390
473
522
426
369
308
249
309
333
195
184
274
418
411
330
335
281
279
213
167
118
87
77
6
83
39
-79
-124
-223
-201
-299
-270
-183
-182
-194
-200
-247
-346
-381
-377
-393
-481
-471
-429
-329
-197
-152
-276
-352
-314
-291
-341
-352
-288
-250
-171
-70
34
70
43
-9
-49
70
96
176
292
241
380
482
445
312
294
427
464
469
346
338
438
394
330
234
198
125
180
228
97
117
90
62
66
8
-98
-174
-246
-255
-140
-164
-163
-83
-92
-51
117
199
153
113
39
-13
-1
8
49
139
192
277
494
534
449
376
221
131
228
276
151
165
217
179
62
-89
-142
-281
-420
-360
-211
-223
-337
-328
-321
-379
-480
-562
-586
-629
-727
-817
-846
-832
-828
-869
-878
-884
-905
-918
-972
-963
-979
-992
-877
-856
-888
-938
-942
-1000
-1133
-1068
-970
-988
-989
-1019
-1081
-1035
-984
-1072
-1250
-1262
-1158
-1147
-1147
-997
-961
-986
-938
-857
-737
-760
-823
-771
-713
-703
-690
-628
-478
-412
-332
-269
-236
-162
-103
-116
-242
-365
-401
-469
-543
-664
-785
-802
-853
-928
-933
-870
-1031
-1116
-1104
-1119
-1139
-1259
-1301
-1509
-1699
-1761
-1903
-1956
-1944
-1906
-1823
-1665
-1495
-1473
-1452
-1285
-1207
-1160
-1011
-849
-780
-777
-703
-652
-649
-681
-622
-585
-585
-621
-653
-560
-490
-400
-285
-288
-297
-269
-312
-334
-448
-545
-621
-698
-630
-540
-420
-380
-320
-340
-432
-331
-394
-528
-431
-292
-198
-60
-35
-60
-35
-61
-77
-126
-215
-270
-282
-283
-274
-290
-362
-479
-514
-439
-386
-284
-377
-468
-332
-299
-321
-409
-473
-466
-394
-391
-390
-260
-231
-285
-329
-295
-261
-266
-351
-322
-211
-277
-319
-344
-366
-254
-177
-269
-391
-445
-429
-474
-467
-414
-492
-577
-634
-641
-634
-642
-582
-513
-493
-484
-446
-388
-401
-434
-403
-351
-335
-412
-342
-299
-281
-148
-40
84
144
246
233
129
146
234
277
260
272
384
412
484
594
576
591
647
633
562
521
498
480
441
424
454
548
470
511
627
691
844
783
715
837
892
925
981
946
954
1077
1015
926
978
895
900
983
987
975
1026
1081
1138
1321
1377
1412
1537
1482
1682
1845
1726
1584
1489
1535
1563
1690
1708
1688
1611
1521
1497
1445
1300
1182
1245
1267
1241
1247
1240
1156
1078
944
854
752
645
731
823
794
817
747
687
686
647
608
584
559
542
522
426
422
548
678
674
806
881
834
831
829
844
776
782
841
757
653
639
632
582
554
583
560
531
609
609
523
461
340
316
366
324
288
290
251
267
245
150
156
172
195
224
156
148
197
276
315
324
326
235
137
42
11
-28
-77
-274
-374
-247
-160
-85
-95
-127
-106
-83
-124
-208
-386
-531
-452
-452
-508
-512
-477
-408
-460
-473
-534
-500
-475
-552
-506
-367
-272
-287
-306
-384
-302
-221
-278
-391
-379
-312
-404
-381
-364
-370
-337
-307
-271
-331
-293
-255
-355
-389
-382
-364
-412
-370
-242
-254
-264
-262
-361
-422
-443
-463
-632
-677
-508
-512
-582
-616
-617
-806
-843
-772
-894
-972
-1101
-1337
-1504
-1419
-1336
-1406
-1428
-1401
-1360
-1351
-1493
-1617
-1670
-1813
-1954
-1885
-1788
-1806
-1787
-1790
-1799
-1822
-1866
-1845
-1817
-1844
-1732
-1485
-1406
-1351
-1163
-1052
-1064
-1072
-1000
-928
-962
-901
-804
-831
-780
-760
-680
-568
-534
-402
-389
-494
-586
-608
-683
-790
-814
-868
-945
-890
-755
-758
-785
-860
-950
-1073
-1280
-1454
-1491
-1573
-1677
-1599
-1472
-1421
-1424
-1421
-1440
-1381
-1409
-1413
-1386
-1359
-1431
-1536
-1566
-1584
-1547
-1485
-1362
-1366
-1388
-1386
-1366
-1400
-1431
-1334
-1194
-1188
-1203
-1169
-1192
-1274
-1221
-1168
-1172
-1133
-1129
-1055
-974
-848
-936
-1050
-986
-894
-862
-972
-1082
-939
-847
-884
-794
-779
-662
-576
-614
-534
-506
-568
-616
-651
-659
-563
-573
-667
-603
-587
-594
-619
-731
-725
-617
-587
-621
-658
-695
-730
-744
-675
-626
-701
-761
-665
-560
-594
-551
-456
-384
-392
-472
-400
-374
-347
-294
-233
-198
-255
-193
-235
-280
-186
-151
-178
-61
15
-116
-170
-157
-144
-249
-239
-173
-221
-237
-283
-285
-323
-312
-332
-354
-233
-174
-200
-268
-265
-322
-407
-399
-387
-342
-333
-256
-186
-146
-166
-226
-241
-307
-332
-482
-531
-496
-547
-501
-586
-585
-575
-662
-699
-755
-673
-539
-451
-403
-343
-313
-357
-427
-472
-484
-687
-821
-809
-836
-866
-858
-740
-693
-614
-525
-530
-508
-467
-499
-570
-698
-663
-385
-219
-173
-138
-97
-157
-172
-96
-100
-192
-343
-304
-207
-188
-282
-263
-194
-246
-96
-143
-159
-167
-225
-190
-191
-248
-370
-344
-305
-268
-262
-209
-210
-170
-154
-78
47
107
283
466
548
493
369
260
217
206
316
405
350
340
471
608
621
525
542
563
484
455
405
401
399
376
380
355
406
454
336
300
361
342
267
206
327
369
336
251
124
223
266
139
59
35
30
-65
-68
-86
-176
-202
-199
-246
-264
-242
-302
-317
-455
-626
-681
-712
-810
-798
-716
-713
-792
-814
-703
-770
-704
-651
-755
-722
-755
-792
-802
-841
-857
-854
-811
-771
-719
-772
-792
-688
-722
-811
-744
-628
-640
-728
-742
-734
-584
-472
-611
-735
-811
-829
-872
-909
-873
-856
-815
-880
-939
-898
-910
-923
-822
-729
-700
-681
-674
-549
-442
-460
-575
-595
-585
-600
-565
-515
-479
-448
-342
-271
-317
-387
-364
-257
-286
-403
-331
-311
-408
-523
-470
-437
-592
-788
-891
-913
-895
-842
-928
-992
-1032
-1144
-1153
-1204
-1317
-1447
-1628
-1639
-1573
-1594
-1709
-1687
-1527
-1544
-1624
-1566
-1660
-1729
-1714
-1795
-1782
-1849
-1934
-1869
-1767
-1767
-1819
-1697
-1599
-1720
-1886
-1935
-1884
-1874
-1921
-1850
-1701
-1718
-1705
-1661
-1792
-1911
-1972
-1957
-1912
-1855
-1827
-1833
-1770
-1690
-1708
-1779
-1801
-1767
-1685
-1769
-1788
-1834
-1959
-1971
-2035
-2103
-2115
-2087
-2014
-1979
-1953
-1819
-1724
-1658
-1595
-1473
-1435
-1394
-1348
-1350
-1283
-1225
-1166
-1057
-906
-868
-925
-917
-789
-691
-829
-941
-888
-721
-587
-621
-548
-444
-407
-303
-209
-225
-296
-313
-151
-75
-53
36
6
-137
-274
-320
-230
-149
-262
-377
-339
-273
-268
-309
-245
-304
-493
-528
-474
-491
-566
-588
-599
-557
-582
-636
-625
-674
-728
-763
-852
-850
-926
-1050
-1063
-1117
-1109
-1049
-1054
-1028
-917
-788
-796
-795
-781
-874
-895
-995
-937
-776
-779
-753
-696
-712
-646
-604
-551
-451
-416
-312
-189
-105
-67
-20
-38
-43
-12
-52
-101
-162
-184
-231
-202
-116
-49
31
15
-18
48
169
228
266
314
332
355
364
515
551
492
553
665
702
607
595
627
624
608
553
582
625
624
606
614
624
675
782
722
574
517
545
442
398
471
395
363
338
297
200
-7
-4
67
110
77
166
221
210
252
204
237
209
223
199
259
298
230
228
252
288
268
164
75
30
-88
-211
-283
-348
-403
-427
-451
-481
-550
-533
-508
-534
-743
-841
-919
-990
-1080
-1144
-1073
-1137
-1186
-1225
-1243
-1330
-1404
-1510
-1657
-1675
-1603
-1597
-1607
-1483
-1435
-1472
-1595
-1602
-1609
-1748
-1780
-1863
-1934
-1981
-1855
-1790
-1895
-1970
-2010
-1968
-2101
-2128
-2178
-2250
-2266
-2195
-2117
-2040
-2090
-2233
-2266
-2258
-2207
-2250
-2389
-2382
-2221
-2093
-2008
-1972
-1945
-1896
-1757
-1732
-1670
-1633
-1724
-1767
-1680
-1677
-1650
-1592
-1667
-1600
-1517
-1441
-1369
-1333
-1372
-1376
-1379
-1321
-1209
-1129
-1047
-1059
-1068
-973
-824
-731
-659
-603
-654
-780
-848
-886
-771
-619
-620
-645
-637
-444
-322
-397
-438
-312
-251
-223
-180
-225
-305
-235
-308
-380
-241
-245
-333
-393
-244
-353
-464
-396
-306
-133
-96
-130
-214
-275
-165
22
53
7
144
249
228
297
276
168
48
106
94
-32
-50
-30
-47
-37
30
147
214
112
115
141
63
132
161
1
-185
-182
-93
-25
-141
-245
-208
-164
-246
-231
-228
-328
-445
-495
-459
-481
-538
-622
-655
-692
-708
-678
-700
-751
-770
-812
-979
-1003
-1010
-1044
-1100
-1157
-1041
-1043
-1036
-976
-964
-895
-793
-649
-556
-542
-427
-257
-197
-243
-264
-134
3
-12
47
84
-78
-77
70
167
216
302
326
335
443
504
485
426
470
554
556
588
534
446
414
366
268
229
190
64
-14
-13
59
41
26
69
-17
-203
-305
-272
-342
-338
-281
-191
-202
-259
-207
-105
-104
-135
-92
-167
-191
-265
-277
-290
-302
-330
-307
-227
-104
-1
-7
68
18
-63
-97
-138
-175
-203
-301
-348
-267
-198
-142
-139
-81
-19
-116
-237
-324
-382
-375
-433
-408
-396
-330
-315
-469
-477
-562
-644
-788
-888
-883
-800
-684
-712
-785
-741
-735
-748
-684
-709
-763
-848
-811
-751
-702
-655
-628
-686
-719
-741
-864
-981
-1021
-1052
-1080
-1152
-1179
-1204
-1243
-1223
-1179
-1119
-1187
-1261
-1258
-1214
-1203
-1250
-1286
-1338
-1378
-1370
-1344
-1283
-1409
-1491
-1399
-1304
-1271
-1340
-1447
-1523
-1463
-1391
-1275
-1277
-1428
-1540
-1434
-1476
-1415
-1446
-1500
-1491
-1529
-1452
-1424
-1402
-1381
-1246
-1210
-1277
-1264
-1247
-1216
-1134
-1100
-1182
-1124
-1029
-965
-970
-1039
-1085
-1102
-1085
-1013
-957
-899
-747
-646
-596
-500
-366
-417
-502
-434
-259
-256
-228
-178
-150
-114
-35
129
179
216
251
236
163
228
364
299
224
335
451
508
589
596
546
564
622
659
692
694
706
690
745
661
616
634
744
817
771
861
957
985
971
920
924
1039
981
875
915
939
900
918
1062
1191
1118
1077
1085
1098
1036
955
1016
993
858
787
705
761
864
767
748
809
815
786
751
649
628
510
367
224
86
40
126
82
61
71
94
189
126
87
-59
-126
-145
-78
-73
-215
-231
-237
-36
26
12
48
86
69
5
94
101
17
-112
-113
57
181
257
158
-32
-21
30
71
4
-53
-60
-64
35
58
-46
-178
-255
-280
-352
-441
-431
-425
-415
-481
-443
-510
-616
-630
-762
-802
-884
-912
-911
-895
-838
-842
-868
-774
-722
-584
-552
-567
-652
-784
-748
-650
-562
-581
-481
-407
-332
-313
-340
-302
-258
-98
-69
-84
-68
-93
32
5
-33
89
136
113
38
60
155
134
-4
-13
35
19
-32
-99
-114
-58
-37
-1
22
-71
-148
-225
-239
-184
-196
-273
-324
-375
-317
-339
-367
-418
-373
-360
-450
-458
-425
-308
-313
-404
-383
-329
-281
-302
-222
-216
-318
-433
-462
-505
-497
-520
-522
-484
-586
-495
-368
-414
-423
-388
-351
-287
-229
-172
-161
-180
-222
-207
-188
-89
-19
6
52
150
236
221
229
241
214
292
445
455
485
408
512
691
737
691
867
910
944
958
1011
1071
1082
948
937
1049
1011
1017
1014
1013
1040
1099
1052
981
988
965
880
862
819
682
550
571
625
550
502
442
358
349
247
218
197
99
114
98
15
-76
22
107
89
103
190
260
276
223
193
296
323
204
188
258
315
319
286
290
293
344
474
469
529
471
472
430
464
497
440
429
430
397
419
498
492
391
326
292
279
340
344
236
196
247
205
135
118
218
279
306
275
288
268
189
113
98
116
105
65
90
100
125
137
131
188
85
-50
-34
21
54
-27
-77
-22
-22
-92
-75
-136
-148
-216
-273
-205
-267
-342
-259
-291
-361
-367
-390
-360
-410
-487
-515
-598
-606
-507
-415
-397
-551
-554
-579
-602
-572
-602
-553
-484
-428
-446
-420
-281
-307
-448
-496
-482
-402
-343
-332
-365
-372
-336
-298
-350
-509
-552
-608
-555
-576
-618
-569
-515
-525
-574
-568
-548
-577
-552
-565
-548
-529
-627
-777
-842
-813
-891
-972
-902
-889
-841
-817
-850
-846
-877
-936
-1018
-1035
-996
-1000
-993
-1012
-1098
-1166
-1158
-1147
-1191
-1153
-1013
-907
-984
-1057
-1018
-849
-783
-813
-818
-776
-737
-775
-801
-714
-665
-650
-652
-580
-590
-581
-593
-556
-560
-638
-573
-502
-467
-562
-456
-356
-330
-363
-329
-215
-163
-223
-227
-148
-138
-170
-176
-157
-87
-27
