-557
-571
-581
-590
-596
-600
-602
-602
-602
-601
-599
-594
-587
-576
-564
-552
-542
-530
-517
-504
-491
-478
-465
-450
-435
-422
-410
-398
-386
-374
-367
-361
-356
-351
-346
-339
-333
-324
-314
-303
-294
-285
-278
-270
-263
-256
-248
-239
-227
-214
-202
-190
-176
-163
-153
-140
-128
-116
-104
-93
-80
-67
-51
-35
-19
0
17
33
50
66
83
97
111
125
137
151
162
173
180
186
192
196
199
198
196
190
184
178
172
164
153
144
134
123
113
106
99
93
86
78
71
66
59
52
45
37
29
20
9
0
-8
-15
-22
-32
-43
-54
-61
-64
-65
-67
-70
-75
-82
-92
-102
-113
-129
-145
-164
-185
-206
-229
-255
-282
-308
-335
-363
-390
-415
-437
-458
-479
-498
-511
-518
-518
-516
-511
-505
-500
-496
-491
-490
-487
-482
-479
-477
-478
-481
-485
-489
-491
-493
-495
-499
-502
-504
-503
-501
-499
-495
-491
-488
-486
-486
-486
-484
-485
-487
-490
-495
-499
-501
-501
-500
-498
-497
-493
-487
-482
-476
-470
-464
-458
-452
-449
-448
-447
-445
-446
-446
-445
-444
-443
-441
-438
-438
-440
-442
-446
-450
-453
-459
-468
-476
-486
-494
-505
-515
-524
-537
-549
-564
-579
-593
-607
-621
-632
-644
-652
-659
-666
-672
-677
-681
-684
-687
-689
-691
-696
-700
-704
-705
-707
-708
-711
-714
-720
-725
-733
-738
-740
-743
-743
-744
-742
-741
-740
-739
-737
-737
-735
-735
-735
-731
-724
-712
-701
-688
-674
-657
-640
-622
-601
-578
-556
-533
-509
-487
-464
-441
-422
-405
-390
-376
-361
-351
-341
-334
-329
-326
-326
-329
-331
-336
-343
-350
-359
-366
-374
-381
-389
-397
-403
-411
-419
-428
-440
-456
-474
-496
-518
-539
-560
-583
-607
-636
-664
-693
-721
-750
-777
-807
-832
-858
-883
-907
-931
-954
-976
-996
-1016
-1033
-1051
-1067
-1084
-1099
-1115
-1132
-1152
-1171
-1195
-1219
-1245
-1268
-1289
-1309
-1327
-1342
-1355
-1366
-1371
-1373
-1372
-1367
-1357
-1345
-1327
-1305
-1279
-1252
-1224
-1192
-1162
-1131
-1100
-1068
-1033
-998
-962
-921
-881
-840
-802
-769
-737
-706
-672
-638
-602
-565
-528
-492
-455
-418
-384
-352
-322
-292
-266
-243
-223
-206
-193
-182
-172
-164
-155
-147
-143
-141
-146
-155
-164
-172
-177
-179
-180
-178
-174
-168
-158
-146
-133
-120
-108
-96
-88
-78
-71
-64
-54
-44
-32
-19
-7
3
12
21
26
28
31
34
39
41
41
41
40
39
38
39
37
37
34
29
21
14
6
-1
-11
-21
-33
-43
-52
-64
-74
-84
-91
-97
-101
-104
-104
-102
-98
-90
-80
-71
-61
-47
-32
-17
-5
2
5
1
-9
-24
-39
-54
-69
-79
-89
-95
-98
-99
-98
-93
-90
-88
-90
-91
-93
-94
-94
-93
-91
-87
-85
-82
-80
-80
-78
-77
-76
-76
-78
-79
-82
-82
-82
-80
-77
-73
-65
-52
-35
-18
-4
7
16
23
30
38
47
59
70
82
93
102
110
118
125
132
140
143
145
145
146
148
150
150
149
145
140
137
133
130
130
135
141
149
160
170
182
194
209
226
240
252
258
259
255
251
248
248
253
260
266
273
282
294
307
322
340
354
362
364
366
368
371
374
377
378
383
387
394
399
403
407
408
410
409
408
406
401
396
389
381
376
370
369
369
374
376
381
384
390
399
408
418
427
436
445
453
462
471
478
485
492
500
505
509
512
513
514
516
517
519
519
516
514
508
502
495
490
484
477
468
458
447
437
427
417
406
394
381
369
359
346
333
321
312
302
293
285
276
270
265
260
257
252
249
246
245
244
242
240
241
242
243
245
247
247
245
246
248
249
251
256
262
269
276
283
290
297
305
311
316
319
323
328
334
338
343
349
355
360
369
378
389
401
413
427
439
452
467
479
494
507
521
535
548
563
574
584
592
599
604
610
612
614
616
617
614
610
603
598
593
585
576
564
550
533
514
493
470
446
418
385
347
303
256
210
166
123
83
48
14
-14
-41
-63
-79
-88
-89
-85
-75
-59
-43
-24
-8
7
20
31
38
41
38
31
20
5
-12
-35
-57
-80
-101
-122
-143
-159
-175
-191
-209
-228
-251
-277
-301
-327
-351
-375
-398
-418
-437
-458
-481
-509
-538
-567
-596
-624
-652
-679
-705
-727
-749
-768
-788
-809
-829
-852
-878
-904
-930
-956
-983
-1008
-1036
-1062
-1089
-1113
-1136
-1157
-1180
-1201
-1221
-1239
-1257
-1271
-1287
-1303
-1319
-1334
-1350
-1363
-1374
-1385
-1395
-1403
-1410
-1420
-1428
-1437
-1446
-1455
-1463
-1469
-1476
-1481
-1487
-1494
-1503
-1512
-1519
-1525
-1530
-1533
-1535
-1537
-1535
-1535
-1533
-1529
-1527
-1524
-1521
-1517
-1510
-1504
-1498
-1491
-1483
-1477
-1468
-1460
-1452
-1441
-1432
-1423
-1416
-1409
-1404
-1400
-1395
-1392
-1386
-1382
-1375
-1370
-1365
-1360
-1356
-1347
-1340
-1330
-1321
-1310
-1298
-1288
-1279
-1271
-1265
-1257
-1250
-1240
-1231
-1223
-1217
-1213
-1212
-1213
-1214
-1221
-1228
-1240
-1251
-1262
-1276
-1293
-1311
-1332
-1354
-1376
-1400
-1421
-1440
-1457
-1475
-1493
-1511
-1528
-1542
-1556
-1564
-1569
-1570
-1568
-1561
-1552
-1540
-1529
-1516
-1503
-1489
-1475
-1462
-1448
-1431
-1412
-1392
-1371
-1351
-1334
-1317
-1303
-1289
-1280
-1276
-1275
-1276
-1281
-1289
-1297
-1306
-1316
-1324
-1333
-1342
-1351
-1360
-1367
-1375
-1382
-1390
-1399
-1409
-1416
-1423
-1430
-1438
-1446
-1456
-1466
-1475
-1483
-1492
-1501
-1511
-1521
-1531
-1541
-1551
-1562
-1573
-1583
-1590
-1600
-1610
-1621
-1631
-1642
-1654
-1667
-1677
-1689
-1701
-1713
-1727
-1742
-1757
-1771
-1783
-1796
-1808
-1822
-1835
-1848
-1861
-1870
-1880
-1890
-1899
-1909
-1919
-1929
-1936
-1942
-1944
-1945
-1943
-1943
-1944
-1944
-1942
-1935
-1922
-1908
-1892
-1875
-1855
-1834
-1813
-1792
-1773
-1756
-1742
-1730
-1720
-1713
-1705
-1699
-1694
-1689
-1683
-1677
-1666
-1653
-1636
-1618
-1601
-1583
-1566
-1549
-1531
-1516
-1502
-1488
-1474
-1460
-1448
-1438
-1431
-1422
-1417
-1413
-1413
-1416
-1421
-1429
-1438
-1447
-1460
-1474
-1490
-1507
-1522
-1538
-1553
-1569
-1586
-1601
-1615
-1626
-1636
-1647
-1657
-1667
-1680
-1694
-1710
-1725
-1742
-1758
-1770
-1782
-1793
-1801
-1808
-1814
-1815
-1815
-1815
-1816
-1813
-1808
-1802
-1790
-1777
-1762
-1747
-1729
-1711
-1691
-1670
-1647
-1623
-1599
-1576
-1555
-1534
-1512
-1486
-1462
-1434
-1408
-1382
-1357
-1333
-1310
-1290
-1268
-1249
-1229
-1210
-1191
-1174
-1155
-1139
-1120
-1102
-1083
-1065
-1048
-1032
-1016
-999
-980
-959
-938
-917
-895
-872
-847
-821
-793
-764
-734
-701
-670
-639
-606
-575
-544
-514
-485
-456
-427
-399
-373
-345
-318
-292
-267
-240
-216
-194
-174
-154
-136
-118
-99
-83
-70
-56
-44
-32
-23
-16
-12
-7
-1
4
11
17
25
32
41
53
66
77
89
101
115
131
149
164
178
190
198
204
211
217
227
241
258
274
291
302
314
326
340
356
370
381
390
396
405
417
431
448
467
484
502
517
529
539
543
546
547
549
548
546
545
543
539
531
525
521
523
529
537
545
554
562
573
587
604
623
644
667
690
713
735
751
764
777
791
801
810
818
822
823
826
827
831
833
835
836
834
828
825
819
812
803
793
782
769
754
741
730
719
710
705
701
699
696
698
702
706
713
719
725
735
745
759
774
789
807
823
837
849
861
874
887
897
910
923
937
950
961
970
974
978
979
976
976
974
975
975
973
974
974
974
976
979
979
979
978
979
983
991
1001
1011
1021
1032
1039
1047
1053
1059
1067
1074
1088
1103
1121
1138
1150
1160
1168
1178
1191
1208
1222
1235
1241
1247
1257
1272
1289
1302
1312
1317
1318
1319
1317
1314
1313
1310
1309
1306
1306
1309
1314
1318
1321
1323
1323
1323
1322
1320
1316
1316
1316
1320
1327
1337
1348
1360
1373
1384
1394
1403
1411
1416
1420
1421
1423
1423
1421
1420
1417
1412
1409
1404
1398
1390
1380
1365
1350
1334
1317
1299
1278
1258
1239
1220
1201
1183
1165
1149
1133
1119
1106
1097
1094
1097
1100
1105
1110
1113
1120
1126
1129
1133
1136
1140
1145
1153
1163
1173
1184
1196
1205
1212
1215
1215
1214
1213
1210
1207
1208
1209
1212
1214
1215
1215
1215
1217
1218
1217
1215
1210
1202
1193
1184
1175
1164
1152
1139
1127
1113
1101
1087
1074
1060
1046
1032
1020
1008
999
990
983
979
974
970
965
960
958
957
960
962
962
961
960
959
960
960
959
957
956
952
949
949
948
947
942
933
920
902
886
869
854
841
828
815
805
797
787
780
772
771
773
781
792
808
825
846
868
893
919
942
965
983
996
1008
1015
1021
1024
1025
1027
1028
1032
1034
1038
1040
1044
1045
1046
1045
1042
1037
1029
1021
1011
1000
986
974
959
946
932
918
908
896
887
876
866
854
845
834
825
816
810
806
802
796
786
777
766
757
748
739
733
725
720
717
715
718
722
728
733
735
731
723
711
701
687
674
657
640
622
604
584
564
543
522
502
482
467
455
448
443
441
443
447
452
458
464
470
475
480
486
492
497
502
501
499
497
494
495
494
496
497
500
506
511
517
522
527
533
537
540
541
542
543
548
552
559
567
573
582
590
601
612
623
636
649
661
673
682
693
703
713
722
728
733
740
745
751
752
753
753
755
757
760
762
764
766
770
776
779
784
790
799
807
816
826
833
836
838
838
836
833
831
825
819
812
804
797
793
793
792
792
792
793
794
795
798
802
805
808
812
815
816
817
818
819
821
821
824
827
830
833
839
845
855
865
876
885
891
896
901
905
909
915
920
922
923
923
920
918
913
912
913
913
914
915
915
918
920
919
921
919
916
912
903
895
886
876
867
855
843
832
823
816
808
798
790
781
774
770
765
761
755
749
745
743
741
742
744
747
750
755
762
769
773
778
782
785
788
788
788
786
785
781
775
764
752
739
727
713
700
687
670
656
644
633
626
621
620
620
621
621
622
623
627
628
629
628
628
626
622
617
611
604
598
592
585
579
570
558
543
528
512
496
480
465
452
441
431
421
414
408
400
394
385
379
373
365
360
352
345
338
329
322
317
313
308
303
296
287
278
267
261
257
252
248
245
240
236
234
232
233
237
240
243
245
247
249
254
258
265
272
277
279
282
284
284
285
284
281
277
269
262
253
244
233
222
208
192
172
152
131
108
86
63
39
17
-2
-20
-35
-44
-51
-53
-55
-53
-48
-40
-31
-24
-16
-8
-2
4
10
17
19
20
21
19
17
14
13
10
8
10
15
24
37
53
72
93
115
136
159
184
209
238
269
301
337
370
398
420
438
457
478
500
523
546
569
593
615
633
653
673
694
713
731
743
754
759
760
759
758
752
743
731
712
689
664
637
611
584
557
531
508
484
458
434
409
385
364
342
321
301
285
267
248
230
209
190
171
155
139
123
106
91
79
73
72
71
71
71
73
73
75
76
73
67
56
42
27
10
-10
-33
-56
-79
-100
-122
-141
-155
-165
-174
-181
-189
-198
-206
-216
-224
-227
-230
-231
-232
-233
-236
-242
-249
-255
-260
-264
-267
-269
-269
-266
-259
-253
-245
-237
-230
-226
-224
-224
-227
-232
-238
-246
-256
-267
-280
-292
-307
-319
-331
-344
-357
-371
-387
-404
-419
-433
-444
-453
-457
-459
-459
-458
-457
-456
-455
-453
-454
-453
-452
-453
-453
-457
-461
-464
-469
-472
-475
-477
-477
-479
-477
-477
-478
-482
-488
-497
-505
-509
-513
-514
-514
-515
-515
-518
-519
-522
-527
-531
-539
-546
-554
-565
-575
-583
-586
-586
-585
-585
-588
-591
-598
-606
-612
-614
-615
-613
-615
-616
-613
-606
-595
-586
-577
-572
-569
-568
-566
-565
-564
-566
-572
-580
-589
-598
-607
-617
-626
-635
-643
-649
-656
-665
-677
-691
-706
-722
-737
-754
-767
-780
-789
-798
-803
-807
-808
-808
-806
-800
-795
-790
-786
-785
-786
-787
-791
-799
-806
-815
-821
-823
-822
-820
-818
-819
-819
-818
-819
-818
-815
-814
-813
-811
-812
-812
-812
-813
-813
-811
-809
-805
-804
-804
-809
-818
-826
-839
-851
-863
-875
-884
-889
-894
-897
-899
-902
-907
-911
-912
-912
-911
-913
-916
-919
-926
-934
-945
-956
-966
-974
-980
-987
-995
-1001
-1005
-1010
-1016
-1025
-1035
-1046
-1060
-1073
-1086
-1099
-1114
-1128
-1140
-1149
-1154
-1159
-1164
-1171
-1177
-1179
-1178
-1178
-1178
-1176
-1175
-1173
-1172
-1169
-1168
-1164
-1162
-1157
-1149
-1140
-1129
-1118
-1110
-1103
-1097
-1093
-1093
-1091
-1090
-1089
-1088
-1087
-1088
-1090
-1092
-1095
-1098
-1102
-1105
-1105
-1105
-1102
-1098
-1094
-1090
-1086
-1084
-1082
-1083
-1084
-1088
-1090
-1091
-1091
-1088
-1085
-1079
-1071
-1065
-1059
-1054
-1048
-1041
-1032
-1022
-1010
-1000
-990
-978
-969
-956
-943
-929
-914
-897
-880
-865
-849
-832
-814
-797
-779
-765
-753
-742
-729
-717
-704
-692
-681
-668
-659
-649
-637
-627
-621
-620
-623
-624
-624
-622
-623
-624
-625
-625
-624
-620
-615
-610
-604
-595
-584
-574
-561
-548
-533
-515
-497
-478
-459
-441
-426
-409
-394
-379
-364
-348
-333
-319
-303
-292
-280
-272
-263
-255
-248
-243
-238
-235
-231
-231
-233
-237
-241
-244
-248
-254
-259
-266
-273
-283
-293
-302
-313
-322
-333
-344
-351
-359
-364
-370
-374
-377
-378
-381
-385
-388
-393
-397
-399
-402
-407
-410
-414
-416
-418
-420
-420
-422
-422
-423
-422
-424
-424
-425
-425
-425
-425
-427
-429
-427
-427
-423
-420
-416
-411
-405
-398
-391
-386
-380
-375
-370
-365
-360
-357
-357
-357
-356
-354
-353
-351
-350
-349
-347
-343
-337
-331
-325
-321
-317
-312
-306
-300
-296
-291
-285
-280
-275
-272
-269
-265
-263
-260
-257
-254
-251
-249
-248
-249
-248
-246
-243
-241
-238
-235
-231
-222
-213
-205
-194
-186
-178
-171
-163
-157
-150
-144
-137
-133
-129
-128
-127
-130
-132
-137
-139
-142
-147
-151
-158
-165
-170
-172
-174
-177
-179
-182
-184
-185
-184
-184
-180
-176
-173
-169
-163
-157
-151
-144
-136
-128
-122
-117
-115
-113
-110
-109
-110
-113
-116
-118
-122
-125
-127
-129
-127
-123
-119
-111
-105
-95
-86
-78
-70
-63
-56
-52
-48
-44
-39
-34
-31
-31
-31
-31
-30
-30
-29
-30
-27
-25
-25
-26
-26
-25
-23
-18
-12
-8
-6
-3
-3
-4
-6
-8
-11
-14
-15
-15
-12
-9
-6
-3
-1
2
5
10
14
13
11
7
1
-2
-5
-9
-10
-9
-6
-2
1
2
2
-2
-9
-18
-26
-35
-40
-45
-47
-49
-50
-50
-49
-49
-50
-51
-54
-55
-54
-52
-51
-51
-55
-58
-58
-60
-61
-61
-66
-71
-76
-81
-85
-92
-98
-105
-109
-110
-110
-113
-118
-125
-132
-140
-148
-155
-160
-160
-157
-154
-148
-139
-132
-123
-113
-100
-83
-65
-46
-30
-15
-1
16
35
54
71
87
103
114
123
127
131
135
141
148
151
154
157
161
163
165
166
165
162
157
149
139
127
118
110
101
95
89
83
76
70
66
62
58
52
46
41
37
34
31
28
26
24
21
16
11
4
-2
-8
-13
-17
-22
-26
-29
-34
-41
-48
-57
-68
-78
-88
-97
-104
-113
-121
-126
-133
-139
-145
-150
-153
-156
-157
-160
-164
-166
-171
-175
-179
-183
-189
-192
-195
-193
-190
-182
-175
-165
-154
-143
-133
-122
-112
-106
-101
-94
-88
-83
-80
-79
-78
-76
-73
-66
-59
-51
-47
-45
-43
-44
-44
-43
-38
-27
-10
10
33
53
65
69
64
55
44
31
20
9
0
-9
-19
-31
-42
-53
-61
-70
-75
-82
-85
-87
-86
-82
-76
-70
-64
-56
-48
-44
-43
-44
-46
-48
-47
-47
-45
-43
-42
-40
-38
-33
-31
-27
-25
-23
-24
-25
-24
-21
-20
-17
-13
-9
-7
-5
-4
-2
0
1
2
0
-5
-12
-20
-25
-26
-26
-23
-20
-16
-9
-4
3
13
23
35
49
65
81
102
124
146
166
181
195
210
228
250
272
294
315
339
366
393
421
445
465
485
500
516
531
543
557
568
578
586
592
595
596
596
594
595
594
594
592
590
583
576
570
562
553
547
543
543
547
554
560
569
577
584
591
596
599
602
604
604
602
598
594
588
582
576
572
566
563
560
557
556
554
553
550
550
549
549
548
547
545
543
542
540
539
541
541
542
542
541
539
542
544
550
556
561
563
566
566
569
569
568
565
561
557
553
549
545
539
530
521
513
503
493
483
471
458
444
433
426
419
413
406
398
390
380
370
357
341
327
314
305
300
293
285
277
271
266
264
264
268
277
286
297
305
307
305
295
283
271
260
254
253
253
254
256
257
260
269
281
295
310
323
336
349
362
374
386
395
405
418
430
441
452
460
467
476
484
493
502
511
520
531
541
553
564
575
586
596
605
613
617
622
628
636
646
656
665
672
677
680
680
681
683
685
688
692
698
706
713
720
729
738
746
755
764
775
786
800
813
826
839
851
864
875
887
899
907
916
923
930
937
943
948
953
960
965
972
980
988
997
1005
1013
1018
1023
1029
1035
1040
1044
1048
1047
1046
1047
1047
1048
1048
1047
1045
1044
1042
1039
1038
1035
1032
1029
1026
1024
1024
1024
1023
1023
1027
1036
1046
1060
1079
1099
1124
1150
1177
1206
1230
1252
1270
1287
1299
1308
1315
1321
1323
1322
1318
1314
1307
1301
1296
1288
1281
1275
1268
1261
1255
1250
1244
1238
1229
1219
1210
1199
1190
1178
1164
1151
1136
1120
1107
1095
1085
1078
1071
1069
1070
1074
1083
1095
1111
1132
1155
1179
1206
1236
1266
1295
1322
1346
1370
1390
1405
1418
1428
1438
1448
1458
1466
1474
1485
1500
1517
1538
1561
1585
1608
1632
1656
1681
1702
1721
1735
1748
1757
1764
1770
1774
1777
1780
1781
1782
1782
1783
1785
1785
1784
1782
1777
1774
1773
1772
1773
1774
1776
1782
1794
1810
1825
1842
1859
1872
1884
1891
1896
1895
1892
1887
1881
1872
1860
1844
1827
1806
1783
1758
1733
1709
1691
1676
1668
1664
1660
1656
1652
1647
1643
1638
1638
1638
1638
1636
1632
1630
1622
1610
1596
1578
1562
1547
1534
1523
1513
1503
1494
1483
1474
1462
1449
1437
1425
1416
1410
1411
1413
1418
1420
1419
1417
1417
1418
1420
1417
1410
1401
1391
1382
1375
1370
1365
1356
1346
1335
1327
1318
1310
1300
1293
1282
1272
1257
1240
1222
1202
1184
1166
1150
1136
1125
1116
1109
1103
1100
1101
1106
1109
1115
1122
1131
1142
1154
1167
1180
1191
1200
1207
1209
1206
1196
1181
1169
1155
1138
1117
1093
1068
1042
1019
998
976
956
938
922
909
902
895
889
879
870
857
845
836
827
818
808
795
780
767
757
753
750
749
749
745
736
724
710
697
686
673
662
651
642
636
630
626
626
629
629
628
624
617
610
601
594
588
582
575
566
560
553
547
543
538
535
529
519
505
488
469
449
428
407
386
364
343
326
312
300
288
277
269
260
254
249
249
251
253
258
261
266
268
266
264
264
263
267
268
269
269
270
268
266
263
259
255
249
242
237
230
221
210
194
178
161
143
127
115
108
108
111
117
120
121
115
105
95
85
82
82
86
90
97
101
107
111
116
121
130
143
157
170
180
190
194
196
198
199
198
193
183
174
166
162
160
158
157
157
157
156
157
159
161
163
163
165
169
175
181
188
191
191
187
182
175
169
165
163
164
168
174
183
192
202
214
226
238
249
257
260
260
258
256
254
252
250
249
251
257
265
280
298
315
330
343
351
359
366
373
379
383
389
391
391
387
380
369
357
345
331
316
303
290
282
277
271
267
262
258
251
246
246
253
264
273
278
277
271
267
268
275
289
306
325
343
360
379
398
417
439
460
484
507
526
542
557
571
585
593
600
605
611
616
622
626
633
640
648
654
662
669
679
690
701
716
734
755
771
785
795
799
799
799
803
809
818
824
830
838
844
846
848
849
852
858
865
872
883
899
916
940
967
995
1022
1045
1062
1081
1100
1121
1137
1148
1157
1166
1174
1184
1193
1199
1204
1205
1203
1196
1186
1173
1156
1139
1124
1110
1102
1094
1089
1082
1072
1059
1046
1031
1021
1011
1006
1002
1006
1014
1027
1045
1065
1085
1101
1113
1123
1127
1131
1130
1126
1119
1108
1098
1088
1079
1073
1066
1060
1055
1053
1047
1039
1027
1015
999
983
963
942
921
900
878
858
838
823
812
808
811
818
827
835
844
854
866
879
890
900
911
923
936
946
958
968
975
982
984
986
984
980
973
964
955
944
932
921
908
895
879
866
851
838
825
812
798
785
771
761
748
736
726
717
710
706
701
693
682
671
656
643
631
622
612
601
590
575
561
545
531
520
515
510
509
507
506
505
506
505
506
504
501
498
495
492
492
494
501
509
516
516
507
490
473
462
457
457
460
461
463
461
458
453
448
445
443
443
444
446
449
453
461
468
478
489
497
506
515
527
542
560
580
604
626
645
661
672
680
688
699
709
719
726
731
734
740
749
758
768
779
794
810
831
857
885
911
935
956
975
990
999
1002
997
988
978
970
963
962
963
969
976
986
996
1000
997
989
976
965
957
949
942
935
929
926
926
929
936
946
960
976
995
1014
1033
1052
1069
1084
1096
1107
1114
1115
1116
1114
1111
1108
1103
1097
1090
1083
1075
1067
1059
1048
1034
1019
998
978
955
934
911
885
859
830
800
771
741
711
679
647
612
576
538
499
461
423
389
357
328
304
284
265
247
233
218
206
193
183
174
165
157
154
152
156
161
171
184
197
212
224
235
247
258
272
286
300
312
319
326
331
337
346
355
364
371
378
386
393
395
394
392
388
383
378
374
366
359
349
337
328
316
304
291
278
267
257
247
238
229
220
209
199
187
178
169
161
152
145
139
134
128
120
112
103
97
91
86
83
78
72
66
60
55
46
37
29
23
18
16
12
6
0
-5
-10
-14
-14
-13
-11
-9
-9
-6
-5
-2
-2
-1
-2
-2
-4
-4
-6
-7
-7
-10
-14
-16
-20
-25
-28
-33
-40
-47
-58
-68
-79
-92
-105
-117
-130
-141
-151
-162
-169
-176
-183
-187
-192
-195
-196
-197
-198
-196
-196
-193
-192
-193
-196
-197
-197
-193
-188
-182
-174
-167
-157
-147
-137
-126
-116
-107
-98
-89
-82
-72
-61
-49
-36
-25
-13
0
14
28
47
65
87
113
141
169
197
228
259
290
320
349
377
401
423
445
467
488
506
523
541
558
575
588
602
614
628
639
651
660
670
680
689
702
715
730
747
762
779
796
816
835
855
875
898
921
945
971
994
1016
1037
1055
1072
1088
1103
1116
1129
1139
1149
1156
1162
1166
1173
1179
1184
1187
1190
1191
1191
1188
1187
1185
1180
1174
1169
1162
1153
1145
1137
1129
1119
1108
1095
1084
1072
1061
1049
1037
1022
1006
990
973
954
937
919
902
886
868
848
827
807
785
761
736
712
687
664
639
616
593
570
547
525
504
484
466
446
428
410
395
380
367
355
345
335
329
322
318
316
314
315
315
317
319
322
325
327
329
329
326
325
318
310
298
286
273
264
252
242
228
214
198
183
170
159
148
139
130
123
117
112
105
99
96
93
94
97
101
109
117
125
133
142
148
153
158
160
163
166
164
162
159
153
147
139
133
126
122
116
110
102
94
83
75
66
61
55
52
48
45
42
40
38
36
36
36
38
41
43
47
52
54
57
58
59
60
62
62
62
60
58
57
56
54
52
49
44
39
34
28
22
13
2
-8
-18
-27
-38
-48
-59
-70
-79
-90
-97
-107
-114
-122
-131
-141
-154
-165
-177
-189
-201
-211
-219
-226
-234
-240
-244
-247
-247
-247
-243
-241
-240
-236
-233
-231
-228
-227
-226
-225
-224
-222
-220
-219
-220
-222
-224
-229
-230
-233
-235
-236
-239
-242
-244
-247
-248
-245
-241
-236
-232
-228
-223
-220
-218
-219
-219
-219
-219
-219
-216
-215
-211
-207
-200
-194
-187
-181
-177
-174
-173
-172
-173
-178
-183
-189
-192
-194
-192
-192
-191
-191
-189
-188
-186
-187
-189
-193
-198
-204
-210
-217
-222
-228
-233
-238
-243
-247
-253
-260
-268
-278
-288
-298
-309
-319
-332
-342
-356
-369
-381
-394
-406
-416
-429
-439
-451
-461
-472
-481
-490
-499
-510
-521
-533
-542
-547
-554
-564
-575
-587
-599
-611
-624
-637
-647
-659
-670
-678
-686
-694
-706
-715
-721
-724
-720
-716
-711
-706
-704
-703
-700
-698
-694
-688
-682
-677
-673
-671
-671
-672
-671
-670
-671
-674
-680
-687
-697
-711
-727
-745
-761
-776
-790
-800
-807
-812
-813
-812
-810
-808
-808
-808
-807
-807
-808
-813
-819
-824
-829
-830
-833
-835
-836
-834
-832
-827
-823
-818
-816
-814
-813
-811
-808
-804
-801
-796
-792
-789
-787
-781
-774
-765
-756
-743
-729
-718
-707
-697
-689
-683
-678
-672
-666
-660
-657
-654
-652
-650
-648
-648
-648
-648
-646
-642
-639
-636
-634
-627
-622
-614
-608
-600
-594
-588
-583
-578
-572
-568
-566
-561
-557
-551
-545
-542
-538
-532
-526
-516
-504
-493
-481
-470
-460
-451
-440
-430
-419
-410
-402
-393
-383
-373
-364
-356
-347
-342
-335
-329
-325
-322
-320
-317
-314
-312
-311
-310
-308
-306
-304
-301
-297
-293
-288
-286
-284
-284
-285
-286
-290
-296
-304
-312
-319
-328
-335
-342
-347
-352
-359
-367
-376
-385
-394
-401
-410
-416
-422
-425
-427
-428
-428
-427
-425
-423
-421
-422
-422
-426
-431
-438
-447
-455
-462
-467
-468
-470
-473
-473
-472
-468
-462
-455
-447
-437
-425
-411
-398
-382
-369
-359
-351
-347
-345
-345
-346
-349
-353
-358
-362
-366
-365
-363
-357
-351
-346
-340
-334
-326
-316
-303
-293
-280
-268
-253
-239
-226
-218
-213
-207
-200
-194
-186
-179
-171
-164
-157
-145
-131
-114
-96
-77
-61
-47
-38
-35
-35
-40
-44
-49
-56
-61
-66
-70
-73
-76
-77
-75
-69
-62
-54
-46
-38
-32
-28
-25
-25
-25
-27
-28
-29
-28
-25
-19
-10
2
16
30
45
60
76
91
109
128
149
168
187
204
216
226
236
246
257
267
278
286
291
293
296
296
293
289
282
274
264
254
246
237
230
220
208
192
177
164
154
143
134
124
116
108
106
104
103
104
101
97
93
87
81
71
60
50
39
28
18
10
8
5
4
5
6
12
20
31
40
49
58
63
66
71
74
77
79
79
79
77
69
58
48
38
32
26
22
21
22
23
23
26
27
27
23
19
14
8
3
-3
-10
-16
-24
-32
-42
-50
-61
-71
-79
-89
-95
-103
-111
-120
-131
-141
-150
-161
-174
-185
-197
-207
-217
-226
-237
-247
-258
-268
-278
-289
-299
-310
-318
-327
-335
-342
-351
-357
-365
-372
-377
-379
-385
-391
-398
-405
-414
-425
-437
-449
-460
-471
-482
-493
-505
-514
-524
-533
-539
-545
-549
-554
-560
-563
-564
-564
-563
-564
-563
-562
-561
-559
-558
-556
-554
-554
-553
-554
-556
-554
-551
-546
-539
-532
-527
-520
-513
-506
-499
-495
-492
-490
-489
-489
-491
-498
-507
-517
-530
-544
-559
-575
-593
-611
-629
-645
-661
-672
-682
-690
-696
-700
-700
-698
-695
-687
-678
-666
-654
-642
-632
-627
-629
-637
-648
-661
-675
-687
-696
-703
-709
-714
-720
-725
-733
-743
-753
-765
-779
-794
-812
-835
-859
-884
-912
-941
-971
-1001
-1029
-1055
-1078
-1096
-1112
-1125
-1138
-1150
-1157
-1161
-1159
-1154
-1147
-1144
-1145
-1149
-1157
-1167
-1179
-1192
-1206
-1220
-1236
-1248
-1259
-1267
-1273
-1279
-1286
-1291
-1296
-1298
-1298
-1295
-1289
-1281
-1272
-1266
-1260
-1255
-1249
-1242
-1236
-1230
-1222
-1216
-1207
-1198
-1187
-1174
-1162
-1151
-1141
-1130
-1120
-1112
-1102
-1094
-1086
-1080
-1076
-1074
-1073
-1075
-1079
-1086
-1098
-1110
-1124
-1138
-1154
-1170
-1186
-1199
-1212
-1222
-1231
-1239
-1245
-1248
-1248
-1246
-1245
-1240
-1235
-1229
-1221
-1214
-1206
-1199
-1190
-1178
-1166
-1149
-1133
-1115
-1097
-1081
-1066
-1052
-1040
-1028
-1018
-1010
-1008
-1006
-1005
-1006
-1007
-1009
-1009
-1004
-997
-985
-968
-952
-934
-915
-894
-876
-861
-849
-842
-838
-838
-840
-843
-848
-850
-855
-858
-863
-867
-871
-876
-880
-884
-885
-884
-884
-883
-881
-877
-874
-871
-867
-863
-861
-858
-855
-852
-850
-852
-856
-859
-866
-874
-886
-903
-924
-946
-968
-993
-1018
-1043
-1070
-1093
-1112
-1131
-1147
-1163
-1178
-1191
-1202
-1212
-1221
-1230
-1239
-1248
-1255
-1262
-1268
-1273
-1274
-1276
-1275
-1275
-1274
-1277
-1283
-1291
-1302
-1314
-1329
-1343
-1360
-1375
-1388
-1396
-1395
-1391
-1383
-1370
-1356
-1341
-1323
-1307
-1293
-1281
-1272
-1263
-1259
-1257
-1256
-1257
-1261
-1268
-1280
-1295
-1314
-1329
-1341
-1345
-1342
-1329
-1306
-1275
-1238
-1200
-1163
-1134
-1115
-1105
-1107
-1114
-1126
-1143
-1159
-1174
-1186
-1193
-1199
-1201
-1201
-1196
-1187
-1176
-1160
-1144
-1125
-1105
-1083
-1063
-1042
-1023
-1006
-993
-983
-974
-967
-960
-954
-947
-940
-929
-918
-904
-891
-876
-864
-852
-845
-840
-837
-836
-834
-831
-829
-827
-823
-821
-821
-818
-816
-815
-814
-814
-812
-810
-806
-803
-799
-796
-789
-785
-778
-771
-762
-756
-750
-747
-747
-747
-749
-752
-754
-756
-757
-757
-757
-757
-754
-752
-750
-750
-749
-750
-746
-741
-736
-727
-717
-706
-695
-684
-674
-668
-662
-657
-655
-654
-652
-650
-651
-654
-655
-657
-658
-660
-663
-665
-666
-666
-666
-668
-672
-674
-679
-686
-691
-696
-699
-704
-711
-719
-727
-734
-738
-740
-740
-736
-732
-728
-724
-719
-716
-713
-710
-709
-709
-707
-703
-698
-692
-684
-675
-665
-652
-641
-630
-617
-604
-591
-577
-562
-545
-526
-505
-486
-464
-444
-422
-401
-382
-365
-347
-329
-316
-305
-295
-287
-280
-273
-269
-264
-261
-259
-255
-252
-247
-239
-232
-226
-219
-211
-201
-193
-185
-177
-169
-159
-150
-140
-129
-117
-108
-99
-91
-82
-74
-66
-59
-54
-48
-41
-34
-29
-23
-15
-8
-2
4
8
14
17
21
23
23
25
26
26
25
26
25
25
22
19
18
16
14
14
14
15
16
17
16
16
18
18
18
19
17
18
16
16
16
17
20
22
27
29
31
30
28
24
19
12
3
-6
-16
-29
-44
-63
-84
-105
-128
-153
-178
-202
-229
-256
-285
-311
-337
-360
-382
-402
-423
-438
-450
-458
-464
-468
-470
-473
-476
-483
-490
-498
-503
-511
-522
-535
-550
-566
-581
-597
-615
-633
-650
-664
-674
-681
-682
-682
-680
-673
-665
-657
-651
-645
-642
-639
-638
-634
-631
-629
-625
-622
-618
-615
-611
-606
-600
-598
-597
-596
-595
-595
-598
-604
-611
-617
-623
-627
-631
-635
-638
-640
-644
-649
-653
-655
-655
-654
-651
-649
-646
-642
-637
-630
-625
-620
-615
-611
-608
-603
-601
-596
-591
-587
-585
-581
-577
-574
-569
-565
-563
-562
-563
-562
-559
-554
-553
-552
-555
-557
-557
-556
-556
-556
-554
-553
-550
-547
-542
-537
-529
-520
-511
-502
-495
-487
-479
-474
-471
-468
-468
-467
-467
-467
-468
-468
-467
-463
-459
-451
-440
-429
-417
-404
-390
-375
-360
-344
-331
-317
-306
-296
-286
-273
-262
-250
-242
-234
-229
-222
-213
-207
-199
-194
-191
-187
-184
-180
-176
-172
-169
-167
-163
-162
-159
-157
-155
-153
-154
-154
-154
-155
-153
-153
-154
-155
-158
-160
-161
-161
-163
-164
-166
-169
-171
-175
-179
-182
-186
-190
-196
-201
-206
-212
-217
-222
-227
-232
-233
-234
-234
-234
-229
-224
-218
-209
-200
-189
-175
-160
-145
-128
-112
-97
-81
-69
-57
-45
-31
-20
-10
-1
8
17
27
34
38
43
49
55
61
71
81
94
106
118
131
144
159
171
182
193
204
214
225
235
246
255
266
275
285
295
304
313
319
323
326
327
325
323
318
314
310
305
302
299
295
293
292
294
299
304
308
313
319
328
337
345
355
364
372
381
390
400
410
420
427
434
439
443
446
448
450
446
441
434
426
416
408
397
389
380
373
365
358
353
350
347
348
347
349
352
355
358
362
365
370
375
377
382
383
387
389
389
388
389
387
387
387
387
389
391
391
389
388
386
384
380
380
378
377
375
376
375
376
378
378
379
379
380
382
387
391
395
399
402
404
407
408
408
407
406
405
407
407
407
407
407
409
409
411
414
414
414
413
411
411
411
410
407
405
399
393
388
383
377
373
368
365
360
355
352
350
349
346
345
344
343
342
343
344
346
349
352
354
360
364
368
371
373
375
378
380
379
380
379
379
379
380
379
380
380
381
382
385
388
390
392
394
397
404
409
415
425
434
444
456
470
481
495
507
520
534
550
568
587
604
622
638
652
663
671
675
676
673
670
664
657
651
644
641
638
639
644
655
670
688
707
724
741
756
766
772
777
779
782
785
788
792
798
807
824
843
867
891
916
940
962
981
998
1012
1022
1032
1041
1048
1054
1060
1061
1062
1063
1061
1059
1054
1047
1037
1029
1024
1023
1021
1022
1020
1021
1021
1018
1013
1009
1005
1002
999
998
996
995
996
998
1000
1004
1010
1015
1020
1028
1034
1037
1039
1041
1042
1045
1047
1048
1052
1055
1057
1060
1062
1063
1064
1066
1071
1076
1081
1087
1093
1104
1116
1128
1144
1161
1180
1200
1220
1242
1262
1283
1305
1323
1340
1353
1364
1375
1382
1389
1397
1403
1410
1416
1420
1422
1421
1419
1413
1408
1399
1390
1381
1373
1369
1368
1369
1370
1374
1377
1380
1382
1386
1392
1398
1403
1408
1415
1422
1430
1438
1443
1450
1456
1467
1479
1492
1505
1514
1523
1530
1540
1550
1564
1576
1587
1595
1600
1603
1602
1604
1607
1612
1616
1622
1627
1628
1630
1630
1627
1620
1612
1605
1595
1587
1577
1567
1558
1548
1539
1528
1517
1505
1496
1486
1477
1466
1455
1442
1429
1415
1397
1377
1357
1336
1315
1292
1270
1245
1218
1193
1165
1139
1113
1085
1058
1030
1002
971
941
911
881
852
820
786
752
715
673
628
582
531
481
429
375
321
267
215
162
109
58
9
-35
-76
-116
-156
-192
-228
-263
-297
-332
-367
-404
-439
-477
-514
-552
-589
-625
-659
-691
-725
-760
-795
-829
-862
-899
-937
-975
-1014
-1053
-1093
-1133
-1174
-1214
-1254
-1295
-1336
-1379
-1423
-1466
-1509
-1555
-1603
-1653
-1699
-1745
-1790
-1834
-1881
-1928
-1973
-2015
-2055
-2096
-2138
-2176
-2216
-2253
-2287
-2319
-2349
-2376
-2402
-2423
-2445
-2463
-2480
-2499
-2522
-2547
-2570
-2586
-2590
-2591
-2590
-2592
-2596
-2606
-2621
-2637
-2651
-2658
-2661
-2659
-2653
-2641
-2629
-2617
-2611
-2610
-2616
-2627
-2644
-2661
-2683
-2705
-2727
-2748
-2762
-2775
-2785
-2794
-2803
-2810
-2819
-2830
-2846
-2864
-2886
-2908
-2927
-2941
-2953
-2961
-2969
-2974
-2975
-2976
-2972
-2968
-2958
-2946
-2930
-2915
-2898
-2884
-2868
-2850
-2829
-2806
-2780
-2753
-2727
-2699
-2674
-2649
-2624
-2598
-2570
-2542
-2510
-2481
-2450
-2422
-2399
-2376
-2354
-2332
-2311
-2293
-2274
-2255
-2236
-2217
-2200
-2184
-2166
-2149
-2130
-2111
-2094
-2078
-2062
-2051
-2038
-2027
-2018
-2008
-2000
-1993
-1986
-1982
-1976
-1967
-1961
-1955
-1950
-1946
-1939
-1932
-1922
-1914
-1904
-1895
-1888
-1879
-1869
-1860
-1855
-1851
-1849
-1846
-1843
-1842
-1840
-1839
-1841
-1841
-1841
-1841
-1843
-1842
-1840
-1836
-1833
-1830
-1827
-1823
-1820
-1815
-1812
-1808
-1803
-1796
-1789
-1779
-1773
-1765
-1755
-1748
-1740
-1731
-1721
-1708
-1697
-1683
-1668
-1655
-1644
-1631
-1620
-1610
-1600
-1594
-1588
-1583
-1578
-1574
-1568
-1561
-1552
-1545
-1538
-1529
-1523
-1516
-1510
-1506
-1499
-1494
-1487
-1484
-1480
-1477
-1476
-1475
-1474
-1472
-1471
-1472
-1474
-1475
-1478
-1482
-1484
-1485
-1489
-1492
-1494
-1498
-1501
-1504
-1507
-1508
-1510
-1510
-1510
-1507
-1504
-1500
-1496
-1493
-1488
-1479
-1471
-1463
-1452
-1443
-1431
-1421
-1410
-1398
-1384
-1368
-1353
-1336
-1320
-1302
-1282
-1262
-1242
-1223
-1206
-1188
-1171
-1155
-1139
-1124
-1109
-1095
-1084
-1072
-1060
-1049
-1040
-1033
-1026
-1019
-1011
-1007
-1004
-1002
-1002
-1002
-1006
-1010
-1016
-1023
-1032
-1043
-1055
-1068
-1083
-1096
-1112
-1129
-1148
-1169
-1190
-1212
-1234
-1252
-1270
-1286
-1303
-1318
-1331
-1342
-1353
-1360
-1368
-1371
-1373
-1374
-1373
-1370
-1368
-1365
-1362
-1360
-1358
-1353
-1349
-1346
-1343
-1340
-1335
-1329
-1322
-1315
-1308
-1297
-1285
-1273
-1258
-1242
-1227
-1211
-1192
-1173
-1153
-1132
-1112
-1093
-1074
-1057
-1038
-1019
-1001
-985
-969
-952
-938
-924
-912
-899
-887
-872
-859
-844
-830
-820
-811
-804
-797
-790
-784
-781
-777
-773
-766
-759
-753
-746
-742
-738
-736
-734
-731
-730
-727
-725
-725
-724
-723
-721
-720
-718
-717
-715
-713
-711
-708
-703
-699
-691
-685
-678
-673
-670
-666
-665
-666
-666
-668
-673
-679
-687
-695
-704
-713
-723
-737
-750
-766
-785
-805
-826
-847
-869
-891
-915
-938
-966
-992
-1021
-1048
-1076
-1103
-1128
-1151
-1170
-1187
-1202
-1212
-1221
-1227
-1230
-1229
-1226
-1220
-1215
-1210
-1202
-1198
-1192
-1190
-1187
-1185
-1186
-1187
-1192
-1198
-1205
-1214
-1225
-1236
-1249
-1260
-1273
-1284
-1294
-1304
-1313
-1322
-1331
-1337
-1339
-1340
-1340
-1339
-1337
-1335
-1330
-1326
-1321
-1310
-1297
-1281
-1265
-1247
-1231
-1213
-1196
-1177
-1159
-1142
-1122
-1099
-1074
-1045
-1017
-991
-966
-943
-923
-905
-885
-868
-850
-837
-829
-822
-818
-812
-810
-807
-805
-805
-809
-813
-817
-822
-827
-833
-839
-845
-852
-858
-862
-865
-868
-869
-870
-869
-868
-861
-854
-845
-834
-824
-812
-796
-779
-761
-744
-725
-708
-694
-680
-666
-652
-638
-626
-614
-602
-591
-580
-569
-561
-554
-546
-539
-532
-526
-521
-522
-525
-529
-532
-536
-539
-543
-547
-552
-556
-556
-556
-556
-555
-554
-557
-558
-562
-562
-562
-555
-547
-540
-536
-536
-535
-536
-535
-535
-535
-537
-535
-532
-522
-504
-480
-454
-426
-397
-366
-335
-305
-280
-261
-248
-236
-229
-221
-217
-214
-210
-202
-193
-185
-176
-169
-160
-152
-142
-134
-127
-120
-116
-109
-100
-90
-80
-69
-56
-41
-22
-2
21
48
81
117
156
199
246
294
347
399
450
500
546
586
621
653
680
707
731
752
770
788
806
821
836
849
861
870
879
884
891
899
907
917
927
937
946
958
970
982
998
1014
1030
1045
1058
1072
1086
1104
1122
1142
1161
1181
1198
1217
1233
1248
1260
1270
1279
1288
1293
1298
1300
1302
1302
1303
1304
1307
1310
1311
1310
1310
1309
1306
1301
1292
1283
1272
1260
1248
1237
1228
1217
1208
1199
1192
1191
1192
1196
1199
1203
1206
1212
1220
1232
1244
1259
1275
1292
1308
1327
1342
1355
1364
1372
1378
1381
1383
1384
1385
1386
1391
1398
1403
1406
1406
1401
1396
1384
1369
1351
1331
1311
1293
1275
1259
1240
1223
1203
1182
1160
1137
1113
1087
1063
1039
1016
994
973
953
939
927
918
908
899
889
877
864
852
840
829
819
809
797
785
773
763
753
743
735
730
728
727
730
736
743
750
756
764
772
780
786
789
788
785
782
777
773
768
764
756
746
733
719
703
691
677
667
656
648
642
639
639
642
645
645
646
645
645
643
637
636
637
645
653
664
672
680
688
693
701
708
717
723
727
728
727
724
715
705
691
676
663
645
628
610
591
570
550
529
505
484
462
442
421
400
378
356
336
316
298
281
263
250
238
230
229
232
244
264
288
315
343
368
394
420
443
466
485
506
527
547
564
579
594
605
615
621
625
624
621
614
606
598
588
576
566
561
558
562
567
577
588
600
606
604
600
592
585
579
575
576
581
588
597
608
620
632
645
656
664
669
671
672
671
670
668
666
665
662
662
664
668
671
676
679
683
687
690
692
694
694
695
697
700
702
703
702
703
704
704
704
700
696
689
676
659
638
615
590
566
542
518
492
467
444
423
399
378
355
334
314
300
294
293
294
298
300
301
300
298
293
288
282
277
274
270
269
269
272
277
284
289
297
305
312
321
329
338
344
348
350
347
344
340
334
329
327
327
332
339
344
346
349
350
354
361
367
374
384
395
409
423
437
451
464
477
489
505
518
532
544
554
561
571
581
590
600
607
618
628
640
651
663
675
687
695
704
711
719
723
725
724
720
716
710
707
706
707
711
712
714
716
719
724
727
732
738
746
754
761
767
769
771
775
779
784
787
788
789
791
794
797
805
811
817
823
824
824
822
820
819
815
810
806
798
789
780
770
762
752
742
731
720
710
703
694
688
685
680
679
677
679
679
680
680
681
680
680
680
680
680
680
679
680
680
682
686
689
689
690
687
687
685
684
684
683
685
685
685
685
686
687
687
685
681
675
668
659
649
640
632
622
613
607
604
602
603
604
605
605
605
604
602
599
596
592
586
580
573
565
558
552
548
541
538
536
539
540
542
543
545
548
552
557
564
569
576
584
591
598
607
617
624
631
634
640
644
647
648
650
650
649
649
650
649
647
645
641
637
633
630
624
621
616
614
612
610
609
607
607
605
606
609
612
618
621
625
631
636
642
649
655
662
671
678
688
697
709
721
736
752
771
789
805
821
834
845
855
865
875
885
892
899
907
913
919
924
931
935
938
940
939
937
933
928
923
917
911
907
904
900
896
892
889
887
886
884
884
881
878
872
865
858
852
846
839
834
830
824
819
817
815
814
817
822
827
835
843
853
861
871
881
890
901
911
923
931
936
940
939
939
936
932
929
921
914
904
894
886
874
863
849
837
824
810
794
777
761
745
726
708
690
673
657
638
620
604
590
577
564
554
546
542
543
548
551
556
561
565
572
578
585
589
594
596
598
597
596
592
585
577
569
559
552
541
529
515
500
487
473
459
445
434
423
416
408
400
392
382
374
363
353
344
333
322
312
305
298
294
293
296
306
318
331
344
355
366
377
384
392
400
406
409
407
403
394
384
371
358
348
337
330
323
318
312
308
307
304
300
295
286
277
264
252
240
227
214
196
177
157
139
121
104
88
75
64
56
46
39
31
25
21
15
9
1
-3
-11
-20
-28
-36
-45
-53
-65
-76
-86
-97
-108
-121
-133
-144
-153
-164
-176
-189
-201
-215
-226
-237
-244
-249
-251
-256
-261
-265
-269
-270
-270
-271
-272
-272
-272
-271
-268
-262
-256
-248
-239
-232
-225
-219
-214
-212
-210
-207
-202
-195
-185
-174
-164
-155
-149
-144
-143
-144
-151
-162
-172
-184
-194
-202
-211
-220
-230
-241
-251
-259
-268
-278
-287
-295
-305
-316
-328
-337
-346
-353
-358
-362
-366
-371
-373
-376
-379
-383
-384
-385
-386
-384
-378
-367
-352
-333
-311
-289
-267
-244
-219
-195
-173
-156
-141
-130
-122
-122
-127
-137
-146
-153
-156
-159
-156
-152
-147
-141
-133
-126
-116
-108
-99
-91
-87
-84
-85
-88
-92
-100
-108
-111
-110
-107
-102
-95
-87
-77
-66
-53
-36
-18
4
24
46
65
84
101
113
125
136
146
157
167
181
193
205
215
223
230
238
245
252
259
265
271
276
280
286
294
300
305
311
317
323
331
340
349
358
368
375
378
378
379
377
378
378
380
382
386
386
385
385
384
384
384
383
379
373
364
351
339
328
319
310
303
300
300
305
317
332
349
367
384
398
415
428
441
455
471
487
504
519
536
555
577
599
620
643
665
683
699
714
729
741
751
758
764
767
766
761
755
751
746
743
740
736
732
726
718
709
699
690
686
682
679
676
674
672
673
674
675
679
682
686
691
697
703
708
711
714
717
718
722
721
721
716
711
707
701
696
692
687
681
673
663
651
635
619
604
589
573
559
544
532
523
515
508
501
497
490
486
481
476
473
469
466
459
452
446
438
433
427
420
414
409
405
402
398
395
391
386
382
377
374
373
373
375
380
383
387
391
391
392
393
393
390
390
388
386
385
383
381
379
376
374
375
373
373
371
367
360
353
347
340
335
329
324
322
319
318
315
312
309
303
296
288
278
268
255
243
231
219
206
196
184
171
158
146
135
126
118
109
101
94
88
84
82
79
78
77
76
74
71
67
61
52
41
29
16
0
-15
-32
-47
-61
-77
-92
-108
-119
-127
-132
-134
-133
-131
-132
-134
-137
-140
-147
-153
-159
-166
-176
-190
-205
-222
-235
-249
-264
-276
-286
-291
-288
-280
-267
-254
-244
-235
-227
-219
-212
-207
-203
-202
-203
-205
-206
-207
-206
-204
-202
-200
-199
-195
-193
-190
-186
-181
-178
-175
-173
-170
-168
-166
-163
-159
-155
-150
-147
-144
-139
-132
-126
-122
-117
-110
-105
-102
-101
-101
-100
-100
-102
-107
-110
-114
-117
-120
-120
-120
-118
-113
-108
-102
-99
-97
-100
-104
-110
-116
-121
-125
-129
-134
-138
-140
-140
-143
-145
-148
-152
-157
-158
-157
-154
-147
-140
-128
-114
-98
-80
-61
-38
-16
1
18
34
53
70
85
97
105
111
114
116
112
105
91
76
58
43
29
18
10
4
1
2
1
0
-4
-11
-18
-23
-24
-23
-22
-19
-18
-16
-12
-9
-7
-6
-4
-1
2
7
14
23
33
43
57
73
88
101
112
123
135
149
162
175
187
195
203
206
208
208
206
205
205
207
211
218
223
231
238
246
255
266
281
295
308
319
330
340
349
357
361
367
372
376
382
389
394
402
408
416
421
428
432
436
438
439
440
441
443
448
452
458
464
472
478
486
492
500
506
514
522
534
547
563
578
596
613
629
644
657
672
685
696
702
708
710
713
715
714
714
712
709
706
702
697
691
683
678
674
671
668
667
668
668
668
668
670
674
676
680
683
687
689
692
694
697
701
705
709
709
705
700
695
690
684
679
672
668
667
665
662
658
650
644
635
628
620
610
597
584
572
559
546
535
528
524
523
520
517
514
510
505
499
494
488
483
478
472
464
457
450
440
429
418
410
408
408
410
414
417
422
423
420
416
412
409
407
404
400
397
392
384
376
370
366
364
362
362
363
366
368
370
376
383
388
394
399
404
410
417
423
430
436
440
444
444
444
443
440
435
431
425
418
411
405
396
386
377
370
362
357
349
343
336
330
326
319
314
310
305
299
294
288
283
277
272
265
261
261
262
263
267
271
278
282
290
296
303
307
311
313
315
316
314
314
312
311
308
306
305
300
297
296
293
290
286
282
278
273
264
255
246
237
229
223
216
207
199
191
181
171
161
153
146
139
132
121
108
94
80
69
59
50
39
26
13
0
-13
-30
-50
-71
-93
-112
-130
-144
-157
-166
-170
-172
-168
-158
-144
-128
-109
-88
-67
-46
-25
-6
12
28
43
55
66
74
81
86
89
93
100
108
114
117
115
109
102
91
81
73
67
61
57
52
52
55
64
78
94
112
132
152
170
186
199
209
216
221
225
226
227
228
227
226
224
222
221
220
220
217
215
212
213
215
220
225
232
239
250
261
275
291
309
324
338
353
367
383
400
413
426
434
442
448
456
467
476
486
497
507
515
522
530
539
546
551
556
559
561
565
568
570
571
573
578
582
584
588
592
597
602
610
618
626
632
636
637
638
636
632
626
617
606
594
583
569
552
537
521
508
497
486
476
468
463
462
463
466
471
479
488
495
500
504
506
508
511
516
524
532
542
553
564
572
582
592
603
618
635
652
666
679
688
696
700
706
713
720
727
731
733
733
731
725
718
709
706
707
712
718
726
740
761
788
818
848
880
910
938
965
990
1011
1029
1045
1056
1062
1066
1071
1074
1080
1085
1087
1088
1090
1095
1098
1101
1101
1098
1091
1081
1068
1051
1033
1015
994
969
944
918
892
867
840
812
785
761
738
717
696
674
652
631
610
584
555
520
480
439
392
344
296
250
203
159
117
80
44
12
-16
-40
-60
-75
-85
-92
-93
-91
-86
-77
-65
-51
-40
-33
-28
-28
-30
-33
-36
-38
-42
-45
-46
-48
-49
-53
-61
-70
-81
-96
-114
-132
-151
-166
-179
-193
-204
-214
-219
-224
-226
-227
-227
-223
-217
-212
-205
-197
-187
-176
-165
-155
-146
-136
-124
-112
-100
-87
-73
-61
-46
-33
-20
-9
1
11
21
32
40
46
53
62
71
81
91
100
110
115
120
126
135
143
152
163
174
186
194
202
209
214
219
221
221
221
223
226
231
236
238
240
239
234
225
215
203
189
178
166
158
151
145
142
141
140
135
131
124
118
112
108
105
100
96
87
76
63
50
34
17
2
-11
-20
-26
-29
-32
-34
-36
-38
-40
-41
-42
-43
-42
-43
-43
-45
-47
-52
-58
-63
-67
-70
-73
-77
-85
-97
-113
-127
-140
-149
-156
-165
-174
-184
-192
-201
-210
-220
-230
-238
-244
-251
-255
-257
-258
-254
-247
-238
-223
-204
-183
-161
-142
-125
-108
-93
-78
-62
-51
-40
-34
-29
-25
-25
-28
-32
-38
-49
-65
-85
-109
-135
-162
-191
-222
-254
-280
-303
-315
-320
-318
-307
-294
-278
-267
-259
-256
-262
-272
-289
-309
-332
-355
-380
-400
-417
-424
-427
-429
-431
-433
-440
-446
-451
-457
-460
-467
-476
-487
-497
-508
-519
-529
-538
-545
-554
-566
-582
-601
-623
-644
-665
-683
-702
-720
-736
-744
-747
-747
-747
-748
-752
-755
-759
-763
-768
-773
-778
-782
-787
-789
-794
-799
-803
-808
-810
-809
-802
-793
-784
-775
-769
-765
-762
-757
-751
-744
-734
-720
-706
-693
-679
-666
-651
-634
-618
-603
-586
-568
-550
-532
-513
-495
-479
-464
-451
-440
-431
-424
-419
-415
-413
-412
-411
-412
-414
-418
-424
-429
-436
-442
-449
-456
-463
-469
-475
-480
-488
-496
-505
-512
-519
-525
-534
-542
-549
-556
-563
-570
-576
-580
-584
-588
-593
-599
-603
-609
-615
-619
-624
-627
-629
-629
-626
-621
-613
-603
-592
-578
-565
-549
-532
-514
-500
-486
-473
-463
-455
-449
-445
-439
-434
-431
-428
-425
-423
-419
-415
-410
-403
-394
-384
-376
-367
-356
-343
-329
-316
-301
-289
-275
-265
-253
-242
-232
-220
-210
-197
-186
-176
-164
-153
-141
-132
-122
-114
-106
-97
-92
-84
-77
-71
-66
-60
-55
-49
-42
-34
-26
-19
-11
-6
0
9
16
25
32
38
45
51
56
61
64
63
61
56
47
39
29
20
9
0
-9
-18
-28
-35
-38
-39
-33
-26
-14
0
16
36
59
86
111
131
148
161
170
173
176
175
176
173
166
155
143
127
113
97
83
71
62
53
47
41
38
35
31
25
20
12
3
-6
-16
-28
-38
-50
-60
-69
-78
-86
-94
-101
-107
-113
-118
-122
-126
-131
-135
-140
-144
-150
-157
-163
-168
-172
-174
-177
-181
-187
-192
-197
-202
-206
-211
-218
-224
-232
-240
-250
-260
-268
-276
-287
-297
-309
-322
-333
-345
-356
-369
-381
-392
-403
-413
-424
-435
-443
-451
-460
-468
-479
-489
-497
-507
-518
-528
-539
-548
-559
-567
-574
-581
-586
-592
-599
-607
-613
-617
-618
-618
-619
-618
-616
-611
-608
-602
-597
-592
-586
-579
-571
-564
-557
-550
-541
-532
-523
-515
-508
-500
-491
-483
-476
-471
-465
-461
-457
-454
-450
-446
-440
-434
-429
-426
-423
-421
-418
-417
-415
-413
-413
-411
-408
-404
-401
-399
-395
-393
-391
-388
-386
-385
-385
-383
-383
-380
-378
-376
-376
-378
-380
-381
-383
-384
-386
-390
-395
-399
-404
-407
-412
-417
-421
-426
-427
-429
-431
-436
-441
-447
-455
-461
-468
-473
-480
-486
-494
-500
-508
-515
-522
-528
-532
-535
-539
-543
-544
-545
-544
-541
-537
-530
-525
-518
-510
-501
-493
-485
-481
-476
-472
-468
-466
-466
-465
-466
-467
-466
-469
-470
-472
-473
-473
-473
-471
-467
-462
-456
-449
-442
-434
-424
-413
-398
-384
-369
-355
-338
-322
-305
-286
-269
-252
-238
-225
-214
-208
-207
-209
-214
-223
-232
-244
-252
-256
-256
-253
-247
-236
-222
-209
-196
-185
-179
-176
-178
-183
-189
-195
-200
-204
-205
-206
-203
-199
-192
-182
-174
-165
-158
-151
-143
-134
-120
-107
-92
-78
-64
-49
-34
-18
-6
6
18
26
31
34
37
37
38
35
32
29
25
23
20
15
10
5
1
-2
-8
-12
-20
-27
-39
-48
-57
-65
-74
-83
-95
-106
-115
-122
-128
-133
-137
-142
-145
-148
-151
-155
-158
-159
-161
-162
-164
-167
-168
-170
-173
-174
-177
-178
-179
-177
-178
-181
-183
-188
-190
-192
-196
-200
-206
-211
-218
-227
-236
-246
-255
-264
-273
-282
-291
-299
-309
-316
-322
-325
-329
-336
-342
-349
-357
-366
-375
-383
-391
-396
-400
-404
-406
-406
-405
-401
-399
-394
-393
-390
-386
-384
-381
-380
-378
-377
-380
-381
-384
-388
-391
-397
-403
-406
-407
-409
-411
-413
-415
-418
-424
-430
-436
-442
-445
-447
-451
-456
-459
-463
-462
-457
-453
-450
-445
-438
-431
-423
-415
-408
-400
-391
-385
-379
-372
-362
-350
-340
-328
-317
-305
-291
-276
-264
-251
-237
-225
-212
-198
-184
-171
-160
-149
-140
-132
-122
-115
-108
-101
-95
-89
-84
-80
-79
-77
-78
-76
-77
-78
-78
-79
-80
-82
-81
-81
-79
-75
-67
-57
-41
-24
-4
16
37
61
82
103
122
138
154
171
186
201
213
226
233
239
243
245
250
253
257
259
263
267
275
280
286
290
294
295
297
298
304
311
320
330
341
348
355
358
361
363
365
369
373
382
391
402
414
427
442
455
464
468
470
469
462
457
452
448
445
441
433
423
411
397
382
364
345
323
303
285
268
251
230
207
184
164
142
123
104
87
71
57
52
53
60
61
57
49
44
40
38
37
37
39
43
51
62
73
82
88
95
100
104
108
113
117
121
119
117
114
113
114
116
115
111
104
93
76
60
44
29
15
2
-8
-14
-15
-13
-6
1
15
30
47
66
85
106
131
156
177
195
210
224
235
241
244
245
242
235
228
218
210
200
188
176
164
151
138
122
108
91
76
58
39
20
0
-19
-35
-44
-52
-61
-67
-72
-73
-74
-73
-74
-77
-84
-92
-99
-107
-113
-121
-128
-134
-137
-140
-144
-148
-153
-156
-159
-163
-168
-175
-182
-187
-194
-199
-204
-210
-219
-230
-244
-257
-272
-287
-303
-317
-331
-343
-355
-364
-375
-384
-392
-399
-405
-410
-416
-424
-433
-443
-450
-457
-463
-470
-477
-480
-482
-483
-482
-484
-483
-485
-487
-490
-494
-498
-504
-511
-521
-532
-544
-556
-571
-587
-604
-621
-640
-659
-676
-692
-706
-719
-731
-742
-753
-764
-774
-780
-787
-794
-800
-807
-813
-820
-828
-837
-849
-860
-871
-881
-889
-896
-903
-909
-915
-917
-921
-925
-927
-928
-928
-929
-928
-929
-927
-924
-922
-921
-918
-913
-908
-903
-896
-891
-883
-873
-864
-853
-846
-837
-826
-815
-805
-793
-786
-781
-778
-775
-769
-762
-755
-747
-740
-732
-725
-718
-714
-713
-711
-708
-706
-704
-703
-701
-699
-697
-696
-697
-700
-703
-706
-706
-707
-709
-709
-708
-707
-703
-700
-697
-694
-690
-685
-679
-674
-668
-664
-659
-657
-658
-661
-665
-669
-673
-674
-673
-673
-671
-670
-671
-670
-670
-667
-668
-669
-670
-673
-676
-680
-685
-687
-689
-690
-690
-688
-686
-681
-678
-675
-673
-669
-668
-665
-660
-655
-650
-646
-640
-636
-634
-631
-630
-629
-627
-626
-626
-627
-625
-624
-621
-619
-619
-620
-622
-623
-624
-627
-629
-631
-632
-635
-636
-636
-631
-623
-615
-605
-596
-585
-573
-561
-547
-535
-522
-509
-493
-479
-462
-447
-433
-418
-404
-393
-384
-375
-365
-357
-350
-343
-334
-324
-314
-306
-296
-284
-271
-258
-246
-233
-220
-209
-196
-187
-176
-168
-159
-152
-147
-141
-134
-130
-126
-122
-121
-120
-119
-120
-120
-120
-121
-122
-125
-127
-129
-132
-134
-139
-146
-153
-158
-163
-169
-175
-183
-191
-199
-210
-217
-225
-230
-237
-244
-251
-257
-261
-264
-268
-270
-271
-273
-272
-270
-267
-265
-260
-257
-254
-251
-249
-244
-240
-237
-234
-230
-228
-228
-227
-229
-227
-227
-229
-230
-235
-237
-239
-242
-243
-243
-244
-245
-247
-247
-247
-245
-243
-243
-242
-240
-238
-236
-234
-232
-230
-226
-219
-212
-207
-204
-201
-200
-197
-194
-192
-190
-188
-189
-188
-188
-187
-183
-181
-178
-175
-172
-168
-169
-171
-175
-179
-181
-178
-173
-164
-154
-139
-121
-98
-75
-50
-21
11
51
96
144
191
234
273
304
329
349
365
372
376
377
378
382
385
391
395
399
403
407
415
422
426
427
421
413
399
385
368
357
348
345
348
354
367
382
398
414
428
436
438
439
442
444
452
459
471
483
497
512
526
539
549
560
570
581
589
597
605
612
616
621
620
620
617
612
603
595
584
574
565
555
545
536
529
522
513
502
489
477
465
453
442
430
419
412
406
402
400
398
399
401
402
403
401
396
389
377
365
349
334
318
302
290
278
266
255
245
239
234
231
232
233
238
246
253
260
267
272
273
271
264
255
246
235
225
218
209
204
200
197
195
193
193
192
195
199
207
218
231
244
258
271
282
291
299
305
311
318
322
323
323
321
323
325
330
333
337
343
352
363
374
388
401
415
428
442
453
464
475
484
495
505
514
522
530
538
545
552
558
565
573
581
589
596
605
614
621
627
634
639
645
652
656
660
661
662
662
662
662
660
657
655
651
649
648
644
642
637
633
629
625
618
611
602
593
585
575
563
552
538
525
508
490
470
448
426
403
378
350
323
293
264
235
204
177
150
127
109
91
79
72
66
60
53
45
37
27
16
5
-7
-18
-26
-35
-42
-48
-51
-56
-62
-67
-73
-78
-83
-86
-87
-89
-91
-94
-96
-100
-106
-114
-117
-120
-123
-129
-138
-149
-159
-168
-173
-175
-171
-168
-160
-152
-145
-137
-128
-120
-108
-95
-84
-74
-64
-55
-46
-40
-35
-32
-33
-35
-36
-37
-38
-36
-33
-28
-22
-15
-7
0
9
17
25
33
39
44
52
58
66
73
77
79
80
78
79
78
77
76
73
69
64
59
55
52
46
38
33
30
27
25
24
23
22
23
22
22
26
29
33
36
38
41
43
46
50
53
58
63
68
72
77
85
92
100
108
115
122
129
136
142
149
152
156
157
159
159
158
157
157
160
162
164
166
169
172
178
181
183
185
187
187
189
190
190
192
193
195
196
196
195
192
190
188
185
182
177
173
168
163
158
154
150
147
144
141
140
140
139
138
134
127
119
108
97
84
70
54
40
24
8
-6
-21
-34
-47
-58
-68
-77
-84
-90
-97
-103
-108
-114
-118
-122
-125
-130
-133
-137
-141
-149
-156
-165
-172
-180
-187
-193
-200
-209
-216
-223
-229
-235
-241
-247
-252
-255
-257
-260
-260
-260
-259
-260
-261
-264
-265
-264
-264
-263
-261
-259
-259
-262
-265
-270
-278
-284
-290
-293
-297
-299
-301
-302
-304
-303
-302
-300
-300
-298
-300
-303
-307
-311
-316
-323
-328
-332
-336
-340
-345
-352
-357
-362
-367
-372
-377
-385
-394
-403
-412
-421
-433
-444
-453
-462
-471
-480
-491
-502
-513
-524
-536
-551
-563
-575
-584
-590
-594
-597
-603
-605
-607
-607
-609
-613
-616
-621
-626
-630
-634
-636
-637
-638
-640
-641
-642
-643
-646
-649
-655
-665
-676
-688
-701
-716
-730
-744
-754
-764
-771
-776
-782
-785
-787
-789
-788
-787
-787
-789
-789
-791
-794
-797
-800
-802
-800
-797
-793
-786
-781
-773
-764
-754
-744
-735
-729
-721
-712
-704
-692
-680
-667
-655
-642
-627
-613
-598
-584
-569
-555
-539
-523
-505
-488
-469
-449
-430
-412
-393
-376
-359
-343
-329
-315
-301
-288
-274
-262
-251
-244
-241
-239
-240
-240
-238
-235
-231
-226
-220
-215
-210
-203
-199
-192
-184
-175
-167
-159
-152
-143
-135
-124
-109
-94
-77
-59
-42
-23
-4
17
37
55
67
76
81
85
88
88
86
84
83
81
82
83
85
86
88
93
97
102
108
116
124
131
136
143
148
156
161
168
172
178
184
190
193
197
200
203
208
211
214
214
215
215
215
214
215
218
219
221
224
227
227
230
231
232
232
233
232
230
227
222
216
209
203
196
189
181
172
163
154
147
138
129
121
113
104
92
82
73
63
54
45
39
32
27
21
16
12
10
12
11
10
6
0
-7
-15
-21
-24
-25
-25
-26
-27
-31
-39
-48
-57
-67
-75
-82
-91
-99
-107
-112
-116
-116
-111
-107
-101
-99
-100
-104
-114
-126
-139
-154
-170
-184
-199
-212
-226
-239
-253
-268
-282
-297
-311
-324
-334
-345
-354
-362
-370
-373
-376
-380
-382
-384
-387
-387
-388
-389
-391
-394
-395
-397
-399
-401
-401
-402
-402
-403
-403
-404
-405
-407
-411
-417
-421
-422
-421
-419
-418
-417
-417
-413
-408
-398
-388
-375
-362
-347
-330
-310
-290
-267
-240
-213
-186
-156
-127
-94
-60
-25
7
42
72
99
125
146
167
185
203
220
237
253
269
287
303
319
332
346
360
378
393
408
423
437
454
473
492
512
534
553
575
595
616
636
653
669
683
697
710
723
736
748
762
772
778
781
782
786
791
800
813
825
839
855
871
889
910
930
951
971
991
1012
1030
1047
1064
1080
1095
1112
1130
1145
1159
1174
1189
1206
1223
1241
1259
1273
1286
1290
1292
1288
1283
1277
1269
1262
1252
1243
1231
1219
1208
1196
1185
1174
1162
1154
1148
1143
1139
1135
1131
1127
1124
1121
1117
1114
1111
1107
1104
1105
1106
1110
1113
1119
1122
1127
1128
1130
1130
1130
1129
1129
1127
1123
1119
1115
1109
1102
1097
1089
1084
1078
1071
1066
1060
1053
1048
1043
1038
1032
1027
1021
1017
1013
1007
1002
995
989
982
976
973
968
967
965
965
964
965
961
959
958
955
954
951
948
944
942
941
939
935
934
931
930
929
928
929
928
930
933
936
940
944
949
954
960
966
972
978
983
989
994
998
1002
1004
1002
1000
999
999
997
997
994
993
994
995
996
999
998
999
997
995
994
994
989
983
974
965
954
940
924
904
881
858
836
814
795
777
761
744
731
722
714
709
705
702
701
702
703
707
711
714
718
723
732
740
751
760
770
781
792
804
815
827
835
841
845
848
848
848
847
845
842
838
832
824
817
809
800
793
785
776
769
763
758
755
749
747
745
745
746
747
750
750
752
755
760
763
766
767
770
771
773
774
775
778
779
778
777
776
773
767
761
755
747
740
733
724
714
706
696
686
679
672
671
671
672
674
677
680
681
681
677
672
666
658
650
640
629
619
611
603
595
587
578
570
562
556
553
551
551
548
545
541
538
533
527
517
503
487
466
441
415
388
364
341
323
306
295
292
291
296
301
307
315
321
328
332
332
330
324
316
308
299
293
286
280
276
273
272
273
272
272
268
264
259
251
243
235
225
216
204
192
179
166
151
137
123
110
97
82
68
54
39
26
11
-2
-14
-28
-41
-53
-67
-79
-92
-104
-114
-125
-133
-144
-155
-169
-182
-196
-212
-227
-242
-260
-278
-296
-313
-331
-348
-364
-380
-394
-410
-427
-441
-454
-465
-476
-485
-494
-501
-508
-515
-519
-526
-533
-540
-547
-554
-563
-572
-582
-591
-600
-607
-616
-625
-637
-647
-657
-668
-677
-688
-697
-704
-711
-719
-725
-728
-732
-734
-735
-735
-738
-739
-744
-747
-752
-757
-764
-771
-782
-792
-805
-817
-830
-843
-859
-873
-888
-901
-913
-924
-934
-944
-954
-963
-970
-977
-983
-987
-990
-992
-996
-1002
-1008
-1014
-1021
-1028
-1036
-1046
-1054
-1064
-1071
-1079
-1086
-1093
-1098
-1103
-1106
-1109
-1111
-1112
-1113
-1113
-1114
-1115
-1118
-1121
-1125
-1128
-1134
-1138
-1142
-1148
-1155
-1160
-1164
-1169
-1170
-1172
-1172
-1173
-1174
-1174
-1174
-1172
-1168
-1163
-1156
-1149
-1144
-1139
-1137
-1135
-1131
-1125
-1117
-1109
-1102
-1094
-1086
-1077
-1067
-1061
-1054
-1048
-1044
-1040
-1038
-1035
-1030
-1026
-1021
-1016
-1010
-1004
-993
-982
-968
-955
-942
-930
-920
-910
-902
-894
-884
-876
-868
-861
-856
-851
-845
-839
-831
-822
-811
-798
-783
-764
-741
-714
-686
-654
-620
-587
-551
-518
-486
-459
-434
-412
-393
-376
-359
-347
-337
-331
-326
-320
-316
-309
-304
-297
-289
-282
-274
-267
-264
-259
-256
-253
-254
-258
-260
-264
-266
-272
-279
-287
-295
-304
-315
-326
-334
-340
-346
-351
-356
-361
-368
-374
-380
-386
-394
-401
-408
-415
-419
-424
-431
-438
-446
-453
-457
-457
-457
-456
-455
-455
-456
-458
-458
-460
-460
-460
-461
-464
-465
-467
-468
-468
-463
-457
-449
-442
-434
-422
-409
-394
-374
-353
-329
-305
-281
-254
-225
-198
-169
-141
-111
-80
-48
-17
14
44
74
101
124
146
165
183
197
213
224
236
245
253
261
269
274
277
280
284
286
288
291
293
298
304
309
314
320
326
331
336
345
355
367
380
390
399
410
417
424
430
431
430
428
424
421
414
405
396
388
379
372
366
361
356
352
347
341
335
334
332
332
329
327
325
321
317
310
303
296
289
281
272
264
255
249
241
235
225
213
198
179
159
140
118
98
80
62
48
35
20
8
-4
-15
-25
-34
-45
-59
-72
-90
-109
-129
-153
-177
-203
-228
-252
-271
-288
-306
-327
-350
-376
-401
-423
-446
-467
-489
-512
-536
-558
-578
-594
-610
-625
-639
-656
-668
-676
-676
-674
-667
-657
-642
-620
-597
-571
-546
-524
-502
-482
-464
-445
-430
-417
-406
-399
-392
-385
-376
-368
-361
-356
-355
-356
-360
-367
-379
-395
-410
-420
-426
-423
-416
-408
-402
-398
-397
-398
-399
-400
-399
-401
-403
-407
-408
-412
-414
-420
-425
-429
-434
-435
-436
-435
-434
-436
-441
-445
-453
-462
-472
-484
-496
-508
-521
-536
-553
-567
-583
-600
-617
-631
-644
-658
-674
-689
-705
-719
-731
-744
-755
-764
-772
-780
-789
-794
-797
-801
-802
-806
-812
-816
-822
-829
-834
-836
-838
-838
-837
-833
-828
-822
-814
-806
-796
-783
-773
-761
-752
-743
-736
-728
-720
-715
-711
-710
-707
-707
-704
-701
-697
-693
-691
-687
-683
-677
-671
-665
-661
-655
-651
-646
-642
-635
-630
-623
-617
-614
-610
-607
-604
-602
-598
-596
-595
-591
-589
-586
-581
-576
-572
-566
-557
-548
-536
-525
-515
-506
-494
-480
-467
-455
-444
-431
-417
-403
-388
-374
-358
-344
-329
-315
-301
-290
-280
-271
-262
-254
-245
-236
-228
-224
-222
-220
-221
-220
-220
-217
-217
-216
-217
-217
-219
-222
-226
-234
-245
-258
-272
-287
-301
-314
-324
-335
-349
-365
-385
-405
-424
-438
-446
-451
-453
-455
-457
-459
-456
-449
-435
-418
-402
-391
-387
-386
-390
-399
-411
-427
-444
-458
-475
-492
-511
-527
-542
-552
-563
-575
-583
-585
-579
-568
-556
-544
-539
-539
-542
-547
-551
-554
-558
-564
-572
-579
-585
-589
-593
-597
-600
-604
-607
-609
-608
-605
-602
-595
-584
-570
-558
-551
-545
-541
-540
-543
-553
-570
-590
-611
-629
-645
-658
-668
-676
-683
-688
-694
-701
-709
-718
-729
-739
-751
-762
-774
-786
-797
-807
-818
-831
-843
-855
-868
-882
-893
-906
-917
-929
-940
-950
-959
-969
-975
-979
-980
-977
-973
-963
-950
-934
-915
-894
-874
-854
-836
-821
-804
-792
-781
-770
-760
-749
-737
-729
-724
-720
-713
-706
-699
-690
-683
-675
-666
-653
-636
-618
-592
-562
-525
-487
-451
-423
-399
-378
-357
-339
-321
-306
-291
-277
-263
-251
-242
-233
-226
-219
-214
-209
-205
-197
-187
-176
-166
-157
-150
-147
-145
-144
-146
-146
-147
-146
-144
-142
-137
-132
-131
-128
-126
-123
-117
-111
-104
-97
-90
-82
-75
-68
-61
-52
-43
-34
-26
-18
-11
-5
0
3
5
7
10
10
9
8
6
5
2
2
3
3
2
1
0
0
0
0
4
12
19
28
36
42
49
58
65
74
84
94
102
110
118
126
135
144
153
161
167
173
176
180
185
187
190
192
193
192
189
188
187
184
183
183
180
177
173
168
164
160
154
147
142
138
137
137
139
143
149
159
169
180
188
192
196
198
198
200
201
199
196
189
180
168
155
142
128
114
100
85
71
57
45
32
18
5
-3
-13
-26
-39
-55
-69
-83
-96
-111
-128
-146
-164
-183
-200
-215
-225
-234
-241
-244
-248
-252
-258
-264
-269
-272
-273
-276
-282
-288
-296
-307
-318
-329
-338
-344
-351
-357
-364
-372
-379
-386
-393
-402
-409
-420
-428
-439
-447
-454
-460
-464
-469
-473
-483
-494
-508
-523
-537
-551
-568
-582
-596
-608
-619
-627
-631
-635
-634
-630
-625
-618
-610
-606
-601
-596
-591
-589
-588
-589
-589
-593
-599
-611
-626
-643
-665
-688
-714
-740
-767
-794
-819
-841
-862
-882
-899
-918
-935
-954
-975
-996
-1017
-1036
-1052
-1066
-1079
-1090
-1102
-1115
-1129
-1141
-1155
-1167
-1180
-1192
-1203
-1212
-1220
-1229
-1238
-1247
-1253
-1255
-1255
-1251
-1245
-1237
-1228
-1220
-1210
-1203
-1192
-1177
-1160
-1141
-1121
-1101
-1084
-1067
-1051
-1036
-1023
-1013
-1005
-999
-994
-993
-995
-1002
-1008
-1016
-1022
-1024
-1023
-1016
-1006
-995
-982
-967
-955
-949
-947
-946
-942
-931
-913
-887
-850
-802
-749
-695
-642
-592
-546
-502
-466
-434
-405
-380
-357
-334
-314
-296
-279
-266
-256
-245
-235
-223
-210
-197
-183
-168
-154
-139
-123
-102
-83
-61
-40
-18
0
17
30
41
53
61
67
73
76
76
78
79
78
75
73
67
63
59
57
55
52
52
50
45
42
37
35
33
32
32
33
36
46
60
80
102
124
149
173
198
223
249
272
294
312
326
340
350
360
368
375
380
380
381
382
384
390
399
410
421
435
446
455
458
460
458
455
451
449
448
451
456
460
466
470
472
475
477
479
477
475
474
473
470
466
458
449
438
428
419
413
406
401
394
390
386
382
378
376
372
367
360
350
337
325
312
303
298
293
291
288
285
280
273
264
253
243
231
224
217
213
208
202
195
188
184
180
177
178
176
178
178
181
185
192
199
205
212
220
228
237
244
252
262
274
288
303
320
334
349
364
378
389
397
399
397
392
384
370
354
335
317
301
286
272
258
246
235
224
216
206
194
181
164
145
129
113
97
81
66
52
37
22
6
-9
-25
-39
-52
-65
-75
-83
-86
-88
-87
-86
-87
-90
-97
-101
-102
-96
-89
-79
-67
-49
-31
-10
13
42
76
112
145
175
203
227
251
273
291
309
325
340
352
362
372
380
386
395
405
419
437
453
470
484
497
512
524
537
545
551
554
557
559
561
562
561
559
559
561
565
568
569
568
569
566
560
554
547
542
539
537
538
537
538
538
537
537
535
532
528
523
521
520
517
514
510
505
498
493
484
475
467
458
451
443
435
425
414
403
393
384
374
368
362
359
356
354
352
351
350
352
353
356
361
367
372
376
379
383
390
395
401
402
402
401
402
405
409
411
411
410
409
405
400
393
384
375
367
361
354
348
343
337
334
332
333
340
352
367
383
402
421
437
451
463
473
478
480
477
470
461
448
435
418
403
387
372
359
347
335
323
312
301
292
283
277
272
269
266
262
255
248
240
232
224
215
206
198
188
176
163
149
136
122
109
99
85
71
55
38
20
2
-16
-36
-57
-78
-100
-120
-138
-150
-161
-168
-173
-176
-177
-175
-171
-163
-155
-147
-138
-128
-121
-114
-107
-100
-93
-88
-87
-86
-83
-78
-70
-58
-45
-34
-25
-18
-11
-4
3
10
17
21
23
22
16
4
-8
-25
-41
-57
-72
-85
-92
-97
-103
-113
-130
-150
-171
-186
-199
-208
-215
-221
-225
-225
-221
-212
-202
-192
-184
-176
-171
-165
-162
-160
-162
-166
-170
-175
-180
-184
-190
-197
-205
-211
-221
-231
-243
-255
-272
-288
-306
-323
-342
-359
-378
-394
-413
-433
-455
-481
-508
-537
-564
-589
-615
-640
-665
-688
-708
-728
-743
-754
-760
-761
-753
-737
-718
-692
-663
-630
-591
-550
-505
-462
-418
-382
-353
-331
-311
-294
-276
-263
-250
-241
-235
-228
-225
-220
-216
-212
-207
-202
-196
-187
-177
-165
-150
-135
-118
-101
-83
-65
-50
-38
-29
-24
-20
-18
-18
-16
-15
-12
-10
-6
-3
3
9
17
25
33
39
46
53
58
64
67
71
73
75
78
82
87
91
94
100
105
111
116
121
122
119
117
114
111
103
91
77
62
47
33
17
3
-6
-13
-16
-16
-13
-5
4
15
26
37
48
62
77
95
113
133
154
175
197
213
228
243
260
280
302
327
351
375
393
412
427
443
457
467
473
476
477
481
484
488
489
491
491
492
493
495
494
492
490
485
482
479
481
487
496
506
517
528
543
561
580
598
619
638
660
683
707
728
753
777
801
824
846
867
888
908
927
946
964
980
994
1005
1012
1017
1021
1026
1027
1029
1027
1024
1022
1016
1012
1008
1003
996
988
982
977
971
963
954
944
937
929
920
913
906
901
898
895
892
890
887
888
892
894
897
899
901
904
907
910
913
915
918
919
921
922
923
922
921
921
920
917
916
913
912
907
899
892
883
876
866
852
836
819
803
787
776
766
759
750
745
739
738
739
739
741
744
746
750
755
761
770
786
807
831
856
883
907
926
942
954
963
971
976
979
981
983
986
989
991
994
998
1001
1003
1002
998
990
981
969
956
941
926
912
896
881
865
852
838
827
817
807
803
804
807
814
822
836
852
872
891
910
928
946
965
982
999
1013
1024
1030
1033
1032
1031
1026
1022
1015
1008
999
991
985
981
977
968
955
938
917
895
869
840
813
787
760
737
718
700
688
679
671
665
659
657
658
659
661
663
666
671
678
684
688
691
690
687
685
682
678
676
672
668
662
657
651
645
638
632
628
625
622
620
617
613
610
607
602
599
597
598
599
602
608
616
626
640
657
678
700
724
745
764
784
802
820
836
850
863
873
882
889
893
899
904
911
916
920
922
923
921
919
914
910
906
903
900
900
899
900
899
898
897
895
894
894
895
897
898
898
897
892
885
877
867
855
845
837
833
827
825
822
819
815
814
814
816
817
819
819
818
818
818
818
817
812
806
797
783
769
750
727
705
682
658
633
605
578
550
522
494
466
438
411
384
357
331
309
287
267
252
238
228
221
212
205
199
192
187
180
174
168
165
160
156
151
145
140
135
131
127
124
119
112
106
99
97
96
100
104
108
113
117
123
127
132
138
146
156
166
176
184
195
203
211
217
223
231
236
237
236
233
230
232
235
242
249
255
260
265
267
273
279
285
295
303
312
321
325
328
329
330
329
329
327
328
327
326
324
319
312
301
290
280
271
269
268
266
262
260
257
252
243
231
217
206
199
196
193
193
191
190
190
191
193
196
198
198
191
184
174
164
154
142
129
117
104
89
70
51
32
13
-2
-17
-32
-47
-63
-80
-94
-107
-114
-121
-125
-127
-130
-136
-142
-152
-161
-170
-177
-184
-187
-186
-182
-176
-170
-163
-156
-152
-146
-145
-146
-149
-151
-153
-152
-154
-158
-163
-166
-168
-170
-174
-177
-177
-175
-172
-169
-166
-162
-158
-150
-139
-129
-122
-117
-113
-104
-93
-79
-60
-36
-9
15
39
62
83
105
124
143
156
166
173
177
181
187
193
198
204
208
215
221
228
235
243
252
264
275
286
298
307
320
334
351
371
397
423
450
474
494
510
525
538
552
563
575
584
596
609
623
638
652
666
678
691
702
713
722
735
750
766
786
802
817
825
830
833
838
841
841
837
833
829
829
831
835
840
850
858
866
871
877
884
892
901
910
917
924
931
937
941
945
950
955
955
952
948
944
940
935
929
921
916
907
896
880
858
836
812
785
756
729
702
677
654
632
613
599
585
574
564
555
546
539
532
527
524
525
527
530
534
541
554
570
586
605
625
648
670
691
714
735
759
782
804
824
841
853
860
867
871
874
876
879
887
896
909
922
941
959
975
985
990
992
991
988
982
979
980
984
991
998
999
996
991
985
978
974
969
965
967
971
977
985
991
997
1005
1015
1027
1041
1057
1074
1091
1108
1128
1151
1176
1200
1224
1244
1260
1277
1291
1306
1320
1333
1345
1354
1361
1363
1366
1370
1372
1374
1373
1374
1375
1377
1378
1380
1385
1395
1403
1411
1418
1430
1445
1464
1486
1506
1524
1540
1550
1561
1566
1572
1575
1579
1580
1579
1577
1571
1567
1563
1557
1550
1538
1524
1509
1494
1478
1461
1444
1423
1400
1379
1357
1334
1309
1281
1255
1228
1201
1172
1145
1118
1094
1070
1043
1017
989
961
933
909
889
870
853
838
826
815
803
794
785
778
773
770
766
766
765
766
768
771
773
775
777
779
778
774
766
760
751
739
727
718
710
706
701
695
689
680
671
662
653
648
649
657
669
684
695
702
703
703
700
695
691
688
686
684
681
677
672
670
667
664
659
654
648
644
643
643
644
645
646
649
651
654
657
661
666
668
667
664
660
654
649
643
634
627
619
612
607
600
596
592
588
583
579
573
570
565
562
555
551
546
540
532
525
520
514
511
509
506
503
499
497
494
490
488
486
482
479
477
475
470
465
457
450
441
433
425
415
405
392
375
358
342
325
310
296
283
272
261
251
244
236
232
228
227
225
226
229
232
235
237
239
237
233
225
216
205
194
182
172
161
149
138
124
110
95
81
69
58
48
42
40
38
35
36
35
34
30
24
14
1
-13
-27
-43
-57
-71
-84
-94
-103
-108
-113
-117
-122
-129
-135
-143
-151
-159
-166
-173
-180
-187
-194
-200
-205
-208
-210
-209
-207
-203
-196
-190
-180
-170
-161
-152
-146
-142
-137
-130
-120
-104
-85
-64
-44
-24
-5
11
29
45
60
77
97
118
144
169
197
224
250
276
302
329
356
381
407
431
455
485
515
546
573
597
618
639
662
683
703
719
733
744
752
758
760
758
756
750
745
738
729
718
707
695
682
668
655
642
628
612
592
573
554
537
524
514
509
508
511
515
519
522
528
534
540
550
558
568
577
584
591
597
601
604
609
616
625
633
642
650
659
668
678
691
704
714
720
721
721
721
718
716
712
708
700
689
679
667
658
649
642
636
634
634
635
639
648
663
679
697
712
726
737
747
754
761
766
767
761
751
736
718
700
682
665
650
639
627
614
601
588
580
576
574
576
580
587
600
613
630
649
665
679
691
699
703
703
704
705
707
707
709
710
711
710
710
710
710
710
714
715
716
716
719
721
724
727
733
739
744
750
753
756
759
759
759
761
762
762
760
758
756
754
751
751
752
751
751
753
755
759
760
764
767
771
772
775
777
781
783
783
780
772
763
752
740
728
716
707
701
695
691
686
684
680
676
671
669
668
667
668
669
670
670
667
663
657
651
645
638
629
620
607
594
578
562
544
522
498
471
444
412
381
349
316
284
249
216
185
155
130
108
89
73
60
51
44
35
26
11
-5
-22
-37
-53
-68
-83
-96
-110
-125
-143
-161
-178
-194
-207
-222
-238
-253
-267
-282
-297
-312
-330
-348
-368
-385
-403
-422
-440
-455
-470
-479
-487
-498
-508
-517
-524
-530
-537
-543
-549
-555
-558
-563
-565
-570
-574
-581
-591
-601
-614
-626
-634
-637
-633
-627
-619
-611
-604
-596
-588
-581
-573
-564
-553
-541
-528
-517
-506
-494
-480
-464
-445
-427
-406
-386
-366
-345
-322
-299
-275
-255
-241
-229
-218
-206
-191
-177
-163
-148
-132
-114
-99
-87
-79
-73
-68
-64
-58
-50
-41
-29
-19
-11
-2
3
10
15
22
31
41
55
69
85
103
117
130
142
149
155
158
161
164
166
170
172
173
174
172
169
167
166
163
158
152
145
136
129
121
116
110
102
95
87
78
70
65
58
52
45
43
41
40
37
32
26
21
15
8
0
-8
-16
-26
-37
-50
-65
-83
-100
-115
-129
-145
-163
-182
-201
-222
-244
-264
-284
-301
-317
-332
-347
-362
-374
-385
-392
-400
-405
-409
-417
-424
-429
-437
-443
-449
-454
-460
-466
-473
-481
-492
-506
-522
-540
-559
-583
-608
-635
-662
-687
-713
-739
-763
-785
-800
-810
-821
-833
-844
-853
-860
-869
-882
-897
-914
-930
-945
-959
-972
-984
-999
-1012
-1023
-1033
-1039
-1042
-1042
-1038
-1029
-1018
-1009
-999
-991
-987
-987
-990
-999
-1009
-1018
-1028
-1037
-1043
-1048
-1050
-1053
-1055
-1056
-1057
-1057
-1058
-1058
-1059
-1061
-1058
-1053
-1046
-1037
-1030
-1020
-1012
-1004
-996
-992
-988
-984
-984
-986
-986
-983
-982
-981
-981
-981
-978
-973
-970
-965
-961
-956
-950
-941
-929
-914
-902
-890
-879
-872
-864
-854
-844
-833
-823
-814
-808
-801
-794
-788
-778
-765
-754
-743
-734
-723
-711
-697
-679
-663
-646
-630
-617
-603
-594
-586
-579
-573
-569
-566
-566
-566
-564
-565
-567
-569
-573
-576
-578
-580
-581
-582
-583
-584
-588
-590
-592
-593
-595
-595
-596
-596
-597
-595
-591
-589
-584
-579
-574
-571
-568
-567
-564
-559
-556
-551
-547
-543
-539
-533
-528
-523
-517
-513
-507
-505
-504
-503
-502
-500
-500
-501
-505
-508
-512
-517
-521
-526
-530
-532
-536
-541
-547
-551
-554
-557
-558
-558
-558
-557
-557
-556
-554
-553
-551
-551
-549
-548
-545
-544
-541
-539
-539
-537
-537
-537
-540
-544
-548
-554
-561
-570
-581
-591
-601
-608
-617
-626
-635
-642
-650
-658
-665
-674
-680
-686
-691
-695
-698
-702
-705
-707
-705
-703
-700
-696
-693
-688
-683
-676
-666
-655
-646
-638
-630
-623
-615
-610
-605
-602
-599
-595
-596
-598
-602
-607
-610
-614
-615
-618
-620
-623
-623
-625
-629
-631
-637
-642
-647
-652
-660
-668
-679
-690
-705
-723
-742
-759
-775
-790
-802
-814
-822
-825
-825
-821
-813
-803
-791
-775
-757
-739
-721
-706
-694
-681
-670
-659
-649
-640
-631
-624
-617
-610
-606
-604
-606
-613
-622
-633
-646
-658
-671
-686
-698
-710
-723
-733
-743
-753
-765
-778
-789
-801
-811
-822
-831
-842
-853
-865
-874
-883
-890
-896
-899
-903
-907
-907
-905
-901
-895
-892
-891
-893
-895
-898
-901
-905
-913
-922
-932
-941
-948
-957
-968
-979
-989
-997
-1003
-1009
-1015
-1016
-1014
-1010
-1004
-997
-990
-985
-979
-971
-964
-956
-947
-937
-922
-904
-885
-867
-849
-835
-825
-818
-816
-816
-817
-815
-808
-800
-791
-784
-781
-781
-780
-782
-784
-785
-786
-787
-785
-784
-783
-779
-773
-765
-757
-751
-746
-741
-737
-737
-740
-746
-753
-762
-773
-787
-803
-817
-834
-852
-869
-886
-903
-919
-934
-949
-963
-976
-988
-1001
-1009
-1017
-1025
-1034
-1041
-1046
-1049
-1048
-1046
-1039
-1032
-1024
-1017
-1010
-1006
-1000
-996
-992
-993
-994
-999
-1005
-1012
-1021
-1032
-1044
-1054
-1065
-1076
-1085
-1094
-1106
-1117
-1128
-1136
-1142
-1148
-1151
-1156
-1160
-1165
-1171
-1181
-1191
-1202
-1212
-1224
-1235
-1245
-1256
-1265
-1275
-1288
-1300
-1315
-1329
-1345
-1363
-1381
-1398
-1416
-1432
-1446
-1462
-1481
-1497
-1515
-1530
-1548
-1568
-1589
-1611
-1633
-1657
-1679
-1699
-1716
-1731
-1745
-1755
-1763
-1774
-1782
-1790
-1795
-1797
-1801
-1804
-1807
-1808
-1808
-1808
-1806
-1806
-1802
-1798
-1795
-1792
-1789
-1785
-1779
-1776
-1771
-1768
-1763
-1756
-1747
-1739
-1732
-1724
-1716
-1708
-1697
-1686
-1674
-1662
-1651
-1640
-1626
-1610
-1591
-1568
-1546
-1525
-1506
-1489
-1475
-1463
-1451
-1439
-1429
-1420
-1413
-1403
-1393
-1382
-1371
-1360
-1347
-1331
-1316
-1300
-1288
-1278
-1269
-1265
-1260
-1256
-1249
-1240
-1229
-1219
-1210
-1203
-1199
-1201
-1206
-1213
-1224
-1235
-1250
-1261
-1271
-1277
-1280
-1279
-1274
-1266
-1255
-1242
-1225
-1205
-1181
-1154
-1125
-1093
-1062
-1033
-1002
-971
-945
-921
-900
-882
-865
-848
-830
-814
-800
-789
-778
-767
-753
-736
-717
-698
-679
-661
-648
-638
-631
-627
-624
-622
-622
-623
-624
-626
-629
-631
-631
-631
-629
-624
-620
-616
-613
-612
-609
-606
-604
-603
-601
-602
-602
-604
-607
-608
-607
-604
-599
-588
-576
-563
-552
-540
-532
-526
-521
-516
-512
-508
-506
-507
-508
-507
-505
-503
-503
-505
-509
-513
-516
-515
-514
-508
-502
-494
-490
-485
-484
-484
-484
-483
-480
-478
-475
-468
-459
-450
-441
-432
-425
-419
-414
-411
-409
-408
-408
-406
-404
-400
-397
-393
-389
-384
-376
-369
-360
-349
-336
-322
-305
-288
-270
-250
-229
-208
-186
-166
-147
-129
-112
-96
-77
-60
-44
-29
-14
0
14
31
49
64
77
89
100
109
116
123
129
134
138
144
148
152
156
161
167
171
174
177
181
183
184
186
186
186
186
185
185
186
189
190
195
199
204
208
211
214
217
222
226
231
234
237
242
246
248
250
251
248
246
243
237
232
226
217
207
198
188
180
173
165
156
147
138
130
122
112
104
94
85
74
62
48
34
20
6
-6
-15
-20
-19
-12
-2
11
26
43
66
93
126
160
190
215
233
246
253
261
267
274
279
284
291
301
312
323
332
338
340
341
339
334
330
324
317
307
296
285
280
280
284
293
302
312
321
329
336
343
352
359
367
381
398
416
436
459
487
521
557
595
632
662
683
699
712
723
738
752
767
781
793
804
812
822
831
841
845
849
849
851
854
859
866
872
878
883
889
896
900
905
912
918
924
934
943
953
961
969
980
991
1002
1013
1024
1032
1041
1050
1056
1063
1068
1075
1081
1086
1091
1093
1094
1090
1084
1074
1062
1051
1037
1025
1010
996
980
965
950
935
920
907
900
894
892
891
892
898
907
915
922
930
939
948
954
958
961
964
966
969
971
974
975
973
969
968
966
966
967
968
967
967
961
952
939
923
908
891
873
853
834
815
799
786
775
768
762
757
754
749
745
741
738
739
742
749
757
765
770
777
784
792
801
807
807
805
799
791
782
773
768
765
763
764
766
767
764
757
748
739
729
719
709
699
692
688
689
692
698
707
719
