7113
4451
3457
7726
5408
5784
7981
7168
7277
3014
4557
3882
3940
2771
656
-2489
-4032
-4877
-6412
-10259
-14015
-13244
-15217
-13792
-15629
-17266
-15647
-14393
-10825
-5783
-3141
-6962
-8159
-6871
-1701
-256
775
1369
1422
2816
4803
7836
8198
8627
6927
7369
8522
5148
4482
3935
2892
1498
2979
1111
-8979
-5266
537
1481
-786
-7443
-2014
-1642
-2439
826
-2073
-1717
-2727
-5195
-4176
-6027
-6484
-8286
-10324
-9478
-12028
-10098
-12602
-11371
-14082
-15093
-13937
-14551
-8204
-9533
-4891
-6073
-11261
-4404
-724
1870
1228
4388
3458
5784
6123
5544
6878
6850
8103
10230
8161
6959
9759
6604
5382
6369
6694
1012
-8054
-3417
-2004
-5024
-4603
-6351
2059
1152
-4554
-1819
-377
3189
-651
-410
27
-249
-1586
-2079
-1707
-3569
-3843
-6335
-4835
-3409
-5292
-6979
-7506
-6638
-2591
-671
2574
-501
-1751
5307
4420
8675
8176
6944
9289
11203
12132
12710
13816
13055
14842
14607
15094
14031
13457
12605
10888
9582
10671
4789
-2366
2776
414
-640
233
-3450
-3753
-3711
-3910
1148
914
-1435
-2754
-700
-1146
-1676
-1457
-4122
-3640
-2931
-3068
-3356
-7322
-10184
-9817
-10353
-12936
-12089
-5606
-3080
-3065
-4735
-1657
2436
4902
5398
5981
8254
9120
9199
9948
11969
12092
13609
15484
16192
15929
15138
12796
10674
10826
9680
9185
5356
-5576
-1034
-179
-1413
290
-5098
-8826
-11363
-10823
-9058
-7934
-10622
-4981
-9222
-10499
-4545
-12386
-3768
-3693
-4642
-4475
-5569
-6330
-8544
-4183
-8566
-7529
-10163
-7102
-3897
-4002
-5959
-2342
2362
1377
3940
3797
4689
7041
6752
7121
9473
9715
8529
9520
12242
13533
10588
7189
5361
6516
10641
6117
3771
-6443
-8044
-3730
-4084
-4061
-9012
-6848
-9484
-7977
-4566
-5714
-6460
-8507
-13248
-12005
-4935
-3806
-7028
-8860
-10228
-4606
1069
-332
-1776
-10600
-6713
-9274
-7171
-7454
-11572
-416
-4154
-6606
-89
2598
1121
4487
8315
7178
7069
6680
7916
7864
11045
11834
9483
8960
7836
7308
6206
4873
4493
1969
4221
-4246
-6755
2
-5379
-4848
-7579
-9501
-9862
-7405
-9079
-11355
-11044
-12516
-13498
-13935
-12448
-13563
-10069
-10501
-9204
-8094
-10035
-10570
-8388
-7903
-3495
-4574
-2204
-5094
-3455
3572
126
525
3659
5140
6856
11420
11613
8947
10053
10027
11831
12009
10423
11220
8906
13949
13105
9102
11249
6921
10320
10121
11137
4673
-616
330
269
1681
1974
-81
-952
-1932
-3077
-3069
-2896
-4103
-6715
-5979
-8574
-7827
-7807
-9045
-6666
-7712
-3525
389
-6069
-8022
-7975
-3418
-5556
-8919
2123
-155
368
2974
3111
7485
10385
11605
11933
13261
12052
12366
14305
14465
14424
14318
13621
14913
15309
14386
12600
10566
6139
3142
5905
1400
-508
4835
2434
1769
-1177
-3493
-3693
-3225
-4319
-3687
-4796
-6322
-8581
-9728
-10317
-12772
-9069
-9819
-11459
-13266
-15439
-12989
-13476
-11550
-2695
-8452
-16741
-16584
-4761
-3541
-5511
-950
-6279
-50
1681
5139
6444
5524
6751
4404
8184
9520
7880
8829
9228
8876
9854
9251
10228
9761
10123
8150
7569
4569
2901
5143
5254
5525
2023
985
146
925
-621
-1816
-2373
-6578
-3908
-2590
-5463
-3311
-6719
-6411
-4969
-6583
-7188
-9109
-11671
-14643
-11313
-17762
-14596
-10533
-11109
-12532
-7399
2441
373
2827
4029
6211
7273
8546
10158
11418
10671
8463
11987
12990
10906
13038
11165
10425
10169
8261
10203
8016
11845
9004
1505
5415
6585
5617
4347
3698
2817
1875
2682
891
-152
414
-3559
-5816
-1621
-3237
-4168
-6142
-6484
-7784
-9869
-13744
-15714
-14897
-15376
-16068
-16960
-13864
-16599
-10930
-1985
-2382
-8729
2059
9148
3631
10843
10345
12051
8486
8815
10773
14223
17155
15531
15097
11690
11491
9211
9388
8297
9170
8817
10431
1002
3238
2656
-509
1720
-4578
-742
-4145
-2738
-3860
-4922
-5337
-6491
-7156
-7701
-6839
-9217
-8602
-10423
-11657
-12362
-11936
-13897
-13986
-22437
-22303
-21315
-21754
-21361
-21835
-11560
-14555
-5475
-5011
-6644
-6173
-3169
4376
2760
7271
7041
8882
6903
8409
11215
9611
11878
11722
11649
10832
10148
8944
7217
9295
-426
-59
1783
-480
2657
-2369
-601
-3073
-3641
-2125
-5093
-4342
-5077
-6251
-8448
-9046
-3103
-7146
-9986
-6604
-9784
-12791
-6358
-10546
-16210
-13822
-16403
-15044
-16324
-14056
-7529
-9537
-9951
-5536
-2302
3329
7195
7443
7119
12389
9395
12731
15909
16180
19850
18869
18454
18139
18356
19304
16558
17515
16306
16105
9760
5754
10385
7488
7969
6485
5818
4993
4496
3817
2150
2493
1721
1840
172
683
-173
-1965
-2853
-3009
-5297
-5308
-7934
-13518
-9387
-10950
-12080
-15005
-15418
-15218
-8728
-5790
-8783
-4985
-4015
-1736
-2824
1733
7058
13177
5677
5240
12850
11543
14649
17787
15946
13854
12484
15228
11833
11026
11513
9246
5347
-1730
2755
2565
2209
1790
-292
573
619
-1468
-3070
-4225
-5623
-5040
-4054
-4037
-7495
-6910
-9323
-8630
-9805
-9425
-12750
-14655
-10356
-13783
-13848
-14668
-14628
-16080
-12396
-6917
-9284
-14082
-10743
-7089
-4228
-2054
-2194
-2713
2743
8096
940
6966
12256
10756
13110
14529
13374
15020
14074
13637
13552
13046
6614
5587
10725
9244
8837
3953
4698
1995
1719
2559
3273
3980
1010
-1307
-914
1256
-467
-641
-1288
-1119
-4266
-7013
-6381
-7010
-6548
-7168
-11186
-12341
-14691
-15386
-13858
-12030
-702
-5222
-8816
-4688
-6847
-1912
2586
2221
881
2330
3037
8748
12477
10803
10163
11362
15650
16594
16704
15080
11405
12373
3348
1129
7340
5799
7283
5071
5932
3543
1384
1280
-232
1492
2477
1342
824
-1351
-2139
-2198
-5825
-2127
-5163
-6638
-4574
-4774
-5781
-12139
-13281
-14591
-14503
-10333
-8530
-10218
-3250
-610
-4344
-1769
-4624
-517
2640
3132
3665
859
3145
3333
2783
5528
12528
10019
6555
9879
8731
8086
9915
13713
4598
2815
6997
1603
3611
1618
-101
355
-361
50
67
-192
-434
-1798
-2390
-2333
-2835
-1934
-3014
-9306
-7941
-6831
-9016
-10835
-11481
-12145
-12016
-12794
-15051
-15552
-14519
-12753
-16033
-5286
-6168
-10312
-7160
-3726
-1590
-1749
-2424
-2358
863
-1933
-764
-607
-527
-1285
3545
7727
800
5758
6801
4838
5954
671
3414
903
2176
3500
2527
4698
-318
1324
2515
1566
1625
2620
2607
388
161
1840
-4061
-6326
-3372
-3948
-3286
-6685
-9806
-10959
-11053
-12570
-12348
-15479
-13945
-12274
-13833
-8207
-10723
-7139
-7174
-7940
5
-3147
-2194
-1254
-1418
1658
2371
1387
208
1432
1827
3247
2029
5857
5854
4665
14048
4192
4333
9640
8301
9721
7656
5797
7094
10239
10805
9133
8916
7535
7175
7590
7185
4656
2308
5993
3388
2556
175
-1088
-909
-3082
-3957
-5239
-6913
-6546
-8349
-6730
-3165
-10499
-597
4023
-4412
-3824
2289
4542
4490
6858
5512
4897
6368
7509
5543
7281
4648
5222
3251
4575
657
2616
10832
-85
3169
5853
5815
6884
5625
6957
6711
9301
8780
8553
6574
5614
8362
6153
2953
1833
1359
2007
609
1157
-3847
-2562
-2456
-5598
-6425
-8840
-8560
-9567
-11744
-12701
-5135
-7284
-8826
660
901
-4892
501
3216
2484
3908
3181
4371
2904
3608
357
-234
-826
-1249
28
-3766
-633
100
-1810
-5962
-1917
5980
1048
2806
10722
5505
3376
9132
10326
8813
4693
7346
6749
-491
677
6718
1399
2282
3651
749
1168
-1883
-2467
-5359
-6338
-7793
-12038
-14503
-13358
-13041
-10644
-8957
-8447
-10523
-8137
-8574
-7375
-1932
-3595
-3334
-971
-1928
418
1582
1084
1232
912
302
-3763
-868
-150
120
-2018
-9125
-3569
313
-4714
578
-281
-3183
5176
2896
3078
3388
3762
6992
2686
-302
2012
1925
520
-463
-1915
-3304
-5131
-3603
-6498
-7645
-7526
-8150
-8052
-10123
-12490
-9713
-7320
-6395
-7305
-9298
-6322
-4754
-9267
-2443
-1434
-537
7512
2154
3951
7620
6542
7047
7406
7011
6855
7079
5544
6441
-2774
-5768
-976
-3626
-2927
-5532
-4110
2678
4468
7816
2055
10441
10945
600
7368
7410
8015
5843
2759
4743
5907
6296
3425
2539
-518
-1251
-2024
-4521
-7217
-6545
-7640
-9422
-6574
-4330
-3463
-4600
-5698
-849
2550
1478
4512
5944
7193
7498
6154
7524
9903
9818
8014
9413
7129
5803
6171
6569
-2604
-6119
-275
-3516
156
-796
1274
-1897
-3539
410
6176
7204
-718
2785
6659
4194
5395
7184
5344
4766
4100
1857
179
1276
-5429
-5072
-3872
-10721
-11627
-14050
-16319
-15869
-12977
-13168
-8211
-6660
-11085
-8165
-5227
-5702
1260
1793
3702
2156
1555
6486
5839
6555
6564
6041
6122
8513
5263
5568
-482
-2637
3348
-175
786
452
519
1971
-2415
189
-6564
-9167
522
4305
1086
-3109
-2382
-2802
-3759
-305
-59
-1676
-2290
-6159
-5381
-8635
-8475
-8061
-9978
-8136
-10259
-8719
-8876
-9222
-7462
-8030
-8636
-3341
-787
3233
3198
-181
5355
5397
6656
7879
7020
11230
9735
9259
9460
10519
9950
9227
6386
2780
7147
5430
6670
4930
2823
3045
5052
1507
-4373
1192
-677
-3489
306
3574
2011
715
-108
-408
928
-6249
-4344
-2175
-3261
-4018
-7778
-6616
-6538
-7215
-7674
-8666
-6389
-2399
-6663
-2760
-167
-3021
2414
6087
7099
2716
6509
5184
7963
10921
11738
13626
11556
11380
11289
11417
9864
12712
4081
3810
9103
6274
9955
5807
8806
6871
-83
3046
2790
2621
1248
-349
-923
-2100
-2750
-1030
731
2431
174
-2106
1106
-5680
-5122
-2833
-877
-4446
-5574
-7219
-8641
-7707
-9487
-4590
-6101
-2304
-3397
641
3801
5558
9770
7766
8837
7888
10628
12214
12477
12069
11031
13959
10907
9807
8917
11881
6392
4259
11504
2748
3959
5101
2335
-3069
-951
-321
-3501
-4596
-4661
-6142
-6855
-6916
-10341
-9424
-12559
-10923
-9522
-7968
-7437
-11989
-10358
-9679
-12256
-12739
-8385
-12069
-15234
-13535
-15653
-10295
-8192
-9150
-7620
-4388
-2654
723
5508
2768
5075
5956
5255
4504
5979
12182
9717
6745
6801
8780
8873
11821
2730
957
6534
3651
6175
-184
-1650
-259
-499
142
-1875
-3171
-5667
-4974
-7354
-8395
-9727
-11241
-9019
-10344
-10297
-11035
-9001
-4563
-4562
-8770
-11663
-7617
-9359
-9076
-6410
-10876
-8048
-9562
-9355
-3210
-5666
-1676
1278
1596
5336
7105
8289
5795
7842
11766
10832
14185
11873
11552
12540
12892
12149
15241
12862
1654
8085
6341
5514
3589
4770
8226
2819
3392
467
927
633
346
675
876
-2085
-3849
-4895
-5884
-5977
-6696
-7805
-8124
-7410
-5183
-4593
-6213
-7233
-11018
-10917
-9100
-9533
-5265
-3879
1026
-4349
-5055
1816
2142
7165
8641
7856
6927
4442
7025
6791
10504
13895
12083
12602
12023
12986
13752
13462
5023
9506
5402
2182
7044
4054
6698
3971
3074
3192
4269
2871
-90
1018
-82
-2704
-4438
-8675
-9704
-11479
-11617
-12173
-14381
-14762
-15688
-15419
-9445
-8611
-11370
-11282
-16405
-14675
-12338
-8993
-6597
-6537
-5324
-2494
-7
1483
3856
8521
12099
12131
10583
8995
13325
13576
14569
14117
15083
17158
15283
18021
12054
4087
1807
3048
6772
4520
2269
1594
2810
3819
3925
4333
4689
1997
-293
-853
-3486
-2634
-5189
-6763
-9901
-9560
-8586
-9117
-9475
-11454
-11058
-15938
-13249
-11334
-12553
-14406
-13645
-7764
-5600
-4951
-2598
-380
-464
2004
5385
3271
5784
8600
7273
9809
6297
8470
10761
11613
11649
10546
10388
11121
6796
-2533
4656
6450
3286
4215
3969
3099
5899
5077
4662
3923
2067
-521
-802
-3193
-5414
-6300
-5372
-6810
-9052
-8996
-10237
-13245
-16428
-14465
-14575
-19070
-19550
-20072
-18482
-17352
-19217
-13007
-12712
-16416
-10225
-2569
-6110
-2058
4443
2392
4107
6695
8245
9834
9528
11506
14338
13124
16131
13796
17422
14734
11479
12171
5352
9798
9538
8468
7297
5939
4754
3978
4264
2707
3142
459
-243
-1639
-3025
-2581
-2923
-2877
-5248
-7257
-8295
-8129
-10694
-12745
-12809
-14531
-13637
-13420
-17371
-15054
-15501
-15162
-8742
-11310
-7863
-5553
-2006
3121
4167
7632
7721
9600
11490
14242
16156
15553
17378
16841
18976
20619
15158
13717
18609
18400
9613
11371
13945
12057
14078
11560
10030
9436
9063
9617
8097
5916
6167
4050
1992
-828
-544
-2136
-2382
-3171
-3392
-4701
-11202
-9451
-12962
-15625
-13362
-13809
-14215
-17030
-18268
-18684
-14447
-11835
-6809
-9339
-9545
-7386
-5786
3449
2335
3839
3651
5595
8645
9784
10611
10866
12457
12705
8716
13672
14430
12932
7179
2214
8513
8175
9667
7985
5537
4849
3889
2810
2120
1427
1607
-330
-3383
-2220
-4145
-6363
-9914
-11692
-12009
-13861
-11797
-12231
-16296
-17149
-18809
-22450
-21606
-19524
-22902
-23753
-20188
-22547
-21585
-18740
-13033
-5877
-786
-4615
-2537
2492
6675
11234
9683
10936
12019
14906
8700
10772
13673
13340
14651
13778
13654
7405
9111
9329
13057
14258
11028
11972
10792
6387
6375
7466
3552
3101
2678
2283
-3600
-2572
-3593
-5677
-4204
-5906
-7576
-12308
-10855
-11488
-11476
-14542
-14900
-17478
-15915
-15077
-18585
-15666
-14226
-13950
-13727
-6458
-7968
1884
5915
2526
5825
9205
16954
15898
20395
15955
15499
18509
19909
21061
17702
18940
21111
16546
9274
15460
12753
14250
14160
12385
11354
6138
9185
4346
6720
5549
5339
3289
1373
-415
-2523
-2596
-6931
-9024
-12636
-10685
-13120
-15925
-15370
-18320
-20615
-20269
-21364
-22603
-20430
-18846
-15140
-15401
-16514
-12707
-11627
-2319
73
1061
7191
7695
8735
5860
9370
13734
15505
16065
21735
16019
13987
12962
16452
9230
8174
13482
9575
10573
11425
6343
6226
7294
3755
4742
5470
-650
-1587
124
-1191
-6064
-3449
-8423
-10208
-5677
-9889
-13783
-14757
-13476
-16824
-14672
-13354
-17737
-17572
-16569
-17745
-17643
-15488
-12113
-15379
-11466
-6609
-9026
-5702
1571
969
3099
11464
6679
7792
12381
17905
16701
15810
18176
16264
16912
17419
20038
9358
15987
17546
13651
16717
13083
14224
11546
11852
10271
8798
6797
5360
3325
-1325
-1413
-2435
-6340
-6191
-9834
-9613
-11850
-13798
-15946
-15982
-12923
-16681
-19146
-21794
-20782
-21723
-21244
-16259
-14989
-16742
-15961
-12448
-7326
-2938
1312
6569
1572
4198
5132
9946
12870
12482
10124
13203
16066
12898
16160
17284
18196
8809
11137
11577
7905
11834
8362
9955
4069
2240
4009
2698
-758
860
-401
-5065
-4159
-6449
-7062
-9427
-9180
-10316
-13300
-13764
-15142
-17117
-15565
-16677
-16119
-15290
-16756
-17219
-15069
-16360
-13686
-10876
-10848
-11098
-7728
-1357
192
468
467
3186
2717
8774
11882
12586
15304
13488
19463
10206
15832
20386
16184
17798
7287
14068
11256
13884
16220
13150
12199
11060
11476
7268
6223
6044
5485
3297
2045
1023
1596
-5692
-3826
-4244
-9393
-7457
-8322
-9680
-11018
-11121
-10865
-13011
-14710
-15168
-11325
-11557
-9523
-8799
-10210
-9286
-9192
335
-1343
-6014
-698
1976
525
1610
4080
5970
7971
8563
13164
17192
13623
13044
13430
15186
12833
9266
15387
12629
12724
10478
11064
11035
9110
8511
5398
4056
4134
5169
473
-4176
-4238
-3690
-4830
-4822
-5789
-8300
-12666
-14627
-13052
-14535
-13759
-15350
-15070
-16197
-13685
-13823
-9754
-11330
-12251
-13535
-13073
-4447
-6720
1241
3536
-1779
2173
4147
4286
8992
5244
7913
4699
10794
11988
10449
11489
7733
10144
996
9827
13089
7840
7725
7441
7479
5170
6656
5628
6107
1741
3655
3746
-397
-3378
-2875
-3845
-5507
-5727
-7400
-7135
-9916
-7341
-5465
-7106
-8507
-7818
-9060
-8911
-9607
-8184
-5109
-7022
-3733
-10374
-4049
847
350
5428
3820
6273
7727
8300
6022
9246
7867
7937
10492
8001
10204
12158
7163
11838
5172
91
7026
7073
5857
6038
6358
5781
6513
5613
7903
5032
4830
1516
2842
2475
-1282
1080
513
626
-1256
-1459
-3583
-6058
-5486
-7063
-9451
-13096
-10763
-10262
-14102
-14024
-14760
-10511
-13246
-13094
-13008
-11236
-6996
-4892
-1219
-2479
-559
-99
727
390
3410
3903
4008
4902
925
1811
1238
4095
1659
-3345
5746
2087
3529
7471
9128
9051
10093
7775
7012
9405
8811
8742
3086
2670
3436
79
1098
-2752
-5292
-7063
-7140
-6234
-9806
-9903
-10747
-11379
-10977
-9624
-12226
-12173
-15862
-15432
-10805
-11003
-10707
-11307
-7836
-6640
-3254
-1076
2133
52
1593
948
2167
7238
10246
9140
3833
6954
7567
8030
7344
-3703
2066
6001
3361
9820
6097
2940
5843
5969
4011
4447
4711
4468
3207
1073
-740
2747
1372
-456
526
-3563
-4240
-4164
-928
-3315
-2679
-4546
-4064
-6345
-8613
-7307
-14294
-11783
-10570
-6471
-6556
-7918
-11306
-7618
-3570
-2827
-1099
-185
2908
1798
1496
3873
9089
6607
9192
6236
5807
2838
3696
5166
-5100
2678
2909
2104
3875
5959
9010
6220
2136
5613
7951
7436
9600
6943
7526
3505
3098
4144
2969
3191
1024
-712
2
2121
-534
-406
-2225
-1189
-8304
-9582
-4478
-7188
-7112
-6850
-5438
-4887
-6029
-4820
-1206
789
3494
2919
1657
5746
4243
6339
8998
8295
9919
10173
10113
10158
8646
5555
6382
332
3029
2909
2035
481
-1497
-184
-1746
649
-2633
-5485
-1322
614
-1772
-2190
-3353
-1277
-412
-4041
-4835
-5042
-3860
-5266
-4480
-5732
-3009
-6109
-12275
-9258
-9789
-12869
-13367
-13087
-12074
-8105
-7856
-11031
-5819
-3185
-2254
3644
3515
6282
6183
3167
5914
7695
9435
8419
10557
10592
11581
11171
13168
5123
-2076
6908
1210
-1068
-437
-1218
-4333
-3888
-4258
-678
-108
-4376
-4028
-2915
2255
-1268
1857
-681
447
-1427
251
857
-3063
-2043
-6566
-8803
-5833
-3584
-8169
-11580
-8941
-7127
-7637
-2832
-2924
-4509
-6057
-2569
3142
4927
8498
6456
9811
10384
11292
11497
11654
13830
14486
14042
13808
11425
10300
10152
808
4804
7331
4863
4477
2307
1461
1049
1727
-121
1328
354
910
2812
-890
-635
1916
1895
1077
-1759
1825
542
230
1326
-2727
403
-1568
-6007
-5529
-7515
-7980
-12327
-10908
-12076
-9779
-7011
-10336
-9098
-5774
-3914
-1813
1358
119
4691
6170
4472
7552
7468
8060
7252
5717
7077
6001
5984
6172
-1903
2851
1288
1927
-749
-1497
-3579
-5764
-4872
-8016
-7538
-8685
-7275
-7262
-8105
-3144
-2601
-11286
-5555
-1713
-1682
-6447
-9011
-2501
-6257
-6646
-8060
-9473
-9535
-7561
-11320
-10452
-11643
-9887
-7945
-9359
-5884
-9175
-2782
366
1830
2610
3946
4420
4808
6272
5979
9002
7364
8067
5485
6305
5306
8328
7537
-3057
2446
-121
-3838
1080
-1664
-5316
-1925
-1528
-4392
-5309
-5653
-5418
-6703
-5254
-5494
-809
-1724
-2003
-3727
-2525
2702
-1496
-488
1716
2563
-1028
59
296
-924
-3113
-3695
-5405
-2642
-17
380
407
-596
5424
4802
7888
8505
9270
11865
10708
6914
7654
10161
7455
8069
8508
9919
6472
6883
7264
392
3947
3308
2940
2520
1308
1923
529
1036
-1253
-3084
-3949
-4237
-2702
-5573
-3544
-4291
-7394
-2005
141
-1095
-4831
-3498
-1157
-1439
-2124
-3205
-4823
-4873
-5575
-6244
-6060
-6119
-6408
-7183
-3719
-6020
-2631
2689
377
5364
4744
6392
12380
10001
8144
8693
10459
10359
12599
10667
8290
4260
8385
4751
-2377
5448
3962
4111
-587
1771
-1190
-4625
-4250
-4815
-5340
-7078
-4734
-7315
-6930
-10803
-8101
-8760
-10136
-5885
-5846
-3715
-9505
-10447
-5979
-910
-3301
-5917
-4420
-5098
-6371
-8774
-11994
-7268
-2086
-7807
-5624
-3714
-2459
627
6051
5447
5958
8510
6338
6688
6725
13222
12408
11047
8984
6679
8421
7744
1393
1611
1827
1267
4272
1583
3182
2396
3390
979
-311
-2062
-804
-3178
-6867
-1502
-6851
-8092
-9221
-8157
-5217
-5651
-5259
-2443
-2549
-11776
-9813
-7025
-6766
-5360
-3956
-6315
-7658
-7745
-5891
-616
-3018
-1628
354
5564
8504
7060
5541
3846
5789
8997
9348
5217
6422
8388
9702
9934
4039
4253
601
-881
2979
6059
4523
189
3912
4113
703
5001
4507
5680
3677
-410
2149
141
1545
3025
1961
680
-1281
-1275
-3423
-4814
-5949
-8826
-5594
-1055
-5436
-8060
-6514
-8417
-5630
-6204
-6095
-4473
-2110
-4776
-4518
-4271
-2195
1365
3094
1455
910
5013
5103
6226
6329
9437
7725
6955
6101
4002
7935
-1002
-1325
2399
1474
3743
2404
2546
1700
1862
1470
-1936
1850
7721
3110
-283
-2160
-2803
-2220
-2855
-1955
-5851
-6153
-7209
-10315
-10769
-11736
-12495
-13329
-12154
-10682
-11130
-12631
-11148
-6547
-4764
-1670
-3429
-3631
131
1480
4591
6099
6192
7056
6937
9456
11281
12040
10415
11835
11090
9983
12042
11965
13142
5458
8707
12030
6567
5835
3823
3001
3803
4991
5084
5081
5928
5221
-687
-163
-416
902
-236
-108
-3895
-2405
-3852
-5264
-3999
-9482
-7959
-12134
-9460
-11562
-11182
-10913
-10547
-11421
-13154
-8163
-6158
-5149
-5863
-1941
336
1491
4177
3644
3503
4152
5738
5519
6136
3591
8721
8846
7713
7217
7303
8911
1669
3464
5027
5900
10255
3047
1525
6332
6005
4180
2612
2031
582
2431
3442
1824
45
-1457
519
-979
-3558
-5375
-5980
-9447
-11846
-14720
-17059
-17651
-19382
-20227
-20958
-22138
-21944
-16992
-15052
-13848
-14195
-13391
-8025
-3227
-475
-2105
787
2067
2703
6114
5744
6423
8552
10186
9934
11769
10174
13080
15202
12399
15692
16054
14591
9240
12944
13209
8749
9529
7588
7429
8739
8095
7024
4438
3565
4135
1323
1828
-121
-2545
-3441
-9761
-11169
-10189
-12024
-14511
-16179
-17576
-21410
-22060
-22484
-23335
-22552
-16972
-11158
-14404
-10021
-7005
-7854
-1089
1875
4499
7877
7524
5247
4726
6575
9787
11144
13443
13961
11093
16722
14056
9363
10956
8651
10805
8787
6749
8042
5423
6934
9447
6105
4930
4413
5022
2456
2840
1151
-3186
-4221
-3734
-3203
-4988
-4852
-7223
-8411
-14489
-16289
-13868
-14235
-15791
-17830
-18864
-17412
-13767
-10992
-12187
-11130
-5074
-5352
-1356
1587
3470
8471
8974
8860
9298
11181
11951
12925
15522
14522
16722
14748
18355
16941
10335
18074
16609
15862
14147
12944
13089
12141
10713
9607
8766
8436
6886
4959
4534
3592
326
1973
1003
-1135
-2976
-5305
-5924
-7850
-7833
-9475
-12937
-13993
-13743
-13868
-14119
-17297
-16707
-15833
-14426
-16912
-17297
-15240
-11919
-2394
1722
862
5433
8938
10410
14016
16367
16866
17413
18155
17903
21648
14737
14763
13693
8639
13552
8785
9411
7827
9993
10142
8847
8377
9208
8226
7816
5980
2380
1366
-672
-2868
-7389
-8863
-7767
-11009
-12166
-13683
-14511
-16002
-17876
-17615
-20568
-20341
-21470
-21277
-23800
-23727
-18133
-17920
-18705
-13419
-13287
-11496
-7552
-6360
-708
1754
-252
2330
6997
10338
14073
12201
13168
14263
11363
14202
14784
8503
10087
11741
9377
9578
7969
5486
4423
5361
2680
2699
1533
550
-940
-2541
-2169
-4017
-5181
-6602
-7628
-8359
-10822
-12434
-11626
-14087
-13913
-16979
-18618
-17597
-22632
-19462
-19226
-21728
-19108
-17717
-20620
-17562
-9800
-12141
-8631
-2324
-1285
1157
2152
8536
14038
7364
12169
15837
12293
19925
19153
15225
17479
16175
14191
17703
16802
15929
14812
14398
13388
12055
11789
8320
7281
7756
8861
5526
4608
2646
1749
159
-1049
-164
-2531
-4084
-5859
-6742
-9753
-8252
-9931
-10910
-12034
-14045
-12472
-12097
-13208
-11272
-11279
-12673
-8167
-7732
-3814
-260
715
1351
4581
7197
6275
9539
9440
8804
11034
12936
16094
11646
14096
17830
13521
15352
13440
12249
11170
13884
13144
12281
11375
11020
9854
5991
7721
6115
5691
3455
2230
296
-1175
-827
-7608
-5780
-4328
-5548
-6404
-5678
-10330
-13839
-15597
-19420
-20047
-23055
-19990
-19957
-16185
-15985
-17968
-10481
-5694
-4622
-192
2830
5089
5917
4581
7478
9050
9061
9442
16224
17884
14751
14509
8590
10161
13652
8975
8776
7581
7064
6961
5936
6243
4603
4624
6289
3712
3510
3012
-1084
-2476
-3058
-4612
-5655
-3340
-6464
-7616
-8141
-11067
-13739
-14362
-9840
-10115
-11099
-11852
-11904
-18689
-15443
-16759
-16222
-12178
-19706
-9856
-6795
-5039
-1105
-2999
-1720
-401
2343
854
587
1274
2358
2571
4057
7095
6643
3747
7262
5990
5709
10377
7640
7406
7644
7300
8539
7538
7055
5223
7344
4622
6093
5429
5773
4121
959
-179
-2246
-3513
-3253
-5008
-6893
-8259
-9823
-9381
-9341
-11644
-13940
-12735
-18398
-15647
-13408
-12985
-12278
-15908
-7279
-6488
-7009
433
-534
260
-168
-583
405
2808
3962
5162
5742
3617
4482
2236
9053
10864
8346
11474
6556
7974
11328
10728
9215
6823
5388
6216
4944
4596
6039
4999
3623
4175
1940
2568
1063
-251
-966
-1947
-5866
-6089
-6595
-10221
-10473
-10832
-12389
-13758
-12406
-13095
-10975
-7288
-7176
-6282
-2911
-1482
2805
6140
4430
7024
8325
9047
5803
8309
9808
9784
9770
7251
9164
8354
6724
7028
9093
10351
12519
9704
7829
7906
12439
11680
10486
11282
6786
7573
4574
4332
3407
3861
3386
730
2051
-1705
-2182
-3610
-4505
-6140
-9225
-8075
-13079
-15511
-12731
-12720
-17637
-18491
-13698
-14393
-11076
-7675
-7476
-5046
-1138
379
-75
117
2416
6291
8767
6898
2504
8203
8086
6044
7593
6547
4438
5021
4627
5672
5308
3556
7779
8525
9272
6157
5801
4613
5382
7222
4181
871
124
494
-246
1937
1926
79
-912
-166
-2834
-5118
-4291
-6990
-7965
-10422
-13680
-13260
-14915
-14892
-18878
-18015
-11969
-12478
-12992
-11042
-5807
-3548
-2414
94
-270
2838
5319
4908
2742
4315
6283
7388
6479
3757
5143
6843
6908
5594
4508
4008
3503
4193
2125
2617
6000
7314
5428
3859
3188
2891
4148
2471
4249
2566
-73
303
-2049
-3596
-5304
-5698
-6776
-8620
-10254
-10219
-10342
-13253
-14707
-10451
-10158
-12223
-7112
-7171
-6847
-6835
-3161
719
3849
5702
4218
8099
7788
8188
13593
10400
7936
15153
14270
12452
12381
11073
11219
8515
8562
3005
2851
2131
1571
-212
-1204
-3585
-2719
-2137
915
-3469
-5178
-497
-761
-602
-1430
-2509
-4335
-5603
-5203
-6568
-7171
-9253
-9907
-8259
-7748
-7744
-9894
-11845
-10664
-5952
-9485
-9490
-3093
-5241
-6856
-2695
-2175
-1265
3357
1029
4097
5849
6413
6101
6583
9229
12310
13073
10593
8836
6474
6682
4528
1258
-65
652
514
1423
-1446
-2937
-394
-832
-784
-14
774
2155
1428
-1717
479
1296
573
510
412
-1560
-2729
-1553
-2595
-1652
-2703
-2855
-3218
-2137
-4687
-7973
-4750
-7554
-9015
-4184
-2620
-2960
-1166
1732
1949
4163
6161
5791
7875
8211
10241
11249
10987
10446
10588
11662
10580
9298
9169
5150
5081
3948
999
4573
1339
-1257
-1527
-3526
-4005
-7274
-8286
-6369
-6705
-6475
-7060
-7548
-10886
-8363
-5285
-6131
-3078
-5886
-7879
-7392
-6672
-5583
-6294
-4734
-5822
-9362
-11653
-7346
-7397
-11048
-3737
-5885
-3288
2947
5129
8497
9142
10386
8590
10286
9771
11211
9661
11002
10896
9031
12180
10400
9636
10651
7244
4994
4189
3558
2171
-1469
-1725
-3008
-6441
-7272
-6605
-8786
-5093
-5828
-10926
-6203
-2886
-4362
-5767
-7803
-8288
-2800
-4560
-6299
-5185
-5106
-5015
-6287
-6884
-7206
-5582
-11213
-8979
-7604
-9984
-5974
-10049
-4473
-858
-2149
3020
3584
4709
8697
7859
8758
8904
8888
10803
12403
12497
12530
12056
11751
9904
9760
8430
7289
5401
1925
-171
625
1150
-976
-3650
-2192
-5578
-5650
-4103
-6731
-4651
-3662
-5267
-2387
169
-1467
-4700
645
3509
1497
2369
558
-6
-1996
-3414
-1166
-1817
-3791
-1727
-1411
-4814
-4071
2065
1308
-106
6736
6626
5703
7074
10005
8652
7829
11149
11901
10999
9113
8693
8186
6890
4647
4181
3342
688
1771
1266
-1101
-2438
-4374
-3630
-5827
-6665
-6151
-7338
-7861
-10462
-9470
-10827
-11033
-7457
-7765
-6574
-4639
-3793
-7308
-7781
-3950
-4958
-5471
-6640
-7366
-8079
-7467
-9187
-9027
-6485
-7223
-8135
-4734
-1812
-744
1314
4126
3530
5363
6203
3568
5706
6717
7664
8079
9127
4870
6242
3977
2861
1339
415
1540
1687
-989
-3245
-1861
-1432
270
-609
60
-3388
-3148
-1040
-689
-1819
-2917
-1710
-2430
-3212
-2268
-1064
-2626
197
1686
-3324
-1120
-254
-719
-397
-3224
-2652
-2835
-3598
-4629
207
-2972
-3553
-875
326
2878
2787
3241
5441
9799
8680
9936
10415
8528
8541
9886
8827
7639
6427
7298
3214
3355
5093
907
2642
1111
-170
-272
1208
1852
1625
6
317
439
-2161
-4225
-5118
-4785
-6302
-5616
-5276
-7368
-9514
-7761
-8885
-7441
-2886
-6804
-7598
-5887
-4174
-5181
-9720
-9287
-9080
-8847
-5687
-6837
-4574
-784
2473
5071
6294
6496
7640
9982
9399
8544
7675
8978
7416
7994
5339
4801
8454
5545
5116
4597
4301
6414
5638
2833
4070
1646
1891
2996
1521
1160
-157
-1627
-3596
-1598
-4613
-6497
-4644
-8525
-9039
-7287
-6476
-7520
-8549
-6856
-8641
-7887
-8685
-10349
-7945
-6513
-8009
-7746
-3504
-3509
-1981
-92
2695
5345
4478
6786
7555
8047
10749
9567
9455
9902
11312
11708
9629
11710
11107
10565
9015
9555
10063
9978
9701
7923
8579
7613
6248
3946
835
3494
3002
5266
5047
4193
-1383
-2611
-1106
-1355
-1777
-2081
-5454
-7074
-8574
-8280
-5824
-7560
-6101
-9591
-10615
-12507
-16426
-11984
-6335
-5905
-7907
-5769
-6134
-944
3800
5812
6788
5559
6056
7207
10766
10443
7537
6418
6641
5525
5845
7455
6857
4177
4445
3863
2063
2288
2901
2502
3592
5196
1890
1449
49
3869
1628
-1507
-387
-3595
-4624
-5356
-7128
-7639
-9570
-10712
-11489
-14187
-13496
-15283
-18195
-17523
-16261
-20602
-15347
-16210
-19525
-14667
-13062
-9227
-11311
-5363
-4867
-1587
1685
1114
4715
5257
3751
6321
7507
9541
9564
7064
11927
11350
10737
9109
9819
11018
9095
8825
7141
7469
6991
5356
6687
5649
4075
5230
5918
3029
-81
-1275
-1679
-2537
-3767
-2682
-3678
-2855
-3322
-6089
-7805
-9011
-8807
-10043
-12361
-14328
-18243
-13004
-14838
-17379
-10378
-9814
-9239
-6818
-3557
494
3758
8255
8013
7957
8924
10941
12686
12707
12057
12905
11153
9125
11752
10117
11212
11083
9808
9718
10311
11505
10355
12105
11081
6879
4296
1767
3417
3521
1976
3749
-929
-626
693
-3312
-5825
-6030
-5815
-6525
-7240
-8718
-8959
-11448
-9561
-13684
-14414
-13795
-12708
-14794
-14990
-10389
-11236
-5660
-6178
-5512
-462
3417
5916
5993
5601
5580
6914
6314
8278
10019
11270
11135
8810
9173
11220
11559
11821
11415
10323
9832
10050
7541
9073
9697
7761
7815
3266
3753
2409
348
2977
-422
-635
-1772
-4017
-4157
-4796
-7762
-10669
-9046
-12549
-13312
-12756
-11804
-12144
-15455
-15228
-13961
-19597
-21721
-16059
-13221
-10833
-9505
-3992
-559
-1107
2463
7687
9603
8149
9775
12239
13149
12354
12764
13051
13616
14022
12329
13598
11442
10987
10387
10221
9409
6332
6132
4956
3189
2717
2532
109
1182
312
-1072
-508
-3354
-4013
-5972
-6950
-7841
-8858
-9382
-10123
-11891
-10598
-12454
-13902
-15140
-13978
-17573
-19911
-18157
-23050
-17068
-16462
-17886
-15166
-13789
-7920
-2963
1830
-506
77
5944
9617
11286
14965
15817
16187
16585
16260
15704
13433
15202
14081
12529
11318
11814
10602
8733
6500
5144
5264
3140
4537
5386
1804
-584
-895
-619
-3226
-3646
-1481
-2877
-2210
-5548
-7036
-8688
-8839
-7138
-9202
-10977
-15868
-17593
-20175
-19039
-17788
-18439
-19408
-19797
-18307
-14942
-14782
-11255
-7106
-6186
-4966
-1189
-43
-185
4556
8467
9489
9427
10427
9618
9758
11698
13409
15061
14446
14933
15647
14552
14544
14362
12243
12328
10185
9170
10499
8245
8542
8475
4457
5308
3348
1860
2064
344
-716
-1600
-3080
-4537
-4934
-7355
-8595
-8658
-10613
-12426
-11840
-14456
-15852
-12780
-11723
-11667
-11371
-11809
-5474
-2661
-2222
-1603
5142
4584
8740
12467
8125
11996
8899
10942
14218
11630
11852
10131
10102
8597
8196
10275
9067
8576
8706
6724
5732
6627
5049
3101
2420
635
221
-310
-990
-2217
-3238
-4514
-6206
-6502
-7368
-6388
-9105
-9386
-13751
-14282
-14171
-16477
-13521
-14147
-16067
-18153
-12005
-10379
-13836
-12418
-13757
-7995
-4814
-3065
-1497
-1343
-5478
204
10544
11508
9585
5843
12752
10655
11191
11949
14134
13971
8929
13966
14225
14882
14084
9864
9108
8580
7101
8392
5403
4331
3622
2197
3722
2748
2472
1103
738
-455
-331
-1910
-2944
-4598
-9086
-9814
-12056
-15388
-11991
-17861
-17639
-20290
-20188
-15591
-15752
-13702
-15575
-11914
-7716
-3435
-1871
-1213
-5208
-5455
-87
1784
2381
5254
8518
8999
4050
8783
16311
14448
15286
17090
17002
13370
14947
15455
14152
13114
12811
11600
10283
9989
9986
7547
7931
7304
1646
2594
2462
1130
-170
-2371
-5294
-9384
-9952
-10777
-13311
-15179
-16310
-15619
-16057
-15754
-17637
-23015
-19441
-18970
-18457
-13951
-14305
-11378
-7452
-5302
-2600
-4577
1875
6168
6220
7504
10186
6276
7671
16323
15447
9521
14497
17738
14932
12977
12418
12228
10072
10983
7498
5865
6336
6915
7220
4462
3334
2007
1263
-353
-2086
-3346
-4960
-6178
-8537
-8612
-8929
-11188
-13016
-11339
-13283
-16668
-16292
-18466
-19188
-17622
-16226
-13978
-16255
-14254
-9984
-7163
-1136
1220
102
1355
1810
1044
4615
6707
9139
6814
8134
9200
6432
8224
9779
12624
7351
12556
14509
10693
11265
8341
10033
11307
12167
10644
8973
8472
9149
8427
7037
6119
5720
3701
3240
2314
893
-1303
-2990
-4032
-5060
-6429
-10375
-10083
-12524
-14625
-15229
-13857
-17242
-17711
-12290
-14841
-9921
-6222
-3071
-123
-5092
-2373
1329
5087
5005
7095
6380
5376
9756
11866
11906
10444
9730
6333
8342
13728
14073
11367
11864
15009
15157
15139
13000
13479
12679
9432
6677
4669
5195
1504
379
-969
-3740
-3704
-5401
-6307
-8240
-9857
-11490
-11873
-14913
-15813
-16029
-17935
-17373
-18916
-17790
-20010
-18341
-15125
-13048
-11342
-10988
-8269
-3674
235
-901
1487
1769
958
4419
5776
10082
9241
7578
8523
5973
10026
9298
9752
10905
7486
8053
12113
7046
4247
9130
5187
4843
8680
5570
2334
889
3047
-2102
-3547
-850
-1485
-4924
-6603
-4733
-3498
-6569
-9034
-9370
-8025
-8810
-9479
-9769
-9721
-10454
-9762
-10639
-12286
-8660
-4841
-6919
-5904
1270
3336
688
2540
10094
2911
2110
10657
13258
7527
5590
8032
7593
9044
9004
4862
1770
2583
4468
3635
4535
4432
5278
2778
1081
2737
9368
9555
5801
3752
4020
3485
742
-28
-3521
-4398
-2806
-3212
-4753
-4514
-6539
-7570
-9884
-7162
-6975
-10622
-10924
-13346
-11889
-12520
-8020
-10031
-10025
-7243
-5623
-711
747
1453
2390
5043
4717
6633
6481
10021
11503
7638
7392
5472
7270
6099
6633
4924
3372
5580
5269
5980
960
713
4285
5529
955
-1627
3372
2242
3512
3614
1796
666
363
-621
-3198
-2610
-1202
-1040
-96
-2094
-2495
-2384
-4387
-6487
-6116
-8583
-8537
-7558
-6599
-5240
-5472
-2759
-2253
-140
4963
6928
7385
8703
7713
6107
6888
9825
10131
10019
9347
8578
7810
6953
9049
5555
1360
1862
2524
728
3
-241
-1037
-5619
-6699
-892
147
1162
-5477
-4484
-665
-2582
367
-1036
-1870
-3373
-4240
-2653
-3744
-6612
-3516
2
-267
-1254
-2432
-4341
-5502
-2814
-4471
-5007
-4122
-3949
-1239
1333
595
5384
6024
6416
7349
9785
8993
5815
10503
12646
14993
11605
9280
9930
5261
4730
6895
6948
3469
3903
416
-3475
-2986
-662
-2047
-7676
-5310
-4905
-4984
-3286
-7528
-10488
-6235
-1251
-2366
-1811
-5034
-5052
-3269
-4980
-5501
-6742
-5582
-6788
-6003
-6557
-8048
-9099
-8085
-9211
-11525
-9637
-8503
-8242
-6123
-2341
-2161
-859
2067
2834
3543
3796
4351
6546
6633
5823
5459
3416
3690
2704
1636
2317
624
1091
4482
212
-3223
-4718
-5131
-5794
-3915
-4839
-7276
-8074
-9357
-7264
-5239
-4181
-9197
-5628
-1438
-4949
-3183
-1028
-2887
-871
1551
-845
-2805
-2832
-4944
-4315
-2516
-3150
-5844
-6741
-3511
-4307
-3200
-1219
3802
6140
7985
9011
10172
11177
8992
10741
12951
12717
11700
10439
10114
10049
8845
7585
8091
7603
5311
6032
5584
1776
1887
687
-513
-524
-1678
-1100
-1559
-3321
-3276
-4544
-4880
-1600
-2438
-3029
38
2233
-4231
-1860
486
-3904
-1303
450
-3789
-7358
-4380
-7319
-6941
-9042
-10036
-8948
-9037
-8310
-4128
-3345
-1450
3900
1382
2415
3454
2710
4525
9876
9547
6451
5531
5489
4553
3083
6874
4520
3470
1449
1817
898
-119
591
-1130
-982
-4028
-732
-1702
-3275
-1630
-2606
-3369
-1741
1059
-3680
-1014
1806
-3404
-4105
967
5178
3307
991
975
-508
-1597
-3043
-2695
-3193
-4914
-3534
-2284
-4370
-4078
-1743
216
5290
7244
8521
8781
7911
8341
10697
11306
14501
11992
10530
9831
8686
7410
4752
6303
4219
3475
2515
2652
1302
3334
2657
-2598
-4375
-3013
-360
-1395
-2452
-3551
-2966
-3298
-3017
-4320
-4547
-5403
-937
-1858
-6434
-8000
-7244
-3744
-4534
-3597
-7085
-9842
-9675
-10103
-14902
-11695
-7296
-3549
-3868
-4612
-1610
850
2306
1962
4529
2603
4833
9054
10584
11398
8752
7455
8194
8458
9220
7056
6877
7357
3854
3156
-1109
-1072
799
1433
2368
1809
1143
-3292
-3323
-4773
-4415
-2565
-4999
-4917
-4183
-5738
-6341
-4382
-5891
-5686
-3458
-4670
-9952
-6168
-1268
-4093
-6406
-8054
-6309
-7796
-4666
-5137
-5543
-3744
509
3741
4476
8641
9098
8865
9339
12136
9803
11549
14219
12145
13022
10653
8508
11898
10615
6988
10217
6061
5712
5902
3655
1185
3187
3393
1600
5183
3032
1987
1572
-521
-1655
-1262
-3083
-3318
-5175
-7364
-8024
-7029
-4833
-8413
-8556
-4262
-4483
-11688
-11656
-6462
-4314
-10016
-10855
-7759
-7595
-7921
-7027
-4527
-3155
2588
2921
3559
5025
2271
4555
8695
9875
10912
10934
8648
9279
7733
7740
5065
4205
5860
4181
5189
4417
6048
3872
3487
5296
2653
3491
3843
2102
1781
1675
-1056
-4546
-5632
-5803
-10074
-10873
-9838
-13395
-13721
-13485
-14814
-14667
-16553
-15281
-12336
-15594
-15252
-12630
-12112
-12773
-11748
-9969
-7327
-6084
-3238
-838
2279
3556
7482
6586
8194
11349
10902
11341
8829
9134
9384
9915
8605
7076
5819
4696
3875
4230
5053
7136
4002
2910
5612
2996
1156
593
260
-1446
-2969
-2707
-4825
-6523
-6544
-8023
-8362
-9244
-11889
-11832
-13256
-14271
-13003
-11188
-14456
-15564
-11458
-10793
-13425
-15031
-6834
-4352
-4612
-2375
-856
2085
4917
5508
6530
9865
9148
8953
10873
12275
11151
11945
10619
11506
13251
12645
14167
13020
12414
11854
8417
11112
11241
10407
9283
8711
8630
6044
6720
5372
4659
4092
3360
2576
-317
-6
-2324
-4274
-5307
-6054
-5880
-7687
-8315
-9094
-10179
-11022
-10745
-13384
-12543
-13006
-7686
-8167
-12486
-6089
-4663
-1591
3425
6605
5510
4050
3038
4494
6953
7547
8190
10768
7894
7005
8233
7352
7494
7171
5864
5368
7041
5776
5399
3194
2586
2966
1986
-58
698
-440
-1283
-629
-3543
-3586
-5574
-5303
-4408
-7046
-9658
-9622
-10223
-11391
-12940
-14866
-14777
-17786
-17751
-19692
-19964
-19870
-20806
-19657
-15699
-10497
-10724
-10496
-3556
688
3043
5791
6383
8355
9417
10665
13115
14110
13912
15093
16907
16866
15565
14350
13588
11950
13482
11390
11413
8726
9924
10241
6897
8791
6689
5846
4222
4710
4396
3055
2112
868
-2983
-2887
-5422
-7085
-7473
-7584
-8871
-11188
-10720
-11053
-10796
-13380
-15207
-14405
-16246
-17300
-13728
-13964
-11977
-9262
-6202
-1424
1499
-749
4318
10336
5902
10511
11757
10175
12363
12899
12096
14494
14605
15298
16787
12374
11296
11244
10338
9598
9754
6774
7542
8637
5148
6232
7069
4010
4898
6116
3266
330
1040
785
280
538
-717
-1177
-4712
-6233
-7833
-10956
-13537
-13709
-14111
-17158
-17417
-17346
-20624
-19429
-15200
-18882
-13611
-11787
-12218
-4806
-3255
-4705
-1660
2753
4593
8706
8005
9766
12665
10894
13183
11934
13452
13659
14212
17593
13530
12884
11657
13517
13135
11464
10086
8858
8781
6493
8454
4743
3214
2261
2709
1757
-610
-692
-2410
-4729
-7106
-6834
-10397
-11279
-13653
-16107
-17789
-18094
-16908
-20518
-20743
-21471
-20084
-19442
-18710
-15326
-12794
-11727
-7950
-5065
-2399
3344
1437
1997
11376
14519
13926
12614
11525
12992
12987
14651
15591
15179
11690
11986
13998
13613
12407
10260
8164
6199
8484
6485
5284
2610
1110
615
1680
3669
2325
2070
-153
-366
-3800
-4957
-4938
-7220
-9927
-10560
-9383
-12224
-12484
-12734
-14690
-16179
-20019
-17894
-15549
-17464
-15439
-13402
-10779
-9715
-3882
-1816
-718
3623
5846
6900
4905
11689
12728
9865
10728
9539
9901
9473
11577
12473
8955
9684
9449
10534
9859
8136
7675
5350
4984
4151
4055
1114
1813
2117
2118
263
1015
967
-1190
-2233
-3248
-4114
-5667
-6619
-8495
-9932
-13867
-14272
-18335
-19266
-18031
-18856
-15443
-15414
-15627
-13052
-11819
-9361
-6115
-4411
-890
-2480
-525
4932
7287
9533
10661
10485
15261
20055
16993
16170
16905
15174
11759
13226
14015
12836
10517
12565
12992
10315
11355
8409
7449
4884
2071
1156
-783
-216
-2233
-3772
-4746
-5810
-8094
-8403
-9797
-11881
-13503
-15053
-15850
-17383
-19992
-21078
-21507
-22661
-22525
-20678
-19515
-18522
-14689
-12473
-10403
-5780
-4302
-3442
3476
2850
5324
7367
6208
8003
11400
12472
9596
15350
20892
16004
13952
13685
13617
12491
13468
14693
10196
12481
12490
13111
11557
8818
7154
4270
3269
4331
2985
1014
-751
-3095
-837
-4814
-4782
-6896
-7975
-8037
-10430
-11092
-13457
-13208
-14087
-14765
-15471
-14658
-14122
-11733
-8795
-6784
-5452
-5057
-2347
2142
4221
-189
2460
4571
3688
5737
5969
5320
5975
9292
8596
9404
12409
14521
15995
15009
15045
12123
12491
13071
10596
10432
7681
8010
7730
7451
7393
5267
4507
-495
-195
-1737
-3004
-1174
-3567
-5098
-7721
-9687
-11098
-8967
-12598
-12636
-13056
-16017
-13188
-13624
-13272
-12091
-10778
-9901
-6595
-5335
-2115
2164
3727
5019
6034
8183
9468
9849
12059
11379
12052
12076
10881
11306
12979
16976
11489
11680
15340
14932
14228
13461
13390
12148
11195
10118
9556
6410
6900
6244
6135
3114
3091
2818
-2545
-2654
-5615
-5901
-8909
-11640
-13479
-14432
-15409
-15174
-16381
-18396
-16252
-17193
-14934
-13657
-14153
-12513
-5761
-3105
-2590
2453
2989
5082
5138
4518
5365
6557
11645
9817
10123
10806
7929
9054
10044
10434
6860
7513
8887
5452
3639
7120
7684
4874
2864
3200
2079
1566
1043
729
259
-2807
-1521
-3394
-1649
-2162
-4230
-5107
-7195
-6489
-7017
-9963
-8751
-8820
-8632
-8729
-10624
-10524
-11728
-14375
-10900
-8147
-12994
-10257
-5404
-1813
-395
1489
2347
3318
5955
7092
5270
6263
7556
5098
5430
5318
4489
3435
3294
2038
1213
1562
2164
2537
1402
-2356
949
4219
567
-397
-1640
-532
-2144
-1132
-265
-2728
-2213
-2133
-2396
-5423
-5875
-7699
-9826
-9752
-10385
-11300
-11395
-11629
-11627
-13298
-14083
-13988
-14920
-13597
-10506
-10164
-8676
-6072
-4620
-2796
1319
3302
3134
3805
2485
5063
6826
6651
10777
6314
3282
2854
1529
1355
3785
2227
-316
654
676
1012
3029
1395
-5305
-531
2090
4494
5095
-20
1477
1704
547
2030
1349
-2073
-2941
-5270
-873
-757
-1122
-2900
-6623
-3604
-4830
-3981
-5110
-5544
-7846
-8112
-6029
-5242
-2896
-2173
154
2618
4382
7414
10133
9135
10626
9180
9185
12777
12734
12505
11008
10319
9120
7122
6336
6572
1986
4188
3173
657
2164
1197
757
2183
3194
3037
895
2801
4006
1955
3672
2300
2561
-2124
-4954
-6242
-4638
-2238
1277
-5002
-6295
-6570
-6187
-6183
-6220
-4274
-8776
-8833
-10046
-5958
-6400
-9715
-5305
-4012
-1089
5501
4132
3402
6175
8609
7876
5945
10568
6516
6315
6965
9162
7336
2244
340
-2045
1810
2132
900
-468
1440
2051
-1266
508
2384
867
42
137
-3652
382
2521
-4254
-3702
-2421
311
954
2023
1408
-1044
411
-3355
-4038
-213
1
-1630
-6856
-4827
-7380
-11888
-6236
-7138
-10422
-4700
-2521
-4847
395
609
3247
9856
9307
10221
7917
9467
9233
9784
11054
9846
8915
9237
4932
5182
5503
4886
5262
2945
-553
801
937
505
1512
-791
-457
11
3294
-186
-2394
8040
5783
2561
4851
4751
3793
5453
3231
-1938
-387
2409
-344
-57
-2951
-4333
-5320
-6216
-7660
-8144
-8520
-8384
-4446
-3068
-1588
-2841
-1251
3201
4010
6140
6284
6679
9196
7333
6668
8819
8805
6780
7379
3696
-2629
-680
-273
-690
-2167
-2932
-5102
-5533
-4658
-5744
-5992
-8141
-6784
-6122
-3554
-3077
-6644
-4130
481
97
438
-3428
-6304
1567
-630
-3612
-2907
-3724
-2219
-1548
-4471
-8425
-10236
-12133
-12655
-11883
-11957
-9186
-9473
-6898
-4929
-3658
-1881
1313
2669
1946
5470
4480
3935
5906
4818
4792
5142
5266
7738
-1448
-3033
3276
583
-723
-2197
-343
-3450
-2619
-3822
-4955
-2167
-2098
235
-57
-3515
-220
2603
-275
-180
-1251
-559
-2193
-328
-592
-803
70
210
-1957
-1026
-1950
-5814
-4911
-6163
-7062
-6926
-7569
-8195
-3836
-3635
-1653
2129
4643
7449
7177
9411
8857
7699
8413
11512
10813
11422
9488
8496
12851
3814
4745
7227
2607
1555
3348
4210
1299
602
1226
604
-218
-3709
-2815
-4487
-920
-125
-6389
-1280
418
-2369
-1450
-171
706
-4327
-2086
1362
-4051
-4177
-5240
-865
-10413
-4329
-7072
-10389
-8529
-6000
-1867
-8795
-239
16
3093
234
7846
5424
10301
8489
8668
11416
6590
13746
8322
12473
5786
12572
7572
960
6992
1879
2489
1265
2651
-2844
1028
-2818
-4367
-4711
-4891
-4031
-396
-5122
-8124
-4849
-7305
-4845
-5687
-1729
-7054
-6681
2531
1608
-2761
-3250
-3683
-6318
-6743
-7042
-6700
-9008
-13594
-10984
-6288
-7781
-6669
-3999
-4557
1867
4370
4839
3749
4286
6675
5693
6737
8231
8693
11306
12832
6877
8499
177
151
4278
5668
4134
727
5008
1756
3179
3046
2948
2962
3945
-4033
-3335
-2629
-7373
-7633
-5885
-4239
-7270
-3434
-2206
-6142
-12198
-7624
-870
204
-372
-6366
-8019
-8335
-9253
-10943
-10653
-10592
-8963
-9580
-6830
-5917
-4039
3086
4518
2348
6013
8861
7926
10443
13746
9848
11978
13434
11905
11982
11830
11232
3279
6156
8684
7780
8202
5757
6872
6581
4866
6162
-726
-2537
3512
553
-6283
-7682
-3915
-2221
-2454
-5169
-6112
-8153
-5689
-3275
-8863
-9599
426
612
-2158
-3903
-7028
-5945
-7698
-6546
-5556
-4688
-6194
-5035
-3708
-3631
188
2240
7786
7823
8142
9222
6422
13029
12566
11044
9000
8229
11225
12394
10682
246
1939
5007
3629
9413
5389
3146
4932
-801
1157
1099
-805
-1953
-2192
-4544
-5842
-5056
-6608
-4480
-7604
-5780
-5069
-5989
-6454
-6474
-4540
-8824
-9633
-3616
-2360
-5651
-8109
-9081
-11062
-10545
-5674
-4860
-5384
-3709
-1132
3788
6753
4586
4225
4416
7846
8535
8070
10240
7899
6502
5866
6303
8040
9852
3726
1169
5697
3967
6351
4428
-4189
-2236
168
-382
-830
-2803
-2879
-2979
-1721
-3255
-4413
-7931
-7510
-7625
-7798
-7985
-9566
-9789
-12240
-9750
-7948
-5418
-10425
-11372
-3269
-8542
-9743
-10371
-11347
-8083
-6758
-6799
-3330
-1951
-303
3552
7096
7012
4727
8164
7754
10339
11172
11699
12390
12211
12785
11351
13868
8591
7117
13327
8918
5835
6897
5167
2687
6010
3992
2611
7366
4135
1865
-467
-3592
-2171
105
-2203
-5174
-5325
-5925
-5291
-6679
-6495
-9101
-9369
-9580
-5840
-5968
-11542
-8019
-9352
-9986
-9840
-7234
-6920
-6103
-3722
-2233
3695
2808
2456
6372
7784
3174
6050
9660
8121
8926
8071
8661
11478
11020
10162
6318
1394
2043
5546
7017
4032
2855
3217
2253
1906
4258
1101
4405
2644
2698
-1769
-3005
-4318
-4759
-3543
-6310
-6210
-10029
-8134
-8836
-9133
-12076
-12079
-16866
-16021
-11648
-15813
-18359
-16185
-12374
-12322
-10713
-12788
-8038
-6323
-2221
354
-345
2175
2731
2690
2695
6398
8455
10603
9547
10179
11058
8852
8536
3444
6913
9262
10215
9767
4580
8324
8386
8513
9896
7025
2759
2270
4466
316
4429
1809
-1416
1147
-4819
-7007
-3827
-5879
-9687
-6525
-10003
-12265
-13175
-11841
-12935
-15508
-13746
-16079
-13567
-16636
-8934
-5269
-10558
-6980
-5007
1669
1962
4248
3971
6433
8944
12364
16482
15524
16449
17599
19258
16919
13943
19363
13817
11299
15065
14009
14248
11884
12737
10729
10458
11419
9829
9611
7382
6175
4412
1673
3410
2658
627
-2832
-4601
-6695
-5697
-7153
-7317
-11871
-14095
-14192
-14211
-14606
-14607
-16116
-22240
-16930
-12877
-15426
-12906
-9485
-7103
-3447
826
2708
2466
3716
9383
7697
8677
10334
12678
12278
9405
11120
12989
12556
14242
8707
5491
10195
7905
8598
5456
6552
4047
3706
5634
6364
4516
1321
1684
-680
-1424
-3441
-3612
-6944
-6873
-8623
-10110
-11381
-11973
-11680
-15756
-17460
-15950
-17219
-20137
-22526
-21650
-18824
-22875
-19388
-13872
-14035
-13036
-6241
-1307
577
5638
7011
8554
11778
12579
17280
14250
11154
14707
17514
17208
17574
16976
16679
12868
7993
12428
9498
12363
10894
7916
8865
6315
5846
3729
2342
3348
435
-1180
-926
-2194
-3915
-6516
-7429
-11082
-11500
-13485
-11801
-14613
-18901
-16115
-20773
-22942
-21505
-24300
-24250
-24723
-24748
-21024
-20406
-17783
-13072
-11685
-7379
-1481
5771
5778
7633
9376
9217
12486
17263
16356
19300
21181
19953
20132
16133
18615
12117
12645
15518
14993
12966
9485
12831
8198
9624
9945
5116
3931
2010
-804
-3139
-508
-1831
-7984
-6202
-7409
-8155
-9629
-9437
-12563
-14589
-11466
-15827
-13844
-16811
-16638
-18625
-19493
-17595
-19442
-16330
-15377
-15005
-11764
-7153
685
1688
3811
10772
7121
9107
16490
18890
18404
19769
21009
16707
18010
19097
13558
15542
7904
8526
12130
9128
13258
6974
7723
7871
4696
3462
6148
6813
3703
2284
-760
-1230
-1854
-2877
-3222
-3894
-5624
-5617
-7523
-8002
-8363
-11769
-12468
-12106
-13768
-14365
-14513
-15627
-17251
-16555
-13264
-12283
-9865
-6296
-4776
-2924
-2276
3808
146
4839
10097
10334
11596
15552
17388
16710
18484
16007
20729
20282
16913
12007
13945
15968
11446
11211
9141
9806
8252
4054
1625
2862
4363
3224
-670
-3278
-6233
-4404
-2757
-3823
-5509
-10477
-11072
-12728
-12540
-11273
-13527
-15476
-16865
-18213
-17960
-17562
-19555
-20871
-20808
-19089
-15555
-13276
-7531
-9875
-9751
-4351
-217
4990
4230
4569
10561
15321
14355
13907
15712
17653
15362
17949
21279
18789
8978
9593
11381
8457
10696
6624
8466
5973
4910
4716
2097
4111
4070
3578
1770
356
-2116
-4027
-5188
-5767
-6178
-7264
-6863
-9438
-8749
-9325
-9487
-13218
-14199
-12594
-13232
-12081
-12791
-11367
-13175
-13635
-13892
-8696
-4685
2
3046
4649
5689
5557
9733
11385
12063
18763
20036
18854
18233
17598
19625
16777
15601
5632
7859
7939
8191
8848
6818
7604
4505
7373
4694
3709
830
-246
-1083
-1409
-1056
-1823
-5665
-6418
-5507
-7511
-5605
-5759
-7943
-9538
-11287
-13007
-13325
-13210
-13356
-14183
-15016
-16458
-17876
-15827
-11046
-7475
-7684
-9743
-6047
-3426
1500
1766
321
3505
6378
5659
6349
14635
13819
13421
15167
14612
12620
13797
4170
7981
9577
6870
9784
7865
9930
6256
8355
6080
3692
2402
1496
1850
-384
1160
-4955
-5161
-6318
7113
4451
3457
7726
5408
5784
7981
7168
7277
3014
4557
3882
3940
2771
656
-2489
-4032
-4877
-6412
-10259
-14015
-13244
-15217
-13792
-15629
-17266
-15647
-14393
-10825
-5783
-3141
-6962
-8159
-6871
-1701
-256
775
1369
1422
2816
4803
7836
8198
8627
6927
7369
8522
5148
4482
3935
2892
1498
2979
1111
-8979
-5266
537
1481
-786
-7443
-2014
-1642
-2439
826
-2073
-1717
-2727
-5195
-4176
-6027
-6484
-8286
-10324
-9478
-12028
-10098
-12602
-11371
-14082
-15093
-13937
-14551
-8204
-9533
-4891
-6073
-11261
-4404
-724
1870
1228
4388
3458
5784
6123
5544
6878
6850
8103
10230
8161
6959
9759
6604
5382
6369
6694
1012
-8054
-3417
-2004
-5024
-4603
-6351
2059
1152
-4554
-1819
-377
3189
-651
-410
27
-249
-1586
-2079
-1707
-3569
-3843
-6335
-4835
-3409
-5292
-6979
-7506
-6638
-2591
-671
2574
-501
-1751
5307
4420
8675
8176
6944
9289
11203
12132
12710
13816
13055
14842
14607
15094
14031
13457
12605
10888
9582
10671
4789
-2366
2776
414
-640
233
-3450
-3753
-3711
-3910
1148
914
-1435
-2754
-700
-1146
-1676
-1457
-4122
-3640
-2931
-3068
-3356
-7322
-10184
-9817
-10353
-12936
-12089
-5606
-3080
-3065
-4735
-1657
2436
4902
5398
5981
8254
9120
9199
9948
11969
12092
13609
15484
16192
15929
15138
12796
10674
10826
9680
9185
5356
-5576
-1034
-179
-1413
290
-5098
-8826
-11363
-10823
-9058
-7934
-10622
-4981
-9222
-10499
-4545
-12386
-3768
-3693
-4642
-4475
-5569
-6330
-8544
-4183
-8566
-7529
-10163
-7102
-3897
-4002
-5959
-2342
2362
1377
3940
3797
4689
7041
6752
7121
9473
9715
8529
9520
12242
13533
10588
7189
5361
6516
10641
6117
3771
-6443
-8044
-3730
-4084
-4061
-9012
-6848
-9484
-7977
-4566
-5714
-6460
-8507
-13248
-12005
-4935
-3806
-7028
-8860
-10228
-4606
1069
-332
-1776
-10600
-6713
-9274
-7171
-7454
-11572
-416
-4154
-6606
-89
2598
1121
4487
8315
7178
7069
6680
7916
7864
11045
11834
9483
8960
7836
7308
6206
4873
4493
1969
4221
-4246
-6755
2
-5379
-4848
-7579
-9501
-9862
-7405
-9079
-11355
-11044
-12516
-13498
-13935
-12448
-13563
-10069
-10501
-9204
-8094
-10035
-10570
-8388
-7903
-3495
-4574
-2204
-5094
-3455
3572
126
525
3659
5140
6856
11420
11613
8947
10053
10027
11831
12009
10423
11220
8906
13949
13105
9102
11249
6921
10320
10121
11137
4673
-616
330
269
1681
1974
-81
-952
-1932
-3077
-3069
-2896
-4103
-6715
-5979
-8574
-7827
-7807
-9045
-6666
-7712
-3525
389
-6069
-8022
-7975
-3418
-5556
-8919
2123
-155
368
2974
3111
7485
10385
11605
11933
13261
12052
12366
14305
14465
14424
14318
13621
14913
15309
14386
12600
10566
6139
3142
5905
1400
-508
4835
2434
1769
-1177
-3493
-3693
-3225
-4319
-3687
-4796
-6322
-8581
-9728
-10317
-12772
-9069
-9819
-11459
-13266
-15439
-12989
-13476
-11550
-2695
-8452
-16741
-16584
-4761
-3541
-5511
-950
-6279
-50
1681
5139
6444
5524
6751
4404
8184
9520
7880
8829
9228
8876
9854
9251
10228
9761
10123
8150
7569
4569
2901
5143
5254
5525
2023
985
146
925
-621
-1816
-2373
-6578
-3908
-2590
-5463
-3311
-6719
-6411
-4969
-6583
-7188
-9109
-11671
-14643
-11313
-17762
-14596
-10533
-11109
-12532
-7399
2441
373
2827
4029
6211
7273
8546
10158
11418
10671
8463
11987
12990
10906
13038
11165
10425
10169
8261
10203
8016
11845
9004
1505
5415
6585
5617
4347
3698
2817
1875
2682
891
-152
414
-3559
-5816
-1621
-3237
-4168
-6142
-6484
-7784
-9869
-13744
-15714
-14897
-15376
-16068
-16960
-13864
-16599
-10930
-1985
-2382
-8729
2059
9148
3631
10843
10345
12051
8486
8815
10773
14223
17155
15531
15097
11690
11491
9211
9388
8297
9170
8817
10431
1002
3238
2656
-509
1720
-4578
-742
-4145
-2738
-3860
-4922
-5337
-6491
-7156
-7701
-6839
-9217
-8602
-10423
-11657
-12362
-11936
-13897
-13986
-22437
-22303
-21315
-21754
-21361
-21835
-11560
-14555
-5475
-5011
-6644
-6173
-3169
4376
2760
7271
7041
8882
6903
8409
11215
9611
11878
11722
11649
10832
10148
8944
7217
9295
-426
-59
1783
-480
2657
-2369
-601
-3073
-3641
-2125
-5093
-4342
-5077
-6251
-8448
-9046
-3103
-7146
-9986
-6604
-9784
-12791
-6358
-10546
-16210
-13822
-16403
-15044
-16324
-14056
-7529
-9537
-9951
-5536
-2302
3329
7195
7443
7119
12389
9395
12731
15909
16180
19850
18869
18454
18139
18356
19304
16558
17515
16306
16105
9760
5754
10385
7488
7969
6485
5818
4993
4496
3817
2150
2493
1721
1840
172
683
-173
-1965
-2853
-3009
-5297
-5308
-7934
-13518
-9387
-10950
-12080
-15005
-15418
-15218
-8728
-5790
-8783
-4985
-4015
-1736
-2824
1733
7058
13177
5677
5240
12850
11543
14649
17787
15946
13854
12484
15228
11833
11026
11513
9246
5347
-1730
2755
2565
2209
1790
-292
573
619
-1468
-3070
-4225
-5623
-5040
-4054
-4037
-7495
-6910
-9323
-8630
-9805
-9425
-12750
-14655
-10356
-13783
-13848
-14668
-14628
-16080
-12396
-6917
-9284
-14082
-10743
-7089
-4228
-2054
-2194
-2713
2743
8096
940
6966
12256
10756
13110
14529
13374
15020
14074
13637
13552
13046
6614
5587
10725
9244
8837
3953
4698
1995
1719
2559
3273
3980
1010
-1307
-914
1256
-467
-641
-1288
-1119
-4266
-7013
-6381
-7010
-6548
-7168
-11186
-12341
-14691
-15386
-13858
-12030
-702
-5222
-8816
-4688
-6847
-1912
2586
2221
881
2330
3037
8748
12477
10803
10163
11362
15650
16594
16704
15080
11405
12373
3348
1129
7340
5799
7283
5071
5932
3543
1384
1280
-232
1492
2477
1342
824
-1351
-2139
-2198
-5825
-2127
-5163
-6638
-4574
-4774
-5781
-12139
-13281
-14591
-14503
-10333
-8530
-10218
-3250
-610
-4344
-1769
-4624
-517
2640
3132
3665
859
3145
3333
2783
5528
12528
10019
6555
9879
8731
8086
9915
13713
4598
2815
6997
1603
3611
1618
-101
355
-361
50
67
-192
-434
-1798
-2390
-2333
-2835
-1934
-3014
-9306
-7941
-6831
-9016
-10835
-11481
-12145
-12016
-12794
-15051
-15552
-14519
-12753
-16033
-5286
-6168
-10312
-7160
-3726
-1590
-1749
-2424
-2358
863
-1933
-764
-607
-527
-1285
3545
7727
800
5758
6801
4838
5954
671
3414
903
2176
3500
2527
4698
-318
1324
2515
1566
1625
2620
2607
388
161
1840
-4061
-6326
-3372
-3948
-3286
-6685
-9806
-10959
-11053
-12570
-12348
-15479
-13945
-12274
-13833
-8207
-10723
-7139
-7174
-7940
5
-3147
-2194
-1254
-1418
1658
2371
1387
208
1432
1827
3247
2029
5857
5854
4665
14048
4192
4333
9640
8301
9721
7656
5797
7094
10239
10805
9133
8916
7535
7175
7590
7185
4656
2308
5993
3388
2556
175
-1088
-909
-3082
-3957
-5239
-6913
-6546
-8349
-6730
-3165
-10499
-597
4023
-4412
-3824
2289
4542
4490
6858
5512
4897
6368
7509
5543
7281
4648
5222
3251
4575
657
2616
10832
-85
3169
5853
5815
6884
5625
6957
6711
9301
8780
8553
6574
5614
8362
6153
2953
1833
1359
2007
609
1157
-3847
-2562
-2456
-5598
-6425
-8840
-8560
-9567
-11744
-12701
-5135
-7284
-8826
660
901
-4892
501
3216
2484
3908
3181
4371
2904
3608
357
-234
-826
-1249
28
-3766
-633
100
-1810
-5962
-1917
5980
1048
2806
10722
5505
3376
9132
10326
8813
4693
7346
6749
-491
677
6718
1399
2282
3651
749
1168
-1883
-2467
-5359
-6338
-7793
-12038
-14503
-13358
-13041
-10644
-8957
-8447
-10523
-8137
-8574
-7375
-1932
-3595
-3334
-971
-1928
418
1582
1084
1232
912
302
-3763
-868
-150
120
-2018
-9125
-3569
313
-4714
578
-281
-3183
5176
2896
3078
3388
3762
6992
2686
-302
2012
1925
520
-463
-1915
-3304
-5131
-3603
-6498
-7645
-7526
-8150
-8052
-10123
-12490
-9713
-7320
-6395
-7305
-9298
-6322
-4754
-9267
-2443
-1434
-537
7512
2154
3951
7620
6542
7047
7406
7011
6855
7079
5544
6441
-2774
-5768
-976
-3626
-2927
-5532
-4110
2678
4468
7816
2055
10441
10945
600
7368
7410
8015
5843
2759
4743
5907
6296
3425
2539
-518
-1251
-2024
-4521
-7217
-6545
-7640
-9422
-6574
-4330
-3463
-4600
-5698
-849
2550
1478
4512
5944
7193
7498
6154
7524
9903
9818
8014
9413
7129
5803
6171
6569
-2604
-6119
-275
-3516
156
-796
1274
-1897
-3539
410
6176
7204
-718
2785
6659
4194
5395
7184
5344
4766
4100
1857
179
1276
-5429
-5072
-3872
-10721
-11627
-14050
-16319
-15869
-12977
-13168
-8211
-6660
-11085
-8165
-5227
-5702
1260
1793
3702
2156
1555
6486
5839
6555
6564
6041
6122
8513
5263
5568
-482
-2637
3348
-175
786
452
519
1971
-2415
189
-6564
-9167
522
4305
1086
-3109
-2382
-2802
-3759
-305
-59
-1676
-2290
-6159
-5381
-8635
-8475
-8061
-9978
-8136
-10259
-8719
-8876
-9222
-7462
-8030
-8636
-3341
-787
3233
3198
-181
5355
5397
6656
7879
7020
11230
9735
9259
9460
10519
9950
9227
6386
2780
7147
5430
6670
4930
2823
3045
5052
1507
-4373
1192
-677
-3489
306
3574
2011
715
-108
-408
928
-6249
-4344
-2175
-3261
-4018
-7778
-6616
-6538
-7215
-7674
-8666
-6389
-2399
-6663
-2760
-167
-3021
2414
6087
7099
2716
6509
5184
7963
10921
11738
13626
11556
11380
11289
11417
9864
12712
4081
3810
9103
6274
9955
5807
8806
6871
-83
3046
2790
2621
1248
-349
-923
-2100
-2750
-1030
731
2431
174
-2106
1106
-5680
-5122
-2833
-877
-4446
-5574
-7219
-8641
-7707
-9487
-4590
-6101
-2304
-3397
641
3801
5558
9770
7766
8837
7888
10628
12214
12477
12069
11031
13959
10907
9807
8917
11881
6392
4259
11504
2748
3959
5101
2335
-3069
-951
-321
-3501
-4596
-4661
-6142
-6855
-6916
-10341
-9424
-12559
-10923
-9522
-7968
-7437
-11989
-10358
-9679
-12256
-12739
-8385
-12069
-15234
-13535
-15653
-10295
-8192
-9150
-7620
-4388
-2654
723
5508
2768
5075
5956
5255
4504
5979
12182
9717
6745
6801
8780
8873
11821
2730
957
6534
3651
6175
-184
-1650
-259
-499
142
-1875
-3171
-5667
-4974
-7354
-8395
-9727
-11241
-9019
-10344
-10297
-11035
-9001
-4563
-4562
-8770
-11663
-7617
-9359
-9076
-6410
-10876
-8048
-9562
-9355
-3210
-5666
-1676
1278
1596
5336
7105
8289
5795
7842
11766
10832
14185
11873
11552
12540
12892
12149
15241
12862
1654
8085
6341
5514
3589
4770
8226
2819
3392
467
927
633
346
675
876
-2085
-3849
-4895
-5884
-5977
-6696
-7805
-8124
-7410
-5183
-4593
-6213
-7233
-11018
-10917
-9100
-9533
-5265
-3879
1026
-4349
-5055
1816
2142
7165
8641
7856
6927
4442
7025
6791
10504
13895
12083
12602
12023
12986
13752
13462
5023
9506
5402
2182
7044
4054
6698
3971
3074
3192
4269
2871
-90
1018
-82
-2704
-4438
-8675
-9704
-11479
-11617
-12173
-14381
-14762
-15688
-15419
-9445
-8611
-11370
-11282
-16405
-14675
-12338
-8993
-6597
-6537
-5324
-2494
-7
1483
3856
8521
12099
12131
10583
8995
13325
13576
14569
14117
15083
17158
15283
18021
12054
4087
1807
3048
6772
4520
2269
1594
2810
3819
3925
4333
4689
1997
-293
-853
-3486
-2634
-5189
-6763
-9901
-9560
-8586
-9117
-9475
-11454
-11058
-15938
-13249
-11334
-12553
-14406
-13645
-7764
-5600
-4951
-2598
-380
-464
2004
5385
3271
5784
8600
7273
9809
6297
8470
10761
11613
11649
10546
10388
11121
6796
-2533
4656
6450
3286
4215
3969
3099
5899
5077
4662
3923
2067
-521
-802
-3193
-5414
-6300
-5372
-6810
-9052
-8996
-10237
-13245
-16428
-14465
-14575
-19070
-19550
-20072
-18482
-17352
-19217
-13007
-12712
-16416
-10225
-2569
-6110
-2058
4443
2392
4107
6695
8245
9834
9528
11506
14338
13124
16131
13796
17422
14734
11479
12171
5352
9798
9538
8468
7297
5939
4754
3978
4264
2707
3142
459
-243
-1639
-3025
-2581
-2923
-2877
-5248
-7257
-8295
-8129
-10694
-12745
-12809
-14531
-13637
-13420
-17371
-15054
-15501
-15162
-8742
-11310
-7863
-5553
-2006
3121
4167
7632
7721
9600
11490
14242
16156
15553
17378
16841
18976
20619
15158
13717
18609
18400
9613
11371
13945
12057
14078
11560
10030
9436
9063
9617
8097
5916
6167
4050
1992
-828
-544
-2136
-2382
-3171
-3392
-4701
-11202
-9451
-12962
-15625
-13362
-13809
-14215
-17030
-18268
-18684
-14447
-11835
-6809
-9339
-9545
-7386
-5786
3449
2335
3839
3651
5595
8645
9784
10611
10866
12457
12705
8716
13672
14430
12932
7179
2214
8513
8175
9667
7985
5537
4849
3889
2810
2120
1427
1607
-330
-3383
-2220
-4145
-6363
-9914
-11692
-12009
-13861
-11797
-12231
-16296
-17149
-18809
-22450
-21606
-19524
-22902
-23753
-20188
-22547
-21585
-18740
-13033
-5877
-786
-4615
-2537
2492
6675
11234
9683
10936
12019
14906
8700
10772
13673
13340
14651
13778
13654
7405
9111
9329
13057
14258
11028
11972
10792
6387
6375
7466
3552
3101
2678
2283
-3600
-2572
-3593
-5677
-4204
-5906
-7576
-12308
-10855
-11488
-11476
-14542
-14900
-17478
-15915
-15077
-18585
-15666
-14226
-13950
-13727
-6458
-7968
1884
5915
2526
5825
9205
16954
15898
20395
15955
15499
18509
19909
21061
17702
18940
21111
16546
9274
15460
12753
14250
14160
12385
11354
6138
9185
4346
6720
5549
5339
3289
1373
-415
-2523
-2596
-6931
-9024
-12636
-10685
-13120
-15925
-15370
-18320
-20615
-20269
-21364
-22603
-20430
-18846
-15140
-15401
-16514
-12707
-11627
-2319
73
1061
7191
7695
8735
5860
9370
13734
15505
16065
21735
16019
13987
12962
16452
9230
8174
13482
9575
10573
11425
6343
6226
7294
3755
4742
5470
-650
-1587
124
-1191
-6064
-3449
-8423
-10208
-5677
-9889
-13783
-14757
-13476
-16824
-14672
-13354
-17737
-17572
-16569
-17745
-17643
-15488
-12113
-15379
-11466
-6609
-9026
-5702
1571
969
3099
11464
6679
7792
12381
17905
16701
15810
18176
16264
16912
17419
20038
9358
15987
17546
13651
16717
13083
14224
11546
11852
10271
8798
6797
5360
3325
-1325
-1413
-2435
-6340
-6191
-9834
-9613
-11850
-13798
-15946
-15982
-12923
-16681
-19146
-21794
-20782
-21723
-21244
-16259
-14989
-16742
-15961
-12448
-7326
-2938
1312
6569
1572
4198
5132
9946
12870
12482
10124
13203
16066
12898
16160
17284
18196
8809
11137
11577
7905
11834
8362
9955
4069
2240
4009
2698
-758
860
-401
-5065
-4159
-6449
-7062
-9427
-9180
-10316
-13300
-13764
-15142
-17117
-15565
-16677
-16119
-15290
-16756
-17219
-15069
-16360
-13686
-10876
-10848
-11098
-7728
-1357
192
468
467
3186
2717
8774
11882
12586
15304
13488
19463
10206
15832
20386
16184
17798
7287
14068
11256
13884
16220
13150
12199
11060
11476
7268
6223
6044
5485
3297
2045
1023
1596
-5692
-3826
-4244
-9393
-7457
-8322
-9680
-11018
-11121
-10865
-13011
-14710
-15168
-11325
-11557
-9523
-8799
-10210
-9286
-9192
335
-1343
-6014
-698
1976
525
1610
4080
5970
7971
8563
13164
17192
13623
13044
13430
15186
12833
9266
15387
12629
12724
10478
11064
11035
9110
8511
5398
4056
4134
5169
473
-4176
-4238
-3690
-4830
-4822
-5789
-8300
-12666
-14627
-13052
-14535
-13759
-15350
-15070
-16197
-13685
-13823
-9754
-11330
-12251
-13535
-13073
-4447
-6720
1241
3536
-1779
2173
4147
4286
8992
5244
7913
4699
10794
11988
10449
11489
7733
10144
996
9827
13089
7840
7725
7441
7479
5170
6656
5628
6107
1741
3655
3746
-397
-3378
-2875
-3845
-5507
-5727
-7400
-7135
-9916
-7341
-5465
-7106
-8507
-7818
-9060
-8911
-9607
-8184
-5109
-7022
-3733
-10374
-4049
847
350
5428
3820
6273
7727
8300
6022
9246
7867
7937
10492
8001
10204
12158
7163
11838
5172
91
7026
7073
5857
6038
6358
5781
6513
5613
7903
5032
4830
1516
2842
2475
-1282
1080
513
626
-1256
-1459
-3583
-6058
-5486
-7063
-9451
-13096
-10763
-10262
-14102
-14024
-14760
-10511
-13246
-13094
-13008
-11236
-6996
-4892
-1219
-2479
-559
-99
727
390
3410
3903
4008
4902
925
1811
1238
4095
1659
-3345
5746
2087
3529
7471
9128
9051
10093
7775
7012
9405
8811
8742
3086
2670
3436
79
1098
-2752
-5292
-7063
-7140
-6234
-9806
-9903
-10747
-11379
-10977
-9624
-12226
-12173
-15862
-15432
-10805
-11003
-10707
-11307
-7836
-6640
-3254
-1076
2133
52
1593
948
2167
7238
10246
9140
3833
6954
7567
8030
7344
-3703
2066
6001
3361
9820
6097
2940
5843
5969
4011
4447
4711
4468
3207
1073
-740
2747
1372
-456
526
-3563
-4240
-4164
-928
-3315
-2679
-4546
-4064
-6345
-8613
-7307
-14294
-11783
-10570
-6471
-6556
-7918
-11306
-7618
-3570
-2827
-1099
-185
2908
1798
1496
3873
9089
6607
9192
6236
5807
2838
3696
5166
-5100
2678
2909
2104
3875
5959
9010
6220
2136
5613
7951
7436
9600
6943
7526
3505
3098
4144
2969
3191
1024
-712
2
2121
-534
-406
-2225
-1189
-8304
-9582
-4478
-7188
-7112
-6850
-5438
-4887
-6029
-4820
-1206
789
3494
2919
1657
5746
4243
6339
8998
8295
9919
10173
10113
10158
8646
5555
6382
332
3029
2909
2035
481
-1497
-184
-1746
649
-2633
-5485
-1322
614
-1772
-2190
-3353
-1277
-412
-4041
-4835
-5042
-3860
-5266
-4480
-5732
-3009
-6109
-12275
-9258
-9789
-12869
-13367
-13087
-12074
-8105
-7856
-11031
-5819
-3185
-2254
3644
3515
6282
6183
3167
5914
7695
9435
8419
10557
10592
11581
11171
13168
5123
-2076
6908
1210
-1068
-437
-1218
-4333
-3888
-4258
-678
-108
-4376
-4028
-2915
2255
-1268
1857
-681
447
-1427
251
857
-3063
-2043
-6566
-8803
-5833
-3584
-8169
-11580
-8941
-7127
-7637
-2832
-2924
-4509
-6057
-2569
3142
4927
8498
6456
9811
10384
11292
11497
11654
13830
14486
14042
13808
11425
10300
10152
808
4804
7331
4863
4477
2307
1461
1049
1727
-121
1328
354
910
2812
-890
-635
1916
1895
1077
-1759
1825
542
230
1326
-2727
403
-1568
-6007
-5529
-7515
-7980
-12327
-10908
-12076
-9779
-7011
-10336
-9098
-5774
-3914
-1813
1358
119
4691
6170
4472
7552
7468
8060
7252
5717
7077
6001
5984
6172
-1903
2851
1288
1927
-749
-1497
-3579
-5764
-4872
-8016
-7538
-8685
-7275
-7262
-8105
-3144
-2601
-11286
-5555
-1713
-1682
-6447
-9011
-2501
-6257
-6646
-8060
-9473
-9535
-7561
-11320
-10452
-11643
-9887
-7945
-9359
-5884
-9175
-2782
366
1830
2610
3946
4420
4808
6272
5979
9002
7364
8067
5485
6305
5306
8328
7537
-3057
2446
-121
-3838
1080
-1664
-5316
-1925
-1528
-4392
-5309
-5653
-5418
-6703
-5254
-5494
-809
-1724
-2003
-3727
-2525
2702
-1496
-488
1716
2563
-1028
59
296
-924
-3113
-3695
-5405
-2642
-17
380
407
-596
5424
4802
7888
8505
9270
11865
10708
6914
7654
10161
7455
8069
8508
9919
6472
6883
7264
392
3947
3308
2940
2520
1308
1923
529
1036
-1253
-3084
-3949
-4237
-2702
-5573
-3544
-4291
-7394
-2005
141
-1095
-4831
-3498
-1157
-1439
-2124
-3205
-4823
-4873
-5575
-6244
-6060
-6119
-6408
-7183
-3719
-6020
-2631
2689
377
5364
4744
6392
12380
10001
8144
8693
10459
10359
12599
10667
8290
4260
8385
4751
-2377
5448
3962
4111
-587
1771
-1190
-4625
-4250
-4815
-5340
-7078
-4734
-7315
-6930
-10803
-8101
-8760
-10136
-5885
-5846
-3715
-9505
-10447
-5979
-910
-3301
-5917
-4420
-5098
-6371
-8774
-11994
-7268
-2086
-7807
-5624
-3714
-2459
627
6051
5447
5958
8510
6338
6688
6725
13222
12408
11047
8984
6679
8421
7744
1393
1611
1827
1267
4272
1583
3182
2396
3390
979
-311
-2062
-804
-3178
-6867
-1502
-6851
-8092
-9221
-8157
-5217
-5651
-5259
-2443
-2549
-11776
-9813
-7025
-6766
-5360
-3956
-6315
-7658
-7745
-5891
-616
-3018
-1628
354
5564
8504
7060
5541
3846
5789
8997
9348
5217
6422
8388
9702
9934
4039
4253
601
-881
2979
6059
4523
189
3912
4113
703
5001
4507
5680
3677
-410
2149
141
1545
3025
1961
680
-1281
-1275
-3423
-4814
-5949
-8826
-5594
-1055
-5436
-8060
-6514
-8417
-5630
-6204
-6095
-4473
-2110
-4776
-4518
-4271
-2195
1365
3094
1455
910
5013
5103
6226
6329
9437
7725
6955
6101
4002
7935
-1002
-1325
2399
1474
3743
2404
2546
1700
1862
1470
-1936
1850
7721
3110
-283
-2160
-2803
-2220
-2855
-1955
-5851
-6153
-7209
-10315
-10769
-11736
-12495
-13329
-12154
-10682
-11130
-12631
-11148
-6547
-4764
-1670
-3429
-3631
131
1480
4591
6099
6192
7056
6937
9456
11281
12040
10415
11835
11090
9983
12042
11965
13142
5458
8707
12030
6567
5835
3823
3001
3803
4991
5084
5081
5928
5221
-687
-163
-416
902
-236
-108
-3895
-2405
-3852
-5264
-3999
-9482
-7959
-12134
-9460
-11562
-11182
-10913
-10547
-11421
-13154
-8163
-6158
-5149
-5863
-1941
336
1491
4177
3644
3503
4152
5738
5519
6136
3591
8721
8846
7713
7217
7303
8911
1669
3464
5027
5900
10255
3047
1525
6332
6005
4180
2612
2031
582
2431
3442
1824
45
-1457
519
-979
-3558
-5375
-5980
-9447
-11846
-14720
-17059
-17651
-19382
-20227
-20958
-22138
-21944
-16992
-15052
-13848
-14195
-13391
-8025
-3227
-475
-2105
787
2067
2703
6114
5744
6423
8552
10186
9934
11769
10174
13080
15202
12399
15692
16054
14591
9240
12944
13209
8749
9529
7588
7429
8739
8095
7024
4438
3565
4135
1323
1828
-121
-2545
-3441
-9761
-11169
-10189
-12024
-14511
-16179
-17576
-21410
-22060
-22484
-23335
-22552
-16972
-11158
-14404
-10021
-7005
-7854
-1089
1875
4499
7877
7524
5247
4726
6575
9787
11144
13443
13961
11093
16722
14056
9363
10956
8651
10805
8787
6749
8042
5423
6934
9447
6105
4930
4413
5022
2456
2840
1151
-3186
-4221
-3734
-3203
-4988
-4852
-7223
-8411
-14489
-16289
-13868
-14235
-15791
-17830
-18864
-17412
-13767
-10992
-12187
-11130
-5074
-5352
-1356
1587
3470
8471
8974
8860
9298
11181
11951
12925
15522
14522
16722
14748
18355
16941
10335
18074
16609
15862
14147
12944
13089
12141
10713
9607
8766
8436
6886
4959
4534
3592
326
1973
1003
-1135
-2976
-5305
-5924
-7850
-7833
-9475
-12937
-13993
-13743
-13868
-14119
-17297
-16707
-15833
-14426
-16912
-17297
-15240
-11919
-2394
1722
862
5433
8938
10410
14016
16367
16866
17413
18155
17903
21648
14737
14763
13693
8639
13552
8785
9411
7827
9993
10142
8847
8377
9208
8226
7816
5980
2380
1366
-672
-2868
-7389
-8863
-7767
-11009
-12166
-13683
-14511
-16002
-17876
-17615
-20568
-20341
-21470
-21277
-23800
-23727
-18133
-17920
-18705
-13419
-13287
-11496
-7552
-6360
-708
1754
-252
2330
6997
10338
14073
12201
13168
14263
11363
14202
14784
8503
10087
11741
9377
9578
7969
5486
4423
5361
2680
2699
1533
550
-940
-2541
-2169
-4017
-5181
-6602
-7628
-8359
-10822
-12434
-11626
-14087
-13913
-16979
-18618
-17597
-22632
-19462
-19226
-21728
-19108
-17717
-20620
-17562
-9800
-12141
-8631
-2324
-1285
1157
2152
8536
14038
7364
12169
15837
12293
19925
19153
15225
17479
16175
14191
17703
16802
15929
14812
14398
13388
12055
11789
8320
7281
7756
8861
5526
4608
2646
1749
159
-1049
-164
-2531
-4084
-5859
-6742
-9753
-8252
-9931
-10910
-12034
-14045
-12472
-12097
-13208
-11272
-11279
-12673
-8167
-7732
-3814
-260
715
1351
4581
7197
6275
9539
9440
8804
11034
12936
16094
11646
14096
17830
13521
15352
13440
12249
11170
13884
13144
12281
11375
11020
9854
5991
7721
6115
5691
3455
2230
296
-1175
-827
-7608
-5780
-4328
-5548
-6404
-5678
-10330
-13839
-15597
-19420
-20047
-23055
-19990
-19957
-16185
-15985
-17968
-10481
-5694
-4622
-192
2830
5089
5917
4581
7478
9050
9061
9442
16224
17884
14751
14509
8590
10161
13652
8975
8776
7581
7064
6961
5936
6243
4603
4624
6289
3712
3510
3012
-1084
-2476
-3058
-4612
-5655
-3340
-6464
-7616
-8141
-11067
-13739
-14362
-9840
-10115
-11099
-11852
-11904
-18689
-15443
-16759
-16222
-12178
-19706
-9856
-6795
-5039
-1105
-2999
-1720
-401
2343
854
587
1274
2358
2571
4057
7095
6643
3747
7262
5990
5709
10377
7640
7406
7644
7300
8539
7538
7055
5223
7344
4622
6093
5429
5773
4121
959
-179
-2246
-3513
-3253
-5008
-6893
-8259
-9823
-9381
-9341
-11644
-13940
-12735
-18398
-15647
-13408
-12985
-12278
-15908
-7279
-6488
-7009
433
-534
260
-168
-583
405
2808
3962
5162
5742
3617
4482
2236
9053
10864
8346
11474
6556
7974
11328
10728
9215
6823
5388
6216
4944
4596
6039
4999
3623
4175
1940
2568
1063
-251
-966
-1947
-5866
-6089
-6595
-10221
-10473
-10832
-12389
-13758
-12406
-13095
-10975
-7288
-7176
-6282
-2911
-1482
2805
6140
4430
7024
8325
9047
5803
8309
9808
9784
9770
7251
9164
8354
6724
7028
9093
10351
12519
9704
7829
7906
12439
11680
10486
11282
6786
7573
4574
4332
3407
3861
3386
730
2051
-1705
-2182
-3610
-4505
-6140
-9225
-8075
-13079
-15511
-12731
-12720
-17637
-18491
-13698
-14393
-11076
-7675
-7476
-5046
-1138
379
-75
117
2416
6291
8767
6898
2504
8203
8086
6044
7593
6547
4438
5021
4627
5672
5308
3556
7779
8525
9272
6157
5801
4613
5382
7222
4181
871
124
494
-246
1937
1926
79
-912
-166
-2834
-5118
-4291
-6990
-7965
-10422
-13680
-13260
-14915
-14892
-18878
-18015
-11969
-12478
-12992
-11042
-5807
-3548
-2414
94
-270
2838
5319
4908
2742
4315
6283
7388
6479
3757
5143
6843
6908
5594
4508
4008
3503
4193
2125
2617
6000
7314
5428
3859
3188
2891
4148
2471
4249
2566
-73
303
-2049
-3596
-5304
-5698
-6776
-8620
-10254
-10219
-10342
-13253
-14707
-10451
-10158
-12223
-7112
-7171
-6847
-6835
-3161
719
3849
5702
4218
8099
7788
8188
13593
10400
7936
15153
14270
12452
12381
11073
11219
8515
8562
3005
2851
2131
1571
-212
-1204
-3585
-2719
-2137
915
-3469
-5178
-497
-761
-602
-1430
-2509
-4335
-5603
-5203
-6568
-7171
-9253
-9907
-8259
-7748
-7744
-9894
-11845
-10664
-5952
-9485
-9490
-3093
-5241
-6856
-2695
-2175
-1265
3357
1029
4097
5849
6413
6101
6583
9229
12310
13073
10593
8836
6474
6682
4528
1258
-65
652
514
1423
-1446
-2937
-394
-832
-784
-14
774
2155
1428
-1717
479
1296
573
510
412
-1560
-2729
-1553
-2595
-1652
-2703
-2855
-3218
-2137
-4687
-7973
-4750
-7554
-9015
-4184
-2620
-2960
-1166
1732
1949
4163
6161
5791
7875
8211
10241
11249
10987
10446
10588
11662
10580
9298
9169
5150
5081
3948
999
4573
1339
-1257
-1527
-3526
-4005
-7274
-8286
-6369
-6705
-6475
-7060
-7548
-10886
-8363
-5285
-6131
-3078
-5886
-7879
-7392
-6672
-5583
-6294
-4734
-5822
-9362
-11653
-7346
-7397
-11048
-3737
-5885
-3288
2947
5129
8497
9142
10386
8590
10286
9771
11211
9661
11002
10896
9031
12180
10400
9636
10651
7244
4994
4189
3558
2171
-1469
-1725
-3008
-6441
-7272
-6605
-8786
-5093
-5828
-10926
-6203
-2886
-4362
-5767
-7803
-8288
-2800
-4560
-6299
-5185
-5106
-5015
-6287
-6884
-7206
-5582
-11213
-8979
-7604
-9984
-5974
-10049
-4473
-858
-2149
3020
3584
4709
8697
7859
8758
8904
8888
10803
12403
12497
12530
12056
11751
9904
9760
8430
7289
5401
1925
-171
625
1150
-976
-3650
-2192
-5578
-5650
-4103
-6731
-4651
-3662
-5267
-2387
169
-1467
-4700
645
3509
1497
2369
558
-6
-1996
-3414
-1166
-1817
-3791
-1727
-1411
-4814
-4071
2065
1308
-106
6736
6626
5703
7074
10005
8652
7829
11149
11901
10999
9113
8693
8186
6890
4647
4181
3342
688
1771
1266
-1101
-2438
-4374
-3630
-5827
-6665
-6151
-7338
-7861
-10462
-9470
-10827
-11033
-7457
-7765
-6574
-4639
-3793
-7308
-7781
-3950
-4958
-5471
-6640
-7366
-8079
-7467
-9187
-9027
-6485
-7223
-8135
-4734
-1812
-744
1314
4126
3530
5363
6203
3568
5706
6717
7664
8079
9127
4870
6242
3977
2861
1339
415
1540
1687
-989
-3245
-1861
-1432
270
-609
60
-3388
-3148
-1040
-689
-1819
-2917
-1710
-2430
-3212
-2268
-1064
-2626
197
1686
-3324
-1120
-254
-719
-397
-3224
-2652
-2835
-3598
-4629
207
-2972
-3553
-875
326
2878
2787
3241
5441
9799
8680
9936
10415
8528
8541
9886
8827
7639
6427
7298
3214
3355
5093
907
2642
1111
-170
-272
1208
1852
1625
6
317
439
-2161
-4225
-5118
-4785
-6302
-5616
-5276
-7368
-9514
-7761
-8885
-7441
-2886
-6804
-7598
-5887
-4174
-5181
-9720
-9287
-9080
-8847
-5687
-6837
-4574
-784
2473
5071
6294
6496
7640
9982
9399
8544
7675
8978
7416
7994
5339
4801
8454
5545
5116
4597
4301
6414
5638
2833
4070
1646
1891
2996
1521
1160
-157
-1627
-3596
-1598
-4613
-6497
-4644
-8525
-9039
-7287
-6476
-7520
-8549
-6856
-8641
-7887
-8685
-10349
-7945
-6513
-8009
-7746
-3504
-3509
-1981
-92
2695
5345
4478
6786
7555
8047
10749
9567
9455
9902
11312
11708
9629
11710
11107
10565
9015
9555
10063
9978
9701
7923
8579
7613
6248
3946
835
3494
3002
5266
5047
4193
-1383
-2611
-1106
-1355
-1777
-2081
-5454
-7074
-8574
-8280
-5824
-7560
-6101
-9591
-10615
-12507
-16426
-11984
-6335
-5905
-7907
-5769
-6134
-944
3800
5812
6788
5559
6056
7207
10766
10443
7537
6418
6641
5525
5845
7455
6857
4177
4445
3863
2063
2288
2901
2502
3592
5196
1890
1449
49
3869
1628
-1507
-387
-3595
-4624
-5356
-7128
-7639
-9570
-10712
-11489
-14187
-13496
-15283
-18195
-17523
-16261
-20602
-15347
-16210
-19525
-14667
-13062
-9227
-11311
-5363
-4867
-1587
1685
1114
4715
5257
3751
6321
7507
9541
9564
7064
11927
11350
10737
9109
9819
11018
9095
8825
7141
7469
6991
5356
6687
5649
4075
5230
5918
3029
-81
-1275
-1679
-2537
-3767
-2682
-3678
-2855
-3322
-6089
-7805
-9011
-8807
-10043
-12361
-14328
-18243
-13004
-14838
-17379
-10378
-9814
-9239
-6818
-3557
494
3758
8255
8013
7957
8924
10941
12686
12707
12057
12905
11153
9125
11752
10117
11212
11083
9808
9718
10311
11505
10355
12105
11081
6879
4296
1767
3417
3521
1976
3749
-929
-626
693
-3312
-5825
-6030
-5815
-6525
-7240
-8718
-8959
-11448
-9561
-13684
-14414
-13795
-12708
-14794
-14990
-10389
-11236
-5660
-6178
-5512
-462
3417
5916
5993
5601
5580
6914
6314
8278
10019
11270
11135
8810
9173
11220
11559
11821
11415
10323
9832
10050
7541
9073
9697
7761
7815
3266
3753
2409
348
2977
-422
-635
-1772
-4017
-4157
-4796
-7762
-10669
-9046
-12549
-13312
-12756
-11804
-12144
-15455
-15228
-13961
-19597
-21721
-16059
-13221
-10833
-9505
-3992
-559
-1107
2463
7687
9603
8149
9775
12239
13149
12354
12764
13051
13616
14022
12329
13598
11442
10987
10387
10221
9409
6332
6132
4956
3189
2717
2532
109
1182
312
-1072
-508
-3354
-4013
-5972
-6950
-7841
-8858
-9382
-10123
-11891
-10598
-12454
-13902
-15140
-13978
-17573
-19911
-18157
-23050
-17068
-16462
-17886
-15166
-13789
-7920
-2963
1830
-506
77
5944
9617
11286
14965
15817
16187
16585
16260
15704
13433
15202
14081
12529
11318
11814
10602
8733
6500
5144
5264
3140
4537
5386
1804
-584
-895
-619
-3226
-3646
-1481
-2877
-2210
-5548
-7036
-8688
-8839
-7138
-9202
-10977
-15868
-17593
-20175
-19039
-17788
-18439
-19408
-19797
-18307
-14942
-14782
-11255
-7106
-6186
-4966
-1189
-43
-185
4556
8467
9489
9427
10427
9618
9758
11698
13409
15061
14446
14933
15647
14552
14544
14362
12243
12328
10185
9170
10499
8245
8542
8475
4457
5308
3348
1860
2064
344
-716
-1600
-3080
-4537
-4934
-7355
-8595
-8658
-10613
-12426
-11840
-14456
-15852
-12780
-11723
-11667
-11371
-11809
-5474
-2661
-2222
-1603
5142
4584
8740
12467
8125
11996
8899
10942
14218
11630
11852
10131
10102
8597
8196
10275
9067
8576
8706
6724
5732
6627
5049
3101
2420
635
221
-310
-990
-2217
-3238
-4514
-6206
-6502
-7368
-6388
-9105
-9386
-13751
-14282
-14171
-16477
-13521
-14147
-16067
-18153
-12005
-10379
-13836
-12418
-13757
-7995
-4814
-3065
-1497
-1343
-5478
204
10544
11508
9585
5843
12752
10655
11191
11949
14134
13971
8929
13966
14225
14882
14084
9864
9108
8580
7101
8392
5403
4331
3622
2197
3722
2748
2472
1103
738
-455
-331
-1910
-2944
-4598
-9086
-9814
-12056
-15388
-11991
-17861
-17639
-20290
-20188
-15591
-15752
-13702
-15575
-11914
-7716
-3435
-1871
-1213
-5208
-5455
-87
1784
2381
5254
8518
8999
4050
8783
16311
14448
15286
17090
17002
13370
14947
15455
14152
13114
12811
11600
10283
9989
9986
7547
7931
7304
1646
2594
2462
1130
-170
-2371
-5294
-9384
-9952
-10777
-13311
-15179
-16310
-15619
-16057
-15754
-17637
-23015
-19441
-18970
-18457
-13951
-14305
-11378
-7452
-5302
-2600
-4577
1875
6168
6220
7504
10186
6276
7671
16323
15447
9521
14497
17738
14932
12977
12418
12228
10072
10983
7498
5865
6336
6915
7220
4462
3334
2007
1263
-353
-2086
-3346
-4960
-6178
-8537
-8612
-8929
-11188
-13016
-11339
-13283
-16668
-16292
-18466
-19188
-17622
-16226
-13978
-16255
-14254
-9984
-7163
-1136
1220
102
1355
1810
1044
4615
6707
9139
6814
8134
9200
6432
8224
9779
12624
7351
12556
14509
10693
11265
8341
10033
11307
12167
10644
8973
8472
9149
8427
7037
6119
5720
3701
3240
2314
893
-1303
-2990
-4032
-5060
-6429
-10375
-10083
-12524
-14625
-15229
-13857
-17242
-17711
-12290
-14841
-9921
-6222
-3071
-123
-5092
-2373
1329
5087
5005
7095
6380
5376
9756
11866
11906
10444
9730
6333
8342
13728
14073
11367
11864
15009
15157
15139
13000
13479
12679
9432
6677
4669
5195
1504
379
-969
-3740
-3704
-5401
-6307
-8240
-9857
-11490
-11873
-14913
-15813
-16029
-17935
-17373
-18916
-17790
-20010
-18341
-15125
-13048
-11342
-10988
-8269
-3674
235
-901
1487
1769
958
4419
5776
10082
9241
7578
8523
5973
10026
9298
9752
10905
7486
8053
12113
7046
4247
9130
5187
4843
8680
5570
2334
889
3047
-2102
-3547
-850
-1485
-4924
-6603
-4733
-3498
-6569
-9034
-9370
-8025
-8810
-9479
-9769
-9721
-10454
-9762
-10639
-12286
-8660
-4841
-6919
-5904
1270
3336
688
2540
10094
2911
2110
10657
13258
7527
5590
8032
7593
9044
9004
4862
1770
2583
4468
3635
4535
4432
5278
2778
1081
2737
9368
9555
5801
3752
4020
3485
742
-28
-3521
-4398
-2806
-3212
-4753
-4514
-6539
-7570
-9884
-7162
-6975
-10622
-10924
-13346
-11889
-12520
-8020
-10031
-10025
-7243
-5623
-711
747
1453
2390
5043
4717
6633
6481
10021
11503
7638
7392
5472
7270
6099
6633
4924
3372
5580
5269
5980
960
713
4285
5529
955
-1627
3372
2242
3512
3614
1796
666
363
-621
-3198
-2610
-1202
-1040
-96
-2094
-2495
-2384
-4387
-6487
-6116
-8583
-8537
-7558
-6599
-5240
-5472
-2759
-2253
-140
4963
6928
7385
8703
7713
6107
6888
9825
10131
10019
9347
8578
7810
6953
9049
5555
1360
1862
2524
728
3
-241
-1037
-5619
-6699
-892
147
1162
-5477
-4484
-665
-2582
367
-1036
-1870
-3373
-4240
-2653
-3744
-6612
-3516
2
-267
-1254
-2432
-4341
-5502
-2814
-4471
-5007
-4122
-3949
-1239
1333
595
5384
6024
6416
7349
9785
8993
5815
10503
12646
14993
11605
9280
9930
5261
4730
6895
6948
3469
3903
416
-3475
-2986
-662
-2047
-7676
-5310
-4905
-4984
-3286
-7528
-10488
-6235
-1251
-2366
-1811
-5034
-5052
-3269
-4980
-5501
-6742
-5582
-6788
-6003
-6557
-8048
-9099
-8085
-9211
-11525
-9637
-8503
-8242
-6123
-2341
-2161
-859
2067
2834
3543
3796
4351
6546
6633
5823
5459
3416
3690
2704
1636
2317
624
1091
4482
212
-3223
-4718
-5131
-5794
-3915
-4839
-7276
-8074
-9357
-7264
-5239
-4181
-9197
-5628
-1438
-4949
-3183
-1028
-2887
-871
1551
-845
-2805
-2832
-4944
-4315
-2516
-3150
-5844
-6741
-3511
-4307
-3200
-1219
3802
6140
7985
9011
10172
11177
8992
10741
12951
12717
11700
10439
10114
10049
8845
7585
8091
7603
5311
6032
5584
1776
1887
687
-513
-524
-1678
-1100
-1559
-3321
-3276
-4544
-4880
-1600
-2438
-3029
38
2233
-4231
-1860
486
-3904
-1303
450
-3789
-7358
-4380
-7319
-6941
-9042
-10036
-8948
-9037
-8310
-4128
-3345
-1450
3900
1382
2415
3454
2710
4525
9876
9547
6451
5531
5489
4553
3083
6874
4520
3470
1449
1817
898
-119
591
-1130
-982
-4028
-732
-1702
-3275
-1630
-2606
-3369
-1741
1059
-3680
-1014
1806
-3404
-4105
967
5178
3307
991
975
-508
-1597
-3043
-2695
-3193
-4914
-3534
-2284
-4370
-4078
-1743
216
5290
7244
8521
8781
7911
8341
10697
11306
14501
11992
10530
9831
8686
7410
4752
6303
4219
3475
2515
2652
1302
3334
2657
-2598
-4375
-3013
-360
-1395
-2452
-3551
-2966
-3298
-3017
-4320
-4547
-5403
-937
-1858
-6434
-8000
-7244
-3744
-4534
-3597
-7085
-9842
-9675
-10103
-14902
-11695
-7296
-3549
-3868
-4612
-1610
850
2306
1962
4529
2603
4833
9054
10584
11398
8752
7455
8194
8458
9220
7056
6877
7357
3854
3156
-1109
-1072
799
1433
2368
1809
1143
-3292
-3323
-4773
-4415
-2565
-4999
-4917
-4183
-5738
-6341
-4382
-5891
-5686
-3458
-4670
-9952
-6168
-1268
-4093
-6406
-8054
-6309
-7796
-4666
-5137
-5543
-3744
509
3741
4476
8641
9098
8865
9339
12136
9803
11549
14219
12145
13022
10653
8508
11898
10615
6988
10217
6061
5712
5902
3655
1185
3187
3393
1600
5183
3032
1987
1572
-521
-1655
-1262
-3083
-3318
-5175
-7364
-8024
-7029
-4833
-8413
-8556
-4262
-4483
-11688
-11656
-6462
-4314
-10016
-10855
-7759
-7595
-7921
-7027
-4527
-3155
2588
2921
3559
5025
2271
4555
8695
9875
10912
10934
8648
9279
7733
7740
5065
4205
5860
4181
5189
4417
6048
3872
3487
5296
2653
3491
3843
2102
1781
1675
-1056
-4546
-5632
-5803
-10074
-10873
-9838
-13395
-13721
-13485
-14814
-14667
-16553
-15281
-12336
-15594
-15252
-12630
-12112
-12773
-11748
-9969
-7327
-6084
-3238
-838
2279
3556
7482
6586
8194
11349
10902
11341
8829
9134
9384
9915
8605
7076
5819
4696
3875
4230
5053
7136
4002
2910
5612
2996
1156
593
260
-1446
-2969
-2707
-4825
-6523
-6544
-8023
-8362
-9244
-11889
-11832
-13256
-14271
-13003
-11188
-14456
-15564
-11458
-10793
-13425
-15031
-6834
-4352
-4612
-2375
-856
2085
4917
5508
6530
9865
9148
8953
10873
12275
11151
11945
10619
11506
13251
12645
14167
13020
12414
11854
8417
11112
11241
10407
9283
8711
8630
6044
6720
5372
4659
4092
3360
2576
-317
-6
-2324
-4274
-5307
-6054
-5880
-7687
-8315
-9094
-10179
-11022
-10745
-13384
-12543
-13006
-7686
-8167
-12486
-6089
-4663
-1591
3425
6605
5510
4050
3038
4494
6953
7547
8190
10768
7894
7005
8233
7352
7494
7171
5864
5368
7041
5776
5399
3194
2586
2966
1986
-58
698
-440
-1283
-629
-3543
-3586
-5574
-5303
-4408
-7046
-9658
-9622
-10223
-11391
-12940
-14866
-14777
-17786
-17751
-19692
-19964
-19870
-20806
-19657
-15699
-10497
-10724
-10496
-3556
688
3043
5791
6383
8355
9417
10665
13115
14110
13912
15093
16907
16866
15565
14350
13588
11950
13482
11390
11413
8726
9924
10241
6897
8791
6689
5846
4222
4710
4396
3055
2112
868
-2983
-2887
-5422
-7085
-7473
-7584
-8871
-11188
-10720
-11053
-10796
-13380
-15207
-14405
-16246
-17300
-13728
-13964
-11977
-9262
-6202
-1424
1499
-749
4318
10336
5902
10511
11757
10175
12363
12899
12096
14494
14605
15298
16787
12374
11296
11244
10338
9598
9754
6774
7542
8637
5148
6232
7069
4010
4898
6116
3266
330
1040
785
280
538
-717
-1177
-4712
-6233
-7833
-10956
-13537
-13709
-14111
-17158
-17417
-17346
-20624
-19429
-15200
-18882
-13611
-11787
-12218
-4806
-3255
-4705
-1660
2753
4593
8706
8005
9766
12665
10894
13183
11934
13452
13659
14212
17593
13530
12884
11657
13517
13135
11464
10086
8858
8781
6493
8454
4743
3214
2261
2709
1757
-610
-692
-2410
-4729
-7106
-6834
-10397
-11279
-13653
-16107
-17789
-18094
-16908
-20518
-20743
-21471
-20084
-19442
-18710
-15326
-12794
-11727
-7950
-5065
-2399
3344
1437
1997
11376
14519
13926
12614
11525
12992
12987
14651
15591
15179
11690
11986
13998
13613
12407
10260
8164
6199
8484
6485
5284
2610
1110
615
1680
3669
2325
2070
-153
-366
-3800
-4957
-4938
-7220
-9927
-10560
-9383
-12224
-12484
-12734
-14690
-16179
-20019
-17894
-15549
-17464
-15439
-13402
-10779
-9715
-3882
-1816
-718
3623
5846
6900
4905
11689
12728
9865
10728
9539
9901
9473
11577
12473
8955
9684
9449
10534
9859
8136
7675
5350
4984
4151
4055
1114
1813
2117
2118
263
1015
967
-1190
-2233
-3248
-4114
-5667
-6619
-8495
-9932
-13867
-14272
-18335
-19266
-18031
-18856
-15443
-15414
-15627
-13052
-11819
-9361
-6115
-4411
-890
-2480
-525
4932
7287
9533
10661
10485
15261
20055
16993
16170
16905
15174
11759
13226
14015
12836
10517
12565
12992
10315
11355
8409
7449
4884
2071
1156
-783
-216
-2233
-3772
-4746
-5810
-8094
-8403
-9797
-11881
-13503
-15053
-15850
-17383
-19992
-21078
-21507
-22661
-22525
-20678
-19515
-18522
-14689
-12473
-10403
-5780
-4302
-3442
3476
2850
5324
7367
6208
8003
11400
12472
9596
15350
20892
16004
13952
13685
13617
12491
13468
14693
10196
12481
12490
13111
11557
8818
7154
4270
3269
4331
2985
1014
-751
-3095
-837
-4814
-4782
-6896
-7975
-8037
-10430
-11092
-13457
-13208
-14087
-14765
-15471
-14658
-14122
-11733
-8795
-6784
-5452
-5057
-2347
2142
4221
-189
2460
4571
3688
5737
5969
5320
5975
9292
8596
9404
12409
14521
15995
15009
15045
12123
12491
13071
10596
10432
7681
8010
7730
7451
7393
5267
4507
-495
-195
-1737
-3004
-1174
-3567
-5098
-7721
-9687
-11098
-8967
-12598
-12636
-13056
-16017
-13188
-13624
-13272
-12091
-10778
-9901
-6595
-5335
-2115
2164
3727
5019
6034
8183
9468
9849
12059
11379
12052
12076
10881
11306
12979
16976
11489
11680
15340
14932
14228
13461
13390
12148
11195
10118
9556
6410
6900
6244
6135
3114
3091
2818
-2545
-2654
-5615
-5901
-8909
-11640
-13479
-14432
-15409
-15174
-16381
-18396
-16252
-17193
-14934
-13657
-14153
-12513
-5761
-3105
-2590
2453
2989
5082
5138
4518
5365
6557
11645
9817
10123
10806
7929
9054
10044
10434
6860
7513
8887
5452
3639
7120
7684
4874
2864
3200
2079
1566
1043
729
259
-2807
-1521
-3394
-1649
-2162
-4230
-5107
-7195
-6489
-7017
-9963
-8751
-8820
-8632
-8729
-10624
-10524
-11728
-14375
-10900
-8147
-12994
-10257
-5404
-1813
-395
1489
2347
3318
5955
7092
5270
6263
7556
5098
5430
5318
4489
3435
3294
2038
1213
1562
2164
2537
1402
-2356
949
4219
567
-397
-1640
-532
-2144
-1132
-265
-2728
-2213
-2133
-2396
-5423
-5875
-7699
-9826
-9752
-10385
-11300
-11395
-11629
-11627
-13298
-14083
-13988
-14920
-13597
-10506
-10164
-8676
-6072
-4620
-2796
1319
3302
3134
3805
2485
5063
6826
6651
10777
6314
3282
2854
1529
1355
3785
2227
-316
654
676
1012
3029
1395
-5305
-531
2090
4494
5095
-20
1477
1704
547
2030
1349
-2073
-2941
-5270
-873
-757
-1122
-2900
-6623
-3604
-4830
-3981
-5110
-5544
-7846
-8112
-6029
-5242
-2896
-2173
154
2618
4382
7414
10133
9135
10626
9180
9185
12777
12734
12505
11008
10319
9120
7122
6336
6572
1986
4188
3173
657
2164
1197
757
2183
3194
3037
895
2801
4006
1955
3672
2300
2561
-2124
-4954
-6242
-4638
-2238
1277
-5002
-6295
-6570
-6187
-6183
-6220
-4274
-8776
-8833
-10046
-5958
-6400
-9715
-5305
-4012
-1089
5501
4132
3402
6175
8609
7876
5945
10568
6516
6315
6965
9162
7336
2244
340
-2045
1810
2132
900
-468
1440
2051
-1266
508
2384
867
42
137
-3652
382
2521
-4254
-3702
-2421
311
954
2023
1408
-1044
411
-3355
-4038
-213
1
-1630
-6856
-4827
-7380
-11888
-6236
-7138
-10422
-4700
-2521
-4847
395
609
3247
9856
9307
10221
7917
9467
9233
9784
11054
9846
8915
9237
4932
5182
5503
4886
5262
2945
-553
801
937
505
1512
-791
-457
11
3294
-186
-2394
8040
5783
2561
4851
4751
3793
5453
3231
-1938
-387
2409
-344
-57
-2951
-4333
-5320
-6216
-7660
-8144
-8520
-8384
-4446
-3068
-1588
-2841
-1251
3201
4010
6140
6284
6679
9196
7333
6668
8819
8805
6780
7379
3696
-2629
-680
-273
-690
-2167
-2932
-5102
-5533
-4658
-5744
-5992
-8141
-6784
-6122
-3554
-3077
-6644
-4130
481
97
438
-3428
-6304
1567
-630
-3612
-2907
-3724
-2219
-1548
-4471
-8425
-10236
-12133
-12655
-11883
-11957
-9186
-9473
-6898
-4929
-3658
-1881
1313
2669
1946
5470
4480
3935
5906
4818
4792
5142
5266
7738
-1448
-3033
3276
583
-723
-2197
-343
-3450
-2619
-3822
-4955
-2167
-2098
235
-57
-3515
-220
2603
-275
-180
-1251
-559
-2193
-328
-592
-803
70
210
-1957
-1026
-1950
-5814
-4911
-6163
-7062
-6926
-7569
-8195
-3836
-3635
-1653
2129
4643
7449
7177
9411
8857
7699
8413
11512
10813
11422
9488
8496
12851
3814
4745
7227
2607
1555
3348
4210
1299
602
1226
604
-218
-3709
-2815
-4487
-920
-125
-6389
-1280
418
-2369
-1450
-171
706
-4327
-2086
1362
-4051
-4177
-5240
-865
-10413
-4329
-7072
-10389
-8529
-6000
-1867
-8795
-239
16
3093
234
7846
5424
10301
8489
8668
11416
6590
13746
8322
12473
5786
12572
7572
960
6992
1879
2489
1265
2651
-2844
1028
-2818
-4367
-4711
-4891
-4031
-396
-5122
-8124
-4849
-7305
-4845
-5687
-1729
-7054
-6681
2531
1608
-2761
-3250
-3683
-6318
-6743
-7042
-6700
-9008
-13594
-10984
-6288
-7781
-6669
-3999
-4557
1867
4370
4839
3749
4286
6675
5693
6737
8231
8693
11306
12832
6877
8499
177
151
4278
5668
4134
727
5008
1756
3179
3046
2948
2962
3945
-4033
-3335
-2629
-7373
-7633
-5885
-4239
-7270
-3434
-2206
-6142
-12198
-7624
-870
204
-372
-6366
-8019
-8335
-9253
-10943
-10653
-10592
-8963
-9580
-6830
-5917
-4039
3086
4518
2348
6013
8861
7926
10443
13746
9848
11978
13434
11905
11982
11830
11232
3279
6156
8684
7780
8202
5757
6872
6581
4866
6162
-726
-2537
3512
553
-6283
-7682
-3915
-2221
-2454
-5169
-6112
-8153
-5689
-3275
-8863
-9599
426
612
-2158
-3903
-7028
-5945
-7698
-6546
-5556
-4688
-6194
-5035
-3708
-3631
188
2240
7786
7823
8142
9222
6422
13029
12566
11044
9000
8229
11225
12394
10682
246
1939
5007
3629
9413
5389
3146
4932
-801
1157
1099
-805
-1953
-2192
-4544
-5842
-5056
-6608
-4480
-7604
-5780
-5069
-5989
-6454
-6474
-4540
-8824
-9633
-3616
-2360
-5651
-8109
-9081
-11062
-10545
-5674
-4860
-5384
-3709
-1132
3788
6753
4586
4225
4416
7846
8535
8070
10240
7899
6502
5866
6303
8040
9852
3726
1169
5697
3967
6351
4428
-4189
-2236
168
-382
-830
-2803
-2879
-2979
-1721
-3255
-4413
-7931
-7510
-7625
-7798
-7985
-9566
-9789
-12240
-9750
-7948
-5418
-10425
-11372
-3269
-8542
-9743
-10371
-11347
-8083
-6758
-6799
-3330
-1951
-303
3552
7096
7012
4727
8164
7754
10339
11172
11699
12390
12211
12785
11351
13868
8591
7117
13327
8918
5835
6897
5167
2687
6010
3992
2611
7366
4135
1865
-467
-3592
-2171
105
-2203
-5174
-5325
-5925
-5291
-6679
-6495
-9101
-9369
-9580
-5840
-5968
-11542
-8019
-9352
-9986
-9840
-7234
-6920
-6103
-3722
-2233
3695
2808
2456
6372
7784
3174
6050
9660
8121
8926
8071
8661
11478
11020
10162
6318
1394
2043
5546
7017
4032
2855
3217
2253
1906
4258
1101
4405
2644
2698
-1769
-3005
-4318
-4759
-3543
-6310
-6210
-10029
-8134
-8836
-9133
-12076
-12079
-16866
-16021
-11648
-15813
-18359
-16185
-12374
-12322
-10713
-12788
-8038
-6323
-2221
354
-345
2175
2731
2690
2695
6398
8455
10603
9547
10179
11058
8852
8536
3444
6913
9262
10215
9767
4580
8324
8386
8513
9896
7025
2759
2270
4466
316
4429
1809
-1416
1147
-4819
-7007
-3827
-5879
-9687
-6525
-10003
-12265
-13175
-11841
-12935
-15508
-13746
-16079
-13567
-16636
-8934
-5269
-10558
-6980
-5007
1669
1962
4248
3971
6433
8944
12364
16482
15524
16449
17599
19258
16919
13943
19363
13817
11299
15065
14009
14248
11884
12737
10729
10458
11419
9829
9611
7382
6175
4412
1673
3410
2658
627
-2832
-4601
-6695
-5697
-7153
-7317
-11871
-14095
-14192
-14211
-14606
-14607
-16116
-22240
-16930
-12877
-15426
-12906
-9485
-7103
-3447
826
2708
2466
3716
9383
7697
8677
10334
12678
12278
9405
11120
12989
12556
14242
8707
5491
10195
7905
8598
5456
6552
4047
3706
5634
6364
4516
1321
1684
-680
-1424
-3441
-3612
-6944
-6873
-8623
-10110
-11381
-11973
-11680
-15756
-17460
-15950
-17219
-20137
-22526
-21650
-18824
-22875
-19388
-13872
-14035
-13036
-6241
-1307
577
5638
7011
8554
11778
12579
17280
14250
11154
14707
17514
17208
17574
16976
16679
12868
7993
12428
9498
12363
10894
7916
8865
6315
5846
3729
2342
3348
435
-1180
-926
-2194
-3915
-6516
-7429
-11082
-11500
-13485
-11801
-14613
-18901
-16115
-20773
-22942
-21505
-24300
-24250
-24723
-24748
-21024
-20406
-17783
-13072
-11685
-7379
-1481
5771
5778
7633
9376
9217
12486
17263
16356
19300
21181
19953
20132
16133
18615
12117
12645
15518
14993
12966
9485
12831
8198
9624
9945
5116
3931
2010
-804
-3139
-508
-1831
-7984
-6202
-7409
-8155
-9629
-9437
-12563
-14589
-11466
-15827
-13844
-16811
-16638
-18625
-19493
-17595
-19442
-16330
-15377
-15005
-11764
-7153
685
1688
3811
10772
7121
9107
16490
18890
18404
19769
21009
16707
18010
19097
13558
15542
7904
8526
12130
9128
13258
6974
7723
7871
4696
3462
6148
6813
3703
2284
-760
-1230
-1854
-2877
-3222
-3894
-5624
-5617
-7523
-8002
-8363
-11769
-12468
-12106
-13768
-14365
-14513
-15627
-17251
-16555
-13264
-12283
-9865
-6296
-4776
-2924
-2276
3808
146
4839
10097
10334
11596
15552
17388
16710
18484
16007
20729
20282
16913
12007
13945
15968
11446
11211
9141
9806
8252
4054
1625
2862
4363
3224
-670
-3278
-6233
-4404
-2757
-3823
-5509
-10477
-11072
-12728
-12540
-11273
-13527
-15476
-16865
-18213
-17960
-17562
-19555
-20871
-20808
-19089
-15555
-13276
-7531
-9875
-9751
-4351
-217
4990
4230
4569
10561
15321
14355
13907
15712
17653
15362
17949
21279
18789
8978
9593
11381
8457
10696
6624
8466
5973
4910
4716
2097
4111
4070
3578
1770
356
-2116
-4027
-5188
-5767
-6178
-7264
-6863
-9438
-8749
-9325
-9487
-13218
-14199
-12594
-13232
-12081
-12791
-11367
-13175
-13635
-13892
-8696
-4685
2
3046
4649
5689
5557
9733
11385
12063
18763
20036
18854
18233
17598
19625
16777
15601
5632
7859
7939
8191
8848
6818
7604
4505
7373
4694
3709
830
-246
-1083
-1409
-1056
-1823
-5665
-6418
-5507
-7511
-5605
-5759
-7943
-9538
-11287
-13007
-13325
-13210
-13356
-14183
-15016
-16458
-17876
-15827
-11046
-7475
-7684
-9743
-6047
-3426
1500
1766
321
3505
6378
5659
6349
14635
13819
13421
15167
14612
12620
13797
4170
7981
9577
6870
9784
7865
9930
6256
8355
6080
3692
2402
1496
1850
-384
1160
-4955
-5161
-6318
