14686
16453
16568
16164
15636
16206
14674
13321
10277
10974
6843
5798
7913
6067
5360
3847
3470
3744
1069
-427
-2618
-4417
-4391
-6891
-6176
-6614
-8919
-8298
-8219
-10232
-10788
-12103
-12405
-12394
-13930
-13119
-11441
-12988
-13089
-12357
-7091
-7203
-11157
-3212
-2544
-952
-649
-1309
1954
4171
9703
12107
10304
10884
11578
10895
14603
11870
15388
16457
12204
13414
13402
12312
8805
8963
8113
6565
4430
5405
4167
791
1293
-2057
-854
-206
-3534
-3807
-4120
-6014
-6186
-7645
-8410
-9277
-10631
-8711
-11439
-12090
-7948
-7983
-7681
-9971
-2569
-2254
-12643
-1249
1619
-5587
-5129
-7177
-4965
-4871
176
2737
-785
-1746
2757
5506
8044
8904
7052
8535
9430
9032
9917
12937
11173
12102
12062
9029
10084
7506
7842
6403
1712
4304
4282
2694
3109
1397
-372
-204
489
69
-1028
-2743
-3955
-4462
-5841
-7435
-6576
-5981
-6716
-7658
-7085
-6733
-4552
-7462
-7456
55
-2822
-2956
-4047
-3638
-2057
-1104
323
-1095
-2177
-3307
-1643
358
-2477
-2535
2467
3587
5794
5449
6274
4941
2533
7672
7889
5815
4259
7709
8684
5153
5515
4318
4472
4627
4162
3534
4213
4394
3735
3073
2149
331
115
224
-1231
-790
39
-1477
-4211
-2039
4423
-3785
437
8430
468
2022
2625
2102
-1779
609
3916
147
-2979
-3569
-125
-3252
-4953
-6268
-6295
-5552
-3324
-714
-6328
-6308
-5093
-2906
2499
1028
686
-1564
684
5543
7118
7388
4779
6520
7532
6788
5011
5786
7163
4718
2021
2980
3451
2341
1055
-694
-2064
-2665
-2879
-2981
-3866
-412
180
-6306
2607
4810
-348
3258
3421
2704
564
3188
2977
1908
432
403
-723
-3223
-2447
-4628
-3924
-5953
-6468
-6635
-9238
-11173
-8883
-4524
-7535
-4925
-1833
-1139
1798
3266
1543
3914
4410
3919
8682
9416
8535
10259
8078
5765
5834
3771
4892
1451
1542
2957
3950
3381
2663
6682
7216
-676
6374
11521
3591
7602
6408
3014
4140
6260
7005
4332
5335
2088
-1410
-25
1322
-1575
-3244
-3569
-2972
-6774
-8978
-6005
-8722
-9290
-9605
-9684
-11571
-8788
-4537
-5816
-8895
-5893
-1944
561
1245
-2015
771
1296
2897
5414
5822
4868
3707
5857
6370
6423
5062
4751
4823
3456
2419
9338
5247
3313
11538
10225
7090
9303
7730
3834
7142
7809
6254
4636
5105
4360
4015
1901
-45
-1069
-4206
-3748
-4003
-5186
-6090
-9442
-8042
-7023
-7820
-7988
-9689
-8313
-8373
-8676
-9781
-10804
-6314
-6012
-6106
-2582
-1498
-1964
791
2270
109
-703
2115
3999
4417
4903
5137
4146
6677
13770
8116
5776
14838
11945
9509
11569
11333
7361
8015
10358
7948
7535
6069
5774
3552
4422
1759
3069
2158
25
-336
42
119
-6330
-4120
-1616
-3261
-6751
-4910
-1393
-4090
-11183
-7943
-3343
-7349
-8846
-8560
-9904
-10450
-8908
-6431
-8902
-10200
-7640
-4519
-4290
-1992
-3015
-4168
1833
1340
4708
7191
10213
8233
6704
15406
14807
11310
12872
9667
5475
13025
11579
9986
9658
7244
6987
7427
8481
5703
5277
4123
3458
3517
5190
350
-1198
1248
1221
1481
-873
-1433
-690
-1516
-3604
-5492
-6707
-6255
-7422
-8773
-8707
-9119
-8141
-10043
-11383
-13226
-10565
-9905
-9524
-10362
-8860
-5041
-3606
952
3165
1036
2498
12329
11856
10369
10927
12524
14520
12933
13279
12846
12242
9991
10363
10278
9337
9600
7957
6477
8009
7890
7717
5287
2566
6328
4217
2220
3529
1935
1547
443
2625
364
-2041
-2813
-2020
-3466
-7778
-4176
-4844
-9758
-12749
-10428
-11090
-14345
-15574
-16033
-16576
-16375
-11802
-11166
-16184
-10442
-3482
-8742
780
5401
4218
3066
4134
10122
7280
12253
14588
13148
12514
12309
13269
11801
11871
11541
11732
10511
10974
11653
10254
5280
5844
8378
7322
5661
3797
3715
3268
3406
1560
698
-2791
-1458
-4783
-4438
-6143
-7392
-8337
-11047
-10491
-11767
-12050
-12365
-14296
-14734
-14953
-15116
-15186
-11788
-10735
-13490
-8651
-5063
-6069
300
-987
1508
6411
5098
8393
5351
8080
12272
10949
11896
13130
14178
14822
14948
14806
12967
12809
10217
7779
9579
8379
7521
6881
7976
7831
5757
6465
4436
4528
2125
1203
1263
-1707
-974
-3656
-3633
-2366
-7200
-7642
-8483
-10081
-12948
-13239
-9671
-13093
-17073
-15377
-7772
-8299
-15853
-9708
-6977
-6421
-7675
-8733
-6916
-6622
-619
1640
5342
9239
6768
7105
11157
13713
14313
15100
15560
17373
17183
16414
12161
13089
13307
12103
11506
9246
11032
8455
6725
6267
5444
4168
3842
2771
1372
461
-1013
-2595
-2489
-4026
-6765
-6938
-8958
-8747
-9506
-9659
-11320
-12583
-9713
-7783
-10227
-8328
-3892
-5085
-5488
-6219
-5453
-4481
-4533
-6691
-3086
-1461
-2612
715
3897
6137
7869
9102
10519
12693
11878
13000
10528
9713
13161
12137
11315
9598
9387
8913
7226
7241
5197
5370
3508
2617
707
-1098
-804
-515
-426
-2761
-3937
-5766
-7941
-6692
-9394
-9394
-8890
-12985
-7778
-10196
-10094
-4439
-9336
-7101
-4482
-2123
-2246
-6093
-4612
-685
-3473
-2541
-3612
-3317
-5591
-4662
3463
795
-688
1857
5410
5837
10422
9500
4229
8003
10546
11919
10824
12173
13246
11716
10265
9927
8098
7170
6386
4936
4287
3142
2419
208
-1404
-2588
-4772
-4338
-5556
-8137
-8568
-8626
-8402
-8704
-5826
-2134
-6579
-6451
-82
-1460
-1950
-2511
-1135
32
-673
921
-993
73
-91
-1352
-1082
-1992
-2709
-4899
-4029
-1959
-1415
-1439
-2329
-1409
2080
2060
3810
3790
5093
5638
1466
7354
6830
6897
9067
6494
6414
3880
4215
2997
1676
-623
-1728
-3491
-6035
-4983
-5766
-6309
-6207
-5716
-6371
-4789
-4324
1339
-3746
-4896
5839
4077
1591
3549
6760
2009
4035
5748
4436
2704
3089
5927
1706
-194
758
3681
1767
-1619
-4059
-2277
-5574
-5006
-1525
-4941
-2150
-2103
689
3286
2876
1168
2747
2586
484
4597
4646
5169
4699
3806
1878
667
-1091
-2820
-3094
-5796
-5049
-5157
-3278
-5885
-2841
3766
-2437
-1148
6314
7381
2706
2785
7453
4814
9459
9179
7509
6300
6567
7844
6976
5245
5035
3920
3951
2705
1635
751
-549
-4612
-7179
-6866
-6733
-7590
-9264
-5895
-8666
-8207
-4184
-4635
-2607
84
-3288
-3152
-2408
-3125
-3398
-3047
47
-1181
-1009
-239
-562
-762
128
-31
-299
-872
2269
6384
1720
4626
9463
9981
6554
8128
10263
8036
11046
10128
10613
10126
9463
8490
6219
8885
5491
4173
4644
5540
3236
535
1860
-2854
-6215
-6677
-3093
-5457
-11001
-12245
-10237
-10011
-10676
-6224
-10988
-12769
-7111
-6783
-5833
-3448
-5179
-6321
-5575
-4398
-3009
-3516
-700
-1934
-448
898
5432
12492
6487
5005
11775
11975
10397
11039
12841
13018
12361
13531
13212
10033
10291
10552
9759
8784
7918
8196
6991
6944
5935
4831
5263
792
-2762
-972
-2867
-3974
-5076
-6931
-6424
-8490
-9607
-13450
-10508
-10620
-16662
-15251
-15557
-14556
-15690
-11784
-11081
-9069
-7526
-5850
-4801
-6027
-1084
665
1087
3472
4833
10358
7947
6498
18611
15802
11080
13910
14490
15166
13056
12602
13268
13012
13060
11734
10486
10354
10892
10105
8894
8054
5938
4496
4593
-921
-140
2163
-1532
-3495
-3300
-4513
-9565
-7112
-6486
-9119
-13766
-14312
-11227
-12437
-13266
-15293
-14753
-13801
-12212
-13376
-16859
-11119
-8636
-7663
-2884
-3527
-4085
3544
4344
2256
12699
14455
9759
11489
13767
13795
13811
13350
13138
11900
11406
11791
10872
11108
9601
9412
8699
6239
6461
7148
6118
1723
-508
181
140
-764
-3744
-3805
-4718
-5115
-4836
-6994
-7948
-9069
-8947
-9426
-9765
-10683
-11661
-12517
-13238
-11600
-13203
-14572
-13964
-14257
-12412
-12490
-11437
-7059
-3227
2279
107
-1296
9010
9174
8267
12353
12031
13233
13161
13803
12459
13452
13871
13454
12921
11376
11114
9170
9943
8202
7039
5101
2762
2112
875
1360
165
-1462
-3538
-1660
-3840
-5588
-4239
-5120
-3196
-6642
-6968
-6591
-7533
-7312
-9567
-9184
-9743
-15107
-15473
-11403
-11755
-13848
-11477
-14394
-12389
-4422
-6986
-8348
-3023
3099
2336
3600
7174
5598
3610
10112
12674
11323
13519
11313
11578
12039
9458
10595
10250
8641
8775
7618
3501
2228
3826
2596
689
-773
631
-726
-1353
-955
-1600
-3212
-1812
-1066
-3657
-1899
-2521
-4325
-4707
-5457
-6860
-7357
-7044
-9222
-10053
-10915
-10754
-10104
-10232
-11258
-10262
-5206
-9727
-8462
-3845
-2616
-1419
-6067
-1038
3731
3898
7549
6976
4756
5620
8364
10882
10924
9910
9314
9284
6970
8379
7076
3604
6482
6379
5549
4132
4406
4011
1138
2306
3194
2075
1974
2288
1353
1050
1021
351
-1
215
-1458
-3690
-3162
-5642
-8406
-6449
-5902
-6403
-9711
-6729
428
-8124
-5974
804
-2934
-3841
-5293
-3223
-4361
-3544
1942
-1821
-3574
-244
2499
5596
6013
5483
2317
2834
5630
8626
7933
4074
5047
5372
4555
4925
4176
3803
6438
3959
4195
5838
4137
4044
4644
2174
96
3009
1225
-200
-1191
-2800
-2856
-3610
-4334
-5762
-6164
-5886
-4484
-5155
-7188
-667
-5627
-8322
1343
-298
-2612
-2493
-4323
-4875
-5956
-5539
-4706
-5645
-5988
-4879
-2906
-6628
-3859
-1875
-244
535
2676
1114
-2950
3940
4813
3529
3452
5058
7220
7964
9393
7951
8437
5277
6267
5245
6529
3940
3265
3074
1768
1036
-280
-1876
-2871
-4419
-4440
-4627
-1963
-3503
-4380
2844
-3149
-1849
4728
536
-360
-315
-81
-2996
-2543
-919
-3979
-4858
-1929
-3302
-7347
-8356
-7172
-7786
-6936
-1700
-4808
-8720
-6619
-3189
912
4271
907
-371
5224
6222
8917
10426
6990
7576
9548
8715
9067
7668
6025
5144
3958
4512
3478
3525
2699
188
-849
-933
-1504
-2092
-1300
-3060
2078
1367
-4247
3985
5510
1239
2023
1970
-338
-3483
-912
1595
-3011
-1651
-1247
-3545
-4595
-3787
-4616
-8425
-7950
-7351
-8041
-12103
-7678
-4859
-8517
-6750
-3137
-1522
-2414
1534
2834
269
3201
4717
4672
4873
4625
5781
5770
5333
3520
2742
552
976
606
-1368
-278
-249
-666
-2850
4132
832
-3003
7348
4125
3118
3345
2768
2895
1149
3947
2783
4362
661
-2590
734
1970
-1145
-3999
-1205
-1936
-3547
-6971
-6942
-3995
-7445
-8467
-8282
-9088
-6428
-2657
-3134
-5348
-3208
191
2356
3271
2839
2102
2170
2870
4687
4923
6327
5913
5437
4252
1315
2620
-557
147
1488
-151
4773
6249
290
3822
9134
5339
7194
7081
3320
3936
4402
3781
5392
5731
2445
2373
1428
-1128
897
1191
-1325
-88
1240
-3272
-3250
-2101
-4213
-4259
-6103
-6708
-7334
-7237
-7809
-9874
-6635
-7419
-9613
-6018
-3412
-2435
-1489
-1743
-1280
494
-2616
-815
-2610
-1859
-285
-22
6741
365
6408
7744
379
7901
12251
8685
9332
7545
6200
5683
7483
10546
7778
7055
6085
5628
3767
4043
3331
3873
4412
1847
3076
-1645
-2328
-941
1004
-2147
-3952
-2871
-2593
-6093
-8100
-5474
-7670
-10164
-12417
-11083
-11674
-9119
-7265
-10549
-10654
-7587
-6281
-6630
-4139
-5695
-7532
-6441
-4921
-3198
-1659
354
5703
4058
266
10141
8853
4514
7217
6391
6098
7202
10511
7849
7729
8244
8176
8366
6841
10140
9453
6135
5891
6269
4573
2363
2984
3854
2009
1437
2456
-17
-1112
-1737
-3265
-4463
-5740
-5670
-8325
-9697
-11133
-11935
-12757
-14366
-14430
-11485
-15325
-17468
-10747
-10851
-9034
-4986
-9093
-3704
3059
-3360
-1067
6064
8526
5061
10566
11774
6111
8934
11132
12554
12384
11659
10893
10503
12078
13374
12287
10939
10871
12843
8861
7425
9406
8139
7956
5425
4867
3119
3216
4143
635
-44
-425
-83
-4286
-5833
-2926
-6377
-10591
-11415
-10036
-13341
-16409
-17141
-17575
-18340
-16194
-14093
-16040
-14318
-12609
-5516
-2351
-7880
-4732
4209
2513
2935
5371
6337
9810
8348
12909
14111
11475
12310
14352
13327
13809
12050
13291
13243
13199
13059
8980
10866
11466
9742
8055
7057
5580
5160
3858
2276
2350
1102
-426
-2174
-1901
-2919
-3979
-7043
-8886
-9001
-9801
-11475
-14797
-15989
-17709
-16789
-16285
-16668
-18295
-13953
-12946
-18994
-7207
-4122
-6025
1879
1442
379
6291
7039
10623
10536
10687
15391
13718
15825
16070
15268
15972
15248
17081
14005
9852
12201
12764
11401
9520
8685
9294
7881
6962
6152
5320
3817
3058
1014
-2397
-378
-2252
-2828
-2758
-7274
-7893
-7255
-8970
-13756
-14583
-11295
-14372
-19283
-17348
-14904
-13765
-11564
-17545
-14770
-6354
-4872
-3614
-7323
-3857
-896
4189
7722
6824
6985
7186
11754
11653
12774
14261
12685
14006
13302
16746
13262
10995
13725
12621
11008
10136
11889
10495
8373
8000
6707
5497
4847
2703
1080
-548
-732
-3469
-3178
-2907
-4590
-5910
-8760
-7929
-10762
-12746
-13707
-12294
-13627
-9642
-6201
-13190
-10719
-3179
-5847
-7304
-7443
-10568
-7527
-4558
-1428
-3915
-3218
1361
3869
8140
7146
8980
8150
9763
12316
12455
10949
10430
11928
12623
12670
11090
11096
10441
9305
9453
7651
7500
6519
4150
4591
2483
2149
1251
435
-1482
-1922
-4777
-5636
-5803
-9534
-8306
-10818
-8902
-9010
-11580
-10823
-4424
-5678
-11979
-2957
1489
-3539
-7083
-4819
-1411
-3382
-4466
-1430
-2549
-2726
1874
-81
-1410
685
2426
4954
7105
8174
6101
2932
6537
9823
9755
10371
8802
10420
8805
7696
6887
5426
4081
2838
1846
1962
2360
1401
-908
-2047
-1613
-4450
-4569
-5868
-6485
-9900
-10164
-8496
-9670
-8568
-2816
-1268
-6062
-1017
1326
-1307
-676
-943
-1927
-117
1065
963
-166
-1844
-3941
-3599
-3574
-3662
-4498
-3471
-2864
-5982
501
-948
579
4313
4473
5352
1641
3896
4488
6689
6374
5880
6761
6083
5744
5354
3995
2702
2746
-299
1399
137
-242
324
-2141
-3909
-3950
-3982
-4316
-4101
-4615
-960
4966
803
-2731
7360
4374
6514
6519
2556
4762
4726
5627
3087
5251
4769
163
-3890
-508
-1327
-4274
-6970
-6137
-5429
-7511
-5986
-7622
-6226
-5073
-2788
-711
708
-1752
-1802
-1232
-629
1630
1508
3446
2400
1358
1068
803
239
-1647
-1426
-2928
-4097
-2896
-3569
-2736
-2754
1116
2721
7517
3951
-750
9264
11772
6771
5167
8091
8040
9606
10422
7440
6752
5473
6728
4491
3074
2581
1840
702
-3512
-3830
-9576
-9480
-8610
-7510
-9772
-11599
-8055
-10426
-9883
-8542
-4250
-3166
-1481
-1890
-2402
58
-1807
937
702
2967
2834
2661
4070
2113
2534
1553
1502
2615
2445
3626
3845
2211
8907
7599
5770
12189
9482
7435
9740
11221
9023
8680
9515
11696
9602
9097
8950
4358
3402
2852
3463
-1154
-1484
-1087
-6337
-11022
-9568
-7772
-10317
-14332
-11816
-11665
-11763
-8707
-9796
-14026
-13106
-5893
-5482
-2629
-5188
-5393
-2001
-2115
788
2255
4470
5477
4030
4630
4358
4964
3657
3594
13405
4932
4433
12725
12019
9969
8522
12564
8940
10378
11227
10887
9413
8286
8391
8220
7659
6211
5554
4487
2615
1738
-3044
-2928
-1587
-5024
-5163
-5742
-7057
-8304
-10415
-13684
-13987
-14252
-11928
-14263
-13839
-13521
-14625
-10425
-8239
-6397
-3451
-5949
-4456
1338
-538
1664
2872
4250
4556
4528
3505
6270
12294
8534
8577
14142
13800
10661
10826
13392
11068
11642
12534
9772
9798
9088
7706
6545
6260
5338
4949
4757
4323
1106
215
1327
-1918
-2954
-3226
-6297
-8171
-7516
-7090
-9349
-13956
-11366
-12037
-14362
-14967
-16146
-17278
-14479
-13131
-14395
-10407
-10737
-7716
-4487
-3465
-5290
-2916
-2559
825
7071
12174
9701
4721
15977
17803
11920
13122
19310
16580
15239
16799
14380
14599
12806
13656
10790
9700
10756
10168
7722
7281
5336
2366
3460
2046
1192
-1874
-1644
-2613
-3950
-4420
-6782
-7413
-8482
-8425
-8285
-8086
-10329
-11493
-12106
-11789
-12251
-13240
-12443
-14626
-12294
-12668
-11509
-8589
-7158
-6115
-3630
-3293
-1525
7342
458
3777
14700
14780
11320
11814
13672
12106
13133
14157
14275
12960
11899
10715
10341
9581
11228
8857
8592
8915
6853
3125
3299
3893
3360
2490
863
1094
-772
-1637
-624
-1746
-3212
-3708
-4574
-6704
-6676
-4543
-5625
-9798
-11529
-8529
-8958
-12512
-13151
-14367
-15463
-11667
-9754
-12420
-7969
-1801
-2649
1771
7685
4934
7803
8400
4852
10909
11299
14295
14746
13514
12679
13083
12630
11030
12884
10367
10431
10205
9340
4111
1701
5110
4573
4980
3727
3180
3122
2384
1142
139
-25
-1505
-491
-1506
-2621
-1243
-4095
-3616
-3759
-5894
-6280
-9180
-10455
-11032
-12327
-13752
-14718
-14598
-13145
-14900
-12802
-5381
-10549
-9848
-410
969
3362
3476
3069
5694
7956
9046
8485
9966
12113
14125
11659
10368
11645
8095
7727
9087
8484
7214
6337
9344
6654
5235
7745
7900
6173
6079
4856
5027
4982
3138
2937
1264
2440
1512
956
350
-2747
-3485
-5348
-5547
-8861
-10350
-9324
-10584
-13104
-13235
-10209
-8826
-9509
-12419
-8309
-7019
-5600
-4507
-8465
-4107
-3261
500
4803
5684
1971
4539
6765
6429
7772
9862
13242
11050
12111
10041
6680
9471
9947
8169
7108
8295
10349
5872
5595
7920
6951
6849
8418
7484
4978
4206
2783
2176
596
-147
-2406
-3357
-4236
-6536
-6227
-7718
-10515
-10524
-10613
-12052
-9888
-6510
-8743
-12809
-9543
-6840
-9162
-8231
-11153
-8900
-6040
-5832
-2781
-451
836
732
5563
3160
3013
6256
6821
5858
11042
9929
7952
13166
10672
11002
10246
10938
9247
8342
7766
9526
9454
7205
7555
6667
7132
6915
4977
3942
1916
405
-1124
-2125
-3388
-3354
-6784
-6821
-5831
-8221
-9162
-5591
-3720
-10234
-7757
-2274
-5395
-9835
-8641
-7828
-6752
-7874
-8757
-7227
-6047
-3543
-4744
-7765
-6694
-2643
553
4214
2512
1952
2611
5483
8557
11464
13452
13471
14569
14616
12774
13187
12845
11200
10428
9096
8216
7338
8063
5800
5519
5354
4893
2848
480
-1266
-4332
-1824
-5762
-5290
-5949
-5805
-5655
-5869
-1288
-5736
-4887
-2044
-3435
-4078
-5835
-5581
-2609
-6088
-5505
-5336
-5538
-5468
-5876
-6086
-5457
-4063
-5025
-2342
54
3238
1181
2002
4384
5273
4480
6861
8311
8664
15533
14811
14374
12814
11700
10906
9931
9788
8767
5860
4417
4488
3324
2527
1287
1569
7
-2009
-2639
-2686
-5719
-3183
2236
-3399
-2864
-1495
538
-1203
-1853
-415
-2065
-1432
-7357
-5238
-2124
-4765
-8567
-6207
-4496
-4822
-7309
-5466
-7166
-5133
-3255
-6447
-4075
-2816
1357
1667
5474
5870
3323
3487
6232
8330
10735
13152
11890
11631
10519
9951
7668
6683
5547
3980
699
81
689
634
-143
-2039
-936
-1923
-985
-2625
1129
-992
-5389
3225
700
-649
-11
1606
1448
-515
2117
828
1790
1246
586
-752
-1095
-1568
-3006
-3556
-4361
-2649
-6136
-9413
-7597
-4752
-5211
-6721
-4400
-1546
644
560
2042
2760
1517
1055
4345
6477
6080
6055
5455
4584
2239
2043
-479
145
-722
-454
-1056
265
-280
-1011
4093
2398
1681
2603
6367
2469
3163
7013
3895
4961
4577
4859
4066
7877
5813
4609
4904
4722
2738
108
2633
1492
-2998
-8684
-4289
-2426
-5844
-7706
-7600
-7010
-7056
-4058
-5016
-8350
-5958
-3874
-1451
-1816
-2197
-1977
-1191
361
2629
5913
5162
4357
4198
2128
2631
2698
91
-321
-3709
349
6243
2306
3565
5523
8539
6613
6230
10917
7851
9080
9267
7727
7651
8315
9902
9621
7780
6246
7033
4715
2169
1602
968
-3510
-6410
-4903
-5097
-5049
-5990
-7342
-9518
-9591
-10647
-12000
-9959
-10657
-11557
-9358
-6424
-5914
-5554
-4996
-4865
-4443
-3318
-3682
-153
1481
424
2398
3197
9
7674
9080
2725
7122
11985
10493
6981
8587
11171
10101
11578
10648
9932
11051
10859
11249
9320
8282
8828
7593
7240
5483
5930
2759
-2709
-910
1058
-4412
-6260
-4735
-5224
-10303
-12459
-8530
-10649
-13822
-14477
-13104
-15889
-11913
-10045
-12339
-15181
-11542
-6386
-10242
-6610
-7091
-6999
-4571
-3217
-1618
542
1550
8800
10970
4882
10114
13688
10968
9263
11081
14525
14339
15300
15660
11968
14279
13938
12085
11755
10164
9778
7925
7692
5360
5499
3582
-2449
-768
-1038
-2444
-3696
-6086
-6366
-8961
-9958
-11469
-12315
-13288
-14846
-13880
-16475
-17009
-15847
-20249
-20902
-15253
-17374
-18533
-16557
-12662
-9435
-8592
-6145
-6498
-2691
2476
3648
4039
12681
15148
12703
14851
16918
13625
12570
16511
15924
15658
14631
16356
15595
14913
14522
12917
11399
10490
9430
7984
6483
1052
3302
2860
-355
-2695
-2825
-1594
-5641
-6625
-6069
-6896
-11348
-11395
-10001
-10524
-17872
-17876
-12036
-16127
-19466
-18906
-17904
-18050
-13837
-12647
-14544
-13760
-8893
-5556
455
3203
1244
4092
10517
12788
11586
14836
17345
20380
19443
18674
16303
14650
16379
16759
16863
16636
16679
14505
12849
11956
10016
9534
6064
2322
3070
2180
-20
-1636
-1991
-3408
-4409
-2833
-3832
-6267
-8206
-7555
-9845
-11236
-12224
-13443
-12568
-12420
-15841
-16098
-15020
-17015
-14438
-14430
-13631
-12445
-10684
-5638
-5196
-4098
215
4771
2830
6463
8910
9780
12065
14470
15142
15111
16284
18055
17875
14369
14205
15314
14317
14122
13595
11426
9586
4968
5205
5637
4931
2519
2218
2042
-970
-999
-3995
-3373
-4266
-6056
-8370
-7773
-6996
-10654
-10573
-10008
-12104
-14168
-11634
-9696
-14166
-17131
-14566
-11810
-13219
-15903
-10152
-6829
-9063
-6142
-1821
-201
-1862
2661
8425
8630
9732
8659
11273
12907
13767
16855
16878
17870
18652
15332
12578
12208
10610
11418
8130
3955
5727
5895
5025
2263
1777
2133
-399
-273
-1545
-3957
-4331
-4609
-6014
-7067
-7294
-6940
-8148
-9371
-9808
-11244
-8942
-10245
-9030
-9864
-11523
-9214
-11080
-6538
-7750
-12020
-4872
-2561
-3688
-6933
-2696
691
-1169
2874
4924
5116
7424
9756
10892
11496
11859
14221
14265
11140
11620
12176
9700
6942
7585
7663
8397
7323
5954
4687
4608
2975
1959
3253
2190
764
631
1246
-538
271
-782
-2166
-2715
-4726
-4495
-5540
-5198
-8147
-9313
-7755
-8090
-8887
-9803
-3229
-4879
-11044
-4748
-551
-2381
-6853
-3615
-2228
-5083
48
1612
-1645
57
3848
5279
9303
8801
7807
8885
8063
10367
10687
9935
8702
7493
8611
7352
7488
5898
5520
5295
2978
2832
4895
4577
3841
3652
3781
3343
2309
2076
-365
380
-723
-1839
-2261
-3366
-4737
-5758
-5612
-7495
-1580
-4164
-6955
-1210
2064
-812
-3667
-2942
-1912
-2552
-2928
-3269
-4743
-3844
-4201
-3033
-3307
-4675
-2604
2548
2003
4545
5129
3025
3331
1207
5235
8775
2842
4669
7941
5145
7605
8008
6175
6417
8745
8489
7238
5623
4302
4383
3905
3934
2701
2190
272
9
-898
-2254
-3964
-3509
-4240
-4233
345
-1176
-4613
-723
1153
412
-2470
-2418
74
-164
-2364
-5853
-2566
-3208
-3805
-7204
-6355
-5642
-7023
-1260
-4076
-5128
-2902
-186
-1324
131
1186
-753
2990
5265
9918
6549
5344
9625
9608
10917
9586
6424
6543
7446
4733
4423
2491
3177
3009
-311
-566
-1214
-745
-2529
-2471
-4734
728
1089
-5363
2203
2161
44
-816
-1262
-997
-3016
-901
-408
-2656
-4124
-3889
-4087
-4314
-5318
-6704
-8189
-8308
-8184
-7922
-10106
-10972
-9934
-7976
-4330
-2815
-2722
2067
7143
1641
6673
8260
7719
9806
4764
4290
9210
14078
10942
8574
6939
6813
7416
5134
3052
1933
1851
780
799
664
-1071
4725
1991
-1988
5778
4150
2638
1810
337
583
816
4477
1305
-1273
-785
383
-2240
-5370
-2385
-2319
-8947
-9119
-5156
-7649
-9011
-13244
-12873
-11281
-4636
-1993
-7924
-4772
-1493
-2753
1692
4198
-1131
2292
6080
7027
8689
5563
5839
7597
8733
10103
8065
6297
4817
2861
2154
2557
875
6065
10060
999
5250
9132
7038
6800
3446
3408
5527
5543
3920
2767
1571
-467
-177
276
-442
-897
-1496
-4295
-5793
-5941
-7139
-11955
-8426
-5700
-8484
-8010
-7545
-5571
-8352
-7900
-4283
-6652
-3643
-1236
-1516
1416
1712
3580
4511
4428
6705
4407
5048
4673
3736
5447
5997
6288
5324
3220
2998
10384
5667
3336
10522
7936
6857
7471
6780
7808
7088
4314
6289
3419
3426
4415
2154
2880
730
3849
-245
-518
-1181
2105
2917
-9162
-5852
-1626
-5358
-9976
-5774
-5097
-8319
-9506
-8325
-9129
-9415
-5519
-7399
-8919
-7774
-2581
-1812
-3253
309
613
1142
2199
1190
2258
3732
2229
4689
11201
5564
4808
8972
8201
5850
2278
7767
7308
5856
6556
8399
6125
3630
5876
4353
3561
1877
1680
755
4135
3973
3130
-304
-4746
-2496
-2008
-1215
-3972
-6541
-5512
-6656
-6373
-7053
-8488
-9179
-9589
-10013
-10642
-10081
-11826
-9469
-9598
-12181
-9433
-5201
-4023
-3649
-4416
-3129
-1626
-829
-1801
2328
10036
6644
6089
10282
14324
8881
7643
11728
11037
10720
10704
11155
8770
9028
8557
8671
8427
9383
10471
8917
6962
6331
7648
600
2108
2742
1787
2362
-1804
-1107
-1461
-2208
-6938
-6841
-5255
-6852
-11983
-12398
-10833
-11703
-14814
-16050
-14839
-15780
-12483
-11829
-13513
-15440
-12195
-6402
-4255
-319
1461
-3000
1411
4852
8193
6821
4991
13046
7156
10456
15334
12293
10422
8794
9717
10051
13946
14518
9818
9531
10046
10024
11100
5167
3363
4137
3467
2641
1562
552
-277
-1325
-2111
-3021
-4117
-4494
-5621
-6085
-8456
-8756
-10092
-11579
-13494
-15486
-15526
-17792
-16320
-17392
-18379
-16247
-14518
-15167
-15188
-8539
-5349
-4017
-2100
-98
4099
2798
4493
11254
12877
13480
13849
13699
14840
18730
16409
14121
14996
13946
15142
13959
13412
12820
9618
7512
7623
8167
6222
3350
4476
2017
750
406
-1796
-2340
-4427
-3042
-5656
-8409
-8792
-9665
-10311
-12262
-8670
-10485
-17089
-19038
-16947
-15304
-21158
-19858
-19093
-18203
-11058
-9996
-10153
-8270
-3338
98
2186
3946
5172
4268
8284
15119
15042
15259
15646
16038
17388
18616
18371
17095
16016
15566
12225
10904
13522
13038
10061
8313
8463
6967
6305
5415
3078
1471
1
-718
-592
-2538
-3784
-5509
-5840
-6927
-8956
-9669
-11505
-12115
-13525
-15213
-15646
-17086
-17500
-16653
-18285
-14883
-10030
-12982
-13702
-6140
-4762
-5349
-7458
1040
8226
3642
8054
10379
9947
9744
13564
16550
17117
16354
15185
14030
16059
15210
10033
10005
10724
12996
11836
10787
10532
8778
6638
6269
2052
-166
-1014
-2827
-3820
-5234
-6520
-7050
-9759
-8073
-11854
-11045
-13901
-14636
-15088
-14671
-14750
-19345
-16831
-14856
-10162
-16975
-17606
-10394
-8830
-15007
-11774
-6735
-8258
-2801
-2559
-3362
-884
1864
2128
7609
7018
5010
6867
7911
13677
14831
10802
11447
9442
12147
11995
9163
9744
6976
5662
4567
4919
3339
2229
1296
46
-977
-2306
-3658
-4882
-7955
-8763
-11774
-12767
-11177
-12589
-11648
-14709
-13690
-14100
-14511
-13458
-11363
-6980
-12750
-11093
-3608
-4411
-7189
-6312
-3144
-4283
-2536
-762
-4820
-1140
-2488
-4813
-373
-970
2383
9071
7438
7384
7148
4495
10763
11435
11401
10565
5977
10938
9666
6573
7093
4779
2664
3244
1877
1401
731
-4483
-5578
-7230
-8899
-9510
-10560
-13245
-12204
-12572
-13482
-13383
-12686
-13491
-12404
-5834
-8597
-10466
-5058
-3023
-5872
-8350
-3887
-3348
-6428
-5010
-2863
-3715
-7005
-6681
-6075
-6190
-4548
-928
-4042
-7591
-2427
-940
2439
5503
240
538
2612
5943
6501
5345
6367
3164
5106
3856
4553
2620
235
150
-4099
-2352
-4103
-4304
-5612
-8000
-7807
-8874
-8348
-7861
-9979
-11443
-8473
-7741
-4621
-4844
-8712
-3187
-524
-1763
-1666
-2222
-346
-1487
342
985
-583
-1095
-2264
-2710
-4596
-3827
-4929
-4189
-5412
-5976
-4388
-10332
-11299
-4783
-3230
-3234
1110
-221
-2501
238
336
2644
2681
2080
813
-2499
-844
-204
-1192
-2648
-3214
-5108
-4980
-5886
-6548
-6424
-5533
-6150
-5753
-8236
-5428
2323
-5676
-2266
3764
2610
2030
-182
-533
2655
4185
2328
2034
3189
2593
-1154
-175
2236
-542
-5850
-5226
-1795
-6633
-11794
-8428
-7846
-8252
-7506
-7919
-11524
-8958
-4368
-4836
-392
-112
-3997
-3524
-1044
-842
2162
2436
-945
510
-82
-658
-269
-1350
-596
-1897
-1662
-2988
-2250
-658
-4243
-874
2563
-1817
-113
4755
3113
4609
1258
3553
4134
2021
4831
2509
2572
404
1185
437
-1320
-1734
-1896
-2692
-3279
-6910
-11594
-9891
-10912
-11807
-11469
-13736
-14497
-15283
-17605
-15955
-12845
-11039
-10696
-5077
-2426
-2893
-2000
-2790
-3235
-2102
1554
-911
-1911
-1258
-2549
-395
80
85
-1289
-66
5239
1922
-1558
3347
5303
4013
3321
3231
4456
2888
4913
4470
3401
2507
422
411
-1795
1012
-406
-3199
-3033
-3194
-8216
-10784
-5959
-5524
-11338
-14551
-11749
-12671
-11864
-14144
-15127
-13583
-15035
-10842
-9893
-12077
-9455
-6067
-2850
291
-529
-3150
-3171
-595
3317
4733
3918
2193
2893
6333
4522
5355
8088
3714
4026
9270
9859
9012
6314
6453
6204
5525
8625
7670
6721
3543
1579
839
228
-840
-2775
-803
-740
-1053
-6398
-7697
-6139
-7427
-8182
-8370
-9775
-11061
-11438
-12506
-14547
-14467
-13797
-12436
-13809
-15737
-12323
-11302
-13600
-7720
-8265
-9620
-3535
-3987
-3977
-4595
-3641
820
2364
2233
6987
6931
3967
11860
10008
10155
9204
7577
11464
8300
10891
9793
8164
8007
6083
6305
4268
4635
2897
3256
105
-610
-3022
-5954
-3581
-4149
-2922
-8001
-7283
-6982
-7804
-9276
-11600
-8708
-9089
-12267
-14178
-10791
-11466
-13049
-13271
-14495
-13561
-12952
-9594
-12037
-14156
-8830
-7908
-4901
-3461
-5516
-5359
-4323
4572
5213
3081
9916
7840
10223
10437
6630
8651
8690
9896
10526
9540
9791
7964
6125
6040
5938
5835
3478
3287
4502
-3055
-3878
-2645
-3055
-3439
-4371
-3332
-4543
-4480
-5239
-4227
-5233
-5340
-4888
-6853
-6227
-7789
-8457
-9700
-11727
-11763
-12400
-14281
-14410
-14530
-14761
-16440
-16584
-9541
-8946
-3146
1460
-1576
172
4586
6009
9144
10115
9272
8559
11969
13601
10643
10858
8077
8108
7332
7929
5627
3931
5529
3104
2238
-1548
-296
735
-727
-1237
-2726
-2326
-2322
-3003
-1989
-4161
-3843
-2841
-4964
-5247
-4786
-4374
-8664
-8199
-7945
-10140
-13486
-14528
-11640
-14019
-18993
-18700
-16844
-16468
-13074
-11649
-12770
-6771
-7138
-5049
3882
1209
871
42
3594
4418
10382
10148
5699
12798
9046
8823
9044
7226
5733
5560
4158
3868
2104
-1040
861
1320
1585
1582
1218
2431
328
146
537
-1909
102
-475
-1101
-649
-3261
-3362
-4146
-5548
-6400
-7161
-9860
-11094
-12280
-12688
-13728
-14724
-14068
-15604
-15761
-9039
-8800
-15129
-8963
-4867
-8497
-5441
-4062
-36
1072
215
1291
4191
8471
8114
7104
6579
8180
10699
9830
7588
8398
4703
3186
7197
5997
4517
3461
4765
5485
3247
4914
4091
2390
1561
-34
-179
-1100
-1405
-2887
-4456
-5794
-4864
-6645
-9319
-10860
-9875
-12000
-15325
-13599
-13244
-15383
-17965
-14606
-12815
-12650
-16392
-14788
-8628
-9858
-5150
-6805
-8650
-5358
-3707
3842
4362
2619
1298
3992
9415
9204
8124
7779
8169
10490
8937
4849
6996
6973
7129
6449
4026
4486
3898
3376
2591
1758
902
1144
495
-1304
-2734
-2555
-3039
-4885
-5261
-8071
-8710
-10100
-11174
-12362
-13201
-12535
-12564
-13413
-14808
-8653
-9418
-13999
-9568
-10213
-13153
-10644
-11252
-12341
-10877
-6284
-7886
-8424
-2997
-1308
2413
3426
2189
4234
8227
6231
7677
6482
4597
7688
8774
8909
7152
7880
5808
7601
7016
6973
5898
5097
4257
3087
2878
-1932
-1626
-2376
-4578
-5432
-5901
-9064
-8235
-10286
-12352
-11926
-12339
-10515
-13656
-12814
-13246
-9227
-9876
-17153
-8585
-8381
-12047
-11708
-11535
-10226
-12381
-9467
-7911
-6627
-3672
-660
-4462
-5100
1783
2684
5734
5824
4344
3795
4053
8250
9954
8544
8373
8142
8023
7439
5858
5449
3975
3529
2429
1443
1955
1026
-639
-1979
-3491
-4740
-5223
-7228
-8561
-8478
-10466
-10311
-9714
-10257
-10631
-8619
-5065
-9385
-10539
-3388
-4747
-5174
-6002
-7458
-6424
-4884
-3736
-6157
-4361
-6134
-3367
-3404
-4178
-3906
-2764
-2140
-2585
2055
556
3649
4120
2754
5544
5340
6114
6786
5949
7858
8054
6745
4359
4412
2262
500
1324
-1026
-1492
-2249
-3292
-6122
-6554
-7980
-8817
-7918
-7994
-8759
-9504
-8918
-9150
-8313
-4373
-7485
-9970
637
-3444
-2674
-2416
-3699
-2131
-3507
2005
3077
-2893
-6019
-613
-3233
-5217
-5892
-5669
-6028
-5354
-919
-5086
-8420
-2824
-166
1824
2656
1376
1271
3599
4282
3477
5295
6298
5929
5992
4329
1986
1315
365
-1409
-3018
-2977
-5978
-4773
-6317
-8910
-7745
-8877
-5581
-7366
-3485
-3585
-8315
-2625
-675
-1879
1053
1370
811
-12
636
4568
2581
2956
637
731
-1207
-1913
-838
-3095
-3547
-4389
-4808
-6663
-5928
-8299
-5503
-6624
-10043
-5689
-2779
-635
737
-406
-2311
-366
1931
588
1608
1290
-803
1810
-1373
-2816
-3050
-6187
-6145
-7375
-6786
-6793
-8348
-7183
-7422
-9560
-3105
-2072
-2066
2091
2414
3068
4387
4893
1901
3712
5349
7011
8594
4639
3057
4447
4813
1054
-1664
-1233
259
-3759
-6377
-8486
-8177
-10663
-11229
-10902
-10884
-10185
-7826
-11916
-13241
-7261
-7571
-5017
-5885
-5062
-5506
-3808
-1612
-3360
-3613
-4859
-4850
-5092
-4943
-6036
-5735
-5550
-4204
-4185
-3371
3478
2656
-1730
3338
5369
4974
6744
7005
2623
3489
7233
6321
7301
5048
5075
5135
5336
3815
3224
1923
1323
-199
-6082
-5038
-4604
-5016
-7735
-9825
-9642
-11459
-11503
-10662
-12576
-13765
-12638
-12775
-13212
-11107
-8130
-8704
-6680
-7408
-8579
-4276
-3694
-3275
-4144
-4028
-3704
-1960
-1402
-1322
-28
-597
5634
4246
1197
6577
7417
5259
6049
5842
5188
6973
9390
8284
7600
5823
5089
5727
3259
3472
1105
2994
1558
-1321
-2904
-3559
-6137
-10652
-7267
-6603
-10111
-14395
-12966
-10322
-14200
-17402
-16831
-15746
-17352
-15413
-13935
-18537
-13648
-11422
-11865
-7744
-7925
-10709
-7145
-4685
-2910
-682
559
1085
3961
9817
1972
4765
9769
8329
10978
10519
9489
7762
9821
13113
11754
9468
10361
10173
8941
7481
5246
6098
5441
4872
2674
-1209
-146
-145
-2159
-2534
-6740
-7458
-6305
-9035
-9978
-12849
-12524
-14154
-15850
-16266
-18233
-17456
-18154
-19579
-16251
-17075
-18721
-15798
-12487
-9937
-7346
-7146
-6634
-5803
-5223
-3052
-1027
5012
2428
2879
7442
7909
7647
8658
7634
4494
9938
11512
11145
10574
10065
9282
8633
8474
7317
7522
5139
4912
2836
-96
-90
-1310
-1184
-4039
-1650
-5433
-8816
-8477
-6810
-9258
-13263
-9573
-9333
-13555
-18670
-15252
-14841
-16181
-17704
-15787
-17073
-14064
-12841
-14911
-12621
-10596
-5969
-3488
-3010
127
2188
-859
6895
10841
8457
9953
11086
13738
10706
11790
14170
13742
12610
9681
8452
8713
10240
7035
6916
7154
6129
3724
2844
3283
1289
-621
-3083
-2038
-4461
-3419
-4466
-5603
-6389
-9661
-8130
-8911
-9354
-10426
-11051
-10260
-12062
-11979
-13526
-15626
-14471
-16496
-15536
-16859
-17064
-14954
-16711
-14594
-13324
-7994
-1032
-5852
440
6044
2406
7564
8282
8960
8187
9729
14573
12645
11977
10357
10846
9439
9304
10137
8611
9613
6750
2006
2129
1732
2025
-1097
-2702
-3209
-3807
-4394
-3636
-3830
-5348
-6197
-5653
-5659
-7603
-6329
-7518
-8690
-9277
-10272
-9427
-10662
-13958
-14675
-13064
-15207
-16524
-16620
-16016
-16463
-8611
-6545
-15402
-7056
-440
-1214
2349
3376
106
3024
3733
4936
7155
8664
9609
8358
9996
6763
8352
6383
5259
4278
1693
1331
2696
1363
-766
332
-2333
-1487
-1141
-43
-1356
-3581
-1745
-2278
-2563
-2534
-3172
-5455
-6929
-5730
-6502
-8286
-9419
-8831
-10679
-11578
-13261
-13647
-14898
-14510
-15040
-16523
-11937
-11207
-14304
-10451
-6441
-10249
-5215
-4979
-3202
1968
1635
2669
5141
5253
5994
5512
5005
6963
6653
7211
6766
5619
731
2894
3444
3134
3978
1994
3491
2104
2018
2494
2344
1854
1648
854
895
613
-1350
-1677
-3375
-3444
-7316
-6468
-6529
-10211
-9197
-9903
-10533
-13366
-11902
-10653
-14158
-11558
-10265
-13185
-10218
-11306
-11548
-9282
-10144
-5189
-7620
-7369
-2080
-3984
2246
3113
2927
1804
-528
4193
2690
6130
6871
3321
5675
7239
5830
5390
4792
5400
6352
4682
4966
5337
4209
2742
3508
1935
731
1225
627
-977
-1808
-2598
-3914
-4465
-6403
-8829
-8029
-9065
-10980
-8883
-11174
-9441
-13578
-10255
-6882
-13720
-10281
-9805
-10120
-10319
-10090
-12549
-9882
-11611
-8235
-5190
-9794
-2755
-3226
1043
3497
3949
2978
3961
6681
2557
3059
8657
9992
10026
10379
10334
9978
7871
8912
8808
7350
3886
3526
2668
2129
1641
367
213
-642
-1105
-2882
-3867
-5271
-5113
-7039
-9523
-9161
-8539
-6169
-11886
-5497
-4235
-11299
-7350
-4978
-5048
-5153
-9157
-11487
-6537
-9098
-8580
-8175
-9336
-10916
-5580
-3731
-9386
-6198
-5792
79
3063
1407
2096
2792
4627
5555
3056
6876
9012
7759
10578
8653
7736
5386
5705
5757
2768
2201
570
-15
-263
-2387
-2807
-3930
-5615
-6108
-7574
-7104
-7329
-7703
-8727
-8715
-9931
-4355
-3024
-11694
-5157
-2131
-5736
-3651
-8027
-6335
-5943
-5145
-3509
-5673
-6025
-6830
-6885
-6132
-10258
-7512
-5959
-8935
-5529
-7165
-2457
2146
1516
2323
2522
3123
4860
4222
6756
9213
7556
9175
8345
9179
8231
6576
5260
3596
3291
1301
510
-1206
-2193
-2218
-2904
-5276
-5719
-4742
-4445
-5430
-1819
-5513
-9503
-1996
-6958
-3821
-3349
-8088
-6616
-3872
-2741
-5894
-4165
-3522
-5041
-8211
-6393
-5320
-6359
-7168
-6119
-8414
-10437
-2638
-5364
-6149
-3484
-3479
462
3029
2031
2006
1510
1455
5151
3280
4641
6344
5591
3014
1765
6231
3193
1459
71
-3276
-3473
-3865
-3453
-3970
-5685
-6599
-3900
-7146
-4545
-31
-5617
-5347
-1515
624
333
-542
-1599
-1041
-904
1632
2713
886
-450
-437
-869
-1489
-2025
-5555
-4205
-6609
-9848
-9446
-9520
-11310
-8398
-9732
-11457
-6337
-6965
-2711
396
-360
-2422
-2838
-1287
-1756
-668
1641
1424
-1571
-639
-1308
-1988
-1879
-3077
-5140
-5751
-6118
-6770
-6496
-7303
1815
-1209
-7450
2276
939
1505
772
-1900
1646
-145
4861
3153
2987
5334
1757
1354
1142
1768
-2325
-3727
-646
-4670
-10597
-8227
-6345
-8356
-11084
-11603
-12023
-12776
-9722
-9333
-12407
-9858
-8077
-6334
-1511
-3432
-4479
-5053
-4768
-1859
-954
955
-552
-2187
-1908
-3187
-2738
-3463
-2798
-3390
-4321
-4017
-2504
3864
-2117
-1256
5942
6169
5848
6197
4251
1937
6467
7108
7787
6264
5960
5446
4204
3623
3432
1231
577
-776
-5375
-3904
-4880
-6036
-8732
-10755
-10861
-11848
-12078
-13973
-15433
-15540
-13088
-17478
-14286
-10135
-12240
-5407
-8923
-7593
-7175
-11047
-6855
-5340
-6152
-5411
-4573
-4400
-3540
-3985
-2869
173
2457
-290
5318
9538
8659
9665
7133
10455
8862
10696
13103
9136
8413
7525
8004
6568
6081
7757
4187
7038
1866
-2337
1157
599
-3271
-9087
-6905
-7293
-11883
-13950
-10451
-12947
-15779
-16108
-15900
-16108
-15606
-13385
-16857
-18319
-11824
-11939
-9836
-7513
-9157
-8737
-9680
-5893
-3079
-1613
467
1821
175
5650
9158
2258
5796
12089
9291
9781
9263
9176
10227
10625
13548
11390
11460
10294
7520
6569
7206
7879
5165
6197
3062
-530
894
-387
-2020
-4470
-4422
-5378
-8930
-8557
-10810
-12338
-13384
-15659
-15586
-19808
-17081
-17906
-21240
-19686
-18745
-20376
-19614
-14107
-15315
-12286
-10442
-8953
-7624
-6216
-5303
-4885
7498
7332
4974
10818
11232
12515
12617
11340
9017
10153
13435
11625
9982
9299
8501
9756
8250
8631
7577
3418
5387
2797
625
1710
-1160
-1780
-3915
-2879
-3927
-7114
-6621
-5012
-8178
-11292
-10378
-10801
-15105
-18440
-15008
-15826
-18197
-19133
-17849
-18513
-17282
-13855
-16419
-16927
-12871
-11003
-6793
-3978
-3339
-5149
-3310
6605
1355
5505
12979
13229
12209
10668
12140
11221
14935
13391
12803
11114
10580
10474
9297
8849
8448
7768
8115
3418
-839
1597
553
-1272
-3421
-3269
-4173
-4766
-7003
-7644
-9547
-9579
-9250
-11957
-12532
-13549
-16248
-16272
-16356
-17766
-18428
-19216
-17517
-18397
-17956
-19199
-15890
-19142
-18021
-11928
-12852
-3439
-1661
-7291
896
5864
1230
6905
6338
9965
16487
15716
14784
13382
12985
12958
13137
11525
11857
9896
6031
6610
2181
1609
3377
1670
-2566
-2870
-1923
-3271
-5637
-3987
-5569
-6282
-6861
-8367
-8523
-10960
-11280
-10657
-10719
-14210
-12475
-11141
-13861
-18216
-16647
-14682
-16862
-18680
-19319
-17776
-18352
-13937
-13673
-11175
-4954
-10196
-844
5775
1656
3705
-31
4293
11829
11457
13321
13808
11851
12564
11722
11692
9559
9809
9901
11194
5787
1976
5223
2945
5691
2773
1417
-391
-1148
-16
-2656
-2742
-2954
-2921
-3430
-3373
-4854
-4776
-6400
-7491
-6319
-7714
-10171
-11932
-11514
-13177
-15860
-15476
-16722
-15598
-14605
-14663
-10356
-15007
-13212
-8402
-7715
-3616
-2790
394
1420
4000
3079
4047
6315
8886
10756
10194
11124
9782
10192
7308
10009
6009
4659
6731
5509
4343
1705
3129
1297
1224
223
-2860
-2574
-695
-2932
-1662
-2787
-2571
-2100
-1671
-4825
-7064
-5746
-10579
-10723
-11650
-12460
-16606
-15025
-13103
-15560
-18676
-17939
-14887
-11525
-15008
-17408
-10571
-12228
-8177
-9678
-10791
-7436
-3809
-1650
2235
4034
297
252
-1736
8065
7291
5684
8189
6670
7199
2229
4596
3979
4193
4380
2794
2048
677
2596
2057
2364
314
-906
1815
1385
-2502
-2240
-2241
-3074
-3379
-5068
-6293
-8003
-9088
-11117
-11193
-10537
-10458
-11108
-12673
-10963
-7672
-12704
-14450
-8541
-9560
-11056
-8649
-8806
-12477
-7739
-6683
-8511
-3651
-1843
464
1530
796
729
2605
1941
5453
5984
5227
8430
7689
6163
6800
7456
7046
6650
5437
6806
4495
5414
3368
2562
3028
-143
1753
1123
-1549
-2637
-3344
-5138
-4703
-7546
-8442
-9619
-10077
-9696
-11996
-11255
-11239
-11399
-9923
-13418
-12357
-7960
-12084
-12038
-12319
-11866
-11001
-11532
-8148
-10621
-7367
-4833
-10742
-4904
-3721
-1261
2024
826
1209
-1784
2002
6774
8705
9449
9694
11233
10950
10118
9083
7147
8072
7684
6876
5787
4585
4637
3883
427
4
417
-1244
-2821
-4376
-5156
-6299
-6687
-8045
-7303
-8550
-10434
-5937
-6568
-11733
-7220
-6491
-8532
-6654
-9671
-8825
-9712
-11350
-9806
-10715
-10424
-9454
-10953
-12703
-9293
-12304
-10340
-3201
-3672
-2535
-160
1366
2463
361
2552
7041
4867
7556
9309
7431
7898
8717
7238
6536
5697
5004
4575
2003
480
-234
-2720
-4603
-3596
-4439
-5892
-7929
-7778
-8853
-8474
-7391
-10796
-7016
-8409
-9343
-3944
-5849
-6533
-4702
-5167
-8474
-9456
-5653
-6749
-10643
-9187
-8597
-10825
-10966
-9140
-8570
-8596
-3344
-4326
-9418
-4740
910
3073
616
1731
2716
1960
5994
8483
8809
9420
8369
9553
9854
7962
8655
4807
4109
3308
1851
1872
-2723
-2395
-3192
-4275
-2325
-3734
-4516
-4118
-3918
-1641
-5361
-6364
656
-1723
-3205
-2357
-2014
-1573
-4510
-4049
-3554
-5096
-4996
-5782
-5763
-6524
-8302
-7930
-9377
-6682
-7600
-10825
-10863
-8822
-8824
-9527
-6008
-4776
-2511
-91
-873
136
3058
3894
5254
6243
6728
6422
5626
6676
3945
3547
763
782
-104
-1240
-1694
-5242
-6286
-5374
-4273
-4315
-4474
-2958
-4129
-4179
11
846
-579
-2572
-2570
-3280
-1587
-174
-2380
-2056
-663
-1805
-3498
-2504
-2038
-2876
-9722
-7079
-4610
-11076
-10411
-7285
-8025
-8042
-5075
-6355
-8003
-4130
-2528
962
1303
-224
894
2351
3692
3484
4791
4851
4381
3139
2784
1510
71
-1437
-909
-1887
-587
-2001
-5381
-2679
376
102
-3301
2764
3006
690
844
1997
2818
1461
3212
2919
2292
2172
1121
954
-608
-4123
-1752
-3393
-3046
-6465
-9358
-8127
-9927
-10184
-13151
-11362
-10780
-13239
-12844
-11000
-12814
-9927
-8376
-7619
-4385
-4099
-4852
-3694
-1581
-2515
-443
-2080
-994
-1305
-2596
-1767
-2495
-3621
-4183
225
-3280
-1493
889
-3883
-2205
2830
6595
4420
3357
4778
4568
6492
6717
7005
5254
1846
2891
3311
4593
1018
-203
-259
-315
-3755
-9073
-5537
-6363
-11521
-12643
-10562
-12081
-14648
-13689
-13772
-14833
-13087
-10257
-13721
-13163
-9131
-8461
-4488
-5543
-6793
-6581
-3438
-2324
-4160
-4254
-706
-240
9
1609
-1184
4224
4799
2043
5527
8354
6435
7373
8032
8648
9408
11464
10830
7785
9328
7513
7412
7424
6610
5894
4971
4759
3671
-552
-2108
-2264
-3526
-3789
-7862
-8220
-9468
-12314
-13030
-14512
-16274
-17519
-14710
-17194
-15757
-13555
-14417
-15692
-12460
-12506
-10468
-7031
-9025
-5912
-8197
-6556
-3948
-3052
-1676
1557
2155
3517
10572
6638
5373
10220
11989
12533
10704
3881
7112
12728
12090
12574
10697
9601
9938
9370
8386
6740
6374
2257
1924
-2301
-2620
-985
-4434
-4310
-6031
-5631
-10991
-11413
-9227
-13234
-16397
-16868
-14326
-17017
-18673
-16619
-17214
-17742
-13358
-14666
-19982
-16660
-12792
-11643
-7985
-8440
-8302
-6199
-2461
1644
4835
8121
5930
7753
16169
13768
9197
13861
12380
13154
13742
12867
12382
10194
12477
11527
11920
10406
10005
9408
6607
7039
2264
1162
1920
4
-873
-3259
-3712
-5643
-7890
-8573
-10566
-10799
-12195
-13798
-14449
-17076
-18287
-18289
-20642
-20170
-18889
-20237
-20465
-19909
-20491
-19901
-17735
-14583
-9076
-7089
-6902
-5320
2095
7673
2815
2452
12299
12790
14326
16902
14281
13642
13894
16779
14536
12817
14206
11783
10948
10744
12127
8915
8875
9503
2884
2223
2622
1973
-89
-2940
-2426
-7210
-7611
-7015
-11502
-13194
-9441
-10696
-16368
-14771
-12759
-17572
-21098
-19371
-18231
-20486
-21088
-16542
-17928
-17075
-12674
-13551
-12183
-9402
-8707
-3555
3332
-1607
658
9209
8101
10341
13853
11798
13880
16968
16891
16818
15345
14160
11648
11165
11180
10885
8500
7906
6842
3066
2368
3928
2952
623
-1429
-2920
-2669
-6988
-6482
-6352
-8340
-8873
-11513
-12424
-11929
-12335
-13736
-15389
-16015
-15881
-16810
-16563
-19293
-20524
-19995
-19479
-17188
-20440
-18732
-13621
-16493
-11119
-7051
-8591
-3830
1788
5011
1570
4080
6957
6775
11546
12341
13796
13605
12304
13880
11451
8022
9236
9425
8451
5645
1890
1580
2841
5020
486
-691
-377
-2085
-563
-3279
-4800
-5285
-6829
-6410
-8168
-6125
-6660
-8908
-8803
-7875
-8914
-13218
-11164
-12103
-14671
-21262
-18500
-15411
-16949
-15505
-14740
-9526
-10140
-7259
-4395
-6054
-1880
851
2989
6971
5186
6254
9233
9153
10733
11689
12599
12801
12885
11816
10650
10778
6694
6538
6649
5926
4304
4249
2133
-2447
-766
-486
-2086
-3151
-3401
-5281
-4276
-4405
-3242
-5986
-3610
-5022
-7042
-6204
-7312
-8740
-13551
-12453
-13194
-14555
-15216
-15824
-14826
-17836
-18826
-15022
-14195
-15524
-12811
-8564
-5773
-10238
-8428
-2866
-2629
1325
4399
3608
3082
4589
5882
7538
7263
10750
11185
10739
6252
1608
8496
7311
6945
5007
4999
3977
4148
293
-3075
2111
341
1194
958
-265
-1288
117
-2672
-1226
-4708
-10631
-7166
-7328
-8545
-12397
-13595
-12905
-12554
-13048
-13712
-9821
-9235
-15005
-15013
-7850
-8164
-9557
-8123
-11188
-8736
-3808
-4296
-8056
-4288
-249
2204
5585
3772
2122
4138
6192
8426
7624
8176
9344
5417
6277
6910
7991
5299
6460
7781
5816
6261
5822
7812
-834
167
2963
2214
-726
-4812
-1776
-4999
-4608
-6859
-9085
-9355
-10366
-11080
-13529
-14760
-11854
-12429
-12493
-8670
-12760
-17242
-9782
-7656
-12817
-11793
-13481
-13309
-10719
-9667
-7982
-6519
-8713
-7492
-5022
-2838
77
1074
3297
1404
-1069
2792
7297
7952
6616
6446
8296
9222
8345
8387
7467
7841
9301
8297
8494
1209
4047
2052
-3628
2112
-2798
-2604
-3465
-4886
-5986
-7749
-7613
-9819
-8535
-11613
-8731
-5341
-9377
-13660
-8443
-4793
-9361
-7108
-6106
-10210
-13454
-11179
-8500
-10072
-11381
-10823
-11702
-6653
-4758
-8551
-10977
-6050
-2984
-2126
969
623
3111
5182
7022
6251
6339
6629
9335
10151
8818
7328
3407
5614
6260
5528
4225
3229
3639
2874
-391
-4147
-2478
-4723
-5202
-7750
-9086
-8379
-10659
-7259
-9986
-9398
-3950
-10482
-11434
-5378
-5997
-5868
-7509
-7279
-8904
-9323
-6556
-6615
-8322
-9617
-8288
-10011
-7408
-8965
-7536
-3958
-8507
-8121
-2079
1856
2433
4181
4199
6570
8189
5895
4998
8569
9548
8642
9002
8338
8420
6954
5561
4737
3706
2755
813
354
-2188
-6354
-5860
-6345
-7174
-6343
-7390
-7247
-5662
-3507
-8693
-9374
-2265
-5275
-3311
-4919
-8572
-8305
-6335
-4534
-7812
-6414
-5377
-8052
-11169
-9352
-7891
-9104
-10064
-11298
-9606
-7326
-2951
-5629
-10377
-5217
-1584
2018
3055
-32
-70
4313
4078
3343
5702
6233
6714
5968
6388
4802
3265
2586
353
-798
-2005
-2899
-2839
-3905
-9492
-6091
-5289
-6994
-377
-4962
-8063
-7990
-2674
-1617
-5616
-3286
-6567
-7469
-5542
-3900
-3416
-3182
-4159
-3799
-3511
-4480
-5050
-6876
-7091
-10015
-10267
-12164
-10314
-8054
-9779
-5382
-8891
-10555
-4797
-3612
-492
1026
-200
845
-134
1967
3026
1125
4059
3255
2426
2383
-752
-119
-451
-1896
-3514
-3592
-2009
253
-4255
-596
25
-5948
2442
1707
718
2156
113
-1908
-391
2849
2572
1566
1561
1867
882
824
3214
772
-1715
-2934
-5385
-3550
-6927
-6715
-5498
-8939
-10545
-10081
-9484
-8200
-5119
-6248
-12090
-8285
-3433
-1838
1875
-2330
-5755
-2513
1698
-1345
-2509
689
-1417
-784
-2143
-3351
-4601
-4874
-3448
-5034
-1378
83
2739
-7464
-3413
1917
1388
3159
2799
731
-589
626
3376
2566
2478
2710
2598
402
-747
1511
-577
-855
-4034
-6383
-6389
-5629
-6431
-9403
-9787
-10812
-11892
-12345
-12645
-12230
-12556
-10840
-11115
-15129
-9975
-6398
-5597
-4762
-6783
-4837
-2946
-2537
-4337
-4651
-2690
-3237
-4077
-1851
-3326
-982
4351
-625
-922
1822
6218
8065
4066
4481
3692
4715
6680
6509
6083
5125
4187
5128
4595
1405
2520
224
1746
-861
-4337
-2961
-3351
-4120
-9188
-6647
-6114
-9293
-13729
-12726
-10828
-14402
-16273
-15996
-15346
-14485
-10459
-11543
-15411
-13629
-7932
-5896
-6900
-7117
-8276
-4266
-4297
-5199
-1376
-1633
-9
1340
6148
7436
5499
5206
10833
11477
10122
12667
7222
8972
9157
11891
12097
9028
9252
8677
7867
6276
5491
3333
4151
60
-2573
-753
-1855
-3916
-5379
-5990
-5911
-8393
-10335
-11477
-13664
-14705
-14510
-17047
-17665
-17600
-17342
-17303
-17214
-12865
-18858
-16771
-13381
-14354
-10848
-10107
-9623
-8000
-3464
-3082
-881
5839
4188
3004
9486
10833
12756
12008
9178
12198
11793
12145
10609
8639
10699
8337
8254
7586
6461
6376
4153
5160
13
-2313
-502
-2781
-5125
-5601
-3541
-6170
-9542
-10058
-7611
-10521
-13720
-12250
-12606
-16416
-19693
-16282
-16452
-21088
-20242
-20582
-20096
-17718
-14468
-16344
-19095
-14490
-12122
-7632
-4689
-5371
-5394
-703
6120
5759
3404
11061
13016
11994
11604
10259
12114
12020
13835
12169
11235
9386
9387
9913
7446
7508
6155
6737
2737
189
975
-1739
-2014
-4121
-5745
-5230
-5899
-7224
-9662
-9795
-10390
-10684
-9239
-12892
-13389
-14869
-16910
-14839
-15957
-18079
-17745
-18535
-16821
-17163
-17753
-13984
-15721
-14953
-10793
-6230
-1017
2132
3
3583
10592
9217
10610
12919
11425
12451
14152
14755
14660
14624
14054
13986
13115
11315
10195
9120
9397
4123
2005
3589
1800
684
-1353
-1771
-2579
-4591
-4672
-6807
-6367
-7475
-9714
-9866
-13305
-13050
-9797
-13890
-17448
-13531
14686
16453
16568
16164
15636
16206
14674
13321
10277
10974
6843
5798
7913
6067
5360
3847
3470
3744
1069
-427
-2618
-4417
-4391
-6891
-6176
-6614
-8919
-8298
-8219
-10232
-10788
-12103
-12405
-12394
-13930
-13119
-11441
-12988
-13089
-12357
-7091
-7203
-11157
-3212
-2544
-952
-649
-1309
1954
4171
9703
12107
10304
10884
11578
10895
14603
11870
15388
16457
12204
13414
13402
12312
8805
8963
8113
6565
4430
5405
4167
791
1293
-2057
-854
-206
-3534
-3807
-4120
-6014
-6186
-7645
-8410
-9277
-10631
-8711
-11439
-12090
-7948
-7983
-7681
-9971
-2569
-2254
-12643
-1249
1619
-5587
-5129
-7177
-4965
-4871
176
2737
-785
-1746
2757
5506
8044
8904
7052
8535
9430
9032
9917
12937
11173
12102
12062
9029
10084
7506
7842
6403
1712
4304
4282
2694
3109
1397
-372
-204
489
69
-1028
-2743
-3955
-4462
-5841
-7435
-6576
-5981
-6716
-7658
-7085
-6733
-4552
-7462
-7456
55
-2822
-2956
-4047
-3638
-2057
-1104
323
-1095
-2177
-3307
-1643
358
-2477
-2535
2467
3587
5794
5449
6274
4941
2533
7672
7889
5815
4259
7709
8684
5153
5515
4318
4472
4627
4162
3534
4213
4394
3735
3073
2149
331
115
224
-1231
-790
39
-1477
-4211
-2039
4423
-3785
437
8430
468
2022
2625
2102
-1779
609
3916
147
-2979
-3569
-125
-3252
-4953
-6268
-6295
-5552
-3324
-714
-6328
-6308
-5093
-2906
2499
1028
686
-1564
684
5543
7118
7388
4779
6520
7532
6788
5011
5786
7163
4718
2021
2980
3451
2341
1055
-694
-2064
-2665
-2879
-2981
-3866
-412
180
-6306
2607
4810
-348
3258
3421
2704
564
3188
2977
1908
432
403
-723
-3223
-2447
-4628
-3924
-5953
-6468
-6635
-9238
-11173
-8883
-4524
-7535
-4925
-1833
-1139
1798
3266
1543
3914
4410
3919
8682
9416
8535
10259
8078
5765
5834
3771
4892
1451
1542
2957
3950
3381
2663
6682
7216
-676
6374
11521
3591
7602
6408
3014
4140
6260
7005
4332
5335
2088
-1410
-25
1322
-1575
-3244
-3569
-2972
-6774
-8978
-6005
-8722
-9290
-9605
-9684
-11571
-8788
-4537
-5816
-8895
-5893
-1944
561
1245
-2015
771
1296
2897
5414
5822
4868
3707
5857
6370
6423
5062
4751
4823
3456
2419
9338
5247
3313
11538
10225
7090
9303
7730
3834
7142
7809
6254
4636
5105
4360
4015
1901
-45
-1069
-4206
-3748
-4003
-5186
-6090
-9442
-8042
-7023
-7820
-7988
-9689
-8313
-8373
-8676
-9781
-10804
-6314
-6012
-6106
-2582
-1498
-1964
791
2270
109
-703
2115
3999
4417
4903
5137
4146
6677
13770
8116
5776
14838
11945
9509
11569
11333
7361
8015
10358
7948
7535
6069
5774
3552
4422
1759
3069
2158
25
-336
42
119
-6330
-4120
-1616
-3261
-6751
-4910
-1393
-4090
-11183
-7943
-3343
-7349
-8846
-8560
-9904
-10450
-8908
-6431
-8902
-10200
-7640
-4519
-4290
-1992
-3015
-4168
1833
1340
4708
7191
10213
8233
6704
15406
14807
11310
12872
9667
5475
13025
11579
9986
9658
7244
6987
7427
8481
5703
5277
4123
3458
3517
5190
350
-1198
1248
1221
1481
-873
-1433
-690
-1516
-3604
-5492
-6707
-6255
-7422
-8773
-8707
-9119
-8141
-10043
-11383
-13226
-10565
-9905
-9524
-10362
-8860
-5041
-3606
952
3165
1036
2498
12329
11856
10369
10927
12524
14520
12933
13279
12846
12242
9991
10363
10278
9337
9600
7957
6477
8009
7890
7717
5287
2566
6328
4217
2220
3529
1935
1547
443
2625
364
-2041
-2813
-2020
-3466
-7778
-4176
-4844
-9758
-12749
-10428
-11090
-14345
-15574
-16033
-16576
-16375
-11802
-11166
-16184
-10442
-3482
-8742
780
5401
4218
3066
4134
10122
7280
12253
14588
13148
12514
12309
13269
11801
11871
11541
11732
10511
10974
11653
10254
5280
5844
8378
7322
5661
3797
3715
3268
3406
1560
698
-2791
-1458
-4783
-4438
-6143
-7392
-8337
-11047
-10491
-11767
-12050
-12365
-14296
-14734
-14953
-15116
-15186
-11788
-10735
-13490
-8651
-5063
-6069
300
-987
1508
6411
5098
8393
5351
8080
12272
10949
11896
13130
14178
14822
14948
14806
12967
12809
10217
7779
9579
8379
7521
6881
7976
7831
5757
6465
4436
4528
2125
1203
1263
-1707
-974
-3656
-3633
-2366
-7200
-7642
-8483
-10081
-12948
-13239
-9671
-13093
-17073
-15377
-7772
-8299
-15853
-9708
-6977
-6421
-7675
-8733
-6916
-6622
-619
1640
5342
9239
6768
7105
11157
13713
14313
15100
15560
17373
17183
16414
12161
13089
13307
12103
11506
9246
11032
8455
6725
6267
5444
4168
3842
2771
1372
461
-1013
-2595
-2489
-4026
-6765
-6938
-8958
-8747
-9506
-9659
-11320
-12583
-9713
-7783
-10227
-8328
-3892
-5085
-5488
-6219
-5453
-4481
-4533
-6691
-3086
-1461
-2612
715
3897
6137
7869
9102
10519
12693
11878
13000
10528
9713
13161
12137
11315
9598
9387
8913
7226
7241
5197
5370
3508
2617
707
-1098
-804
-515
-426
-2761
-3937
-5766
-7941
-6692
-9394
-9394
-8890
-12985
-7778
-10196
-10094
-4439
-9336
-7101
-4482
-2123
-2246
-6093
-4612
-685
-3473
-2541
-3612
-3317
-5591
-4662
3463
795
-688
1857
5410
5837
10422
9500
4229
8003
10546
11919
10824
12173
13246
11716
10265
9927
8098
7170
6386
4936
4287
3142
2419
208
-1404
-2588
-4772
-4338
-5556
-8137
-8568
-8626
-8402
-8704
-5826
-2134
-6579
-6451
-82
-1460
-1950
-2511
-1135
32
-673
921
-993
73
-91
-1352
-1082
-1992
-2709
-4899
-4029
-1959
-1415
-1439
-2329
-1409
2080
2060
3810
3790
5093
5638
1466
7354
6830
6897
9067
6494
6414
3880
4215
2997
1676
-623
-1728
-3491
-6035
-4983
-5766
-6309
-6207
-5716
-6371
-4789
-4324
1339
-3746
-4896
5839
4077
1591
3549
6760
2009
4035
5748
4436
2704
3089
5927
1706
-194
758
3681
1767
-1619
-4059
-2277
-5574
-5006
-1525
-4941
-2150
-2103
689
3286
2876
1168
2747
2586
484
4597
4646
5169
4699
3806
1878
667
-1091
-2820
-3094
-5796
-5049
-5157
-3278
-5885
-2841
3766
-2437
-1148
6314
7381
2706
2785
7453
4814
9459
9179
7509
6300
6567
7844
6976
5245
5035
3920
3951
2705
1635
751
-549
-4612
-7179
-6866
-6733
-7590
-9264
-5895
-8666
-8207
-4184
-4635
-2607
84
-3288
-3152
-2408
-3125
-3398
-3047
47
-1181
-1009
-239
-562
-762
128
-31
-299
-872
2269
6384
1720
4626
9463
9981
6554
8128
10263
8036
11046
10128
10613
10126
9463
8490
6219
8885
5491
4173
4644
5540
3236
535
1860
-2854
-6215
-6677
-3093
-5457
-11001
-12245
-10237
-10011
-10676
-6224
-10988
-12769
-7111
-6783
-5833
-3448
-5179
-6321
-5575
-4398
-3009
-3516
-700
-1934
-448
898
5432
12492
6487
5005
11775
11975
10397
11039
12841
13018
12361
13531
13212
10033
10291
10552
9759
8784
7918
8196
6991
6944
5935
4831
5263
792
-2762
-972
-2867
-3974
-5076
-6931
-6424
-8490
-9607
-13450
-10508
-10620
-16662
-15251
-15557
-14556
-15690
-11784
-11081
-9069
-7526
-5850
-4801
-6027
-1084
665
1087
3472
4833
10358
7947
6498
18611
15802
11080
13910
14490
15166
13056
12602
13268
13012
13060
11734
10486
10354
10892
10105
8894
8054
5938
4496
4593
-921
-140
2163
-1532
-3495
-3300
-4513
-9565
-7112
-6486
-9119
-13766
-14312
-11227
-12437
-13266
-15293
-14753
-13801
-12212
-13376
-16859
-11119
-8636
-7663
-2884
-3527
-4085
3544
4344
2256
12699
14455
9759
11489
13767
13795
13811
13350
13138
11900
11406
11791
10872
11108
9601
9412
8699
6239
6461
7148
6118
1723
-508
181
140
-764
-3744
-3805
-4718
-5115
-4836
-6994
-7948
-9069
-8947
-9426
-9765
-10683
-11661
-12517
-13238
-11600
-13203
-14572
-13964
-14257
-12412
-12490
-11437
-7059
-3227
2279
107
-1296
9010
9174
8267
12353
12031
13233
13161
13803
12459
13452
13871
13454
12921
11376
11114
9170
9943
8202
7039
5101
2762
2112
875
1360
165
-1462
-3538
-1660
-3840
-5588
-4239
-5120
-3196
-6642
-6968
-6591
-7533
-7312
-9567
-9184
-9743
-15107
-15473
-11403
-11755
-13848
-11477
-14394
-12389
-4422
-6986
-8348
-3023
3099
2336
3600
7174
5598
3610
10112
12674
11323
13519
11313
11578
12039
9458
10595
10250
8641
8775
7618
3501
2228
3826
2596
689
-773
631
-726
-1353
-955
-1600
-3212
-1812
-1066
-3657
-1899
-2521
-4325
-4707
-5457
-6860
-7357
-7044
-9222
-10053
-10915
-10754
-10104
-10232
-11258
-10262
-5206
-9727
-8462
-3845
-2616
-1419
-6067
-1038
3731
3898
7549
6976
4756
5620
8364
10882
10924
9910
9314
9284
6970
8379
7076
3604
6482
6379
5549
4132
4406
4011
1138
2306
3194
2075
1974
2288
1353
1050
1021
351
-1
215
-1458
-3690
-3162
-5642
-8406
-6449
-5902
-6403
-9711
-6729
428
-8124
-5974
804
-2934
-3841
-5293
-3223
-4361
-3544
1942
-1821
-3574
-244
2499
5596
6013
5483
2317
2834
5630
8626
7933
4074
5047
5372
4555
4925
4176
3803
6438
3959
4195
5838
4137
4044
4644
2174
96
3009
1225
-200
-1191
-2800
-2856
-3610
-4334
-5762
-6164
-5886
-4484
-5155
-7188
-667
-5627
-8322
1343
-298
-2612
-2493
-4323
-4875
-5956
-5539
-4706
-5645
-5988
-4879
-2906
-6628
-3859
-1875
-244
535
2676
1114
-2950
3940
4813
3529
3452
5058
7220
7964
9393
7951
8437
5277
6267
5245
6529
3940
3265
3074
1768
1036
-280
-1876
-2871
-4419
-4440
-4627
-1963
-3503
-4380
2844
-3149
-1849
4728
536
-360
-315
-81
-2996
-2543
-919
-3979
-4858
-1929
-3302
-7347
-8356
-7172
-7786
-6936
-1700
-4808
-8720
-6619
-3189
912
4271
907
-371
5224
6222
8917
10426
6990
7576
9548
8715
9067
7668
6025
5144
3958
4512
3478
3525
2699
188
-849
-933
-1504
-2092
-1300
-3060
2078
1367
-4247
3985
5510
1239
2023
1970
-338
-3483
-912
1595
-3011
-1651
-1247
-3545
-4595
-3787
-4616
-8425
-7950
-7351
-8041
-12103
-7678
-4859
-8517
-6750
-3137
-1522
-2414
1534
2834
269
3201
4717
4672
4873
4625
5781
5770
5333
3520
2742
552
976
606
-1368
-278
-249
-666
-2850
4132
832
-3003
7348
4125
3118
3345
2768
2895
1149
3947
2783
4362
661
-2590
734
1970
-1145
-3999
-1205
-1936
-3547
-6971
-6942
-3995
-7445
-8467
-8282
-9088
-6428
-2657
-3134
-5348
-3208
191
2356
3271
2839
2102
2170
2870
4687
4923
6327
5913
5437
4252
1315
2620
-557
147
1488
-151
4773
6249
290
3822
9134
5339
7194
7081
3320
3936
4402
3781
5392
5731
2445
2373
1428
-1128
897
1191
-1325
-88
1240
-3272
-3250
-2101
-4213
-4259
-6103
-6708
-7334
-7237
-7809
-9874
-6635
-7419
-9613
-6018
-3412
-2435
-1489
-1743
-1280
494
-2616
-815
-2610
-1859
-285
-22
6741
365
6408
7744
379
7901
12251
8685
9332
7545
6200
5683
7483
10546
7778
7055
6085
5628
3767
4043
3331
3873
4412
1847
3076
-1645
-2328
-941
1004
-2147
-3952
-2871
-2593
-6093
-8100
-5474
-7670
-10164
-12417
-11083
-11674
-9119
-7265
-10549
-10654
-7587
-6281
-6630
-4139
-5695
-7532
-6441
-4921
-3198
-1659
354
5703
4058
266
10141
8853
4514
7217
6391
6098
7202
10511
7849
7729
8244
8176
8366
6841
10140
9453
6135
5891
6269
4573
2363
2984
3854
2009
1437
2456
-17
-1112
-1737
-3265
-4463
-5740
-5670
-8325
-9697
-11133
-11935
-12757
-14366
-14430
-11485
-15325
-17468
-10747
-10851
-9034
-4986
-9093
-3704
3059
-3360
-1067
6064
8526
5061
10566
11774
6111
8934
11132
12554
12384
11659
10893
10503
12078
13374
12287
10939
10871
12843
8861
7425
9406
8139
7956
5425
4867
3119
3216
4143
635
-44
-425
-83
-4286
-5833
-2926
-6377
-10591
-11415
-10036
-13341
-16409
-17141
-17575
-18340
-16194
-14093
-16040
-14318
-12609
-5516
-2351
-7880
-4732
4209
2513
2935
5371
6337
9810
8348
12909
14111
11475
12310
14352
13327
13809
12050
13291
13243
13199
13059
8980
10866
11466
9742
8055
7057
5580
5160
3858
2276
2350
1102
-426
-2174
-1901
-2919
-3979
-7043
-8886
-9001
-9801
-11475
-14797
-15989
-17709
-16789
-16285
-16668
-18295
-13953
-12946
-18994
-7207
-4122
-6025
1879
1442
379
6291
7039
10623
10536
10687
15391
13718
15825
16070
15268
15972
15248
17081
14005
9852
12201
12764
11401
9520
8685
9294
7881
6962
6152
5320
3817
3058
1014
-2397
-378
-2252
-2828
-2758
-7274
-7893
-7255
-8970
-13756
-14583
-11295
-14372
-19283
-17348
-14904
-13765
-11564
-17545
-14770
-6354
-4872
-3614
-7323
-3857
-896
4189
7722
6824
6985
7186
11754
11653
12774
14261
12685
14006
13302
16746
13262
10995
13725
12621
11008
10136
11889
10495
8373
8000
6707
5497
4847
2703
1080
-548
-732
-3469
-3178
-2907
-4590
-5910
-8760
-7929
-10762
-12746
-13707
-12294
-13627
-9642
-6201
-13190
-10719
-3179
-5847
-7304
-7443
-10568
-7527
-4558
-1428
-3915
-3218
1361
3869
8140
7146
8980
8150
9763
12316
12455
10949
10430
11928
12623
12670
11090
11096
10441
9305
9453
7651
7500
6519
4150
4591
2483
2149
1251
435
-1482
-1922
-4777
-5636
-5803
-9534
-8306
-10818
-8902
-9010
-11580
-10823
-4424
-5678
-11979
-2957
1489
-3539
-7083
-4819
-1411
-3382
-4466
-1430
-2549
-2726
1874
-81
-1410
685
2426
4954
7105
8174
6101
2932
6537
9823
9755
10371
8802
10420
8805
7696
6887
5426
4081
2838
1846
1962
2360
1401
-908
-2047
-1613
-4450
-4569
-5868
-6485
-9900
-10164
-8496
-9670
-8568
-2816
-1268
-6062
-1017
1326
-1307
-676
-943
-1927
-117
1065
963
-166
-1844
-3941
-3599
-3574
-3662
-4498
-3471
-2864
-5982
501
-948
579
4313
4473
5352
1641
3896
4488
6689
6374
5880
6761
6083
5744
5354
3995
2702
2746
-299
1399
137
-242
324
-2141
-3909
-3950
-3982
-4316
-4101
-4615
-960
4966
803
-2731
7360
4374
6514
6519
2556
4762
4726
5627
3087
5251
4769
163
-3890
-508
-1327
-4274
-6970
-6137
-5429
-7511
-5986
-7622
-6226
-5073
-2788
-711
708
-1752
-1802
-1232
-629
1630
1508
3446
2400
1358
1068
803
239
-1647
-1426
-2928
-4097
-2896
-3569
-2736
-2754
1116
2721
7517
3951
-750
9264
11772
6771
5167
8091
8040
9606
10422
7440
6752
5473
6728
4491
3074
2581
1840
702
-3512
-3830
-9576
-9480
-8610
-7510
-9772
-11599
-8055
-10426
-9883
-8542
-4250
-3166
-1481
-1890
-2402
58
-1807
937
702
2967
2834
2661
4070
2113
2534
1553
1502
2615
2445
3626
3845
2211
8907
7599
5770
12189
9482
7435
9740
11221
9023
8680
9515
11696
9602
9097
8950
4358
3402
2852
3463
-1154
-1484
-1087
-6337
-11022
-9568
-7772
-10317
-14332
-11816
-11665
-11763
-8707
-9796
-14026
-13106
-5893
-5482
-2629
-5188
-5393
-2001
-2115
788
2255
4470
5477
4030
4630
4358
4964
3657
3594
13405
4932
4433
12725
12019
9969
8522
12564
8940
10378
11227
10887
9413
8286
8391
8220
7659
6211
5554
4487
2615
1738
-3044
-2928
-1587
-5024
-5163
-5742
-7057
-8304
-10415
-13684
-13987
-14252
-11928
-14263
-13839
-13521
-14625
-10425
-8239
-6397
-3451
-5949
-4456
1338
-538
1664
2872
4250
4556
4528
3505
6270
12294
8534
8577
14142
13800
10661
10826
13392
11068
11642
12534
9772
9798
9088
7706
6545
6260
5338
4949
4757
4323
1106
215
1327
-1918
-2954
-3226
-6297
-8171
-7516
-7090
-9349
-13956
-11366
-12037
-14362
-14967
-16146
-17278
-14479
-13131
-14395
-10407
-10737
-7716
-4487
-3465
-5290
-2916
-2559
825
7071
12174
9701
4721
15977
17803
11920
13122
19310
16580
15239
16799
14380
14599
12806
13656
10790
9700
10756
10168
7722
7281
5336
2366
3460
2046
1192
-1874
-1644
-2613
-3950
-4420
-6782
-7413
-8482
-8425
-8285
-8086
-10329
-11493
-12106
-11789
-12251
-13240
-12443
-14626
-12294
-12668
-11509
-8589
-7158
-6115
-3630
-3293
-1525
7342
458
3777
14700
14780
11320
11814
13672
12106
13133
14157
14275
12960
11899
10715
10341
9581
11228
8857
8592
8915
6853
3125
3299
3893
3360
2490
863
1094
-772
-1637
-624
-1746
-3212
-3708
-4574
-6704
-6676
-4543
-5625
-9798
-11529
-8529
-8958
-12512
-13151
-14367
-15463
-11667
-9754
-12420
-7969
-1801
-2649
1771
7685
4934
7803
8400
4852
10909
11299
14295
14746
13514
12679
13083
12630
11030
12884
10367
10431
10205
9340
4111
1701
5110
4573
4980
3727
3180
3122
2384
1142
139
-25
-1505
-491
-1506
-2621
-1243
-4095
-3616
-3759
-5894
-6280
-9180
-10455
-11032
-12327
-13752
-14718
-14598
-13145
-14900
-12802
-5381
-10549
-9848
-410
969
3362
3476
3069
5694
7956
9046
8485
9966
12113
14125
11659
10368
11645
8095
7727
9087
8484
7214
6337
9344
6654
5235
7745
7900
6173
6079
4856
5027
4982
3138
2937
1264
2440
1512
956
350
-2747
-3485
-5348
-5547
-8861
-10350
-9324
-10584
-13104
-13235
-10209
-8826
-9509
-12419
-8309
-7019
-5600
-4507
-8465
-4107
-3261
500
4803
5684
1971
4539
6765
6429
7772
9862
13242
11050
12111
10041
6680
9471
9947
8169
7108
8295
10349
5872
5595
7920
6951
6849
8418
7484
4978
4206
2783
2176
596
-147
-2406
-3357
-4236
-6536
-6227
-7718
-10515
-10524
-10613
-12052
-9888
-6510
-8743
-12809
-9543
-6840
-9162
-8231
-11153
-8900
-6040
-5832
-2781
-451
836
732
5563
3160
3013
6256
6821
5858
11042
9929
7952
13166
10672
11002
10246
10938
9247
8342
7766
9526
9454
7205
7555
6667
7132
6915
4977
3942
1916
405
-1124
-2125
-3388
-3354
-6784
-6821
-5831
-8221
-9162
-5591
-3720
-10234
-7757
-2274
-5395
-9835
-8641
-7828
-6752
-7874
-8757
-7227
-6047
-3543
-4744
-7765
-6694
-2643
553
4214
2512
1952
2611
5483
8557
11464
13452
13471
14569
14616
12774
13187
12845
11200
10428
9096
8216
7338
8063
5800
5519
5354
4893
2848
480
-1266
-4332
-1824
-5762
-5290
-5949
-5805
-5655
-5869
-1288
-5736
-4887
-2044
-3435
-4078
-5835
-5581
-2609
-6088
-5505
-5336
-5538
-5468
-5876
-6086
-5457
-4063
-5025
-2342
54
3238
1181
2002
4384
5273
4480
6861
8311
8664
15533
14811
14374
12814
11700
10906
9931
9788
8767
5860
4417
4488
3324
2527
1287
1569
7
-2009
-2639
-2686
-5719
-3183
2236
-3399
-2864
-1495
538
-1203
-1853
-415
-2065
-1432
-7357
-5238
-2124
-4765
-8567
-6207
-4496
-4822
-7309
-5466
-7166
-5133
-3255
-6447
-4075
-2816
1357
1667
5474
5870
3323
3487
6232
8330
10735
13152
11890
11631
10519
9951
7668
6683
5547
3980
699
81
689
634
-143
-2039
-936
-1923
-985
-2625
1129
-992
-5389
3225
700
-649
-11
1606
1448
-515
2117
828
1790
1246
586
-752
-1095
-1568
-3006
-3556
-4361
-2649
-6136
-9413
-7597
-4752
-5211
-6721
-4400
-1546
644
560
2042
2760
1517
1055
4345
6477
6080
6055
5455
4584
2239
2043
-479
145
-722
-454
-1056
265
-280
-1011
4093
2398
1681
2603
6367
2469
3163
7013
3895
4961
4577
4859
4066
7877
5813
4609
4904
4722
2738
108
2633
1492
-2998
-8684
-4289
-2426
-5844
-7706
-7600
-7010
-7056
-4058
-5016
-8350
-5958
-3874
-1451
-1816
-2197
-1977
-1191
361
2629
5913
5162
4357
4198
2128
2631
2698
91
-321
-3709
349
6243
2306
3565
5523
8539
6613
6230
10917
7851
9080
9267
7727
7651
8315
9902
9621
7780
6246
7033
4715
2169
1602
968
-3510
-6410
-4903
-5097
-5049
-5990
-7342
-9518
-9591
-10647
-12000
-9959
-10657
-11557
-9358
-6424
-5914
-5554
-4996
-4865
-4443
-3318
-3682
-153
1481
424
2398
3197
9
7674
9080
2725
7122
11985
10493
6981
8587
11171
10101
11578
10648
9932
11051
10859
11249
9320
8282
8828
7593
7240
5483
5930
2759
-2709
-910
1058
-4412
-6260
-4735
-5224
-10303
-12459
-8530
-10649
-13822
-14477
-13104
-15889
-11913
-10045
-12339
-15181
-11542
-6386
-10242
-6610
-7091
-6999
-4571
-3217
-1618
542
1550
8800
10970
4882
10114
13688
10968
9263
11081
14525
14339
15300
15660
11968
14279
13938
12085
11755
10164
9778
7925
7692
5360
5499
3582
-2449
-768
-1038
-2444
-3696
-6086
-6366
-8961
-9958
-11469
-12315
-13288
-14846
-13880
-16475
-17009
-15847
-20249
-20902
-15253
-17374
-18533
-16557
-12662
-9435
-8592
-6145
-6498
-2691
2476
3648
4039
12681
15148
12703
14851
16918
13625
12570
16511
15924
15658
14631
16356
15595
14913
14522
12917
11399
10490
9430
7984
6483
1052
3302
2860
-355
-2695
-2825
-1594
-5641
-6625
-6069
-6896
-11348
-11395
-10001
-10524
-17872
-17876
-12036
-16127
-19466
-18906
-17904
-18050
-13837
-12647
-14544
-13760
-8893
-5556
455
3203
1244
4092
10517
12788
11586
14836
17345
20380
19443
18674
16303
14650
16379
16759
16863
16636
16679
14505
12849
11956
10016
9534
6064
2322
3070
2180
-20
-1636
-1991
-3408
-4409
-2833
-3832
-6267
-8206
-7555
-9845
-11236
-12224
-13443
-12568
-12420
-15841
-16098
-15020
-17015
-14438
-14430
-13631
-12445
-10684
-5638
-5196
-4098
215
4771
2830
6463
8910
9780
12065
14470
15142
15111
16284
18055
17875
14369
14205
15314
14317
14122
13595
11426
9586
4968
5205
5637
4931
2519
2218
2042
-970
-999
-3995
-3373
-4266
-6056
-8370
-7773
-6996
-10654
-10573
-10008
-12104
-14168
-11634
-9696
-14166
-17131
-14566
-11810
-13219
-15903
-10152
-6829
-9063
-6142
-1821
-201
-1862
2661
8425
8630
9732
8659
11273
12907
13767
16855
16878
17870
18652
15332
12578
12208
10610
11418
8130
3955
5727
5895
5025
2263
1777
2133
-399
-273
-1545
-3957
-4331
-4609
-6014
-7067
-7294
-6940
-8148
-9371
-9808
-11244
-8942
-10245
-9030
-9864
-11523
-9214
-11080
-6538
-7750
-12020
-4872
-2561
-3688
-6933
-2696
691
-1169
2874
4924
5116
7424
9756
10892
11496
11859
14221
14265
11140
11620
12176
9700
6942
7585
7663
8397
7323
5954
4687
4608
2975
1959
3253
2190
764
631
1246
-538
271
-782
-2166
-2715
-4726
-4495
-5540
-5198
-8147
-9313
-7755
-8090
-8887
-9803
-3229
-4879
-11044
-4748
-551
-2381
-6853
-3615
-2228
-5083
48
1612
-1645
57
3848
5279
9303
8801
7807
8885
8063
10367
10687
9935
8702
7493
8611
7352
7488
5898
5520
5295
2978
2832
4895
4577
3841
3652
3781
3343
2309
2076
-365
380
-723
-1839
-2261
-3366
-4737
-5758
-5612
-7495
-1580
-4164
-6955
-1210
2064
-812
-3667
-2942
-1912
-2552
-2928
-3269
-4743
-3844
-4201
-3033
-3307
-4675
-2604
2548
2003
4545
5129
3025
3331
1207
5235
8775
2842
4669
7941
5145
7605
8008
6175
6417
8745
8489
7238
5623
4302
4383
3905
3934
2701
2190
272
9
-898
-2254
-3964
-3509
-4240
-4233
345
-1176
-4613
-723
1153
412
-2470
-2418
74
-164
-2364
-5853
-2566
-3208
-3805
-7204
-6355
-5642
-7023
-1260
-4076
-5128
-2902
-186
-1324
131
1186
-753
2990
5265
9918
6549
5344
9625
9608
10917
9586
6424
6543
7446
4733
4423
2491
3177
3009
-311
-566
-1214
-745
-2529
-2471
-4734
728
1089
-5363
2203
2161
44
-816
-1262
-997
-3016
-901
-408
-2656
-4124
-3889
-4087
-4314
-5318
-6704
-8189
-8308
-8184
-7922
-10106
-10972
-9934
-7976
-4330
-2815
-2722
2067
7143
1641
6673
8260
7719
9806
4764
4290
9210
14078
10942
8574
6939
6813
7416
5134
3052
1933
1851
780
799
664
-1071
4725
1991
-1988
5778
4150
2638
1810
337
583
816
4477
1305
-1273
-785
383
-2240
-5370
-2385
-2319
-8947
-9119
-5156
-7649
-9011
-13244
-12873
-11281
-4636
-1993
-7924
-4772
-1493
-2753
1692
4198
-1131
2292
6080
7027
8689
5563
5839
7597
8733
10103
8065
6297
4817
2861
2154
2557
875
6065
10060
999
5250
9132
7038
6800
3446
3408
5527
5543
3920
2767
1571
-467
-177
276
-442
-897
-1496
-4295
-5793
-5941
-7139
-11955
-8426
-5700
-8484
-8010
-7545
-5571
-8352
-7900
-4283
-6652
-3643
-1236
-1516
1416
1712
3580
4511
4428
6705
4407
5048
4673
3736
5447
5997
6288
5324
3220
2998
10384
5667
3336
10522
7936
6857
7471
6780
7808
7088
4314
6289
3419
3426
4415
2154
2880
730
3849
-245
-518
-1181
2105
2917
-9162
-5852
-1626
-5358
-9976
-5774
-5097
-8319
-9506
-8325
-9129
-9415
-5519
-7399
-8919
-7774
-2581
-1812
-3253
309
613
1142
2199
1190
2258
3732
2229
4689
11201
5564
4808
8972
8201
5850
2278
7767
7308
5856
6556
8399
6125
3630
5876
4353
3561
1877
1680
755
4135
3973
3130
-304
-4746
-2496
-2008
-1215
-3972
-6541
-5512
-6656
-6373
-7053
-8488
-9179
-9589
-10013
-10642
-10081
-11826
-9469
-9598
-12181
-9433
-5201
-4023
-3649
-4416
-3129
-1626
-829
-1801
2328
10036
6644
6089
10282
14324
8881
7643
11728
11037
10720
10704
11155
8770
9028
8557
8671
8427
9383
10471
8917
6962
6331
7648
600
2108
2742
1787
2362
-1804
-1107
-1461
-2208
-6938
-6841
-5255
-6852
-11983
-12398
-10833
-11703
-14814
-16050
-14839
-15780
-12483
-11829
-13513
-15440
-12195
-6402
-4255
-319
1461
-3000
1411
4852
8193
6821
4991
13046
7156
10456
15334
12293
10422
8794
9717
10051
13946
14518
9818
9531
10046
10024
11100
5167
3363
4137
3467
2641
1562
552
-277
-1325
-2111
-3021
-4117
-4494
-5621
-6085
-8456
-8756
-10092
-11579
-13494
-15486
-15526
-17792
-16320
-17392
-18379
-16247
-14518
-15167
-15188
-8539
-5349
-4017
-2100
-98
4099
2798
4493
11254
12877
13480
13849
13699
14840
18730
16409
14121
14996
13946
15142
13959
13412
12820
9618
7512
7623
8167
6222
3350
4476
2017
750
406
-1796
-2340
-4427
-3042
-5656
-8409
-8792
-9665
-10311
-12262
-8670
-10485
-17089
-19038
-16947
-15304
-21158
-19858
-19093
-18203
-11058
-9996
-10153
-8270
-3338
98
2186
3946
5172
4268
8284
15119
15042
15259
15646
16038
17388
18616
18371
17095
16016
15566
12225
10904
13522
13038
10061
8313
8463
6967
6305
5415
3078
1471
1
-718
-592
-2538
-3784
-5509
-5840
-6927
-8956
-9669
-11505
-12115
-13525
-15213
-15646
-17086
-17500
-16653
-18285
-14883
-10030
-12982
-13702
-6140
-4762
-5349
-7458
1040
8226
3642
8054
10379
9947
9744
13564
16550
17117
16354
15185
14030
16059
15210
10033
10005
10724
12996
11836
10787
10532
8778
6638
6269
2052
-166
-1014
-2827
-3820
-5234
-6520
-7050
-9759
-8073
-11854
-11045
-13901
-14636
-15088
-14671
-14750
-19345
-16831
-14856
-10162
-16975
-17606
-10394
-8830
-15007
-11774
-6735
-8258
-2801
-2559
-3362
-884
1864
2128
7609
7018
5010
6867
7911
13677
14831
10802
11447
9442
12147
11995
9163
9744
6976
5662
4567
4919
3339
2229
1296
46
-977
-2306
-3658
-4882
-7955
-8763
-11774
-12767
-11177
-12589
-11648
-14709
-13690
-14100
-14511
-13458
-11363
-6980
-12750
-11093
-3608
-4411
-7189
-6312
-3144
-4283
-2536
-762
-4820
-1140
-2488
-4813
-373
-970
2383
9071
7438
7384
7148
4495
10763
11435
11401
10565
5977
10938
9666
6573
7093
4779
2664
3244
1877
1401
731
-4483
-5578
-7230
-8899
-9510
-10560
-13245
-12204
-12572
-13482
-13383
-12686
-13491
-12404
-5834
-8597
-10466
-5058
-3023
-5872
-8350
-3887
-3348
-6428
-5010
-2863
-3715
-7005
-6681
-6075
-6190
-4548
-928
-4042
-7591
-2427
-940
2439
5503
240
538
2612
5943
6501
5345
6367
3164
5106
3856
4553
2620
235
150
-4099
-2352
-4103
-4304
-5612
-8000
-7807
-8874
-8348
-7861
-9979
-11443
-8473
-7741
-4621
-4844
-8712
-3187
-524
-1763
-1666
-2222
-346
-1487
342
985
-583
-1095
-2264
-2710
-4596
-3827
-4929
-4189
-5412
-5976
-4388
-10332
-11299
-4783
-3230
-3234
1110
-221
-2501
238
336
2644
2681
2080
813
-2499
-844
-204
-1192
-2648
-3214
-5108
-4980
-5886
-6548
-6424
-5533
-6150
-5753
-8236
-5428
2323
-5676
-2266
3764
2610
2030
-182
-533
2655
4185
2328
2034
3189
2593
-1154
-175
2236
-542
-5850
-5226
-1795
-6633
-11794
-8428
-7846
-8252
-7506
-7919
-11524
-8958
-4368
-4836
-392
-112
-3997
-3524
-1044
-842
2162
2436
-945
510
-82
-658
-269
-1350
-596
-1897
-1662
-2988
-2250
-658
-4243
-874
2563
-1817
-113
4755
3113
4609
1258
3553
4134
2021
4831
2509
2572
404
1185
437
-1320
-1734
-1896
-2692
-3279
-6910
-11594
-9891
-10912
-11807
-11469
-13736
-14497
-15283
-17605
-15955
-12845
-11039
-10696
-5077
-2426
-2893
-2000
-2790
-3235
-2102
1554
-911
-1911
-1258
-2549
-395
80
85
-1289
-66
5239
1922
-1558
3347
5303
4013
3321
3231
4456
2888
4913
4470
3401
2507
422
411
-1795
1012
-406
-3199
-3033
-3194
-8216
-10784
-5959
-5524
-11338
-14551
-11749
-12671
-11864
-14144
-15127
-13583
-15035
-10842
-9893
-12077
-9455
-6067
-2850
291
-529
-3150
-3171
-595
3317
4733
3918
2193
2893
6333
4522
5355
8088
3714
4026
9270
9859
9012
6314
6453
6204
5525
8625
7670
6721
3543
1579
839
228
-840
-2775
-803
-740
-1053
-6398
-7697
-6139
-7427
-8182
-8370
-9775
-11061
-11438
-12506
-14547
-14467
-13797
-12436
-13809
-15737
-12323
-11302
-13600
-7720
-8265
-9620
-3535
-3987
-3977
-4595
-3641
820
2364
2233
6987
6931
3967
11860
10008
10155
9204
7577
11464
8300
10891
9793
8164
8007
6083
6305
4268
4635
2897
3256
105
-610
-3022
-5954
-3581
-4149
-2922
-8001
-7283
-6982
-7804
-9276
-11600
-8708
-9089
-12267
-14178
-10791
-11466
-13049
-13271
-14495
-13561
-12952
-9594
-12037
-14156
-8830
-7908
-4901
-3461
-5516
-5359
-4323
4572
5213
3081
9916
7840
10223
10437
6630
8651
8690
9896
10526
9540
9791
7964
6125
6040
5938
5835
3478
3287
4502
-3055
-3878
-2645
-3055
-3439
-4371
-3332
-4543
-4480
-5239
-4227
-5233
-5340
-4888
-6853
-6227
-7789
-8457
-9700
-11727
-11763
-12400
-14281
-14410
-14530
-14761
-16440
-16584
-9541
-8946
-3146
1460
-1576
172
4586
6009
9144
10115
9272
8559
11969
13601
10643
10858
8077
8108
7332
7929
5627
3931
5529
3104
2238
-1548
-296
735
-727
-1237
-2726
-2326
-2322
-3003
-1989
-4161
-3843
-2841
-4964
-5247
-4786
-4374
-8664
-8199
-7945
-10140
-13486
-14528
-11640
-14019
-18993
-18700
-16844
-16468
-13074
-11649
-12770
-6771
-7138
-5049
3882
1209
871
42
3594
4418
10382
10148
5699
12798
9046
8823
9044
7226
5733
5560
4158
3868
2104
-1040
861
1320
1585
1582
1218
2431
328
146
537
-1909
102
-475
-1101
-649
-3261
-3362
-4146
-5548
-6400
-7161
-9860
-11094
-12280
-12688
-13728
-14724
-14068
-15604
-15761
-9039
-8800
-15129
-8963
-4867
-8497
-5441
-4062
-36
1072
215
1291
4191
8471
8114
7104
6579
8180
10699
9830
7588
8398
4703
3186
7197
5997
4517
3461
4765
5485
3247
4914
4091
2390
1561
-34
-179
-1100
-1405
-2887
-4456
-5794
-4864
-6645
-9319
-10860
-9875
-12000
-15325
-13599
-13244
-15383
-17965
-14606
-12815
-12650
-16392
-14788
-8628
-9858
-5150
-6805
-8650
-5358
-3707
3842
4362
2619
1298
3992
9415
9204
8124
7779
8169
10490
8937
4849
6996
6973
7129
6449
4026
4486
3898
3376
2591
1758
902
1144
495
-1304
-2734
-2555
-3039
-4885
-5261
-8071
-8710
-10100
-11174
-12362
-13201
-12535
-12564
-13413
-14808
-8653
-9418
-13999
-9568
-10213
-13153
-10644
-11252
-12341
-10877
-6284
-7886
-8424
-2997
-1308
2413
3426
2189
4234
8227
6231
7677
6482
4597
7688
8774
8909
7152
7880
5808
7601
7016
6973
5898
5097
4257
3087
2878
-1932
-1626
-2376
-4578
-5432
-5901
-9064
-8235
-10286
-12352
-11926
-12339
-10515
-13656
-12814
-13246
-9227
-9876
-17153
-8585
-8381
-12047
-11708
-11535
-10226
-12381
-9467
-7911
-6627
-3672
-660
-4462
-5100
1783
2684
5734
5824
4344
3795
4053
8250
9954
8544
8373
8142
8023
7439
5858
5449
3975
3529
2429
1443
1955
1026
-639
-1979
-3491
-4740
-5223
-7228
-8561
-8478
-10466
-10311
-9714
-10257
-10631
-8619
-5065
-9385
-10539
-3388
-4747
-5174
-6002
-7458
-6424
-4884
-3736
-6157
-4361
-6134
-3367
-3404
-4178
-3906
-2764
-2140
-2585
2055
556
3649
4120
2754
5544
5340
6114
6786
5949
7858
8054
6745
4359
4412
2262
500
1324
-1026
-1492
-2249
-3292
-6122
-6554
-7980
-8817
-7918
-7994
-8759
-9504
-8918
-9150
-8313
-4373
-7485
-9970
637
-3444
-2674
-2416
-3699
-2131
-3507
2005
3077
-2893
-6019
-613
-3233
-5217
-5892
-5669
-6028
-5354
-919
-5086
-8420
-2824
-166
1824
2656
1376
1271
3599
4282
3477
5295
6298
5929
5992
4329
1986
1315
365
-1409
-3018
-2977
-5978
-4773
-6317
-8910
-7745
-8877
-5581
-7366
-3485
-3585
-8315
-2625
-675
-1879
1053
1370
811
-12
636
4568
2581
2956
637
731
-1207
-1913
-838
-3095
-3547
-4389
-4808
-6663
-5928
-8299
-5503
-6624
-10043
-5689
-2779
-635
737
-406
-2311
-366
1931
588
1608
1290
-803
1810
-1373
-2816
-3050
-6187
-6145
-7375
-6786
-6793
-8348
-7183
-7422
-9560
-3105
-2072
-2066
2091
2414
3068
4387
4893
1901
3712
5349
7011
8594
4639
3057
4447
4813
1054
-1664
-1233
259
-3759
-6377
-8486
-8177
-10663
-11229
-10902
-10884
-10185
-7826
-11916
-13241
-7261
-7571
-5017
-5885
-5062
-5506
-3808
-1612
-3360
-3613
-4859
-4850
-5092
-4943
-6036
-5735
-5550
-4204
-4185
-3371
3478
2656
-1730
3338
5369
4974
6744
7005
2623
3489
7233
6321
7301
5048
5075
5135
5336
3815
3224
1923
1323
-199
-6082
-5038
-4604
-5016
-7735
-9825
-9642
-11459
-11503
-10662
-12576
-13765
-12638
-12775
-13212
-11107
-8130
-8704
-6680
-7408
-8579
-4276
-3694
-3275
-4144
-4028
-3704
-1960
-1402
-1322
-28
-597
5634
4246
1197
6577
7417
5259
6049
5842
5188
6973
9390
8284
7600
5823
5089
5727
3259
3472
1105
2994
1558
-1321
-2904
-3559
-6137
-10652
-7267
-6603
-10111
-14395
-12966
-10322
-14200
-17402
-16831
-15746
-17352
-15413
-13935
-18537
-13648
-11422
-11865
-7744
-7925
-10709
-7145
-4685
-2910
-682
559
1085
3961
9817
1972
4765
9769
8329
10978
10519
9489
7762
9821
13113
11754
9468
10361
10173
8941
7481
5246
6098
5441
4872
2674
-1209
-146
-145
-2159
-2534
-6740
-7458
-6305
-9035
-9978
-12849
-12524
-14154
-15850
-16266
-18233
-17456
-18154
-19579
-16251
-17075
-18721
-15798
-12487
-9937
-7346
-7146
-6634
-5803
-5223
-3052
-1027
5012
2428
2879
7442
7909
7647
8658
7634
4494
9938
11512
11145
10574
10065
9282
8633
8474
7317
7522
5139
4912
2836
-96
-90
-1310
-1184
-4039
-1650
-5433
-8816
-8477
-6810
-9258
-13263
-9573
-9333
-13555
-18670
-15252
-14841
-16181
-17704
-15787
-17073
-14064
-12841
-14911
-12621
-10596
-5969
-3488
-3010
127
2188
-859
6895
10841
8457
9953
11086
13738
10706
11790
14170
13742
12610
9681
8452
8713
10240
7035
6916
7154
6129
3724
2844
3283
1289
-621
-3083
-2038
-4461
-3419
-4466
-5603
-6389
-9661
-8130
-8911
-9354
-10426
-11051
-10260
-12062
-11979
-13526
-15626
-14471
-16496
-15536
-16859
-17064
-14954
-16711
-14594
-13324
-7994
-1032
-5852
440
6044
2406
7564
8282
8960
8187
9729
14573
12645
11977
10357
10846
9439
9304
10137
8611
9613
6750
2006
2129
1732
2025
-1097
-2702
-3209
-3807
-4394
-3636
-3830
-5348
-6197
-5653
-5659
-7603
-6329
-7518
-8690
-9277
-10272
-9427
-10662
-13958
-14675
-13064
-15207
-16524
-16620
-16016
-16463
-8611
-6545
-15402
-7056
-440
-1214
2349
3376
106
3024
3733
4936
7155
8664
9609
8358
9996
6763
8352
6383
5259
4278
1693
1331
2696
1363
-766
332
-2333
-1487
-1141
-43
-1356
-3581
-1745
-2278
-2563
-2534
-3172
-5455
-6929
-5730
-6502
-8286
-9419
-8831
-10679
-11578
-13261
-13647
-14898
-14510
-15040
-16523
-11937
-11207
-14304
-10451
-6441
-10249
-5215
-4979
-3202
1968
1635
2669
5141
5253
5994
5512
5005
6963
6653
7211
6766
5619
731
2894
3444
3134
3978
1994
3491
2104
2018
2494
2344
1854
1648
854
895
613
-1350
-1677
-3375
-3444
-7316
-6468
-6529
-10211
-9197
-9903
-10533
-13366
-11902
-10653
-14158
-11558
-10265
-13185
-10218
-11306
-11548
-9282
-10144
-5189
-7620
-7369
-2080
-3984
2246
3113
2927
1804
-528
4193
2690
6130
6871
3321
5675
7239
5830
5390
4792
5400
6352
4682
4966
5337
4209
2742
3508
1935
731
1225
627
-977
-1808
-2598
-3914
-4465
-6403
-8829
-8029
-9065
-10980
-8883
-11174
-9441
-13578
-10255
-6882
-13720
-10281
-9805
-10120
-10319
-10090
-12549
-9882
-11611
-8235
-5190
-9794
-2755
-3226
1043
3497
3949
2978
3961
6681
2557
3059
8657
9992
10026
10379
10334
9978
7871
8912
8808
7350
3886
3526
2668
2129
1641
367
213
-642
-1105
-2882
-3867
-5271
-5113
-7039
-9523
-9161
-8539
-6169
-11886
-5497
-4235
-11299
-7350
-4978
-5048
-5153
-9157
-11487
-6537
-9098
-8580
-8175
-9336
-10916
-5580
-3731
-9386
-6198
-5792
79
3063
1407
2096
2792
4627
5555
3056
6876
9012
7759
10578
8653
7736
5386
5705
5757
2768
2201
570
-15
-263
-2387
-2807
-3930
-5615
-6108
-7574
-7104
-7329
-7703
-8727
-8715
-9931
-4355
-3024
-11694
-5157
-2131
-5736
-3651
-8027
-6335
-5943
-5145
-3509
-5673
-6025
-6830
-6885
-6132
-10258
-7512
-5959
-8935
-5529
-7165
-2457
2146
1516
2323
2522
3123
4860
4222
6756
9213
7556
9175
8345
9179
8231
6576
5260
3596
3291
1301
510
-1206
-2193
-2218
-2904
-5276
-5719
-4742
-4445
-5430
-1819
-5513
-9503
-1996
-6958
-3821
-3349
-8088
-6616
-3872
-2741
-5894
-4165
-3522
-5041
-8211
-6393
-5320
-6359
-7168
-6119
-8414
-10437
-2638
-5364
-6149
-3484
-3479
462
3029
2031
2006
1510
1455
5151
3280
4641
6344
5591
3014
1765
6231
3193
1459
71
-3276
-3473
-3865
-3453
-3970
-5685
-6599
-3900
-7146
-4545
-31
-5617
-5347
-1515
624
333
-542
-1599
-1041
-904
1632
2713
886
-450
-437
-869
-1489
-2025
-5555
-4205
-6609
-9848
-9446
-9520
-11310
-8398
-9732
-11457
-6337
-6965
-2711
396
-360
-2422
-2838
-1287
-1756
-668
1641
1424
-1571
-639
-1308
-1988
-1879
-3077
-5140
-5751
-6118
-6770
-6496
-7303
1815
-1209
-7450
2276
939
1505
772
-1900
1646
-145
4861
3153
2987
5334
1757
1354
1142
1768
-2325
-3727
-646
-4670
-10597
-8227
-6345
-8356
-11084
-11603
-12023
-12776
-9722
-9333
-12407
-9858
-8077
-6334
-1511
-3432
-4479
-5053
-4768
-1859
-954
955
-552
-2187
-1908
-3187
-2738
-3463
-2798
-3390
-4321
-4017
-2504
3864
-2117
-1256
5942
6169
5848
6197
4251
1937
6467
7108
7787
6264
5960
5446
4204
3623
3432
1231
577
-776
-5375
-3904
-4880
-6036
-8732
-10755
-10861
-11848
-12078
-13973
-15433
-15540
-13088
-17478
-14286
-10135
-12240
-5407
-8923
-7593
-7175
-11047
-6855
-5340
-6152
-5411
-4573
-4400
-3540
-3985
-2869
173
2457
-290
5318
9538
8659
9665
7133
10455
8862
10696
13103
9136
8413
7525
8004
6568
6081
7757
4187
7038
1866
-2337
1157
599
-3271
-9087
-6905
-7293
-11883
-13950
-10451
-12947
-15779
-16108
-15900
-16108
-15606
-13385
-16857
-18319
-11824
-11939
-9836
-7513
-9157
-8737
-9680
-5893
-3079
-1613
467
1821
175
5650
9158
2258
5796
12089
9291
9781
9263
9176
10227
10625
13548
11390
11460
10294
7520
6569
7206
7879
5165
6197
3062
-530
894
-387
-2020
-4470
-4422
-5378
-8930
-8557
-10810
-12338
-13384
-15659
-15586
-19808
-17081
-17906
-21240
-19686
-18745
-20376
-19614
-14107
-15315
-12286
-10442
-8953
-7624
-6216
-5303
-4885
7498
7332
4974
10818
11232
12515
12617
11340
9017
10153
13435
11625
9982
9299
8501
9756
8250
8631
7577
3418
5387
2797
625
1710
-1160
-1780
-3915
-2879
-3927
-7114
-6621
-5012
-8178
-11292
-10378
-10801
-15105
-18440
-15008
-15826
-18197
-19133
-17849
-18513
-17282
-13855
-16419
-16927
-12871
-11003
-6793
-3978
-3339
-5149
-3310
6605
1355
5505
12979
13229
12209
10668
12140
11221
14935
13391
12803
11114
10580
10474
9297
8849
8448
7768
8115
3418
-839
1597
553
-1272
-3421
-3269
-4173
-4766
-7003
-7644
-9547
-9579
-9250
-11957
-12532
-13549
-16248
-16272
-16356
-17766
-18428
-19216
-17517
-18397
-17956
-19199
-15890
-19142
-18021
-11928
-12852
-3439
-1661
-7291
896
5864
1230
6905
6338
9965
16487
15716
14784
13382
12985
12958
13137
11525
11857
9896
6031
6610
2181
1609
3377
1670
-2566
-2870
-1923
-3271
-5637
-3987
-5569
-6282
-6861
-8367
-8523
-10960
-11280
-10657
-10719
-14210
-12475
-11141
-13861
-18216
-16647
-14682
-16862
-18680
-19319
-17776
-18352
-13937
-13673
-11175
-4954
-10196
-844
5775
1656
3705
-31
4293
11829
11457
13321
13808
11851
12564
11722
11692
9559
9809
9901
11194
5787
1976
5223
2945
5691
2773
1417
-391
-1148
-16
-2656
-2742
-2954
-2921
-3430
-3373
-4854
-4776
-6400
-7491
-6319
-7714
-10171
-11932
-11514
-13177
-15860
-15476
-16722
-15598
-14605
-14663
-10356
-15007
-13212
-8402
-7715
-3616
-2790
394
1420
4000
3079
4047
6315
8886
10756
10194
11124
9782
10192
7308
10009
6009
4659
6731
5509
4343
1705
3129
1297
1224
223
-2860
-2574
-695
-2932
-1662
-2787
-2571
-2100
-1671
-4825
-7064
-5746
-10579
-10723
-11650
-12460
-16606
-15025
-13103
-15560
-18676
-17939
-14887
-11525
-15008
-17408
-10571
-12228
-8177
-9678
-10791
-7436
-3809
-1650
2235
4034
297
252
-1736
8065
7291
5684
8189
6670
7199
2229
4596
3979
4193
4380
2794
2048
677
2596
2057
2364
314
-906
1815
1385
-2502
-2240
-2241
-3074
-3379
-5068
-6293
-8003
-9088
-11117
-11193
-10537
-10458
-11108
-12673
-10963
-7672
-12704
-14450
-8541
-9560
-11056
-8649
-8806
-12477
-7739
-6683
-8511
-3651
-1843
464
1530
796
729
2605
1941
5453
5984
5227
8430
7689
6163
6800
7456
7046
6650
5437
6806
4495
5414
3368
2562
3028
-143
1753
1123
-1549
-2637
-3344
-5138
-4703
-7546
-8442
-9619
-10077
-9696
-11996
-11255
-11239
-11399
-9923
-13418
-12357
-7960
-12084
-12038
-12319
-11866
-11001
-11532
-8148
-10621
-7367
-4833
-10742
-4904
-3721
-1261
2024
826
1209
-1784
2002
6774
8705
9449
9694
11233
10950
10118
9083
7147
8072
7684
6876
5787
4585
4637
3883
427
4
417
-1244
-2821
-4376
-5156
-6299
-6687
-8045
-7303
-8550
-10434
-5937
-6568
-11733
-7220
-6491
-8532
-6654
-9671
-8825
-9712
-11350
-9806
-10715
-10424
-9454
-10953
-12703
-9293
-12304
-10340
-3201
-3672
-2535
-160
1366
2463
361
2552
7041
4867
7556
9309
7431
7898
8717
7238
6536
5697
5004
4575
2003
480
-234
-2720
-4603
-3596
-4439
-5892
-7929
-7778
-8853
-8474
-7391
-10796
-7016
-8409
-9343
-3944
-5849
-6533
-4702
-5167
-8474
-9456
-5653
-6749
-10643
-9187
-8597
-10825
-10966
-9140
-8570
-8596
-3344
-4326
-9418
-4740
910
3073
616
1731
2716
1960
5994
8483
8809
9420
8369
9553
9854
7962
8655
4807
4109
3308
1851
1872
-2723
-2395
-3192
-4275
-2325
-3734
-4516
-4118
-3918
-1641
-5361
-6364
656
-1723
-3205
-2357
-2014
-1573
-4510
-4049
-3554
-5096
-4996
-5782
-5763
-6524
-8302
-7930
-9377
-6682
-7600
-10825
-10863
-8822
-8824
-9527
-6008
-4776
-2511
-91
-873
136
3058
3894
5254
6243
6728
6422
5626
6676
3945
3547
763
782
-104
-1240
-1694
-5242
-6286
-5374
-4273
-4315
-4474
-2958
-4129
-4179
11
846
-579
-2572
-2570
-3280
-1587
-174
-2380
-2056
-663
-1805
-3498
-2504
-2038
-2876
-9722
-7079
-4610
-11076
-10411
-7285
-8025
-8042
-5075
-6355
-8003
-4130
-2528
962
1303
-224
894
2351
3692
3484
4791
4851
4381
3139
2784
1510
71
-1437
-909
-1887
-587
-2001
-5381
-2679
376
102
-3301
2764
3006
690
844
1997
2818
1461
3212
2919
2292
2172
1121
954
-608
-4123
-1752
-3393
-3046
-6465
-9358
-8127
-9927
-10184
-13151
-11362
-10780
-13239
-12844
-11000
-12814
-9927
-8376
-7619
-4385
-4099
-4852
-3694
-1581
-2515
-443
-2080
-994
-1305
-2596
-1767
-2495
-3621
-4183
225
-3280
-1493
889
-3883
-2205
2830
6595
4420
3357
4778
4568
6492
6717
7005
5254
1846
2891
3311
4593
1018
-203
-259
-315
-3755
-9073
-5537
-6363
-11521
-12643
-10562
-12081
-14648
-13689
-13772
-14833
-13087
-10257
-13721
-13163
-9131
-8461
-4488
-5543
-6793
-6581
-3438
-2324
-4160
-4254
-706
-240
9
1609
-1184
4224
4799
2043
5527
8354
6435
7373
8032
8648
9408
11464
10830
7785
9328
7513
7412
7424
6610
5894
4971
4759
3671
-552
-2108
-2264
-3526
-3789
-7862
-8220
-9468
-12314
-13030
-14512
-16274
-17519
-14710
-17194
-15757
-13555
-14417
-15692
-12460
-12506
-10468
-7031
-9025
-5912
-8197
-6556
-3948
-3052
-1676
1557
2155
3517
10572
6638
5373
10220
11989
12533
10704
3881
7112
12728
12090
12574
10697
9601
9938
9370
8386
6740
6374
2257
1924
-2301
-2620
-985
-4434
-4310
-6031
-5631
-10991
-11413
-9227
-13234
-16397
-16868
-14326
-17017
-18673
-16619
-17214
-17742
-13358
-14666
-19982
-16660
-12792
-11643
-7985
-8440
-8302
-6199
-2461
1644
4835
8121
5930
7753
16169
13768
9197
13861
12380
13154
13742
12867
12382
10194
12477
11527
11920
10406
10005
9408
6607
7039
2264
1162
1920
4
-873
-3259
-3712
-5643
-7890
-8573
-10566
-10799
-12195
-13798
-14449
-17076
-18287
-18289
-20642
-20170
-18889
-20237
-20465
-19909
-20491
-19901
-17735
-14583
-9076
-7089
-6902
-5320
2095
7673
2815
2452
12299
12790
14326
16902
14281
13642
13894
16779
14536
12817
14206
11783
10948
10744
12127
8915
8875
9503
2884
2223
2622
1973
-89
-2940
-2426
-7210
-7611
-7015
-11502
-13194
-9441
-10696
-16368
-14771
-12759
-17572
-21098
-19371
-18231
-20486
-21088
-16542
-17928
-17075
-12674
-13551
-12183
-9402
-8707
-3555
3332
-1607
658
9209
8101
10341
13853
11798
13880
16968
16891
16818
15345
14160
11648
11165
11180
10885
8500
7906
6842
3066
2368
3928
2952
623
-1429
-2920
-2669
-6988
-6482
-6352
-8340
-8873
-11513
-12424
-11929
-12335
-13736
-15389
-16015
-15881
-16810
-16563
-19293
-20524
-19995
-19479
-17188
-20440
-18732
-13621
-16493
-11119
-7051
-8591
-3830
1788
5011
1570
4080
6957
6775
11546
12341
13796
13605
12304
13880
11451
8022
9236
9425
8451
5645
1890
1580
2841
5020
486
-691
-377
-2085
-563
-3279
-4800
-5285
-6829
-6410
-8168
-6125
-6660
-8908
-8803
-7875
-8914
-13218
-11164
-12103
-14671
-21262
-18500
-15411
-16949
-15505
-14740
-9526
-10140
-7259
-4395
-6054
-1880
851
2989
6971
5186
6254
9233
9153
10733
11689
12599
12801
12885
11816
10650
10778
6694
6538
6649
5926
4304
4249
2133
-2447
-766
-486
-2086
-3151
-3401
-5281
-4276
-4405
-3242
-5986
-3610
-5022
-7042
-6204
-7312
-8740
-13551
-12453
-13194
-14555
-15216
-15824
-14826
-17836
-18826
-15022
-14195
-15524
-12811
-8564
-5773
-10238
-8428
-2866
-2629
1325
4399
3608
3082
4589
5882
7538
7263
10750
11185
10739
6252
1608
8496
7311
6945
5007
4999
3977
4148
293
-3075
2111
341
1194
958
-265
-1288
117
-2672
-1226
-4708
-10631
-7166
-7328
-8545
-12397
-13595
-12905
-12554
-13048
-13712
-9821
-9235
-15005
-15013
-7850
-8164
-9557
-8123
-11188
-8736
-3808
-4296
-8056
-4288
-249
2204
5585
3772
2122
4138
6192
8426
7624
8176
9344
5417
6277
6910
7991
5299
6460
7781
5816
6261
5822
7812
-834
167
2963
2214
-726
-4812
-1776
-4999
-4608
-6859
-9085
-9355
-10366
-11080
-13529
-14760
-11854
-12429
-12493
-8670
-12760
-17242
-9782
-7656
-12817
-11793
-13481
-13309
-10719
-9667
-7982
-6519
-8713
-7492
-5022
-2838
77
1074
3297
1404
-1069
2792
7297
7952
6616
6446
8296
9222
8345
8387
7467
7841
9301
8297
8494
1209
4047
2052
-3628
2112
-2798
-2604
-3465
-4886
-5986
-7749
-7613
-9819
-8535
-11613
-8731
-5341
-9377
-13660
-8443
-4793
-9361
-7108
-6106
-10210
-13454
-11179
-8500
-10072
-11381
-10823
-11702
-6653
-4758
-8551
-10977
-6050
-2984
-2126
969
623
3111
5182
7022
6251
6339
6629
9335
10151
8818
7328
3407
5614
6260
5528
4225
3229
3639
2874
-391
-4147
-2478
-4723
-5202
-7750
-9086
-8379
-10659
-7259
-9986
-9398
-3950
-10482
-11434
-5378
-5997
-5868
-7509
-7279
-8904
-9323
-6556
-6615
-8322
-9617
-8288
-10011
-7408
-8965
-7536
-3958
-8507
-8121
-2079
1856
2433
4181
4199
6570
8189
5895
4998
8569
9548
8642
9002
8338
8420
6954
5561
4737
3706
2755
813
354
-2188
-6354
-5860
-6345
-7174
-6343
-7390
-7247
-5662
-3507
-8693
-9374
-2265
-5275
-3311
-4919
-8572
-8305
-6335
-4534
-7812
-6414
-5377
-8052
-11169
-9352
-7891
-9104
-10064
-11298
-9606
-7326
-2951
-5629
-10377
-5217
-1584
2018
3055
-32
-70
4313
4078
3343
5702
6233
6714
5968
6388
4802
3265
2586
353
-798
-2005
-2899
-2839
-3905
-9492
-6091
-5289
-6994
-377
-4962
-8063
-7990
-2674
-1617
-5616
-3286
-6567
-7469
-5542
-3900
-3416
-3182
-4159
-3799
-3511
-4480
-5050
-6876
-7091
-10015
-10267
-12164
-10314
-8054
-9779
-5382
-8891
-10555
-4797
-3612
-492
1026
-200
845
-134
1967
3026
1125
4059
3255
2426
2383
-752
-119
-451
-1896
-3514
-3592
-2009
253
-4255
-596
25
-5948
2442
1707
718
2156
113
-1908
-391
2849
2572
1566
1561
1867
882
824
3214
772
-1715
-2934
-5385
-3550
-6927
-6715
-5498
-8939
-10545
-10081
-9484
-8200
-5119
-6248
-12090
-8285
-3433
-1838
1875
-2330
-5755
-2513
1698
-1345
-2509
689
-1417
-784
-2143
-3351
-4601
-4874
-3448
-5034
-1378
83
2739
-7464
-3413
1917
1388
3159
2799
731
-589
626
3376
2566
2478
2710
2598
402
-747
1511
-577
-855
-4034
-6383
-6389
-5629
-6431
-9403
-9787
-10812
-11892
-12345
-12645
-12230
-12556
-10840
-11115
-15129
-9975
-6398
-5597
-4762
-6783
-4837
-2946
-2537
-4337
-4651
-2690
-3237
-4077
-1851
-3326
-982
4351
-625
-922
1822
6218
8065
4066
4481
3692
4715
6680
6509
6083
5125
4187
5128
4595
1405
2520
224
1746
-861
-4337
-2961
-3351
-4120
-9188
-6647
-6114
-9293
-13729
-12726
-10828
-14402
-16273
-15996
-15346
-14485
-10459
-11543
-15411
-13629
-7932
-5896
-6900
-7117
-8276
-4266
-4297
-5199
-1376
-1633
-9
1340
6148
7436
5499
5206
10833
11477
10122
12667
7222
8972
9157
11891
12097
9028
9252
8677
7867
6276
5491
3333
4151
60
-2573
-753
-1855
-3916
-5379
-5990
-5911
-8393
-10335
-11477
-13664
-14705
-14510
-17047
-17665
-17600
-17342
-17303
-17214
-12865
-18858
-16771
-13381
-14354
-10848
-10107
-9623
-8000
-3464
-3082
-881
5839
4188
3004
9486
10833
12756
12008
9178
12198
11793
12145
10609
8639
10699
8337
8254
7586
6461
6376
4153
5160
13
-2313
-502
-2781
-5125
-5601
-3541
-6170
-9542
-10058
-7611
-10521
-13720
-12250
-12606
-16416
-19693
-16282
-16452
-21088
-20242
-20582
-20096
-17718
-14468
-16344
-19095
-14490
-12122
-7632
-4689
-5371
-5394
-703
6120
5759
3404
11061
13016
11994
11604
10259
12114
12020
13835
12169
11235
9386
9387
9913
7446
7508
6155
6737
2737
189
975
-1739
-2014
-4121
-5745
-5230
-5899
-7224
-9662
-9795
-10390
-10684
-9239
-12892
-13389
-14869
-16910
-14839
-15957
-18079
-17745
-18535
-16821
-17163
-17753
-13984
-15721
-14953
-10793
-6230
-1017
2132
3
3583
10592
9217
10610
12919
11425
12451
14152
14755
14660
14624
14054
13986
13115
11315
10195
9120
9397
4123
2005
3589
1800
684
-1353
-1771
-2579
-4591
-4672
-6807
-6367
-7475
-9714
-9866
-13305
-13050
-9797
-13890
-17448
-13531
