-339
-379
-692
-1091
-1078
-563
-71
-46
-367
-609
-609
-538
-553
-602
-588
-498
-403
-344
-320
-340
-397
-443
-449
-443
-460
-476
-443
-364
-269
-197
-185
-231
-279
-276
-212
-135
-77
-18
49
93
76
22
-7
10
50
96
123
99
24
-46
-57
-26
3
-6
-45
-86
-114
-132
-152
-165
-162
-154
-155
-165
-179
-187
-189
-196
-214
-228
-222
-202
-183
-172
-166
-162
-162
-166
-164
-153
-138
-127
-128
-134
-135
-125
-114
-117
-133
-143
-129
-99
-83
-82
-90
-99
-108
-103
-75
-46
-39
-49
-53
-38
-19
-10
-1
16
27
13
-14
-28
-20
-5
0
-7
-18
-21
-18
-25
-50
-83
-104
-107
-103
-102
-109
-121
-132
-127
-105
-86
-82
-87
-83
-66
-51
-52
-49
-32
-2
41
81
104
107
97
96
102
102
94
91
107
124
123
100
72
51
38
31
25
18
4
-16
-39
-62
-67
-51
-27
-12
-3
8
17
24
30
44
62
79
101
136
184
225
252
271
290
308
321
338
368
403
436
462
480
496
507
518
526
529
532
533
526
506
482
463
445
424
404
386
365
334
292
252
216
182
156
143
137
128
112
95
79
66
59
62
71
74
76
93
127
159
178
184
199
221
241
253
254
262
275
277
269
259
258
271
277
269
253
238
225
213
209
209
204
193
186
189
190
181
172
174
178
176
168
163
165
172
180
187
197
202
202
200
198
189
180
183
189
194
192
194
191
183
170
161
156
153
153
154
151
136
117
108
107
98
82
60
49
45
40
35
26
15
4
-11
-24
-33
-41
-38
-33
-31
-34
-38
-44
-49
-49
-43
-31
-17
-8
2
13
24
42
65
85
96
105
120
143
169
191
204
216
226
237
245
245
237
222
210
199
185
167
147
124
101
82
65
43
14
-13
-31
-44
-60
-77
-87
-92
-97
-102
-107
-115
-122
-126
-122
-112
-102
-94
-89
-88
-95
-94
-84
-70
-64
-65
-65
-60
-49
-38
-23
-10
1
11
28
51
73
93
112
124
127
126
129
135
135
129
120
105
83
60
42
28
12
-7
-25
-38
-57
-77
-90
-101
-111
-122
-134
-146
-155
-157
-157
-157
-159
-161
-151
-134
-112
-95
-79
-61
-39
-17
2
20
39
59
79
98
111
118
123
131
140
155
170
177
175
165
155
148
149
153
152
142
124
102
83
65
45
28
10
-16
-47
-75
-94
-105
-119
-131
-144
-156
-168
-178
-179
-173
-164
-155
-150
-147
-145
-135
-113
-83
-58
-46
-42
-43
-41
-31
-8
20
41
50
49
48
54
69
88
105
112
114
117
122
127
136
147
154
152
145
138
134
130
131
128
113
93
74
60
46
34
23
18
11
-6
-25
-37
-40
-41
-44
-52
-66
-84
-93
-92
-90
-91
-93
-91
-91
-91
-86
-76
-68
-63
-62
-56
-49
-46
-39
-32
-28
-31
-40
-46
-51
-56
-55
-47
-39
-38
-47
-60
-73
-82
-82
-75
-70
-75
-86
-90
-88
-86
-83
-81
-82
-85
-82
-65
-45
-29
-22
-19
-17
-16
-10
2
20
36
49
59
67
76
86
100
115
127
138
146
151
148
143
145
151
150
138
122
104
93
80
68
55
39
22
4
-13
-35
-58
-75
-90
-107
-125
-141
-155
-166
-176
-188
-200
-207
-209
-210
-212
-216
-216
-209
-196
-184
-171
-158
-142
-125
-108
-87
-66
-39
-11
16
42
62
83
103
121
133
144
152
157
158
155
151
146
141
135
126
114
102
89
81
70
56
42
27
14
-2
-18
-33
-48
-65
-78
-88
-97
-105
-112
-114
-116
-114
-109
-102
-97
-92
-86
-74
-58
-43
-27
-12
3
14
28
43
62
79
90
101
110
118
126
134
139
141
139
136
133
128
121
114
108
95
81
65
48
32
17
-3
-24
-44
-64
-81
-96
-110
-124
-127
-128
-126
-123
-117
-107
-101
-92
-79
-61
-45
-32
-16
-1
12
25
36
49
56
63
69
72
73
74
77
79
81
80
80
80
73
67
69
70
72
71
71
70
66
65
64
60
54
50
48
48
43
38
37
38
37
34
32
32
32
30
28
24
20
16
14
13
8
0
-8
-15
-23
-29
-35
-40
-47
-57
-67
-76
-83
-86
-87
-89
-94
-99
-97
-87
-80
-74
-67
-60
-53
-48
-39
-32
-22
-13
-8
-1
5
13
22
31
38
42
49
55
63
72
80
91
99
107
115
121
128
137
149
163
174
182
187
193
200
205
208
211
209
202
194
184
170
155
143
128
110
91
72
58
44
29
13
-4
-21
-34
-47
-60
-72
-82
-88
-95
-102
-106
-108
-108
-108
-106
-101
-92
-80
-65
-49
-32
-19
-2
23
49
76
101
125
148
172
198
224
243
258
271
284
297
304
307
308
306
301
295
290
282
269
254
236
221
208
194
177
155
134
114
99
85
64
43
22
2
-14
-28
-40
-53
-67
-80
-88
-91
-96
-98
-96
-96
-96
-93
-86
-76
-67
-58
-49
-37
-25
-10
10
29
47
64
80
98
112
125
139
149
158
163
168
171
172
171
168
161
151
140
130
118
106
90
73
60
45
29
11
-6
-23
-39
-53
-65
-77
-90
-100
-105
-111
-116
-120
-124
-128
-130
-128
-125
-120
-116
-113
-110
-104
-95
-88
-78
-70
-63
-57
-51
-47
-45
-42
-39
-36
-35
-34
-37
-40
-45
-48
-52
-57
-64
-70
-74
-79
-83
-88
-93
-98
-103
-104
-106
-108
-112
-115
-116
-117
-116
-116
-116
-115
-115
-115
-115
-115
-115
-117
-118
-119
-121
-121
-122
-124
-126
-126
-125
-127
-127
-128
-129
-129
-126
-123
-119
-115
-112
-107
-100
-94
-86
-79
-75
-72
-68
-63
-58
-52
-51
-47
-44
-40
-34
-29
-22
-16
-9
-4
3
8
13
19
23
26
29
30
33
32
31
32
32
31
28
24
19
15
9
3
-3
-9
-17
-23
-32
-39
-49
-57
-62
-69
-76
-82
-87
-92
-97
-101
-108
-113
-118
-122
-126
-132
-136
-139
-140
-140
-138
-133
-128
-123
-116
-109
-99
-89
-78
-68
-56
-46
-35
-22
-9
5
17
30
43
57
71
83
95
105
113
119
125
129
128
129
127
124
121
115
110
103
95
86
78
68
56
45
35
21
8
-6
-17
-28
-39
-45
-52
-56
-61
-66
-66
-65
-61
-57
-55
-50
-45
-36
-27
-17
-6
6
18
31
48
65
81
96
113
127
141
153
162
171
179
183
186
187
186
184
179
175
170
164
158
153
145
138
130
122
116
106
96
86
74
60
46
33
18
4
-9
-24
-38
-51
-62
-70
-78
-87
-95
-101
-108
-113
-116
-121
-123
-125
-125
-124
-121
-117
-115
-110
-103
-95
-87
-78
-70
-62
-56
-48
-43
-38
-34
-30
-26
-23
-18
-14
-6
0
5
11
18
26
35
43
51
58
65
71
77
81
86
92
98
105
110
119
125
130
136
141
146
149
154
156
158
159
157
158
159
158
156
154
151
147
143
140
136
130
125
119
113
107
101
97
93
88
83
79
74
68
62
56
50
44
37
31
26
20
15
11
9
7
7
7
9
10
11
13
13
14
13
13
13
11
10
8
8
7
6
5
4
3
1
-1
-1
-2
-2
-3
-6
-6
-9
-11
-14
-17
-20
-23
-26
-29
-32
-36
-38
-40
-41
-42
-41
-40
-37
-33
-27
-21
-15
-7
0
7
12
18
22
27
31
36
39
41
44
47
48
50
49
49
47
45
42
37
32
26
19
12
5
-4
-11
-18
-27
-34
-42
-49
-57
-67
-76
-86
-96
-105
-114
-126
-134
-142
-149
-154
-156
-158
-160
-158
-158
-155
-153
-150
-150
-147
-145
-143
-141
-139
-136
-134
-129
-125
-119
-111
-103
-96
-88
-81
-72
-65
-58
-51
-45
-39
-34
-28
-22
-12
-4
8
16
26
39
50
61
69
78
85
90
92
94
94
94
91
87
83
79
74
69
63
58
53
47
42
37
32
26
20
14
8
2
-5
-10
-18
-26
-34
-43
-53
-65
-75
-88
-102
-117
-131
-146
-160
-173
-188
-200
-211
-221
-228
-235
-239
-242
-243
-242
-241
-239
-236
-232
-228
-224
-219
-212
-207
-199
-193
-185
-177
-169
-163
-156
-148
-141
-135
-131
-125
-121
-117
-112
-108
-105
-100
-94
-90
-84
-78
-73
-65
-59
-51
-46
-40
-34
-28
-23
-18
-13
-9
-5
-3
0
1
2
4
3
2
2
-1
-4
-7
-10
-13
-14
-15
-15
-14
-12
-6
-1
5
13
23
31
42
51
59
68
75
81
85
88
88
89
87
84
80
76
72
67
62
54
49
41
33
25
15
4
-6
-17
-30
-43
-55
-67
-80
-92
-104
-115
-125
-134
-141
-147
-153
-156
-161
-164
-166
-167
-170
-173
-174
-176
-178
-181
-183
-185
-186
-187
-187
-187
-185
-183
-180
-176
-170
-165
-158
-150
-141
-131
-120
-108
-96
-82
-69
-53
-38
-21
-5
12
28
42
58
74
87
99
111
119
127
131
135
135
133
130
123
115
104
92
78
63
47
31
13
-4
-21
-38
-51
-63
-74
-82
-89
-92
-94
-93
-89
-84
-78
-70
-62
-51
-41
-30
-19
-9
1
10
19
27
34
39
43
47
47
47
46
43
38
34
27
18
11
1
-7
-17
-28
-36
-44
-52
-58
-64
-67
-70
-71
-69
-66
-63
-58
-53
-45
-39
-31
-24
-17
-9
-4
3
8
11
12
15
15
15
11
8
5
2
-2
-6
-10
-13
-15
-18
-17
-16
-13
-10
-5
0
7
14
23
32
39
48
56
66
72
80
88
94
101
107
114
121
128
135
142
148
152
155
157
158
156
152
145
137
125
113
98
83
65
48
30
13
-3
-18
-30
-41
-49
-57
-61
-63
-64
-62
-61
-58
-55
-51
-46
-42
-38
-34
-31
-26
-22
-16
-10
-4
5
13
24
36
48
61
75
89
101
115
125
136
146
154
159
164
166
168
168
167
166
164
161
158
153
148
144
139
134
129
123
117
113
107
103
99
94
92
87
82
77
71
68
62
55
48
40
32
24
15
7
0
-7
-13
-17
-20
-24
-26
-27
-28
-30
-32
-34
-38
-41
-47
-52
-56
-62
-67
-71
-76
-77
-78
-78
-78
-75
-73
-69
-63
-59
-53
-48
-42
-36
-31
-27
-23
-18
-15
-11
-9
-7
-4
-4
-3
-3
-3
-3
-4
-4
-4
-2
-1
1
4
8
12
17
22
28
32
37
42
47
51
56
60
66
71
76
82
86
93
97
101
104
106
107
107
105
102
98
93
88
82
76
69
63
58
53
50
46
42
41
38
38
38
38
40
42
46
51
56
62
70
77
84
92
100
106
112
117
122
127
130
133
136
137
138
140
141
141
142
139
138
134
129
123
114
106
96
86
76
66
57
49
42
36
33
29
26
25
23
21
20
18
16
13
11
8
5
3
1
1
0
0
2
5
6
9
10
10
11
8
5
2
-3
-8
-13
-17
-22
-26
-28
-29
-30
-28
-27
-24
-21
-18
-16
-14
-13
-14
-16
-20
-25
-32
-38
-45
-53
-62
-69
-76
-84
-91
-97
-101
-105
-109
-110
-110
-111
-110
-108
-105
-101
-96
-90
-85
-78
-70
-61
-54
-45
-36
-27
-17
-6
4
14
24
32
41
51
58
63
68
72
74
75
75
74
71
68
63
59
54
48
42
37
32
26
21
16
11
6
3
-1
-4
-8
-9
-11
-12
-12
-11
-9
-6
-4
-1
4
6
9
12
15
17
19
19
20
21
21
21
21
22
21
23
23
24
27
29
30
32
33
35
36
35
35
31
29
26
21
15
10
4
-3
-9
-15
-22
-28
-34
-38
-44
-48
-51
-55
-58
-61
-64
-66
-67
-68
-68
-67
-66
-64
-61
-58
-55
-50
-46
-40
-34
-28
-22
-16
-11
-4
2
8
13
17
20
23
25
24
23
22
20
16
12
6
1
-4
-9
-14
-21
-25
-29
-33
-36
-39
-40
-41
-42
-42
-42
-37
-37
-37
-34
-31
-28
-26
-21
-16
-11
-6
0
6
13
18
23
27
31
33
33
35
30
28
23
16
8
-1
-11
-20
-29
-41
-49
-59
-68
-76
-84
-92
-101
-108
-117
-125
-133
-142
-151
-158
-165
-172
-177
-181
-183
-184
-183
-180
-176
-170
-163
-154
-144
-134
-123
-114
-105
-95
-86
-77
-70
-63
-55
-49
-44
-38
-34
-29
-26
-24
-22
-21
-22
-22
-24
-28
-32
-38
-42
-47
-54
-59
-64
-67
-71
-72
-74
-75
-75
-74
-72
-71
-68
-67
-66
-65
-63
-62
-62
-61
-61
-59
-56
-54
-50
-45
-39
-33
-25
-18
-9
0
8
17
25
32
39
45
49
55
58
61
62
64
64
64
64
62
61
59
56
53
50
46
42
37
32
28
22
18
14
8
4
1
-3
-5
-7
-8
-8
-7
-5
-3
3
7
13
20
28
36
45
55
63
72
82
92
100
109
119
128
135
142
148
153
158
160
160
160
157
154
148
141
133
124
113
102
90
78
65
52
39
27
15
4
-7
-17
-26
-33
-39
-44
-47
-50
-49
-47
-43
-38
-30
-21
-11
0
12
24
36
49
61
74
86
96
107
117
124
132
136
140
143
145
143
141
137
132
127
118
112
103
94
87
78
71
64
58
54
51
47
45
43
43
43
42
42
42
43
43
44
45
46
48
50
53
55
59
63
67
72
77
84
90
96
103
109
115
119
122
125
127
127
126
123
120
117
111
106
100
94
89
84
78
72
65
60
53
45
38
28
17
5
-10
-24
-40
-56
-72
-88
-104
-120
-132
-144
-154
-164
-171
-178
-182
-185
-186
-185
-183
-179
-174
-165
-156
-146
-134
-121
-107
-92
-76
-61
-46
-29
-14
0
13
25
38
48
58
67
73
80
86
90
93
94
94
92
90
85
77
70
61
50
39
28
17
7
-3
-11
-19
-25
-28
-31
-32
-32
-30
-28
-24
-20
-14
-9
-4
4
10
17
26
34
41
49
55
62
69
74
79
81
84
85
85
84
82
78
73
68
62
55
48
39
29
18
7
-6
-16
-29
-41
-53
-65
-77
-87
-98
-108
-116
-125
-131
-137
-140
-144
-147
-149
-151
-152
-151
-152
-150
-150
-148
-147
-145
-143
-141
-138
-136
-131
-127
-121
-115
-109
-101
-94
-84
-75
-67
-57
-50
-42
-34
-28
-23
-19
-16
-15
-16
-19
-23
-29
-35
-44
-53
-62
-73
-84
-96
-105
-115
-124
-132
-137
-142
-147
-149
-152
-151
-150
-149
-147
-144
-140
-137
-133
-129
-124
-119
-115
-109
-103
-97
-91
-84
-77
-70
-62
-55
-46
-39
-32
-24
-18
-12
-7
-5
-2
-1
-3
-2
-5
-8
-12
-15
-18
-21
-24
-27
-29
-30
-31
-33
-33
-34
-34
-35
-36
-36
-37
-38
-38
-40
-39
-40
-40
-40
-40
-40
-39
-38
-38
-36
-34
-35
-33
-31
-29
-27
-25
-22
-20
-17
-14
-12
-10
-6
-3
1
3
7
9
12
15
16
20
21
23
24
26
27
28
29
28
26
24
19
15
10
3
-1
-9
-14
-21
-27
-31
-36
-39
-40
-42
-42
-41
-39
-37
-35
-31
-28
-24
-21
-17
-13
-10
-7
-3
1
5
8
11
13
15
17
16
18
18
18
19
18
18
19
19
20
23
23
25
27
29
29
32
32
33
36
37
37
38
37
38
38
39
40
39
40
42
42
42
43
42
42
41
41
41
40
41
40
39
38
37
34
32
30
28
26
24
21
21
19
18
17
17
17
18
19
21
23
24
27
29
30
32
32
31
29
25
20
14
8
-1
-9
-19
-29
-40
-50
-60
-69
-76
-82
-85
-88
-89
-88
-86
-80
-73
-67
-60
-51
-44
-36
-27
-19
-12
-5
1
7
13
19
25
31
37
45
53
60
68
77
85
93
100
107
114
117
121
125
125
125
123
121
116
112
106
99
94
86
79
71
64
57
51
46
41
38
35
33
32
31
32
32
33
34
35
37
37
38
39
39
39
40
41
40
41
41
41
41
43
43
46
48
49
53
55
57
59
63
63
63
64
63
60
56
50
43
35
26
14
1
-13
-30
-48
-65
-84
-103
-120
-137
-152
-166
-177
-186
-193
-198
-200
-199
-196
-192
-185
-178
-168
-157
-147
-135
-124
-112
-102
-90
-80
-67
-56
-44
-30
-17
-3
11
26
40
53
65
78
88
97
106
109
112
113
111
109
104
98
90
81
71
61
50
38
25
12
-1
-15
-28
-42
-56
-70
-82
-94
-104
-114
-121
-128
-132
-134
-134
-131
-126
-118
-109
-97
-85
-69
-54
-38
-22
-7
9
22
34
45
55
61
67
71
74
74
74
72
69
68
62
60
55
50
44
38
32
26
20
13
6
-1
-9
-18
-27
-37
-47
-58
-68
-80
-91
-102
-112
-122
-132
-141
-148
-154
-160
-163
-167
-168
-168
-167
-164
-160
-156
-149
-142
-134
-126
-118
-109
-99
-90
-80
-69
-60
-50
-40
-31
-23
-14
-7
0
5
8
13
14
16
18
19
20
20
21
21
21
22
22
22
21
19
17
14
11
7
2
-3
-7
-12
-17
-21
-24
-26
-27
-27
-27
-24
-22
-20
-17
-16
-14
-15
-15
-18
-20
-23
-27
-31
-35
-38
-43
-44
-46
-46
-44
-42
-38
-33
-27
-20
-12
-4
4
13
19
26
30
32
35
33
30
27
20
13
7
-1
-7
-11
-15
-17
-19
-18
-16
-14
-13
-11
-6
-3
-1
2
3
6
8
9
10
11
13
14
17
22
24
29
35
41
48
54
61
67
72
77
81
84
84
86
85
84
80
76
69
64
58
51
44
35
29
22
15
8
1
-5
-13
-20
-26
-31
-37
-42
-47
-51
-54
-57
-57
-55
-56
-54
-53
-46
-40
-33
-23
-15
-3
8
18
29
39
48
57
65
71
76
82
84
87
88
93
95
99
103
106
111
115
123
129
138
145
153
163
174
186
196
206
218
227
236
243
249
254
256
258
257
253
247
239
227
215
200
184
167
149
131
114
98
80
66
53
43
35
30
25
24
24
26
28
30
34
34
35
34
30
23
17
8
-2
-14
-25
-39
-53
-65
-79
-90
-101
-110
-117
-121
-125
-127
-125
-122
-118
-111
-105
-97
-87
-77
-66
-52
-37
-19
0
22
44
69
95
121
148
174
200
223
244
264
281
294
303
307
308
305
298
288
273
256
237
216
191
165
139
110
84
57
32
8
-15
-32
-51
-66
-79
-90
-98
-106
-111
-116
-120
-122
-124
-124
-122
-120
-117
-114
-109
-101
-93
-83
-73
-60
-45
-28
-9
10
31
52
72
92
113
133
149
167
182
196
209
219
225
230
233
232
231
226
220
212
200
190
179
167
157
147
140
133
126
119
111
102
93
85
74
63
50
36
22
9
-5
-18
-30
-41
-50
-56
-59
-60
-58
-54
-46
-35
-22
-5
10
26
43
58
72
84
94
104
113
118
124
128
130
131
131
129
124
118
112
104
93
82
69
56
40
23
5
-11
-28
-47
-66
-84
-102
-117
-130
-141
-150
-158
-163
-165
-166
-165
-161
-158
-155
-149
-145
-144
-144
-146
-149
-151
-154
-155
-156
-156
-153
-148
-141
-132
-120
-104
-91
-76
-59
-42
-24
-9
6
20
31
40
48
54
62
68
75
82
91
101
111
122
131
144
156
166
176
185
192
197
199
201
198
196
189
182
174
160
152
139
128
116
101
86
72
58
42
26
9
-7
-24
-42
-60
-77
-90
-103
-112
-122
-128
-129
-130
-129
-125
-120
-117
-113
-108
-100
-96
-91
-90
-88
-90
-94
-99
-104
-110
-116
-120
-124
-127
-128
-125
-123
-120
-116
-108
-101
-94
-87
-81
-76
-74
-74
-77
-82
-89
-97
-109
-121
-136
-149
-164
-179
-196
-211
-225
-240
-254
-265
-274
-283
-287
-290
-290
-290
-289
-288
-281
-273
-262
-253
-240
-227
-215
-200
-185
-168
-152
-135
-117
-97
-77
-55
-32
-9
11
31
51
71
89
102
114
124
132
137
140
141
140
136
134
129
123
115
105
92
77
63
46
31
14
-5
-22
-37
-53
-66
-76
-86
-92
-98
-100
-100
-99
-98
-98
-97
-96
-96
-97
-98
-100
-103
-105
-108
-110
-112
-111
-109
-107
-102
-98
-91
-84
-76
-67
-62
-55
-51
-43
-39
-35
-31
-30
-26
-26
-26
-26
-26
-27
-28
-29
-30
-32
-34
-35
-34
-33
-31
-26
-23
-17
-11
-6
-1
6
11
15
20
23
25
30
33
37
38
37
38
38
38
38
37
34
33
32
28
26
22
16
11
1
-5
-16
-24
-34
-42
-52
-61
-69
-75
-78
-82
-86
-88
-89
-93
-94
-95
-97
-98
-100
-101
-104
-105
-106
-107
-107
-106
-104
-101
-95
-87
-75
-62
-48
-33
-17
1
20
39
59
79
96
113
127
139
150
160
168
176
184
190
196
200
206
208
210
212
211
210
206
200
196
188
175
160
143
124
103
85
63
39
16
-6
-27
-42
-57
-70
-73
-79
-81
-80
-78
-71
-63
-50
-39
-27
-15
-3
11
22
31
41
50
57
64
69
72
71
69
65
59
53
47
40
33
28
21
12
6
-1
-12
-22
-32
-43
-54
-63
-70
-74
-78
-78
-75
-72
-69
-64
-55
-46
-35
-25
-13
-2
10
23
35
49
62
77
90
103
114
124
135
144
154
160
166
171
174
177
178
180
178
176
171
164
156
147
139
130
118
107
96
84
73
60
47
34
19
5
-11
-27
-44
-62
-76
-92
-107
-122
-136
-149
-161
-174
-184
-194
-202
-206
-210
-211
-211
-209
-202
-191
-178
-161
-145
-127
-108
-90
-72
-55
-38
-24
-11
-1
7
14
20
25
28
30
30
30
28
27
25
22
21
22
23
25
27
31
39
47
53
63
69
74
84
89
96
102
111
115
120
123
121
122
120
117
113
111
106
100
96
89
85
81
77
73
66
60
51
41
31
23
14
4
-4
-10
-16
-19
-20
-21
-21
-22
-22
-22
-23
-25
-24
-23
-24
-23
-22
-23
-24
-23
-23
-25
-25
-28
-30
-33
-35
-36
-33
-31
-32
-31
-32
-31
-29
-29
-30
-27
-27
-28
-25
-25
-25
-24
-17
-10
-3
8
17
28
41
53
65
77
86
96
104
111
115
114
114
112
105
97
92
86
79
76
72
71
73
75
78
80
80
81
84
84
80
77
73
66
60
51
42
32
21
14
8
1
-5
-11
-16
-20
-25
-31
-34
-40
-40
-40
-41
-39
-37
-35
-33
-29
-27
-22
-14
-5
5
16
25
32
42
50
56
63
70
73
76
79
79
79
80
79
77
74
69
65
62
59
57
53
50
45
43
41
35
31
25
19
12
3
-6
-16
-24
-33
-39
-45
-52
-55
-56
-57
-60
-60
-58
-57
-57
-56
-54
-52
-52
-54
-56
-58
-60
-63
-67
-72
-79
-84
-88
-94
-101
-108
-115
-122
-129
-133
-138
-141
-142
-144
-146
-145
-145
-143
-136
-127
-116
-105
-91
-79
-65
-52
-37
-22
-6
9
22
36
46
53
56
60
60
58
56
53
49
46
43
39
37
36
35
39
42
45
52
60
66
73
80
82
84
83
80
74
67
59
49
40
28
16
4
-8
-21
-35
-49
-62
-74
-89
-104
-116
-129
-141
-154
-167
-180
-186
-195
-199
-201
-202
-197
-194
-185
-174
-163
-150
-135
-119
-100
-81
-59
-36
-14
11
35
59
83
105
126
145
164
179
190
201
207
212
211
208
201
192
179
165
150
135
115
92
68
42
15
-13
-38
-66
-93
-118
-140
-158
-176
-189
-198
-207
-213
-215
-215
-211
-205
-198
-188
-175
-164
-152
-137
-125
-110
-98
-84
-71
-56
-40
-27
-11
3
13
25
35
41
48
57
63
68
71
72
74
75
76
76
75
75
74
71
67
62
55
50
46
41
35
30
26
17
12
7
-3
-9
-17
-25
-31
-42
-47
-54
-58
-63
-67
-68
-69
-67
-64
-60
-55
-49
-41
-34
-28
-24
-21
-18
-17
-17
-18
-18
-21
-22
-22
-24
-22
-21
-19
-18
-17
-17
-22
-28
-38
-46
-57
-71
-85
-100
-114
-128
-139
-150
-158
-165
-168
-172
-171
-170
-165
-159
-151
-140
-127
-114
-99
-79
-62
-42
-21
2
25
46
68
92
113
133
150
165
179
192
202
210
217
221
225
227
227
224
220
216
210
203
194
182
171
158
144
129
113
96
81
66
52
38
25
16
9
1
-5
-8
-16
-23
-30
-37
-44
-50
-59
-68
-74
-84
-91
-97
-104
-110
-118
-125
-133
-141
-150
-160
-166
-172
-176
-181
-184
-185
-185
-180
-175
-167
-157
-145
-131
-116
-100
-84
-69
-52
-37
-20
-6
9
21
34
45
53
60
65
69
71
72
74
74
74
76
76
76
76
75
77
79
83
85
87
91
96
100
102
108
113
120
126
130
134
139
147
153
159
163
166
168
167
165
161
155
146
137
124
111
94
75
60
41
25
9
-7
-25
-41
-55
-67
-79
-90
-100
-108
-113
-118
-119
-118
-117
-115
-109
-104
-97
-88
-83
-73
-64
-51
-40
-30
-19
-10
0
11
16
21
25
26
27
23
21
15
8
3
-3
-7
-12
-19
-27
-31
-35
-37
-38
-35
-34
-30
-23
-19
-13
-8
-2
6
13
17
24
33
42
49
56
66
76
85
92
99
106
108
114
115
112
111
103
97
86
75
63
52
40
28
18
7
0
-8
-13
-19
-21
-24
-26
-24
-25
-24
-24
-22
-20
-18
-17
-11
-5
0
8
13
19
21
24
29
27
28
28
26
23
19
11
4
-3
-12
-19
-27
-34
-44
-53
-57
-62
-67
-71
-75
-77
-82
-83
-86
-88
-87
-88
-87
-86
-87
-84
-78
-71
-63
-53
-45
-35
-24
-15
-3
9
19
31
42
53
62
72
85
96
107
117
127
138
147
152
156
159
160
161
159
156
150
142
137
128
115
100
85
67
48
28
7
-12
-33
-56
-78
-101
-123
-143
-158
-173
-189
-201
-209
-217
-220
-220
-218
-210
-202
-189
-174
-158
-140
-119
-97
-73
-49
-27
-6
15
35
54
73
92
109
125
141
154
163
168
172
170
164
153
140
122
103
82
57
33
6
-19
-44
-70
-94
-117
-131
-144
-155
-164
-173
-178
-179
-177
-174
-166
-153
-137
-121
-104
-88
-66
-43
-22
0
19
39
58
74
87
99
107
113
117
119
118
117
112
109
105
100
94
85
75
62
49
36
22
7
-7
-19
-28
-37
-46
-49
-54
-56
-57
-58
-57
-56
-55
-54
-53
-53
-54
-56
-60
-65
-70
-74
-78
-84
-86
-85
-83
-80
-74
-68
-62
-53
-47
-39
-30
-23
-13
-1
10
23
36
50
64
79
96
111
125
140
151
160
167
171
172
174
172
166
162
154
144
134
122
109
94
78
61
43
24
4
-13
-30
-48
-62
-78
-91
-101
-110
-114
-117
-117
-118
-113
-109
-101
-89
-78
-61
-48
-34
-21
-8
4
15
24
32
39
45
48
51
53
50
47
43
35
29
21
11
2
-9
-18
-28
-39
-50
-59
-66
-72
-79
-84
-83
-83
-81
-78
-72
-65
-56
-45
-35
-21
-7
6
19
30
39
48
61
70
78
83
90
97
103
110
112
114
119
120
117
116
112
107
102
95
86
77
66
53
38
25
11
-5
-19
-34
-49
-65
-80
-98
-113
-132
-150
-169
-184
-200
-217
-229
-241
-249
-254
-256
-256
-253
-247
-238
-225
-211
-195
-177
-159
-140
-119
-99
-76
-53
-30
-7
15
36
55
70
88
102
114
126
132
141
145
149
151
151
150
147
142
134
126
114
105
91
74
61
43
25
8
-8
-25
-39
-51
-62
-72
-82
-91
-95
-96
-97
-96
-95
-93
-91
-88
-84
-77
-70
-62
-53
-42
-29
-18
-5
12
27
43
60
74
88
100
109
116
120
123
124
122
121
115
110
102
90
78
64
50
31
13
-5
-22
-41
-59
-77
-95
-108
-123
-135
-143
-149
-153
-156
-153
-149
-144
-137
-128
-118
-107
-95
-81
-67
-55
-40
-25
-8
7
22
34
48
59
68
76
81
86
89
91
93
93
94
93
90
87
84
80
76
72
65
59
52
46
40
37
34
28
29
31
34
37
40
46
52
58
64
70
76
78
80
79
79
75
72
70
66
61
53
44
37
28
18
9
-3
-13
-24
-35
-45
-55
-62
-68
-72
-76
-79
-78
-77
-71
-64
-59
-49
-40
-28
-16
-2
7
18
30
41
49
58
65
70
76
78
80
77
72
67
59
50
39
26
16
3
-8
-21
-31
-41
-48
-52
-57
-58
-58
-54
-51
-45
-41
-34
-25
-15
-3
9
23
37
50
63
76
87
99
108
116
122
124
124
127
127
123
117
110
103
95
86
76
66
58
48
40
33
22
14
8
0
-8
-15
-20
-25
-30
-33
-36
-41
-41
-41
-41
-36
-35
-31
-28
-26
-27
-28
-30
-35
-40
-46
-54
-63
-71
-80
-89
-97
-105
-111
-119
-124
-129
-132
-133
-135
-134
-136
-133
-129
-125
-118
-113
-104
-98
-88
-75
-60
-48
-35
-22
-9
4
15
27
37
48
56
63
68
74
77
79
81
80
79
76
71
69
63
58
51
44
35
26
20
11
5
-1
-5
-12
-19
-24
-26
-27
-29
-29
-29
-31
-30
-31
-30
-31
-31
-30
-29
-28
-28
-29
-28
-28
-27
-25
-26
-25
-25
-24
-21
-22
-20
-17
-16
-13
-13
-13
-15
-17
-18
-21
-24
-28
-32
-39
-44
-50
-56
-62
-68
-73
-79
-85
-92
-97
-103
-108
-114
-119
-123
-125
-127
-127
-125
-118
-109
-99
-86
-71
-58
-41
-26
-7
12
28
47
67
86
104
125
142
158
172
185
197
205
211
215
214
210
208
200
190
179
163
149
135
120
104
86
70
53
37
20
2
-15
-29
-45
-58
-70
-80
-88
-93
-96
-100
-100
-102
-101
-98
-95
-91
-87
-83
-77
-70
-65
-58
-52
-46
-42
-39
-37
-35
-34
-34
-33
-34
-33
-34
-35
-36
-37
-39
-39
-37
-37
-37
-34
-32
-29
-27
-26
-25
-27
-25
-25
-23
-22
-20
-18
-16
-11
-7
0
6
11
13
16
19
20
22
22
22
23
23
24
28
32
36
42
51
60
68
77
87
97
109
118
127
137
142
151
159
164
165
167
164
161
155
146
133
118
104
86
68
47
25
3
-19
-42
-68
-93
-119
-144
-168
-193
-216
-238
-259
-274
-288
-297
-304
-306
-302
-295
-285
-273
-257
-237
-217
-194
-171
-145
-118
-89
-60
-30
0
31
59
87
113
135
159
178
195
210
222
234
244
249
255
259
258
257
256
251
245
236
225
213
198
186
173
160
149
136
125
115
102
92
84
73
60
47
31
14
-3
-23
-41
-62
-79
-93
-107
-116
-126
-132
-131
-132
-130
-126
-121
-112
-106
-98
-87
-75
-60
-43
-25
-7
11
31
51
71
90
108
121
132
139
144
144
140
135
123
109
92
73
52
32
10
-12
-37
-61
-86
-114
-136
-160
-181
-198
-213
-224
-230
-235
-234
-228
-220
-210
-196
-182
-165
-144
-123
-100
-77
-53
-29
-6
16
40
61
80
97
110
121
130
134
137
137
134
129
120
113
106
95
85
74
66
57
50
43
38
31
28
24
23
22
20
22
22
23
21
25
24
25
25
24
22
22
21
16
15
11
6
2
-7
-14
-22
-31
-38
-47
-56
-64
-71
-78
-82
-85
-87
-88
-88
-86
-82
-76
-71
-64
-57
-49
-41
-32
-22
-10
0
10
18
23
29
34
37
40
40
38
35
31
24
17
7
-2
-13
-23
-34
-45
-53
-62
-69
-76
-83
-89
-91
-92
-92
-91
-90
-86
-81
-77
-70
-63
-53
-45
-37
-27
-22
-16
-10
-3
3
9
15
20
23
25
25
24
23
20
16
8
0
-9
-18
-27
-37
-49
-57
-67
-75
-77
-80
-77
-75
-70
-63
-55
-45
-37
-27
-20
-15
-8
-4
1
6
10
16
19
23
26
30
33
37
39
41
42
41
38
31
26
16
6
-4
-12
-20
-25
-29
-33
-36
-39
-40
-41
-42
-44
-45
-48
-48
-49
-49
-48
-46
-41
-34
-28
-22
-14
-7
3
11
19
26
33
38
45
52
61
71
81
92
104
116
129
142
152
163
173
181
187
190
193
194
194
193
191
187
181
172
163
155
145
135
121
109
96
84
72
60
49
35
24
13
1
-9
-20
-28
-38
-47
-55
-63
-70
-76
-79
-81
-80
-81
-80
-80
-78
-78
-77
-73
-72
-71
-70
-69
-70
-71
-73
-73
-73
-73
-71
-68
-62
-55
-47
-37
-25
-14
-1
11
23
35
47
58
69
77
84
90
94
95
95
93
90
86
81
75
65
55
44
35
24
13
5
-6
-16
-26
-36
-41
-48
-55
-60
-65
-67
-70
-69
-68
-64
-57
-49
-39
-28
-17
-4
9
22
33
44
50
55
56
57
56
51
46
38
32
25
18
12
8
4
-1
-6
-9
-13
-16
-21
-27
-32
-38
-41
-43
-45
-46
-44
-39
-33
-26
-17
-8
-1
8
16
23
27
30
31
29
23
14
6
-3
-9
-17
-25
-34
-39
-45
-48
-51
-55
-58
-61
-64
-68
-73
-74
-75
-74
-74
-71
-64
-58
-45
-34
-21
-6
9
25
42
55
66
75
85
93
100
104
107
107
107
105
100
94
86
76
62
47
29
9
-11
-33
-57
-80
-100
-120
-139
-153
-163
-176
-184
-189
-192
-195
-196
-194
-189
-184
-175
-166
-156
-145
-131
-116
-102
-85
-68
-50
-36
-23
-13
-4
1
4
6
6
5
6
6
8
9
11
14
19
23
26
28
29
32
33
35
36
39
43
45
49
52
59
66
73
78
83
87
88
90
87
82
76
67
58
49
40
31
23
16
10
5
2
-1
-5
-6
-7
-9
-11
-13
-14
-17
-20
-22
-23
-24
-27
-27
-27
-27
-25
-21
-18
-14
-11
-7
-4
-2
1
1
0
-2
-4
-10
-15
-23
-31
-37
-46
-53
-61
-69
-75
-82
-85
-88
-91
-90
-89
-88
-86
-82
-75
-70
-65
-57
-50
-42
-34
-25
-16
-6
5
16
29
43
58
71
85
101
114
127
139
149
156
162
166
165
164
160
154
146
136
126
114
105
93
81
70
59
48
36
24
10
-5
-20
-38
-55
-74
-91
-109
-126
-140
-154
-165
-172
-173
-172
-167
-157
-144
-128
-110
-89
-69
-46
-23
-1
20
41
59
78
93
107
120
130
142
149
155
159
159
158
155
149
142
131
120
106
91
77
63
48
35
24
14
7
0
-7
-12
-15
-16
-17
-18
-16
-14
-11
-8
-3
2
7
14
18
24
27
31
36
38
41
42
43
42
40
38
36
34
32
29
25
23
20
17
15
14
11
10
9
8
9
8
9
9
10
12
14
15
16
18
20
21
21
21
20
18
13
8
2
-4
-11
-20
-29
-40
-50
-62
-71
-81
-90
-98
-106
-112
-116
-118
-117
-113
-107
-100
-90
-81
-69
-56
-42
-26
-13
4
22
39
54
70
86
100
116
129
141
150
159
164
169
171
170
166
161
155
146
135
122
111
96
82
68
53
38
24
12
-2
-14
-26
-35
-43
-49
-53
-55
-54
-54
-51
-46
-41
-36
-28
-18
-9
1
12
22
31
40
48
53
59
64
64
66
68
64
62
59
51
44
36
27
17
7
-3
-14
-23
-32
-40
-48
-54
-59
-64
-66
-68
-70
-70
-69
-69
-68
-65
-62
-58
-56
-52
-49
-45
-41
-37
-33
-29
-27
-23
-20
-17
-14
-11
-7
-3
1
5
10
15
19
22
28
31
35
36
37
39
39
38
37
36
35
34
32
29
27
26
25
23
22
21
17
17
14
12
8
5
2
-2
-6
-10
-12
-15
-18
-20
-22
-23
-24
-23
-23
-23
-23
-22
-22
-21
-20
-20
-20
-19
-19
-20
-18
-18
-18
-19
-20
-20
-22
-22
-22
-23
-24
-24
-24
-24
-24
-24
-24
-25
-26
-27
-29
-31
-34
-36
-40
-42
-45
-47
-50
-52
-52
-54
-53
-53
-51
-49
-46
-44
-42
-40
-39
-37
-36
-33
-33
-30
-29
-26
-22
-20
-15
-10
-5
0
6
10
14
19
22
24
26
26
26
25
24
22
19
16
14
12
9
7
6
6
0
-2
-2
-2
-1
-2
-1
-1
-1
-1
-1
-1
-1
-1
-1
-2
-2
-2
-2
-2
-3
-2
-2
-3
-2
-2
-2
-2
-2
-2
-2
-2
-1
-1
0
0
0
0
0
1
0
1
1
1
0
1
1
1
1
1
1
0
0
0
0
0
-1
0
-1
-2
-2
-2
-1
-2
-2
-2
-2
-1
-2
-1
-1
-1
-1
0
0
-1
0
-1
0
0
-1
0
0
0
-1
0
0
-1
-1
-1
-1
-1
-1
-1
-1
-1
-1
-1
-1
-1
0
-1
0
-1
-1
-1
-1
0
-1
-1
-1
-1
-1
-1
0
-1
0
-1
-1
-1
-2
-1
-2
-1
-1
-1
-1
-2
-1
-1
0
-1
-1
-1
-1
0
-1
0
-1
0
-1
0
-1
0
-1
0
-1
0
-1
0
-1
0
-1
-1
0
-1
0
-1
0
-1
0
-1
0
-1
0
-1
0
-1
0
-1
0
-1
0
-1
0
-1
-1
0
-1
0
-1
0
-1
0
-1
0
-1
0
-1
-1
0
-1
0
-1
0
-1
0
-1
0
-1
0
0
-1
0
-1
0
-1
0
0
-1
0
-1
-1
-1
0
-1
-1
0
-1
-1
-1
0
-1
-1
-1
-1
0
-1
-1
0
-1
0
-1
0
-1
-1
0
-1
0
0
0
0
0
-1
0
-1
0
-1
0
-1
0
-1
0
-1
0
-1
0
-1
0
-1
0
0
0
0
-1
-1
-1
-1
0
-1
-1
0
-1
-1
0
-1
-2
-1
-1
-2
-1
-1
-1
-2
-1
-1
-1
-1
-1
-1
-1
-1
-1
-2
-1
-1
-1
0
0
0
0
0
0
0
-1
0
-1
0
-1
0
-1
0
0
-1
-1
-1
-1
-1
-1
-1
-1
-1
-1
0
-1
-1
-1
-1
-1
-1
-2
-1
-2
-2
-2
-3
-2
-2
-3
-2
-3
-2
-2
-2
-3
-2
-3
-3
-2
-2
-2
-2
-2
-2
-2
-2
-1
-2
-1
-1
-1
-1
-1
-1
-2
-2
-1
-2
-1
-1
-2
-2
-1
-1
-2
-2
-2
-1
-1
-2
-1
-1
-1
-1
0
-1
-1
0
-1
0
-1
-1
0
-1
0
-1
0
-1
0
-1
0
-1
0
-1
0
-1
0
-1
0
-1
0
0
-1
0
-1
0
-1
0
-1
0
-1
0
-1
0
-1
0
-1
0
-1
0
-1
0
-1
0
-1
0
-1
0
0
-1
0
-1
0
-1
0
-1
0
-1
0
-1
0
-1
0
-1
0
-1
0
-1
0
-1
0
-1
0
0
0
0
0
0
0
0
0
0
0
0
0
0
0
0
0
0
0
0
0
0
0
0
0
0
0
0
0
0
0
0
0
0
0
0
0
0
0
0
0
0
0
0
0
0
0
0
0
0
0
0
0
0
0
0
0
0
0
0
0
0
0
0
0
0
0
0
0
0
0
0
0
0
0
0
0
0
0
0
0
0
0
0
0
0
0
0
0
0
0
0
0
0
0
0
0
0
0
0
0
0
0
0
0
0
0
0
0
0
0
0
0
0
0
0
0
0
0
0
0
0
0
0
0
0
0
0
0
0
0
0
0
0
0
0
0
0
0
0
0
0
0
0
0
0
0
0
0
0
0
0
0
0
0
0
0
0
0
0
0
0
0
0
0
0
0
0
0
0
0
0
0
0
0
0
0
0
0
0
0
0
0
0
0
0
0
0
0
0
0
0
0
0
0
0
0
0
0
0
0
0
0
0
0
0
0
0
0
0
0
0
0
0
0
0
0
0
0
0
0
0
0
0
0
0
0
0
0
0
0
0
0
0
0
0
0
0
0
0
0
0
0
0
0
0
0
0
0
0
0
0
0
0
0
0
0
0
0
0
0
0
0
0
0
0
0
0
0
0
0
0
0
0
0
0
0
0
0
0
0
0
0
0
0
0
0
0
0
0
0
0
0
0
0
0
0
0
0
0
0
0
0
0
0
0
0
0
0
0
0
0
0
0
0
0
0
0
0
0
0
0
0
0
0
0
0
0
0
0
0
0
0
0
0
0
0
0
0
0
0
0
0
0
0
0
0
0
0
0
0
0
0
0
0
0
0
0
0
0
0
0
0
0
0
0
0
0
0
0
0
0
0
0
0
0
0
0
0
0
0
0
0
0
0
0
0
0
0
0
0
0
0
0
0
0
0
0
0
0
0
0
0
0
0
0
0
0
0
0
0
0
0
0
0
0
0
0
0
0
0
0
0
0
0
0
0
0
0
0
0
0
0
0
0
0
0
0
0
0
0
0
0
0
0
0
0
0
0
0
0
0
0
0
0
0
0
0
0
0
0
0
0
0
0
0
0
0
0
0
0
0
0
0
0
0
0
0
0
0
0
0
0
0
0
0
0
0
0
0
0
0
0
0
0
0
0
0
0
0
0
0
0
0
0
0
0
0
0
0
0
0
0
0
0
0
0
0
0
0
0
0
0
0
0
0
0
0
0
0
0
0
0
0
0
0
0
0
0
0
0
0
0
0
0
0
0
0
0
0
0
0
0
0
0
0
0
0
0
0
0
0
0
0
0
0
0
0
0
0
0
0
0
0
0
0
0
0
0
0
0
0
0
0
0
0
0
0
0
0
0
0
0
0
0
0
0
0
0
0
0
0
0
0
0
0
0
0
0
0
0
0
0
0
0
0
0
0
0
0
0
0
0
0
0
0
0
0
0
0
0
0
0
0
0
0
0
0
0
0
0
0
0
0
0
0
0
0
0
0
0
0
0
0
0
0
0
0
0
0
0
0
0
0
0
0
0
0
0
0
0
0
0
0
0
0
0
0
0
0
0
0
0
0
0
0
0
0
0
0
0
0
0
0
0
0
0
0
0
0
0
0
0
0
0
0
0
0
0
0
0
0
0
0
0
0
0
0
0
0
0
0
0
0
0
0
0
0
0
0
0
0
0
0
0
0
0
0
0
0
0
0
0
0
0
0
0
0
0
0
0
0
0
0
0
0
0
0
0
0
0
0
0
0
0
0
0
0
0
0
0
0
0
0
0
0
0
0
0
0
0
0
0
0
0
0
0
0
0
0
0
0
0
0
0
0
0
0
0
0
0
0
0
0
0
0
0
0
0
0
0
0
0
0
0
0
0
0
0
0
0
0
0
0
0
0
0
0
0
0
0
0
0
0
0
0
0
0
0
0
0
0
0
0
0
0
0
0
0
0
0
0
0
0
0
0
0
0
0
0
0
0
0
0
0
0
0
0
0
0
0
0
0
0
0
0
0
0
0
0
0
0
0
0
0
0
0
0
0
0
0
0
0
0
0
0
0
0
0
0
0
0
0
0
0
0
0
0
0
0
0
0
0
0
0
0
0
0
0
0
0
0
0
0
0
0
0
0
0
0
0
0
0
0
0
0
0
0
0
0
0
0
0
0
0
0
0
0
0
0
0
0
0
0
0
0
0
0
0
0
0
0
0
0
0
0
0
0
0
0
0
0
0
0
0
0
0
0
0
0
0
0
0
0
0
0
0
0
0
0
0
0
0
0
0
0
0
0
0
0
0
0
0
0
0
0
0
0
0
0
0
0
0
0
0
0
0
0
0
0
0
0
0
0
0
0
0
0
0
0
0
0
0
0
0
0
0
0
0
0
0
0
0
0
0
0
0
0
0
0
0
0
0
0
0
0
0
0
0
0
0
0
0
0
0
0
0
0
0
0
0
0
0
0
0
0
0
0
0
0
0
0
0
0
0
0
0
0
0
0
0
0
0
0
0
0
0
0
0
0
0
0
0
0
0
0
0
0
0
0
0
0
0
0
0
0
0
0
0
0
0
0
0
0
0
0
0
0
0
0
0
0
0
0
0
0
0
0
0
0
0
0
0
0
0
0
0
0
0
0
0
0
0
0
0
0
0
0
0
0
0
0
0
0
0
0
0
0
0
0
0
0
0
0
0
0
0
0
0
0
0
0
0
0
0
0
0
0
0
0
0
0
0
0
0
0
0
0
0
0
0
0
0
0
0
0
0
0
0
0
0
0
0
0
0
0
0
0
0
0
0
0
0
0
0
0
0
0
0
0
0
0
0
0
0
0
0
0
0
0
0
0
0
0
0
0
0
0
0
0
0
0
0
0
0
0
0
0
0
0
0
0
0
0
0
0
0
0
0
0
0
0
0
0
0
0
0
0
0
0
0
0
0
0
0
0
0
0
0
0
0
0
0
0
0
0
0
0
0
0
0
0
0
0
0
0
0
0
0
0
0
0
0
0
0
0
0
0
0
0
0
0
0
0
0
0
0
0
0
0
0
0
0
0
0
0
0
0
0
0
0
0
0
0
0
0
0
0
0
0
0
0
0
0
0
0
0
0
0
0
0
0
0
0
0
0
0
0
0
0
0
0
0
0
0
0
0
0
0
0
0
0
0
0
0
0
0
0
0
0
0
0
0
0
0
0
0
0
0
0
0
0
0
0
0
0
0
0
0
0
0
0
0
0
0
0
0
0
0
0
0
0
0
0
0
0
0
0
0
0
0
0
0
0
0
0
0
0
0
0
0
0
0
0
0
0
0
0
0
0
0
0
0
0
0
0
0
0
0
0
0
0
0
0
0
0
0
0
0
0
0
0
0
0
0
0
0
0
0
0
0
0
0
0
0
0
0
0
0
0
0
0
0
0
0
0
0
0
0
0
0
0
0
0
0
0
0
0
0
0
0
0
0
0
0
0
0
0
0
0
0
0
0
0
0
0
0
0
0
0
0
0
0
0
0
0
0
0
0
0
0
0
0
0
0
0
0
0
0
0
0
0
0
0
0
0
0
0
0
0
0
0
0
0
0
0
0
0
0
0
0
0
0
0
0
0
0
0
0
0
0
0
0
0
0
0
0
0
0
0
0
0
0
0
0
0
0
0
0
0
0
0
0
0
0
0
0
0
0
0
0
0
0
0
0
0
0
0
0
0
0
0
0
0
0
0
0
0
0
0
0
0
0
0
0
0
0
0
0
0
0
0
0
0
0
0
0
0
0
0
0
0
0
0
0
0
0
0
0
0
0
0
0
0
0
0
0
0
0
0
0
0
0
0
0
0
0
0
0
0
0
0
0
0
0
0
0
0
0
0
0
0
0
0
0
0
0
0
0
0
0
0
0
0
0
0
0
0
0
0
0
0
0
0
0
0
0
0
0
0
0
0
0
0
0
0
0
0
0
0
0
0
0
0
0
0
0
0
0
0
0
0
0
0
0
0
0
0
0
0
0
0
0
0
0
0
0
0
0
0
0
0
0
0
0
0
0
0
0
0
0
0
0
0
0
0
0
0
0
0
0
0
0
0
0
0
0
0
0
0
0
0
0
0
0
0
0
0
0
0
0
0
0
0
0
0
0
0
0
0
0
0
0
0
0
0
0
0
0
0
0
0
0
0
0
0
0
0
0
0
0
0
0
0
0
0
0
0
0
0
0
0
0
0
0
0
0
0
0
0
0
0
0
0
0
0
0
0
0
0
0
0
0
0
0
0
0
0
0
0
0
0
0
0
0
0
0
0
0
0
0
0
0
0
0
0
0
0
0
0
0
0
0
0
0
0
0
0
0
0
0
0
0
0
0
0
0
0
0
0
0
0
0
0
0
0
0
0
0
0
0
0
0
0
0
0
0
0
0
0
0
0
0
0
0
0
0
0
0
0
0
0
0
0
0
0
0
0
0
0
0
0
0
0
0
0
0
0
0
0
0
0
0
0
0
0
0
0
0
0
0
0
0
0
0
0
0
0
0
0
0
0
0
0
0
0
0
0
0
0
0
0
0
0
0
0
0
0
0
0
0
0
0
0
0
0
0
0
0
0
0
0
0
0
0
0
0
0
0
0
0
0
0
0
0
0
0
0
0
0
0
0
0
0
0
0
0
0
0
0
0
0
0
0
0
0
0
0
0
0
0
0
0
0
0
0
0
0
0
0
0
0
0
0
0
0
0
0
0
0
0
0
0
0
0
0
0
0
0
0
0
0
0
0
0
0
0
0
0
0
0
0
0
0
0
0
0
0
0
0
0
0
0
0
0
0
0
0
0
0
0
0
0
0
0
0
0
0
0
0
0
0
0
0
0
0
0
0
0
0
0
0
0
0
0
0
0
0
0
0
0
0
0
0
0
0
0
0
0
0
0
0
0
0
0
0
0
0
0
0
0
0
0
0
0
0
0
0
0
0
0
0
0
0
0
0
0
0
0
0
0
0
0
0
0
0
0
0
0
0
0
0
0
0
0
0
0
0
0
0
0
0
0
0
0
0
0
0
0
0
0
0
0
0
0
0
0
0
0
0
0
0
0
0
0
0
0
0
0
0
0
0
0
0
0
0
0
0
0
0
0
0
0
0
0
0
0
0
0
0
0
0
0
0
0
0
0
0
0
0
0
0
0
0
0
0
0
0
0
0
0
0
0
0
0
0
0
0
0
0
0
0
0
0
0
0
0
0
0
0
0
0
0
0
0
0
0
0
0
0
0
0
0
0
0
0
0
0
0
0
0
0
0
0
0
0
0
0
0
0
0
0
0
0
0
0
0
0
0
0
0
0
0
0
0
0
0
0
0
0
0
0
0
0
0
0
0
0
0
0
0
0
0
0
0
0
0
0
0
0
0
0
0
0
0
0
0
0
0
0
0
0
0
0
0
0
0
0
0
0
0
0
0
0
0
0
0
0
0
0
0
0
0
0
0
0
0
0
0
0
0
0
0
0
0
0
0
0
0
0
0
0
0
0
0
0
0
0
0
0
0
0
0
0
0
0
0
0
0
0
0
0
0
0
0
0
0
0
0
0
0
0
0
0
0
0
0
0
0
0
0
0
0
0
0
0
0
0
0
0
0
0
0
0
0
0
0
0
0
0
0
0
0
0
0
0
0
0
0
0
0
0
0
0
0
0
0
0
0
0
0
0
0
0
0
0
0
0
0
0
0
0
0
0
0
0
0
0
0
0
0
0
0
0
0
0
0
0
0
0
0
0
0
0
0
0
0
0
0
0
0
0
0
0
0
0
0
0
0
0
0
0
0
0
0
0
0
0
0
0
0
0
0
0
0
0
0
0
0
0
0
0
0
0
0
0
0
0
0
0
0
0
0
0
0
0
0
0
0
0
0
0
0
0
0
0
0
0
0
0
0
0
0
0
0
0
0
0
0
0
0
0
0
0
0
0
0
0
0
0
0
0
0
0
0
0
0
0
0
0
0
0
0
0
0
0
0
0
0
0
0
0
0
0
0
0
0
0
0
0
0
0
0
0
0
0
0
0
0
0
0
0
0
0
0
0
0
0
0
0
0
0
0
0
0
0
0
0
0
0
0
0
0
0
0
0
0
0
0
0
0
0
0
0
0
0
0
0
0
0
0
0
0
0
0
0
0
0
0
0
0
0
0
0
0
0
0
0
0
0
0
0
0
0
0
0
0
0
0
0
0
0
0
0
0
0
0
0
0
0
0
0
0
0
0
0
0
0
0
0
0
0
0
0
0
0
0
0
0
0
0
0
0
0
0
0
0
0
0
0
0
0
0
0
0
0
0
0
0
0
0
0
0
0
0
0
0
0
0
0
0
0
0
0
0
0
0
0
0
0
0
0
0
0
0
0
0
0
0
0
0
0
0
0
0
0
0
0
0
0
0
0
0
0
0
0
0
0
0
0
0
0
0
0
0
0
0
0
0
0
0
0
0
0
0
0
0
0
0
0
0
0
0
0
0
0
0
0
0
0
0
0
0
0
0
0
0
0
0
0
0
0
0
0
0
0
0
0
0
0
0
0
0
0
0
0
0
0
0
0
0
0
0
0
0
0
0
0
0
0
0
0
0
0
0
0
0
0
0
0
0
0
0
0
0
0
0
0
0
0
0
0
0
0
0
0
0
0
0
0
0
0
0
0
0
0
0
0
0
0
0
0
0
0
0
0
0
0
0
0
0
0
0
0
0
0
0
0
0
0
0
0
0
0
0
0
0
0
0
0
0
0
0
0
0
0
0
0
0
0
0
0
0
0
0
0
0
0
0
0
0
0
0
0
0
0
0
0
0
0
0
0
0
0
0
0
0
0
0
0
0
0
0
0
0
0
0
0
0
0
0
0
0
0
0
0
0
0
0
0
0
0
0
0
0
0
0
0
0
0
0
0
0
0
0
0
0
0
0
0
0
0
0
0
0
0
0
0
0
0
0
0
0
0
0
0
0
0
0
0
0
0
0
0
0
0
0
0
0
0
0
0
0
0
0
0
0
0
0
0
0
0
0
0
0
0
0
0
0
0
0
0
0
0
0
0
0
0
0
0
0
0
0
0
0
0
0
0
0
0
0
0
0
0
0
0
0
0
0
0
0
0
0
0
0
0
0
0
0
0
0
0
0
0
0
0
0
0
0
0
0
0
0
0
0
0
0
0
0
0
0
0
0
0
0
0
0
0
0
0
0
0
0
0
0
0
0
0
0
0
0
0
0
0
0
0
0
0
0
0
0
0
0
0
0
0
0
0
0
0
0
0
0
0
0
0
0
0
0
0
0
0
0
0
0
0
0
0
0
0
0
0
0
0
0
0
0
0
0
0
0
0
0
0
0
0
0
0
0
0
0
0
0
0
0
0
0
0
0
0
0
0
0
0
0
0
0
0
0
0
0
0
0
0
0
0
0
0
0
0
0
0
0
0
0
0
0
0
0
0
0
0
0
0
0
0
0
0
0
0
0
0
0
0
0
0
0
0
0
0
0
0
0
0
0
0
0
0
0
0
0
0
0
0
0
0
0
0
0
0
0
0
0
0
0
0
0
0
0
0
0
0
0
0
0
0
0
0
0
0
0
0
0
0
0
0
0
0
0
0
0
0
0
0
0
0
0
0
0
0
0
0
0
0
0
0
0
0
0
0
0
0
0
0
0
0
0
0
0
0
0
0
0
0
0
0
0
0
0
0
0
0
0
0
0
0
0
0
0
0
0
0
0
0
0
0
0
0
0
0
0
0
0
0
0
0
0
0
0
0
0
0
0
0
0
0
0
0
0
0
0
0
0
0
0
0
0
0
0
0
0
0
0
0
0
0
0
0
0
0
0
0
0
0
0
0
0
0
0
0
0
0
0
0
0
0
0
0
0
0
0
0
0
0
0
0
0
0
0
0
0
0
0
0
0
0
0
0
0
0
0
0
0
0
0
0
0
0
0
0
0
0
0
0
0
0
0
0
0
0
0
0
0
0
0
0
0
0
0
0
0
0
0
0
0
0
0
0
0
0
0
0
0
0
0
0
0
0
0
0
0
0
0
0
0
0
0
0
0
0
0
0
0
0
0
0
0
0
0
0
0
0
0
0
0
0
0
0
0
0
0
0
0
0
0
0
0
0
0
0
0
0
0
0
0
0
0
0
0
0
0
0
0
0
0
0
0
0
0
0
0
0
0
0
0
0
0
0
0
0
0
0
0
0
0
0
0
0
0
0
0
0
0
0
0
0
0
0
0
0
0
0
0
0
0
0
0
0
0
0
0
0
0
0
0
0
0
0
0
0
0
0
0
0
0
0
0
0
0
0
0
0
0
0
0
0
0
0
0
0
0
0
0
0
0
0
0
0
0
0
0
0
0
0
0
0
0
0
0
0
0
0
0
0
0
0
0
0
0
0
0
0
0
0
0
0
0
0
0
0
0
0
0
0
0
0
0
0
0
0
0
0
0
0
0
0
0
0
0
0
0
0
0
0
0
0
0
0
0
0
0
0
0
0
0
0
0
0
0
0
0
0
0
0
0
0
0
0
0
0
0
0
0
0
0
0
0
0
0
0
0
0
0
0
0
0
0
0
0
0
0
0
0
0
0
0
0
0
0
0
0
0
0
0
0
0
0
0
0
0
0
0
0
0
0
0
0
0
0
0
0
0
0
0
0
0
0
0
0
0
0
0
0
0
0
0
0
0
0
0
0
0
0
0
0
0
0
0
0
0
0
0
0
0
0
0
0
0
0
0
0
0
0
0
0
0
0
0
0
0
0
0
0
0
0
0
0
0
0
0
0
0
0
0
0
0
0
0
0
0
0
0
0
0
0
0
0
0
0
0
0
0
0
0
0
0
0
0
0
0
0
0
0
0
0
0
0
0
0
0
0
0
0
0
0
0
0
0
0
0
0
0
0
0
0
0
0
0
0
0
0
0
0
0
0
0
0
0
0
0
0
0
0
0
0
0
0
0
0
0
0
0
0
0
0
0
0
0
0
0
0
0
0
0
0
0
0
0
0
0
0
0
0
0
0
0
0
0
0
0
0
0
0
0
0
0
0
0
0
0
0
0
0
0
0
0
0
0
0
0
0
0
0
0
0
0
0
0
0
0
0
0
0
0
0
0
0
0
0
0
0
0
0
0
0
0
0
0
0
0
0
0
0
0
0
0
0
0
0
0
0
0
0
0
0
0
0
0
0
0
0
0
0
0
0
0
0
0
0
0
0
0
0
0
0
0
0
0
0
0
0
0
0
0
0
0
0
0
0
0
0
0
0
0
0
0
0
0
0
0
0
0
0
0
0
0
0
0
0
0
0
0
0
0
0
0
0
0
0
0
0
0
0
0
0
0
0
0
0
0
0
0
0
0
0
0
0
0
0
0
0
0
0
0
0
0
0
0
0
0
0
0
0
0
0
0
0
0
0
0
0
0
0
0
0
0
0
0
0
0
0
0
0
0
0
0
0
0
0
0
0
0
0
0
0
0
0
0
0
0
0
0
0
0
0
0
0
0
0
0
0
0
0
0
0
0
0
0
0
0
0
0
0
0
0
0
0
0
0
0
0
0
0
0
0
0
0
0
0
0
0
0
0
0
0
0
0
0
0
0
0
0
0
0
0
0
0
0
0
0
0
0
0
0
0
0
0
0
0
0
0
0
0
0
0
0
0
0
0
0
0
0
0
0
0
0
0
0
0
0
0
0
0
0
0
0
0
0
0
0
0
0
0
0
0
0
0
0
0
0
0
0
0
0
0
0
0
0
0
0
0
0
0
0
0
0
0
0
0
0
0
0
0
0
0
0
0
0
0
0
0
0
0
0
0
0
0
0
0
0
0
0
0
0
0
0
0
0
0
0
0
0
0
0
0
0
0
0
0
0
0
0
0
0
0
0
0
0
0
0
0
0
0
0
0
0
0
0
0
0
0
0
0
0
0
0
0
0
0
0
0
0
0
0
0
0
0
0
0
0
0
0
0
0
0
0
0
0
0
0
0
0
0
0
0
0
0
0
0
0
0
0
0
0
0
0
0
0
0
0
0
0
0
0
0
0
0
0
0
0
0
0
0
0
0
0
0
0
0
0
0
0
0
0
0
0
0
0
0
0
0
0
0
0
0
0
0
0
0
0
0
0
0
0
0
0
0
0
0
0
0
0
0
0
0
0
0
0
0
0
0
0
0
0
0
0
0
0
0
0
0
0
0
0
0
0
0
0
0
0
0
0
0
0
0
0
0
0
0
0
0
0
0
0
0
0
0
0
0
0
0
0
0
0
0
0
0
0
0
0
0
0
0
0
0
0
0
0
0
0
0
0
0
0
0
0
0
0
0
0
0
0
0
0
0
0
0
0
0
0
0
0
0
0
0
0
0
0
0
0
0
0
0
0
0
0
0
0
0
0
0
0
0
0
0
0
0
0
0
0
0
0
0
0
0
0
0
0
0
0
0
0
0
0
0
0
0
0
0
0
0
0
0
0
0
0
0
0
0
0
0
0
0
0
0
0
0
0
0
0
0
0
0
0
0
0
0
0
0
0
0
0
0
0
0
0
0
0
0
0
0
0
0
0
0
0
0
0
0
0
0
0
0
0
0
0
0
0
0
0
0
0
0
0
0
0
0
0
0
0
0
0
0
0
0
0
0
0
0
0
0
0
0
0
0
0
0
0
0
0
0
0
0
0
0
0
0
0
0
0
0
0
0
0
0
0
0
0
0
0
0
0
0
0
0
0
0
0
0
0
0
0
0
0
0
0
0
0
0
0
0
0
0
0
0
0
0
0
0
0
0
0
0
0
0
0
0
0
0
0
0
0
0
0
0
0
0
0
0
0
0
0
0
0
0
0
0
0
0
0
0
0
0
0
0
0
0
0
0
0
0
0
0
0
0
0
0
0
0
0
0
0
0
0
0
0
0
0
0
0
0
0
0
0
0
0
0
0
0
0
0
0
0
0
0
0
0
0
0
0
0
0
0
0
0
0
0
0
0
0
0
0
0
0
0
0
0
0
0
0
0
0
0
0
0
0
0
0
0
0
0
0
0
0
0
0
0
0
0
0
0
0
0
0
0
0
0
0
0
0
0
0
0
0
0
0
0
0
0
0
0
0
0
0
0
0
0
0
0
0
0
0
0
0
0
0
0
0
0
0
0
0
0
0
0
0
0
0
0
0
0
0
0
0
0
0
0
0
0
0
0
0
0
0
0
0
0
0
0
0
0
0
0
0
0
0
0
0
0
0
0
0
0
0
0
0
0
0
0
0
0
0
0
0
0
0
0
0
0
0
0
0
0
0
0
0
0
0
0
0
0
0
0
0
0
0
0
0
0
0
0
0
0
0
0
0
0
0
0
0
0
0
0
0
0
0
0
0
0
0
0
0
0
0
0
0
0
0
0
0
0
0
0
0
0
0
0
0
0
0
0
0
0
0
0
0
0
0
0
0
0
0
0
0
0
0
0
0
0
0
0
0
0
0
0
0
0
0
0
0
0
0
0
0
0
0
0
0
0
0
0
0
0
0
0
0
0
0
0
0
0
0
0
0
0
0
0
0
0
0
0
0
0
0
0
0
0
0
0
0
0
0
0
0
0
0
0
0
0
0
0
0
0
0
0
0
0
0
0
0
0
0
0
0
0
0
0
0
0
0
0
0
0
0
0
0
0
0
0
0
0
0
0
0
0
0
0
0
0
0
0
0
0
0
0
0
0
0
0
0
0
0
0
0
0
0
0
0
0
0
0
0
0
0
0
0
0
0
0
0
0
0
0
0
0
0
0
0
0
0
0
0
0
0
0
0
0
0
0
0
0
0
0
0
0
0
0
0
0
0
0
0
0
0
0
0
0
0
0
0
0
0
0
0
0
0
0
0
0
0
0
0
0
0
0
0
0
0
0
0
0
0
0
0
0
0
0
0
0
0
0
0
0
0
0
0
0
0
0
0
0
0
0
0
0
0
0
0
0
0
0
0
0
0
0
0
0
0
0
0
0
0
0
0
0
0
0
0
0
0
0
0
0
0
0
0
0
0
0
0
0
0
0
0
0
0
0
0
0
0
0
0
0
0
0
0
0
0
0
0
0
0
0
0
0
0
0
0
0
0
0
0
0
0
0
0
0
0
0
0
0
0
0
0
0
0
0
0
0
0
0
0
0
0
0
0
0
0
0
0
0
0
0
0
0
0
0
0
0
0
0
0
0
0
0
0
0
0
0
0
0
0
0
0
0
0
0
0
0
0
0
0
0
0
0
0
0
0
0
0
0
0
0
0
0
0
0
0
0
0
0
0
0
0
0
0
0
0
0
0
0
0
0
0
0
0
0
0
0
0
0
0
0
0
0
0
0
0
0
0
0
0
0
0
0
0
0
0
0
0
0
0
0
0
0
0
0
0
0
0
0
0
0
0
0
0
0
0
0
0
0
0
0
0
0
0
0
0
0
0
0
0
0
0
0
0
0
0
0
0
0
0
0
0
0
0
0
0
0
0
0
0
0
0
0
0
0
0
0
0
0
0
0
0
0
0
0
0
0
0
0
0
0
0
0
0
0
0
0
0
0
0
0
0
0
0
0
0
0
0
0
0
0
0
0
0
0
0
0
0
0
0
0
0
0
0
0
0
0
0
0
0
0
0
0
0
0
0
0
0
0
0
0
0
0
0
0
0
0
0
0
0
0
0
0
0
0
0
0
0
0
0
0
0
0
0
0
0
0
0
0
0
0
0
0
0
0
0
0
0
0
0
0
0
0
0
0
0
0
0
0
0
0
0
0
0
0
0
0
0
0
0
0
0
0
0
0
0
0
0
0
0
0
0
0
0
0
0
0
0
0
0
0
0
0
0
0
0
0
0
0
0
0
0
0
0
0
0
0
0
0
0
0
0
0
0
0
0
0
0
0
0
0
0
0
0
0
0
0
0
0
0
0
0
0
0
0
0
0
0
0
0
0
0
0
0
0
0
0
0
0
0
0
0
0
0
0
0
0
0
0
0
0
0
0
0
0
0
0
0
0
0
0
0
0
0
0
0
0
0
0
0
0
0
0
0
0
0
0
0
0
0
0
0
0
0
0
0
0
0
0
0
0
0
0
0
0
0
0
0
0
0
0
0
0
0
0
0
0
0
0
0
0
0
0
0
0
0
0
0
0
0
0
0
0
0
0
0
0
0
0
0
0
0
0
0
0
0
0
0
0
0
0
0
0
0
0
0
0
0
0
0
0
0
0
0
0
0
0
0
0
0
0
0
0
0
0
0
0
0
0
0
0
0
0
0
0
0
0
0
0
0
0
0
0
0
0
0
0
0
0
0
0
0
0
0
0
0
0
0
0
0
0
0
0
0
0
0
0
0
0
0
0
0
0
0
0
0
0
0
0
0
0
0
0
0
0
0
0
0
0
0
0
0
0
0
0
0
0
0
0
0
0
0
0
0
0
0
0
0
0
0
0
0
0
0
0
0
0
0
0
0
0
0
0
0
0
0
0
0
0
0
0
0
0
0
0
0
0
0
0
0
0
0
0
0
0
0
0
0
0
0
0
0
0
0
0
0
0
0
0
0
0
0
0
0
0
0
0
0
0
0
0
0
0
0
0
0
0
0
0
0
0
0
0
0
0
0
0
0
0
0
0
0
0
0
0
0
0
0
0
0
0
0
0
0
0
0
0
0
0
0
0
0
0
0
0
0
0
0
0
0
0
0
0
0
0
0
0
0
0
0
0
0
0
0
0
0
0
0
0
0
0
0
0
0
0
0
0
0
0
0
0
0
0
0
0
0
0
0
0
0
0
0
0
0
0
0
0
0
0
0
0
0
0
0
0
0
0
0
0
0
0
0
0
0
0
0
0
0
0
0
0
0
0
0
0
0
0
0
0
0
0
0
0
0
0
0
0
0
0
0
0
0
0
0
0
0
0
0
0
0
0
0
0
0
0
0
0
0
0
0
0
0
0
0
0
0
0
0
0
0
0
0
0
0
0
0
0
0
0
0
0
0
0
0
0
0
0
0
0
0
0
0
0
0
0
0
0
0
0
0
0
0
0
0
0
0
0
0
0
0
0
0
0
0
0
0
0
0
0
0
0
0
0
0
0
0
0
0
0
0
0
0
0
0
0
0
0
0
0
0
0
0
0
0
0
0
0
0
0
0
0
0
0
0
0
0
0
0
0
0
0
0
0
0
0
0
0
0
0
0
0
0
0
0
0
0
0
0
0
0
0
0
0
0
0
0
0
0
0
0
0
0
0
0
0
0
0
0
0
0
0
0
0
0
0
0
0
0
0
0
0
0
0
0
0
0
0
0
0
0
0
0
0
0
0
0
0
0
0
0
0
0
0
0
0
0
0
0
0
0
0
0
0
0
0
0
0
0
0
0
0
0
0
0
0
0
0
0
0
0
0
0
0
0
0
0
0
0
0
0
0
0
0
0
0
0
0
0
0
0
0
0
0
0
0
0
0
0
0
0
0
0
0
0
0
0
0
0
0
0
0
0
0
0
0
0
0
0
0
0
0
0
0
0
0
0
0
0
0
0
0
0
0
0
0
0
0
0
0
0
0
0
0
0
0
0
0
0
0
0
0
0
0
0
0
0
0
0
0
0
0
0
0
0
0
0
0
0
0
0
0
0
0
0
0
0
0
0
0
0
0
0
0
0
0
0
0
0
0
0
0
0
0
0
0
0
0
0
0
0
0
0
0
0
0
0
0
0
0
0
0
0
0
0
0
0
0
0
0
0
0
0
0
0
0
0
0
0
0
0
0
0
0
0
0
0
0
0
0
0
0
0
0
0
0
0
0
0
0
0
0
0
0
0
0
0
0
0
0
0
0
0
0
0
0
0
0
0
0
0
0
0
0
0
0
0
0
0
0
0
0
0
0
0
0
0
0
0
0
0
0
0
0
0
0
0
0
0
0
0
0
0
0
0
0
0
0
0
0
0
0
0
0
0
0
0
0
0
0
0
0
0
0
0
0
0
0
0
0
0
0
0
0
0
0
0
0
0
0
0
0
0
0
0
0
0
0
0
0
0
0
0
0
0
0
0
0
0
0
0
0
0
0
0
0
0
0
0
0
0
0
0
0
0
0
0
0
0
0
0
0
0
0
0
0
0
0
0
0
0
0
0
0
0
0
0
0
0
0
0
0
0
0
0
0
0
0
0
0
0
0
0
0
0
0
0
0
0
0
0
0
0
0
0
0
0
0
0
0
0
0
0
0
0
0
0
0
0
0
0
0
0
0
0
0
0
0
0
0
0
0
0
0
0
0
0
0
0
0
0
0
0
0
0
0
0
0
0
0
0
0
0
0
0
0
0
0
0
0
0
0
0
0
0
0
0
0
0
0
0
0
0
0
0
0
0
0
0
0
0
0
0
0
0
0
0
0
0
0
0
0
0
0
0
0
0
0
0
0
0
0
0
0
0
0
0
0
0
0
0
0
0
0
0
0
0
0
0
0
0
0
0
0
0
0
0
0
0
0
0
0
0
0
0
0
0
0
0
0
0
0
0
0
0
0
0
0
0
0
0
0
0
0
0
0
0
0
0
0
0
0
0
0
0
0
0
0
0
0
0
0
0
0
0
0
0
0
0
0
0
0
0
0
0
0
0
0
0
0
0
0
0
0
0
0
0
0
0
0
0
0
0
0
0
0
0
0
0
0
0
0
0
0
0
0
0
0
0
0
0
0
0
0
0
0
0
0
0
0
0
0
0
0
0
0
0
0
0
0
0
0
0
0
0
0
0
0
0
0
0
0
0
0
0
0
0
0
0
0
0
0
0
0
0
0
0
0
0
0
0
0
0
0
0
0
0
0
0
0
0
0
0
0
0
0
0
0
0
0
0
0
0
0
0
0
0
0
0
0
0
0
0
0
0
0
0
0
0
0
0
0
0
0
0
0
0
0
0
0
0
0
0
0
0
0
0
0
0
0
0
0
0
0
0
0
0
0
0
0
0
0
0
0
0
0
0
0
0
0
0
0
0
0
0
0
0
0
0
0
0
0
0
0
0
0
0
0
0
0
0
0
0
0
0
0
0
0
0
0
0
0
0
0
0
0
0
0
0
0
0
0
0
0
0
0
0
0
0
0
0
0
0
0
0
0
0
0
0
0
0
0
0
0
0
0
0
0
0
0
0
0
0
0
0
0
0
0
0
0
0
0
0
0
0
0
0
0
0
0
0
0
0
0
0
0
0
0
0
0
0
0
0
0
0
0
0
0
0
0
0
0
0
0
0
0
0
0
0
0
0
0
0
0
0
0
0
0
0
0
0
0
0
0
0
0
0
0
0
0
0
0
0
0
0
0
0
0
0
0
0
0
0
0
0
0
0
0
0
0
0
0
0
0
0
0
0
0
0
0
0
0
0
0
0
0
0
0
0
0
0
0
0
0
0
0
0
0
0
0
0
0
0
0
0
0
0
0
0
0
0
0
0
0
0
0
0
0
0
0
0
0
0
0
0
0
0
0
0
0
0
0
0
0
0
0
0
0
0
0
0
0
0
0
0
0
0
0
0
0
0
0
0
0
0
0
0
0
0
0
0
0
0
0
0
0
0
0
0
0
0
0
0
0
0
0
0
0
0
0
0
0
0
0
0
0
0
0
0
0
0
0
0
0
0
0
0
0
0
0
0
0
0
0
0
0
0
0
0
0
0
0
0
0
0
0
0
0
0
0
0
0
0
0
0
0
0
0
0
0
0
0
0
0
0
0
0
0
0
0
0
0
0
0
0
0
0
0
0
0
0
0
0
0
0
0
0
0
0
0
0
0
0
0
0
0
0
0
0
0
0
0
0
0
0
0
0
0
0
0
0
0
0
0
0
0
0
0
0
0
0
0
0
0
0
0
0
0
0
0
0
0
0
0
0
0
0
0
0
0
0
0
0
0
0
0
0
0
0
0
0
0
0
0
0
0
0
0
0
0
0
0
0
0
0
0
0
0
0
0
0
0
0
0
0
0
0
0
0
0
0
0
0
0
0
0
0
0
0
0
0
0
0
0
0
0
0
0
0
0
0
0
0
0
0
0
0
0
0
0
0
0
0
0
0
0
0
0
0
0
0
0
0
0
0
0
0
0
0
0
0
0
0
0
0
0
0
0
0
0
0
0
0
0
0
0
0
0
0
0
0
0
0
0
0
0
0
0
0
0
0
0
0
0
0
0
0
0
0
0
0
0
0
0
0
0
0
0
0
0
0
0
0
0
0
0
0
0
0
0
0
0
0
0
0
0
0
0
0
0
0
0
0
0
0
0
0
0
0
0
0
0
0
0
0
0
0
0
0
0
0
0
0
0
0
0
0
0
0
0
0
0
0
0
0
0
0
0
0
0
0
0
0
0
0
0
0
0
0
0
0
0
0
0
0
0
0
0
0
0
0
0
0
0
0
0
0
0
0
0
0
0
0
0
0
0
0
0
0
0
0
0
0
0
0
0
0
0
0
0
0
0
0
0
0
0
0
0
0
0
0
0
0
0
0
0
0
0
0
0
0
0
0
0
0
0
0
0
0
0
0
0
0
0
0
0
0
0
0
0
0
0
0
0
0
0
0
0
0
0
0
0
0
0
0
0
0
0
0
0
0
0
0
0
0
0
0
0
0
0
0
0
0
0
0
0
0
0
0
0
0
0
0
0
0
0
0
0
0
0
0
0
0
0
0
0
0
0
0
0
0
0
0
0
0
0
0
0
0
0
0
0
0
0
0
0
0
0
0
0
0
0
0
0
0
0
0
0
0
0
0
0
0
0
0
0
0
0
0
0
0
0
0
0
0
0
0
0
0
0
0
0
0
0
0
0
0
0
0
0
0
0
0
0
0
0
0
0
0
0
0
0
0
0
0
0
0
0
0
0
0
0
0
0
0
0
0
0
0
0
0
0
0
0
0
0
0
0
0
0
0
0
0
0
0
0
0
0
0
0
0
0
0
0
0
0
0
0
0
0
0
0
0
0
0
0
0
0
0
0
0
0
0
0
0
0
0
0
0
0
0
0
0
0
0
0
0
0
0
0
0
0
0
0
0
0
0
0
0
0
0
0
0
0
0
0
0
0
0
0
0
0
0
0
0
0
0
0
0
0
0
0
0
0
0
0
0
0
0
0
0
0
0
0
0
0
0
0
0
0
0
0
0
0
0
0
0
0
0
0
0
0
0
0
0
0
0
0
0
0
0
0
0
0
0
0
0
0
0
0
0
0
0
0
0
0
0
0
0
0
0
0
0
0
0
0
0
0
0
0
0
0
0
0
0
0
0
0
0
0
0
0
0
0
0
0
0
0
0
0
0
0
0
0
0
0
0
0
0
0
0
0
0
0
0
0
0
0
0
0
0
0
0
0
0
0
0
0
0
0
0
0
0
0
0
0
0
0
0
0
0
0
0
0
0
0
0
0
0
0
0
0
0
0
0
0
0
0
0
0
0
0
0
0
0
0
0
0
0
0
0
0
0
0
0
0
0
0
0
0
0
0
0
0
0
0
0
0
0
0
0
0
0
0
0
0
0
0
0
0
0
0
0
0
0
0
0
0
0
0
0
0
0
0
0
0
0
0
0
0
0
0
0
0
0
0
0
0
0
0
0
0
0
0
0
0
0
0
0
0
0
0
0
0
0
0
0
0
0
0
0
0
0
0
0
0
0
0
0
0
0
0
0
0
0
0
0
0
0
0
0
0
0
0
0
0
0
0
0
0
0
0
0
0
0
0
0
0
0
0
0
0
0
0
0
0
0
0
0
0
0
0
0
0
0
0
0
0
0
0
0
0
0
0
0
0
0
0
0
0
0
0
0
0
0
0
0
0
0
0
0
0
0
0
0
0
0
0
0
0
0
0
0
0
0
0
0
0
0
0
0
0
0
0
0
0
0
0
0
0
0
0
0
0
0
0
0
0
0
0
0
0
0
0
0
0
0
0
0
0
0
0
0
0
0
0
0
0
0
0
0
0
0
0
0
0
0
0
0
0
0
0
0
0
0
0
0
0
0
0
0
0
0
0
0
0
0
0
0
0
0
0
0
0
0
0
0
0
0
0
0
0
0
0
0
0
0
0
0
0
0
0
0
0
0
0
0
0
0
0
0
0
0
0
0
0
0
0
0
0
0
0
0
0
0
0
0
0
0
0
0
0
0
0
0
0
0
0
0
0
0
0
0
0
0
0
0
0
0
0
0
0
0
0
0
0
0
0
0
0
0
0
0
0
0
0
0
0
0
0
0
0
0
0
0
0
0
0
0
0
0
0
0
0
0
0
0
0
0
0
0
0
0
0
0
0
0
0
0
0
0
0
0
0
0
0
0
0
0
0
0
0
0
0
0
0
0
0
0
0
0
0
0
0
0
0
0
0
0
0
0
0
0
0
0
0
0
0
0
0
0
0
0
0
0
0
0
0
0
0
0
0
0
0
0
0
0
0
0
0
0
0
0
0
0
0
0
0
0
0
0
0
0
0
0
0
0
0
0
0
0
0
0
0
0
0
0
0
0
0
0
0
0
0
0
0
0
0
0
0
0
0
0
0
0
0
0
0
0
0
0
0
0
0
0
0
0
0
0
0
0
0
0
0
0
0
0
0
0
0
0
0
0
0
0
0
0
0
0
0
0
0
0
0
0
0
0
0
0
0
0
0
0
0
0
0
0
0
0
0
0
0
0
0
0
0
0
0
0
0
0
0
0
0
0
0
0
0
0
0
0
0
0
0
0
0
0
0
0
0
0
0
0
0
0
0
0
0
0
0
0
0
0
0
0
0
0
0
0
0
0
0
0
0
0
0
0
0
0
0
0
0
0
0
0
0
0
0
0
0
0
0
0
0
0
0
0
0
0
0
0
0
0
0
0
0
0
0
0
0
0
0
0
0
0
0
0
0
0
0
0
0
0
0
0
0
0
0
0
0
0
0
0
0
0
0
0
0
0
0
0
